[32.0, 80.0, 749.0, 618.0]
[48.0, 176.0, 766.0, 714.0]
[112.0, 96.0, 831.0, 635.0]
[80.0, 128.0, 800.0, 668.0]
[176.0, 144.0, 897.0, 685.0]
[192.0, 96.0, 914.0, 638.0]
[160.0, 128.0, 883.0, 670.0]
[64.0, 176.0, 788.0, 719.0]
[144.0, 160.0, 869.0, 704.0]
[112.0, 80.0, 838.0, 624.0]
[144.0, 80.0, 871.0, 625.0]
[192.0, 128.0, 920.0, 674.0]
[160.0, 112.0, 889.0, 659.0]
[128.0, 80.0, 858.0, 628.0]
[176.0, 112.0, 907.0, 660.0]
[144.0, 176.0, 876.0, 725.0]
[32.0, 112.0, 765.0, 662.0]
[144.0, 144.0, 878.0, 694.0]
[16.0, 128.0, 751.0, 679.0]
[128.0, 160.0, 864.0, 712.0]
[64.0, 64.0, 801.0, 617.0]
[128.0, 160.0, 866.0, 714.0]
[144.0, 112.0, 883.0, 666.0]
[48.0, 112.0, 788.0, 667.0]
[160.0, 80.0, 901.0, 636.0]
[128.0, 80.0, 870.0, 636.0]
[112.0, 112.0, 855.0, 669.0]
[0.0, 144.0, 744.0, 702.0]
[64.0, 144.0, 809.0, 703.0]
[80.0, 144.0, 826.0, 704.0]
[128.0, 112.0, 875.0, 672.0]
[160.0, 96.0, 908.0, 657.0]
[160.0, 64.0, 909.0, 626.0]
[160.0, 144.0, 910.0, 706.0]
[128.0, 128.0, 879.0, 691.0]
[112.0, 112.0, 864.0, 676.0]
[80.0, 64.0, 833.0, 629.0]
[176.0, 96.0, 930.0, 662.0]
[192.0, 112.0, 947.0, 678.0]
[144.0, 64.0, 900.0, 631.0]
[144.0, 80.0, 901.0, 648.0]
[96.0, 96.0, 854.0, 664.0]
[16.0, 96.0, 775.0, 665.0]
[32.0, 64.0, 792.0, 634.0]
[176.0, 80.0, 937.0, 651.0]
[160.0, 144.0, 922.0, 716.0]
[96.0, 48.0, 859.0, 620.0]
[32.0, 64.0, 796.0, 637.0]
[112.0, 96.0, 877.0, 670.0]
[64.0, 112.0, 830.0, 686.0]
[112.0, 144.0, 879.0, 719.0]
[96.0, 96.0, 864.0, 672.0]
[176.0, 128.0, 945.0, 705.0]
[32.0, 80.0, 802.0, 658.0]
[32.0, 64.0, 803.0, 642.0]
[0.0, 112.0, 772.0, 691.0]
[48.0, 112.0, 821.0, 692.0]
[160.0, 64.0, 934.0, 644.0]
[112.0, 112.0, 887.0, 693.0]
[160.0, 144.0, 936.0, 726.0]
[64.0, 64.0, 841.0, 647.0]
[160.0, 64.0, 938.0, 648.0]
[0.0, 128.0, 779.0, 712.0]
[208.0, 112.0, 988.0, 697.0]
[64.0, 128.0, 845.0, 714.0]
[96.0, 112.0, 878.0, 698.0]
[96.0, 64.0, 879.0, 651.0]
[128.0, 48.0, 912.0, 636.0]
[80.0, 64.0, 865.0, 653.0]
[128.0, 32.0, 914.0, 622.0]
[192.0, 112.0, 979.0, 702.0]
[80.0, 128.0, 868.0, 719.0]
[96.0, 32.0, 885.0, 624.0]
[0.0, 96.0, 790.0, 688.0]
[160.0, 96.0, 951.0, 689.0]
[48.0, 128.0, 840.0, 722.0]
[32.0, 80.0, 825.0, 675.0]
[160.0, 128.0, 954.0, 724.0]
[0.0, 80.0, 795.0, 676.0]
[64.0, 128.0, 860.0, 725.0]
[0.0, 48.0, 797.0, 646.0]
[64.0, 32.0, 862.0, 630.0]
[128.0, 64.0, 927.0, 663.0]
[32.0, 80.0, 832.0, 680.0]
[80.0, 112.0, 881.0, 713.0]
[48.0, 48.0, 850.0, 650.0]
[112.0, 48.0, 915.0, 650.0]
[80.0, 64.0, 884.0, 667.0]
[0.0, 96.0, 805.0, 700.0]
[144.0, 48.0, 950.0, 652.0]
[16.0, 64.0, 823.0, 669.0]
[48.0, 0.0, 856.0, 606.0]
[64.0, 96.0, 873.0, 703.0]
[160.0, 48.0, 970.0, 656.0]
[80.0, 16.0, 891.0, 624.0]
[112.0, 112.0, 924.0, 721.0]
[32.0, 32.0, 845.0, 642.0]
[48.0, 96.0, 862.0, 706.0]
[144.0, 112.0, 959.0, 723.0]
[64.0, 16.0, 880.0, 628.0]
[80.0, 32.0, 897.0, 645.0]
[16.0, 64.0, 834.0, 678.0]
[112.0, 32.0, 931.0, 646.0]
[16.0, 48.0, 836.0, 663.0]
[64.0, 64.0, 885.0, 680.0]
[112.0, 32.0, 934.0, 648.0]
[112.0, 96.0, 935.0, 713.0]
[144.0, 96.0, 968.0, 714.0]
[32.0, 32.0, 857.0, 651.0]
[128.0, 64.0, 954.0, 684.0]
[80.0, 64.0, 907.0, 684.0]
[80.0, 48.0, 908.0, 669.0]
[96.0, 48.0, 925.0, 670.0]
[32.0, 32.0, 862.0, 654.0]
[48.0, 32.0, 879.0, 655.0]
[192.0, 80.0, 1024.0, 704.0]
[80.0, 80.0, 913.0, 705.0]
[16.0, 0.0, 850.0, 626.0]
[64.0, 64.0, 899.0, 690.0]
[48.0, 80.0, 884.0, 707.0]
[32.0, 96.0, 869.0, 724.0]
[0.0, 64.0, 838.0, 692.0]
[32.0, 64.0, 871.0, 693.0]
[48.0, 96.0, 888.0, 726.0]
[16.0, 48.0, 857.0, 679.0]
[96.0, 32.0, 938.0, 664.0]
[160.0, 64.0, 1003.0, 696.0]
[112.0, 16.0, 956.0, 649.0]
[112.0, 32.0, 957.0, 666.0]
[80.0, 16.0, 926.0, 650.0]
[80.0, 16.0, 927.0, 651.0]
[128.0, 80.0, 976.0, 716.0]
[112.0, 48.0, 961.0, 685.0]
[160.0, 64.0, 1010.0, 702.0]
[16.0, 32.0, 867.0, 670.0]
[160.0, 80.0, 1012.0, 719.0]
[16.0, 0.0, 869.0, 640.0]
[48.0, 0.0, 902.0, 640.0]
[32.0, 64.0, 887.0, 705.0]
[0.0, 48.0, 856.0, 690.0]
[128.0, 32.0, 985.0, 675.0]
[48.0, 16.0, 906.0, 660.0]
[160.0, 64.0, 1019.0, 708.0]
[32.0, 16.0, 892.0, 661.0]
[80.0, 64.0, 941.0, 710.0]
[80.0, 48.0, 942.0, 694.0]
[48.0, 48.0, 911.0, 695.0]
[112.0, 16.0, 976.0, 664.0]
[80.0, 32.0, 945.0, 681.0]
[48.0, 48.0, 914.0, 698.0]
[64.0, 64.0, 931.0, 714.0]
[96.0, 32.0, 964.0, 683.0]
[32.0, 48.0, 901.0, 700.0]
[96.0, 0.0, 966.0, 652.0]
[96.0, 64.0, 967.0, 717.0]
[96.0, 64.0, 968.0, 718.0]
[96.0, 48.0, 969.0, 703.0]
[0.0, 64.0, 874.0, 720.0]
[96.0, 16.0, 971.0, 672.0]
[128.0, 48.0, 1004.0, 705.0]
[128.0, 48.0, 1005.0, 706.0]
[64.0, 64.0, 942.0, 722.0]
[16.0, 16.0, 895.0, 675.0]
[16.0, 64.0, 896.0, 724.0]
[80.0, 0.0, 961.0, 661.0]
[16.0, 32.0, 898.0, 694.0]
[96.0, 32.0, 979.0, 694.0]
[48.0, 0.0, 932.0, 663.0]
[48.0, 32.0, 933.0, 696.0]
[96.0, 0.0, 982.0, 664.0]
[64.0, 0.0, 951.0, 665.0]
[0.0, 32.0, 888.0, 698.0]
[112.0, 48.0, 1001.0, 715.0]
[48.0, 16.0, 938.0, 684.0]
[32.0, 48.0, 923.0, 716.0]
[16.0, 16.0, 908.0, 685.0]
[80.0, 0.0, 973.0, 670.0]
[112.0, 32.0, 1006.0, 702.0]
[16.0, 32.0, 911.0, 703.0]
[32.0, 48.0, 928.0, 720.0]
[32.0, 0.0, 929.0, 673.0]
[32.0, 32.0, 930.0, 706.0]
[0.0, 48.0, 899.0, 722.0]
[112.0, 32.0, 1012.0, 707.0]
[96.0, 16.0, 997.0, 692.0]
[80.0, 16.0, 982.0, 692.0]
[64.0, 48.0, 967.0, 725.0]
[80.0, 16.0, 984.0, 694.0]
[32.0, 48.0, 937.0, 727.0]
[32.0, 0.0, 938.0, 680.0]
[48.0, 16.0, 955.0, 696.0]
[32.0, 16.0, 940.0, 697.0]
[96.0, 0.0, 1005.0, 682.0]
[64.0, 16.0, 974.0, 698.0]
[96.0, 0.0, 1007.0, 683.0]
[80.0, 16.0, 992.0, 700.0]
[16.0, 0.0, 929.0, 685.0]
[64.0, 16.0, 978.0, 702.0]
[48.0, 0.0, 963.0, 686.0]
[32.0, 0.0, 948.0, 687.0]
[96.0, 0.0, 1013.0, 688.0]
[80.0, 32.0, 998.0, 720.0]
[32.0, 16.0, 951.0, 705.0]
[80.0, 16.0, 1000.0, 706.0]
[64.0, 32.0, 985.0, 723.0]
[16.0, 16.0, 938.0, 708.0]
[96.0, 32.0, 1019.0, 724.0]
[80.0, 16.0, 1004.0, 709.0]
[64.0, 0.0, 989.0, 694.0]
[0.0, 16.0, 926.0, 710.0]
[96.0, 32.0, 1023.0, 727.0]
[80.0, 16.0, 1008.0, 712.0]
[64.0, 0.0, 993.0, 697.0]
[80.0, 16.0, 1010.0, 714.0]
[48.0, 16.0, 979.0, 714.0]
[48.0, 16.0, 980.0, 715.0]
[16.0, 16.0, 949.0, 716.0]
[64.0, 0.0, 998.0, 700.0]
[48.0, 16.0, 983.0, 717.0]
[16.0, 16.0, 952.0, 718.0]
[16.0, 0.0, 953.0, 703.0]
[80.0, 0.0, 1018.0, 704.0]
[64.0, 0.0, 1003.0, 704.0]
[48.0, 0.0, 988.0, 705.0]
[64.0, 16.0, 1005.0, 722.0]
[16.0, 0.0, 958.0, 706.0]
[48.0, 16.0, 991.0, 723.0]
[32.0, 0.0, 976.0, 708.0]
[16.0, 0.0, 961.0, 709.0]
[64.0, 0.0, 1010.0, 710.0]
[16.0, 16.0, 963.0, 726.0]
[16.0, 0.0, 964.0, 711.0]
[48.0, 0.0, 997.0, 712.0]
[48.0, 0.0, 998.0, 712.0]
[48.0, 0.0, 999.0, 713.0]
[0.0, 0.0, 952.0, 714.0]
[48.0, 0.0, 1001.0, 715.0]
[32.0, 0.0, 986.0, 716.0]
[48.0, 0.0, 1003.0, 716.0]
[0.0, 0.0, 956.0, 717.0]
[64.0, 0.0, 1021.0, 718.0]
[32.0, 0.0, 990.0, 718.0]
[32.0, 0.0, 991.0, 719.0]
[64.0, 0.0, 1024.0, 720.0]
[32.0, 0.0, 993.0, 721.0]
[0.0, 0.0, 962.0, 722.0]
[16.0, 0.0, 979.0, 722.0]
[48.0, 0.0, 1012.0, 723.0]
[16.0, 0.0, 981.0, 724.0]
[32.0, 0.0, 998.0, 724.0]
[0.0, 0.0, 967.0, 725.0]
[48.0, 0.0, 1016.0, 726.0]
[48.0, 0.0, 1017.0, 727.0]
