[128.0, 16.0, 845.0, 554.0]
[80.0, 0.0, 798.0, 538.0]
[176.0, 32.0, 895.0, 571.0]
[48.0, 96.0, 768.0, 636.0]
[160.0, 16.0, 881.0, 557.0]
[0.0, 32.0, 722.0, 574.0]
[96.0, 16.0, 819.0, 558.0]
[112.0, 64.0, 836.0, 607.0]
[144.0, 32.0, 869.0, 576.0]
[64.0, 16.0, 790.0, 560.0]
[208.0, 64.0, 935.0, 609.0]
[48.0, 80.0, 776.0, 626.0]
[64.0, 16.0, 793.0, 563.0]
[64.0, 48.0, 794.0, 596.0]
[224.0, 48.0, 955.0, 596.0]
[128.0, 64.0, 860.0, 613.0]
[144.0, 0.0, 877.0, 550.0]
[96.0, 96.0, 830.0, 646.0]
[192.0, 64.0, 927.0, 615.0]
[96.0, 48.0, 832.0, 600.0]
[128.0, 0.0, 865.0, 553.0]
[128.0, 64.0, 866.0, 618.0]
[32.0, 48.0, 771.0, 602.0]
[64.0, 64.0, 804.0, 619.0]
[160.0, 96.0, 901.0, 652.0]
[160.0, 0.0, 902.0, 556.0]
[208.0, 32.0, 951.0, 589.0]
[144.0, 48.0, 888.0, 606.0]
[64.0, 64.0, 809.0, 623.0]
[0.0, 64.0, 746.0, 624.0]
[32.0, 64.0, 779.0, 624.0]
[128.0, 16.0, 876.0, 577.0]
[128.0, 96.0, 877.0, 658.0]
[32.0, 32.0, 782.0, 594.0]
[96.0, 64.0, 847.0, 627.0]
[32.0, 0.0, 784.0, 564.0]
[16.0, 64.0, 769.0, 629.0]
[48.0, 64.0, 802.0, 630.0]
[16.0, 64.0, 771.0, 630.0]
[208.0, 16.0, 964.0, 583.0]
[64.0, 32.0, 821.0, 600.0]
[0.0, 32.0, 758.0, 600.0]
[96.0, 64.0, 855.0, 633.0]
[0.0, 0.0, 760.0, 570.0]
[16.0, 64.0, 777.0, 635.0]
[96.0, 32.0, 858.0, 604.0]
[80.0, 80.0, 843.0, 652.0]
[48.0, 48.0, 812.0, 621.0]
[32.0, 48.0, 797.0, 622.0]
[192.0, 48.0, 958.0, 622.0]
[80.0, 0.0, 847.0, 575.0]
[64.0, 96.0, 832.0, 672.0]
[48.0, 80.0, 817.0, 657.0]
[0.0, 48.0, 770.0, 626.0]
[112.0, 96.0, 883.0, 674.0]
[48.0, 16.0, 820.0, 595.0]
[112.0, 0.0, 885.0, 580.0]
[32.0, 0.0, 806.0, 580.0]
[64.0, 80.0, 839.0, 661.0]
[80.0, 0.0, 856.0, 582.0]
[160.0, 16.0, 937.0, 599.0]
[112.0, 0.0, 890.0, 584.0]
[48.0, 64.0, 827.0, 648.0]
[48.0, 0.0, 828.0, 585.0]
[48.0, 80.0, 829.0, 666.0]
[128.0, 0.0, 910.0, 586.0]
[32.0, 96.0, 815.0, 683.0]
[0.0, 0.0, 784.0, 588.0]
[64.0, 32.0, 849.0, 621.0]
[32.0, 96.0, 818.0, 686.0]
[96.0, 0.0, 883.0, 590.0]
[0.0, 32.0, 788.0, 623.0]
[160.0, 64.0, 949.0, 656.0]
[96.0, 80.0, 886.0, 672.0]
[96.0, 32.0, 887.0, 625.0]
[64.0, 80.0, 856.0, 674.0]
[96.0, 32.0, 889.0, 627.0]
[80.0, 32.0, 874.0, 628.0]
[96.0, 0.0, 891.0, 596.0]
[144.0, 16.0, 940.0, 613.0]
[112.0, 96.0, 909.0, 694.0]
[160.0, 0.0, 958.0, 598.0]
[96.0, 48.0, 895.0, 647.0]
[32.0, 80.0, 832.0, 680.0]
[144.0, 32.0, 945.0, 633.0]
[16.0, 48.0, 818.0, 650.0]
[112.0, 0.0, 915.0, 602.0]
[16.0, 64.0, 820.0, 667.0]
[80.0, 80.0, 885.0, 684.0]
[80.0, 48.0, 886.0, 652.0]
[192.0, 0.0, 999.0, 605.0]
[192.0, 16.0, 1000.0, 622.0]
[32.0, 96.0, 841.0, 703.0]
[96.0, 96.0, 906.0, 704.0]
[144.0, 16.0, 955.0, 624.0]
[96.0, 16.0, 908.0, 625.0]
[16.0, 48.0, 829.0, 658.0]
[0.0, 80.0, 814.0, 690.0]
[144.0, 0.0, 959.0, 611.0]
[160.0, 16.0, 976.0, 628.0]
[160.0, 0.0, 977.0, 613.0]
[16.0, 0.0, 834.0, 614.0]
[112.0, 0.0, 931.0, 614.0]
[96.0, 64.0, 916.0, 679.0]
[80.0, 16.0, 901.0, 632.0]
[16.0, 48.0, 838.0, 664.0]
[112.0, 0.0, 935.0, 617.0]
[32.0, 32.0, 856.0, 650.0]
[16.0, 64.0, 841.0, 683.0]
[160.0, 0.0, 986.0, 620.0]
[144.0, 48.0, 971.0, 668.0]
[64.0, 48.0, 892.0, 669.0]
[64.0, 96.0, 893.0, 718.0]
[80.0, 64.0, 910.0, 686.0]
[48.0, 16.0, 879.0, 639.0]
[112.0, 16.0, 944.0, 640.0]
[0.0, 48.0, 833.0, 673.0]
[32.0, 32.0, 866.0, 658.0]
[64.0, 32.0, 899.0, 658.0]
[80.0, 64.0, 916.0, 691.0]
[48.0, 80.0, 885.0, 708.0]
[64.0, 64.0, 902.0, 692.0]
[0.0, 32.0, 839.0, 661.0]
[0.0, 80.0, 840.0, 710.0]
[48.0, 96.0, 889.0, 727.0]
[32.0, 16.0, 874.0, 648.0]
[0.0, 32.0, 843.0, 664.0]
[16.0, 48.0, 860.0, 681.0]
[16.0, 64.0, 861.0, 698.0]
[16.0, 80.0, 862.0, 714.0]
[32.0, 16.0, 879.0, 651.0]
[64.0, 80.0, 912.0, 716.0]
[112.0, 64.0, 961.0, 701.0]
[48.0, 64.0, 898.0, 702.0]
[0.0, 48.0, 851.0, 686.0]
[64.0, 48.0, 916.0, 687.0]
[144.0, 16.0, 997.0, 656.0]
[16.0, 0.0, 870.0, 640.0]
[112.0, 48.0, 967.0, 689.0]
[32.0, 16.0, 888.0, 658.0]
[0.0, 48.0, 857.0, 691.0]
[80.0, 48.0, 938.0, 692.0]
[80.0, 80.0, 939.0, 724.0]
[0.0, 80.0, 860.0, 725.0]
[80.0, 32.0, 941.0, 678.0]
[0.0, 64.0, 862.0, 710.0]
[96.0, 32.0, 959.0, 679.0]
[80.0, 64.0, 944.0, 712.0]
[64.0, 80.0, 929.0, 729.0]
[64.0, 16.0, 930.0, 666.0]
[0.0, 80.0, 867.0, 730.0]
[16.0, 80.0, 884.0, 731.0]
[0.0, 64.0, 869.0, 716.0]
[0.0, 48.0, 870.0, 700.0]
[80.0, 32.0, 951.0, 685.0]
[48.0, 80.0, 920.0, 734.0]
[64.0, 16.0, 937.0, 671.0]
[64.0, 16.0, 938.0, 672.0]
[80.0, 0.0, 955.0, 656.0]
[0.0, 32.0, 876.0, 689.0]
[0.0, 16.0, 877.0, 674.0]
[0.0, 16.0, 878.0, 674.0]
[128.0, 0.0, 1007.0, 659.0]
[80.0, 0.0, 960.0, 660.0]
[80.0, 64.0, 961.0, 725.0]
[48.0, 32.0, 930.0, 694.0]
[32.0, 64.0, 915.0, 726.0]
[112.0, 16.0, 996.0, 679.0]
[0.0, 16.0, 885.0, 680.0]
[16.0, 80.0, 902.0, 744.0]
[112.0, 32.0, 999.0, 697.0]
[0.0, 80.0, 888.0, 746.0]
[48.0, 64.0, 937.0, 731.0]
[96.0, 48.0, 986.0, 716.0]
[48.0, 80.0, 939.0, 748.0]
[0.0, 32.0, 892.0, 701.0]
[0.0, 80.0, 893.0, 750.0]
[64.0, 0.0, 958.0, 670.0]
[48.0, 0.0, 943.0, 671.0]
[16.0, 0.0, 912.0, 672.0]
[0.0, 32.0, 897.0, 705.0]
[16.0, 32.0, 914.0, 706.0]
[48.0, 16.0, 947.0, 690.0]
[16.0, 32.0, 916.0, 707.0]
[16.0, 32.0, 917.0, 708.0]
[64.0, 32.0, 966.0, 708.0]
[48.0, 16.0, 951.0, 693.0]
[48.0, 64.0, 952.0, 742.0]
[96.0, 16.0, 1001.0, 695.0]
[80.0, 48.0, 986.0, 728.0]
[16.0, 16.0, 923.0, 696.0]
[0.0, 0.0, 908.0, 681.0]
[64.0, 32.0, 973.0, 714.0]
[32.0, 48.0, 942.0, 730.0]
[48.0, 0.0, 959.0, 683.0]
[64.0, 48.0, 976.0, 732.0]
[96.0, 16.0, 1009.0, 701.0]
[0.0, 48.0, 914.0, 734.0]
[32.0, 0.0, 947.0, 686.0]
[0.0, 32.0, 916.0, 719.0]
[80.0, 0.0, 997.0, 688.0]
[64.0, 16.0, 982.0, 704.0]
[64.0, 48.0, 983.0, 737.0]
[16.0, 16.0, 936.0, 706.0]
[80.0, 0.0, 1001.0, 691.0]
[32.0, 48.0, 954.0, 740.0]
[0.0, 32.0, 923.0, 724.0]
[0.0, 16.0, 924.0, 709.0]
[32.0, 48.0, 957.0, 742.0]
[48.0, 32.0, 974.0, 726.0]
[16.0, 16.0, 943.0, 711.0]
[48.0, 32.0, 976.0, 728.0]
[16.0, 16.0, 945.0, 713.0]
[32.0, 32.0, 962.0, 730.0]
[80.0, 16.0, 1011.0, 714.0]
[0.0, 16.0, 932.0, 715.0]
[0.0, 16.0, 933.0, 716.0]
[48.0, 0.0, 982.0, 700.0]
[64.0, 32.0, 999.0, 733.0]
[32.0, 0.0, 968.0, 702.0]
[16.0, 16.0, 953.0, 719.0]
[16.0, 48.0, 954.0, 752.0]
[16.0, 48.0, 955.0, 752.0]
[16.0, 16.0, 956.0, 721.0]
[16.0, 32.0, 957.0, 738.0]
[16.0, 48.0, 958.0, 754.0]
[0.0, 0.0, 943.0, 707.0]
[48.0, 16.0, 992.0, 724.0]
[32.0, 16.0, 977.0, 725.0]
[0.0, 32.0, 946.0, 742.0]
[32.0, 16.0, 979.0, 726.0]
[32.0, 16.0, 980.0, 727.0]
[32.0, 16.0, 981.0, 728.0]
[0.0, 32.0, 950.0, 744.0]
[48.0, 0.0, 999.0, 713.0]
[48.0, 32.0, 1000.0, 746.0]
[0.0, 16.0, 953.0, 731.0]
[32.0, 0.0, 986.0, 716.0]
[16.0, 16.0, 971.0, 732.0]
[0.0, 0.0, 956.0, 717.0]
[0.0, 16.0, 957.0, 734.0]
[32.0, 32.0, 990.0, 750.0]
[32.0, 32.0, 991.0, 751.0]
[48.0, 32.0, 1008.0, 752.0]
[16.0, 0.0, 977.0, 721.0]
[48.0, 0.0, 1010.0, 722.0]
[32.0, 0.0, 995.0, 722.0]
[16.0, 0.0, 980.0, 723.0]
[16.0, 0.0, 981.0, 724.0]
[16.0, 32.0, 982.0, 756.0]
[0.0, 16.0, 967.0, 741.0]
