[224.0, 80.0, 941.0, 618.0]
[288.0, 16.0, 1006.0, 554.0]
[240.0, 0.0, 959.0, 539.0]
[176.0, 48.0, 896.0, 588.0]
[208.0, 48.0, 929.0, 589.0]
[288.0, 112.0, 1010.0, 654.0]
[240.0, 32.0, 963.0, 574.0]
[256.0, 80.0, 980.0, 623.0]
[272.0, 112.0, 997.0, 656.0]
[176.0, 64.0, 902.0, 608.0]
[288.0, 64.0, 1015.0, 609.0]
[288.0, 64.0, 1016.0, 610.0]
[288.0, 64.0, 1017.0, 611.0]
[224.0, 16.0, 954.0, 564.0]
[224.0, 16.0, 955.0, 564.0]
[288.0, 112.0, 1020.0, 661.0]
[288.0, 96.0, 1021.0, 646.0]
[240.0, 80.0, 974.0, 630.0]
[256.0, 64.0, 991.0, 615.0]
[192.0, 96.0, 928.0, 648.0]
[144.0, 80.0, 881.0, 633.0]
[160.0, 80.0, 898.0, 634.0]
[272.0, 0.0, 1011.0, 554.0]
[208.0, 64.0, 948.0, 619.0]
[192.0, 0.0, 933.0, 556.0]
[240.0, 64.0, 982.0, 620.0]
[240.0, 64.0, 983.0, 621.0]
[176.0, 0.0, 920.0, 558.0]
[192.0, 48.0, 937.0, 607.0]
[160.0, 32.0, 906.0, 592.0]
[128.0, 64.0, 875.0, 624.0]
[144.0, 16.0, 892.0, 577.0]
[128.0, 80.0, 877.0, 642.0]
[224.0, 32.0, 974.0, 594.0]
[192.0, 80.0, 943.0, 643.0]
[176.0, 112.0, 928.0, 676.0]
[192.0, 32.0, 945.0, 597.0]
[176.0, 80.0, 930.0, 646.0]
[224.0, 48.0, 979.0, 614.0]
[208.0, 64.0, 964.0, 631.0]
[208.0, 0.0, 965.0, 568.0]
[144.0, 16.0, 902.0, 584.0]
[240.0, 32.0, 999.0, 601.0]
[240.0, 96.0, 1000.0, 666.0]
[176.0, 48.0, 937.0, 619.0]
[160.0, 64.0, 922.0, 636.0]
[208.0, 48.0, 971.0, 620.0]
[240.0, 64.0, 1004.0, 637.0]
[176.0, 16.0, 941.0, 590.0]
[128.0, 32.0, 894.0, 606.0]
[224.0, 0.0, 991.0, 575.0]
[112.0, 80.0, 880.0, 656.0]
[224.0, 0.0, 993.0, 577.0]
[208.0, 48.0, 978.0, 626.0]
[144.0, 64.0, 915.0, 642.0]
[192.0, 0.0, 964.0, 579.0]
[224.0, 0.0, 997.0, 580.0]
[176.0, 32.0, 950.0, 612.0]
[192.0, 64.0, 967.0, 645.0]
[192.0, 80.0, 968.0, 662.0]
[192.0, 0.0, 969.0, 583.0]
[160.0, 16.0, 938.0, 600.0]
[240.0, 80.0, 1019.0, 664.0]
[160.0, 16.0, 940.0, 601.0]
[144.0, 96.0, 925.0, 682.0]
[240.0, 0.0, 1022.0, 586.0]
[176.0, 64.0, 959.0, 651.0]
[144.0, 80.0, 928.0, 668.0]
[224.0, 64.0, 1009.0, 653.0]
[112.0, 48.0, 898.0, 638.0]
[208.0, 64.0, 995.0, 654.0]
[128.0, 0.0, 916.0, 591.0]
[160.0, 80.0, 949.0, 672.0]
[112.0, 16.0, 902.0, 608.0]
[176.0, 0.0, 967.0, 593.0]
[160.0, 48.0, 952.0, 642.0]
[176.0, 64.0, 969.0, 659.0]
[144.0, 64.0, 938.0, 660.0]
[112.0, 0.0, 907.0, 596.0]
[144.0, 0.0, 940.0, 597.0]
[96.0, 64.0, 893.0, 662.0]
[224.0, 16.0, 1022.0, 614.0]
[176.0, 80.0, 975.0, 679.0]
[144.0, 80.0, 944.0, 680.0]
[176.0, 32.0, 977.0, 633.0]
[208.0, 80.0, 1010.0, 682.0]
[176.0, 64.0, 979.0, 666.0]
[160.0, 48.0, 964.0, 651.0]
[160.0, 16.0, 965.0, 620.0]
[128.0, 64.0, 934.0, 668.0]
[208.0, 32.0, 1015.0, 637.0]
[144.0, 48.0, 952.0, 654.0]
[96.0, 0.0, 905.0, 607.0]
[192.0, 0.0, 1002.0, 608.0]
[96.0, 16.0, 907.0, 624.0]
[144.0, 0.0, 956.0, 609.0]
[208.0, 64.0, 1021.0, 674.0]
[96.0, 64.0, 910.0, 674.0]
[128.0, 0.0, 943.0, 611.0]
[192.0, 16.0, 1008.0, 628.0]
[96.0, 0.0, 913.0, 613.0]
[176.0, 16.0, 994.0, 630.0]
[64.0, 48.0, 883.0, 662.0]
[160.0, 32.0, 980.0, 647.0]
[176.0, 64.0, 997.0, 680.0]
[128.0, 48.0, 950.0, 664.0]
[192.0, 32.0, 1015.0, 649.0]
[128.0, 32.0, 952.0, 650.0]
[64.0, 48.0, 889.0, 667.0]
[80.0, 32.0, 906.0, 652.0]
[192.0, 48.0, 1019.0, 668.0]
[144.0, 16.0, 972.0, 637.0]
[160.0, 48.0, 989.0, 670.0]
[64.0, 32.0, 894.0, 654.0]
[160.0, 0.0, 991.0, 623.0]
[176.0, 16.0, 1008.0, 640.0]
[80.0, 48.0, 913.0, 673.0]
[112.0, 32.0, 946.0, 658.0]
[80.0, 32.0, 915.0, 658.0]
[112.0, 0.0, 948.0, 627.0]
[80.0, 32.0, 917.0, 660.0]
[80.0, 16.0, 918.0, 644.0]
[80.0, 48.0, 919.0, 677.0]
[160.0, 32.0, 1000.0, 662.0]
[176.0, 0.0, 1017.0, 631.0]
[112.0, 16.0, 954.0, 648.0]
[128.0, 48.0, 971.0, 680.0]
[112.0, 48.0, 956.0, 681.0]
[176.0, 16.0, 1021.0, 650.0]
[160.0, 0.0, 1006.0, 634.0]
[96.0, 0.0, 943.0, 635.0]
[160.0, 16.0, 1008.0, 652.0]
[128.0, 0.0, 977.0, 637.0]
[80.0, 0.0, 930.0, 638.0]
[96.0, 16.0, 947.0, 654.0]
[80.0, 32.0, 932.0, 671.0]
[96.0, 16.0, 949.0, 656.0]
[144.0, 0.0, 998.0, 640.0]
[160.0, 32.0, 1015.0, 673.0]
[80.0, 0.0, 936.0, 642.0]
[80.0, 0.0, 937.0, 643.0]
[80.0, 0.0, 938.0, 644.0]
[48.0, 32.0, 907.0, 676.0]
[128.0, 0.0, 988.0, 645.0]
[128.0, 16.0, 989.0, 662.0]
[112.0, 16.0, 974.0, 662.0]
[64.0, 16.0, 927.0, 663.0]
[48.0, 32.0, 912.0, 680.0]
[64.0, 0.0, 929.0, 649.0]
[96.0, 32.0, 962.0, 682.0]
[112.0, 32.0, 979.0, 682.0]
[80.0, 32.0, 948.0, 683.0]
[128.0, 16.0, 997.0, 668.0]
[48.0, 16.0, 918.0, 668.0]
[144.0, 16.0, 1015.0, 669.0]
[80.0, 16.0, 952.0, 670.0]
[112.0, 0.0, 985.0, 655.0]
[64.0, 0.0, 938.0, 656.0]
[64.0, 0.0, 939.0, 656.0]
[128.0, 0.0, 1004.0, 657.0]
[32.0, 16.0, 909.0, 674.0]
[128.0, 0.0, 1006.0, 658.0]
[144.0, 16.0, 1023.0, 675.0]
[64.0, 16.0, 944.0, 676.0]
[48.0, 0.0, 929.0, 661.0]
[128.0, 0.0, 1010.0, 662.0]
[96.0, 0.0, 979.0, 662.0]
[96.0, 0.0, 980.0, 663.0]
[96.0, 0.0, 981.0, 664.0]
[96.0, 16.0, 982.0, 680.0]
[64.0, 16.0, 951.0, 681.0]
[112.0, 16.0, 1000.0, 682.0]
[112.0, 16.0, 1001.0, 683.0]
[96.0, 0.0, 986.0, 668.0]
[80.0, 0.0, 971.0, 668.0]
[64.0, 0.0, 956.0, 669.0]
[64.0, 0.0, 957.0, 670.0]
[48.0, 0.0, 942.0, 670.0]
[96.0, 0.0, 991.0, 671.0]
[32.0, 0.0, 928.0, 672.0]
[48.0, 0.0, 945.0, 673.0]
[112.0, 0.0, 1010.0, 674.0]
[48.0, 0.0, 947.0, 674.0]
[32.0, 0.0, 932.0, 675.0]
[64.0, 0.0, 965.0, 676.0]
[112.0, 0.0, 1014.0, 676.0]
[80.0, 0.0, 983.0, 677.0]
[48.0, 0.0, 952.0, 678.0]
[112.0, 0.0, 1017.0, 679.0]
[96.0, 0.0, 1002.0, 680.0]
[48.0, 0.0, 955.0, 680.0]
[96.0, 0.0, 1004.0, 681.0]
[96.0, 0.0, 1005.0, 682.0]
[48.0, 0.0, 958.0, 682.0]
[48.0, 0.0, 959.0, 683.0]
