[176.0, 16.0, 893.0, 554.0]
[96.0, 16.0, 814.0, 554.0]
[80.0, 64.0, 799.0, 603.0]
[176.0, 48.0, 896.0, 588.0]
[48.0, 16.0, 769.0, 557.0]
[160.0, 64.0, 882.0, 606.0]
[144.0, 64.0, 867.0, 606.0]
[128.0, 0.0, 852.0, 543.0]
[48.0, 0.0, 773.0, 544.0]
[208.0, 0.0, 934.0, 544.0]
[64.0, 0.0, 791.0, 545.0]
[192.0, 32.0, 920.0, 578.0]
[80.0, 48.0, 809.0, 595.0]
[208.0, 16.0, 938.0, 564.0]
[160.0, 32.0, 891.0, 580.0]
[0.0, 32.0, 732.0, 581.0]
[160.0, 0.0, 893.0, 550.0]
[64.0, 48.0, 798.0, 598.0]
[192.0, 0.0, 927.0, 551.0]
[80.0, 32.0, 816.0, 584.0]
[80.0, 0.0, 817.0, 553.0]
[16.0, 0.0, 754.0, 554.0]
[160.0, 0.0, 899.0, 554.0]
[128.0, 32.0, 868.0, 587.0]
[64.0, 32.0, 805.0, 588.0]
[128.0, 48.0, 870.0, 604.0]
[160.0, 16.0, 903.0, 573.0]
[176.0, 16.0, 920.0, 574.0]
[48.0, 48.0, 793.0, 607.0]
[128.0, 48.0, 874.0, 608.0]
[80.0, 0.0, 827.0, 560.0]
[48.0, 64.0, 796.0, 625.0]
[64.0, 64.0, 813.0, 626.0]
[64.0, 16.0, 814.0, 578.0]
[144.0, 0.0, 895.0, 563.0]
[80.0, 64.0, 832.0, 628.0]
[48.0, 48.0, 801.0, 613.0]
[160.0, 16.0, 914.0, 582.0]
[48.0, 48.0, 803.0, 614.0]
[96.0, 16.0, 852.0, 583.0]
[80.0, 48.0, 837.0, 616.0]
[16.0, 16.0, 774.0, 584.0]
[160.0, 48.0, 919.0, 617.0]
[80.0, 64.0, 840.0, 634.0]
[112.0, 16.0, 873.0, 587.0]
[160.0, 32.0, 922.0, 604.0]
[48.0, 48.0, 811.0, 620.0]
[32.0, 16.0, 796.0, 589.0]
[112.0, 64.0, 877.0, 638.0]
[48.0, 48.0, 814.0, 622.0]
[112.0, 32.0, 879.0, 607.0]
[16.0, 32.0, 784.0, 608.0]
[112.0, 48.0, 881.0, 625.0]
[32.0, 32.0, 802.0, 610.0]
[176.0, 0.0, 947.0, 578.0]
[128.0, 48.0, 900.0, 627.0]
[48.0, 16.0, 821.0, 596.0]
[48.0, 64.0, 822.0, 644.0]
[128.0, 64.0, 903.0, 645.0]
[160.0, 0.0, 936.0, 582.0]
[48.0, 48.0, 825.0, 631.0]
[64.0, 0.0, 842.0, 584.0]
[160.0, 32.0, 939.0, 616.0]
[160.0, 32.0, 940.0, 617.0]
[32.0, 64.0, 813.0, 650.0]
[128.0, 16.0, 910.0, 602.0]
[48.0, 48.0, 831.0, 635.0]
[112.0, 0.0, 896.0, 588.0]
[96.0, 32.0, 881.0, 621.0]
[128.0, 48.0, 914.0, 638.0]
[96.0, 32.0, 883.0, 622.0]
[16.0, 32.0, 804.0, 623.0]
[32.0, 64.0, 821.0, 656.0]
[48.0, 0.0, 838.0, 592.0]
[0.0, 32.0, 791.0, 625.0]
[80.0, 16.0, 872.0, 610.0]
[96.0, 64.0, 889.0, 659.0]
[16.0, 0.0, 810.0, 596.0]
[16.0, 32.0, 811.0, 628.0]
[96.0, 16.0, 892.0, 613.0]
[48.0, 32.0, 845.0, 630.0]
[48.0, 0.0, 846.0, 598.0]
[0.0, 32.0, 799.0, 631.0]
[144.0, 0.0, 944.0, 600.0]
[80.0, 48.0, 881.0, 649.0]
[48.0, 32.0, 850.0, 634.0]
[0.0, 0.0, 803.0, 602.0]
[112.0, 16.0, 916.0, 619.0]
[144.0, 0.0, 949.0, 604.0]
[80.0, 48.0, 886.0, 652.0]
[80.0, 16.0, 887.0, 621.0]
[112.0, 0.0, 920.0, 606.0]
[112.0, 48.0, 921.0, 655.0]
[0.0, 0.0, 810.0, 608.0]
[16.0, 16.0, 827.0, 624.0]
[128.0, 0.0, 940.0, 609.0]
[64.0, 48.0, 877.0, 658.0]
[16.0, 16.0, 830.0, 626.0]
[48.0, 48.0, 863.0, 659.0]
[112.0, 0.0, 928.0, 612.0]
[0.0, 0.0, 817.0, 613.0]
[64.0, 64.0, 882.0, 678.0]
[112.0, 0.0, 931.0, 614.0]
[112.0, 32.0, 932.0, 647.0]
[96.0, 0.0, 917.0, 616.0]
[64.0, 64.0, 886.0, 680.0]
[0.0, 0.0, 823.0, 617.0]
[48.0, 0.0, 872.0, 618.0]
[128.0, 32.0, 953.0, 651.0]
[112.0, 32.0, 938.0, 652.0]
[16.0, 0.0, 843.0, 620.0]
[112.0, 16.0, 940.0, 637.0]
[64.0, 0.0, 893.0, 622.0]
[128.0, 0.0, 958.0, 622.0]
[80.0, 48.0, 911.0, 671.0]
[112.0, 16.0, 944.0, 640.0]
[32.0, 32.0, 865.0, 657.0]
[96.0, 16.0, 930.0, 642.0]
[96.0, 16.0, 931.0, 642.0]
[96.0, 48.0, 932.0, 675.0]
[32.0, 32.0, 869.0, 660.0]
[32.0, 32.0, 870.0, 660.0]
[0.0, 0.0, 839.0, 629.0]
[80.0, 16.0, 920.0, 646.0]
[16.0, 32.0, 857.0, 663.0]
[64.0, 48.0, 906.0, 680.0]
[16.0, 32.0, 859.0, 664.0]
[112.0, 32.0, 956.0, 665.0]
[16.0, 32.0, 861.0, 666.0]
[112.0, 0.0, 958.0, 634.0]
[32.0, 0.0, 879.0, 635.0]
[112.0, 0.0, 960.0, 636.0]
[32.0, 48.0, 881.0, 685.0]
[32.0, 0.0, 882.0, 638.0]
[64.0, 32.0, 915.0, 670.0]
[48.0, 0.0, 900.0, 639.0]
[0.0, 32.0, 853.0, 672.0]
[96.0, 16.0, 950.0, 656.0]
[80.0, 16.0, 935.0, 657.0]
[96.0, 16.0, 952.0, 658.0]
[48.0, 32.0, 905.0, 675.0]
[80.0, 0.0, 938.0, 644.0]
[48.0, 32.0, 907.0, 676.0]
[48.0, 16.0, 908.0, 661.0]
[80.0, 0.0, 941.0, 646.0]
[32.0, 0.0, 894.0, 646.0]
[64.0, 0.0, 927.0, 647.0]
[32.0, 16.0, 896.0, 664.0]
[64.0, 16.0, 929.0, 665.0]
[32.0, 32.0, 898.0, 682.0]
[32.0, 32.0, 899.0, 682.0]
[80.0, 0.0, 948.0, 651.0]
[0.0, 16.0, 869.0, 668.0]
[64.0, 32.0, 934.0, 684.0]
[16.0, 16.0, 887.0, 669.0]
[80.0, 0.0, 952.0, 654.0]
[80.0, 16.0, 953.0, 671.0]
[80.0, 0.0, 954.0, 656.0]
[16.0, 0.0, 891.0, 656.0]
[48.0, 0.0, 924.0, 657.0]
[48.0, 16.0, 925.0, 674.0]
[32.0, 16.0, 910.0, 674.0]
[0.0, 0.0, 879.0, 659.0]
[16.0, 0.0, 896.0, 660.0]
[32.0, 16.0, 913.0, 677.0]
[48.0, 16.0, 930.0, 678.0]
[0.0, 0.0, 883.0, 662.0]
[64.0, 16.0, 948.0, 679.0]
[64.0, 16.0, 949.0, 680.0]
[48.0, 16.0, 934.0, 680.0]
[0.0, 0.0, 887.0, 665.0]
[64.0, 0.0, 952.0, 666.0]
[32.0, 0.0, 921.0, 667.0]
[0.0, 16.0, 890.0, 684.0]
[0.0, 16.0, 891.0, 684.0]
[0.0, 0.0, 892.0, 669.0]
[48.0, 0.0, 941.0, 670.0]
[48.0, 0.0, 942.0, 670.0]
[48.0, 0.0, 943.0, 671.0]
[32.0, 0.0, 928.0, 672.0]
[48.0, 0.0, 945.0, 673.0]
[32.0, 0.0, 930.0, 674.0]
[48.0, 0.0, 947.0, 674.0]
[16.0, 0.0, 916.0, 675.0]
[0.0, 0.0, 901.0, 676.0]
[48.0, 0.0, 950.0, 676.0]
[32.0, 0.0, 935.0, 677.0]
[48.0, 0.0, 952.0, 678.0]
[32.0, 0.0, 937.0, 679.0]
[48.0, 0.0, 954.0, 680.0]
[48.0, 0.0, 955.0, 680.0]
[0.0, 0.0, 908.0, 681.0]
[0.0, 0.0, 909.0, 682.0]
[32.0, 0.0, 942.0, 682.0]
[0.0, 0.0, 911.0, 683.0]
[0.0, 0.0, 912.0, 684.0]
[0.0, 0.0, 913.0, 685.0]
[0.0, 0.0, 914.0, 686.0]
