[48.0, 64.0, 765.0, 602.0]
[112.0, 112.0, 830.0, 650.0]
[80.0, 112.0, 799.0, 651.0]
[80.0, 112.0, 800.0, 652.0]
[80.0, 128.0, 801.0, 669.0]
[0.0, 96.0, 722.0, 638.0]
[144.0, 112.0, 867.0, 654.0]
[32.0, 112.0, 756.0, 655.0]
[112.0, 64.0, 837.0, 608.0]
[80.0, 80.0, 806.0, 624.0]
[112.0, 128.0, 839.0, 673.0]
[80.0, 128.0, 808.0, 674.0]
[16.0, 128.0, 745.0, 675.0]
[0.0, 112.0, 730.0, 660.0]
[144.0, 96.0, 875.0, 644.0]
[32.0, 112.0, 764.0, 661.0]
[128.0, 80.0, 861.0, 630.0]
[112.0, 112.0, 846.0, 662.0]
[32.0, 48.0, 767.0, 599.0]
[48.0, 80.0, 784.0, 632.0]
[160.0, 128.0, 897.0, 681.0]
[96.0, 96.0, 834.0, 650.0]
[112.0, 80.0, 851.0, 634.0]
[48.0, 48.0, 788.0, 603.0]
[160.0, 112.0, 901.0, 668.0]
[0.0, 96.0, 742.0, 652.0]
[48.0, 112.0, 791.0, 669.0]
[112.0, 96.0, 856.0, 654.0]
[80.0, 112.0, 825.0, 671.0]
[48.0, 32.0, 794.0, 592.0]
[32.0, 96.0, 779.0, 656.0]
[80.0, 64.0, 828.0, 625.0]
[112.0, 80.0, 861.0, 642.0]
[80.0, 112.0, 830.0, 674.0]
[48.0, 48.0, 799.0, 611.0]
[48.0, 112.0, 800.0, 676.0]
[112.0, 96.0, 865.0, 661.0]
[0.0, 96.0, 754.0, 662.0]
[48.0, 112.0, 803.0, 678.0]
[64.0, 96.0, 820.0, 663.0]
[48.0, 96.0, 805.0, 664.0]
[112.0, 96.0, 870.0, 664.0]
[128.0, 80.0, 887.0, 649.0]
[32.0, 64.0, 792.0, 634.0]
[64.0, 32.0, 825.0, 603.0]
[64.0, 48.0, 826.0, 620.0]
[48.0, 80.0, 811.0, 652.0]
[16.0, 48.0, 780.0, 621.0]
[80.0, 96.0, 845.0, 670.0]
[32.0, 80.0, 798.0, 654.0]
[16.0, 48.0, 783.0, 623.0]
[64.0, 32.0, 832.0, 608.0]
[32.0, 96.0, 801.0, 673.0]
[112.0, 80.0, 882.0, 658.0]
[16.0, 80.0, 787.0, 658.0]
[112.0, 64.0, 884.0, 643.0]
[64.0, 32.0, 837.0, 612.0]
[32.0, 32.0, 806.0, 612.0]
[80.0, 80.0, 855.0, 661.0]
[80.0, 64.0, 856.0, 646.0]
[0.0, 48.0, 777.0, 631.0]
[48.0, 80.0, 826.0, 664.0]
[128.0, 80.0, 907.0, 664.0]
[0.0, 48.0, 780.0, 633.0]
[64.0, 48.0, 845.0, 634.0]
[48.0, 16.0, 830.0, 602.0]
[64.0, 32.0, 847.0, 619.0]
[112.0, 80.0, 896.0, 668.0]
[96.0, 48.0, 881.0, 637.0]
[16.0, 48.0, 802.0, 638.0]
[16.0, 48.0, 803.0, 638.0]
[48.0, 16.0, 836.0, 607.0]
[16.0, 48.0, 805.0, 640.0]
[48.0, 32.0, 838.0, 624.0]
[16.0, 32.0, 807.0, 625.0]
[96.0, 48.0, 888.0, 642.0]
[0.0, 48.0, 793.0, 643.0]
[48.0, 80.0, 842.0, 676.0]
[16.0, 64.0, 811.0, 660.0]
[48.0, 48.0, 844.0, 645.0]
[48.0, 16.0, 845.0, 614.0]
[48.0, 32.0, 846.0, 630.0]
[80.0, 64.0, 879.0, 663.0]
[48.0, 64.0, 848.0, 664.0]
[0.0, 64.0, 801.0, 665.0]
[32.0, 32.0, 834.0, 634.0]
[48.0, 64.0, 851.0, 666.0]
[96.0, 64.0, 900.0, 667.0]
[48.0, 32.0, 853.0, 636.0]
[96.0, 48.0, 902.0, 652.0]
[0.0, 16.0, 807.0, 621.0]
[48.0, 64.0, 856.0, 670.0]
[96.0, 64.0, 905.0, 671.0]
[80.0, 64.0, 890.0, 672.0]
[0.0, 16.0, 811.0, 624.0]
[0.0, 32.0, 812.0, 641.0]
[48.0, 16.0, 861.0, 626.0]
[48.0, 64.0, 862.0, 674.0]
[32.0, 16.0, 847.0, 627.0]
[0.0, 48.0, 816.0, 660.0]
[64.0, 32.0, 881.0, 645.0]
[16.0, 48.0, 834.0, 662.0]
[48.0, 48.0, 867.0, 662.0]
[48.0, 16.0, 868.0, 631.0]
[0.0, 48.0, 821.0, 664.0]
[16.0, 64.0, 838.0, 680.0]
[64.0, 48.0, 887.0, 665.0]
[32.0, 16.0, 856.0, 634.0]
[48.0, 48.0, 873.0, 667.0]
[32.0, 16.0, 858.0, 636.0]
[48.0, 32.0, 875.0, 652.0]
[32.0, 16.0, 860.0, 637.0]
[32.0, 48.0, 861.0, 670.0]
[0.0, 48.0, 830.0, 670.0]
[32.0, 48.0, 863.0, 671.0]
[48.0, 48.0, 880.0, 672.0]
[16.0, 32.0, 849.0, 657.0]
[16.0, 32.0, 850.0, 658.0]
[32.0, 16.0, 867.0, 642.0]
[64.0, 48.0, 900.0, 675.0]
[32.0, 32.0, 869.0, 660.0]
[48.0, 48.0, 886.0, 676.0]
[64.0, 32.0, 903.0, 661.0]
[48.0, 48.0, 888.0, 678.0]
[64.0, 32.0, 905.0, 663.0]
[64.0, 48.0, 906.0, 680.0]
[0.0, 16.0, 843.0, 648.0]
[32.0, 16.0, 876.0, 649.0]
[32.0, 32.0, 877.0, 666.0]
[0.0, 32.0, 846.0, 666.0]
[48.0, 32.0, 895.0, 667.0]
[32.0, 32.0, 880.0, 668.0]
[32.0, 16.0, 881.0, 653.0]
[16.0, 16.0, 866.0, 654.0]
[32.0, 16.0, 883.0, 654.0]
[16.0, 32.0, 868.0, 671.0]
[32.0, 16.0, 885.0, 656.0]
[32.0, 32.0, 886.0, 672.0]
[32.0, 32.0, 887.0, 673.0]
[16.0, 16.0, 872.0, 658.0]
[0.0, 16.0, 857.0, 659.0]
[16.0, 16.0, 874.0, 660.0]
[16.0, 16.0, 875.0, 660.0]
[16.0, 32.0, 876.0, 677.0]
[32.0, 32.0, 893.0, 678.0]
[16.0, 32.0, 878.0, 678.0]
[16.0, 16.0, 879.0, 663.0]
[32.0, 32.0, 896.0, 680.0]
