[272.0, 0.0, 989.0, 538.0]
[64.0, 32.0, 782.0, 570.0]
[80.0, 32.0, 799.0, 571.0]
[64.0, 32.0, 784.0, 572.0]
[128.0, 16.0, 849.0, 557.0]
[192.0, 16.0, 914.0, 558.0]
[144.0, 0.0, 867.0, 542.0]
[240.0, 0.0, 964.0, 543.0]
[176.0, 0.0, 901.0, 544.0]
[224.0, 16.0, 950.0, 560.0]
[160.0, 16.0, 887.0, 561.0]
[160.0, 0.0, 888.0, 546.0]
[224.0, 0.0, 953.0, 547.0]
[144.0, 32.0, 874.0, 580.0]
[160.0, 16.0, 891.0, 564.0]
[48.0, 32.0, 780.0, 581.0]
[176.0, 32.0, 909.0, 582.0]
[160.0, 0.0, 894.0, 550.0]
[208.0, 0.0, 943.0, 551.0]
[48.0, 32.0, 784.0, 584.0]
[80.0, 0.0, 817.0, 553.0]
[112.0, 32.0, 850.0, 586.0]
[208.0, 32.0, 947.0, 586.0]
[80.0, 32.0, 820.0, 587.0]
[224.0, 16.0, 965.0, 572.0]
[208.0, 16.0, 950.0, 572.0]
[176.0, 16.0, 919.0, 573.0]
[240.0, 0.0, 984.0, 558.0]
[128.0, 32.0, 873.0, 591.0]
[176.0, 32.0, 922.0, 592.0]
[128.0, 0.0, 875.0, 560.0]
[112.0, 32.0, 860.0, 593.0]
[208.0, 16.0, 957.0, 578.0]
[112.0, 32.0, 862.0, 594.0]
[224.0, 32.0, 975.0, 595.0]
[160.0, 32.0, 912.0, 596.0]
[224.0, 0.0, 977.0, 565.0]
[144.0, 16.0, 898.0, 582.0]
[144.0, 0.0, 899.0, 566.0]
[240.0, 0.0, 996.0, 567.0]
[64.0, 0.0, 821.0, 568.0]
[112.0, 0.0, 870.0, 568.0]
[160.0, 0.0, 919.0, 569.0]
[48.0, 32.0, 808.0, 602.0]
[160.0, 32.0, 921.0, 603.0]
[224.0, 0.0, 986.0, 572.0]
[176.0, 0.0, 939.0, 572.0]
[240.0, 0.0, 1004.0, 573.0]
[224.0, 16.0, 989.0, 590.0]
[64.0, 16.0, 830.0, 590.0]
[64.0, 32.0, 831.0, 607.0]
[80.0, 0.0, 848.0, 576.0]
[144.0, 32.0, 913.0, 609.0]
[144.0, 32.0, 914.0, 610.0]
[64.0, 0.0, 835.0, 578.0]
[192.0, 16.0, 964.0, 595.0]
[208.0, 0.0, 981.0, 580.0]
[160.0, 0.0, 934.0, 580.0]
[96.0, 32.0, 871.0, 613.0]
[128.0, 16.0, 904.0, 598.0]
[96.0, 16.0, 873.0, 599.0]
[80.0, 16.0, 858.0, 600.0]
[144.0, 0.0, 923.0, 584.0]
[96.0, 32.0, 876.0, 617.0]
[192.0, 32.0, 973.0, 618.0]
[160.0, 16.0, 942.0, 602.0]
[144.0, 32.0, 927.0, 619.0]
[112.0, 16.0, 896.0, 604.0]
[176.0, 32.0, 961.0, 621.0]
[192.0, 16.0, 978.0, 606.0]
[80.0, 16.0, 867.0, 606.0]
[160.0, 16.0, 948.0, 607.0]
[80.0, 0.0, 869.0, 592.0]
[144.0, 0.0, 934.0, 592.0]
[64.0, 0.0, 855.0, 593.0]
[16.0, 0.0, 808.0, 594.0]
[192.0, 0.0, 985.0, 595.0]
[128.0, 16.0, 922.0, 612.0]
[112.0, 0.0, 907.0, 596.0]
[128.0, 0.0, 924.0, 597.0]
[192.0, 0.0, 989.0, 598.0]
[176.0, 0.0, 974.0, 598.0]
[96.0, 32.0, 895.0, 631.0]
[128.0, 16.0, 928.0, 616.0]
[48.0, 0.0, 849.0, 601.0]
[144.0, 16.0, 946.0, 618.0]
[160.0, 16.0, 963.0, 618.0]
[16.0, 16.0, 820.0, 619.0]
[16.0, 0.0, 821.0, 604.0]
[128.0, 32.0, 934.0, 636.0]
[176.0, 32.0, 983.0, 637.0]
[32.0, 0.0, 840.0, 606.0]
[112.0, 0.0, 921.0, 607.0]
[64.0, 32.0, 874.0, 640.0]
[192.0, 0.0, 1003.0, 608.0]
[48.0, 32.0, 860.0, 641.0]
[64.0, 16.0, 877.0, 626.0]
[160.0, 16.0, 974.0, 626.0]
[144.0, 16.0, 959.0, 627.0]
[160.0, 32.0, 976.0, 644.0]
[32.0, 0.0, 849.0, 613.0]
[48.0, 0.0, 866.0, 614.0]
[160.0, 32.0, 979.0, 646.0]
[80.0, 16.0, 900.0, 631.0]
[48.0, 0.0, 869.0, 616.0]
[160.0, 32.0, 982.0, 648.0]
[176.0, 32.0, 999.0, 649.0]
[80.0, 32.0, 904.0, 650.0]
[80.0, 16.0, 905.0, 635.0]
[160.0, 0.0, 986.0, 620.0]
[96.0, 32.0, 923.0, 652.0]
[128.0, 32.0, 956.0, 653.0]
[96.0, 32.0, 925.0, 654.0]
[128.0, 16.0, 958.0, 638.0]
[80.0, 0.0, 911.0, 623.0]
[160.0, 16.0, 992.0, 640.0]
[144.0, 16.0, 977.0, 641.0]
[128.0, 0.0, 962.0, 626.0]
[48.0, 0.0, 883.0, 626.0]
[96.0, 32.0, 932.0, 659.0]
[112.0, 32.0, 949.0, 660.0]
[32.0, 32.0, 870.0, 660.0]
[128.0, 16.0, 967.0, 645.0]
[128.0, 32.0, 968.0, 662.0]
[144.0, 16.0, 985.0, 647.0]
[160.0, 32.0, 1002.0, 664.0]
[64.0, 32.0, 907.0, 664.0]
[48.0, 32.0, 892.0, 665.0]
[80.0, 32.0, 925.0, 666.0]
[112.0, 16.0, 958.0, 650.0]
[128.0, 16.0, 975.0, 651.0]
[80.0, 32.0, 928.0, 668.0]
[32.0, 32.0, 881.0, 669.0]
[64.0, 0.0, 914.0, 638.0]
[144.0, 32.0, 995.0, 670.0]
[32.0, 0.0, 884.0, 639.0]
[96.0, 16.0, 949.0, 656.0]
[64.0, 32.0, 918.0, 672.0]
[112.0, 32.0, 967.0, 673.0]
[48.0, 0.0, 904.0, 642.0]
[64.0, 0.0, 921.0, 643.0]
[64.0, 0.0, 922.0, 644.0]
[16.0, 16.0, 875.0, 660.0]
[32.0, 0.0, 892.0, 645.0]
[144.0, 16.0, 1005.0, 662.0]
[48.0, 0.0, 910.0, 646.0]
[112.0, 0.0, 975.0, 647.0]
[144.0, 16.0, 1008.0, 664.0]
[96.0, 0.0, 961.0, 649.0]
[80.0, 16.0, 946.0, 666.0]
[128.0, 32.0, 995.0, 682.0]
[80.0, 16.0, 948.0, 667.0]
[96.0, 16.0, 965.0, 668.0]
[128.0, 0.0, 998.0, 652.0]
[112.0, 16.0, 983.0, 669.0]
[64.0, 16.0, 936.0, 670.0]
[80.0, 0.0, 953.0, 655.0]
[96.0, 16.0, 970.0, 672.0]
[16.0, 16.0, 891.0, 672.0]
[32.0, 0.0, 908.0, 657.0]
[112.0, 16.0, 989.0, 674.0]
[112.0, 0.0, 990.0, 658.0]
[80.0, 16.0, 959.0, 675.0]
[112.0, 16.0, 992.0, 676.0]
[112.0, 16.0, 993.0, 677.0]
[64.0, 0.0, 946.0, 662.0]
[80.0, 16.0, 963.0, 678.0]
[96.0, 0.0, 980.0, 663.0]
[96.0, 16.0, 981.0, 680.0]
[16.0, 0.0, 902.0, 664.0]
[16.0, 0.0, 903.0, 665.0]
[32.0, 0.0, 920.0, 666.0]
[80.0, 0.0, 969.0, 667.0]
[48.0, 0.0, 938.0, 668.0]
[32.0, 0.0, 923.0, 668.0]
[48.0, 0.0, 940.0, 669.0]
[32.0, 0.0, 925.0, 670.0]
[48.0, 0.0, 942.0, 670.0]
[80.0, 0.0, 975.0, 671.0]
[64.0, 0.0, 960.0, 672.0]
[64.0, 0.0, 961.0, 673.0]
[96.0, 0.0, 994.0, 674.0]
[64.0, 0.0, 963.0, 674.0]
[80.0, 0.0, 980.0, 675.0]
[48.0, 0.0, 949.0, 676.0]
[80.0, 0.0, 982.0, 676.0]
[80.0, 0.0, 983.0, 677.0]
[64.0, 0.0, 968.0, 678.0]
[80.0, 0.0, 985.0, 679.0]
[48.0, 0.0, 954.0, 680.0]
[80.0, 0.0, 987.0, 680.0]
[96.0, 0.0, 1004.0, 681.0]
[80.0, 0.0, 989.0, 682.0]
[32.0, 0.0, 942.0, 682.0]
[32.0, 0.0, 943.0, 683.0]
