[128.0, 16.0, 722.0, 462.0]
[128.0, 32.0, 723.0, 478.0]
[224.0, 0.0, 820.0, 447.0]
[144.0, 32.0, 741.0, 480.0]
[144.0, 16.0, 742.0, 464.0]
[96.0, 48.0, 695.0, 497.0]
[224.0, 32.0, 824.0, 482.0]
[192.0, 0.0, 793.0, 451.0]
[128.0, 48.0, 730.0, 500.0]
[96.0, 32.0, 699.0, 484.0]
[192.0, 16.0, 796.0, 469.0]
[80.0, 32.0, 685.0, 486.0]
[192.0, 32.0, 798.0, 486.0]
[144.0, 16.0, 751.0, 471.0]
[112.0, 0.0, 720.0, 456.0]
[96.0, 0.0, 705.0, 457.0]
[128.0, 0.0, 738.0, 458.0]
[176.0, 32.0, 787.0, 490.0]
[176.0, 48.0, 788.0, 507.0]
[160.0, 0.0, 773.0, 460.0]
[128.0, 16.0, 742.0, 476.0]
[176.0, 16.0, 791.0, 477.0]
[96.0, 0.0, 712.0, 462.0]
[96.0, 32.0, 713.0, 495.0]
[128.0, 0.0, 746.0, 464.0]
[144.0, 32.0, 763.0, 496.0]
[208.0, 32.0, 828.0, 497.0]
[112.0, 16.0, 733.0, 482.0]
[80.0, 32.0, 702.0, 498.0]
[80.0, 0.0, 703.0, 467.0]
[96.0, 48.0, 720.0, 516.0]
[96.0, 48.0, 721.0, 517.0]
[128.0, 16.0, 754.0, 486.0]
[192.0, 48.0, 819.0, 518.0]
[208.0, 16.0, 836.0, 487.0]
[80.0, 16.0, 709.0, 488.0]
[112.0, 32.0, 742.0, 504.0]
[176.0, 16.0, 807.0, 489.0]
[160.0, 0.0, 792.0, 474.0]
[144.0, 32.0, 777.0, 507.0]
[80.0, 0.0, 714.0, 476.0]
[144.0, 16.0, 779.0, 492.0]
[208.0, 16.0, 844.0, 493.0]
[144.0, 0.0, 781.0, 478.0]
[160.0, 0.0, 798.0, 478.0]
[128.0, 0.0, 767.0, 479.0]
[112.0, 48.0, 752.0, 528.0]
[80.0, 16.0, 721.0, 497.0]
[176.0, 32.0, 818.0, 514.0]
[64.0, 32.0, 707.0, 514.0]
[192.0, 32.0, 836.0, 515.0]
[144.0, 16.0, 789.0, 500.0]
[96.0, 48.0, 742.0, 532.0]
[144.0, 32.0, 791.0, 517.0]
[128.0, 48.0, 776.0, 534.0]
[128.0, 16.0, 777.0, 503.0]
[176.0, 16.0, 826.0, 504.0]
[112.0, 32.0, 763.0, 520.0]
[96.0, 16.0, 748.0, 505.0]
[144.0, 16.0, 797.0, 506.0]
[128.0, 32.0, 782.0, 522.0]
[160.0, 16.0, 815.0, 507.0]
[176.0, 16.0, 832.0, 508.0]
[80.0, 16.0, 737.0, 509.0]
[160.0, 48.0, 818.0, 542.0]
[128.0, 0.0, 787.0, 494.0]
[144.0, 48.0, 804.0, 543.0]
[96.0, 48.0, 757.0, 544.0]
[112.0, 48.0, 774.0, 544.0]
[112.0, 0.0, 775.0, 497.0]
[160.0, 0.0, 824.0, 498.0]
[176.0, 0.0, 841.0, 499.0]
[160.0, 48.0, 826.0, 548.0]
[112.0, 32.0, 779.0, 532.0]
[112.0, 48.0, 780.0, 549.0]
[160.0, 48.0, 829.0, 550.0]
[80.0, 32.0, 750.0, 534.0]
[144.0, 16.0, 815.0, 519.0]
[96.0, 16.0, 768.0, 520.0]
[112.0, 48.0, 785.0, 553.0]
[160.0, 0.0, 834.0, 506.0]
[96.0, 0.0, 771.0, 506.0]
[80.0, 16.0, 756.0, 523.0]
[80.0, 32.0, 757.0, 540.0]
[128.0, 16.0, 806.0, 524.0]
[96.0, 0.0, 775.0, 509.0]
[144.0, 0.0, 824.0, 510.0]
[144.0, 0.0, 825.0, 511.0]
[112.0, 16.0, 794.0, 528.0]
[128.0, 32.0, 811.0, 544.0]
[96.0, 16.0, 780.0, 529.0]
[144.0, 16.0, 829.0, 530.0]
[160.0, 32.0, 846.0, 546.0]
[64.0, 32.0, 751.0, 547.0]
[64.0, 0.0, 752.0, 516.0]
[64.0, 0.0, 753.0, 517.0]
[96.0, 32.0, 786.0, 550.0]
[112.0, 16.0, 803.0, 534.0]
[128.0, 32.0, 820.0, 551.0]
[144.0, 16.0, 837.0, 536.0]
[112.0, 32.0, 806.0, 552.0]
[144.0, 0.0, 839.0, 521.0]
[128.0, 32.0, 824.0, 554.0]
[96.0, 48.0, 793.0, 571.0]
[128.0, 48.0, 826.0, 572.0]
[96.0, 32.0, 795.0, 556.0]
[112.0, 0.0, 812.0, 525.0]
[112.0, 48.0, 813.0, 574.0]
[128.0, 16.0, 830.0, 542.0]
[80.0, 0.0, 783.0, 527.0]
[112.0, 48.0, 816.0, 576.0]
[96.0, 32.0, 801.0, 561.0]
[80.0, 16.0, 786.0, 546.0]
[96.0, 0.0, 803.0, 530.0]
[128.0, 32.0, 836.0, 563.0]
[64.0, 16.0, 773.0, 548.0]
[112.0, 16.0, 822.0, 548.0]
[64.0, 16.0, 775.0, 549.0]
[112.0, 48.0, 824.0, 582.0]
[96.0, 32.0, 809.0, 567.0]
[64.0, 32.0, 778.0, 568.0]
[112.0, 0.0, 827.0, 536.0]
[112.0, 16.0, 828.0, 553.0]
[96.0, 32.0, 813.0, 570.0]
[64.0, 16.0, 782.0, 554.0]
[96.0, 16.0, 815.0, 555.0]
[80.0, 0.0, 800.0, 540.0]
[96.0, 16.0, 817.0, 557.0]
[80.0, 16.0, 802.0, 558.0]
[112.0, 32.0, 835.0, 574.0]
[112.0, 16.0, 836.0, 559.0]
[64.0, 32.0, 789.0, 576.0]
[112.0, 0.0, 838.0, 544.0]
[96.0, 0.0, 823.0, 545.0]
[112.0, 0.0, 840.0, 546.0]
[80.0, 16.0, 809.0, 563.0]
[80.0, 16.0, 810.0, 564.0]
[112.0, 32.0, 843.0, 580.0]
[80.0, 32.0, 812.0, 581.0]
[64.0, 16.0, 797.0, 566.0]
[112.0, 32.0, 846.0, 582.0]
[80.0, 16.0, 815.0, 567.0]
[112.0, 32.0, 848.0, 584.0]
[96.0, 16.0, 833.0, 569.0]
[64.0, 0.0, 802.0, 554.0]
[64.0, 0.0, 803.0, 554.0]
[64.0, 0.0, 804.0, 555.0]
[80.0, 32.0, 821.0, 588.0]
[96.0, 0.0, 838.0, 556.0]
[80.0, 16.0, 823.0, 573.0]
[96.0, 32.0, 840.0, 590.0]
[96.0, 32.0, 841.0, 591.0]
[80.0, 16.0, 826.0, 576.0]
[80.0, 0.0, 827.0, 560.0]
[64.0, 0.0, 812.0, 561.0]
[64.0, 0.0, 813.0, 562.0]
[96.0, 16.0, 846.0, 578.0]
[64.0, 0.0, 815.0, 563.0]
[96.0, 16.0, 848.0, 580.0]
[96.0, 16.0, 849.0, 581.0]
[64.0, 16.0, 818.0, 582.0]
[64.0, 0.0, 819.0, 566.0]
[64.0, 16.0, 820.0, 583.0]
