[208.0, 144.0, 925.0, 682.0]
[112.0, 96.0, 830.0, 634.0]
[128.0, 128.0, 847.0, 667.0]
[176.0, 96.0, 896.0, 636.0]
[80.0, 128.0, 801.0, 669.0]
[128.0, 96.0, 850.0, 638.0]
[160.0, 128.0, 883.0, 670.0]
[48.0, 80.0, 772.0, 623.0]
[128.0, 112.0, 853.0, 656.0]
[160.0, 80.0, 886.0, 624.0]
[80.0, 96.0, 807.0, 641.0]
[176.0, 128.0, 904.0, 674.0]
[160.0, 128.0, 889.0, 675.0]
[160.0, 128.0, 890.0, 676.0]
[128.0, 112.0, 859.0, 660.0]
[32.0, 128.0, 764.0, 677.0]
[160.0, 128.0, 893.0, 678.0]
[0.0, 112.0, 734.0, 662.0]
[112.0, 64.0, 847.0, 615.0]
[192.0, 128.0, 928.0, 680.0]
[0.0, 112.0, 737.0, 665.0]
[0.0, 96.0, 738.0, 650.0]
[208.0, 96.0, 947.0, 650.0]
[144.0, 96.0, 884.0, 651.0]
[176.0, 80.0, 917.0, 636.0]
[32.0, 80.0, 774.0, 636.0]
[144.0, 112.0, 887.0, 669.0]
[0.0, 112.0, 744.0, 670.0]
[192.0, 112.0, 937.0, 671.0]
[96.0, 64.0, 842.0, 624.0]
[48.0, 64.0, 795.0, 624.0]
[112.0, 96.0, 860.0, 657.0]
[144.0, 96.0, 893.0, 658.0]
[128.0, 96.0, 878.0, 658.0]
[128.0, 112.0, 879.0, 675.0]
[128.0, 112.0, 880.0, 676.0]
[96.0, 80.0, 849.0, 645.0]
[160.0, 80.0, 914.0, 646.0]
[128.0, 80.0, 883.0, 646.0]
[144.0, 64.0, 900.0, 631.0]
[160.0, 96.0, 917.0, 664.0]
[16.0, 96.0, 774.0, 664.0]
[96.0, 112.0, 855.0, 681.0]
[80.0, 96.0, 840.0, 666.0]
[160.0, 80.0, 921.0, 651.0]
[160.0, 64.0, 922.0, 636.0]
[64.0, 96.0, 827.0, 668.0]
[160.0, 64.0, 924.0, 637.0]
[80.0, 48.0, 845.0, 622.0]
[64.0, 96.0, 830.0, 670.0]
[112.0, 80.0, 879.0, 655.0]
[32.0, 80.0, 800.0, 656.0]
[16.0, 80.0, 785.0, 657.0]
[96.0, 48.0, 866.0, 626.0]
[144.0, 48.0, 915.0, 626.0]
[112.0, 96.0, 884.0, 675.0]
[160.0, 96.0, 933.0, 676.0]
[64.0, 64.0, 838.0, 644.0]
[96.0, 64.0, 871.0, 645.0]
[144.0, 48.0, 920.0, 630.0]
[112.0, 32.0, 889.0, 615.0]
[16.0, 96.0, 794.0, 680.0]
[64.0, 96.0, 843.0, 680.0]
[112.0, 64.0, 892.0, 649.0]
[16.0, 48.0, 797.0, 634.0]
[128.0, 48.0, 910.0, 634.0]
[64.0, 32.0, 847.0, 619.0]
[144.0, 64.0, 928.0, 652.0]
[80.0, 80.0, 865.0, 669.0]
[16.0, 64.0, 802.0, 654.0]
[32.0, 80.0, 819.0, 670.0]
[64.0, 80.0, 852.0, 671.0]
[80.0, 64.0, 869.0, 656.0]
[112.0, 48.0, 902.0, 640.0]
[128.0, 80.0, 919.0, 673.0]
[96.0, 64.0, 888.0, 658.0]
[16.0, 80.0, 809.0, 675.0]
[128.0, 80.0, 922.0, 676.0]
[32.0, 80.0, 827.0, 676.0]
[16.0, 48.0, 812.0, 645.0]
[160.0, 64.0, 957.0, 662.0]
[32.0, 48.0, 830.0, 646.0]
[160.0, 80.0, 959.0, 679.0]
[48.0, 64.0, 848.0, 664.0]
[32.0, 80.0, 833.0, 681.0]
[112.0, 32.0, 914.0, 634.0]
[64.0, 16.0, 867.0, 618.0]
[48.0, 32.0, 852.0, 635.0]
[48.0, 32.0, 853.0, 636.0]
[16.0, 32.0, 822.0, 636.0]
[16.0, 48.0, 823.0, 653.0]
[96.0, 64.0, 904.0, 670.0]
[96.0, 32.0, 905.0, 639.0]
[96.0, 16.0, 906.0, 624.0]
[128.0, 64.0, 939.0, 672.0]
[64.0, 32.0, 876.0, 641.0]
[64.0, 64.0, 877.0, 674.0]
[16.0, 48.0, 830.0, 658.0]
[80.0, 32.0, 895.0, 643.0]
[64.0, 48.0, 880.0, 660.0]
[64.0, 48.0, 881.0, 661.0]
[96.0, 16.0, 914.0, 630.0]
[80.0, 48.0, 899.0, 662.0]
[48.0, 32.0, 868.0, 647.0]
[128.0, 64.0, 949.0, 680.0]
[16.0, 32.0, 838.0, 648.0]
[112.0, 64.0, 935.0, 681.0]
[0.0, 48.0, 824.0, 666.0]
[48.0, 32.0, 873.0, 651.0]
[112.0, 32.0, 938.0, 652.0]
[96.0, 48.0, 923.0, 668.0]
[96.0, 32.0, 924.0, 653.0]
[32.0, 32.0, 861.0, 654.0]
[16.0, 16.0, 846.0, 638.0]
[64.0, 0.0, 895.0, 623.0]
[48.0, 32.0, 880.0, 656.0]
[0.0, 32.0, 833.0, 657.0]
[0.0, 48.0, 834.0, 674.0]
[80.0, 16.0, 915.0, 642.0]
[32.0, 48.0, 868.0, 675.0]
[48.0, 16.0, 885.0, 644.0]
[80.0, 48.0, 918.0, 676.0]
[96.0, 48.0, 935.0, 677.0]
[16.0, 16.0, 856.0, 646.0]
[32.0, 48.0, 873.0, 679.0]
[80.0, 48.0, 922.0, 680.0]
[32.0, 48.0, 875.0, 680.0]
[64.0, 32.0, 908.0, 665.0]
[112.0, 32.0, 957.0, 666.0]
[48.0, 0.0, 894.0, 634.0]
[80.0, 48.0, 927.0, 683.0]
[80.0, 0.0, 928.0, 636.0]
[48.0, 0.0, 897.0, 637.0]
[96.0, 16.0, 946.0, 654.0]
[48.0, 0.0, 899.0, 638.0]
[48.0, 32.0, 900.0, 671.0]
[96.0, 16.0, 949.0, 656.0]
[16.0, 16.0, 870.0, 656.0]
[80.0, 32.0, 935.0, 673.0]
[80.0, 16.0, 936.0, 658.0]
[32.0, 0.0, 889.0, 643.0]
[64.0, 16.0, 922.0, 660.0]
[32.0, 0.0, 891.0, 644.0]
[16.0, 16.0, 876.0, 661.0]
[80.0, 0.0, 941.0, 646.0]
[48.0, 32.0, 910.0, 678.0]
[16.0, 16.0, 879.0, 663.0]
[48.0, 32.0, 912.0, 680.0]
[64.0, 16.0, 929.0, 665.0]
[48.0, 32.0, 914.0, 682.0]
[16.0, 0.0, 883.0, 650.0]
[0.0, 16.0, 868.0, 667.0]
[48.0, 0.0, 917.0, 652.0]
[0.0, 16.0, 870.0, 668.0]
[32.0, 0.0, 903.0, 653.0]
[16.0, 16.0, 888.0, 670.0]
[80.0, 16.0, 953.0, 671.0]
[80.0, 16.0, 954.0, 672.0]
[80.0, 0.0, 955.0, 656.0]
[64.0, 16.0, 940.0, 673.0]
[64.0, 0.0, 941.0, 658.0]
[64.0, 16.0, 942.0, 674.0]
[0.0, 0.0, 879.0, 659.0]
[64.0, 0.0, 944.0, 660.0]
[64.0, 16.0, 945.0, 677.0]
[16.0, 0.0, 898.0, 662.0]
[16.0, 16.0, 899.0, 678.0]
[48.0, 16.0, 932.0, 679.0]
[0.0, 0.0, 885.0, 664.0]
[48.0, 0.0, 934.0, 664.0]
[16.0, 16.0, 903.0, 681.0]
[32.0, 0.0, 920.0, 666.0]
[48.0, 16.0, 937.0, 683.0]
[48.0, 0.0, 938.0, 668.0]
[32.0, 0.0, 923.0, 668.0]
[16.0, 0.0, 908.0, 669.0]
[64.0, 0.0, 957.0, 670.0]
[48.0, 0.0, 942.0, 670.0]
[16.0, 0.0, 911.0, 671.0]
[16.0, 0.0, 912.0, 672.0]
[32.0, 0.0, 929.0, 673.0]
[48.0, 0.0, 946.0, 674.0]
[48.0, 0.0, 947.0, 674.0]
[16.0, 0.0, 916.0, 675.0]
[0.0, 0.0, 901.0, 676.0]
[0.0, 0.0, 902.0, 676.0]
[16.0, 0.0, 919.0, 677.0]
[32.0, 0.0, 936.0, 678.0]
[0.0, 0.0, 905.0, 679.0]
[16.0, 0.0, 922.0, 680.0]
[0.0, 0.0, 907.0, 680.0]
[48.0, 0.0, 956.0, 681.0]
[0.0, 0.0, 909.0, 682.0]
[16.0, 0.0, 926.0, 682.0]
[16.0, 0.0, 927.0, 683.0]
