[144.0, 16.0, 861.0, 554.0]
[112.0, 0.0, 830.0, 538.0]
[240.0, 16.0, 959.0, 555.0]
[112.0, 16.0, 832.0, 556.0]
[96.0, 16.0, 817.0, 557.0]
[224.0, 0.0, 946.0, 542.0]
[64.0, 0.0, 787.0, 542.0]
[224.0, 16.0, 948.0, 559.0]
[176.0, 16.0, 901.0, 560.0]
[224.0, 0.0, 950.0, 544.0]
[208.0, 0.0, 935.0, 545.0]
[128.0, 16.0, 856.0, 562.0]
[160.0, 16.0, 889.0, 563.0]
[64.0, 0.0, 794.0, 548.0]
[208.0, 16.0, 939.0, 564.0]
[176.0, 0.0, 908.0, 549.0]
[96.0, 16.0, 829.0, 566.0]
[176.0, 16.0, 910.0, 566.0]
[176.0, 0.0, 911.0, 551.0]
[192.0, 16.0, 928.0, 568.0]
[176.0, 0.0, 913.0, 553.0]
[176.0, 16.0, 914.0, 570.0]
[208.0, 0.0, 947.0, 554.0]
[192.0, 16.0, 932.0, 571.0]
[192.0, 16.0, 933.0, 572.0]
[192.0, 16.0, 934.0, 572.0]
[96.0, 16.0, 839.0, 573.0]
[192.0, 16.0, 936.0, 574.0]
[160.0, 0.0, 905.0, 559.0]
[208.0, 0.0, 954.0, 560.0]
[176.0, 0.0, 923.0, 560.0]
[192.0, 16.0, 940.0, 577.0]
[112.0, 0.0, 861.0, 562.0]
[192.0, 0.0, 942.0, 562.0]
[64.0, 0.0, 815.0, 563.0]
[208.0, 0.0, 960.0, 564.0]
[80.0, 0.0, 833.0, 565.0]
[64.0, 0.0, 818.0, 566.0]
[128.0, 0.0, 883.0, 566.0]
[192.0, 0.0, 948.0, 567.0]
[160.0, 0.0, 917.0, 568.0]
[64.0, 0.0, 822.0, 568.0]
[64.0, 0.0, 823.0, 569.0]
[208.0, 0.0, 968.0, 570.0]
[144.0, 0.0, 905.0, 571.0]
[112.0, 0.0, 874.0, 572.0]
[80.0, 0.0, 843.0, 572.0]
[160.0, 0.0, 924.0, 573.0]
[160.0, 0.0, 925.0, 574.0]
[128.0, 0.0, 894.0, 574.0]
[128.0, 0.0, 895.0, 575.0]
[112.0, 0.0, 880.0, 576.0]
[128.0, 0.0, 897.0, 577.0]
