[240.0, 176.0, 957.0, 714.0]
[112.0, 160.0, 830.0, 698.0]
[192.0, 176.0, 911.0, 715.0]
[80.0, 192.0, 800.0, 732.0]
[96.0, 224.0, 817.0, 765.0]
[240.0, 176.0, 962.0, 718.0]
[144.0, 176.0, 867.0, 718.0]
[144.0, 192.0, 868.0, 735.0]
[160.0, 176.0, 885.0, 720.0]
[160.0, 208.0, 886.0, 752.0]
[192.0, 160.0, 919.0, 705.0]
[144.0, 192.0, 872.0, 738.0]
[48.0, 192.0, 777.0, 739.0]
[80.0, 176.0, 810.0, 724.0]
[224.0, 176.0, 955.0, 724.0]
[64.0, 176.0, 796.0, 725.0]
[112.0, 176.0, 845.0, 726.0]
[176.0, 144.0, 910.0, 694.0]
[112.0, 144.0, 847.0, 695.0]
[96.0, 208.0, 832.0, 760.0]
[48.0, 192.0, 785.0, 745.0]
[144.0, 192.0, 882.0, 746.0]
[80.0, 176.0, 819.0, 730.0]
[192.0, 192.0, 932.0, 747.0]
[144.0, 144.0, 885.0, 700.0]
[208.0, 192.0, 950.0, 748.0]
[144.0, 144.0, 887.0, 701.0]
[240.0, 208.0, 984.0, 766.0]
[240.0, 192.0, 985.0, 751.0]
[176.0, 176.0, 922.0, 736.0]
[80.0, 192.0, 827.0, 752.0]
[144.0, 144.0, 892.0, 705.0]
[128.0, 144.0, 877.0, 706.0]
[144.0, 128.0, 894.0, 690.0]
[80.0, 176.0, 831.0, 739.0]
[144.0, 128.0, 896.0, 692.0]
[160.0, 176.0, 913.0, 741.0]
[160.0, 176.0, 914.0, 742.0]
[176.0, 176.0, 931.0, 742.0]
[176.0, 192.0, 932.0, 759.0]
[128.0, 128.0, 885.0, 696.0]
[96.0, 176.0, 854.0, 744.0]
[96.0, 192.0, 855.0, 761.0]
[208.0, 160.0, 968.0, 730.0]
[176.0, 192.0, 937.0, 763.0]
[176.0, 144.0, 938.0, 716.0]
[80.0, 192.0, 843.0, 764.0]
[128.0, 144.0, 892.0, 717.0]
[128.0, 144.0, 893.0, 718.0]
[96.0, 176.0, 862.0, 750.0]
[224.0, 192.0, 991.0, 767.0]
[224.0, 176.0, 992.0, 752.0]
[112.0, 144.0, 881.0, 721.0]
[176.0, 160.0, 946.0, 738.0]
[96.0, 160.0, 867.0, 738.0]
[64.0, 176.0, 836.0, 755.0]
[176.0, 144.0, 949.0, 724.0]
[112.0, 144.0, 886.0, 724.0]
[160.0, 176.0, 935.0, 757.0]
[176.0, 176.0, 952.0, 758.0]
[176.0, 128.0, 953.0, 711.0]
[112.0, 176.0, 890.0, 760.0]
[48.0, 160.0, 827.0, 744.0]
[80.0, 176.0, 860.0, 761.0]
[176.0, 144.0, 957.0, 730.0]
[96.0, 160.0, 878.0, 746.0]
[176.0, 160.0, 959.0, 747.0]
[96.0, 160.0, 880.0, 748.0]
[128.0, 96.0, 913.0, 685.0]
[128.0, 160.0, 914.0, 750.0]
[64.0, 160.0, 851.0, 750.0]
[112.0, 144.0, 900.0, 735.0]
[144.0, 160.0, 933.0, 752.0]
[128.0, 160.0, 918.0, 752.0]
[112.0, 96.0, 903.0, 689.0]
[112.0, 112.0, 904.0, 706.0]
[112.0, 144.0, 905.0, 739.0]
[128.0, 144.0, 922.0, 740.0]
[144.0, 128.0, 939.0, 724.0]
[128.0, 160.0, 924.0, 757.0]
[96.0, 96.0, 893.0, 694.0]
[80.0, 160.0, 878.0, 758.0]
[80.0, 160.0, 879.0, 759.0]
[96.0, 128.0, 896.0, 728.0]
[96.0, 144.0, 897.0, 745.0]
[112.0, 128.0, 914.0, 730.0]
[48.0, 160.0, 851.0, 762.0]
[176.0, 128.0, 980.0, 731.0]
[112.0, 128.0, 917.0, 732.0]
[112.0, 160.0, 918.0, 764.0]
[96.0, 128.0, 903.0, 733.0]
[112.0, 128.0, 920.0, 734.0]
[144.0, 112.0, 953.0, 719.0]
[128.0, 160.0, 938.0, 768.0]
[144.0, 128.0, 955.0, 736.0]
[160.0, 144.0, 972.0, 753.0]
[48.0, 144.0, 861.0, 754.0]
[176.0, 128.0, 990.0, 738.0]
[96.0, 112.0, 911.0, 723.0]
[176.0, 144.0, 992.0, 756.0]
[128.0, 96.0, 945.0, 709.0]
[96.0, 128.0, 914.0, 742.0]
[112.0, 112.0, 931.0, 726.0]
[96.0, 112.0, 916.0, 727.0]
[80.0, 144.0, 901.0, 760.0]
[128.0, 96.0, 950.0, 712.0]
[32.0, 128.0, 855.0, 745.0]
[32.0, 144.0, 856.0, 762.0]
[128.0, 144.0, 953.0, 763.0]
[64.0, 112.0, 890.0, 732.0]
[64.0, 144.0, 891.0, 764.0]
[96.0, 112.0, 924.0, 733.0]
[96.0, 144.0, 925.0, 766.0]
[32.0, 128.0, 862.0, 750.0]
[160.0, 112.0, 991.0, 735.0]
[144.0, 112.0, 976.0, 736.0]
[96.0, 112.0, 929.0, 737.0]
[48.0, 112.0, 882.0, 738.0]
[32.0, 112.0, 867.0, 738.0]
[112.0, 128.0, 948.0, 755.0]
[112.0, 128.0, 949.0, 756.0]
[144.0, 112.0, 982.0, 740.0]
[48.0, 96.0, 887.0, 725.0]
[64.0, 112.0, 904.0, 742.0]
[80.0, 112.0, 921.0, 743.0]
[112.0, 96.0, 954.0, 728.0]
[80.0, 128.0, 923.0, 760.0]
[96.0, 128.0, 940.0, 761.0]
[48.0, 128.0, 893.0, 762.0]
[64.0, 112.0, 910.0, 746.0]
[96.0, 112.0, 943.0, 747.0]
[80.0, 96.0, 928.0, 732.0]
[64.0, 128.0, 913.0, 765.0]
[64.0, 112.0, 914.0, 750.0]
[80.0, 96.0, 931.0, 734.0]
[48.0, 128.0, 900.0, 767.0]
[112.0, 112.0, 965.0, 752.0]
[32.0, 96.0, 886.0, 736.0]
[112.0, 96.0, 967.0, 737.0]
[64.0, 96.0, 920.0, 738.0]
[112.0, 112.0, 969.0, 755.0]
[96.0, 96.0, 954.0, 740.0]
[64.0, 112.0, 923.0, 756.0]
[112.0, 96.0, 972.0, 741.0]
[48.0, 112.0, 909.0, 758.0]
[96.0, 96.0, 958.0, 742.0]
[48.0, 112.0, 911.0, 759.0]
[32.0, 96.0, 896.0, 744.0]
[112.0, 112.0, 977.0, 761.0]
