[160.0, 32.0, 877.0, 570.0]
[160.0, 48.0, 878.0, 586.0]
[176.0, 32.0, 895.0, 571.0]
[80.0, 32.0, 800.0, 572.0]
[32.0, 64.0, 753.0, 605.0]
[192.0, 48.0, 914.0, 590.0]
[144.0, 48.0, 867.0, 590.0]
[32.0, 64.0, 756.0, 607.0]
[48.0, 64.0, 773.0, 608.0]
[80.0, 48.0, 806.0, 592.0]
[272.0, 48.0, 999.0, 593.0]
[272.0, 48.0, 1000.0, 594.0]
[80.0, 48.0, 809.0, 595.0]
[64.0, 64.0, 794.0, 612.0]
[48.0, 48.0, 779.0, 596.0]
[128.0, 32.0, 860.0, 581.0]
[208.0, 48.0, 941.0, 598.0]
[256.0, 48.0, 990.0, 598.0]
[224.0, 48.0, 959.0, 599.0]
[176.0, 16.0, 912.0, 568.0]
[272.0, 48.0, 1009.0, 601.0]
[208.0, 64.0, 946.0, 618.0]
[128.0, 32.0, 867.0, 586.0]
[240.0, 16.0, 980.0, 571.0]
[96.0, 16.0, 837.0, 572.0]
[240.0, 16.0, 982.0, 572.0]
[240.0, 48.0, 983.0, 605.0]
[48.0, 32.0, 792.0, 590.0]
[32.0, 32.0, 777.0, 591.0]
[32.0, 48.0, 778.0, 608.0]
[32.0, 32.0, 779.0, 592.0]
[192.0, 0.0, 940.0, 561.0]
[272.0, 48.0, 1021.0, 610.0]
[192.0, 16.0, 942.0, 578.0]
[80.0, 0.0, 831.0, 563.0]
[32.0, 64.0, 784.0, 628.0]
[48.0, 32.0, 801.0, 597.0]
[64.0, 0.0, 818.0, 566.0]
[192.0, 80.0, 947.0, 646.0]
[192.0, 0.0, 948.0, 567.0]
[256.0, 32.0, 1013.0, 600.0]
[240.0, 48.0, 998.0, 616.0]
[32.0, 0.0, 791.0, 569.0]
[32.0, 0.0, 792.0, 570.0]
[176.0, 0.0, 937.0, 571.0]
[160.0, 48.0, 922.0, 620.0]
[48.0, 0.0, 811.0, 572.0]
[32.0, 64.0, 796.0, 637.0]
[96.0, 64.0, 861.0, 638.0]
[96.0, 32.0, 862.0, 606.0]
[240.0, 32.0, 1007.0, 607.0]
[80.0, 48.0, 848.0, 624.0]
[96.0, 16.0, 865.0, 593.0]
[32.0, 64.0, 802.0, 642.0]
[112.0, 32.0, 883.0, 610.0]
[96.0, 0.0, 868.0, 579.0]
[240.0, 16.0, 1013.0, 596.0]
[112.0, 80.0, 886.0, 660.0]
[128.0, 32.0, 903.0, 613.0]
[64.0, 0.0, 840.0, 582.0]
[64.0, 64.0, 841.0, 647.0]
[64.0, 0.0, 842.0, 584.0]
[192.0, 32.0, 971.0, 616.0]
[128.0, 64.0, 908.0, 649.0]
[32.0, 0.0, 813.0, 586.0]
[144.0, 48.0, 926.0, 634.0]
[96.0, 32.0, 879.0, 619.0]
[128.0, 16.0, 912.0, 604.0]
[176.0, 48.0, 961.0, 637.0]
[64.0, 48.0, 850.0, 638.0]
[224.0, 32.0, 1011.0, 622.0]
[64.0, 64.0, 852.0, 655.0]
[64.0, 64.0, 853.0, 656.0]
[224.0, 48.0, 1014.0, 640.0]
[16.0, 0.0, 807.0, 593.0]
[128.0, 0.0, 920.0, 594.0]
[112.0, 0.0, 905.0, 595.0]
[192.0, 0.0, 986.0, 596.0]
[32.0, 32.0, 827.0, 628.0]
[224.0, 0.0, 1020.0, 597.0]
[160.0, 64.0, 957.0, 662.0]
[32.0, 16.0, 830.0, 614.0]
[128.0, 48.0, 927.0, 647.0]
[128.0, 48.0, 928.0, 648.0]
[0.0, 16.0, 801.0, 617.0]
[0.0, 0.0, 802.0, 602.0]
[80.0, 0.0, 883.0, 602.0]
[48.0, 48.0, 852.0, 651.0]
[0.0, 0.0, 805.0, 604.0]
[80.0, 48.0, 886.0, 652.0]
[96.0, 32.0, 903.0, 637.0]
[160.0, 16.0, 968.0, 622.0]
[0.0, 32.0, 809.0, 639.0]
[144.0, 32.0, 954.0, 640.0]
[192.0, 64.0, 1003.0, 672.0]
[80.0, 32.0, 892.0, 641.0]
[32.0, 48.0, 845.0, 658.0]
[64.0, 16.0, 878.0, 626.0]
[64.0, 48.0, 879.0, 659.0]
[208.0, 0.0, 1024.0, 612.0]
[80.0, 64.0, 897.0, 677.0]
[112.0, 48.0, 930.0, 662.0]
[144.0, 0.0, 963.0, 614.0]
[128.0, 16.0, 948.0, 631.0]
[144.0, 48.0, 965.0, 664.0]
[128.0, 32.0, 950.0, 648.0]
[64.0, 0.0, 887.0, 617.0]
[48.0, 64.0, 872.0, 682.0]
[160.0, 48.0, 985.0, 667.0]
[48.0, 80.0, 874.0, 700.0]
[112.0, 80.0, 939.0, 700.0]
[176.0, 48.0, 1004.0, 669.0]
[112.0, 64.0, 941.0, 686.0]
[160.0, 48.0, 990.0, 670.0]
[128.0, 80.0, 959.0, 703.0]
[112.0, 64.0, 944.0, 688.0]
[112.0, 64.0, 945.0, 689.0]
[80.0, 48.0, 914.0, 674.0]
[112.0, 64.0, 947.0, 690.0]
[96.0, 48.0, 932.0, 675.0]
[160.0, 16.0, 997.0, 644.0]
[144.0, 32.0, 982.0, 660.0]
[160.0, 0.0, 999.0, 629.0]
[112.0, 64.0, 952.0, 694.0]
[96.0, 32.0, 937.0, 663.0]
[128.0, 0.0, 970.0, 632.0]
[16.0, 0.0, 859.0, 632.0]
[32.0, 0.0, 876.0, 633.0]
[160.0, 48.0, 1005.0, 682.0]
[128.0, 16.0, 974.0, 650.0]
[112.0, 64.0, 959.0, 699.0]
[0.0, 16.0, 848.0, 652.0]
[48.0, 80.0, 897.0, 717.0]
[16.0, 0.0, 866.0, 638.0]
[112.0, 0.0, 963.0, 638.0]
[64.0, 80.0, 916.0, 719.0]
[128.0, 16.0, 981.0, 656.0]
[32.0, 32.0, 886.0, 672.0]
[0.0, 48.0, 855.0, 689.0]
[96.0, 64.0, 952.0, 706.0]
[32.0, 32.0, 889.0, 675.0]
[128.0, 48.0, 986.0, 692.0]
[32.0, 64.0, 891.0, 708.0]
[112.0, 32.0, 972.0, 677.0]
[96.0, 80.0, 957.0, 726.0]
[144.0, 32.0, 1006.0, 678.0]
[144.0, 48.0, 1007.0, 695.0]
[64.0, 48.0, 928.0, 696.0]
[48.0, 0.0, 913.0, 649.0]
[128.0, 64.0, 994.0, 714.0]
[16.0, 48.0, 883.0, 698.0]
[96.0, 16.0, 964.0, 667.0]
[16.0, 64.0, 885.0, 716.0]
[64.0, 48.0, 934.0, 700.0]
[80.0, 16.0, 951.0, 669.0]
[80.0, 0.0, 952.0, 654.0]
[32.0, 16.0, 905.0, 671.0]
[16.0, 48.0, 890.0, 704.0]
[112.0, 16.0, 987.0, 672.0]
[128.0, 64.0, 1004.0, 721.0]
[32.0, 48.0, 909.0, 706.0]
[0.0, 0.0, 878.0, 658.0]
[96.0, 16.0, 975.0, 675.0]
[80.0, 0.0, 960.0, 660.0]
[0.0, 16.0, 881.0, 677.0]
[80.0, 32.0, 962.0, 694.0]
[16.0, 64.0, 899.0, 726.0]
[96.0, 48.0, 980.0, 711.0]
[80.0, 16.0, 965.0, 680.0]
[64.0, 16.0, 950.0, 680.0]
[16.0, 0.0, 903.0, 665.0]
[96.0, 0.0, 984.0, 666.0]
[112.0, 16.0, 1001.0, 683.0]
[64.0, 0.0, 954.0, 668.0]
[64.0, 32.0, 955.0, 700.0]
[48.0, 32.0, 940.0, 701.0]
[96.0, 16.0, 989.0, 686.0]
[48.0, 32.0, 942.0, 702.0]
[16.0, 32.0, 911.0, 703.0]
[96.0, 16.0, 992.0, 688.0]
[32.0, 32.0, 929.0, 705.0]
[64.0, 48.0, 962.0, 722.0]
[48.0, 32.0, 947.0, 706.0]
[32.0, 32.0, 932.0, 707.0]
[64.0, 0.0, 965.0, 676.0]
[48.0, 48.0, 950.0, 724.0]
[0.0, 48.0, 903.0, 725.0]
[96.0, 64.0, 1000.0, 742.0]
[96.0, 0.0, 1001.0, 679.0]
[48.0, 64.0, 954.0, 744.0]
[112.0, 32.0, 1019.0, 712.0]
[96.0, 64.0, 1004.0, 745.0]
[96.0, 16.0, 1005.0, 698.0]
[112.0, 16.0, 1022.0, 698.0]
[0.0, 0.0, 911.0, 683.0]
[0.0, 48.0, 912.0, 732.0]
[0.0, 48.0, 913.0, 733.0]
[16.0, 64.0, 930.0, 750.0]
[32.0, 64.0, 947.0, 750.0]
[16.0, 48.0, 932.0, 735.0]
[48.0, 32.0, 965.0, 720.0]
[96.0, 32.0, 1014.0, 720.0]
[96.0, 16.0, 1015.0, 705.0]
[16.0, 0.0, 936.0, 690.0]
[48.0, 16.0, 969.0, 707.0]
[48.0, 16.0, 970.0, 708.0]
[64.0, 64.0, 987.0, 756.0]
[48.0, 16.0, 972.0, 709.0]
[48.0, 48.0, 973.0, 742.0]
[96.0, 32.0, 1022.0, 726.0]
[32.0, 64.0, 959.0, 759.0]
[48.0, 16.0, 976.0, 712.0]
[32.0, 48.0, 961.0, 745.0]
[0.0, 48.0, 930.0, 746.0]
[48.0, 64.0, 979.0, 762.0]
[32.0, 16.0, 964.0, 715.0]
[48.0, 48.0, 981.0, 748.0]
[16.0, 64.0, 950.0, 764.0]
[32.0, 0.0, 967.0, 701.0]
[80.0, 16.0, 1016.0, 718.0]
[32.0, 48.0, 969.0, 751.0]
[32.0, 0.0, 970.0, 704.0]
[80.0, 0.0, 1019.0, 704.0]
[0.0, 32.0, 940.0, 737.0]
[0.0, 16.0, 941.0, 722.0]
[0.0, 16.0, 942.0, 722.0]
[48.0, 0.0, 991.0, 707.0]
[0.0, 48.0, 944.0, 756.0]
[32.0, 48.0, 977.0, 757.0]
[32.0, 48.0, 978.0, 758.0]
[16.0, 16.0, 963.0, 726.0]
[16.0, 0.0, 964.0, 711.0]
[0.0, 0.0, 949.0, 712.0]
[0.0, 32.0, 950.0, 744.0]
[48.0, 16.0, 999.0, 729.0]
[16.0, 16.0, 968.0, 730.0]
[64.0, 0.0, 1017.0, 715.0]
[48.0, 32.0, 1002.0, 748.0]
[0.0, 16.0, 955.0, 732.0]
[32.0, 0.0, 988.0, 717.0]
[32.0, 48.0, 989.0, 766.0]
[48.0, 0.0, 1006.0, 718.0]
[64.0, 32.0, 1023.0, 751.0]
[64.0, 16.0, 1024.0, 736.0]
[32.0, 32.0, 993.0, 753.0]
[16.0, 32.0, 978.0, 754.0]
[48.0, 16.0, 1011.0, 738.0]
[32.0, 0.0, 996.0, 723.0]
[48.0, 32.0, 1013.0, 756.0]
[16.0, 16.0, 982.0, 740.0]
[0.0, 0.0, 967.0, 725.0]
[32.0, 16.0, 1000.0, 742.0]
[16.0, 16.0, 985.0, 743.0]
[32.0, 32.0, 1002.0, 760.0]
[48.0, 16.0, 1019.0, 744.0]
[0.0, 16.0, 972.0, 745.0]
[16.0, 32.0, 989.0, 762.0]
[32.0, 32.0, 1006.0, 762.0]
[32.0, 32.0, 1007.0, 763.0]
[32.0, 16.0, 1008.0, 748.0]
[0.0, 32.0, 977.0, 765.0]
[0.0, 32.0, 978.0, 766.0]
[32.0, 0.0, 1011.0, 734.0]
[0.0, 0.0, 980.0, 735.0]
[0.0, 0.0, 981.0, 736.0]
[0.0, 0.0, 982.0, 736.0]
[16.0, 16.0, 999.0, 753.0]
[0.0, 16.0, 984.0, 754.0]
[0.0, 16.0, 985.0, 755.0]
[16.0, 16.0, 1002.0, 756.0]
[0.0, 0.0, 987.0, 740.0]
[0.0, 0.0, 988.0, 741.0]
[32.0, 0.0, 1021.0, 742.0]
[16.0, 16.0, 1006.0, 758.0]
[0.0, 16.0, 991.0, 759.0]
[16.0, 0.0, 1008.0, 744.0]
[0.0, 0.0, 993.0, 745.0]
[0.0, 0.0, 994.0, 746.0]
[16.0, 0.0, 1011.0, 746.0]
[16.0, 0.0, 1012.0, 747.0]
[16.0, 16.0, 1013.0, 764.0]
[0.0, 16.0, 998.0, 764.0]
[16.0, 16.0, 1015.0, 765.0]
[0.0, 0.0, 1000.0, 750.0]
[16.0, 0.0, 1017.0, 751.0]
[16.0, 0.0, 1018.0, 752.0]
[0.0, 16.0, 1003.0, 768.0]
[0.0, 0.0, 1004.0, 753.0]
[16.0, 0.0, 1021.0, 754.0]
[0.0, 0.0, 1006.0, 754.0]
[0.0, 0.0, 1007.0, 755.0]
[0.0, 0.0, 1008.0, 756.0]
[0.0, 0.0, 1009.0, 757.0]
[0.0, 0.0, 1010.0, 758.0]
[0.0, 0.0, 1011.0, 758.0]
[0.0, 0.0, 1012.0, 759.0]
[0.0, 0.0, 1013.0, 760.0]
[0.0, 0.0, 1014.0, 760.0]
