[48.0, 48.0, 765.0, 586.0]
[64.0, 64.0, 782.0, 602.0]
[32.0, 112.0, 751.0, 651.0]
[80.0, 32.0, 800.0, 572.0]
[80.0, 80.0, 801.0, 621.0]
[128.0, 16.0, 850.0, 558.0]
[96.0, 80.0, 819.0, 622.0]
[160.0, 32.0, 884.0, 575.0]
[80.0, 96.0, 805.0, 640.0]
[32.0, 48.0, 758.0, 592.0]
[32.0, 48.0, 759.0, 593.0]
[160.0, 64.0, 888.0, 610.0]
[32.0, 96.0, 761.0, 643.0]
[176.0, 112.0, 906.0, 660.0]
[144.0, 64.0, 875.0, 612.0]
[96.0, 128.0, 828.0, 677.0]
[192.0, 80.0, 925.0, 630.0]
[96.0, 128.0, 830.0, 678.0]
[64.0, 112.0, 799.0, 663.0]
[32.0, 32.0, 768.0, 584.0]
[176.0, 64.0, 913.0, 617.0]
[48.0, 32.0, 786.0, 586.0]
[176.0, 64.0, 915.0, 618.0]
[128.0, 112.0, 868.0, 667.0]
[32.0, 112.0, 773.0, 668.0]
[112.0, 32.0, 854.0, 588.0]
[16.0, 64.0, 759.0, 621.0]
[192.0, 96.0, 936.0, 654.0]
[144.0, 16.0, 889.0, 575.0]
[112.0, 80.0, 858.0, 640.0]
[96.0, 64.0, 843.0, 624.0]
[64.0, 64.0, 812.0, 625.0]
[80.0, 64.0, 829.0, 626.0]
[128.0, 48.0, 878.0, 610.0]
[0.0, 48.0, 751.0, 611.0]
[32.0, 112.0, 784.0, 676.0]
[80.0, 0.0, 833.0, 565.0]
[48.0, 80.0, 802.0, 646.0]
[192.0, 64.0, 947.0, 630.0]
[48.0, 112.0, 804.0, 679.0]
[32.0, 48.0, 789.0, 616.0]
[96.0, 0.0, 854.0, 568.0]
[96.0, 96.0, 855.0, 665.0]
[64.0, 96.0, 824.0, 666.0]
[128.0, 96.0, 889.0, 667.0]
[0.0, 16.0, 762.0, 588.0]
[48.0, 112.0, 811.0, 684.0]
[192.0, 64.0, 956.0, 637.0]
[112.0, 64.0, 877.0, 638.0]
[160.0, 16.0, 926.0, 590.0]
[112.0, 16.0, 879.0, 591.0]
[16.0, 80.0, 784.0, 656.0]
[144.0, 32.0, 913.0, 609.0]
[64.0, 16.0, 834.0, 594.0]
[48.0, 48.0, 819.0, 626.0]
[144.0, 48.0, 916.0, 627.0]
[160.0, 80.0, 933.0, 660.0]
[192.0, 32.0, 966.0, 612.0]
[160.0, 80.0, 935.0, 661.0]
[176.0, 64.0, 952.0, 646.0]
[96.0, 96.0, 873.0, 679.0]
[64.0, 96.0, 842.0, 680.0]
[64.0, 32.0, 843.0, 616.0]
[160.0, 16.0, 940.0, 601.0]
[144.0, 48.0, 925.0, 634.0]
[112.0, 64.0, 894.0, 650.0]
[32.0, 96.0, 815.0, 683.0]
[112.0, 64.0, 896.0, 652.0]
[176.0, 16.0, 961.0, 605.0]
[48.0, 48.0, 834.0, 638.0]
[48.0, 96.0, 835.0, 686.0]
[96.0, 48.0, 884.0, 639.0]
[128.0, 0.0, 917.0, 592.0]
[160.0, 48.0, 950.0, 640.0]
[112.0, 48.0, 903.0, 641.0]
[80.0, 80.0, 872.0, 674.0]
[48.0, 32.0, 841.0, 627.0]
[176.0, 80.0, 970.0, 676.0]
[160.0, 48.0, 955.0, 644.0]
[16.0, 80.0, 812.0, 677.0]
[64.0, 32.0, 861.0, 630.0]
[16.0, 80.0, 814.0, 678.0]
[144.0, 48.0, 943.0, 647.0]
[112.0, 32.0, 912.0, 632.0]
[16.0, 0.0, 817.0, 601.0]
[48.0, 32.0, 850.0, 634.0]
[64.0, 64.0, 867.0, 666.0]
[112.0, 80.0, 916.0, 683.0]
[144.0, 32.0, 949.0, 636.0]
[144.0, 48.0, 950.0, 652.0]
[112.0, 64.0, 919.0, 669.0]
[96.0, 16.0, 904.0, 622.0]
[64.0, 16.0, 873.0, 623.0]
[112.0, 64.0, 922.0, 672.0]
[32.0, 0.0, 843.0, 608.0]
[16.0, 48.0, 828.0, 657.0]
[128.0, 64.0, 941.0, 674.0]
[128.0, 0.0, 942.0, 610.0]
[32.0, 32.0, 847.0, 643.0]
[192.0, 32.0, 1008.0, 644.0]
[128.0, 0.0, 945.0, 613.0]
[80.0, 48.0, 898.0, 662.0]
[176.0, 48.0, 995.0, 662.0]
[0.0, 32.0, 820.0, 647.0]
[96.0, 64.0, 917.0, 680.0]
[32.0, 16.0, 854.0, 632.0]
[0.0, 0.0, 823.0, 617.0]
[96.0, 64.0, 920.0, 682.0]
[144.0, 32.0, 969.0, 651.0]
[0.0, 32.0, 826.0, 652.0]
[144.0, 32.0, 971.0, 652.0]
[32.0, 32.0, 860.0, 653.0]
[144.0, 64.0, 973.0, 686.0]
[64.0, 0.0, 894.0, 622.0]
[32.0, 32.0, 863.0, 655.0]
[96.0, 0.0, 928.0, 624.0]
[96.0, 32.0, 929.0, 657.0]
[144.0, 16.0, 978.0, 642.0]
[64.0, 0.0, 899.0, 626.0]
[96.0, 16.0, 932.0, 643.0]
[144.0, 48.0, 981.0, 676.0]
[64.0, 16.0, 902.0, 644.0]
[0.0, 16.0, 839.0, 645.0]
[32.0, 0.0, 872.0, 630.0]
[48.0, 0.0, 889.0, 631.0]
[32.0, 0.0, 874.0, 632.0]
[144.0, 0.0, 987.0, 632.0]
[144.0, 48.0, 988.0, 681.0]
[160.0, 32.0, 1005.0, 666.0]
[128.0, 0.0, 974.0, 634.0]
[16.0, 48.0, 863.0, 683.0]
[0.0, 48.0, 848.0, 684.0]
[96.0, 16.0, 945.0, 653.0]
[0.0, 48.0, 850.0, 686.0]
[64.0, 48.0, 915.0, 686.0]
[0.0, 0.0, 852.0, 639.0]
[0.0, 0.0, 853.0, 640.0]
[144.0, 32.0, 998.0, 672.0]
[16.0, 32.0, 871.0, 673.0]
[64.0, 32.0, 920.0, 674.0]
[48.0, 32.0, 905.0, 675.0]
[32.0, 0.0, 890.0, 644.0]
[80.0, 32.0, 939.0, 676.0]
[16.0, 32.0, 876.0, 677.0]
[112.0, 16.0, 973.0, 662.0]
[64.0, 32.0, 926.0, 678.0]
[16.0, 16.0, 879.0, 663.0]
[96.0, 16.0, 960.0, 664.0]
[16.0, 16.0, 881.0, 665.0]
[80.0, 0.0, 946.0, 650.0]
[48.0, 16.0, 915.0, 666.0]
[16.0, 32.0, 884.0, 683.0]
[64.0, 0.0, 933.0, 652.0]
[64.0, 16.0, 934.0, 668.0]
[64.0, 32.0, 935.0, 685.0]
[112.0, 32.0, 984.0, 686.0]
[32.0, 0.0, 905.0, 655.0]
[128.0, 0.0, 1002.0, 656.0]
[128.0, 0.0, 1003.0, 656.0]
[80.0, 0.0, 956.0, 657.0]
[128.0, 0.0, 1005.0, 658.0]
[112.0, 0.0, 990.0, 658.0]
[144.0, 16.0, 1023.0, 675.0]
[64.0, 0.0, 944.0, 660.0]
[128.0, 16.0, 1009.0, 677.0]
[48.0, 0.0, 930.0, 662.0]
[128.0, 16.0, 1011.0, 678.0]
[128.0, 0.0, 1012.0, 663.0]
[112.0, 16.0, 997.0, 680.0]
[16.0, 16.0, 902.0, 680.0]
[128.0, 16.0, 1015.0, 681.0]
[112.0, 0.0, 1000.0, 666.0]
[96.0, 0.0, 985.0, 667.0]
[0.0, 16.0, 890.0, 684.0]
[80.0, 0.0, 971.0, 668.0]
[128.0, 0.0, 1020.0, 669.0]
[32.0, 0.0, 925.0, 670.0]
[48.0, 16.0, 942.0, 686.0]
[96.0, 0.0, 991.0, 671.0]
[0.0, 0.0, 896.0, 672.0]
[64.0, 0.0, 961.0, 673.0]
[64.0, 0.0, 962.0, 674.0]
[48.0, 0.0, 947.0, 674.0]
[16.0, 0.0, 916.0, 675.0]
[112.0, 0.0, 1013.0, 676.0]
[48.0, 0.0, 950.0, 676.0]
[64.0, 0.0, 967.0, 677.0]
[32.0, 0.0, 936.0, 678.0]
[64.0, 0.0, 969.0, 679.0]
[112.0, 0.0, 1018.0, 680.0]
[64.0, 0.0, 971.0, 680.0]
[32.0, 0.0, 940.0, 681.0]
[112.0, 0.0, 1021.0, 682.0]
[64.0, 0.0, 974.0, 682.0]
[96.0, 0.0, 1007.0, 683.0]
[16.0, 0.0, 928.0, 684.0]
[48.0, 0.0, 961.0, 685.0]
[64.0, 0.0, 978.0, 686.0]
[48.0, 0.0, 963.0, 686.0]
