[128.0, 48.0, 845.0, 586.0]
[192.0, 64.0, 910.0, 602.0]
[208.0, 48.0, 927.0, 587.0]
[112.0, 32.0, 832.0, 572.0]
[144.0, 80.0, 865.0, 621.0]
[224.0, 64.0, 946.0, 606.0]
[144.0, 96.0, 867.0, 638.0]
[96.0, 48.0, 820.0, 591.0]
[160.0, 64.0, 885.0, 608.0]
[48.0, 48.0, 774.0, 592.0]
[144.0, 32.0, 871.0, 577.0]
[128.0, 64.0, 856.0, 610.0]
[96.0, 16.0, 825.0, 563.0]
[16.0, 64.0, 746.0, 612.0]
[80.0, 16.0, 811.0, 564.0]
[160.0, 64.0, 892.0, 613.0]
[128.0, 32.0, 861.0, 582.0]
[0.0, 80.0, 734.0, 630.0]
[176.0, 96.0, 911.0, 647.0]
[80.0, 112.0, 816.0, 664.0]
[80.0, 96.0, 817.0, 649.0]
[0.0, 64.0, 738.0, 618.0]
[192.0, 64.0, 931.0, 618.0]
[176.0, 80.0, 916.0, 635.0]
[192.0, 96.0, 933.0, 652.0]
[80.0, 16.0, 822.0, 572.0]
[176.0, 80.0, 919.0, 637.0]
[96.0, 32.0, 840.0, 590.0]
[64.0, 64.0, 809.0, 623.0]
[96.0, 80.0, 842.0, 640.0]
[144.0, 32.0, 891.0, 592.0]
[144.0, 32.0, 892.0, 593.0]
[112.0, 32.0, 861.0, 594.0]
[80.0, 80.0, 830.0, 642.0]
[48.0, 32.0, 799.0, 595.0]
[96.0, 96.0, 848.0, 660.0]
[112.0, 32.0, 865.0, 597.0]
[112.0, 64.0, 866.0, 630.0]
[160.0, 64.0, 915.0, 630.0]
[192.0, 80.0, 948.0, 647.0]
[96.0, 80.0, 853.0, 648.0]
[32.0, 64.0, 790.0, 632.0]
[32.0, 80.0, 791.0, 649.0]
[96.0, 0.0, 856.0, 570.0]
[32.0, 32.0, 793.0, 603.0]
[32.0, 48.0, 794.0, 620.0]
[128.0, 96.0, 891.0, 668.0]
[128.0, 48.0, 892.0, 621.0]
[96.0, 64.0, 861.0, 638.0]
[112.0, 48.0, 878.0, 622.0]
[176.0, 80.0, 943.0, 655.0]
[80.0, 64.0, 848.0, 640.0]
[128.0, 96.0, 897.0, 673.0]
[64.0, 0.0, 834.0, 578.0]
[144.0, 48.0, 915.0, 626.0]
[0.0, 48.0, 772.0, 627.0]
[144.0, 16.0, 917.0, 596.0]
[112.0, 64.0, 886.0, 644.0]
[32.0, 32.0, 807.0, 613.0]
[112.0, 32.0, 888.0, 614.0]
[96.0, 80.0, 873.0, 663.0]
[48.0, 80.0, 826.0, 664.0]
[176.0, 80.0, 955.0, 664.0]
[80.0, 48.0, 860.0, 633.0]
[80.0, 0.0, 861.0, 586.0]
[112.0, 0.0, 894.0, 586.0]
[48.0, 0.0, 831.0, 587.0]
[48.0, 48.0, 832.0, 636.0]
[0.0, 0.0, 785.0, 589.0]
[16.0, 0.0, 802.0, 590.0]
[0.0, 80.0, 787.0, 670.0]
[80.0, 80.0, 868.0, 671.0]
[80.0, 0.0, 869.0, 592.0]
[0.0, 0.0, 790.0, 592.0]
[32.0, 16.0, 823.0, 609.0]
[0.0, 48.0, 792.0, 642.0]
[112.0, 0.0, 905.0, 595.0]
[112.0, 16.0, 906.0, 612.0]
[160.0, 80.0, 955.0, 676.0]
[48.0, 0.0, 844.0, 597.0]
[64.0, 16.0, 861.0, 614.0]
[80.0, 32.0, 878.0, 630.0]
[144.0, 16.0, 943.0, 615.0]
[16.0, 80.0, 816.0, 680.0]
[32.0, 0.0, 833.0, 601.0]
[48.0, 64.0, 850.0, 666.0]
[64.0, 80.0, 867.0, 682.0]
[64.0, 64.0, 868.0, 667.0]
[96.0, 16.0, 901.0, 620.0]
[80.0, 0.0, 886.0, 604.0]
[0.0, 32.0, 807.0, 637.0]
[128.0, 0.0, 936.0, 606.0]
[128.0, 0.0, 937.0, 607.0]
[64.0, 64.0, 874.0, 672.0]
[96.0, 0.0, 907.0, 608.0]
[48.0, 48.0, 860.0, 657.0]
[64.0, 0.0, 877.0, 610.0]
[144.0, 0.0, 958.0, 610.0]
[112.0, 32.0, 927.0, 643.0]
[80.0, 64.0, 896.0, 676.0]
[48.0, 48.0, 865.0, 661.0]
[128.0, 32.0, 946.0, 646.0]
[96.0, 32.0, 915.0, 646.0]
[0.0, 48.0, 820.0, 663.0]
[80.0, 48.0, 901.0, 664.0]
[96.0, 48.0, 918.0, 664.0]
[96.0, 48.0, 919.0, 665.0]
[0.0, 48.0, 824.0, 666.0]
[0.0, 64.0, 825.0, 683.0]
[64.0, 16.0, 890.0, 636.0]
[80.0, 16.0, 907.0, 636.0]
[128.0, 32.0, 956.0, 653.0]
[96.0, 48.0, 925.0, 670.0]
[128.0, 0.0, 958.0, 622.0]
[48.0, 16.0, 879.0, 639.0]
[80.0, 48.0, 912.0, 672.0]
[64.0, 16.0, 897.0, 641.0]
[48.0, 48.0, 882.0, 674.0]
[32.0, 16.0, 867.0, 642.0]
[96.0, 32.0, 932.0, 659.0]
[112.0, 0.0, 949.0, 628.0]
[0.0, 0.0, 838.0, 628.0]
[112.0, 32.0, 951.0, 661.0]
[80.0, 48.0, 920.0, 678.0]
[64.0, 48.0, 905.0, 679.0]
[48.0, 48.0, 890.0, 680.0]
[64.0, 0.0, 907.0, 632.0]
[112.0, 0.0, 956.0, 633.0]
[0.0, 0.0, 845.0, 634.0]
[48.0, 0.0, 894.0, 634.0]
[96.0, 32.0, 943.0, 667.0]
[96.0, 0.0, 944.0, 636.0]
[64.0, 32.0, 913.0, 669.0]
[80.0, 16.0, 930.0, 654.0]
[80.0, 32.0, 931.0, 670.0]
[16.0, 32.0, 868.0, 671.0]
[48.0, 0.0, 901.0, 640.0]
[16.0, 16.0, 870.0, 656.0]
[0.0, 0.0, 855.0, 641.0]
[80.0, 0.0, 936.0, 642.0]
[80.0, 0.0, 937.0, 643.0]
[0.0, 0.0, 858.0, 644.0]
[16.0, 16.0, 875.0, 660.0]
[48.0, 0.0, 908.0, 645.0]
[16.0, 16.0, 877.0, 662.0]
[80.0, 32.0, 942.0, 678.0]
[32.0, 0.0, 895.0, 647.0]
[16.0, 16.0, 880.0, 664.0]
[32.0, 32.0, 897.0, 681.0]
[16.0, 32.0, 882.0, 682.0]
[48.0, 32.0, 915.0, 682.0]
[16.0, 16.0, 884.0, 667.0]
[48.0, 0.0, 917.0, 652.0]
[16.0, 0.0, 886.0, 652.0]
[64.0, 16.0, 935.0, 669.0]
[0.0, 0.0, 872.0, 654.0]
[32.0, 0.0, 905.0, 655.0]
[16.0, 16.0, 890.0, 672.0]
[32.0, 16.0, 907.0, 672.0]
[32.0, 16.0, 908.0, 673.0]
[32.0, 0.0, 909.0, 658.0]
[0.0, 16.0, 878.0, 674.0]
[0.0, 16.0, 879.0, 675.0]
[0.0, 0.0, 880.0, 660.0]
[0.0, 0.0, 881.0, 661.0]
[48.0, 16.0, 930.0, 678.0]
[0.0, 16.0, 883.0, 678.0]
[0.0, 16.0, 884.0, 679.0]
[32.0, 0.0, 917.0, 664.0]
[0.0, 0.0, 886.0, 664.0]
[32.0, 16.0, 919.0, 681.0]
[48.0, 0.0, 936.0, 666.0]
[32.0, 0.0, 921.0, 667.0]
[16.0, 0.0, 906.0, 668.0]
[0.0, 0.0, 891.0, 668.0]
[32.0, 0.0, 924.0, 669.0]
[48.0, 0.0, 941.0, 670.0]
[32.0, 0.0, 926.0, 670.0]
[0.0, 0.0, 895.0, 671.0]
[48.0, 0.0, 944.0, 672.0]
[0.0, 0.0, 897.0, 673.0]
[0.0, 0.0, 898.0, 674.0]
[0.0, 0.0, 899.0, 674.0]
[48.0, 0.0, 948.0, 675.0]
[32.0, 0.0, 933.0, 676.0]
[32.0, 0.0, 934.0, 676.0]
[32.0, 0.0, 935.0, 677.0]
[48.0, 0.0, 952.0, 678.0]
[48.0, 0.0, 953.0, 679.0]
[16.0, 0.0, 922.0, 680.0]
[48.0, 0.0, 955.0, 680.0]
[0.0, 0.0, 908.0, 681.0]
[16.0, 0.0, 925.0, 682.0]
[0.0, 0.0, 910.0, 682.0]
[0.0, 0.0, 911.0, 683.0]
