[80.0, 112.0, 797.0, 650.0]
[176.0, 96.0, 894.0, 634.0]
[144.0, 96.0, 863.0, 635.0]
[64.0, 48.0, 784.0, 588.0]
[96.0, 80.0, 817.0, 621.0]
[80.0, 32.0, 802.0, 574.0]
[128.0, 64.0, 851.0, 606.0]
[144.0, 112.0, 868.0, 655.0]
[64.0, 96.0, 789.0, 640.0]
[64.0, 80.0, 790.0, 624.0]
[160.0, 96.0, 887.0, 641.0]
[16.0, 32.0, 744.0, 578.0]
[176.0, 96.0, 905.0, 643.0]
[64.0, 32.0, 794.0, 580.0]
[48.0, 0.0, 779.0, 548.0]
[32.0, 96.0, 764.0, 645.0]
[80.0, 16.0, 813.0, 566.0]
[48.0, 80.0, 782.0, 630.0]
[80.0, 0.0, 815.0, 551.0]
[64.0, 80.0, 800.0, 632.0]
[96.0, 96.0, 833.0, 649.0]
[112.0, 64.0, 850.0, 618.0]
[32.0, 64.0, 771.0, 618.0]
[112.0, 32.0, 852.0, 587.0]
[80.0, 48.0, 821.0, 604.0]
[80.0, 32.0, 822.0, 588.0]
[16.0, 32.0, 759.0, 589.0]
[144.0, 96.0, 888.0, 654.0]
[144.0, 96.0, 889.0, 655.0]
[32.0, 96.0, 778.0, 656.0]
[160.0, 96.0, 907.0, 656.0]
[0.0, 16.0, 748.0, 577.0]
[0.0, 80.0, 749.0, 642.0]
[112.0, 32.0, 862.0, 594.0]
[16.0, 32.0, 767.0, 595.0]
[0.0, 16.0, 752.0, 580.0]
[16.0, 16.0, 769.0, 581.0]
[0.0, 80.0, 754.0, 646.0]
[48.0, 16.0, 803.0, 582.0]
[32.0, 96.0, 788.0, 663.0]
[0.0, 32.0, 757.0, 600.0]
[80.0, 80.0, 838.0, 648.0]
[160.0, 64.0, 919.0, 633.0]
[96.0, 16.0, 856.0, 586.0]
[144.0, 80.0, 905.0, 651.0]
[96.0, 48.0, 858.0, 620.0]
[128.0, 32.0, 891.0, 604.0]
[128.0, 32.0, 892.0, 605.0]
[112.0, 80.0, 877.0, 654.0]
[112.0, 48.0, 878.0, 622.0]
[32.0, 0.0, 799.0, 575.0]
[0.0, 16.0, 768.0, 592.0]
[32.0, 32.0, 801.0, 609.0]
[48.0, 48.0, 818.0, 626.0]
[64.0, 64.0, 835.0, 642.0]
[32.0, 80.0, 804.0, 659.0]
[64.0, 0.0, 837.0, 580.0]
[112.0, 80.0, 886.0, 660.0]
[16.0, 48.0, 791.0, 629.0]
[48.0, 48.0, 824.0, 630.0]
[80.0, 64.0, 857.0, 647.0]
[64.0, 16.0, 842.0, 600.0]
[32.0, 64.0, 811.0, 648.0]
[0.0, 64.0, 780.0, 649.0]
[0.0, 16.0, 781.0, 602.0]
[64.0, 32.0, 846.0, 618.0]
[128.0, 64.0, 911.0, 651.0]
[0.0, 48.0, 784.0, 636.0]
[32.0, 32.0, 817.0, 621.0]
[64.0, 64.0, 850.0, 654.0]
[48.0, 32.0, 835.0, 622.0]
[32.0, 16.0, 820.0, 607.0]
[48.0, 64.0, 837.0, 656.0]
[96.0, 32.0, 886.0, 624.0]
[64.0, 0.0, 855.0, 593.0]
[128.0, 32.0, 920.0, 626.0]
[32.0, 32.0, 825.0, 627.0]
[48.0, 16.0, 842.0, 612.0]
[64.0, 16.0, 859.0, 612.0]
[48.0, 0.0, 844.0, 597.0]
[16.0, 64.0, 813.0, 662.0]
[80.0, 48.0, 878.0, 646.0]
[112.0, 64.0, 911.0, 663.0]
[128.0, 48.0, 928.0, 648.0]
[0.0, 16.0, 801.0, 617.0]
[48.0, 0.0, 850.0, 602.0]
[112.0, 16.0, 915.0, 618.0]
[32.0, 0.0, 836.0, 603.0]
[16.0, 32.0, 821.0, 636.0]
[0.0, 32.0, 806.0, 636.0]
[0.0, 16.0, 807.0, 621.0]
[0.0, 32.0, 808.0, 638.0]
[80.0, 16.0, 889.0, 623.0]
[0.0, 16.0, 810.0, 624.0]
[80.0, 16.0, 891.0, 624.0]
[32.0, 0.0, 844.0, 609.0]
[0.0, 0.0, 813.0, 610.0]
[96.0, 48.0, 910.0, 658.0]
[112.0, 32.0, 927.0, 643.0]
[48.0, 32.0, 864.0, 644.0]
[112.0, 48.0, 929.0, 661.0]
[0.0, 16.0, 818.0, 630.0]
[64.0, 48.0, 883.0, 662.0]
[64.0, 32.0, 884.0, 647.0]
[80.0, 32.0, 901.0, 648.0]
[80.0, 16.0, 902.0, 632.0]
[32.0, 16.0, 855.0, 633.0]
[64.0, 32.0, 888.0, 650.0]
[0.0, 16.0, 825.0, 635.0]
[112.0, 16.0, 938.0, 636.0]
[0.0, 16.0, 827.0, 636.0]
[80.0, 0.0, 908.0, 621.0]
[0.0, 0.0, 829.0, 622.0]
[48.0, 0.0, 878.0, 622.0]
[96.0, 32.0, 927.0, 655.0]
[16.0, 0.0, 848.0, 624.0]
[80.0, 16.0, 913.0, 641.0]
[96.0, 32.0, 930.0, 658.0]
[0.0, 0.0, 835.0, 626.0]
[32.0, 32.0, 868.0, 659.0]
[96.0, 16.0, 933.0, 644.0]
[48.0, 16.0, 886.0, 644.0]
[64.0, 0.0, 903.0, 629.0]
[0.0, 16.0, 840.0, 646.0]
[80.0, 16.0, 921.0, 647.0]
[64.0, 16.0, 906.0, 648.0]
[48.0, 16.0, 891.0, 648.0]
[32.0, 0.0, 876.0, 633.0]
[16.0, 16.0, 861.0, 650.0]
[16.0, 16.0, 862.0, 650.0]
[80.0, 16.0, 927.0, 651.0]
[0.0, 0.0, 848.0, 636.0]
[16.0, 16.0, 865.0, 653.0]
[80.0, 0.0, 930.0, 638.0]
[80.0, 0.0, 931.0, 638.0]
[48.0, 16.0, 900.0, 655.0]
[16.0, 16.0, 869.0, 656.0]
[0.0, 16.0, 854.0, 656.0]
[80.0, 16.0, 935.0, 657.0]
[80.0, 16.0, 936.0, 658.0]
[48.0, 0.0, 905.0, 643.0]
[80.0, 16.0, 938.0, 660.0]
[32.0, 0.0, 891.0, 644.0]
[48.0, 0.0, 908.0, 645.0]
[32.0, 16.0, 893.0, 662.0]
[0.0, 0.0, 862.0, 646.0]
[64.0, 0.0, 927.0, 647.0]
[0.0, 0.0, 864.0, 648.0]
[0.0, 0.0, 865.0, 649.0]
[48.0, 0.0, 914.0, 650.0]
[0.0, 0.0, 867.0, 650.0]
[0.0, 0.0, 868.0, 651.0]
[64.0, 0.0, 933.0, 652.0]
[0.0, 0.0, 870.0, 652.0]
[48.0, 0.0, 919.0, 653.0]
[32.0, 0.0, 904.0, 654.0]
[48.0, 0.0, 921.0, 655.0]
[64.0, 0.0, 938.0, 656.0]
[16.0, 0.0, 891.0, 656.0]
[16.0, 0.0, 892.0, 657.0]
[32.0, 0.0, 909.0, 658.0]
[32.0, 0.0, 910.0, 658.0]
[0.0, 0.0, 879.0, 659.0]
[16.0, 0.0, 896.0, 660.0]
[32.0, 0.0, 913.0, 661.0]
[16.0, 0.0, 898.0, 662.0]
[16.0, 0.0, 899.0, 662.0]
[32.0, 0.0, 916.0, 663.0]
