[224.0, 112.0, 941.0, 650.0]
[208.0, 144.0, 926.0, 682.0]
[144.0, 112.0, 863.0, 651.0]
[112.0, 128.0, 832.0, 668.0]
[176.0, 112.0, 897.0, 653.0]
[80.0, 128.0, 802.0, 670.0]
[96.0, 128.0, 819.0, 670.0]
[80.0, 128.0, 804.0, 671.0]
[224.0, 96.0, 949.0, 640.0]
[256.0, 112.0, 982.0, 656.0]
[96.0, 128.0, 823.0, 673.0]
[192.0, 112.0, 920.0, 658.0]
[256.0, 112.0, 985.0, 659.0]
[96.0, 112.0, 826.0, 660.0]
[272.0, 128.0, 1003.0, 676.0]
[144.0, 128.0, 876.0, 677.0]
[160.0, 112.0, 893.0, 662.0]
[96.0, 96.0, 830.0, 646.0]
[208.0, 112.0, 943.0, 663.0]
[224.0, 112.0, 960.0, 664.0]
[240.0, 128.0, 977.0, 681.0]
[192.0, 112.0, 930.0, 666.0]
[48.0, 112.0, 787.0, 666.0]
[144.0, 96.0, 884.0, 651.0]
[80.0, 112.0, 821.0, 668.0]
[208.0, 96.0, 950.0, 652.0]
[160.0, 96.0, 903.0, 653.0]
[80.0, 96.0, 824.0, 654.0]
[48.0, 96.0, 793.0, 655.0]
[128.0, 112.0, 874.0, 672.0]
[160.0, 96.0, 907.0, 656.0]
[160.0, 112.0, 908.0, 673.0]
[192.0, 80.0, 941.0, 642.0]
[208.0, 96.0, 958.0, 658.0]
[32.0, 112.0, 783.0, 675.0]
[32.0, 112.0, 784.0, 676.0]
[208.0, 96.0, 961.0, 661.0]
[96.0, 80.0, 850.0, 646.0]
[80.0, 80.0, 835.0, 646.0]
[224.0, 80.0, 980.0, 647.0]
[128.0, 96.0, 885.0, 664.0]
[48.0, 96.0, 806.0, 664.0]
[192.0, 112.0, 951.0, 681.0]
[96.0, 96.0, 856.0, 666.0]
[176.0, 80.0, 937.0, 651.0]
[96.0, 96.0, 858.0, 668.0]
[144.0, 96.0, 907.0, 668.0]
[64.0, 80.0, 828.0, 653.0]
[112.0, 64.0, 877.0, 638.0]
[160.0, 80.0, 926.0, 654.0]
[128.0, 64.0, 895.0, 639.0]
[144.0, 80.0, 912.0, 656.0]
[128.0, 96.0, 897.0, 673.0]
[48.0, 96.0, 818.0, 674.0]
[208.0, 96.0, 979.0, 674.0]
[96.0, 96.0, 868.0, 675.0]
[160.0, 96.0, 933.0, 676.0]
[112.0, 80.0, 886.0, 660.0]
[80.0, 64.0, 855.0, 645.0]
[64.0, 64.0, 840.0, 646.0]
[208.0, 80.0, 985.0, 663.0]
[112.0, 96.0, 890.0, 680.0]
[160.0, 80.0, 939.0, 664.0]
[80.0, 96.0, 860.0, 681.0]
[64.0, 80.0, 845.0, 666.0]
[128.0, 80.0, 910.0, 666.0]
[112.0, 64.0, 895.0, 651.0]
[48.0, 80.0, 832.0, 668.0]
[112.0, 48.0, 897.0, 637.0]
[192.0, 64.0, 978.0, 654.0]
[96.0, 48.0, 883.0, 638.0]
[192.0, 80.0, 980.0, 671.0]
[16.0, 64.0, 805.0, 656.0]
[128.0, 48.0, 918.0, 640.0]
[144.0, 64.0, 935.0, 657.0]
[192.0, 80.0, 984.0, 674.0]
[32.0, 80.0, 825.0, 675.0]
[80.0, 80.0, 874.0, 676.0]
[192.0, 80.0, 987.0, 676.0]
[80.0, 64.0, 876.0, 661.0]
[48.0, 80.0, 845.0, 678.0]
[208.0, 80.0, 1006.0, 678.0]
[32.0, 80.0, 831.0, 679.0]
[112.0, 64.0, 912.0, 664.0]
[48.0, 64.0, 849.0, 665.0]
[32.0, 80.0, 834.0, 682.0]
[176.0, 80.0, 979.0, 682.0]
[192.0, 48.0, 996.0, 651.0]
[32.0, 48.0, 837.0, 652.0]
[144.0, 64.0, 950.0, 668.0]
[192.0, 64.0, 999.0, 669.0]
[32.0, 64.0, 840.0, 670.0]
[144.0, 64.0, 953.0, 671.0]
[80.0, 32.0, 890.0, 640.0]
[64.0, 64.0, 875.0, 672.0]
[80.0, 32.0, 892.0, 641.0]
[80.0, 32.0, 893.0, 642.0]
[96.0, 48.0, 910.0, 658.0]
[160.0, 32.0, 975.0, 643.0]
[128.0, 64.0, 944.0, 676.0]
[144.0, 64.0, 961.0, 677.0]
[160.0, 32.0, 978.0, 646.0]
[48.0, 48.0, 867.0, 662.0]
[80.0, 64.0, 900.0, 679.0]
[144.0, 64.0, 965.0, 680.0]
[48.0, 32.0, 870.0, 648.0]
[80.0, 48.0, 903.0, 665.0]
[112.0, 48.0, 936.0, 666.0]
[96.0, 32.0, 921.0, 651.0]
[32.0, 48.0, 858.0, 668.0]
[32.0, 48.0, 859.0, 668.0]
[48.0, 16.0, 876.0, 637.0]
[16.0, 32.0, 845.0, 654.0]
[48.0, 16.0, 878.0, 638.0]
[64.0, 32.0, 895.0, 655.0]
[112.0, 32.0, 944.0, 656.0]
[32.0, 48.0, 865.0, 673.0]
[48.0, 48.0, 882.0, 674.0]
[128.0, 32.0, 963.0, 658.0]
[160.0, 32.0, 996.0, 659.0]
[80.0, 48.0, 917.0, 676.0]
[32.0, 32.0, 870.0, 660.0]
[64.0, 32.0, 903.0, 661.0]
[128.0, 16.0, 968.0, 646.0]
[160.0, 48.0, 1001.0, 679.0]
[128.0, 48.0, 970.0, 680.0]
[112.0, 32.0, 955.0, 664.0]
[16.0, 32.0, 860.0, 665.0]
[16.0, 32.0, 861.0, 666.0]
[16.0, 32.0, 862.0, 666.0]
[160.0, 32.0, 1007.0, 667.0]
[32.0, 32.0, 880.0, 668.0]
[144.0, 16.0, 993.0, 653.0]
[96.0, 0.0, 946.0, 638.0]
[32.0, 16.0, 883.0, 654.0]
[64.0, 16.0, 916.0, 655.0]
[48.0, 32.0, 901.0, 672.0]
[48.0, 32.0, 902.0, 672.0]
[128.0, 32.0, 983.0, 673.0]
[32.0, 32.0, 888.0, 674.0]
[48.0, 16.0, 905.0, 659.0]
[128.0, 32.0, 986.0, 676.0]
[128.0, 32.0, 987.0, 676.0]
[144.0, 16.0, 1004.0, 661.0]
[32.0, 0.0, 893.0, 646.0]
[128.0, 16.0, 990.0, 662.0]
[64.0, 16.0, 927.0, 663.0]
[96.0, 32.0, 960.0, 680.0]
[128.0, 0.0, 993.0, 649.0]
[48.0, 32.0, 914.0, 682.0]
[16.0, 32.0, 883.0, 682.0]
[32.0, 0.0, 900.0, 651.0]
[48.0, 16.0, 917.0, 668.0]
[64.0, 16.0, 934.0, 668.0]
[48.0, 16.0, 919.0, 669.0]
[16.0, 0.0, 888.0, 654.0]
[112.0, 0.0, 985.0, 655.0]
[48.0, 16.0, 922.0, 672.0]
[16.0, 16.0, 891.0, 672.0]
[80.0, 16.0, 956.0, 673.0]
[128.0, 16.0, 1005.0, 674.0]
[96.0, 0.0, 974.0, 658.0]
[128.0, 0.0, 1007.0, 659.0]
[112.0, 16.0, 992.0, 676.0]
[64.0, 0.0, 945.0, 661.0]
[112.0, 0.0, 994.0, 662.0]
[112.0, 16.0, 995.0, 678.0]
[96.0, 16.0, 980.0, 679.0]
[112.0, 0.0, 997.0, 664.0]
[48.0, 0.0, 934.0, 664.0]
[64.0, 0.0, 951.0, 665.0]
[80.0, 16.0, 968.0, 682.0]
[96.0, 0.0, 985.0, 667.0]
[48.0, 0.0, 938.0, 668.0]
[64.0, 0.0, 955.0, 668.0]
[96.0, 0.0, 988.0, 669.0]
[48.0, 0.0, 941.0, 670.0]
[32.0, 0.0, 926.0, 670.0]
[48.0, 0.0, 943.0, 671.0]
[96.0, 0.0, 992.0, 672.0]
[64.0, 0.0, 961.0, 673.0]
[80.0, 0.0, 978.0, 674.0]
[80.0, 0.0, 979.0, 674.0]
[96.0, 0.0, 996.0, 675.0]
[32.0, 0.0, 933.0, 676.0]
[48.0, 0.0, 950.0, 676.0]
[80.0, 0.0, 983.0, 677.0]
[48.0, 0.0, 952.0, 678.0]
[96.0, 0.0, 1001.0, 679.0]
[96.0, 0.0, 1002.0, 680.0]
[64.0, 0.0, 971.0, 680.0]
[48.0, 0.0, 956.0, 681.0]
[32.0, 0.0, 941.0, 682.0]
[48.0, 0.0, 958.0, 682.0]
