[208.0, 96.0, 925.0, 634.0]
[272.0, 48.0, 990.0, 586.0]
[288.0, 80.0, 1007.0, 619.0]
[176.0, 64.0, 896.0, 604.0]
[240.0, 48.0, 961.0, 589.0]
[272.0, 128.0, 994.0, 670.0]
[240.0, 16.0, 963.0, 558.0]
[272.0, 112.0, 996.0, 655.0]
[256.0, 48.0, 981.0, 592.0]
[176.0, 48.0, 902.0, 592.0]
[272.0, 96.0, 999.0, 641.0]
[272.0, 80.0, 1000.0, 626.0]
[192.0, 96.0, 921.0, 643.0]
[256.0, 16.0, 986.0, 564.0]
[240.0, 128.0, 971.0, 676.0]
[208.0, 96.0, 940.0, 645.0]
[256.0, 80.0, 989.0, 630.0]
[208.0, 112.0, 942.0, 662.0]
[272.0, 80.0, 1007.0, 631.0]
[272.0, 48.0, 1008.0, 600.0]
[240.0, 112.0, 977.0, 665.0]
[256.0, 128.0, 994.0, 682.0]
[224.0, 144.0, 963.0, 698.0]
[272.0, 32.0, 1012.0, 587.0]
[208.0, 0.0, 949.0, 556.0]
[160.0, 32.0, 902.0, 588.0]
[176.0, 0.0, 919.0, 557.0]
[176.0, 80.0, 920.0, 638.0]
[240.0, 0.0, 985.0, 559.0]
[256.0, 0.0, 1002.0, 560.0]
[144.0, 80.0, 891.0, 640.0]
[240.0, 128.0, 988.0, 689.0]
[128.0, 48.0, 877.0, 610.0]
[192.0, 64.0, 942.0, 626.0]
[224.0, 64.0, 975.0, 627.0]
[272.0, 0.0, 1024.0, 564.0]
[256.0, 0.0, 1009.0, 565.0]
[192.0, 80.0, 946.0, 646.0]
[144.0, 48.0, 899.0, 614.0]
[128.0, 16.0, 884.0, 583.0]
[112.0, 48.0, 869.0, 616.0]
[176.0, 80.0, 934.0, 648.0]
[240.0, 96.0, 999.0, 665.0]
[192.0, 64.0, 952.0, 634.0]
[128.0, 48.0, 889.0, 619.0]
[160.0, 0.0, 922.0, 572.0]
[160.0, 80.0, 923.0, 652.0]
[256.0, 32.0, 1020.0, 605.0]
[160.0, 0.0, 925.0, 574.0]
[128.0, 80.0, 894.0, 654.0]
[224.0, 128.0, 991.0, 703.0]
[192.0, 96.0, 960.0, 672.0]
[160.0, 32.0, 929.0, 609.0]
[240.0, 64.0, 1010.0, 642.0]
[176.0, 32.0, 947.0, 610.0]
[208.0, 80.0, 980.0, 659.0]
[128.0, 64.0, 901.0, 644.0]
[208.0, 112.0, 982.0, 692.0]
[240.0, 64.0, 1015.0, 645.0]
[160.0, 64.0, 936.0, 646.0]
[208.0, 64.0, 985.0, 647.0]
[240.0, 80.0, 1018.0, 664.0]
[96.0, 32.0, 875.0, 616.0]
[128.0, 32.0, 908.0, 617.0]
[192.0, 0.0, 973.0, 586.0]
[192.0, 96.0, 974.0, 682.0]
[160.0, 96.0, 943.0, 683.0]
[128.0, 80.0, 912.0, 668.0]
[192.0, 80.0, 977.0, 669.0]
[224.0, 128.0, 1010.0, 718.0]
[96.0, 32.0, 883.0, 622.0]
[176.0, 0.0, 964.0, 591.0]
[160.0, 32.0, 949.0, 624.0]
[224.0, 0.0, 1014.0, 592.0]
[144.0, 48.0, 935.0, 641.0]
[128.0, 64.0, 920.0, 658.0]
[208.0, 0.0, 1001.0, 595.0]
[224.0, 80.0, 1018.0, 676.0]
[144.0, 48.0, 939.0, 644.0]
[128.0, 80.0, 924.0, 677.0]
[144.0, 80.0, 941.0, 678.0]
[160.0, 0.0, 958.0, 598.0]
[192.0, 32.0, 991.0, 631.0]
[144.0, 64.0, 944.0, 664.0]
[144.0, 64.0, 945.0, 665.0]
[208.0, 0.0, 1010.0, 602.0]
[208.0, 112.0, 1011.0, 714.0]
[160.0, 0.0, 964.0, 603.0]
[128.0, 32.0, 933.0, 636.0]
[176.0, 48.0, 982.0, 652.0]
[176.0, 96.0, 983.0, 701.0]
[160.0, 32.0, 968.0, 638.0]
[96.0, 48.0, 905.0, 655.0]
[192.0, 64.0, 1002.0, 672.0]
[176.0, 80.0, 987.0, 688.0]
[176.0, 112.0, 988.0, 721.0]
[176.0, 48.0, 989.0, 658.0]
[128.0, 48.0, 942.0, 658.0]
[128.0, 16.0, 943.0, 627.0]
[176.0, 0.0, 992.0, 612.0]
[176.0, 64.0, 993.0, 677.0]
[160.0, 16.0, 978.0, 630.0]
[160.0, 0.0, 979.0, 614.0]
[176.0, 80.0, 996.0, 695.0]
[176.0, 32.0, 997.0, 648.0]
[192.0, 64.0, 1014.0, 680.0]
[192.0, 64.0, 1015.0, 681.0]
[112.0, 64.0, 936.0, 682.0]
[64.0, 32.0, 889.0, 651.0]
[160.0, 80.0, 986.0, 700.0]
[112.0, 32.0, 939.0, 652.0]
[128.0, 16.0, 956.0, 637.0]
[192.0, 32.0, 1021.0, 654.0]
[144.0, 96.0, 974.0, 718.0]
[160.0, 96.0, 991.0, 719.0]
[160.0, 48.0, 992.0, 672.0]
[128.0, 80.0, 961.0, 705.0]
[80.0, 0.0, 914.0, 626.0]
[80.0, 32.0, 915.0, 658.0]
[112.0, 32.0, 948.0, 659.0]
[96.0, 0.0, 933.0, 628.0]
[96.0, 16.0, 934.0, 644.0]
[176.0, 64.0, 1015.0, 693.0]
[96.0, 32.0, 936.0, 662.0]
[64.0, 32.0, 905.0, 663.0]
[64.0, 0.0, 906.0, 632.0]
[96.0, 16.0, 939.0, 648.0]
[64.0, 16.0, 908.0, 649.0]
[144.0, 0.0, 989.0, 634.0]
[144.0, 80.0, 990.0, 714.0]
[128.0, 64.0, 975.0, 699.0]
[112.0, 0.0, 960.0, 636.0]
[160.0, 48.0, 1009.0, 685.0]
[160.0, 0.0, 1010.0, 638.0]
[128.0, 64.0, 979.0, 702.0]
[64.0, 32.0, 916.0, 671.0]
[80.0, 0.0, 933.0, 640.0]
[96.0, 0.0, 950.0, 640.0]
[128.0, 80.0, 983.0, 721.0]
[96.0, 0.0, 952.0, 642.0]
[160.0, 16.0, 1017.0, 659.0]
[96.0, 48.0, 954.0, 692.0]
[96.0, 0.0, 955.0, 644.0]
[128.0, 64.0, 988.0, 709.0]
[160.0, 80.0, 1021.0, 726.0]
[160.0, 80.0, 1022.0, 726.0]
[112.0, 16.0, 975.0, 663.0]
[144.0, 0.0, 1008.0, 648.0]
[96.0, 64.0, 961.0, 713.0]
[128.0, 64.0, 994.0, 714.0]
[144.0, 32.0, 1011.0, 682.0]
[96.0, 32.0, 964.0, 683.0]
[128.0, 16.0, 997.0, 668.0]
[96.0, 16.0, 966.0, 668.0]
[128.0, 16.0, 999.0, 669.0]
[144.0, 64.0, 1016.0, 718.0]
[144.0, 64.0, 1017.0, 719.0]
[128.0, 16.0, 1002.0, 672.0]
[112.0, 16.0, 987.0, 672.0]
[96.0, 0.0, 972.0, 657.0]
[64.0, 16.0, 941.0, 674.0]
[112.0, 48.0, 990.0, 706.0]
[144.0, 0.0, 1023.0, 659.0]
[48.0, 32.0, 928.0, 692.0]
[48.0, 32.0, 929.0, 693.0]
[96.0, 16.0, 978.0, 678.0]
[96.0, 48.0, 979.0, 710.0]
[48.0, 0.0, 932.0, 663.0]
[80.0, 32.0, 965.0, 696.0]
[80.0, 32.0, 966.0, 696.0]
[48.0, 32.0, 935.0, 697.0]
[48.0, 0.0, 936.0, 666.0]
[48.0, 32.0, 937.0, 699.0]
[48.0, 32.0, 938.0, 700.0]
[64.0, 16.0, 955.0, 684.0]
[96.0, 16.0, 988.0, 685.0]
[48.0, 16.0, 941.0, 686.0]
[128.0, 32.0, 1022.0, 702.0]
[96.0, 16.0, 991.0, 687.0]
[48.0, 32.0, 944.0, 704.0]
[112.0, 16.0, 1009.0, 689.0]
[96.0, 48.0, 994.0, 722.0]
[112.0, 0.0, 1011.0, 674.0]
[80.0, 0.0, 980.0, 675.0]
[48.0, 0.0, 949.0, 676.0]
[96.0, 48.0, 998.0, 724.0]
[64.0, 0.0, 967.0, 677.0]
[48.0, 0.0, 952.0, 678.0]
[80.0, 16.0, 985.0, 695.0]
[80.0, 0.0, 986.0, 680.0]
[64.0, 32.0, 971.0, 712.0]
[48.0, 0.0, 956.0, 681.0]
[112.0, 32.0, 1021.0, 714.0]
[96.0, 0.0, 1006.0, 682.0]
[48.0, 32.0, 959.0, 715.0]
[112.0, 16.0, 1024.0, 700.0]
[48.0, 0.0, 961.0, 685.0]
[96.0, 32.0, 1010.0, 718.0]
[48.0, 16.0, 963.0, 702.0]
[96.0, 16.0, 1012.0, 703.0]
[48.0, 32.0, 965.0, 720.0]
[80.0, 0.0, 998.0, 688.0]
[96.0, 16.0, 1015.0, 705.0]
[48.0, 0.0, 968.0, 690.0]
[48.0, 32.0, 969.0, 723.0]
[80.0, 0.0, 1002.0, 692.0]
[48.0, 16.0, 971.0, 708.0]
[64.0, 16.0, 988.0, 709.0]
[64.0, 0.0, 989.0, 694.0]
[96.0, 0.0, 1022.0, 694.0]
[80.0, 16.0, 1007.0, 711.0]
[48.0, 0.0, 976.0, 696.0]
[80.0, 0.0, 1009.0, 697.0]
[48.0, 16.0, 978.0, 714.0]
[80.0, 0.0, 1011.0, 698.0]
[64.0, 16.0, 996.0, 715.0]
[80.0, 16.0, 1013.0, 716.0]
[64.0, 16.0, 998.0, 716.0]
[64.0, 16.0, 999.0, 717.0]
[80.0, 0.0, 1016.0, 702.0]
[64.0, 0.0, 1001.0, 703.0]
[80.0, 0.0, 1018.0, 704.0]
[64.0, 0.0, 1003.0, 704.0]
[64.0, 0.0, 1004.0, 705.0]
