[16.0, 96.0, 733.0, 634.0]
[112.0, 64.0, 830.0, 602.0]
[16.0, 80.0, 735.0, 619.0]
[64.0, 64.0, 784.0, 604.0]
[0.0, 32.0, 721.0, 573.0]
[32.0, 96.0, 754.0, 638.0]
[16.0, 96.0, 739.0, 638.0]
[48.0, 16.0, 772.0, 559.0]
[64.0, 16.0, 789.0, 560.0]
[0.0, 0.0, 726.0, 544.0]
[32.0, 80.0, 759.0, 625.0]
[64.0, 16.0, 792.0, 562.0]
[112.0, 16.0, 841.0, 563.0]
[112.0, 48.0, 842.0, 596.0]
[48.0, 112.0, 779.0, 660.0]
[80.0, 32.0, 812.0, 581.0]
[112.0, 96.0, 845.0, 646.0]
[48.0, 0.0, 782.0, 550.0]
[112.0, 48.0, 847.0, 599.0]
[32.0, 48.0, 768.0, 600.0]
[112.0, 48.0, 849.0, 601.0]
[112.0, 0.0, 850.0, 554.0]
[48.0, 16.0, 787.0, 570.0]
[32.0, 64.0, 772.0, 619.0]
[32.0, 48.0, 773.0, 604.0]
[48.0, 0.0, 790.0, 556.0]
[16.0, 96.0, 759.0, 653.0]
[32.0, 64.0, 776.0, 622.0]
[64.0, 96.0, 809.0, 655.0]
[96.0, 48.0, 842.0, 608.0]
[32.0, 0.0, 779.0, 560.0]
[96.0, 16.0, 844.0, 577.0]
[48.0, 48.0, 797.0, 610.0]
[16.0, 48.0, 766.0, 610.0]
[112.0, 32.0, 863.0, 595.0]
[32.0, 32.0, 784.0, 596.0]
[16.0, 64.0, 769.0, 629.0]
[96.0, 32.0, 850.0, 598.0]
[64.0, 112.0, 819.0, 678.0]
[80.0, 96.0, 836.0, 663.0]
[0.0, 80.0, 757.0, 648.0]
[0.0, 16.0, 758.0, 584.0]
[16.0, 96.0, 775.0, 665.0]
[96.0, 64.0, 856.0, 634.0]
[32.0, 48.0, 793.0, 619.0]
[96.0, 48.0, 858.0, 620.0]
[80.0, 32.0, 843.0, 604.0]
[0.0, 48.0, 764.0, 621.0]
[80.0, 32.0, 845.0, 606.0]
[64.0, 64.0, 830.0, 638.0]
[96.0, 0.0, 863.0, 575.0]
[80.0, 64.0, 848.0, 640.0]
[0.0, 80.0, 769.0, 657.0]
[16.0, 96.0, 786.0, 674.0]
[48.0, 64.0, 819.0, 642.0]
[64.0, 32.0, 836.0, 611.0]
[0.0, 80.0, 773.0, 660.0]
[0.0, 16.0, 774.0, 596.0]
[48.0, 0.0, 823.0, 581.0]
[32.0, 0.0, 808.0, 582.0]
[48.0, 80.0, 825.0, 663.0]
[64.0, 96.0, 842.0, 680.0]
[64.0, 0.0, 843.0, 584.0]
[32.0, 16.0, 812.0, 601.0]
[0.0, 48.0, 781.0, 634.0]
[0.0, 0.0, 782.0, 586.0]
[16.0, 48.0, 799.0, 635.0]
[32.0, 32.0, 816.0, 620.0]
[48.0, 32.0, 833.0, 621.0]
[64.0, 64.0, 850.0, 654.0]
[64.0, 64.0, 851.0, 654.0]
[16.0, 32.0, 804.0, 623.0]
[0.0, 80.0, 789.0, 672.0]
[64.0, 48.0, 854.0, 640.0]
[16.0, 0.0, 807.0, 593.0]
[64.0, 80.0, 856.0, 674.0]
[32.0, 0.0, 825.0, 595.0]
[32.0, 32.0, 826.0, 628.0]
[48.0, 16.0, 843.0, 612.0]
[16.0, 0.0, 812.0, 597.0]
[0.0, 0.0, 797.0, 598.0]
[16.0, 64.0, 814.0, 662.0]
[32.0, 0.0, 831.0, 599.0]
[48.0, 32.0, 848.0, 632.0]
[48.0, 48.0, 849.0, 649.0]
[16.0, 48.0, 818.0, 650.0]
[48.0, 32.0, 851.0, 634.0]
[48.0, 32.0, 852.0, 635.0]
[16.0, 16.0, 821.0, 620.0]
[16.0, 32.0, 822.0, 636.0]
[0.0, 64.0, 807.0, 669.0]
[32.0, 16.0, 840.0, 622.0]
[0.0, 32.0, 809.0, 639.0]
[48.0, 64.0, 858.0, 672.0]
[0.0, 16.0, 811.0, 624.0]
[0.0, 16.0, 812.0, 625.0]
[16.0, 64.0, 829.0, 674.0]
[16.0, 32.0, 830.0, 642.0]
[0.0, 64.0, 815.0, 675.0]
[0.0, 64.0, 816.0, 676.0]
