[288.0, 96.0, 1005.0, 634.0]
[272.0, 208.0, 990.0, 746.0]
[224.0, 160.0, 943.0, 699.0]
[272.0, 144.0, 992.0, 684.0]
[288.0, 192.0, 1009.0, 733.0]
[256.0, 224.0, 978.0, 766.0]
[272.0, 224.0, 995.0, 766.0]
[288.0, 128.0, 1012.0, 671.0]
[288.0, 80.0, 1013.0, 624.0]
[288.0, 80.0, 1014.0, 624.0]
[224.0, 192.0, 951.0, 737.0]
[240.0, 128.0, 968.0, 674.0]
[224.0, 176.0, 953.0, 723.0]
[256.0, 256.0, 986.0, 804.0]
[288.0, 176.0, 1019.0, 724.0]
[224.0, 176.0, 956.0, 725.0]
[240.0, 176.0, 973.0, 726.0]
[288.0, 112.0, 1022.0, 662.0]
[256.0, 208.0, 991.0, 759.0]
[256.0, 240.0, 992.0, 792.0]
[272.0, 160.0, 1009.0, 713.0]
[240.0, 144.0, 978.0, 698.0]
[224.0, 240.0, 963.0, 794.0]
[272.0, 112.0, 1012.0, 667.0]
[208.0, 160.0, 949.0, 716.0]
[240.0, 176.0, 982.0, 732.0]
[256.0, 80.0, 999.0, 637.0]
[208.0, 224.0, 952.0, 782.0]
[272.0, 208.0, 1017.0, 767.0]
[256.0, 112.0, 1002.0, 672.0]
[240.0, 176.0, 987.0, 736.0]
[256.0, 112.0, 1004.0, 673.0]
[192.0, 192.0, 941.0, 754.0]
[192.0, 128.0, 942.0, 690.0]
[208.0, 112.0, 959.0, 675.0]
[272.0, 80.0, 1024.0, 644.0]
[208.0, 160.0, 961.0, 725.0]
[240.0, 240.0, 994.0, 806.0]
[240.0, 144.0, 995.0, 710.0]
[208.0, 128.0, 964.0, 695.0]
[192.0, 144.0, 949.0, 712.0]
[224.0, 80.0, 982.0, 648.0]
[240.0, 176.0, 999.0, 745.0]
[224.0, 128.0, 984.0, 698.0]
[256.0, 224.0, 1017.0, 795.0]
[240.0, 128.0, 1002.0, 700.0]
[256.0, 80.0, 1019.0, 652.0]
[224.0, 160.0, 988.0, 733.0]
[224.0, 144.0, 989.0, 718.0]
[224.0, 160.0, 990.0, 734.0]
[192.0, 208.0, 959.0, 783.0]
[208.0, 128.0, 976.0, 704.0]
[208.0, 80.0, 977.0, 657.0]
[192.0, 192.0, 962.0, 770.0]
[208.0, 208.0, 979.0, 786.0]
[240.0, 112.0, 1012.0, 691.0]
[224.0, 128.0, 997.0, 708.0]
[208.0, 112.0, 982.0, 692.0]
[240.0, 160.0, 1015.0, 741.0]
[176.0, 160.0, 952.0, 742.0]
[176.0, 176.0, 953.0, 759.0]
[240.0, 208.0, 1018.0, 792.0]
[208.0, 144.0, 987.0, 728.0]
[224.0, 192.0, 1004.0, 777.0]
[224.0, 208.0, 1005.0, 794.0]
[224.0, 144.0, 1006.0, 730.0]
[192.0, 144.0, 975.0, 731.0]
[240.0, 160.0, 1024.0, 748.0]
[176.0, 192.0, 961.0, 781.0]
[176.0, 112.0, 962.0, 702.0]
[192.0, 192.0, 979.0, 782.0]
[208.0, 144.0, 996.0, 735.0]
[208.0, 160.0, 997.0, 752.0]
[224.0, 112.0, 1014.0, 704.0]
[192.0, 192.0, 983.0, 785.0]
[160.0, 144.0, 952.0, 738.0]
[224.0, 160.0, 1017.0, 755.0]
[160.0, 176.0, 954.0, 772.0]
[160.0, 144.0, 955.0, 740.0]
[208.0, 80.0, 1004.0, 677.0]
[224.0, 176.0, 1021.0, 774.0]
[144.0, 112.0, 942.0, 710.0]
[144.0, 128.0, 943.0, 727.0]
[160.0, 112.0, 960.0, 712.0]
[176.0, 208.0, 977.0, 809.0]
[176.0, 144.0, 978.0, 746.0]
[176.0, 128.0, 979.0, 730.0]
[208.0, 128.0, 1012.0, 731.0]
[208.0, 208.0, 1013.0, 812.0]
[176.0, 112.0, 982.0, 716.0]
[208.0, 160.0, 1015.0, 765.0]
[144.0, 160.0, 952.0, 766.0]
[160.0, 192.0, 969.0, 799.0]
[160.0, 96.0, 970.0, 704.0]
[208.0, 112.0, 1019.0, 720.0]
[176.0, 176.0, 988.0, 785.0]
[144.0, 144.0, 957.0, 754.0]
[192.0, 128.0, 1006.0, 738.0]
[208.0, 112.0, 1023.0, 723.0]
[208.0, 144.0, 1024.0, 756.0]
[192.0, 112.0, 1009.0, 725.0]
[128.0, 160.0, 946.0, 774.0]
[192.0, 128.0, 1011.0, 742.0]
[192.0, 144.0, 1012.0, 759.0]
[192.0, 96.0, 1013.0, 712.0]
[160.0, 144.0, 982.0, 760.0]
[176.0, 160.0, 999.0, 777.0]
[160.0, 176.0, 984.0, 794.0]
[192.0, 112.0, 1017.0, 731.0]
[192.0, 192.0, 1018.0, 812.0]
[144.0, 144.0, 971.0, 764.0]
[176.0, 176.0, 1004.0, 797.0]
[128.0, 96.0, 957.0, 718.0]
[112.0, 112.0, 942.0, 734.0]
[144.0, 144.0, 975.0, 767.0]
[128.0, 128.0, 960.0, 752.0]
[160.0, 112.0, 993.0, 737.0]
[176.0, 96.0, 1010.0, 722.0]
[160.0, 96.0, 995.0, 722.0]
[176.0, 160.0, 1012.0, 787.0]
[176.0, 112.0, 1013.0, 740.0]
[160.0, 160.0, 998.0, 788.0]
[160.0, 176.0, 999.0, 805.0]
[144.0, 176.0, 984.0, 806.0]
[176.0, 160.0, 1017.0, 791.0]
[128.0, 96.0, 970.0, 728.0]
[176.0, 144.0, 1019.0, 776.0]
[176.0, 80.0, 1020.0, 713.0]
[144.0, 128.0, 989.0, 762.0]
[160.0, 160.0, 1006.0, 794.0]
[160.0, 96.0, 1007.0, 731.0]
[128.0, 144.0, 976.0, 780.0]
[144.0, 144.0, 993.0, 781.0]
[96.0, 128.0, 946.0, 766.0]
[160.0, 128.0, 1011.0, 766.0]
[160.0, 128.0, 1012.0, 767.0]
[112.0, 144.0, 965.0, 784.0]
[144.0, 80.0, 998.0, 720.0]
[128.0, 96.0, 983.0, 737.0]
[128.0, 112.0, 984.0, 754.0]
[128.0, 144.0, 985.0, 787.0]
[128.0, 128.0, 986.0, 772.0]
[96.0, 144.0, 955.0, 788.0]
[160.0, 96.0, 1020.0, 741.0]
[160.0, 96.0, 1021.0, 742.0]
[144.0, 80.0, 1006.0, 726.0]
[128.0, 128.0, 991.0, 775.0]
[160.0, 128.0, 1024.0, 776.0]
[128.0, 144.0, 993.0, 793.0]
[144.0, 112.0, 1010.0, 762.0]
[144.0, 160.0, 1011.0, 810.0]
[128.0, 144.0, 996.0, 795.0]
[128.0, 160.0, 997.0, 812.0]
[128.0, 128.0, 998.0, 780.0]
[80.0, 112.0, 951.0, 765.0]
[144.0, 80.0, 1016.0, 734.0]
[128.0, 112.0, 1001.0, 767.0]
[96.0, 96.0, 970.0, 752.0]
[112.0, 112.0, 987.0, 768.0]
[112.0, 128.0, 988.0, 785.0]
[128.0, 144.0, 1005.0, 802.0]
[112.0, 112.0, 990.0, 770.0]
[144.0, 128.0, 1023.0, 787.0]
[144.0, 144.0, 1024.0, 804.0]
[80.0, 112.0, 961.0, 773.0]
[96.0, 144.0, 978.0, 806.0]
[128.0, 80.0, 1011.0, 742.0]
[128.0, 112.0, 1012.0, 775.0]
[128.0, 112.0, 1013.0, 776.0]
[112.0, 80.0, 998.0, 744.0]
[112.0, 96.0, 999.0, 761.0]
[128.0, 80.0, 1016.0, 746.0]
[128.0, 128.0, 1017.0, 795.0]
[80.0, 112.0, 970.0, 780.0]
[112.0, 128.0, 1003.0, 796.0]
[80.0, 96.0, 972.0, 765.0]
[96.0, 80.0, 989.0, 750.0]
[80.0, 96.0, 974.0, 766.0]
[112.0, 80.0, 1007.0, 751.0]
[80.0, 96.0, 976.0, 768.0]
[80.0, 112.0, 977.0, 785.0]
[80.0, 112.0, 978.0, 786.0]
[64.0, 96.0, 963.0, 770.0]
[96.0, 80.0, 996.0, 755.0]
[96.0, 128.0, 997.0, 804.0]
[64.0, 112.0, 966.0, 788.0]
[112.0, 112.0, 1015.0, 789.0]
[64.0, 112.0, 968.0, 790.0]
[112.0, 112.0, 1017.0, 791.0]
[112.0, 128.0, 1018.0, 808.0]
[96.0, 80.0, 1003.0, 760.0]
[112.0, 112.0, 1020.0, 793.0]
[112.0, 112.0, 1021.0, 794.0]
[112.0, 80.0, 1022.0, 762.0]
[80.0, 112.0, 991.0, 795.0]
[112.0, 112.0, 1024.0, 796.0]
[64.0, 96.0, 977.0, 781.0]
[96.0, 80.0, 1010.0, 766.0]
[96.0, 112.0, 1011.0, 798.0]
[80.0, 96.0, 996.0, 783.0]
[64.0, 96.0, 981.0, 784.0]
[96.0, 96.0, 1014.0, 784.0]
[80.0, 112.0, 999.0, 801.0]
[64.0, 96.0, 984.0, 786.0]
[96.0, 96.0, 1017.0, 787.0]
[96.0, 112.0, 1018.0, 804.0]
[96.0, 112.0, 1019.0, 804.0]
[64.0, 96.0, 988.0, 789.0]
[80.0, 112.0, 1005.0, 806.0]
[96.0, 112.0, 1022.0, 806.0]
[80.0, 96.0, 1007.0, 791.0]
[64.0, 80.0, 992.0, 776.0]
[64.0, 80.0, 993.0, 777.0]
