[192.0, 96.0, 909.0, 634.0]
[96.0, 80.0, 814.0, 618.0]
[48.0, 96.0, 767.0, 635.0]
[80.0, 16.0, 800.0, 556.0]
[176.0, 48.0, 897.0, 589.0]
[32.0, 16.0, 754.0, 558.0]
[64.0, 96.0, 787.0, 638.0]
[128.0, 32.0, 852.0, 575.0]
[48.0, 96.0, 773.0, 640.0]
[192.0, 32.0, 918.0, 576.0]
[80.0, 64.0, 807.0, 609.0]
[144.0, 0.0, 872.0, 546.0]
[128.0, 48.0, 857.0, 595.0]
[16.0, 48.0, 746.0, 596.0]
[48.0, 32.0, 779.0, 580.0]
[144.0, 32.0, 876.0, 581.0]
[176.0, 48.0, 909.0, 598.0]
[112.0, 48.0, 846.0, 598.0]
[144.0, 64.0, 879.0, 615.0]
[48.0, 32.0, 784.0, 584.0]
[112.0, 96.0, 849.0, 649.0]
[80.0, 32.0, 818.0, 586.0]
[96.0, 0.0, 835.0, 554.0]
[16.0, 16.0, 756.0, 571.0]
[96.0, 80.0, 837.0, 636.0]
[144.0, 48.0, 886.0, 604.0]
[0.0, 48.0, 743.0, 605.0]
[32.0, 48.0, 776.0, 606.0]
[192.0, 48.0, 937.0, 607.0]
[32.0, 32.0, 778.0, 592.0]
[144.0, 16.0, 891.0, 576.0]
[112.0, 0.0, 860.0, 561.0]
[0.0, 48.0, 749.0, 610.0]
[16.0, 48.0, 766.0, 610.0]
[160.0, 32.0, 911.0, 595.0]
[112.0, 0.0, 864.0, 564.0]
[128.0, 16.0, 881.0, 581.0]
[112.0, 80.0, 866.0, 646.0]
[176.0, 64.0, 931.0, 630.0]
[112.0, 64.0, 868.0, 631.0]
[64.0, 0.0, 821.0, 568.0]
[80.0, 80.0, 838.0, 648.0]
[144.0, 80.0, 903.0, 649.0]
[80.0, 0.0, 840.0, 570.0]
[144.0, 64.0, 905.0, 635.0]
[80.0, 80.0, 842.0, 652.0]
[0.0, 32.0, 763.0, 604.0]
[48.0, 48.0, 812.0, 621.0]
[16.0, 64.0, 781.0, 638.0]
[176.0, 64.0, 942.0, 638.0]
[160.0, 32.0, 927.0, 607.0]
[0.0, 48.0, 768.0, 624.0]
[0.0, 0.0, 769.0, 577.0]
[64.0, 0.0, 834.0, 578.0]
[0.0, 48.0, 771.0, 626.0]
[160.0, 48.0, 932.0, 627.0]
[176.0, 16.0, 949.0, 596.0]
[16.0, 48.0, 790.0, 628.0]
[128.0, 16.0, 903.0, 597.0]
[112.0, 32.0, 888.0, 614.0]
[160.0, 32.0, 937.0, 615.0]
[48.0, 64.0, 826.0, 648.0]
[160.0, 64.0, 939.0, 648.0]
[48.0, 32.0, 828.0, 617.0]
[112.0, 64.0, 893.0, 650.0]
[16.0, 48.0, 798.0, 634.0]
[32.0, 0.0, 815.0, 587.0]
[32.0, 0.0, 816.0, 588.0]
[160.0, 32.0, 945.0, 621.0]
[112.0, 16.0, 898.0, 606.0]
[48.0, 16.0, 835.0, 606.0]
[48.0, 16.0, 836.0, 607.0]
[144.0, 48.0, 933.0, 640.0]
[112.0, 48.0, 902.0, 640.0]
[48.0, 0.0, 839.0, 593.0]
[128.0, 48.0, 920.0, 642.0]
[112.0, 48.0, 905.0, 643.0]
[144.0, 48.0, 938.0, 644.0]
[32.0, 32.0, 827.0, 628.0]
[16.0, 16.0, 812.0, 613.0]
[160.0, 0.0, 957.0, 598.0]
[96.0, 32.0, 894.0, 630.0]
[32.0, 48.0, 831.0, 647.0]
[32.0, 16.0, 832.0, 616.0]
[32.0, 32.0, 833.0, 633.0]
[144.0, 0.0, 946.0, 602.0]
[144.0, 48.0, 947.0, 650.0]
[32.0, 48.0, 836.0, 651.0]
[112.0, 32.0, 917.0, 636.0]
[16.0, 32.0, 822.0, 636.0]
[64.0, 48.0, 871.0, 653.0]
[176.0, 32.0, 984.0, 638.0]
[16.0, 0.0, 825.0, 607.0]
[64.0, 0.0, 874.0, 608.0]
[0.0, 32.0, 811.0, 640.0]
[144.0, 0.0, 956.0, 609.0]
[160.0, 32.0, 973.0, 642.0]
[144.0, 32.0, 958.0, 642.0]
[64.0, 16.0, 879.0, 627.0]
[32.0, 32.0, 848.0, 644.0]
[112.0, 0.0, 929.0, 613.0]
[160.0, 16.0, 978.0, 630.0]
[128.0, 0.0, 947.0, 614.0]
[48.0, 0.0, 868.0, 615.0]
[16.0, 16.0, 837.0, 632.0]
[32.0, 32.0, 854.0, 648.0]
[64.0, 0.0, 887.0, 617.0]
[64.0, 0.0, 888.0, 618.0]
[112.0, 0.0, 937.0, 619.0]
[16.0, 0.0, 842.0, 620.0]
[128.0, 16.0, 955.0, 636.0]
[16.0, 32.0, 844.0, 653.0]
[16.0, 0.0, 845.0, 622.0]
[144.0, 16.0, 974.0, 638.0]
[144.0, 0.0, 975.0, 623.0]
[16.0, 0.0, 848.0, 624.0]
[48.0, 16.0, 881.0, 641.0]
[144.0, 0.0, 978.0, 626.0]
[112.0, 0.0, 947.0, 626.0]
[128.0, 16.0, 964.0, 643.0]
[128.0, 0.0, 965.0, 628.0]
[160.0, 16.0, 998.0, 644.0]
[48.0, 0.0, 887.0, 629.0]
[48.0, 16.0, 888.0, 646.0]
[80.0, 16.0, 921.0, 647.0]
[160.0, 0.0, 1002.0, 632.0]
[160.0, 16.0, 1003.0, 648.0]
[80.0, 16.0, 924.0, 649.0]
[0.0, 0.0, 845.0, 634.0]
[96.0, 16.0, 942.0, 650.0]
[144.0, 0.0, 991.0, 635.0]
[48.0, 16.0, 896.0, 652.0]
[112.0, 0.0, 961.0, 637.0]
[80.0, 16.0, 930.0, 654.0]
[32.0, 0.0, 883.0, 638.0]
[16.0, 0.0, 868.0, 639.0]
[64.0, 0.0, 917.0, 640.0]
[144.0, 0.0, 998.0, 640.0]
[112.0, 0.0, 967.0, 641.0]
[48.0, 0.0, 904.0, 642.0]
[64.0, 0.0, 921.0, 643.0]
[144.0, 0.0, 1002.0, 644.0]
[112.0, 0.0, 971.0, 644.0]
[48.0, 0.0, 908.0, 645.0]
[80.0, 0.0, 941.0, 646.0]
[16.0, 0.0, 878.0, 646.0]
[0.0, 0.0, 863.0, 647.0]
[80.0, 0.0, 944.0, 648.0]
[32.0, 0.0, 897.0, 649.0]
[80.0, 0.0, 946.0, 650.0]
[96.0, 0.0, 963.0, 650.0]
[16.0, 0.0, 884.0, 651.0]
[80.0, 0.0, 949.0, 652.0]
[64.0, 0.0, 934.0, 652.0]
[32.0, 0.0, 903.0, 653.0]
[64.0, 0.0, 936.0, 654.0]
