[96.0, 112.0, 813.0, 650.0]
[112.0, 96.0, 830.0, 634.0]
[80.0, 96.0, 799.0, 635.0]
[96.0, 112.0, 816.0, 652.0]
[80.0, 112.0, 801.0, 653.0]
[64.0, 96.0, 786.0, 638.0]
[64.0, 80.0, 787.0, 622.0]
[128.0, 112.0, 852.0, 655.0]
[64.0, 80.0, 789.0, 624.0]
[0.0, 112.0, 726.0, 656.0]
[16.0, 96.0, 743.0, 641.0]
[48.0, 80.0, 776.0, 626.0]
[80.0, 112.0, 809.0, 659.0]
[48.0, 80.0, 778.0, 628.0]
[112.0, 128.0, 843.0, 676.0]
[64.0, 96.0, 796.0, 645.0]
[96.0, 96.0, 829.0, 646.0]
[16.0, 128.0, 750.0, 678.0]
[32.0, 112.0, 767.0, 663.0]
[48.0, 96.0, 784.0, 648.0]
[64.0, 112.0, 801.0, 665.0]
[32.0, 80.0, 770.0, 634.0]
[16.0, 96.0, 755.0, 650.0]
[48.0, 96.0, 788.0, 651.0]
[80.0, 112.0, 821.0, 668.0]
[96.0, 96.0, 838.0, 652.0]
[0.0, 112.0, 743.0, 669.0]
[112.0, 96.0, 856.0, 654.0]
[112.0, 112.0, 857.0, 671.0]
[112.0, 96.0, 858.0, 656.0]
[80.0, 112.0, 827.0, 672.0]
[32.0, 112.0, 780.0, 673.0]
[48.0, 96.0, 797.0, 658.0]
[64.0, 112.0, 814.0, 674.0]
[64.0, 112.0, 815.0, 675.0]
[80.0, 96.0, 832.0, 660.0]
[32.0, 80.0, 785.0, 645.0]
[48.0, 80.0, 802.0, 646.0]
[32.0, 80.0, 787.0, 646.0]
[80.0, 112.0, 836.0, 679.0]
[48.0, 64.0, 805.0, 632.0]
[48.0, 80.0, 806.0, 648.0]
[80.0, 80.0, 839.0, 649.0]
[32.0, 96.0, 792.0, 666.0]
[32.0, 112.0, 793.0, 683.0]
[16.0, 80.0, 778.0, 652.0]
[16.0, 80.0, 779.0, 652.0]
[48.0, 96.0, 812.0, 669.0]
[48.0, 96.0, 813.0, 670.0]
[32.0, 80.0, 798.0, 654.0]
[32.0, 96.0, 799.0, 671.0]
[80.0, 96.0, 848.0, 672.0]
[32.0, 80.0, 801.0, 657.0]
[32.0, 80.0, 802.0, 658.0]
[48.0, 96.0, 819.0, 674.0]
[32.0, 64.0, 804.0, 643.0]
[80.0, 80.0, 853.0, 660.0]
[64.0, 96.0, 838.0, 676.0]
[0.0, 96.0, 775.0, 677.0]
[80.0, 80.0, 856.0, 662.0]
[32.0, 80.0, 809.0, 663.0]
[80.0, 96.0, 858.0, 680.0]
[48.0, 80.0, 827.0, 664.0]
[48.0, 96.0, 828.0, 681.0]
[16.0, 96.0, 797.0, 682.0]
[48.0, 64.0, 830.0, 650.0]
[64.0, 64.0, 847.0, 651.0]
[0.0, 80.0, 784.0, 668.0]
[16.0, 80.0, 801.0, 669.0]
[32.0, 64.0, 818.0, 654.0]
[16.0, 64.0, 803.0, 654.0]
[64.0, 64.0, 852.0, 655.0]
[48.0, 80.0, 837.0, 672.0]
[64.0, 80.0, 854.0, 672.0]
[32.0, 80.0, 823.0, 673.0]
[48.0, 48.0, 840.0, 642.0]
[16.0, 64.0, 809.0, 659.0]
[16.0, 48.0, 810.0, 644.0]
[0.0, 80.0, 795.0, 676.0]
[48.0, 48.0, 844.0, 645.0]
[32.0, 80.0, 829.0, 678.0]
[0.0, 80.0, 798.0, 678.0]
[48.0, 80.0, 847.0, 679.0]
[32.0, 64.0, 832.0, 664.0]
[48.0, 48.0, 849.0, 649.0]
[48.0, 48.0, 850.0, 650.0]
[16.0, 80.0, 819.0, 682.0]
[0.0, 80.0, 804.0, 683.0]
[32.0, 48.0, 837.0, 652.0]
[16.0, 64.0, 822.0, 668.0]
[32.0, 48.0, 839.0, 653.0]
[0.0, 48.0, 808.0, 654.0]
[0.0, 48.0, 809.0, 655.0]
[32.0, 64.0, 842.0, 672.0]
[48.0, 64.0, 859.0, 672.0]
[32.0, 48.0, 844.0, 657.0]
[32.0, 48.0, 845.0, 658.0]
[32.0, 64.0, 846.0, 674.0]
[0.0, 48.0, 815.0, 659.0]
[0.0, 64.0, 816.0, 676.0]
