[80.0, 336.0, 817.0, 889.0]
[112.0, 384.0, 850.0, 938.0]
[80.0, 384.0, 819.0, 938.0]
[80.0, 384.0, 820.0, 939.0]
[112.0, 400.0, 853.0, 956.0]
[144.0, 352.0, 886.0, 908.0]
[64.0, 320.0, 807.0, 877.0]
[144.0, 336.0, 888.0, 894.0]
[144.0, 320.0, 889.0, 879.0]
[64.0, 368.0, 810.0, 928.0]
[48.0, 352.0, 795.0, 912.0]
[128.0, 384.0, 876.0, 945.0]
[80.0, 336.0, 829.0, 898.0]
[96.0, 384.0, 846.0, 946.0]
[80.0, 368.0, 831.0, 931.0]
[96.0, 320.0, 848.0, 884.0]
[48.0, 304.0, 801.0, 869.0]
[48.0, 368.0, 802.0, 934.0]
[32.0, 336.0, 787.0, 902.0]
[96.0, 336.0, 852.0, 903.0]
[32.0, 336.0, 789.0, 904.0]
[96.0, 336.0, 854.0, 904.0]
[32.0, 288.0, 791.0, 857.0]
[32.0, 416.0, 792.0, 986.0]
[160.0, 352.0, 921.0, 923.0]
[48.0, 384.0, 810.0, 956.0]
[112.0, 416.0, 875.0, 988.0]
[16.0, 400.0, 780.0, 973.0]
[96.0, 320.0, 861.0, 894.0]
[32.0, 336.0, 798.0, 910.0]
[80.0, 384.0, 847.0, 959.0]
[144.0, 400.0, 912.0, 976.0]
[96.0, 416.0, 865.0, 993.0]
[144.0, 336.0, 914.0, 914.0]
[64.0, 400.0, 835.0, 978.0]
[48.0, 320.0, 820.0, 899.0]
[64.0, 288.0, 837.0, 868.0]
[80.0, 368.0, 854.0, 948.0]
[96.0, 416.0, 871.0, 997.0]
[80.0, 368.0, 856.0, 950.0]
[160.0, 336.0, 937.0, 919.0]
[128.0, 352.0, 906.0, 936.0]
[48.0, 416.0, 827.0, 1000.0]
[64.0, 416.0, 844.0, 1001.0]
[128.0, 336.0, 909.0, 922.0]
[16.0, 320.0, 798.0, 906.0]
[96.0, 320.0, 879.0, 907.0]
[128.0, 368.0, 912.0, 956.0]
[64.0, 384.0, 849.0, 973.0]
[32.0, 336.0, 818.0, 926.0]
[32.0, 304.0, 819.0, 894.0]
[80.0, 352.0, 868.0, 943.0]
[128.0, 368.0, 917.0, 960.0]
[0.0, 352.0, 790.0, 944.0]
[16.0, 352.0, 807.0, 945.0]
[32.0, 384.0, 824.0, 978.0]
[48.0, 272.0, 841.0, 867.0]
[48.0, 304.0, 842.0, 900.0]
[96.0, 416.0, 891.0, 1012.0]
[160.0, 336.0, 956.0, 933.0]
[128.0, 384.0, 925.0, 982.0]
[144.0, 352.0, 942.0, 950.0]
[0.0, 384.0, 799.0, 983.0]
[32.0, 304.0, 832.0, 904.0]
[48.0, 400.0, 849.0, 1001.0]
[64.0, 304.0, 866.0, 906.0]
[128.0, 384.0, 931.0, 986.0]
[128.0, 352.0, 932.0, 955.0]
[96.0, 256.0, 901.0, 860.0]
[112.0, 320.0, 918.0, 924.0]
[16.0, 416.0, 823.0, 1021.0]
[80.0, 288.0, 888.0, 894.0]
[16.0, 304.0, 825.0, 911.0]
[48.0, 368.0, 858.0, 976.0]
[112.0, 272.0, 923.0, 880.0]
[32.0, 304.0, 844.0, 913.0]
[48.0, 368.0, 861.0, 978.0]
[160.0, 368.0, 974.0, 978.0]
[48.0, 240.0, 863.0, 851.0]
[96.0, 256.0, 912.0, 868.0]
[64.0, 368.0, 881.0, 981.0]
[16.0, 368.0, 834.0, 982.0]
[64.0, 240.0, 883.0, 854.0]
[16.0, 288.0, 836.0, 903.0]
[144.0, 320.0, 965.0, 936.0]
[128.0, 288.0, 950.0, 904.0]
[96.0, 272.0, 919.0, 889.0]
[16.0, 256.0, 840.0, 874.0]
[144.0, 368.0, 969.0, 987.0]
[0.0, 288.0, 826.0, 908.0]
[64.0, 304.0, 891.0, 924.0]
[64.0, 288.0, 892.0, 909.0]
[80.0, 320.0, 909.0, 942.0]
[32.0, 384.0, 862.0, 1006.0]
[80.0, 272.0, 911.0, 895.0]
[64.0, 336.0, 896.0, 960.0]
[0.0, 256.0, 833.0, 881.0]
[144.0, 352.0, 978.0, 978.0]
[80.0, 336.0, 915.0, 962.0]
[16.0, 240.0, 852.0, 867.0]
[112.0, 320.0, 949.0, 948.0]
[64.0, 320.0, 902.0, 948.0]
[32.0, 336.0, 871.0, 965.0]
[48.0, 368.0, 888.0, 998.0]
[0.0, 256.0, 841.0, 887.0]
[128.0, 352.0, 970.0, 984.0]
[0.0, 256.0, 843.0, 888.0]
[80.0, 384.0, 924.0, 1017.0]
[80.0, 240.0, 925.0, 874.0]
[64.0, 384.0, 910.0, 1018.0]
[64.0, 352.0, 911.0, 987.0]
[16.0, 352.0, 864.0, 988.0]
[0.0, 384.0, 849.0, 1021.0]
[144.0, 304.0, 994.0, 942.0]
[16.0, 272.0, 867.0, 910.0]
[48.0, 384.0, 900.0, 1023.0]
[32.0, 384.0, 885.0, 1024.0]
[80.0, 288.0, 934.0, 928.0]
[96.0, 336.0, 951.0, 977.0]
[112.0, 336.0, 968.0, 978.0]
[0.0, 304.0, 857.0, 947.0]
[64.0, 368.0, 922.0, 1012.0]
[80.0, 352.0, 939.0, 996.0]
[80.0, 336.0, 940.0, 981.0]
[0.0, 304.0, 861.0, 950.0]
[0.0, 336.0, 862.0, 982.0]
[16.0, 368.0, 879.0, 1015.0]
[16.0, 272.0, 880.0, 920.0]
[48.0, 352.0, 913.0, 1001.0]
[32.0, 208.0, 898.0, 858.0]
[0.0, 240.0, 867.0, 890.0]
[64.0, 224.0, 932.0, 875.0]
[64.0, 320.0, 933.0, 972.0]
[0.0, 336.0, 870.0, 988.0]
[32.0, 224.0, 903.0, 877.0]
[128.0, 288.0, 1000.0, 942.0]
[16.0, 368.0, 889.0, 1023.0]
[80.0, 240.0, 954.0, 896.0]
[48.0, 240.0, 923.0, 896.0]
[32.0, 256.0, 908.0, 913.0]
[48.0, 320.0, 925.0, 978.0]
[112.0, 256.0, 990.0, 914.0]
[64.0, 272.0, 943.0, 931.0]
[16.0, 336.0, 896.0, 996.0]
[48.0, 304.0, 929.0, 965.0]
[80.0, 256.0, 962.0, 918.0]
[128.0, 320.0, 1011.0, 982.0]
[48.0, 352.0, 932.0, 1015.0]
[32.0, 272.0, 917.0, 936.0]
[48.0, 272.0, 934.0, 936.0]
[64.0, 272.0, 951.0, 937.0]
[48.0, 320.0, 936.0, 986.0]
[96.0, 240.0, 985.0, 907.0]
[64.0, 272.0, 954.0, 940.0]
[32.0, 240.0, 923.0, 908.0]
[48.0, 304.0, 940.0, 973.0]
[112.0, 352.0, 1005.0, 1022.0]
[16.0, 240.0, 910.0, 910.0]
[16.0, 272.0, 911.0, 943.0]
[0.0, 352.0, 896.0, 1024.0]
[32.0, 224.0, 929.0, 897.0]
[64.0, 304.0, 962.0, 978.0]
[32.0, 256.0, 931.0, 930.0]
[16.0, 208.0, 916.0, 883.0]
[80.0, 320.0, 981.0, 996.0]
[32.0, 304.0, 934.0, 980.0]
[32.0, 320.0, 935.0, 997.0]
[0.0, 256.0, 904.0, 934.0]
[0.0, 288.0, 905.0, 967.0]
[96.0, 288.0, 1002.0, 968.0]
[0.0, 208.0, 907.0, 888.0]
[48.0, 320.0, 956.0, 1001.0]
[0.0, 240.0, 909.0, 922.0]
[0.0, 224.0, 910.0, 906.0]
[16.0, 256.0, 927.0, 939.0]
[112.0, 320.0, 1024.0, 1004.0]
[96.0, 304.0, 1009.0, 989.0]
[32.0, 304.0, 946.0, 990.0]
[64.0, 304.0, 979.0, 990.0]
[64.0, 304.0, 980.0, 991.0]
[0.0, 320.0, 917.0, 1008.0]
[16.0, 304.0, 934.0, 992.0]
[64.0, 224.0, 983.0, 913.0]
[48.0, 224.0, 968.0, 914.0]
[64.0, 272.0, 985.0, 963.0]
[96.0, 272.0, 1018.0, 964.0]
[48.0, 272.0, 971.0, 964.0]
[64.0, 304.0, 988.0, 997.0]
[96.0, 288.0, 1021.0, 982.0]
[96.0, 304.0, 1022.0, 998.0]
[64.0, 320.0, 991.0, 1015.0]
[16.0, 272.0, 944.0, 968.0]
[16.0, 240.0, 945.0, 937.0]
[80.0, 288.0, 1010.0, 986.0]
[0.0, 272.0, 931.0, 970.0]
[0.0, 272.0, 932.0, 971.0]
[32.0, 288.0, 965.0, 988.0]
[80.0, 320.0, 1014.0, 1020.0]
[32.0, 224.0, 967.0, 925.0]
[32.0, 240.0, 968.0, 942.0]
[16.0, 320.0, 953.0, 1023.0]
[48.0, 240.0, 986.0, 944.0]
[16.0, 224.0, 955.0, 928.0]
[80.0, 224.0, 1020.0, 929.0]
[64.0, 224.0, 1005.0, 930.0]
[0.0, 304.0, 942.0, 1010.0]
[48.0, 224.0, 991.0, 931.0]
[80.0, 224.0, 1024.0, 932.0]
[64.0, 224.0, 1009.0, 933.0]
[64.0, 224.0, 1010.0, 934.0]
[16.0, 208.0, 963.0, 918.0]
[32.0, 304.0, 980.0, 1015.0]
[32.0, 240.0, 981.0, 952.0]
[32.0, 304.0, 982.0, 1016.0]
[48.0, 240.0, 999.0, 953.0]
[64.0, 304.0, 1016.0, 1018.0]
[16.0, 304.0, 969.0, 1019.0]
[48.0, 288.0, 1002.0, 1004.0]
[0.0, 208.0, 955.0, 924.0]
[64.0, 288.0, 1020.0, 1005.0]
[0.0, 288.0, 957.0, 1006.0]
[0.0, 272.0, 958.0, 990.0]
[64.0, 224.0, 1023.0, 943.0]
[32.0, 288.0, 992.0, 1008.0]
[32.0, 240.0, 993.0, 961.0]
[0.0, 224.0, 962.0, 946.0]
[16.0, 240.0, 979.0, 962.0]
[32.0, 224.0, 996.0, 947.0]
[16.0, 224.0, 981.0, 948.0]
[48.0, 240.0, 1014.0, 964.0]
[32.0, 240.0, 999.0, 965.0]
[16.0, 224.0, 984.0, 950.0]
[48.0, 288.0, 1017.0, 1015.0]
[48.0, 240.0, 1018.0, 968.0]
[48.0, 256.0, 1019.0, 984.0]
[48.0, 224.0, 1020.0, 953.0]
[48.0, 224.0, 1021.0, 954.0]
[48.0, 240.0, 1022.0, 970.0]
[48.0, 208.0, 1023.0, 939.0]
[0.0, 224.0, 976.0, 956.0]
[0.0, 288.0, 977.0, 1021.0]
[0.0, 240.0, 978.0, 974.0]
[16.0, 272.0, 995.0, 1006.0]
[0.0, 224.0, 980.0, 959.0]
[16.0, 224.0, 997.0, 960.0]
[16.0, 208.0, 998.0, 944.0]
[32.0, 272.0, 1015.0, 1009.0]
[0.0, 224.0, 984.0, 962.0]
[32.0, 224.0, 1017.0, 963.0]
[32.0, 240.0, 1018.0, 980.0]
[16.0, 272.0, 1003.0, 1012.0]
[0.0, 256.0, 988.0, 997.0]
[0.0, 272.0, 989.0, 1014.0]
[0.0, 224.0, 990.0, 966.0]
[0.0, 272.0, 991.0, 1015.0]
[0.0, 224.0, 992.0, 968.0]
[0.0, 192.0, 993.0, 937.0]
[0.0, 240.0, 994.0, 986.0]
[0.0, 240.0, 995.0, 986.0]
[16.0, 256.0, 1012.0, 1003.0]
[16.0, 256.0, 1013.0, 1004.0]
[16.0, 240.0, 1014.0, 988.0]
[16.0, 224.0, 1015.0, 973.0]
[0.0, 272.0, 1000.0, 1022.0]
[0.0, 192.0, 1001.0, 943.0]
[0.0, 192.0, 1002.0, 944.0]
[0.0, 256.0, 1003.0, 1008.0]
[0.0, 208.0, 1004.0, 961.0]
[16.0, 224.0, 1021.0, 978.0]
[16.0, 224.0, 1022.0, 978.0]
[16.0, 192.0, 1023.0, 947.0]
[16.0, 240.0, 1024.0, 996.0]
[0.0, 192.0, 1009.0, 949.0]
[0.0, 224.0, 1010.0, 982.0]
[0.0, 240.0, 1011.0, 998.0]
[0.0, 256.0, 1012.0, 1015.0]
[0.0, 224.0, 1013.0, 984.0]
[0.0, 208.0, 1014.0, 968.0]
[0.0, 256.0, 1015.0, 1017.0]
[0.0, 224.0, 1016.0, 986.0]
[0.0, 240.0, 1017.0, 1003.0]
[0.0, 240.0, 1018.0, 1004.0]
[0.0, 192.0, 1019.0, 956.0]
[0.0, 240.0, 1020.0, 1005.0]
[0.0, 240.0, 1021.0, 1006.0]
[0.0, 208.0, 1022.0, 974.0]
[0.0, 224.0, 1023.0, 991.0]
[0.0, 192.0, 1024.0, 960.0]
