[112.0, 64.0, 829.0, 602.0]
[224.0, 80.0, 942.0, 618.0]
[224.0, 80.0, 943.0, 619.0]
[112.0, 32.0, 832.0, 572.0]
[224.0, 80.0, 945.0, 621.0]
[272.0, 80.0, 994.0, 622.0]
[112.0, 80.0, 835.0, 622.0]
[272.0, 32.0, 996.0, 575.0]
[176.0, 64.0, 901.0, 608.0]
[256.0, 0.0, 982.0, 544.0]
[224.0, 64.0, 951.0, 609.0]
[144.0, 48.0, 872.0, 594.0]
[256.0, 64.0, 985.0, 611.0]
[176.0, 0.0, 906.0, 548.0]
[128.0, 32.0, 859.0, 580.0]
[176.0, 64.0, 908.0, 613.0]
[176.0, 0.0, 909.0, 550.0]
[128.0, 48.0, 862.0, 598.0]
[256.0, 80.0, 991.0, 631.0]
[224.0, 96.0, 960.0, 648.0]
[176.0, 16.0, 913.0, 569.0]
[112.0, 80.0, 850.0, 634.0]
[224.0, 80.0, 963.0, 634.0]
[144.0, 48.0, 884.0, 603.0]
[256.0, 80.0, 997.0, 636.0]
[240.0, 64.0, 982.0, 620.0]
[192.0, 0.0, 935.0, 557.0]
[224.0, 32.0, 968.0, 590.0]
[144.0, 96.0, 889.0, 655.0]
[176.0, 80.0, 922.0, 640.0]
[128.0, 0.0, 875.0, 560.0]
[128.0, 16.0, 876.0, 577.0]
[176.0, 64.0, 925.0, 626.0]
[208.0, 32.0, 958.0, 594.0]
[176.0, 64.0, 927.0, 627.0]
[112.0, 80.0, 864.0, 644.0]
[128.0, 80.0, 881.0, 645.0]
[112.0, 80.0, 866.0, 646.0]
[112.0, 32.0, 867.0, 598.0]
[240.0, 16.0, 996.0, 583.0]
[112.0, 32.0, 869.0, 600.0]
[224.0, 48.0, 982.0, 616.0]
[224.0, 96.0, 983.0, 665.0]
[160.0, 0.0, 920.0, 570.0]
[160.0, 32.0, 921.0, 603.0]
[192.0, 96.0, 954.0, 668.0]
[224.0, 16.0, 987.0, 588.0]
[176.0, 80.0, 940.0, 653.0]
[192.0, 48.0, 957.0, 622.0]
[128.0, 32.0, 894.0, 606.0]
[128.0, 32.0, 895.0, 607.0]
[160.0, 64.0, 928.0, 640.0]
[144.0, 80.0, 913.0, 657.0]
[112.0, 80.0, 882.0, 658.0]
[128.0, 48.0, 899.0, 626.0]
[208.0, 48.0, 980.0, 627.0]
[208.0, 48.0, 981.0, 628.0]
[112.0, 32.0, 886.0, 612.0]
[128.0, 0.0, 903.0, 581.0]
[144.0, 0.0, 920.0, 582.0]
[112.0, 48.0, 889.0, 631.0]
[160.0, 0.0, 938.0, 584.0]
[160.0, 64.0, 939.0, 648.0]
[192.0, 80.0, 972.0, 665.0]
[208.0, 16.0, 989.0, 602.0]
[176.0, 16.0, 958.0, 602.0]
[176.0, 0.0, 959.0, 587.0]
[176.0, 64.0, 960.0, 652.0]
[112.0, 32.0, 897.0, 621.0]
[176.0, 48.0, 962.0, 638.0]
[144.0, 32.0, 931.0, 622.0]
[128.0, 80.0, 916.0, 671.0]
[208.0, 32.0, 997.0, 624.0]
[128.0, 16.0, 918.0, 608.0]
[128.0, 16.0, 919.0, 609.0]
[176.0, 48.0, 968.0, 642.0]
[160.0, 16.0, 953.0, 611.0]
[176.0, 0.0, 970.0, 596.0]
[112.0, 80.0, 907.0, 676.0]
[192.0, 32.0, 988.0, 629.0]
[128.0, 80.0, 925.0, 678.0]
[144.0, 80.0, 942.0, 678.0]
[192.0, 0.0, 991.0, 599.0]
[160.0, 16.0, 960.0, 616.0]
[128.0, 16.0, 929.0, 617.0]
[192.0, 48.0, 994.0, 650.0]
[144.0, 80.0, 947.0, 682.0]
[176.0, 48.0, 980.0, 651.0]
[128.0, 16.0, 933.0, 620.0]
[160.0, 80.0, 966.0, 684.0]
[128.0, 64.0, 935.0, 669.0]
[144.0, 0.0, 952.0, 606.0]
[160.0, 16.0, 969.0, 623.0]
[160.0, 48.0, 970.0, 656.0]
[176.0, 64.0, 987.0, 672.0]
[176.0, 16.0, 988.0, 625.0]
[176.0, 64.0, 989.0, 674.0]
[144.0, 48.0, 958.0, 658.0]
[144.0, 64.0, 959.0, 675.0]
[128.0, 0.0, 944.0, 612.0]
[128.0, 0.0, 945.0, 613.0]
[176.0, 16.0, 994.0, 630.0]
[144.0, 16.0, 963.0, 630.0]
[128.0, 16.0, 948.0, 631.0]
[128.0, 64.0, 949.0, 680.0]
[160.0, 48.0, 982.0, 664.0]
[144.0, 64.0, 967.0, 681.0]
[128.0, 48.0, 952.0, 666.0]
[144.0, 48.0, 969.0, 667.0]
[160.0, 16.0, 986.0, 636.0]
[144.0, 32.0, 971.0, 652.0]
[144.0, 32.0, 972.0, 653.0]
[128.0, 64.0, 957.0, 686.0]
[128.0, 0.0, 958.0, 622.0]
[128.0, 0.0, 959.0, 623.0]
[128.0, 0.0, 960.0, 624.0]
[160.0, 0.0, 993.0, 625.0]
[128.0, 16.0, 962.0, 642.0]
[128.0, 32.0, 963.0, 658.0]
[128.0, 16.0, 964.0, 643.0]
[144.0, 32.0, 981.0, 660.0]
[144.0, 48.0, 982.0, 676.0]
[144.0, 16.0, 983.0, 645.0]
[144.0, 0.0, 984.0, 630.0]
[144.0, 32.0, 985.0, 663.0]
[144.0, 0.0, 986.0, 632.0]
[144.0, 16.0, 987.0, 648.0]
[144.0, 32.0, 988.0, 665.0]
[128.0, 48.0, 973.0, 682.0]
[128.0, 48.0, 974.0, 682.0]
[144.0, 0.0, 991.0, 635.0]
[128.0, 16.0, 976.0, 652.0]
[128.0, 48.0, 977.0, 685.0]
[128.0, 0.0, 978.0, 638.0]
[128.0, 16.0, 979.0, 654.0]
[128.0, 0.0, 980.0, 639.0]
[128.0, 32.0, 981.0, 672.0]
[128.0, 0.0, 982.0, 640.0]
[128.0, 0.0, 983.0, 641.0]
[128.0, 0.0, 984.0, 642.0]
[128.0, 16.0, 985.0, 659.0]
[128.0, 32.0, 986.0, 676.0]
[128.0, 32.0, 987.0, 676.0]
[128.0, 0.0, 988.0, 645.0]
[128.0, 16.0, 989.0, 662.0]
[128.0, 16.0, 990.0, 662.0]
