[32.0, 32.0, 749.0, 570.0]
[32.0, 64.0, 750.0, 602.0]
[48.0, 80.0, 767.0, 619.0]
[32.0, 112.0, 752.0, 652.0]
[16.0, 48.0, 737.0, 589.0]
[112.0, 32.0, 834.0, 574.0]
[96.0, 64.0, 819.0, 606.0]
[64.0, 80.0, 788.0, 623.0]
[160.0, 112.0, 885.0, 656.0]
[64.0, 96.0, 790.0, 640.0]
[16.0, 32.0, 743.0, 577.0]
[64.0, 48.0, 792.0, 594.0]
[112.0, 112.0, 841.0, 659.0]
[0.0, 128.0, 730.0, 676.0]
[32.0, 48.0, 763.0, 596.0]
[16.0, 80.0, 748.0, 629.0]
[144.0, 64.0, 877.0, 614.0]
[112.0, 112.0, 846.0, 662.0]
[0.0, 112.0, 735.0, 663.0]
[96.0, 80.0, 832.0, 632.0]
[96.0, 96.0, 833.0, 649.0]
[64.0, 128.0, 802.0, 682.0]
[160.0, 96.0, 899.0, 650.0]
[96.0, 96.0, 836.0, 651.0]
[96.0, 96.0, 837.0, 652.0]
[16.0, 48.0, 758.0, 604.0]
[32.0, 112.0, 775.0, 669.0]
[0.0, 80.0, 744.0, 638.0]
[96.0, 64.0, 841.0, 623.0]
[80.0, 112.0, 826.0, 672.0]
[48.0, 64.0, 795.0, 624.0]
[112.0, 80.0, 860.0, 641.0]
[80.0, 64.0, 829.0, 626.0]
[96.0, 80.0, 846.0, 642.0]
[64.0, 48.0, 815.0, 611.0]
[176.0, 96.0, 928.0, 660.0]
[0.0, 80.0, 753.0, 645.0]
[160.0, 80.0, 914.0, 646.0]
[48.0, 112.0, 803.0, 678.0]
[64.0, 16.0, 820.0, 583.0]
[32.0, 96.0, 789.0, 664.0]
[64.0, 112.0, 822.0, 680.0]
[96.0, 48.0, 855.0, 617.0]
[16.0, 80.0, 776.0, 650.0]
[112.0, 32.0, 873.0, 603.0]
[16.0, 16.0, 778.0, 588.0]
[64.0, 48.0, 827.0, 620.0]
[48.0, 64.0, 812.0, 637.0]
[32.0, 80.0, 797.0, 654.0]
[48.0, 32.0, 814.0, 606.0]
[0.0, 64.0, 767.0, 639.0]
[32.0, 64.0, 800.0, 640.0]
[144.0, 96.0, 913.0, 673.0]
[80.0, 32.0, 850.0, 610.0]
[48.0, 80.0, 819.0, 658.0]
[16.0, 48.0, 788.0, 627.0]
[16.0, 64.0, 789.0, 644.0]
[48.0, 16.0, 822.0, 596.0]
[80.0, 32.0, 855.0, 613.0]
[112.0, 32.0, 888.0, 614.0]
[48.0, 48.0, 825.0, 631.0]
[32.0, 32.0, 810.0, 616.0]
[128.0, 64.0, 907.0, 648.0]
[144.0, 96.0, 924.0, 681.0]
[0.0, 48.0, 781.0, 634.0]
[0.0, 80.0, 782.0, 666.0]
[0.0, 96.0, 783.0, 683.0]
[48.0, 80.0, 832.0, 668.0]
[0.0, 80.0, 785.0, 669.0]
[64.0, 32.0, 850.0, 622.0]
[0.0, 80.0, 787.0, 670.0]
[48.0, 80.0, 836.0, 671.0]
[0.0, 80.0, 789.0, 672.0]
[64.0, 80.0, 854.0, 672.0]
[144.0, 80.0, 935.0, 673.0]
[32.0, 32.0, 824.0, 626.0]
[128.0, 64.0, 921.0, 659.0]
[0.0, 64.0, 794.0, 660.0]
[48.0, 48.0, 843.0, 644.0]
[32.0, 64.0, 828.0, 661.0]
[48.0, 16.0, 845.0, 614.0]
[64.0, 32.0, 862.0, 630.0]
[64.0, 0.0, 863.0, 599.0]
[16.0, 80.0, 816.0, 680.0]
[48.0, 0.0, 849.0, 601.0]
[48.0, 0.0, 850.0, 602.0]
[48.0, 64.0, 851.0, 666.0]
[96.0, 48.0, 900.0, 651.0]
[96.0, 16.0, 901.0, 620.0]
[32.0, 0.0, 838.0, 604.0]
[32.0, 64.0, 839.0, 669.0]
[64.0, 16.0, 872.0, 622.0]
[0.0, 48.0, 809.0, 655.0]
[32.0, 16.0, 842.0, 624.0]
[128.0, 48.0, 939.0, 656.0]
[48.0, 32.0, 860.0, 641.0]
[16.0, 0.0, 829.0, 610.0]
[96.0, 16.0, 910.0, 626.0]
[16.0, 32.0, 831.0, 643.0]
[64.0, 16.0, 880.0, 628.0]
[0.0, 16.0, 817.0, 629.0]
[16.0, 48.0, 834.0, 662.0]
[64.0, 64.0, 883.0, 678.0]
[112.0, 48.0, 932.0, 663.0]
[80.0, 48.0, 901.0, 664.0]
[64.0, 0.0, 886.0, 616.0]
[48.0, 32.0, 871.0, 649.0]
[80.0, 64.0, 904.0, 682.0]
[16.0, 0.0, 841.0, 619.0]
[16.0, 48.0, 842.0, 668.0]
[0.0, 16.0, 827.0, 636.0]
[112.0, 32.0, 940.0, 653.0]
[96.0, 48.0, 925.0, 670.0]
[16.0, 32.0, 846.0, 654.0]
[96.0, 48.0, 927.0, 671.0]
[64.0, 0.0, 896.0, 624.0]
[64.0, 48.0, 897.0, 673.0]
[16.0, 0.0, 850.0, 626.0]
[0.0, 32.0, 835.0, 658.0]
[0.0, 16.0, 836.0, 643.0]
[0.0, 16.0, 837.0, 644.0]
[32.0, 16.0, 870.0, 644.0]
[64.0, 32.0, 903.0, 661.0]
[64.0, 0.0, 904.0, 630.0]
[32.0, 16.0, 873.0, 647.0]
[0.0, 32.0, 842.0, 664.0]
[32.0, 16.0, 875.0, 648.0]
[64.0, 0.0, 908.0, 633.0]
[48.0, 0.0, 893.0, 634.0]
[64.0, 48.0, 910.0, 682.0]
[96.0, 16.0, 943.0, 651.0]
[80.0, 32.0, 928.0, 668.0]
[96.0, 32.0, 945.0, 669.0]
[64.0, 16.0, 914.0, 654.0]
[16.0, 32.0, 867.0, 670.0]
[80.0, 32.0, 932.0, 671.0]
[96.0, 16.0, 949.0, 656.0]
[16.0, 32.0, 870.0, 672.0]
[0.0, 32.0, 855.0, 673.0]
[16.0, 32.0, 872.0, 674.0]
[16.0, 32.0, 873.0, 675.0]
[32.0, 0.0, 890.0, 644.0]
[32.0, 32.0, 891.0, 676.0]
[32.0, 0.0, 892.0, 645.0]
[64.0, 0.0, 925.0, 646.0]
[0.0, 16.0, 862.0, 662.0]
[16.0, 16.0, 879.0, 663.0]
[48.0, 0.0, 912.0, 648.0]
[64.0, 0.0, 929.0, 649.0]
[16.0, 0.0, 882.0, 650.0]
[48.0, 32.0, 915.0, 682.0]
[16.0, 0.0, 884.0, 651.0]
[48.0, 16.0, 917.0, 668.0]
[16.0, 0.0, 886.0, 652.0]
[64.0, 16.0, 935.0, 669.0]
[80.0, 0.0, 952.0, 654.0]
[48.0, 16.0, 921.0, 671.0]
[32.0, 0.0, 906.0, 656.0]
[48.0, 0.0, 923.0, 656.0]
[0.0, 0.0, 876.0, 657.0]
[0.0, 0.0, 877.0, 658.0]
[64.0, 16.0, 942.0, 674.0]
[0.0, 16.0, 879.0, 675.0]
[0.0, 16.0, 880.0, 676.0]
[32.0, 16.0, 913.0, 677.0]
[64.0, 0.0, 946.0, 662.0]
[48.0, 16.0, 931.0, 678.0]
[64.0, 0.0, 948.0, 663.0]
[48.0, 0.0, 933.0, 664.0]
[48.0, 16.0, 934.0, 680.0]
[48.0, 16.0, 935.0, 681.0]
[32.0, 0.0, 920.0, 666.0]
[48.0, 16.0, 937.0, 683.0]
[32.0, 0.0, 922.0, 668.0]
[48.0, 0.0, 939.0, 668.0]
[48.0, 0.0, 940.0, 669.0]
[48.0, 0.0, 941.0, 670.0]
[32.0, 0.0, 926.0, 670.0]
[0.0, 0.0, 895.0, 671.0]
[16.0, 0.0, 912.0, 672.0]
[48.0, 0.0, 945.0, 673.0]
[16.0, 0.0, 914.0, 674.0]
[0.0, 0.0, 899.0, 674.0]
[0.0, 0.0, 900.0, 675.0]
[48.0, 0.0, 949.0, 676.0]
[16.0, 0.0, 918.0, 676.0]
[48.0, 0.0, 951.0, 677.0]
[32.0, 0.0, 936.0, 678.0]
[32.0, 0.0, 937.0, 679.0]
[32.0, 0.0, 938.0, 680.0]
[0.0, 0.0, 907.0, 680.0]
[16.0, 0.0, 924.0, 681.0]
[16.0, 0.0, 925.0, 682.0]
[16.0, 0.0, 926.0, 682.0]
[16.0, 0.0, 927.0, 683.0]
