[160.0, 64.0, 877.0, 602.0]
[48.0, 48.0, 766.0, 586.0]
[208.0, 32.0, 927.0, 571.0]
[32.0, 32.0, 752.0, 572.0]
[240.0, 16.0, 961.0, 557.0]
[80.0, 48.0, 802.0, 590.0]
[144.0, 64.0, 867.0, 606.0]
[96.0, 32.0, 820.0, 575.0]
[64.0, 16.0, 789.0, 560.0]
[48.0, 16.0, 774.0, 560.0]
[96.0, 48.0, 823.0, 593.0]
[80.0, 48.0, 808.0, 594.0]
[112.0, 64.0, 841.0, 611.0]
[240.0, 16.0, 970.0, 564.0]
[128.0, 32.0, 859.0, 580.0]
[176.0, 32.0, 908.0, 581.0]
[256.0, 16.0, 989.0, 566.0]
[128.0, 64.0, 862.0, 614.0]
[224.0, 32.0, 959.0, 583.0]
[144.0, 32.0, 880.0, 584.0]
[144.0, 16.0, 881.0, 569.0]
[144.0, 48.0, 882.0, 602.0]
[96.0, 64.0, 835.0, 618.0]
[96.0, 0.0, 836.0, 555.0]
[32.0, 16.0, 773.0, 572.0]
[80.0, 48.0, 822.0, 604.0]
[32.0, 64.0, 775.0, 621.0]
[48.0, 0.0, 792.0, 558.0]
[240.0, 32.0, 985.0, 591.0]
[240.0, 0.0, 986.0, 560.0]
[128.0, 32.0, 875.0, 592.0]
[160.0, 48.0, 908.0, 609.0]
[112.0, 32.0, 861.0, 594.0]
[144.0, 48.0, 894.0, 610.0]
[128.0, 64.0, 879.0, 627.0]
[96.0, 32.0, 848.0, 596.0]
[96.0, 32.0, 849.0, 597.0]
[32.0, 32.0, 786.0, 598.0]
[208.0, 0.0, 963.0, 566.0]
[160.0, 64.0, 916.0, 631.0]
[224.0, 64.0, 981.0, 632.0]
[96.0, 48.0, 854.0, 616.0]
[192.0, 48.0, 951.0, 617.0]
[96.0, 64.0, 856.0, 634.0]
[16.0, 16.0, 777.0, 587.0]
[160.0, 48.0, 922.0, 620.0]
[112.0, 64.0, 875.0, 636.0]
[240.0, 32.0, 1004.0, 605.0]
[112.0, 48.0, 877.0, 622.0]
[128.0, 32.0, 894.0, 606.0]
[176.0, 0.0, 943.0, 575.0]
[128.0, 16.0, 896.0, 592.0]
[32.0, 32.0, 801.0, 609.0]
[64.0, 32.0, 834.0, 610.0]
[16.0, 0.0, 787.0, 578.0]
[208.0, 32.0, 980.0, 611.0]
[160.0, 16.0, 933.0, 596.0]
[144.0, 0.0, 918.0, 580.0]
[144.0, 0.0, 919.0, 581.0]
[96.0, 64.0, 872.0, 646.0]
[160.0, 0.0, 937.0, 583.0]
[112.0, 48.0, 890.0, 632.0]
[64.0, 48.0, 843.0, 632.0]
[240.0, 32.0, 1020.0, 617.0]
[144.0, 64.0, 925.0, 650.0]
[144.0, 32.0, 926.0, 618.0]
[192.0, 64.0, 975.0, 651.0]
[80.0, 32.0, 864.0, 620.0]
[32.0, 48.0, 817.0, 637.0]
[224.0, 48.0, 1010.0, 638.0]
[208.0, 16.0, 995.0, 606.0]
[192.0, 64.0, 980.0, 655.0]
[96.0, 0.0, 885.0, 592.0]
[32.0, 0.0, 822.0, 592.0]
[96.0, 0.0, 887.0, 593.0]
[64.0, 16.0, 856.0, 610.0]
[208.0, 48.0, 1001.0, 643.0]
[208.0, 0.0, 1002.0, 596.0]
[0.0, 16.0, 795.0, 612.0]
[0.0, 16.0, 796.0, 613.0]
[160.0, 32.0, 957.0, 630.0]
[48.0, 48.0, 846.0, 646.0]
[144.0, 32.0, 943.0, 631.0]
[128.0, 16.0, 928.0, 616.0]
[176.0, 16.0, 977.0, 617.0]
[32.0, 32.0, 834.0, 634.0]
[160.0, 0.0, 963.0, 602.0]
[208.0, 32.0, 1012.0, 635.0]
[208.0, 16.0, 1013.0, 620.0]
[80.0, 64.0, 886.0, 668.0]
[16.0, 32.0, 823.0, 637.0]
[16.0, 48.0, 824.0, 654.0]
[64.0, 16.0, 873.0, 623.0]
[32.0, 64.0, 842.0, 672.0]
[48.0, 64.0, 859.0, 672.0]
[16.0, 48.0, 828.0, 657.0]
[208.0, 32.0, 1021.0, 642.0]
[160.0, 64.0, 974.0, 674.0]
[112.0, 48.0, 927.0, 659.0]
[64.0, 64.0, 880.0, 676.0]
[32.0, 0.0, 849.0, 613.0]
[176.0, 0.0, 994.0, 614.0]
[176.0, 48.0, 995.0, 662.0]
[32.0, 16.0, 852.0, 631.0]
[16.0, 32.0, 837.0, 648.0]
[128.0, 32.0, 950.0, 648.0]
[176.0, 0.0, 999.0, 617.0]
[32.0, 16.0, 856.0, 634.0]
[160.0, 32.0, 985.0, 651.0]
[48.0, 48.0, 874.0, 668.0]
[32.0, 0.0, 859.0, 620.0]
[176.0, 16.0, 1004.0, 637.0]
[192.0, 48.0, 1021.0, 670.0]
[80.0, 32.0, 910.0, 654.0]
[192.0, 32.0, 1023.0, 655.0]
[32.0, 48.0, 864.0, 672.0]
[160.0, 0.0, 993.0, 625.0]
[64.0, 0.0, 898.0, 626.0]
[64.0, 0.0, 899.0, 626.0]
[96.0, 48.0, 932.0, 675.0]
[144.0, 16.0, 981.0, 644.0]
[16.0, 48.0, 854.0, 676.0]
[144.0, 16.0, 983.0, 645.0]
[80.0, 16.0, 920.0, 646.0]
[80.0, 32.0, 921.0, 663.0]
[96.0, 32.0, 938.0, 664.0]
[144.0, 0.0, 987.0, 632.0]
[96.0, 32.0, 940.0, 665.0]
[128.0, 32.0, 973.0, 666.0]
[112.0, 16.0, 958.0, 650.0]
[128.0, 0.0, 975.0, 635.0]
[64.0, 0.0, 912.0, 636.0]
[96.0, 32.0, 945.0, 669.0]
[16.0, 16.0, 866.0, 654.0]
[48.0, 32.0, 899.0, 670.0]
[128.0, 32.0, 980.0, 671.0]
[80.0, 16.0, 933.0, 656.0]
[160.0, 16.0, 1014.0, 656.0]
[160.0, 32.0, 1015.0, 673.0]
[128.0, 32.0, 984.0, 674.0]
[80.0, 0.0, 937.0, 643.0]
[128.0, 16.0, 986.0, 660.0]
[128.0, 32.0, 987.0, 676.0]
[112.0, 0.0, 972.0, 645.0]
[112.0, 32.0, 973.0, 678.0]
[64.0, 32.0, 926.0, 678.0]
[32.0, 32.0, 895.0, 679.0]
[160.0, 0.0, 1024.0, 648.0]
[32.0, 0.0, 897.0, 649.0]
[128.0, 16.0, 994.0, 666.0]
[32.0, 32.0, 899.0, 682.0]
[112.0, 0.0, 980.0, 651.0]
[64.0, 16.0, 933.0, 668.0]
[96.0, 0.0, 966.0, 652.0]
[96.0, 0.0, 967.0, 653.0]
[64.0, 0.0, 936.0, 654.0]
[80.0, 0.0, 953.0, 655.0]
[16.0, 0.0, 890.0, 656.0]
[64.0, 0.0, 939.0, 656.0]
[16.0, 16.0, 892.0, 673.0]
[144.0, 16.0, 1021.0, 674.0]
[112.0, 16.0, 990.0, 674.0]
[112.0, 0.0, 991.0, 659.0]
[32.0, 0.0, 912.0, 660.0]
[80.0, 16.0, 961.0, 677.0]
[48.0, 0.0, 930.0, 662.0]
[96.0, 16.0, 979.0, 678.0]
[32.0, 16.0, 916.0, 679.0]
[0.0, 16.0, 885.0, 680.0]
[64.0, 16.0, 950.0, 680.0]
[16.0, 16.0, 903.0, 681.0]
[96.0, 0.0, 984.0, 666.0]
[48.0, 0.0, 937.0, 667.0]
[16.0, 0.0, 906.0, 668.0]
[64.0, 0.0, 955.0, 668.0]
[128.0, 0.0, 1020.0, 669.0]
[96.0, 0.0, 989.0, 670.0]
[80.0, 0.0, 974.0, 670.0]
[128.0, 0.0, 1023.0, 671.0]
[80.0, 0.0, 976.0, 672.0]
[0.0, 0.0, 897.0, 673.0]
[0.0, 0.0, 898.0, 674.0]
[32.0, 0.0, 931.0, 674.0]
[48.0, 0.0, 948.0, 675.0]
[96.0, 0.0, 997.0, 676.0]
[96.0, 0.0, 998.0, 676.0]
[0.0, 0.0, 903.0, 677.0]
[64.0, 0.0, 968.0, 678.0]
[80.0, 0.0, 985.0, 679.0]
[112.0, 0.0, 1018.0, 680.0]
[80.0, 0.0, 987.0, 680.0]
[64.0, 0.0, 972.0, 681.0]
[96.0, 0.0, 1005.0, 682.0]
[48.0, 0.0, 958.0, 682.0]
[64.0, 0.0, 975.0, 683.0]
