[96.0, 32.0, 813.0, 570.0]
[16.0, 48.0, 734.0, 586.0]
[64.0, 32.0, 783.0, 571.0]
[48.0, 0.0, 768.0, 540.0]
[16.0, 0.0, 737.0, 541.0]
[96.0, 16.0, 818.0, 558.0]
[112.0, 0.0, 835.0, 542.0]
[32.0, 48.0, 756.0, 591.0]
[16.0, 32.0, 741.0, 576.0]
[32.0, 16.0, 758.0, 560.0]
[80.0, 32.0, 807.0, 577.0]
[80.0, 16.0, 808.0, 562.0]
[32.0, 32.0, 761.0, 579.0]
[112.0, 0.0, 842.0, 548.0]
[80.0, 32.0, 811.0, 580.0]
[96.0, 0.0, 828.0, 549.0]
[64.0, 32.0, 797.0, 582.0]
[96.0, 32.0, 830.0, 582.0]
[16.0, 32.0, 751.0, 583.0]
[16.0, 16.0, 752.0, 568.0]
[16.0, 32.0, 753.0, 585.0]
[64.0, 0.0, 802.0, 554.0]
[64.0, 0.0, 803.0, 554.0]
[0.0, 16.0, 740.0, 571.0]
[0.0, 0.0, 741.0, 556.0]
[64.0, 16.0, 806.0, 572.0]
[32.0, 16.0, 775.0, 573.0]
[16.0, 0.0, 760.0, 558.0]
[96.0, 16.0, 841.0, 575.0]
[96.0, 0.0, 842.0, 560.0]
[64.0, 16.0, 811.0, 576.0]
[64.0, 32.0, 812.0, 593.0]
[64.0, 16.0, 813.0, 578.0]
[16.0, 0.0, 766.0, 562.0]
[0.0, 32.0, 751.0, 595.0]
[80.0, 0.0, 832.0, 564.0]
[16.0, 32.0, 769.0, 597.0]
[32.0, 0.0, 786.0, 566.0]
[16.0, 16.0, 771.0, 582.0]
[64.0, 16.0, 820.0, 583.0]
[48.0, 0.0, 805.0, 568.0]
[48.0, 0.0, 806.0, 568.0]
[0.0, 0.0, 759.0, 569.0]
[64.0, 16.0, 824.0, 586.0]
[64.0, 0.0, 825.0, 571.0]
[32.0, 16.0, 794.0, 588.0]
[48.0, 16.0, 811.0, 588.0]
[64.0, 16.0, 828.0, 589.0]
[32.0, 16.0, 797.0, 590.0]
[64.0, 0.0, 830.0, 574.0]
[64.0, 0.0, 831.0, 575.0]
[64.0, 16.0, 832.0, 592.0]
[0.0, 16.0, 769.0, 593.0]
[32.0, 0.0, 802.0, 578.0]
[64.0, 0.0, 835.0, 578.0]
[48.0, 16.0, 820.0, 595.0]
[32.0, 0.0, 805.0, 580.0]
[48.0, 0.0, 822.0, 580.0]
[0.0, 0.0, 775.0, 581.0]
[32.0, 0.0, 808.0, 582.0]
[0.0, 0.0, 777.0, 583.0]
[32.0, 0.0, 810.0, 584.0]
[48.0, 0.0, 827.0, 584.0]
[48.0, 0.0, 828.0, 585.0]
[16.0, 0.0, 797.0, 586.0]
[16.0, 0.0, 798.0, 586.0]
[16.0, 0.0, 799.0, 587.0]
[0.0, 0.0, 784.0, 588.0]
[32.0, 0.0, 817.0, 589.0]
[0.0, 0.0, 786.0, 590.0]
[48.0, 0.0, 835.0, 590.0]
[0.0, 0.0, 788.0, 591.0]
[0.0, 0.0, 789.0, 592.0]
[48.0, 0.0, 838.0, 592.0]
[0.0, 0.0, 791.0, 593.0]
[0.0, 0.0, 792.0, 594.0]
[32.0, 0.0, 825.0, 595.0]
[32.0, 0.0, 826.0, 596.0]
[48.0, 0.0, 843.0, 596.0]
[0.0, 0.0, 796.0, 597.0]
