[240.0, 80.0, 957.0, 618.0]
[224.0, 80.0, 942.0, 618.0]
[160.0, 96.0, 879.0, 635.0]
[272.0, 64.0, 992.0, 604.0]
[32.0, 96.0, 753.0, 637.0]
[192.0, 48.0, 914.0, 590.0]
[96.0, 96.0, 819.0, 638.0]
[256.0, 48.0, 980.0, 591.0]
[160.0, 80.0, 885.0, 624.0]
[128.0, 48.0, 854.0, 592.0]
[64.0, 48.0, 791.0, 593.0]
[64.0, 64.0, 792.0, 610.0]
[64.0, 64.0, 793.0, 611.0]
[224.0, 48.0, 954.0, 596.0]
[128.0, 48.0, 859.0, 596.0]
[48.0, 48.0, 780.0, 597.0]
[32.0, 80.0, 765.0, 630.0]
[80.0, 64.0, 814.0, 614.0]
[32.0, 48.0, 767.0, 599.0]
[112.0, 48.0, 848.0, 600.0]
[96.0, 80.0, 833.0, 633.0]
[96.0, 64.0, 834.0, 618.0]
[64.0, 48.0, 803.0, 602.0]
[192.0, 32.0, 932.0, 587.0]
[240.0, 80.0, 981.0, 636.0]
[80.0, 48.0, 822.0, 604.0]
[192.0, 48.0, 935.0, 605.0]
[192.0, 32.0, 936.0, 590.0]
[208.0, 32.0, 953.0, 591.0]
[272.0, 64.0, 1018.0, 624.0]
[48.0, 80.0, 795.0, 640.0]
[240.0, 64.0, 988.0, 625.0]
[128.0, 64.0, 877.0, 626.0]
[144.0, 48.0, 894.0, 610.0]
[176.0, 48.0, 927.0, 611.0]
[48.0, 64.0, 800.0, 628.0]
[256.0, 64.0, 1009.0, 629.0]
[16.0, 64.0, 770.0, 630.0]
[32.0, 64.0, 787.0, 630.0]
[48.0, 64.0, 804.0, 631.0]
[144.0, 32.0, 901.0, 600.0]
[64.0, 32.0, 822.0, 600.0]
[160.0, 32.0, 919.0, 601.0]
[16.0, 64.0, 776.0, 634.0]
[192.0, 64.0, 953.0, 635.0]
[176.0, 16.0, 938.0, 588.0]
[176.0, 32.0, 939.0, 604.0]
[64.0, 32.0, 828.0, 605.0]
[144.0, 64.0, 909.0, 638.0]
[192.0, 16.0, 958.0, 590.0]
[208.0, 48.0, 975.0, 623.0]
[176.0, 64.0, 944.0, 640.0]
[176.0, 48.0, 945.0, 625.0]
[176.0, 16.0, 946.0, 594.0]
[112.0, 32.0, 883.0, 610.0]
[144.0, 16.0, 916.0, 595.0]
[48.0, 32.0, 821.0, 612.0]
[128.0, 32.0, 902.0, 612.0]
[16.0, 48.0, 791.0, 629.0]
[160.0, 48.0, 936.0, 630.0]
[64.0, 16.0, 841.0, 599.0]
[144.0, 16.0, 922.0, 600.0]
[80.0, 32.0, 859.0, 616.0]
[224.0, 32.0, 1004.0, 617.0]
[128.0, 32.0, 909.0, 618.0]
[64.0, 16.0, 846.0, 602.0]
[64.0, 0.0, 847.0, 587.0]
[128.0, 48.0, 912.0, 636.0]
[192.0, 16.0, 977.0, 605.0]
[144.0, 16.0, 930.0, 606.0]
[208.0, 48.0, 995.0, 638.0]
[64.0, 48.0, 852.0, 639.0]
[128.0, 32.0, 917.0, 624.0]
[208.0, 48.0, 998.0, 640.0]
[160.0, 0.0, 951.0, 593.0]
[160.0, 16.0, 952.0, 610.0]
[64.0, 16.0, 857.0, 611.0]
[192.0, 0.0, 986.0, 596.0]
[96.0, 16.0, 891.0, 612.0]
[112.0, 16.0, 908.0, 613.0]
[80.0, 16.0, 877.0, 614.0]
[176.0, 16.0, 974.0, 614.0]
[32.0, 32.0, 831.0, 631.0]
[192.0, 16.0, 992.0, 616.0]
[176.0, 0.0, 977.0, 601.0]
[160.0, 16.0, 962.0, 618.0]
[16.0, 32.0, 819.0, 634.0]
[176.0, 0.0, 980.0, 603.0]
[32.0, 32.0, 837.0, 636.0]
[0.0, 16.0, 806.0, 620.0]
[32.0, 32.0, 839.0, 637.0]
[112.0, 32.0, 920.0, 638.0]
[96.0, 32.0, 905.0, 639.0]
[96.0, 16.0, 906.0, 624.0]
[96.0, 32.0, 907.0, 640.0]
[80.0, 0.0, 892.0, 609.0]
[160.0, 0.0, 973.0, 610.0]
[144.0, 16.0, 958.0, 626.0]
[192.0, 16.0, 1007.0, 627.0]
[192.0, 16.0, 1008.0, 628.0]
[64.0, 0.0, 881.0, 613.0]
[80.0, 0.0, 898.0, 614.0]
[48.0, 0.0, 867.0, 614.0]
[176.0, 16.0, 996.0, 631.0]
[176.0, 16.0, 997.0, 632.0]
[64.0, 0.0, 886.0, 616.0]
[112.0, 16.0, 935.0, 633.0]
[160.0, 16.0, 984.0, 634.0]
[16.0, 16.0, 841.0, 635.0]
[144.0, 16.0, 970.0, 636.0]
[160.0, 0.0, 987.0, 620.0]
[144.0, 16.0, 972.0, 637.0]
[192.0, 16.0, 1021.0, 638.0]
[48.0, 16.0, 878.0, 638.0]
[160.0, 0.0, 991.0, 623.0]
[80.0, 16.0, 912.0, 640.0]
[32.0, 0.0, 865.0, 625.0]
[80.0, 0.0, 914.0, 626.0]
[0.0, 0.0, 835.0, 626.0]
[112.0, 0.0, 948.0, 627.0]
[160.0, 0.0, 997.0, 628.0]
[160.0, 0.0, 998.0, 628.0]
[176.0, 0.0, 1015.0, 629.0]
[48.0, 0.0, 888.0, 630.0]
[128.0, 0.0, 969.0, 631.0]
[16.0, 0.0, 858.0, 632.0]
[176.0, 0.0, 1019.0, 632.0]
[96.0, 0.0, 940.0, 633.0]
[144.0, 0.0, 989.0, 634.0]
[64.0, 0.0, 910.0, 634.0]
[128.0, 0.0, 975.0, 635.0]
[80.0, 0.0, 928.0, 636.0]
[96.0, 0.0, 945.0, 637.0]
[32.0, 0.0, 882.0, 638.0]
[16.0, 0.0, 867.0, 638.0]
[16.0, 0.0, 868.0, 639.0]
[80.0, 0.0, 933.0, 640.0]
[112.0, 0.0, 966.0, 640.0]
