[176.0, 48.0, 917.0, 604.0]
[208.0, 64.0, 950.0, 620.0]
[240.0, 96.0, 983.0, 653.0]
[176.0, 80.0, 920.0, 638.0]
[112.0, 32.0, 857.0, 591.0]
[144.0, 64.0, 890.0, 624.0]
[112.0, 80.0, 859.0, 640.0]
[128.0, 80.0, 876.0, 641.0]
[128.0, 80.0, 877.0, 642.0]
[144.0, 80.0, 894.0, 642.0]
[240.0, 80.0, 991.0, 643.0]
[160.0, 32.0, 912.0, 596.0]
[208.0, 64.0, 961.0, 629.0]
[80.0, 48.0, 834.0, 614.0]
[240.0, 32.0, 995.0, 598.0]
[80.0, 64.0, 836.0, 631.0]
[176.0, 64.0, 933.0, 632.0]
[128.0, 64.0, 886.0, 632.0]
[224.0, 16.0, 983.0, 585.0]
[80.0, 96.0, 840.0, 666.0]
[96.0, 48.0, 857.0, 619.0]
[144.0, 96.0, 906.0, 668.0]
[128.0, 64.0, 891.0, 636.0]
[96.0, 64.0, 860.0, 637.0]
[192.0, 32.0, 957.0, 606.0]
[16.0, 32.0, 782.0, 606.0]
[144.0, 96.0, 911.0, 671.0]
[144.0, 80.0, 912.0, 656.0]
[208.0, 80.0, 977.0, 657.0]
[176.0, 64.0, 946.0, 642.0]
[48.0, 96.0, 819.0, 674.0]
[224.0, 48.0, 996.0, 627.0]
[176.0, 48.0, 949.0, 628.0]
[64.0, 80.0, 838.0, 660.0]
[128.0, 80.0, 903.0, 661.0]
[48.0, 32.0, 824.0, 614.0]
[208.0, 48.0, 985.0, 631.0]
[64.0, 64.0, 842.0, 648.0]
[224.0, 48.0, 1003.0, 632.0]
[192.0, 32.0, 972.0, 617.0]
[112.0, 80.0, 893.0, 666.0]
[16.0, 32.0, 798.0, 618.0]
[96.0, 96.0, 879.0, 683.0]
[240.0, 32.0, 1024.0, 620.0]
[16.0, 32.0, 801.0, 621.0]
[64.0, 48.0, 850.0, 638.0]
[192.0, 32.0, 979.0, 622.0]
[208.0, 16.0, 996.0, 607.0]
[160.0, 32.0, 949.0, 624.0]
[48.0, 48.0, 838.0, 640.0]
[208.0, 80.0, 999.0, 673.0]
[224.0, 16.0, 1016.0, 610.0]
[0.0, 64.0, 793.0, 659.0]
[64.0, 16.0, 858.0, 612.0]
[112.0, 0.0, 907.0, 596.0]
[48.0, 64.0, 844.0, 661.0]
[128.0, 64.0, 925.0, 662.0]
[96.0, 80.0, 894.0, 678.0]
[48.0, 16.0, 847.0, 615.0]
[96.0, 0.0, 896.0, 600.0]
[32.0, 80.0, 833.0, 681.0]
[64.0, 48.0, 866.0, 650.0]
[112.0, 48.0, 915.0, 650.0]
[160.0, 0.0, 964.0, 603.0]
[192.0, 0.0, 997.0, 604.0]
[208.0, 0.0, 1014.0, 604.0]
[208.0, 16.0, 1015.0, 621.0]
[16.0, 64.0, 824.0, 670.0]
[96.0, 64.0, 905.0, 671.0]
[64.0, 32.0, 874.0, 640.0]
[48.0, 64.0, 859.0, 672.0]
[112.0, 32.0, 924.0, 641.0]
[32.0, 0.0, 845.0, 610.0]
[128.0, 16.0, 942.0, 626.0]
[32.0, 48.0, 847.0, 659.0]
[16.0, 0.0, 832.0, 612.0]
[48.0, 64.0, 865.0, 677.0]
[192.0, 48.0, 1010.0, 662.0]
[112.0, 64.0, 931.0, 678.0]
[96.0, 64.0, 916.0, 679.0]
[96.0, 0.0, 917.0, 616.0]
[128.0, 48.0, 950.0, 664.0]
[0.0, 32.0, 823.0, 649.0]
[96.0, 32.0, 920.0, 650.0]
[80.0, 0.0, 905.0, 619.0]
[176.0, 0.0, 1002.0, 620.0]
[160.0, 48.0, 987.0, 668.0]
[32.0, 16.0, 860.0, 637.0]
[192.0, 0.0, 1021.0, 622.0]
[128.0, 0.0, 958.0, 622.0]
[176.0, 16.0, 1007.0, 639.0]
[176.0, 16.0, 1008.0, 640.0]
[80.0, 0.0, 913.0, 625.0]
[176.0, 32.0, 1010.0, 658.0]
[16.0, 0.0, 851.0, 626.0]
[112.0, 48.0, 948.0, 675.0]
[64.0, 48.0, 901.0, 676.0]
[128.0, 48.0, 966.0, 676.0]
[128.0, 48.0, 967.0, 677.0]
[144.0, 16.0, 984.0, 646.0]
[16.0, 48.0, 857.0, 679.0]
[144.0, 0.0, 986.0, 632.0]
[0.0, 16.0, 843.0, 648.0]
[48.0, 48.0, 892.0, 681.0]
[32.0, 16.0, 877.0, 650.0]
[128.0, 32.0, 974.0, 666.0]
[128.0, 0.0, 975.0, 635.0]
[48.0, 32.0, 896.0, 668.0]
[160.0, 16.0, 1009.0, 653.0]
[112.0, 32.0, 962.0, 670.0]
[112.0, 32.0, 963.0, 670.0]
[96.0, 32.0, 948.0, 671.0]
[16.0, 16.0, 869.0, 656.0]
[0.0, 16.0, 854.0, 656.0]
[144.0, 16.0, 999.0, 657.0]
[160.0, 32.0, 1016.0, 674.0]
[32.0, 16.0, 889.0, 659.0]
[144.0, 32.0, 1002.0, 676.0]
[80.0, 0.0, 939.0, 644.0]
[112.0, 16.0, 972.0, 661.0]
[0.0, 0.0, 861.0, 646.0]
[144.0, 0.0, 1006.0, 646.0]
[112.0, 32.0, 975.0, 679.0]
[160.0, 16.0, 1024.0, 664.0]
[0.0, 0.0, 865.0, 649.0]
[112.0, 16.0, 978.0, 666.0]
[96.0, 16.0, 963.0, 666.0]
[96.0, 0.0, 964.0, 651.0]
[48.0, 16.0, 917.0, 668.0]
[144.0, 0.0, 1014.0, 652.0]
[80.0, 16.0, 951.0, 669.0]
[96.0, 16.0, 968.0, 670.0]
[112.0, 16.0, 985.0, 671.0]
[48.0, 0.0, 922.0, 656.0]
[16.0, 16.0, 891.0, 672.0]
[32.0, 0.0, 908.0, 657.0]
[0.0, 0.0, 877.0, 658.0]
[64.0, 16.0, 942.0, 674.0]
[48.0, 16.0, 927.0, 675.0]
[96.0, 16.0, 976.0, 676.0]
[48.0, 0.0, 929.0, 661.0]
[32.0, 16.0, 914.0, 678.0]
[80.0, 0.0, 963.0, 662.0]
[48.0, 0.0, 932.0, 663.0]
[48.0, 16.0, 933.0, 680.0]
[64.0, 0.0, 950.0, 664.0]
[16.0, 0.0, 903.0, 665.0]
[80.0, 0.0, 968.0, 666.0]
[32.0, 16.0, 921.0, 683.0]
[80.0, 0.0, 970.0, 668.0]
[96.0, 0.0, 987.0, 668.0]
[128.0, 0.0, 1020.0, 669.0]
[80.0, 0.0, 973.0, 670.0]
[64.0, 0.0, 958.0, 670.0]
[32.0, 0.0, 927.0, 671.0]
[128.0, 0.0, 1024.0, 672.0]
[16.0, 0.0, 913.0, 673.0]
[0.0, 0.0, 898.0, 674.0]
[80.0, 0.0, 979.0, 674.0]
[96.0, 0.0, 996.0, 675.0]
[64.0, 0.0, 965.0, 676.0]
[0.0, 0.0, 902.0, 676.0]
[64.0, 0.0, 967.0, 677.0]
[32.0, 0.0, 936.0, 678.0]
[64.0, 0.0, 969.0, 679.0]
[0.0, 0.0, 906.0, 680.0]
[32.0, 0.0, 939.0, 680.0]
[112.0, 0.0, 1020.0, 681.0]
[96.0, 0.0, 1005.0, 682.0]
[80.0, 0.0, 990.0, 682.0]
[32.0, 0.0, 943.0, 683.0]
