[144.0, 64.0, 885.0, 620.0]
[96.0, 64.0, 838.0, 620.0]
[160.0, 32.0, 903.0, 589.0]
[240.0, 64.0, 984.0, 622.0]
[192.0, 80.0, 937.0, 639.0]
[224.0, 48.0, 970.0, 608.0]
[240.0, 32.0, 987.0, 592.0]
[128.0, 64.0, 876.0, 625.0]
[224.0, 64.0, 973.0, 626.0]
[128.0, 48.0, 878.0, 610.0]
[128.0, 32.0, 879.0, 595.0]
[192.0, 32.0, 944.0, 596.0]
[192.0, 48.0, 945.0, 613.0]
[144.0, 32.0, 898.0, 598.0]
[96.0, 48.0, 851.0, 614.0]
[208.0, 48.0, 964.0, 615.0]
[176.0, 80.0, 933.0, 648.0]
[128.0, 96.0, 886.0, 664.0]
[80.0, 80.0, 839.0, 649.0]
[240.0, 64.0, 1000.0, 634.0]
[112.0, 16.0, 873.0, 587.0]
[208.0, 80.0, 970.0, 652.0]
[32.0, 80.0, 795.0, 652.0]
[144.0, 16.0, 908.0, 589.0]
[96.0, 80.0, 861.0, 654.0]
[80.0, 80.0, 846.0, 654.0]
[192.0, 96.0, 959.0, 671.0]
[128.0, 32.0, 896.0, 608.0]
[32.0, 16.0, 801.0, 593.0]
[16.0, 32.0, 786.0, 610.0]
[176.0, 32.0, 947.0, 610.0]
[112.0, 96.0, 884.0, 675.0]
[48.0, 80.0, 821.0, 660.0]
[112.0, 48.0, 886.0, 628.0]
[96.0, 32.0, 871.0, 613.0]
[160.0, 80.0, 936.0, 662.0]
[240.0, 48.0, 1017.0, 631.0]
[96.0, 0.0, 874.0, 584.0]
[0.0, 64.0, 779.0, 648.0]
[80.0, 0.0, 860.0, 585.0]
[176.0, 64.0, 957.0, 650.0]
[16.0, 32.0, 798.0, 618.0]
[16.0, 80.0, 799.0, 667.0]
[224.0, 80.0, 1008.0, 668.0]
[128.0, 80.0, 913.0, 669.0]
[48.0, 48.0, 834.0, 638.0]
[96.0, 64.0, 883.0, 654.0]
[32.0, 16.0, 820.0, 607.0]
[128.0, 64.0, 917.0, 656.0]
[128.0, 80.0, 918.0, 672.0]
[16.0, 80.0, 807.0, 673.0]
[80.0, 64.0, 872.0, 658.0]
[208.0, 32.0, 1001.0, 627.0]
[48.0, 0.0, 842.0, 596.0]
[224.0, 32.0, 1019.0, 628.0]
[32.0, 16.0, 828.0, 613.0]
[160.0, 32.0, 957.0, 630.0]
[32.0, 80.0, 830.0, 678.0]
[128.0, 0.0, 927.0, 599.0]
[80.0, 80.0, 880.0, 680.0]
[192.0, 16.0, 993.0, 617.0]
[64.0, 32.0, 866.0, 634.0]
[144.0, 0.0, 947.0, 602.0]
[208.0, 48.0, 1012.0, 651.0]
[96.0, 64.0, 901.0, 668.0]
[160.0, 48.0, 966.0, 652.0]
[80.0, 16.0, 887.0, 621.0]
[112.0, 16.0, 920.0, 622.0]
[192.0, 32.0, 1001.0, 639.0]
[208.0, 48.0, 1018.0, 656.0]
[80.0, 48.0, 891.0, 656.0]
[80.0, 64.0, 892.0, 673.0]
[96.0, 32.0, 909.0, 642.0]
[112.0, 0.0, 926.0, 610.0]
[96.0, 32.0, 911.0, 643.0]
[192.0, 64.0, 1008.0, 676.0]
[192.0, 0.0, 1009.0, 613.0]
[64.0, 48.0, 882.0, 662.0]
[112.0, 64.0, 931.0, 678.0]
[128.0, 48.0, 948.0, 663.0]
[96.0, 32.0, 917.0, 648.0]
[192.0, 16.0, 1014.0, 632.0]
[80.0, 0.0, 903.0, 617.0]
[16.0, 32.0, 840.0, 650.0]
[80.0, 32.0, 905.0, 651.0]
[16.0, 16.0, 842.0, 636.0]
[176.0, 0.0, 1003.0, 620.0]
[80.0, 0.0, 908.0, 621.0]
[128.0, 32.0, 957.0, 654.0]
[192.0, 16.0, 1022.0, 638.0]
[192.0, 48.0, 1023.0, 671.0]
[64.0, 16.0, 896.0, 640.0]
[16.0, 32.0, 849.0, 657.0]
[64.0, 16.0, 898.0, 642.0]
[96.0, 16.0, 931.0, 642.0]
[176.0, 32.0, 1012.0, 659.0]
[64.0, 0.0, 901.0, 628.0]
[32.0, 48.0, 870.0, 676.0]
[160.0, 16.0, 999.0, 645.0]
[16.0, 32.0, 856.0, 662.0]
[112.0, 32.0, 953.0, 663.0]
[16.0, 16.0, 858.0, 648.0]
[176.0, 16.0, 1019.0, 648.0]
[160.0, 16.0, 1004.0, 649.0]
[160.0, 48.0, 1005.0, 682.0]
[112.0, 0.0, 958.0, 634.0]
[64.0, 16.0, 911.0, 651.0]
[128.0, 0.0, 976.0, 636.0]
[144.0, 16.0, 993.0, 653.0]
[16.0, 16.0, 866.0, 654.0]
[96.0, 0.0, 947.0, 638.0]
[32.0, 0.0, 884.0, 639.0]
[0.0, 32.0, 853.0, 672.0]
[32.0, 0.0, 886.0, 640.0]
[96.0, 16.0, 951.0, 657.0]
[80.0, 16.0, 936.0, 658.0]
[64.0, 0.0, 921.0, 643.0]
[0.0, 32.0, 858.0, 676.0]
[96.0, 32.0, 955.0, 676.0]
[64.0, 0.0, 924.0, 645.0]
[32.0, 16.0, 893.0, 662.0]
[32.0, 0.0, 894.0, 646.0]
[16.0, 16.0, 879.0, 663.0]
[48.0, 32.0, 912.0, 680.0]
[32.0, 32.0, 897.0, 681.0]
[80.0, 16.0, 946.0, 666.0]
[96.0, 0.0, 963.0, 650.0]
[96.0, 32.0, 964.0, 683.0]
[112.0, 16.0, 981.0, 668.0]
[0.0, 16.0, 870.0, 668.0]
[80.0, 16.0, 951.0, 669.0]
[48.0, 16.0, 920.0, 670.0]
[48.0, 0.0, 921.0, 655.0]
[144.0, 16.0, 1018.0, 672.0]
[96.0, 0.0, 971.0, 656.0]
[80.0, 16.0, 956.0, 673.0]
[128.0, 16.0, 1005.0, 674.0]
[96.0, 0.0, 974.0, 658.0]
[48.0, 0.0, 927.0, 659.0]
[64.0, 0.0, 944.0, 660.0]
[64.0, 0.0, 945.0, 661.0]
[16.0, 16.0, 898.0, 678.0]
[64.0, 0.0, 947.0, 662.0]
[80.0, 0.0, 964.0, 663.0]
[96.0, 16.0, 981.0, 680.0]
[48.0, 16.0, 934.0, 680.0]
[112.0, 16.0, 999.0, 681.0]
[128.0, 0.0, 1016.0, 666.0]
[80.0, 16.0, 969.0, 683.0]
[96.0, 0.0, 986.0, 668.0]
[64.0, 0.0, 955.0, 668.0]
[48.0, 0.0, 940.0, 669.0]
[0.0, 0.0, 893.0, 670.0]
[48.0, 0.0, 942.0, 670.0]
[32.0, 0.0, 927.0, 671.0]
[0.0, 0.0, 896.0, 672.0]
[0.0, 0.0, 897.0, 673.0]
[32.0, 0.0, 930.0, 674.0]
[16.0, 0.0, 915.0, 674.0]
[32.0, 0.0, 932.0, 675.0]
[16.0, 0.0, 917.0, 676.0]
[80.0, 0.0, 982.0, 676.0]
[32.0, 0.0, 935.0, 677.0]
[48.0, 0.0, 952.0, 678.0]
[32.0, 0.0, 937.0, 679.0]
[48.0, 0.0, 954.0, 680.0]
[80.0, 0.0, 987.0, 680.0]
[64.0, 0.0, 972.0, 681.0]
[80.0, 0.0, 989.0, 682.0]
[48.0, 0.0, 958.0, 682.0]
[48.0, 0.0, 959.0, 683.0]
