[80.0, 32.0, 797.0, 570.0]
[128.0, 0.0, 846.0, 538.0]
[192.0, 48.0, 911.0, 587.0]
[304.0, 32.0, 1024.0, 572.0]
[288.0, 48.0, 1009.0, 589.0]
[240.0, 32.0, 962.0, 574.0]
[144.0, 16.0, 867.0, 558.0]
[192.0, 0.0, 916.0, 543.0]
[288.0, 32.0, 1013.0, 576.0]
[224.0, 0.0, 950.0, 544.0]
[80.0, 32.0, 807.0, 577.0]
[240.0, 32.0, 968.0, 578.0]
[128.0, 48.0, 857.0, 595.0]
[208.0, 0.0, 938.0, 548.0]
[224.0, 64.0, 955.0, 612.0]
[128.0, 32.0, 860.0, 581.0]
[224.0, 64.0, 957.0, 614.0]
[176.0, 64.0, 910.0, 614.0]
[80.0, 0.0, 815.0, 551.0]
[224.0, 64.0, 960.0, 616.0]
[112.0, 16.0, 849.0, 569.0]
[96.0, 0.0, 834.0, 554.0]
[144.0, 16.0, 883.0, 570.0]
[240.0, 64.0, 980.0, 619.0]
[160.0, 16.0, 901.0, 572.0]
[224.0, 64.0, 966.0, 620.0]
[144.0, 48.0, 887.0, 605.0]
[80.0, 32.0, 824.0, 590.0]
[240.0, 0.0, 985.0, 559.0]
[96.0, 16.0, 842.0, 576.0]
[208.0, 48.0, 955.0, 608.0]
[224.0, 64.0, 972.0, 625.0]
[160.0, 32.0, 909.0, 594.0]
[192.0, 64.0, 942.0, 626.0]
[160.0, 64.0, 911.0, 627.0]
[192.0, 48.0, 944.0, 612.0]
[96.0, 32.0, 849.0, 597.0]
[144.0, 0.0, 898.0, 566.0]
[224.0, 64.0, 979.0, 630.0]
[176.0, 48.0, 932.0, 615.0]
[224.0, 16.0, 981.0, 584.0]
[192.0, 48.0, 950.0, 616.0]
[240.0, 0.0, 999.0, 569.0]
[160.0, 0.0, 920.0, 570.0]
[112.0, 32.0, 873.0, 603.0]
[160.0, 48.0, 922.0, 620.0]
[80.0, 32.0, 843.0, 604.0]
[128.0, 64.0, 892.0, 637.0]
[160.0, 48.0, 925.0, 622.0]
[112.0, 16.0, 878.0, 590.0]
[144.0, 0.0, 911.0, 575.0]
[128.0, 0.0, 896.0, 576.0]
[96.0, 48.0, 865.0, 625.0]
[144.0, 16.0, 914.0, 594.0]
[176.0, 64.0, 947.0, 642.0]
[128.0, 64.0, 900.0, 643.0]
[128.0, 16.0, 901.0, 596.0]
[240.0, 48.0, 1014.0, 628.0]
[224.0, 48.0, 999.0, 629.0]
[208.0, 16.0, 984.0, 598.0]
[144.0, 16.0, 921.0, 599.0]
[240.0, 0.0, 1018.0, 584.0]
[176.0, 0.0, 955.0, 584.0]
[192.0, 64.0, 972.0, 649.0]
[144.0, 32.0, 925.0, 618.0]
[224.0, 32.0, 1006.0, 618.0]
[176.0, 0.0, 959.0, 587.0]
[208.0, 48.0, 992.0, 636.0]
[128.0, 64.0, 913.0, 653.0]
[176.0, 32.0, 962.0, 622.0]
[80.0, 0.0, 867.0, 590.0]
[112.0, 16.0, 900.0, 607.0]
[224.0, 0.0, 1013.0, 592.0]
[144.0, 0.0, 934.0, 592.0]
[96.0, 48.0, 887.0, 641.0]
[128.0, 0.0, 920.0, 594.0]
[112.0, 16.0, 905.0, 611.0]
[192.0, 32.0, 986.0, 628.0]
[144.0, 48.0, 939.0, 644.0]
[144.0, 48.0, 940.0, 645.0]
[128.0, 0.0, 925.0, 598.0]
[96.0, 16.0, 894.0, 614.0]
[192.0, 0.0, 991.0, 599.0]
[144.0, 48.0, 944.0, 648.0]
[112.0, 16.0, 913.0, 617.0]
[128.0, 16.0, 930.0, 618.0]
[96.0, 32.0, 899.0, 634.0]
[128.0, 48.0, 932.0, 651.0]
[192.0, 0.0, 997.0, 604.0]
[208.0, 0.0, 1014.0, 604.0]
[176.0, 64.0, 983.0, 669.0]
[208.0, 48.0, 1016.0, 654.0]
[176.0, 16.0, 985.0, 623.0]
[176.0, 32.0, 986.0, 640.0]
[192.0, 48.0, 1003.0, 656.0]
[192.0, 32.0, 1004.0, 641.0]
[96.0, 16.0, 909.0, 626.0]
[176.0, 0.0, 990.0, 610.0]
[176.0, 48.0, 991.0, 659.0]
[192.0, 48.0, 1008.0, 660.0]
[128.0, 64.0, 945.0, 677.0]
[160.0, 32.0, 978.0, 646.0]
[128.0, 32.0, 947.0, 646.0]
[160.0, 32.0, 980.0, 647.0]
[192.0, 32.0, 1013.0, 648.0]
[176.0, 0.0, 998.0, 616.0]
[144.0, 0.0, 967.0, 617.0]
[112.0, 16.0, 936.0, 634.0]
[144.0, 0.0, 969.0, 619.0]
[128.0, 0.0, 954.0, 620.0]
[128.0, 48.0, 955.0, 668.0]
[112.0, 16.0, 940.0, 637.0]
[192.0, 16.0, 1021.0, 638.0]
[112.0, 32.0, 942.0, 654.0]
[144.0, 16.0, 975.0, 639.0]
[144.0, 32.0, 976.0, 656.0]
[160.0, 0.0, 993.0, 625.0]
[128.0, 32.0, 962.0, 658.0]
[64.0, 16.0, 899.0, 642.0]
[176.0, 32.0, 1012.0, 659.0]
[128.0, 0.0, 965.0, 628.0]
[176.0, 48.0, 1014.0, 676.0]
[176.0, 16.0, 1015.0, 645.0]
[144.0, 48.0, 984.0, 678.0]
[128.0, 0.0, 969.0, 631.0]
[80.0, 16.0, 922.0, 648.0]
[176.0, 0.0, 1019.0, 632.0]
[176.0, 0.0, 1020.0, 633.0]
[80.0, 32.0, 925.0, 666.0]
[176.0, 16.0, 1022.0, 650.0]
[128.0, 32.0, 975.0, 667.0]
[160.0, 48.0, 1008.0, 684.0]
[128.0, 32.0, 977.0, 669.0]
[160.0, 0.0, 1010.0, 638.0]
[96.0, 0.0, 947.0, 638.0]
[144.0, 16.0, 996.0, 655.0]
[96.0, 0.0, 949.0, 640.0]
[96.0, 0.0, 950.0, 640.0]
[128.0, 32.0, 983.0, 673.0]
[96.0, 32.0, 952.0, 674.0]
[80.0, 16.0, 937.0, 659.0]
[160.0, 0.0, 1018.0, 644.0]
[144.0, 16.0, 1003.0, 660.0]
[80.0, 16.0, 940.0, 661.0]
[144.0, 0.0, 1005.0, 646.0]
[112.0, 32.0, 974.0, 678.0]
[112.0, 16.0, 975.0, 663.0]
[144.0, 16.0, 1008.0, 664.0]
[128.0, 32.0, 993.0, 681.0]
[80.0, 16.0, 946.0, 666.0]
[96.0, 32.0, 963.0, 682.0]
[80.0, 32.0, 948.0, 683.0]
[80.0, 32.0, 949.0, 684.0]
[112.0, 16.0, 982.0, 668.0]
[128.0, 0.0, 999.0, 653.0]
[80.0, 16.0, 952.0, 670.0]
[96.0, 16.0, 969.0, 671.0]
[96.0, 16.0, 970.0, 672.0]
[144.0, 16.0, 1019.0, 672.0]
[128.0, 16.0, 1004.0, 673.0]
[144.0, 0.0, 1021.0, 658.0]
[144.0, 0.0, 1022.0, 658.0]
[144.0, 0.0, 1023.0, 659.0]
[80.0, 0.0, 960.0, 660.0]
[96.0, 0.0, 977.0, 661.0]
[112.0, 16.0, 994.0, 678.0]
[80.0, 16.0, 963.0, 678.0]
[112.0, 0.0, 996.0, 663.0]
[96.0, 16.0, 981.0, 680.0]
[96.0, 16.0, 982.0, 680.0]
[128.0, 0.0, 1015.0, 665.0]
[128.0, 16.0, 1016.0, 682.0]
[96.0, 16.0, 985.0, 683.0]
[80.0, 0.0, 970.0, 668.0]
[112.0, 0.0, 1003.0, 668.0]
[96.0, 0.0, 988.0, 669.0]
[112.0, 0.0, 1005.0, 670.0]
[80.0, 0.0, 974.0, 670.0]
[96.0, 0.0, 991.0, 671.0]
[128.0, 0.0, 1024.0, 672.0]
[80.0, 0.0, 977.0, 673.0]
[96.0, 0.0, 994.0, 674.0]
[112.0, 0.0, 1011.0, 674.0]
[96.0, 0.0, 996.0, 675.0]
[96.0, 0.0, 997.0, 676.0]
[112.0, 0.0, 1014.0, 676.0]
[112.0, 0.0, 1015.0, 677.0]
[80.0, 0.0, 984.0, 678.0]
[80.0, 0.0, 985.0, 679.0]
[96.0, 0.0, 1002.0, 680.0]
[96.0, 0.0, 1003.0, 680.0]
[112.0, 0.0, 1020.0, 681.0]
[80.0, 0.0, 989.0, 682.0]
[112.0, 0.0, 1022.0, 682.0]
[80.0, 0.0, 991.0, 683.0]
[80.0, 0.0, 992.0, 684.0]
