[160.0, 48.0, 877.0, 586.0]
[48.0, 64.0, 766.0, 602.0]
[32.0, 32.0, 751.0, 571.0]
[128.0, 48.0, 848.0, 588.0]
[64.0, 16.0, 785.0, 557.0]
[256.0, 64.0, 978.0, 606.0]
[128.0, 64.0, 851.0, 606.0]
[128.0, 48.0, 852.0, 591.0]
[112.0, 16.0, 837.0, 560.0]
[112.0, 48.0, 838.0, 592.0]
[128.0, 48.0, 855.0, 593.0]
[160.0, 32.0, 888.0, 578.0]
[96.0, 64.0, 825.0, 611.0]
[160.0, 48.0, 890.0, 596.0]
[128.0, 64.0, 859.0, 612.0]
[240.0, 16.0, 972.0, 565.0]
[208.0, 48.0, 941.0, 598.0]
[16.0, 32.0, 750.0, 582.0]
[240.0, 48.0, 975.0, 599.0]
[208.0, 16.0, 944.0, 568.0]
[240.0, 64.0, 977.0, 617.0]
[272.0, 48.0, 1010.0, 602.0]
[192.0, 32.0, 931.0, 586.0]
[16.0, 48.0, 756.0, 603.0]
[32.0, 48.0, 773.0, 604.0]
[64.0, 0.0, 806.0, 556.0]
[256.0, 16.0, 999.0, 573.0]
[64.0, 64.0, 808.0, 622.0]
[128.0, 32.0, 873.0, 591.0]
[112.0, 48.0, 858.0, 608.0]
[64.0, 0.0, 811.0, 560.0]
[240.0, 32.0, 988.0, 593.0]
[144.0, 48.0, 893.0, 610.0]
[64.0, 32.0, 814.0, 594.0]
[176.0, 32.0, 927.0, 595.0]
[160.0, 32.0, 912.0, 596.0]
[80.0, 16.0, 833.0, 581.0]
[160.0, 32.0, 914.0, 598.0]
[128.0, 0.0, 883.0, 566.0]
[208.0, 48.0, 964.0, 615.0]
[112.0, 64.0, 869.0, 632.0]
[192.0, 16.0, 950.0, 584.0]
[48.0, 0.0, 807.0, 569.0]
[16.0, 48.0, 776.0, 618.0]
[176.0, 32.0, 937.0, 603.0]
[128.0, 16.0, 890.0, 588.0]
[16.0, 48.0, 779.0, 620.0]
[192.0, 64.0, 956.0, 637.0]
[192.0, 16.0, 957.0, 590.0]
[0.0, 32.0, 766.0, 606.0]
[48.0, 48.0, 815.0, 623.0]
[224.0, 16.0, 992.0, 592.0]
[192.0, 48.0, 961.0, 625.0]
[160.0, 48.0, 930.0, 626.0]
[240.0, 0.0, 1011.0, 578.0]
[192.0, 64.0, 964.0, 643.0]
[240.0, 32.0, 1013.0, 612.0]
[240.0, 16.0, 1014.0, 596.0]
[240.0, 16.0, 1015.0, 597.0]
[96.0, 48.0, 872.0, 630.0]
[16.0, 32.0, 793.0, 615.0]
[240.0, 16.0, 1018.0, 600.0]
[144.0, 16.0, 923.0, 600.0]
[32.0, 0.0, 812.0, 585.0]
[160.0, 48.0, 941.0, 634.0]
[0.0, 0.0, 782.0, 586.0]
[112.0, 16.0, 895.0, 603.0]
[240.0, 0.0, 1024.0, 588.0]
[208.0, 64.0, 993.0, 653.0]
[144.0, 16.0, 930.0, 606.0]
[192.0, 16.0, 979.0, 606.0]
[0.0, 0.0, 788.0, 591.0]
[128.0, 16.0, 917.0, 608.0]
[144.0, 64.0, 934.0, 656.0]
[16.0, 0.0, 807.0, 593.0]
[208.0, 48.0, 1000.0, 642.0]
[160.0, 64.0, 953.0, 659.0]
[144.0, 48.0, 938.0, 644.0]
[48.0, 0.0, 843.0, 596.0]
[64.0, 0.0, 860.0, 597.0]
[144.0, 48.0, 941.0, 646.0]
[208.0, 0.0, 1006.0, 598.0]
[64.0, 64.0, 863.0, 663.0]
[112.0, 32.0, 912.0, 632.0]
[160.0, 32.0, 961.0, 633.0]
[48.0, 48.0, 850.0, 650.0]
[32.0, 0.0, 835.0, 602.0]
[176.0, 0.0, 980.0, 603.0]
[64.0, 16.0, 869.0, 620.0]
[0.0, 0.0, 806.0, 604.0]
[128.0, 48.0, 935.0, 653.0]
[208.0, 16.0, 1016.0, 622.0]
[16.0, 0.0, 825.0, 607.0]
[32.0, 48.0, 842.0, 656.0]
[192.0, 32.0, 1003.0, 640.0]
[48.0, 32.0, 860.0, 641.0]
[176.0, 0.0, 989.0, 610.0]
[80.0, 48.0, 894.0, 658.0]
[176.0, 64.0, 991.0, 675.0]
[160.0, 0.0, 976.0, 612.0]
[48.0, 0.0, 865.0, 613.0]
[176.0, 0.0, 994.0, 614.0]
[128.0, 48.0, 947.0, 662.0]
[32.0, 0.0, 852.0, 615.0]
[112.0, 32.0, 933.0, 648.0]
[176.0, 0.0, 998.0, 616.0]
[48.0, 48.0, 871.0, 665.0]
[128.0, 0.0, 952.0, 618.0]
[64.0, 32.0, 889.0, 651.0]
[160.0, 32.0, 986.0, 652.0]
[64.0, 32.0, 891.0, 652.0]
[176.0, 48.0, 1004.0, 669.0]
[64.0, 16.0, 893.0, 638.0]
[128.0, 0.0, 958.0, 622.0]
[0.0, 0.0, 831.0, 623.0]
[144.0, 16.0, 976.0, 640.0]
[80.0, 0.0, 913.0, 625.0]
[16.0, 0.0, 850.0, 626.0]
[0.0, 32.0, 835.0, 658.0]
[16.0, 32.0, 852.0, 659.0]
[160.0, 0.0, 997.0, 628.0]
[112.0, 32.0, 950.0, 660.0]
[96.0, 16.0, 935.0, 645.0]
[32.0, 0.0, 872.0, 630.0]
[128.0, 16.0, 969.0, 647.0]
[0.0, 16.0, 842.0, 648.0]
[16.0, 32.0, 859.0, 664.0]
[64.0, 48.0, 908.0, 681.0]
[144.0, 0.0, 989.0, 634.0]
[80.0, 32.0, 926.0, 666.0]
[64.0, 0.0, 911.0, 635.0]
[64.0, 32.0, 912.0, 668.0]
[64.0, 16.0, 913.0, 653.0]
[32.0, 0.0, 882.0, 638.0]
[0.0, 0.0, 851.0, 638.0]
[80.0, 0.0, 932.0, 639.0]
[32.0, 32.0, 885.0, 672.0]
[0.0, 16.0, 854.0, 656.0]
[48.0, 32.0, 903.0, 673.0]
[64.0, 32.0, 920.0, 674.0]
[0.0, 32.0, 857.0, 675.0]
[160.0, 32.0, 1018.0, 676.0]
[96.0, 0.0, 955.0, 644.0]
[144.0, 0.0, 1004.0, 645.0]
[96.0, 32.0, 957.0, 678.0]
[0.0, 0.0, 862.0, 646.0]
[16.0, 16.0, 879.0, 663.0]
[16.0, 0.0, 880.0, 648.0]
[32.0, 32.0, 897.0, 681.0]
[112.0, 0.0, 978.0, 650.0]
[112.0, 16.0, 979.0, 666.0]
[16.0, 16.0, 884.0, 667.0]
[0.0, 0.0, 869.0, 652.0]
[96.0, 16.0, 966.0, 668.0]
[112.0, 0.0, 983.0, 653.0]
[112.0, 16.0, 984.0, 670.0]
[32.0, 16.0, 905.0, 671.0]
[112.0, 0.0, 986.0, 656.0]
[16.0, 16.0, 891.0, 672.0]
[144.0, 0.0, 1020.0, 657.0]
[32.0, 0.0, 909.0, 658.0]
[96.0, 0.0, 974.0, 658.0]
[0.0, 0.0, 879.0, 659.0]
[128.0, 0.0, 1008.0, 660.0]
[96.0, 0.0, 977.0, 661.0]
[16.0, 0.0, 898.0, 662.0]
[80.0, 16.0, 963.0, 678.0]
[32.0, 16.0, 916.0, 679.0]
[96.0, 16.0, 981.0, 680.0]
[96.0, 16.0, 982.0, 680.0]
[96.0, 16.0, 983.0, 681.0]
[128.0, 16.0, 1016.0, 682.0]
[0.0, 0.0, 889.0, 667.0]
[112.0, 0.0, 1002.0, 668.0]
[64.0, 0.0, 955.0, 668.0]
[64.0, 0.0, 956.0, 669.0]
[16.0, 0.0, 909.0, 670.0]
[112.0, 0.0, 1006.0, 670.0]
[0.0, 0.0, 895.0, 671.0]
[32.0, 0.0, 928.0, 672.0]
[96.0, 0.0, 993.0, 673.0]
[32.0, 0.0, 930.0, 674.0]
[0.0, 0.0, 899.0, 674.0]
[64.0, 0.0, 964.0, 675.0]
[16.0, 0.0, 917.0, 676.0]
[112.0, 0.0, 1014.0, 676.0]
[0.0, 0.0, 903.0, 677.0]
[32.0, 0.0, 936.0, 678.0]
[80.0, 0.0, 985.0, 679.0]
[32.0, 0.0, 938.0, 680.0]
[112.0, 0.0, 1019.0, 680.0]
[0.0, 0.0, 908.0, 681.0]
[64.0, 0.0, 973.0, 682.0]
[0.0, 0.0, 910.0, 682.0]
[48.0, 0.0, 959.0, 683.0]
