[96.0, 112.0, 813.0, 650.0]
[144.0, 144.0, 862.0, 682.0]
[96.0, 32.0, 815.0, 571.0]
[48.0, 80.0, 768.0, 620.0]
[112.0, 96.0, 833.0, 637.0]
[64.0, 80.0, 786.0, 622.0]
[80.0, 112.0, 803.0, 654.0]
[48.0, 64.0, 772.0, 607.0]
[32.0, 112.0, 757.0, 656.0]
[0.0, 96.0, 726.0, 640.0]
[0.0, 96.0, 727.0, 641.0]
[48.0, 32.0, 776.0, 578.0]
[80.0, 32.0, 809.0, 579.0]
[144.0, 96.0, 874.0, 644.0]
[48.0, 32.0, 779.0, 580.0]
[0.0, 128.0, 732.0, 677.0]
[128.0, 128.0, 861.0, 678.0]
[16.0, 96.0, 750.0, 646.0]
[48.0, 48.0, 783.0, 599.0]
[96.0, 128.0, 832.0, 680.0]
[32.0, 96.0, 769.0, 649.0]
[32.0, 16.0, 770.0, 570.0]
[128.0, 48.0, 867.0, 602.0]
[32.0, 96.0, 772.0, 651.0]
[112.0, 128.0, 853.0, 684.0]
[32.0, 32.0, 774.0, 588.0]
[160.0, 112.0, 903.0, 669.0]
[48.0, 80.0, 792.0, 638.0]
[112.0, 112.0, 857.0, 671.0]
[32.0, 32.0, 778.0, 592.0]
[32.0, 64.0, 779.0, 624.0]
[112.0, 96.0, 860.0, 657.0]
[112.0, 64.0, 861.0, 626.0]
[48.0, 32.0, 798.0, 594.0]
[32.0, 96.0, 783.0, 659.0]
[80.0, 80.0, 832.0, 644.0]
[144.0, 80.0, 897.0, 645.0]
[80.0, 64.0, 834.0, 630.0]
[32.0, 64.0, 787.0, 630.0]
[0.0, 48.0, 756.0, 615.0]
[16.0, 112.0, 773.0, 680.0]
[48.0, 32.0, 806.0, 600.0]
[16.0, 80.0, 775.0, 649.0]
[96.0, 96.0, 856.0, 666.0]
[64.0, 16.0, 825.0, 587.0]
[32.0, 0.0, 794.0, 572.0]
[48.0, 80.0, 811.0, 652.0]
[64.0, 48.0, 828.0, 621.0]
[96.0, 80.0, 861.0, 654.0]
[80.0, 48.0, 846.0, 622.0]
[16.0, 64.0, 783.0, 639.0]
[0.0, 16.0, 768.0, 592.0]
[96.0, 64.0, 865.0, 641.0]
[32.0, 16.0, 802.0, 594.0]
[64.0, 96.0, 835.0, 674.0]
[80.0, 64.0, 852.0, 643.0]
[112.0, 32.0, 885.0, 612.0]
[16.0, 48.0, 790.0, 628.0]
[80.0, 32.0, 855.0, 613.0]
[32.0, 16.0, 808.0, 598.0]
[0.0, 48.0, 777.0, 631.0]
[64.0, 48.0, 842.0, 632.0]
[48.0, 16.0, 827.0, 600.0]
[64.0, 16.0, 844.0, 601.0]
[16.0, 80.0, 797.0, 666.0]
[48.0, 64.0, 830.0, 650.0]
[112.0, 32.0, 895.0, 619.0]
[64.0, 96.0, 848.0, 684.0]
[16.0, 16.0, 801.0, 605.0]
[0.0, 0.0, 786.0, 590.0]
[80.0, 48.0, 867.0, 638.0]
[64.0, 64.0, 852.0, 655.0]
[0.0, 80.0, 789.0, 672.0]
[48.0, 32.0, 838.0, 624.0]
[0.0, 16.0, 791.0, 609.0]
[80.0, 64.0, 872.0, 658.0]
[80.0, 48.0, 873.0, 643.0]
[64.0, 0.0, 858.0, 596.0]
[48.0, 32.0, 843.0, 628.0]
[32.0, 16.0, 828.0, 613.0]
[48.0, 80.0, 845.0, 678.0]
[48.0, 0.0, 846.0, 598.0]
[80.0, 32.0, 879.0, 631.0]
[0.0, 64.0, 800.0, 664.0]
[32.0, 32.0, 833.0, 633.0]
[16.0, 80.0, 818.0, 682.0]
[16.0, 48.0, 819.0, 650.0]
[0.0, 48.0, 804.0, 651.0]
[0.0, 16.0, 805.0, 620.0]
[16.0, 80.0, 822.0, 684.0]
[112.0, 48.0, 919.0, 653.0]
[16.0, 48.0, 824.0, 654.0]
[64.0, 32.0, 873.0, 639.0]
[64.0, 0.0, 874.0, 608.0]
[16.0, 48.0, 827.0, 656.0]
[48.0, 32.0, 860.0, 641.0]
[112.0, 64.0, 925.0, 674.0]
[80.0, 48.0, 894.0, 658.0]
[80.0, 64.0, 895.0, 675.0]
[0.0, 0.0, 816.0, 612.0]
[96.0, 16.0, 913.0, 629.0]
[16.0, 0.0, 834.0, 614.0]
[48.0, 0.0, 867.0, 614.0]
[0.0, 48.0, 820.0, 663.0]
[16.0, 0.0, 837.0, 616.0]
[112.0, 64.0, 934.0, 680.0]
[32.0, 48.0, 855.0, 665.0]
[48.0, 64.0, 872.0, 682.0]
[32.0, 32.0, 857.0, 651.0]
[16.0, 0.0, 842.0, 620.0]
[80.0, 48.0, 907.0, 668.0]
[64.0, 48.0, 892.0, 669.0]
[96.0, 16.0, 925.0, 638.0]
[64.0, 0.0, 894.0, 622.0]
[112.0, 32.0, 943.0, 655.0]
[0.0, 48.0, 832.0, 672.0]
[0.0, 32.0, 833.0, 657.0]
[0.0, 16.0, 834.0, 642.0]
[32.0, 32.0, 867.0, 658.0]
[96.0, 48.0, 932.0, 675.0]
[80.0, 32.0, 917.0, 660.0]
[0.0, 32.0, 838.0, 660.0]
[96.0, 16.0, 935.0, 645.0]
[0.0, 16.0, 840.0, 646.0]
[48.0, 0.0, 889.0, 631.0]
[0.0, 0.0, 842.0, 632.0]
[16.0, 16.0, 859.0, 648.0]
[64.0, 16.0, 908.0, 649.0]
[16.0, 0.0, 861.0, 634.0]
[16.0, 16.0, 862.0, 650.0]
[16.0, 48.0, 863.0, 683.0]
[80.0, 48.0, 928.0, 684.0]
[64.0, 16.0, 913.0, 653.0]
[16.0, 0.0, 866.0, 638.0]
[0.0, 16.0, 851.0, 654.0]
[64.0, 32.0, 916.0, 671.0]
[32.0, 32.0, 885.0, 672.0]
[80.0, 16.0, 934.0, 656.0]
[0.0, 32.0, 855.0, 673.0]
[48.0, 0.0, 904.0, 642.0]
[16.0, 32.0, 873.0, 675.0]
[64.0, 32.0, 922.0, 676.0]
[32.0, 32.0, 891.0, 676.0]
[64.0, 16.0, 924.0, 661.0]
[16.0, 0.0, 877.0, 646.0]
[16.0, 32.0, 878.0, 678.0]
[0.0, 0.0, 863.0, 647.0]
[16.0, 16.0, 880.0, 664.0]
[80.0, 0.0, 945.0, 649.0]
[80.0, 16.0, 946.0, 666.0]
[16.0, 32.0, 883.0, 682.0]
[64.0, 0.0, 932.0, 651.0]
[16.0, 16.0, 885.0, 668.0]
[0.0, 32.0, 870.0, 684.0]
[80.0, 0.0, 951.0, 653.0]
[64.0, 0.0, 936.0, 654.0]
[16.0, 0.0, 889.0, 655.0]
[16.0, 16.0, 890.0, 672.0]
[16.0, 0.0, 891.0, 656.0]
[32.0, 16.0, 908.0, 673.0]
[0.0, 0.0, 877.0, 658.0]
[0.0, 0.0, 878.0, 658.0]
[64.0, 16.0, 943.0, 675.0]
[16.0, 16.0, 896.0, 676.0]
[0.0, 0.0, 881.0, 661.0]
[64.0, 16.0, 946.0, 678.0]
[64.0, 16.0, 947.0, 678.0]
[64.0, 16.0, 948.0, 679.0]
[48.0, 0.0, 933.0, 664.0]
[16.0, 16.0, 902.0, 680.0]
[0.0, 0.0, 887.0, 665.0]
[32.0, 0.0, 920.0, 666.0]
[16.0, 16.0, 905.0, 683.0]
[0.0, 16.0, 890.0, 684.0]
[16.0, 0.0, 907.0, 668.0]
[32.0, 0.0, 924.0, 669.0]
[16.0, 0.0, 909.0, 670.0]
[16.0, 0.0, 910.0, 670.0]
[48.0, 0.0, 943.0, 671.0]
[32.0, 0.0, 928.0, 672.0]
[32.0, 0.0, 929.0, 673.0]
[32.0, 0.0, 930.0, 674.0]
[48.0, 0.0, 947.0, 674.0]
[48.0, 0.0, 948.0, 675.0]
[32.0, 0.0, 933.0, 676.0]
[48.0, 0.0, 950.0, 676.0]
[48.0, 0.0, 951.0, 677.0]
[16.0, 0.0, 920.0, 678.0]
[16.0, 0.0, 921.0, 679.0]
[32.0, 0.0, 938.0, 680.0]
[16.0, 0.0, 923.0, 680.0]
[32.0, 0.0, 940.0, 681.0]
[16.0, 0.0, 925.0, 682.0]
[32.0, 0.0, 942.0, 682.0]
[0.0, 0.0, 911.0, 683.0]
[16.0, 0.0, 928.0, 684.0]
