[80.0, 112.0, 797.0, 650.0]
[192.0, 80.0, 910.0, 618.0]
[80.0, 64.0, 799.0, 603.0]
[112.0, 80.0, 832.0, 620.0]
[208.0, 112.0, 929.0, 653.0]
[176.0, 32.0, 898.0, 574.0]
[96.0, 32.0, 819.0, 574.0]
[208.0, 16.0, 932.0, 559.0]
[112.0, 96.0, 837.0, 640.0]
[192.0, 128.0, 918.0, 672.0]
[144.0, 64.0, 871.0, 609.0]
[224.0, 112.0, 952.0, 658.0]
[208.0, 112.0, 937.0, 659.0]
[160.0, 64.0, 890.0, 612.0]
[224.0, 112.0, 955.0, 660.0]
[112.0, 0.0, 844.0, 549.0]
[96.0, 64.0, 829.0, 614.0]
[112.0, 128.0, 846.0, 678.0]
[208.0, 48.0, 943.0, 599.0]
[208.0, 16.0, 944.0, 568.0]
[192.0, 48.0, 929.0, 601.0]
[112.0, 64.0, 850.0, 618.0]
[208.0, 80.0, 947.0, 634.0]
[128.0, 0.0, 868.0, 555.0]
[112.0, 32.0, 853.0, 588.0]
[144.0, 48.0, 886.0, 604.0]
[192.0, 48.0, 935.0, 605.0]
[160.0, 112.0, 904.0, 670.0]
[144.0, 96.0, 889.0, 655.0]
[144.0, 0.0, 890.0, 560.0]
[208.0, 80.0, 955.0, 640.0]
[64.0, 48.0, 812.0, 609.0]
[80.0, 96.0, 829.0, 658.0]
[96.0, 0.0, 846.0, 562.0]
[48.0, 64.0, 799.0, 627.0]
[176.0, 48.0, 928.0, 612.0]
[128.0, 0.0, 881.0, 565.0]
[176.0, 32.0, 930.0, 598.0]
[208.0, 48.0, 963.0, 614.0]
[176.0, 32.0, 932.0, 599.0]
[96.0, 80.0, 853.0, 648.0]
[128.0, 16.0, 886.0, 584.0]
[48.0, 64.0, 807.0, 633.0]
[176.0, 112.0, 936.0, 682.0]
[32.0, 80.0, 793.0, 651.0]
[80.0, 64.0, 842.0, 636.0]
[192.0, 16.0, 955.0, 588.0]
[144.0, 80.0, 908.0, 653.0]
[112.0, 16.0, 877.0, 590.0]
[80.0, 80.0, 846.0, 654.0]
[224.0, 64.0, 991.0, 639.0]
[192.0, 80.0, 960.0, 656.0]
[224.0, 48.0, 993.0, 625.0]
[96.0, 32.0, 866.0, 610.0]
[80.0, 16.0, 851.0, 594.0]
[208.0, 80.0, 980.0, 659.0]
[144.0, 64.0, 917.0, 644.0]
[176.0, 16.0, 950.0, 596.0]
[160.0, 80.0, 935.0, 661.0]
[176.0, 96.0, 952.0, 678.0]
[96.0, 96.0, 873.0, 679.0]
[160.0, 32.0, 938.0, 616.0]
[192.0, 0.0, 971.0, 584.0]
[144.0, 0.0, 924.0, 585.0]
[48.0, 0.0, 829.0, 586.0]
[112.0, 48.0, 894.0, 634.0]
[224.0, 64.0, 1007.0, 651.0]
[16.0, 48.0, 800.0, 636.0]
[112.0, 80.0, 897.0, 669.0]
[160.0, 64.0, 946.0, 654.0]
[64.0, 64.0, 851.0, 654.0]
[32.0, 32.0, 820.0, 623.0]
[64.0, 0.0, 853.0, 592.0]
[192.0, 16.0, 982.0, 608.0]
[160.0, 32.0, 951.0, 625.0]
[144.0, 32.0, 936.0, 626.0]
[64.0, 16.0, 857.0, 611.0]
[176.0, 80.0, 970.0, 676.0]
[208.0, 16.0, 1003.0, 612.0]
[144.0, 64.0, 940.0, 661.0]
[16.0, 32.0, 813.0, 630.0]
[32.0, 32.0, 830.0, 630.0]
[208.0, 32.0, 1007.0, 631.0]
[144.0, 32.0, 944.0, 632.0]
[128.0, 48.0, 929.0, 649.0]
[128.0, 32.0, 930.0, 634.0]
[48.0, 48.0, 851.0, 650.0]
[48.0, 16.0, 852.0, 619.0]
[144.0, 16.0, 949.0, 620.0]
[32.0, 0.0, 838.0, 604.0]
[208.0, 64.0, 1015.0, 669.0]
[160.0, 32.0, 968.0, 638.0]
[128.0, 32.0, 937.0, 639.0]
[208.0, 32.0, 1018.0, 640.0]
[96.0, 64.0, 907.0, 672.0]
[32.0, 32.0, 844.0, 641.0]
[48.0, 16.0, 861.0, 626.0]
[32.0, 64.0, 846.0, 674.0]
[208.0, 32.0, 1023.0, 643.0]
[160.0, 16.0, 976.0, 628.0]
[48.0, 48.0, 865.0, 661.0]
[64.0, 16.0, 882.0, 630.0]
[128.0, 16.0, 947.0, 630.0]
[96.0, 32.0, 916.0, 647.0]
[0.0, 48.0, 821.0, 664.0]
[192.0, 32.0, 1014.0, 648.0]
[80.0, 32.0, 903.0, 649.0]
[80.0, 48.0, 904.0, 666.0]
[80.0, 64.0, 905.0, 683.0]
[128.0, 16.0, 954.0, 636.0]
[32.0, 32.0, 859.0, 652.0]
[32.0, 0.0, 860.0, 621.0]
[176.0, 48.0, 1005.0, 670.0]
[48.0, 16.0, 878.0, 638.0]
[48.0, 48.0, 879.0, 671.0]
[16.0, 16.0, 848.0, 640.0]
[96.0, 48.0, 929.0, 673.0]
[96.0, 48.0, 930.0, 674.0]
[64.0, 48.0, 899.0, 674.0]
[16.0, 16.0, 852.0, 643.0]
[112.0, 48.0, 949.0, 676.0]
[144.0, 48.0, 982.0, 676.0]
[96.0, 16.0, 935.0, 645.0]
[128.0, 32.0, 968.0, 662.0]
[144.0, 32.0, 985.0, 663.0]
[96.0, 16.0, 938.0, 648.0]
[128.0, 32.0, 971.0, 664.0]
[32.0, 48.0, 876.0, 681.0]
[32.0, 16.0, 877.0, 650.0]
[48.0, 0.0, 894.0, 634.0]
[80.0, 48.0, 927.0, 683.0]
[112.0, 32.0, 960.0, 668.0]
[112.0, 32.0, 961.0, 669.0]
[0.0, 0.0, 850.0, 638.0]
[160.0, 16.0, 1011.0, 654.0]
[80.0, 16.0, 932.0, 655.0]
[96.0, 16.0, 949.0, 656.0]
[0.0, 0.0, 854.0, 640.0]
[64.0, 0.0, 919.0, 641.0]
[16.0, 0.0, 872.0, 642.0]
[96.0, 0.0, 953.0, 643.0]
[160.0, 32.0, 1018.0, 676.0]
[32.0, 32.0, 891.0, 676.0]
[112.0, 0.0, 972.0, 645.0]
[128.0, 0.0, 989.0, 646.0]
[64.0, 32.0, 926.0, 678.0]
[0.0, 32.0, 863.0, 679.0]
[160.0, 16.0, 1024.0, 664.0]
[64.0, 0.0, 929.0, 649.0]
[112.0, 0.0, 978.0, 650.0]
[96.0, 32.0, 963.0, 682.0]
[0.0, 0.0, 868.0, 651.0]
[144.0, 16.0, 1013.0, 668.0]
[32.0, 16.0, 902.0, 668.0]
[96.0, 16.0, 967.0, 669.0]
[48.0, 0.0, 920.0, 654.0]
[16.0, 16.0, 889.0, 671.0]
[16.0, 16.0, 890.0, 672.0]
[64.0, 0.0, 939.0, 656.0]
[0.0, 16.0, 876.0, 673.0]
[16.0, 16.0, 893.0, 674.0]
[64.0, 16.0, 942.0, 674.0]
[64.0, 16.0, 943.0, 675.0]
[80.0, 0.0, 960.0, 660.0]
[64.0, 0.0, 945.0, 661.0]
[64.0, 16.0, 946.0, 678.0]
[80.0, 16.0, 963.0, 678.0]
[80.0, 0.0, 964.0, 663.0]
[32.0, 0.0, 917.0, 664.0]
[0.0, 16.0, 886.0, 680.0]
[96.0, 16.0, 983.0, 681.0]
[48.0, 16.0, 936.0, 682.0]
[32.0, 0.0, 921.0, 667.0]
[80.0, 0.0, 970.0, 668.0]
[16.0, 0.0, 907.0, 668.0]
[0.0, 0.0, 892.0, 669.0]
[80.0, 0.0, 973.0, 670.0]
[80.0, 0.0, 974.0, 670.0]
[96.0, 0.0, 991.0, 671.0]
[48.0, 0.0, 944.0, 672.0]
[48.0, 0.0, 945.0, 673.0]
[96.0, 0.0, 994.0, 674.0]
[96.0, 0.0, 995.0, 674.0]
[0.0, 0.0, 900.0, 675.0]
[32.0, 0.0, 933.0, 676.0]
[64.0, 0.0, 966.0, 676.0]
[32.0, 0.0, 935.0, 677.0]
[64.0, 0.0, 968.0, 678.0]
[16.0, 0.0, 921.0, 679.0]
[32.0, 0.0, 938.0, 680.0]
[112.0, 0.0, 1019.0, 680.0]
[96.0, 0.0, 1004.0, 681.0]
[64.0, 0.0, 973.0, 682.0]
[112.0, 0.0, 1022.0, 682.0]
[48.0, 0.0, 959.0, 683.0]
