[32.0, 112.0, 749.0, 650.0]
[32.0, 128.0, 750.0, 666.0]
[32.0, 128.0, 751.0, 667.0]
[160.0, 112.0, 880.0, 652.0]
[64.0, 144.0, 785.0, 685.0]
[48.0, 96.0, 770.0, 638.0]
[112.0, 144.0, 835.0, 686.0]
[0.0, 128.0, 724.0, 671.0]
[16.0, 112.0, 741.0, 656.0]
[96.0, 160.0, 822.0, 704.0]
[80.0, 112.0, 807.0, 657.0]
[64.0, 144.0, 792.0, 690.0]
[208.0, 144.0, 937.0, 691.0]
[128.0, 160.0, 858.0, 708.0]
[208.0, 128.0, 939.0, 676.0]
[208.0, 144.0, 940.0, 693.0]
[80.0, 144.0, 813.0, 694.0]
[176.0, 112.0, 910.0, 662.0]
[160.0, 128.0, 895.0, 679.0]
[0.0, 128.0, 736.0, 680.0]
[112.0, 128.0, 849.0, 681.0]
[16.0, 128.0, 754.0, 682.0]
[0.0, 144.0, 739.0, 698.0]
[176.0, 144.0, 916.0, 699.0]
[96.0, 128.0, 837.0, 684.0]
[144.0, 80.0, 886.0, 636.0]
[96.0, 96.0, 839.0, 653.0]
[96.0, 144.0, 840.0, 702.0]
[16.0, 96.0, 761.0, 655.0]
[32.0, 96.0, 778.0, 656.0]
[128.0, 144.0, 875.0, 704.0]
[112.0, 144.0, 860.0, 705.0]
[80.0, 112.0, 829.0, 674.0]
[80.0, 128.0, 830.0, 690.0]
[128.0, 112.0, 879.0, 675.0]
[160.0, 144.0, 912.0, 708.0]
[144.0, 64.0, 897.0, 629.0]
[80.0, 64.0, 834.0, 630.0]
[128.0, 96.0, 883.0, 662.0]
[192.0, 112.0, 948.0, 679.0]
[144.0, 64.0, 901.0, 632.0]
[144.0, 80.0, 902.0, 648.0]
[0.0, 96.0, 759.0, 665.0]
[96.0, 128.0, 856.0, 698.0]
[80.0, 80.0, 841.0, 651.0]
[160.0, 128.0, 922.0, 700.0]
[64.0, 128.0, 827.0, 700.0]
[80.0, 80.0, 844.0, 653.0]
[48.0, 80.0, 813.0, 654.0]
[32.0, 112.0, 798.0, 686.0]
[160.0, 112.0, 927.0, 687.0]
[16.0, 96.0, 784.0, 672.0]
[96.0, 80.0, 865.0, 657.0]
[80.0, 128.0, 850.0, 706.0]
[96.0, 64.0, 867.0, 642.0]
[16.0, 80.0, 788.0, 659.0]
[176.0, 128.0, 949.0, 708.0]
[0.0, 80.0, 774.0, 660.0]
[160.0, 96.0, 935.0, 677.0]
[112.0, 80.0, 888.0, 662.0]
[112.0, 80.0, 889.0, 663.0]
[112.0, 64.0, 890.0, 648.0]
[128.0, 112.0, 907.0, 696.0]
[80.0, 96.0, 860.0, 681.0]
[96.0, 80.0, 877.0, 666.0]
[16.0, 96.0, 798.0, 682.0]
[32.0, 96.0, 815.0, 683.0]
[80.0, 64.0, 864.0, 652.0]
[128.0, 112.0, 913.0, 701.0]
[0.0, 80.0, 786.0, 670.0]
[32.0, 112.0, 819.0, 702.0]
[176.0, 112.0, 964.0, 703.0]
[112.0, 64.0, 901.0, 656.0]
[96.0, 64.0, 886.0, 656.0]
[128.0, 80.0, 919.0, 673.0]
[64.0, 112.0, 856.0, 706.0]
[112.0, 112.0, 905.0, 707.0]
[112.0, 96.0, 906.0, 692.0]
[64.0, 96.0, 859.0, 692.0]
[96.0, 96.0, 892.0, 693.0]
[144.0, 96.0, 941.0, 694.0]
[32.0, 64.0, 830.0, 662.0]
[112.0, 80.0, 911.0, 679.0]
[80.0, 64.0, 880.0, 664.0]
[32.0, 64.0, 833.0, 665.0]
[160.0, 96.0, 962.0, 698.0]
[112.0, 80.0, 915.0, 682.0]
[112.0, 64.0, 916.0, 667.0]
[0.0, 64.0, 805.0, 668.0]
[96.0, 48.0, 902.0, 652.0]
[144.0, 96.0, 951.0, 701.0]
[32.0, 80.0, 840.0, 686.0]
[128.0, 96.0, 937.0, 703.0]
[96.0, 48.0, 906.0, 656.0]
[96.0, 80.0, 907.0, 688.0]
[128.0, 96.0, 940.0, 705.0]
[64.0, 32.0, 877.0, 642.0]
[80.0, 96.0, 894.0, 706.0]
[96.0, 80.0, 911.0, 691.0]
[0.0, 64.0, 816.0, 676.0]
[96.0, 64.0, 913.0, 677.0]
[80.0, 64.0, 898.0, 678.0]
[112.0, 80.0, 931.0, 694.0]
[128.0, 64.0, 948.0, 679.0]
[48.0, 80.0, 869.0, 696.0]
[16.0, 80.0, 838.0, 696.0]
[144.0, 80.0, 967.0, 697.0]
[64.0, 16.0, 888.0, 634.0]
[128.0, 48.0, 953.0, 667.0]
[128.0, 64.0, 954.0, 684.0]
[0.0, 80.0, 827.0, 700.0]
[128.0, 48.0, 956.0, 669.0]
[112.0, 48.0, 941.0, 670.0]
[16.0, 32.0, 846.0, 654.0]
[48.0, 16.0, 879.0, 639.0]
[16.0, 80.0, 848.0, 704.0]
[32.0, 48.0, 865.0, 673.0]
[128.0, 48.0, 962.0, 674.0]
[0.0, 80.0, 835.0, 706.0]
[0.0, 64.0, 836.0, 691.0]
[32.0, 16.0, 869.0, 644.0]
[96.0, 80.0, 934.0, 708.0]
[48.0, 48.0, 887.0, 677.0]
[80.0, 32.0, 920.0, 662.0]
[112.0, 64.0, 953.0, 695.0]
[80.0, 16.0, 922.0, 648.0]
[64.0, 32.0, 907.0, 664.0]
[80.0, 16.0, 924.0, 649.0]
[48.0, 32.0, 893.0, 666.0]
[112.0, 48.0, 958.0, 682.0]
[48.0, 16.0, 895.0, 651.0]
[112.0, 48.0, 960.0, 684.0]
[16.0, 16.0, 865.0, 653.0]
[16.0, 32.0, 866.0, 670.0]
[32.0, 32.0, 883.0, 670.0]
[16.0, 16.0, 868.0, 655.0]
[0.0, 64.0, 853.0, 704.0]
[112.0, 48.0, 966.0, 688.0]
[0.0, 32.0, 855.0, 673.0]
[96.0, 48.0, 952.0, 690.0]
[16.0, 64.0, 873.0, 707.0]
[80.0, 32.0, 938.0, 676.0]
[16.0, 64.0, 875.0, 708.0]
[48.0, 48.0, 908.0, 693.0]
[96.0, 32.0, 957.0, 678.0]
[0.0, 16.0, 862.0, 662.0]
[80.0, 48.0, 943.0, 695.0]
[16.0, 0.0, 880.0, 648.0]
[0.0, 48.0, 865.0, 697.0]
[32.0, 32.0, 898.0, 682.0]
[48.0, 16.0, 915.0, 666.0]
[48.0, 0.0, 916.0, 651.0]
[0.0, 16.0, 869.0, 668.0]
[80.0, 32.0, 950.0, 684.0]
[32.0, 48.0, 903.0, 701.0]
[32.0, 32.0, 904.0, 686.0]
[32.0, 32.0, 905.0, 687.0]
[0.0, 16.0, 874.0, 672.0]
[96.0, 48.0, 971.0, 704.0]
[0.0, 48.0, 876.0, 705.0]
[16.0, 0.0, 893.0, 658.0]
[80.0, 48.0, 958.0, 706.0]
[48.0, 0.0, 927.0, 659.0]
[80.0, 48.0, 960.0, 708.0]
[16.0, 32.0, 897.0, 693.0]
[16.0, 0.0, 898.0, 662.0]
[80.0, 32.0, 963.0, 694.0]
[0.0, 0.0, 884.0, 663.0]
[32.0, 32.0, 917.0, 696.0]
[32.0, 32.0, 918.0, 696.0]
[16.0, 16.0, 903.0, 681.0]
[48.0, 32.0, 936.0, 698.0]
[48.0, 32.0, 937.0, 699.0]
[48.0, 16.0, 938.0, 684.0]
[0.0, 16.0, 891.0, 684.0]
[48.0, 16.0, 940.0, 685.0]
[48.0, 0.0, 941.0, 670.0]
[64.0, 0.0, 958.0, 670.0]
[48.0, 32.0, 943.0, 703.0]
[64.0, 16.0, 960.0, 688.0]
[32.0, 0.0, 929.0, 673.0]
[32.0, 32.0, 930.0, 706.0]
[32.0, 0.0, 931.0, 674.0]
[32.0, 16.0, 932.0, 691.0]
[16.0, 0.0, 917.0, 676.0]
[64.0, 32.0, 966.0, 708.0]
[64.0, 0.0, 967.0, 677.0]
[48.0, 16.0, 952.0, 694.0]
[16.0, 0.0, 921.0, 679.0]
[0.0, 16.0, 906.0, 696.0]
[64.0, 0.0, 971.0, 680.0]
[32.0, 16.0, 940.0, 697.0]
[16.0, 0.0, 925.0, 682.0]
[32.0, 0.0, 942.0, 682.0]
[32.0, 16.0, 943.0, 699.0]
[0.0, 0.0, 912.0, 684.0]
[32.0, 16.0, 945.0, 701.0]
[16.0, 0.0, 930.0, 686.0]
[16.0, 0.0, 931.0, 686.0]
[16.0, 0.0, 932.0, 687.0]
[0.0, 16.0, 917.0, 704.0]
[0.0, 0.0, 918.0, 688.0]
[48.0, 16.0, 967.0, 705.0]
[0.0, 16.0, 920.0, 706.0]
[32.0, 0.0, 953.0, 691.0]
[0.0, 0.0, 922.0, 692.0]
[0.0, 0.0, 923.0, 692.0]
[48.0, 0.0, 972.0, 693.0]
[16.0, 0.0, 941.0, 694.0]
[32.0, 0.0, 958.0, 694.0]
[16.0, 0.0, 943.0, 695.0]
[16.0, 0.0, 944.0, 696.0]
