[112.0, 112.0, 829.0, 650.0]
[208.0, 96.0, 926.0, 634.0]
[96.0, 112.0, 815.0, 651.0]
[272.0, 112.0, 992.0, 652.0]
[272.0, 96.0, 993.0, 637.0]
[240.0, 112.0, 962.0, 654.0]
[208.0, 112.0, 931.0, 654.0]
[240.0, 128.0, 964.0, 671.0]
[272.0, 128.0, 997.0, 672.0]
[80.0, 112.0, 806.0, 656.0]
[240.0, 128.0, 967.0, 673.0]
[128.0, 128.0, 856.0, 674.0]
[272.0, 112.0, 1001.0, 659.0]
[128.0, 128.0, 858.0, 676.0]
[240.0, 128.0, 971.0, 676.0]
[64.0, 112.0, 796.0, 661.0]
[192.0, 128.0, 925.0, 678.0]
[224.0, 128.0, 958.0, 678.0]
[144.0, 112.0, 879.0, 663.0]
[64.0, 112.0, 800.0, 664.0]
[96.0, 128.0, 833.0, 681.0]
[160.0, 80.0, 898.0, 634.0]
[224.0, 128.0, 963.0, 682.0]
[256.0, 128.0, 996.0, 683.0]
[48.0, 96.0, 789.0, 652.0]
[96.0, 80.0, 838.0, 636.0]
[112.0, 112.0, 855.0, 669.0]
[96.0, 112.0, 840.0, 670.0]
[48.0, 80.0, 793.0, 639.0]
[112.0, 128.0, 858.0, 688.0]
[160.0, 80.0, 907.0, 640.0]
[144.0, 128.0, 892.0, 689.0]
[160.0, 96.0, 909.0, 658.0]
[240.0, 80.0, 990.0, 642.0]
[64.0, 96.0, 815.0, 659.0]
[176.0, 96.0, 928.0, 660.0]
[48.0, 112.0, 801.0, 677.0]
[160.0, 112.0, 914.0, 678.0]
[176.0, 128.0, 931.0, 694.0]
[240.0, 80.0, 996.0, 647.0]
[256.0, 80.0, 1013.0, 648.0]
[128.0, 96.0, 886.0, 664.0]
[192.0, 80.0, 951.0, 649.0]
[160.0, 64.0, 920.0, 634.0]
[112.0, 64.0, 873.0, 635.0]
[80.0, 128.0, 842.0, 700.0]
[128.0, 128.0, 891.0, 700.0]
[48.0, 112.0, 812.0, 685.0]
[64.0, 80.0, 829.0, 654.0]
[192.0, 64.0, 958.0, 638.0]
[80.0, 64.0, 847.0, 639.0]
[128.0, 48.0, 896.0, 624.0]
[96.0, 96.0, 865.0, 673.0]
[240.0, 80.0, 1010.0, 658.0]
[208.0, 144.0, 979.0, 722.0]
[32.0, 80.0, 804.0, 659.0]
[144.0, 48.0, 917.0, 628.0]
[144.0, 64.0, 918.0, 644.0]
[224.0, 64.0, 999.0, 645.0]
[144.0, 144.0, 920.0, 726.0]
[16.0, 96.0, 793.0, 679.0]
[128.0, 144.0, 906.0, 728.0]
[80.0, 144.0, 859.0, 728.0]
[192.0, 128.0, 972.0, 713.0]
[224.0, 112.0, 1005.0, 698.0]
[48.0, 96.0, 830.0, 682.0]
[48.0, 80.0, 831.0, 667.0]
[96.0, 112.0, 880.0, 700.0]
[48.0, 128.0, 833.0, 717.0]
[96.0, 64.0, 882.0, 654.0]
[192.0, 128.0, 979.0, 718.0]
[208.0, 128.0, 996.0, 719.0]
[192.0, 96.0, 981.0, 688.0]
[192.0, 48.0, 982.0, 640.0]
[80.0, 80.0, 871.0, 673.0]
[160.0, 64.0, 952.0, 658.0]
[192.0, 32.0, 985.0, 627.0]
[160.0, 32.0, 954.0, 628.0]
[80.0, 80.0, 875.0, 676.0]
[48.0, 96.0, 844.0, 693.0]
[208.0, 128.0, 1005.0, 726.0]
[128.0, 48.0, 926.0, 646.0]
[128.0, 32.0, 927.0, 631.0]
[32.0, 112.0, 832.0, 712.0]
[128.0, 32.0, 929.0, 633.0]
[112.0, 96.0, 914.0, 698.0]
[48.0, 32.0, 851.0, 634.0]
[80.0, 112.0, 884.0, 715.0]
[144.0, 80.0, 949.0, 684.0]
[112.0, 144.0, 918.0, 748.0]
[176.0, 144.0, 983.0, 749.0]
[64.0, 64.0, 872.0, 670.0]
[64.0, 112.0, 873.0, 719.0]
[80.0, 80.0, 890.0, 688.0]
[64.0, 112.0, 875.0, 720.0]
[160.0, 16.0, 972.0, 625.0]
[160.0, 128.0, 973.0, 738.0]
[112.0, 48.0, 926.0, 658.0]
[112.0, 64.0, 927.0, 675.0]
[176.0, 112.0, 992.0, 724.0]
[192.0, 112.0, 1009.0, 725.0]
[160.0, 96.0, 978.0, 710.0]
[64.0, 32.0, 883.0, 646.0]
[48.0, 48.0, 868.0, 663.0]
[48.0, 64.0, 869.0, 680.0]
[80.0, 80.0, 902.0, 696.0]
[48.0, 64.0, 871.0, 681.0]
[64.0, 80.0, 888.0, 698.0]
[32.0, 112.0, 857.0, 731.0]
[160.0, 128.0, 986.0, 748.0]
[112.0, 112.0, 939.0, 732.0]
[144.0, 80.0, 972.0, 701.0]
[48.0, 112.0, 877.0, 734.0]
[112.0, 144.0, 942.0, 766.0]
[192.0, 96.0, 1023.0, 719.0]
[112.0, 96.0, 944.0, 720.0]
[112.0, 16.0, 945.0, 641.0]
[0.0, 64.0, 834.0, 690.0]
[48.0, 96.0, 883.0, 722.0]
[32.0, 128.0, 868.0, 755.0]
[96.0, 128.0, 933.0, 756.0]
[96.0, 48.0, 934.0, 676.0]
[0.0, 64.0, 839.0, 693.0]
[96.0, 80.0, 936.0, 710.0]
[176.0, 64.0, 1017.0, 695.0]
[128.0, 16.0, 970.0, 648.0]
[80.0, 64.0, 923.0, 696.0]
[144.0, 64.0, 988.0, 697.0]
[128.0, 112.0, 973.0, 746.0]
[160.0, 64.0, 1006.0, 698.0]
[160.0, 64.0, 1007.0, 699.0]
[48.0, 112.0, 896.0, 748.0]
[32.0, 112.0, 881.0, 749.0]
[112.0, 96.0, 962.0, 734.0]
[32.0, 16.0, 883.0, 654.0]
[144.0, 0.0, 996.0, 639.0]
[48.0, 96.0, 901.0, 736.0]
[96.0, 128.0, 950.0, 768.0]
[112.0, 16.0, 967.0, 657.0]
[64.0, 32.0, 920.0, 674.0]
[144.0, 32.0, 1001.0, 675.0]
[112.0, 96.0, 970.0, 740.0]
[0.0, 80.0, 859.0, 724.0]
[128.0, 16.0, 988.0, 661.0]
[96.0, 32.0, 957.0, 678.0]
[64.0, 48.0, 926.0, 694.0]
[32.0, 0.0, 895.0, 647.0]
[112.0, 96.0, 976.0, 744.0]
[32.0, 48.0, 897.0, 697.0]
[32.0, 80.0, 898.0, 730.0]
[80.0, 96.0, 947.0, 746.0]
[144.0, 112.0, 1012.0, 763.0]
[0.0, 16.0, 869.0, 668.0]
[16.0, 48.0, 886.0, 700.0]
[128.0, 96.0, 999.0, 749.0]
[48.0, 16.0, 920.0, 670.0]
[112.0, 64.0, 985.0, 719.0]
[144.0, 48.0, 1018.0, 704.0]
[32.0, 0.0, 907.0, 656.0]
[96.0, 96.0, 972.0, 753.0]
[64.0, 0.0, 941.0, 658.0]
[32.0, 96.0, 910.0, 754.0]
[64.0, 64.0, 943.0, 723.0]
[112.0, 48.0, 992.0, 708.0]
[48.0, 16.0, 929.0, 677.0]
[96.0, 16.0, 978.0, 678.0]
[112.0, 48.0, 995.0, 710.0]
[16.0, 32.0, 900.0, 695.0]
[48.0, 16.0, 933.0, 680.0]
[48.0, 0.0, 934.0, 664.0]
[16.0, 48.0, 903.0, 713.0]
[112.0, 16.0, 1000.0, 682.0]
[16.0, 80.0, 905.0, 747.0]
[32.0, 96.0, 922.0, 764.0]
[112.0, 96.0, 1003.0, 764.0]
[128.0, 0.0, 1020.0, 669.0]
[128.0, 32.0, 1021.0, 702.0]
[80.0, 80.0, 974.0, 750.0]
[0.0, 80.0, 895.0, 751.0]
[48.0, 80.0, 944.0, 752.0]
[112.0, 64.0, 1009.0, 737.0]
[16.0, 16.0, 914.0, 690.0]
[112.0, 16.0, 1011.0, 690.0]
[48.0, 0.0, 948.0, 675.0]
[64.0, 64.0, 965.0, 740.0]
[64.0, 16.0, 966.0, 692.0]
[112.0, 16.0, 1015.0, 693.0]
[96.0, 48.0, 1000.0, 726.0]
[0.0, 64.0, 905.0, 743.0]
[96.0, 80.0, 1002.0, 760.0]
[16.0, 48.0, 923.0, 728.0]
[0.0, 0.0, 908.0, 681.0]
[80.0, 16.0, 989.0, 698.0]
[32.0, 32.0, 942.0, 714.0]
[16.0, 64.0, 927.0, 747.0]
[32.0, 32.0, 944.0, 716.0]
[96.0, 48.0, 1009.0, 733.0]
[96.0, 64.0, 1010.0, 750.0]
[64.0, 80.0, 979.0, 766.0]
[80.0, 64.0, 996.0, 751.0]
[64.0, 32.0, 981.0, 720.0]
[80.0, 32.0, 998.0, 720.0]
[16.0, 48.0, 935.0, 737.0]
[16.0, 64.0, 936.0, 754.0]
[48.0, 64.0, 969.0, 755.0]
[48.0, 48.0, 970.0, 740.0]
[16.0, 16.0, 939.0, 708.0]
[96.0, 0.0, 1020.0, 693.0]
[16.0, 48.0, 941.0, 742.0]
[64.0, 32.0, 990.0, 726.0]
[48.0, 64.0, 975.0, 759.0]
[16.0, 64.0, 944.0, 760.0]
[32.0, 16.0, 961.0, 713.0]
[80.0, 48.0, 1010.0, 746.0]
[0.0, 16.0, 931.0, 714.0]
[80.0, 64.0, 1012.0, 763.0]
[16.0, 0.0, 949.0, 700.0]
[48.0, 32.0, 982.0, 732.0]
[16.0, 16.0, 951.0, 717.0]
[0.0, 32.0, 936.0, 734.0]
[32.0, 64.0, 969.0, 767.0]
[16.0, 32.0, 954.0, 736.0]
[64.0, 48.0, 1003.0, 752.0]
[0.0, 0.0, 940.0, 705.0]
[16.0, 16.0, 957.0, 722.0]
[48.0, 48.0, 990.0, 754.0]
[64.0, 48.0, 1007.0, 755.0]
[32.0, 0.0, 976.0, 708.0]
[48.0, 16.0, 993.0, 725.0]
[64.0, 32.0, 1010.0, 742.0]
[64.0, 0.0, 1011.0, 710.0]
[16.0, 48.0, 964.0, 759.0]
[0.0, 48.0, 949.0, 760.0]
[32.0, 32.0, 982.0, 744.0]
[48.0, 32.0, 999.0, 745.0]
[32.0, 16.0, 984.0, 730.0]
[16.0, 0.0, 969.0, 715.0]
[16.0, 48.0, 970.0, 764.0]
[64.0, 0.0, 1019.0, 716.0]
[0.0, 16.0, 956.0, 733.0]
[32.0, 16.0, 989.0, 734.0]
[0.0, 48.0, 958.0, 766.0]
[16.0, 32.0, 975.0, 751.0]
[32.0, 32.0, 992.0, 752.0]
[48.0, 16.0, 1009.0, 737.0]
[16.0, 0.0, 978.0, 722.0]
[16.0, 0.0, 979.0, 722.0]
[16.0, 32.0, 980.0, 755.0]
[48.0, 32.0, 1013.0, 756.0]
[0.0, 16.0, 966.0, 740.0]
[16.0, 0.0, 983.0, 725.0]
[16.0, 16.0, 984.0, 742.0]
[48.0, 0.0, 1017.0, 727.0]
[16.0, 32.0, 986.0, 760.0]
[0.0, 0.0, 971.0, 728.0]
[32.0, 16.0, 1004.0, 745.0]
[16.0, 32.0, 989.0, 762.0]
[0.0, 16.0, 974.0, 746.0]
[0.0, 16.0, 975.0, 747.0]
[32.0, 16.0, 1008.0, 748.0]
[16.0, 16.0, 993.0, 749.0]
[0.0, 16.0, 978.0, 750.0]
[16.0, 0.0, 995.0, 734.0]
[0.0, 16.0, 980.0, 751.0]
[0.0, 0.0, 981.0, 736.0]
[16.0, 16.0, 998.0, 752.0]
[0.0, 16.0, 983.0, 753.0]
[32.0, 0.0, 1016.0, 738.0]
[16.0, 16.0, 1001.0, 755.0]
[32.0, 16.0, 1018.0, 756.0]
[32.0, 16.0, 1019.0, 756.0]
[32.0, 0.0, 1020.0, 741.0]
[0.0, 0.0, 989.0, 742.0]
[16.0, 16.0, 1006.0, 758.0]
[32.0, 16.0, 1023.0, 759.0]
[16.0, 0.0, 1008.0, 744.0]
[0.0, 0.0, 993.0, 745.0]
[0.0, 16.0, 994.0, 762.0]
[0.0, 0.0, 995.0, 746.0]
[16.0, 16.0, 1012.0, 763.0]
[16.0, 0.0, 1013.0, 748.0]
[0.0, 0.0, 998.0, 748.0]
[16.0, 0.0, 1015.0, 749.0]
[16.0, 16.0, 1016.0, 766.0]
[16.0, 16.0, 1017.0, 767.0]
[0.0, 0.0, 1002.0, 752.0]
[16.0, 16.0, 1019.0, 768.0]
[16.0, 0.0, 1020.0, 753.0]
[0.0, 0.0, 1005.0, 754.0]
[0.0, 0.0, 1006.0, 754.0]
[16.0, 0.0, 1023.0, 755.0]
[16.0, 0.0, 1024.0, 756.0]
[0.0, 0.0, 1009.0, 757.0]
[0.0, 0.0, 1010.0, 758.0]
[0.0, 0.0, 1011.0, 758.0]
[0.0, 0.0, 1012.0, 759.0]
[0.0, 0.0, 1013.0, 760.0]
[0.0, 0.0, 1014.0, 760.0]
