[96.0, 32.0, 813.0, 570.0]
[128.0, 112.0, 846.0, 650.0]
[80.0, 144.0, 799.0, 683.0]
[112.0, 80.0, 832.0, 620.0]
[80.0, 112.0, 801.0, 653.0]
[112.0, 112.0, 834.0, 654.0]
[16.0, 48.0, 739.0, 590.0]
[96.0, 80.0, 820.0, 623.0]
[96.0, 48.0, 821.0, 592.0]
[0.0, 64.0, 726.0, 608.0]
[0.0, 96.0, 727.0, 641.0]
[128.0, 80.0, 856.0, 626.0]
[128.0, 64.0, 857.0, 611.0]
[160.0, 96.0, 890.0, 644.0]
[64.0, 48.0, 795.0, 596.0]
[160.0, 96.0, 892.0, 645.0]
[64.0, 32.0, 797.0, 582.0]
[80.0, 128.0, 814.0, 678.0]
[160.0, 112.0, 895.0, 663.0]
[96.0, 128.0, 832.0, 680.0]
[96.0, 32.0, 833.0, 585.0]
[144.0, 112.0, 882.0, 666.0]
[96.0, 80.0, 835.0, 634.0]
[80.0, 96.0, 820.0, 651.0]
[112.0, 96.0, 853.0, 652.0]
[112.0, 32.0, 854.0, 588.0]
[48.0, 112.0, 791.0, 669.0]
[80.0, 16.0, 824.0, 574.0]
[128.0, 48.0, 873.0, 607.0]
[96.0, 48.0, 842.0, 608.0]
[80.0, 64.0, 827.0, 624.0]
[112.0, 80.0, 860.0, 641.0]
[80.0, 32.0, 829.0, 594.0]
[96.0, 96.0, 846.0, 658.0]
[96.0, 112.0, 847.0, 675.0]
[32.0, 0.0, 784.0, 564.0]
[48.0, 64.0, 801.0, 629.0]
[64.0, 0.0, 818.0, 566.0]
[32.0, 80.0, 787.0, 646.0]
[144.0, 64.0, 900.0, 631.0]
[64.0, 48.0, 821.0, 616.0]
[80.0, 16.0, 838.0, 584.0]
[80.0, 80.0, 839.0, 649.0]
[96.0, 112.0, 856.0, 682.0]
[144.0, 64.0, 905.0, 635.0]
[0.0, 80.0, 762.0, 652.0]
[0.0, 80.0, 763.0, 652.0]
[112.0, 80.0, 876.0, 653.0]
[0.0, 64.0, 765.0, 638.0]
[16.0, 48.0, 782.0, 622.0]
[128.0, 80.0, 895.0, 655.0]
[32.0, 32.0, 800.0, 608.0]
[0.0, 80.0, 769.0, 657.0]
[144.0, 80.0, 914.0, 658.0]
[112.0, 48.0, 883.0, 626.0]
[112.0, 80.0, 884.0, 659.0]
[112.0, 48.0, 885.0, 628.0]
[80.0, 96.0, 854.0, 676.0]
[112.0, 32.0, 887.0, 613.0]
[16.0, 96.0, 792.0, 678.0]
[16.0, 16.0, 793.0, 599.0]
[80.0, 96.0, 858.0, 680.0]
[32.0, 0.0, 811.0, 584.0]
[48.0, 16.0, 828.0, 601.0]
[48.0, 80.0, 829.0, 666.0]
[48.0, 96.0, 830.0, 682.0]
[0.0, 0.0, 783.0, 587.0]
[48.0, 80.0, 832.0, 668.0]
[16.0, 0.0, 801.0, 589.0]
[96.0, 32.0, 882.0, 622.0]
[32.0, 80.0, 819.0, 670.0]
[96.0, 48.0, 884.0, 639.0]
[144.0, 64.0, 933.0, 656.0]
[16.0, 16.0, 806.0, 608.0]
[32.0, 48.0, 823.0, 641.0]
[112.0, 48.0, 904.0, 642.0]
[112.0, 32.0, 905.0, 627.0]
[64.0, 32.0, 858.0, 628.0]
[96.0, 80.0, 891.0, 676.0]
[96.0, 32.0, 892.0, 629.0]
[16.0, 64.0, 813.0, 662.0]
[96.0, 64.0, 894.0, 662.0]
[96.0, 16.0, 895.0, 615.0]
[64.0, 16.0, 864.0, 616.0]
[32.0, 16.0, 833.0, 617.0]
[96.0, 64.0, 898.0, 666.0]
[80.0, 32.0, 883.0, 634.0]
[0.0, 0.0, 804.0, 603.0]
[80.0, 16.0, 885.0, 620.0]
[64.0, 48.0, 870.0, 652.0]
[32.0, 64.0, 839.0, 669.0]
[96.0, 32.0, 904.0, 638.0]
[16.0, 0.0, 825.0, 607.0]
[16.0, 32.0, 826.0, 640.0]
[112.0, 48.0, 923.0, 656.0]
[64.0, 32.0, 876.0, 641.0]
[0.0, 32.0, 813.0, 642.0]
[128.0, 48.0, 942.0, 658.0]
[32.0, 16.0, 847.0, 627.0]
[32.0, 48.0, 848.0, 660.0]
[0.0, 16.0, 817.0, 629.0]
[0.0, 16.0, 818.0, 630.0]
[32.0, 32.0, 851.0, 646.0]
[128.0, 64.0, 948.0, 679.0]
[96.0, 16.0, 917.0, 632.0]
[48.0, 0.0, 870.0, 616.0]
[96.0, 32.0, 919.0, 649.0]
[80.0, 48.0, 904.0, 666.0]
[64.0, 48.0, 889.0, 667.0]
[16.0, 48.0, 842.0, 668.0]
[0.0, 32.0, 827.0, 652.0]
[32.0, 0.0, 860.0, 621.0]
[80.0, 16.0, 909.0, 638.0]
[16.0, 0.0, 846.0, 622.0]
[112.0, 48.0, 943.0, 671.0]
[16.0, 32.0, 848.0, 656.0]
[0.0, 16.0, 833.0, 641.0]
[48.0, 16.0, 882.0, 642.0]
[0.0, 32.0, 835.0, 658.0]
[0.0, 16.0, 836.0, 643.0]
[48.0, 16.0, 885.0, 644.0]
[16.0, 16.0, 854.0, 644.0]
[32.0, 0.0, 871.0, 629.0]
[32.0, 16.0, 872.0, 646.0]
[32.0, 16.0, 873.0, 647.0]
[32.0, 32.0, 874.0, 664.0]
[16.0, 0.0, 859.0, 632.0]
[80.0, 32.0, 924.0, 665.0]
[80.0, 0.0, 925.0, 634.0]
[80.0, 0.0, 926.0, 634.0]
[32.0, 16.0, 879.0, 651.0]
[0.0, 32.0, 848.0, 668.0]
[48.0, 16.0, 897.0, 653.0]
[80.0, 32.0, 930.0, 670.0]
[32.0, 32.0, 883.0, 670.0]
[0.0, 16.0, 852.0, 655.0]
[0.0, 0.0, 853.0, 640.0]
[64.0, 16.0, 918.0, 656.0]
[16.0, 16.0, 871.0, 657.0]
[32.0, 32.0, 888.0, 674.0]
[80.0, 0.0, 937.0, 643.0]
[0.0, 32.0, 858.0, 676.0]
[32.0, 32.0, 891.0, 676.0]
[64.0, 0.0, 924.0, 645.0]
[80.0, 32.0, 941.0, 678.0]
[64.0, 32.0, 926.0, 678.0]
[48.0, 32.0, 911.0, 679.0]
[80.0, 32.0, 944.0, 680.0]
[64.0, 32.0, 929.0, 681.0]
[64.0, 32.0, 930.0, 682.0]
[32.0, 0.0, 899.0, 650.0]
[16.0, 16.0, 884.0, 667.0]
[80.0, 0.0, 949.0, 652.0]
[0.0, 0.0, 870.0, 652.0]
[32.0, 16.0, 903.0, 669.0]
[48.0, 0.0, 920.0, 654.0]
[48.0, 16.0, 921.0, 671.0]
[48.0, 0.0, 922.0, 656.0]
[32.0, 0.0, 907.0, 656.0]
[64.0, 16.0, 940.0, 673.0]
[32.0, 16.0, 909.0, 674.0]
[32.0, 0.0, 910.0, 658.0]
[48.0, 16.0, 927.0, 675.0]
[32.0, 16.0, 912.0, 676.0]
[16.0, 16.0, 897.0, 677.0]
[32.0, 0.0, 914.0, 662.0]
[16.0, 0.0, 899.0, 662.0]
[16.0, 0.0, 900.0, 663.0]
[48.0, 16.0, 933.0, 680.0]
[16.0, 0.0, 902.0, 664.0]
[64.0, 0.0, 951.0, 665.0]
[48.0, 0.0, 936.0, 666.0]
[48.0, 16.0, 937.0, 683.0]
[0.0, 0.0, 890.0, 668.0]
[0.0, 0.0, 891.0, 668.0]
[32.0, 0.0, 924.0, 669.0]
[48.0, 0.0, 941.0, 670.0]
[32.0, 0.0, 926.0, 670.0]
[48.0, 0.0, 943.0, 671.0]
[48.0, 0.0, 944.0, 672.0]
[32.0, 0.0, 929.0, 673.0]
[0.0, 0.0, 898.0, 674.0]
[16.0, 0.0, 915.0, 674.0]
[0.0, 0.0, 900.0, 675.0]
[48.0, 0.0, 949.0, 676.0]
[48.0, 0.0, 950.0, 676.0]
[48.0, 0.0, 951.0, 677.0]
[16.0, 0.0, 920.0, 678.0]
[48.0, 0.0, 953.0, 679.0]
[48.0, 0.0, 954.0, 680.0]
[32.0, 0.0, 939.0, 680.0]
[48.0, 0.0, 956.0, 681.0]
[32.0, 0.0, 941.0, 682.0]
[16.0, 0.0, 926.0, 682.0]
[16.0, 0.0, 927.0, 683.0]
