[208.0, 48.0, 925.0, 586.0]
[208.0, 48.0, 926.0, 586.0]
[160.0, 48.0, 879.0, 587.0]
[64.0, 32.0, 784.0, 572.0]
[64.0, 16.0, 785.0, 557.0]
[256.0, 64.0, 978.0, 606.0]
[208.0, 48.0, 931.0, 590.0]
[176.0, 64.0, 900.0, 607.0]
[192.0, 64.0, 917.0, 608.0]
[240.0, 32.0, 966.0, 576.0]
[192.0, 32.0, 919.0, 577.0]
[64.0, 48.0, 792.0, 594.0]
[240.0, 16.0, 969.0, 563.0]
[192.0, 48.0, 922.0, 596.0]
[160.0, 64.0, 891.0, 612.0]
[80.0, 16.0, 812.0, 565.0]
[16.0, 32.0, 749.0, 582.0]
[224.0, 32.0, 958.0, 582.0]
[112.0, 32.0, 847.0, 583.0]
[224.0, 64.0, 960.0, 616.0]
[240.0, 32.0, 977.0, 585.0]
[208.0, 32.0, 946.0, 586.0]
[32.0, 16.0, 771.0, 570.0]
[64.0, 16.0, 804.0, 571.0]
[112.0, 64.0, 853.0, 620.0]
[80.0, 32.0, 822.0, 588.0]
[80.0, 0.0, 823.0, 557.0]
[240.0, 16.0, 984.0, 574.0]
[272.0, 32.0, 1017.0, 591.0]
[112.0, 0.0, 858.0, 560.0]
[48.0, 16.0, 795.0, 576.0]
[80.0, 64.0, 828.0, 625.0]
[64.0, 0.0, 813.0, 562.0]
[64.0, 48.0, 814.0, 610.0]
[16.0, 16.0, 767.0, 579.0]
[80.0, 48.0, 832.0, 612.0]
[128.0, 16.0, 881.0, 581.0]
[208.0, 48.0, 962.0, 614.0]
[240.0, 16.0, 995.0, 582.0]
[112.0, 48.0, 868.0, 615.0]
[240.0, 32.0, 997.0, 600.0]
[240.0, 32.0, 998.0, 600.0]
[32.0, 48.0, 791.0, 617.0]
[176.0, 48.0, 936.0, 618.0]
[64.0, 48.0, 825.0, 619.0]
[240.0, 48.0, 1002.0, 620.0]
[0.0, 32.0, 763.0, 604.0]
[80.0, 64.0, 844.0, 637.0]
[96.0, 48.0, 861.0, 622.0]
[48.0, 0.0, 814.0, 574.0]
[176.0, 48.0, 943.0, 623.0]
[128.0, 0.0, 896.0, 576.0]
[64.0, 64.0, 833.0, 641.0]
[128.0, 0.0, 898.0, 578.0]
[32.0, 0.0, 803.0, 578.0]
[160.0, 32.0, 932.0, 611.0]
[192.0, 32.0, 965.0, 612.0]
[160.0, 16.0, 934.0, 596.0]
[240.0, 48.0, 1015.0, 629.0]
[128.0, 64.0, 904.0, 646.0]
[160.0, 48.0, 937.0, 631.0]
[64.0, 16.0, 842.0, 600.0]
[160.0, 48.0, 939.0, 632.0]
[208.0, 0.0, 988.0, 585.0]
[96.0, 64.0, 877.0, 650.0]
[112.0, 0.0, 894.0, 586.0]
[128.0, 0.0, 911.0, 587.0]
[160.0, 0.0, 944.0, 588.0]
[112.0, 32.0, 897.0, 621.0]
[144.0, 32.0, 930.0, 622.0]
[192.0, 64.0, 979.0, 654.0]
[224.0, 0.0, 1012.0, 591.0]
[192.0, 64.0, 981.0, 656.0]
[192.0, 32.0, 982.0, 624.0]
[32.0, 32.0, 823.0, 625.0]
[80.0, 64.0, 872.0, 658.0]
[224.0, 0.0, 1017.0, 595.0]
[144.0, 48.0, 938.0, 644.0]
[224.0, 16.0, 1019.0, 612.0]
[80.0, 64.0, 876.0, 661.0]
[192.0, 32.0, 989.0, 630.0]
[208.0, 32.0, 1006.0, 630.0]
[176.0, 16.0, 975.0, 615.0]
[32.0, 0.0, 832.0, 600.0]
[160.0, 32.0, 961.0, 633.0]
[64.0, 32.0, 866.0, 634.0]
[96.0, 48.0, 899.0, 650.0]
[48.0, 48.0, 852.0, 651.0]
[80.0, 16.0, 885.0, 620.0]
[128.0, 0.0, 934.0, 604.0]
[96.0, 48.0, 903.0, 653.0]
[80.0, 32.0, 888.0, 638.0]
[32.0, 48.0, 841.0, 655.0]
[96.0, 32.0, 906.0, 640.0]
[0.0, 16.0, 811.0, 624.0]
[48.0, 0.0, 860.0, 609.0]
[0.0, 0.0, 813.0, 610.0]
[160.0, 64.0, 974.0, 674.0]
[128.0, 64.0, 943.0, 675.0]
[80.0, 32.0, 896.0, 644.0]
[112.0, 32.0, 929.0, 645.0]
[64.0, 16.0, 882.0, 630.0]
[176.0, 64.0, 995.0, 678.0]
[48.0, 0.0, 868.0, 615.0]
[48.0, 64.0, 869.0, 680.0]
[0.0, 32.0, 822.0, 648.0]
[48.0, 16.0, 871.0, 633.0]
[64.0, 48.0, 888.0, 666.0]
[176.0, 16.0, 1001.0, 635.0]
[16.0, 16.0, 842.0, 636.0]
[144.0, 16.0, 971.0, 636.0]
[96.0, 16.0, 924.0, 637.0]
[192.0, 48.0, 1021.0, 670.0]
[112.0, 32.0, 942.0, 654.0]
[112.0, 48.0, 943.0, 671.0]
[160.0, 48.0, 992.0, 672.0]
[16.0, 0.0, 849.0, 625.0]
[80.0, 0.0, 914.0, 626.0]
[176.0, 48.0, 1011.0, 674.0]
[16.0, 48.0, 852.0, 675.0]
[0.0, 48.0, 837.0, 676.0]
[144.0, 48.0, 982.0, 676.0]
[80.0, 16.0, 919.0, 645.0]
[16.0, 16.0, 856.0, 646.0]
[96.0, 32.0, 937.0, 663.0]
[144.0, 48.0, 986.0, 680.0]
[112.0, 48.0, 955.0, 680.0]
[144.0, 16.0, 988.0, 649.0]
[0.0, 0.0, 845.0, 634.0]
[48.0, 16.0, 894.0, 650.0]
[96.0, 0.0, 943.0, 635.0]
[48.0, 32.0, 896.0, 668.0]
[48.0, 16.0, 897.0, 653.0]
[32.0, 0.0, 882.0, 638.0]
[0.0, 16.0, 851.0, 654.0]
[160.0, 16.0, 1012.0, 655.0]
[128.0, 16.0, 981.0, 656.0]
[112.0, 16.0, 966.0, 656.0]
[160.0, 32.0, 1015.0, 673.0]
[96.0, 16.0, 952.0, 658.0]
[80.0, 0.0, 937.0, 643.0]
[128.0, 16.0, 986.0, 660.0]
[48.0, 0.0, 907.0, 644.0]
[112.0, 32.0, 972.0, 677.0]
[144.0, 16.0, 1005.0, 662.0]
[16.0, 32.0, 878.0, 678.0]
[160.0, 32.0, 1023.0, 679.0]
[112.0, 32.0, 976.0, 680.0]
[48.0, 0.0, 913.0, 649.0]
[112.0, 16.0, 978.0, 666.0]
[48.0, 0.0, 915.0, 650.0]
[64.0, 32.0, 932.0, 683.0]
[96.0, 16.0, 965.0, 668.0]
[48.0, 16.0, 918.0, 668.0]
[112.0, 0.0, 983.0, 653.0]
[128.0, 16.0, 1000.0, 670.0]
[96.0, 0.0, 969.0, 655.0]
[80.0, 16.0, 954.0, 672.0]
[128.0, 0.0, 1003.0, 656.0]
[64.0, 0.0, 940.0, 657.0]
[112.0, 0.0, 989.0, 658.0]
[96.0, 0.0, 974.0, 658.0]
[128.0, 0.0, 1007.0, 659.0]
[144.0, 0.0, 1024.0, 660.0]
[112.0, 16.0, 993.0, 677.0]
[96.0, 16.0, 978.0, 678.0]
[80.0, 16.0, 963.0, 678.0]
[112.0, 0.0, 996.0, 663.0]
[80.0, 0.0, 965.0, 664.0]
[48.0, 0.0, 934.0, 664.0]
[64.0, 0.0, 951.0, 665.0]
[0.0, 16.0, 888.0, 682.0]
[32.0, 0.0, 921.0, 667.0]
[0.0, 0.0, 890.0, 668.0]
[0.0, 0.0, 891.0, 668.0]
[128.0, 0.0, 1020.0, 669.0]
[64.0, 0.0, 957.0, 670.0]
[32.0, 0.0, 926.0, 670.0]
[64.0, 0.0, 959.0, 671.0]
[112.0, 0.0, 1008.0, 672.0]
[32.0, 0.0, 929.0, 673.0]
[80.0, 0.0, 978.0, 674.0]
[112.0, 0.0, 1011.0, 674.0]
[96.0, 0.0, 996.0, 675.0]
[0.0, 0.0, 901.0, 676.0]
[112.0, 0.0, 1014.0, 676.0]
[64.0, 0.0, 967.0, 677.0]
[64.0, 0.0, 968.0, 678.0]
[48.0, 0.0, 953.0, 679.0]
[32.0, 0.0, 938.0, 680.0]
[16.0, 0.0, 923.0, 680.0]
[96.0, 0.0, 1004.0, 681.0]
[48.0, 0.0, 957.0, 682.0]
[0.0, 0.0, 910.0, 682.0]
[112.0, 0.0, 1023.0, 683.0]
