[208.0, 32.0, 925.0, 570.0]
[256.0, 64.0, 974.0, 602.0]
[192.0, 64.0, 911.0, 603.0]
[304.0, 16.0, 1024.0, 556.0]
[208.0, 0.0, 929.0, 541.0]
[208.0, 48.0, 930.0, 590.0]
[96.0, 16.0, 819.0, 558.0]
[288.0, 16.0, 1012.0, 559.0]
[112.0, 48.0, 837.0, 592.0]
[144.0, 32.0, 870.0, 576.0]
[256.0, 64.0, 983.0, 609.0]
[208.0, 32.0, 936.0, 578.0]
[288.0, 32.0, 1017.0, 579.0]
[192.0, 0.0, 922.0, 548.0]
[144.0, 32.0, 875.0, 580.0]
[144.0, 0.0, 876.0, 549.0]
[224.0, 0.0, 957.0, 550.0]
[112.0, 0.0, 846.0, 550.0]
[272.0, 32.0, 1007.0, 583.0]
[208.0, 0.0, 944.0, 552.0]
[192.0, 48.0, 929.0, 601.0]
[208.0, 64.0, 946.0, 618.0]
[240.0, 0.0, 979.0, 554.0]
[80.0, 16.0, 820.0, 571.0]
[272.0, 0.0, 1013.0, 556.0]
[208.0, 0.0, 950.0, 556.0]
[96.0, 0.0, 839.0, 557.0]
[272.0, 16.0, 1016.0, 574.0]
[224.0, 32.0, 969.0, 591.0]
[112.0, 32.0, 858.0, 592.0]
[240.0, 32.0, 987.0, 592.0]
[96.0, 0.0, 844.0, 561.0]
[96.0, 32.0, 845.0, 594.0]
[96.0, 32.0, 846.0, 594.0]
[128.0, 64.0, 879.0, 627.0]
[240.0, 16.0, 992.0, 580.0]
[160.0, 32.0, 913.0, 597.0]
[224.0, 48.0, 978.0, 614.0]
[192.0, 32.0, 947.0, 598.0]
[112.0, 48.0, 868.0, 615.0]
[160.0, 64.0, 917.0, 632.0]
[96.0, 32.0, 854.0, 600.0]
[224.0, 16.0, 983.0, 585.0]
[144.0, 16.0, 904.0, 586.0]
[176.0, 48.0, 937.0, 619.0]
[176.0, 32.0, 938.0, 604.0]
[144.0, 32.0, 907.0, 604.0]
[192.0, 32.0, 956.0, 605.0]
[192.0, 64.0, 957.0, 638.0]
[128.0, 64.0, 894.0, 638.0]
[160.0, 48.0, 927.0, 623.0]
[192.0, 64.0, 960.0, 640.0]
[80.0, 0.0, 849.0, 577.0]
[160.0, 48.0, 930.0, 626.0]
[128.0, 0.0, 899.0, 578.0]
[112.0, 0.0, 884.0, 579.0]
[144.0, 48.0, 917.0, 628.0]
[96.0, 0.0, 870.0, 580.0]
[112.0, 32.0, 887.0, 613.0]
[192.0, 64.0, 968.0, 646.0]
[224.0, 32.0, 1001.0, 615.0]
[160.0, 0.0, 938.0, 584.0]
[112.0, 48.0, 891.0, 632.0]
[208.0, 16.0, 988.0, 601.0]
[112.0, 16.0, 893.0, 602.0]
[128.0, 16.0, 910.0, 602.0]
[144.0, 32.0, 927.0, 619.0]
[208.0, 32.0, 992.0, 620.0]
[176.0, 64.0, 961.0, 653.0]
[112.0, 32.0, 898.0, 622.0]
[176.0, 48.0, 963.0, 638.0]
[96.0, 16.0, 884.0, 607.0]
[208.0, 16.0, 997.0, 608.0]
[144.0, 32.0, 934.0, 624.0]
[192.0, 32.0, 983.0, 625.0]
[160.0, 0.0, 952.0, 594.0]
[176.0, 64.0, 969.0, 659.0]
[112.0, 32.0, 906.0, 628.0]
[144.0, 64.0, 939.0, 660.0]
[160.0, 64.0, 956.0, 661.0]
[128.0, 48.0, 925.0, 646.0]
[144.0, 64.0, 942.0, 662.0]
[160.0, 32.0, 959.0, 631.0]
[160.0, 16.0, 960.0, 616.0]
[112.0, 16.0, 913.0, 617.0]
[160.0, 48.0, 962.0, 650.0]
[112.0, 0.0, 915.0, 602.0]
[144.0, 48.0, 948.0, 651.0]
[208.0, 32.0, 1013.0, 636.0]
[128.0, 0.0, 934.0, 604.0]
[144.0, 16.0, 951.0, 621.0]
[128.0, 64.0, 936.0, 670.0]
[192.0, 16.0, 1001.0, 623.0]
[192.0, 48.0, 1002.0, 656.0]
[112.0, 0.0, 923.0, 608.0]
[160.0, 48.0, 972.0, 657.0]
[80.0, 0.0, 893.0, 610.0]
[144.0, 16.0, 958.0, 626.0]
[144.0, 64.0, 959.0, 675.0]
[192.0, 16.0, 1008.0, 628.0]
[144.0, 48.0, 961.0, 661.0]
[112.0, 16.0, 930.0, 630.0]
[128.0, 16.0, 947.0, 630.0]
[96.0, 16.0, 916.0, 631.0]
[144.0, 0.0, 965.0, 616.0]
[96.0, 0.0, 918.0, 616.0]
[96.0, 32.0, 919.0, 649.0]
[176.0, 0.0, 1000.0, 618.0]
[112.0, 32.0, 937.0, 651.0]
[160.0, 16.0, 986.0, 636.0]
[160.0, 0.0, 987.0, 620.0]
[144.0, 32.0, 972.0, 653.0]
[80.0, 0.0, 909.0, 622.0]
[144.0, 0.0, 974.0, 622.0]
[192.0, 0.0, 1023.0, 623.0]
[80.0, 16.0, 912.0, 640.0]
[160.0, 48.0, 993.0, 673.0]
[112.0, 32.0, 946.0, 658.0]
[96.0, 0.0, 931.0, 626.0]
[80.0, 0.0, 916.0, 627.0]
[128.0, 32.0, 965.0, 660.0]
[128.0, 32.0, 966.0, 660.0]
[96.0, 32.0, 935.0, 661.0]
[96.0, 16.0, 936.0, 646.0]
[96.0, 0.0, 937.0, 631.0]
[80.0, 16.0, 922.0, 648.0]
[176.0, 16.0, 1019.0, 648.0]
[96.0, 16.0, 940.0, 649.0]
[96.0, 32.0, 941.0, 666.0]
[176.0, 32.0, 1022.0, 666.0]
[96.0, 32.0, 943.0, 667.0]
[128.0, 32.0, 976.0, 668.0]
[144.0, 16.0, 993.0, 653.0]
[128.0, 32.0, 978.0, 670.0]
[144.0, 0.0, 995.0, 638.0]
[80.0, 16.0, 932.0, 655.0]
[80.0, 32.0, 933.0, 672.0]
[144.0, 0.0, 998.0, 640.0]
[112.0, 32.0, 967.0, 673.0]
[96.0, 0.0, 952.0, 642.0]
[96.0, 0.0, 953.0, 643.0]
[80.0, 0.0, 938.0, 644.0]
[144.0, 0.0, 1003.0, 644.0]
[128.0, 16.0, 988.0, 661.0]
[112.0, 16.0, 973.0, 662.0]
[80.0, 32.0, 942.0, 678.0]
[144.0, 16.0, 1007.0, 663.0]
[144.0, 0.0, 1008.0, 648.0]
[96.0, 16.0, 961.0, 665.0]
[112.0, 16.0, 978.0, 666.0]
[128.0, 16.0, 995.0, 666.0]
[144.0, 16.0, 1012.0, 667.0]
[112.0, 16.0, 981.0, 668.0]
[96.0, 16.0, 966.0, 668.0]
[128.0, 0.0, 999.0, 653.0]
[128.0, 16.0, 1000.0, 670.0]
[144.0, 0.0, 1017.0, 655.0]
[96.0, 16.0, 970.0, 672.0]
[96.0, 16.0, 971.0, 672.0]
[128.0, 16.0, 1004.0, 673.0]
[96.0, 0.0, 973.0, 658.0]
[128.0, 16.0, 1006.0, 674.0]
[80.0, 0.0, 959.0, 659.0]
[144.0, 16.0, 1024.0, 676.0]
[80.0, 0.0, 961.0, 661.0]
[80.0, 16.0, 962.0, 678.0]
[80.0, 0.0, 963.0, 662.0]
[96.0, 0.0, 980.0, 663.0]
[80.0, 0.0, 965.0, 664.0]
[112.0, 16.0, 998.0, 680.0]
[80.0, 16.0, 967.0, 681.0]
[112.0, 0.0, 1000.0, 666.0]
[128.0, 0.0, 1017.0, 667.0]
[80.0, 0.0, 970.0, 668.0]
[96.0, 0.0, 987.0, 668.0]
[96.0, 0.0, 988.0, 669.0]
[96.0, 0.0, 989.0, 670.0]
[112.0, 0.0, 1006.0, 670.0]
[80.0, 0.0, 975.0, 671.0]
[128.0, 0.0, 1024.0, 672.0]
[96.0, 0.0, 993.0, 673.0]
[80.0, 0.0, 978.0, 674.0]
[80.0, 0.0, 979.0, 674.0]
[96.0, 0.0, 996.0, 675.0]
[96.0, 0.0, 997.0, 676.0]
[80.0, 0.0, 982.0, 676.0]
[96.0, 0.0, 999.0, 677.0]
[112.0, 0.0, 1016.0, 678.0]
[96.0, 0.0, 1001.0, 679.0]
[96.0, 0.0, 1002.0, 680.0]
[112.0, 0.0, 1019.0, 680.0]
[112.0, 0.0, 1020.0, 681.0]
