[32.0, 128.0, 749.0, 666.0]
[128.0, 112.0, 846.0, 650.0]
[16.0, 64.0, 735.0, 603.0]
[64.0, 128.0, 784.0, 668.0]
[64.0, 80.0, 785.0, 621.0]
[16.0, 96.0, 738.0, 638.0]
[32.0, 64.0, 755.0, 606.0]
[0.0, 96.0, 724.0, 639.0]
[16.0, 48.0, 741.0, 592.0]
[96.0, 128.0, 822.0, 672.0]
[112.0, 128.0, 839.0, 673.0]
[0.0, 80.0, 728.0, 626.0]
[64.0, 80.0, 793.0, 627.0]
[0.0, 96.0, 730.0, 644.0]
[64.0, 112.0, 795.0, 660.0]
[32.0, 112.0, 764.0, 661.0]
[80.0, 96.0, 813.0, 646.0]
[48.0, 112.0, 782.0, 662.0]
[64.0, 128.0, 799.0, 679.0]
[112.0, 128.0, 848.0, 680.0]
[64.0, 96.0, 801.0, 649.0]
[64.0, 128.0, 802.0, 682.0]
[0.0, 48.0, 739.0, 602.0]
[16.0, 64.0, 756.0, 619.0]
[112.0, 112.0, 853.0, 668.0]
[16.0, 64.0, 758.0, 620.0]
[48.0, 96.0, 791.0, 653.0]
[96.0, 112.0, 840.0, 670.0]
[48.0, 64.0, 793.0, 623.0]
[32.0, 80.0, 778.0, 640.0]
[32.0, 96.0, 779.0, 656.0]
[16.0, 64.0, 764.0, 625.0]
[48.0, 112.0, 797.0, 674.0]
[64.0, 96.0, 814.0, 658.0]
[16.0, 112.0, 767.0, 675.0]
[0.0, 48.0, 752.0, 612.0]
[0.0, 80.0, 753.0, 645.0]
[16.0, 96.0, 770.0, 662.0]
[64.0, 64.0, 819.0, 630.0]
[64.0, 112.0, 820.0, 679.0]
[16.0, 64.0, 773.0, 632.0]
[80.0, 80.0, 838.0, 648.0]
[32.0, 112.0, 791.0, 681.0]
[16.0, 80.0, 776.0, 650.0]
[0.0, 48.0, 761.0, 619.0]
[32.0, 96.0, 794.0, 668.0]
[64.0, 96.0, 827.0, 668.0]
[16.0, 48.0, 780.0, 621.0]
[32.0, 96.0, 797.0, 670.0]
[64.0, 64.0, 830.0, 638.0]
[32.0, 80.0, 799.0, 655.0]
[16.0, 96.0, 784.0, 672.0]
[32.0, 80.0, 801.0, 657.0]
[16.0, 48.0, 786.0, 626.0]
[0.0, 48.0, 771.0, 626.0]
[80.0, 96.0, 852.0, 675.0]
[48.0, 96.0, 821.0, 676.0]
[64.0, 96.0, 838.0, 676.0]
[32.0, 80.0, 807.0, 661.0]
[0.0, 64.0, 776.0, 646.0]
[32.0, 48.0, 809.0, 631.0]
[16.0, 48.0, 794.0, 632.0]
[16.0, 48.0, 795.0, 632.0]
[32.0, 80.0, 812.0, 665.0]
[64.0, 96.0, 845.0, 682.0]
[0.0, 80.0, 782.0, 666.0]
[32.0, 80.0, 815.0, 667.0]
[64.0, 80.0, 848.0, 668.0]
[0.0, 48.0, 785.0, 637.0]
[48.0, 48.0, 834.0, 638.0]
[0.0, 48.0, 787.0, 638.0]
[0.0, 64.0, 788.0, 655.0]
[0.0, 48.0, 789.0, 640.0]
[16.0, 64.0, 806.0, 656.0]
[16.0, 80.0, 807.0, 673.0]
[32.0, 80.0, 824.0, 674.0]
[48.0, 80.0, 841.0, 675.0]
[32.0, 48.0, 826.0, 644.0]
[48.0, 48.0, 843.0, 644.0]
[0.0, 48.0, 796.0, 645.0]
[16.0, 80.0, 813.0, 678.0]
[48.0, 64.0, 846.0, 662.0]
[48.0, 48.0, 847.0, 647.0]
[48.0, 64.0, 848.0, 664.0]
[16.0, 48.0, 817.0, 649.0]
[48.0, 64.0, 850.0, 666.0]
[0.0, 80.0, 803.0, 682.0]
[32.0, 48.0, 836.0, 651.0]
[32.0, 64.0, 837.0, 668.0]
[48.0, 48.0, 854.0, 652.0]
[16.0, 64.0, 823.0, 669.0]
[0.0, 64.0, 808.0, 670.0]
[32.0, 64.0, 841.0, 671.0]
[0.0, 48.0, 810.0, 656.0]
[0.0, 64.0, 811.0, 672.0]
[0.0, 64.0, 812.0, 673.0]
[0.0, 48.0, 813.0, 658.0]
[0.0, 64.0, 814.0, 674.0]
[0.0, 64.0, 815.0, 675.0]
