[80.0, 64.0, 797.0, 602.0]
[64.0, 64.0, 782.0, 602.0]
[192.0, 64.0, 911.0, 603.0]
[128.0, 64.0, 848.0, 604.0]
[160.0, 32.0, 881.0, 573.0]
[208.0, 96.0, 930.0, 638.0]
[128.0, 80.0, 851.0, 622.0]
[80.0, 64.0, 804.0, 607.0]
[48.0, 64.0, 773.0, 608.0]
[112.0, 48.0, 838.0, 592.0]
[32.0, 48.0, 759.0, 593.0]
[144.0, 48.0, 872.0, 594.0]
[128.0, 80.0, 857.0, 627.0]
[160.0, 48.0, 890.0, 596.0]
[144.0, 80.0, 875.0, 628.0]
[16.0, 64.0, 748.0, 613.0]
[64.0, 16.0, 797.0, 566.0]
[192.0, 80.0, 926.0, 630.0]
[64.0, 112.0, 799.0, 663.0]
[32.0, 16.0, 768.0, 568.0]
[176.0, 32.0, 913.0, 585.0]
[176.0, 32.0, 914.0, 586.0]
[160.0, 64.0, 899.0, 618.0]
[64.0, 48.0, 804.0, 603.0]
[32.0, 32.0, 773.0, 588.0]
[96.0, 96.0, 838.0, 652.0]
[176.0, 48.0, 919.0, 605.0]
[32.0, 16.0, 776.0, 574.0]
[96.0, 64.0, 841.0, 623.0]
[16.0, 80.0, 762.0, 640.0]
[128.0, 48.0, 875.0, 608.0]
[144.0, 80.0, 892.0, 641.0]
[144.0, 16.0, 893.0, 578.0]
[48.0, 0.0, 798.0, 562.0]
[192.0, 64.0, 943.0, 627.0]
[32.0, 48.0, 784.0, 612.0]
[96.0, 112.0, 849.0, 677.0]
[0.0, 48.0, 754.0, 614.0]
[96.0, 16.0, 851.0, 582.0]
[32.0, 112.0, 788.0, 679.0]
[160.0, 64.0, 917.0, 632.0]
[176.0, 16.0, 934.0, 584.0]
[176.0, 32.0, 935.0, 601.0]
[96.0, 0.0, 856.0, 570.0]
[96.0, 80.0, 857.0, 651.0]
[176.0, 16.0, 938.0, 588.0]
[32.0, 64.0, 795.0, 636.0]
[128.0, 64.0, 892.0, 637.0]
[128.0, 16.0, 893.0, 590.0]
[128.0, 96.0, 894.0, 670.0]
[160.0, 64.0, 927.0, 639.0]
[128.0, 64.0, 896.0, 640.0]
[64.0, 80.0, 833.0, 657.0]
[176.0, 32.0, 946.0, 610.0]
[144.0, 96.0, 915.0, 674.0]
[96.0, 0.0, 868.0, 579.0]
[144.0, 48.0, 917.0, 628.0]
[0.0, 64.0, 774.0, 644.0]
[96.0, 96.0, 871.0, 677.0]
[48.0, 0.0, 824.0, 582.0]
[96.0, 16.0, 873.0, 599.0]
[32.0, 64.0, 810.0, 648.0]
[48.0, 64.0, 827.0, 648.0]
[176.0, 16.0, 956.0, 601.0]
[96.0, 0.0, 877.0, 586.0]
[176.0, 48.0, 958.0, 634.0]
[48.0, 96.0, 831.0, 683.0]
[80.0, 32.0, 864.0, 620.0]
[128.0, 48.0, 913.0, 637.0]
[128.0, 48.0, 914.0, 638.0]
[160.0, 64.0, 947.0, 654.0]
[112.0, 32.0, 900.0, 623.0]
[112.0, 64.0, 901.0, 656.0]
[64.0, 80.0, 854.0, 672.0]
[96.0, 0.0, 887.0, 593.0]
[64.0, 16.0, 856.0, 610.0]
[80.0, 64.0, 873.0, 659.0]
[32.0, 16.0, 826.0, 612.0]
[160.0, 16.0, 955.0, 612.0]
[0.0, 64.0, 796.0, 661.0]
[96.0, 0.0, 893.0, 598.0]
[96.0, 64.0, 894.0, 662.0]
[144.0, 16.0, 943.0, 615.0]
[112.0, 32.0, 912.0, 632.0]
[112.0, 80.0, 913.0, 681.0]
[48.0, 0.0, 850.0, 602.0]
[128.0, 80.0, 931.0, 682.0]
[64.0, 64.0, 868.0, 667.0]
[96.0, 16.0, 901.0, 620.0]
[128.0, 48.0, 934.0, 652.0]
[80.0, 48.0, 887.0, 653.0]
[0.0, 48.0, 808.0, 654.0]
[32.0, 32.0, 841.0, 639.0]
[112.0, 0.0, 922.0, 608.0]
[48.0, 64.0, 859.0, 672.0]
[80.0, 0.0, 892.0, 609.0]
[64.0, 64.0, 877.0, 674.0]
[112.0, 32.0, 926.0, 642.0]
[128.0, 16.0, 943.0, 627.0]
[48.0, 48.0, 864.0, 660.0]
[64.0, 0.0, 881.0, 613.0]
[16.0, 48.0, 834.0, 662.0]
[48.0, 0.0, 867.0, 614.0]
[64.0, 32.0, 884.0, 647.0]
[32.0, 32.0, 853.0, 648.0]
[80.0, 32.0, 902.0, 648.0]
[80.0, 48.0, 903.0, 665.0]
[96.0, 48.0, 920.0, 666.0]
[112.0, 32.0, 937.0, 651.0]
[16.0, 32.0, 842.0, 652.0]
[96.0, 32.0, 923.0, 652.0]
[128.0, 32.0, 956.0, 653.0]
[128.0, 32.0, 957.0, 654.0]
[128.0, 0.0, 958.0, 622.0]
[96.0, 32.0, 927.0, 655.0]
[16.0, 32.0, 848.0, 656.0]
[32.0, 16.0, 865.0, 641.0]
[112.0, 16.0, 946.0, 642.0]
[112.0, 16.0, 947.0, 642.0]
[16.0, 0.0, 852.0, 627.0]
[80.0, 48.0, 917.0, 676.0]
[64.0, 0.0, 902.0, 628.0]
[16.0, 16.0, 855.0, 645.0]
[96.0, 32.0, 936.0, 662.0]
[48.0, 32.0, 889.0, 663.0]
[112.0, 0.0, 954.0, 632.0]
[16.0, 48.0, 859.0, 680.0]
[80.0, 0.0, 924.0, 633.0]
[32.0, 16.0, 877.0, 650.0]
[48.0, 0.0, 894.0, 634.0]
[48.0, 48.0, 895.0, 683.0]
[96.0, 16.0, 944.0, 652.0]
[96.0, 16.0, 945.0, 653.0]
[32.0, 16.0, 882.0, 654.0]
[48.0, 0.0, 899.0, 638.0]
[0.0, 0.0, 852.0, 639.0]
[32.0, 16.0, 885.0, 656.0]
[16.0, 32.0, 870.0, 672.0]
[16.0, 16.0, 871.0, 657.0]
[80.0, 0.0, 936.0, 642.0]
[32.0, 32.0, 889.0, 675.0]
[16.0, 16.0, 874.0, 660.0]
[96.0, 32.0, 955.0, 676.0]
[16.0, 32.0, 876.0, 677.0]
[80.0, 32.0, 941.0, 678.0]
[96.0, 16.0, 958.0, 662.0]
[16.0, 0.0, 879.0, 647.0]
[32.0, 16.0, 896.0, 664.0]
[48.0, 16.0, 913.0, 665.0]
[64.0, 0.0, 930.0, 650.0]
[16.0, 16.0, 883.0, 666.0]
[80.0, 16.0, 948.0, 667.0]
[80.0, 16.0, 949.0, 668.0]
[16.0, 16.0, 886.0, 668.0]
[48.0, 0.0, 919.0, 653.0]
[16.0, 16.0, 888.0, 670.0]
[0.0, 16.0, 873.0, 671.0]
[32.0, 16.0, 906.0, 672.0]
[16.0, 0.0, 891.0, 656.0]
[0.0, 16.0, 876.0, 673.0]
[80.0, 16.0, 957.0, 674.0]
[32.0, 16.0, 910.0, 674.0]
[48.0, 0.0, 927.0, 659.0]
[32.0, 16.0, 912.0, 676.0]
[16.0, 16.0, 897.0, 677.0]
[0.0, 16.0, 882.0, 678.0]
[64.0, 0.0, 947.0, 662.0]
[64.0, 0.0, 948.0, 663.0]
[32.0, 16.0, 917.0, 680.0]
[0.0, 0.0, 886.0, 664.0]
[64.0, 0.0, 951.0, 665.0]
[32.0, 0.0, 920.0, 666.0]
[16.0, 0.0, 905.0, 667.0]
[32.0, 0.0, 922.0, 668.0]
[0.0, 0.0, 891.0, 668.0]
[16.0, 0.0, 908.0, 669.0]
[48.0, 0.0, 941.0, 670.0]
[32.0, 0.0, 926.0, 670.0]
[32.0, 0.0, 927.0, 671.0]
[0.0, 0.0, 896.0, 672.0]
[32.0, 0.0, 929.0, 673.0]
[0.0, 0.0, 898.0, 674.0]
[0.0, 0.0, 899.0, 674.0]
[32.0, 0.0, 932.0, 675.0]
[0.0, 0.0, 901.0, 676.0]
[0.0, 0.0, 902.0, 676.0]
[16.0, 0.0, 919.0, 677.0]
[32.0, 0.0, 936.0, 678.0]
[16.0, 0.0, 921.0, 679.0]
[48.0, 0.0, 954.0, 680.0]
[32.0, 0.0, 939.0, 680.0]
[32.0, 0.0, 940.0, 681.0]
[0.0, 0.0, 909.0, 682.0]
[0.0, 0.0, 910.0, 682.0]
[16.0, 0.0, 927.0, 683.0]
