[112.0, 16.0, 829.0, 554.0]
[112.0, 0.0, 830.0, 538.0]
[192.0, 32.0, 911.0, 571.0]
[32.0, 32.0, 752.0, 572.0]
[16.0, 0.0, 737.0, 541.0]
[64.0, 64.0, 786.0, 606.0]
[48.0, 32.0, 771.0, 574.0]
[96.0, 48.0, 820.0, 591.0]
[160.0, 64.0, 885.0, 608.0]
[32.0, 16.0, 758.0, 560.0]
[176.0, 32.0, 903.0, 577.0]
[160.0, 0.0, 888.0, 546.0]
[80.0, 32.0, 809.0, 579.0]
[176.0, 32.0, 906.0, 580.0]
[96.0, 32.0, 827.0, 580.0]
[48.0, 48.0, 780.0, 597.0]
[160.0, 64.0, 893.0, 614.0]
[128.0, 48.0, 862.0, 598.0]
[64.0, 48.0, 799.0, 599.0]
[96.0, 16.0, 832.0, 568.0]
[112.0, 0.0, 849.0, 553.0]
[160.0, 48.0, 898.0, 602.0]
[96.0, 48.0, 835.0, 602.0]
[48.0, 0.0, 788.0, 555.0]
[208.0, 32.0, 949.0, 588.0]
[144.0, 32.0, 886.0, 588.0]
[208.0, 32.0, 951.0, 589.0]
[80.0, 32.0, 824.0, 590.0]
[160.0, 64.0, 905.0, 623.0]
[80.0, 0.0, 826.0, 560.0]
[144.0, 32.0, 891.0, 592.0]
[16.0, 48.0, 764.0, 609.0]
[48.0, 32.0, 797.0, 594.0]
[112.0, 64.0, 862.0, 626.0]
[144.0, 16.0, 895.0, 579.0]
[144.0, 32.0, 896.0, 596.0]
[96.0, 0.0, 849.0, 565.0]
[112.0, 0.0, 866.0, 566.0]
[96.0, 32.0, 851.0, 598.0]
[80.0, 32.0, 836.0, 599.0]
[0.0, 32.0, 757.0, 600.0]
[64.0, 64.0, 822.0, 632.0]
[144.0, 16.0, 903.0, 585.0]
[80.0, 0.0, 840.0, 570.0]
[192.0, 0.0, 953.0, 571.0]
[160.0, 48.0, 922.0, 620.0]
[128.0, 64.0, 891.0, 636.0]
[128.0, 64.0, 892.0, 637.0]
[96.0, 0.0, 861.0, 574.0]
[96.0, 32.0, 862.0, 606.0]
[96.0, 16.0, 863.0, 591.0]
[128.0, 0.0, 896.0, 576.0]
[112.0, 16.0, 881.0, 593.0]
[144.0, 16.0, 914.0, 594.0]
[112.0, 64.0, 883.0, 642.0]
[160.0, 16.0, 932.0, 595.0]
[112.0, 48.0, 885.0, 628.0]
[112.0, 64.0, 886.0, 644.0]
[112.0, 32.0, 887.0, 613.0]
[176.0, 32.0, 952.0, 614.0]
[128.0, 0.0, 905.0, 583.0]
[112.0, 64.0, 890.0, 648.0]
[112.0, 16.0, 891.0, 600.0]
[64.0, 0.0, 844.0, 585.0]
[144.0, 16.0, 925.0, 602.0]
[176.0, 0.0, 958.0, 586.0]
[128.0, 32.0, 911.0, 619.0]
[48.0, 16.0, 832.0, 604.0]
[112.0, 32.0, 897.0, 621.0]
[16.0, 0.0, 802.0, 590.0]
[144.0, 48.0, 931.0, 638.0]
[64.0, 64.0, 852.0, 655.0]
[32.0, 0.0, 821.0, 592.0]
[128.0, 16.0, 918.0, 608.0]
[112.0, 32.0, 903.0, 625.0]
[80.0, 48.0, 872.0, 642.0]
[128.0, 16.0, 921.0, 611.0]
[16.0, 32.0, 810.0, 628.0]
[32.0, 16.0, 827.0, 612.0]
[144.0, 32.0, 940.0, 629.0]
[32.0, 0.0, 829.0, 598.0]
[96.0, 64.0, 894.0, 662.0]
[80.0, 32.0, 879.0, 631.0]
[32.0, 16.0, 832.0, 616.0]
[96.0, 32.0, 897.0, 633.0]
[16.0, 48.0, 818.0, 650.0]
[64.0, 64.0, 867.0, 666.0]
[48.0, 0.0, 852.0, 603.0]
[128.0, 32.0, 933.0, 636.0]
[144.0, 16.0, 950.0, 620.0]
[64.0, 16.0, 871.0, 621.0]
[16.0, 16.0, 824.0, 622.0]
[96.0, 32.0, 905.0, 639.0]
[112.0, 32.0, 922.0, 640.0]
[16.0, 0.0, 827.0, 608.0]
[96.0, 0.0, 908.0, 609.0]
[0.0, 0.0, 813.0, 610.0]
[64.0, 48.0, 878.0, 658.0]
[32.0, 48.0, 847.0, 659.0]
[0.0, 16.0, 816.0, 628.0]
[64.0, 64.0, 881.0, 677.0]
[16.0, 32.0, 834.0, 646.0]
[64.0, 32.0, 883.0, 646.0]
[32.0, 0.0, 852.0, 615.0]
[0.0, 16.0, 821.0, 632.0]
[64.0, 32.0, 886.0, 648.0]
[48.0, 16.0, 871.0, 633.0]
[32.0, 16.0, 856.0, 634.0]
[0.0, 0.0, 825.0, 619.0]
[32.0, 0.0, 858.0, 620.0]
[32.0, 48.0, 859.0, 668.0]
[48.0, 32.0, 876.0, 653.0]
[32.0, 16.0, 861.0, 638.0]
[0.0, 16.0, 830.0, 638.0]
[48.0, 48.0, 879.0, 671.0]
[48.0, 0.0, 880.0, 624.0]
[64.0, 0.0, 897.0, 625.0]
[96.0, 48.0, 930.0, 674.0]
[96.0, 32.0, 931.0, 658.0]
[64.0, 48.0, 900.0, 675.0]
[32.0, 32.0, 869.0, 660.0]
[64.0, 0.0, 902.0, 628.0]
[48.0, 48.0, 887.0, 677.0]
[64.0, 0.0, 904.0, 630.0]
[96.0, 32.0, 937.0, 663.0]
[48.0, 32.0, 890.0, 664.0]
[0.0, 0.0, 843.0, 632.0]
[0.0, 32.0, 844.0, 665.0]
[16.0, 32.0, 861.0, 666.0]
[64.0, 0.0, 910.0, 634.0]
[96.0, 32.0, 943.0, 667.0]
[96.0, 16.0, 944.0, 652.0]
[48.0, 16.0, 897.0, 653.0]
[32.0, 32.0, 882.0, 670.0]
[64.0, 0.0, 915.0, 638.0]
[0.0, 16.0, 852.0, 655.0]
[16.0, 16.0, 869.0, 656.0]
[80.0, 16.0, 934.0, 656.0]
[0.0, 32.0, 855.0, 673.0]
[0.0, 0.0, 856.0, 642.0]
[96.0, 16.0, 953.0, 659.0]
[0.0, 16.0, 858.0, 660.0]
[80.0, 0.0, 939.0, 644.0]
[0.0, 16.0, 860.0, 661.0]
[80.0, 32.0, 941.0, 678.0]
[64.0, 0.0, 926.0, 646.0]
[96.0, 16.0, 959.0, 663.0]
[16.0, 32.0, 880.0, 680.0]
[32.0, 16.0, 897.0, 665.0]
[48.0, 16.0, 914.0, 666.0]
[16.0, 16.0, 883.0, 666.0]
[64.0, 0.0, 932.0, 651.0]
[64.0, 0.0, 933.0, 652.0]
[0.0, 0.0, 870.0, 652.0]
[64.0, 16.0, 935.0, 669.0]
[48.0, 16.0, 920.0, 670.0]
[0.0, 16.0, 873.0, 671.0]
[0.0, 0.0, 874.0, 656.0]
[48.0, 0.0, 923.0, 656.0]
[16.0, 16.0, 892.0, 673.0]
[0.0, 0.0, 877.0, 658.0]
[64.0, 16.0, 942.0, 674.0]
[0.0, 16.0, 879.0, 675.0]
[48.0, 0.0, 928.0, 660.0]
[0.0, 16.0, 881.0, 677.0]
[32.0, 0.0, 914.0, 662.0]
[64.0, 0.0, 947.0, 662.0]
[32.0, 16.0, 916.0, 679.0]
[48.0, 16.0, 933.0, 680.0]
[64.0, 16.0, 950.0, 680.0]
[48.0, 0.0, 935.0, 665.0]
[64.0, 0.0, 952.0, 666.0]
[16.0, 16.0, 905.0, 683.0]
[64.0, 0.0, 954.0, 668.0]
[64.0, 0.0, 955.0, 668.0]
[64.0, 0.0, 956.0, 669.0]
[0.0, 0.0, 893.0, 670.0]
[0.0, 0.0, 894.0, 670.0]
[48.0, 0.0, 943.0, 671.0]
[32.0, 0.0, 928.0, 672.0]
[16.0, 0.0, 913.0, 673.0]
[0.0, 0.0, 898.0, 674.0]
[32.0, 0.0, 931.0, 674.0]
[32.0, 0.0, 932.0, 675.0]
[0.0, 0.0, 901.0, 676.0]
[48.0, 0.0, 950.0, 676.0]
[32.0, 0.0, 935.0, 677.0]
[32.0, 0.0, 936.0, 678.0]
[0.0, 0.0, 905.0, 679.0]
[48.0, 0.0, 954.0, 680.0]
[48.0, 0.0, 955.0, 680.0]
[48.0, 0.0, 956.0, 681.0]
[32.0, 0.0, 941.0, 682.0]
[32.0, 0.0, 942.0, 682.0]
[0.0, 0.0, 911.0, 683.0]
[16.0, 0.0, 928.0, 684.0]
