[224.0, 80.0, 965.0, 636.0]
[160.0, 96.0, 902.0, 652.0]
[176.0, 48.0, 919.0, 605.0]
[64.0, 48.0, 808.0, 606.0]
[208.0, 96.0, 953.0, 655.0]
[144.0, 96.0, 890.0, 656.0]
[224.0, 48.0, 971.0, 608.0]
[160.0, 32.0, 908.0, 593.0]
[192.0, 80.0, 941.0, 642.0]
[144.0, 64.0, 894.0, 626.0]
[176.0, 80.0, 927.0, 643.0]
[48.0, 96.0, 800.0, 660.0]
[128.0, 96.0, 881.0, 661.0]
[112.0, 48.0, 866.0, 614.0]
[32.0, 32.0, 787.0, 598.0]
[160.0, 48.0, 916.0, 615.0]
[208.0, 80.0, 965.0, 648.0]
[64.0, 96.0, 822.0, 664.0]
[128.0, 16.0, 887.0, 585.0]
[176.0, 16.0, 936.0, 586.0]
[240.0, 80.0, 1001.0, 651.0]
[48.0, 32.0, 810.0, 604.0]
[144.0, 64.0, 907.0, 636.0]
[192.0, 48.0, 956.0, 621.0]
[192.0, 16.0, 957.0, 590.0]
[160.0, 96.0, 926.0, 670.0]
[96.0, 80.0, 863.0, 655.0]
[128.0, 96.0, 896.0, 672.0]
[112.0, 48.0, 881.0, 625.0]
[64.0, 96.0, 834.0, 674.0]
[112.0, 16.0, 883.0, 594.0]
[240.0, 64.0, 1012.0, 643.0]
[176.0, 32.0, 949.0, 612.0]
[96.0, 64.0, 870.0, 644.0]
[192.0, 0.0, 967.0, 581.0]
[128.0, 80.0, 904.0, 662.0]
[160.0, 96.0, 937.0, 679.0]
[112.0, 80.0, 890.0, 664.0]
[192.0, 48.0, 971.0, 632.0]
[128.0, 64.0, 908.0, 649.0]
[64.0, 48.0, 845.0, 634.0]
[48.0, 0.0, 830.0, 586.0]
[80.0, 48.0, 863.0, 635.0]
[112.0, 16.0, 896.0, 604.0]
[224.0, 64.0, 1009.0, 653.0]
[208.0, 32.0, 994.0, 622.0]
[208.0, 80.0, 995.0, 670.0]
[208.0, 48.0, 996.0, 639.0]
[48.0, 16.0, 837.0, 608.0]
[208.0, 80.0, 998.0, 672.0]
[96.0, 64.0, 887.0, 657.0]
[48.0, 16.0, 840.0, 610.0]
[0.0, 48.0, 793.0, 643.0]
[192.0, 32.0, 986.0, 628.0]
[96.0, 48.0, 891.0, 644.0]
[32.0, 64.0, 828.0, 661.0]
[192.0, 16.0, 989.0, 614.0]
[144.0, 48.0, 942.0, 646.0]
[32.0, 80.0, 831.0, 679.0]
[112.0, 48.0, 912.0, 648.0]
[16.0, 80.0, 817.0, 681.0]
[176.0, 32.0, 978.0, 634.0]
[64.0, 32.0, 867.0, 634.0]
[176.0, 0.0, 980.0, 603.0]
[80.0, 64.0, 885.0, 668.0]
[96.0, 48.0, 902.0, 652.0]
[128.0, 0.0, 935.0, 605.0]
[128.0, 16.0, 936.0, 622.0]
[112.0, 32.0, 921.0, 639.0]
[176.0, 64.0, 986.0, 672.0]
[16.0, 32.0, 827.0, 640.0]
[80.0, 64.0, 892.0, 673.0]
[64.0, 48.0, 877.0, 658.0]
[64.0, 32.0, 878.0, 642.0]
[80.0, 16.0, 895.0, 627.0]
[16.0, 48.0, 832.0, 660.0]
[128.0, 32.0, 945.0, 645.0]
[16.0, 16.0, 834.0, 630.0]
[96.0, 16.0, 915.0, 630.0]
[48.0, 0.0, 868.0, 615.0]
[48.0, 32.0, 869.0, 648.0]
[80.0, 48.0, 902.0, 664.0]
[48.0, 0.0, 871.0, 617.0]
[16.0, 32.0, 840.0, 650.0]
[64.0, 48.0, 889.0, 667.0]
[96.0, 48.0, 922.0, 668.0]
[0.0, 32.0, 827.0, 652.0]
[96.0, 48.0, 924.0, 669.0]
[112.0, 0.0, 941.0, 622.0]
[176.0, 16.0, 1006.0, 638.0]
[128.0, 16.0, 959.0, 639.0]
[0.0, 48.0, 832.0, 672.0]
[112.0, 16.0, 945.0, 641.0]
[160.0, 16.0, 994.0, 642.0]
[80.0, 48.0, 915.0, 674.0]
[64.0, 16.0, 900.0, 643.0]
[96.0, 0.0, 933.0, 628.0]
[96.0, 32.0, 934.0, 660.0]
[176.0, 48.0, 1015.0, 677.0]
[96.0, 48.0, 936.0, 678.0]
[160.0, 0.0, 1001.0, 631.0]
[144.0, 16.0, 986.0, 648.0]
[160.0, 48.0, 1003.0, 680.0]
[112.0, 48.0, 956.0, 681.0]
[80.0, 32.0, 925.0, 666.0]
[64.0, 16.0, 910.0, 650.0]
[80.0, 32.0, 927.0, 667.0]
[144.0, 16.0, 992.0, 652.0]
[144.0, 0.0, 993.0, 637.0]
[128.0, 0.0, 978.0, 638.0]
[80.0, 16.0, 931.0, 654.0]
[128.0, 16.0, 980.0, 655.0]
[80.0, 0.0, 933.0, 640.0]
[16.0, 32.0, 870.0, 672.0]
[160.0, 32.0, 1015.0, 673.0]
[128.0, 0.0, 984.0, 642.0]
[112.0, 32.0, 969.0, 675.0]
[32.0, 32.0, 890.0, 676.0]
[16.0, 0.0, 875.0, 644.0]
[144.0, 32.0, 1004.0, 677.0]
[16.0, 16.0, 877.0, 662.0]
[160.0, 0.0, 1022.0, 646.0]
[160.0, 32.0, 1023.0, 679.0]
[96.0, 16.0, 960.0, 664.0]
[0.0, 16.0, 865.0, 665.0]
[32.0, 0.0, 898.0, 650.0]
[80.0, 16.0, 947.0, 666.0]
[32.0, 0.0, 900.0, 651.0]
[32.0, 0.0, 901.0, 652.0]
[96.0, 16.0, 966.0, 668.0]
[128.0, 16.0, 999.0, 669.0]
[32.0, 16.0, 904.0, 670.0]
[112.0, 16.0, 985.0, 671.0]
[0.0, 0.0, 874.0, 656.0]
[96.0, 16.0, 971.0, 672.0]
[112.0, 16.0, 988.0, 673.0]
[16.0, 16.0, 893.0, 674.0]
[112.0, 16.0, 990.0, 674.0]
[112.0, 0.0, 991.0, 659.0]
[64.0, 0.0, 944.0, 660.0]
[32.0, 0.0, 913.0, 661.0]
[112.0, 16.0, 994.0, 678.0]
[96.0, 0.0, 979.0, 662.0]
[32.0, 16.0, 916.0, 679.0]
[96.0, 16.0, 981.0, 680.0]
[96.0, 16.0, 982.0, 680.0]
[16.0, 16.0, 903.0, 681.0]
[64.0, 16.0, 952.0, 682.0]
[0.0, 0.0, 889.0, 667.0]
[48.0, 0.0, 938.0, 668.0]
[112.0, 0.0, 1003.0, 668.0]
[128.0, 0.0, 1020.0, 669.0]
[32.0, 0.0, 925.0, 670.0]
[32.0, 0.0, 926.0, 670.0]
[16.0, 0.0, 911.0, 671.0]
[64.0, 0.0, 960.0, 672.0]
[16.0, 0.0, 913.0, 673.0]
[0.0, 0.0, 898.0, 674.0]
[80.0, 0.0, 979.0, 674.0]
[48.0, 0.0, 948.0, 675.0]
[96.0, 0.0, 997.0, 676.0]
[96.0, 0.0, 998.0, 676.0]
[112.0, 0.0, 1015.0, 677.0]
[0.0, 0.0, 904.0, 678.0]
[0.0, 0.0, 905.0, 679.0]
[16.0, 0.0, 922.0, 680.0]
[32.0, 0.0, 939.0, 680.0]
[96.0, 0.0, 1004.0, 681.0]
[112.0, 0.0, 1021.0, 682.0]
[80.0, 0.0, 990.0, 682.0]
[80.0, 0.0, 991.0, 683.0]
