[96.0, 16.0, 813.0, 554.0]
[272.0, 32.0, 990.0, 570.0]
[80.0, 32.0, 799.0, 571.0]
[160.0, 32.0, 880.0, 572.0]
[144.0, 0.0, 865.0, 541.0]
[48.0, 0.0, 770.0, 542.0]
[80.0, 16.0, 803.0, 558.0]
[144.0, 16.0, 868.0, 559.0]
[160.0, 32.0, 885.0, 576.0]
[208.0, 32.0, 934.0, 576.0]
[48.0, 0.0, 775.0, 545.0]
[64.0, 0.0, 792.0, 546.0]
[80.0, 32.0, 809.0, 579.0]
[256.0, 32.0, 986.0, 580.0]
[208.0, 16.0, 939.0, 564.0]
[96.0, 0.0, 828.0, 549.0]
[48.0, 0.0, 781.0, 550.0]
[208.0, 0.0, 942.0, 550.0]
[208.0, 32.0, 943.0, 583.0]
[160.0, 32.0, 896.0, 584.0]
[208.0, 32.0, 945.0, 585.0]
[112.0, 16.0, 850.0, 570.0]
[64.0, 32.0, 803.0, 586.0]
[224.0, 16.0, 964.0, 571.0]
[96.0, 16.0, 837.0, 572.0]
[144.0, 0.0, 886.0, 556.0]
[192.0, 32.0, 935.0, 589.0]
[80.0, 32.0, 824.0, 590.0]
[48.0, 16.0, 793.0, 575.0]
[192.0, 32.0, 938.0, 592.0]
[96.0, 32.0, 843.0, 592.0]
[256.0, 16.0, 1004.0, 577.0]
[160.0, 0.0, 909.0, 562.0]
[240.0, 16.0, 990.0, 578.0]
[208.0, 0.0, 959.0, 563.0]
[128.0, 16.0, 880.0, 580.0]
[80.0, 0.0, 833.0, 565.0]
[64.0, 0.0, 818.0, 566.0]
[64.0, 32.0, 819.0, 598.0]
[144.0, 0.0, 900.0, 567.0]
[128.0, 32.0, 885.0, 600.0]
[192.0, 32.0, 950.0, 600.0]
[96.0, 32.0, 855.0, 601.0]
[64.0, 32.0, 824.0, 602.0]
[160.0, 0.0, 921.0, 571.0]
[64.0, 0.0, 826.0, 572.0]
[176.0, 32.0, 939.0, 604.0]
[176.0, 16.0, 940.0, 589.0]
[224.0, 16.0, 989.0, 590.0]
[32.0, 16.0, 798.0, 590.0]
[208.0, 16.0, 975.0, 591.0]
[48.0, 16.0, 816.0, 592.0]
[64.0, 16.0, 833.0, 593.0]
[48.0, 32.0, 818.0, 610.0]
[208.0, 0.0, 979.0, 578.0]
[224.0, 0.0, 996.0, 579.0]
[96.0, 0.0, 869.0, 580.0]
[160.0, 0.0, 934.0, 580.0]
[208.0, 0.0, 983.0, 581.0]
[208.0, 16.0, 984.0, 598.0]
[144.0, 16.0, 921.0, 599.0]
[160.0, 32.0, 938.0, 616.0]
[48.0, 32.0, 827.0, 616.0]
[144.0, 16.0, 924.0, 601.0]
[96.0, 32.0, 877.0, 618.0]
[176.0, 32.0, 958.0, 618.0]
[32.0, 0.0, 815.0, 587.0]
[224.0, 16.0, 1008.0, 604.0]
[64.0, 32.0, 849.0, 621.0]
[48.0, 32.0, 834.0, 622.0]
[192.0, 32.0, 979.0, 622.0]
[192.0, 32.0, 980.0, 623.0]
[96.0, 32.0, 885.0, 624.0]
[48.0, 32.0, 838.0, 624.0]
[32.0, 0.0, 823.0, 593.0]
[176.0, 16.0, 968.0, 610.0]
[32.0, 0.0, 825.0, 595.0]
[176.0, 0.0, 970.0, 596.0]
[112.0, 32.0, 907.0, 628.0]
[32.0, 0.0, 828.0, 597.0]
[176.0, 16.0, 973.0, 614.0]
[160.0, 32.0, 958.0, 630.0]
[112.0, 32.0, 911.0, 631.0]
[176.0, 0.0, 976.0, 600.0]
[176.0, 32.0, 977.0, 633.0]
[192.0, 0.0, 994.0, 602.0]
[32.0, 0.0, 835.0, 602.0]
[176.0, 0.0, 980.0, 603.0]
[64.0, 0.0, 869.0, 604.0]
[128.0, 32.0, 934.0, 636.0]
[128.0, 16.0, 935.0, 621.0]
[112.0, 0.0, 920.0, 606.0]
[176.0, 16.0, 985.0, 623.0]
[160.0, 16.0, 970.0, 624.0]
[128.0, 16.0, 939.0, 624.0]
[176.0, 32.0, 988.0, 641.0]
[160.0, 16.0, 973.0, 626.0]
[160.0, 16.0, 974.0, 626.0]
[96.0, 16.0, 911.0, 627.0]
[80.0, 16.0, 896.0, 628.0]
[128.0, 32.0, 945.0, 645.0]
[176.0, 32.0, 994.0, 646.0]
[144.0, 16.0, 963.0, 630.0]
[48.0, 0.0, 868.0, 615.0]
[96.0, 0.0, 917.0, 616.0]
[128.0, 16.0, 950.0, 632.0]
[64.0, 32.0, 887.0, 649.0]
[96.0, 0.0, 920.0, 618.0]
[160.0, 16.0, 985.0, 635.0]
[160.0, 32.0, 986.0, 652.0]
[96.0, 0.0, 923.0, 620.0]
[128.0, 0.0, 956.0, 621.0]
[96.0, 32.0, 925.0, 654.0]
[48.0, 32.0, 878.0, 654.0]
[160.0, 32.0, 991.0, 655.0]
[64.0, 16.0, 896.0, 640.0]
[144.0, 0.0, 977.0, 625.0]
[96.0, 16.0, 930.0, 642.0]
[112.0, 32.0, 947.0, 658.0]
[144.0, 16.0, 980.0, 643.0]
[96.0, 0.0, 933.0, 628.0]
[112.0, 16.0, 950.0, 644.0]
[160.0, 16.0, 999.0, 645.0]
[160.0, 16.0, 1000.0, 646.0]
[96.0, 0.0, 937.0, 631.0]
[96.0, 32.0, 938.0, 664.0]
[64.0, 0.0, 907.0, 632.0]
[16.0, 16.0, 860.0, 649.0]
[16.0, 0.0, 861.0, 634.0]
[32.0, 0.0, 878.0, 634.0]
[96.0, 16.0, 943.0, 651.0]
[144.0, 0.0, 992.0, 636.0]
[16.0, 0.0, 865.0, 637.0]
[112.0, 16.0, 962.0, 654.0]
[112.0, 32.0, 963.0, 670.0]
[64.0, 32.0, 916.0, 671.0]
[128.0, 32.0, 981.0, 672.0]
[96.0, 0.0, 950.0, 640.0]
[128.0, 32.0, 983.0, 673.0]
[48.0, 16.0, 904.0, 658.0]
[144.0, 32.0, 1001.0, 675.0]
[144.0, 0.0, 1002.0, 644.0]
[144.0, 16.0, 1003.0, 660.0]
[80.0, 16.0, 940.0, 661.0]
[48.0, 32.0, 909.0, 678.0]
[48.0, 0.0, 910.0, 646.0]
[128.0, 32.0, 991.0, 679.0]
[128.0, 32.0, 992.0, 680.0]
[16.0, 0.0, 881.0, 649.0]
[64.0, 0.0, 930.0, 650.0]
[96.0, 0.0, 963.0, 650.0]
[16.0, 16.0, 884.0, 667.0]
[32.0, 16.0, 901.0, 668.0]
[16.0, 0.0, 886.0, 652.0]
[64.0, 16.0, 935.0, 669.0]
[80.0, 16.0, 952.0, 670.0]
[32.0, 16.0, 905.0, 671.0]
[80.0, 0.0, 954.0, 656.0]
[32.0, 0.0, 907.0, 656.0]
[64.0, 0.0, 940.0, 657.0]
[80.0, 16.0, 957.0, 674.0]
[48.0, 16.0, 926.0, 674.0]
[112.0, 0.0, 991.0, 659.0]
[48.0, 16.0, 928.0, 676.0]
[80.0, 16.0, 961.0, 677.0]
[64.0, 0.0, 946.0, 662.0]
[112.0, 0.0, 995.0, 662.0]
[96.0, 0.0, 980.0, 663.0]
[80.0, 16.0, 965.0, 680.0]
[64.0, 0.0, 950.0, 664.0]
[80.0, 0.0, 967.0, 665.0]
[64.0, 16.0, 952.0, 682.0]
[80.0, 0.0, 969.0, 667.0]
[80.0, 0.0, 970.0, 668.0]
[32.0, 0.0, 923.0, 668.0]
[48.0, 0.0, 940.0, 669.0]
[64.0, 0.0, 957.0, 670.0]
[96.0, 0.0, 990.0, 670.0]
[64.0, 0.0, 959.0, 671.0]
[32.0, 0.0, 928.0, 672.0]
[96.0, 0.0, 993.0, 673.0]
[64.0, 0.0, 962.0, 674.0]
[96.0, 0.0, 995.0, 674.0]
[64.0, 0.0, 964.0, 675.0]
[48.0, 0.0, 949.0, 676.0]
[80.0, 0.0, 982.0, 676.0]
[96.0, 0.0, 999.0, 677.0]
[96.0, 0.0, 1000.0, 678.0]
[80.0, 0.0, 985.0, 679.0]
[32.0, 0.0, 938.0, 680.0]
[80.0, 0.0, 987.0, 680.0]
[96.0, 0.0, 1004.0, 681.0]
[32.0, 0.0, 941.0, 682.0]
[32.0, 0.0, 942.0, 682.0]
