[224.0, 96.0, 941.0, 634.0]
[176.0, 80.0, 894.0, 618.0]
[144.0, 80.0, 863.0, 619.0]
[96.0, 96.0, 816.0, 636.0]
[96.0, 80.0, 817.0, 621.0]
[256.0, 112.0, 978.0, 654.0]
[96.0, 112.0, 819.0, 654.0]
[176.0, 80.0, 900.0, 623.0]
[48.0, 96.0, 773.0, 640.0]
[112.0, 96.0, 838.0, 640.0]
[64.0, 80.0, 791.0, 625.0]
[48.0, 80.0, 776.0, 626.0]
[160.0, 80.0, 889.0, 627.0]
[128.0, 96.0, 858.0, 644.0]
[176.0, 128.0, 907.0, 676.0]
[64.0, 64.0, 796.0, 613.0]
[32.0, 80.0, 765.0, 630.0]
[96.0, 96.0, 830.0, 646.0]
[240.0, 80.0, 975.0, 631.0]
[272.0, 80.0, 1008.0, 632.0]
[128.0, 96.0, 865.0, 649.0]
[48.0, 128.0, 786.0, 682.0]
[96.0, 128.0, 835.0, 682.0]
[96.0, 112.0, 836.0, 667.0]
[96.0, 80.0, 837.0, 636.0]
[48.0, 112.0, 790.0, 668.0]
[192.0, 112.0, 935.0, 669.0]
[272.0, 80.0, 1016.0, 638.0]
[112.0, 96.0, 857.0, 655.0]
[96.0, 64.0, 842.0, 624.0]
[144.0, 80.0, 891.0, 640.0]
[176.0, 96.0, 924.0, 657.0]
[80.0, 96.0, 829.0, 658.0]
[224.0, 64.0, 974.0, 626.0]
[64.0, 64.0, 815.0, 627.0]
[48.0, 112.0, 800.0, 676.0]
[240.0, 96.0, 993.0, 661.0]
[112.0, 96.0, 866.0, 662.0]
[16.0, 96.0, 771.0, 662.0]
[64.0, 48.0, 820.0, 615.0]
[176.0, 112.0, 933.0, 680.0]
[160.0, 112.0, 918.0, 680.0]
[192.0, 96.0, 951.0, 665.0]
[48.0, 112.0, 808.0, 682.0]
[176.0, 48.0, 937.0, 619.0]
[32.0, 64.0, 794.0, 636.0]
[32.0, 64.0, 795.0, 636.0]
[32.0, 48.0, 796.0, 621.0]
[256.0, 80.0, 1021.0, 654.0]
[48.0, 96.0, 814.0, 670.0]
[160.0, 96.0, 927.0, 671.0]
[64.0, 80.0, 832.0, 656.0]
[144.0, 96.0, 913.0, 673.0]
[96.0, 48.0, 866.0, 626.0]
[64.0, 80.0, 835.0, 658.0]
[48.0, 48.0, 820.0, 627.0]
[128.0, 48.0, 901.0, 628.0]
[128.0, 96.0, 902.0, 676.0]
[144.0, 32.0, 919.0, 613.0]
[240.0, 80.0, 1016.0, 662.0]
[192.0, 64.0, 969.0, 647.0]
[224.0, 64.0, 1002.0, 648.0]
[80.0, 48.0, 859.0, 632.0]
[176.0, 32.0, 956.0, 617.0]
[176.0, 64.0, 957.0, 650.0]
[192.0, 48.0, 974.0, 634.0]
[144.0, 96.0, 927.0, 683.0]
[192.0, 32.0, 976.0, 620.0]
[160.0, 64.0, 945.0, 653.0]
[208.0, 48.0, 994.0, 638.0]
[144.0, 32.0, 931.0, 622.0]
[0.0, 64.0, 788.0, 655.0]
[128.0, 48.0, 917.0, 640.0]
[224.0, 64.0, 1014.0, 656.0]
[208.0, 80.0, 999.0, 673.0]
[64.0, 48.0, 856.0, 642.0]
[96.0, 16.0, 889.0, 611.0]
[160.0, 80.0, 954.0, 676.0]
[144.0, 32.0, 939.0, 628.0]
[96.0, 80.0, 892.0, 677.0]
[160.0, 80.0, 957.0, 678.0]
[96.0, 32.0, 894.0, 630.0]
[48.0, 16.0, 847.0, 615.0]
[144.0, 48.0, 944.0, 648.0]
[80.0, 80.0, 881.0, 681.0]
[192.0, 16.0, 994.0, 618.0]
[144.0, 64.0, 947.0, 666.0]
[96.0, 16.0, 900.0, 619.0]
[16.0, 64.0, 821.0, 668.0]
[80.0, 48.0, 886.0, 652.0]
[160.0, 32.0, 967.0, 637.0]
[32.0, 32.0, 840.0, 638.0]
[48.0, 48.0, 857.0, 655.0]
[96.0, 16.0, 906.0, 624.0]
[192.0, 64.0, 1003.0, 672.0]
[48.0, 32.0, 860.0, 641.0]
[176.0, 48.0, 989.0, 658.0]
[80.0, 48.0, 894.0, 658.0]
[64.0, 16.0, 879.0, 627.0]
[16.0, 16.0, 832.0, 628.0]
[144.0, 16.0, 961.0, 629.0]
[144.0, 48.0, 962.0, 662.0]
[128.0, 16.0, 947.0, 630.0]
[64.0, 0.0, 884.0, 615.0]
[32.0, 0.0, 853.0, 616.0]
[128.0, 64.0, 950.0, 680.0]
[16.0, 32.0, 839.0, 649.0]
[32.0, 16.0, 856.0, 634.0]
[160.0, 64.0, 985.0, 683.0]
[96.0, 32.0, 922.0, 652.0]
[96.0, 48.0, 923.0, 668.0]
[80.0, 0.0, 908.0, 621.0]
[16.0, 32.0, 845.0, 654.0]
[160.0, 0.0, 990.0, 622.0]
[32.0, 16.0, 863.0, 639.0]
[32.0, 0.0, 864.0, 624.0]
[112.0, 0.0, 945.0, 625.0]
[144.0, 0.0, 978.0, 626.0]
[80.0, 16.0, 915.0, 642.0]
[176.0, 32.0, 1012.0, 659.0]
[16.0, 16.0, 853.0, 644.0]
[112.0, 0.0, 950.0, 628.0]
[144.0, 0.0, 983.0, 629.0]
[64.0, 32.0, 904.0, 662.0]
[128.0, 0.0, 969.0, 631.0]
[32.0, 0.0, 874.0, 632.0]
[112.0, 32.0, 955.0, 664.0]
[48.0, 16.0, 892.0, 649.0]
[160.0, 32.0, 1005.0, 666.0]
[96.0, 48.0, 942.0, 682.0]
[48.0, 16.0, 895.0, 651.0]
[176.0, 32.0, 1024.0, 668.0]
[48.0, 0.0, 897.0, 637.0]
[16.0, 0.0, 866.0, 638.0]
[0.0, 0.0, 851.0, 638.0]
[112.0, 0.0, 964.0, 639.0]
[80.0, 32.0, 933.0, 672.0]
[128.0, 32.0, 982.0, 672.0]
[160.0, 0.0, 1015.0, 641.0]
[0.0, 16.0, 856.0, 658.0]
[16.0, 16.0, 873.0, 659.0]
[96.0, 0.0, 954.0, 644.0]
[144.0, 32.0, 1003.0, 676.0]
[16.0, 0.0, 876.0, 645.0]
[16.0, 16.0, 877.0, 662.0]
[128.0, 16.0, 990.0, 662.0]
[48.0, 16.0, 911.0, 663.0]
[64.0, 32.0, 928.0, 680.0]
[16.0, 16.0, 881.0, 665.0]
[0.0, 32.0, 866.0, 682.0]
[128.0, 0.0, 995.0, 650.0]
[128.0, 32.0, 996.0, 683.0]
[112.0, 0.0, 981.0, 652.0]
[112.0, 16.0, 982.0, 668.0]
[96.0, 0.0, 967.0, 653.0]
[0.0, 16.0, 872.0, 670.0]
[80.0, 0.0, 953.0, 655.0]
[32.0, 0.0, 906.0, 656.0]
[144.0, 0.0, 1019.0, 656.0]
[128.0, 0.0, 1004.0, 657.0]
[96.0, 16.0, 973.0, 674.0]
[32.0, 0.0, 910.0, 658.0]
[144.0, 0.0, 1023.0, 659.0]
[80.0, 16.0, 960.0, 676.0]
[48.0, 0.0, 929.0, 661.0]
[80.0, 0.0, 962.0, 662.0]
[16.0, 16.0, 899.0, 678.0]
[96.0, 16.0, 980.0, 679.0]
[64.0, 0.0, 949.0, 664.0]
[128.0, 16.0, 1014.0, 680.0]
[48.0, 0.0, 935.0, 665.0]
[64.0, 0.0, 952.0, 666.0]
[80.0, 16.0, 969.0, 683.0]
[0.0, 0.0, 890.0, 668.0]
[112.0, 0.0, 1003.0, 668.0]
[48.0, 0.0, 940.0, 669.0]
[128.0, 0.0, 1021.0, 670.0]
[80.0, 0.0, 974.0, 670.0]
[112.0, 0.0, 1007.0, 671.0]
[0.0, 0.0, 896.0, 672.0]
[96.0, 0.0, 993.0, 673.0]
[0.0, 0.0, 898.0, 674.0]
[80.0, 0.0, 979.0, 674.0]
[80.0, 0.0, 980.0, 675.0]
[64.0, 0.0, 965.0, 676.0]
[80.0, 0.0, 982.0, 676.0]
[32.0, 0.0, 935.0, 677.0]
[16.0, 0.0, 920.0, 678.0]
[32.0, 0.0, 937.0, 679.0]
[112.0, 0.0, 1018.0, 680.0]
[64.0, 0.0, 971.0, 680.0]
[96.0, 0.0, 1004.0, 681.0]
[112.0, 0.0, 1021.0, 682.0]
[96.0, 0.0, 1006.0, 682.0]
[96.0, 0.0, 1007.0, 683.0]
