[208.0, 64.0, 925.0, 602.0]
[144.0, 32.0, 862.0, 570.0]
[112.0, 32.0, 831.0, 571.0]
[144.0, 0.0, 864.0, 540.0]
[128.0, 32.0, 849.0, 573.0]
[160.0, 16.0, 882.0, 558.0]
[208.0, 64.0, 931.0, 606.0]
[176.0, 64.0, 900.0, 607.0]
[144.0, 0.0, 869.0, 544.0]
[208.0, 0.0, 934.0, 544.0]
[128.0, 16.0, 855.0, 561.0]
[240.0, 32.0, 968.0, 578.0]
[176.0, 32.0, 905.0, 579.0]
[80.0, 16.0, 810.0, 564.0]
[128.0, 64.0, 859.0, 612.0]
[256.0, 64.0, 988.0, 613.0]
[96.0, 32.0, 829.0, 582.0]
[256.0, 0.0, 990.0, 550.0]
[160.0, 64.0, 895.0, 615.0]
[272.0, 32.0, 1008.0, 584.0]
[272.0, 16.0, 1009.0, 569.0]
[208.0, 48.0, 946.0, 602.0]
[160.0, 0.0, 899.0, 554.0]
[96.0, 48.0, 836.0, 603.0]
[160.0, 0.0, 901.0, 556.0]
[192.0, 0.0, 934.0, 556.0]
[208.0, 64.0, 951.0, 621.0]
[176.0, 0.0, 920.0, 558.0]
[240.0, 16.0, 985.0, 575.0]
[160.0, 32.0, 906.0, 592.0]
[208.0, 64.0, 955.0, 624.0]
[240.0, 16.0, 988.0, 577.0]
[112.0, 0.0, 861.0, 562.0]
[176.0, 48.0, 926.0, 610.0]
[128.0, 16.0, 879.0, 579.0]
[224.0, 64.0, 976.0, 628.0]
[176.0, 32.0, 929.0, 597.0]
[144.0, 64.0, 898.0, 630.0]
[128.0, 48.0, 883.0, 614.0]
[160.0, 16.0, 916.0, 583.0]
[160.0, 48.0, 917.0, 616.0]
[208.0, 0.0, 966.0, 568.0]
[256.0, 0.0, 1015.0, 569.0]
[144.0, 0.0, 904.0, 570.0]
[176.0, 32.0, 937.0, 603.0]
[160.0, 48.0, 922.0, 620.0]
[160.0, 16.0, 923.0, 588.0]
[240.0, 0.0, 1004.0, 573.0]
[208.0, 16.0, 973.0, 590.0]
[128.0, 0.0, 894.0, 574.0]
[192.0, 32.0, 959.0, 607.0]
[112.0, 48.0, 880.0, 624.0]
[112.0, 0.0, 881.0, 577.0]
[176.0, 32.0, 946.0, 610.0]
[128.0, 64.0, 899.0, 642.0]
[160.0, 64.0, 932.0, 643.0]
[128.0, 32.0, 901.0, 612.0]
[176.0, 32.0, 950.0, 612.0]
[208.0, 32.0, 983.0, 613.0]
[176.0, 32.0, 952.0, 614.0]
[208.0, 0.0, 985.0, 583.0]
[160.0, 32.0, 938.0, 616.0]
[144.0, 32.0, 923.0, 616.0]
[208.0, 16.0, 988.0, 601.0]
[176.0, 0.0, 957.0, 586.0]
[224.0, 0.0, 1006.0, 586.0]
[160.0, 64.0, 943.0, 651.0]
[208.0, 16.0, 992.0, 604.0]
[128.0, 32.0, 913.0, 621.0]
[224.0, 0.0, 1010.0, 590.0]
[144.0, 48.0, 931.0, 638.0]
[128.0, 0.0, 916.0, 591.0]
[144.0, 16.0, 933.0, 608.0]
[112.0, 0.0, 902.0, 592.0]
[224.0, 48.0, 1015.0, 641.0]
[128.0, 16.0, 920.0, 610.0]
[160.0, 48.0, 953.0, 643.0]
[128.0, 64.0, 922.0, 660.0]
[176.0, 32.0, 971.0, 628.0]
[176.0, 32.0, 972.0, 629.0]
[96.0, 48.0, 893.0, 646.0]
[112.0, 16.0, 910.0, 614.0]
[176.0, 48.0, 975.0, 647.0]
[112.0, 48.0, 912.0, 648.0]
[208.0, 32.0, 1009.0, 633.0]
[176.0, 48.0, 978.0, 650.0]
[112.0, 32.0, 915.0, 634.0]
[208.0, 32.0, 1012.0, 635.0]
[112.0, 0.0, 917.0, 604.0]
[160.0, 64.0, 966.0, 668.0]
[80.0, 32.0, 887.0, 637.0]
[144.0, 64.0, 952.0, 670.0]
[112.0, 32.0, 921.0, 639.0]
[144.0, 32.0, 954.0, 640.0]
[112.0, 0.0, 923.0, 608.0]
[192.0, 32.0, 1004.0, 641.0]
[128.0, 32.0, 941.0, 642.0]
[128.0, 64.0, 942.0, 674.0]
[96.0, 32.0, 911.0, 643.0]
[144.0, 16.0, 960.0, 628.0]
[192.0, 16.0, 1009.0, 629.0]
[176.0, 32.0, 994.0, 646.0]
[128.0, 0.0, 947.0, 614.0]
[192.0, 32.0, 1012.0, 647.0]
[96.0, 32.0, 917.0, 648.0]
[192.0, 48.0, 1014.0, 664.0]
[112.0, 16.0, 935.0, 633.0]
[112.0, 0.0, 936.0, 618.0]
[128.0, 16.0, 953.0, 635.0]
[96.0, 16.0, 922.0, 636.0]
[192.0, 16.0, 1019.0, 636.0]
[96.0, 0.0, 924.0, 621.0]
[128.0, 0.0, 957.0, 622.0]
[128.0, 16.0, 958.0, 638.0]
[128.0, 16.0, 959.0, 639.0]
[112.0, 32.0, 944.0, 656.0]
[80.0, 16.0, 913.0, 641.0]
[128.0, 48.0, 962.0, 674.0]
[176.0, 48.0, 1011.0, 674.0]
[144.0, 32.0, 980.0, 659.0]
[80.0, 16.0, 917.0, 644.0]
[144.0, 0.0, 982.0, 628.0]
[96.0, 32.0, 935.0, 661.0]
[96.0, 0.0, 936.0, 630.0]
[80.0, 16.0, 921.0, 647.0]
[128.0, 32.0, 970.0, 664.0]
[80.0, 16.0, 923.0, 648.0]
[144.0, 16.0, 988.0, 649.0]
[160.0, 48.0, 1005.0, 682.0]
[112.0, 0.0, 958.0, 634.0]
[128.0, 32.0, 975.0, 667.0]
[80.0, 16.0, 928.0, 652.0]
[144.0, 16.0, 993.0, 653.0]
[144.0, 16.0, 994.0, 654.0]
[112.0, 32.0, 963.0, 670.0]
[80.0, 16.0, 932.0, 655.0]
[160.0, 32.0, 1013.0, 672.0]
[112.0, 16.0, 966.0, 656.0]
[96.0, 0.0, 951.0, 641.0]
[144.0, 32.0, 1000.0, 674.0]
[112.0, 16.0, 969.0, 659.0]
[96.0, 32.0, 954.0, 676.0]
[96.0, 32.0, 955.0, 676.0]
[144.0, 32.0, 1004.0, 677.0]
[80.0, 32.0, 941.0, 678.0]
[96.0, 0.0, 958.0, 646.0]
[128.0, 0.0, 991.0, 647.0]
[80.0, 32.0, 944.0, 680.0]
[144.0, 0.0, 1009.0, 649.0]
[80.0, 32.0, 946.0, 682.0]
[96.0, 0.0, 963.0, 650.0]
[112.0, 16.0, 980.0, 667.0]
[112.0, 32.0, 981.0, 684.0]
[144.0, 16.0, 1014.0, 668.0]
[96.0, 0.0, 967.0, 653.0]
[96.0, 0.0, 968.0, 654.0]
[96.0, 16.0, 969.0, 671.0]
[112.0, 16.0, 986.0, 672.0]
[80.0, 16.0, 955.0, 672.0]
[80.0, 16.0, 956.0, 673.0]
[144.0, 0.0, 1021.0, 658.0]
[128.0, 16.0, 1006.0, 674.0]
[112.0, 0.0, 991.0, 659.0]
[144.0, 16.0, 1024.0, 676.0]
[128.0, 0.0, 1009.0, 661.0]
[128.0, 0.0, 1010.0, 662.0]
[112.0, 0.0, 995.0, 662.0]
[96.0, 16.0, 980.0, 679.0]
[96.0, 0.0, 981.0, 664.0]
[128.0, 16.0, 1014.0, 680.0]
[80.0, 0.0, 967.0, 665.0]
[96.0, 0.0, 984.0, 666.0]
[112.0, 16.0, 1001.0, 683.0]
[128.0, 16.0, 1018.0, 684.0]
[112.0, 16.0, 1003.0, 684.0]
[80.0, 0.0, 972.0, 669.0]
[96.0, 0.0, 989.0, 670.0]
[128.0, 0.0, 1022.0, 670.0]
[112.0, 0.0, 1007.0, 671.0]
[128.0, 0.0, 1024.0, 672.0]
[80.0, 0.0, 977.0, 673.0]
[96.0, 0.0, 994.0, 674.0]
[96.0, 0.0, 995.0, 674.0]
[96.0, 0.0, 996.0, 675.0]
[96.0, 0.0, 997.0, 676.0]
[80.0, 0.0, 982.0, 676.0]
[112.0, 0.0, 1015.0, 677.0]
[96.0, 0.0, 1000.0, 678.0]
[112.0, 0.0, 1017.0, 679.0]
[112.0, 0.0, 1018.0, 680.0]
[96.0, 0.0, 1003.0, 680.0]
[112.0, 0.0, 1020.0, 681.0]
[112.0, 0.0, 1021.0, 682.0]
[96.0, 0.0, 1006.0, 682.0]
[96.0, 0.0, 1007.0, 683.0]
[80.0, 0.0, 992.0, 684.0]
