[160.0, 144.0, 909.0, 706.0]
[176.0, 144.0, 926.0, 706.0]
[128.0, 160.0, 879.0, 723.0]
[160.0, 112.0, 912.0, 676.0]
[144.0, 160.0, 897.0, 725.0]
[192.0, 128.0, 946.0, 694.0]
[80.0, 112.0, 835.0, 678.0]
[128.0, 144.0, 884.0, 711.0]
[208.0, 144.0, 965.0, 712.0]
[80.0, 112.0, 838.0, 680.0]
[96.0, 112.0, 855.0, 681.0]
[80.0, 128.0, 840.0, 698.0]
[80.0, 144.0, 841.0, 715.0]
[112.0, 144.0, 874.0, 716.0]
[224.0, 144.0, 987.0, 716.0]
[48.0, 128.0, 812.0, 701.0]
[48.0, 160.0, 813.0, 734.0]
[80.0, 160.0, 846.0, 734.0]
[112.0, 128.0, 879.0, 703.0]
[144.0, 144.0, 912.0, 720.0]
[64.0, 176.0, 833.0, 753.0]
[160.0, 144.0, 930.0, 722.0]
[160.0, 176.0, 931.0, 754.0]
[144.0, 160.0, 916.0, 739.0]
[224.0, 96.0, 997.0, 676.0]
[144.0, 128.0, 918.0, 708.0]
[16.0, 112.0, 791.0, 693.0]
[192.0, 144.0, 968.0, 726.0]
[32.0, 144.0, 809.0, 727.0]
[32.0, 144.0, 810.0, 728.0]
[128.0, 176.0, 907.0, 760.0]
[112.0, 176.0, 892.0, 761.0]
[16.0, 144.0, 797.0, 730.0]
[96.0, 112.0, 878.0, 698.0]
[64.0, 128.0, 847.0, 715.0]
[192.0, 128.0, 976.0, 716.0]
[192.0, 128.0, 977.0, 717.0]
[80.0, 80.0, 866.0, 670.0]
[192.0, 160.0, 979.0, 750.0]
[96.0, 128.0, 884.0, 719.0]
[48.0, 176.0, 837.0, 768.0]
[224.0, 96.0, 1014.0, 688.0]
[80.0, 112.0, 871.0, 705.0]
[192.0, 128.0, 984.0, 722.0]
[192.0, 80.0, 985.0, 675.0]
[192.0, 96.0, 986.0, 692.0]
[96.0, 64.0, 891.0, 660.0]
[144.0, 64.0, 940.0, 661.0]
[144.0, 80.0, 941.0, 678.0]
[16.0, 128.0, 814.0, 726.0]
[48.0, 144.0, 847.0, 743.0]
[160.0, 96.0, 960.0, 696.0]
[32.0, 80.0, 833.0, 681.0]
[0.0, 128.0, 802.0, 730.0]
[128.0, 144.0, 931.0, 746.0]
[144.0, 160.0, 948.0, 763.0]
[32.0, 144.0, 837.0, 748.0]
[80.0, 64.0, 886.0, 668.0]
[80.0, 128.0, 887.0, 733.0]
[0.0, 96.0, 808.0, 702.0]
[32.0, 144.0, 841.0, 751.0]
[144.0, 48.0, 954.0, 656.0]
[176.0, 160.0, 987.0, 768.0]
[48.0, 96.0, 860.0, 705.0]
[96.0, 64.0, 909.0, 674.0]
[16.0, 144.0, 830.0, 754.0]
[80.0, 48.0, 895.0, 659.0]
[64.0, 64.0, 880.0, 676.0]
[96.0, 96.0, 913.0, 709.0]
[48.0, 80.0, 866.0, 694.0]
[112.0, 128.0, 931.0, 742.0]
[160.0, 112.0, 980.0, 727.0]
[128.0, 64.0, 949.0, 680.0]
[176.0, 48.0, 998.0, 664.0]
[176.0, 144.0, 999.0, 761.0]
[160.0, 80.0, 984.0, 698.0]
[16.0, 144.0, 841.0, 763.0]
[176.0, 96.0, 1002.0, 716.0]
[48.0, 128.0, 875.0, 748.0]
[112.0, 144.0, 940.0, 765.0]
[96.0, 96.0, 925.0, 718.0]
[16.0, 80.0, 846.0, 702.0]
[32.0, 80.0, 863.0, 703.0]
[176.0, 96.0, 1008.0, 720.0]
[96.0, 112.0, 929.0, 737.0]
[176.0, 48.0, 1010.0, 674.0]
[160.0, 128.0, 995.0, 754.0]
[144.0, 64.0, 980.0, 691.0]
[80.0, 80.0, 917.0, 708.0]
[144.0, 112.0, 982.0, 740.0]
[80.0, 80.0, 919.0, 709.0]
[0.0, 128.0, 840.0, 758.0]
[160.0, 96.0, 1001.0, 727.0]
[48.0, 80.0, 890.0, 712.0]
[64.0, 32.0, 907.0, 664.0]
[160.0, 48.0, 1004.0, 681.0]
[128.0, 112.0, 973.0, 746.0]
[32.0, 48.0, 878.0, 682.0]
[176.0, 64.0, 1023.0, 699.0]
[96.0, 48.0, 944.0, 684.0]
[128.0, 64.0, 977.0, 701.0]
[16.0, 112.0, 866.0, 750.0]
[16.0, 112.0, 867.0, 750.0]
[32.0, 96.0, 884.0, 735.0]
[80.0, 32.0, 933.0, 672.0]
[48.0, 80.0, 902.0, 720.0]
[96.0, 16.0, 951.0, 657.0]
[80.0, 80.0, 936.0, 722.0]
[48.0, 96.0, 905.0, 739.0]
[48.0, 16.0, 906.0, 660.0]
[32.0, 64.0, 891.0, 708.0]
[112.0, 64.0, 972.0, 709.0]
[16.0, 32.0, 877.0, 678.0]
[64.0, 80.0, 926.0, 726.0]
[32.0, 112.0, 895.0, 759.0]
[144.0, 48.0, 1008.0, 696.0]
[64.0, 96.0, 929.0, 745.0]
[144.0, 112.0, 1010.0, 762.0]
[80.0, 32.0, 947.0, 682.0]
[16.0, 64.0, 884.0, 715.0]
[16.0, 64.0, 885.0, 716.0]
[80.0, 80.0, 950.0, 732.0]
[48.0, 112.0, 919.0, 765.0]
[32.0, 32.0, 904.0, 686.0]
[80.0, 32.0, 953.0, 687.0]
[80.0, 96.0, 954.0, 752.0]
[80.0, 48.0, 955.0, 704.0]
[0.0, 32.0, 876.0, 689.0]
[128.0, 80.0, 1005.0, 738.0]
[144.0, 80.0, 1022.0, 738.0]
[0.0, 64.0, 879.0, 723.0]
[48.0, 32.0, 928.0, 692.0]
[96.0, 64.0, 977.0, 725.0]
[32.0, 96.0, 914.0, 758.0]
[0.0, 64.0, 883.0, 726.0]
[64.0, 48.0, 948.0, 711.0]
[128.0, 16.0, 1013.0, 680.0]
[48.0, 80.0, 934.0, 744.0]
[64.0, 96.0, 951.0, 761.0]
[32.0, 0.0, 920.0, 666.0]
[16.0, 32.0, 905.0, 699.0]
[32.0, 0.0, 922.0, 668.0]
[112.0, 16.0, 1003.0, 684.0]
[48.0, 64.0, 940.0, 733.0]
[48.0, 80.0, 941.0, 750.0]
[16.0, 48.0, 910.0, 718.0]
[80.0, 0.0, 975.0, 671.0]
[64.0, 80.0, 960.0, 752.0]
[112.0, 48.0, 1009.0, 721.0]
[96.0, 16.0, 994.0, 690.0]
[32.0, 16.0, 931.0, 690.0]
[16.0, 16.0, 916.0, 691.0]
[48.0, 48.0, 949.0, 724.0]
[0.0, 80.0, 902.0, 756.0]
[0.0, 16.0, 903.0, 693.0]
[64.0, 0.0, 968.0, 678.0]
[16.0, 64.0, 921.0, 743.0]
[112.0, 64.0, 1018.0, 744.0]
[80.0, 64.0, 987.0, 744.0]
[80.0, 0.0, 988.0, 681.0]
[32.0, 0.0, 941.0, 682.0]
[96.0, 32.0, 1006.0, 714.0]
[112.0, 16.0, 1023.0, 699.0]
[32.0, 64.0, 944.0, 748.0]
[48.0, 32.0, 961.0, 717.0]
[96.0, 0.0, 1010.0, 686.0]
[16.0, 32.0, 931.0, 718.0]
[64.0, 48.0, 980.0, 735.0]
[0.0, 80.0, 917.0, 768.0]
[16.0, 16.0, 934.0, 704.0]
[0.0, 64.0, 919.0, 753.0]
[64.0, 0.0, 984.0, 690.0]
[32.0, 32.0, 953.0, 723.0]
[96.0, 48.0, 1018.0, 740.0]
[48.0, 64.0, 971.0, 756.0]
[0.0, 64.0, 924.0, 757.0]
[64.0, 32.0, 989.0, 726.0]
[96.0, 32.0, 1022.0, 726.0]
[64.0, 16.0, 991.0, 711.0]
[80.0, 64.0, 1008.0, 760.0]
[48.0, 64.0, 977.0, 761.0]
[32.0, 16.0, 962.0, 714.0]
[48.0, 0.0, 979.0, 698.0]
[0.0, 16.0, 932.0, 715.0]
[80.0, 64.0, 1013.0, 764.0]
[32.0, 48.0, 966.0, 748.0]
[48.0, 64.0, 983.0, 765.0]
[64.0, 64.0, 1000.0, 766.0]
[16.0, 32.0, 953.0, 735.0]
[48.0, 0.0, 986.0, 704.0]
[16.0, 32.0, 955.0, 736.0]
[48.0, 48.0, 988.0, 753.0]
[64.0, 0.0, 1005.0, 706.0]
[64.0, 16.0, 1006.0, 722.0]
[64.0, 48.0, 1007.0, 755.0]
[80.0, 48.0, 1024.0, 756.0]
[0.0, 0.0, 945.0, 709.0]
[48.0, 0.0, 994.0, 710.0]
[16.0, 0.0, 963.0, 710.0]
[16.0, 0.0, 964.0, 711.0]
[16.0, 32.0, 965.0, 744.0]
[32.0, 48.0, 982.0, 760.0]
[0.0, 0.0, 951.0, 713.0]
[48.0, 0.0, 1000.0, 714.0]
[48.0, 32.0, 1001.0, 747.0]
[48.0, 48.0, 1002.0, 764.0]
[0.0, 0.0, 955.0, 716.0]
[16.0, 32.0, 972.0, 749.0]
[0.0, 0.0, 957.0, 718.0]
[48.0, 0.0, 1006.0, 718.0]
[32.0, 16.0, 991.0, 735.0]
[32.0, 32.0, 992.0, 752.0]
[48.0, 0.0, 1009.0, 721.0]
[32.0, 0.0, 994.0, 722.0]
[32.0, 16.0, 995.0, 738.0]
[32.0, 32.0, 996.0, 755.0]
[0.0, 0.0, 965.0, 724.0]
[32.0, 0.0, 998.0, 724.0]
[16.0, 0.0, 983.0, 725.0]
[0.0, 0.0, 968.0, 726.0]
[16.0, 16.0, 985.0, 743.0]
[16.0, 0.0, 986.0, 728.0]
[16.0, 0.0, 987.0, 728.0]
[32.0, 0.0, 1004.0, 729.0]
[0.0, 32.0, 973.0, 762.0]
[48.0, 16.0, 1022.0, 746.0]
[0.0, 0.0, 975.0, 731.0]
[32.0, 32.0, 1008.0, 764.0]
[0.0, 32.0, 977.0, 765.0]
[16.0, 32.0, 994.0, 766.0]
[0.0, 16.0, 979.0, 750.0]
[32.0, 0.0, 1012.0, 735.0]
[16.0, 0.0, 997.0, 736.0]
[0.0, 16.0, 982.0, 752.0]
[32.0, 0.0, 1015.0, 737.0]
[16.0, 0.0, 1000.0, 738.0]
[16.0, 16.0, 1001.0, 755.0]
[0.0, 0.0, 986.0, 740.0]
[16.0, 16.0, 1003.0, 756.0]
[16.0, 0.0, 1004.0, 741.0]
[0.0, 16.0, 989.0, 758.0]
[16.0, 16.0, 1006.0, 758.0]
[16.0, 0.0, 1007.0, 743.0]
[32.0, 0.0, 1024.0, 744.0]
[0.0, 0.0, 993.0, 745.0]
[16.0, 16.0, 1010.0, 762.0]
[16.0, 16.0, 1011.0, 762.0]
[0.0, 16.0, 996.0, 763.0]
[16.0, 0.0, 1013.0, 748.0]
[16.0, 16.0, 1014.0, 764.0]
[16.0, 0.0, 1015.0, 749.0]
[0.0, 0.0, 1000.0, 750.0]
[16.0, 16.0, 1017.0, 767.0]
[16.0, 0.0, 1018.0, 752.0]
[0.0, 0.0, 1003.0, 752.0]
[16.0, 0.0, 1020.0, 753.0]
[0.0, 0.0, 1005.0, 754.0]
[0.0, 0.0, 1006.0, 754.0]
[16.0, 0.0, 1023.0, 755.0]
[16.0, 0.0, 1024.0, 756.0]
[0.0, 0.0, 1009.0, 757.0]
[0.0, 0.0, 1010.0, 758.0]
[0.0, 0.0, 1011.0, 758.0]
[0.0, 0.0, 1012.0, 759.0]
[0.0, 0.0, 1013.0, 760.0]
[0.0, 0.0, 1014.0, 760.0]
[0.0, 0.0, 1015.0, 761.0]
[0.0, 0.0, 1016.0, 762.0]
[0.0, 0.0, 1017.0, 763.0]
[0.0, 0.0, 1018.0, 764.0]
[0.0, 0.0, 1019.0, 764.0]
[0.0, 0.0, 1020.0, 765.0]
[0.0, 0.0, 1021.0, 766.0]
[0.0, 0.0, 1022.0, 766.0]
[0.0, 0.0, 1023.0, 767.0]
[0.0, 0.0, 1024.0, 768.0]
