[144.0, 32.0, 682.0, 749.0]
[112.0, 64.0, 650.0, 782.0]
[128.0, 80.0, 667.0, 799.0]
[96.0, 48.0, 636.0, 768.0]
[96.0, 64.0, 637.0, 785.0]
[128.0, 64.0, 670.0, 786.0]
[128.0, 96.0, 670.0, 819.0]
[112.0, 128.0, 655.0, 852.0]
[112.0, 0.0, 656.0, 725.0]
[96.0, 16.0, 640.0, 742.0]
[112.0, 96.0, 657.0, 823.0]
[128.0, 112.0, 674.0, 840.0]
[80.0, 64.0, 627.0, 793.0]
[96.0, 80.0, 644.0, 810.0]
[80.0, 48.0, 628.0, 779.0]
[112.0, 128.0, 661.0, 860.0]
[96.0, 16.0, 646.0, 749.0]
[128.0, 96.0, 678.0, 830.0]
[112.0, 128.0, 663.0, 863.0]
[128.0, 112.0, 680.0, 848.0]
[80.0, 80.0, 633.0, 817.0]
[112.0, 64.0, 666.0, 802.0]
[96.0, 80.0, 650.0, 819.0]
[128.0, 112.0, 683.0, 852.0]
[112.0, 80.0, 668.0, 821.0]
[80.0, 80.0, 636.0, 822.0]
[96.0, 80.0, 653.0, 823.0]
[96.0, 64.0, 654.0, 808.0]
[96.0, 96.0, 655.0, 841.0]
[80.0, 80.0, 640.0, 826.0]
[96.0, 112.0, 656.0, 859.0]
[80.0, 32.0, 641.0, 780.0]
[112.0, 0.0, 674.0, 749.0]
[96.0, 48.0, 658.0, 798.0]
[96.0, 80.0, 659.0, 831.0]
[96.0, 48.0, 660.0, 800.0]
[96.0, 32.0, 661.0, 785.0]
[96.0, 96.0, 662.0, 850.0]
[96.0, 48.0, 662.0, 803.0]
[112.0, 16.0, 679.0, 772.0]
[64.0, 32.0, 632.0, 789.0]
[96.0, 0.0, 664.0, 758.0]
[112.0, 0.0, 681.0, 759.0]
[112.0, 64.0, 682.0, 824.0]
[96.0, 0.0, 667.0, 761.0]
[96.0, 48.0, 668.0, 810.0]
[96.0, 64.0, 668.0, 827.0]
[80.0, 32.0, 653.0, 796.0]
[96.0, 80.0, 670.0, 845.0]
[80.0, 32.0, 654.0, 798.0]
[96.0, 96.0, 671.0, 863.0]
[64.0, 48.0, 640.0, 816.0]
[64.0, 48.0, 641.0, 817.0]
[96.0, 32.0, 674.0, 802.0]
[96.0, 48.0, 674.0, 819.0]
[80.0, 48.0, 659.0, 820.0]
[80.0, 80.0, 660.0, 853.0]
[96.0, 48.0, 676.0, 822.0]
[64.0, 64.0, 645.0, 839.0]
[64.0, 64.0, 646.0, 840.0]
[80.0, 48.0, 663.0, 825.0]
[80.0, 32.0, 664.0, 810.0]
[96.0, 48.0, 680.0, 827.0]
[80.0, 64.0, 665.0, 844.0]
[80.0, 16.0, 666.0, 797.0]
[64.0, 16.0, 650.0, 798.0]
[80.0, 48.0, 667.0, 831.0]
[80.0, 32.0, 668.0, 816.0]
[80.0, 64.0, 669.0, 849.0]
[64.0, 0.0, 654.0, 786.0]
[64.0, 64.0, 654.0, 851.0]
[80.0, 0.0, 671.0, 788.0]
[64.0, 64.0, 656.0, 853.0]
[80.0, 48.0, 672.0, 838.0]
[64.0, 16.0, 657.0, 807.0]
[48.0, 16.0, 642.0, 808.0]
[64.0, 16.0, 659.0, 809.0]
[80.0, 0.0, 676.0, 794.0]
[48.0, 48.0, 644.0, 843.0]
[80.0, 16.0, 677.0, 812.0]
[48.0, 32.0, 646.0, 829.0]
[64.0, 48.0, 662.0, 846.0]
[80.0, 32.0, 679.0, 831.0]
[80.0, 32.0, 680.0, 832.0]
[80.0, 0.0, 681.0, 801.0]
[80.0, 48.0, 682.0, 850.0]
[48.0, 16.0, 650.0, 819.0]
[80.0, 32.0, 683.0, 836.0]
[64.0, 48.0, 668.0, 853.0]
[48.0, 48.0, 652.0, 854.0]
[64.0, 16.0, 669.0, 823.0]
[64.0, 0.0, 670.0, 808.0]
[48.0, 48.0, 655.0, 857.0]
[48.0, 48.0, 656.0, 858.0]
[64.0, 0.0, 672.0, 811.0]
[48.0, 32.0, 657.0, 844.0]
[64.0, 0.0, 674.0, 813.0]
[48.0, 16.0, 658.0, 830.0]
[48.0, 16.0, 659.0, 831.0]
[48.0, 0.0, 660.0, 816.0]
