[192.0, 96.0, 909.0, 634.0]
[48.0, 80.0, 766.0, 618.0]
[112.0, 64.0, 831.0, 603.0]
[224.0, 80.0, 944.0, 620.0]
[192.0, 64.0, 913.0, 605.0]
[128.0, 96.0, 850.0, 638.0]
[64.0, 64.0, 787.0, 606.0]
[256.0, 96.0, 980.0, 639.0]
[144.0, 48.0, 869.0, 592.0]
[192.0, 64.0, 918.0, 608.0]
[176.0, 48.0, 903.0, 593.0]
[256.0, 80.0, 984.0, 626.0]
[192.0, 96.0, 921.0, 643.0]
[80.0, 96.0, 810.0, 644.0]
[144.0, 48.0, 875.0, 596.0]
[80.0, 80.0, 812.0, 629.0]
[32.0, 64.0, 765.0, 614.0]
[208.0, 48.0, 942.0, 598.0]
[192.0, 80.0, 927.0, 631.0]
[96.0, 80.0, 832.0, 632.0]
[64.0, 80.0, 801.0, 633.0]
[144.0, 48.0, 882.0, 602.0]
[112.0, 80.0, 851.0, 634.0]
[208.0, 80.0, 948.0, 635.0]
[208.0, 80.0, 949.0, 636.0]
[240.0, 32.0, 982.0, 588.0]
[176.0, 48.0, 919.0, 605.0]
[208.0, 32.0, 952.0, 590.0]
[176.0, 48.0, 921.0, 607.0]
[144.0, 80.0, 890.0, 640.0]
[176.0, 32.0, 923.0, 592.0]
[144.0, 64.0, 892.0, 625.0]
[256.0, 64.0, 1005.0, 626.0]
[240.0, 96.0, 990.0, 658.0]
[128.0, 96.0, 879.0, 659.0]
[144.0, 80.0, 896.0, 644.0]
[96.0, 64.0, 849.0, 629.0]
[144.0, 96.0, 898.0, 662.0]
[176.0, 16.0, 931.0, 582.0]
[80.0, 16.0, 836.0, 583.0]
[112.0, 80.0, 869.0, 648.0]
[32.0, 96.0, 790.0, 664.0]
[160.0, 48.0, 919.0, 617.0]
[96.0, 96.0, 856.0, 666.0]
[160.0, 48.0, 921.0, 619.0]
[176.0, 96.0, 938.0, 668.0]
[32.0, 80.0, 795.0, 652.0]
[144.0, 32.0, 908.0, 605.0]
[96.0, 32.0, 861.0, 606.0]
[112.0, 64.0, 878.0, 638.0]
[192.0, 32.0, 959.0, 607.0]
[208.0, 32.0, 976.0, 608.0]
[48.0, 80.0, 817.0, 657.0]
[32.0, 96.0, 802.0, 674.0]
[144.0, 64.0, 915.0, 642.0]
[128.0, 32.0, 900.0, 611.0]
[144.0, 16.0, 917.0, 596.0]
[16.0, 48.0, 790.0, 628.0]
[224.0, 16.0, 999.0, 597.0]
[208.0, 64.0, 984.0, 646.0]
[48.0, 80.0, 825.0, 663.0]
[160.0, 96.0, 938.0, 680.0]
[80.0, 80.0, 859.0, 664.0]
[176.0, 16.0, 956.0, 601.0]
[32.0, 96.0, 813.0, 682.0]
[112.0, 96.0, 894.0, 682.0]
[96.0, 32.0, 879.0, 619.0]
[80.0, 48.0, 864.0, 636.0]
[112.0, 0.0, 897.0, 589.0]
[192.0, 32.0, 978.0, 622.0]
[128.0, 80.0, 915.0, 670.0]
[208.0, 80.0, 996.0, 671.0]
[144.0, 32.0, 933.0, 624.0]
[64.0, 0.0, 854.0, 592.0]
[48.0, 16.0, 839.0, 609.0]
[80.0, 32.0, 872.0, 626.0]
[144.0, 64.0, 937.0, 659.0]
[64.0, 16.0, 858.0, 612.0]
[160.0, 80.0, 955.0, 676.0]
[144.0, 32.0, 940.0, 629.0]
[144.0, 32.0, 941.0, 630.0]
[80.0, 64.0, 878.0, 662.0]
[16.0, 48.0, 815.0, 647.0]
[160.0, 48.0, 960.0, 648.0]
[32.0, 0.0, 833.0, 601.0]
[160.0, 0.0, 962.0, 602.0]
[64.0, 80.0, 867.0, 682.0]
[112.0, 80.0, 916.0, 683.0]
[96.0, 32.0, 901.0, 636.0]
[128.0, 32.0, 934.0, 636.0]
[192.0, 16.0, 999.0, 621.0]
[80.0, 16.0, 888.0, 622.0]
[32.0, 16.0, 841.0, 623.0]
[32.0, 0.0, 842.0, 608.0]
[176.0, 48.0, 987.0, 656.0]
[144.0, 0.0, 956.0, 609.0]
[80.0, 0.0, 893.0, 610.0]
[160.0, 48.0, 974.0, 658.0]
[16.0, 32.0, 831.0, 643.0]
[192.0, 48.0, 1008.0, 660.0]
[32.0, 0.0, 849.0, 613.0]
[160.0, 16.0, 978.0, 630.0]
[160.0, 0.0, 979.0, 614.0]
[160.0, 0.0, 980.0, 615.0]
[160.0, 32.0, 981.0, 648.0]
[32.0, 0.0, 854.0, 616.0]
[16.0, 64.0, 839.0, 681.0]
[64.0, 0.0, 888.0, 618.0]
[112.0, 64.0, 937.0, 683.0]
[176.0, 64.0, 1002.0, 684.0]
[16.0, 16.0, 843.0, 636.0]
[48.0, 48.0, 876.0, 669.0]
[48.0, 16.0, 877.0, 638.0]
[160.0, 32.0, 990.0, 654.0]
[96.0, 32.0, 927.0, 655.0]
[144.0, 32.0, 976.0, 656.0]
[160.0, 0.0, 993.0, 625.0]
[80.0, 32.0, 914.0, 658.0]
[144.0, 16.0, 979.0, 642.0]
[32.0, 48.0, 868.0, 675.0]
[112.0, 32.0, 949.0, 660.0]
[48.0, 48.0, 886.0, 676.0]
[64.0, 0.0, 903.0, 629.0]
[144.0, 48.0, 984.0, 678.0]
[64.0, 32.0, 905.0, 663.0]
[112.0, 32.0, 954.0, 664.0]
[16.0, 32.0, 859.0, 664.0]
[32.0, 16.0, 876.0, 649.0]
[128.0, 0.0, 973.0, 634.0]
[112.0, 16.0, 958.0, 650.0]
[96.0, 16.0, 943.0, 651.0]
[64.0, 32.0, 912.0, 668.0]
[80.0, 16.0, 929.0, 653.0]
[96.0, 16.0, 946.0, 654.0]
[32.0, 16.0, 883.0, 654.0]
[112.0, 0.0, 964.0, 639.0]
[96.0, 32.0, 949.0, 672.0]
[128.0, 0.0, 982.0, 640.0]
[80.0, 32.0, 935.0, 673.0]
[32.0, 16.0, 888.0, 658.0]
[96.0, 16.0, 953.0, 659.0]
[144.0, 32.0, 1002.0, 676.0]
[128.0, 32.0, 987.0, 676.0]
[48.0, 0.0, 908.0, 645.0]
[16.0, 16.0, 877.0, 662.0]
[48.0, 32.0, 910.0, 678.0]
[16.0, 0.0, 879.0, 647.0]
[48.0, 32.0, 912.0, 680.0]
[112.0, 0.0, 977.0, 649.0]
[128.0, 0.0, 994.0, 650.0]
[16.0, 0.0, 883.0, 650.0]
[96.0, 16.0, 964.0, 667.0]
[128.0, 16.0, 997.0, 668.0]
[128.0, 32.0, 998.0, 684.0]
[32.0, 16.0, 903.0, 669.0]
[128.0, 0.0, 1000.0, 654.0]
[48.0, 0.0, 921.0, 655.0]
[48.0, 16.0, 922.0, 672.0]
[64.0, 16.0, 939.0, 672.0]
[32.0, 16.0, 908.0, 673.0]
[96.0, 16.0, 973.0, 674.0]
[48.0, 16.0, 926.0, 674.0]
[96.0, 16.0, 975.0, 675.0]
[80.0, 0.0, 960.0, 660.0]
[64.0, 16.0, 945.0, 677.0]
[16.0, 0.0, 898.0, 662.0]
[80.0, 16.0, 963.0, 678.0]
[48.0, 16.0, 932.0, 679.0]
[32.0, 16.0, 917.0, 680.0]
[80.0, 0.0, 966.0, 664.0]
[48.0, 16.0, 935.0, 681.0]
[48.0, 16.0, 936.0, 682.0]
[48.0, 0.0, 937.0, 667.0]
[112.0, 16.0, 1002.0, 684.0]
[32.0, 16.0, 923.0, 684.0]
[112.0, 0.0, 1004.0, 669.0]
[64.0, 0.0, 957.0, 670.0]
[64.0, 0.0, 958.0, 670.0]
[96.0, 0.0, 991.0, 671.0]
[48.0, 0.0, 944.0, 672.0]
[32.0, 0.0, 929.0, 673.0]
[48.0, 0.0, 946.0, 674.0]
[80.0, 0.0, 979.0, 674.0]
[48.0, 0.0, 948.0, 675.0]
[96.0, 0.0, 997.0, 676.0]
[64.0, 0.0, 966.0, 676.0]
[80.0, 0.0, 983.0, 677.0]
[64.0, 0.0, 968.0, 678.0]
[48.0, 0.0, 953.0, 679.0]
[64.0, 0.0, 970.0, 680.0]
[32.0, 0.0, 939.0, 680.0]
[96.0, 0.0, 1004.0, 681.0]
[80.0, 0.0, 989.0, 682.0]
[64.0, 0.0, 974.0, 682.0]
[64.0, 0.0, 975.0, 683.0]
[80.0, 0.0, 992.0, 684.0]
