[16.0, 96.0, 733.0, 634.0]
[32.0, 176.0, 750.0, 714.0]
[48.0, 80.0, 767.0, 619.0]
[16.0, 144.0, 736.0, 684.0]
[16.0, 32.0, 737.0, 573.0]
[0.0, 80.0, 722.0, 622.0]
[0.0, 48.0, 723.0, 590.0]
[48.0, 64.0, 772.0, 607.0]
[16.0, 64.0, 741.0, 608.0]
[0.0, 96.0, 726.0, 640.0]
[32.0, 48.0, 759.0, 593.0]
[16.0, 80.0, 744.0, 626.0]
[16.0, 32.0, 745.0, 579.0]
[0.0, 192.0, 730.0, 740.0]
[32.0, 16.0, 763.0, 564.0]
[0.0, 112.0, 732.0, 661.0]
[16.0, 96.0, 749.0, 646.0]
[0.0, 96.0, 734.0, 646.0]
[16.0, 128.0, 751.0, 679.0]
[0.0, 144.0, 736.0, 696.0]
[32.0, 32.0, 769.0, 585.0]
[32.0, 144.0, 770.0, 698.0]
[16.0, 32.0, 755.0, 586.0]
[64.0, 144.0, 804.0, 699.0]
[0.0, 48.0, 741.0, 604.0]
[0.0, 128.0, 742.0, 684.0]
[0.0, 48.0, 743.0, 605.0]
[16.0, 144.0, 760.0, 702.0]
[0.0, 48.0, 745.0, 607.0]
[48.0, 128.0, 794.0, 688.0]
[0.0, 144.0, 747.0, 704.0]
[64.0, 128.0, 812.0, 689.0]
[0.0, 96.0, 749.0, 658.0]
[16.0, 64.0, 766.0, 626.0]
[32.0, 64.0, 783.0, 627.0]
[48.0, 176.0, 800.0, 740.0]
[0.0, 96.0, 753.0, 661.0]
[48.0, 160.0, 802.0, 726.0]
[16.0, 128.0, 771.0, 694.0]
[16.0, 176.0, 772.0, 743.0]
[0.0, 112.0, 757.0, 680.0]
[16.0, 96.0, 774.0, 664.0]
[16.0, 176.0, 775.0, 745.0]
[16.0, 32.0, 776.0, 602.0]
[48.0, 160.0, 809.0, 731.0]
[16.0, 16.0, 778.0, 588.0]
[64.0, 128.0, 827.0, 700.0]
[32.0, 176.0, 796.0, 749.0]
[64.0, 48.0, 829.0, 622.0]
[16.0, 16.0, 782.0, 590.0]
[0.0, 176.0, 767.0, 751.0]
[32.0, 176.0, 800.0, 752.0]
[0.0, 32.0, 769.0, 609.0]
[16.0, 48.0, 786.0, 626.0]
[64.0, 48.0, 835.0, 626.0]
[32.0, 112.0, 804.0, 691.0]
[48.0, 96.0, 821.0, 676.0]
[0.0, 48.0, 774.0, 628.0]
[0.0, 112.0, 775.0, 693.0]
[64.0, 96.0, 840.0, 678.0]
[48.0, 64.0, 825.0, 647.0]
[0.0, 48.0, 778.0, 632.0]
[32.0, 144.0, 811.0, 728.0]
[64.0, 112.0, 844.0, 697.0]
[48.0, 80.0, 829.0, 666.0]
[64.0, 96.0, 846.0, 682.0]
[16.0, 96.0, 799.0, 683.0]
[32.0, 128.0, 816.0, 716.0]
[16.0, 32.0, 801.0, 621.0]
[32.0, 80.0, 818.0, 670.0]
[64.0, 80.0, 851.0, 670.0]
[32.0, 80.0, 820.0, 671.0]
[32.0, 112.0, 821.0, 704.0]
[48.0, 112.0, 838.0, 704.0]
[16.0, 144.0, 807.0, 737.0]
[16.0, 128.0, 808.0, 722.0]
[0.0, 144.0, 793.0, 739.0]
[32.0, 96.0, 826.0, 692.0]
[16.0, 96.0, 811.0, 692.0]
[32.0, 112.0, 828.0, 709.0]
[32.0, 48.0, 829.0, 646.0]
[16.0, 32.0, 814.0, 630.0]
[32.0, 144.0, 831.0, 743.0]
[16.0, 144.0, 816.0, 744.0]
[48.0, 144.0, 849.0, 745.0]
[0.0, 96.0, 802.0, 698.0]
[32.0, 96.0, 835.0, 698.0]
[16.0, 16.0, 820.0, 619.0]
[16.0, 96.0, 821.0, 700.0]
[32.0, 96.0, 838.0, 700.0]
[0.0, 128.0, 807.0, 733.0]
[16.0, 96.0, 824.0, 702.0]
[48.0, 144.0, 857.0, 751.0]
[32.0, 144.0, 842.0, 752.0]
[16.0, 16.0, 827.0, 624.0]
[48.0, 80.0, 860.0, 689.0]
[0.0, 80.0, 813.0, 690.0]
[32.0, 64.0, 846.0, 674.0]
[0.0, 80.0, 815.0, 691.0]
[64.0, 48.0, 880.0, 660.0]
[48.0, 80.0, 865.0, 693.0]
[0.0, 32.0, 818.0, 646.0]
[48.0, 32.0, 867.0, 646.0]
[0.0, 48.0, 820.0, 663.0]
[48.0, 128.0, 869.0, 744.0]
[64.0, 32.0, 886.0, 648.0]
[16.0, 32.0, 839.0, 649.0]
[64.0, 112.0, 888.0, 730.0]
[48.0, 48.0, 873.0, 667.0]
[0.0, 48.0, 826.0, 668.0]
[48.0, 128.0, 875.0, 748.0]
[0.0, 80.0, 828.0, 701.0]
[48.0, 48.0, 877.0, 670.0]
[64.0, 32.0, 894.0, 654.0]
[48.0, 112.0, 879.0, 735.0]
[16.0, 16.0, 848.0, 640.0]
[32.0, 112.0, 865.0, 737.0]
[16.0, 64.0, 850.0, 690.0]
[0.0, 64.0, 835.0, 690.0]
[48.0, 48.0, 884.0, 675.0]
[16.0, 128.0, 853.0, 756.0]
[0.0, 48.0, 838.0, 676.0]
[0.0, 16.0, 839.0, 645.0]
[16.0, 48.0, 856.0, 678.0]
[48.0, 16.0, 889.0, 647.0]
[16.0, 96.0, 858.0, 728.0]
[48.0, 48.0, 891.0, 680.0]
[32.0, 64.0, 876.0, 697.0]
[0.0, 48.0, 845.0, 682.0]
[32.0, 64.0, 878.0, 698.0]
[32.0, 112.0, 879.0, 747.0]
[0.0, 16.0, 848.0, 652.0]
[48.0, 16.0, 897.0, 653.0]
[16.0, 16.0, 866.0, 654.0]
[16.0, 16.0, 867.0, 654.0]
[64.0, 64.0, 916.0, 703.0]
[0.0, 112.0, 853.0, 752.0]
[64.0, 96.0, 918.0, 736.0]
[48.0, 32.0, 903.0, 673.0]
[32.0, 112.0, 888.0, 754.0]
[32.0, 112.0, 889.0, 755.0]
[32.0, 64.0, 890.0, 708.0]
[32.0, 80.0, 891.0, 724.0]
[0.0, 32.0, 860.0, 677.0]
[32.0, 48.0, 893.0, 694.0]
[32.0, 64.0, 894.0, 710.0]
[32.0, 80.0, 895.0, 727.0]
[0.0, 16.0, 864.0, 664.0]
[48.0, 48.0, 913.0, 697.0]
[64.0, 80.0, 930.0, 730.0]
[0.0, 16.0, 867.0, 666.0]
[32.0, 64.0, 900.0, 715.0]
[32.0, 16.0, 901.0, 668.0]
[0.0, 64.0, 870.0, 716.0]
[48.0, 80.0, 919.0, 733.0]
[32.0, 32.0, 904.0, 686.0]
[16.0, 80.0, 889.0, 735.0]
[0.0, 48.0, 874.0, 704.0]
[16.0, 48.0, 891.0, 704.0]
[48.0, 48.0, 924.0, 705.0]
[0.0, 32.0, 877.0, 690.0]
[16.0, 48.0, 894.0, 706.0]
[16.0, 80.0, 895.0, 739.0]
[48.0, 80.0, 928.0, 740.0]
[48.0, 64.0, 929.0, 725.0]
[0.0, 80.0, 882.0, 742.0]
[16.0, 64.0, 899.0, 726.0]
[32.0, 32.0, 916.0, 695.0]
[0.0, 32.0, 885.0, 696.0]
[16.0, 32.0, 902.0, 696.0]
[48.0, 64.0, 935.0, 729.0]
[16.0, 16.0, 904.0, 682.0]
[16.0, 48.0, 905.0, 715.0]
[48.0, 64.0, 938.0, 732.0]
[32.0, 32.0, 923.0, 700.0]
[48.0, 64.0, 940.0, 733.0]
[16.0, 48.0, 909.0, 718.0]
[32.0, 64.0, 926.0, 734.0]
[32.0, 16.0, 927.0, 687.0]
[48.0, 32.0, 944.0, 704.0]
[16.0, 64.0, 913.0, 737.0]
[32.0, 32.0, 930.0, 706.0]
[0.0, 16.0, 899.0, 690.0]
[32.0, 64.0, 932.0, 739.0]
[16.0, 32.0, 917.0, 708.0]
[32.0, 48.0, 934.0, 724.0]
[32.0, 16.0, 935.0, 693.0]
[48.0, 64.0, 952.0, 742.0]
[16.0, 64.0, 921.0, 743.0]
[0.0, 32.0, 906.0, 712.0]
[32.0, 64.0, 939.0, 744.0]
[16.0, 32.0, 924.0, 713.0]
[48.0, 64.0, 957.0, 746.0]
[0.0, 16.0, 910.0, 698.0]
[0.0, 32.0, 911.0, 715.0]
[48.0, 64.0, 960.0, 748.0]
[48.0, 32.0, 961.0, 717.0]
[0.0, 64.0, 914.0, 750.0]
[32.0, 64.0, 947.0, 750.0]
[16.0, 16.0, 932.0, 703.0]
[48.0, 48.0, 965.0, 736.0]
[0.0, 48.0, 918.0, 736.0]
[0.0, 16.0, 919.0, 705.0]
[32.0, 32.0, 952.0, 722.0]
[0.0, 32.0, 921.0, 723.0]
[48.0, 32.0, 970.0, 724.0]
[0.0, 32.0, 923.0, 724.0]
[0.0, 32.0, 924.0, 725.0]
[32.0, 32.0, 957.0, 726.0]
[32.0, 48.0, 958.0, 742.0]
[48.0, 48.0, 975.0, 743.0]
[0.0, 32.0, 928.0, 728.0]
[32.0, 32.0, 961.0, 729.0]
[32.0, 48.0, 962.0, 746.0]
[0.0, 48.0, 931.0, 746.0]
[32.0, 48.0, 964.0, 747.0]
[16.0, 32.0, 949.0, 732.0]
[16.0, 48.0, 950.0, 748.0]
[32.0, 48.0, 967.0, 749.0]
[32.0, 48.0, 968.0, 750.0]
[32.0, 48.0, 969.0, 751.0]
[32.0, 32.0, 970.0, 736.0]
[32.0, 32.0, 971.0, 736.0]
[32.0, 32.0, 972.0, 737.0]
[32.0, 32.0, 973.0, 738.0]
[32.0, 32.0, 974.0, 738.0]
[16.0, 32.0, 959.0, 739.0]
[16.0, 32.0, 960.0, 740.0]
[16.0, 32.0, 961.0, 741.0]
[16.0, 32.0, 962.0, 742.0]
[0.0, 32.0, 947.0, 742.0]
[48.0, 32.0, 996.0, 743.0]
[16.0, 32.0, 965.0, 744.0]
[48.0, 32.0, 998.0, 744.0]
[16.0, 32.0, 967.0, 745.0]
[16.0, 32.0, 968.0, 746.0]
[16.0, 32.0, 969.0, 747.0]
[16.0, 32.0, 970.0, 748.0]
[0.0, 32.0, 955.0, 748.0]
[16.0, 32.0, 972.0, 749.0]
