[208.0, 32.0, 925.0, 570.0]
[176.0, 0.0, 894.0, 538.0]
[208.0, 32.0, 927.0, 571.0]
[192.0, 48.0, 912.0, 588.0]
[208.0, 0.0, 929.0, 541.0]
[272.0, 32.0, 994.0, 574.0]
[192.0, 16.0, 915.0, 558.0]
[288.0, 16.0, 1012.0, 559.0]
[240.0, 32.0, 965.0, 576.0]
[208.0, 32.0, 934.0, 576.0]
[208.0, 48.0, 935.0, 593.0]
[192.0, 0.0, 920.0, 546.0]
[208.0, 32.0, 937.0, 579.0]
[256.0, 16.0, 986.0, 564.0]
[208.0, 48.0, 939.0, 596.0]
[208.0, 0.0, 940.0, 549.0]
[256.0, 0.0, 989.0, 550.0]
[272.0, 32.0, 1006.0, 582.0]
[288.0, 16.0, 1023.0, 567.0]
[288.0, 16.0, 1024.0, 568.0]
[176.0, 16.0, 913.0, 569.0]
[256.0, 0.0, 994.0, 554.0]
[208.0, 16.0, 947.0, 570.0]
[176.0, 32.0, 916.0, 587.0]
[240.0, 0.0, 981.0, 556.0]
[256.0, 32.0, 998.0, 588.0]
[208.0, 16.0, 951.0, 573.0]
[272.0, 0.0, 1016.0, 558.0]
[256.0, 0.0, 1001.0, 559.0]
[192.0, 16.0, 938.0, 576.0]
[256.0, 0.0, 1003.0, 560.0]
[192.0, 0.0, 940.0, 561.0]
[192.0, 0.0, 941.0, 562.0]
[272.0, 0.0, 1022.0, 562.0]
[224.0, 0.0, 975.0, 563.0]
[224.0, 48.0, 976.0, 612.0]
[192.0, 16.0, 945.0, 581.0]
[256.0, 0.0, 1010.0, 566.0]
[224.0, 16.0, 979.0, 582.0]
[176.0, 0.0, 932.0, 567.0]
[240.0, 48.0, 997.0, 616.0]
[240.0, 32.0, 998.0, 600.0]
[208.0, 48.0, 967.0, 617.0]
[208.0, 32.0, 968.0, 602.0]
[240.0, 16.0, 1001.0, 587.0]
[240.0, 32.0, 1002.0, 604.0]
[256.0, 16.0, 1019.0, 588.0]
[224.0, 16.0, 988.0, 589.0]
[192.0, 0.0, 957.0, 574.0]
[240.0, 32.0, 1006.0, 606.0]
[240.0, 16.0, 1007.0, 591.0]
[240.0, 16.0, 1008.0, 592.0]
[224.0, 16.0, 993.0, 593.0]
[224.0, 48.0, 994.0, 626.0]
[240.0, 0.0, 1011.0, 578.0]
[240.0, 0.0, 1012.0, 579.0]
[176.0, 16.0, 949.0, 596.0]
[240.0, 0.0, 1014.0, 580.0]
[208.0, 48.0, 983.0, 629.0]
[208.0, 48.0, 984.0, 630.0]
[192.0, 16.0, 969.0, 599.0]
[176.0, 0.0, 954.0, 584.0]
[224.0, 32.0, 1003.0, 616.0]
[176.0, 0.0, 956.0, 585.0]
[192.0, 0.0, 973.0, 586.0]
[176.0, 32.0, 958.0, 618.0]
[176.0, 16.0, 959.0, 603.0]
[208.0, 0.0, 992.0, 588.0]
[192.0, 16.0, 977.0, 605.0]
[176.0, 0.0, 962.0, 590.0]
[208.0, 16.0, 995.0, 606.0]
[224.0, 32.0, 1012.0, 623.0]
[192.0, 0.0, 981.0, 592.0]
[224.0, 32.0, 1014.0, 624.0]
[192.0, 32.0, 983.0, 625.0]
[224.0, 0.0, 1016.0, 594.0]
[208.0, 16.0, 1001.0, 611.0]
[208.0, 16.0, 1002.0, 612.0]
[224.0, 0.0, 1019.0, 596.0]
[208.0, 16.0, 1004.0, 613.0]
[192.0, 16.0, 989.0, 614.0]
[192.0, 32.0, 990.0, 630.0]
[224.0, 16.0, 1023.0, 615.0]
[176.0, 32.0, 976.0, 632.0]
[192.0, 32.0, 993.0, 633.0]
[176.0, 32.0, 978.0, 634.0]
[192.0, 0.0, 995.0, 602.0]
[192.0, 0.0, 996.0, 603.0]
[208.0, 32.0, 1013.0, 636.0]
[192.0, 16.0, 998.0, 620.0]
[176.0, 0.0, 983.0, 605.0]
[208.0, 16.0, 1016.0, 622.0]
[208.0, 16.0, 1017.0, 623.0]
[192.0, 0.0, 1002.0, 608.0]
[208.0, 0.0, 1019.0, 608.0]
[208.0, 16.0, 1020.0, 625.0]
[192.0, 16.0, 1005.0, 626.0]
[192.0, 16.0, 1006.0, 626.0]
[192.0, 0.0, 1007.0, 611.0]
[192.0, 0.0, 1008.0, 612.0]
