[96.0, 64.0, 813.0, 602.0]
[48.0, 64.0, 766.0, 602.0]
[64.0, 0.0, 783.0, 539.0]
[96.0, 0.0, 816.0, 540.0]
[160.0, 16.0, 881.0, 557.0]
[160.0, 0.0, 882.0, 542.0]
[64.0, 32.0, 787.0, 574.0]
[48.0, 64.0, 772.0, 607.0]
[80.0, 16.0, 805.0, 560.0]
[192.0, 48.0, 918.0, 592.0]
[0.0, 32.0, 727.0, 577.0]
[32.0, 48.0, 760.0, 594.0]
[0.0, 16.0, 729.0, 563.0]
[112.0, 64.0, 842.0, 612.0]
[64.0, 32.0, 795.0, 580.0]
[112.0, 48.0, 844.0, 597.0]
[144.0, 0.0, 877.0, 550.0]
[96.0, 48.0, 830.0, 598.0]
[80.0, 0.0, 815.0, 551.0]
[96.0, 0.0, 832.0, 552.0]
[112.0, 16.0, 849.0, 569.0]
[80.0, 0.0, 818.0, 554.0]
[48.0, 0.0, 787.0, 554.0]
[80.0, 16.0, 820.0, 571.0]
[96.0, 16.0, 837.0, 572.0]
[0.0, 16.0, 742.0, 572.0]
[0.0, 32.0, 743.0, 589.0]
[192.0, 32.0, 936.0, 590.0]
[96.0, 64.0, 841.0, 623.0]
[144.0, 64.0, 890.0, 624.0]
[64.0, 16.0, 811.0, 576.0]
[160.0, 32.0, 908.0, 593.0]
[80.0, 48.0, 829.0, 610.0]
[16.0, 16.0, 766.0, 578.0]
[80.0, 64.0, 831.0, 627.0]
[144.0, 0.0, 896.0, 564.0]
[64.0, 0.0, 817.0, 565.0]
[144.0, 48.0, 898.0, 614.0]
[112.0, 48.0, 867.0, 614.0]
[128.0, 0.0, 884.0, 567.0]
[144.0, 32.0, 901.0, 600.0]
[160.0, 16.0, 918.0, 584.0]
[64.0, 48.0, 823.0, 617.0]
[0.0, 0.0, 760.0, 570.0]
[48.0, 48.0, 809.0, 619.0]
[0.0, 16.0, 762.0, 588.0]
[80.0, 48.0, 843.0, 620.0]
[160.0, 16.0, 924.0, 589.0]
[16.0, 48.0, 781.0, 622.0]
[112.0, 48.0, 878.0, 622.0]
[32.0, 16.0, 799.0, 591.0]
[128.0, 48.0, 896.0, 624.0]
[32.0, 16.0, 801.0, 593.0]
[48.0, 48.0, 818.0, 626.0]
[64.0, 0.0, 835.0, 578.0]
[112.0, 0.0, 884.0, 579.0]
[96.0, 32.0, 869.0, 612.0]
[128.0, 32.0, 902.0, 612.0]
[128.0, 0.0, 903.0, 581.0]
[32.0, 0.0, 808.0, 582.0]
[16.0, 32.0, 793.0, 615.0]
[48.0, 0.0, 826.0, 584.0]
[176.0, 0.0, 955.0, 584.0]
[48.0, 48.0, 828.0, 633.0]
[160.0, 32.0, 941.0, 618.0]
[144.0, 48.0, 926.0, 634.0]
[48.0, 16.0, 831.0, 603.0]
[96.0, 0.0, 880.0, 588.0]
[16.0, 48.0, 801.0, 637.0]
[80.0, 32.0, 866.0, 622.0]
[96.0, 48.0, 883.0, 638.0]
[112.0, 16.0, 900.0, 607.0]
[80.0, 48.0, 869.0, 640.0]
[48.0, 48.0, 838.0, 640.0]
[16.0, 0.0, 807.0, 593.0]
[96.0, 16.0, 888.0, 610.0]
[112.0, 48.0, 905.0, 643.0]
[80.0, 64.0, 874.0, 660.0]
[32.0, 0.0, 827.0, 596.0]
[48.0, 16.0, 844.0, 613.0]
[128.0, 0.0, 925.0, 598.0]
[48.0, 48.0, 846.0, 646.0]
[96.0, 64.0, 895.0, 663.0]
[128.0, 16.0, 928.0, 616.0]
[112.0, 32.0, 913.0, 633.0]
[144.0, 16.0, 946.0, 618.0]
[96.0, 0.0, 899.0, 602.0]
[16.0, 0.0, 820.0, 603.0]
[32.0, 32.0, 837.0, 636.0]
[48.0, 64.0, 854.0, 668.0]
[0.0, 0.0, 807.0, 605.0]
[112.0, 48.0, 920.0, 654.0]
[128.0, 32.0, 937.0, 639.0]
[48.0, 16.0, 858.0, 624.0]
[112.0, 0.0, 923.0, 608.0]
[96.0, 0.0, 908.0, 609.0]
[16.0, 48.0, 829.0, 658.0]
[32.0, 48.0, 846.0, 658.0]
[128.0, 16.0, 943.0, 627.0]
[32.0, 0.0, 848.0, 612.0]
[48.0, 64.0, 865.0, 677.0]
[16.0, 32.0, 834.0, 646.0]
[32.0, 16.0, 851.0, 630.0]
[48.0, 32.0, 868.0, 647.0]
[16.0, 0.0, 837.0, 616.0]
[80.0, 16.0, 902.0, 632.0]
[16.0, 16.0, 839.0, 633.0]
[0.0, 0.0, 824.0, 618.0]
[112.0, 32.0, 937.0, 651.0]
[64.0, 0.0, 890.0, 620.0]
[80.0, 32.0, 907.0, 652.0]
[64.0, 32.0, 892.0, 653.0]
[80.0, 16.0, 909.0, 638.0]
[112.0, 0.0, 942.0, 622.0]
[96.0, 48.0, 927.0, 671.0]
[64.0, 32.0, 896.0, 656.0]
[0.0, 0.0, 833.0, 625.0]
[64.0, 16.0, 898.0, 642.0]
[80.0, 48.0, 915.0, 674.0]
[0.0, 32.0, 836.0, 659.0]
[96.0, 0.0, 933.0, 628.0]
[96.0, 32.0, 934.0, 660.0]
[96.0, 32.0, 935.0, 661.0]
[32.0, 16.0, 872.0, 646.0]
[80.0, 16.0, 921.0, 647.0]
[48.0, 32.0, 890.0, 664.0]
[64.0, 48.0, 907.0, 680.0]
[16.0, 32.0, 860.0, 665.0]
[16.0, 16.0, 861.0, 650.0]
[112.0, 0.0, 958.0, 634.0]
[64.0, 0.0, 911.0, 635.0]
[80.0, 32.0, 928.0, 668.0]
[80.0, 0.0, 929.0, 637.0]
[16.0, 0.0, 866.0, 638.0]
[0.0, 0.0, 851.0, 638.0]
[32.0, 16.0, 884.0, 655.0]
[80.0, 0.0, 933.0, 640.0]
[64.0, 0.0, 918.0, 640.0]
[96.0, 32.0, 951.0, 673.0]
[80.0, 16.0, 936.0, 658.0]
[64.0, 32.0, 921.0, 675.0]
[64.0, 32.0, 922.0, 676.0]
[16.0, 32.0, 875.0, 676.0]
[32.0, 16.0, 892.0, 661.0]
[32.0, 32.0, 893.0, 678.0]
[80.0, 32.0, 942.0, 678.0]
[64.0, 0.0, 927.0, 647.0]
[48.0, 32.0, 912.0, 680.0]
[48.0, 16.0, 913.0, 665.0]
[80.0, 0.0, 946.0, 650.0]
[80.0, 16.0, 947.0, 666.0]
[64.0, 16.0, 932.0, 667.0]
[64.0, 32.0, 933.0, 684.0]
[32.0, 16.0, 902.0, 668.0]
[0.0, 16.0, 871.0, 669.0]
[32.0, 0.0, 904.0, 654.0]
[32.0, 0.0, 905.0, 655.0]
[48.0, 16.0, 922.0, 672.0]
[16.0, 0.0, 891.0, 656.0]
[16.0, 16.0, 892.0, 673.0]
[64.0, 0.0, 941.0, 658.0]
[80.0, 0.0, 958.0, 658.0]
[16.0, 0.0, 895.0, 659.0]
[0.0, 0.0, 880.0, 660.0]
[0.0, 0.0, 881.0, 661.0]
[16.0, 0.0, 898.0, 662.0]
[16.0, 0.0, 899.0, 662.0]
[48.0, 16.0, 932.0, 679.0]
[0.0, 16.0, 885.0, 680.0]
[32.0, 16.0, 918.0, 680.0]
[48.0, 16.0, 935.0, 681.0]
[16.0, 16.0, 904.0, 682.0]
[64.0, 16.0, 953.0, 683.0]
[16.0, 16.0, 906.0, 684.0]
[16.0, 16.0, 907.0, 684.0]
[48.0, 0.0, 940.0, 669.0]
[0.0, 0.0, 893.0, 670.0]
[32.0, 0.0, 926.0, 670.0]
[48.0, 0.0, 943.0, 671.0]
[48.0, 0.0, 944.0, 672.0]
[48.0, 0.0, 945.0, 673.0]
[16.0, 0.0, 914.0, 674.0]
[32.0, 0.0, 931.0, 674.0]
[48.0, 0.0, 948.0, 675.0]
[16.0, 0.0, 917.0, 676.0]
[0.0, 0.0, 902.0, 676.0]
[0.0, 0.0, 903.0, 677.0]
[16.0, 0.0, 920.0, 678.0]
[16.0, 0.0, 921.0, 679.0]
[0.0, 0.0, 906.0, 680.0]
[32.0, 0.0, 939.0, 680.0]
[32.0, 0.0, 940.0, 681.0]
[32.0, 0.0, 941.0, 682.0]
[32.0, 0.0, 942.0, 682.0]
[32.0, 0.0, 943.0, 683.0]
[16.0, 0.0, 928.0, 684.0]
