[48.0, 96.0, 635.0, 879.0]
[192.0, 48.0, 780.0, 832.0]
[112.0, 80.0, 701.0, 865.0]
[112.0, 96.0, 702.0, 882.0]
[112.0, 48.0, 702.0, 835.0]
[224.0, 64.0, 815.0, 852.0]
[208.0, 80.0, 800.0, 869.0]
[208.0, 112.0, 800.0, 902.0]
[112.0, 112.0, 705.0, 903.0]
[176.0, 48.0, 770.0, 840.0]
[112.0, 96.0, 707.0, 889.0]
[96.0, 64.0, 692.0, 858.0]
[48.0, 64.0, 644.0, 859.0]
[192.0, 64.0, 789.0, 860.0]
[80.0, 48.0, 678.0, 845.0]
[144.0, 32.0, 742.0, 830.0]
[128.0, 64.0, 727.0, 863.0]
[144.0, 112.0, 744.0, 912.0]
[128.0, 64.0, 729.0, 865.0]
[32.0, 64.0, 634.0, 866.0]
[128.0, 80.0, 730.0, 883.0]
[128.0, 48.0, 731.0, 852.0]
[32.0, 48.0, 636.0, 853.0]
[176.0, 112.0, 780.0, 918.0]
[176.0, 16.0, 781.0, 823.0]
[224.0, 64.0, 830.0, 872.0]
[224.0, 48.0, 831.0, 857.0]
[48.0, 32.0, 656.0, 842.0]
[80.0, 32.0, 688.0, 843.0]
[224.0, 64.0, 833.0, 876.0]
[48.0, 80.0, 658.0, 893.0]
[96.0, 80.0, 706.0, 894.0]
[128.0, 80.0, 739.0, 895.0]
[224.0, 80.0, 836.0, 896.0]
[144.0, 80.0, 757.0, 897.0]
[112.0, 112.0, 726.0, 930.0]
[176.0, 80.0, 790.0, 899.0]
[176.0, 80.0, 791.0, 900.0]
[64.0, 112.0, 680.0, 933.0]
[176.0, 80.0, 792.0, 902.0]
[64.0, 32.0, 681.0, 855.0]
[128.0, 112.0, 746.0, 936.0]
[80.0, 64.0, 699.0, 889.0]
[160.0, 16.0, 780.0, 842.0]
[128.0, 96.0, 748.0, 923.0]
[128.0, 96.0, 749.0, 924.0]
[208.0, 16.0, 830.0, 845.0]
[96.0, 64.0, 718.0, 894.0]
[208.0, 32.0, 831.0, 863.0]
[128.0, 48.0, 752.0, 880.0]
[144.0, 32.0, 769.0, 865.0]
[96.0, 112.0, 722.0, 946.0]
[208.0, 64.0, 834.0, 899.0]
[80.0, 80.0, 707.0, 916.0]
[80.0, 96.0, 708.0, 933.0]
[16.0, 48.0, 644.0, 886.0]
[80.0, 48.0, 709.0, 887.0]
[176.0, 80.0, 806.0, 920.0]
[96.0, 32.0, 727.0, 873.0]
[80.0, 0.0, 712.0, 842.0]
[48.0, 48.0, 680.0, 891.0]
[112.0, 0.0, 745.0, 844.0]
[144.0, 48.0, 778.0, 893.0]
[160.0, 16.0, 794.0, 862.0]
[112.0, 96.0, 747.0, 943.0]
[176.0, 96.0, 812.0, 944.0]
[48.0, 112.0, 685.0, 961.0]
[128.0, 16.0, 766.0, 866.0]
[32.0, 48.0, 670.0, 899.0]
[208.0, 32.0, 847.0, 884.0]
[144.0, 48.0, 784.0, 901.0]
[64.0, 48.0, 704.0, 902.0]
[160.0, 16.0, 801.0, 871.0]
[32.0, 32.0, 674.0, 888.0]
[80.0, 96.0, 723.0, 953.0]
[160.0, 48.0, 804.0, 906.0]
[80.0, 0.0, 724.0, 859.0]
[64.0, 32.0, 709.0, 892.0]
[144.0, 96.0, 790.0, 957.0]
[192.0, 48.0, 838.0, 910.0]
[48.0, 96.0, 695.0, 959.0]
[112.0, 16.0, 760.0, 880.0]
[176.0, 64.0, 825.0, 929.0]
[208.0, 64.0, 858.0, 930.0]
[32.0, 80.0, 682.0, 947.0]
[144.0, 16.0, 795.0, 884.0]
[16.0, 16.0, 668.0, 885.0]
[128.0, 64.0, 780.0, 934.0]
[128.0, 0.0, 781.0, 871.0]
[80.0, 96.0, 734.0, 968.0]
[112.0, 32.0, 767.0, 905.0]
[144.0, 112.0, 800.0, 986.0]
[208.0, 32.0, 864.0, 907.0]
[96.0, 112.0, 753.0, 988.0]
[176.0, 96.0, 834.0, 973.0]
[144.0, 80.0, 802.0, 958.0]
[176.0, 64.0, 835.0, 943.0]
[32.0, 48.0, 692.0, 928.0]
[176.0, 80.0, 837.0, 961.0]
[48.0, 32.0, 710.0, 914.0]
[64.0, 0.0, 726.0, 883.0]
[80.0, 112.0, 743.0, 996.0]
[144.0, 112.0, 808.0, 997.0]
[16.0, 0.0, 680.0, 886.0]
[128.0, 32.0, 793.0, 919.0]
[176.0, 48.0, 842.0, 936.0]
[48.0, 16.0, 715.0, 905.0]
[32.0, 32.0, 700.0, 922.0]
[176.0, 32.0, 844.0, 923.0]
[112.0, 16.0, 781.0, 908.0]
[48.0, 80.0, 718.0, 973.0]
[48.0, 112.0, 718.0, 1006.0]
[48.0, 48.0, 719.0, 943.0]
[48.0, 32.0, 720.0, 928.0]
[48.0, 32.0, 721.0, 929.0]
[32.0, 48.0, 706.0, 946.0]
[32.0, 16.0, 706.0, 915.0]
[128.0, 0.0, 803.0, 900.0]
[96.0, 64.0, 772.0, 965.0]
[128.0, 112.0, 804.0, 1014.0]
[112.0, 32.0, 789.0, 935.0]
[0.0, 16.0, 678.0, 920.0]
[176.0, 32.0, 855.0, 937.0]
[128.0, 96.0, 808.0, 1002.0]
[64.0, 32.0, 744.0, 939.0]
[16.0, 48.0, 697.0, 956.0]
[0.0, 16.0, 682.0, 925.0]
[80.0, 0.0, 762.0, 910.0]
[176.0, 64.0, 859.0, 975.0]
[16.0, 0.0, 700.0, 912.0]
[144.0, 96.0, 829.0, 1009.0]
[48.0, 48.0, 734.0, 962.0]
[64.0, 16.0, 750.0, 931.0]
[80.0, 16.0, 767.0, 932.0]
[0.0, 16.0, 688.0, 933.0]
[176.0, 16.0, 864.0, 934.0]
[144.0, 16.0, 833.0, 935.0]
[32.0, 64.0, 722.0, 984.0]
[48.0, 48.0, 739.0, 969.0]
[144.0, 16.0, 836.0, 938.0]
[112.0, 32.0, 804.0, 955.0]
[112.0, 64.0, 805.0, 988.0]
[176.0, 48.0, 870.0, 973.0]
[80.0, 96.0, 774.0, 1022.0]
[16.0, 64.0, 711.0, 991.0]
[48.0, 16.0, 744.0, 944.0]
[176.0, 48.0, 873.0, 977.0]
[96.0, 16.0, 794.0, 946.0]
[48.0, 48.0, 746.0, 979.0]
[48.0, 32.0, 747.0, 964.0]
[80.0, 32.0, 780.0, 965.0]
[160.0, 32.0, 860.0, 966.0]
[176.0, 32.0, 877.0, 967.0]
[64.0, 0.0, 766.0, 936.0]
[80.0, 0.0, 783.0, 937.0]
[128.0, 64.0, 832.0, 1002.0]
[48.0, 80.0, 752.0, 1019.0]
[32.0, 80.0, 737.0, 1020.0]
[128.0, 32.0, 834.0, 973.0]
[80.0, 48.0, 786.0, 990.0]
[80.0, 32.0, 787.0, 975.0]
[112.0, 48.0, 820.0, 992.0]
[32.0, 16.0, 741.0, 961.0]
[80.0, 0.0, 790.0, 946.0]
[64.0, 0.0, 774.0, 947.0]
[64.0, 64.0, 775.0, 1012.0]
[0.0, 48.0, 712.0, 997.0]
[32.0, 0.0, 744.0, 950.0]
[144.0, 32.0, 857.0, 983.0]
[160.0, 16.0, 874.0, 968.0]
[128.0, 32.0, 843.0, 985.0]
[96.0, 48.0, 812.0, 1002.0]
[64.0, 32.0, 780.0, 987.0]
[128.0, 48.0, 845.0, 1004.0]
[112.0, 0.0, 830.0, 957.0]
[0.0, 0.0, 718.0, 958.0]
[80.0, 32.0, 799.0, 991.0]
[48.0, 48.0, 768.0, 1008.0]
[112.0, 48.0, 833.0, 1009.0]
[80.0, 16.0, 802.0, 978.0]
[48.0, 32.0, 770.0, 995.0]
[128.0, 48.0, 851.0, 1012.0]
[80.0, 16.0, 804.0, 981.0]
[128.0, 0.0, 852.0, 966.0]
[144.0, 16.0, 869.0, 983.0]
[96.0, 0.0, 822.0, 968.0]
[96.0, 32.0, 823.0, 1001.0]
[80.0, 0.0, 808.0, 970.0]
[32.0, 32.0, 760.0, 1003.0]
[80.0, 0.0, 809.0, 972.0]
[80.0, 48.0, 810.0, 1021.0]
[32.0, 32.0, 762.0, 1006.0]
[96.0, 0.0, 827.0, 975.0]
[128.0, 16.0, 860.0, 992.0]
[32.0, 32.0, 765.0, 1009.0]
[80.0, 16.0, 814.0, 994.0]
[128.0, 16.0, 862.0, 995.0]
[96.0, 0.0, 831.0, 980.0]
[96.0, 32.0, 832.0, 1013.0]
[80.0, 16.0, 816.0, 998.0]
[64.0, 0.0, 801.0, 983.0]
[64.0, 32.0, 802.0, 1016.0]
[32.0, 0.0, 771.0, 985.0]
[96.0, 0.0, 836.0, 986.0]
[112.0, 0.0, 852.0, 987.0]
[80.0, 0.0, 821.0, 988.0]
[48.0, 16.0, 790.0, 1005.0]
[16.0, 32.0, 758.0, 1022.0]
[64.0, 0.0, 807.0, 991.0]
[96.0, 16.0, 840.0, 1008.0]
[80.0, 16.0, 825.0, 1009.0]
[32.0, 16.0, 778.0, 1010.0]
[0.0, 0.0, 746.0, 995.0]
[0.0, 16.0, 747.0, 1012.0]
[0.0, 0.0, 748.0, 997.0]
[128.0, 0.0, 876.0, 998.0]
[112.0, 16.0, 861.0, 1015.0]
[64.0, 0.0, 814.0, 1000.0]
[128.0, 0.0, 879.0, 1001.0]
[0.0, 16.0, 752.0, 1018.0]
[16.0, 16.0, 768.0, 1019.0]
[80.0, 0.0, 833.0, 1004.0]
[16.0, 0.0, 770.0, 1005.0]
[64.0, 16.0, 818.0, 1022.0]
[64.0, 16.0, 819.0, 1023.0]
[80.0, 0.0, 836.0, 1008.0]
[32.0, 0.0, 789.0, 1009.0]
[32.0, 0.0, 790.0, 1010.0]
[48.0, 0.0, 806.0, 1011.0]
[80.0, 0.0, 839.0, 1012.0]
[48.0, 0.0, 808.0, 1013.0]
[96.0, 0.0, 856.0, 1014.0]
[0.0, 0.0, 761.0, 1015.0]
[96.0, 0.0, 858.0, 1016.0]
[80.0, 0.0, 843.0, 1017.0]
[0.0, 0.0, 764.0, 1018.0]
[32.0, 0.0, 796.0, 1019.0]
[16.0, 0.0, 781.0, 1020.0]
[80.0, 0.0, 846.0, 1021.0]
[80.0, 0.0, 846.0, 1022.0]
[48.0, 0.0, 815.0, 1023.0]
[16.0, 0.0, 784.0, 1024.0]
