[160.0, 64.0, 901.0, 620.0]
[160.0, 32.0, 902.0, 588.0]
[128.0, 96.0, 871.0, 653.0]
[144.0, 48.0, 888.0, 606.0]
[144.0, 32.0, 889.0, 591.0]
[176.0, 64.0, 922.0, 624.0]
[96.0, 48.0, 843.0, 608.0]
[208.0, 64.0, 956.0, 625.0]
[48.0, 32.0, 797.0, 594.0]
[112.0, 80.0, 862.0, 642.0]
[192.0, 80.0, 943.0, 643.0]
[208.0, 96.0, 960.0, 660.0]
[160.0, 48.0, 913.0, 613.0]
[144.0, 48.0, 898.0, 614.0]
[32.0, 80.0, 787.0, 646.0]
[112.0, 16.0, 868.0, 583.0]
[48.0, 80.0, 805.0, 648.0]
[224.0, 48.0, 982.0, 616.0]
[208.0, 80.0, 967.0, 649.0]
[224.0, 48.0, 984.0, 618.0]
[144.0, 32.0, 905.0, 603.0]
[224.0, 80.0, 986.0, 652.0]
[112.0, 96.0, 875.0, 668.0]
[128.0, 64.0, 892.0, 637.0]
[32.0, 48.0, 797.0, 622.0]
[48.0, 32.0, 814.0, 606.0]
[160.0, 16.0, 927.0, 591.0]
[224.0, 64.0, 992.0, 640.0]
[240.0, 80.0, 1009.0, 657.0]
[208.0, 64.0, 978.0, 642.0]
[208.0, 48.0, 979.0, 626.0]
[176.0, 80.0, 948.0, 659.0]
[176.0, 96.0, 949.0, 676.0]
[64.0, 48.0, 838.0, 628.0]
[240.0, 32.0, 1015.0, 613.0]
[192.0, 64.0, 968.0, 646.0]
[128.0, 32.0, 905.0, 615.0]
[144.0, 80.0, 922.0, 664.0]
[240.0, 48.0, 1019.0, 632.0]
[144.0, 80.0, 924.0, 665.0]
[32.0, 16.0, 813.0, 602.0]
[192.0, 32.0, 974.0, 618.0]
[96.0, 16.0, 879.0, 603.0]
[224.0, 64.0, 1008.0, 652.0]
[96.0, 64.0, 881.0, 653.0]
[64.0, 48.0, 850.0, 638.0]
[208.0, 16.0, 995.0, 606.0]
[64.0, 0.0, 852.0, 591.0]
[224.0, 48.0, 1013.0, 640.0]
[0.0, 48.0, 790.0, 640.0]
[160.0, 0.0, 951.0, 593.0]
[32.0, 48.0, 824.0, 642.0]
[192.0, 0.0, 985.0, 595.0]
[48.0, 80.0, 842.0, 676.0]
[176.0, 48.0, 971.0, 644.0]
[144.0, 48.0, 940.0, 645.0]
[48.0, 48.0, 845.0, 646.0]
[64.0, 32.0, 862.0, 630.0]
[96.0, 48.0, 895.0, 647.0]
[48.0, 80.0, 848.0, 680.0]
[208.0, 48.0, 1009.0, 649.0]
[96.0, 48.0, 898.0, 650.0]
[80.0, 80.0, 883.0, 682.0]
[192.0, 32.0, 996.0, 635.0]
[208.0, 64.0, 1013.0, 668.0]
[128.0, 0.0, 934.0, 604.0]
[16.0, 64.0, 823.0, 669.0]
[144.0, 32.0, 952.0, 638.0]
[112.0, 48.0, 921.0, 655.0]
[64.0, 64.0, 874.0, 672.0]
[0.0, 48.0, 811.0, 656.0]
[48.0, 0.0, 860.0, 609.0]
[80.0, 16.0, 893.0, 626.0]
[16.0, 16.0, 830.0, 626.0]
[192.0, 32.0, 1007.0, 643.0]
[80.0, 48.0, 896.0, 660.0]
[64.0, 0.0, 881.0, 613.0]
[160.0, 0.0, 978.0, 614.0]
[16.0, 48.0, 835.0, 662.0]
[64.0, 64.0, 884.0, 679.0]
[112.0, 0.0, 933.0, 616.0]
[96.0, 16.0, 918.0, 632.0]
[128.0, 32.0, 951.0, 649.0]
[176.0, 0.0, 1000.0, 618.0]
[80.0, 64.0, 905.0, 683.0]
[160.0, 16.0, 986.0, 636.0]
[16.0, 0.0, 843.0, 620.0]
[16.0, 0.0, 844.0, 621.0]
[96.0, 16.0, 925.0, 638.0]
[80.0, 16.0, 910.0, 638.0]
[80.0, 16.0, 911.0, 639.0]
[0.0, 32.0, 832.0, 656.0]
[16.0, 48.0, 849.0, 673.0]
[128.0, 0.0, 962.0, 626.0]
[0.0, 16.0, 835.0, 642.0]
[0.0, 32.0, 836.0, 659.0]
[64.0, 16.0, 901.0, 644.0]
[48.0, 48.0, 886.0, 676.0]
[176.0, 16.0, 1015.0, 645.0]
[176.0, 32.0, 1016.0, 662.0]
[64.0, 48.0, 905.0, 679.0]
[176.0, 16.0, 1018.0, 648.0]
[48.0, 32.0, 891.0, 664.0]
[80.0, 16.0, 924.0, 649.0]
[128.0, 32.0, 973.0, 666.0]
[48.0, 16.0, 894.0, 650.0]
[144.0, 48.0, 991.0, 683.0]
[160.0, 16.0, 1008.0, 652.0]
[144.0, 0.0, 993.0, 637.0]
[0.0, 16.0, 850.0, 654.0]
[16.0, 32.0, 867.0, 670.0]
[16.0, 16.0, 868.0, 655.0]
[16.0, 32.0, 869.0, 672.0]
[128.0, 16.0, 982.0, 656.0]
[160.0, 0.0, 1015.0, 641.0]
[0.0, 0.0, 856.0, 642.0]
[96.0, 32.0, 953.0, 675.0]
[32.0, 0.0, 890.0, 644.0]
[64.0, 0.0, 923.0, 644.0]
[64.0, 0.0, 924.0, 645.0]
[64.0, 0.0, 925.0, 646.0]
[144.0, 32.0, 1006.0, 678.0]
[48.0, 32.0, 911.0, 679.0]
[144.0, 16.0, 1008.0, 664.0]
[64.0, 32.0, 929.0, 681.0]
[112.0, 0.0, 978.0, 650.0]
[112.0, 0.0, 979.0, 650.0]
[64.0, 0.0, 932.0, 651.0]
[144.0, 16.0, 1013.0, 668.0]
[128.0, 16.0, 998.0, 668.0]
[48.0, 0.0, 919.0, 653.0]
[32.0, 16.0, 904.0, 670.0]
[0.0, 16.0, 873.0, 671.0]
[64.0, 0.0, 938.0, 656.0]
[112.0, 16.0, 987.0, 672.0]
[32.0, 16.0, 908.0, 673.0]
[64.0, 16.0, 941.0, 674.0]
[112.0, 16.0, 990.0, 674.0]
[48.0, 0.0, 927.0, 659.0]
[16.0, 16.0, 896.0, 676.0]
[32.0, 0.0, 913.0, 661.0]
[32.0, 0.0, 914.0, 662.0]
[32.0, 16.0, 915.0, 678.0]
[32.0, 16.0, 916.0, 679.0]
[80.0, 16.0, 965.0, 680.0]
[112.0, 16.0, 998.0, 680.0]
[96.0, 16.0, 983.0, 681.0]
[64.0, 16.0, 952.0, 682.0]
[96.0, 16.0, 985.0, 683.0]
[32.0, 0.0, 922.0, 668.0]
[16.0, 0.0, 907.0, 668.0]
[48.0, 0.0, 940.0, 669.0]
[32.0, 0.0, 925.0, 670.0]
[48.0, 0.0, 942.0, 670.0]
[64.0, 0.0, 959.0, 671.0]
[112.0, 0.0, 1008.0, 672.0]
[0.0, 0.0, 897.0, 673.0]
[32.0, 0.0, 930.0, 674.0]
[32.0, 0.0, 931.0, 674.0]
[96.0, 0.0, 996.0, 675.0]
[112.0, 0.0, 1013.0, 676.0]
[80.0, 0.0, 982.0, 676.0]
[16.0, 0.0, 919.0, 677.0]
[32.0, 0.0, 936.0, 678.0]
[64.0, 0.0, 969.0, 679.0]
[16.0, 0.0, 922.0, 680.0]
[96.0, 0.0, 1003.0, 680.0]
[48.0, 0.0, 956.0, 681.0]
[0.0, 0.0, 909.0, 682.0]
[112.0, 0.0, 1022.0, 682.0]
[16.0, 0.0, 927.0, 683.0]
