[192.0, 32.0, 977.0, 621.0]
[160.0, 112.0, 946.0, 702.0]
[64.0, 128.0, 851.0, 718.0]
[112.0, 144.0, 900.0, 735.0]
[48.0, 32.0, 837.0, 624.0]
[64.0, 128.0, 854.0, 720.0]
[48.0, 64.0, 839.0, 657.0]
[160.0, 80.0, 952.0, 674.0]
[144.0, 32.0, 937.0, 627.0]
[48.0, 48.0, 842.0, 644.0]
[176.0, 48.0, 971.0, 644.0]
[192.0, 80.0, 988.0, 677.0]
[64.0, 144.0, 861.0, 742.0]
[144.0, 96.0, 942.0, 694.0]
[32.0, 48.0, 831.0, 647.0]
[160.0, 48.0, 960.0, 648.0]
[32.0, 48.0, 833.0, 649.0]
[80.0, 32.0, 882.0, 634.0]
[144.0, 112.0, 947.0, 714.0]
[64.0, 128.0, 868.0, 731.0]
[32.0, 48.0, 837.0, 652.0]
[112.0, 96.0, 918.0, 700.0]
[144.0, 112.0, 951.0, 717.0]
[48.0, 144.0, 856.0, 750.0]
[16.0, 112.0, 825.0, 719.0]
[128.0, 144.0, 938.0, 752.0]
[128.0, 48.0, 939.0, 656.0]
[144.0, 96.0, 956.0, 705.0]
[16.0, 96.0, 829.0, 706.0]
[176.0, 32.0, 990.0, 642.0]
[80.0, 48.0, 895.0, 659.0]
[128.0, 80.0, 944.0, 692.0]
[80.0, 80.0, 897.0, 693.0]
[96.0, 32.0, 914.0, 646.0]
[48.0, 112.0, 867.0, 726.0]
[96.0, 48.0, 916.0, 663.0]
[176.0, 80.0, 997.0, 696.0]
[80.0, 48.0, 902.0, 664.0]
[112.0, 144.0, 935.0, 761.0]
[96.0, 48.0, 920.0, 666.0]
[96.0, 16.0, 921.0, 635.0]
[64.0, 16.0, 890.0, 636.0]
[48.0, 96.0, 875.0, 716.0]
[128.0, 144.0, 956.0, 765.0]
[176.0, 80.0, 1005.0, 702.0]
[32.0, 112.0, 862.0, 734.0]
[32.0, 144.0, 863.0, 767.0]
[176.0, 16.0, 1008.0, 640.0]
[32.0, 0.0, 865.0, 625.0]
[112.0, 32.0, 946.0, 658.0]
[48.0, 64.0, 883.0, 690.0]
[16.0, 48.0, 852.0, 675.0]
[32.0, 80.0, 869.0, 708.0]
[0.0, 96.0, 838.0, 724.0]
[64.0, 112.0, 903.0, 741.0]
[144.0, 128.0, 984.0, 758.0]
[112.0, 48.0, 953.0, 679.0]
[32.0, 0.0, 874.0, 632.0]
[160.0, 32.0, 1003.0, 664.0]
[160.0, 64.0, 1004.0, 697.0]
[112.0, 96.0, 957.0, 730.0]
[176.0, 112.0, 1022.0, 746.0]
[160.0, 32.0, 1007.0, 667.0]
[80.0, 80.0, 928.0, 716.0]
[112.0, 64.0, 961.0, 701.0]
[64.0, 80.0, 914.0, 718.0]
[128.0, 128.0, 979.0, 766.0]
[128.0, 112.0, 980.0, 751.0]
[0.0, 16.0, 853.0, 656.0]
[112.0, 0.0, 966.0, 640.0]
[16.0, 32.0, 871.0, 673.0]
[80.0, 0.0, 936.0, 642.0]
[112.0, 48.0, 969.0, 691.0]
[64.0, 80.0, 922.0, 724.0]
[112.0, 64.0, 971.0, 708.0]
[0.0, 80.0, 860.0, 725.0]
[144.0, 112.0, 1005.0, 758.0]
[80.0, 80.0, 942.0, 726.0]
[128.0, 112.0, 991.0, 759.0]
[144.0, 32.0, 1008.0, 680.0]
[144.0, 16.0, 1009.0, 665.0]
[64.0, 0.0, 930.0, 650.0]
[64.0, 64.0, 931.0, 714.0]
[80.0, 0.0, 948.0, 651.0]
[112.0, 48.0, 981.0, 700.0]
[112.0, 32.0, 982.0, 684.0]
[64.0, 0.0, 935.0, 653.0]
[64.0, 112.0, 936.0, 766.0]
[112.0, 112.0, 985.0, 767.0]
[128.0, 48.0, 1002.0, 704.0]
[16.0, 48.0, 891.0, 704.0]
[48.0, 80.0, 924.0, 737.0]
[80.0, 0.0, 957.0, 658.0]
[112.0, 16.0, 990.0, 674.0]
[48.0, 16.0, 927.0, 675.0]
[16.0, 96.0, 896.0, 756.0]
[0.0, 96.0, 881.0, 757.0]
[16.0, 32.0, 898.0, 694.0]
[0.0, 96.0, 883.0, 758.0]
[80.0, 0.0, 964.0, 663.0]
[48.0, 0.0, 933.0, 664.0]
[64.0, 80.0, 950.0, 744.0]
[64.0, 0.0, 951.0, 665.0]
[128.0, 32.0, 1016.0, 698.0]
[64.0, 0.0, 953.0, 667.0]
[112.0, 16.0, 1002.0, 684.0]
[0.0, 16.0, 891.0, 684.0]
[32.0, 48.0, 924.0, 717.0]
[48.0, 80.0, 941.0, 750.0]
[96.0, 0.0, 990.0, 670.0]
[16.0, 32.0, 911.0, 703.0]
[64.0, 16.0, 960.0, 688.0]
[16.0, 16.0, 913.0, 689.0]
[48.0, 64.0, 946.0, 738.0]
[0.0, 32.0, 899.0, 706.0]
[0.0, 32.0, 900.0, 707.0]
[0.0, 0.0, 901.0, 676.0]
[64.0, 0.0, 966.0, 676.0]
[48.0, 64.0, 951.0, 741.0]
[16.0, 16.0, 920.0, 694.0]
[16.0, 80.0, 921.0, 759.0]
[80.0, 32.0, 986.0, 712.0]
[16.0, 64.0, 923.0, 744.0]
[48.0, 0.0, 956.0, 681.0]
[48.0, 48.0, 957.0, 730.0]
[96.0, 16.0, 1006.0, 698.0]
[64.0, 80.0, 975.0, 763.0]
[16.0, 16.0, 928.0, 700.0]
[0.0, 16.0, 913.0, 701.0]
[48.0, 64.0, 962.0, 750.0]
[16.0, 0.0, 931.0, 686.0]
[80.0, 0.0, 996.0, 687.0]
[16.0, 32.0, 933.0, 720.0]
[96.0, 80.0, 1014.0, 768.0]
[32.0, 0.0, 951.0, 689.0]
[64.0, 32.0, 984.0, 722.0]
[96.0, 32.0, 1017.0, 723.0]
[48.0, 16.0, 970.0, 708.0]
[32.0, 16.0, 955.0, 708.0]
[16.0, 0.0, 940.0, 693.0]
[96.0, 0.0, 1021.0, 694.0]
[64.0, 16.0, 990.0, 710.0]
[32.0, 64.0, 959.0, 759.0]
[16.0, 48.0, 944.0, 744.0]
[16.0, 0.0, 945.0, 697.0]
[16.0, 64.0, 946.0, 762.0]
[64.0, 64.0, 995.0, 762.0]
[32.0, 16.0, 964.0, 715.0]
[48.0, 16.0, 981.0, 716.0]
[80.0, 0.0, 1014.0, 700.0]
[16.0, 48.0, 951.0, 749.0]
[80.0, 16.0, 1016.0, 718.0]
[0.0, 0.0, 937.0, 703.0]
[64.0, 48.0, 1002.0, 752.0]
[0.0, 32.0, 939.0, 736.0]
[0.0, 48.0, 940.0, 753.0]
[80.0, 32.0, 1021.0, 738.0]
[0.0, 32.0, 942.0, 738.0]
[16.0, 16.0, 959.0, 723.0]
[16.0, 0.0, 960.0, 708.0]
[0.0, 32.0, 945.0, 741.0]
[48.0, 48.0, 994.0, 758.0]
[48.0, 0.0, 995.0, 710.0]
[0.0, 16.0, 948.0, 727.0]
[16.0, 48.0, 965.0, 760.0]
[0.0, 32.0, 950.0, 744.0]
[64.0, 48.0, 1015.0, 761.0]
[48.0, 0.0, 1000.0, 714.0]
[64.0, 16.0, 1017.0, 731.0]
[16.0, 48.0, 970.0, 764.0]
[16.0, 48.0, 971.0, 764.0]
[32.0, 16.0, 988.0, 733.0]
[48.0, 48.0, 1005.0, 766.0]
[16.0, 16.0, 974.0, 734.0]
[64.0, 0.0, 1023.0, 719.0]
[16.0, 16.0, 976.0, 736.0]
[48.0, 0.0, 1009.0, 721.0]
[48.0, 16.0, 1010.0, 738.0]
[48.0, 0.0, 1011.0, 722.0]
[48.0, 16.0, 1012.0, 739.0]
[48.0, 32.0, 1013.0, 756.0]
[0.0, 32.0, 966.0, 756.0]
[16.0, 32.0, 983.0, 757.0]
[0.0, 32.0, 968.0, 758.0]
[32.0, 16.0, 1001.0, 743.0]
[0.0, 16.0, 970.0, 744.0]
[0.0, 16.0, 971.0, 744.0]
[48.0, 16.0, 1020.0, 745.0]
[32.0, 16.0, 1005.0, 746.0]
[32.0, 0.0, 1006.0, 730.0]
[32.0, 0.0, 1007.0, 731.0]
[0.0, 32.0, 976.0, 764.0]
[16.0, 16.0, 993.0, 749.0]
[16.0, 0.0, 994.0, 734.0]
[16.0, 0.0, 995.0, 734.0]
[16.0, 32.0, 996.0, 767.0]
[32.0, 32.0, 1013.0, 768.0]
[32.0, 32.0, 1014.0, 768.0]
[0.0, 16.0, 983.0, 753.0]
[0.0, 0.0, 984.0, 738.0]
[0.0, 0.0, 985.0, 739.0]
[32.0, 0.0, 1018.0, 740.0]
[16.0, 16.0, 1003.0, 756.0]
[16.0, 16.0, 1004.0, 757.0]
[0.0, 0.0, 989.0, 742.0]
[32.0, 0.0, 1022.0, 742.0]
[16.0, 16.0, 1007.0, 759.0]
[32.0, 0.0, 1024.0, 744.0]
[16.0, 0.0, 1009.0, 745.0]
[16.0, 0.0, 1010.0, 746.0]
[0.0, 0.0, 995.0, 746.0]
[0.0, 0.0, 996.0, 747.0]
[16.0, 0.0, 1013.0, 748.0]
[16.0, 16.0, 1014.0, 764.0]
[0.0, 16.0, 999.0, 765.0]
[16.0, 0.0, 1016.0, 750.0]
[0.0, 16.0, 1001.0, 767.0]
[0.0, 0.0, 1002.0, 752.0]
[16.0, 0.0, 1019.0, 752.0]
[0.0, 0.0, 1004.0, 753.0]
[0.0, 0.0, 1005.0, 754.0]
[0.0, 0.0, 1006.0, 754.0]
[16.0, 0.0, 1023.0, 755.0]
[16.0, 0.0, 1024.0, 756.0]
[0.0, 0.0, 1009.0, 757.0]
[0.0, 0.0, 1010.0, 758.0]
[0.0, 0.0, 1011.0, 758.0]
[0.0, 0.0, 1012.0, 759.0]
[0.0, 0.0, 1013.0, 760.0]
[0.0, 0.0, 1014.0, 760.0]
[0.0, 0.0, 1015.0, 761.0]
[0.0, 0.0, 1016.0, 762.0]
[0.0, 0.0, 1017.0, 763.0]
[0.0, 0.0, 1018.0, 764.0]
[0.0, 0.0, 1019.0, 764.0]
[0.0, 0.0, 1020.0, 765.0]
[0.0, 0.0, 1021.0, 766.0]
[0.0, 0.0, 1022.0, 766.0]
[0.0, 0.0, 1023.0, 767.0]
[0.0, 0.0, 1024.0, 768.0]
