[288.0, 32.0, 1005.0, 570.0]
[304.0, 80.0, 1022.0, 618.0]
[272.0, 16.0, 991.0, 555.0]
[288.0, 64.0, 1008.0, 604.0]
[224.0, 0.0, 945.0, 541.0]
[288.0, 48.0, 1010.0, 590.0]
[272.0, 48.0, 995.0, 590.0]
[224.0, 16.0, 948.0, 559.0]
[288.0, 32.0, 1013.0, 576.0]
[256.0, 80.0, 982.0, 624.0]
[208.0, 48.0, 935.0, 593.0]
[256.0, 80.0, 984.0, 626.0]
[288.0, 32.0, 1017.0, 579.0]
[256.0, 48.0, 986.0, 596.0]
[240.0, 48.0, 971.0, 596.0]
[176.0, 0.0, 908.0, 549.0]
[240.0, 48.0, 973.0, 598.0]
[224.0, 48.0, 958.0, 598.0]
[272.0, 16.0, 1007.0, 567.0]
[288.0, 16.0, 1024.0, 568.0]
[224.0, 0.0, 961.0, 553.0]
[192.0, 16.0, 930.0, 570.0]
[192.0, 0.0, 931.0, 554.0]
[208.0, 32.0, 948.0, 587.0]
[256.0, 32.0, 997.0, 588.0]
[192.0, 0.0, 934.0, 556.0]
[240.0, 16.0, 983.0, 573.0]
[176.0, 0.0, 920.0, 558.0]
[272.0, 64.0, 1017.0, 623.0]
[224.0, 32.0, 970.0, 592.0]
[240.0, 64.0, 987.0, 624.0]
[256.0, 16.0, 1004.0, 577.0]
[176.0, 0.0, 925.0, 562.0]
[208.0, 0.0, 958.0, 562.0]
[208.0, 48.0, 959.0, 611.0]
[272.0, 48.0, 1024.0, 612.0]
[176.0, 0.0, 929.0, 565.0]
[224.0, 0.0, 978.0, 566.0]
[192.0, 32.0, 947.0, 598.0]
[192.0, 32.0, 948.0, 599.0]
[208.0, 16.0, 965.0, 584.0]
[240.0, 16.0, 998.0, 584.0]
[224.0, 64.0, 983.0, 633.0]
[224.0, 0.0, 984.0, 570.0]
[240.0, 0.0, 1001.0, 571.0]
[240.0, 64.0, 1002.0, 636.0]
[256.0, 0.0, 1019.0, 572.0]
[240.0, 48.0, 1004.0, 621.0]
[192.0, 32.0, 957.0, 606.0]
[192.0, 0.0, 958.0, 574.0]
[240.0, 32.0, 1007.0, 607.0]
[256.0, 48.0, 1024.0, 624.0]
[192.0, 16.0, 961.0, 593.0]
[176.0, 16.0, 946.0, 594.0]
[240.0, 16.0, 1011.0, 594.0]
[208.0, 48.0, 980.0, 627.0]
[208.0, 16.0, 981.0, 596.0]
[224.0, 48.0, 998.0, 628.0]
[192.0, 0.0, 967.0, 581.0]
[192.0, 16.0, 968.0, 598.0]
[192.0, 32.0, 969.0, 615.0]
[224.0, 0.0, 1002.0, 584.0]
[208.0, 48.0, 987.0, 632.0]
[192.0, 0.0, 972.0, 585.0]
[176.0, 32.0, 957.0, 618.0]
[192.0, 0.0, 974.0, 586.0]
[240.0, 0.0, 1023.0, 587.0]
[176.0, 0.0, 960.0, 588.0]
[176.0, 0.0, 961.0, 589.0]
[208.0, 48.0, 994.0, 638.0]
[208.0, 16.0, 995.0, 606.0]
[208.0, 0.0, 996.0, 591.0]
[208.0, 0.0, 997.0, 592.0]
[192.0, 32.0, 982.0, 624.0]
[224.0, 16.0, 1015.0, 609.0]
[208.0, 16.0, 1000.0, 610.0]
[192.0, 16.0, 985.0, 611.0]
[208.0, 16.0, 1002.0, 612.0]
[176.0, 0.0, 971.0, 596.0]
[176.0, 16.0, 972.0, 613.0]
[176.0, 32.0, 973.0, 630.0]
[176.0, 0.0, 974.0, 598.0]
[208.0, 32.0, 1007.0, 631.0]
[224.0, 16.0, 1024.0, 616.0]
[192.0, 0.0, 993.0, 601.0]
[208.0, 0.0, 1010.0, 602.0]
[176.0, 0.0, 979.0, 602.0]
[192.0, 16.0, 996.0, 619.0]
[192.0, 16.0, 997.0, 620.0]
[192.0, 0.0, 998.0, 604.0]
[176.0, 32.0, 983.0, 637.0]
[176.0, 0.0, 984.0, 606.0]
[176.0, 32.0, 985.0, 639.0]
[192.0, 16.0, 1002.0, 624.0]
[176.0, 0.0, 987.0, 608.0]
[192.0, 16.0, 1004.0, 625.0]
[192.0, 16.0, 1005.0, 626.0]
[192.0, 0.0, 1006.0, 610.0]
[192.0, 0.0, 1007.0, 611.0]
[192.0, 0.0, 1008.0, 612.0]
