[144.0, 96.0, 688.0, 822.0]
[112.0, 112.0, 657.0, 839.0]
[80.0, 160.0, 626.0, 888.0]
[80.0, 80.0, 627.0, 809.0]
[112.0, 112.0, 660.0, 842.0]
[144.0, 64.0, 692.0, 795.0]
[144.0, 96.0, 693.0, 828.0]
[32.0, 144.0, 582.0, 877.0]
[64.0, 144.0, 614.0, 878.0]
[64.0, 112.0, 615.0, 847.0]
[80.0, 64.0, 632.0, 800.0]
[96.0, 48.0, 649.0, 785.0]
[64.0, 112.0, 618.0, 850.0]
[48.0, 128.0, 602.0, 867.0]
[48.0, 48.0, 603.0, 788.0]
[96.0, 64.0, 652.0, 805.0]
[144.0, 160.0, 700.0, 902.0]
[112.0, 80.0, 669.0, 823.0]
[32.0, 128.0, 590.0, 872.0]
[48.0, 96.0, 607.0, 841.0]
[32.0, 144.0, 592.0, 890.0]
[112.0, 144.0, 672.0, 891.0]
[48.0, 80.0, 609.0, 828.0]
[32.0, 144.0, 594.0, 893.0]
[80.0, 144.0, 642.0, 894.0]
[80.0, 64.0, 643.0, 815.0]
[64.0, 16.0, 628.0, 768.0]
[32.0, 80.0, 597.0, 833.0]
[80.0, 96.0, 646.0, 850.0]
[32.0, 80.0, 598.0, 835.0]
[16.0, 80.0, 583.0, 836.0]
[48.0, 96.0, 616.0, 853.0]
[112.0, 48.0, 680.0, 806.0]
[144.0, 96.0, 713.0, 855.0]
[64.0, 32.0, 634.0, 792.0]
[64.0, 176.0, 635.0, 937.0]
[16.0, 32.0, 588.0, 794.0]
[96.0, 64.0, 668.0, 827.0]
[80.0, 144.0, 653.0, 908.0]
[96.0, 64.0, 670.0, 829.0]
[32.0, 160.0, 606.0, 926.0]
[64.0, 128.0, 639.0, 895.0]
[144.0, 80.0, 720.0, 848.0]
[80.0, 64.0, 657.0, 833.0]
[144.0, 96.0, 722.0, 866.0]
[144.0, 128.0, 722.0, 899.0]
[112.0, 48.0, 691.0, 820.0]
[48.0, 112.0, 628.0, 885.0]
[32.0, 144.0, 612.0, 918.0]
[0.0, 64.0, 581.0, 839.0]
[0.0, 80.0, 582.0, 856.0]
[32.0, 0.0, 615.0, 777.0]
[112.0, 64.0, 696.0, 842.0]
[96.0, 64.0, 680.0, 843.0]
[96.0, 16.0, 681.0, 796.0]
[16.0, 144.0, 602.0, 925.0]
[32.0, 16.0, 618.0, 798.0]
[64.0, 112.0, 651.0, 895.0]
[96.0, 176.0, 684.0, 960.0]
[16.0, 96.0, 605.0, 881.0]
[64.0, 0.0, 654.0, 786.0]
[112.0, 96.0, 702.0, 883.0]
[128.0, 0.0, 719.0, 788.0]
[48.0, 176.0, 640.0, 965.0]
[112.0, 112.0, 704.0, 902.0]
[64.0, 80.0, 657.0, 871.0]
[64.0, 0.0, 658.0, 792.0]
[16.0, 64.0, 611.0, 857.0]
[80.0, 112.0, 676.0, 906.0]
[16.0, 0.0, 612.0, 795.0]
[16.0, 48.0, 613.0, 844.0]
[16.0, 48.0, 614.0, 845.0]
[64.0, 128.0, 662.0, 926.0]
[96.0, 32.0, 695.0, 831.0]
[0.0, 80.0, 600.0, 880.0]
[16.0, 16.0, 617.0, 817.0]
[128.0, 112.0, 730.0, 914.0]
[16.0, 144.0, 618.0, 947.0]
[112.0, 64.0, 715.0, 868.0]
[32.0, 64.0, 636.0, 869.0]
[128.0, 48.0, 732.0, 854.0]
[112.0, 64.0, 717.0, 871.0]
[16.0, 48.0, 622.0, 856.0]
[64.0, 32.0, 671.0, 841.0]
[96.0, 0.0, 704.0, 810.0]
[112.0, 0.0, 720.0, 811.0]
[32.0, 144.0, 641.0, 956.0]
[80.0, 176.0, 690.0, 989.0]
[16.0, 48.0, 626.0, 862.0]
[80.0, 96.0, 691.0, 911.0]
[96.0, 112.0, 708.0, 928.0]
[48.0, 48.0, 661.0, 865.0]
[32.0, 128.0, 646.0, 946.0]
[80.0, 176.0, 694.0, 995.0]
[80.0, 96.0, 695.0, 916.0]
[48.0, 160.0, 664.0, 981.0]
[128.0, 64.0, 744.0, 886.0]
[0.0, 64.0, 617.0, 887.0]
[96.0, 48.0, 714.0, 872.0]
[48.0, 16.0, 667.0, 841.0]
[112.0, 112.0, 732.0, 938.0]
[64.0, 144.0, 684.0, 971.0]
[128.0, 32.0, 749.0, 860.0]
[112.0, 16.0, 734.0, 845.0]
[64.0, 96.0, 686.0, 926.0]
[112.0, 16.0, 735.0, 847.0]
[144.0, 80.0, 768.0, 912.0]
[64.0, 160.0, 689.0, 993.0]
[32.0, 112.0, 658.0, 946.0]
[16.0, 48.0, 642.0, 883.0]
[112.0, 0.0, 739.0, 836.0]
[48.0, 16.0, 676.0, 853.0]
[0.0, 16.0, 628.0, 854.0]
[64.0, 64.0, 693.0, 903.0]
[64.0, 112.0, 694.0, 952.0]
[96.0, 96.0, 727.0, 937.0]
[64.0, 0.0, 696.0, 842.0]
[112.0, 64.0, 744.0, 907.0]
[96.0, 48.0, 729.0, 892.0]
[0.0, 96.0, 634.0, 941.0]
[64.0, 128.0, 698.0, 974.0]
[48.0, 128.0, 683.0, 975.0]
[96.0, 16.0, 732.0, 864.0]
[80.0, 0.0, 717.0, 849.0]
[16.0, 64.0, 654.0, 914.0]
[96.0, 48.0, 734.0, 899.0]
[80.0, 48.0, 719.0, 900.0]
[0.0, 0.0, 640.0, 853.0]
[32.0, 160.0, 672.0, 1014.0]
[32.0, 112.0, 673.0, 967.0]
[64.0, 144.0, 706.0, 1000.0]
[16.0, 96.0, 659.0, 953.0]
[48.0, 16.0, 692.0, 874.0]
[0.0, 64.0, 644.0, 923.0]
[144.0, 16.0, 789.0, 876.0]
[32.0, 112.0, 678.0, 973.0]
[0.0, 128.0, 646.0, 990.0]
[112.0, 80.0, 759.0, 943.0]
[80.0, 128.0, 728.0, 992.0]
[64.0, 32.0, 713.0, 897.0]
[80.0, 80.0, 730.0, 946.0]
[96.0, 32.0, 746.0, 899.0]
[32.0, 80.0, 683.0, 948.0]
[96.0, 80.0, 748.0, 949.0]
[32.0, 0.0, 684.0, 870.0]
[80.0, 80.0, 733.0, 951.0]
[48.0, 128.0, 702.0, 1000.0]
[112.0, 0.0, 767.0, 873.0]
[16.0, 16.0, 672.0, 890.0]
[0.0, 0.0, 656.0, 875.0]
[32.0, 64.0, 689.0, 940.0]
[48.0, 144.0, 706.0, 1021.0]
[0.0, 0.0, 658.0, 878.0]
[64.0, 16.0, 723.0, 895.0]
[32.0, 144.0, 692.0, 1024.0]
[96.0, 0.0, 757.0, 881.0]
[64.0, 112.0, 726.0, 994.0]
[80.0, 48.0, 742.0, 931.0]
[0.0, 112.0, 663.0, 996.0]
[64.0, 80.0, 728.0, 965.0]
[32.0, 128.0, 696.0, 1014.0]
[16.0, 96.0, 681.0, 983.0]
[0.0, 96.0, 666.0, 984.0]
[48.0, 16.0, 715.0, 905.0]
[48.0, 96.0, 716.0, 986.0]
[32.0, 0.0, 700.0, 891.0]
[64.0, 32.0, 733.0, 924.0]
[0.0, 96.0, 670.0, 989.0]
[48.0, 96.0, 718.0, 990.0]
[112.0, 16.0, 783.0, 911.0]
[48.0, 64.0, 720.0, 960.0]
[96.0, 96.0, 769.0, 993.0]
[32.0, 0.0, 706.0, 898.0]
[32.0, 64.0, 706.0, 963.0]
[96.0, 64.0, 771.0, 964.0]
[128.0, 16.0, 804.0, 917.0]
[16.0, 96.0, 692.0, 998.0]
[112.0, 0.0, 789.0, 903.0]
[16.0, 64.0, 694.0, 968.0]
[32.0, 80.0, 711.0, 985.0]
[48.0, 80.0, 728.0, 986.0]
[64.0, 48.0, 744.0, 955.0]
[112.0, 64.0, 793.0, 972.0]
[0.0, 32.0, 682.0, 941.0]
[32.0, 80.0, 714.0, 990.0]
[64.0, 32.0, 747.0, 943.0]
[0.0, 0.0, 684.0, 912.0]
[48.0, 0.0, 733.0, 913.0]
[48.0, 64.0, 734.0, 978.0]
[0.0, 48.0, 686.0, 963.0]
[80.0, 80.0, 767.0, 996.0]
[16.0, 0.0, 704.0, 917.0]
[80.0, 0.0, 768.0, 918.0]
[96.0, 48.0, 785.0, 967.0]
[112.0, 48.0, 802.0, 968.0]
[112.0, 16.0, 803.0, 937.0]
[64.0, 64.0, 756.0, 986.0]
[32.0, 96.0, 724.0, 1019.0]
[64.0, 48.0, 757.0, 972.0]
[64.0, 0.0, 758.0, 925.0]
[80.0, 32.0, 774.0, 958.0]
[80.0, 16.0, 775.0, 943.0]
[48.0, 16.0, 744.0, 944.0]
[32.0, 80.0, 729.0, 1009.0]
[64.0, 32.0, 762.0, 962.0]
[48.0, 64.0, 746.0, 995.0]
[16.0, 64.0, 715.0, 996.0]
[96.0, 48.0, 796.0, 981.0]
[80.0, 48.0, 780.0, 982.0]
[48.0, 32.0, 749.0, 967.0]
[80.0, 80.0, 782.0, 1016.0]
[16.0, 0.0, 719.0, 937.0]
[80.0, 64.0, 784.0, 1002.0]
[0.0, 16.0, 704.0, 955.0]
[16.0, 32.0, 721.0, 972.0]
[48.0, 16.0, 754.0, 957.0]
[48.0, 32.0, 754.0, 974.0]
[16.0, 80.0, 723.0, 1023.0]
[0.0, 32.0, 708.0, 976.0]
[48.0, 32.0, 757.0, 977.0]
[32.0, 0.0, 742.0, 946.0]
[16.0, 16.0, 726.0, 963.0]
[96.0, 32.0, 807.0, 980.0]
[80.0, 48.0, 792.0, 997.0]
[32.0, 16.0, 744.0, 966.0]
[48.0, 48.0, 761.0, 999.0]
[32.0, 0.0, 746.0, 952.0]
[80.0, 64.0, 795.0, 1017.0]
[96.0, 16.0, 812.0, 970.0]
[32.0, 16.0, 748.0, 971.0]
[0.0, 48.0, 717.0, 1004.0]
[32.0, 48.0, 750.0, 1005.0]
[32.0, 32.0, 750.0, 990.0]
[64.0, 16.0, 783.0, 975.0]
[0.0, 0.0, 720.0, 960.0]
[64.0, 0.0, 785.0, 961.0]
[0.0, 16.0, 722.0, 978.0]
[48.0, 32.0, 770.0, 995.0]
[48.0, 0.0, 771.0, 964.0]
[32.0, 48.0, 756.0, 1013.0]
[16.0, 0.0, 740.0, 966.0]
[48.0, 32.0, 773.0, 999.0]
[32.0, 32.0, 758.0, 1000.0]
[64.0, 48.0, 791.0, 1017.0]
[48.0, 16.0, 776.0, 986.0]
[32.0, 0.0, 760.0, 971.0]
[48.0, 32.0, 777.0, 1004.0]
[0.0, 32.0, 730.0, 1005.0]
[16.0, 48.0, 746.0, 1022.0]
[64.0, 16.0, 795.0, 991.0]
[0.0, 32.0, 732.0, 1008.0]
[32.0, 0.0, 765.0, 977.0]
[48.0, 16.0, 782.0, 994.0]
[48.0, 32.0, 782.0, 1011.0]
[64.0, 0.0, 799.0, 980.0]
[16.0, 16.0, 752.0, 997.0]
[16.0, 32.0, 752.0, 1014.0]
[0.0, 16.0, 737.0, 999.0]
[64.0, 16.0, 802.0, 1000.0]
[48.0, 16.0, 787.0, 1001.0]
[32.0, 0.0, 772.0, 986.0]
[32.0, 0.0, 772.0, 987.0]
[16.0, 32.0, 757.0, 1020.0]
[64.0, 0.0, 806.0, 989.0]
[32.0, 0.0, 774.0, 990.0]
[16.0, 16.0, 759.0, 1007.0]
[0.0, 0.0, 744.0, 992.0]
[64.0, 0.0, 809.0, 993.0]
[64.0, 16.0, 810.0, 1010.0]
[48.0, 0.0, 794.0, 995.0]
[16.0, 16.0, 763.0, 1012.0]
[64.0, 0.0, 812.0, 997.0]
[0.0, 16.0, 748.0, 1014.0]
[64.0, 16.0, 813.0, 1015.0]
[16.0, 0.0, 766.0, 1000.0]
[16.0, 0.0, 767.0, 1001.0]
[48.0, 16.0, 800.0, 1018.0]
[32.0, 0.0, 784.0, 1003.0]
[0.0, 16.0, 753.0, 1020.0]
[0.0, 0.0, 754.0, 1005.0]
[48.0, 0.0, 802.0, 1006.0]
[0.0, 16.0, 755.0, 1023.0]
[48.0, 0.0, 804.0, 1008.0]
[0.0, 0.0, 757.0, 1009.0]
[0.0, 0.0, 758.0, 1010.0]
[0.0, 0.0, 758.0, 1011.0]
[32.0, 0.0, 791.0, 1012.0]
[16.0, 0.0, 776.0, 1013.0]
[0.0, 0.0, 760.0, 1014.0]
[48.0, 0.0, 809.0, 1015.0]
[16.0, 0.0, 778.0, 1016.0]
[48.0, 0.0, 811.0, 1017.0]
[48.0, 0.0, 812.0, 1018.0]
[32.0, 0.0, 796.0, 1019.0]
[32.0, 0.0, 797.0, 1020.0]
[48.0, 0.0, 814.0, 1021.0]
[32.0, 0.0, 798.0, 1022.0]
[32.0, 0.0, 799.0, 1023.0]
[0.0, 0.0, 768.0, 1024.0]
