[128.0, 80.0, 845.0, 618.0]
[96.0, 48.0, 814.0, 586.0]
[64.0, 16.0, 783.0, 555.0]
[80.0, 32.0, 800.0, 572.0]
[32.0, 16.0, 753.0, 557.0]
[64.0, 32.0, 786.0, 574.0]
[80.0, 16.0, 803.0, 558.0]
[32.0, 16.0, 756.0, 559.0]
[32.0, 0.0, 757.0, 544.0]
[64.0, 16.0, 790.0, 560.0]
[80.0, 64.0, 807.0, 609.0]
[32.0, 16.0, 760.0, 562.0]
[0.0, 0.0, 729.0, 547.0]
[80.0, 48.0, 810.0, 596.0]
[80.0, 16.0, 811.0, 564.0]
[96.0, 48.0, 828.0, 597.0]
[64.0, 32.0, 797.0, 582.0]
[80.0, 48.0, 814.0, 598.0]
[48.0, 0.0, 783.0, 551.0]
[0.0, 64.0, 736.0, 616.0]
[64.0, 0.0, 801.0, 553.0]
[48.0, 64.0, 786.0, 618.0]
[16.0, 0.0, 755.0, 554.0]
[64.0, 16.0, 804.0, 571.0]
[64.0, 16.0, 805.0, 572.0]
[64.0, 16.0, 806.0, 572.0]
[32.0, 0.0, 775.0, 557.0]
[48.0, 48.0, 792.0, 606.0]
[80.0, 32.0, 825.0, 591.0]
[80.0, 48.0, 826.0, 608.0]
[32.0, 48.0, 779.0, 608.0]
[16.0, 32.0, 764.0, 593.0]
[80.0, 48.0, 829.0, 610.0]
[96.0, 32.0, 846.0, 594.0]
[16.0, 0.0, 767.0, 563.0]
[64.0, 48.0, 816.0, 612.0]
[96.0, 48.0, 849.0, 613.0]
[80.0, 48.0, 834.0, 614.0]
[16.0, 0.0, 771.0, 566.0]
[32.0, 0.0, 788.0, 567.0]
[32.0, 0.0, 789.0, 568.0]
[64.0, 32.0, 822.0, 600.0]
[0.0, 16.0, 759.0, 585.0]
[32.0, 0.0, 792.0, 570.0]
[0.0, 32.0, 761.0, 603.0]
[96.0, 32.0, 858.0, 604.0]
[32.0, 48.0, 795.0, 620.0]
[64.0, 0.0, 828.0, 573.0]
[0.0, 32.0, 765.0, 606.0]
[0.0, 32.0, 766.0, 606.0]
[32.0, 32.0, 799.0, 607.0]
[48.0, 16.0, 816.0, 592.0]
[16.0, 32.0, 785.0, 609.0]
[64.0, 0.0, 834.0, 578.0]
[16.0, 16.0, 787.0, 594.0]
[32.0, 32.0, 804.0, 611.0]
[32.0, 0.0, 805.0, 580.0]
[64.0, 16.0, 838.0, 596.0]
[80.0, 16.0, 855.0, 597.0]
[16.0, 0.0, 792.0, 582.0]
[64.0, 32.0, 841.0, 615.0]
[0.0, 0.0, 778.0, 584.0]
[0.0, 16.0, 779.0, 600.0]
[0.0, 0.0, 780.0, 585.0]
[48.0, 32.0, 829.0, 618.0]
[32.0, 0.0, 814.0, 586.0]
[32.0, 32.0, 815.0, 619.0]
[0.0, 16.0, 784.0, 604.0]
[48.0, 16.0, 833.0, 605.0]
[32.0, 0.0, 818.0, 590.0]
[48.0, 16.0, 835.0, 606.0]
[48.0, 16.0, 836.0, 607.0]
[48.0, 16.0, 837.0, 608.0]
[0.0, 0.0, 790.0, 592.0]
[48.0, 16.0, 839.0, 609.0]
[48.0, 16.0, 840.0, 610.0]
[64.0, 16.0, 857.0, 611.0]
[0.0, 0.0, 794.0, 596.0]
[64.0, 16.0, 859.0, 612.0]
[16.0, 0.0, 812.0, 597.0]
[48.0, 0.0, 845.0, 598.0]
[48.0, 16.0, 846.0, 614.0]
[16.0, 0.0, 815.0, 599.0]
[0.0, 16.0, 800.0, 616.0]
[32.0, 16.0, 833.0, 617.0]
[48.0, 0.0, 850.0, 602.0]
[0.0, 16.0, 803.0, 618.0]
[48.0, 16.0, 852.0, 619.0]
[16.0, 0.0, 821.0, 604.0]
[16.0, 0.0, 822.0, 604.0]
[0.0, 0.0, 807.0, 605.0]
[16.0, 0.0, 824.0, 606.0]
[16.0, 0.0, 825.0, 607.0]
[32.0, 0.0, 842.0, 608.0]
[0.0, 0.0, 811.0, 608.0]
[16.0, 0.0, 828.0, 609.0]
[32.0, 0.0, 845.0, 610.0]
[0.0, 0.0, 814.0, 610.0]
[16.0, 0.0, 831.0, 611.0]
[16.0, 0.0, 832.0, 612.0]
[32.0, 0.0, 849.0, 613.0]
[16.0, 0.0, 834.0, 614.0]
[16.0, 0.0, 835.0, 614.0]
