[48.0, 48.0, 765.0, 586.0]
[64.0, 48.0, 782.0, 586.0]
[160.0, 48.0, 879.0, 587.0]
[256.0, 0.0, 976.0, 540.0]
[80.0, 0.0, 801.0, 541.0]
[224.0, 16.0, 946.0, 558.0]
[272.0, 16.0, 995.0, 558.0]
[208.0, 48.0, 932.0, 591.0]
[64.0, 0.0, 789.0, 544.0]
[176.0, 16.0, 902.0, 560.0]
[208.0, 48.0, 935.0, 593.0]
[160.0, 0.0, 888.0, 546.0]
[96.0, 48.0, 825.0, 595.0]
[80.0, 16.0, 810.0, 564.0]
[112.0, 16.0, 843.0, 564.0]
[48.0, 0.0, 780.0, 549.0]
[96.0, 0.0, 829.0, 550.0]
[112.0, 16.0, 846.0, 566.0]
[80.0, 0.0, 815.0, 551.0]
[256.0, 32.0, 992.0, 584.0]
[256.0, 16.0, 993.0, 569.0]
[192.0, 16.0, 930.0, 570.0]
[64.0, 32.0, 803.0, 586.0]
[128.0, 48.0, 868.0, 603.0]
[144.0, 0.0, 885.0, 556.0]
[48.0, 32.0, 790.0, 588.0]
[64.0, 0.0, 807.0, 557.0]
[144.0, 16.0, 888.0, 574.0]
[16.0, 32.0, 761.0, 591.0]
[112.0, 32.0, 858.0, 592.0]
[64.0, 16.0, 811.0, 576.0]
[80.0, 16.0, 828.0, 577.0]
[112.0, 0.0, 861.0, 562.0]
[176.0, 0.0, 926.0, 562.0]
[160.0, 16.0, 911.0, 579.0]
[112.0, 0.0, 864.0, 564.0]
[224.0, 16.0, 977.0, 581.0]
[112.0, 32.0, 866.0, 598.0]
[128.0, 0.0, 883.0, 566.0]
[48.0, 0.0, 804.0, 567.0]
[240.0, 0.0, 997.0, 568.0]
[192.0, 16.0, 950.0, 584.0]
[96.0, 32.0, 855.0, 601.0]
[160.0, 0.0, 920.0, 570.0]
[160.0, 16.0, 921.0, 587.0]
[144.0, 0.0, 906.0, 572.0]
[16.0, 32.0, 779.0, 604.0]
[208.0, 16.0, 972.0, 589.0]
[240.0, 0.0, 1005.0, 574.0]
[16.0, 16.0, 782.0, 590.0]
[128.0, 48.0, 895.0, 623.0]
[208.0, 16.0, 976.0, 592.0]
[112.0, 0.0, 881.0, 577.0]
[240.0, 32.0, 1010.0, 610.0]
[224.0, 32.0, 995.0, 610.0]
[192.0, 0.0, 964.0, 579.0]
[96.0, 32.0, 869.0, 612.0]
[128.0, 16.0, 902.0, 596.0]
[176.0, 48.0, 951.0, 629.0]
[192.0, 32.0, 968.0, 614.0]
[176.0, 16.0, 953.0, 599.0]
[160.0, 0.0, 938.0, 584.0]
[112.0, 48.0, 891.0, 632.0]
[112.0, 48.0, 892.0, 633.0]
[176.0, 32.0, 957.0, 618.0]
[80.0, 16.0, 862.0, 602.0]
[144.0, 32.0, 927.0, 619.0]
[144.0, 16.0, 928.0, 604.0]
[16.0, 16.0, 801.0, 605.0]
[48.0, 32.0, 834.0, 622.0]
[176.0, 48.0, 963.0, 638.0]
[192.0, 32.0, 980.0, 623.0]
[48.0, 48.0, 837.0, 640.0]
[208.0, 32.0, 998.0, 624.0]
[96.0, 48.0, 887.0, 641.0]
[160.0, 16.0, 952.0, 610.0]
[96.0, 0.0, 889.0, 595.0]
[16.0, 0.0, 810.0, 596.0]
[160.0, 48.0, 955.0, 644.0]
[32.0, 0.0, 828.0, 597.0]
[96.0, 0.0, 893.0, 598.0]
[64.0, 48.0, 862.0, 646.0]
[64.0, 16.0, 863.0, 615.0]
[80.0, 48.0, 880.0, 648.0]
[96.0, 16.0, 897.0, 617.0]
[32.0, 0.0, 834.0, 602.0]
[80.0, 0.0, 883.0, 602.0]
[192.0, 32.0, 996.0, 635.0]
[192.0, 0.0, 997.0, 604.0]
[192.0, 32.0, 998.0, 636.0]
[96.0, 32.0, 903.0, 637.0]
[144.0, 16.0, 952.0, 622.0]
[144.0, 48.0, 953.0, 655.0]
[144.0, 48.0, 954.0, 656.0]
[160.0, 16.0, 971.0, 624.0]
[144.0, 32.0, 956.0, 641.0]
[160.0, 0.0, 973.0, 610.0]
[48.0, 32.0, 862.0, 642.0]
[48.0, 32.0, 863.0, 643.0]
[144.0, 16.0, 960.0, 628.0]
[64.0, 16.0, 881.0, 629.0]
[160.0, 0.0, 978.0, 614.0]
[128.0, 48.0, 947.0, 662.0]
[112.0, 0.0, 932.0, 615.0]
[144.0, 48.0, 965.0, 664.0]
[64.0, 32.0, 886.0, 648.0]
[16.0, 0.0, 839.0, 617.0]
[80.0, 0.0, 904.0, 618.0]
[64.0, 48.0, 889.0, 667.0]
[80.0, 0.0, 906.0, 620.0]
[48.0, 0.0, 875.0, 620.0]
[96.0, 16.0, 924.0, 637.0]
[16.0, 16.0, 845.0, 638.0]
[80.0, 16.0, 910.0, 638.0]
[128.0, 0.0, 959.0, 623.0]
[64.0, 32.0, 896.0, 656.0]
[64.0, 16.0, 897.0, 641.0]
[176.0, 16.0, 1010.0, 642.0]
[128.0, 0.0, 963.0, 626.0]
[96.0, 0.0, 932.0, 627.0]
[144.0, 48.0, 981.0, 676.0]
[80.0, 48.0, 918.0, 676.0]
[64.0, 0.0, 903.0, 629.0]
[80.0, 32.0, 920.0, 662.0]
[48.0, 16.0, 889.0, 647.0]
[80.0, 0.0, 922.0, 632.0]
[96.0, 0.0, 939.0, 632.0]
[112.0, 32.0, 956.0, 665.0]
[128.0, 0.0, 973.0, 634.0]
[128.0, 48.0, 974.0, 682.0]
[128.0, 32.0, 975.0, 667.0]
[32.0, 32.0, 880.0, 668.0]
[80.0, 48.0, 929.0, 685.0]
[80.0, 16.0, 930.0, 654.0]
[128.0, 48.0, 979.0, 686.0]
[144.0, 32.0, 996.0, 671.0]
[16.0, 16.0, 869.0, 656.0]
[96.0, 48.0, 950.0, 688.0]
[80.0, 16.0, 935.0, 657.0]
[112.0, 32.0, 968.0, 674.0]
[96.0, 16.0, 953.0, 659.0]
[112.0, 32.0, 970.0, 676.0]
[32.0, 16.0, 891.0, 660.0]
[16.0, 0.0, 876.0, 645.0]
[80.0, 32.0, 941.0, 678.0]
[112.0, 32.0, 974.0, 678.0]
[48.0, 16.0, 911.0, 663.0]
[48.0, 32.0, 912.0, 680.0]
[80.0, 16.0, 945.0, 665.0]
[16.0, 32.0, 882.0, 682.0]
[32.0, 32.0, 899.0, 682.0]
[80.0, 48.0, 948.0, 699.0]
[16.0, 32.0, 885.0, 684.0]
[48.0, 32.0, 918.0, 684.0]
[64.0, 48.0, 935.0, 701.0]
[96.0, 16.0, 968.0, 670.0]
[48.0, 32.0, 921.0, 687.0]
[112.0, 16.0, 986.0, 672.0]
[32.0, 0.0, 907.0, 656.0]
[32.0, 16.0, 908.0, 673.0]
[16.0, 32.0, 893.0, 690.0]
[96.0, 0.0, 974.0, 658.0]
[96.0, 0.0, 975.0, 659.0]
[128.0, 32.0, 1008.0, 692.0]
[128.0, 32.0, 1009.0, 693.0]
[80.0, 0.0, 962.0, 662.0]
[16.0, 32.0, 899.0, 694.0]
[64.0, 32.0, 948.0, 695.0]
[32.0, 16.0, 917.0, 680.0]
[80.0, 16.0, 966.0, 680.0]
[64.0, 0.0, 951.0, 665.0]
[96.0, 48.0, 984.0, 714.0]
[112.0, 0.0, 1001.0, 667.0]
[32.0, 16.0, 922.0, 684.0]
[16.0, 32.0, 907.0, 700.0]
[112.0, 16.0, 1004.0, 685.0]
[80.0, 48.0, 973.0, 718.0]
[80.0, 32.0, 974.0, 702.0]
[16.0, 0.0, 911.0, 671.0]
[80.0, 16.0, 976.0, 688.0]
[16.0, 32.0, 913.0, 705.0]
[32.0, 16.0, 930.0, 690.0]
[16.0, 32.0, 915.0, 706.0]
[16.0, 16.0, 916.0, 691.0]
[16.0, 0.0, 917.0, 676.0]
[48.0, 0.0, 950.0, 676.0]
[48.0, 48.0, 951.0, 725.0]
[48.0, 48.0, 952.0, 726.0]
[32.0, 32.0, 937.0, 711.0]
[64.0, 48.0, 970.0, 728.0]
[48.0, 16.0, 955.0, 696.0]
[32.0, 32.0, 940.0, 713.0]
[96.0, 16.0, 1005.0, 698.0]
[32.0, 0.0, 942.0, 682.0]
[48.0, 0.0, 959.0, 683.0]
[16.0, 16.0, 928.0, 700.0]
[16.0, 32.0, 929.0, 717.0]
[32.0, 32.0, 946.0, 718.0]
[64.0, 0.0, 979.0, 686.0]
[64.0, 0.0, 980.0, 687.0]
[80.0, 0.0, 997.0, 688.0]
[48.0, 0.0, 966.0, 688.0]
[16.0, 32.0, 935.0, 721.0]
[64.0, 16.0, 984.0, 706.0]
[16.0, 32.0, 937.0, 723.0]
[32.0, 32.0, 954.0, 724.0]
[16.0, 0.0, 939.0, 692.0]
[80.0, 32.0, 1004.0, 725.0]
[16.0, 16.0, 941.0, 710.0]
[16.0, 32.0, 942.0, 726.0]
[80.0, 16.0, 1007.0, 711.0]
[16.0, 32.0, 944.0, 728.0]
[16.0, 32.0, 945.0, 729.0]
[48.0, 16.0, 978.0, 714.0]
[64.0, 0.0, 995.0, 698.0]
[64.0, 32.0, 996.0, 731.0]
[64.0, 16.0, 997.0, 716.0]
[48.0, 32.0, 982.0, 732.0]
[48.0, 16.0, 983.0, 717.0]
[64.0, 0.0, 1000.0, 702.0]
[64.0, 32.0, 1001.0, 735.0]
[48.0, 0.0, 986.0, 704.0]
[16.0, 32.0, 955.0, 736.0]
[32.0, 32.0, 972.0, 737.0]
[32.0, 32.0, 973.0, 738.0]
[64.0, 32.0, 1006.0, 738.0]
[64.0, 32.0, 1007.0, 739.0]
[32.0, 0.0, 976.0, 708.0]
[32.0, 16.0, 977.0, 725.0]
[48.0, 32.0, 994.0, 742.0]
[32.0, 0.0, 979.0, 710.0]
[48.0, 32.0, 996.0, 743.0]
[32.0, 16.0, 981.0, 728.0]
[32.0, 16.0, 982.0, 728.0]
[32.0, 0.0, 983.0, 713.0]
[32.0, 32.0, 984.0, 746.0]
[48.0, 32.0, 1001.0, 747.0]
[32.0, 16.0, 986.0, 732.0]
[32.0, 32.0, 987.0, 748.0]
[48.0, 32.0, 1004.0, 749.0]
[48.0, 16.0, 1005.0, 734.0]
[32.0, 32.0, 990.0, 750.0]
[32.0, 0.0, 991.0, 719.0]
[32.0, 0.0, 992.0, 720.0]
[32.0, 0.0, 993.0, 721.0]
