[80.0, 112.0, 797.0, 650.0]
[16.0, 96.0, 734.0, 634.0]
[144.0, 96.0, 863.0, 635.0]
[96.0, 80.0, 816.0, 620.0]
[128.0, 128.0, 849.0, 669.0]
[112.0, 96.0, 834.0, 638.0]
[160.0, 96.0, 883.0, 638.0]
[64.0, 80.0, 788.0, 623.0]
[48.0, 80.0, 773.0, 624.0]
[128.0, 112.0, 854.0, 656.0]
[112.0, 96.0, 839.0, 641.0]
[224.0, 128.0, 952.0, 674.0]
[96.0, 112.0, 825.0, 659.0]
[208.0, 96.0, 938.0, 644.0]
[16.0, 128.0, 747.0, 676.0]
[16.0, 96.0, 748.0, 645.0]
[48.0, 96.0, 781.0, 646.0]
[160.0, 96.0, 894.0, 646.0]
[192.0, 112.0, 927.0, 663.0]
[64.0, 112.0, 800.0, 664.0]
[176.0, 112.0, 913.0, 665.0]
[128.0, 64.0, 866.0, 618.0]
[192.0, 96.0, 931.0, 650.0]
[112.0, 64.0, 852.0, 619.0]
[32.0, 96.0, 773.0, 652.0]
[192.0, 96.0, 934.0, 652.0]
[16.0, 80.0, 759.0, 637.0]
[32.0, 96.0, 776.0, 654.0]
[128.0, 64.0, 873.0, 623.0]
[48.0, 64.0, 794.0, 624.0]
[96.0, 112.0, 843.0, 672.0]
[160.0, 80.0, 908.0, 641.0]
[176.0, 96.0, 925.0, 658.0]
[32.0, 112.0, 782.0, 674.0]
[96.0, 64.0, 847.0, 627.0]
[144.0, 64.0, 896.0, 628.0]
[32.0, 96.0, 785.0, 661.0]
[80.0, 112.0, 834.0, 678.0]
[16.0, 96.0, 771.0, 662.0]
[16.0, 80.0, 772.0, 647.0]
[48.0, 48.0, 805.0, 616.0]
[32.0, 64.0, 790.0, 632.0]
[80.0, 80.0, 839.0, 649.0]
[0.0, 80.0, 760.0, 650.0]
[160.0, 96.0, 921.0, 667.0]
[64.0, 96.0, 826.0, 668.0]
[64.0, 64.0, 827.0, 636.0]
[32.0, 80.0, 796.0, 653.0]
[160.0, 64.0, 925.0, 638.0]
[96.0, 48.0, 862.0, 622.0]
[128.0, 96.0, 895.0, 671.0]
[0.0, 80.0, 768.0, 656.0]
[48.0, 96.0, 817.0, 673.0]
[32.0, 48.0, 802.0, 626.0]
[80.0, 64.0, 851.0, 642.0]
[128.0, 96.0, 900.0, 675.0]
[160.0, 64.0, 933.0, 644.0]
[0.0, 96.0, 774.0, 676.0]
[128.0, 48.0, 903.0, 629.0]
[112.0, 96.0, 888.0, 678.0]
[144.0, 48.0, 921.0, 631.0]
[64.0, 96.0, 842.0, 680.0]
[32.0, 96.0, 811.0, 680.0]
[144.0, 96.0, 924.0, 681.0]
[64.0, 80.0, 845.0, 666.0]
[144.0, 64.0, 926.0, 650.0]
[96.0, 32.0, 879.0, 619.0]
[144.0, 80.0, 928.0, 668.0]
[16.0, 80.0, 801.0, 669.0]
[16.0, 80.0, 802.0, 670.0]
[128.0, 64.0, 915.0, 654.0]
[64.0, 48.0, 852.0, 639.0]
[0.0, 64.0, 789.0, 656.0]
[64.0, 32.0, 854.0, 624.0]
[48.0, 48.0, 839.0, 641.0]
[32.0, 32.0, 824.0, 626.0]
[128.0, 48.0, 921.0, 643.0]
[64.0, 32.0, 858.0, 628.0]
[144.0, 80.0, 939.0, 676.0]
[96.0, 64.0, 892.0, 661.0]
[16.0, 64.0, 813.0, 662.0]
[0.0, 48.0, 798.0, 646.0]
[48.0, 16.0, 847.0, 615.0]
[64.0, 32.0, 864.0, 632.0]
[16.0, 32.0, 817.0, 633.0]
[64.0, 80.0, 866.0, 682.0]
[64.0, 64.0, 867.0, 666.0]
[80.0, 32.0, 884.0, 635.0]
[144.0, 48.0, 949.0, 652.0]
[144.0, 64.0, 950.0, 668.0]
[32.0, 32.0, 839.0, 637.0]
[80.0, 16.0, 888.0, 622.0]
[48.0, 32.0, 857.0, 639.0]
[16.0, 64.0, 826.0, 672.0]
[80.0, 32.0, 891.0, 640.0]
[144.0, 48.0, 956.0, 657.0]
[112.0, 48.0, 925.0, 658.0]
[80.0, 16.0, 894.0, 626.0]
[48.0, 64.0, 863.0, 675.0]
[96.0, 16.0, 912.0, 628.0]
[128.0, 48.0, 945.0, 661.0]
[48.0, 64.0, 866.0, 678.0]
[64.0, 48.0, 883.0, 662.0]
[64.0, 32.0, 884.0, 647.0]
[16.0, 32.0, 837.0, 648.0]
[0.0, 48.0, 822.0, 664.0]
[64.0, 48.0, 887.0, 665.0]
[64.0, 64.0, 888.0, 682.0]
[64.0, 32.0, 889.0, 651.0]
[32.0, 32.0, 858.0, 652.0]
[112.0, 32.0, 939.0, 652.0]
[80.0, 48.0, 908.0, 669.0]
[96.0, 48.0, 925.0, 670.0]
[64.0, 32.0, 894.0, 654.0]
[32.0, 16.0, 863.0, 639.0]
[48.0, 16.0, 880.0, 640.0]
[80.0, 48.0, 913.0, 673.0]
[0.0, 32.0, 834.0, 658.0]
[48.0, 0.0, 883.0, 626.0]
[0.0, 32.0, 836.0, 659.0]
[32.0, 16.0, 869.0, 644.0]
[64.0, 48.0, 902.0, 676.0]
[80.0, 0.0, 919.0, 629.0]
[48.0, 16.0, 888.0, 646.0]
[80.0, 16.0, 921.0, 647.0]
[64.0, 48.0, 906.0, 680.0]
[0.0, 48.0, 843.0, 680.0]
[80.0, 32.0, 924.0, 665.0]
[112.0, 32.0, 957.0, 666.0]
[48.0, 32.0, 894.0, 666.0]
[16.0, 0.0, 863.0, 635.0]
[16.0, 0.0, 864.0, 636.0]
[64.0, 32.0, 913.0, 669.0]
[80.0, 0.0, 930.0, 638.0]
[0.0, 16.0, 851.0, 654.0]
[64.0, 16.0, 916.0, 655.0]
[80.0, 0.0, 933.0, 640.0]
[64.0, 16.0, 918.0, 656.0]
[64.0, 0.0, 919.0, 641.0]
[48.0, 32.0, 904.0, 674.0]
[96.0, 32.0, 953.0, 675.0]
[64.0, 0.0, 922.0, 644.0]
[48.0, 16.0, 907.0, 660.0]
[80.0, 32.0, 940.0, 677.0]
[96.0, 32.0, 957.0, 678.0]
[32.0, 32.0, 894.0, 678.0]
[80.0, 32.0, 943.0, 679.0]
[48.0, 0.0, 912.0, 648.0]
[64.0, 16.0, 929.0, 665.0]
[64.0, 32.0, 930.0, 682.0]
[64.0, 16.0, 931.0, 666.0]
[80.0, 0.0, 948.0, 651.0]
[16.0, 0.0, 885.0, 652.0]
[32.0, 16.0, 902.0, 668.0]
[0.0, 0.0, 871.0, 653.0]
[64.0, 16.0, 936.0, 670.0]
[48.0, 16.0, 921.0, 671.0]
[32.0, 0.0, 906.0, 656.0]
[0.0, 16.0, 875.0, 672.0]
[48.0, 0.0, 924.0, 657.0]
[16.0, 16.0, 893.0, 674.0]
[0.0, 16.0, 878.0, 674.0]
[48.0, 16.0, 927.0, 675.0]
[64.0, 0.0, 944.0, 660.0]
[48.0, 0.0, 929.0, 661.0]
[0.0, 16.0, 882.0, 678.0]
[16.0, 0.0, 899.0, 662.0]
[0.0, 0.0, 884.0, 663.0]
[32.0, 16.0, 917.0, 680.0]
[48.0, 0.0, 934.0, 664.0]
[32.0, 16.0, 919.0, 681.0]
[0.0, 0.0, 888.0, 666.0]
[0.0, 0.0, 889.0, 667.0]
[48.0, 0.0, 938.0, 668.0]
[64.0, 0.0, 955.0, 668.0]
[0.0, 0.0, 892.0, 669.0]
[0.0, 0.0, 893.0, 670.0]
[16.0, 0.0, 910.0, 670.0]
[48.0, 0.0, 943.0, 671.0]
[48.0, 0.0, 944.0, 672.0]
[48.0, 0.0, 945.0, 673.0]
[0.0, 0.0, 898.0, 674.0]
[16.0, 0.0, 915.0, 674.0]
[48.0, 0.0, 948.0, 675.0]
[16.0, 0.0, 917.0, 676.0]
[32.0, 0.0, 934.0, 676.0]
[48.0, 0.0, 951.0, 677.0]
[16.0, 0.0, 920.0, 678.0]
[48.0, 0.0, 953.0, 679.0]
[16.0, 0.0, 922.0, 680.0]
[32.0, 0.0, 939.0, 680.0]
[0.0, 0.0, 908.0, 681.0]
[16.0, 0.0, 925.0, 682.0]
[32.0, 0.0, 942.0, 682.0]
