[112.0, 48.0, 663.0, 783.0]
[128.0, 144.0, 680.0, 880.0]
[160.0, 208.0, 713.0, 945.0]
[112.0, 192.0, 666.0, 930.0]
[128.0, 112.0, 682.0, 851.0]
[160.0, 112.0, 715.0, 852.0]
[128.0, 64.0, 684.0, 805.0]
[128.0, 176.0, 684.0, 918.0]
[128.0, 128.0, 685.0, 871.0]
[144.0, 224.0, 702.0, 968.0]
[112.0, 128.0, 671.0, 873.0]
[160.0, 208.0, 720.0, 954.0]
[144.0, 128.0, 704.0, 875.0]
[128.0, 240.0, 689.0, 988.0]
[112.0, 96.0, 674.0, 845.0]
[160.0, 32.0, 722.0, 782.0]
[112.0, 112.0, 675.0, 863.0]
[96.0, 240.0, 660.0, 992.0]
[112.0, 208.0, 677.0, 961.0]
[144.0, 144.0, 710.0, 898.0]
[96.0, 192.0, 662.0, 947.0]
[96.0, 32.0, 663.0, 788.0]
[128.0, 240.0, 696.0, 997.0]
[112.0, 144.0, 680.0, 902.0]
[96.0, 48.0, 665.0, 807.0]
[96.0, 208.0, 666.0, 968.0]
[112.0, 144.0, 683.0, 905.0]
[160.0, 112.0, 732.0, 874.0]
[96.0, 208.0, 668.0, 971.0]
[128.0, 128.0, 701.0, 892.0]
[144.0, 96.0, 718.0, 861.0]
[160.0, 64.0, 734.0, 830.0]
[96.0, 96.0, 671.0, 863.0]
[112.0, 224.0, 688.0, 992.0]
[96.0, 112.0, 673.0, 881.0]
[144.0, 240.0, 722.0, 1010.0]
[144.0, 224.0, 722.0, 995.0]
[112.0, 192.0, 691.0, 964.0]
[160.0, 128.0, 740.0, 901.0]
[128.0, 80.0, 708.0, 854.0]
[160.0, 192.0, 741.0, 967.0]
[128.0, 112.0, 710.0, 888.0]
[128.0, 144.0, 711.0, 921.0]
[96.0, 192.0, 680.0, 970.0]
[112.0, 160.0, 696.0, 939.0]
[144.0, 80.0, 729.0, 860.0]
[112.0, 64.0, 698.0, 845.0]
[80.0, 224.0, 666.0, 1006.0]
[160.0, 176.0, 747.0, 959.0]
[128.0, 112.0, 716.0, 896.0]
[128.0, 224.0, 717.0, 1009.0]
[160.0, 144.0, 750.0, 930.0]
[64.0, 160.0, 654.0, 947.0]
[112.0, 224.0, 703.0, 1012.0]
[80.0, 64.0, 672.0, 853.0]
[160.0, 176.0, 752.0, 966.0]
[64.0, 64.0, 657.0, 855.0]
[96.0, 80.0, 690.0, 872.0]
[96.0, 176.0, 691.0, 969.0]
[112.0, 208.0, 708.0, 1002.0]
[64.0, 128.0, 660.0, 923.0]
[160.0, 64.0, 757.0, 860.0]
[80.0, 112.0, 678.0, 909.0]
[128.0, 176.0, 726.0, 974.0]
[64.0, 48.0, 663.0, 847.0]
[80.0, 128.0, 680.0, 928.0]
[96.0, 208.0, 697.0, 1009.0]
[160.0, 176.0, 762.0, 978.0]
[112.0, 80.0, 714.0, 883.0]
[48.0, 128.0, 651.0, 932.0]
[160.0, 48.0, 764.0, 853.0]
[80.0, 192.0, 684.0, 998.0]
[160.0, 96.0, 765.0, 903.0]
[96.0, 80.0, 702.0, 888.0]
[64.0, 48.0, 671.0, 857.0]
[80.0, 192.0, 688.0, 1002.0]
[144.0, 208.0, 752.0, 1019.0]
[80.0, 192.0, 689.0, 1004.0]
[96.0, 144.0, 706.0, 957.0]
[80.0, 16.0, 690.0, 830.0]
[112.0, 112.0, 723.0, 927.0]
[144.0, 128.0, 756.0, 944.0]
[128.0, 80.0, 741.0, 897.0]
[96.0, 160.0, 710.0, 978.0]
[144.0, 0.0, 758.0, 819.0]
[128.0, 48.0, 743.0, 868.0]
[80.0, 32.0, 696.0, 853.0]
[64.0, 32.0, 680.0, 854.0]
[144.0, 64.0, 761.0, 887.0]
[80.0, 32.0, 698.0, 856.0]
[160.0, 160.0, 779.0, 985.0]
[80.0, 128.0, 700.0, 954.0]
[112.0, 80.0, 732.0, 907.0]
[48.0, 128.0, 669.0, 956.0]
[48.0, 80.0, 670.0, 909.0]
[96.0, 64.0, 718.0, 894.0]
[144.0, 16.0, 767.0, 847.0]
[160.0, 160.0, 784.0, 992.0]
[64.0, 160.0, 689.0, 993.0]
[48.0, 176.0, 674.0, 1010.0]
[128.0, 144.0, 754.0, 979.0]
[96.0, 64.0, 723.0, 900.0]
[64.0, 128.0, 692.0, 965.0]
[48.0, 64.0, 676.0, 902.0]
[128.0, 48.0, 757.0, 887.0]
[80.0, 176.0, 710.0, 1016.0]
[96.0, 16.0, 727.0, 857.0]
[48.0, 0.0, 680.0, 842.0]
[32.0, 80.0, 664.0, 923.0]
[32.0, 80.0, 665.0, 924.0]
[144.0, 160.0, 778.0, 1005.0]
[64.0, 112.0, 698.0, 958.0]
[128.0, 176.0, 763.0, 1023.0]
[64.0, 32.0, 700.0, 880.0]
[128.0, 64.0, 765.0, 913.0]
[16.0, 32.0, 654.0, 882.0]
[128.0, 0.0, 766.0, 851.0]
[112.0, 32.0, 751.0, 884.0]
[64.0, 144.0, 704.0, 997.0]
[16.0, 64.0, 656.0, 918.0]
[144.0, 160.0, 785.0, 1015.0]
[112.0, 32.0, 754.0, 888.0]
[112.0, 80.0, 755.0, 937.0]
[112.0, 80.0, 756.0, 938.0]
[112.0, 128.0, 756.0, 987.0]
[32.0, 0.0, 677.0, 860.0]
[112.0, 80.0, 758.0, 941.0]
[144.0, 80.0, 790.0, 942.0]
[48.0, 32.0, 695.0, 895.0]
[128.0, 0.0, 776.0, 864.0]
[32.0, 112.0, 681.0, 977.0]
[16.0, 64.0, 666.0, 930.0]
[96.0, 96.0, 746.0, 963.0]
[32.0, 112.0, 683.0, 980.0]
[48.0, 16.0, 700.0, 885.0]
[96.0, 96.0, 748.0, 966.0]
[0.0, 80.0, 653.0, 951.0]
[80.0, 32.0, 734.0, 904.0]
[80.0, 80.0, 735.0, 953.0]
[144.0, 80.0, 800.0, 954.0]
[16.0, 80.0, 672.0, 955.0]
[48.0, 32.0, 705.0, 908.0]
[160.0, 64.0, 818.0, 941.0]
[144.0, 64.0, 802.0, 942.0]
[0.0, 48.0, 659.0, 927.0]
[48.0, 0.0, 708.0, 880.0]
[80.0, 48.0, 741.0, 929.0]
[128.0, 64.0, 790.0, 946.0]
[96.0, 64.0, 758.0, 947.0]
[128.0, 112.0, 791.0, 996.0]
[64.0, 48.0, 728.0, 933.0]
[80.0, 112.0, 744.0, 998.0]
[0.0, 80.0, 665.0, 967.0]
[96.0, 80.0, 762.0, 968.0]
[16.0, 112.0, 683.0, 1001.0]
[144.0, 16.0, 812.0, 906.0]
[16.0, 96.0, 684.0, 987.0]
[64.0, 48.0, 733.0, 940.0]
[0.0, 80.0, 670.0, 973.0]
[128.0, 96.0, 798.0, 990.0]
[96.0, 16.0, 767.0, 911.0]
[64.0, 32.0, 736.0, 928.0]
[144.0, 32.0, 817.0, 929.0]
[0.0, 80.0, 674.0, 978.0]
[112.0, 48.0, 786.0, 947.0]
[16.0, 96.0, 691.0, 996.0]
[0.0, 96.0, 676.0, 997.0]
[16.0, 16.0, 692.0, 918.0]
[112.0, 64.0, 789.0, 967.0]
[16.0, 0.0, 694.0, 904.0]
[96.0, 80.0, 775.0, 985.0]
[96.0, 16.0, 776.0, 922.0]
[0.0, 80.0, 680.0, 987.0]
[48.0, 96.0, 729.0, 1004.0]
[0.0, 0.0, 682.0, 909.0]
[0.0, 32.0, 682.0, 942.0]
[16.0, 64.0, 699.0, 975.0]
[112.0, 64.0, 796.0, 976.0]
[96.0, 64.0, 781.0, 977.0]
[48.0, 48.0, 734.0, 962.0]
[96.0, 48.0, 782.0, 963.0]
[0.0, 48.0, 687.0, 964.0]
[32.0, 16.0, 720.0, 933.0]
[48.0, 64.0, 736.0, 982.0]
[96.0, 80.0, 785.0, 999.0]
[96.0, 96.0, 786.0, 1016.0]
[32.0, 80.0, 723.0, 1001.0]
[48.0, 64.0, 740.0, 986.0]
[32.0, 0.0, 724.0, 923.0]
[0.0, 80.0, 693.0, 1004.0]
[32.0, 64.0, 726.0, 989.0]
[64.0, 96.0, 758.0, 1022.0]
[80.0, 80.0, 775.0, 1007.0]
[48.0, 16.0, 744.0, 944.0]
[48.0, 16.0, 745.0, 945.0]
[64.0, 32.0, 762.0, 962.0]
[48.0, 80.0, 746.0, 1011.0]
[96.0, 80.0, 795.0, 1012.0]
[112.0, 16.0, 812.0, 949.0]
[16.0, 0.0, 716.0, 934.0]
[0.0, 80.0, 701.0, 1015.0]
[96.0, 16.0, 798.0, 952.0]
[96.0, 48.0, 799.0, 985.0]
[48.0, 48.0, 752.0, 986.0]
[48.0, 32.0, 752.0, 971.0]
[80.0, 48.0, 785.0, 988.0]
[48.0, 80.0, 754.0, 1021.0]
[80.0, 0.0, 786.0, 942.0]
[48.0, 32.0, 755.0, 975.0]
[80.0, 16.0, 788.0, 960.0]
[0.0, 0.0, 709.0, 945.0]
[32.0, 0.0, 742.0, 946.0]
[80.0, 0.0, 790.0, 947.0]
[64.0, 0.0, 775.0, 948.0]
[64.0, 64.0, 776.0, 1013.0]
[16.0, 64.0, 728.0, 1014.0]
[48.0, 16.0, 761.0, 967.0]
[0.0, 48.0, 714.0, 1000.0]
[96.0, 0.0, 811.0, 953.0]
[48.0, 48.0, 764.0, 1002.0]
[16.0, 0.0, 732.0, 955.0]
[16.0, 0.0, 733.0, 956.0]
[16.0, 48.0, 734.0, 1005.0]
[96.0, 64.0, 814.0, 1022.0]
[48.0, 32.0, 767.0, 991.0]
[96.0, 64.0, 816.0, 1024.0]
[48.0, 16.0, 769.0, 977.0]
[96.0, 16.0, 818.0, 978.0]
[0.0, 0.0, 722.0, 963.0]
[48.0, 32.0, 771.0, 996.0]
[0.0, 32.0, 724.0, 997.0]
[16.0, 0.0, 740.0, 966.0]
[32.0, 16.0, 757.0, 983.0]
[16.0, 16.0, 742.0, 984.0]
[64.0, 48.0, 791.0, 1017.0]
[32.0, 32.0, 760.0, 1002.0]
[48.0, 48.0, 776.0, 1019.0]
[16.0, 48.0, 745.0, 1020.0]
[16.0, 32.0, 746.0, 1005.0]
[80.0, 16.0, 810.0, 990.0]
[32.0, 48.0, 763.0, 1023.0]
[48.0, 0.0, 780.0, 976.0]
[80.0, 16.0, 813.0, 993.0]
[80.0, 32.0, 814.0, 1010.0]
[80.0, 16.0, 814.0, 995.0]
[80.0, 32.0, 815.0, 1012.0]
[80.0, 32.0, 816.0, 1013.0]
[64.0, 0.0, 800.0, 982.0]
[64.0, 16.0, 801.0, 999.0]
[64.0, 0.0, 802.0, 984.0]
[32.0, 32.0, 771.0, 1017.0]
[32.0, 32.0, 772.0, 1018.0]
[0.0, 0.0, 740.0, 987.0]
[0.0, 32.0, 741.0, 1020.0]
[16.0, 16.0, 758.0, 1005.0]
[0.0, 32.0, 742.0, 1022.0]
[0.0, 0.0, 743.0, 991.0]
[16.0, 16.0, 760.0, 1008.0]
[32.0, 16.0, 777.0, 1009.0]
[32.0, 16.0, 778.0, 1010.0]
[32.0, 16.0, 778.0, 1011.0]
[64.0, 16.0, 811.0, 1012.0]
[32.0, 16.0, 780.0, 1013.0]
[0.0, 16.0, 748.0, 1014.0]
[0.0, 16.0, 749.0, 1015.0]
[32.0, 0.0, 782.0, 1000.0]
[48.0, 16.0, 799.0, 1017.0]
[0.0, 16.0, 752.0, 1018.0]
[48.0, 0.0, 800.0, 1003.0]
[48.0, 0.0, 801.0, 1004.0]
[0.0, 16.0, 754.0, 1021.0]
[48.0, 16.0, 802.0, 1022.0]
[64.0, 0.0, 819.0, 1007.0]
[48.0, 16.0, 804.0, 1024.0]
[16.0, 0.0, 773.0, 1009.0]
[32.0, 0.0, 790.0, 1010.0]
[0.0, 0.0, 758.0, 1011.0]
[32.0, 0.0, 791.0, 1012.0]
[0.0, 0.0, 760.0, 1013.0]
[48.0, 0.0, 808.0, 1014.0]
[32.0, 0.0, 793.0, 1015.0]
[0.0, 0.0, 762.0, 1016.0]
[32.0, 0.0, 795.0, 1017.0]
[0.0, 0.0, 764.0, 1018.0]
[32.0, 0.0, 796.0, 1019.0]
[16.0, 0.0, 781.0, 1020.0]
[16.0, 0.0, 782.0, 1021.0]
[0.0, 0.0, 766.0, 1022.0]
[16.0, 0.0, 783.0, 1023.0]
[0.0, 0.0, 768.0, 1024.0]
