[112.0, 16.0, 829.0, 554.0]
[32.0, 0.0, 750.0, 538.0]
[32.0, 48.0, 751.0, 587.0]
[48.0, 48.0, 768.0, 588.0]
[48.0, 80.0, 769.0, 621.0]
[48.0, 48.0, 770.0, 590.0]
[64.0, 32.0, 787.0, 574.0]
[64.0, 0.0, 788.0, 543.0]
[112.0, 16.0, 837.0, 560.0]
[96.0, 16.0, 822.0, 560.0]
[0.0, 48.0, 727.0, 593.0]
[32.0, 80.0, 760.0, 626.0]
[32.0, 16.0, 761.0, 563.0]
[16.0, 0.0, 746.0, 548.0]
[48.0, 48.0, 779.0, 596.0]
[16.0, 64.0, 748.0, 613.0]
[0.0, 16.0, 733.0, 566.0]
[0.0, 80.0, 734.0, 630.0]
[112.0, 16.0, 847.0, 567.0]
[48.0, 32.0, 784.0, 584.0]
[0.0, 48.0, 737.0, 601.0]
[112.0, 16.0, 850.0, 570.0]
[48.0, 32.0, 787.0, 586.0]
[0.0, 16.0, 740.0, 571.0]
[64.0, 16.0, 805.0, 572.0]
[0.0, 32.0, 742.0, 588.0]
[48.0, 16.0, 791.0, 573.0]
[32.0, 0.0, 776.0, 558.0]
[64.0, 16.0, 809.0, 575.0]
[48.0, 32.0, 794.0, 592.0]
[0.0, 0.0, 747.0, 560.0]
[64.0, 48.0, 812.0, 609.0]
[48.0, 64.0, 797.0, 626.0]
[0.0, 0.0, 750.0, 562.0]
[16.0, 64.0, 767.0, 627.0]
[0.0, 16.0, 752.0, 580.0]
[16.0, 64.0, 769.0, 629.0]
[48.0, 32.0, 802.0, 598.0]
[16.0, 64.0, 771.0, 630.0]
[16.0, 48.0, 772.0, 615.0]
[64.0, 32.0, 821.0, 600.0]
[0.0, 16.0, 758.0, 584.0]
[64.0, 16.0, 823.0, 585.0]
[16.0, 32.0, 776.0, 602.0]
[80.0, 0.0, 841.0, 571.0]
[64.0, 32.0, 826.0, 604.0]
[64.0, 16.0, 827.0, 588.0]
[48.0, 48.0, 812.0, 621.0]
[0.0, 16.0, 765.0, 590.0]
[48.0, 16.0, 814.0, 590.0]
[80.0, 0.0, 847.0, 575.0]
[32.0, 48.0, 800.0, 624.0]
[16.0, 16.0, 785.0, 593.0]
[16.0, 0.0, 786.0, 578.0]
[32.0, 0.0, 803.0, 578.0]
[80.0, 16.0, 852.0, 595.0]
[48.0, 32.0, 821.0, 612.0]
[64.0, 0.0, 838.0, 580.0]
[0.0, 48.0, 775.0, 629.0]
[16.0, 48.0, 792.0, 630.0]
[32.0, 48.0, 809.0, 631.0]
[32.0, 0.0, 810.0, 584.0]
[16.0, 48.0, 795.0, 632.0]
[48.0, 16.0, 828.0, 601.0]
[16.0, 32.0, 797.0, 618.0]
[16.0, 0.0, 798.0, 586.0]
[0.0, 48.0, 783.0, 635.0]
[0.0, 0.0, 784.0, 588.0]
[48.0, 16.0, 833.0, 605.0]
[64.0, 0.0, 850.0, 590.0]
[16.0, 0.0, 803.0, 590.0]
[16.0, 0.0, 804.0, 591.0]
[48.0, 0.0, 837.0, 592.0]
[16.0, 16.0, 806.0, 608.0]
[32.0, 0.0, 823.0, 593.0]
[32.0, 16.0, 824.0, 610.0]
[16.0, 0.0, 809.0, 595.0]
[48.0, 0.0, 842.0, 596.0]
[16.0, 0.0, 811.0, 596.0]
[48.0, 32.0, 844.0, 629.0]
[48.0, 32.0, 845.0, 630.0]
[48.0, 0.0, 846.0, 598.0]
[48.0, 32.0, 847.0, 631.0]
[0.0, 16.0, 800.0, 616.0]
[48.0, 16.0, 849.0, 617.0]
[16.0, 0.0, 818.0, 602.0]
[32.0, 0.0, 835.0, 602.0]
[32.0, 32.0, 836.0, 635.0]
[32.0, 32.0, 837.0, 636.0]
[16.0, 0.0, 822.0, 604.0]
[0.0, 0.0, 807.0, 605.0]
[16.0, 32.0, 824.0, 638.0]
[0.0, 0.0, 809.0, 607.0]
[32.0, 0.0, 842.0, 608.0]
[0.0, 0.0, 811.0, 608.0]
[0.0, 0.0, 812.0, 609.0]
[0.0, 16.0, 813.0, 626.0]
[16.0, 16.0, 830.0, 626.0]
