[224.0, 64.0, 873.0, 929.0]
[160.0, 96.0, 810.0, 962.0]
[80.0, 48.0, 730.0, 915.0]
[176.0, 96.0, 827.0, 964.0]
[128.0, 48.0, 780.0, 917.0]
[80.0, 80.0, 732.0, 950.0]
[80.0, 96.0, 733.0, 967.0]
[128.0, 48.0, 782.0, 920.0]
[96.0, 96.0, 751.0, 969.0]
[128.0, 64.0, 784.0, 938.0]
[128.0, 32.0, 784.0, 907.0]
[160.0, 80.0, 817.0, 956.0]
[64.0, 80.0, 722.0, 957.0]
[48.0, 48.0, 706.0, 926.0]
[32.0, 96.0, 691.0, 975.0]
[112.0, 112.0, 772.0, 992.0]
[208.0, 96.0, 869.0, 977.0]
[240.0, 32.0, 902.0, 914.0]
[112.0, 112.0, 774.0, 995.0]
[192.0, 112.0, 855.0, 996.0]
[208.0, 96.0, 872.0, 981.0]
[64.0, 80.0, 728.0, 966.0]
[32.0, 64.0, 697.0, 951.0]
[160.0, 16.0, 826.0, 904.0]
[144.0, 80.0, 811.0, 969.0]
[192.0, 80.0, 860.0, 970.0]
[160.0, 32.0, 828.0, 923.0]
[240.0, 64.0, 909.0, 956.0]
[96.0, 112.0, 766.0, 1005.0]
[176.0, 48.0, 846.0, 942.0]
[64.0, 16.0, 735.0, 911.0]
[144.0, 16.0, 816.0, 912.0]
[176.0, 64.0, 849.0, 961.0]
[224.0, 48.0, 898.0, 946.0]
[176.0, 112.0, 850.0, 1011.0]
[16.0, 80.0, 691.0, 980.0]
[80.0, 32.0, 756.0, 933.0]
[96.0, 16.0, 772.0, 918.0]
[160.0, 96.0, 837.0, 999.0]
[112.0, 64.0, 790.0, 968.0]
[144.0, 96.0, 823.0, 1001.0]
[80.0, 0.0, 760.0, 906.0]
[176.0, 16.0, 856.0, 923.0]
[208.0, 32.0, 889.0, 940.0]
[224.0, 64.0, 906.0, 973.0]
[208.0, 64.0, 890.0, 974.0]
[224.0, 32.0, 907.0, 943.0]
[224.0, 64.0, 908.0, 976.0]
[96.0, 48.0, 781.0, 961.0]
[64.0, 80.0, 750.0, 994.0]
[80.0, 96.0, 766.0, 1011.0]
[144.0, 96.0, 831.0, 1012.0]
[224.0, 96.0, 912.0, 1013.0]
[48.0, 16.0, 736.0, 934.0]
[208.0, 48.0, 897.0, 967.0]
[32.0, 32.0, 722.0, 952.0]
[160.0, 64.0, 851.0, 985.0]
[112.0, 16.0, 804.0, 938.0]
[32.0, 48.0, 724.0, 971.0]
[144.0, 16.0, 837.0, 940.0]
[144.0, 32.0, 838.0, 957.0]
[160.0, 96.0, 854.0, 1022.0]
[208.0, 96.0, 903.0, 1023.0]
[64.0, 32.0, 760.0, 960.0]
[32.0, 32.0, 729.0, 961.0]
[80.0, 48.0, 778.0, 978.0]
[160.0, 32.0, 858.0, 963.0]
[128.0, 80.0, 827.0, 1012.0]
[240.0, 48.0, 940.0, 981.0]
[192.0, 64.0, 892.0, 998.0]
[48.0, 16.0, 749.0, 951.0]
[0.0, 48.0, 702.0, 984.0]
[48.0, 80.0, 751.0, 1017.0]
[0.0, 64.0, 704.0, 1002.0]
[80.0, 64.0, 784.0, 1003.0]
[224.0, 64.0, 929.0, 1004.0]
[48.0, 0.0, 754.0, 941.0]
[96.0, 0.0, 802.0, 942.0]
[16.0, 0.0, 723.0, 943.0]
[128.0, 32.0, 836.0, 976.0]
[176.0, 32.0, 885.0, 977.0]
[208.0, 0.0, 918.0, 946.0]
[48.0, 48.0, 758.0, 995.0]
[0.0, 16.0, 711.0, 964.0]
[64.0, 48.0, 776.0, 997.0]
[112.0, 48.0, 824.0, 998.0]
[128.0, 64.0, 841.0, 1015.0]
[176.0, 64.0, 890.0, 1016.0]
[224.0, 0.0, 939.0, 953.0]
[224.0, 32.0, 940.0, 986.0]
[208.0, 64.0, 924.0, 1019.0]
[160.0, 48.0, 877.0, 1004.0]
[80.0, 16.0, 798.0, 973.0]
[48.0, 64.0, 766.0, 1022.0]
[192.0, 32.0, 911.0, 991.0]
[208.0, 32.0, 928.0, 992.0]
[16.0, 48.0, 737.0, 1009.0]
[192.0, 48.0, 914.0, 1010.0]
[80.0, 32.0, 802.0, 995.0]
[144.0, 48.0, 867.0, 1012.0]
[64.0, 16.0, 788.0, 981.0]
[64.0, 32.0, 788.0, 998.0]
[48.0, 16.0, 773.0, 983.0]
[32.0, 0.0, 758.0, 968.0]
[112.0, 16.0, 839.0, 985.0]
[32.0, 16.0, 760.0, 986.0]
[0.0, 32.0, 728.0, 1003.0]
[208.0, 0.0, 937.0, 972.0]
[48.0, 48.0, 778.0, 1021.0]
[144.0, 48.0, 874.0, 1022.0]
[32.0, 0.0, 763.0, 975.0]
[16.0, 16.0, 748.0, 992.0]
[16.0, 32.0, 749.0, 1009.0]
[192.0, 16.0, 926.0, 994.0]
[224.0, 16.0, 958.0, 995.0]
[128.0, 0.0, 863.0, 980.0]
[176.0, 0.0, 912.0, 981.0]
[96.0, 16.0, 832.0, 998.0]
[112.0, 0.0, 849.0, 983.0]
[112.0, 0.0, 850.0, 984.0]
[64.0, 32.0, 803.0, 1017.0]
[128.0, 0.0, 868.0, 986.0]
[128.0, 32.0, 868.0, 1019.0]
[0.0, 0.0, 741.0, 988.0]
[160.0, 16.0, 902.0, 1005.0]
[128.0, 32.0, 870.0, 1022.0]
[48.0, 0.0, 791.0, 991.0]
[176.0, 0.0, 920.0, 992.0]
[32.0, 0.0, 777.0, 993.0]
[112.0, 0.0, 858.0, 994.0]
[192.0, 16.0, 938.0, 1011.0]
[16.0, 0.0, 763.0, 996.0]
[160.0, 0.0, 908.0, 997.0]
[112.0, 16.0, 860.0, 1014.0]
[176.0, 0.0, 925.0, 999.0]
[48.0, 0.0, 798.0, 1000.0]
[16.0, 16.0, 767.0, 1017.0]
[16.0, 16.0, 768.0, 1018.0]
[80.0, 0.0, 832.0, 1003.0]
[176.0, 16.0, 929.0, 1020.0]
[48.0, 0.0, 802.0, 1005.0]
[16.0, 0.0, 770.0, 1006.0]
[96.0, 0.0, 851.0, 1007.0]
[80.0, 16.0, 836.0, 1024.0]
[112.0, 0.0, 869.0, 1009.0]
[208.0, 0.0, 966.0, 1010.0]
[160.0, 0.0, 918.0, 1011.0]
[32.0, 0.0, 791.0, 1012.0]
[128.0, 0.0, 888.0, 1013.0]
[192.0, 0.0, 952.0, 1014.0]
[96.0, 0.0, 857.0, 1015.0]
[64.0, 0.0, 826.0, 1016.0]
[80.0, 0.0, 843.0, 1017.0]
[144.0, 0.0, 908.0, 1018.0]
[160.0, 0.0, 924.0, 1019.0]
[112.0, 0.0, 877.0, 1020.0]
[176.0, 0.0, 942.0, 1021.0]
[64.0, 0.0, 830.0, 1022.0]
[176.0, 0.0, 943.0, 1023.0]
[80.0, 0.0, 848.0, 1024.0]
