[144.0, 32.0, 861.0, 570.0]
[192.0, 48.0, 910.0, 586.0]
[80.0, 32.0, 799.0, 571.0]
[176.0, 112.0, 896.0, 652.0]
[176.0, 96.0, 897.0, 637.0]
[224.0, 48.0, 946.0, 590.0]
[128.0, 16.0, 851.0, 558.0]
[128.0, 16.0, 852.0, 559.0]
[64.0, 48.0, 789.0, 592.0]
[160.0, 16.0, 886.0, 560.0]
[160.0, 32.0, 887.0, 577.0]
[192.0, 96.0, 920.0, 642.0]
[64.0, 32.0, 793.0, 579.0]
[160.0, 96.0, 890.0, 644.0]
[80.0, 32.0, 811.0, 580.0]
[48.0, 64.0, 780.0, 613.0]
[144.0, 16.0, 877.0, 566.0]
[224.0, 32.0, 958.0, 582.0]
[112.0, 80.0, 847.0, 631.0]
[96.0, 48.0, 832.0, 600.0]
[112.0, 128.0, 849.0, 681.0]
[240.0, 80.0, 978.0, 634.0]
[160.0, 32.0, 899.0, 586.0]
[176.0, 16.0, 916.0, 571.0]
[64.0, 64.0, 805.0, 620.0]
[48.0, 96.0, 790.0, 652.0]
[176.0, 96.0, 919.0, 653.0]
[96.0, 16.0, 840.0, 574.0]
[240.0, 48.0, 985.0, 607.0]
[192.0, 32.0, 938.0, 592.0]
[112.0, 16.0, 859.0, 576.0]
[112.0, 96.0, 860.0, 657.0]
[192.0, 16.0, 941.0, 578.0]
[80.0, 96.0, 830.0, 658.0]
[80.0, 32.0, 831.0, 595.0]
[80.0, 112.0, 832.0, 676.0]
[192.0, 32.0, 945.0, 597.0]
[112.0, 16.0, 866.0, 582.0]
[96.0, 32.0, 851.0, 598.0]
[64.0, 32.0, 820.0, 599.0]
[112.0, 16.0, 869.0, 584.0]
[160.0, 16.0, 918.0, 584.0]
[96.0, 0.0, 855.0, 569.0]
[208.0, 32.0, 968.0, 602.0]
[80.0, 0.0, 841.0, 571.0]
[48.0, 80.0, 810.0, 652.0]
[48.0, 32.0, 811.0, 604.0]
[144.0, 16.0, 908.0, 589.0]
[144.0, 16.0, 909.0, 590.0]
[208.0, 64.0, 974.0, 638.0]
[80.0, 80.0, 847.0, 655.0]
[176.0, 64.0, 944.0, 640.0]
[48.0, 80.0, 817.0, 657.0]
[160.0, 96.0, 930.0, 674.0]
[48.0, 80.0, 819.0, 658.0]
[112.0, 64.0, 884.0, 643.0]
[96.0, 48.0, 869.0, 628.0]
[160.0, 0.0, 934.0, 580.0]
[64.0, 48.0, 839.0, 629.0]
[160.0, 16.0, 936.0, 598.0]
[160.0, 64.0, 937.0, 647.0]
[192.0, 80.0, 970.0, 664.0]
[176.0, 96.0, 955.0, 680.0]
[48.0, 48.0, 828.0, 633.0]
[208.0, 32.0, 989.0, 618.0]
[64.0, 80.0, 846.0, 666.0]
[128.0, 16.0, 911.0, 603.0]
[48.0, 48.0, 832.0, 636.0]
[112.0, 64.0, 897.0, 653.0]
[128.0, 64.0, 914.0, 654.0]
[80.0, 48.0, 867.0, 638.0]
[144.0, 48.0, 932.0, 639.0]
[96.0, 48.0, 885.0, 640.0]
[80.0, 16.0, 870.0, 608.0]
[64.0, 80.0, 855.0, 673.0]
[144.0, 0.0, 936.0, 594.0]
[64.0, 16.0, 857.0, 611.0]
[160.0, 16.0, 954.0, 612.0]
[160.0, 80.0, 955.0, 676.0]
[96.0, 48.0, 892.0, 645.0]
[128.0, 16.0, 925.0, 614.0]
[144.0, 0.0, 942.0, 598.0]
[192.0, 48.0, 991.0, 647.0]
[64.0, 0.0, 864.0, 600.0]
[176.0, 0.0, 977.0, 601.0]
[192.0, 48.0, 994.0, 650.0]
[112.0, 16.0, 915.0, 618.0]
[112.0, 48.0, 916.0, 651.0]
[32.0, 32.0, 837.0, 636.0]
[160.0, 32.0, 966.0, 636.0]
[112.0, 16.0, 919.0, 621.0]
[80.0, 16.0, 888.0, 622.0]
[80.0, 32.0, 889.0, 639.0]
[64.0, 16.0, 874.0, 624.0]
[112.0, 0.0, 923.0, 608.0]
[48.0, 32.0, 860.0, 641.0]
[32.0, 64.0, 845.0, 674.0]
[96.0, 48.0, 910.0, 658.0]
[64.0, 16.0, 879.0, 627.0]
[80.0, 0.0, 896.0, 612.0]
[144.0, 64.0, 961.0, 677.0]
[96.0, 48.0, 914.0, 662.0]
[176.0, 32.0, 995.0, 646.0]
[144.0, 48.0, 964.0, 663.0]
[128.0, 64.0, 949.0, 680.0]
[128.0, 0.0, 950.0, 616.0]
[80.0, 64.0, 903.0, 681.0]
[96.0, 0.0, 920.0, 618.0]
[48.0, 0.0, 873.0, 619.0]
[64.0, 32.0, 890.0, 652.0]
[96.0, 32.0, 923.0, 652.0]
[96.0, 16.0, 924.0, 637.0]
[80.0, 32.0, 909.0, 654.0]
[160.0, 48.0, 990.0, 670.0]
[160.0, 0.0, 991.0, 623.0]
[144.0, 0.0, 976.0, 624.0]
[144.0, 32.0, 977.0, 657.0]
[32.0, 0.0, 866.0, 626.0]
[80.0, 16.0, 915.0, 642.0]
[48.0, 48.0, 884.0, 675.0]
[112.0, 32.0, 949.0, 660.0]
[48.0, 16.0, 886.0, 644.0]
[64.0, 32.0, 903.0, 661.0]
[32.0, 48.0, 872.0, 678.0]
[144.0, 32.0, 985.0, 663.0]
[144.0, 16.0, 986.0, 648.0]
[32.0, 48.0, 875.0, 680.0]
[32.0, 48.0, 876.0, 681.0]
[112.0, 16.0, 957.0, 650.0]
[48.0, 16.0, 894.0, 650.0]
[64.0, 0.0, 911.0, 635.0]
[48.0, 16.0, 896.0, 652.0]
[96.0, 16.0, 945.0, 653.0]
[48.0, 32.0, 898.0, 670.0]
[48.0, 32.0, 899.0, 670.0]
[96.0, 16.0, 948.0, 655.0]
[64.0, 32.0, 917.0, 672.0]
[112.0, 0.0, 966.0, 640.0]
[32.0, 16.0, 887.0, 657.0]
[48.0, 16.0, 904.0, 658.0]
[64.0, 0.0, 921.0, 643.0]
[48.0, 32.0, 906.0, 676.0]
[48.0, 0.0, 907.0, 644.0]
[32.0, 16.0, 892.0, 661.0]
[96.0, 16.0, 957.0, 662.0]
[96.0, 16.0, 958.0, 662.0]
[96.0, 32.0, 959.0, 679.0]
[128.0, 16.0, 992.0, 664.0]
[64.0, 0.0, 929.0, 649.0]
