[112.0, 64.0, 829.0, 602.0]
[224.0, 48.0, 942.0, 586.0]
[112.0, 64.0, 831.0, 603.0]
[144.0, 32.0, 864.0, 572.0]
[288.0, 48.0, 1009.0, 589.0]
[144.0, 0.0, 866.0, 542.0]
[176.0, 64.0, 899.0, 606.0]
[224.0, 64.0, 948.0, 607.0]
[208.0, 48.0, 933.0, 592.0]
[128.0, 16.0, 854.0, 560.0]
[256.0, 0.0, 983.0, 545.0]
[288.0, 32.0, 1016.0, 578.0]
[240.0, 48.0, 969.0, 595.0]
[176.0, 48.0, 906.0, 596.0]
[240.0, 64.0, 971.0, 612.0]
[256.0, 32.0, 988.0, 581.0]
[240.0, 48.0, 973.0, 598.0]
[224.0, 80.0, 958.0, 630.0]
[240.0, 80.0, 975.0, 631.0]
[256.0, 16.0, 992.0, 568.0]
[160.0, 0.0, 897.0, 553.0]
[176.0, 0.0, 914.0, 554.0]
[240.0, 96.0, 979.0, 650.0]
[160.0, 80.0, 900.0, 635.0]
[224.0, 32.0, 965.0, 588.0]
[272.0, 32.0, 1014.0, 588.0]
[112.0, 0.0, 855.0, 557.0]
[192.0, 32.0, 936.0, 590.0]
[128.0, 0.0, 873.0, 559.0]
[160.0, 32.0, 906.0, 592.0]
[272.0, 64.0, 1019.0, 624.0]
[112.0, 64.0, 860.0, 625.0]
[64.0, 48.0, 813.0, 610.0]
[112.0, 64.0, 862.0, 626.0]
[272.0, 32.0, 1023.0, 595.0]
[128.0, 64.0, 880.0, 628.0]
[128.0, 96.0, 881.0, 661.0]
[224.0, 80.0, 978.0, 646.0]
[112.0, 64.0, 867.0, 630.0]
[96.0, 48.0, 852.0, 615.0]
[208.0, 16.0, 965.0, 584.0]
[96.0, 16.0, 854.0, 584.0]
[144.0, 96.0, 903.0, 665.0]
[128.0, 80.0, 888.0, 650.0]
[80.0, 64.0, 841.0, 635.0]
[224.0, 0.0, 986.0, 572.0]
[192.0, 16.0, 955.0, 588.0]
[80.0, 16.0, 844.0, 589.0]
[160.0, 80.0, 925.0, 654.0]
[80.0, 64.0, 846.0, 638.0]
[208.0, 80.0, 975.0, 655.0]
[128.0, 48.0, 896.0, 624.0]
[160.0, 80.0, 929.0, 657.0]
[224.0, 32.0, 994.0, 610.0]
[160.0, 48.0, 931.0, 626.0]
[64.0, 0.0, 836.0, 579.0]
[144.0, 0.0, 917.0, 580.0]
[224.0, 80.0, 998.0, 660.0]
[240.0, 80.0, 1015.0, 661.0]
[80.0, 64.0, 856.0, 646.0]
[208.0, 96.0, 985.0, 679.0]
[128.0, 64.0, 906.0, 648.0]
[240.0, 48.0, 1019.0, 632.0]
[192.0, 64.0, 972.0, 649.0]
[96.0, 32.0, 877.0, 618.0]
[128.0, 16.0, 910.0, 602.0]
[64.0, 32.0, 847.0, 619.0]
[80.0, 64.0, 864.0, 652.0]
[176.0, 16.0, 961.0, 605.0]
[128.0, 48.0, 914.0, 638.0]
[48.0, 0.0, 835.0, 590.0]
[80.0, 0.0, 868.0, 591.0]
[208.0, 80.0, 997.0, 672.0]
[208.0, 96.0, 998.0, 688.0]
[208.0, 64.0, 999.0, 657.0]
[224.0, 0.0, 1016.0, 594.0]
[80.0, 32.0, 873.0, 627.0]
[208.0, 80.0, 1002.0, 676.0]
[96.0, 64.0, 891.0, 660.0]
[64.0, 0.0, 860.0, 597.0]
[48.0, 48.0, 845.0, 646.0]
[160.0, 32.0, 958.0, 630.0]
[192.0, 64.0, 991.0, 663.0]
[64.0, 32.0, 864.0, 632.0]
[112.0, 16.0, 913.0, 617.0]
[128.0, 64.0, 930.0, 666.0]
[48.0, 32.0, 851.0, 634.0]
[160.0, 80.0, 964.0, 683.0]
[144.0, 80.0, 949.0, 684.0]
[176.0, 80.0, 982.0, 684.0]
[48.0, 48.0, 855.0, 653.0]
[176.0, 32.0, 984.0, 638.0]
[176.0, 32.0, 985.0, 639.0]
[176.0, 48.0, 986.0, 656.0]
[128.0, 96.0, 939.0, 704.0]
[112.0, 48.0, 924.0, 657.0]
[112.0, 64.0, 925.0, 674.0]
[32.0, 16.0, 846.0, 626.0]
[128.0, 16.0, 943.0, 627.0]
[48.0, 48.0, 864.0, 660.0]
[176.0, 0.0, 993.0, 613.0]
[160.0, 96.0, 978.0, 710.0]
[192.0, 0.0, 1011.0, 614.0]
[48.0, 48.0, 868.0, 663.0]
[64.0, 64.0, 885.0, 680.0]
[32.0, 0.0, 854.0, 616.0]
[192.0, 0.0, 1015.0, 617.0]
[192.0, 32.0, 1016.0, 650.0]
[80.0, 16.0, 905.0, 635.0]
[176.0, 80.0, 1002.0, 700.0]
[144.0, 80.0, 971.0, 700.0]
[192.0, 32.0, 1020.0, 653.0]
[176.0, 48.0, 1005.0, 670.0]
[96.0, 64.0, 926.0, 686.0]
[176.0, 32.0, 1007.0, 655.0]
[112.0, 16.0, 944.0, 640.0]
[96.0, 48.0, 929.0, 673.0]
[128.0, 80.0, 962.0, 706.0]
[64.0, 16.0, 899.0, 642.0]
[176.0, 32.0, 1012.0, 659.0]
[176.0, 64.0, 1013.0, 692.0]
[128.0, 64.0, 966.0, 692.0]
[176.0, 0.0, 1015.0, 629.0]
[144.0, 96.0, 984.0, 726.0]
[112.0, 48.0, 953.0, 679.0]
[32.0, 16.0, 874.0, 648.0]
[128.0, 0.0, 971.0, 632.0]
[32.0, 0.0, 876.0, 633.0]
[160.0, 64.0, 1005.0, 698.0]
[48.0, 32.0, 894.0, 666.0]
[144.0, 48.0, 991.0, 683.0]
[96.0, 0.0, 944.0, 636.0]
[96.0, 48.0, 945.0, 685.0]
[112.0, 16.0, 962.0, 654.0]
[80.0, 0.0, 931.0, 638.0]
[112.0, 48.0, 964.0, 687.0]
[160.0, 80.0, 1013.0, 720.0]
[128.0, 0.0, 982.0, 640.0]
[48.0, 32.0, 903.0, 673.0]
[144.0, 32.0, 1000.0, 674.0]
[112.0, 64.0, 969.0, 707.0]
[112.0, 48.0, 970.0, 692.0]
[48.0, 0.0, 907.0, 644.0]
[144.0, 32.0, 1004.0, 677.0]
[64.0, 32.0, 925.0, 678.0]
[112.0, 0.0, 974.0, 646.0]
[160.0, 0.0, 1023.0, 647.0]
[80.0, 32.0, 944.0, 680.0]
[96.0, 32.0, 961.0, 681.0]
[64.0, 32.0, 930.0, 682.0]
[80.0, 0.0, 947.0, 650.0]
[64.0, 64.0, 932.0, 715.0]
[128.0, 32.0, 997.0, 684.0]
[80.0, 64.0, 950.0, 716.0]
[128.0, 96.0, 999.0, 749.0]
[48.0, 0.0, 920.0, 654.0]
[128.0, 80.0, 1001.0, 735.0]
[112.0, 0.0, 986.0, 656.0]
[96.0, 0.0, 971.0, 656.0]
[96.0, 80.0, 972.0, 737.0]
[48.0, 16.0, 925.0, 674.0]
[64.0, 64.0, 942.0, 722.0]
[80.0, 0.0, 959.0, 659.0]
[48.0, 48.0, 928.0, 708.0]
[64.0, 0.0, 945.0, 661.0]
[112.0, 0.0, 994.0, 662.0]
[48.0, 32.0, 931.0, 694.0]
[112.0, 16.0, 996.0, 679.0]
[32.0, 16.0, 917.0, 680.0]
[64.0, 0.0, 950.0, 664.0]
[64.0, 48.0, 951.0, 713.0]
[48.0, 0.0, 936.0, 666.0]
[112.0, 0.0, 1001.0, 667.0]
[64.0, 16.0, 954.0, 684.0]
[112.0, 0.0, 1003.0, 668.0]
[32.0, 0.0, 924.0, 669.0]
[64.0, 0.0, 957.0, 670.0]
[96.0, 64.0, 990.0, 734.0]
[128.0, 80.0, 1023.0, 751.0]
[80.0, 48.0, 976.0, 720.0]
[64.0, 16.0, 961.0, 689.0]
[112.0, 32.0, 1010.0, 706.0]
[16.0, 16.0, 915.0, 690.0]
[64.0, 32.0, 964.0, 707.0]
[32.0, 16.0, 933.0, 692.0]
[80.0, 16.0, 982.0, 692.0]
[64.0, 16.0, 967.0, 693.0]
[112.0, 16.0, 1016.0, 694.0]
[64.0, 48.0, 969.0, 727.0]
[32.0, 16.0, 938.0, 696.0]
[112.0, 64.0, 1019.0, 744.0]
[80.0, 32.0, 988.0, 713.0]
[16.0, 0.0, 925.0, 682.0]
[96.0, 0.0, 1006.0, 682.0]
[32.0, 16.0, 943.0, 699.0]
[112.0, 64.0, 1024.0, 748.0]
[32.0, 32.0, 945.0, 717.0]
[32.0, 0.0, 946.0, 686.0]
[80.0, 16.0, 995.0, 702.0]
[16.0, 32.0, 932.0, 719.0]
[48.0, 16.0, 965.0, 704.0]
[48.0, 32.0, 966.0, 720.0]
[16.0, 32.0, 935.0, 721.0]
[48.0, 0.0, 968.0, 690.0]
[64.0, 0.0, 985.0, 691.0]
[16.0, 0.0, 938.0, 692.0]
[32.0, 32.0, 955.0, 724.0]
[32.0, 32.0, 956.0, 725.0]
[96.0, 0.0, 1021.0, 694.0]
[48.0, 0.0, 974.0, 694.0]
[16.0, 0.0, 943.0, 695.0]
[32.0, 0.0, 960.0, 696.0]
[16.0, 32.0, 945.0, 729.0]
[32.0, 0.0, 962.0, 698.0]
[32.0, 0.0, 963.0, 698.0]
[64.0, 48.0, 996.0, 747.0]
[16.0, 0.0, 949.0, 700.0]
[16.0, 32.0, 950.0, 732.0]
[48.0, 48.0, 983.0, 749.0]
[48.0, 0.0, 984.0, 702.0]
[32.0, 32.0, 969.0, 735.0]
[64.0, 32.0, 1002.0, 736.0]
[80.0, 32.0, 1019.0, 736.0]
[64.0, 32.0, 1004.0, 737.0]
[64.0, 32.0, 1005.0, 738.0]
[64.0, 16.0, 1006.0, 722.0]
[32.0, 16.0, 975.0, 723.0]
[48.0, 16.0, 992.0, 724.0]
[64.0, 16.0, 1009.0, 725.0]
[64.0, 0.0, 1010.0, 710.0]
[16.0, 16.0, 963.0, 726.0]
[48.0, 0.0, 996.0, 711.0]
[48.0, 0.0, 997.0, 712.0]
[48.0, 0.0, 998.0, 712.0]
[64.0, 16.0, 1015.0, 729.0]
[32.0, 32.0, 984.0, 746.0]
[16.0, 0.0, 969.0, 715.0]
[32.0, 32.0, 986.0, 748.0]
[48.0, 16.0, 1003.0, 732.0]
[48.0, 32.0, 1004.0, 749.0]
[16.0, 32.0, 973.0, 750.0]
[32.0, 32.0, 990.0, 750.0]
[64.0, 16.0, 1023.0, 735.0]
[64.0, 0.0, 1024.0, 720.0]
[32.0, 0.0, 993.0, 721.0]
[16.0, 16.0, 978.0, 738.0]
[48.0, 16.0, 1011.0, 738.0]
[32.0, 0.0, 996.0, 723.0]
[32.0, 0.0, 997.0, 724.0]
[16.0, 16.0, 982.0, 740.0]
[16.0, 0.0, 983.0, 725.0]
