[96.0, 80.0, 837.0, 636.0]
[48.0, 32.0, 790.0, 588.0]
[112.0, 32.0, 855.0, 589.0]
[48.0, 48.0, 792.0, 606.0]
[224.0, 48.0, 969.0, 607.0]
[64.0, 48.0, 810.0, 608.0]
[96.0, 96.0, 843.0, 656.0]
[48.0, 48.0, 796.0, 609.0]
[160.0, 48.0, 909.0, 610.0]
[176.0, 96.0, 926.0, 658.0]
[64.0, 32.0, 815.0, 595.0]
[208.0, 80.0, 960.0, 644.0]
[240.0, 64.0, 993.0, 629.0]
[64.0, 80.0, 818.0, 646.0]
[112.0, 48.0, 867.0, 614.0]
[144.0, 96.0, 900.0, 663.0]
[192.0, 80.0, 949.0, 648.0]
[224.0, 48.0, 982.0, 616.0]
[64.0, 80.0, 823.0, 649.0]
[224.0, 96.0, 984.0, 666.0]
[80.0, 32.0, 841.0, 603.0]
[176.0, 16.0, 938.0, 588.0]
[96.0, 32.0, 859.0, 604.0]
[48.0, 16.0, 812.0, 589.0]
[144.0, 32.0, 909.0, 606.0]
[208.0, 32.0, 974.0, 606.0]
[208.0, 80.0, 975.0, 655.0]
[96.0, 48.0, 864.0, 624.0]
[64.0, 80.0, 833.0, 657.0]
[192.0, 80.0, 962.0, 658.0]
[192.0, 96.0, 963.0, 674.0]
[192.0, 16.0, 964.0, 595.0]
[128.0, 48.0, 901.0, 628.0]
[32.0, 80.0, 806.0, 660.0]
[32.0, 48.0, 807.0, 629.0]
[208.0, 96.0, 984.0, 678.0]
[240.0, 48.0, 1017.0, 631.0]
[32.0, 48.0, 810.0, 632.0]
[192.0, 96.0, 971.0, 680.0]
[16.0, 32.0, 796.0, 617.0]
[208.0, 16.0, 989.0, 602.0]
[48.0, 48.0, 830.0, 634.0]
[208.0, 16.0, 991.0, 603.0]
[96.0, 80.0, 880.0, 668.0]
[32.0, 0.0, 817.0, 589.0]
[112.0, 32.0, 898.0, 622.0]
[96.0, 80.0, 883.0, 670.0]
[160.0, 48.0, 948.0, 639.0]
[128.0, 0.0, 917.0, 592.0]
[176.0, 64.0, 966.0, 656.0]
[160.0, 32.0, 951.0, 625.0]
[16.0, 32.0, 808.0, 626.0]
[32.0, 0.0, 825.0, 595.0]
[112.0, 16.0, 906.0, 612.0]
[112.0, 64.0, 907.0, 660.0]
[128.0, 64.0, 924.0, 661.0]
[192.0, 80.0, 989.0, 678.0]
[32.0, 0.0, 830.0, 598.0]
[176.0, 32.0, 975.0, 631.0]
[64.0, 64.0, 864.0, 664.0]
[16.0, 80.0, 817.0, 681.0]
[96.0, 16.0, 898.0, 618.0]
[192.0, 64.0, 995.0, 666.0]
[32.0, 48.0, 836.0, 651.0]
[128.0, 64.0, 933.0, 668.0]
[128.0, 16.0, 934.0, 620.0]
[160.0, 32.0, 967.0, 637.0]
[0.0, 48.0, 808.0, 654.0]
[32.0, 16.0, 841.0, 623.0]
[96.0, 64.0, 906.0, 672.0]
[0.0, 32.0, 811.0, 640.0]
[208.0, 32.0, 1020.0, 641.0]
[160.0, 32.0, 973.0, 642.0]
[80.0, 16.0, 894.0, 626.0]
[16.0, 32.0, 831.0, 643.0]
[96.0, 16.0, 912.0, 628.0]
[128.0, 16.0, 945.0, 629.0]
[64.0, 64.0, 882.0, 678.0]
[96.0, 32.0, 915.0, 646.0]
[80.0, 0.0, 900.0, 615.0]
[16.0, 16.0, 837.0, 632.0]
[48.0, 32.0, 870.0, 648.0]
[32.0, 48.0, 855.0, 665.0]
[64.0, 32.0, 888.0, 650.0]
[48.0, 16.0, 873.0, 635.0]
[144.0, 0.0, 970.0, 620.0]
[128.0, 32.0, 955.0, 652.0]
[80.0, 16.0, 908.0, 637.0]
[96.0, 48.0, 925.0, 670.0]
[16.0, 16.0, 846.0, 638.0]
[96.0, 16.0, 927.0, 639.0]
[16.0, 16.0, 848.0, 640.0]
[64.0, 0.0, 897.0, 625.0]
[128.0, 32.0, 962.0, 658.0]
[48.0, 48.0, 883.0, 674.0]
[144.0, 16.0, 980.0, 643.0]
[160.0, 48.0, 997.0, 676.0]
[16.0, 48.0, 854.0, 676.0]
[160.0, 48.0, 999.0, 677.0]
[112.0, 48.0, 952.0, 678.0]
[160.0, 16.0, 1001.0, 647.0]
[64.0, 16.0, 906.0, 648.0]
[64.0, 32.0, 907.0, 664.0]
[80.0, 32.0, 924.0, 665.0]
[48.0, 0.0, 893.0, 634.0]
[96.0, 32.0, 942.0, 666.0]
[64.0, 16.0, 911.0, 651.0]
[80.0, 16.0, 928.0, 652.0]
[144.0, 0.0, 993.0, 637.0]
[80.0, 16.0, 930.0, 654.0]
[0.0, 0.0, 851.0, 638.0]
[96.0, 16.0, 948.0, 655.0]
[64.0, 32.0, 917.0, 672.0]
[144.0, 16.0, 998.0, 656.0]
[96.0, 32.0, 951.0, 673.0]
[128.0, 16.0, 984.0, 658.0]
[48.0, 0.0, 905.0, 643.0]
[64.0, 32.0, 922.0, 676.0]
[16.0, 32.0, 875.0, 676.0]
[112.0, 16.0, 972.0, 661.0]
[128.0, 16.0, 989.0, 662.0]
[0.0, 0.0, 862.0, 646.0]
[64.0, 0.0, 927.0, 647.0]
[0.0, 32.0, 864.0, 680.0]
[32.0, 16.0, 897.0, 665.0]
[0.0, 16.0, 866.0, 666.0]
[16.0, 0.0, 883.0, 650.0]
[96.0, 0.0, 964.0, 651.0]
[64.0, 16.0, 933.0, 668.0]
[48.0, 0.0, 918.0, 652.0]
[16.0, 16.0, 887.0, 669.0]
[128.0, 16.0, 1000.0, 670.0]
[64.0, 0.0, 937.0, 655.0]
[96.0, 16.0, 970.0, 672.0]
[80.0, 16.0, 955.0, 672.0]
[32.0, 0.0, 908.0, 657.0]
[64.0, 0.0, 941.0, 658.0]
[48.0, 0.0, 926.0, 658.0]
[32.0, 16.0, 911.0, 675.0]
[144.0, 16.0, 1024.0, 676.0]
[112.0, 0.0, 993.0, 661.0]
[96.0, 16.0, 978.0, 678.0]
[16.0, 0.0, 899.0, 662.0]
[128.0, 16.0, 1012.0, 679.0]
[32.0, 0.0, 917.0, 664.0]
[96.0, 0.0, 982.0, 664.0]
[0.0, 16.0, 887.0, 681.0]
[96.0, 16.0, 984.0, 682.0]
[64.0, 16.0, 953.0, 683.0]
[0.0, 0.0, 890.0, 668.0]
[80.0, 0.0, 971.0, 668.0]
[80.0, 0.0, 972.0, 669.0]
[16.0, 0.0, 909.0, 670.0]
[112.0, 0.0, 1006.0, 670.0]
[64.0, 0.0, 959.0, 671.0]
[112.0, 0.0, 1008.0, 672.0]
[64.0, 0.0, 961.0, 673.0]
[16.0, 0.0, 914.0, 674.0]
[48.0, 0.0, 947.0, 674.0]
[112.0, 0.0, 1012.0, 675.0]
[0.0, 0.0, 901.0, 676.0]
[32.0, 0.0, 934.0, 676.0]
[112.0, 0.0, 1015.0, 677.0]
[48.0, 0.0, 952.0, 678.0]
[32.0, 0.0, 937.0, 679.0]
[0.0, 0.0, 906.0, 680.0]
[96.0, 0.0, 1003.0, 680.0]
[96.0, 0.0, 1004.0, 681.0]
[112.0, 0.0, 1021.0, 682.0]
[96.0, 0.0, 1006.0, 682.0]
[96.0, 0.0, 1007.0, 683.0]
