[64.0, 80.0, 781.0, 618.0]
[112.0, 80.0, 830.0, 618.0]
[64.0, 80.0, 783.0, 619.0]
[48.0, 80.0, 768.0, 620.0]
[240.0, 112.0, 961.0, 653.0]
[256.0, 96.0, 978.0, 638.0]
[32.0, 96.0, 755.0, 638.0]
[192.0, 96.0, 916.0, 639.0]
[128.0, 112.0, 853.0, 656.0]
[272.0, 112.0, 998.0, 656.0]
[272.0, 96.0, 999.0, 641.0]
[112.0, 112.0, 840.0, 658.0]
[48.0, 96.0, 777.0, 643.0]
[224.0, 80.0, 954.0, 628.0]
[48.0, 64.0, 779.0, 612.0]
[272.0, 96.0, 1004.0, 645.0]
[192.0, 96.0, 925.0, 646.0]
[64.0, 96.0, 798.0, 646.0]
[96.0, 80.0, 831.0, 631.0]
[208.0, 80.0, 944.0, 632.0]
[48.0, 96.0, 785.0, 649.0]
[272.0, 80.0, 1010.0, 634.0]
[96.0, 80.0, 835.0, 634.0]
[96.0, 80.0, 836.0, 635.0]
[96.0, 96.0, 837.0, 652.0]
[176.0, 112.0, 918.0, 668.0]
[256.0, 96.0, 999.0, 653.0]
[16.0, 96.0, 760.0, 654.0]
[224.0, 96.0, 969.0, 655.0]
[48.0, 112.0, 794.0, 672.0]
[48.0, 96.0, 795.0, 656.0]
[96.0, 112.0, 844.0, 673.0]
[224.0, 112.0, 973.0, 674.0]
[272.0, 96.0, 1022.0, 658.0]
[32.0, 96.0, 783.0, 659.0]
[112.0, 48.0, 864.0, 612.0]
[80.0, 48.0, 833.0, 613.0]
[96.0, 64.0, 850.0, 630.0]
[208.0, 96.0, 963.0, 662.0]
[208.0, 112.0, 964.0, 679.0]
[64.0, 80.0, 821.0, 648.0]
[0.0, 96.0, 758.0, 664.0]
[192.0, 96.0, 951.0, 665.0]
[192.0, 96.0, 952.0, 666.0]
[240.0, 112.0, 1001.0, 683.0]
[64.0, 96.0, 826.0, 668.0]
[16.0, 64.0, 779.0, 636.0]
[80.0, 80.0, 844.0, 653.0]
[80.0, 96.0, 845.0, 670.0]
[208.0, 64.0, 974.0, 638.0]
[240.0, 64.0, 1007.0, 639.0]
[16.0, 96.0, 784.0, 672.0]
[208.0, 32.0, 977.0, 609.0]
[160.0, 80.0, 930.0, 658.0]
[208.0, 80.0, 979.0, 658.0]
[128.0, 96.0, 900.0, 675.0]
[224.0, 80.0, 997.0, 660.0]
[224.0, 64.0, 998.0, 644.0]
[96.0, 32.0, 871.0, 613.0]
[144.0, 96.0, 920.0, 678.0]
[80.0, 32.0, 857.0, 615.0]
[144.0, 32.0, 922.0, 616.0]
[240.0, 96.0, 1019.0, 680.0]
[128.0, 64.0, 908.0, 649.0]
[64.0, 80.0, 845.0, 666.0]
[16.0, 64.0, 798.0, 650.0]
[176.0, 64.0, 959.0, 651.0]
[112.0, 32.0, 896.0, 620.0]
[160.0, 48.0, 945.0, 637.0]
[112.0, 80.0, 898.0, 670.0]
[160.0, 32.0, 947.0, 622.0]
[144.0, 48.0, 932.0, 639.0]
[128.0, 48.0, 917.0, 640.0]
[48.0, 32.0, 838.0, 624.0]
[176.0, 16.0, 967.0, 609.0]
[192.0, 80.0, 984.0, 674.0]
[208.0, 80.0, 1001.0, 675.0]
[176.0, 80.0, 970.0, 676.0]
[176.0, 16.0, 971.0, 612.0]
[96.0, 48.0, 892.0, 645.0]
[0.0, 48.0, 797.0, 646.0]
[64.0, 80.0, 862.0, 678.0]
[160.0, 16.0, 959.0, 615.0]
[160.0, 64.0, 960.0, 664.0]
[176.0, 48.0, 977.0, 649.0]
[176.0, 80.0, 978.0, 682.0]
[208.0, 32.0, 1011.0, 634.0]
[192.0, 64.0, 996.0, 667.0]
[48.0, 32.0, 853.0, 636.0]
[48.0, 64.0, 854.0, 668.0]
[16.0, 64.0, 823.0, 669.0]
[144.0, 64.0, 952.0, 670.0]
[16.0, 32.0, 825.0, 639.0]
[32.0, 48.0, 842.0, 656.0]
[160.0, 32.0, 971.0, 640.0]
[64.0, 32.0, 876.0, 641.0]
[32.0, 32.0, 845.0, 642.0]
[80.0, 48.0, 894.0, 658.0]
[144.0, 0.0, 959.0, 611.0]
[96.0, 0.0, 912.0, 612.0]
[80.0, 0.0, 897.0, 613.0]
[160.0, 0.0, 978.0, 614.0]
[48.0, 0.0, 867.0, 614.0]
[112.0, 48.0, 932.0, 663.0]
[176.0, 32.0, 997.0, 648.0]
[96.0, 32.0, 918.0, 648.0]
[32.0, 32.0, 855.0, 649.0]
[144.0, 0.0, 968.0, 618.0]
[96.0, 16.0, 921.0, 635.0]
[80.0, 48.0, 906.0, 668.0]
[80.0, 16.0, 907.0, 636.0]
[160.0, 48.0, 988.0, 669.0]
[64.0, 48.0, 893.0, 670.0]
[96.0, 48.0, 926.0, 670.0]
[32.0, 48.0, 863.0, 671.0]
[80.0, 16.0, 912.0, 640.0]
[96.0, 16.0, 929.0, 641.0]
[32.0, 32.0, 866.0, 658.0]
[80.0, 0.0, 915.0, 626.0]
[80.0, 32.0, 916.0, 659.0]
[176.0, 16.0, 1013.0, 644.0]
[16.0, 16.0, 854.0, 644.0]
[80.0, 32.0, 919.0, 661.0]
[32.0, 48.0, 872.0, 678.0]
[128.0, 32.0, 969.0, 663.0]
[96.0, 16.0, 938.0, 648.0]
[16.0, 48.0, 859.0, 680.0]
[176.0, 32.0, 1020.0, 665.0]
[128.0, 16.0, 973.0, 650.0]
[144.0, 48.0, 990.0, 682.0]
[112.0, 48.0, 959.0, 683.0]
[112.0, 16.0, 960.0, 652.0]
[160.0, 0.0, 1009.0, 637.0]
[32.0, 16.0, 882.0, 654.0]
[0.0, 32.0, 851.0, 670.0]
[96.0, 16.0, 948.0, 655.0]
[48.0, 32.0, 901.0, 672.0]
[112.0, 32.0, 966.0, 672.0]
[16.0, 16.0, 871.0, 657.0]
[48.0, 16.0, 904.0, 658.0]
[96.0, 0.0, 953.0, 643.0]
[80.0, 0.0, 938.0, 644.0]
[160.0, 32.0, 1019.0, 676.0]
[144.0, 32.0, 1004.0, 677.0]
[144.0, 32.0, 1005.0, 678.0]
[112.0, 16.0, 974.0, 662.0]
[144.0, 0.0, 1007.0, 647.0]
[144.0, 32.0, 1008.0, 680.0]
[64.0, 16.0, 929.0, 665.0]
[80.0, 0.0, 946.0, 650.0]
[64.0, 16.0, 931.0, 666.0]
[80.0, 16.0, 948.0, 667.0]
[16.0, 16.0, 885.0, 668.0]
[48.0, 16.0, 918.0, 668.0]
[16.0, 16.0, 887.0, 669.0]
[144.0, 16.0, 1016.0, 670.0]
[112.0, 0.0, 985.0, 655.0]
[96.0, 0.0, 970.0, 656.0]
[96.0, 0.0, 971.0, 656.0]
[80.0, 16.0, 956.0, 673.0]
[32.0, 0.0, 909.0, 658.0]
[0.0, 0.0, 878.0, 658.0]
[144.0, 16.0, 1023.0, 675.0]
[32.0, 16.0, 912.0, 676.0]
[16.0, 16.0, 897.0, 677.0]
[128.0, 16.0, 1010.0, 678.0]
[96.0, 16.0, 979.0, 678.0]
[0.0, 16.0, 884.0, 679.0]
[48.0, 16.0, 933.0, 680.0]
[0.0, 16.0, 886.0, 680.0]
[64.0, 0.0, 951.0, 665.0]
[96.0, 16.0, 984.0, 682.0]
[48.0, 16.0, 937.0, 683.0]
[128.0, 0.0, 1018.0, 668.0]
[0.0, 0.0, 891.0, 668.0]
[80.0, 0.0, 972.0, 669.0]
[80.0, 0.0, 973.0, 670.0]
[0.0, 0.0, 894.0, 670.0]
[128.0, 0.0, 1023.0, 671.0]
[96.0, 0.0, 992.0, 672.0]
[16.0, 0.0, 913.0, 673.0]
[16.0, 0.0, 914.0, 674.0]
[32.0, 0.0, 931.0, 674.0]
[48.0, 0.0, 948.0, 675.0]
[0.0, 0.0, 901.0, 676.0]
[0.0, 0.0, 902.0, 676.0]
[32.0, 0.0, 935.0, 677.0]
[96.0, 0.0, 1000.0, 678.0]
[112.0, 0.0, 1017.0, 679.0]
[48.0, 0.0, 954.0, 680.0]
[96.0, 0.0, 1003.0, 680.0]
[16.0, 0.0, 924.0, 681.0]
[48.0, 0.0, 957.0, 682.0]
[48.0, 0.0, 958.0, 682.0]
[48.0, 0.0, 959.0, 683.0]
