[48.0, 160.0, 588.0, 880.0]
[48.0, 96.0, 589.0, 817.0]
[64.0, 144.0, 606.0, 866.0]
[64.0, 144.0, 606.0, 867.0]
[80.0, 144.0, 623.0, 868.0]
[80.0, 256.0, 624.0, 981.0]
[32.0, 112.0, 576.0, 838.0]
[80.0, 144.0, 625.0, 871.0]
[32.0, 80.0, 578.0, 808.0]
[32.0, 224.0, 579.0, 953.0]
[64.0, 48.0, 612.0, 778.0]
[48.0, 128.0, 596.0, 859.0]
[48.0, 240.0, 597.0, 972.0]
[32.0, 80.0, 582.0, 813.0]
[64.0, 224.0, 614.0, 958.0]
[64.0, 176.0, 615.0, 911.0]
[32.0, 144.0, 584.0, 880.0]
[48.0, 128.0, 601.0, 865.0]
[64.0, 64.0, 618.0, 802.0]
[64.0, 160.0, 618.0, 899.0]
[64.0, 160.0, 619.0, 900.0]
[80.0, 64.0, 636.0, 805.0]
[16.0, 176.0, 572.0, 918.0]
[32.0, 128.0, 589.0, 871.0]
[64.0, 64.0, 622.0, 808.0]
[80.0, 144.0, 639.0, 889.0]
[64.0, 112.0, 624.0, 858.0]
[80.0, 160.0, 640.0, 907.0]
[80.0, 64.0, 641.0, 812.0]
[16.0, 192.0, 578.0, 941.0]
[64.0, 64.0, 626.0, 814.0]
[16.0, 144.0, 579.0, 895.0]
[64.0, 128.0, 628.0, 880.0]
[64.0, 16.0, 629.0, 769.0]
[16.0, 208.0, 582.0, 962.0]
[64.0, 112.0, 630.0, 867.0]
[16.0, 112.0, 583.0, 868.0]
[64.0, 96.0, 632.0, 853.0]
[64.0, 48.0, 632.0, 806.0]
[0.0, 80.0, 569.0, 839.0]
[48.0, 64.0, 618.0, 824.0]
[16.0, 32.0, 587.0, 793.0]
[48.0, 16.0, 620.0, 778.0]
[16.0, 208.0, 588.0, 971.0]
[16.0, 176.0, 589.0, 940.0]
[16.0, 160.0, 590.0, 925.0]
[0.0, 144.0, 574.0, 910.0]
[16.0, 240.0, 591.0, 1007.0]
[48.0, 96.0, 624.0, 864.0]
[48.0, 112.0, 625.0, 881.0]
[32.0, 32.0, 610.0, 802.0]
[80.0, 208.0, 658.0, 979.0]
[80.0, 128.0, 659.0, 900.0]
[32.0, 80.0, 612.0, 853.0]
[32.0, 80.0, 612.0, 854.0]
[32.0, 192.0, 613.0, 967.0]
[16.0, 48.0, 598.0, 824.0]
[0.0, 192.0, 583.0, 969.0]
[0.0, 48.0, 584.0, 826.0]
[48.0, 112.0, 632.0, 891.0]
[48.0, 32.0, 633.0, 812.0]
[80.0, 48.0, 666.0, 829.0]
[16.0, 192.0, 602.0, 974.0]
[16.0, 144.0, 603.0, 927.0]
[48.0, 240.0, 636.0, 1024.0]
[48.0, 224.0, 637.0, 1009.0]
[64.0, 16.0, 654.0, 802.0]
[16.0, 144.0, 606.0, 931.0]
[16.0, 144.0, 607.0, 932.0]
[16.0, 96.0, 608.0, 885.0]
[32.0, 128.0, 624.0, 918.0]
[16.0, 0.0, 609.0, 791.0]
[0.0, 160.0, 594.0, 952.0]
[48.0, 208.0, 643.0, 1001.0]
[16.0, 32.0, 612.0, 826.0]
[32.0, 32.0, 628.0, 827.0]
[64.0, 160.0, 661.0, 956.0]
[0.0, 176.0, 598.0, 973.0]
[16.0, 16.0, 614.0, 814.0]
[48.0, 0.0, 647.0, 799.0]
[64.0, 48.0, 664.0, 848.0]
[80.0, 96.0, 681.0, 897.0]
[16.0, 192.0, 618.0, 994.0]
[32.0, 128.0, 634.0, 931.0]
[32.0, 96.0, 635.0, 900.0]
[32.0, 144.0, 636.0, 949.0]
[0.0, 0.0, 604.0, 806.0]
[80.0, 96.0, 685.0, 903.0]
[48.0, 16.0, 654.0, 824.0]
[32.0, 80.0, 639.0, 889.0]
[16.0, 96.0, 624.0, 906.0]
[64.0, 48.0, 672.0, 859.0]
[64.0, 176.0, 673.0, 988.0]
[48.0, 48.0, 658.0, 861.0]
[48.0, 80.0, 658.0, 894.0]
[48.0, 80.0, 659.0, 895.0]
[48.0, 144.0, 660.0, 960.0]
[16.0, 64.0, 629.0, 881.0]
[0.0, 80.0, 614.0, 898.0]
[16.0, 112.0, 630.0, 931.0]
[16.0, 96.0, 631.0, 916.0]
[80.0, 80.0, 696.0, 901.0]
[64.0, 192.0, 680.0, 1014.0]
[48.0, 32.0, 665.0, 855.0]
[16.0, 32.0, 634.0, 856.0]
[32.0, 0.0, 651.0, 825.0]
[16.0, 192.0, 636.0, 1018.0]
[0.0, 112.0, 620.0, 939.0]
[48.0, 160.0, 669.0, 988.0]
[80.0, 64.0, 702.0, 893.0]
[0.0, 48.0, 622.0, 878.0]
[64.0, 160.0, 687.0, 991.0]
[48.0, 176.0, 672.0, 1008.0]
[0.0, 176.0, 625.0, 1009.0]
[16.0, 128.0, 642.0, 962.0]
[0.0, 16.0, 626.0, 851.0]
[16.0, 96.0, 643.0, 932.0]
[80.0, 32.0, 708.0, 869.0]
[64.0, 0.0, 692.0, 838.0]
[16.0, 160.0, 645.0, 999.0]
[16.0, 48.0, 646.0, 888.0]
[80.0, 64.0, 711.0, 905.0]
[64.0, 0.0, 696.0, 842.0]
[48.0, 48.0, 680.0, 891.0]
[48.0, 176.0, 681.0, 1020.0]
[32.0, 64.0, 666.0, 909.0]
[48.0, 128.0, 682.0, 974.0]
[32.0, 48.0, 667.0, 895.0]
[48.0, 16.0, 684.0, 864.0]
[80.0, 80.0, 717.0, 929.0]
[80.0, 48.0, 718.0, 898.0]
[80.0, 128.0, 718.0, 979.0]
[0.0, 160.0, 639.0, 1012.0]
[32.0, 160.0, 672.0, 1013.0]
[80.0, 64.0, 720.0, 918.0]
[64.0, 0.0, 705.0, 855.0]
[64.0, 16.0, 706.0, 872.0]
[16.0, 144.0, 659.0, 1001.0]
[16.0, 32.0, 660.0, 890.0]
[48.0, 80.0, 692.0, 939.0]
[48.0, 48.0, 693.0, 908.0]
[48.0, 96.0, 694.0, 957.0]
[48.0, 48.0, 694.0, 910.0]
[64.0, 128.0, 711.0, 991.0]
[32.0, 128.0, 680.0, 992.0]
[80.0, 80.0, 729.0, 945.0]
[48.0, 112.0, 698.0, 978.0]
[0.0, 128.0, 650.0, 995.0]
[48.0, 80.0, 699.0, 948.0]
[16.0, 16.0, 668.0, 885.0]
[48.0, 128.0, 700.0, 998.0]
[80.0, 64.0, 733.0, 935.0]
[32.0, 80.0, 686.0, 952.0]
[80.0, 48.0, 735.0, 921.0]
[80.0, 48.0, 736.0, 922.0]
[16.0, 64.0, 672.0, 939.0]
[48.0, 64.0, 705.0, 940.0]
[80.0, 96.0, 738.0, 973.0]
[0.0, 80.0, 658.0, 958.0]
[64.0, 64.0, 723.0, 943.0]
[16.0, 80.0, 676.0, 960.0]
[32.0, 96.0, 693.0, 977.0]
[48.0, 128.0, 710.0, 1010.0]
[16.0, 48.0, 678.0, 931.0]
[0.0, 48.0, 663.0, 932.0]
[48.0, 64.0, 712.0, 949.0]
[64.0, 96.0, 728.0, 982.0]
[64.0, 32.0, 729.0, 919.0]
[0.0, 48.0, 666.0, 936.0]
[48.0, 48.0, 715.0, 937.0]
[80.0, 32.0, 748.0, 922.0]
[48.0, 32.0, 716.0, 923.0]
[64.0, 16.0, 733.0, 908.0]
[64.0, 0.0, 734.0, 893.0]
[0.0, 64.0, 670.0, 958.0]
[80.0, 32.0, 751.0, 927.0]
[64.0, 0.0, 736.0, 896.0]
[0.0, 16.0, 673.0, 913.0]
[32.0, 32.0, 706.0, 930.0]
[64.0, 112.0, 738.0, 1011.0]
[64.0, 96.0, 739.0, 996.0]
[32.0, 32.0, 708.0, 933.0]
[16.0, 16.0, 692.0, 918.0]
[32.0, 48.0, 709.0, 951.0]
[80.0, 80.0, 758.0, 984.0]
[64.0, 48.0, 743.0, 953.0]
[64.0, 80.0, 744.0, 986.0]
[80.0, 48.0, 760.0, 955.0]
[32.0, 64.0, 713.0, 972.0]
[48.0, 0.0, 730.0, 909.0]
[80.0, 80.0, 762.0, 990.0]
[32.0, 0.0, 715.0, 911.0]
[16.0, 48.0, 700.0, 960.0]
[16.0, 32.0, 701.0, 945.0]
[0.0, 96.0, 686.0, 1010.0]
[32.0, 96.0, 718.0, 1011.0]
[16.0, 0.0, 703.0, 916.0]
[48.0, 48.0, 736.0, 965.0]
[16.0, 80.0, 704.0, 998.0]
[0.0, 64.0, 689.0, 983.0]
[80.0, 64.0, 770.0, 984.0]
[32.0, 80.0, 723.0, 1001.0]
[48.0, 96.0, 740.0, 1018.0]
[32.0, 96.0, 724.0, 1019.0]
[16.0, 32.0, 709.0, 956.0]
[48.0, 48.0, 742.0, 973.0]
[64.0, 48.0, 758.0, 974.0]
[48.0, 48.0, 743.0, 975.0]
[0.0, 16.0, 696.0, 944.0]
[32.0, 0.0, 729.0, 929.0]
[16.0, 16.0, 714.0, 946.0]
[80.0, 32.0, 778.0, 963.0]
[64.0, 48.0, 763.0, 980.0]
[64.0, 48.0, 764.0, 981.0]
[80.0, 48.0, 780.0, 982.0]
[80.0, 64.0, 781.0, 999.0]
[16.0, 0.0, 718.0, 936.0]
[64.0, 16.0, 767.0, 953.0]
[16.0, 0.0, 720.0, 938.0]
[32.0, 48.0, 736.0, 987.0]
[64.0, 64.0, 769.0, 1004.0]
[0.0, 0.0, 706.0, 941.0]
[64.0, 64.0, 770.0, 1006.0]
[16.0, 80.0, 723.0, 1023.0]
[32.0, 80.0, 740.0, 1024.0]
[48.0, 64.0, 757.0, 1009.0]
[64.0, 48.0, 774.0, 994.0]
[0.0, 16.0, 710.0, 963.0]
[32.0, 0.0, 743.0, 948.0]
[16.0, 32.0, 728.0, 981.0]
[32.0, 48.0, 744.0, 998.0]
[0.0, 16.0, 713.0, 967.0]
[32.0, 32.0, 746.0, 984.0]
[48.0, 32.0, 763.0, 985.0]
[64.0, 16.0, 780.0, 970.0]
[32.0, 64.0, 748.0, 1019.0]
[64.0, 0.0, 781.0, 956.0]
[48.0, 48.0, 766.0, 1005.0]
[16.0, 64.0, 734.0, 1022.0]
[64.0, 48.0, 783.0, 1007.0]
[64.0, 48.0, 784.0, 1008.0]
[32.0, 0.0, 753.0, 961.0]
[32.0, 48.0, 754.0, 1010.0]
[16.0, 16.0, 738.0, 979.0]
[16.0, 32.0, 739.0, 996.0]
[16.0, 16.0, 740.0, 981.0]
[0.0, 32.0, 724.0, 998.0]
[48.0, 0.0, 773.0, 967.0]
[32.0, 16.0, 758.0, 984.0]
[0.0, 0.0, 727.0, 969.0]
[16.0, 0.0, 744.0, 970.0]
[32.0, 0.0, 760.0, 971.0]
[48.0, 32.0, 777.0, 1004.0]
[48.0, 32.0, 778.0, 1005.0]
[0.0, 16.0, 730.0, 990.0]
[0.0, 0.0, 731.0, 975.0]
[0.0, 48.0, 732.0, 1024.0]
[0.0, 32.0, 733.0, 1009.0]
[48.0, 0.0, 782.0, 978.0]
[0.0, 0.0, 734.0, 979.0]
[48.0, 0.0, 783.0, 980.0]
[0.0, 16.0, 736.0, 997.0]
[16.0, 16.0, 752.0, 998.0]
[48.0, 0.0, 785.0, 983.0]
[48.0, 32.0, 786.0, 1016.0]
[48.0, 16.0, 787.0, 1001.0]
[0.0, 16.0, 740.0, 1002.0]
[16.0, 16.0, 756.0, 1003.0]
[32.0, 32.0, 773.0, 1020.0]
[32.0, 32.0, 774.0, 1021.0]
[0.0, 16.0, 742.0, 1006.0]
[0.0, 32.0, 743.0, 1023.0]
[16.0, 0.0, 760.0, 992.0]
[32.0, 0.0, 777.0, 993.0]
[16.0, 16.0, 762.0, 1010.0]
[16.0, 16.0, 762.0, 1011.0]
[32.0, 16.0, 779.0, 1012.0]
[32.0, 0.0, 780.0, 997.0]
[0.0, 16.0, 748.0, 1014.0]
[16.0, 16.0, 765.0, 1015.0]
[16.0, 16.0, 766.0, 1016.0]
[16.0, 16.0, 767.0, 1017.0]
[0.0, 0.0, 752.0, 1002.0]
[16.0, 0.0, 768.0, 1003.0]
[0.0, 0.0, 753.0, 1004.0]
[16.0, 16.0, 770.0, 1021.0]
[32.0, 0.0, 786.0, 1006.0]
[0.0, 16.0, 755.0, 1023.0]
[32.0, 16.0, 788.0, 1024.0]
[0.0, 0.0, 757.0, 1009.0]
[16.0, 0.0, 774.0, 1010.0]
[0.0, 0.0, 758.0, 1011.0]
[16.0, 0.0, 775.0, 1012.0]
[16.0, 0.0, 776.0, 1013.0]
[0.0, 0.0, 760.0, 1014.0]
[0.0, 0.0, 761.0, 1015.0]
[16.0, 0.0, 778.0, 1016.0]
[16.0, 0.0, 779.0, 1017.0]
[16.0, 0.0, 780.0, 1018.0]
[0.0, 0.0, 764.0, 1019.0]
[0.0, 0.0, 765.0, 1020.0]
[16.0, 0.0, 782.0, 1021.0]
[16.0, 0.0, 782.0, 1022.0]
[16.0, 0.0, 783.0, 1023.0]
[16.0, 0.0, 784.0, 1024.0]
