[240.0, 64.0, 957.0, 602.0]
[272.0, 80.0, 990.0, 618.0]
[112.0, 64.0, 831.0, 603.0]
[96.0, 48.0, 816.0, 588.0]
[208.0, 32.0, 929.0, 573.0]
[240.0, 16.0, 962.0, 558.0]
[112.0, 48.0, 835.0, 590.0]
[112.0, 32.0, 836.0, 575.0]
[128.0, 112.0, 853.0, 656.0]
[128.0, 32.0, 854.0, 576.0]
[160.0, 64.0, 887.0, 609.0]
[224.0, 64.0, 952.0, 610.0]
[272.0, 48.0, 1001.0, 595.0]
[208.0, 112.0, 938.0, 660.0]
[144.0, 48.0, 875.0, 596.0]
[80.0, 48.0, 812.0, 597.0]
[160.0, 32.0, 893.0, 582.0]
[96.0, 80.0, 830.0, 630.0]
[176.0, 80.0, 911.0, 631.0]
[240.0, 96.0, 976.0, 648.0]
[272.0, 64.0, 1009.0, 617.0]
[112.0, 64.0, 850.0, 618.0]
[240.0, 48.0, 979.0, 602.0]
[272.0, 48.0, 1012.0, 603.0]
[144.0, 64.0, 885.0, 620.0]
[176.0, 96.0, 918.0, 652.0]
[208.0, 16.0, 951.0, 573.0]
[128.0, 80.0, 872.0, 638.0]
[80.0, 64.0, 825.0, 623.0]
[192.0, 80.0, 938.0, 640.0]
[160.0, 32.0, 907.0, 592.0]
[192.0, 32.0, 940.0, 593.0]
[192.0, 112.0, 941.0, 674.0]
[128.0, 64.0, 878.0, 626.0]
[208.0, 96.0, 959.0, 659.0]
[144.0, 48.0, 896.0, 612.0]
[240.0, 96.0, 993.0, 661.0]
[128.0, 32.0, 882.0, 598.0]
[240.0, 32.0, 995.0, 598.0]
[256.0, 96.0, 1012.0, 663.0]
[192.0, 64.0, 949.0, 632.0]
[192.0, 0.0, 950.0, 568.0]
[80.0, 48.0, 839.0, 617.0]
[176.0, 48.0, 936.0, 618.0]
[256.0, 80.0, 1017.0, 651.0]
[80.0, 80.0, 842.0, 652.0]
[144.0, 80.0, 907.0, 652.0]
[128.0, 16.0, 892.0, 589.0]
[224.0, 48.0, 989.0, 622.0]
[144.0, 48.0, 910.0, 622.0]
[96.0, 96.0, 863.0, 671.0]
[176.0, 32.0, 944.0, 608.0]
[224.0, 48.0, 993.0, 625.0]
[208.0, 80.0, 978.0, 658.0]
[240.0, 80.0, 1011.0, 658.0]
[224.0, 48.0, 996.0, 627.0]
[160.0, 0.0, 933.0, 580.0]
[112.0, 32.0, 886.0, 612.0]
[176.0, 64.0, 951.0, 645.0]
[240.0, 48.0, 1016.0, 630.0]
[96.0, 32.0, 873.0, 615.0]
[112.0, 80.0, 890.0, 664.0]
[224.0, 16.0, 1003.0, 600.0]
[160.0, 32.0, 940.0, 617.0]
[176.0, 32.0, 957.0, 618.0]
[160.0, 16.0, 942.0, 602.0]
[160.0, 96.0, 943.0, 683.0]
[80.0, 48.0, 864.0, 636.0]
[192.0, 64.0, 977.0, 653.0]
[96.0, 32.0, 882.0, 622.0]
[192.0, 80.0, 979.0, 670.0]
[128.0, 16.0, 916.0, 607.0]
[112.0, 16.0, 901.0, 608.0]
[176.0, 16.0, 966.0, 608.0]
[128.0, 80.0, 919.0, 673.0]
[96.0, 64.0, 888.0, 658.0]
[80.0, 48.0, 873.0, 643.0]
[176.0, 80.0, 970.0, 676.0]
[176.0, 0.0, 971.0, 596.0]
[160.0, 0.0, 956.0, 597.0]
[192.0, 80.0, 989.0, 678.0]
[224.0, 16.0, 1022.0, 614.0]
[112.0, 16.0, 911.0, 615.0]
[208.0, 48.0, 1008.0, 648.0]
[208.0, 48.0, 1009.0, 649.0]
[208.0, 16.0, 1010.0, 618.0]
[112.0, 16.0, 915.0, 618.0]
[192.0, 80.0, 996.0, 683.0]
[160.0, 32.0, 965.0, 636.0]
[144.0, 64.0, 950.0, 668.0]
[144.0, 64.0, 951.0, 669.0]
[112.0, 32.0, 920.0, 638.0]
[144.0, 32.0, 953.0, 639.0]
[80.0, 16.0, 890.0, 624.0]
[96.0, 64.0, 907.0, 672.0]
[128.0, 16.0, 940.0, 625.0]
[176.0, 32.0, 989.0, 642.0]
[160.0, 32.0, 974.0, 642.0]
[128.0, 64.0, 943.0, 675.0]
[112.0, 0.0, 928.0, 612.0]
[176.0, 64.0, 993.0, 677.0]
[112.0, 48.0, 930.0, 662.0]
[112.0, 64.0, 931.0, 678.0]
[112.0, 32.0, 932.0, 647.0]
[96.0, 32.0, 917.0, 648.0]
[112.0, 48.0, 934.0, 664.0]
[144.0, 64.0, 967.0, 681.0]
[96.0, 64.0, 920.0, 682.0]
[112.0, 16.0, 937.0, 635.0]
[96.0, 0.0, 922.0, 620.0]
[176.0, 32.0, 1003.0, 652.0]
[144.0, 16.0, 972.0, 637.0]
[176.0, 0.0, 1005.0, 622.0]
[112.0, 32.0, 942.0, 654.0]
[192.0, 16.0, 1023.0, 639.0]
[144.0, 32.0, 976.0, 656.0]
[160.0, 48.0, 993.0, 673.0]
[112.0, 16.0, 946.0, 642.0]
[80.0, 48.0, 915.0, 674.0]
[112.0, 0.0, 948.0, 627.0]
[96.0, 0.0, 933.0, 628.0]
[80.0, 0.0, 918.0, 628.0]
[160.0, 32.0, 999.0, 661.0]
[112.0, 48.0, 952.0, 678.0]
[96.0, 16.0, 937.0, 647.0]
[160.0, 32.0, 1002.0, 664.0]
[144.0, 16.0, 987.0, 648.0]
[96.0, 48.0, 940.0, 681.0]
[144.0, 48.0, 989.0, 682.0]
[80.0, 16.0, 926.0, 650.0]
[128.0, 48.0, 975.0, 683.0]
[144.0, 32.0, 992.0, 668.0]
[96.0, 0.0, 945.0, 637.0]
[128.0, 32.0, 978.0, 670.0]
[80.0, 0.0, 931.0, 638.0]
[112.0, 16.0, 964.0, 655.0]
[112.0, 32.0, 965.0, 672.0]
[64.0, 0.0, 918.0, 640.0]
[80.0, 0.0, 935.0, 641.0]
[112.0, 16.0, 968.0, 658.0]
[112.0, 16.0, 969.0, 659.0]
[144.0, 0.0, 1002.0, 644.0]
[80.0, 16.0, 939.0, 660.0]
[160.0, 0.0, 1020.0, 645.0]
[112.0, 16.0, 973.0, 662.0]
[112.0, 16.0, 974.0, 662.0]
[112.0, 16.0, 975.0, 663.0]
[80.0, 0.0, 944.0, 648.0]
[80.0, 0.0, 945.0, 649.0]
[80.0, 16.0, 946.0, 666.0]
[112.0, 32.0, 979.0, 682.0]
[80.0, 0.0, 948.0, 651.0]
[112.0, 16.0, 981.0, 668.0]
[128.0, 0.0, 998.0, 652.0]
[128.0, 0.0, 999.0, 653.0]
[80.0, 16.0, 952.0, 670.0]
[80.0, 16.0, 953.0, 671.0]
[144.0, 0.0, 1018.0, 656.0]
[128.0, 0.0, 1003.0, 656.0]
[144.0, 16.0, 1020.0, 673.0]
[144.0, 0.0, 1021.0, 658.0]
[96.0, 0.0, 974.0, 658.0]
[128.0, 16.0, 1007.0, 675.0]
[112.0, 16.0, 992.0, 676.0]
[112.0, 0.0, 993.0, 661.0]
[128.0, 16.0, 1010.0, 678.0]
[128.0, 0.0, 1011.0, 662.0]
[96.0, 0.0, 980.0, 663.0]
[96.0, 16.0, 981.0, 680.0]
[80.0, 0.0, 966.0, 664.0]
[96.0, 16.0, 983.0, 681.0]
[112.0, 0.0, 1000.0, 666.0]
[112.0, 0.0, 1001.0, 667.0]
[112.0, 0.0, 1002.0, 668.0]
[96.0, 0.0, 987.0, 668.0]
[128.0, 0.0, 1020.0, 669.0]
[80.0, 0.0, 973.0, 670.0]
[80.0, 0.0, 974.0, 670.0]
[96.0, 0.0, 991.0, 671.0]
[128.0, 0.0, 1024.0, 672.0]
[80.0, 0.0, 977.0, 673.0]
[112.0, 0.0, 1010.0, 674.0]
[80.0, 0.0, 979.0, 674.0]
[96.0, 0.0, 996.0, 675.0]
[80.0, 0.0, 981.0, 676.0]
[96.0, 0.0, 998.0, 676.0]
[112.0, 0.0, 1015.0, 677.0]
[80.0, 0.0, 984.0, 678.0]
[96.0, 0.0, 1001.0, 679.0]
[80.0, 0.0, 986.0, 680.0]
[112.0, 0.0, 1019.0, 680.0]
[112.0, 0.0, 1020.0, 681.0]
[112.0, 0.0, 1021.0, 682.0]
[96.0, 0.0, 1006.0, 682.0]
[96.0, 0.0, 1007.0, 683.0]
