[32.0, 32.0, 749.0, 570.0]
[80.0, 96.0, 798.0, 634.0]
[144.0, 16.0, 863.0, 555.0]
[96.0, 112.0, 816.0, 652.0]
[0.0, 64.0, 721.0, 605.0]
[80.0, 96.0, 802.0, 638.0]
[112.0, 96.0, 835.0, 638.0]
[16.0, 32.0, 740.0, 575.0]
[80.0, 16.0, 805.0, 560.0]
[112.0, 16.0, 838.0, 560.0]
[64.0, 64.0, 791.0, 609.0]
[64.0, 112.0, 792.0, 658.0]
[176.0, 48.0, 905.0, 595.0]
[128.0, 32.0, 858.0, 580.0]
[80.0, 32.0, 811.0, 580.0]
[80.0, 80.0, 812.0, 629.0]
[112.0, 32.0, 845.0, 582.0]
[144.0, 0.0, 878.0, 550.0]
[0.0, 0.0, 735.0, 551.0]
[96.0, 32.0, 832.0, 584.0]
[160.0, 48.0, 897.0, 601.0]
[64.0, 32.0, 802.0, 586.0]
[96.0, 48.0, 835.0, 602.0]
[80.0, 96.0, 820.0, 651.0]
[128.0, 0.0, 869.0, 556.0]
[144.0, 32.0, 886.0, 588.0]
[176.0, 32.0, 919.0, 589.0]
[144.0, 64.0, 888.0, 622.0]
[144.0, 64.0, 889.0, 623.0]
[80.0, 96.0, 826.0, 656.0]
[112.0, 64.0, 859.0, 624.0]
[112.0, 32.0, 860.0, 593.0]
[32.0, 112.0, 781.0, 674.0]
[80.0, 64.0, 830.0, 626.0]
[96.0, 16.0, 847.0, 579.0]
[96.0, 64.0, 848.0, 628.0]
[96.0, 16.0, 849.0, 581.0]
[96.0, 48.0, 850.0, 614.0]
[32.0, 48.0, 787.0, 614.0]
[64.0, 48.0, 820.0, 615.0]
[80.0, 32.0, 837.0, 600.0]
[64.0, 32.0, 822.0, 600.0]
[96.0, 16.0, 855.0, 585.0]
[112.0, 48.0, 872.0, 618.0]
[0.0, 80.0, 761.0, 651.0]
[96.0, 0.0, 858.0, 572.0]
[0.0, 16.0, 763.0, 588.0]
[80.0, 96.0, 844.0, 669.0]
[16.0, 80.0, 781.0, 654.0]
[32.0, 64.0, 798.0, 638.0]
[112.0, 0.0, 879.0, 575.0]
[0.0, 64.0, 768.0, 640.0]
[16.0, 64.0, 785.0, 641.0]
[32.0, 80.0, 802.0, 658.0]
[32.0, 96.0, 803.0, 674.0]
[80.0, 96.0, 852.0, 675.0]
[48.0, 48.0, 821.0, 628.0]
[16.0, 16.0, 790.0, 596.0]
[64.0, 96.0, 839.0, 677.0]
[64.0, 16.0, 840.0, 598.0]
[128.0, 48.0, 905.0, 631.0]
[80.0, 48.0, 858.0, 632.0]
[48.0, 48.0, 827.0, 632.0]
[16.0, 80.0, 796.0, 665.0]
[48.0, 0.0, 829.0, 586.0]
[0.0, 64.0, 782.0, 650.0]
[0.0, 64.0, 783.0, 651.0]
[96.0, 48.0, 880.0, 636.0]
[32.0, 80.0, 817.0, 669.0]
[32.0, 80.0, 818.0, 670.0]
[112.0, 64.0, 899.0, 654.0]
[128.0, 16.0, 916.0, 607.0]
[64.0, 64.0, 853.0, 656.0]
[112.0, 16.0, 902.0, 608.0]
[96.0, 32.0, 887.0, 625.0]
[48.0, 0.0, 840.0, 594.0]
[112.0, 16.0, 905.0, 611.0]
[32.0, 16.0, 826.0, 612.0]
[48.0, 0.0, 843.0, 596.0]
[0.0, 80.0, 796.0, 677.0]
[0.0, 64.0, 797.0, 662.0]
[16.0, 48.0, 814.0, 646.0]
[64.0, 48.0, 863.0, 647.0]
[80.0, 32.0, 880.0, 632.0]
[64.0, 80.0, 865.0, 681.0]
[64.0, 48.0, 866.0, 650.0]
[112.0, 48.0, 915.0, 650.0]
[96.0, 48.0, 900.0, 651.0]
[96.0, 0.0, 901.0, 604.0]
[80.0, 48.0, 886.0, 652.0]
[48.0, 16.0, 855.0, 621.0]
[64.0, 0.0, 872.0, 606.0]
[128.0, 16.0, 937.0, 623.0]
[64.0, 32.0, 874.0, 640.0]
[0.0, 0.0, 811.0, 608.0]
[112.0, 32.0, 924.0, 641.0]
[112.0, 32.0, 925.0, 642.0]
[64.0, 0.0, 878.0, 610.0]
[16.0, 16.0, 831.0, 627.0]
[80.0, 32.0, 896.0, 644.0]
[80.0, 16.0, 897.0, 629.0]
[64.0, 48.0, 882.0, 662.0]
[64.0, 48.0, 883.0, 662.0]
[16.0, 48.0, 836.0, 663.0]
[16.0, 0.0, 837.0, 616.0]
[96.0, 0.0, 918.0, 616.0]
[96.0, 48.0, 919.0, 665.0]
[112.0, 0.0, 936.0, 618.0]
[48.0, 64.0, 873.0, 683.0]
[96.0, 48.0, 922.0, 668.0]
[16.0, 0.0, 843.0, 620.0]
[0.0, 32.0, 828.0, 653.0]
[0.0, 32.0, 829.0, 654.0]
[48.0, 16.0, 878.0, 638.0]
[32.0, 0.0, 863.0, 623.0]
[64.0, 16.0, 896.0, 640.0]
[112.0, 0.0, 945.0, 625.0]
[32.0, 16.0, 866.0, 642.0]
[112.0, 32.0, 947.0, 658.0]
[48.0, 16.0, 884.0, 643.0]
[96.0, 32.0, 933.0, 660.0]
[48.0, 32.0, 886.0, 660.0]
[112.0, 16.0, 951.0, 645.0]
[64.0, 16.0, 904.0, 646.0]
[64.0, 0.0, 905.0, 631.0]
[32.0, 32.0, 874.0, 664.0]
[80.0, 32.0, 923.0, 664.0]
[0.0, 48.0, 844.0, 681.0]
[32.0, 48.0, 877.0, 682.0]
[80.0, 16.0, 926.0, 650.0]
[96.0, 16.0, 943.0, 651.0]
[16.0, 32.0, 864.0, 668.0]
[64.0, 0.0, 913.0, 637.0]
[96.0, 0.0, 946.0, 638.0]
[96.0, 32.0, 947.0, 670.0]
[64.0, 16.0, 916.0, 655.0]
[48.0, 16.0, 901.0, 656.0]
[32.0, 32.0, 886.0, 672.0]
[96.0, 16.0, 951.0, 657.0]
[16.0, 16.0, 872.0, 658.0]
[48.0, 16.0, 905.0, 659.0]
[64.0, 0.0, 922.0, 644.0]
[80.0, 0.0, 939.0, 644.0]
[16.0, 32.0, 876.0, 677.0]
[16.0, 32.0, 877.0, 678.0]
[64.0, 32.0, 926.0, 678.0]
[0.0, 32.0, 863.0, 679.0]
[0.0, 16.0, 864.0, 664.0]
[16.0, 16.0, 881.0, 665.0]
[32.0, 16.0, 898.0, 666.0]
[80.0, 16.0, 947.0, 666.0]
[32.0, 16.0, 900.0, 667.0]
[32.0, 16.0, 901.0, 668.0]
[64.0, 0.0, 934.0, 652.0]
[64.0, 16.0, 935.0, 669.0]
[16.0, 0.0, 888.0, 654.0]
[32.0, 16.0, 905.0, 671.0]
[64.0, 0.0, 938.0, 656.0]
[0.0, 0.0, 875.0, 656.0]
[0.0, 16.0, 876.0, 673.0]
[48.0, 0.0, 925.0, 658.0]
[48.0, 16.0, 926.0, 674.0]
[32.0, 0.0, 911.0, 659.0]
[48.0, 16.0, 928.0, 676.0]
[16.0, 16.0, 897.0, 677.0]
[16.0, 16.0, 898.0, 678.0]
[16.0, 16.0, 899.0, 678.0]
[64.0, 0.0, 948.0, 663.0]
[0.0, 0.0, 885.0, 664.0]
[0.0, 0.0, 886.0, 664.0]
[16.0, 0.0, 903.0, 665.0]
[32.0, 16.0, 920.0, 682.0]
[32.0, 16.0, 921.0, 683.0]
[48.0, 0.0, 938.0, 668.0]
[48.0, 0.0, 939.0, 668.0]
[32.0, 0.0, 924.0, 669.0]
[0.0, 0.0, 893.0, 670.0]
[32.0, 0.0, 926.0, 670.0]
[16.0, 0.0, 911.0, 671.0]
[16.0, 0.0, 912.0, 672.0]
[16.0, 0.0, 913.0, 673.0]
[16.0, 0.0, 914.0, 674.0]
[16.0, 0.0, 915.0, 674.0]
[16.0, 0.0, 916.0, 675.0]
[16.0, 0.0, 917.0, 676.0]
[0.0, 0.0, 902.0, 676.0]
[16.0, 0.0, 919.0, 677.0]
[32.0, 0.0, 936.0, 678.0]
[32.0, 0.0, 937.0, 679.0]
[16.0, 0.0, 922.0, 680.0]
[32.0, 0.0, 939.0, 680.0]
[16.0, 0.0, 924.0, 681.0]
[16.0, 0.0, 925.0, 682.0]
[0.0, 0.0, 910.0, 682.0]
[32.0, 0.0, 943.0, 683.0]
