[192.0, 80.0, 909.0, 618.0]
[192.0, 112.0, 910.0, 650.0]
[208.0, 112.0, 927.0, 651.0]
[96.0, 96.0, 816.0, 636.0]
[176.0, 96.0, 897.0, 637.0]
[32.0, 96.0, 754.0, 638.0]
[240.0, 96.0, 963.0, 638.0]
[48.0, 96.0, 772.0, 639.0]
[224.0, 96.0, 949.0, 640.0]
[192.0, 80.0, 918.0, 624.0]
[256.0, 112.0, 983.0, 657.0]
[256.0, 96.0, 984.0, 642.0]
[224.0, 80.0, 953.0, 627.0]
[256.0, 96.0, 986.0, 644.0]
[96.0, 128.0, 827.0, 676.0]
[144.0, 112.0, 876.0, 661.0]
[48.0, 64.0, 781.0, 614.0]
[64.0, 80.0, 798.0, 630.0]
[96.0, 128.0, 831.0, 679.0]
[80.0, 128.0, 816.0, 680.0]
[64.0, 80.0, 801.0, 633.0]
[16.0, 96.0, 754.0, 650.0]
[240.0, 112.0, 979.0, 666.0]
[160.0, 80.0, 900.0, 635.0]
[80.0, 112.0, 821.0, 668.0]
[80.0, 96.0, 822.0, 652.0]
[208.0, 80.0, 951.0, 637.0]
[256.0, 96.0, 1000.0, 654.0]
[208.0, 64.0, 953.0, 623.0]
[176.0, 64.0, 922.0, 624.0]
[240.0, 64.0, 987.0, 624.0]
[176.0, 64.0, 924.0, 625.0]
[80.0, 96.0, 829.0, 658.0]
[192.0, 64.0, 942.0, 626.0]
[192.0, 112.0, 943.0, 675.0]
[32.0, 96.0, 784.0, 660.0]
[160.0, 112.0, 913.0, 677.0]
[16.0, 80.0, 770.0, 646.0]
[144.0, 48.0, 899.0, 614.0]
[128.0, 112.0, 884.0, 679.0]
[64.0, 80.0, 821.0, 648.0]
[144.0, 80.0, 902.0, 648.0]
[176.0, 64.0, 935.0, 633.0]
[240.0, 80.0, 1000.0, 650.0]
[128.0, 48.0, 889.0, 619.0]
[224.0, 48.0, 986.0, 620.0]
[16.0, 80.0, 779.0, 652.0]
[48.0, 80.0, 812.0, 653.0]
[176.0, 80.0, 941.0, 654.0]
[208.0, 64.0, 974.0, 638.0]
[256.0, 80.0, 1023.0, 655.0]
[64.0, 80.0, 832.0, 656.0]
[64.0, 64.0, 833.0, 641.0]
[48.0, 96.0, 818.0, 674.0]
[96.0, 32.0, 867.0, 610.0]
[48.0, 80.0, 820.0, 659.0]
[176.0, 96.0, 949.0, 676.0]
[80.0, 96.0, 854.0, 676.0]
[48.0, 96.0, 823.0, 677.0]
[176.0, 96.0, 952.0, 678.0]
[144.0, 32.0, 921.0, 615.0]
[0.0, 80.0, 778.0, 664.0]
[192.0, 48.0, 971.0, 632.0]
[96.0, 80.0, 876.0, 665.0]
[32.0, 32.0, 813.0, 618.0]
[16.0, 64.0, 798.0, 650.0]
[192.0, 80.0, 975.0, 667.0]
[48.0, 80.0, 832.0, 668.0]
[0.0, 64.0, 785.0, 653.0]
[48.0, 64.0, 834.0, 654.0]
[64.0, 48.0, 851.0, 638.0]
[96.0, 48.0, 884.0, 639.0]
[64.0, 80.0, 853.0, 672.0]
[112.0, 80.0, 902.0, 672.0]
[96.0, 64.0, 887.0, 657.0]
[32.0, 48.0, 824.0, 642.0]
[16.0, 32.0, 809.0, 627.0]
[16.0, 80.0, 810.0, 676.0]
[64.0, 48.0, 859.0, 644.0]
[192.0, 64.0, 988.0, 661.0]
[112.0, 48.0, 909.0, 646.0]
[32.0, 64.0, 830.0, 662.0]
[112.0, 80.0, 911.0, 679.0]
[192.0, 32.0, 992.0, 632.0]
[192.0, 80.0, 993.0, 681.0]
[64.0, 80.0, 866.0, 682.0]
[64.0, 32.0, 867.0, 634.0]
[176.0, 32.0, 980.0, 635.0]
[96.0, 64.0, 901.0, 668.0]
[48.0, 48.0, 854.0, 652.0]
[48.0, 16.0, 855.0, 621.0]
[128.0, 32.0, 936.0, 638.0]
[192.0, 16.0, 1001.0, 623.0]
[160.0, 48.0, 970.0, 656.0]
[160.0, 0.0, 971.0, 608.0]
[160.0, 32.0, 972.0, 641.0]
[160.0, 32.0, 973.0, 642.0]
[128.0, 32.0, 942.0, 642.0]
[96.0, 32.0, 911.0, 643.0]
[64.0, 48.0, 880.0, 660.0]
[32.0, 64.0, 849.0, 677.0]
[192.0, 32.0, 1010.0, 646.0]
[64.0, 32.0, 883.0, 646.0]
[144.0, 64.0, 964.0, 679.0]
[176.0, 32.0, 997.0, 648.0]
[176.0, 16.0, 998.0, 632.0]
[112.0, 0.0, 935.0, 617.0]
[112.0, 48.0, 936.0, 666.0]
[32.0, 48.0, 857.0, 667.0]
[32.0, 16.0, 858.0, 636.0]
[96.0, 0.0, 923.0, 620.0]
[128.0, 0.0, 956.0, 621.0]
[128.0, 16.0, 957.0, 638.0]
[48.0, 16.0, 878.0, 638.0]
[112.0, 0.0, 943.0, 623.0]
[0.0, 32.0, 832.0, 656.0]
[160.0, 0.0, 993.0, 625.0]
[48.0, 0.0, 882.0, 626.0]
[176.0, 32.0, 1011.0, 658.0]
[48.0, 48.0, 884.0, 675.0]
[160.0, 0.0, 997.0, 628.0]
[32.0, 32.0, 870.0, 660.0]
[96.0, 16.0, 935.0, 645.0]
[0.0, 32.0, 840.0, 662.0]
[48.0, 16.0, 889.0, 647.0]
[144.0, 0.0, 986.0, 632.0]
[128.0, 16.0, 971.0, 648.0]
[160.0, 0.0, 1004.0, 633.0]
[128.0, 48.0, 973.0, 682.0]
[64.0, 48.0, 910.0, 682.0]
[32.0, 16.0, 879.0, 651.0]
[176.0, 0.0, 1024.0, 636.0]
[112.0, 0.0, 961.0, 637.0]
[0.0, 32.0, 850.0, 670.0]
[80.0, 16.0, 931.0, 654.0]
[48.0, 0.0, 900.0, 639.0]
[128.0, 32.0, 981.0, 672.0]
[64.0, 0.0, 918.0, 640.0]
[160.0, 32.0, 1015.0, 673.0]
[96.0, 16.0, 952.0, 658.0]
[80.0, 32.0, 937.0, 675.0]
[48.0, 16.0, 906.0, 660.0]
[32.0, 16.0, 891.0, 660.0]
[48.0, 32.0, 908.0, 677.0]
[64.0, 32.0, 925.0, 678.0]
[160.0, 0.0, 1022.0, 646.0]
[64.0, 16.0, 927.0, 663.0]
[96.0, 0.0, 960.0, 648.0]
[32.0, 0.0, 897.0, 649.0]
[16.0, 16.0, 882.0, 666.0]
[80.0, 32.0, 947.0, 682.0]
[80.0, 0.0, 948.0, 651.0]
[96.0, 16.0, 965.0, 668.0]
[112.0, 0.0, 982.0, 652.0]
[96.0, 16.0, 967.0, 669.0]
[80.0, 16.0, 952.0, 670.0]
[112.0, 0.0, 985.0, 655.0]
[96.0, 16.0, 970.0, 672.0]
[48.0, 16.0, 923.0, 672.0]
[48.0, 0.0, 924.0, 657.0]
[48.0, 16.0, 925.0, 674.0]
[112.0, 0.0, 990.0, 658.0]
[32.0, 16.0, 911.0, 675.0]
[96.0, 0.0, 976.0, 660.0]
[112.0, 0.0, 993.0, 661.0]
[48.0, 0.0, 930.0, 662.0]
[0.0, 0.0, 883.0, 662.0]
[16.0, 0.0, 900.0, 663.0]
[80.0, 16.0, 965.0, 680.0]
[64.0, 16.0, 950.0, 680.0]
[0.0, 16.0, 887.0, 681.0]
[128.0, 16.0, 1016.0, 682.0]
[128.0, 16.0, 1017.0, 683.0]
[0.0, 0.0, 890.0, 668.0]
[112.0, 0.0, 1003.0, 668.0]
[128.0, 0.0, 1020.0, 669.0]
[64.0, 0.0, 957.0, 670.0]
[96.0, 0.0, 990.0, 670.0]
[80.0, 0.0, 975.0, 671.0]
[128.0, 0.0, 1024.0, 672.0]
[112.0, 0.0, 1009.0, 673.0]
[112.0, 0.0, 1010.0, 674.0]
[0.0, 0.0, 899.0, 674.0]
[16.0, 0.0, 916.0, 675.0]
[96.0, 0.0, 997.0, 676.0]
[32.0, 0.0, 934.0, 676.0]
[16.0, 0.0, 919.0, 677.0]
[64.0, 0.0, 968.0, 678.0]
[32.0, 0.0, 937.0, 679.0]
[0.0, 0.0, 906.0, 680.0]
[64.0, 0.0, 971.0, 680.0]
[48.0, 0.0, 956.0, 681.0]
[112.0, 0.0, 1021.0, 682.0]
[96.0, 0.0, 1006.0, 682.0]
[32.0, 0.0, 943.0, 683.0]
