[160.0, 32.0, 877.0, 570.0]
[176.0, 80.0, 894.0, 618.0]
[96.0, 32.0, 815.0, 571.0]
[144.0, 48.0, 864.0, 588.0]
[96.0, 16.0, 817.0, 557.0]
[192.0, 48.0, 914.0, 590.0]
[176.0, 48.0, 899.0, 590.0]
[160.0, 48.0, 884.0, 591.0]
[144.0, 16.0, 869.0, 560.0]
[112.0, 16.0, 838.0, 560.0]
[112.0, 16.0, 839.0, 561.0]
[160.0, 0.0, 888.0, 546.0]
[144.0, 16.0, 873.0, 563.0]
[144.0, 0.0, 874.0, 548.0]
[160.0, 64.0, 891.0, 612.0]
[192.0, 16.0, 924.0, 565.0]
[176.0, 16.0, 909.0, 566.0]
[176.0, 32.0, 910.0, 582.0]
[128.0, 48.0, 863.0, 599.0]
[80.0, 32.0, 816.0, 584.0]
[144.0, 48.0, 881.0, 601.0]
[192.0, 32.0, 930.0, 586.0]
[208.0, 48.0, 947.0, 602.0]
[128.0, 64.0, 868.0, 619.0]
[192.0, 32.0, 933.0, 588.0]
[112.0, 0.0, 854.0, 556.0]
[128.0, 0.0, 871.0, 557.0]
[224.0, 0.0, 968.0, 558.0]
[128.0, 80.0, 873.0, 639.0]
[144.0, 64.0, 890.0, 624.0]
[128.0, 0.0, 875.0, 560.0]
[144.0, 16.0, 892.0, 577.0]
[144.0, 16.0, 893.0, 578.0]
[144.0, 16.0, 894.0, 578.0]
[128.0, 0.0, 879.0, 563.0]
[160.0, 64.0, 912.0, 628.0]
[112.0, 32.0, 865.0, 597.0]
[96.0, 48.0, 850.0, 614.0]
[128.0, 48.0, 883.0, 614.0]
[80.0, 32.0, 836.0, 599.0]
[112.0, 48.0, 869.0, 616.0]
[208.0, 16.0, 966.0, 584.0]
[176.0, 48.0, 935.0, 617.0]
[96.0, 16.0, 856.0, 586.0]
[208.0, 32.0, 969.0, 603.0]
[192.0, 0.0, 954.0, 572.0]
[128.0, 80.0, 891.0, 652.0]
[128.0, 80.0, 892.0, 653.0]
[128.0, 64.0, 893.0, 638.0]
[192.0, 32.0, 958.0, 606.0]
[64.0, 0.0, 831.0, 575.0]
[112.0, 0.0, 880.0, 576.0]
[176.0, 0.0, 945.0, 577.0]
[176.0, 16.0, 946.0, 594.0]
[112.0, 48.0, 883.0, 626.0]
[176.0, 0.0, 948.0, 579.0]
[128.0, 48.0, 901.0, 628.0]
[96.0, 0.0, 870.0, 580.0]
[112.0, 32.0, 887.0, 613.0]
[80.0, 32.0, 856.0, 614.0]
[176.0, 0.0, 953.0, 583.0]
[160.0, 48.0, 938.0, 632.0]
[128.0, 32.0, 907.0, 616.0]
[112.0, 0.0, 892.0, 585.0]
[80.0, 0.0, 861.0, 586.0]
[80.0, 16.0, 862.0, 602.0]
[128.0, 0.0, 911.0, 587.0]
[176.0, 32.0, 960.0, 620.0]
[144.0, 48.0, 929.0, 637.0]
[160.0, 16.0, 946.0, 606.0]
[112.0, 64.0, 899.0, 654.0]
[64.0, 16.0, 852.0, 607.0]
[128.0, 64.0, 917.0, 656.0]
[176.0, 32.0, 966.0, 624.0]
[128.0, 32.0, 919.0, 625.0]
[128.0, 0.0, 920.0, 594.0]
[96.0, 0.0, 889.0, 595.0]
[176.0, 0.0, 970.0, 596.0]
[128.0, 48.0, 923.0, 644.0]
[160.0, 0.0, 956.0, 597.0]
[128.0, 16.0, 925.0, 614.0]
[144.0, 32.0, 942.0, 630.0]
[80.0, 16.0, 879.0, 615.0]
[80.0, 32.0, 880.0, 632.0]
[160.0, 32.0, 961.0, 633.0]
[144.0, 16.0, 946.0, 618.0]
[160.0, 0.0, 963.0, 602.0]
[96.0, 16.0, 900.0, 619.0]
[64.0, 16.0, 869.0, 620.0]
[128.0, 32.0, 934.0, 636.0]
[144.0, 32.0, 951.0, 637.0]
[160.0, 16.0, 968.0, 622.0]
[80.0, 32.0, 889.0, 639.0]
[96.0, 0.0, 906.0, 608.0]
[144.0, 16.0, 955.0, 624.0]
[160.0, 16.0, 972.0, 625.0]
[112.0, 0.0, 925.0, 610.0]
[160.0, 0.0, 974.0, 610.0]
[128.0, 0.0, 943.0, 611.0]
[96.0, 48.0, 912.0, 660.0]
[112.0, 0.0, 929.0, 613.0]
[64.0, 0.0, 882.0, 614.0]
[80.0, 32.0, 899.0, 646.0]
[64.0, 32.0, 884.0, 647.0]
[128.0, 0.0, 949.0, 616.0]
[64.0, 32.0, 886.0, 648.0]
[64.0, 0.0, 887.0, 617.0]
[80.0, 16.0, 904.0, 634.0]
[144.0, 0.0, 969.0, 619.0]
[144.0, 16.0, 970.0, 636.0]
[96.0, 16.0, 923.0, 636.0]
[128.0, 32.0, 956.0, 653.0]
[64.0, 32.0, 893.0, 654.0]
[64.0, 16.0, 894.0, 638.0]
[112.0, 16.0, 943.0, 639.0]
[64.0, 32.0, 896.0, 656.0]
[64.0, 16.0, 897.0, 641.0]
[80.0, 32.0, 914.0, 658.0]
[128.0, 16.0, 963.0, 642.0]
[112.0, 16.0, 948.0, 643.0]
[64.0, 16.0, 901.0, 644.0]
[112.0, 16.0, 950.0, 644.0]
[112.0, 32.0, 951.0, 661.0]
[128.0, 0.0, 968.0, 630.0]
[80.0, 32.0, 921.0, 663.0]
[80.0, 16.0, 922.0, 648.0]
[128.0, 16.0, 971.0, 648.0]
[64.0, 0.0, 908.0, 633.0]
