[48.0, 96.0, 789.0, 652.0]
[224.0, 96.0, 966.0, 652.0]
[208.0, 96.0, 951.0, 653.0]
[64.0, 64.0, 808.0, 622.0]
[112.0, 64.0, 857.0, 623.0]
[48.0, 48.0, 794.0, 608.0]
[208.0, 32.0, 955.0, 592.0]
[192.0, 32.0, 940.0, 593.0]
[80.0, 64.0, 829.0, 626.0]
[128.0, 48.0, 878.0, 610.0]
[64.0, 32.0, 815.0, 595.0]
[64.0, 48.0, 816.0, 612.0]
[64.0, 64.0, 817.0, 629.0]
[96.0, 80.0, 850.0, 646.0]
[144.0, 16.0, 899.0, 582.0]
[96.0, 64.0, 852.0, 631.0]
[208.0, 64.0, 965.0, 632.0]
[112.0, 16.0, 870.0, 584.0]
[160.0, 96.0, 919.0, 665.0]
[160.0, 64.0, 920.0, 634.0]
[192.0, 96.0, 953.0, 667.0]
[224.0, 80.0, 986.0, 652.0]
[144.0, 64.0, 907.0, 636.0]
[160.0, 16.0, 924.0, 589.0]
[160.0, 96.0, 925.0, 670.0]
[224.0, 64.0, 990.0, 638.0]
[48.0, 96.0, 815.0, 671.0]
[112.0, 64.0, 880.0, 640.0]
[80.0, 64.0, 849.0, 641.0]
[80.0, 16.0, 850.0, 594.0]
[32.0, 48.0, 803.0, 626.0]
[160.0, 16.0, 932.0, 595.0]
[112.0, 16.0, 885.0, 596.0]
[112.0, 48.0, 886.0, 628.0]
[144.0, 32.0, 919.0, 613.0]
[48.0, 80.0, 824.0, 662.0]
[144.0, 96.0, 921.0, 679.0]
[176.0, 16.0, 954.0, 600.0]
[80.0, 0.0, 859.0, 584.0]
[144.0, 16.0, 924.0, 601.0]
[224.0, 48.0, 1005.0, 634.0]
[144.0, 32.0, 926.0, 618.0]
[160.0, 32.0, 943.0, 619.0]
[96.0, 16.0, 880.0, 604.0]
[176.0, 64.0, 961.0, 653.0]
[32.0, 48.0, 818.0, 638.0]
[112.0, 32.0, 899.0, 622.0]
[96.0, 48.0, 884.0, 639.0]
[144.0, 80.0, 933.0, 672.0]
[192.0, 32.0, 982.0, 624.0]
[128.0, 64.0, 919.0, 657.0]
[32.0, 48.0, 824.0, 642.0]
[64.0, 32.0, 857.0, 627.0]
[128.0, 80.0, 922.0, 676.0]
[80.0, 48.0, 875.0, 644.0]
[112.0, 0.0, 908.0, 597.0]
[48.0, 64.0, 845.0, 662.0]
[80.0, 32.0, 878.0, 630.0]
[128.0, 0.0, 927.0, 599.0]
[176.0, 48.0, 976.0, 648.0]
[176.0, 80.0, 977.0, 681.0]
[16.0, 32.0, 818.0, 634.0]
[64.0, 0.0, 867.0, 602.0]
[128.0, 32.0, 932.0, 635.0]
[64.0, 16.0, 869.0, 620.0]
[192.0, 48.0, 998.0, 652.0]
[96.0, 16.0, 903.0, 621.0]
[32.0, 0.0, 840.0, 606.0]
[112.0, 0.0, 921.0, 607.0]
[128.0, 32.0, 938.0, 640.0]
[96.0, 48.0, 907.0, 656.0]
[176.0, 48.0, 988.0, 657.0]
[80.0, 32.0, 893.0, 642.0]
[160.0, 32.0, 974.0, 642.0]
[160.0, 16.0, 975.0, 627.0]
[144.0, 0.0, 960.0, 612.0]
[128.0, 48.0, 945.0, 661.0]
[128.0, 0.0, 946.0, 614.0]
[80.0, 64.0, 899.0, 678.0]
[144.0, 64.0, 964.0, 679.0]
[192.0, 64.0, 1013.0, 680.0]
[16.0, 16.0, 838.0, 632.0]
[160.0, 64.0, 983.0, 681.0]
[96.0, 32.0, 920.0, 650.0]
[32.0, 64.0, 857.0, 683.0]
[144.0, 48.0, 970.0, 668.0]
[0.0, 0.0, 827.0, 620.0]
[32.0, 0.0, 860.0, 621.0]
[0.0, 48.0, 829.0, 670.0]
[176.0, 0.0, 1006.0, 622.0]
[96.0, 48.0, 927.0, 671.0]
[96.0, 48.0, 928.0, 672.0]
[64.0, 16.0, 897.0, 641.0]
[80.0, 32.0, 914.0, 658.0]
[160.0, 16.0, 995.0, 642.0]
[160.0, 32.0, 996.0, 659.0]
[0.0, 32.0, 837.0, 660.0]
[80.0, 0.0, 918.0, 628.0]
[128.0, 32.0, 967.0, 661.0]
[48.0, 48.0, 888.0, 678.0]
[16.0, 32.0, 857.0, 663.0]
[0.0, 32.0, 842.0, 664.0]
[48.0, 0.0, 891.0, 632.0]
[80.0, 16.0, 924.0, 649.0]
[176.0, 48.0, 1021.0, 682.0]
[128.0, 48.0, 974.0, 682.0]
[48.0, 32.0, 895.0, 667.0]
[0.0, 32.0, 848.0, 668.0]
[128.0, 32.0, 977.0, 669.0]
[96.0, 0.0, 946.0, 638.0]
[112.0, 0.0, 963.0, 638.0]
[112.0, 32.0, 964.0, 671.0]
[96.0, 0.0, 949.0, 640.0]
[112.0, 16.0, 966.0, 656.0]
[64.0, 32.0, 919.0, 673.0]
[48.0, 16.0, 904.0, 658.0]
[128.0, 0.0, 985.0, 643.0]
[16.0, 32.0, 874.0, 676.0]
[128.0, 32.0, 987.0, 676.0]
[128.0, 0.0, 988.0, 645.0]
[48.0, 0.0, 909.0, 646.0]
[64.0, 16.0, 926.0, 662.0]
[64.0, 32.0, 927.0, 679.0]
[16.0, 0.0, 880.0, 648.0]
[48.0, 32.0, 913.0, 681.0]
[0.0, 0.0, 866.0, 650.0]
[64.0, 32.0, 931.0, 682.0]
[32.0, 16.0, 900.0, 667.0]
[128.0, 0.0, 997.0, 652.0]
[80.0, 0.0, 950.0, 652.0]
[80.0, 16.0, 951.0, 669.0]
[112.0, 16.0, 984.0, 670.0]
[144.0, 0.0, 1017.0, 655.0]
[0.0, 0.0, 874.0, 656.0]
[32.0, 0.0, 907.0, 656.0]
[112.0, 0.0, 988.0, 657.0]
[144.0, 16.0, 1021.0, 674.0]
[144.0, 0.0, 1022.0, 658.0]
[128.0, 16.0, 1007.0, 675.0]
[64.0, 0.0, 944.0, 660.0]
[128.0, 0.0, 1009.0, 661.0]
[112.0, 16.0, 994.0, 678.0]
[16.0, 0.0, 899.0, 662.0]
[48.0, 0.0, 932.0, 663.0]
[80.0, 0.0, 965.0, 664.0]
[112.0, 16.0, 998.0, 680.0]
[96.0, 0.0, 983.0, 665.0]
[96.0, 0.0, 984.0, 666.0]
[112.0, 16.0, 1001.0, 683.0]
[112.0, 0.0, 1002.0, 668.0]
[112.0, 0.0, 1003.0, 668.0]
[16.0, 0.0, 908.0, 669.0]
[80.0, 0.0, 973.0, 670.0]
[16.0, 0.0, 910.0, 670.0]
[16.0, 0.0, 911.0, 671.0]
[112.0, 0.0, 1008.0, 672.0]
[16.0, 0.0, 913.0, 673.0]
[96.0, 0.0, 994.0, 674.0]
[32.0, 0.0, 931.0, 674.0]
[64.0, 0.0, 964.0, 675.0]
[96.0, 0.0, 997.0, 676.0]
[16.0, 0.0, 918.0, 676.0]
[16.0, 0.0, 919.0, 677.0]
[112.0, 0.0, 1016.0, 678.0]
[0.0, 0.0, 905.0, 679.0]
[48.0, 0.0, 954.0, 680.0]
[0.0, 0.0, 907.0, 680.0]
[64.0, 0.0, 972.0, 681.0]
[48.0, 0.0, 957.0, 682.0]
[112.0, 0.0, 1022.0, 682.0]
[48.0, 0.0, 959.0, 683.0]
