[208.0, 64.0, 949.0, 620.0]
[80.0, 96.0, 822.0, 652.0]
[240.0, 32.0, 983.0, 589.0]
[96.0, 48.0, 840.0, 606.0]
[208.0, 32.0, 953.0, 591.0]
[192.0, 32.0, 938.0, 592.0]
[208.0, 64.0, 955.0, 624.0]
[112.0, 48.0, 860.0, 609.0]
[240.0, 32.0, 989.0, 594.0]
[160.0, 32.0, 910.0, 594.0]
[224.0, 32.0, 975.0, 595.0]
[96.0, 32.0, 848.0, 596.0]
[240.0, 64.0, 993.0, 629.0]
[192.0, 80.0, 946.0, 646.0]
[192.0, 80.0, 947.0, 646.0]
[48.0, 32.0, 804.0, 599.0]
[160.0, 96.0, 917.0, 664.0]
[224.0, 64.0, 982.0, 632.0]
[32.0, 64.0, 791.0, 633.0]
[144.0, 48.0, 904.0, 618.0]
[80.0, 96.0, 841.0, 667.0]
[176.0, 32.0, 938.0, 604.0]
[240.0, 64.0, 1003.0, 636.0]
[96.0, 96.0, 860.0, 669.0]
[48.0, 48.0, 813.0, 622.0]
[160.0, 64.0, 926.0, 638.0]
[112.0, 48.0, 879.0, 623.0]
[32.0, 48.0, 800.0, 624.0]
[128.0, 80.0, 897.0, 657.0]
[208.0, 32.0, 978.0, 610.0]
[48.0, 64.0, 819.0, 642.0]
[224.0, 32.0, 996.0, 611.0]
[176.0, 64.0, 949.0, 644.0]
[176.0, 80.0, 950.0, 660.0]
[160.0, 32.0, 935.0, 613.0]
[96.0, 0.0, 872.0, 582.0]
[64.0, 16.0, 841.0, 599.0]
[160.0, 0.0, 938.0, 584.0]
[80.0, 48.0, 859.0, 632.0]
[32.0, 48.0, 812.0, 633.0]
[64.0, 96.0, 845.0, 682.0]
[96.0, 64.0, 878.0, 650.0]
[16.0, 80.0, 799.0, 667.0]
[0.0, 32.0, 784.0, 620.0]
[112.0, 80.0, 897.0, 669.0]
[16.0, 16.0, 802.0, 606.0]
[96.0, 16.0, 883.0, 606.0]
[192.0, 64.0, 980.0, 655.0]
[144.0, 64.0, 933.0, 656.0]
[48.0, 32.0, 838.0, 624.0]
[112.0, 64.0, 903.0, 657.0]
[0.0, 16.0, 792.0, 610.0]
[144.0, 32.0, 937.0, 627.0]
[192.0, 80.0, 986.0, 676.0]
[112.0, 48.0, 907.0, 644.0]
[0.0, 32.0, 796.0, 629.0]
[160.0, 64.0, 957.0, 662.0]
[192.0, 0.0, 990.0, 598.0]
[192.0, 0.0, 991.0, 599.0]
[176.0, 16.0, 976.0, 616.0]
[176.0, 64.0, 977.0, 665.0]
[16.0, 80.0, 818.0, 682.0]
[144.0, 64.0, 947.0, 666.0]
[112.0, 16.0, 916.0, 619.0]
[208.0, 48.0, 1013.0, 652.0]
[176.0, 16.0, 982.0, 620.0]
[0.0, 16.0, 807.0, 621.0]
[32.0, 64.0, 840.0, 670.0]
[128.0, 32.0, 937.0, 639.0]
[160.0, 64.0, 970.0, 672.0]
[144.0, 16.0, 955.0, 624.0]
[80.0, 48.0, 892.0, 657.0]
[16.0, 0.0, 829.0, 610.0]
[48.0, 0.0, 862.0, 610.0]
[0.0, 0.0, 815.0, 611.0]
[0.0, 48.0, 816.0, 660.0]
[80.0, 16.0, 897.0, 629.0]
[0.0, 64.0, 818.0, 678.0]
[32.0, 64.0, 851.0, 678.0]
[16.0, 48.0, 836.0, 663.0]
[160.0, 32.0, 981.0, 648.0]
[112.0, 48.0, 934.0, 664.0]
[176.0, 0.0, 999.0, 617.0]
[0.0, 32.0, 824.0, 650.0]
[96.0, 32.0, 921.0, 651.0]
[128.0, 32.0, 954.0, 652.0]
[160.0, 0.0, 987.0, 620.0]
[48.0, 0.0, 876.0, 621.0]
[96.0, 16.0, 925.0, 638.0]
[48.0, 16.0, 878.0, 638.0]
[16.0, 48.0, 847.0, 671.0]
[192.0, 32.0, 1024.0, 656.0]
[16.0, 16.0, 849.0, 641.0]
[80.0, 0.0, 914.0, 626.0]
[0.0, 32.0, 835.0, 658.0]
[80.0, 48.0, 916.0, 675.0]
[144.0, 16.0, 981.0, 644.0]
[80.0, 32.0, 918.0, 660.0]
[112.0, 48.0, 951.0, 677.0]
[144.0, 48.0, 984.0, 678.0]
[144.0, 16.0, 985.0, 647.0]
[80.0, 0.0, 922.0, 632.0]
[0.0, 16.0, 843.0, 648.0]
[96.0, 16.0, 940.0, 649.0]
[96.0, 16.0, 941.0, 650.0]
[128.0, 0.0, 974.0, 634.0]
[128.0, 32.0, 975.0, 667.0]
[64.0, 32.0, 912.0, 668.0]
[0.0, 16.0, 849.0, 653.0]
[0.0, 0.0, 850.0, 638.0]
[96.0, 0.0, 947.0, 638.0]
[128.0, 32.0, 980.0, 671.0]
[144.0, 0.0, 997.0, 640.0]
[32.0, 32.0, 886.0, 672.0]
[160.0, 16.0, 1015.0, 657.0]
[112.0, 16.0, 968.0, 658.0]
[48.0, 32.0, 905.0, 675.0]
[64.0, 16.0, 922.0, 660.0]
[32.0, 16.0, 891.0, 660.0]
[160.0, 0.0, 1020.0, 645.0]
[0.0, 16.0, 861.0, 662.0]
[96.0, 0.0, 958.0, 646.0]
[144.0, 0.0, 1007.0, 647.0]
[144.0, 32.0, 1008.0, 680.0]
[112.0, 16.0, 977.0, 665.0]
[48.0, 0.0, 914.0, 650.0]
[144.0, 32.0, 1011.0, 682.0]
[80.0, 16.0, 948.0, 667.0]
[16.0, 0.0, 885.0, 652.0]
[48.0, 16.0, 918.0, 668.0]
[112.0, 16.0, 983.0, 669.0]
[80.0, 16.0, 952.0, 670.0]
[0.0, 16.0, 873.0, 671.0]
[80.0, 16.0, 954.0, 672.0]
[16.0, 0.0, 891.0, 656.0]
[112.0, 0.0, 988.0, 657.0]
[144.0, 0.0, 1021.0, 658.0]
[112.0, 16.0, 990.0, 674.0]
[128.0, 16.0, 1007.0, 675.0]
[144.0, 16.0, 1024.0, 676.0]
[96.0, 16.0, 977.0, 677.0]
[0.0, 0.0, 882.0, 662.0]
[112.0, 0.0, 995.0, 662.0]
[112.0, 16.0, 996.0, 679.0]
[112.0, 16.0, 997.0, 680.0]
[16.0, 0.0, 902.0, 664.0]
[80.0, 0.0, 967.0, 665.0]
[128.0, 0.0, 1016.0, 666.0]
[64.0, 0.0, 953.0, 667.0]
[64.0, 0.0, 954.0, 668.0]
[0.0, 0.0, 891.0, 668.0]
[112.0, 0.0, 1004.0, 669.0]
[80.0, 0.0, 973.0, 670.0]
[16.0, 0.0, 910.0, 670.0]
[96.0, 0.0, 991.0, 671.0]
[64.0, 0.0, 960.0, 672.0]
[48.0, 0.0, 945.0, 673.0]
[32.0, 0.0, 930.0, 674.0]
[48.0, 0.0, 947.0, 674.0]
[16.0, 0.0, 916.0, 675.0]
[16.0, 0.0, 917.0, 676.0]
[80.0, 0.0, 982.0, 676.0]
[16.0, 0.0, 919.0, 677.0]
[48.0, 0.0, 952.0, 678.0]
[96.0, 0.0, 1001.0, 679.0]
[16.0, 0.0, 922.0, 680.0]
[112.0, 0.0, 1019.0, 680.0]
[16.0, 0.0, 924.0, 681.0]
[0.0, 0.0, 909.0, 682.0]
[112.0, 0.0, 1022.0, 682.0]
[96.0, 0.0, 1007.0, 683.0]
