[48.0, 16.0, 766.0, 554.0]
[160.0, 0.0, 879.0, 539.0]
[160.0, 0.0, 880.0, 540.0]
[224.0, 0.0, 945.0, 541.0]
[48.0, 16.0, 770.0, 558.0]
[160.0, 0.0, 883.0, 542.0]
[96.0, 0.0, 820.0, 543.0]
[192.0, 0.0, 917.0, 544.0]
[160.0, 0.0, 886.0, 544.0]
[192.0, 16.0, 919.0, 561.0]
[224.0, 0.0, 952.0, 546.0]
[64.0, 16.0, 793.0, 563.0]
[128.0, 0.0, 858.0, 548.0]
[48.0, 16.0, 779.0, 564.0]
[112.0, 16.0, 844.0, 565.0]
[64.0, 16.0, 797.0, 566.0]
[144.0, 0.0, 878.0, 550.0]
[112.0, 16.0, 847.0, 567.0]
[192.0, 16.0, 928.0, 568.0]
[224.0, 16.0, 961.0, 569.0]
[224.0, 16.0, 962.0, 570.0]
[80.0, 0.0, 819.0, 554.0]
[192.0, 0.0, 932.0, 555.0]
[112.0, 0.0, 853.0, 556.0]
[128.0, 16.0, 870.0, 572.0]
[144.0, 0.0, 887.0, 557.0]
[48.0, 16.0, 792.0, 574.0]
[112.0, 0.0, 857.0, 559.0]
[48.0, 0.0, 794.0, 560.0]
[160.0, 0.0, 907.0, 560.0]
[224.0, 16.0, 972.0, 577.0]
[160.0, 0.0, 909.0, 562.0]
[144.0, 0.0, 894.0, 562.0]
[192.0, 0.0, 943.0, 563.0]
[192.0, 16.0, 944.0, 580.0]
[192.0, 16.0, 945.0, 581.0]
[160.0, 0.0, 914.0, 566.0]
[176.0, 16.0, 931.0, 582.0]
[192.0, 16.0, 948.0, 583.0]
[128.0, 16.0, 885.0, 584.0]
[144.0, 0.0, 902.0, 568.0]
[224.0, 16.0, 983.0, 585.0]
[96.0, 16.0, 856.0, 586.0]
[112.0, 16.0, 873.0, 587.0]
[64.0, 0.0, 826.0, 572.0]
[160.0, 0.0, 923.0, 572.0]
[208.0, 16.0, 972.0, 589.0]
[208.0, 0.0, 973.0, 574.0]
[192.0, 16.0, 958.0, 590.0]
[160.0, 0.0, 927.0, 575.0]
[80.0, 16.0, 848.0, 592.0]
[80.0, 16.0, 849.0, 593.0]
[176.0, 16.0, 946.0, 594.0]
[176.0, 0.0, 947.0, 578.0]
[160.0, 0.0, 932.0, 579.0]
[80.0, 0.0, 853.0, 580.0]
[144.0, 0.0, 918.0, 580.0]
[128.0, 0.0, 903.0, 581.0]
[176.0, 16.0, 952.0, 598.0]
[144.0, 0.0, 921.0, 583.0]
[192.0, 0.0, 970.0, 584.0]
[80.0, 16.0, 859.0, 600.0]
[48.0, 16.0, 828.0, 601.0]
[176.0, 0.0, 957.0, 586.0]
[80.0, 0.0, 862.0, 586.0]
[96.0, 16.0, 879.0, 603.0]
[96.0, 0.0, 880.0, 588.0]
[144.0, 0.0, 929.0, 589.0]
[144.0, 16.0, 930.0, 606.0]
[160.0, 16.0, 947.0, 606.0]
[128.0, 16.0, 916.0, 607.0]
[80.0, 16.0, 869.0, 608.0]
[80.0, 16.0, 870.0, 608.0]
[176.0, 0.0, 967.0, 593.0]
[176.0, 0.0, 968.0, 594.0]
[128.0, 0.0, 921.0, 595.0]
[128.0, 16.0, 922.0, 612.0]
[64.0, 0.0, 859.0, 596.0]
[112.0, 16.0, 908.0, 613.0]
[80.0, 0.0, 877.0, 598.0]
[160.0, 16.0, 958.0, 614.0]
[176.0, 0.0, 975.0, 599.0]
[112.0, 0.0, 912.0, 600.0]
[176.0, 0.0, 977.0, 601.0]
[144.0, 16.0, 946.0, 618.0]
[112.0, 16.0, 915.0, 618.0]
[96.0, 0.0, 900.0, 603.0]
[160.0, 16.0, 965.0, 620.0]
[176.0, 16.0, 982.0, 620.0]
[48.0, 16.0, 855.0, 621.0]
[144.0, 16.0, 952.0, 622.0]
[64.0, 0.0, 873.0, 607.0]
[112.0, 16.0, 922.0, 624.0]
[112.0, 16.0, 923.0, 624.0]
[80.0, 16.0, 892.0, 625.0]
[64.0, 16.0, 877.0, 626.0]
[96.0, 16.0, 910.0, 626.0]
[144.0, 16.0, 959.0, 627.0]
[112.0, 16.0, 928.0, 628.0]
[112.0, 0.0, 929.0, 613.0]
[144.0, 0.0, 962.0, 614.0]
[96.0, 0.0, 915.0, 614.0]
[160.0, 16.0, 980.0, 631.0]
[128.0, 0.0, 949.0, 616.0]
[64.0, 0.0, 886.0, 616.0]
[48.0, 0.0, 871.0, 617.0]
[96.0, 0.0, 920.0, 618.0]
[48.0, 0.0, 873.0, 619.0]
[128.0, 16.0, 954.0, 636.0]
[64.0, 16.0, 891.0, 636.0]
[64.0, 16.0, 892.0, 637.0]
[144.0, 16.0, 973.0, 638.0]
[80.0, 0.0, 910.0, 622.0]
[64.0, 0.0, 895.0, 623.0]
[112.0, 0.0, 944.0, 624.0]
[80.0, 16.0, 913.0, 641.0]
[128.0, 0.0, 963.0, 626.0]
[80.0, 0.0, 916.0, 627.0]
[64.0, 0.0, 902.0, 628.0]
[64.0, 0.0, 903.0, 629.0]
