[112.0, 48.0, 829.0, 586.0]
[128.0, 48.0, 846.0, 586.0]
[128.0, 80.0, 847.0, 619.0]
[160.0, 64.0, 880.0, 604.0]
[96.0, 64.0, 817.0, 605.0]
[160.0, 96.0, 882.0, 638.0]
[80.0, 96.0, 803.0, 638.0]
[32.0, 64.0, 756.0, 607.0]
[80.0, 64.0, 805.0, 608.0]
[160.0, 112.0, 886.0, 656.0]
[144.0, 64.0, 871.0, 609.0]
[48.0, 80.0, 776.0, 626.0]
[128.0, 96.0, 857.0, 643.0]
[128.0, 96.0, 858.0, 644.0]
[80.0, 48.0, 811.0, 596.0]
[160.0, 64.0, 892.0, 613.0]
[80.0, 32.0, 813.0, 582.0]
[128.0, 96.0, 862.0, 646.0]
[112.0, 48.0, 847.0, 599.0]
[64.0, 80.0, 800.0, 632.0]
[80.0, 112.0, 817.0, 665.0]
[112.0, 128.0, 850.0, 682.0]
[144.0, 16.0, 883.0, 570.0]
[112.0, 32.0, 852.0, 587.0]
[16.0, 64.0, 757.0, 620.0]
[48.0, 128.0, 790.0, 684.0]
[16.0, 112.0, 759.0, 669.0]
[112.0, 64.0, 856.0, 622.0]
[80.0, 112.0, 825.0, 671.0]
[160.0, 112.0, 906.0, 672.0]
[16.0, 48.0, 763.0, 608.0]
[64.0, 0.0, 812.0, 561.0]
[32.0, 16.0, 781.0, 578.0]
[80.0, 128.0, 830.0, 690.0]
[80.0, 0.0, 831.0, 563.0]
[176.0, 96.0, 928.0, 660.0]
[16.0, 16.0, 769.0, 581.0]
[112.0, 112.0, 866.0, 678.0]
[144.0, 96.0, 899.0, 662.0]
[32.0, 80.0, 788.0, 647.0]
[144.0, 112.0, 901.0, 680.0]
[32.0, 80.0, 790.0, 648.0]
[0.0, 48.0, 759.0, 617.0]
[112.0, 0.0, 872.0, 570.0]
[0.0, 64.0, 761.0, 635.0]
[48.0, 48.0, 810.0, 620.0]
[128.0, 48.0, 891.0, 620.0]
[112.0, 64.0, 876.0, 637.0]
[112.0, 96.0, 877.0, 670.0]
[0.0, 32.0, 766.0, 606.0]
[176.0, 32.0, 943.0, 607.0]
[32.0, 96.0, 800.0, 672.0]
[64.0, 64.0, 833.0, 641.0]
[160.0, 48.0, 930.0, 626.0]
[144.0, 64.0, 915.0, 642.0]
[160.0, 16.0, 932.0, 595.0]
[80.0, 64.0, 853.0, 644.0]
[176.0, 96.0, 950.0, 676.0]
[16.0, 0.0, 791.0, 581.0]
[176.0, 48.0, 952.0, 630.0]
[128.0, 96.0, 905.0, 679.0]
[16.0, 32.0, 794.0, 616.0]
[96.0, 16.0, 875.0, 600.0]
[32.0, 48.0, 812.0, 633.0]
[16.0, 80.0, 797.0, 666.0]
[64.0, 48.0, 846.0, 634.0]
[64.0, 16.0, 847.0, 603.0]
[192.0, 48.0, 976.0, 636.0]
[80.0, 64.0, 865.0, 653.0]
[160.0, 64.0, 946.0, 654.0]
[144.0, 16.0, 931.0, 606.0]
[32.0, 64.0, 820.0, 655.0]
[32.0, 96.0, 821.0, 688.0]
[32.0, 96.0, 822.0, 688.0]
[16.0, 0.0, 807.0, 593.0]
[192.0, 64.0, 984.0, 658.0]
[80.0, 96.0, 873.0, 691.0]
[112.0, 80.0, 906.0, 676.0]
[16.0, 32.0, 811.0, 628.0]
[112.0, 80.0, 908.0, 677.0]
[80.0, 96.0, 877.0, 694.0]
[192.0, 48.0, 990.0, 646.0]
[0.0, 0.0, 799.0, 599.0]
[32.0, 80.0, 832.0, 680.0]
[32.0, 32.0, 833.0, 633.0]
[112.0, 0.0, 914.0, 602.0]
[160.0, 64.0, 963.0, 666.0]
[96.0, 0.0, 900.0, 603.0]
[112.0, 16.0, 917.0, 620.0]
[0.0, 48.0, 806.0, 652.0]
[192.0, 32.0, 999.0, 637.0]
[0.0, 32.0, 808.0, 638.0]
[16.0, 48.0, 825.0, 655.0]
[176.0, 48.0, 986.0, 656.0]
[32.0, 80.0, 843.0, 688.0]
[192.0, 32.0, 1004.0, 641.0]
[96.0, 80.0, 909.0, 690.0]
[160.0, 16.0, 974.0, 626.0]
[160.0, 16.0, 975.0, 627.0]
[16.0, 80.0, 832.0, 692.0]
[160.0, 32.0, 977.0, 645.0]
[160.0, 64.0, 978.0, 678.0]
[16.0, 16.0, 835.0, 630.0]
[80.0, 16.0, 900.0, 631.0]
[16.0, 64.0, 837.0, 680.0]
[0.0, 16.0, 822.0, 632.0]
[112.0, 32.0, 935.0, 649.0]
[16.0, 0.0, 840.0, 618.0]
[128.0, 0.0, 953.0, 619.0]
[48.0, 0.0, 874.0, 620.0]
[112.0, 64.0, 939.0, 684.0]
[0.0, 16.0, 828.0, 637.0]
[64.0, 0.0, 893.0, 622.0]
[176.0, 32.0, 1006.0, 654.0]
[16.0, 16.0, 847.0, 639.0]
[144.0, 32.0, 976.0, 656.0]
[0.0, 64.0, 833.0, 689.0]
[64.0, 48.0, 898.0, 674.0]
[48.0, 48.0, 883.0, 674.0]
[16.0, 0.0, 852.0, 627.0]
[80.0, 16.0, 917.0, 644.0]
[48.0, 48.0, 886.0, 676.0]
[32.0, 32.0, 871.0, 661.0]
[16.0, 16.0, 856.0, 646.0]
[96.0, 16.0, 937.0, 647.0]
[144.0, 48.0, 986.0, 680.0]
[48.0, 16.0, 891.0, 648.0]
[144.0, 16.0, 988.0, 649.0]
[144.0, 16.0, 989.0, 650.0]
[144.0, 48.0, 990.0, 682.0]
[128.0, 16.0, 975.0, 651.0]
[32.0, 0.0, 880.0, 636.0]
[64.0, 32.0, 913.0, 669.0]
[0.0, 32.0, 850.0, 670.0]
[144.0, 16.0, 995.0, 654.0]
[64.0, 32.0, 916.0, 671.0]
[144.0, 0.0, 997.0, 640.0]
[32.0, 48.0, 886.0, 688.0]
[128.0, 32.0, 983.0, 673.0]
[32.0, 32.0, 888.0, 674.0]
[96.0, 32.0, 953.0, 675.0]
[48.0, 48.0, 906.0, 692.0]
[144.0, 32.0, 1003.0, 676.0]
[0.0, 48.0, 860.0, 693.0]
[128.0, 32.0, 989.0, 678.0]
[96.0, 32.0, 958.0, 678.0]
[112.0, 32.0, 975.0, 679.0]
[80.0, 32.0, 944.0, 680.0]
[32.0, 16.0, 897.0, 665.0]
[128.0, 16.0, 994.0, 666.0]
[128.0, 16.0, 995.0, 666.0]
[48.0, 16.0, 916.0, 667.0]
[128.0, 0.0, 997.0, 652.0]
[80.0, 0.0, 950.0, 652.0]
[96.0, 0.0, 967.0, 653.0]
[16.0, 0.0, 888.0, 654.0]
[96.0, 0.0, 969.0, 655.0]
[144.0, 0.0, 1018.0, 656.0]
[64.0, 16.0, 939.0, 672.0]
[128.0, 16.0, 1004.0, 673.0]
[144.0, 0.0, 1021.0, 658.0]
[80.0, 32.0, 958.0, 690.0]
[64.0, 0.0, 943.0, 659.0]
[144.0, 0.0, 1024.0, 660.0]
[48.0, 16.0, 929.0, 677.0]
[128.0, 16.0, 1010.0, 678.0]
[0.0, 0.0, 883.0, 662.0]
[64.0, 32.0, 948.0, 695.0]
[64.0, 16.0, 949.0, 680.0]
[0.0, 16.0, 886.0, 680.0]
[32.0, 0.0, 919.0, 665.0]
[80.0, 0.0, 968.0, 666.0]
[48.0, 0.0, 937.0, 667.0]
[32.0, 16.0, 922.0, 684.0]
[64.0, 16.0, 955.0, 684.0]
[48.0, 0.0, 940.0, 669.0]
[48.0, 16.0, 941.0, 686.0]
[96.0, 0.0, 990.0, 670.0]
[0.0, 0.0, 895.0, 671.0]
[128.0, 0.0, 1024.0, 672.0]
[64.0, 16.0, 961.0, 689.0]
[96.0, 0.0, 994.0, 674.0]
[96.0, 16.0, 995.0, 690.0]
[80.0, 0.0, 980.0, 675.0]
[64.0, 0.0, 965.0, 676.0]
[16.0, 0.0, 918.0, 676.0]
[48.0, 0.0, 951.0, 677.0]
[48.0, 16.0, 952.0, 694.0]
[96.0, 0.0, 1001.0, 679.0]
[80.0, 0.0, 986.0, 680.0]
[64.0, 0.0, 971.0, 680.0]
[48.0, 0.0, 956.0, 681.0]
[48.0, 0.0, 957.0, 682.0]
[16.0, 0.0, 926.0, 682.0]
[0.0, 0.0, 911.0, 683.0]
[96.0, 0.0, 1008.0, 684.0]
[64.0, 0.0, 977.0, 685.0]
[64.0, 0.0, 978.0, 686.0]
[32.0, 0.0, 947.0, 686.0]
[48.0, 0.0, 964.0, 687.0]
[32.0, 0.0, 949.0, 688.0]
[16.0, 0.0, 934.0, 688.0]
[80.0, 0.0, 999.0, 689.0]
[80.0, 0.0, 1000.0, 690.0]
[16.0, 0.0, 937.0, 691.0]
[64.0, 0.0, 986.0, 692.0]
[80.0, 0.0, 1003.0, 692.0]
[80.0, 0.0, 1004.0, 693.0]
[48.0, 0.0, 973.0, 694.0]
[16.0, 0.0, 942.0, 694.0]
[16.0, 0.0, 943.0, 695.0]
