[112.0, 272.0, 650.0, 989.0]
[128.0, 144.0, 666.0, 862.0]
[144.0, 304.0, 683.0, 1023.0]
[96.0, 256.0, 636.0, 976.0]
[96.0, 272.0, 637.0, 993.0]
[80.0, 256.0, 622.0, 978.0]
[96.0, 240.0, 638.0, 963.0]
[112.0, 288.0, 655.0, 1012.0]
[64.0, 240.0, 608.0, 965.0]
[96.0, 208.0, 640.0, 934.0]
[112.0, 288.0, 657.0, 1015.0]
[112.0, 128.0, 658.0, 856.0]
[48.0, 208.0, 595.0, 937.0]
[64.0, 192.0, 612.0, 922.0]
[128.0, 224.0, 676.0, 955.0]
[64.0, 240.0, 613.0, 972.0]
[80.0, 240.0, 630.0, 973.0]
[96.0, 272.0, 646.0, 1006.0]
[128.0, 192.0, 679.0, 927.0]
[128.0, 144.0, 680.0, 880.0]
[48.0, 240.0, 601.0, 977.0]
[64.0, 224.0, 618.0, 962.0]
[112.0, 240.0, 666.0, 979.0]
[112.0, 224.0, 667.0, 964.0]
[96.0, 176.0, 652.0, 917.0]
[112.0, 192.0, 668.0, 934.0]
[48.0, 224.0, 605.0, 967.0]
[64.0, 240.0, 622.0, 984.0]
[48.0, 256.0, 607.0, 1001.0]
[80.0, 208.0, 640.0, 954.0]
[112.0, 256.0, 672.0, 1003.0]
[96.0, 240.0, 657.0, 988.0]
[96.0, 208.0, 658.0, 957.0]
[32.0, 224.0, 594.0, 974.0]
[32.0, 208.0, 595.0, 959.0]
[64.0, 272.0, 628.0, 1024.0]
[64.0, 208.0, 629.0, 961.0]
[112.0, 192.0, 678.0, 946.0]
[96.0, 128.0, 662.0, 883.0]
[80.0, 176.0, 647.0, 932.0]
[112.0, 144.0, 680.0, 901.0]
[112.0, 256.0, 680.0, 1014.0]
[64.0, 192.0, 633.0, 951.0]
[112.0, 160.0, 682.0, 920.0]
[64.0, 256.0, 635.0, 1017.0]
[80.0, 256.0, 652.0, 1018.0]
[80.0, 208.0, 652.0, 971.0]
[32.0, 208.0, 605.0, 972.0]
[80.0, 208.0, 654.0, 973.0]
[96.0, 160.0, 670.0, 926.0]
[96.0, 160.0, 671.0, 927.0]
[96.0, 256.0, 672.0, 1024.0]
[80.0, 144.0, 657.0, 913.0]
[96.0, 176.0, 674.0, 946.0]
[64.0, 144.0, 642.0, 915.0]
[96.0, 240.0, 675.0, 1012.0]
[32.0, 192.0, 612.0, 965.0]
[16.0, 208.0, 596.0, 982.0]
[80.0, 160.0, 661.0, 935.0]
[48.0, 240.0, 630.0, 1016.0]
[96.0, 128.0, 679.0, 905.0]
[64.0, 192.0, 648.0, 970.0]
[64.0, 192.0, 648.0, 971.0]
[64.0, 240.0, 649.0, 1020.0]
[32.0, 240.0, 618.0, 1021.0]
[64.0, 224.0, 650.0, 1006.0]
[96.0, 224.0, 683.0, 1007.0]
[80.0, 144.0, 668.0, 928.0]
[64.0, 192.0, 653.0, 977.0]
[48.0, 176.0, 638.0, 962.0]
[80.0, 144.0, 670.0, 931.0]
[32.0, 208.0, 623.0, 996.0]
[32.0, 208.0, 624.0, 997.0]
[16.0, 208.0, 608.0, 998.0]
[64.0, 144.0, 657.0, 935.0]
[32.0, 224.0, 626.0, 1016.0]
[48.0, 176.0, 643.0, 969.0]
[32.0, 192.0, 628.0, 986.0]
[64.0, 192.0, 660.0, 987.0]
[80.0, 224.0, 677.0, 1020.0]
[80.0, 144.0, 678.0, 941.0]
[80.0, 192.0, 678.0, 990.0]
[16.0, 208.0, 615.0, 1007.0]
[48.0, 176.0, 648.0, 976.0]
[48.0, 176.0, 649.0, 977.0]
[48.0, 160.0, 650.0, 962.0]
[64.0, 144.0, 666.0, 947.0]
[80.0, 192.0, 683.0, 996.0]
[80.0, 128.0, 684.0, 933.0]
[80.0, 192.0, 684.0, 998.0]
[64.0, 208.0, 669.0, 1015.0]
[64.0, 192.0, 670.0, 1000.0]
[32.0, 160.0, 639.0, 969.0]
[48.0, 208.0, 656.0, 1018.0]
[32.0, 144.0, 640.0, 955.0]
[48.0, 128.0, 657.0, 940.0]
[32.0, 144.0, 642.0, 957.0]
[32.0, 208.0, 642.0, 1022.0]
[64.0, 160.0, 675.0, 975.0]
[48.0, 160.0, 660.0, 976.0]
[64.0, 176.0, 677.0, 993.0]
[64.0, 176.0, 678.0, 994.0]
[32.0, 176.0, 646.0, 995.0]
[48.0, 176.0, 663.0, 996.0]
[32.0, 176.0, 648.0, 997.0]
[32.0, 176.0, 648.0, 998.0]
[48.0, 176.0, 665.0, 999.0]
[48.0, 176.0, 666.0, 1000.0]
[64.0, 176.0, 683.0, 1001.0]
[64.0, 176.0, 684.0, 1002.0]
[64.0, 192.0, 684.0, 1019.0]
[32.0, 144.0, 653.0, 972.0]
[48.0, 144.0, 670.0, 973.0]
[32.0, 192.0, 654.0, 1022.0]
[16.0, 144.0, 639.0, 975.0]
[48.0, 176.0, 672.0, 1008.0]
[32.0, 144.0, 657.0, 977.0]
[48.0, 144.0, 674.0, 978.0]
[32.0, 144.0, 658.0, 979.0]
[32.0, 128.0, 659.0, 964.0]
[32.0, 128.0, 660.0, 965.0]
[32.0, 160.0, 660.0, 998.0]
[32.0, 160.0, 661.0, 999.0]
[32.0, 128.0, 662.0, 968.0]
[48.0, 160.0, 679.0, 1001.0]
[48.0, 128.0, 680.0, 970.0]
[16.0, 160.0, 648.0, 1003.0]
[48.0, 128.0, 681.0, 972.0]
[48.0, 160.0, 682.0, 1005.0]
[32.0, 176.0, 666.0, 1022.0]
[16.0, 128.0, 651.0, 975.0]
[16.0, 176.0, 652.0, 1024.0]
[32.0, 160.0, 669.0, 1009.0]
[32.0, 128.0, 670.0, 978.0]
[32.0, 128.0, 670.0, 979.0]
[16.0, 128.0, 655.0, 980.0]
[16.0, 160.0, 656.0, 1013.0]
[32.0, 144.0, 672.0, 998.0]
[16.0, 160.0, 657.0, 1015.0]
[16.0, 160.0, 658.0, 1016.0]
[16.0, 128.0, 659.0, 985.0]
[16.0, 128.0, 660.0, 986.0]
[32.0, 144.0, 676.0, 1003.0]
[32.0, 160.0, 677.0, 1020.0]
[16.0, 128.0, 662.0, 989.0]
[32.0, 144.0, 678.0, 1006.0]
[32.0, 144.0, 679.0, 1007.0]
[32.0, 144.0, 680.0, 1008.0]
[16.0, 144.0, 665.0, 1009.0]
