[224.0, 128.0, 941.0, 666.0]
[96.0, 112.0, 814.0, 650.0]
[128.0, 112.0, 847.0, 651.0]
[160.0, 128.0, 880.0, 668.0]
[240.0, 128.0, 961.0, 669.0]
[64.0, 96.0, 786.0, 638.0]
[64.0, 128.0, 787.0, 670.0]
[32.0, 112.0, 756.0, 655.0]
[256.0, 96.0, 981.0, 640.0]
[48.0, 128.0, 774.0, 672.0]
[80.0, 128.0, 807.0, 673.0]
[80.0, 144.0, 808.0, 690.0]
[144.0, 96.0, 873.0, 643.0]
[48.0, 112.0, 778.0, 660.0]
[96.0, 112.0, 827.0, 660.0]
[48.0, 128.0, 780.0, 677.0]
[240.0, 144.0, 973.0, 694.0]
[224.0, 96.0, 958.0, 646.0]
[80.0, 112.0, 815.0, 663.0]
[80.0, 144.0, 816.0, 696.0]
[224.0, 144.0, 961.0, 697.0]
[208.0, 128.0, 946.0, 682.0]
[256.0, 96.0, 995.0, 650.0]
[112.0, 128.0, 852.0, 683.0]
[80.0, 144.0, 821.0, 700.0]
[160.0, 112.0, 902.0, 668.0]
[256.0, 128.0, 999.0, 685.0]
[208.0, 128.0, 952.0, 686.0]
[80.0, 80.0, 825.0, 639.0]
[192.0, 80.0, 938.0, 640.0]
[240.0, 112.0, 987.0, 672.0]
[224.0, 96.0, 972.0, 657.0]
[32.0, 96.0, 781.0, 658.0]
[240.0, 80.0, 990.0, 642.0]
[64.0, 80.0, 815.0, 643.0]
[224.0, 144.0, 976.0, 708.0]
[128.0, 144.0, 881.0, 709.0]
[112.0, 64.0, 866.0, 630.0]
[80.0, 112.0, 835.0, 678.0]
[32.0, 128.0, 788.0, 695.0]
[224.0, 128.0, 981.0, 696.0]
[144.0, 96.0, 902.0, 664.0]
[144.0, 80.0, 903.0, 649.0]
[48.0, 80.0, 808.0, 650.0]
[96.0, 80.0, 857.0, 651.0]
[128.0, 112.0, 890.0, 684.0]
[0.0, 96.0, 763.0, 668.0]
[224.0, 128.0, 988.0, 701.0]
[48.0, 96.0, 813.0, 670.0]
[192.0, 80.0, 958.0, 654.0]
[48.0, 112.0, 815.0, 687.0]
[160.0, 112.0, 928.0, 688.0]
[208.0, 96.0, 977.0, 673.0]
[48.0, 64.0, 818.0, 642.0]
[32.0, 96.0, 803.0, 674.0]
[96.0, 96.0, 868.0, 675.0]
[128.0, 48.0, 901.0, 628.0]
[192.0, 48.0, 966.0, 628.0]
[0.0, 80.0, 775.0, 661.0]
[208.0, 64.0, 984.0, 646.0]
[208.0, 64.0, 985.0, 647.0]
[16.0, 64.0, 794.0, 648.0]
[128.0, 128.0, 907.0, 712.0]
[32.0, 80.0, 812.0, 665.0]
[160.0, 80.0, 941.0, 666.0]
[16.0, 96.0, 798.0, 682.0]
[144.0, 96.0, 927.0, 683.0]
[240.0, 112.0, 1024.0, 700.0]
[192.0, 128.0, 977.0, 717.0]
[160.0, 80.0, 946.0, 670.0]
[224.0, 112.0, 1011.0, 702.0]
[112.0, 144.0, 900.0, 735.0]
[112.0, 48.0, 901.0, 640.0]
[128.0, 80.0, 918.0, 672.0]
[96.0, 144.0, 887.0, 737.0]
[224.0, 80.0, 1016.0, 674.0]
[144.0, 144.0, 937.0, 739.0]
[192.0, 80.0, 986.0, 676.0]
[128.0, 48.0, 923.0, 644.0]
[144.0, 112.0, 940.0, 709.0]
[160.0, 128.0, 957.0, 726.0]
[160.0, 144.0, 958.0, 742.0]
[16.0, 96.0, 815.0, 695.0]
[144.0, 48.0, 944.0, 648.0]
[0.0, 112.0, 801.0, 713.0]
[208.0, 64.0, 1010.0, 666.0]
[32.0, 64.0, 835.0, 666.0]
[112.0, 112.0, 916.0, 715.0]
[96.0, 112.0, 901.0, 716.0]
[160.0, 64.0, 966.0, 668.0]
[32.0, 112.0, 839.0, 717.0]
[112.0, 32.0, 920.0, 638.0]
[32.0, 112.0, 841.0, 719.0]
[96.0, 144.0, 906.0, 752.0]
[112.0, 64.0, 923.0, 672.0]
[64.0, 96.0, 876.0, 705.0]
[128.0, 144.0, 941.0, 754.0]
[160.0, 80.0, 974.0, 690.0]
[32.0, 48.0, 847.0, 659.0]
[208.0, 80.0, 1024.0, 692.0]
[96.0, 112.0, 913.0, 725.0]
[160.0, 16.0, 978.0, 630.0]
[160.0, 96.0, 979.0, 710.0]
[64.0, 144.0, 884.0, 759.0]
[48.0, 80.0, 869.0, 696.0]
[112.0, 128.0, 934.0, 744.0]
[16.0, 112.0, 839.0, 729.0]
[160.0, 16.0, 984.0, 634.0]
[144.0, 112.0, 969.0, 731.0]
[96.0, 112.0, 922.0, 732.0]
[64.0, 128.0, 891.0, 748.0]
[112.0, 32.0, 940.0, 653.0]
[112.0, 112.0, 941.0, 734.0]
[64.0, 128.0, 894.0, 750.0]
[128.0, 32.0, 959.0, 655.0]
[96.0, 64.0, 928.0, 688.0]
[176.0, 48.0, 1009.0, 673.0]
[16.0, 80.0, 850.0, 706.0]
[176.0, 64.0, 1011.0, 690.0]
[96.0, 128.0, 932.0, 755.0]
[160.0, 16.0, 997.0, 644.0]
[160.0, 48.0, 998.0, 676.0]
[128.0, 32.0, 967.0, 661.0]
[128.0, 128.0, 968.0, 758.0]
[0.0, 64.0, 841.0, 695.0]
[96.0, 112.0, 938.0, 744.0]
[0.0, 96.0, 843.0, 728.0]
[64.0, 64.0, 908.0, 697.0]
[32.0, 80.0, 877.0, 714.0]
[16.0, 128.0, 862.0, 762.0]
[96.0, 96.0, 943.0, 731.0]
[160.0, 16.0, 1008.0, 652.0]
[160.0, 128.0, 1009.0, 765.0]
[64.0, 112.0, 914.0, 750.0]
[64.0, 64.0, 915.0, 702.0]
[80.0, 32.0, 932.0, 671.0]
[64.0, 16.0, 917.0, 656.0]
[112.0, 128.0, 966.0, 768.0]
[96.0, 16.0, 951.0, 657.0]
[128.0, 128.0, 984.0, 770.0]
[96.0, 80.0, 953.0, 723.0]
[64.0, 96.0, 922.0, 740.0]
[80.0, 80.0, 939.0, 724.0]
[48.0, 96.0, 908.0, 741.0]
[96.0, 112.0, 957.0, 758.0]
[48.0, 80.0, 910.0, 726.0]
[96.0, 96.0, 959.0, 743.0]
[32.0, 64.0, 896.0, 712.0]
[48.0, 0.0, 913.0, 649.0]
[0.0, 112.0, 866.0, 762.0]
[112.0, 32.0, 979.0, 682.0]
[16.0, 0.0, 884.0, 651.0]
[112.0, 16.0, 981.0, 668.0]
[16.0, 64.0, 886.0, 716.0]
[48.0, 0.0, 919.0, 653.0]
[16.0, 80.0, 888.0, 734.0]
[64.0, 32.0, 937.0, 687.0]
[96.0, 16.0, 970.0, 672.0]
[96.0, 96.0, 971.0, 752.0]
[128.0, 80.0, 1004.0, 737.0]
[48.0, 64.0, 925.0, 722.0]
[64.0, 80.0, 942.0, 738.0]
[48.0, 112.0, 927.0, 771.0]
[128.0, 112.0, 1008.0, 772.0]
[80.0, 80.0, 961.0, 741.0]
[80.0, 48.0, 962.0, 710.0]
[0.0, 112.0, 883.0, 774.0]
[32.0, 80.0, 916.0, 743.0]
[80.0, 16.0, 965.0, 680.0]
[80.0, 0.0, 966.0, 664.0]
[48.0, 0.0, 935.0, 665.0]
[16.0, 64.0, 904.0, 730.0]
[0.0, 64.0, 889.0, 731.0]
[112.0, 96.0, 1002.0, 764.0]
[48.0, 0.0, 939.0, 668.0]
[32.0, 64.0, 924.0, 733.0]
[16.0, 96.0, 909.0, 766.0]
[0.0, 64.0, 894.0, 734.0]
[32.0, 96.0, 927.0, 767.0]
[128.0, 48.0, 1024.0, 720.0]
[112.0, 64.0, 1009.0, 737.0]
[32.0, 96.0, 930.0, 770.0]
[48.0, 32.0, 947.0, 706.0]
[64.0, 64.0, 964.0, 739.0]
[80.0, 64.0, 981.0, 740.0]
[32.0, 80.0, 934.0, 756.0]
[16.0, 32.0, 919.0, 709.0]
[0.0, 64.0, 904.0, 742.0]
[48.0, 16.0, 953.0, 695.0]
[112.0, 32.0, 1018.0, 712.0]
[16.0, 16.0, 923.0, 696.0]
[80.0, 48.0, 988.0, 729.0]
[48.0, 16.0, 957.0, 698.0]
[32.0, 48.0, 942.0, 730.0]
[112.0, 32.0, 1023.0, 715.0]
[32.0, 80.0, 944.0, 764.0]
[32.0, 16.0, 945.0, 701.0]
[16.0, 16.0, 930.0, 702.0]
[16.0, 0.0, 931.0, 686.0]
[64.0, 32.0, 980.0, 719.0]
[0.0, 0.0, 917.0, 688.0]
[64.0, 16.0, 982.0, 704.0]
[80.0, 0.0, 999.0, 689.0]
[16.0, 16.0, 936.0, 706.0]
[16.0, 32.0, 937.0, 723.0]
[64.0, 0.0, 986.0, 692.0]
[80.0, 16.0, 1003.0, 708.0]
[80.0, 64.0, 1004.0, 757.0]
[64.0, 48.0, 989.0, 742.0]
[64.0, 16.0, 990.0, 710.0]
[48.0, 32.0, 975.0, 727.0]
[96.0, 64.0, 1024.0, 760.0]
[80.0, 32.0, 1009.0, 729.0]
[64.0, 0.0, 994.0, 698.0]
[0.0, 64.0, 931.0, 762.0]
[80.0, 64.0, 1012.0, 763.0]
[32.0, 32.0, 965.0, 732.0]
[32.0, 16.0, 966.0, 716.0]
[64.0, 0.0, 999.0, 701.0]
[16.0, 16.0, 952.0, 718.0]
[16.0, 64.0, 953.0, 767.0]
[64.0, 32.0, 1002.0, 736.0]
[80.0, 64.0, 1019.0, 768.0]
[64.0, 0.0, 1004.0, 705.0]
[16.0, 64.0, 957.0, 770.0]
[80.0, 0.0, 1022.0, 706.0]
[64.0, 16.0, 1007.0, 723.0]
[0.0, 64.0, 944.0, 772.0]
[16.0, 0.0, 961.0, 709.0]
[16.0, 16.0, 962.0, 726.0]
[0.0, 16.0, 947.0, 726.0]
[64.0, 0.0, 1012.0, 711.0]
[16.0, 0.0, 965.0, 712.0]
[16.0, 16.0, 966.0, 728.0]
[32.0, 32.0, 983.0, 745.0]
[16.0, 48.0, 968.0, 762.0]
[64.0, 16.0, 1017.0, 731.0]
[0.0, 16.0, 954.0, 732.0]
[0.0, 16.0, 955.0, 732.0]
[0.0, 0.0, 956.0, 717.0]
[16.0, 16.0, 973.0, 734.0]
[48.0, 0.0, 1006.0, 718.0]
[16.0, 32.0, 975.0, 751.0]
[32.0, 48.0, 992.0, 768.0]
[0.0, 0.0, 961.0, 721.0]
[16.0, 16.0, 978.0, 738.0]
[16.0, 32.0, 979.0, 754.0]
[16.0, 48.0, 980.0, 771.0]
[48.0, 16.0, 1013.0, 740.0]
[48.0, 16.0, 1014.0, 740.0]
[16.0, 0.0, 983.0, 725.0]
[16.0, 48.0, 984.0, 774.0]
[16.0, 0.0, 985.0, 727.0]
[48.0, 0.0, 1018.0, 728.0]
[0.0, 16.0, 971.0, 744.0]
[48.0, 0.0, 1020.0, 729.0]
[0.0, 32.0, 973.0, 762.0]
[32.0, 16.0, 1006.0, 746.0]
[32.0, 0.0, 1007.0, 731.0]
[16.0, 16.0, 992.0, 748.0]
[16.0, 0.0, 993.0, 733.0]
[0.0, 16.0, 978.0, 750.0]
[32.0, 32.0, 1011.0, 766.0]
[0.0, 16.0, 980.0, 751.0]
[32.0, 16.0, 1013.0, 752.0]
[32.0, 16.0, 1014.0, 752.0]
[32.0, 0.0, 1015.0, 737.0]
[0.0, 16.0, 984.0, 754.0]
[0.0, 16.0, 985.0, 755.0]
[0.0, 0.0, 986.0, 740.0]
[0.0, 16.0, 987.0, 756.0]
[16.0, 32.0, 1004.0, 773.0]
[16.0, 16.0, 1005.0, 758.0]
[32.0, 0.0, 1022.0, 742.0]
[0.0, 16.0, 991.0, 759.0]
[0.0, 0.0, 992.0, 744.0]
[0.0, 16.0, 993.0, 761.0]
[16.0, 0.0, 1010.0, 746.0]
[0.0, 0.0, 995.0, 746.0]
[16.0, 16.0, 1012.0, 763.0]
[16.0, 0.0, 1013.0, 748.0]
[16.0, 16.0, 1014.0, 764.0]
[16.0, 0.0, 1015.0, 749.0]
[0.0, 0.0, 1000.0, 750.0]
[16.0, 16.0, 1017.0, 767.0]
[16.0, 16.0, 1018.0, 768.0]
[16.0, 16.0, 1019.0, 768.0]
[16.0, 16.0, 1020.0, 769.0]
[0.0, 16.0, 1005.0, 770.0]
[0.0, 16.0, 1006.0, 770.0]
[0.0, 0.0, 1007.0, 755.0]
[16.0, 0.0, 1024.0, 756.0]
[0.0, 0.0, 1009.0, 757.0]
[0.0, 16.0, 1010.0, 774.0]
[0.0, 0.0, 1011.0, 758.0]
[0.0, 16.0, 1012.0, 775.0]
[0.0, 0.0, 1013.0, 760.0]
[0.0, 0.0, 1014.0, 760.0]
[0.0, 0.0, 1015.0, 761.0]
[0.0, 0.0, 1016.0, 762.0]
[0.0, 0.0, 1017.0, 763.0]
[0.0, 0.0, 1018.0, 764.0]
[0.0, 0.0, 1019.0, 764.0]
