[208.0, 96.0, 925.0, 634.0]
[208.0, 128.0, 926.0, 666.0]
[224.0, 80.0, 943.0, 619.0]
[32.0, 96.0, 752.0, 636.0]
[144.0, 80.0, 865.0, 621.0]
[144.0, 112.0, 866.0, 654.0]
[272.0, 96.0, 995.0, 638.0]
[64.0, 112.0, 788.0, 655.0]
[224.0, 128.0, 949.0, 672.0]
[208.0, 112.0, 934.0, 656.0]
[16.0, 112.0, 743.0, 657.0]
[240.0, 112.0, 968.0, 658.0]
[208.0, 128.0, 937.0, 675.0]
[208.0, 96.0, 938.0, 644.0]
[144.0, 96.0, 875.0, 644.0]
[80.0, 128.0, 812.0, 677.0]
[208.0, 128.0, 941.0, 678.0]
[256.0, 80.0, 990.0, 630.0]
[64.0, 112.0, 799.0, 663.0]
[208.0, 80.0, 944.0, 632.0]
[128.0, 112.0, 865.0, 665.0]
[64.0, 80.0, 802.0, 634.0]
[224.0, 80.0, 963.0, 634.0]
[176.0, 80.0, 916.0, 635.0]
[128.0, 96.0, 869.0, 652.0]
[144.0, 128.0, 886.0, 684.0]
[16.0, 96.0, 759.0, 653.0]
[32.0, 96.0, 776.0, 654.0]
[48.0, 112.0, 793.0, 671.0]
[144.0, 96.0, 890.0, 656.0]
[192.0, 96.0, 939.0, 656.0]
[64.0, 64.0, 812.0, 625.0]
[176.0, 128.0, 925.0, 690.0]
[96.0, 80.0, 846.0, 642.0]
[240.0, 128.0, 991.0, 691.0]
[112.0, 80.0, 864.0, 644.0]
[128.0, 96.0, 881.0, 661.0]
[160.0, 64.0, 914.0, 630.0]
[144.0, 96.0, 899.0, 662.0]
[32.0, 64.0, 788.0, 631.0]
[128.0, 48.0, 885.0, 616.0]
[144.0, 128.0, 902.0, 696.0]
[128.0, 112.0, 887.0, 681.0]
[80.0, 112.0, 840.0, 682.0]
[224.0, 80.0, 985.0, 651.0]
[192.0, 112.0, 954.0, 684.0]
[224.0, 96.0, 987.0, 668.0]
[240.0, 64.0, 1004.0, 637.0]
[240.0, 96.0, 1005.0, 670.0]
[144.0, 96.0, 910.0, 670.0]
[16.0, 112.0, 783.0, 687.0]
[64.0, 112.0, 832.0, 688.0]
[176.0, 48.0, 945.0, 625.0]
[208.0, 64.0, 978.0, 642.0]
[32.0, 80.0, 803.0, 658.0]
[128.0, 48.0, 900.0, 627.0]
[80.0, 112.0, 853.0, 692.0]
[176.0, 112.0, 950.0, 692.0]
[160.0, 80.0, 935.0, 661.0]
[32.0, 64.0, 808.0, 646.0]
[48.0, 128.0, 825.0, 711.0]
[48.0, 96.0, 826.0, 680.0]
[176.0, 64.0, 955.0, 648.0]
[192.0, 128.0, 972.0, 713.0]
[224.0, 96.0, 1005.0, 682.0]
[80.0, 32.0, 862.0, 618.0]
[160.0, 64.0, 943.0, 651.0]
[160.0, 96.0, 944.0, 684.0]
[32.0, 32.0, 817.0, 621.0]
[96.0, 48.0, 882.0, 638.0]
[176.0, 96.0, 963.0, 686.0]
[32.0, 80.0, 820.0, 671.0]
[32.0, 96.0, 821.0, 688.0]
[224.0, 64.0, 1014.0, 656.0]
[80.0, 96.0, 871.0, 689.0]
[64.0, 96.0, 856.0, 690.0]
[128.0, 32.0, 921.0, 627.0]
[192.0, 112.0, 986.0, 708.0]
[144.0, 64.0, 939.0, 660.0]
[112.0, 112.0, 908.0, 709.0]
[144.0, 96.0, 941.0, 694.0]
[112.0, 96.0, 910.0, 694.0]
[224.0, 64.0, 1023.0, 663.0]
[48.0, 32.0, 848.0, 632.0]
[64.0, 80.0, 865.0, 681.0]
[128.0, 32.0, 930.0, 634.0]
[96.0, 96.0, 899.0, 698.0]
[48.0, 128.0, 852.0, 731.0]
[160.0, 96.0, 965.0, 700.0]
[160.0, 64.0, 966.0, 668.0]
[64.0, 16.0, 871.0, 621.0]
[176.0, 16.0, 984.0, 622.0]
[48.0, 16.0, 857.0, 623.0]
[192.0, 80.0, 1002.0, 688.0]
[128.0, 80.0, 939.0, 688.0]
[128.0, 128.0, 940.0, 737.0]
[48.0, 112.0, 861.0, 722.0]
[48.0, 48.0, 862.0, 658.0]
[96.0, 128.0, 911.0, 739.0]
[128.0, 32.0, 944.0, 644.0]
[112.0, 64.0, 929.0, 677.0]
[64.0, 64.0, 882.0, 678.0]
[64.0, 80.0, 883.0, 694.0]
[176.0, 112.0, 996.0, 727.0]
[16.0, 64.0, 837.0, 680.0]
[80.0, 112.0, 902.0, 728.0]
[80.0, 32.0, 903.0, 649.0]
[192.0, 64.0, 1016.0, 682.0]
[176.0, 16.0, 1001.0, 635.0]
[160.0, 16.0, 986.0, 636.0]
[112.0, 128.0, 939.0, 748.0]
[160.0, 64.0, 988.0, 685.0]
[80.0, 16.0, 909.0, 638.0]
[80.0, 16.0, 910.0, 638.0]
[96.0, 48.0, 927.0, 671.0]
[160.0, 112.0, 992.0, 736.0]
[144.0, 16.0, 977.0, 641.0]
[48.0, 32.0, 882.0, 658.0]
[112.0, 96.0, 947.0, 722.0]
[128.0, 96.0, 964.0, 723.0]
[112.0, 32.0, 949.0, 660.0]
[64.0, 96.0, 902.0, 724.0]
[128.0, 112.0, 967.0, 741.0]
[16.0, 64.0, 856.0, 694.0]
[0.0, 32.0, 841.0, 663.0]
[160.0, 96.0, 1002.0, 728.0]
[112.0, 0.0, 955.0, 632.0]
[48.0, 16.0, 892.0, 649.0]
[176.0, 48.0, 1021.0, 682.0]
[144.0, 112.0, 990.0, 746.0]
[16.0, 64.0, 863.0, 699.0]
[32.0, 112.0, 880.0, 748.0]
[48.0, 32.0, 897.0, 669.0]
[0.0, 64.0, 850.0, 702.0]
[32.0, 112.0, 883.0, 750.0]
[96.0, 64.0, 948.0, 703.0]
[80.0, 64.0, 933.0, 704.0]
[80.0, 64.0, 934.0, 704.0]
[32.0, 48.0, 887.0, 689.0]
[0.0, 32.0, 856.0, 674.0]
[32.0, 0.0, 889.0, 643.0]
[64.0, 16.0, 922.0, 660.0]
[16.0, 96.0, 875.0, 740.0]
[64.0, 64.0, 924.0, 709.0]
[16.0, 64.0, 877.0, 710.0]
[0.0, 96.0, 862.0, 742.0]
[48.0, 32.0, 911.0, 679.0]
[144.0, 16.0, 1008.0, 664.0]
[32.0, 96.0, 897.0, 745.0]
[144.0, 0.0, 1010.0, 650.0]
[64.0, 16.0, 931.0, 666.0]
[0.0, 64.0, 868.0, 715.0]
[16.0, 80.0, 885.0, 732.0]
[16.0, 0.0, 886.0, 652.0]
[80.0, 64.0, 951.0, 717.0]
[16.0, 0.0, 888.0, 654.0]
[144.0, 0.0, 1017.0, 655.0]
[128.0, 0.0, 1002.0, 656.0]
[128.0, 32.0, 1003.0, 688.0]
[64.0, 48.0, 940.0, 705.0]
[96.0, 16.0, 973.0, 674.0]
[16.0, 48.0, 894.0, 706.0]
[0.0, 80.0, 879.0, 739.0]
[32.0, 16.0, 912.0, 676.0]
[64.0, 0.0, 945.0, 661.0]
[96.0, 0.0, 978.0, 662.0]
[96.0, 16.0, 979.0, 678.0]
[112.0, 0.0, 996.0, 663.0]
[64.0, 48.0, 949.0, 712.0]
[128.0, 0.0, 1014.0, 664.0]
[128.0, 80.0, 1015.0, 745.0]
[32.0, 48.0, 920.0, 714.0]
[32.0, 48.0, 921.0, 715.0]
[48.0, 80.0, 938.0, 748.0]
[48.0, 48.0, 939.0, 716.0]
[32.0, 16.0, 924.0, 685.0]
[16.0, 16.0, 909.0, 686.0]
[80.0, 80.0, 974.0, 750.0]
[64.0, 16.0, 959.0, 687.0]
[112.0, 32.0, 1008.0, 704.0]
[64.0, 48.0, 961.0, 721.0]
[0.0, 64.0, 898.0, 738.0]
[80.0, 48.0, 979.0, 722.0]
[80.0, 48.0, 980.0, 723.0]
[48.0, 64.0, 949.0, 740.0]
[48.0, 32.0, 950.0, 708.0]
[80.0, 64.0, 983.0, 741.0]
[16.0, 16.0, 920.0, 694.0]
[0.0, 64.0, 905.0, 743.0]
[64.0, 32.0, 970.0, 712.0]
[48.0, 64.0, 955.0, 744.0]
[64.0, 16.0, 972.0, 697.0]
[32.0, 32.0, 941.0, 714.0]
[64.0, 64.0, 974.0, 746.0]
[0.0, 48.0, 911.0, 731.0]
[48.0, 48.0, 960.0, 732.0]
[64.0, 64.0, 977.0, 749.0]
[0.0, 32.0, 914.0, 718.0]
[32.0, 0.0, 947.0, 686.0]
[48.0, 0.0, 964.0, 687.0]
[64.0, 16.0, 981.0, 704.0]
[96.0, 16.0, 1014.0, 704.0]
[48.0, 16.0, 967.0, 705.0]
[48.0, 48.0, 968.0, 738.0]
[32.0, 48.0, 953.0, 739.0]
[64.0, 32.0, 986.0, 724.0]
[32.0, 0.0, 955.0, 692.0]
[96.0, 16.0, 1020.0, 709.0]
[96.0, 16.0, 1021.0, 710.0]
[48.0, 0.0, 974.0, 694.0]
[0.0, 48.0, 927.0, 743.0]
[32.0, 32.0, 960.0, 728.0]
[32.0, 16.0, 961.0, 713.0]
[64.0, 32.0, 994.0, 730.0]
[16.0, 16.0, 947.0, 714.0]
[16.0, 0.0, 948.0, 699.0]
[80.0, 32.0, 1013.0, 732.0]
[80.0, 16.0, 1014.0, 716.0]
[32.0, 32.0, 967.0, 733.0]
[32.0, 32.0, 968.0, 734.0]
[0.0, 16.0, 937.0, 719.0]
[80.0, 0.0, 1018.0, 704.0]
[16.0, 0.0, 955.0, 704.0]
[48.0, 0.0, 988.0, 705.0]
[32.0, 16.0, 973.0, 722.0]
[32.0, 32.0, 974.0, 738.0]
[80.0, 32.0, 1023.0, 739.0]
[32.0, 32.0, 976.0, 740.0]
[64.0, 32.0, 1009.0, 741.0]
[16.0, 32.0, 962.0, 742.0]
[64.0, 0.0, 1011.0, 710.0]
[64.0, 32.0, 1012.0, 743.0]
[0.0, 16.0, 949.0, 728.0]
[64.0, 0.0, 1014.0, 712.0]
[32.0, 32.0, 983.0, 745.0]
[0.0, 0.0, 952.0, 714.0]
[48.0, 32.0, 1001.0, 747.0]
[32.0, 0.0, 986.0, 716.0]
[0.0, 16.0, 955.0, 732.0]
[48.0, 0.0, 1004.0, 717.0]
[64.0, 16.0, 1021.0, 734.0]
[32.0, 0.0, 990.0, 718.0]
[0.0, 32.0, 959.0, 751.0]
[16.0, 0.0, 976.0, 720.0]
[0.0, 0.0, 961.0, 721.0]
[48.0, 0.0, 1010.0, 722.0]
[48.0, 16.0, 1011.0, 738.0]
[16.0, 0.0, 980.0, 723.0]
[32.0, 0.0, 997.0, 724.0]
[16.0, 16.0, 982.0, 740.0]
[32.0, 16.0, 999.0, 741.0]
[32.0, 0.0, 1000.0, 726.0]
[16.0, 16.0, 985.0, 743.0]
[0.0, 16.0, 970.0, 744.0]
[32.0, 16.0, 1003.0, 744.0]
[0.0, 16.0, 972.0, 745.0]
[48.0, 0.0, 1021.0, 730.0]
[48.0, 16.0, 1022.0, 746.0]
[48.0, 16.0, 1023.0, 747.0]
[32.0, 0.0, 1008.0, 732.0]
[32.0, 16.0, 1009.0, 749.0]
[0.0, 0.0, 978.0, 734.0]
[0.0, 0.0, 979.0, 734.0]
[16.0, 0.0, 996.0, 735.0]
[16.0, 0.0, 997.0, 736.0]
[32.0, 0.0, 1014.0, 736.0]
[32.0, 0.0, 1015.0, 737.0]
[32.0, 0.0, 1016.0, 738.0]
[0.0, 0.0, 985.0, 739.0]
[16.0, 0.0, 1002.0, 740.0]
[0.0, 0.0, 987.0, 740.0]
[0.0, 0.0, 988.0, 741.0]
[0.0, 0.0, 989.0, 742.0]
[32.0, 0.0, 1022.0, 742.0]
[32.0, 0.0, 1023.0, 743.0]
[16.0, 0.0, 1008.0, 744.0]
[16.0, 0.0, 1009.0, 745.0]
[16.0, 0.0, 1010.0, 746.0]
[16.0, 0.0, 1011.0, 746.0]
[16.0, 0.0, 1012.0, 747.0]
[16.0, 0.0, 1013.0, 748.0]
[0.0, 0.0, 998.0, 748.0]
[16.0, 0.0, 1015.0, 749.0]
[0.0, 0.0, 1000.0, 750.0]
[0.0, 0.0, 1001.0, 751.0]
