[48.0, 112.0, 765.0, 650.0]
[144.0, 32.0, 862.0, 570.0]
[80.0, 48.0, 799.0, 587.0]
[176.0, 80.0, 896.0, 620.0]
[208.0, 96.0, 929.0, 637.0]
[16.0, 112.0, 738.0, 654.0]
[192.0, 96.0, 915.0, 638.0]
[16.0, 48.0, 740.0, 591.0]
[80.0, 32.0, 805.0, 576.0]
[64.0, 112.0, 790.0, 656.0]
[128.0, 80.0, 855.0, 625.0]
[64.0, 64.0, 792.0, 610.0]
[32.0, 96.0, 761.0, 643.0]
[112.0, 128.0, 842.0, 676.0]
[112.0, 80.0, 843.0, 628.0]
[176.0, 96.0, 908.0, 645.0]
[128.0, 112.0, 861.0, 662.0]
[64.0, 128.0, 798.0, 678.0]
[112.0, 128.0, 847.0, 679.0]
[192.0, 48.0, 928.0, 600.0]
[80.0, 128.0, 817.0, 681.0]
[192.0, 48.0, 930.0, 602.0]
[80.0, 80.0, 819.0, 634.0]
[80.0, 128.0, 820.0, 683.0]
[112.0, 128.0, 853.0, 684.0]
[96.0, 112.0, 838.0, 668.0]
[48.0, 32.0, 791.0, 589.0]
[112.0, 64.0, 856.0, 622.0]
[96.0, 64.0, 841.0, 623.0]
[48.0, 16.0, 794.0, 576.0]
[176.0, 96.0, 923.0, 656.0]
[0.0, 48.0, 748.0, 609.0]
[192.0, 80.0, 941.0, 642.0]
[32.0, 80.0, 782.0, 642.0]
[144.0, 48.0, 895.0, 611.0]
[32.0, 48.0, 784.0, 612.0]
[16.0, 80.0, 769.0, 645.0]
[112.0, 80.0, 866.0, 646.0]
[160.0, 80.0, 915.0, 646.0]
[160.0, 96.0, 916.0, 663.0]
[32.0, 80.0, 789.0, 648.0]
[160.0, 80.0, 918.0, 648.0]
[80.0, 96.0, 839.0, 665.0]
[96.0, 128.0, 856.0, 698.0]
[144.0, 96.0, 905.0, 667.0]
[80.0, 0.0, 842.0, 572.0]
[176.0, 48.0, 939.0, 620.0]
[64.0, 48.0, 828.0, 621.0]
[128.0, 128.0, 893.0, 702.0]
[80.0, 48.0, 846.0, 622.0]
[96.0, 96.0, 863.0, 671.0]
[64.0, 64.0, 832.0, 640.0]
[16.0, 32.0, 785.0, 609.0]
[176.0, 80.0, 946.0, 658.0]
[160.0, 80.0, 931.0, 658.0]
[64.0, 64.0, 836.0, 643.0]
[0.0, 32.0, 773.0, 612.0]
[64.0, 64.0, 838.0, 644.0]
[48.0, 128.0, 823.0, 709.0]
[80.0, 32.0, 856.0, 614.0]
[64.0, 96.0, 841.0, 679.0]
[112.0, 80.0, 890.0, 664.0]
[32.0, 32.0, 811.0, 616.0]
[160.0, 32.0, 940.0, 617.0]
[48.0, 64.0, 829.0, 650.0]
[16.0, 16.0, 798.0, 602.0]
[96.0, 64.0, 879.0, 651.0]
[128.0, 48.0, 912.0, 636.0]
[144.0, 48.0, 929.0, 637.0]
[48.0, 0.0, 834.0, 590.0]
[32.0, 112.0, 819.0, 702.0]
[112.0, 128.0, 900.0, 719.0]
[32.0, 64.0, 821.0, 656.0]
[80.0, 64.0, 870.0, 656.0]
[16.0, 96.0, 807.0, 689.0]
[160.0, 80.0, 952.0, 674.0]
[64.0, 16.0, 857.0, 611.0]
[144.0, 32.0, 938.0, 628.0]
[112.0, 128.0, 907.0, 724.0]
[48.0, 128.0, 844.0, 725.0]
[112.0, 48.0, 909.0, 646.0]
[32.0, 48.0, 830.0, 646.0]
[144.0, 96.0, 943.0, 695.0]
[112.0, 80.0, 912.0, 680.0]
[112.0, 0.0, 913.0, 601.0]
[64.0, 64.0, 866.0, 666.0]
[144.0, 16.0, 947.0, 618.0]
[48.0, 112.0, 852.0, 715.0]
[16.0, 32.0, 821.0, 636.0]
[32.0, 96.0, 838.0, 700.0]
[0.0, 64.0, 807.0, 669.0]
[144.0, 16.0, 952.0, 622.0]
[0.0, 96.0, 809.0, 703.0]
[0.0, 96.0, 810.0, 704.0]
[128.0, 64.0, 939.0, 672.0]
[16.0, 32.0, 828.0, 641.0]
[80.0, 128.0, 893.0, 738.0]
[80.0, 128.0, 894.0, 738.0]
[112.0, 112.0, 927.0, 723.0]
[48.0, 112.0, 864.0, 724.0]
[48.0, 48.0, 865.0, 661.0]
[16.0, 80.0, 834.0, 694.0]
[0.0, 96.0, 819.0, 710.0]
[32.0, 0.0, 852.0, 615.0]
[112.0, 16.0, 933.0, 632.0]
[32.0, 96.0, 854.0, 712.0]
[0.0, 96.0, 823.0, 713.0]
[48.0, 128.0, 872.0, 746.0]
[96.0, 112.0, 921.0, 731.0]
[48.0, 64.0, 874.0, 684.0]
[0.0, 96.0, 827.0, 716.0]
[16.0, 64.0, 844.0, 685.0]
[16.0, 48.0, 845.0, 670.0]
[80.0, 96.0, 910.0, 718.0]
[48.0, 48.0, 879.0, 671.0]
[32.0, 128.0, 864.0, 752.0]
[112.0, 16.0, 945.0, 641.0]
[96.0, 48.0, 930.0, 674.0]
[48.0, 112.0, 883.0, 738.0]
[80.0, 16.0, 916.0, 643.0]
[80.0, 64.0, 917.0, 692.0]
[64.0, 48.0, 902.0, 676.0]
[48.0, 112.0, 887.0, 741.0]
[80.0, 96.0, 920.0, 726.0]
[32.0, 32.0, 873.0, 663.0]
[80.0, 32.0, 922.0, 664.0]
[64.0, 16.0, 907.0, 648.0]
[64.0, 112.0, 908.0, 745.0]
[16.0, 48.0, 861.0, 682.0]
[48.0, 16.0, 894.0, 650.0]
[96.0, 32.0, 943.0, 667.0]
[96.0, 32.0, 944.0, 668.0]
[64.0, 112.0, 913.0, 749.0]
[48.0, 128.0, 898.0, 766.0]
[48.0, 64.0, 899.0, 702.0]
[16.0, 80.0, 868.0, 719.0]
[96.0, 16.0, 949.0, 656.0]
[16.0, 112.0, 870.0, 752.0]
[80.0, 96.0, 935.0, 737.0]
[48.0, 48.0, 904.0, 690.0]
[96.0, 80.0, 953.0, 723.0]
[80.0, 32.0, 938.0, 676.0]
[64.0, 80.0, 923.0, 724.0]
[64.0, 16.0, 924.0, 661.0]
[80.0, 32.0, 941.0, 678.0]
[48.0, 48.0, 910.0, 694.0]
[0.0, 0.0, 863.0, 647.0]
[48.0, 96.0, 912.0, 744.0]
[16.0, 48.0, 881.0, 697.0]
[80.0, 32.0, 946.0, 682.0]
[0.0, 16.0, 867.0, 666.0]
[16.0, 112.0, 884.0, 763.0]
[64.0, 80.0, 933.0, 732.0]
[80.0, 64.0, 950.0, 716.0]
[64.0, 48.0, 935.0, 701.0]
[48.0, 112.0, 920.0, 766.0]
[64.0, 96.0, 937.0, 751.0]
[48.0, 112.0, 922.0, 768.0]
[32.0, 96.0, 907.0, 752.0]
[32.0, 32.0, 908.0, 689.0]
[0.0, 16.0, 877.0, 674.0]
[80.0, 80.0, 958.0, 738.0]
[32.0, 64.0, 911.0, 723.0]
[0.0, 16.0, 880.0, 676.0]
[32.0, 64.0, 913.0, 725.0]
[48.0, 0.0, 930.0, 662.0]
[0.0, 80.0, 883.0, 742.0]
[16.0, 64.0, 900.0, 727.0]
[64.0, 48.0, 949.0, 712.0]
[64.0, 0.0, 950.0, 664.0]
[32.0, 32.0, 919.0, 697.0]
[0.0, 64.0, 888.0, 730.0]
[32.0, 16.0, 921.0, 683.0]
[16.0, 16.0, 906.0, 684.0]
[16.0, 16.0, 907.0, 684.0]
[32.0, 80.0, 924.0, 749.0]
[48.0, 96.0, 941.0, 766.0]
[16.0, 96.0, 910.0, 766.0]
[0.0, 64.0, 895.0, 735.0]
[16.0, 16.0, 912.0, 688.0]
[48.0, 80.0, 945.0, 753.0]
[0.0, 80.0, 898.0, 754.0]
[0.0, 0.0, 899.0, 674.0]
[48.0, 80.0, 948.0, 755.0]
[0.0, 16.0, 901.0, 692.0]
[48.0, 80.0, 950.0, 756.0]
[32.0, 16.0, 935.0, 693.0]
[16.0, 0.0, 920.0, 678.0]
[32.0, 64.0, 937.0, 743.0]
[0.0, 80.0, 906.0, 760.0]
[16.0, 80.0, 923.0, 760.0]
[32.0, 64.0, 940.0, 745.0]
[16.0, 64.0, 925.0, 746.0]
[0.0, 48.0, 910.0, 730.0]
[32.0, 48.0, 943.0, 731.0]
[32.0, 48.0, 944.0, 732.0]
