[48.0, 128.0, 765.0, 666.0]
[48.0, 64.0, 766.0, 602.0]
[176.0, 112.0, 895.0, 651.0]
[112.0, 80.0, 832.0, 620.0]
[160.0, 96.0, 881.0, 637.0]
[176.0, 112.0, 898.0, 654.0]
[64.0, 80.0, 787.0, 622.0]
[160.0, 112.0, 884.0, 655.0]
[144.0, 64.0, 869.0, 608.0]
[160.0, 48.0, 886.0, 592.0]
[80.0, 64.0, 807.0, 609.0]
[176.0, 80.0, 904.0, 626.0]
[96.0, 80.0, 825.0, 627.0]
[176.0, 80.0, 906.0, 628.0]
[176.0, 96.0, 907.0, 644.0]
[176.0, 96.0, 908.0, 645.0]
[112.0, 80.0, 845.0, 630.0]
[112.0, 96.0, 846.0, 646.0]
[80.0, 112.0, 815.0, 663.0]
[160.0, 48.0, 896.0, 600.0]
[160.0, 32.0, 897.0, 585.0]
[80.0, 48.0, 818.0, 602.0]
[80.0, 64.0, 819.0, 618.0]
[128.0, 96.0, 868.0, 651.0]
[48.0, 80.0, 789.0, 636.0]
[112.0, 32.0, 854.0, 588.0]
[160.0, 32.0, 903.0, 589.0]
[48.0, 64.0, 792.0, 622.0]
[32.0, 96.0, 777.0, 655.0]
[80.0, 64.0, 826.0, 624.0]
[64.0, 112.0, 811.0, 672.0]
[32.0, 48.0, 780.0, 609.0]
[144.0, 80.0, 893.0, 642.0]
[96.0, 80.0, 846.0, 642.0]
[80.0, 48.0, 831.0, 611.0]
[96.0, 64.0, 848.0, 628.0]
[64.0, 112.0, 817.0, 677.0]
[96.0, 112.0, 850.0, 678.0]
[48.0, 64.0, 803.0, 630.0]
[80.0, 96.0, 836.0, 663.0]
[48.0, 64.0, 805.0, 632.0]
[128.0, 80.0, 886.0, 648.0]
[48.0, 32.0, 807.0, 601.0]
[112.0, 80.0, 872.0, 650.0]
[144.0, 32.0, 905.0, 603.0]
[112.0, 96.0, 874.0, 668.0]
[112.0, 64.0, 875.0, 636.0]
[80.0, 16.0, 844.0, 589.0]
[112.0, 32.0, 877.0, 606.0]
[32.0, 96.0, 798.0, 670.0]
[80.0, 64.0, 847.0, 639.0]
[64.0, 32.0, 832.0, 608.0]
[112.0, 80.0, 881.0, 657.0]
[96.0, 64.0, 866.0, 642.0]
[112.0, 80.0, 883.0, 658.0]
[80.0, 16.0, 852.0, 595.0]
[48.0, 80.0, 821.0, 660.0]
[112.0, 32.0, 886.0, 612.0]
[80.0, 48.0, 855.0, 629.0]
[48.0, 64.0, 824.0, 646.0]
[96.0, 80.0, 873.0, 663.0]
[80.0, 16.0, 858.0, 600.0]
[112.0, 16.0, 891.0, 600.0]
[128.0, 48.0, 908.0, 633.0]
[32.0, 48.0, 813.0, 634.0]
[96.0, 48.0, 878.0, 634.0]
[32.0, 64.0, 815.0, 651.0]
[112.0, 64.0, 896.0, 652.0]
[32.0, 16.0, 817.0, 605.0]
[96.0, 32.0, 882.0, 622.0]
[64.0, 80.0, 851.0, 670.0]
[112.0, 16.0, 900.0, 607.0]
[112.0, 32.0, 901.0, 624.0]
[112.0, 32.0, 902.0, 624.0]
[48.0, 16.0, 839.0, 609.0]
[96.0, 32.0, 888.0, 626.0]
[96.0, 16.0, 889.0, 611.0]
[64.0, 64.0, 858.0, 660.0]
[112.0, 64.0, 907.0, 660.0]
[64.0, 16.0, 860.0, 613.0]
[32.0, 16.0, 829.0, 614.0]
[32.0, 48.0, 830.0, 646.0]
[80.0, 0.0, 879.0, 599.0]
[96.0, 64.0, 896.0, 664.0]
[96.0, 16.0, 897.0, 617.0]
[96.0, 0.0, 898.0, 602.0]
[96.0, 48.0, 899.0, 650.0]
[64.0, 48.0, 868.0, 651.0]
[80.0, 64.0, 885.0, 668.0]
[96.0, 32.0, 902.0, 636.0]
[80.0, 0.0, 887.0, 605.0]
[80.0, 16.0, 888.0, 622.0]
[48.0, 64.0, 857.0, 671.0]
[96.0, 48.0, 906.0, 656.0]
[64.0, 16.0, 875.0, 624.0]
[48.0, 0.0, 860.0, 609.0]
[64.0, 0.0, 877.0, 610.0]
[80.0, 16.0, 894.0, 626.0]
[48.0, 48.0, 863.0, 659.0]
[48.0, 48.0, 864.0, 660.0]
[64.0, 48.0, 881.0, 661.0]
[64.0, 48.0, 882.0, 662.0]
[80.0, 64.0, 899.0, 678.0]
[48.0, 0.0, 868.0, 615.0]
[64.0, 32.0, 885.0, 648.0]
[48.0, 0.0, 870.0, 616.0]
[48.0, 32.0, 871.0, 649.0]
[80.0, 32.0, 904.0, 650.0]
[64.0, 16.0, 889.0, 635.0]
[48.0, 0.0, 874.0, 620.0]
[48.0, 48.0, 875.0, 668.0]
[48.0, 32.0, 876.0, 653.0]
[48.0, 48.0, 877.0, 670.0]
[64.0, 32.0, 894.0, 654.0]
[48.0, 32.0, 879.0, 655.0]
[48.0, 32.0, 880.0, 656.0]
[48.0, 48.0, 881.0, 673.0]
[48.0, 48.0, 882.0, 674.0]
[48.0, 48.0, 883.0, 674.0]
[64.0, 48.0, 900.0, 675.0]
[48.0, 0.0, 885.0, 628.0]
[64.0, 0.0, 902.0, 628.0]
[48.0, 0.0, 887.0, 629.0]
[48.0, 0.0, 888.0, 630.0]
[48.0, 0.0, 889.0, 631.0]
[48.0, 32.0, 890.0, 664.0]
[48.0, 16.0, 891.0, 648.0]
[48.0, 16.0, 892.0, 649.0]
[48.0, 32.0, 893.0, 666.0]
[48.0, 0.0, 894.0, 634.0]
[48.0, 32.0, 895.0, 667.0]
[48.0, 0.0, 896.0, 636.0]
[48.0, 16.0, 897.0, 653.0]
[48.0, 0.0, 898.0, 638.0]
[48.0, 16.0, 899.0, 654.0]
[48.0, 0.0, 900.0, 639.0]
