[144.0, 16.0, 861.0, 554.0]
[272.0, 16.0, 990.0, 554.0]
[272.0, 16.0, 991.0, 555.0]
[128.0, 0.0, 848.0, 540.0]
[128.0, 16.0, 849.0, 557.0]
[240.0, 0.0, 962.0, 542.0]
[208.0, 32.0, 931.0, 574.0]
[128.0, 0.0, 852.0, 543.0]
[112.0, 0.0, 837.0, 544.0]
[160.0, 0.0, 886.0, 544.0]
[240.0, 0.0, 967.0, 545.0]
[272.0, 0.0, 1000.0, 546.0]
[96.0, 0.0, 825.0, 547.0]
[112.0, 0.0, 842.0, 548.0]
[160.0, 0.0, 891.0, 548.0]
[240.0, 16.0, 972.0, 565.0]
[272.0, 16.0, 1005.0, 566.0]
[176.0, 16.0, 910.0, 566.0]
[208.0, 16.0, 943.0, 567.0]
[128.0, 0.0, 864.0, 552.0]
[96.0, 16.0, 833.0, 569.0]
[144.0, 0.0, 882.0, 554.0]
[96.0, 0.0, 835.0, 554.0]
[224.0, 16.0, 964.0, 571.0]
[96.0, 16.0, 837.0, 572.0]
[96.0, 0.0, 838.0, 556.0]
[272.0, 16.0, 1015.0, 573.0]
[128.0, 16.0, 872.0, 574.0]
[80.0, 16.0, 825.0, 575.0]
[112.0, 0.0, 858.0, 560.0]
[272.0, 16.0, 1019.0, 576.0]
[64.0, 0.0, 812.0, 561.0]
[192.0, 0.0, 941.0, 562.0]
[224.0, 0.0, 974.0, 562.0]
[176.0, 0.0, 927.0, 563.0]
[240.0, 0.0, 992.0, 564.0]
[128.0, 0.0, 881.0, 565.0]
[208.0, 0.0, 962.0, 566.0]
[176.0, 0.0, 931.0, 566.0]
[208.0, 0.0, 964.0, 567.0]
[112.0, 0.0, 869.0, 568.0]
[160.0, 0.0, 918.0, 568.0]
[176.0, 0.0, 935.0, 569.0]
[160.0, 0.0, 920.0, 570.0]
[64.0, 0.0, 825.0, 571.0]
[128.0, 0.0, 890.0, 572.0]
[240.0, 0.0, 1003.0, 572.0]
[240.0, 0.0, 1004.0, 573.0]
[64.0, 0.0, 829.0, 574.0]
[64.0, 0.0, 830.0, 574.0]
[176.0, 0.0, 943.0, 575.0]
[192.0, 0.0, 960.0, 576.0]
