[96.0, 128.0, 652.0, 869.0]
[96.0, 64.0, 652.0, 806.0]
[80.0, 144.0, 637.0, 887.0]
[96.0, 208.0, 654.0, 952.0]
[64.0, 64.0, 623.0, 809.0]
[32.0, 80.0, 592.0, 826.0]
[96.0, 112.0, 656.0, 859.0]
[64.0, 240.0, 625.0, 988.0]
[96.0, 208.0, 658.0, 957.0]
[64.0, 48.0, 626.0, 798.0]
[96.0, 208.0, 659.0, 959.0]
[64.0, 192.0, 628.0, 944.0]
[48.0, 64.0, 613.0, 817.0]
[16.0, 144.0, 582.0, 898.0]
[32.0, 176.0, 598.0, 931.0]
[96.0, 144.0, 663.0, 900.0]
[64.0, 64.0, 632.0, 821.0]
[48.0, 208.0, 616.0, 966.0]
[48.0, 48.0, 617.0, 807.0]
[64.0, 224.0, 634.0, 984.0]
[96.0, 224.0, 667.0, 985.0]
[48.0, 48.0, 620.0, 810.0]
[32.0, 64.0, 604.0, 827.0]
[80.0, 64.0, 653.0, 828.0]
[96.0, 48.0, 670.0, 813.0]
[48.0, 240.0, 622.0, 1006.0]
[96.0, 176.0, 671.0, 943.0]
[16.0, 64.0, 592.0, 832.0]
[64.0, 128.0, 641.0, 897.0]
[96.0, 144.0, 674.0, 914.0]
[48.0, 32.0, 626.0, 803.0]
[32.0, 240.0, 611.0, 1012.0]
[96.0, 144.0, 676.0, 917.0]
[96.0, 64.0, 676.0, 838.0]
[80.0, 160.0, 661.0, 935.0]
[80.0, 80.0, 662.0, 856.0]
[80.0, 64.0, 663.0, 841.0]
[96.0, 80.0, 680.0, 858.0]
[0.0, 96.0, 584.0, 875.0]
[80.0, 32.0, 665.0, 812.0]
[32.0, 128.0, 618.0, 909.0]
[64.0, 128.0, 650.0, 910.0]
[48.0, 64.0, 635.0, 847.0]
[32.0, 32.0, 620.0, 816.0]
[64.0, 112.0, 653.0, 897.0]
[48.0, 176.0, 638.0, 962.0]
[80.0, 192.0, 670.0, 979.0]
[0.0, 64.0, 591.0, 852.0]
[80.0, 32.0, 672.0, 821.0]
[80.0, 160.0, 672.0, 950.0]
[48.0, 48.0, 641.0, 839.0]
[48.0, 192.0, 642.0, 984.0]
[48.0, 64.0, 643.0, 857.0]
[64.0, 80.0, 660.0, 874.0]
[0.0, 192.0, 596.0, 987.0]
[64.0, 80.0, 661.0, 876.0]
[16.0, 144.0, 614.0, 941.0]
[64.0, 16.0, 662.0, 814.0]
[80.0, 128.0, 679.0, 927.0]
[16.0, 208.0, 616.0, 1008.0]
[32.0, 32.0, 633.0, 833.0]
[32.0, 144.0, 634.0, 946.0]
[16.0, 80.0, 618.0, 883.0]
[16.0, 192.0, 619.0, 996.0]
[0.0, 176.0, 604.0, 981.0]
[32.0, 144.0, 636.0, 950.0]
[16.0, 112.0, 621.0, 919.0]
[0.0, 32.0, 606.0, 840.0]
[64.0, 176.0, 671.0, 985.0]
[0.0, 32.0, 608.0, 842.0]
[16.0, 208.0, 624.0, 1019.0]
[32.0, 176.0, 641.0, 988.0]
[0.0, 144.0, 610.0, 957.0]
[0.0, 144.0, 610.0, 958.0]
[0.0, 48.0, 611.0, 863.0]
[16.0, 16.0, 628.0, 832.0]
[0.0, 16.0, 613.0, 833.0]
[16.0, 80.0, 630.0, 898.0]
[32.0, 64.0, 646.0, 883.0]
[64.0, 112.0, 679.0, 932.0]
[64.0, 144.0, 680.0, 965.0]
[64.0, 48.0, 680.0, 870.0]
[16.0, 128.0, 633.0, 951.0]
[16.0, 176.0, 634.0, 1000.0]
[16.0, 112.0, 635.0, 937.0]
[48.0, 80.0, 668.0, 906.0]
[0.0, 112.0, 620.0, 939.0]
[48.0, 112.0, 669.0, 940.0]
[0.0, 176.0, 622.0, 1005.0]
[32.0, 0.0, 654.0, 830.0]
[48.0, 144.0, 671.0, 975.0]
[0.0, 160.0, 624.0, 992.0]
[0.0, 80.0, 625.0, 913.0]
[0.0, 176.0, 626.0, 1010.0]
[0.0, 80.0, 626.0, 915.0]
[16.0, 16.0, 643.0, 852.0]
[48.0, 32.0, 676.0, 869.0]
[48.0, 32.0, 676.0, 870.0]
[48.0, 160.0, 677.0, 999.0]
[16.0, 176.0, 646.0, 1016.0]
[48.0, 112.0, 679.0, 953.0]
[32.0, 144.0, 664.0, 986.0]
[16.0, 32.0, 648.0, 875.0]
[0.0, 176.0, 633.0, 1020.0]
[16.0, 16.0, 650.0, 861.0]
[48.0, 144.0, 682.0, 990.0]
[16.0, 48.0, 651.0, 895.0]
[32.0, 176.0, 668.0, 1024.0]
[16.0, 144.0, 653.0, 993.0]
[0.0, 16.0, 638.0, 866.0]
[16.0, 32.0, 654.0, 883.0]
[16.0, 160.0, 655.0, 1012.0]
[16.0, 128.0, 656.0, 981.0]
[16.0, 80.0, 656.0, 934.0]
[0.0, 96.0, 641.0, 951.0]
[32.0, 80.0, 674.0, 936.0]
[16.0, 112.0, 659.0, 969.0]
[16.0, 128.0, 660.0, 986.0]
[0.0, 32.0, 644.0, 891.0]
[0.0, 80.0, 645.0, 940.0]
[32.0, 32.0, 678.0, 893.0]
[32.0, 32.0, 678.0, 894.0]
[0.0, 144.0, 647.0, 1007.0]
[0.0, 128.0, 648.0, 992.0]
[0.0, 128.0, 649.0, 993.0]
[16.0, 48.0, 666.0, 914.0]
[16.0, 96.0, 666.0, 963.0]
[0.0, 64.0, 651.0, 932.0]
[0.0, 64.0, 652.0, 933.0]
[0.0, 128.0, 652.0, 998.0]
[16.0, 32.0, 669.0, 903.0]
[16.0, 144.0, 670.0, 1016.0]
[0.0, 64.0, 655.0, 937.0]
[16.0, 64.0, 672.0, 938.0]
[0.0, 128.0, 656.0, 1003.0]
[0.0, 80.0, 657.0, 956.0]
[0.0, 16.0, 658.0, 893.0]
[0.0, 0.0, 658.0, 878.0]
[0.0, 80.0, 659.0, 959.0]
[16.0, 80.0, 676.0, 960.0]
[16.0, 128.0, 677.0, 1009.0]
[0.0, 80.0, 662.0, 962.0]
[0.0, 80.0, 662.0, 963.0]
[16.0, 48.0, 679.0, 932.0]
[16.0, 32.0, 680.0, 917.0]
[16.0, 128.0, 680.0, 1014.0]
[16.0, 0.0, 681.0, 887.0]
[0.0, 16.0, 666.0, 904.0]
[0.0, 112.0, 667.0, 1001.0]
[0.0, 80.0, 668.0, 970.0]
[0.0, 16.0, 668.0, 907.0]
[0.0, 128.0, 669.0, 1020.0]
[0.0, 128.0, 670.0, 1021.0]
[0.0, 64.0, 670.0, 958.0]
[0.0, 80.0, 671.0, 975.0]
[0.0, 32.0, 672.0, 928.0]
[0.0, 48.0, 673.0, 945.0]
[0.0, 48.0, 674.0, 946.0]
[0.0, 112.0, 674.0, 1011.0]
[0.0, 16.0, 675.0, 916.0]
[0.0, 112.0, 676.0, 1013.0]
[0.0, 112.0, 676.0, 1014.0]
[0.0, 96.0, 677.0, 999.0]
[0.0, 16.0, 678.0, 920.0]
[0.0, 16.0, 679.0, 921.0]
[0.0, 32.0, 680.0, 938.0]
[0.0, 16.0, 680.0, 923.0]
[0.0, 32.0, 681.0, 940.0]
[0.0, 0.0, 682.0, 909.0]
[0.0, 0.0, 682.0, 910.0]
