[80.0, 128.0, 797.0, 666.0]
[48.0, 64.0, 766.0, 602.0]
[16.0, 96.0, 735.0, 635.0]
[16.0, 96.0, 736.0, 636.0]
[80.0, 64.0, 801.0, 605.0]
[16.0, 64.0, 738.0, 606.0]
[80.0, 16.0, 803.0, 558.0]
[96.0, 64.0, 820.0, 607.0]
[64.0, 64.0, 789.0, 608.0]
[16.0, 32.0, 742.0, 576.0]
[96.0, 80.0, 823.0, 625.0]
[96.0, 80.0, 824.0, 626.0]
[64.0, 0.0, 793.0, 547.0]
[16.0, 0.0, 746.0, 548.0]
[0.0, 16.0, 731.0, 564.0]
[48.0, 32.0, 780.0, 581.0]
[64.0, 64.0, 797.0, 614.0]
[64.0, 96.0, 798.0, 646.0]
[96.0, 80.0, 831.0, 631.0]
[80.0, 96.0, 816.0, 648.0]
[96.0, 48.0, 833.0, 601.0]
[96.0, 48.0, 834.0, 602.0]
[96.0, 96.0, 835.0, 650.0]
[0.0, 32.0, 740.0, 587.0]
[64.0, 0.0, 805.0, 556.0]
[32.0, 48.0, 774.0, 604.0]
[96.0, 48.0, 839.0, 605.0]
[32.0, 16.0, 776.0, 574.0]
[96.0, 48.0, 841.0, 607.0]
[16.0, 112.0, 762.0, 672.0]
[16.0, 32.0, 763.0, 592.0]
[64.0, 96.0, 812.0, 657.0]
[48.0, 48.0, 797.0, 610.0]
[48.0, 64.0, 798.0, 626.0]
[64.0, 96.0, 815.0, 659.0]
[80.0, 32.0, 832.0, 596.0]
[64.0, 64.0, 817.0, 629.0]
[16.0, 64.0, 770.0, 630.0]
[48.0, 64.0, 803.0, 630.0]
[0.0, 16.0, 756.0, 583.0]
[32.0, 0.0, 789.0, 568.0]
[96.0, 80.0, 854.0, 648.0]
[48.0, 80.0, 807.0, 649.0]
[32.0, 48.0, 792.0, 618.0]
[16.0, 112.0, 777.0, 683.0]
[80.0, 96.0, 842.0, 668.0]
[48.0, 80.0, 811.0, 652.0]
[96.0, 80.0, 860.0, 653.0]
[96.0, 32.0, 861.0, 606.0]
[32.0, 80.0, 798.0, 654.0]
[48.0, 48.0, 815.0, 623.0]
[80.0, 96.0, 848.0, 672.0]
[32.0, 16.0, 801.0, 593.0]
[48.0, 32.0, 818.0, 610.0]
[32.0, 48.0, 803.0, 626.0]
[16.0, 48.0, 788.0, 627.0]
[32.0, 32.0, 805.0, 612.0]
[96.0, 32.0, 870.0, 612.0]
[64.0, 64.0, 839.0, 645.0]
[64.0, 80.0, 840.0, 662.0]
[64.0, 0.0, 841.0, 583.0]
[16.0, 0.0, 794.0, 584.0]
[32.0, 32.0, 811.0, 616.0]
[48.0, 0.0, 828.0, 585.0]
[0.0, 80.0, 781.0, 666.0]
[80.0, 32.0, 862.0, 618.0]
[16.0, 64.0, 799.0, 651.0]
[64.0, 80.0, 848.0, 668.0]
[64.0, 16.0, 849.0, 605.0]
[80.0, 64.0, 866.0, 654.0]
[80.0, 80.0, 867.0, 670.0]
[96.0, 48.0, 884.0, 639.0]
[64.0, 64.0, 853.0, 656.0]
[64.0, 64.0, 854.0, 656.0]
[64.0, 80.0, 855.0, 673.0]
[80.0, 80.0, 872.0, 674.0]
[48.0, 0.0, 841.0, 595.0]
[48.0, 80.0, 842.0, 676.0]
[80.0, 64.0, 875.0, 660.0]
[0.0, 16.0, 796.0, 613.0]
[64.0, 80.0, 861.0, 678.0]
[80.0, 48.0, 878.0, 646.0]
[96.0, 32.0, 895.0, 631.0]
[16.0, 0.0, 816.0, 600.0]
[0.0, 64.0, 801.0, 665.0]
[48.0, 48.0, 850.0, 650.0]
[80.0, 48.0, 883.0, 650.0]
[0.0, 16.0, 804.0, 619.0]
[16.0, 48.0, 821.0, 652.0]
[64.0, 32.0, 870.0, 636.0]
[0.0, 0.0, 807.0, 605.0]
[64.0, 0.0, 872.0, 606.0]
[32.0, 64.0, 841.0, 671.0]
[0.0, 32.0, 810.0, 640.0]
[80.0, 48.0, 891.0, 656.0]
[64.0, 0.0, 876.0, 609.0]
[32.0, 0.0, 845.0, 610.0]
[80.0, 16.0, 894.0, 626.0]
[16.0, 0.0, 831.0, 611.0]
[64.0, 64.0, 880.0, 676.0]
[48.0, 64.0, 865.0, 677.0]
[48.0, 16.0, 866.0, 630.0]
[64.0, 48.0, 883.0, 662.0]
[0.0, 64.0, 820.0, 679.0]
[96.0, 32.0, 917.0, 648.0]
[80.0, 16.0, 902.0, 632.0]
[48.0, 32.0, 871.0, 649.0]
[48.0, 16.0, 872.0, 634.0]
[32.0, 64.0, 857.0, 683.0]
[48.0, 0.0, 874.0, 620.0]
[80.0, 48.0, 907.0, 668.0]
[48.0, 16.0, 876.0, 637.0]
[48.0, 16.0, 877.0, 638.0]
[0.0, 0.0, 830.0, 622.0]
[48.0, 48.0, 879.0, 671.0]
[16.0, 48.0, 848.0, 672.0]
[80.0, 32.0, 913.0, 657.0]
[80.0, 16.0, 914.0, 642.0]
[32.0, 16.0, 867.0, 642.0]
[48.0, 16.0, 884.0, 643.0]
[0.0, 48.0, 837.0, 676.0]
[16.0, 32.0, 854.0, 660.0]
[64.0, 48.0, 903.0, 677.0]
[16.0, 0.0, 856.0, 630.0]
[64.0, 48.0, 905.0, 679.0]
[32.0, 48.0, 874.0, 680.0]
[64.0, 32.0, 907.0, 664.0]
[48.0, 16.0, 892.0, 649.0]
[32.0, 32.0, 877.0, 666.0]
[64.0, 48.0, 910.0, 682.0]
[48.0, 16.0, 895.0, 651.0]
[48.0, 32.0, 896.0, 668.0]
[0.0, 16.0, 849.0, 653.0]
[32.0, 0.0, 882.0, 638.0]
[80.0, 16.0, 931.0, 654.0]
[16.0, 16.0, 868.0, 655.0]
[0.0, 0.0, 853.0, 640.0]
[80.0, 32.0, 934.0, 672.0]
[32.0, 32.0, 887.0, 673.0]
[64.0, 0.0, 920.0, 642.0]
[48.0, 16.0, 905.0, 659.0]
[80.0, 16.0, 938.0, 660.0]
[64.0, 32.0, 923.0, 676.0]
[64.0, 16.0, 924.0, 661.0]
[48.0, 16.0, 909.0, 662.0]
[48.0, 0.0, 910.0, 646.0]
[48.0, 16.0, 911.0, 663.0]
[16.0, 0.0, 880.0, 648.0]
[16.0, 32.0, 881.0, 681.0]
[0.0, 16.0, 866.0, 666.0]
[16.0, 16.0, 883.0, 666.0]
[48.0, 16.0, 916.0, 667.0]
[48.0, 16.0, 917.0, 668.0]
[48.0, 16.0, 918.0, 668.0]
[0.0, 0.0, 871.0, 653.0]
[0.0, 0.0, 872.0, 654.0]
[64.0, 0.0, 937.0, 655.0]
[48.0, 16.0, 922.0, 672.0]
[16.0, 0.0, 891.0, 656.0]
[16.0, 0.0, 892.0, 657.0]
[48.0, 16.0, 925.0, 674.0]
[0.0, 0.0, 878.0, 658.0]
[0.0, 0.0, 879.0, 659.0]
[0.0, 0.0, 880.0, 660.0]
[0.0, 16.0, 881.0, 677.0]
[16.0, 0.0, 898.0, 662.0]
[48.0, 0.0, 931.0, 662.0]
[32.0, 16.0, 916.0, 679.0]
[0.0, 0.0, 885.0, 664.0]
[32.0, 16.0, 918.0, 680.0]
[48.0, 16.0, 935.0, 681.0]
[16.0, 16.0, 904.0, 682.0]
[16.0, 0.0, 905.0, 667.0]
[32.0, 0.0, 922.0, 668.0]
[0.0, 0.0, 891.0, 668.0]
[48.0, 0.0, 940.0, 669.0]
[0.0, 0.0, 893.0, 670.0]
[16.0, 0.0, 910.0, 670.0]
[16.0, 0.0, 911.0, 671.0]
[32.0, 0.0, 928.0, 672.0]
[32.0, 0.0, 929.0, 673.0]
[0.0, 0.0, 898.0, 674.0]
[0.0, 0.0, 899.0, 674.0]
[0.0, 0.0, 900.0, 675.0]
[0.0, 0.0, 901.0, 676.0]
[16.0, 0.0, 918.0, 676.0]
