[64.0, 128.0, 602.0, 845.0]
[96.0, 32.0, 634.0, 750.0]
[48.0, 224.0, 587.0, 943.0]
[16.0, 128.0, 556.0, 848.0]
[96.0, 112.0, 637.0, 833.0]
[32.0, 144.0, 574.0, 866.0]
[64.0, 160.0, 606.0, 883.0]
[80.0, 64.0, 623.0, 788.0]
[0.0, 32.0, 544.0, 757.0]
[48.0, 64.0, 592.0, 790.0]
[96.0, 96.0, 641.0, 823.0]
[48.0, 80.0, 594.0, 808.0]
[64.0, 128.0, 611.0, 857.0]
[32.0, 208.0, 580.0, 938.0]
[48.0, 160.0, 596.0, 891.0]
[16.0, 176.0, 565.0, 908.0]
[96.0, 96.0, 646.0, 829.0]
[48.0, 112.0, 598.0, 846.0]
[80.0, 96.0, 631.0, 831.0]
[96.0, 32.0, 648.0, 768.0]
[48.0, 144.0, 601.0, 881.0]
[32.0, 128.0, 586.0, 866.0]
[80.0, 144.0, 634.0, 883.0]
[32.0, 80.0, 587.0, 820.0]
[32.0, 224.0, 588.0, 965.0]
[80.0, 160.0, 636.0, 902.0]
[96.0, 64.0, 653.0, 807.0]
[96.0, 96.0, 654.0, 840.0]
[0.0, 96.0, 559.0, 841.0]
[80.0, 16.0, 640.0, 762.0]
[96.0, 48.0, 656.0, 795.0]
[64.0, 192.0, 625.0, 940.0]
[0.0, 96.0, 562.0, 845.0]
[48.0, 144.0, 610.0, 894.0]
[48.0, 80.0, 611.0, 831.0]
[64.0, 192.0, 628.0, 944.0]
[48.0, 32.0, 613.0, 785.0]
[64.0, 144.0, 630.0, 898.0]
[0.0, 176.0, 566.0, 931.0]
[96.0, 128.0, 663.0, 884.0]
[32.0, 224.0, 600.0, 981.0]
[32.0, 128.0, 600.0, 886.0]
[32.0, 0.0, 601.0, 759.0]
[0.0, 64.0, 570.0, 824.0]
[96.0, 112.0, 667.0, 873.0]
[16.0, 0.0, 588.0, 762.0]
[32.0, 80.0, 604.0, 843.0]
[32.0, 208.0, 605.0, 972.0]
[48.0, 32.0, 622.0, 797.0]
[16.0, 0.0, 590.0, 766.0]
[0.0, 160.0, 575.0, 927.0]
[96.0, 64.0, 672.0, 832.0]
[32.0, 160.0, 609.0, 929.0]
[16.0, 112.0, 594.0, 882.0]
[96.0, 128.0, 674.0, 899.0]
[64.0, 48.0, 643.0, 820.0]
[0.0, 144.0, 580.0, 917.0]
[64.0, 144.0, 644.0, 918.0]
[16.0, 96.0, 597.0, 871.0]
[48.0, 48.0, 630.0, 824.0]
[16.0, 192.0, 599.0, 969.0]
[48.0, 32.0, 632.0, 810.0]
[64.0, 64.0, 648.0, 843.0]
[16.0, 48.0, 601.0, 828.0]
[48.0, 176.0, 634.0, 957.0]
[32.0, 96.0, 618.0, 878.0]
[32.0, 80.0, 619.0, 863.0]
[64.0, 112.0, 652.0, 896.0]
[0.0, 128.0, 589.0, 913.0]
[96.0, 80.0, 686.0, 866.0]
[32.0, 16.0, 622.0, 803.0]
[48.0, 16.0, 639.0, 804.0]
[16.0, 16.0, 608.0, 805.0]
[80.0, 64.0, 672.0, 854.0]
[16.0, 0.0, 609.0, 791.0]
[64.0, 48.0, 658.0, 840.0]
[64.0, 128.0, 659.0, 921.0]
[0.0, 48.0, 596.0, 842.0]
[64.0, 16.0, 660.0, 811.0]
[16.0, 112.0, 613.0, 908.0]
[0.0, 64.0, 598.0, 861.0]
[32.0, 32.0, 630.0, 830.0]
[96.0, 112.0, 695.0, 911.0]
[32.0, 128.0, 632.0, 928.0]
[16.0, 0.0, 617.0, 801.0]
[16.0, 128.0, 618.0, 930.0]
[64.0, 112.0, 666.0, 915.0]
[96.0, 48.0, 699.0, 852.0]
[16.0, 128.0, 620.0, 933.0]
[80.0, 112.0, 684.0, 918.0]
[48.0, 128.0, 653.0, 935.0]
[64.0, 80.0, 670.0, 888.0]
[80.0, 32.0, 687.0, 841.0]
[32.0, 64.0, 640.0, 874.0]
[16.0, 64.0, 624.0, 875.0]
[48.0, 96.0, 657.0, 908.0]
[48.0, 144.0, 658.0, 957.0]
[48.0, 48.0, 658.0, 862.0]
[64.0, 128.0, 675.0, 943.0]
[32.0, 48.0, 644.0, 864.0]
[32.0, 144.0, 645.0, 961.0]
[0.0, 0.0, 614.0, 818.0]
[16.0, 176.0, 630.0, 995.0]
[0.0, 16.0, 615.0, 836.0]
[16.0, 32.0, 632.0, 853.0]
[16.0, 112.0, 632.0, 934.0]
[16.0, 96.0, 633.0, 919.0]
[48.0, 0.0, 666.0, 824.0]
[80.0, 112.0, 699.0, 937.0]
[32.0, 160.0, 652.0, 986.0]
[16.0, 80.0, 636.0, 907.0]
[16.0, 48.0, 637.0, 876.0]
[16.0, 0.0, 638.0, 829.0]
[80.0, 48.0, 702.0, 878.0]
[32.0, 16.0, 655.0, 847.0]
[32.0, 128.0, 656.0, 960.0]
[64.0, 96.0, 689.0, 929.0]
[16.0, 96.0, 642.0, 930.0]
[48.0, 64.0, 674.0, 899.0]
[80.0, 64.0, 707.0, 900.0]
[96.0, 48.0, 724.0, 885.0]
[48.0, 128.0, 676.0, 966.0]
[0.0, 16.0, 629.0, 855.0]
[0.0, 144.0, 630.0, 984.0]
[48.0, 48.0, 679.0, 889.0]
[32.0, 128.0, 664.0, 970.0]
[16.0, 96.0, 648.0, 939.0]
[80.0, 80.0, 713.0, 924.0]
[48.0, 128.0, 682.0, 973.0]
[32.0, 160.0, 666.0, 1006.0]
[32.0, 112.0, 667.0, 959.0]
[48.0, 0.0, 684.0, 848.0]
[16.0, 48.0, 653.0, 897.0]
[16.0, 80.0, 654.0, 930.0]
[16.0, 96.0, 654.0, 947.0]
[64.0, 16.0, 703.0, 868.0]
[80.0, 16.0, 720.0, 869.0]
[64.0, 0.0, 704.0, 854.0]
[64.0, 48.0, 705.0, 903.0]
[16.0, 16.0, 658.0, 872.0]
[48.0, 0.0, 691.0, 857.0]
[32.0, 64.0, 676.0, 922.0]
[48.0, 80.0, 692.0, 939.0]
[16.0, 96.0, 661.0, 956.0]
[0.0, 80.0, 646.0, 941.0]
[0.0, 0.0, 646.0, 862.0]
[32.0, 64.0, 679.0, 927.0]
[16.0, 32.0, 664.0, 896.0]
[0.0, 0.0, 649.0, 865.0]
[80.0, 32.0, 730.0, 898.0]
[64.0, 48.0, 714.0, 915.0]
[0.0, 16.0, 651.0, 884.0]
[32.0, 96.0, 684.0, 965.0]
[80.0, 64.0, 732.0, 934.0]
[0.0, 48.0, 653.0, 919.0]
[32.0, 112.0, 686.0, 984.0]
[0.0, 48.0, 655.0, 921.0]
[48.0, 80.0, 704.0, 954.0]
[32.0, 16.0, 688.0, 891.0]
[32.0, 64.0, 689.0, 940.0]
[16.0, 112.0, 674.0, 989.0]
[0.0, 32.0, 658.0, 910.0]
[80.0, 48.0, 739.0, 927.0]
[0.0, 16.0, 660.0, 896.0]
[32.0, 80.0, 693.0, 961.0]
[0.0, 32.0, 662.0, 914.0]
[0.0, 0.0, 662.0, 883.0]
[32.0, 112.0, 695.0, 996.0]
[80.0, 48.0, 744.0, 933.0]
[0.0, 64.0, 664.0, 950.0]
[64.0, 64.0, 729.0, 951.0]
[64.0, 32.0, 730.0, 920.0]
[48.0, 64.0, 715.0, 953.0]
[80.0, 48.0, 748.0, 938.0]
[48.0, 0.0, 716.0, 891.0]
[0.0, 32.0, 669.0, 924.0]
[32.0, 32.0, 702.0, 925.0]
[32.0, 96.0, 702.0, 990.0]
[64.0, 0.0, 735.0, 895.0]
[16.0, 32.0, 688.0, 928.0]
[32.0, 96.0, 705.0, 993.0]
[48.0, 80.0, 722.0, 978.0]
[32.0, 16.0, 706.0, 915.0]
[48.0, 32.0, 723.0, 932.0]
[0.0, 48.0, 676.0, 949.0]
[32.0, 32.0, 708.0, 934.0]
[16.0, 48.0, 693.0, 951.0]
[16.0, 48.0, 694.0, 952.0]
[48.0, 0.0, 727.0, 905.0]
[16.0, 0.0, 696.0, 906.0]
[48.0, 32.0, 728.0, 939.0]
[0.0, 64.0, 681.0, 972.0]
[48.0, 48.0, 730.0, 957.0]
[0.0, 16.0, 682.0, 926.0]
[16.0, 96.0, 699.0, 1007.0]
[16.0, 80.0, 700.0, 992.0]
[0.0, 16.0, 685.0, 929.0]
[48.0, 48.0, 734.0, 962.0]
[32.0, 48.0, 718.0, 963.0]
[0.0, 64.0, 687.0, 980.0]
[16.0, 0.0, 704.0, 917.0]
[64.0, 0.0, 752.0, 918.0]
[16.0, 64.0, 705.0, 983.0]
[16.0, 16.0, 706.0, 936.0]
[16.0, 16.0, 707.0, 937.0]
[32.0, 64.0, 724.0, 986.0]
[48.0, 16.0, 740.0, 939.0]
[0.0, 16.0, 693.0, 940.0]
[32.0, 0.0, 726.0, 925.0]
[16.0, 0.0, 710.0, 926.0]
[48.0, 48.0, 743.0, 975.0]
[16.0, 80.0, 712.0, 1008.0]
[16.0, 80.0, 713.0, 1009.0]
[0.0, 64.0, 698.0, 994.0]
[0.0, 16.0, 698.0, 947.0]
[32.0, 0.0, 731.0, 932.0]
[32.0, 16.0, 732.0, 949.0]
[48.0, 48.0, 748.0, 982.0]
[32.0, 0.0, 733.0, 935.0]
[48.0, 32.0, 750.0, 968.0]
[48.0, 32.0, 751.0, 969.0]
[32.0, 64.0, 736.0, 1002.0]
[48.0, 48.0, 752.0, 987.0]
[16.0, 16.0, 721.0, 956.0]
[48.0, 16.0, 754.0, 957.0]
[0.0, 16.0, 706.0, 958.0]
[0.0, 0.0, 707.0, 943.0]
[0.0, 48.0, 708.0, 992.0]
[32.0, 16.0, 741.0, 961.0]
[16.0, 32.0, 726.0, 978.0]
[32.0, 16.0, 742.0, 963.0]
[0.0, 48.0, 711.0, 996.0]
[0.0, 48.0, 712.0, 997.0]
[16.0, 0.0, 728.0, 950.0]
[16.0, 0.0, 729.0, 951.0]
[0.0, 32.0, 714.0, 984.0]
[16.0, 32.0, 731.0, 985.0]
[16.0, 32.0, 732.0, 986.0]
[32.0, 32.0, 748.0, 987.0]
[16.0, 48.0, 733.0, 1004.0]
[16.0, 0.0, 734.0, 957.0]
[32.0, 0.0, 750.0, 958.0]
[16.0, 16.0, 735.0, 975.0]
[16.0, 0.0, 736.0, 960.0]
[16.0, 48.0, 737.0, 1009.0]
[32.0, 32.0, 754.0, 994.0]
[16.0, 0.0, 738.0, 963.0]
[32.0, 16.0, 755.0, 980.0]
[32.0, 0.0, 756.0, 965.0]
[16.0, 16.0, 740.0, 982.0]
[0.0, 0.0, 725.0, 967.0]
