[80.0, 144.0, 618.0, 861.0]
[80.0, 112.0, 618.0, 830.0]
[16.0, 64.0, 555.0, 783.0]
[144.0, 48.0, 684.0, 768.0]
[16.0, 16.0, 557.0, 737.0]
[16.0, 16.0, 558.0, 738.0]
[80.0, 16.0, 622.0, 739.0]
[64.0, 80.0, 607.0, 804.0]
[64.0, 16.0, 608.0, 741.0]
[16.0, 80.0, 560.0, 806.0]
[48.0, 16.0, 593.0, 743.0]
[16.0, 80.0, 562.0, 808.0]
[16.0, 64.0, 563.0, 793.0]
[32.0, 80.0, 580.0, 810.0]
[80.0, 48.0, 628.0, 779.0]
[96.0, 128.0, 645.0, 860.0]
[16.0, 80.0, 566.0, 813.0]
[0.0, 80.0, 550.0, 814.0]
[96.0, 112.0, 647.0, 847.0]
[80.0, 0.0, 632.0, 736.0]
[48.0, 64.0, 601.0, 801.0]
[64.0, 16.0, 618.0, 754.0]
[80.0, 32.0, 634.0, 771.0]
[96.0, 112.0, 651.0, 852.0]
[112.0, 32.0, 668.0, 773.0]
[32.0, 80.0, 588.0, 822.0]
[112.0, 32.0, 669.0, 775.0]
[80.0, 32.0, 638.0, 776.0]
[48.0, 16.0, 607.0, 761.0]
[32.0, 0.0, 592.0, 746.0]
[64.0, 32.0, 624.0, 779.0]
[64.0, 96.0, 625.0, 844.0]
[96.0, 80.0, 658.0, 829.0]
[0.0, 96.0, 562.0, 846.0]
[16.0, 16.0, 579.0, 767.0]
[112.0, 48.0, 676.0, 800.0]
[0.0, 32.0, 565.0, 785.0]
[0.0, 0.0, 566.0, 754.0]
[64.0, 128.0, 630.0, 883.0]
[64.0, 16.0, 631.0, 772.0]
[48.0, 112.0, 616.0, 869.0]
[16.0, 64.0, 584.0, 822.0]
[32.0, 64.0, 601.0, 823.0]
[16.0, 80.0, 586.0, 840.0]
[16.0, 80.0, 587.0, 841.0]
[16.0, 16.0, 588.0, 778.0]
[80.0, 128.0, 652.0, 891.0]
[80.0, 112.0, 653.0, 876.0]
[16.0, 16.0, 590.0, 781.0]
[96.0, 64.0, 670.0, 830.0]
[16.0, 128.0, 591.0, 895.0]
[16.0, 80.0, 592.0, 848.0]
[96.0, 96.0, 673.0, 865.0]
[64.0, 112.0, 642.0, 882.0]
[48.0, 16.0, 626.0, 787.0]
[96.0, 80.0, 675.0, 852.0]
[16.0, 96.0, 596.0, 869.0]
[32.0, 128.0, 612.0, 902.0]
[16.0, 128.0, 597.0, 903.0]
[16.0, 32.0, 598.0, 808.0]
[64.0, 32.0, 647.0, 809.0]
[64.0, 64.0, 648.0, 842.0]
[48.0, 80.0, 632.0, 859.0]
[0.0, 0.0, 585.0, 780.0]
[48.0, 64.0, 634.0, 845.0]
[0.0, 32.0, 586.0, 814.0]
[16.0, 0.0, 603.0, 783.0]
[32.0, 112.0, 620.0, 896.0]
[16.0, 16.0, 605.0, 801.0]
[48.0, 16.0, 638.0, 802.0]
[80.0, 96.0, 670.0, 883.0]
[48.0, 112.0, 639.0, 900.0]
[64.0, 112.0, 656.0, 901.0]
[32.0, 112.0, 624.0, 902.0]
[48.0, 96.0, 641.0, 887.0]
[32.0, 144.0, 626.0, 936.0]
[0.0, 32.0, 595.0, 825.0]
[32.0, 16.0, 628.0, 810.0]
[16.0, 80.0, 612.0, 875.0]
[48.0, 144.0, 645.0, 940.0]
[48.0, 96.0, 646.0, 893.0]
[80.0, 64.0, 678.0, 862.0]
[64.0, 128.0, 663.0, 927.0]
[64.0, 80.0, 664.0, 880.0]
[32.0, 32.0, 633.0, 833.0]
[0.0, 96.0, 602.0, 898.0]
[16.0, 48.0, 618.0, 851.0]
[0.0, 96.0, 603.0, 900.0]
[48.0, 64.0, 652.0, 869.0]
[64.0, 64.0, 668.0, 870.0]
[0.0, 80.0, 605.0, 887.0]
[64.0, 0.0, 670.0, 808.0]
[32.0, 80.0, 639.0, 889.0]
[48.0, 48.0, 656.0, 858.0]
[0.0, 32.0, 608.0, 843.0]
[32.0, 128.0, 641.0, 940.0]
[64.0, 48.0, 674.0, 861.0]
[48.0, 80.0, 658.0, 894.0]
[64.0, 0.0, 675.0, 815.0]
[0.0, 96.0, 612.0, 912.0]
[48.0, 16.0, 661.0, 833.0]
[16.0, 96.0, 630.0, 914.0]
[16.0, 16.0, 630.0, 835.0]
[16.0, 64.0, 631.0, 884.0]
[0.0, 48.0, 616.0, 869.0]
[32.0, 96.0, 648.0, 918.0]
[64.0, 80.0, 681.0, 903.0]
[16.0, 16.0, 634.0, 840.0]
[32.0, 64.0, 651.0, 889.0]
[32.0, 112.0, 652.0, 938.0]
[48.0, 32.0, 668.0, 859.0]
[0.0, 64.0, 621.0, 892.0]
[0.0, 0.0, 622.0, 829.0]
[0.0, 48.0, 622.0, 878.0]
[48.0, 112.0, 671.0, 943.0]
[0.0, 112.0, 624.0, 944.0]
[48.0, 96.0, 673.0, 929.0]
[48.0, 128.0, 674.0, 962.0]
[32.0, 112.0, 658.0, 947.0]
[32.0, 16.0, 659.0, 852.0]
[32.0, 0.0, 660.0, 837.0]
[16.0, 112.0, 644.0, 950.0]
[16.0, 48.0, 645.0, 887.0]
[48.0, 80.0, 678.0, 920.0]
[48.0, 32.0, 679.0, 873.0]
[0.0, 96.0, 632.0, 938.0]
[48.0, 96.0, 680.0, 939.0]
[16.0, 48.0, 649.0, 892.0]
[0.0, 0.0, 634.0, 845.0]
[16.0, 80.0, 650.0, 926.0]
[48.0, 80.0, 683.0, 927.0]
[16.0, 48.0, 652.0, 896.0]
[16.0, 64.0, 653.0, 913.0]
[32.0, 0.0, 670.0, 850.0]
[0.0, 64.0, 638.0, 915.0]
[32.0, 48.0, 671.0, 900.0]
[32.0, 80.0, 672.0, 933.0]
[0.0, 64.0, 640.0, 918.0]
[32.0, 128.0, 673.0, 983.0]
[16.0, 128.0, 658.0, 984.0]
[16.0, 48.0, 659.0, 905.0]
[32.0, 80.0, 676.0, 938.0]
[32.0, 112.0, 676.0, 971.0]
[32.0, 112.0, 677.0, 972.0]
[16.0, 64.0, 662.0, 925.0]
[32.0, 96.0, 678.0, 958.0]
[16.0, 0.0, 663.0, 863.0]
[16.0, 0.0, 664.0, 864.0]
[0.0, 32.0, 649.0, 897.0]
[16.0, 0.0, 666.0, 866.0]
[0.0, 16.0, 650.0, 883.0]
[16.0, 96.0, 667.0, 964.0]
[0.0, 80.0, 652.0, 949.0]
[0.0, 64.0, 652.0, 934.0]
[16.0, 112.0, 669.0, 983.0]
[0.0, 16.0, 654.0, 888.0]
[16.0, 48.0, 671.0, 921.0]
[16.0, 48.0, 672.0, 922.0]
[16.0, 48.0, 672.0, 923.0]
[16.0, 32.0, 673.0, 908.0]
[0.0, 80.0, 658.0, 957.0]
[0.0, 16.0, 658.0, 894.0]
[0.0, 0.0, 659.0, 879.0]
[16.0, 96.0, 676.0, 976.0]
[0.0, 16.0, 661.0, 897.0]
[0.0, 16.0, 662.0, 898.0]
[16.0, 64.0, 678.0, 947.0]
[16.0, 48.0, 679.0, 932.0]
[16.0, 64.0, 680.0, 949.0]
[16.0, 32.0, 680.0, 918.0]
[16.0, 16.0, 681.0, 903.0]
[0.0, 48.0, 666.0, 936.0]
[16.0, 16.0, 683.0, 905.0]
[0.0, 0.0, 668.0, 890.0]
[0.0, 80.0, 668.0, 971.0]
[0.0, 48.0, 669.0, 940.0]
[0.0, 64.0, 670.0, 957.0]
[0.0, 0.0, 670.0, 894.0]
[0.0, 0.0, 671.0, 895.0]
[0.0, 16.0, 672.0, 912.0]
[0.0, 96.0, 673.0, 993.0]
[0.0, 32.0, 674.0, 930.0]
[0.0, 16.0, 674.0, 915.0]
[0.0, 80.0, 675.0, 980.0]
[0.0, 80.0, 676.0, 981.0]
[0.0, 32.0, 676.0, 934.0]
[0.0, 64.0, 677.0, 967.0]
[0.0, 0.0, 678.0, 904.0]
[0.0, 48.0, 679.0, 953.0]
[0.0, 80.0, 680.0, 986.0]
[0.0, 64.0, 680.0, 971.0]
[0.0, 0.0, 681.0, 908.0]
[0.0, 80.0, 682.0, 989.0]
[0.0, 0.0, 682.0, 910.0]
[0.0, 16.0, 683.0, 927.0]
[0.0, 0.0, 684.0, 912.0]
