[16.0, 0.0, 733.0, 538.0]
[192.0, 48.0, 910.0, 586.0]
[160.0, 0.0, 879.0, 539.0]
[16.0, 48.0, 736.0, 588.0]
[96.0, 96.0, 817.0, 637.0]
[160.0, 32.0, 882.0, 574.0]
[32.0, 32.0, 755.0, 574.0]
[48.0, 48.0, 772.0, 591.0]
[80.0, 32.0, 805.0, 576.0]
[32.0, 16.0, 758.0, 560.0]
[64.0, 64.0, 791.0, 609.0]
[128.0, 0.0, 856.0, 546.0]
[64.0, 80.0, 793.0, 627.0]
[16.0, 48.0, 746.0, 596.0]
[176.0, 0.0, 907.0, 548.0]
[96.0, 48.0, 828.0, 597.0]
[80.0, 48.0, 813.0, 598.0]
[48.0, 0.0, 782.0, 550.0]
[48.0, 32.0, 783.0, 583.0]
[112.0, 64.0, 848.0, 616.0]
[160.0, 16.0, 897.0, 569.0]
[176.0, 32.0, 914.0, 586.0]
[160.0, 64.0, 899.0, 618.0]
[192.0, 16.0, 932.0, 571.0]
[48.0, 48.0, 789.0, 604.0]
[48.0, 0.0, 790.0, 556.0]
[112.0, 64.0, 855.0, 621.0]
[160.0, 64.0, 904.0, 622.0]
[32.0, 0.0, 777.0, 559.0]
[16.0, 16.0, 762.0, 576.0]
[112.0, 48.0, 859.0, 608.0]
[32.0, 16.0, 780.0, 577.0]
[96.0, 32.0, 845.0, 594.0]
[160.0, 16.0, 910.0, 578.0]
[48.0, 64.0, 799.0, 627.0]
[0.0, 32.0, 752.0, 596.0]
[80.0, 0.0, 833.0, 565.0]
[64.0, 32.0, 818.0, 598.0]
[64.0, 0.0, 819.0, 566.0]
[80.0, 16.0, 836.0, 583.0]
[48.0, 48.0, 805.0, 616.0]
[176.0, 0.0, 934.0, 568.0]
[128.0, 0.0, 887.0, 569.0]
[144.0, 32.0, 904.0, 602.0]
[64.0, 32.0, 825.0, 603.0]
[144.0, 48.0, 906.0, 620.0]
[96.0, 64.0, 859.0, 636.0]
[16.0, 16.0, 780.0, 589.0]
[64.0, 48.0, 829.0, 622.0]
[96.0, 32.0, 862.0, 606.0]
[128.0, 64.0, 895.0, 639.0]
[32.0, 0.0, 800.0, 576.0]
[80.0, 48.0, 849.0, 625.0]
[96.0, 32.0, 866.0, 610.0]
[112.0, 16.0, 883.0, 594.0]
[16.0, 48.0, 788.0, 627.0]
[112.0, 48.0, 885.0, 628.0]
[128.0, 0.0, 902.0, 580.0]
[48.0, 0.0, 823.0, 581.0]
[144.0, 0.0, 920.0, 582.0]
[96.0, 48.0, 873.0, 631.0]
[80.0, 32.0, 858.0, 616.0]
[64.0, 0.0, 843.0, 584.0]
[80.0, 16.0, 860.0, 601.0]
[128.0, 16.0, 909.0, 602.0]
[32.0, 16.0, 814.0, 602.0]
[144.0, 32.0, 927.0, 619.0]
[48.0, 48.0, 832.0, 636.0]
[48.0, 48.0, 833.0, 637.0]
[144.0, 32.0, 930.0, 622.0]
[16.0, 32.0, 803.0, 622.0]
[96.0, 16.0, 884.0, 607.0]
[128.0, 32.0, 917.0, 624.0]
[32.0, 0.0, 822.0, 592.0]
[32.0, 48.0, 823.0, 641.0]
[160.0, 32.0, 952.0, 626.0]
[16.0, 0.0, 809.0, 595.0]
[160.0, 16.0, 954.0, 612.0]
[80.0, 16.0, 875.0, 612.0]
[80.0, 0.0, 876.0, 597.0]
[96.0, 0.0, 893.0, 598.0]
[48.0, 32.0, 846.0, 630.0]
[48.0, 32.0, 847.0, 631.0]
[144.0, 32.0, 944.0, 632.0]
[16.0, 32.0, 817.0, 633.0]
[128.0, 0.0, 930.0, 602.0]
[48.0, 0.0, 851.0, 602.0]
[128.0, 32.0, 932.0, 635.0]
[48.0, 16.0, 853.0, 620.0]
[128.0, 0.0, 934.0, 604.0]
[32.0, 0.0, 839.0, 605.0]
[96.0, 0.0, 904.0, 606.0]
[128.0, 32.0, 937.0, 639.0]
[80.0, 0.0, 890.0, 608.0]
[80.0, 0.0, 891.0, 608.0]
[16.0, 32.0, 828.0, 641.0]
[16.0, 16.0, 829.0, 626.0]
[16.0, 16.0, 830.0, 626.0]
[64.0, 0.0, 879.0, 611.0]
[0.0, 0.0, 816.0, 612.0]
[96.0, 16.0, 913.0, 629.0]
[32.0, 16.0, 850.0, 630.0]
[16.0, 16.0, 835.0, 630.0]
[128.0, 0.0, 948.0, 615.0]
[48.0, 0.0, 869.0, 616.0]
[96.0, 0.0, 918.0, 616.0]
[32.0, 0.0, 855.0, 617.0]
[16.0, 0.0, 840.0, 618.0]
[96.0, 0.0, 921.0, 619.0]
[16.0, 16.0, 842.0, 636.0]
[112.0, 16.0, 939.0, 636.0]
[80.0, 0.0, 908.0, 621.0]
[16.0, 0.0, 845.0, 622.0]
[112.0, 0.0, 942.0, 622.0]
[64.0, 16.0, 895.0, 639.0]
[112.0, 16.0, 944.0, 640.0]
[48.0, 0.0, 881.0, 625.0]
