[208.0, 0.0, 925.0, 538.0]
[208.0, 16.0, 926.0, 554.0]
[160.0, 0.0, 879.0, 539.0]
[256.0, 32.0, 976.0, 572.0]
[192.0, 0.0, 913.0, 541.0]
[192.0, 32.0, 914.0, 574.0]
[224.0, 32.0, 947.0, 574.0]
[240.0, 32.0, 964.0, 575.0]
[160.0, 16.0, 885.0, 560.0]
[160.0, 32.0, 886.0, 576.0]
[256.0, 32.0, 983.0, 577.0]
[208.0, 32.0, 936.0, 578.0]
[128.0, 32.0, 857.0, 579.0]
[144.0, 32.0, 874.0, 580.0]
[176.0, 32.0, 907.0, 580.0]
[208.0, 32.0, 940.0, 581.0]
[144.0, 0.0, 877.0, 550.0]
[160.0, 16.0, 894.0, 566.0]
[128.0, 16.0, 863.0, 567.0]
[144.0, 16.0, 880.0, 568.0]
[192.0, 0.0, 929.0, 553.0]
[144.0, 0.0, 882.0, 554.0]
[176.0, 32.0, 915.0, 586.0]
[240.0, 32.0, 980.0, 587.0]
[208.0, 16.0, 949.0, 572.0]
[176.0, 32.0, 918.0, 588.0]
[192.0, 0.0, 935.0, 557.0]
[144.0, 32.0, 888.0, 590.0]
[144.0, 16.0, 889.0, 575.0]
[128.0, 0.0, 874.0, 560.0]
[224.0, 32.0, 971.0, 592.0]
[192.0, 32.0, 940.0, 593.0]
[144.0, 32.0, 893.0, 594.0]
[208.0, 16.0, 958.0, 578.0]
[240.0, 16.0, 991.0, 579.0]
[240.0, 32.0, 992.0, 596.0]
[224.0, 16.0, 977.0, 581.0]
[112.0, 16.0, 866.0, 582.0]
[224.0, 16.0, 979.0, 582.0]
[208.0, 32.0, 964.0, 599.0]
[224.0, 32.0, 981.0, 600.0]
[208.0, 0.0, 966.0, 568.0]
[208.0, 32.0, 967.0, 601.0]
[160.0, 32.0, 920.0, 602.0]
[160.0, 32.0, 921.0, 603.0]
[128.0, 0.0, 890.0, 572.0]
[128.0, 32.0, 891.0, 604.0]
[128.0, 32.0, 892.0, 605.0]
[192.0, 16.0, 957.0, 590.0]
[112.0, 0.0, 878.0, 574.0]
[160.0, 16.0, 927.0, 591.0]
[144.0, 32.0, 912.0, 608.0]
[176.0, 0.0, 945.0, 577.0]
[208.0, 32.0, 978.0, 610.0]
[112.0, 16.0, 883.0, 594.0]
[192.0, 16.0, 964.0, 595.0]
[192.0, 0.0, 965.0, 580.0]
[128.0, 0.0, 902.0, 580.0]
[208.0, 16.0, 983.0, 597.0]
[208.0, 0.0, 984.0, 582.0]
[176.0, 16.0, 953.0, 599.0]
[176.0, 16.0, 954.0, 600.0]
[192.0, 32.0, 971.0, 616.0]
[160.0, 0.0, 940.0, 585.0]
[112.0, 16.0, 893.0, 602.0]
[144.0, 32.0, 926.0, 618.0]
[192.0, 0.0, 975.0, 587.0]
[208.0, 0.0, 992.0, 588.0]
[176.0, 0.0, 961.0, 589.0]
[112.0, 0.0, 898.0, 590.0]
[160.0, 0.0, 947.0, 590.0]
[192.0, 16.0, 980.0, 607.0]
[192.0, 32.0, 981.0, 624.0]
[128.0, 16.0, 918.0, 608.0]
[160.0, 0.0, 951.0, 593.0]
[176.0, 0.0, 968.0, 594.0]
[144.0, 16.0, 937.0, 611.0]
[128.0, 16.0, 922.0, 612.0]
[192.0, 32.0, 987.0, 628.0]
[160.0, 32.0, 956.0, 629.0]
[160.0, 32.0, 957.0, 630.0]
[160.0, 32.0, 958.0, 630.0]
[160.0, 32.0, 959.0, 631.0]
[176.0, 16.0, 976.0, 616.0]
[176.0, 16.0, 977.0, 617.0]
[160.0, 16.0, 962.0, 618.0]
[176.0, 32.0, 979.0, 634.0]
[160.0, 0.0, 964.0, 603.0]
[144.0, 16.0, 949.0, 620.0]
[176.0, 0.0, 982.0, 604.0]
[144.0, 16.0, 951.0, 621.0]
[160.0, 0.0, 968.0, 606.0]
[160.0, 32.0, 969.0, 639.0]
[144.0, 16.0, 954.0, 624.0]
[144.0, 32.0, 955.0, 640.0]
[176.0, 32.0, 988.0, 641.0]
[144.0, 16.0, 957.0, 626.0]
[176.0, 0.0, 990.0, 610.0]
[144.0, 32.0, 959.0, 643.0]
[144.0, 32.0, 960.0, 644.0]
[128.0, 0.0, 945.0, 613.0]
[144.0, 16.0, 962.0, 630.0]
[128.0, 0.0, 947.0, 614.0]
[160.0, 16.0, 980.0, 631.0]
[160.0, 32.0, 981.0, 648.0]
[144.0, 0.0, 966.0, 616.0]
[160.0, 16.0, 983.0, 633.0]
[144.0, 16.0, 968.0, 634.0]
[128.0, 32.0, 953.0, 651.0]
[160.0, 32.0, 986.0, 652.0]
[144.0, 0.0, 971.0, 620.0]
[128.0, 0.0, 956.0, 621.0]
[128.0, 32.0, 957.0, 654.0]
[144.0, 0.0, 974.0, 622.0]
[160.0, 16.0, 991.0, 639.0]
[144.0, 16.0, 976.0, 640.0]
[128.0, 16.0, 961.0, 641.0]
[128.0, 32.0, 962.0, 658.0]
[128.0, 0.0, 963.0, 626.0]
[128.0, 16.0, 964.0, 643.0]
[144.0, 16.0, 981.0, 644.0]
[144.0, 32.0, 982.0, 660.0]
[144.0, 16.0, 983.0, 645.0]
[128.0, 0.0, 968.0, 630.0]
[128.0, 16.0, 969.0, 647.0]
[128.0, 0.0, 970.0, 632.0]
[128.0, 32.0, 971.0, 664.0]
[128.0, 0.0, 972.0, 633.0]
[144.0, 0.0, 989.0, 634.0]
[144.0, 16.0, 990.0, 650.0]
[144.0, 0.0, 991.0, 635.0]
[128.0, 32.0, 976.0, 668.0]
[128.0, 0.0, 977.0, 637.0]
[128.0, 16.0, 978.0, 654.0]
[128.0, 0.0, 979.0, 638.0]
[128.0, 0.0, 980.0, 639.0]
[128.0, 0.0, 981.0, 640.0]
[128.0, 0.0, 982.0, 640.0]
[128.0, 0.0, 983.0, 641.0]
[128.0, 16.0, 984.0, 658.0]
[128.0, 16.0, 985.0, 659.0]
[128.0, 16.0, 986.0, 660.0]
[128.0, 0.0, 987.0, 644.0]
[128.0, 16.0, 988.0, 661.0]
