[112.0, 80.0, 829.0, 618.0]
[128.0, 80.0, 846.0, 618.0]
[80.0, 112.0, 799.0, 651.0]
[64.0, 128.0, 784.0, 668.0]
[144.0, 80.0, 865.0, 621.0]
[208.0, 112.0, 930.0, 654.0]
[224.0, 80.0, 947.0, 622.0]
[256.0, 96.0, 980.0, 639.0]
[192.0, 96.0, 917.0, 640.0]
[176.0, 112.0, 902.0, 656.0]
[64.0, 80.0, 791.0, 625.0]
[96.0, 96.0, 824.0, 642.0]
[48.0, 112.0, 777.0, 659.0]
[256.0, 80.0, 986.0, 628.0]
[112.0, 96.0, 843.0, 644.0]
[80.0, 112.0, 812.0, 661.0]
[80.0, 96.0, 813.0, 646.0]
[208.0, 128.0, 942.0, 678.0]
[80.0, 128.0, 815.0, 679.0]
[176.0, 80.0, 912.0, 632.0]
[144.0, 80.0, 881.0, 633.0]
[144.0, 80.0, 882.0, 634.0]
[256.0, 112.0, 995.0, 666.0]
[144.0, 112.0, 884.0, 667.0]
[192.0, 96.0, 933.0, 652.0]
[112.0, 112.0, 854.0, 668.0]
[160.0, 64.0, 903.0, 621.0]
[128.0, 128.0, 872.0, 686.0]
[128.0, 80.0, 873.0, 639.0]
[64.0, 80.0, 810.0, 640.0]
[224.0, 96.0, 971.0, 656.0]
[32.0, 64.0, 780.0, 625.0]
[32.0, 80.0, 781.0, 642.0]
[64.0, 64.0, 814.0, 626.0]
[144.0, 64.0, 895.0, 627.0]
[144.0, 112.0, 896.0, 676.0]
[80.0, 96.0, 833.0, 661.0]
[32.0, 80.0, 786.0, 646.0]
[64.0, 80.0, 819.0, 646.0]
[224.0, 64.0, 980.0, 631.0]
[32.0, 80.0, 789.0, 648.0]
[176.0, 96.0, 934.0, 664.0]
[96.0, 80.0, 855.0, 649.0]
[192.0, 80.0, 952.0, 650.0]
[16.0, 112.0, 777.0, 683.0]
[80.0, 64.0, 842.0, 636.0]
[176.0, 112.0, 939.0, 684.0]
[176.0, 96.0, 940.0, 669.0]
[0.0, 80.0, 765.0, 654.0]
[176.0, 112.0, 942.0, 686.0]
[256.0, 96.0, 1023.0, 671.0]
[32.0, 96.0, 800.0, 672.0]
[0.0, 96.0, 769.0, 673.0]
[112.0, 96.0, 882.0, 674.0]
[192.0, 96.0, 963.0, 674.0]
[0.0, 80.0, 772.0, 659.0]
[128.0, 48.0, 901.0, 628.0]
[176.0, 80.0, 950.0, 660.0]
[16.0, 48.0, 791.0, 629.0]
[64.0, 32.0, 840.0, 614.0]
[0.0, 64.0, 777.0, 647.0]
[112.0, 48.0, 890.0, 632.0]
[128.0, 80.0, 907.0, 664.0]
[192.0, 48.0, 972.0, 633.0]
[16.0, 64.0, 797.0, 650.0]
[192.0, 64.0, 974.0, 650.0]
[96.0, 32.0, 879.0, 619.0]
[224.0, 80.0, 1008.0, 668.0]
[144.0, 64.0, 929.0, 653.0]
[144.0, 64.0, 930.0, 654.0]
[16.0, 48.0, 803.0, 638.0]
[128.0, 32.0, 916.0, 623.0]
[80.0, 64.0, 869.0, 656.0]
[160.0, 32.0, 950.0, 624.0]
[48.0, 48.0, 839.0, 641.0]
[0.0, 80.0, 792.0, 674.0]
[16.0, 64.0, 809.0, 659.0]
[80.0, 64.0, 874.0, 660.0]
[80.0, 48.0, 875.0, 644.0]
[64.0, 16.0, 860.0, 613.0]
[128.0, 32.0, 925.0, 630.0]
[144.0, 16.0, 942.0, 614.0]
[112.0, 48.0, 911.0, 647.0]
[192.0, 48.0, 992.0, 648.0]
[144.0, 64.0, 945.0, 665.0]
[144.0, 80.0, 946.0, 682.0]
[160.0, 48.0, 963.0, 650.0]
[176.0, 80.0, 980.0, 683.0]
[96.0, 32.0, 901.0, 636.0]
[80.0, 16.0, 886.0, 620.0]
[80.0, 32.0, 887.0, 637.0]
[144.0, 32.0, 952.0, 638.0]
[112.0, 48.0, 921.0, 655.0]
[160.0, 32.0, 970.0, 640.0]
[112.0, 32.0, 923.0, 640.0]
[64.0, 0.0, 876.0, 609.0]
[208.0, 64.0, 1021.0, 674.0]
[0.0, 32.0, 814.0, 642.0]
[48.0, 48.0, 863.0, 659.0]
[208.0, 32.0, 1024.0, 644.0]
[160.0, 64.0, 977.0, 677.0]
[48.0, 16.0, 866.0, 630.0]
[64.0, 32.0, 883.0, 646.0]
[128.0, 16.0, 948.0, 631.0]
[160.0, 32.0, 981.0, 648.0]
[96.0, 0.0, 918.0, 616.0]
[0.0, 64.0, 823.0, 681.0]
[160.0, 64.0, 984.0, 682.0]
[80.0, 16.0, 905.0, 635.0]
[96.0, 0.0, 922.0, 620.0]
[32.0, 64.0, 859.0, 684.0]
[0.0, 64.0, 828.0, 685.0]
[64.0, 32.0, 893.0, 654.0]
[144.0, 64.0, 974.0, 686.0]
[192.0, 16.0, 1023.0, 639.0]
[64.0, 16.0, 896.0, 640.0]
[96.0, 16.0, 929.0, 641.0]
[48.0, 16.0, 882.0, 642.0]
[96.0, 32.0, 931.0, 658.0]
[128.0, 48.0, 964.0, 675.0]
[96.0, 0.0, 933.0, 628.0]
[32.0, 16.0, 870.0, 644.0]
[80.0, 32.0, 919.0, 661.0]
[176.0, 32.0, 1016.0, 662.0]
[128.0, 16.0, 969.0, 647.0]
[16.0, 0.0, 858.0, 632.0]
[128.0, 48.0, 971.0, 680.0]
[80.0, 32.0, 924.0, 665.0]
[144.0, 48.0, 989.0, 682.0]
[64.0, 16.0, 910.0, 650.0]
[96.0, 32.0, 943.0, 667.0]
[112.0, 48.0, 960.0, 684.0]
[32.0, 16.0, 881.0, 653.0]
[16.0, 48.0, 866.0, 686.0]
[128.0, 0.0, 979.0, 638.0]
[0.0, 16.0, 852.0, 655.0]
[160.0, 0.0, 1013.0, 640.0]
[32.0, 32.0, 886.0, 672.0]
[64.0, 0.0, 919.0, 641.0]
[160.0, 32.0, 1016.0, 674.0]
[112.0, 16.0, 969.0, 659.0]
[48.0, 0.0, 906.0, 644.0]
[112.0, 32.0, 971.0, 676.0]
[96.0, 32.0, 956.0, 677.0]
[160.0, 0.0, 1021.0, 646.0]
[32.0, 0.0, 894.0, 646.0]
[160.0, 0.0, 1023.0, 647.0]
[16.0, 32.0, 880.0, 680.0]
[128.0, 32.0, 993.0, 681.0]
[144.0, 0.0, 1010.0, 650.0]
[32.0, 16.0, 899.0, 666.0]
[128.0, 0.0, 996.0, 651.0]
[16.0, 0.0, 885.0, 652.0]
[0.0, 16.0, 870.0, 668.0]
[80.0, 32.0, 951.0, 685.0]
[0.0, 32.0, 872.0, 686.0]
[96.0, 0.0, 969.0, 655.0]
[16.0, 0.0, 890.0, 656.0]
[112.0, 0.0, 987.0, 656.0]
[96.0, 16.0, 972.0, 673.0]
[96.0, 16.0, 973.0, 674.0]
[0.0, 0.0, 878.0, 658.0]
[128.0, 16.0, 1007.0, 675.0]
[64.0, 16.0, 944.0, 676.0]
[0.0, 0.0, 881.0, 661.0]
[32.0, 0.0, 914.0, 662.0]
[32.0, 16.0, 915.0, 678.0]
[0.0, 0.0, 884.0, 663.0]
[128.0, 0.0, 1013.0, 664.0]
[128.0, 16.0, 1014.0, 680.0]
[112.0, 0.0, 999.0, 665.0]
[48.0, 0.0, 936.0, 666.0]
[80.0, 0.0, 969.0, 667.0]
[80.0, 16.0, 970.0, 684.0]
[0.0, 0.0, 891.0, 668.0]
[128.0, 0.0, 1020.0, 669.0]
[0.0, 16.0, 893.0, 686.0]
[32.0, 16.0, 926.0, 686.0]
[80.0, 0.0, 975.0, 671.0]
[112.0, 0.0, 1008.0, 672.0]
[80.0, 0.0, 977.0, 673.0]
[96.0, 0.0, 994.0, 674.0]
[48.0, 0.0, 947.0, 674.0]
[80.0, 0.0, 980.0, 675.0]
[80.0, 0.0, 981.0, 676.0]
[96.0, 0.0, 998.0, 676.0]
[112.0, 0.0, 1015.0, 677.0]
[48.0, 0.0, 952.0, 678.0]
[16.0, 0.0, 921.0, 679.0]
[48.0, 0.0, 954.0, 680.0]
[48.0, 0.0, 955.0, 680.0]
[16.0, 0.0, 924.0, 681.0]
[96.0, 0.0, 1005.0, 682.0]
[16.0, 0.0, 926.0, 682.0]
[16.0, 0.0, 927.0, 683.0]
[96.0, 0.0, 1008.0, 684.0]
[32.0, 0.0, 945.0, 685.0]
[80.0, 0.0, 994.0, 686.0]
[48.0, 0.0, 963.0, 686.0]
