[224.0, 32.0, 941.0, 570.0]
[128.0, 32.0, 846.0, 570.0]
[112.0, 48.0, 831.0, 587.0]
[256.0, 48.0, 976.0, 588.0]
[272.0, 48.0, 993.0, 589.0]
[96.0, 32.0, 818.0, 574.0]
[160.0, 32.0, 883.0, 574.0]
[224.0, 48.0, 948.0, 591.0]
[128.0, 48.0, 853.0, 592.0]
[112.0, 64.0, 838.0, 608.0]
[80.0, 64.0, 807.0, 609.0]
[48.0, 64.0, 776.0, 610.0]
[240.0, 64.0, 969.0, 611.0]
[256.0, 16.0, 986.0, 564.0]
[128.0, 48.0, 859.0, 596.0]
[256.0, 48.0, 988.0, 597.0]
[160.0, 16.0, 893.0, 566.0]
[224.0, 48.0, 958.0, 598.0]
[128.0, 32.0, 863.0, 583.0]
[64.0, 48.0, 800.0, 600.0]
[160.0, 32.0, 897.0, 585.0]
[240.0, 64.0, 978.0, 618.0]
[160.0, 48.0, 899.0, 602.0]
[80.0, 32.0, 820.0, 587.0]
[96.0, 48.0, 837.0, 604.0]
[208.0, 48.0, 950.0, 604.0]
[208.0, 32.0, 951.0, 589.0]
[160.0, 64.0, 904.0, 622.0]
[240.0, 48.0, 985.0, 607.0]
[96.0, 32.0, 842.0, 592.0]
[96.0, 48.0, 843.0, 608.0]
[80.0, 0.0, 828.0, 561.0]
[192.0, 64.0, 941.0, 626.0]
[64.0, 48.0, 814.0, 610.0]
[64.0, 64.0, 815.0, 627.0]
[176.0, 16.0, 928.0, 580.0]
[128.0, 16.0, 881.0, 581.0]
[224.0, 48.0, 978.0, 614.0]
[128.0, 48.0, 883.0, 614.0]
[240.0, 32.0, 996.0, 599.0]
[144.0, 32.0, 901.0, 600.0]
[48.0, 48.0, 806.0, 616.0]
[96.0, 48.0, 855.0, 617.0]
[64.0, 16.0, 824.0, 586.0]
[64.0, 0.0, 825.0, 571.0]
[144.0, 64.0, 906.0, 636.0]
[128.0, 48.0, 891.0, 620.0]
[208.0, 64.0, 972.0, 637.0]
[208.0, 48.0, 973.0, 622.0]
[240.0, 32.0, 1006.0, 606.0]
[240.0, 48.0, 1007.0, 623.0]
[144.0, 64.0, 912.0, 640.0]
[192.0, 32.0, 961.0, 609.0]
[144.0, 64.0, 914.0, 642.0]
[16.0, 0.0, 787.0, 578.0]
[32.0, 0.0, 804.0, 579.0]
[16.0, 16.0, 789.0, 596.0]
[80.0, 64.0, 854.0, 644.0]
[0.0, 16.0, 775.0, 597.0]
[128.0, 64.0, 904.0, 646.0]
[160.0, 64.0, 937.0, 647.0]
[112.0, 0.0, 890.0, 584.0]
[96.0, 48.0, 875.0, 632.0]
[96.0, 16.0, 876.0, 601.0]
[240.0, 16.0, 1021.0, 602.0]
[208.0, 16.0, 990.0, 602.0]
[160.0, 16.0, 943.0, 603.0]
[208.0, 32.0, 992.0, 620.0]
[96.0, 48.0, 881.0, 637.0]
[96.0, 32.0, 882.0, 622.0]
[128.0, 64.0, 915.0, 654.0]
[32.0, 48.0, 820.0, 639.0]
[64.0, 32.0, 853.0, 624.0]
[96.0, 32.0, 886.0, 624.0]
[192.0, 64.0, 983.0, 657.0]
[16.0, 16.0, 808.0, 610.0]
[112.0, 32.0, 905.0, 627.0]
[208.0, 32.0, 1002.0, 628.0]
[128.0, 0.0, 923.0, 596.0]
[80.0, 32.0, 876.0, 629.0]
[224.0, 0.0, 1021.0, 598.0]
[80.0, 48.0, 878.0, 646.0]
[32.0, 48.0, 831.0, 647.0]
[224.0, 0.0, 1024.0, 600.0]
[48.0, 0.0, 849.0, 601.0]
[80.0, 48.0, 882.0, 650.0]
[64.0, 48.0, 867.0, 650.0]
[0.0, 0.0, 804.0, 603.0]
[0.0, 0.0, 805.0, 604.0]
[32.0, 32.0, 838.0, 636.0]
[80.0, 64.0, 887.0, 669.0]
[160.0, 0.0, 968.0, 606.0]
[160.0, 0.0, 969.0, 607.0]
[48.0, 32.0, 858.0, 640.0]
[208.0, 32.0, 1019.0, 640.0]
[80.0, 32.0, 892.0, 641.0]
[96.0, 32.0, 909.0, 642.0]
[176.0, 16.0, 990.0, 626.0]
[0.0, 0.0, 815.0, 611.0]
[144.0, 32.0, 960.0, 644.0]
[128.0, 0.0, 945.0, 613.0]
[176.0, 16.0, 994.0, 630.0]
[144.0, 32.0, 963.0, 646.0]
[176.0, 64.0, 996.0, 679.0]
[160.0, 0.0, 981.0, 616.0]
[32.0, 0.0, 854.0, 616.0]
[128.0, 64.0, 951.0, 681.0]
[144.0, 48.0, 968.0, 666.0]
[0.0, 32.0, 825.0, 651.0]
[48.0, 0.0, 874.0, 620.0]
[160.0, 32.0, 987.0, 652.0]
[48.0, 0.0, 876.0, 621.0]
[144.0, 48.0, 973.0, 670.0]
[0.0, 32.0, 830.0, 654.0]
[192.0, 48.0, 1023.0, 671.0]
[0.0, 48.0, 832.0, 672.0]
[176.0, 32.0, 1009.0, 657.0]
[176.0, 0.0, 1010.0, 626.0]
[32.0, 48.0, 867.0, 674.0]
[80.0, 48.0, 916.0, 675.0]
[144.0, 32.0, 981.0, 660.0]
[176.0, 48.0, 1014.0, 676.0]
[16.0, 48.0, 855.0, 677.0]
[32.0, 0.0, 872.0, 630.0]
[96.0, 48.0, 937.0, 679.0]
[128.0, 32.0, 970.0, 664.0]
[96.0, 16.0, 939.0, 648.0]
[144.0, 16.0, 988.0, 649.0]
[16.0, 16.0, 861.0, 650.0]
[112.0, 32.0, 958.0, 666.0]
[144.0, 32.0, 991.0, 667.0]
[32.0, 16.0, 880.0, 652.0]
[32.0, 16.0, 881.0, 653.0]
[112.0, 0.0, 962.0, 638.0]
[144.0, 32.0, 995.0, 670.0]
[160.0, 32.0, 1012.0, 671.0]
[32.0, 16.0, 885.0, 656.0]
[16.0, 0.0, 870.0, 640.0]
[144.0, 32.0, 999.0, 673.0]
[96.0, 0.0, 952.0, 642.0]
[128.0, 32.0, 985.0, 675.0]
[112.0, 32.0, 970.0, 676.0]
[48.0, 0.0, 907.0, 644.0]
[64.0, 16.0, 924.0, 661.0]
[128.0, 0.0, 989.0, 646.0]
[112.0, 32.0, 974.0, 678.0]
[160.0, 0.0, 1023.0, 647.0]
[64.0, 32.0, 928.0, 680.0]
[80.0, 32.0, 945.0, 681.0]
[32.0, 0.0, 898.0, 650.0]
[0.0, 16.0, 867.0, 666.0]
[0.0, 32.0, 868.0, 683.0]
[0.0, 0.0, 869.0, 652.0]
[64.0, 16.0, 934.0, 668.0]
[48.0, 16.0, 919.0, 669.0]
[128.0, 16.0, 1000.0, 670.0]
[96.0, 16.0, 969.0, 671.0]
[96.0, 0.0, 970.0, 656.0]
[0.0, 0.0, 875.0, 656.0]
[96.0, 16.0, 972.0, 673.0]
[48.0, 16.0, 925.0, 674.0]
[16.0, 0.0, 894.0, 658.0]
[0.0, 0.0, 879.0, 659.0]
[96.0, 16.0, 976.0, 676.0]
[48.0, 0.0, 929.0, 661.0]
[48.0, 16.0, 930.0, 678.0]
[80.0, 16.0, 963.0, 678.0]
[64.0, 16.0, 948.0, 679.0]
[32.0, 0.0, 917.0, 664.0]
[32.0, 16.0, 918.0, 680.0]
[96.0, 0.0, 983.0, 665.0]
[16.0, 16.0, 904.0, 682.0]
[48.0, 0.0, 937.0, 667.0]
[0.0, 0.0, 890.0, 668.0]
[64.0, 0.0, 955.0, 668.0]
[128.0, 0.0, 1020.0, 669.0]
[64.0, 0.0, 957.0, 670.0]
[32.0, 0.0, 926.0, 670.0]
[48.0, 0.0, 943.0, 671.0]
[32.0, 0.0, 928.0, 672.0]
[16.0, 0.0, 913.0, 673.0]
[16.0, 0.0, 914.0, 674.0]
[0.0, 0.0, 899.0, 674.0]
[32.0, 0.0, 932.0, 675.0]
[32.0, 0.0, 933.0, 676.0]
[112.0, 0.0, 1014.0, 676.0]
[0.0, 0.0, 903.0, 677.0]
[0.0, 0.0, 904.0, 678.0]
[16.0, 0.0, 921.0, 679.0]
[0.0, 0.0, 906.0, 680.0]
[16.0, 0.0, 923.0, 680.0]
[0.0, 0.0, 908.0, 681.0]
[0.0, 0.0, 909.0, 682.0]
[32.0, 0.0, 942.0, 682.0]
[16.0, 0.0, 927.0, 683.0]
