[80.0, 16.0, 797.0, 554.0]
[0.0, 16.0, 718.0, 554.0]
[112.0, 32.0, 831.0, 571.0]
[128.0, 48.0, 848.0, 588.0]
[32.0, 0.0, 753.0, 541.0]
[64.0, 32.0, 786.0, 574.0]
[32.0, 32.0, 755.0, 574.0]
[80.0, 32.0, 804.0, 575.0]
[16.0, 64.0, 741.0, 608.0]
[112.0, 64.0, 838.0, 608.0]
[64.0, 64.0, 791.0, 609.0]
[80.0, 48.0, 808.0, 594.0]
[32.0, 32.0, 761.0, 579.0]
[32.0, 48.0, 762.0, 596.0]
[64.0, 48.0, 795.0, 596.0]
[48.0, 0.0, 780.0, 549.0]
[112.0, 48.0, 845.0, 598.0]
[80.0, 32.0, 814.0, 582.0]
[48.0, 0.0, 783.0, 551.0]
[32.0, 16.0, 768.0, 568.0]
[64.0, 0.0, 801.0, 553.0]
[128.0, 32.0, 866.0, 586.0]
[32.0, 16.0, 771.0, 570.0]
[32.0, 32.0, 772.0, 587.0]
[48.0, 16.0, 789.0, 572.0]
[80.0, 0.0, 822.0, 556.0]
[96.0, 16.0, 839.0, 573.0]
[0.0, 0.0, 744.0, 558.0]
[128.0, 32.0, 873.0, 591.0]
[80.0, 32.0, 826.0, 592.0]
[16.0, 0.0, 763.0, 560.0]
[80.0, 16.0, 828.0, 577.0]
[16.0, 0.0, 765.0, 562.0]
[16.0, 16.0, 766.0, 578.0]
[0.0, 32.0, 751.0, 595.0]
[64.0, 0.0, 816.0, 564.0]
[96.0, 32.0, 849.0, 597.0]
[0.0, 0.0, 754.0, 566.0]
[80.0, 0.0, 835.0, 566.0]
[64.0, 16.0, 820.0, 583.0]
[16.0, 0.0, 773.0, 568.0]
[48.0, 16.0, 806.0, 584.0]
[64.0, 16.0, 823.0, 585.0]
[80.0, 0.0, 840.0, 570.0]
[48.0, 0.0, 809.0, 571.0]
[96.0, 16.0, 858.0, 588.0]
[32.0, 32.0, 795.0, 604.0]
[48.0, 16.0, 812.0, 589.0]
[16.0, 0.0, 781.0, 574.0]
[96.0, 16.0, 862.0, 590.0]
[96.0, 32.0, 863.0, 607.0]
[64.0, 0.0, 832.0, 576.0]
[0.0, 0.0, 769.0, 577.0]
[64.0, 0.0, 834.0, 578.0]
[32.0, 0.0, 803.0, 578.0]
[112.0, 16.0, 884.0, 595.0]
[0.0, 32.0, 773.0, 612.0]
[0.0, 32.0, 774.0, 612.0]
[80.0, 0.0, 855.0, 581.0]
[0.0, 16.0, 776.0, 598.0]
[32.0, 16.0, 809.0, 599.0]
[48.0, 16.0, 826.0, 600.0]
[48.0, 16.0, 827.0, 600.0]
[64.0, 16.0, 844.0, 601.0]
[48.0, 0.0, 829.0, 586.0]
[32.0, 16.0, 814.0, 602.0]
[48.0, 16.0, 831.0, 603.0]
[16.0, 0.0, 800.0, 588.0]
[96.0, 0.0, 881.0, 589.0]
[80.0, 0.0, 866.0, 590.0]
[32.0, 16.0, 819.0, 606.0]
[48.0, 16.0, 836.0, 607.0]
[96.0, 0.0, 885.0, 592.0]
[80.0, 16.0, 870.0, 608.0]
[0.0, 0.0, 791.0, 593.0]
[48.0, 16.0, 840.0, 610.0]
[96.0, 16.0, 889.0, 611.0]
[48.0, 0.0, 842.0, 596.0]
[0.0, 16.0, 795.0, 612.0]
[64.0, 0.0, 860.0, 597.0]
[0.0, 0.0, 797.0, 598.0]
[80.0, 0.0, 878.0, 598.0]
[16.0, 0.0, 815.0, 599.0]
[0.0, 0.0, 800.0, 600.0]
[80.0, 0.0, 881.0, 601.0]
[0.0, 0.0, 802.0, 602.0]
[0.0, 0.0, 803.0, 602.0]
[48.0, 0.0, 852.0, 603.0]
[64.0, 0.0, 869.0, 604.0]
[80.0, 0.0, 886.0, 604.0]
[48.0, 0.0, 855.0, 605.0]
[32.0, 0.0, 840.0, 606.0]
[0.0, 0.0, 809.0, 607.0]
[16.0, 0.0, 826.0, 608.0]
[16.0, 0.0, 827.0, 608.0]
[32.0, 0.0, 844.0, 609.0]
[48.0, 0.0, 861.0, 610.0]
[0.0, 0.0, 814.0, 610.0]
[48.0, 0.0, 863.0, 611.0]
[0.0, 0.0, 816.0, 612.0]
