[112.0, 112.0, 829.0, 650.0]
[192.0, 96.0, 910.0, 634.0]
[192.0, 144.0, 911.0, 683.0]
[144.0, 80.0, 864.0, 620.0]
[144.0, 48.0, 865.0, 589.0]
[208.0, 80.0, 930.0, 622.0]
[208.0, 80.0, 931.0, 622.0]
[128.0, 112.0, 852.0, 655.0]
[192.0, 80.0, 917.0, 624.0]
[192.0, 64.0, 918.0, 608.0]
[128.0, 80.0, 855.0, 625.0]
[112.0, 128.0, 840.0, 674.0]
[128.0, 80.0, 857.0, 627.0]
[208.0, 80.0, 938.0, 628.0]
[176.0, 48.0, 907.0, 596.0]
[112.0, 80.0, 844.0, 629.0]
[128.0, 96.0, 861.0, 646.0]
[144.0, 32.0, 878.0, 582.0]
[208.0, 96.0, 943.0, 647.0]
[96.0, 64.0, 832.0, 616.0]
[176.0, 128.0, 913.0, 681.0]
[80.0, 48.0, 818.0, 602.0]
[144.0, 48.0, 883.0, 602.0]
[112.0, 32.0, 852.0, 587.0]
[160.0, 48.0, 901.0, 604.0]
[128.0, 96.0, 870.0, 652.0]
[160.0, 96.0, 903.0, 653.0]
[160.0, 128.0, 904.0, 686.0]
[96.0, 96.0, 841.0, 655.0]
[160.0, 128.0, 906.0, 688.0]
[128.0, 64.0, 875.0, 624.0]
[160.0, 32.0, 908.0, 593.0]
[160.0, 64.0, 909.0, 626.0]
[160.0, 96.0, 910.0, 658.0]
[192.0, 48.0, 943.0, 611.0]
[144.0, 48.0, 896.0, 612.0]
[128.0, 16.0, 881.0, 581.0]
[112.0, 96.0, 866.0, 662.0]
[144.0, 80.0, 899.0, 646.0]
[80.0, 48.0, 836.0, 615.0]
[176.0, 112.0, 933.0, 680.0]
[128.0, 112.0, 886.0, 680.0]
[96.0, 112.0, 855.0, 681.0]
[80.0, 96.0, 840.0, 666.0]
[80.0, 32.0, 841.0, 603.0]
[96.0, 32.0, 858.0, 604.0]
[96.0, 80.0, 859.0, 652.0]
[96.0, 64.0, 860.0, 637.0]
[160.0, 32.0, 925.0, 606.0]
[128.0, 16.0, 894.0, 590.0]
[96.0, 96.0, 863.0, 671.0]
[128.0, 0.0, 896.0, 576.0]
[128.0, 48.0, 897.0, 625.0]
[128.0, 48.0, 898.0, 626.0]
[112.0, 96.0, 883.0, 674.0]
[128.0, 80.0, 900.0, 659.0]
[128.0, 16.0, 901.0, 596.0]
[128.0, 0.0, 902.0, 580.0]
[112.0, 32.0, 887.0, 613.0]
[128.0, 32.0, 904.0, 614.0]
[160.0, 64.0, 937.0, 647.0]
[128.0, 48.0, 906.0, 632.0]
[128.0, 80.0, 907.0, 664.0]
[96.0, 80.0, 876.0, 665.0]
[128.0, 0.0, 909.0, 586.0]
[144.0, 64.0, 926.0, 650.0]
[160.0, 80.0, 943.0, 667.0]
[112.0, 96.0, 896.0, 684.0]
[80.0, 96.0, 865.0, 685.0]
[128.0, 16.0, 914.0, 606.0]
[144.0, 64.0, 931.0, 654.0]
[160.0, 80.0, 948.0, 671.0]
[144.0, 80.0, 933.0, 672.0]
[144.0, 64.0, 934.0, 656.0]
[96.0, 32.0, 887.0, 625.0]
[144.0, 48.0, 936.0, 642.0]
[80.0, 32.0, 873.0, 627.0]
[144.0, 64.0, 938.0, 660.0]
[144.0, 32.0, 939.0, 628.0]
[144.0, 80.0, 940.0, 677.0]
[128.0, 80.0, 925.0, 678.0]
[128.0, 0.0, 926.0, 598.0]
[128.0, 48.0, 927.0, 647.0]
[128.0, 16.0, 928.0, 616.0]
[128.0, 48.0, 929.0, 649.0]
[96.0, 0.0, 898.0, 602.0]
[80.0, 0.0, 883.0, 602.0]
[112.0, 64.0, 916.0, 667.0]
[112.0, 16.0, 917.0, 620.0]
[96.0, 16.0, 902.0, 620.0]
[128.0, 48.0, 935.0, 653.0]
[80.0, 64.0, 888.0, 670.0]
[80.0, 48.0, 889.0, 655.0]
[96.0, 32.0, 906.0, 640.0]
[96.0, 64.0, 907.0, 672.0]
[112.0, 64.0, 924.0, 673.0]
[128.0, 16.0, 941.0, 626.0]
[96.0, 16.0, 910.0, 626.0]
[128.0, 0.0, 943.0, 611.0]
[112.0, 32.0, 928.0, 644.0]
[128.0, 0.0, 945.0, 613.0]
[112.0, 64.0, 930.0, 678.0]
[112.0, 16.0, 931.0, 630.0]
[96.0, 48.0, 916.0, 663.0]
[112.0, 32.0, 933.0, 648.0]
