[64.0, 16.0, 781.0, 554.0]
[112.0, 48.0, 830.0, 586.0]
[80.0, 0.0, 799.0, 539.0]
[16.0, 112.0, 736.0, 652.0]
[80.0, 16.0, 801.0, 557.0]
[0.0, 96.0, 722.0, 638.0]
[48.0, 16.0, 771.0, 558.0]
[32.0, 80.0, 756.0, 623.0]
[128.0, 32.0, 853.0, 576.0]
[0.0, 48.0, 726.0, 592.0]
[112.0, 16.0, 839.0, 561.0]
[112.0, 32.0, 840.0, 578.0]
[16.0, 16.0, 745.0, 563.0]
[64.0, 48.0, 794.0, 596.0]
[80.0, 48.0, 811.0, 596.0]
[64.0, 48.0, 796.0, 597.0]
[96.0, 16.0, 829.0, 566.0]
[48.0, 48.0, 782.0, 598.0]
[32.0, 64.0, 767.0, 615.0]
[0.0, 112.0, 736.0, 664.0]
[64.0, 64.0, 801.0, 617.0]
[48.0, 80.0, 786.0, 634.0]
[112.0, 48.0, 851.0, 602.0]
[80.0, 48.0, 820.0, 603.0]
[80.0, 80.0, 821.0, 636.0]
[0.0, 80.0, 742.0, 636.0]
[0.0, 96.0, 743.0, 653.0]
[32.0, 96.0, 776.0, 654.0]
[48.0, 80.0, 793.0, 639.0]
[112.0, 32.0, 858.0, 592.0]
[80.0, 16.0, 827.0, 576.0]
[48.0, 32.0, 796.0, 593.0]
[0.0, 96.0, 749.0, 658.0]
[32.0, 64.0, 782.0, 626.0]
[64.0, 32.0, 815.0, 595.0]
[80.0, 48.0, 832.0, 612.0]
[32.0, 0.0, 785.0, 565.0]
[48.0, 64.0, 802.0, 630.0]
[48.0, 16.0, 803.0, 582.0]
[16.0, 64.0, 772.0, 631.0]
[80.0, 0.0, 837.0, 568.0]
[80.0, 48.0, 838.0, 616.0]
[0.0, 48.0, 759.0, 617.0]
[0.0, 96.0, 760.0, 666.0]
[16.0, 16.0, 777.0, 587.0]
[32.0, 80.0, 794.0, 652.0]
[64.0, 0.0, 827.0, 572.0]
[64.0, 48.0, 828.0, 621.0]
[16.0, 48.0, 781.0, 622.0]
[0.0, 32.0, 766.0, 606.0]
[32.0, 0.0, 799.0, 575.0]
[96.0, 16.0, 864.0, 592.0]
[0.0, 0.0, 769.0, 577.0]
[32.0, 16.0, 802.0, 594.0]
[80.0, 64.0, 851.0, 642.0]
[16.0, 48.0, 788.0, 627.0]
[0.0, 16.0, 773.0, 596.0]
[32.0, 0.0, 806.0, 580.0]
[48.0, 64.0, 823.0, 645.0]
[16.0, 32.0, 792.0, 614.0]
[16.0, 0.0, 793.0, 583.0]
[0.0, 64.0, 778.0, 648.0]
[0.0, 16.0, 779.0, 600.0]
[64.0, 16.0, 844.0, 601.0]
[0.0, 32.0, 781.0, 618.0]
[48.0, 64.0, 830.0, 650.0]
[0.0, 48.0, 783.0, 635.0]
[0.0, 0.0, 784.0, 588.0]
[80.0, 16.0, 865.0, 605.0]
[48.0, 64.0, 834.0, 654.0]
[32.0, 32.0, 819.0, 622.0]
[48.0, 0.0, 836.0, 591.0]
[48.0, 32.0, 837.0, 624.0]
[96.0, 0.0, 886.0, 592.0]
[80.0, 48.0, 871.0, 641.0]
[48.0, 48.0, 840.0, 642.0]
[16.0, 16.0, 809.0, 611.0]
[96.0, 32.0, 890.0, 628.0]
[64.0, 48.0, 859.0, 644.0]
[32.0, 0.0, 828.0, 597.0]
[64.0, 48.0, 861.0, 646.0]
[48.0, 0.0, 846.0, 598.0]
[0.0, 32.0, 799.0, 631.0]
[64.0, 16.0, 864.0, 616.0]
[16.0, 48.0, 817.0, 649.0]
[0.0, 48.0, 802.0, 650.0]
[32.0, 0.0, 835.0, 602.0]
[0.0, 0.0, 804.0, 603.0]
[0.0, 64.0, 805.0, 668.0]
[80.0, 32.0, 886.0, 636.0]
[0.0, 16.0, 807.0, 621.0]
[48.0, 16.0, 856.0, 622.0]
[64.0, 48.0, 873.0, 655.0]
[48.0, 0.0, 858.0, 608.0]
[80.0, 32.0, 891.0, 640.0]
[80.0, 32.0, 892.0, 641.0]
[32.0, 32.0, 845.0, 642.0]
[48.0, 0.0, 862.0, 610.0]
[32.0, 0.0, 847.0, 611.0]
[80.0, 16.0, 896.0, 628.0]
[64.0, 32.0, 881.0, 645.0]
[32.0, 0.0, 850.0, 614.0]
[32.0, 0.0, 851.0, 614.0]
[32.0, 0.0, 852.0, 615.0]
[32.0, 32.0, 853.0, 648.0]
[16.0, 16.0, 838.0, 632.0]
[0.0, 48.0, 823.0, 665.0]
[64.0, 32.0, 888.0, 650.0]
[16.0, 16.0, 841.0, 635.0]
[0.0, 0.0, 826.0, 620.0]
[64.0, 16.0, 891.0, 636.0]
[0.0, 32.0, 828.0, 653.0]
[64.0, 16.0, 893.0, 638.0]
[64.0, 16.0, 894.0, 638.0]
[32.0, 16.0, 863.0, 639.0]
[48.0, 16.0, 880.0, 640.0]
[32.0, 48.0, 865.0, 673.0]
[48.0, 32.0, 882.0, 658.0]
[48.0, 16.0, 883.0, 642.0]
[16.0, 0.0, 852.0, 627.0]
[48.0, 16.0, 885.0, 644.0]
[32.0, 32.0, 870.0, 660.0]
[0.0, 0.0, 839.0, 629.0]
[16.0, 0.0, 856.0, 630.0]
[16.0, 0.0, 857.0, 631.0]
[0.0, 16.0, 842.0, 648.0]
[16.0, 32.0, 859.0, 664.0]
[0.0, 0.0, 844.0, 633.0]
[16.0, 32.0, 861.0, 666.0]
[32.0, 0.0, 878.0, 634.0]
[0.0, 0.0, 847.0, 635.0]
[16.0, 32.0, 864.0, 668.0]
[0.0, 0.0, 849.0, 637.0]
[0.0, 16.0, 850.0, 654.0]
[32.0, 16.0, 883.0, 654.0]
[16.0, 32.0, 868.0, 671.0]
[16.0, 32.0, 869.0, 672.0]
[32.0, 16.0, 886.0, 656.0]
[32.0, 32.0, 887.0, 673.0]
[0.0, 16.0, 856.0, 658.0]
[0.0, 0.0, 857.0, 643.0]
[0.0, 0.0, 858.0, 644.0]
[16.0, 0.0, 875.0, 644.0]
[32.0, 0.0, 892.0, 645.0]
