[0.0, 0.0, 538.0, 717.0]
[80.0, 64.0, 618.0, 782.0]
[112.0, 48.0, 651.0, 767.0]
[112.0, 16.0, 652.0, 736.0]
[48.0, 64.0, 589.0, 785.0]
[48.0, 96.0, 590.0, 818.0]
[112.0, 32.0, 654.0, 755.0]
[32.0, 80.0, 575.0, 804.0]
[0.0, 16.0, 544.0, 741.0]
[96.0, 64.0, 640.0, 790.0]
[96.0, 48.0, 641.0, 775.0]
[48.0, 64.0, 594.0, 792.0]
[112.0, 16.0, 659.0, 745.0]
[32.0, 48.0, 580.0, 778.0]
[0.0, 32.0, 548.0, 763.0]
[48.0, 16.0, 597.0, 748.0]
[112.0, 0.0, 662.0, 733.0]
[32.0, 0.0, 582.0, 734.0]
[64.0, 48.0, 615.0, 783.0]
[16.0, 112.0, 568.0, 848.0]
[64.0, 80.0, 617.0, 817.0]
[32.0, 96.0, 586.0, 834.0]
[0.0, 0.0, 554.0, 739.0]
[0.0, 32.0, 555.0, 772.0]
[32.0, 32.0, 588.0, 773.0]
[32.0, 64.0, 588.0, 806.0]
[48.0, 0.0, 605.0, 743.0]
[48.0, 0.0, 606.0, 744.0]
[32.0, 48.0, 591.0, 793.0]
[80.0, 80.0, 640.0, 826.0]
[16.0, 16.0, 576.0, 763.0]
[48.0, 16.0, 609.0, 764.0]
[80.0, 16.0, 642.0, 765.0]
[64.0, 80.0, 626.0, 830.0]
[48.0, 0.0, 611.0, 751.0]
[80.0, 0.0, 644.0, 752.0]
[48.0, 96.0, 613.0, 849.0]
[16.0, 32.0, 582.0, 786.0]
[16.0, 16.0, 582.0, 771.0]
[16.0, 0.0, 583.0, 756.0]
[32.0, 80.0, 600.0, 837.0]
[16.0, 112.0, 584.0, 870.0]
[32.0, 32.0, 601.0, 791.0]
[16.0, 64.0, 586.0, 824.0]
[32.0, 32.0, 603.0, 793.0]
[16.0, 64.0, 588.0, 826.0]
[0.0, 0.0, 572.0, 763.0]
[32.0, 16.0, 605.0, 780.0]
[32.0, 48.0, 606.0, 813.0]
[48.0, 80.0, 622.0, 846.0]
[64.0, 80.0, 639.0, 847.0]
[96.0, 32.0, 672.0, 800.0]
[0.0, 0.0, 577.0, 769.0]
[0.0, 96.0, 578.0, 866.0]
[0.0, 64.0, 578.0, 835.0]
[16.0, 16.0, 595.0, 788.0]
[32.0, 16.0, 612.0, 789.0]
[64.0, 80.0, 644.0, 854.0]
[32.0, 32.0, 613.0, 807.0]
[64.0, 16.0, 646.0, 792.0]
[80.0, 0.0, 663.0, 777.0]
[0.0, 16.0, 584.0, 794.0]
[64.0, 64.0, 648.0, 843.0]
[64.0, 48.0, 649.0, 828.0]
[32.0, 16.0, 618.0, 797.0]
[64.0, 0.0, 650.0, 782.0]
[64.0, 32.0, 651.0, 815.0]
[48.0, 16.0, 636.0, 800.0]
[32.0, 96.0, 621.0, 881.0]
[0.0, 0.0, 590.0, 786.0]
[16.0, 48.0, 606.0, 835.0]
[32.0, 32.0, 623.0, 820.0]
[48.0, 16.0, 640.0, 805.0]
[32.0, 80.0, 624.0, 870.0]
[80.0, 0.0, 673.0, 791.0]
[64.0, 0.0, 658.0, 792.0]
[64.0, 48.0, 659.0, 841.0]
[48.0, 32.0, 644.0, 826.0]
[0.0, 64.0, 596.0, 859.0]
[16.0, 32.0, 613.0, 828.0]
[0.0, 80.0, 598.0, 877.0]
[0.0, 64.0, 598.0, 862.0]
[16.0, 0.0, 615.0, 799.0]
[48.0, 32.0, 648.0, 832.0]
[32.0, 16.0, 633.0, 817.0]
[16.0, 48.0, 618.0, 850.0]
[32.0, 80.0, 634.0, 883.0]
[48.0, 0.0, 651.0, 804.0]
[16.0, 80.0, 620.0, 885.0]
[48.0, 48.0, 652.0, 854.0]
[32.0, 32.0, 637.0, 839.0]
[48.0, 0.0, 654.0, 808.0]
[16.0, 64.0, 623.0, 873.0]
[32.0, 16.0, 640.0, 826.0]
[0.0, 64.0, 608.0, 875.0]
[32.0, 48.0, 641.0, 860.0]
[32.0, 64.0, 642.0, 877.0]
[16.0, 64.0, 626.0, 878.0]
[32.0, 0.0, 643.0, 815.0]
[48.0, 48.0, 660.0, 864.0]
[16.0, 16.0, 629.0, 833.0]
[32.0, 64.0, 646.0, 882.0]
[0.0, 64.0, 614.0, 883.0]
[48.0, 32.0, 663.0, 852.0]
[32.0, 0.0, 648.0, 821.0]
[16.0, 64.0, 632.0, 886.0]
[32.0, 64.0, 649.0, 887.0]
[32.0, 32.0, 650.0, 856.0]
[16.0, 64.0, 635.0, 889.0]
[0.0, 0.0, 620.0, 826.0]
[32.0, 64.0, 652.0, 891.0]
[16.0, 32.0, 637.0, 860.0]
[0.0, 0.0, 622.0, 829.0]
[32.0, 64.0, 654.0, 894.0]
[32.0, 48.0, 655.0, 879.0]
[48.0, 16.0, 672.0, 848.0]
[16.0, 0.0, 641.0, 833.0]
[0.0, 64.0, 626.0, 898.0]
[32.0, 48.0, 658.0, 883.0]
[32.0, 48.0, 659.0, 884.0]
[0.0, 0.0, 628.0, 837.0]
[32.0, 16.0, 660.0, 854.0]
[0.0, 48.0, 629.0, 887.0]
[32.0, 16.0, 662.0, 856.0]
[16.0, 48.0, 647.0, 889.0]
[16.0, 16.0, 648.0, 858.0]
[0.0, 16.0, 632.0, 859.0]
[0.0, 32.0, 633.0, 876.0]
[32.0, 32.0, 666.0, 877.0]
[32.0, 32.0, 666.0, 878.0]
[32.0, 48.0, 667.0, 895.0]
[32.0, 0.0, 668.0, 848.0]
[0.0, 0.0, 637.0, 849.0]
[32.0, 16.0, 670.0, 866.0]
[16.0, 32.0, 654.0, 883.0]
[0.0, 16.0, 639.0, 868.0]
[16.0, 48.0, 656.0, 901.0]
[0.0, 16.0, 640.0, 870.0]
[16.0, 0.0, 657.0, 855.0]
[32.0, 16.0, 674.0, 872.0]
[16.0, 0.0, 659.0, 857.0]
[0.0, 32.0, 644.0, 890.0]
[0.0, 16.0, 644.0, 875.0]
[0.0, 16.0, 645.0, 876.0]
