[128.0, 80.0, 877.0, 642.0]
[224.0, 48.0, 974.0, 610.0]
[160.0, 96.0, 911.0, 659.0]
[224.0, 96.0, 976.0, 660.0]
[224.0, 64.0, 977.0, 629.0]
[80.0, 80.0, 834.0, 646.0]
[176.0, 64.0, 931.0, 630.0]
[48.0, 96.0, 804.0, 663.0]
[144.0, 96.0, 901.0, 664.0]
[96.0, 80.0, 854.0, 648.0]
[128.0, 64.0, 887.0, 633.0]
[160.0, 80.0, 920.0, 650.0]
[80.0, 96.0, 841.0, 667.0]
[112.0, 96.0, 874.0, 668.0]
[160.0, 112.0, 923.0, 684.0]
[96.0, 112.0, 860.0, 685.0]
[112.0, 32.0, 877.0, 606.0]
[224.0, 96.0, 990.0, 670.0]
[208.0, 48.0, 975.0, 623.0]
[128.0, 64.0, 896.0, 640.0]
[32.0, 32.0, 801.0, 609.0]
[144.0, 32.0, 914.0, 610.0]
[208.0, 96.0, 979.0, 674.0]
[224.0, 64.0, 996.0, 643.0]
[112.0, 16.0, 885.0, 596.0]
[176.0, 96.0, 950.0, 676.0]
[16.0, 32.0, 791.0, 613.0]
[112.0, 96.0, 888.0, 678.0]
[208.0, 48.0, 985.0, 631.0]
[192.0, 32.0, 970.0, 616.0]
[80.0, 48.0, 859.0, 632.0]
[208.0, 96.0, 988.0, 681.0]
[64.0, 96.0, 845.0, 682.0]
[192.0, 64.0, 974.0, 650.0]
[96.0, 64.0, 879.0, 651.0]
[96.0, 80.0, 880.0, 668.0]
[48.0, 64.0, 833.0, 653.0]
[64.0, 0.0, 850.0, 590.0]
[192.0, 64.0, 979.0, 654.0]
[224.0, 80.0, 1012.0, 671.0]
[160.0, 0.0, 949.0, 592.0]
[112.0, 32.0, 902.0, 624.0]
[144.0, 80.0, 935.0, 673.0]
[192.0, 48.0, 984.0, 642.0]
[192.0, 48.0, 985.0, 643.0]
[48.0, 80.0, 842.0, 676.0]
[176.0, 16.0, 971.0, 612.0]
[96.0, 96.0, 892.0, 693.0]
[160.0, 64.0, 957.0, 662.0]
[64.0, 64.0, 862.0, 662.0]
[112.0, 32.0, 911.0, 631.0]
[112.0, 96.0, 912.0, 696.0]
[112.0, 64.0, 913.0, 665.0]
[160.0, 16.0, 962.0, 618.0]
[64.0, 32.0, 867.0, 634.0]
[80.0, 112.0, 884.0, 715.0]
[48.0, 48.0, 853.0, 652.0]
[112.0, 112.0, 918.0, 716.0]
[144.0, 64.0, 951.0, 669.0]
[64.0, 112.0, 872.0, 718.0]
[144.0, 32.0, 953.0, 639.0]
[192.0, 32.0, 1002.0, 640.0]
[112.0, 64.0, 923.0, 672.0]
[112.0, 32.0, 924.0, 641.0]
[192.0, 48.0, 1005.0, 658.0]
[128.0, 96.0, 942.0, 706.0]
[112.0, 96.0, 927.0, 707.0]
[48.0, 112.0, 864.0, 724.0]
[144.0, 64.0, 961.0, 677.0]
[192.0, 16.0, 1010.0, 630.0]
[80.0, 64.0, 899.0, 678.0]
[48.0, 80.0, 868.0, 695.0]
[64.0, 64.0, 885.0, 680.0]
[48.0, 16.0, 870.0, 632.0]
[128.0, 32.0, 951.0, 649.0]
[128.0, 64.0, 952.0, 682.0]
[48.0, 32.0, 873.0, 651.0]
[64.0, 80.0, 890.0, 700.0]
[80.0, 64.0, 907.0, 684.0]
[16.0, 32.0, 844.0, 653.0]
[192.0, 80.0, 1021.0, 702.0]
[16.0, 16.0, 846.0, 638.0]
[144.0, 112.0, 975.0, 735.0]
[128.0, 16.0, 960.0, 640.0]
[128.0, 80.0, 961.0, 705.0]
[80.0, 64.0, 914.0, 690.0]
[48.0, 32.0, 883.0, 658.0]
[112.0, 80.0, 948.0, 707.0]
[32.0, 64.0, 869.0, 692.0]
[176.0, 80.0, 1014.0, 708.0]
[80.0, 96.0, 919.0, 725.0]
[176.0, 0.0, 1016.0, 630.0]
[160.0, 48.0, 1001.0, 679.0]
[0.0, 0.0, 842.0, 632.0]
[64.0, 112.0, 907.0, 744.0]
[144.0, 112.0, 988.0, 745.0]
[80.0, 32.0, 925.0, 666.0]
[48.0, 16.0, 894.0, 650.0]
[64.0, 48.0, 911.0, 683.0]
[16.0, 80.0, 864.0, 716.0]
[48.0, 80.0, 897.0, 717.0]
[80.0, 16.0, 930.0, 654.0]
[48.0, 16.0, 899.0, 654.0]
[80.0, 48.0, 932.0, 687.0]
[0.0, 64.0, 853.0, 704.0]
[32.0, 48.0, 886.0, 688.0]
[0.0, 0.0, 855.0, 641.0]
[64.0, 96.0, 920.0, 738.0]
[48.0, 48.0, 905.0, 691.0]
[112.0, 112.0, 970.0, 756.0]
[144.0, 64.0, 1003.0, 708.0]
[16.0, 16.0, 876.0, 661.0]
[112.0, 32.0, 973.0, 678.0]
[32.0, 64.0, 894.0, 710.0]
[96.0, 16.0, 959.0, 663.0]
[96.0, 64.0, 960.0, 712.0]
[144.0, 64.0, 1009.0, 713.0]
[80.0, 112.0, 946.0, 762.0]
[48.0, 48.0, 915.0, 698.0]
[96.0, 48.0, 964.0, 699.0]
[16.0, 64.0, 885.0, 716.0]
[16.0, 16.0, 886.0, 668.0]
[80.0, 16.0, 951.0, 669.0]
[32.0, 96.0, 904.0, 750.0]
[0.0, 32.0, 873.0, 687.0]
[144.0, 64.0, 1018.0, 720.0]
[112.0, 80.0, 987.0, 736.0]
[112.0, 32.0, 988.0, 689.0]
[128.0, 0.0, 1005.0, 658.0]
[96.0, 32.0, 974.0, 690.0]
[80.0, 96.0, 959.0, 755.0]
[48.0, 96.0, 928.0, 756.0]
[48.0, 80.0, 929.0, 741.0]
[32.0, 0.0, 914.0, 662.0]
[48.0, 48.0, 931.0, 710.0]
[96.0, 32.0, 980.0, 695.0]
[128.0, 80.0, 1013.0, 744.0]
[128.0, 80.0, 1014.0, 744.0]
[48.0, 0.0, 935.0, 665.0]
[16.0, 16.0, 904.0, 682.0]
[112.0, 96.0, 1001.0, 763.0]
[112.0, 96.0, 1002.0, 764.0]
[16.0, 80.0, 907.0, 748.0]
[32.0, 64.0, 924.0, 733.0]
[0.0, 32.0, 893.0, 702.0]
[64.0, 32.0, 958.0, 702.0]
[32.0, 16.0, 927.0, 687.0]
[96.0, 80.0, 992.0, 752.0]
[48.0, 16.0, 945.0, 689.0]
[32.0, 64.0, 930.0, 738.0]
[96.0, 80.0, 995.0, 754.0]
[80.0, 32.0, 980.0, 707.0]
[32.0, 32.0, 933.0, 708.0]
[48.0, 16.0, 950.0, 692.0]
[96.0, 64.0, 999.0, 741.0]
[48.0, 80.0, 952.0, 758.0]
[80.0, 80.0, 985.0, 759.0]
[32.0, 0.0, 938.0, 680.0]
[80.0, 0.0, 987.0, 680.0]
[0.0, 48.0, 908.0, 729.0]
[0.0, 48.0, 909.0, 730.0]
[80.0, 64.0, 990.0, 746.0]
[32.0, 16.0, 943.0, 699.0]
[48.0, 32.0, 960.0, 716.0]
[64.0, 0.0, 977.0, 685.0]
[16.0, 0.0, 930.0, 686.0]
[48.0, 32.0, 963.0, 718.0]
[0.0, 48.0, 916.0, 735.0]
[80.0, 48.0, 997.0, 736.0]
[0.0, 32.0, 918.0, 720.0]
[80.0, 16.0, 999.0, 705.0]
[32.0, 0.0, 952.0, 690.0]
[96.0, 0.0, 1017.0, 691.0]
[48.0, 32.0, 970.0, 724.0]
[48.0, 32.0, 971.0, 724.0]
[96.0, 48.0, 1020.0, 741.0]
[80.0, 64.0, 1005.0, 758.0]
[16.0, 32.0, 942.0, 726.0]
[64.0, 64.0, 991.0, 759.0]
[32.0, 32.0, 960.0, 728.0]
[48.0, 48.0, 977.0, 745.0]
[64.0, 48.0, 994.0, 746.0]
[16.0, 32.0, 947.0, 730.0]
[16.0, 32.0, 948.0, 731.0]
[80.0, 32.0, 1013.0, 732.0]
[0.0, 48.0, 934.0, 748.0]
[80.0, 0.0, 1015.0, 701.0]
[16.0, 48.0, 952.0, 750.0]
[0.0, 48.0, 937.0, 751.0]
[32.0, 0.0, 970.0, 704.0]
[80.0, 64.0, 1019.0, 768.0]
[32.0, 0.0, 972.0, 705.0]
[64.0, 32.0, 1005.0, 738.0]
[16.0, 0.0, 958.0, 706.0]
[48.0, 32.0, 991.0, 739.0]
[48.0, 32.0, 992.0, 740.0]
[64.0, 16.0, 1009.0, 725.0]
[64.0, 48.0, 1010.0, 758.0]
[0.0, 16.0, 947.0, 726.0]
[64.0, 0.0, 1012.0, 711.0]
[32.0, 48.0, 981.0, 760.0]
[32.0, 32.0, 982.0, 744.0]
[48.0, 32.0, 999.0, 745.0]
[48.0, 48.0, 1000.0, 762.0]
[0.0, 16.0, 953.0, 731.0]
[32.0, 32.0, 986.0, 748.0]
[0.0, 48.0, 955.0, 764.0]
[16.0, 16.0, 972.0, 733.0]
[64.0, 16.0, 1021.0, 734.0]
[0.0, 48.0, 958.0, 766.0]
[32.0, 16.0, 991.0, 735.0]
[64.0, 16.0, 1024.0, 736.0]
[0.0, 16.0, 961.0, 737.0]
[48.0, 32.0, 1010.0, 754.0]
[16.0, 16.0, 979.0, 738.0]
[48.0, 0.0, 1012.0, 723.0]
[32.0, 32.0, 997.0, 756.0]
[0.0, 16.0, 966.0, 740.0]
[48.0, 32.0, 1015.0, 757.0]
[48.0, 0.0, 1016.0, 726.0]
[32.0, 32.0, 1001.0, 759.0]
[32.0, 32.0, 1002.0, 760.0]
[48.0, 32.0, 1019.0, 760.0]
[48.0, 32.0, 1020.0, 761.0]
[16.0, 32.0, 989.0, 762.0]
[16.0, 32.0, 990.0, 762.0]
[0.0, 32.0, 975.0, 763.0]
[48.0, 0.0, 1024.0, 732.0]
[16.0, 16.0, 993.0, 749.0]
[0.0, 0.0, 978.0, 734.0]
[32.0, 0.0, 1011.0, 734.0]
[0.0, 32.0, 980.0, 767.0]
[0.0, 16.0, 981.0, 752.0]
[32.0, 32.0, 1014.0, 768.0]
[32.0, 16.0, 1015.0, 753.0]
[16.0, 0.0, 1000.0, 738.0]
[0.0, 0.0, 985.0, 739.0]
[0.0, 16.0, 986.0, 756.0]
[0.0, 0.0, 987.0, 740.0]
[0.0, 16.0, 988.0, 757.0]
[0.0, 0.0, 989.0, 742.0]
[32.0, 0.0, 1022.0, 742.0]
[16.0, 16.0, 1007.0, 759.0]
[16.0, 0.0, 1008.0, 744.0]
[16.0, 0.0, 1009.0, 745.0]
[0.0, 16.0, 994.0, 762.0]
[16.0, 0.0, 1011.0, 746.0]
[0.0, 0.0, 996.0, 747.0]
[16.0, 16.0, 1013.0, 764.0]
[16.0, 0.0, 1014.0, 748.0]
[16.0, 16.0, 1015.0, 765.0]
[0.0, 16.0, 1000.0, 766.0]
[0.0, 16.0, 1001.0, 767.0]
[16.0, 0.0, 1018.0, 752.0]
[16.0, 0.0, 1019.0, 752.0]
[0.0, 0.0, 1004.0, 753.0]
[0.0, 0.0, 1005.0, 754.0]
[16.0, 0.0, 1022.0, 754.0]
[16.0, 0.0, 1023.0, 755.0]
[16.0, 0.0, 1024.0, 756.0]
[0.0, 0.0, 1009.0, 757.0]
[0.0, 0.0, 1010.0, 758.0]
[0.0, 0.0, 1011.0, 758.0]
[0.0, 0.0, 1012.0, 759.0]
[0.0, 0.0, 1013.0, 760.0]
[0.0, 0.0, 1014.0, 760.0]
[0.0, 0.0, 1015.0, 761.0]
[0.0, 0.0, 1016.0, 762.0]
[0.0, 0.0, 1017.0, 763.0]
[0.0, 0.0, 1018.0, 764.0]
[0.0, 0.0, 1019.0, 764.0]
[0.0, 0.0, 1020.0, 765.0]
[0.0, 0.0, 1021.0, 766.0]
[0.0, 0.0, 1022.0, 766.0]
[0.0, 0.0, 1023.0, 767.0]
[0.0, 0.0, 1024.0, 768.0]
