[128.0, 192.0, 845.0, 730.0]
[64.0, 208.0, 782.0, 746.0]
[96.0, 192.0, 815.0, 731.0]
[192.0, 192.0, 912.0, 732.0]
[160.0, 208.0, 881.0, 749.0]
[256.0, 192.0, 978.0, 734.0]
[256.0, 208.0, 979.0, 750.0]
[224.0, 224.0, 948.0, 767.0]
[96.0, 208.0, 821.0, 752.0]
[64.0, 224.0, 790.0, 768.0]
[128.0, 208.0, 855.0, 753.0]
[224.0, 208.0, 952.0, 754.0]
[208.0, 192.0, 937.0, 739.0]
[64.0, 192.0, 794.0, 740.0]
[224.0, 176.0, 955.0, 724.0]
[64.0, 192.0, 796.0, 741.0]
[160.0, 192.0, 893.0, 742.0]
[96.0, 192.0, 830.0, 742.0]
[112.0, 192.0, 847.0, 743.0]
[80.0, 176.0, 816.0, 728.0]
[192.0, 176.0, 929.0, 729.0]
[112.0, 208.0, 850.0, 762.0]
[208.0, 176.0, 947.0, 730.0]
[128.0, 176.0, 868.0, 731.0]
[128.0, 208.0, 869.0, 764.0]
[176.0, 192.0, 918.0, 748.0]
[240.0, 176.0, 983.0, 733.0]
[160.0, 208.0, 904.0, 766.0]
[32.0, 176.0, 777.0, 735.0]
[96.0, 192.0, 842.0, 752.0]
[96.0, 192.0, 843.0, 752.0]
[176.0, 160.0, 924.0, 721.0]
[96.0, 192.0, 845.0, 754.0]
[192.0, 176.0, 942.0, 738.0]
[96.0, 192.0, 847.0, 755.0]
[64.0, 176.0, 816.0, 740.0]
[224.0, 160.0, 977.0, 725.0]
[64.0, 192.0, 818.0, 758.0]
[64.0, 192.0, 819.0, 758.0]
[192.0, 176.0, 948.0, 743.0]
[80.0, 192.0, 837.0, 760.0]
[192.0, 160.0, 950.0, 728.0]
[96.0, 192.0, 855.0, 761.0]
[160.0, 176.0, 920.0, 746.0]
[208.0, 192.0, 969.0, 763.0]
[128.0, 192.0, 890.0, 764.0]
[64.0, 192.0, 827.0, 764.0]
[80.0, 192.0, 844.0, 765.0]
[48.0, 176.0, 813.0, 750.0]
[80.0, 176.0, 846.0, 750.0]
[48.0, 192.0, 815.0, 767.0]
[224.0, 176.0, 992.0, 752.0]
[192.0, 176.0, 961.0, 753.0]
[64.0, 144.0, 834.0, 722.0]
[128.0, 160.0, 899.0, 738.0]
[208.0, 160.0, 980.0, 739.0]
[208.0, 144.0, 981.0, 724.0]
[208.0, 176.0, 982.0, 756.0]
[128.0, 160.0, 903.0, 741.0]
[112.0, 144.0, 888.0, 726.0]
[176.0, 160.0, 953.0, 743.0]
[128.0, 144.0, 906.0, 728.0]
[128.0, 160.0, 907.0, 744.0]
[112.0, 176.0, 892.0, 761.0]
[192.0, 160.0, 973.0, 746.0]
[64.0, 160.0, 846.0, 746.0]
[160.0, 176.0, 943.0, 763.0]
[80.0, 176.0, 864.0, 764.0]
[96.0, 144.0, 881.0, 733.0]
[64.0, 144.0, 850.0, 734.0]
[112.0, 176.0, 899.0, 766.0]
[112.0, 128.0, 900.0, 719.0]
[16.0, 160.0, 805.0, 752.0]
[128.0, 144.0, 918.0, 736.0]
[80.0, 144.0, 871.0, 737.0]
[64.0, 144.0, 856.0, 738.0]
[176.0, 128.0, 969.0, 723.0]
[176.0, 128.0, 970.0, 724.0]
[160.0, 160.0, 955.0, 756.0]
[64.0, 160.0, 860.0, 757.0]
[48.0, 160.0, 845.0, 758.0]
[112.0, 160.0, 910.0, 758.0]
[96.0, 144.0, 895.0, 743.0]
[112.0, 128.0, 912.0, 728.0]
[128.0, 144.0, 929.0, 745.0]
[32.0, 144.0, 834.0, 746.0]
[96.0, 144.0, 899.0, 746.0]
[16.0, 144.0, 820.0, 747.0]
[128.0, 160.0, 933.0, 764.0]
[192.0, 160.0, 998.0, 764.0]
[48.0, 128.0, 855.0, 733.0]
[176.0, 160.0, 984.0, 766.0]
[128.0, 160.0, 937.0, 767.0]
[160.0, 160.0, 970.0, 768.0]
[96.0, 128.0, 907.0, 736.0]
[48.0, 144.0, 860.0, 753.0]
[32.0, 144.0, 845.0, 754.0]
[96.0, 128.0, 910.0, 738.0]
[16.0, 144.0, 831.0, 755.0]
[160.0, 128.0, 976.0, 740.0]
[80.0, 128.0, 897.0, 741.0]
[112.0, 112.0, 930.0, 726.0]
[48.0, 112.0, 867.0, 726.0]
[144.0, 144.0, 964.0, 759.0]
[176.0, 144.0, 997.0, 760.0]
[80.0, 128.0, 902.0, 744.0]
[64.0, 144.0, 887.0, 761.0]
[112.0, 112.0, 936.0, 730.0]
[16.0, 128.0, 841.0, 747.0]
[80.0, 128.0, 906.0, 748.0]
[176.0, 112.0, 1003.0, 732.0]
[128.0, 128.0, 956.0, 749.0]
[48.0, 112.0, 877.0, 734.0]
[176.0, 128.0, 1006.0, 750.0]
[80.0, 144.0, 911.0, 767.0]
[16.0, 112.0, 848.0, 736.0]
[144.0, 112.0, 977.0, 737.0]
[160.0, 112.0, 994.0, 738.0]
[80.0, 112.0, 915.0, 738.0]
[128.0, 112.0, 964.0, 739.0]
[144.0, 128.0, 981.0, 756.0]
[128.0, 96.0, 966.0, 724.0]
[144.0, 96.0, 983.0, 725.0]
[64.0, 96.0, 904.0, 726.0]
[144.0, 96.0, 985.0, 727.0]
[80.0, 128.0, 922.0, 760.0]
[32.0, 112.0, 875.0, 744.0]
[80.0, 96.0, 924.0, 729.0]
[64.0, 96.0, 909.0, 730.0]
[48.0, 128.0, 894.0, 762.0]
[128.0, 112.0, 975.0, 747.0]
[144.0, 112.0, 992.0, 748.0]
[48.0, 128.0, 897.0, 765.0]
[80.0, 112.0, 930.0, 750.0]
[64.0, 96.0, 915.0, 734.0]
[16.0, 112.0, 868.0, 751.0]
[80.0, 128.0, 933.0, 768.0]
[128.0, 128.0, 982.0, 768.0]
[144.0, 96.0, 999.0, 737.0]
[96.0, 80.0, 952.0, 722.0]
[80.0, 112.0, 937.0, 755.0]
[48.0, 80.0, 906.0, 724.0]
[96.0, 96.0, 955.0, 740.0]
[96.0, 112.0, 956.0, 757.0]
[16.0, 112.0, 877.0, 758.0]
[96.0, 96.0, 958.0, 742.0]
[96.0, 96.0, 959.0, 743.0]
[128.0, 96.0, 992.0, 744.0]
[32.0, 80.0, 897.0, 729.0]
[64.0, 80.0, 930.0, 730.0]
[80.0, 80.0, 947.0, 730.0]
[64.0, 96.0, 932.0, 747.0]
[80.0, 80.0, 949.0, 732.0]
[48.0, 80.0, 918.0, 732.0]
[48.0, 96.0, 919.0, 749.0]
[80.0, 96.0, 952.0, 750.0]
[128.0, 80.0, 1001.0, 735.0]
[128.0, 96.0, 1002.0, 752.0]
[32.0, 96.0, 907.0, 752.0]
[48.0, 80.0, 924.0, 737.0]
[128.0, 96.0, 1005.0, 754.0]
[64.0, 80.0, 942.0, 738.0]
[128.0, 96.0, 1007.0, 755.0]
[112.0, 80.0, 992.0, 740.0]
[64.0, 96.0, 945.0, 757.0]
[80.0, 96.0, 962.0, 758.0]
[32.0, 96.0, 915.0, 758.0]
[80.0, 64.0, 964.0, 727.0]
[112.0, 96.0, 997.0, 760.0]
[64.0, 80.0, 950.0, 744.0]
[32.0, 96.0, 919.0, 761.0]
[96.0, 96.0, 984.0, 762.0]
[112.0, 80.0, 1001.0, 747.0]
[48.0, 80.0, 938.0, 748.0]
[112.0, 80.0, 1003.0, 748.0]
[96.0, 80.0, 988.0, 749.0]
[48.0, 96.0, 941.0, 766.0]
[48.0, 80.0, 942.0, 750.0]
[80.0, 96.0, 975.0, 767.0]
[64.0, 64.0, 960.0, 736.0]
[96.0, 80.0, 993.0, 753.0]
[32.0, 64.0, 930.0, 738.0]
[80.0, 64.0, 979.0, 738.0]
[80.0, 64.0, 980.0, 739.0]
[80.0, 64.0, 981.0, 740.0]
[80.0, 48.0, 982.0, 724.0]
[64.0, 64.0, 967.0, 741.0]
[64.0, 48.0, 968.0, 726.0]
[96.0, 80.0, 1001.0, 759.0]
[48.0, 80.0, 954.0, 760.0]
[48.0, 64.0, 955.0, 744.0]
[64.0, 64.0, 972.0, 745.0]
[48.0, 64.0, 957.0, 746.0]
[48.0, 80.0, 958.0, 762.0]
[64.0, 64.0, 975.0, 747.0]
[48.0, 48.0, 960.0, 732.0]
[80.0, 80.0, 993.0, 765.0]
[32.0, 48.0, 946.0, 734.0]
[32.0, 64.0, 947.0, 750.0]
[48.0, 80.0, 964.0, 767.0]
[80.0, 80.0, 997.0, 768.0]
[32.0, 64.0, 950.0, 752.0]
[64.0, 64.0, 983.0, 753.0]
[64.0, 48.0, 984.0, 738.0]
[64.0, 64.0, 985.0, 755.0]
[48.0, 48.0, 970.0, 740.0]
[32.0, 48.0, 955.0, 740.0]
[48.0, 48.0, 972.0, 741.0]
[48.0, 48.0, 973.0, 742.0]
[32.0, 64.0, 958.0, 758.0]
[48.0, 32.0, 975.0, 727.0]
[64.0, 64.0, 992.0, 760.0]
[48.0, 48.0, 977.0, 745.0]
[32.0, 48.0, 962.0, 746.0]
[48.0, 32.0, 979.0, 730.0]
[48.0, 48.0, 980.0, 747.0]
[32.0, 64.0, 965.0, 764.0]
[48.0, 64.0, 982.0, 764.0]
[32.0, 32.0, 967.0, 733.0]
[32.0, 48.0, 968.0, 750.0]
[48.0, 32.0, 985.0, 735.0]
[32.0, 64.0, 970.0, 768.0]
[48.0, 64.0, 987.0, 768.0]
[48.0, 48.0, 988.0, 753.0]
[32.0, 32.0, 973.0, 738.0]
[32.0, 48.0, 974.0, 754.0]
[32.0, 48.0, 975.0, 755.0]
[48.0, 48.0, 992.0, 756.0]
[32.0, 48.0, 977.0, 757.0]
[32.0, 32.0, 978.0, 742.0]
[32.0, 48.0, 979.0, 758.0]
[32.0, 48.0, 980.0, 759.0]
[48.0, 48.0, 997.0, 760.0]
[48.0, 48.0, 998.0, 760.0]
[48.0, 32.0, 999.0, 745.0]
[48.0, 32.0, 1000.0, 746.0]
[32.0, 48.0, 985.0, 763.0]
[32.0, 48.0, 986.0, 764.0]
[32.0, 32.0, 987.0, 748.0]
[32.0, 48.0, 988.0, 765.0]
