[144.0, 112.0, 861.0, 650.0]
[224.0, 96.0, 942.0, 634.0]
[192.0, 128.0, 911.0, 667.0]
[176.0, 112.0, 896.0, 652.0]
[112.0, 48.0, 833.0, 589.0]
[112.0, 112.0, 834.0, 654.0]
[224.0, 48.0, 947.0, 590.0]
[80.0, 32.0, 804.0, 575.0]
[192.0, 32.0, 917.0, 576.0]
[160.0, 96.0, 886.0, 640.0]
[176.0, 48.0, 903.0, 593.0]
[112.0, 80.0, 840.0, 626.0]
[80.0, 80.0, 809.0, 627.0]
[80.0, 16.0, 810.0, 564.0]
[144.0, 64.0, 875.0, 612.0]
[128.0, 80.0, 860.0, 629.0]
[208.0, 16.0, 941.0, 566.0]
[176.0, 64.0, 910.0, 614.0]
[80.0, 16.0, 815.0, 567.0]
[144.0, 80.0, 880.0, 632.0]
[176.0, 64.0, 913.0, 617.0]
[192.0, 64.0, 930.0, 618.0]
[128.0, 16.0, 867.0, 570.0]
[208.0, 112.0, 948.0, 667.0]
[224.0, 96.0, 965.0, 652.0]
[208.0, 80.0, 950.0, 636.0]
[128.0, 96.0, 871.0, 653.0]
[224.0, 32.0, 968.0, 590.0]
[80.0, 64.0, 825.0, 623.0]
[192.0, 64.0, 938.0, 624.0]
[112.0, 64.0, 859.0, 624.0]
[224.0, 48.0, 972.0, 609.0]
[192.0, 96.0, 941.0, 658.0]
[208.0, 16.0, 958.0, 578.0]
[80.0, 96.0, 831.0, 659.0]
[112.0, 80.0, 864.0, 644.0]
[128.0, 48.0, 881.0, 613.0]
[112.0, 48.0, 866.0, 614.0]
[208.0, 16.0, 963.0, 582.0]
[208.0, 64.0, 964.0, 631.0]
[64.0, 48.0, 821.0, 616.0]
[176.0, 64.0, 934.0, 632.0]
[176.0, 16.0, 935.0, 585.0]
[112.0, 80.0, 872.0, 650.0]
[224.0, 64.0, 985.0, 635.0]
[64.0, 96.0, 826.0, 668.0]
[80.0, 32.0, 843.0, 604.0]
[128.0, 80.0, 892.0, 653.0]
[144.0, 16.0, 909.0, 590.0]
[80.0, 80.0, 846.0, 654.0]
[160.0, 48.0, 927.0, 623.0]
[32.0, 64.0, 800.0, 640.0]
[48.0, 64.0, 817.0, 641.0]
[128.0, 48.0, 898.0, 626.0]
[112.0, 80.0, 883.0, 658.0]
[48.0, 64.0, 820.0, 643.0]
[112.0, 16.0, 885.0, 596.0]
[112.0, 32.0, 886.0, 612.0]
[32.0, 32.0, 807.0, 613.0]
[208.0, 48.0, 984.0, 630.0]
[96.0, 64.0, 873.0, 647.0]
[80.0, 16.0, 858.0, 600.0]
[32.0, 48.0, 811.0, 632.0]
[208.0, 48.0, 988.0, 633.0]
[176.0, 16.0, 957.0, 602.0]
[208.0, 16.0, 990.0, 602.0]
[160.0, 80.0, 943.0, 667.0]
[208.0, 16.0, 992.0, 604.0]
[48.0, 32.0, 833.0, 621.0]
[128.0, 32.0, 914.0, 622.0]
[80.0, 32.0, 867.0, 622.0]
[32.0, 48.0, 820.0, 639.0]
[128.0, 48.0, 917.0, 640.0]
[176.0, 64.0, 966.0, 656.0]
[16.0, 64.0, 807.0, 657.0]
[208.0, 32.0, 1000.0, 626.0]
[96.0, 64.0, 889.0, 659.0]
[224.0, 48.0, 1018.0, 644.0]
[208.0, 64.0, 1003.0, 660.0]
[96.0, 32.0, 892.0, 629.0]
[208.0, 32.0, 1005.0, 630.0]
[112.0, 64.0, 910.0, 662.0]
[32.0, 32.0, 831.0, 631.0]
[48.0, 32.0, 848.0, 632.0]
[144.0, 32.0, 945.0, 633.0]
[64.0, 32.0, 866.0, 634.0]
[208.0, 48.0, 1011.0, 650.0]
[96.0, 32.0, 900.0, 635.0]
[160.0, 48.0, 965.0, 652.0]
[208.0, 48.0, 1014.0, 652.0]
[16.0, 48.0, 823.0, 653.0]
[16.0, 32.0, 824.0, 638.0]
[80.0, 32.0, 889.0, 639.0]
[112.0, 48.0, 922.0, 656.0]
[80.0, 48.0, 891.0, 656.0]
[144.0, 32.0, 956.0, 641.0]
[112.0, 32.0, 925.0, 642.0]
[96.0, 48.0, 910.0, 658.0]
[112.0, 32.0, 927.0, 643.0]
[192.0, 32.0, 1008.0, 644.0]
[160.0, 32.0, 977.0, 645.0]
[16.0, 48.0, 834.0, 662.0]
[32.0, 48.0, 851.0, 662.0]
[160.0, 32.0, 980.0, 647.0]
[32.0, 48.0, 853.0, 664.0]
[0.0, 32.0, 822.0, 648.0]
[112.0, 32.0, 935.0, 649.0]
[16.0, 32.0, 840.0, 650.0]
[96.0, 32.0, 921.0, 651.0]
[160.0, 32.0, 986.0, 652.0]
[16.0, 32.0, 843.0, 652.0]
[128.0, 32.0, 956.0, 653.0]
[48.0, 32.0, 877.0, 654.0]
[112.0, 32.0, 942.0, 654.0]
[32.0, 32.0, 863.0, 655.0]
[192.0, 32.0, 1024.0, 656.0]
[144.0, 32.0, 977.0, 657.0]
[176.0, 32.0, 1010.0, 658.0]
[0.0, 32.0, 835.0, 658.0]
[48.0, 32.0, 884.0, 659.0]
[80.0, 32.0, 917.0, 660.0]
[160.0, 32.0, 998.0, 660.0]
[160.0, 32.0, 999.0, 661.0]
[16.0, 32.0, 856.0, 662.0]
