[48.0, 48.0, 833.0, 637.0]
[64.0, 48.0, 850.0, 638.0]
[80.0, 64.0, 867.0, 654.0]
[128.0, 112.0, 916.0, 703.0]
[112.0, 48.0, 901.0, 640.0]
[80.0, 64.0, 870.0, 656.0]
[96.0, 48.0, 887.0, 641.0]
[128.0, 96.0, 920.0, 690.0]
[144.0, 144.0, 937.0, 739.0]
[96.0, 80.0, 890.0, 676.0]
[64.0, 96.0, 859.0, 692.0]
[160.0, 64.0, 956.0, 661.0]
[32.0, 80.0, 829.0, 678.0]
[80.0, 32.0, 878.0, 630.0]
[176.0, 64.0, 975.0, 663.0]
[48.0, 128.0, 848.0, 728.0]
[160.0, 128.0, 961.0, 729.0]
[96.0, 128.0, 898.0, 730.0]
[80.0, 48.0, 883.0, 650.0]
[80.0, 128.0, 884.0, 731.0]
[32.0, 64.0, 837.0, 668.0]
[192.0, 96.0, 998.0, 700.0]
[144.0, 96.0, 951.0, 701.0]
[112.0, 16.0, 920.0, 622.0]
[48.0, 48.0, 857.0, 655.0]
[16.0, 64.0, 826.0, 672.0]
[64.0, 64.0, 875.0, 672.0]
[80.0, 64.0, 892.0, 673.0]
[16.0, 128.0, 829.0, 738.0]
[160.0, 48.0, 974.0, 658.0]
[112.0, 48.0, 927.0, 659.0]
[144.0, 144.0, 960.0, 756.0]
[48.0, 96.0, 865.0, 709.0]
[16.0, 96.0, 834.0, 710.0]
[160.0, 144.0, 979.0, 758.0]
[160.0, 144.0, 980.0, 759.0]
[48.0, 16.0, 869.0, 632.0]
[96.0, 96.0, 918.0, 712.0]
[176.0, 48.0, 999.0, 665.0]
[16.0, 32.0, 840.0, 650.0]
[16.0, 80.0, 841.0, 699.0]
[128.0, 0.0, 954.0, 620.0]
[0.0, 96.0, 827.0, 716.0]
[16.0, 48.0, 844.0, 669.0]
[80.0, 32.0, 909.0, 654.0]
[144.0, 112.0, 974.0, 734.0]
[0.0, 80.0, 831.0, 703.0]
[80.0, 112.0, 912.0, 736.0]
[112.0, 80.0, 945.0, 705.0]
[160.0, 32.0, 994.0, 658.0]
[16.0, 48.0, 851.0, 674.0]
[32.0, 128.0, 868.0, 755.0]
[144.0, 16.0, 981.0, 644.0]
[112.0, 48.0, 950.0, 676.0]
[16.0, 48.0, 855.0, 677.0]
[176.0, 112.0, 1016.0, 742.0]
[80.0, 80.0, 921.0, 711.0]
[160.0, 32.0, 1002.0, 664.0]
[16.0, 16.0, 859.0, 648.0]
[128.0, 0.0, 972.0, 633.0]
[16.0, 64.0, 861.0, 698.0]
[80.0, 0.0, 926.0, 634.0]
[144.0, 64.0, 991.0, 699.0]
[144.0, 64.0, 992.0, 700.0]
[32.0, 128.0, 881.0, 765.0]
[128.0, 80.0, 978.0, 718.0]
[64.0, 64.0, 915.0, 702.0]
[32.0, 16.0, 884.0, 655.0]
[128.0, 48.0, 981.0, 688.0]
[0.0, 48.0, 854.0, 688.0]
[64.0, 0.0, 919.0, 641.0]
[96.0, 48.0, 952.0, 690.0]
[128.0, 96.0, 985.0, 739.0]
[144.0, 48.0, 1002.0, 692.0]
[48.0, 112.0, 907.0, 756.0]
[112.0, 16.0, 972.0, 661.0]
[80.0, 64.0, 941.0, 710.0]
[80.0, 80.0, 942.0, 726.0]
[160.0, 80.0, 1023.0, 727.0]
[96.0, 16.0, 960.0, 664.0]
[48.0, 32.0, 913.0, 681.0]
[144.0, 16.0, 1010.0, 666.0]
[32.0, 64.0, 899.0, 714.0]
[112.0, 96.0, 980.0, 747.0]
[0.0, 112.0, 869.0, 764.0]
[112.0, 96.0, 982.0, 748.0]
[96.0, 96.0, 967.0, 749.0]
[32.0, 96.0, 904.0, 750.0]
[0.0, 32.0, 873.0, 687.0]
[64.0, 48.0, 938.0, 704.0]
[32.0, 80.0, 907.0, 736.0]
[32.0, 16.0, 908.0, 673.0]
[96.0, 0.0, 973.0, 658.0]
[48.0, 64.0, 926.0, 722.0]
[48.0, 48.0, 927.0, 707.0]
[80.0, 0.0, 960.0, 660.0]
[96.0, 80.0, 977.0, 741.0]
[32.0, 0.0, 914.0, 662.0]
[64.0, 80.0, 947.0, 742.0]
[48.0, 80.0, 932.0, 743.0]
[112.0, 48.0, 997.0, 712.0]
[112.0, 48.0, 998.0, 712.0]
[112.0, 64.0, 999.0, 729.0]
[48.0, 0.0, 936.0, 666.0]
[112.0, 16.0, 1001.0, 683.0]
[112.0, 16.0, 1002.0, 684.0]
[32.0, 80.0, 923.0, 748.0]
[16.0, 64.0, 908.0, 733.0]
[32.0, 64.0, 925.0, 734.0]
[112.0, 16.0, 1006.0, 686.0]
[0.0, 48.0, 895.0, 719.0]
[64.0, 32.0, 960.0, 704.0]
[0.0, 16.0, 897.0, 689.0]
[80.0, 80.0, 978.0, 754.0]
[16.0, 16.0, 915.0, 690.0]
[96.0, 16.0, 996.0, 691.0]
[16.0, 16.0, 917.0, 692.0]
[0.0, 32.0, 902.0, 708.0]
[112.0, 32.0, 1015.0, 709.0]
[16.0, 48.0, 920.0, 726.0]
[0.0, 80.0, 905.0, 759.0]
[96.0, 0.0, 1002.0, 680.0]
[48.0, 48.0, 955.0, 728.0]
[96.0, 32.0, 1004.0, 713.0]
[80.0, 16.0, 989.0, 698.0]
[0.0, 16.0, 910.0, 698.0]
[112.0, 48.0, 1023.0, 731.0]
[96.0, 80.0, 1008.0, 764.0]
[32.0, 64.0, 945.0, 749.0]
[16.0, 80.0, 930.0, 766.0]
[80.0, 0.0, 995.0, 686.0]
[80.0, 64.0, 996.0, 751.0]
[80.0, 32.0, 997.0, 720.0]
[96.0, 0.0, 1014.0, 688.0]
[0.0, 64.0, 919.0, 753.0]
[16.0, 48.0, 936.0, 738.0]
[0.0, 0.0, 921.0, 691.0]
[64.0, 32.0, 986.0, 724.0]
[80.0, 32.0, 1003.0, 724.0]
[0.0, 48.0, 924.0, 741.0]
[96.0, 32.0, 1021.0, 726.0]
[64.0, 64.0, 990.0, 758.0]
[80.0, 48.0, 1007.0, 743.0]
[0.0, 32.0, 928.0, 728.0]
[16.0, 16.0, 945.0, 713.0]
[16.0, 48.0, 946.0, 746.0]
[64.0, 32.0, 995.0, 730.0]
[48.0, 16.0, 980.0, 715.0]
[32.0, 48.0, 965.0, 748.0]
[48.0, 32.0, 982.0, 732.0]
[80.0, 16.0, 1015.0, 717.0]
[0.0, 32.0, 936.0, 734.0]
[64.0, 16.0, 1001.0, 719.0]
[80.0, 0.0, 1018.0, 704.0]
[16.0, 0.0, 955.0, 704.0]
[64.0, 0.0, 1004.0, 705.0]
[16.0, 16.0, 957.0, 722.0]
[16.0, 48.0, 958.0, 754.0]
[0.0, 48.0, 943.0, 755.0]
[32.0, 48.0, 976.0, 756.0]
[64.0, 0.0, 1009.0, 709.0]
[48.0, 32.0, 994.0, 742.0]
[0.0, 0.0, 947.0, 710.0]
[48.0, 16.0, 996.0, 727.0]
[32.0, 0.0, 981.0, 712.0]
[64.0, 16.0, 1014.0, 728.0]
[64.0, 32.0, 1015.0, 745.0]
[16.0, 0.0, 968.0, 714.0]
[0.0, 16.0, 953.0, 731.0]
[48.0, 16.0, 1002.0, 732.0]
[0.0, 32.0, 955.0, 748.0]
[32.0, 16.0, 988.0, 733.0]
[32.0, 16.0, 989.0, 734.0]
[48.0, 16.0, 1006.0, 734.0]
[16.0, 16.0, 975.0, 735.0]
[16.0, 48.0, 976.0, 768.0]
[16.0, 16.0, 977.0, 737.0]
[48.0, 16.0, 1010.0, 738.0]
[32.0, 32.0, 995.0, 754.0]
[32.0, 32.0, 996.0, 755.0]
[48.0, 32.0, 1013.0, 756.0]
[32.0, 16.0, 998.0, 740.0]
[32.0, 32.0, 999.0, 757.0]
[16.0, 0.0, 984.0, 726.0]
[32.0, 0.0, 1001.0, 727.0]
[48.0, 0.0, 1018.0, 728.0]
[16.0, 16.0, 987.0, 744.0]
[48.0, 16.0, 1020.0, 745.0]
[0.0, 16.0, 973.0, 746.0]
[32.0, 32.0, 1006.0, 762.0]
[48.0, 0.0, 1023.0, 731.0]
[0.0, 16.0, 976.0, 748.0]
[0.0, 0.0, 977.0, 733.0]
[16.0, 0.0, 994.0, 734.0]
[0.0, 16.0, 979.0, 750.0]
[0.0, 16.0, 980.0, 751.0]
[0.0, 16.0, 981.0, 752.0]
[32.0, 0.0, 1014.0, 736.0]
[16.0, 16.0, 999.0, 753.0]
[16.0, 0.0, 1000.0, 738.0]
[16.0, 0.0, 1001.0, 739.0]
[0.0, 0.0, 986.0, 740.0]
[0.0, 16.0, 987.0, 756.0]
[32.0, 16.0, 1020.0, 757.0]
[0.0, 16.0, 989.0, 758.0]
[32.0, 16.0, 1022.0, 758.0]
[16.0, 0.0, 1007.0, 743.0]
[32.0, 0.0, 1024.0, 744.0]
[16.0, 16.0, 1009.0, 761.0]
[0.0, 0.0, 994.0, 746.0]
[0.0, 16.0, 995.0, 762.0]
[16.0, 16.0, 1012.0, 763.0]
[16.0, 16.0, 1013.0, 764.0]
[0.0, 0.0, 998.0, 748.0]
[0.0, 0.0, 999.0, 749.0]
[0.0, 16.0, 1000.0, 766.0]
[0.0, 0.0, 1001.0, 751.0]
[0.0, 16.0, 1002.0, 768.0]
[16.0, 0.0, 1019.0, 752.0]
[0.0, 0.0, 1004.0, 753.0]
[16.0, 0.0, 1021.0, 754.0]
[0.0, 0.0, 1006.0, 754.0]
[0.0, 0.0, 1007.0, 755.0]
[0.0, 0.0, 1008.0, 756.0]
[0.0, 0.0, 1009.0, 757.0]
[0.0, 0.0, 1010.0, 758.0]
[0.0, 0.0, 1011.0, 758.0]
[0.0, 0.0, 1012.0, 759.0]
[0.0, 0.0, 1013.0, 760.0]
[0.0, 0.0, 1014.0, 760.0]
[0.0, 0.0, 1015.0, 761.0]
[0.0, 0.0, 1016.0, 762.0]
[0.0, 0.0, 1017.0, 763.0]
[0.0, 0.0, 1018.0, 764.0]
[0.0, 0.0, 1019.0, 764.0]
[0.0, 0.0, 1020.0, 765.0]
[0.0, 0.0, 1021.0, 766.0]
[0.0, 0.0, 1022.0, 766.0]
[0.0, 0.0, 1023.0, 767.0]
[0.0, 0.0, 1024.0, 768.0]
