[128.0, 128.0, 845.0, 666.0]
[64.0, 112.0, 782.0, 650.0]
[64.0, 192.0, 783.0, 731.0]
[80.0, 112.0, 800.0, 652.0]
[48.0, 176.0, 769.0, 717.0]
[112.0, 112.0, 834.0, 654.0]
[160.0, 112.0, 883.0, 654.0]
[64.0, 176.0, 788.0, 719.0]
[112.0, 176.0, 837.0, 720.0]
[176.0, 192.0, 902.0, 736.0]
[32.0, 128.0, 759.0, 673.0]
[32.0, 144.0, 760.0, 690.0]
[160.0, 144.0, 889.0, 691.0]
[96.0, 192.0, 826.0, 740.0]
[112.0, 176.0, 843.0, 724.0]
[176.0, 144.0, 908.0, 693.0]
[48.0, 80.0, 781.0, 630.0]
[112.0, 160.0, 846.0, 710.0]
[112.0, 128.0, 847.0, 679.0]
[112.0, 80.0, 848.0, 632.0]
[16.0, 144.0, 753.0, 697.0]
[112.0, 112.0, 850.0, 666.0]
[160.0, 80.0, 899.0, 634.0]
[128.0, 176.0, 868.0, 731.0]
[128.0, 192.0, 869.0, 748.0]
[160.0, 160.0, 902.0, 716.0]
[128.0, 112.0, 871.0, 669.0]
[48.0, 176.0, 792.0, 734.0]
[48.0, 96.0, 793.0, 655.0]
[144.0, 176.0, 890.0, 736.0]
[160.0, 112.0, 907.0, 672.0]
[32.0, 192.0, 780.0, 753.0]
[144.0, 160.0, 893.0, 722.0]
[64.0, 96.0, 814.0, 658.0]
[112.0, 160.0, 863.0, 723.0]
[64.0, 112.0, 816.0, 676.0]
[176.0, 96.0, 929.0, 661.0]
[80.0, 128.0, 834.0, 694.0]
[80.0, 96.0, 835.0, 662.0]
[176.0, 112.0, 932.0, 679.0]
[144.0, 80.0, 901.0, 648.0]
[80.0, 80.0, 838.0, 648.0]
[32.0, 192.0, 791.0, 761.0]
[48.0, 160.0, 808.0, 730.0]
[144.0, 96.0, 905.0, 667.0]
[112.0, 64.0, 874.0, 636.0]
[160.0, 144.0, 923.0, 716.0]
[64.0, 192.0, 828.0, 765.0]
[176.0, 112.0, 941.0, 686.0]
[64.0, 96.0, 830.0, 670.0]
[16.0, 128.0, 783.0, 703.0]
[144.0, 96.0, 912.0, 672.0]
[144.0, 128.0, 913.0, 705.0]
[160.0, 112.0, 930.0, 690.0]
[0.0, 80.0, 771.0, 658.0]
[176.0, 160.0, 948.0, 739.0]
[48.0, 128.0, 821.0, 708.0]
[144.0, 128.0, 918.0, 708.0]
[48.0, 160.0, 823.0, 741.0]
[16.0, 80.0, 792.0, 662.0]
[80.0, 144.0, 857.0, 727.0]
[144.0, 80.0, 922.0, 664.0]
[16.0, 144.0, 795.0, 728.0]
[80.0, 96.0, 860.0, 681.0]
[16.0, 160.0, 797.0, 746.0]
[80.0, 176.0, 862.0, 762.0]
[80.0, 128.0, 863.0, 715.0]
[0.0, 176.0, 784.0, 764.0]
[96.0, 112.0, 881.0, 701.0]
[32.0, 112.0, 818.0, 702.0]
[112.0, 128.0, 899.0, 718.0]
[64.0, 112.0, 852.0, 703.0]
[144.0, 112.0, 933.0, 704.0]
[128.0, 96.0, 918.0, 688.0]
[112.0, 144.0, 903.0, 737.0]
[0.0, 160.0, 792.0, 754.0]
[80.0, 112.0, 873.0, 707.0]
[64.0, 48.0, 858.0, 644.0]
[0.0, 128.0, 795.0, 724.0]
[32.0, 80.0, 828.0, 677.0]
[96.0, 160.0, 893.0, 758.0]
[64.0, 48.0, 862.0, 646.0]
[144.0, 128.0, 943.0, 727.0]
[144.0, 80.0, 944.0, 680.0]
[96.0, 96.0, 897.0, 697.0]
[96.0, 160.0, 898.0, 762.0]
[48.0, 144.0, 851.0, 746.0]
[16.0, 64.0, 820.0, 667.0]
[96.0, 128.0, 901.0, 732.0]
[112.0, 144.0, 918.0, 748.0]
[80.0, 48.0, 887.0, 653.0]
[112.0, 80.0, 920.0, 686.0]
[48.0, 112.0, 857.0, 719.0]
[144.0, 96.0, 954.0, 704.0]
[48.0, 144.0, 859.0, 752.0]
[64.0, 32.0, 876.0, 641.0]
[80.0, 32.0, 893.0, 642.0]
[32.0, 96.0, 846.0, 706.0]
[64.0, 128.0, 879.0, 739.0]
[112.0, 64.0, 928.0, 676.0]
[96.0, 64.0, 913.0, 677.0]
[160.0, 112.0, 978.0, 726.0]
[112.0, 96.0, 931.0, 710.0]
[48.0, 64.0, 868.0, 679.0]
[32.0, 144.0, 853.0, 760.0]
[160.0, 112.0, 982.0, 728.0]
[160.0, 144.0, 983.0, 761.0]
[176.0, 96.0, 1000.0, 714.0]
[0.0, 112.0, 825.0, 731.0]
[0.0, 128.0, 826.0, 748.0]
[80.0, 80.0, 907.0, 700.0]
[80.0, 80.0, 908.0, 701.0]
[16.0, 64.0, 845.0, 686.0]
[112.0, 80.0, 942.0, 702.0]
[48.0, 128.0, 879.0, 751.0]
[64.0, 0.0, 896.0, 624.0]
[32.0, 32.0, 865.0, 657.0]
[176.0, 96.0, 1010.0, 722.0]
[0.0, 128.0, 835.0, 754.0]
[144.0, 112.0, 980.0, 739.0]
[64.0, 96.0, 901.0, 724.0]
[96.0, 96.0, 934.0, 724.0]
[64.0, 80.0, 903.0, 709.0]
[0.0, 96.0, 840.0, 726.0]
[48.0, 32.0, 889.0, 663.0]
[80.0, 96.0, 922.0, 728.0]
[32.0, 16.0, 875.0, 648.0]
[128.0, 112.0, 972.0, 745.0]
[112.0, 64.0, 957.0, 698.0]
[48.0, 64.0, 894.0, 698.0]
[96.0, 96.0, 943.0, 731.0]
[16.0, 48.0, 864.0, 684.0]
[128.0, 80.0, 977.0, 717.0]
[48.0, 96.0, 898.0, 734.0]
[64.0, 96.0, 915.0, 734.0]
[48.0, 112.0, 900.0, 751.0]
[144.0, 112.0, 997.0, 752.0]
[80.0, 80.0, 934.0, 720.0]
[64.0, 16.0, 919.0, 657.0]
[32.0, 112.0, 888.0, 754.0]
[16.0, 112.0, 873.0, 755.0]
[96.0, 96.0, 954.0, 740.0]
[48.0, 0.0, 907.0, 644.0]
[144.0, 80.0, 1004.0, 725.0]
[96.0, 48.0, 957.0, 694.0]
[32.0, 48.0, 894.0, 694.0]
[16.0, 96.0, 879.0, 743.0]
[144.0, 64.0, 1008.0, 712.0]
[144.0, 64.0, 1009.0, 713.0]
[80.0, 48.0, 946.0, 698.0]
[48.0, 80.0, 915.0, 730.0]
[32.0, 0.0, 900.0, 651.0]
[112.0, 96.0, 981.0, 748.0]
[64.0, 16.0, 934.0, 668.0]
[64.0, 0.0, 935.0, 653.0]
[16.0, 32.0, 888.0, 686.0]
[96.0, 48.0, 969.0, 703.0]
[64.0, 112.0, 938.0, 768.0]
[0.0, 32.0, 875.0, 688.0]
[80.0, 80.0, 956.0, 737.0]
[96.0, 64.0, 973.0, 722.0]
[0.0, 48.0, 878.0, 706.0]
[48.0, 16.0, 927.0, 675.0]
[16.0, 80.0, 896.0, 740.0]
[16.0, 16.0, 897.0, 677.0]
[0.0, 80.0, 882.0, 742.0]
[48.0, 80.0, 931.0, 742.0]
[32.0, 16.0, 916.0, 679.0]
[128.0, 96.0, 1013.0, 760.0]
[0.0, 0.0, 886.0, 664.0]
[128.0, 48.0, 1015.0, 713.0]
[0.0, 80.0, 888.0, 746.0]
[64.0, 96.0, 953.0, 763.0]
[128.0, 64.0, 1018.0, 732.0]
[0.0, 96.0, 891.0, 764.0]
[16.0, 64.0, 908.0, 733.0]
[80.0, 64.0, 973.0, 734.0]
[96.0, 96.0, 990.0, 766.0]
[128.0, 48.0, 1023.0, 719.0]
[16.0, 80.0, 912.0, 752.0]
[96.0, 16.0, 993.0, 689.0]
[64.0, 16.0, 962.0, 690.0]
[16.0, 48.0, 915.0, 722.0]
[96.0, 48.0, 996.0, 723.0]
[32.0, 32.0, 933.0, 708.0]
[48.0, 80.0, 950.0, 756.0]
[80.0, 16.0, 983.0, 693.0]
[32.0, 32.0, 936.0, 710.0]
[32.0, 32.0, 937.0, 711.0]
[96.0, 16.0, 1002.0, 696.0]
[96.0, 32.0, 1003.0, 712.0]
[80.0, 64.0, 988.0, 745.0]
[32.0, 80.0, 941.0, 762.0]
[48.0, 64.0, 958.0, 746.0]
[32.0, 32.0, 943.0, 715.0]
[32.0, 80.0, 944.0, 764.0]
[32.0, 16.0, 945.0, 701.0]
[32.0, 32.0, 946.0, 718.0]
[16.0, 32.0, 931.0, 718.0]
[64.0, 16.0, 980.0, 703.0]
[48.0, 80.0, 965.0, 768.0]
[32.0, 32.0, 950.0, 720.0]
[48.0, 64.0, 967.0, 753.0]
[16.0, 16.0, 936.0, 706.0]
[16.0, 32.0, 937.0, 723.0]
[48.0, 48.0, 970.0, 740.0]
[32.0, 48.0, 955.0, 740.0]
[0.0, 0.0, 924.0, 693.0]
[96.0, 32.0, 1021.0, 726.0]
[48.0, 64.0, 974.0, 758.0]
[64.0, 64.0, 991.0, 759.0]
[96.0, 32.0, 1024.0, 728.0]
[48.0, 48.0, 977.0, 745.0]
[0.0, 64.0, 930.0, 762.0]
[48.0, 48.0, 979.0, 746.0]
[32.0, 64.0, 964.0, 763.0]
[0.0, 48.0, 933.0, 748.0]
[16.0, 64.0, 950.0, 764.0]
[16.0, 16.0, 951.0, 717.0]
[48.0, 48.0, 984.0, 750.0]
[16.0, 48.0, 953.0, 751.0]
[48.0, 48.0, 986.0, 752.0]
[0.0, 64.0, 939.0, 768.0]
[0.0, 16.0, 940.0, 721.0]
[32.0, 16.0, 973.0, 722.0]
[16.0, 0.0, 958.0, 706.0]
[80.0, 32.0, 1023.0, 739.0]
[80.0, 48.0, 1024.0, 756.0]
[64.0, 32.0, 1009.0, 741.0]
[32.0, 0.0, 978.0, 710.0]
[0.0, 32.0, 947.0, 742.0]
[48.0, 16.0, 996.0, 727.0]
[0.0, 48.0, 949.0, 760.0]
[16.0, 0.0, 966.0, 712.0]
[64.0, 32.0, 1015.0, 745.0]
[32.0, 0.0, 984.0, 714.0]
[32.0, 48.0, 985.0, 763.0]
[16.0, 16.0, 970.0, 732.0]
[16.0, 32.0, 971.0, 748.0]
[64.0, 48.0, 1020.0, 765.0]
[16.0, 32.0, 973.0, 750.0]
[0.0, 0.0, 958.0, 718.0]
[16.0, 48.0, 975.0, 767.0]
[0.0, 48.0, 960.0, 768.0]
[32.0, 32.0, 993.0, 753.0]
[0.0, 0.0, 962.0, 722.0]
[32.0, 16.0, 995.0, 738.0]
[32.0, 0.0, 996.0, 723.0]
[16.0, 32.0, 981.0, 756.0]
[16.0, 32.0, 982.0, 756.0]
[0.0, 0.0, 967.0, 725.0]
[48.0, 0.0, 1016.0, 726.0]
[0.0, 32.0, 969.0, 759.0]
[48.0, 32.0, 1018.0, 760.0]
[16.0, 16.0, 987.0, 744.0]
[32.0, 16.0, 1004.0, 745.0]
[48.0, 32.0, 1021.0, 762.0]
[16.0, 32.0, 990.0, 762.0]
[48.0, 32.0, 1023.0, 763.0]
[0.0, 0.0, 976.0, 732.0]
[32.0, 32.0, 1009.0, 765.0]
[0.0, 16.0, 978.0, 750.0]
[16.0, 0.0, 995.0, 734.0]
[16.0, 32.0, 996.0, 767.0]
[0.0, 32.0, 981.0, 768.0]
[0.0, 16.0, 982.0, 752.0]
[32.0, 0.0, 1015.0, 737.0]
[32.0, 16.0, 1016.0, 754.0]
[0.0, 16.0, 985.0, 755.0]
[16.0, 0.0, 1002.0, 740.0]
[0.0, 0.0, 987.0, 740.0]
[16.0, 0.0, 1004.0, 741.0]
[32.0, 16.0, 1021.0, 758.0]
[16.0, 0.0, 1006.0, 742.0]
[16.0, 0.0, 1007.0, 743.0]
[32.0, 0.0, 1024.0, 744.0]
[16.0, 0.0, 1009.0, 745.0]
[16.0, 16.0, 1010.0, 762.0]
[16.0, 16.0, 1011.0, 762.0]
[0.0, 16.0, 996.0, 763.0]
[0.0, 0.0, 997.0, 748.0]
[0.0, 16.0, 998.0, 764.0]
[0.0, 0.0, 999.0, 749.0]
[0.0, 0.0, 1000.0, 750.0]
[16.0, 0.0, 1017.0, 751.0]
[0.0, 0.0, 1002.0, 752.0]
[16.0, 16.0, 1019.0, 768.0]
[0.0, 0.0, 1004.0, 753.0]
[0.0, 0.0, 1005.0, 754.0]
[16.0, 0.0, 1022.0, 754.0]
[16.0, 0.0, 1023.0, 755.0]
[16.0, 0.0, 1024.0, 756.0]
[0.0, 0.0, 1009.0, 757.0]
[0.0, 0.0, 1010.0, 758.0]
[0.0, 0.0, 1011.0, 758.0]
[0.0, 0.0, 1012.0, 759.0]
[0.0, 0.0, 1013.0, 760.0]
[0.0, 0.0, 1014.0, 760.0]
[0.0, 0.0, 1015.0, 761.0]
[0.0, 0.0, 1016.0, 762.0]
[0.0, 0.0, 1017.0, 763.0]
[0.0, 0.0, 1018.0, 764.0]
[0.0, 0.0, 1019.0, 764.0]
