[64.0, 64.0, 781.0, 602.0]
[80.0, 64.0, 798.0, 602.0]
[32.0, 32.0, 751.0, 571.0]
[32.0, 48.0, 752.0, 588.0]
[112.0, 16.0, 833.0, 557.0]
[240.0, 48.0, 962.0, 590.0]
[64.0, 48.0, 787.0, 590.0]
[192.0, 32.0, 916.0, 575.0]
[80.0, 48.0, 805.0, 592.0]
[128.0, 16.0, 854.0, 560.0]
[112.0, 32.0, 839.0, 577.0]
[128.0, 64.0, 856.0, 610.0]
[128.0, 16.0, 857.0, 563.0]
[144.0, 32.0, 874.0, 580.0]
[160.0, 48.0, 891.0, 596.0]
[176.0, 16.0, 908.0, 565.0]
[48.0, 32.0, 781.0, 582.0]
[112.0, 32.0, 846.0, 582.0]
[80.0, 16.0, 815.0, 567.0]
[112.0, 32.0, 848.0, 584.0]
[64.0, 64.0, 801.0, 617.0]
[192.0, 32.0, 930.0, 586.0]
[128.0, 16.0, 867.0, 570.0]
[240.0, 48.0, 980.0, 603.0]
[192.0, 64.0, 933.0, 620.0]
[208.0, 32.0, 950.0, 588.0]
[192.0, 16.0, 935.0, 573.0]
[176.0, 32.0, 920.0, 590.0]
[176.0, 32.0, 921.0, 591.0]
[80.0, 0.0, 826.0, 560.0]
[96.0, 64.0, 843.0, 624.0]
[176.0, 0.0, 924.0, 561.0]
[112.0, 64.0, 861.0, 626.0]
[160.0, 48.0, 910.0, 610.0]
[32.0, 0.0, 783.0, 563.0]
[32.0, 64.0, 784.0, 628.0]
[256.0, 32.0, 1009.0, 597.0]
[48.0, 0.0, 802.0, 566.0]
[112.0, 64.0, 867.0, 630.0]
[256.0, 48.0, 1012.0, 615.0]
[80.0, 32.0, 837.0, 600.0]
[256.0, 16.0, 1014.0, 584.0]
[96.0, 64.0, 855.0, 633.0]
[192.0, 64.0, 952.0, 634.0]
[32.0, 0.0, 793.0, 571.0]
[128.0, 0.0, 890.0, 572.0]
[80.0, 64.0, 843.0, 636.0]
[224.0, 64.0, 988.0, 637.0]
[128.0, 32.0, 893.0, 606.0]
[16.0, 16.0, 782.0, 590.0]
[256.0, 16.0, 1023.0, 591.0]
[80.0, 48.0, 848.0, 624.0]
[112.0, 32.0, 881.0, 609.0]
[208.0, 32.0, 978.0, 610.0]
[176.0, 48.0, 947.0, 626.0]
[208.0, 64.0, 980.0, 643.0]
[80.0, 0.0, 853.0, 580.0]
[208.0, 48.0, 982.0, 628.0]
[32.0, 64.0, 807.0, 645.0]
[144.0, 48.0, 920.0, 630.0]
[80.0, 32.0, 857.0, 615.0]
[48.0, 16.0, 826.0, 600.0]
[112.0, 16.0, 891.0, 600.0]
[128.0, 64.0, 908.0, 649.0]
[64.0, 16.0, 845.0, 602.0]
[80.0, 32.0, 862.0, 618.0]
[128.0, 48.0, 911.0, 635.0]
[112.0, 16.0, 896.0, 604.0]
[160.0, 32.0, 945.0, 621.0]
[224.0, 0.0, 1010.0, 590.0]
[160.0, 48.0, 947.0, 638.0]
[176.0, 0.0, 964.0, 591.0]
[16.0, 0.0, 805.0, 592.0]
[0.0, 16.0, 790.0, 608.0]
[48.0, 64.0, 839.0, 657.0]
[112.0, 32.0, 904.0, 626.0]
[112.0, 48.0, 905.0, 643.0]
[160.0, 0.0, 954.0, 596.0]
[192.0, 32.0, 987.0, 628.0]
[176.0, 64.0, 972.0, 661.0]
[176.0, 0.0, 973.0, 598.0]
[96.0, 64.0, 894.0, 662.0]
[192.0, 32.0, 991.0, 631.0]
[0.0, 0.0, 800.0, 600.0]
[64.0, 16.0, 865.0, 617.0]
[96.0, 32.0, 898.0, 634.0]
[176.0, 16.0, 979.0, 618.0]
[192.0, 0.0, 996.0, 603.0]
[208.0, 0.0, 1013.0, 604.0]
[64.0, 48.0, 870.0, 652.0]
[96.0, 48.0, 903.0, 653.0]
[0.0, 16.0, 808.0, 622.0]
[16.0, 48.0, 825.0, 655.0]
[176.0, 0.0, 986.0, 608.0]
[64.0, 48.0, 875.0, 656.0]
[176.0, 16.0, 988.0, 625.0]
[144.0, 32.0, 957.0, 642.0]
[160.0, 64.0, 974.0, 674.0]
[64.0, 0.0, 879.0, 611.0]
[16.0, 16.0, 832.0, 628.0]
[32.0, 64.0, 849.0, 677.0]
[144.0, 48.0, 962.0, 662.0]
[48.0, 0.0, 867.0, 614.0]
[96.0, 16.0, 916.0, 631.0]
[176.0, 0.0, 997.0, 616.0]
[48.0, 48.0, 870.0, 664.0]
[128.0, 64.0, 951.0, 681.0]
[16.0, 32.0, 840.0, 650.0]
[192.0, 32.0, 1017.0, 651.0]
[160.0, 16.0, 986.0, 636.0]
[16.0, 16.0, 843.0, 636.0]
[16.0, 0.0, 844.0, 621.0]
[64.0, 0.0, 893.0, 622.0]
[48.0, 0.0, 878.0, 622.0]
[128.0, 16.0, 959.0, 639.0]
[0.0, 32.0, 832.0, 656.0]
[112.0, 16.0, 945.0, 641.0]
[160.0, 48.0, 994.0, 674.0]
[16.0, 48.0, 851.0, 674.0]
[144.0, 48.0, 980.0, 675.0]
[176.0, 16.0, 1013.0, 644.0]
[48.0, 48.0, 886.0, 676.0]
[48.0, 16.0, 887.0, 645.0]
[16.0, 32.0, 856.0, 662.0]
[32.0, 0.0, 873.0, 631.0]
[160.0, 16.0, 1002.0, 648.0]
[176.0, 0.0, 1019.0, 632.0]
[0.0, 32.0, 844.0, 665.0]
[160.0, 48.0, 1005.0, 682.0]
[176.0, 0.0, 1022.0, 634.0]
[144.0, 0.0, 991.0, 635.0]
[128.0, 32.0, 976.0, 668.0]
[80.0, 0.0, 929.0, 637.0]
[80.0, 16.0, 930.0, 654.0]
[128.0, 16.0, 979.0, 654.0]
[128.0, 16.0, 980.0, 655.0]
[112.0, 32.0, 965.0, 672.0]
[160.0, 32.0, 1014.0, 672.0]
[0.0, 0.0, 855.0, 641.0]
[128.0, 32.0, 984.0, 674.0]
[64.0, 0.0, 921.0, 643.0]
[48.0, 0.0, 906.0, 644.0]
[64.0, 0.0, 923.0, 644.0]
[144.0, 32.0, 1004.0, 677.0]
[32.0, 0.0, 893.0, 646.0]
[112.0, 0.0, 974.0, 646.0]
[112.0, 16.0, 975.0, 663.0]
[144.0, 32.0, 1008.0, 680.0]
[144.0, 32.0, 1009.0, 681.0]
[64.0, 0.0, 930.0, 650.0]
[112.0, 0.0, 979.0, 650.0]
[64.0, 32.0, 932.0, 683.0]
[64.0, 16.0, 933.0, 668.0]
[64.0, 16.0, 934.0, 668.0]
[96.0, 16.0, 967.0, 669.0]
[0.0, 16.0, 872.0, 670.0]
[48.0, 0.0, 921.0, 655.0]
[144.0, 16.0, 1018.0, 672.0]
[32.0, 0.0, 907.0, 656.0]
[48.0, 0.0, 924.0, 657.0]
[16.0, 16.0, 893.0, 674.0]
[48.0, 0.0, 926.0, 658.0]
[96.0, 0.0, 975.0, 659.0]
[48.0, 0.0, 928.0, 660.0]
[16.0, 0.0, 897.0, 661.0]
[128.0, 16.0, 1010.0, 678.0]
[64.0, 16.0, 947.0, 678.0]
[16.0, 16.0, 900.0, 679.0]
[32.0, 0.0, 917.0, 664.0]
[80.0, 16.0, 966.0, 680.0]
[16.0, 0.0, 903.0, 665.0]
[16.0, 0.0, 904.0, 666.0]
[48.0, 16.0, 937.0, 683.0]
[128.0, 0.0, 1018.0, 668.0]
[128.0, 0.0, 1019.0, 668.0]
[128.0, 0.0, 1020.0, 669.0]
[128.0, 0.0, 1021.0, 670.0]
[128.0, 0.0, 1022.0, 670.0]
[80.0, 0.0, 975.0, 671.0]
[80.0, 0.0, 976.0, 672.0]
[96.0, 0.0, 993.0, 673.0]
[0.0, 0.0, 898.0, 674.0]
[80.0, 0.0, 979.0, 674.0]
[80.0, 0.0, 980.0, 675.0]
[64.0, 0.0, 965.0, 676.0]
[112.0, 0.0, 1014.0, 676.0]
[112.0, 0.0, 1015.0, 677.0]
[80.0, 0.0, 984.0, 678.0]
[80.0, 0.0, 985.0, 679.0]
[112.0, 0.0, 1018.0, 680.0]
[0.0, 0.0, 907.0, 680.0]
[0.0, 0.0, 908.0, 681.0]
[48.0, 0.0, 957.0, 682.0]
[32.0, 0.0, 942.0, 682.0]
[0.0, 0.0, 911.0, 683.0]
