[48.0, 64.0, 765.0, 602.0]
[176.0, 64.0, 894.0, 602.0]
[64.0, 80.0, 783.0, 619.0]
[160.0, 96.0, 880.0, 636.0]
[192.0, 80.0, 913.0, 621.0]
[48.0, 96.0, 770.0, 638.0]
[144.0, 128.0, 867.0, 670.0]
[160.0, 128.0, 884.0, 671.0]
[96.0, 112.0, 821.0, 656.0]
[64.0, 96.0, 790.0, 640.0]
[128.0, 96.0, 855.0, 641.0]
[32.0, 48.0, 760.0, 594.0]
[128.0, 112.0, 857.0, 659.0]
[96.0, 128.0, 826.0, 676.0]
[64.0, 128.0, 795.0, 676.0]
[160.0, 96.0, 892.0, 645.0]
[128.0, 112.0, 861.0, 662.0]
[80.0, 64.0, 814.0, 614.0]
[144.0, 64.0, 879.0, 615.0]
[144.0, 64.0, 880.0, 616.0]
[176.0, 80.0, 913.0, 633.0]
[128.0, 80.0, 866.0, 634.0]
[80.0, 64.0, 819.0, 618.0]
[32.0, 64.0, 772.0, 619.0]
[32.0, 64.0, 773.0, 620.0]
[96.0, 48.0, 838.0, 604.0]
[48.0, 96.0, 791.0, 653.0]
[112.0, 96.0, 856.0, 654.0]
[32.0, 48.0, 777.0, 607.0]
[80.0, 96.0, 826.0, 656.0]
[32.0, 80.0, 779.0, 640.0]
[160.0, 48.0, 908.0, 609.0]
[80.0, 112.0, 829.0, 674.0]
[32.0, 32.0, 782.0, 594.0]
[64.0, 80.0, 815.0, 643.0]
[128.0, 64.0, 880.0, 628.0]
[32.0, 64.0, 785.0, 629.0]
[112.0, 32.0, 866.0, 598.0]
[96.0, 96.0, 851.0, 662.0]
[48.0, 112.0, 804.0, 679.0]
[80.0, 112.0, 837.0, 680.0]
[96.0, 48.0, 854.0, 616.0]
[80.0, 48.0, 839.0, 617.0]
[144.0, 32.0, 904.0, 602.0]
[112.0, 112.0, 873.0, 683.0]
[112.0, 96.0, 874.0, 668.0]
[48.0, 48.0, 811.0, 620.0]
[112.0, 32.0, 876.0, 605.0]
[32.0, 80.0, 797.0, 654.0]
[48.0, 64.0, 814.0, 638.0]
[80.0, 32.0, 847.0, 607.0]
[64.0, 80.0, 832.0, 656.0]
[96.0, 64.0, 865.0, 641.0]
[96.0, 16.0, 866.0, 594.0]
[128.0, 96.0, 899.0, 674.0]
[80.0, 16.0, 852.0, 595.0]
[32.0, 48.0, 805.0, 628.0]
[64.0, 64.0, 838.0, 644.0]
[80.0, 96.0, 855.0, 677.0]
[80.0, 96.0, 856.0, 678.0]
[64.0, 32.0, 841.0, 615.0]
[48.0, 96.0, 826.0, 680.0]
[64.0, 48.0, 843.0, 632.0]
[48.0, 32.0, 828.0, 617.0]
[112.0, 16.0, 893.0, 602.0]
[80.0, 16.0, 862.0, 602.0]
[128.0, 32.0, 911.0, 619.0]
[48.0, 64.0, 832.0, 652.0]
[48.0, 48.0, 833.0, 637.0]
[96.0, 48.0, 882.0, 638.0]
[96.0, 80.0, 883.0, 670.0]
[48.0, 64.0, 836.0, 655.0]
[64.0, 80.0, 853.0, 672.0]
[96.0, 32.0, 886.0, 624.0]
[32.0, 64.0, 823.0, 657.0]
[64.0, 64.0, 856.0, 658.0]
[96.0, 80.0, 889.0, 675.0]
[64.0, 64.0, 858.0, 660.0]
[32.0, 64.0, 827.0, 660.0]
[96.0, 32.0, 892.0, 629.0]
[112.0, 80.0, 909.0, 678.0]
[112.0, 0.0, 910.0, 598.0]
[112.0, 48.0, 911.0, 647.0]
[48.0, 16.0, 848.0, 616.0]
[32.0, 48.0, 833.0, 649.0]
[48.0, 48.0, 850.0, 650.0]
[64.0, 16.0, 867.0, 618.0]
[32.0, 16.0, 836.0, 619.0]
[48.0, 48.0, 853.0, 652.0]
[64.0, 0.0, 870.0, 604.0]
[96.0, 32.0, 903.0, 637.0]
[96.0, 64.0, 904.0, 670.0]
[48.0, 16.0, 857.0, 623.0]
[32.0, 64.0, 842.0, 672.0]
[96.0, 64.0, 907.0, 672.0]
[96.0, 0.0, 908.0, 609.0]
[48.0, 32.0, 861.0, 642.0]
[96.0, 16.0, 910.0, 626.0]
[48.0, 32.0, 863.0, 643.0]
[80.0, 48.0, 896.0, 660.0]
[32.0, 64.0, 849.0, 677.0]
[48.0, 0.0, 866.0, 614.0]
[80.0, 32.0, 899.0, 646.0]
[80.0, 16.0, 900.0, 631.0]
[80.0, 32.0, 901.0, 648.0]
[80.0, 64.0, 902.0, 680.0]
[64.0, 0.0, 887.0, 617.0]
[64.0, 48.0, 888.0, 666.0]
[80.0, 32.0, 905.0, 651.0]
[32.0, 48.0, 858.0, 668.0]
[80.0, 48.0, 907.0, 668.0]
[48.0, 0.0, 876.0, 621.0]
[32.0, 48.0, 861.0, 670.0]
[48.0, 16.0, 878.0, 638.0]
[48.0, 16.0, 879.0, 639.0]
[32.0, 32.0, 864.0, 656.0]
[64.0, 0.0, 897.0, 625.0]
[48.0, 32.0, 882.0, 658.0]
[48.0, 0.0, 883.0, 626.0]
[48.0, 16.0, 884.0, 643.0]
[32.0, 32.0, 869.0, 660.0]
[32.0, 0.0, 870.0, 628.0]
[48.0, 0.0, 887.0, 629.0]
[48.0, 32.0, 888.0, 662.0]
[48.0, 16.0, 889.0, 647.0]
[64.0, 32.0, 906.0, 664.0]
[48.0, 0.0, 891.0, 632.0]
[48.0, 16.0, 892.0, 649.0]
[48.0, 48.0, 893.0, 682.0]
[48.0, 16.0, 894.0, 650.0]
[48.0, 48.0, 895.0, 683.0]
[48.0, 32.0, 896.0, 668.0]
[48.0, 0.0, 897.0, 637.0]
[48.0, 32.0, 898.0, 670.0]
[48.0, 0.0, 899.0, 638.0]
[48.0, 0.0, 900.0, 639.0]
[48.0, 16.0, 901.0, 656.0]
[48.0, 32.0, 902.0, 672.0]
[48.0, 16.0, 903.0, 657.0]
[48.0, 32.0, 904.0, 674.0]
