[32.0, 160.0, 570.0, 877.0]
[32.0, 192.0, 570.0, 910.0]
[16.0, 288.0, 555.0, 1007.0]
[0.0, 160.0, 540.0, 880.0]
[80.0, 160.0, 621.0, 881.0]
[64.0, 224.0, 606.0, 946.0]
[48.0, 112.0, 590.0, 835.0]
[0.0, 272.0, 543.0, 996.0]
[16.0, 288.0, 560.0, 1013.0]
[32.0, 112.0, 576.0, 838.0]
[64.0, 192.0, 609.0, 919.0]
[16.0, 224.0, 562.0, 952.0]
[0.0, 256.0, 547.0, 985.0]
[16.0, 208.0, 564.0, 938.0]
[32.0, 160.0, 580.0, 891.0]
[48.0, 240.0, 597.0, 972.0]
[0.0, 128.0, 550.0, 861.0]
[32.0, 176.0, 582.0, 910.0]
[48.0, 176.0, 599.0, 911.0]
[0.0, 96.0, 552.0, 832.0]
[64.0, 192.0, 617.0, 929.0]
[16.0, 160.0, 570.0, 898.0]
[64.0, 176.0, 618.0, 915.0]
[0.0, 128.0, 555.0, 868.0]
[16.0, 224.0, 572.0, 965.0]
[16.0, 208.0, 572.0, 950.0]
[80.0, 208.0, 637.0, 951.0]
[48.0, 176.0, 606.0, 920.0]
[0.0, 96.0, 559.0, 841.0]
[16.0, 144.0, 576.0, 890.0]
[0.0, 176.0, 560.0, 923.0]
[0.0, 112.0, 561.0, 860.0]
[16.0, 224.0, 578.0, 973.0]
[32.0, 256.0, 594.0, 1006.0]
[48.0, 192.0, 611.0, 943.0]
[48.0, 224.0, 612.0, 976.0]
[0.0, 208.0, 565.0, 961.0]
[32.0, 96.0, 598.0, 850.0]
[48.0, 240.0, 614.0, 995.0]
[48.0, 128.0, 615.0, 884.0]
[0.0, 128.0, 568.0, 885.0]
[0.0, 96.0, 568.0, 854.0]
[64.0, 160.0, 633.0, 919.0]
[32.0, 144.0, 602.0, 904.0]
[0.0, 208.0, 571.0, 969.0]
[32.0, 112.0, 604.0, 874.0]
[0.0, 144.0, 572.0, 907.0]
[32.0, 192.0, 605.0, 956.0]
[16.0, 256.0, 590.0, 1021.0]
[48.0, 208.0, 622.0, 974.0]
[16.0, 192.0, 591.0, 959.0]
[0.0, 256.0, 576.0, 1024.0]
[32.0, 160.0, 609.0, 929.0]
[0.0, 144.0, 578.0, 914.0]
[16.0, 128.0, 594.0, 899.0]
[0.0, 96.0, 579.0, 868.0]
[16.0, 176.0, 596.0, 949.0]
[32.0, 224.0, 612.0, 998.0]
[0.0, 96.0, 581.0, 871.0]
[48.0, 160.0, 630.0, 936.0]
[32.0, 176.0, 615.0, 953.0]
[32.0, 160.0, 616.0, 938.0]
[32.0, 96.0, 616.0, 875.0]
[0.0, 160.0, 585.0, 940.0]
[16.0, 176.0, 602.0, 957.0]
[48.0, 176.0, 634.0, 958.0]
[16.0, 112.0, 603.0, 895.0]
[32.0, 160.0, 620.0, 944.0]
[16.0, 224.0, 605.0, 1009.0]
[32.0, 144.0, 622.0, 930.0]
[48.0, 112.0, 638.0, 899.0]
[32.0, 192.0, 623.0, 980.0]
[16.0, 176.0, 608.0, 965.0]
[16.0, 144.0, 608.0, 934.0]
[32.0, 224.0, 625.0, 1015.0]
[0.0, 112.0, 594.0, 904.0]
[32.0, 224.0, 627.0, 1017.0]
[32.0, 144.0, 628.0, 938.0]
[0.0, 112.0, 596.0, 907.0]
[16.0, 224.0, 613.0, 1020.0]
[16.0, 224.0, 614.0, 1021.0]
[32.0, 192.0, 630.0, 990.0]
[0.0, 192.0, 599.0, 991.0]
[32.0, 112.0, 632.0, 912.0]
[16.0, 128.0, 617.0, 929.0]
[16.0, 128.0, 618.0, 930.0]
[32.0, 176.0, 634.0, 979.0]
[0.0, 160.0, 603.0, 964.0]
[0.0, 160.0, 604.0, 965.0]
[32.0, 208.0, 636.0, 1014.0]
[0.0, 96.0, 605.0, 903.0]
[16.0, 176.0, 622.0, 984.0]
[16.0, 144.0, 623.0, 953.0]
[0.0, 208.0, 608.0, 1018.0]
[16.0, 112.0, 624.0, 923.0]
[16.0, 128.0, 625.0, 940.0]
[0.0, 128.0, 610.0, 941.0]
[16.0, 80.0, 626.0, 894.0]
[0.0, 144.0, 611.0, 959.0]
[16.0, 176.0, 628.0, 992.0]
