[192.0, 48.0, 909.0, 586.0]
[208.0, 64.0, 926.0, 602.0]
[96.0, 48.0, 815.0, 587.0]
[224.0, 16.0, 944.0, 556.0]
[160.0, 48.0, 881.0, 589.0]
[192.0, 16.0, 914.0, 558.0]
[160.0, 16.0, 883.0, 558.0]
[224.0, 32.0, 948.0, 575.0]
[208.0, 48.0, 933.0, 592.0]
[80.0, 32.0, 806.0, 576.0]
[144.0, 32.0, 871.0, 577.0]
[32.0, 32.0, 760.0, 578.0]
[64.0, 32.0, 793.0, 579.0]
[208.0, 32.0, 938.0, 580.0]
[160.0, 64.0, 891.0, 612.0]
[96.0, 64.0, 828.0, 613.0]
[224.0, 0.0, 957.0, 550.0]
[160.0, 32.0, 894.0, 582.0]
[128.0, 16.0, 863.0, 567.0]
[128.0, 0.0, 864.0, 552.0]
[144.0, 64.0, 881.0, 617.0]
[272.0, 32.0, 1010.0, 586.0]
[240.0, 0.0, 979.0, 554.0]
[48.0, 48.0, 788.0, 603.0]
[144.0, 32.0, 885.0, 588.0]
[80.0, 0.0, 822.0, 556.0]
[112.0, 16.0, 855.0, 573.0]
[128.0, 0.0, 872.0, 558.0]
[240.0, 0.0, 985.0, 559.0]
[160.0, 48.0, 906.0, 608.0]
[160.0, 32.0, 907.0, 592.0]
[176.0, 64.0, 924.0, 625.0]
[256.0, 32.0, 1005.0, 594.0]
[192.0, 32.0, 942.0, 594.0]
[48.0, 0.0, 799.0, 563.0]
[32.0, 48.0, 784.0, 612.0]
[64.0, 32.0, 817.0, 597.0]
[128.0, 48.0, 882.0, 614.0]
[64.0, 64.0, 819.0, 630.0]
[32.0, 48.0, 788.0, 615.0]
[224.0, 16.0, 981.0, 584.0]
[64.0, 0.0, 822.0, 568.0]
[80.0, 32.0, 839.0, 601.0]
[224.0, 48.0, 984.0, 618.0]
[144.0, 16.0, 905.0, 587.0]
[128.0, 16.0, 890.0, 588.0]
[160.0, 64.0, 923.0, 636.0]
[80.0, 48.0, 844.0, 621.0]
[32.0, 48.0, 797.0, 622.0]
[96.0, 0.0, 862.0, 574.0]
[240.0, 48.0, 1007.0, 623.0]
[112.0, 0.0, 880.0, 576.0]
[96.0, 0.0, 865.0, 577.0]
[48.0, 32.0, 818.0, 610.0]
[0.0, 0.0, 771.0, 578.0]
[112.0, 48.0, 884.0, 627.0]
[192.0, 0.0, 965.0, 580.0]
[208.0, 0.0, 982.0, 580.0]
[80.0, 16.0, 855.0, 597.0]
[0.0, 16.0, 776.0, 598.0]
[96.0, 64.0, 873.0, 647.0]
[160.0, 64.0, 938.0, 648.0]
[128.0, 48.0, 907.0, 632.0]
[32.0, 48.0, 812.0, 633.0]
[128.0, 64.0, 909.0, 650.0]
[144.0, 32.0, 926.0, 618.0]
[80.0, 0.0, 863.0, 587.0]
[224.0, 16.0, 1008.0, 604.0]
[160.0, 0.0, 945.0, 589.0]
[192.0, 32.0, 978.0, 622.0]
[192.0, 0.0, 979.0, 590.0]
[208.0, 16.0, 996.0, 607.0]
[208.0, 48.0, 997.0, 640.0]
[96.0, 0.0, 886.0, 592.0]
[96.0, 64.0, 887.0, 657.0]
[80.0, 0.0, 872.0, 594.0]
[160.0, 32.0, 953.0, 627.0]
[32.0, 0.0, 826.0, 596.0]
[224.0, 0.0, 1019.0, 596.0]
[16.0, 16.0, 812.0, 613.0]
[208.0, 32.0, 1005.0, 630.0]
[144.0, 32.0, 942.0, 630.0]
[96.0, 64.0, 895.0, 663.0]
[208.0, 32.0, 1008.0, 632.0]
[64.0, 32.0, 865.0, 633.0]
[208.0, 0.0, 1010.0, 602.0]
[96.0, 48.0, 899.0, 650.0]
[192.0, 0.0, 996.0, 603.0]
[32.0, 0.0, 837.0, 604.0]
[128.0, 16.0, 934.0, 620.0]
[128.0, 16.0, 935.0, 621.0]
[208.0, 32.0, 1016.0, 638.0]
[48.0, 0.0, 857.0, 607.0]
[80.0, 32.0, 890.0, 640.0]
[16.0, 48.0, 827.0, 656.0]
[32.0, 16.0, 844.0, 625.0]
[48.0, 16.0, 861.0, 626.0]
[128.0, 48.0, 942.0, 658.0]
[16.0, 48.0, 831.0, 659.0]
[208.0, 32.0, 1024.0, 644.0]
[80.0, 0.0, 897.0, 613.0]
[192.0, 32.0, 1010.0, 646.0]
[32.0, 48.0, 851.0, 662.0]
[96.0, 16.0, 916.0, 631.0]
[144.0, 48.0, 965.0, 664.0]
[16.0, 16.0, 838.0, 632.0]
[176.0, 48.0, 999.0, 665.0]
[48.0, 32.0, 872.0, 650.0]
[0.0, 16.0, 825.0, 635.0]
[16.0, 48.0, 842.0, 668.0]
[160.0, 48.0, 987.0, 668.0]
[144.0, 48.0, 972.0, 669.0]
[176.0, 32.0, 1005.0, 654.0]
[144.0, 0.0, 974.0, 622.0]
[128.0, 32.0, 959.0, 655.0]
[144.0, 0.0, 976.0, 624.0]
[64.0, 16.0, 897.0, 641.0]
[32.0, 0.0, 866.0, 626.0]
[96.0, 16.0, 931.0, 642.0]
[96.0, 32.0, 932.0, 659.0]
[128.0, 16.0, 965.0, 644.0]
[160.0, 16.0, 998.0, 644.0]
[144.0, 16.0, 983.0, 645.0]
[48.0, 32.0, 888.0, 662.0]
[96.0, 0.0, 937.0, 631.0]
[64.0, 0.0, 906.0, 632.0]
[128.0, 0.0, 971.0, 632.0]
[144.0, 0.0, 988.0, 633.0]
[32.0, 0.0, 877.0, 634.0]
[64.0, 32.0, 910.0, 666.0]
[48.0, 32.0, 895.0, 667.0]
[96.0, 16.0, 944.0, 652.0]
[144.0, 16.0, 993.0, 653.0]
[64.0, 16.0, 914.0, 654.0]
[16.0, 16.0, 867.0, 654.0]
[48.0, 32.0, 900.0, 671.0]
[48.0, 16.0, 901.0, 656.0]
[32.0, 0.0, 886.0, 640.0]
[0.0, 16.0, 855.0, 657.0]
[48.0, 16.0, 904.0, 658.0]
[112.0, 0.0, 969.0, 643.0]
[64.0, 0.0, 922.0, 644.0]
[160.0, 16.0, 1019.0, 660.0]
[128.0, 16.0, 988.0, 661.0]
[0.0, 16.0, 861.0, 662.0]
[64.0, 0.0, 926.0, 646.0]
[64.0, 16.0, 927.0, 663.0]
[80.0, 0.0, 944.0, 648.0]
[96.0, 16.0, 961.0, 665.0]
[48.0, 16.0, 914.0, 666.0]
[128.0, 0.0, 995.0, 650.0]
[0.0, 16.0, 868.0, 667.0]
[0.0, 0.0, 869.0, 652.0]
[32.0, 0.0, 902.0, 652.0]
[96.0, 16.0, 967.0, 669.0]
[48.0, 16.0, 920.0, 670.0]
[112.0, 16.0, 985.0, 671.0]
[16.0, 0.0, 890.0, 656.0]
[48.0, 0.0, 923.0, 656.0]
[64.0, 0.0, 940.0, 657.0]
[64.0, 0.0, 941.0, 658.0]
[64.0, 0.0, 942.0, 658.0]
[128.0, 0.0, 1007.0, 659.0]
[80.0, 0.0, 960.0, 660.0]
[0.0, 0.0, 881.0, 661.0]
[48.0, 0.0, 930.0, 662.0]
[16.0, 0.0, 899.0, 662.0]
[32.0, 0.0, 916.0, 663.0]
[96.0, 0.0, 981.0, 664.0]
[80.0, 0.0, 966.0, 664.0]
[32.0, 0.0, 919.0, 665.0]
[80.0, 0.0, 968.0, 666.0]
[128.0, 0.0, 1017.0, 667.0]
[32.0, 0.0, 922.0, 668.0]
[128.0, 0.0, 1019.0, 668.0]
[48.0, 0.0, 940.0, 669.0]
[48.0, 0.0, 941.0, 670.0]
[128.0, 0.0, 1022.0, 670.0]
[32.0, 0.0, 927.0, 671.0]
