[240.0, 48.0, 957.0, 586.0]
[96.0, 32.0, 814.0, 570.0]
[48.0, 32.0, 767.0, 571.0]
[224.0, 32.0, 944.0, 572.0]
[96.0, 32.0, 817.0, 573.0]
[112.0, 48.0, 834.0, 590.0]
[80.0, 64.0, 803.0, 606.0]
[32.0, 64.0, 756.0, 607.0]
[112.0, 64.0, 837.0, 608.0]
[208.0, 48.0, 934.0, 592.0]
[48.0, 32.0, 775.0, 577.0]
[224.0, 64.0, 952.0, 610.0]
[80.0, 32.0, 809.0, 579.0]
[208.0, 32.0, 938.0, 580.0]
[64.0, 32.0, 795.0, 580.0]
[256.0, 64.0, 988.0, 613.0]
[224.0, 32.0, 957.0, 582.0]
[16.0, 32.0, 750.0, 582.0]
[224.0, 32.0, 959.0, 583.0]
[128.0, 32.0, 864.0, 584.0]
[160.0, 32.0, 897.0, 585.0]
[80.0, 16.0, 818.0, 570.0]
[160.0, 16.0, 899.0, 570.0]
[160.0, 64.0, 900.0, 619.0]
[80.0, 48.0, 821.0, 604.0]
[32.0, 48.0, 774.0, 604.0]
[144.0, 48.0, 887.0, 605.0]
[48.0, 64.0, 792.0, 622.0]
[144.0, 48.0, 889.0, 607.0]
[32.0, 16.0, 778.0, 576.0]
[80.0, 32.0, 827.0, 592.0]
[64.0, 32.0, 812.0, 593.0]
[112.0, 48.0, 861.0, 610.0]
[176.0, 32.0, 926.0, 594.0]
[176.0, 16.0, 927.0, 579.0]
[16.0, 32.0, 768.0, 596.0]
[16.0, 48.0, 769.0, 613.0]
[224.0, 48.0, 978.0, 614.0]
[80.0, 16.0, 835.0, 582.0]
[208.0, 32.0, 964.0, 599.0]
[208.0, 48.0, 965.0, 616.0]
[240.0, 32.0, 998.0, 600.0]
[80.0, 80.0, 839.0, 649.0]
[48.0, 64.0, 808.0, 634.0]
[80.0, 0.0, 841.0, 571.0]
[32.0, 64.0, 794.0, 636.0]
[32.0, 48.0, 795.0, 620.0]
[224.0, 64.0, 988.0, 637.0]
[176.0, 80.0, 941.0, 654.0]
[208.0, 48.0, 974.0, 622.0]
[96.0, 64.0, 863.0, 639.0]
[32.0, 32.0, 800.0, 608.0]
[112.0, 80.0, 881.0, 657.0]
[160.0, 0.0, 930.0, 578.0]
[48.0, 16.0, 819.0, 594.0]
[32.0, 48.0, 804.0, 627.0]
[48.0, 0.0, 821.0, 580.0]
[192.0, 32.0, 966.0, 612.0]
[96.0, 80.0, 871.0, 661.0]
[64.0, 32.0, 840.0, 614.0]
[80.0, 48.0, 857.0, 631.0]
[208.0, 48.0, 986.0, 632.0]
[192.0, 0.0, 971.0, 584.0]
[144.0, 16.0, 924.0, 601.0]
[192.0, 32.0, 973.0, 618.0]
[240.0, 48.0, 1022.0, 634.0]
[128.0, 80.0, 911.0, 667.0]
[64.0, 32.0, 848.0, 620.0]
[128.0, 48.0, 913.0, 637.0]
[80.0, 16.0, 866.0, 606.0]
[144.0, 0.0, 931.0, 590.0]
[160.0, 0.0, 948.0, 591.0]
[64.0, 0.0, 853.0, 592.0]
[192.0, 48.0, 982.0, 640.0]
[32.0, 32.0, 823.0, 625.0]
[80.0, 80.0, 872.0, 674.0]
[64.0, 16.0, 857.0, 611.0]
[32.0, 0.0, 826.0, 596.0]
[144.0, 0.0, 939.0, 596.0]
[176.0, 16.0, 972.0, 613.0]
[160.0, 48.0, 957.0, 646.0]
[48.0, 32.0, 846.0, 630.0]
[160.0, 48.0, 959.0, 647.0]
[64.0, 80.0, 864.0, 680.0]
[128.0, 48.0, 929.0, 649.0]
[32.0, 64.0, 834.0, 666.0]
[160.0, 48.0, 963.0, 650.0]
[48.0, 0.0, 852.0, 603.0]
[192.0, 64.0, 997.0, 668.0]
[112.0, 16.0, 918.0, 620.0]
[160.0, 64.0, 967.0, 669.0]
[32.0, 16.0, 840.0, 622.0]
[64.0, 16.0, 873.0, 623.0]
[64.0, 48.0, 874.0, 656.0]
[160.0, 64.0, 971.0, 672.0]
[208.0, 32.0, 1020.0, 641.0]
[80.0, 16.0, 893.0, 626.0]
[112.0, 16.0, 926.0, 626.0]
[48.0, 48.0, 863.0, 659.0]
[48.0, 80.0, 864.0, 692.0]
[112.0, 0.0, 929.0, 613.0]
[112.0, 32.0, 930.0, 646.0]
[176.0, 48.0, 995.0, 662.0]
[96.0, 32.0, 916.0, 647.0]
[128.0, 0.0, 949.0, 616.0]
[96.0, 48.0, 918.0, 664.0]
[144.0, 32.0, 967.0, 649.0]
[80.0, 0.0, 904.0, 618.0]
[144.0, 0.0, 969.0, 619.0]
[96.0, 16.0, 922.0, 636.0]
[192.0, 16.0, 1019.0, 636.0]
[0.0, 32.0, 828.0, 653.0]
[192.0, 32.0, 1021.0, 654.0]
[48.0, 64.0, 878.0, 686.0]
[128.0, 48.0, 959.0, 671.0]
[112.0, 48.0, 944.0, 672.0]
[112.0, 48.0, 945.0, 673.0]
[128.0, 16.0, 962.0, 642.0]
[48.0, 16.0, 883.0, 642.0]
[48.0, 48.0, 884.0, 675.0]
[80.0, 64.0, 917.0, 692.0]
[64.0, 48.0, 902.0, 676.0]
[128.0, 32.0, 967.0, 661.0]
[176.0, 32.0, 1016.0, 662.0]
[160.0, 0.0, 1001.0, 631.0]
[64.0, 64.0, 906.0, 696.0]
[112.0, 16.0, 955.0, 648.0]
[0.0, 32.0, 844.0, 665.0]
[16.0, 32.0, 861.0, 666.0]
[128.0, 32.0, 974.0, 666.0]
[128.0, 64.0, 975.0, 699.0]
[128.0, 80.0, 976.0, 716.0]
[64.0, 80.0, 913.0, 717.0]
[160.0, 32.0, 1010.0, 670.0]
[64.0, 16.0, 915.0, 654.0]
[112.0, 0.0, 964.0, 639.0]
[144.0, 16.0, 997.0, 656.0]
[80.0, 80.0, 934.0, 720.0]
[96.0, 16.0, 951.0, 657.0]
[16.0, 16.0, 872.0, 658.0]
[96.0, 32.0, 953.0, 675.0]
[32.0, 16.0, 890.0, 660.0]
[64.0, 0.0, 923.0, 644.0]
[112.0, 48.0, 972.0, 693.0]
[0.0, 32.0, 861.0, 678.0]
[64.0, 80.0, 926.0, 726.0]
[112.0, 0.0, 975.0, 647.0]
[16.0, 0.0, 880.0, 648.0]
[144.0, 48.0, 1009.0, 697.0]
[80.0, 64.0, 946.0, 714.0]
[80.0, 80.0, 947.0, 730.0]
[128.0, 32.0, 996.0, 683.0]
[48.0, 16.0, 917.0, 668.0]
[64.0, 48.0, 934.0, 700.0]
[144.0, 32.0, 1015.0, 685.0]
[48.0, 64.0, 920.0, 718.0]
[16.0, 48.0, 889.0, 703.0]
[64.0, 80.0, 938.0, 736.0]
[64.0, 32.0, 939.0, 688.0]
[80.0, 32.0, 956.0, 689.0]
[64.0, 32.0, 941.0, 690.0]
[128.0, 32.0, 1006.0, 690.0]
[96.0, 64.0, 975.0, 723.0]
[128.0, 32.0, 1008.0, 692.0]
[80.0, 64.0, 961.0, 725.0]
[128.0, 48.0, 1010.0, 710.0]
[96.0, 32.0, 979.0, 694.0]
[80.0, 48.0, 964.0, 711.0]
[48.0, 64.0, 933.0, 728.0]
[80.0, 0.0, 966.0, 664.0]
[80.0, 80.0, 967.0, 745.0]
[16.0, 64.0, 904.0, 730.0]
[32.0, 64.0, 921.0, 731.0]
[96.0, 16.0, 986.0, 684.0]
[16.0, 48.0, 907.0, 716.0]
[32.0, 64.0, 924.0, 733.0]
[64.0, 80.0, 957.0, 750.0]
[64.0, 32.0, 958.0, 702.0]
[80.0, 16.0, 975.0, 687.0]
[80.0, 48.0, 976.0, 720.0]
[48.0, 0.0, 945.0, 673.0]
[64.0, 0.0, 962.0, 674.0]
[48.0, 64.0, 947.0, 738.0]
[96.0, 0.0, 996.0, 675.0]
[96.0, 16.0, 997.0, 692.0]
[32.0, 64.0, 934.0, 740.0]
[0.0, 32.0, 903.0, 709.0]
[0.0, 16.0, 904.0, 694.0]
[0.0, 32.0, 905.0, 711.0]
[32.0, 64.0, 938.0, 744.0]
[16.0, 16.0, 923.0, 696.0]
[0.0, 32.0, 908.0, 713.0]
[48.0, 32.0, 957.0, 714.0]
[80.0, 48.0, 990.0, 730.0]
[0.0, 0.0, 911.0, 683.0]
[80.0, 0.0, 992.0, 684.0]
[48.0, 80.0, 961.0, 765.0]
[32.0, 16.0, 946.0, 702.0]
[64.0, 32.0, 979.0, 718.0]
[80.0, 0.0, 996.0, 687.0]
[16.0, 48.0, 933.0, 736.0]
[32.0, 0.0, 950.0, 688.0]
[0.0, 16.0, 919.0, 705.0]
[80.0, 0.0, 1000.0, 690.0]
[64.0, 32.0, 985.0, 723.0]
[0.0, 32.0, 922.0, 724.0]
[80.0, 48.0, 1003.0, 740.0]
[16.0, 64.0, 940.0, 757.0]
[32.0, 64.0, 957.0, 758.0]
[16.0, 32.0, 942.0, 726.0]
[96.0, 16.0, 1023.0, 711.0]
[80.0, 0.0, 1008.0, 696.0]
[48.0, 32.0, 977.0, 729.0]
[64.0, 32.0, 994.0, 730.0]
[0.0, 32.0, 931.0, 730.0]
[0.0, 48.0, 932.0, 747.0]
[80.0, 32.0, 1013.0, 732.0]
[32.0, 32.0, 966.0, 732.0]
[0.0, 0.0, 935.0, 701.0]
[32.0, 16.0, 968.0, 718.0]
[80.0, 0.0, 1017.0, 703.0]
[0.0, 16.0, 938.0, 720.0]
[16.0, 0.0, 955.0, 704.0]
[48.0, 16.0, 988.0, 721.0]
[32.0, 32.0, 973.0, 738.0]
[48.0, 32.0, 990.0, 738.0]
[48.0, 48.0, 991.0, 755.0]
[64.0, 48.0, 1008.0, 756.0]
[48.0, 32.0, 993.0, 741.0]
[0.0, 48.0, 946.0, 758.0]
[0.0, 16.0, 947.0, 726.0]
[32.0, 0.0, 980.0, 711.0]
[0.0, 0.0, 949.0, 712.0]
[32.0, 0.0, 982.0, 712.0]
[0.0, 32.0, 951.0, 745.0]
[64.0, 32.0, 1016.0, 746.0]
[64.0, 48.0, 1017.0, 763.0]
[64.0, 32.0, 1018.0, 748.0]
[0.0, 16.0, 955.0, 732.0]
[16.0, 0.0, 972.0, 717.0]
[32.0, 32.0, 989.0, 750.0]
[48.0, 48.0, 1006.0, 766.0]
[64.0, 32.0, 1023.0, 751.0]
[16.0, 0.0, 976.0, 720.0]
[0.0, 0.0, 961.0, 721.0]
[32.0, 32.0, 994.0, 754.0]
[32.0, 32.0, 995.0, 754.0]
[32.0, 16.0, 996.0, 739.0]
[0.0, 0.0, 965.0, 724.0]
[0.0, 0.0, 966.0, 724.0]
[16.0, 32.0, 983.0, 757.0]
[0.0, 16.0, 968.0, 742.0]
[16.0, 32.0, 985.0, 759.0]
[32.0, 16.0, 1002.0, 744.0]
[16.0, 0.0, 987.0, 728.0]
[48.0, 32.0, 1020.0, 761.0]
[32.0, 0.0, 1005.0, 730.0]
[16.0, 16.0, 990.0, 746.0]
[0.0, 0.0, 975.0, 731.0]
[48.0, 16.0, 1024.0, 748.0]
[32.0, 0.0, 1009.0, 733.0]
[32.0, 32.0, 1010.0, 766.0]
[16.0, 0.0, 995.0, 734.0]
[0.0, 0.0, 980.0, 735.0]
[32.0, 16.0, 1013.0, 752.0]
[0.0, 0.0, 982.0, 736.0]
[0.0, 16.0, 983.0, 753.0]
[32.0, 16.0, 1016.0, 754.0]
[32.0, 0.0, 1017.0, 739.0]
[32.0, 16.0, 1018.0, 756.0]
[16.0, 16.0, 1003.0, 756.0]
[0.0, 0.0, 988.0, 741.0]
[32.0, 16.0, 1021.0, 758.0]
[0.0, 0.0, 990.0, 742.0]
[0.0, 16.0, 991.0, 759.0]
[0.0, 16.0, 992.0, 760.0]
[16.0, 0.0, 1009.0, 745.0]
[0.0, 0.0, 994.0, 746.0]
[0.0, 16.0, 995.0, 762.0]
[16.0, 0.0, 1012.0, 747.0]
[16.0, 16.0, 1013.0, 764.0]
[0.0, 0.0, 998.0, 748.0]
[16.0, 0.0, 1015.0, 749.0]
[16.0, 16.0, 1016.0, 766.0]
[16.0, 0.0, 1017.0, 751.0]
[16.0, 0.0, 1018.0, 752.0]
[16.0, 16.0, 1019.0, 768.0]
[16.0, 0.0, 1020.0, 753.0]
[0.0, 0.0, 1005.0, 754.0]
[16.0, 0.0, 1022.0, 754.0]
[0.0, 0.0, 1007.0, 755.0]
[16.0, 0.0, 1024.0, 756.0]
[0.0, 0.0, 1009.0, 757.0]
[0.0, 0.0, 1010.0, 758.0]
[0.0, 0.0, 1011.0, 758.0]
[0.0, 0.0, 1012.0, 759.0]
[0.0, 0.0, 1013.0, 760.0]
[0.0, 0.0, 1014.0, 760.0]
