[208.0, 96.0, 925.0, 634.0]
[112.0, 112.0, 830.0, 650.0]
[112.0, 80.0, 831.0, 619.0]
[192.0, 80.0, 912.0, 620.0]
[224.0, 80.0, 945.0, 621.0]
[256.0, 80.0, 978.0, 622.0]
[160.0, 96.0, 883.0, 638.0]
[272.0, 96.0, 996.0, 639.0]
[224.0, 80.0, 949.0, 624.0]
[144.0, 96.0, 870.0, 640.0]
[144.0, 112.0, 871.0, 657.0]
[272.0, 64.0, 1000.0, 610.0]
[192.0, 96.0, 921.0, 643.0]
[112.0, 80.0, 842.0, 628.0]
[288.0, 64.0, 1019.0, 612.0]
[256.0, 96.0, 988.0, 645.0]
[224.0, 96.0, 957.0, 646.0]
[192.0, 96.0, 926.0, 646.0]
[272.0, 96.0, 1007.0, 647.0]
[144.0, 96.0, 880.0, 648.0]
[208.0, 80.0, 945.0, 633.0]
[96.0, 64.0, 834.0, 618.0]
[192.0, 80.0, 931.0, 634.0]
[176.0, 48.0, 916.0, 603.0]
[224.0, 48.0, 965.0, 604.0]
[128.0, 112.0, 870.0, 668.0]
[80.0, 64.0, 823.0, 621.0]
[160.0, 48.0, 904.0, 606.0]
[240.0, 64.0, 985.0, 623.0]
[224.0, 64.0, 970.0, 624.0]
[80.0, 64.0, 827.0, 624.0]
[128.0, 96.0, 876.0, 657.0]
[112.0, 80.0, 861.0, 642.0]
[112.0, 80.0, 862.0, 642.0]
[208.0, 80.0, 959.0, 643.0]
[208.0, 80.0, 960.0, 644.0]
[112.0, 96.0, 865.0, 661.0]
[144.0, 96.0, 898.0, 662.0]
[128.0, 64.0, 883.0, 630.0]
[80.0, 80.0, 836.0, 647.0]
[192.0, 80.0, 949.0, 648.0]
[96.0, 64.0, 854.0, 632.0]
[176.0, 32.0, 935.0, 601.0]
[128.0, 96.0, 888.0, 666.0]
[192.0, 16.0, 953.0, 587.0]
[64.0, 96.0, 826.0, 668.0]
[144.0, 16.0, 907.0, 588.0]
[80.0, 80.0, 844.0, 653.0]
[208.0, 64.0, 973.0, 638.0]
[224.0, 64.0, 990.0, 638.0]
[160.0, 80.0, 927.0, 655.0]
[160.0, 32.0, 928.0, 608.0]
[160.0, 80.0, 929.0, 657.0]
[112.0, 80.0, 882.0, 658.0]
[176.0, 32.0, 947.0, 610.0]
[96.0, 48.0, 868.0, 627.0]
[176.0, 80.0, 949.0, 660.0]
[80.0, 80.0, 854.0, 660.0]
[96.0, 64.0, 871.0, 645.0]
[144.0, 80.0, 920.0, 662.0]
[208.0, 16.0, 985.0, 599.0]
[80.0, 80.0, 858.0, 664.0]
[144.0, 80.0, 923.0, 664.0]
[64.0, 48.0, 844.0, 633.0]
[112.0, 32.0, 893.0, 618.0]
[128.0, 32.0, 910.0, 618.0]
[240.0, 80.0, 1023.0, 667.0]
[64.0, 48.0, 848.0, 636.0]
[176.0, 64.0, 961.0, 653.0]
[128.0, 64.0, 914.0, 654.0]
[48.0, 80.0, 835.0, 670.0]
[176.0, 32.0, 964.0, 623.0]
[96.0, 16.0, 885.0, 608.0]
[192.0, 48.0, 982.0, 640.0]
[48.0, 80.0, 839.0, 673.0]
[176.0, 32.0, 968.0, 626.0]
[192.0, 80.0, 985.0, 675.0]
[112.0, 0.0, 906.0, 596.0]
[144.0, 32.0, 939.0, 628.0]
[96.0, 80.0, 892.0, 677.0]
[128.0, 0.0, 925.0, 598.0]
[96.0, 16.0, 894.0, 614.0]
[112.0, 16.0, 911.0, 615.0]
[64.0, 64.0, 864.0, 664.0]
[64.0, 48.0, 865.0, 649.0]
[144.0, 16.0, 946.0, 618.0]
[64.0, 64.0, 867.0, 666.0]
[96.0, 16.0, 900.0, 619.0]
[80.0, 64.0, 885.0, 668.0]
[48.0, 48.0, 854.0, 652.0]
[144.0, 32.0, 951.0, 637.0]
[128.0, 0.0, 936.0, 606.0]
[208.0, 32.0, 1017.0, 639.0]
[48.0, 64.0, 858.0, 672.0]
[176.0, 16.0, 987.0, 624.0]
[192.0, 32.0, 1004.0, 641.0]
[208.0, 48.0, 1021.0, 658.0]
[64.0, 48.0, 878.0, 658.0]
[160.0, 32.0, 975.0, 643.0]
[176.0, 64.0, 992.0, 676.0]
[112.0, 32.0, 929.0, 645.0]
[80.0, 32.0, 898.0, 646.0]
[80.0, 64.0, 899.0, 678.0]
[48.0, 64.0, 868.0, 679.0]
[64.0, 48.0, 885.0, 664.0]
[112.0, 0.0, 934.0, 616.0]
[112.0, 48.0, 935.0, 665.0]
[176.0, 0.0, 1000.0, 618.0]
[176.0, 16.0, 1001.0, 635.0]
[80.0, 16.0, 906.0, 636.0]
[96.0, 16.0, 923.0, 636.0]
[144.0, 0.0, 972.0, 621.0]
[96.0, 48.0, 925.0, 670.0]
[176.0, 32.0, 1006.0, 654.0]
[80.0, 48.0, 911.0, 671.0]
[80.0, 0.0, 912.0, 624.0]
[64.0, 32.0, 897.0, 657.0]
[96.0, 32.0, 930.0, 658.0]
[32.0, 32.0, 867.0, 658.0]
[160.0, 16.0, 996.0, 643.0]
[128.0, 32.0, 965.0, 660.0]
[48.0, 32.0, 886.0, 660.0]
[80.0, 16.0, 919.0, 645.0]
[80.0, 16.0, 920.0, 646.0]
[96.0, 0.0, 937.0, 631.0]
[160.0, 48.0, 1002.0, 680.0]
[48.0, 16.0, 891.0, 648.0]
[80.0, 48.0, 924.0, 681.0]
[112.0, 48.0, 957.0, 682.0]
[144.0, 48.0, 990.0, 682.0]
[144.0, 48.0, 991.0, 683.0]
[144.0, 0.0, 992.0, 636.0]
[96.0, 0.0, 945.0, 637.0]
[48.0, 0.0, 898.0, 638.0]
[32.0, 16.0, 883.0, 654.0]
[128.0, 0.0, 980.0, 639.0]
[48.0, 0.0, 901.0, 640.0]
[144.0, 0.0, 998.0, 640.0]
[96.0, 32.0, 951.0, 673.0]
[144.0, 0.0, 1000.0, 642.0]
[96.0, 16.0, 953.0, 659.0]
[144.0, 0.0, 1002.0, 644.0]
[112.0, 0.0, 971.0, 644.0]
[32.0, 32.0, 892.0, 677.0]
[96.0, 16.0, 957.0, 662.0]
[112.0, 16.0, 974.0, 662.0]
[112.0, 16.0, 975.0, 663.0]
[32.0, 32.0, 896.0, 680.0]
[144.0, 16.0, 1009.0, 665.0]
[128.0, 16.0, 994.0, 666.0]
[32.0, 16.0, 899.0, 666.0]
[96.0, 32.0, 964.0, 683.0]
[144.0, 0.0, 1013.0, 652.0]
[96.0, 16.0, 966.0, 668.0]
[64.0, 0.0, 935.0, 653.0]
[32.0, 16.0, 904.0, 670.0]
[48.0, 16.0, 921.0, 671.0]
[48.0, 16.0, 922.0, 672.0]
[80.0, 16.0, 955.0, 672.0]
[128.0, 16.0, 1004.0, 673.0]
[80.0, 0.0, 957.0, 658.0]
[128.0, 0.0, 1006.0, 658.0]
[112.0, 0.0, 991.0, 659.0]
[80.0, 16.0, 960.0, 676.0]
[80.0, 16.0, 961.0, 677.0]
[112.0, 0.0, 994.0, 662.0]
[112.0, 0.0, 995.0, 662.0]
[128.0, 16.0, 1012.0, 679.0]
[48.0, 16.0, 933.0, 680.0]
[48.0, 16.0, 934.0, 680.0]
[48.0, 0.0, 935.0, 665.0]
[48.0, 16.0, 936.0, 682.0]
[80.0, 0.0, 969.0, 667.0]
[48.0, 0.0, 938.0, 668.0]
[64.0, 0.0, 955.0, 668.0]
[128.0, 0.0, 1020.0, 669.0]
[48.0, 0.0, 941.0, 670.0]
[48.0, 0.0, 942.0, 670.0]
[32.0, 0.0, 927.0, 671.0]
[96.0, 0.0, 992.0, 672.0]
[112.0, 0.0, 1009.0, 673.0]
[64.0, 0.0, 962.0, 674.0]
[112.0, 0.0, 1011.0, 674.0]
[64.0, 0.0, 964.0, 675.0]
[96.0, 0.0, 997.0, 676.0]
[96.0, 0.0, 998.0, 676.0]
[112.0, 0.0, 1015.0, 677.0]
[96.0, 0.0, 1000.0, 678.0]
[32.0, 0.0, 937.0, 679.0]
[112.0, 0.0, 1018.0, 680.0]
[48.0, 0.0, 955.0, 680.0]
[80.0, 0.0, 988.0, 681.0]
[80.0, 0.0, 989.0, 682.0]
[64.0, 0.0, 974.0, 682.0]
[112.0, 0.0, 1023.0, 683.0]
