[64.0, 64.0, 781.0, 602.0]
[0.0, 32.0, 718.0, 570.0]
[160.0, 64.0, 879.0, 603.0]
[48.0, 16.0, 768.0, 556.0]
[48.0, 48.0, 769.0, 589.0]
[160.0, 32.0, 882.0, 574.0]
[64.0, 64.0, 787.0, 606.0]
[32.0, 64.0, 756.0, 607.0]
[112.0, 32.0, 837.0, 576.0]
[80.0, 32.0, 806.0, 576.0]
[0.0, 0.0, 727.0, 545.0]
[16.0, 16.0, 744.0, 562.0]
[32.0, 64.0, 761.0, 611.0]
[128.0, 64.0, 858.0, 612.0]
[96.0, 64.0, 827.0, 612.0]
[80.0, 0.0, 812.0, 549.0]
[176.0, 16.0, 909.0, 566.0]
[32.0, 48.0, 766.0, 598.0]
[176.0, 16.0, 911.0, 567.0]
[112.0, 0.0, 848.0, 552.0]
[112.0, 32.0, 849.0, 585.0]
[112.0, 48.0, 850.0, 602.0]
[96.0, 16.0, 835.0, 570.0]
[112.0, 32.0, 852.0, 587.0]
[48.0, 32.0, 789.0, 588.0]
[16.0, 0.0, 758.0, 556.0]
[208.0, 16.0, 951.0, 573.0]
[208.0, 0.0, 952.0, 558.0]
[160.0, 48.0, 905.0, 607.0]
[144.0, 48.0, 890.0, 608.0]
[144.0, 0.0, 891.0, 560.0]
[16.0, 16.0, 764.0, 577.0]
[96.0, 0.0, 845.0, 562.0]
[32.0, 32.0, 782.0, 594.0]
[48.0, 32.0, 799.0, 595.0]
[0.0, 32.0, 752.0, 596.0]
[64.0, 64.0, 817.0, 629.0]
[144.0, 48.0, 898.0, 614.0]
[160.0, 0.0, 915.0, 566.0]
[32.0, 48.0, 788.0, 615.0]
[32.0, 0.0, 789.0, 568.0]
[80.0, 32.0, 838.0, 600.0]
[192.0, 0.0, 951.0, 569.0]
[144.0, 64.0, 904.0, 634.0]
[64.0, 32.0, 825.0, 603.0]
[112.0, 64.0, 874.0, 636.0]
[128.0, 64.0, 891.0, 636.0]
[80.0, 32.0, 844.0, 605.0]
[48.0, 0.0, 813.0, 574.0]
[112.0, 48.0, 878.0, 622.0]
[128.0, 16.0, 895.0, 591.0]
[0.0, 32.0, 768.0, 608.0]
[32.0, 16.0, 801.0, 593.0]
[48.0, 16.0, 818.0, 594.0]
[48.0, 48.0, 819.0, 626.0]
[64.0, 16.0, 836.0, 595.0]
[64.0, 16.0, 837.0, 596.0]
[176.0, 32.0, 950.0, 612.0]
[64.0, 48.0, 839.0, 629.0]
[160.0, 32.0, 936.0, 614.0]
[96.0, 48.0, 873.0, 631.0]
[32.0, 16.0, 810.0, 600.0]
[96.0, 64.0, 875.0, 648.0]
[48.0, 32.0, 828.0, 617.0]
[128.0, 64.0, 909.0, 650.0]
[112.0, 48.0, 894.0, 634.0]
[144.0, 48.0, 927.0, 635.0]
[144.0, 0.0, 928.0, 588.0]
[48.0, 0.0, 833.0, 589.0]
[112.0, 64.0, 898.0, 654.0]
[80.0, 32.0, 867.0, 622.0]
[32.0, 48.0, 820.0, 639.0]
[0.0, 16.0, 789.0, 608.0]
[80.0, 0.0, 870.0, 592.0]
[48.0, 32.0, 839.0, 625.0]
[32.0, 48.0, 824.0, 642.0]
[128.0, 16.0, 921.0, 611.0]
[80.0, 16.0, 874.0, 612.0]
[160.0, 16.0, 955.0, 612.0]
[64.0, 0.0, 860.0, 597.0]
[112.0, 0.0, 909.0, 598.0]
[32.0, 48.0, 830.0, 646.0]
[96.0, 0.0, 895.0, 599.0]
[16.0, 32.0, 816.0, 632.0]
[64.0, 0.0, 865.0, 601.0]
[48.0, 0.0, 850.0, 602.0]
[32.0, 16.0, 835.0, 618.0]
[112.0, 48.0, 916.0, 651.0]
[112.0, 0.0, 917.0, 604.0]
[112.0, 48.0, 918.0, 652.0]
[32.0, 32.0, 839.0, 637.0]
[32.0, 16.0, 840.0, 622.0]
[64.0, 48.0, 873.0, 655.0]
[64.0, 16.0, 874.0, 624.0]
[64.0, 64.0, 875.0, 672.0]
[16.0, 0.0, 828.0, 609.0]
[32.0, 0.0, 845.0, 610.0]
[96.0, 32.0, 910.0, 642.0]
[128.0, 16.0, 943.0, 627.0]
[128.0, 0.0, 944.0, 612.0]
[64.0, 64.0, 881.0, 677.0]
[80.0, 48.0, 898.0, 662.0]
[112.0, 0.0, 931.0, 614.0]
[96.0, 16.0, 916.0, 631.0]
[48.0, 48.0, 869.0, 664.0]
[64.0, 0.0, 886.0, 616.0]
[0.0, 32.0, 823.0, 649.0]
[48.0, 64.0, 872.0, 682.0]
[16.0, 48.0, 841.0, 667.0]
[128.0, 16.0, 954.0, 636.0]
[16.0, 0.0, 843.0, 620.0]
[96.0, 0.0, 924.0, 621.0]
[128.0, 32.0, 957.0, 654.0]
[32.0, 16.0, 862.0, 638.0]
[96.0, 48.0, 927.0, 671.0]
[0.0, 16.0, 832.0, 640.0]
[112.0, 0.0, 945.0, 625.0]
[80.0, 0.0, 914.0, 626.0]
[48.0, 32.0, 883.0, 658.0]
[48.0, 32.0, 884.0, 659.0]
[48.0, 48.0, 885.0, 676.0]
[48.0, 0.0, 886.0, 628.0]
[16.0, 48.0, 855.0, 677.0]
[0.0, 32.0, 840.0, 662.0]
[64.0, 32.0, 905.0, 663.0]
[32.0, 48.0, 874.0, 680.0]
[64.0, 48.0, 907.0, 680.0]
[48.0, 32.0, 892.0, 665.0]
[32.0, 0.0, 877.0, 634.0]
[112.0, 16.0, 958.0, 650.0]
[48.0, 48.0, 895.0, 683.0]
[64.0, 0.0, 912.0, 636.0]
[16.0, 48.0, 865.0, 685.0]
[0.0, 16.0, 850.0, 654.0]
[48.0, 32.0, 899.0, 670.0]
[32.0, 16.0, 884.0, 655.0]
[32.0, 32.0, 885.0, 672.0]
[48.0, 32.0, 902.0, 672.0]
[80.0, 16.0, 935.0, 657.0]
[0.0, 32.0, 856.0, 674.0]
[48.0, 64.0, 905.0, 707.0]
[48.0, 16.0, 906.0, 660.0]
[16.0, 48.0, 875.0, 692.0]
[64.0, 48.0, 924.0, 693.0]
[32.0, 16.0, 893.0, 662.0]
[80.0, 32.0, 942.0, 678.0]
[32.0, 16.0, 895.0, 663.0]
[16.0, 16.0, 880.0, 664.0]
[0.0, 32.0, 865.0, 681.0]
[80.0, 32.0, 946.0, 682.0]
[16.0, 48.0, 883.0, 698.0]
[0.0, 16.0, 868.0, 667.0]
[16.0, 0.0, 885.0, 652.0]
[80.0, 32.0, 950.0, 684.0]
[16.0, 16.0, 887.0, 669.0]
[48.0, 0.0, 920.0, 654.0]
[64.0, 0.0, 937.0, 655.0]
[64.0, 32.0, 938.0, 688.0]
[80.0, 32.0, 955.0, 688.0]
[80.0, 0.0, 956.0, 657.0]
[0.0, 0.0, 877.0, 658.0]
[16.0, 16.0, 894.0, 674.0]
[48.0, 32.0, 927.0, 691.0]
[64.0, 16.0, 944.0, 676.0]
[64.0, 16.0, 945.0, 677.0]
[32.0, 0.0, 914.0, 662.0]
[0.0, 0.0, 883.0, 662.0]
[64.0, 0.0, 948.0, 663.0]
[16.0, 0.0, 901.0, 664.0]
[16.0, 32.0, 902.0, 696.0]
[16.0, 32.0, 903.0, 697.0]
[16.0, 0.0, 904.0, 666.0]
[64.0, 0.0, 953.0, 667.0]
[0.0, 32.0, 890.0, 700.0]
[64.0, 0.0, 955.0, 668.0]
[48.0, 0.0, 940.0, 669.0]
[48.0, 0.0, 941.0, 670.0]
[0.0, 32.0, 894.0, 702.0]
[16.0, 32.0, 911.0, 703.0]
[48.0, 32.0, 944.0, 704.0]
[16.0, 0.0, 913.0, 673.0]
[16.0, 32.0, 914.0, 706.0]
[0.0, 16.0, 899.0, 690.0]
[0.0, 16.0, 900.0, 691.0]
[32.0, 32.0, 933.0, 708.0]
[0.0, 32.0, 902.0, 708.0]
[0.0, 16.0, 903.0, 693.0]
[0.0, 0.0, 904.0, 678.0]
[48.0, 0.0, 953.0, 679.0]
[0.0, 32.0, 906.0, 712.0]
[32.0, 0.0, 939.0, 680.0]
[0.0, 16.0, 908.0, 697.0]
[32.0, 0.0, 941.0, 682.0]
[16.0, 16.0, 926.0, 698.0]
[0.0, 0.0, 911.0, 683.0]
[32.0, 32.0, 944.0, 716.0]
