[64.0, 160.0, 845.0, 746.0]
[128.0, 160.0, 910.0, 746.0]
[144.0, 208.0, 927.0, 795.0]
[192.0, 112.0, 976.0, 700.0]
[160.0, 128.0, 945.0, 717.0]
[176.0, 176.0, 962.0, 766.0]
[64.0, 128.0, 851.0, 718.0]
[176.0, 128.0, 964.0, 719.0]
[176.0, 208.0, 965.0, 800.0]
[192.0, 208.0, 982.0, 800.0]
[80.0, 208.0, 871.0, 801.0]
[112.0, 160.0, 904.0, 754.0]
[144.0, 96.0, 937.0, 691.0]
[80.0, 176.0, 874.0, 772.0]
[192.0, 160.0, 987.0, 756.0]
[96.0, 192.0, 892.0, 789.0]
[112.0, 144.0, 909.0, 742.0]
[112.0, 160.0, 910.0, 758.0]
[64.0, 96.0, 863.0, 695.0]
[48.0, 144.0, 848.0, 744.0]
[192.0, 128.0, 993.0, 729.0]
[128.0, 96.0, 930.0, 698.0]
[48.0, 160.0, 851.0, 762.0]
[64.0, 176.0, 868.0, 779.0]
[160.0, 176.0, 965.0, 780.0]
[176.0, 144.0, 982.0, 748.0]
[32.0, 96.0, 839.0, 701.0]
[96.0, 160.0, 904.0, 766.0]
[32.0, 160.0, 841.0, 767.0]
[112.0, 208.0, 922.0, 816.0]
[128.0, 80.0, 939.0, 688.0]
[80.0, 96.0, 892.0, 705.0]
[112.0, 128.0, 925.0, 738.0]
[112.0, 192.0, 926.0, 802.0]
[80.0, 112.0, 895.0, 723.0]
[192.0, 176.0, 1008.0, 788.0]
[80.0, 160.0, 897.0, 773.0]
[96.0, 208.0, 914.0, 822.0]
[160.0, 80.0, 979.0, 694.0]
[16.0, 144.0, 836.0, 759.0]
[96.0, 144.0, 917.0, 760.0]
[96.0, 144.0, 918.0, 760.0]
[160.0, 96.0, 983.0, 713.0]
[112.0, 176.0, 936.0, 794.0]
[64.0, 160.0, 889.0, 779.0]
[16.0, 112.0, 842.0, 732.0]
[48.0, 176.0, 875.0, 796.0]
[176.0, 128.0, 1004.0, 749.0]
[128.0, 192.0, 957.0, 814.0]
[96.0, 192.0, 926.0, 814.0]
[160.0, 112.0, 991.0, 735.0]
[176.0, 176.0, 1008.0, 800.0]
[80.0, 96.0, 913.0, 721.0]
[112.0, 128.0, 946.0, 754.0]
[80.0, 64.0, 915.0, 690.0]
[0.0, 128.0, 836.0, 755.0]
[176.0, 144.0, 1013.0, 772.0]
[160.0, 160.0, 998.0, 788.0]
[80.0, 112.0, 919.0, 741.0]
[96.0, 160.0, 936.0, 790.0]
[160.0, 80.0, 1001.0, 711.0]
[144.0, 80.0, 986.0, 712.0]
[160.0, 176.0, 1003.0, 808.0]
[80.0, 160.0, 924.0, 793.0]
[112.0, 96.0, 957.0, 730.0]
[96.0, 112.0, 942.0, 746.0]
[80.0, 160.0, 927.0, 795.0]
[80.0, 176.0, 928.0, 812.0]
[96.0, 80.0, 945.0, 717.0]
[144.0, 128.0, 994.0, 766.0]
[80.0, 192.0, 931.0, 830.0]
[96.0, 48.0, 948.0, 687.0]
[128.0, 128.0, 981.0, 768.0]
[128.0, 112.0, 982.0, 752.0]
[128.0, 128.0, 983.0, 769.0]
[0.0, 144.0, 856.0, 786.0]
[32.0, 96.0, 889.0, 739.0]
[48.0, 48.0, 906.0, 692.0]
[144.0, 160.0, 1003.0, 804.0]
[144.0, 80.0, 1004.0, 725.0]
[96.0, 128.0, 957.0, 774.0]
[0.0, 80.0, 862.0, 726.0]
[160.0, 160.0, 1023.0, 807.0]
[80.0, 64.0, 944.0, 712.0]
[128.0, 96.0, 993.0, 745.0]
[32.0, 144.0, 898.0, 794.0]
[64.0, 80.0, 931.0, 730.0]
[96.0, 64.0, 964.0, 715.0]
[16.0, 64.0, 885.0, 716.0]
[48.0, 64.0, 918.0, 716.0]
[112.0, 160.0, 983.0, 813.0]
[128.0, 160.0, 1000.0, 814.0]
[144.0, 128.0, 1017.0, 783.0]
[48.0, 176.0, 922.0, 832.0]
[64.0, 96.0, 939.0, 752.0]
[96.0, 80.0, 972.0, 737.0]
[16.0, 144.0, 893.0, 802.0]
[112.0, 48.0, 990.0, 706.0]
[144.0, 64.0, 1023.0, 723.0]
[64.0, 64.0, 944.0, 724.0]
[96.0, 112.0, 977.0, 773.0]
[64.0, 128.0, 946.0, 790.0]
[16.0, 96.0, 899.0, 758.0]
[16.0, 48.0, 900.0, 711.0]
[112.0, 112.0, 997.0, 776.0]
[16.0, 64.0, 902.0, 728.0]
[64.0, 64.0, 951.0, 729.0]
[48.0, 16.0, 936.0, 682.0]
[96.0, 160.0, 985.0, 827.0]
[80.0, 144.0, 970.0, 812.0]
[0.0, 64.0, 891.0, 732.0]
[32.0, 160.0, 924.0, 829.0]
[96.0, 64.0, 989.0, 734.0]
[16.0, 144.0, 910.0, 814.0]
[0.0, 160.0, 895.0, 831.0]
[112.0, 48.0, 1008.0, 720.0]
[112.0, 128.0, 1009.0, 801.0]
[96.0, 112.0, 994.0, 786.0]
[64.0, 128.0, 963.0, 802.0]
[96.0, 96.0, 996.0, 771.0]
[16.0, 96.0, 917.0, 772.0]
[0.0, 48.0, 902.0, 724.0]
[16.0, 112.0, 919.0, 789.0]
[0.0, 48.0, 904.0, 726.0]
[16.0, 64.0, 921.0, 743.0]
[0.0, 144.0, 906.0, 824.0]
[16.0, 144.0, 923.0, 824.0]
[48.0, 16.0, 956.0, 697.0]
[80.0, 16.0, 989.0, 698.0]
[112.0, 64.0, 1022.0, 746.0]
[32.0, 32.0, 943.0, 715.0]
[64.0, 80.0, 976.0, 764.0]
[0.0, 64.0, 913.0, 749.0]
[48.0, 32.0, 962.0, 718.0]
[96.0, 96.0, 1011.0, 782.0]
[96.0, 48.0, 1012.0, 735.0]
[96.0, 32.0, 1013.0, 720.0]
[64.0, 16.0, 982.0, 704.0]
[96.0, 16.0, 1015.0, 705.0]
[48.0, 16.0, 968.0, 706.0]
[80.0, 128.0, 1001.0, 819.0]
[32.0, 64.0, 954.0, 756.0]
[80.0, 32.0, 1003.0, 724.0]
[64.0, 80.0, 988.0, 773.0]
[64.0, 112.0, 989.0, 806.0]
[32.0, 64.0, 958.0, 758.0]
[80.0, 64.0, 1007.0, 759.0]
[96.0, 80.0, 1024.0, 776.0]
[0.0, 64.0, 929.0, 761.0]
[16.0, 16.0, 946.0, 714.0]
[64.0, 16.0, 995.0, 714.0]
[32.0, 0.0, 964.0, 699.0]
[64.0, 64.0, 997.0, 764.0]
[32.0, 128.0, 966.0, 828.0]
[16.0, 48.0, 951.0, 749.0]
[64.0, 64.0, 1000.0, 766.0]
[48.0, 16.0, 985.0, 719.0]
[0.0, 48.0, 938.0, 752.0]
[64.0, 64.0, 1003.0, 768.0]
[80.0, 80.0, 1020.0, 785.0]
[48.0, 16.0, 989.0, 722.0]
[0.0, 80.0, 942.0, 786.0]
[16.0, 96.0, 959.0, 803.0]
[48.0, 48.0, 992.0, 756.0]
[0.0, 96.0, 945.0, 805.0]
[16.0, 32.0, 962.0, 742.0]
[48.0, 80.0, 995.0, 790.0]
[16.0, 80.0, 964.0, 791.0]
[48.0, 32.0, 997.0, 744.0]
[32.0, 16.0, 982.0, 728.0]
[48.0, 64.0, 999.0, 777.0]
[32.0, 112.0, 984.0, 826.0]
[16.0, 64.0, 969.0, 779.0]
[48.0, 48.0, 1002.0, 764.0]
[48.0, 64.0, 1003.0, 780.0]
[64.0, 112.0, 1020.0, 829.0]
[16.0, 0.0, 973.0, 718.0]
[48.0, 112.0, 1006.0, 830.0]
[16.0, 48.0, 975.0, 767.0]
[16.0, 96.0, 976.0, 816.0]
[0.0, 32.0, 961.0, 753.0]
[48.0, 112.0, 1010.0, 834.0]
[0.0, 112.0, 963.0, 834.0]
[48.0, 80.0, 1012.0, 803.0]
[16.0, 48.0, 981.0, 772.0]
[16.0, 64.0, 982.0, 788.0]
[48.0, 32.0, 1015.0, 757.0]
[48.0, 32.0, 1016.0, 758.0]
[48.0, 32.0, 1017.0, 759.0]
[48.0, 32.0, 1018.0, 760.0]
[0.0, 0.0, 971.0, 728.0]
[0.0, 64.0, 972.0, 793.0]
[16.0, 96.0, 989.0, 826.0]
[32.0, 48.0, 1006.0, 778.0]
[16.0, 16.0, 991.0, 747.0]
[32.0, 80.0, 1008.0, 812.0]
[32.0, 16.0, 1009.0, 749.0]
[32.0, 16.0, 1010.0, 750.0]
[16.0, 96.0, 995.0, 830.0]
[16.0, 16.0, 996.0, 751.0]
[32.0, 32.0, 1013.0, 768.0]
[0.0, 64.0, 982.0, 800.0]
[16.0, 64.0, 999.0, 801.0]
[32.0, 16.0, 1016.0, 754.0]
[16.0, 16.0, 1001.0, 755.0]
[16.0, 64.0, 1002.0, 804.0]
[32.0, 48.0, 1019.0, 788.0]
[0.0, 16.0, 988.0, 757.0]
[32.0, 16.0, 1021.0, 758.0]
[16.0, 48.0, 1006.0, 790.0]
[16.0, 0.0, 1007.0, 743.0]
[16.0, 64.0, 1008.0, 808.0]
[0.0, 64.0, 993.0, 809.0]
[0.0, 64.0, 994.0, 810.0]
[0.0, 64.0, 995.0, 810.0]
[0.0, 48.0, 996.0, 795.0]
[0.0, 80.0, 997.0, 828.0]
[0.0, 32.0, 998.0, 780.0]
[0.0, 16.0, 999.0, 765.0]
[0.0, 64.0, 1000.0, 814.0]
[16.0, 64.0, 1017.0, 815.0]
[16.0, 0.0, 1018.0, 752.0]
[16.0, 80.0, 1019.0, 832.0]
[16.0, 0.0, 1020.0, 753.0]
[16.0, 48.0, 1021.0, 802.0]
[16.0, 48.0, 1022.0, 802.0]
[16.0, 48.0, 1023.0, 803.0]
[16.0, 48.0, 1024.0, 804.0]
[0.0, 48.0, 1009.0, 805.0]
[0.0, 64.0, 1010.0, 822.0]
[0.0, 48.0, 1011.0, 806.0]
[0.0, 64.0, 1012.0, 823.0]
[0.0, 32.0, 1013.0, 792.0]
[0.0, 32.0, 1014.0, 792.0]
[0.0, 0.0, 1015.0, 761.0]
[0.0, 64.0, 1016.0, 826.0]
[0.0, 48.0, 1017.0, 811.0]
[0.0, 16.0, 1018.0, 780.0]
[0.0, 64.0, 1019.0, 828.0]
[0.0, 16.0, 1020.0, 781.0]
[0.0, 64.0, 1021.0, 830.0]
[0.0, 48.0, 1022.0, 814.0]
[0.0, 16.0, 1023.0, 783.0]
[0.0, 64.0, 1024.0, 832.0]
