[256.0, 112.0, 973.0, 650.0]
[224.0, 128.0, 942.0, 666.0]
[192.0, 112.0, 911.0, 651.0]
[112.0, 112.0, 832.0, 652.0]
[112.0, 128.0, 833.0, 669.0]
[272.0, 128.0, 994.0, 670.0]
[240.0, 128.0, 963.0, 670.0]
[128.0, 128.0, 852.0, 671.0]
[208.0, 112.0, 933.0, 656.0]
[160.0, 96.0, 886.0, 640.0]
[144.0, 112.0, 871.0, 657.0]
[32.0, 112.0, 760.0, 658.0]
[64.0, 112.0, 793.0, 659.0]
[240.0, 96.0, 970.0, 644.0]
[160.0, 112.0, 891.0, 660.0]
[48.0, 96.0, 780.0, 645.0]
[160.0, 96.0, 893.0, 646.0]
[240.0, 128.0, 974.0, 678.0]
[176.0, 96.0, 911.0, 647.0]
[96.0, 112.0, 832.0, 664.0]
[256.0, 112.0, 993.0, 665.0]
[128.0, 96.0, 866.0, 650.0]
[224.0, 96.0, 963.0, 650.0]
[192.0, 96.0, 932.0, 651.0]
[208.0, 96.0, 949.0, 652.0]
[256.0, 112.0, 998.0, 668.0]
[128.0, 112.0, 871.0, 669.0]
[80.0, 80.0, 824.0, 638.0]
[128.0, 112.0, 873.0, 671.0]
[128.0, 112.0, 874.0, 672.0]
[80.0, 80.0, 827.0, 640.0]
[96.0, 112.0, 844.0, 673.0]
[176.0, 112.0, 925.0, 674.0]
[64.0, 96.0, 814.0, 658.0]
[64.0, 80.0, 815.0, 643.0]
[96.0, 96.0, 848.0, 660.0]
[64.0, 80.0, 817.0, 645.0]
[32.0, 80.0, 786.0, 646.0]
[208.0, 96.0, 963.0, 662.0]
[48.0, 96.0, 804.0, 663.0]
[208.0, 80.0, 965.0, 648.0]
[144.0, 80.0, 902.0, 648.0]
[144.0, 112.0, 903.0, 681.0]
[112.0, 96.0, 872.0, 666.0]
[48.0, 96.0, 809.0, 667.0]
[160.0, 96.0, 922.0, 668.0]
[192.0, 80.0, 955.0, 652.0]
[176.0, 96.0, 940.0, 669.0]
[80.0, 64.0, 845.0, 638.0]
[64.0, 64.0, 830.0, 638.0]
[208.0, 64.0, 975.0, 639.0]
[208.0, 64.0, 976.0, 640.0]
[80.0, 64.0, 849.0, 641.0]
[80.0, 96.0, 850.0, 674.0]
[176.0, 80.0, 947.0, 658.0]
[96.0, 80.0, 868.0, 659.0]
[208.0, 80.0, 981.0, 660.0]
[192.0, 64.0, 966.0, 644.0]
[32.0, 96.0, 807.0, 677.0]
[32.0, 64.0, 808.0, 646.0]
[64.0, 64.0, 841.0, 647.0]
[64.0, 96.0, 842.0, 680.0]
[80.0, 64.0, 859.0, 648.0]
[160.0, 96.0, 940.0, 681.0]
[208.0, 80.0, 989.0, 666.0]
[160.0, 80.0, 942.0, 666.0]
[208.0, 80.0, 991.0, 667.0]
[32.0, 64.0, 816.0, 652.0]
[80.0, 80.0, 865.0, 669.0]
[192.0, 64.0, 978.0, 654.0]
[144.0, 64.0, 931.0, 654.0]
[128.0, 48.0, 916.0, 639.0]
[176.0, 64.0, 965.0, 656.0]
[32.0, 80.0, 822.0, 672.0]
[64.0, 80.0, 855.0, 673.0]
[112.0, 64.0, 904.0, 658.0]
[208.0, 64.0, 1001.0, 659.0]
[32.0, 80.0, 826.0, 676.0]
[128.0, 64.0, 923.0, 660.0]
[64.0, 64.0, 860.0, 661.0]
[128.0, 48.0, 925.0, 646.0]
[112.0, 80.0, 910.0, 678.0]
[48.0, 80.0, 847.0, 679.0]
[160.0, 48.0, 960.0, 648.0]
[128.0, 80.0, 929.0, 681.0]
[144.0, 64.0, 946.0, 666.0]
[112.0, 48.0, 915.0, 650.0]
[48.0, 64.0, 852.0, 667.0]
[48.0, 48.0, 853.0, 652.0]
[144.0, 64.0, 950.0, 668.0]
[64.0, 48.0, 871.0, 653.0]
[128.0, 48.0, 936.0, 654.0]
[160.0, 48.0, 969.0, 655.0]
[112.0, 32.0, 922.0, 640.0]
[80.0, 64.0, 891.0, 672.0]
[80.0, 32.0, 892.0, 641.0]
[96.0, 48.0, 909.0, 658.0]
[128.0, 64.0, 942.0, 674.0]
[64.0, 48.0, 879.0, 659.0]
[64.0, 32.0, 880.0, 644.0]
[160.0, 48.0, 977.0, 661.0]
[112.0, 32.0, 930.0, 646.0]
[128.0, 32.0, 947.0, 646.0]
[48.0, 64.0, 868.0, 679.0]
[80.0, 32.0, 901.0, 648.0]
[96.0, 48.0, 918.0, 664.0]
[96.0, 32.0, 919.0, 649.0]
[64.0, 32.0, 888.0, 650.0]
[144.0, 48.0, 969.0, 667.0]
[128.0, 48.0, 954.0, 668.0]
[112.0, 16.0, 939.0, 636.0]
[64.0, 32.0, 892.0, 653.0]
[96.0, 16.0, 925.0, 638.0]
[112.0, 48.0, 942.0, 670.0]
[112.0, 32.0, 943.0, 655.0]
[112.0, 48.0, 944.0, 672.0]
[96.0, 32.0, 929.0, 657.0]
[112.0, 32.0, 946.0, 658.0]
[32.0, 48.0, 867.0, 674.0]
[128.0, 32.0, 964.0, 659.0]
[96.0, 16.0, 933.0, 644.0]
[96.0, 32.0, 934.0, 660.0]
[144.0, 16.0, 983.0, 645.0]
[64.0, 48.0, 904.0, 678.0]
[64.0, 32.0, 905.0, 663.0]
[112.0, 48.0, 954.0, 680.0]
[112.0, 16.0, 955.0, 648.0]
[64.0, 32.0, 908.0, 665.0]
[112.0, 16.0, 957.0, 650.0]
[144.0, 32.0, 990.0, 666.0]
[144.0, 32.0, 991.0, 667.0]
[48.0, 32.0, 896.0, 668.0]
[32.0, 32.0, 881.0, 669.0]
[64.0, 16.0, 914.0, 654.0]
[80.0, 0.0, 931.0, 638.0]
[32.0, 16.0, 884.0, 655.0]
[96.0, 0.0, 949.0, 640.0]
[144.0, 16.0, 998.0, 656.0]
[96.0, 32.0, 951.0, 673.0]
[32.0, 32.0, 888.0, 674.0]
[112.0, 16.0, 969.0, 659.0]
[128.0, 16.0, 986.0, 660.0]
[96.0, 16.0, 955.0, 660.0]
[144.0, 16.0, 1004.0, 661.0]
[144.0, 16.0, 1005.0, 662.0]
[32.0, 32.0, 894.0, 678.0]
[32.0, 32.0, 895.0, 679.0]
[96.0, 0.0, 960.0, 648.0]
[80.0, 16.0, 945.0, 665.0]
[96.0, 0.0, 962.0, 650.0]
[112.0, 0.0, 979.0, 650.0]
[64.0, 0.0, 932.0, 651.0]
[112.0, 16.0, 981.0, 668.0]
[112.0, 0.0, 982.0, 652.0]
[48.0, 16.0, 919.0, 669.0]
[48.0, 16.0, 920.0, 670.0]
[32.0, 16.0, 905.0, 671.0]
[96.0, 16.0, 970.0, 672.0]
[112.0, 0.0, 987.0, 656.0]
[80.0, 0.0, 956.0, 657.0]
[128.0, 0.0, 1005.0, 658.0]
[32.0, 0.0, 910.0, 658.0]
[96.0, 0.0, 975.0, 659.0]
[32.0, 16.0, 912.0, 676.0]
[32.0, 16.0, 913.0, 677.0]
[80.0, 0.0, 962.0, 662.0]
[48.0, 16.0, 931.0, 678.0]
[80.0, 0.0, 964.0, 663.0]
[80.0, 16.0, 965.0, 680.0]
[112.0, 16.0, 998.0, 680.0]
[64.0, 0.0, 951.0, 665.0]
[32.0, 0.0, 920.0, 666.0]
[64.0, 0.0, 953.0, 667.0]
[48.0, 0.0, 938.0, 668.0]
[48.0, 0.0, 939.0, 668.0]
[48.0, 0.0, 940.0, 669.0]
[64.0, 0.0, 957.0, 670.0]
[48.0, 0.0, 942.0, 670.0]
[80.0, 0.0, 975.0, 671.0]
[48.0, 0.0, 944.0, 672.0]
[32.0, 0.0, 929.0, 673.0]
[64.0, 0.0, 962.0, 674.0]
[32.0, 0.0, 931.0, 674.0]
[64.0, 0.0, 964.0, 675.0]
[64.0, 0.0, 965.0, 676.0]
[48.0, 0.0, 950.0, 676.0]
[32.0, 0.0, 935.0, 677.0]
[64.0, 0.0, 968.0, 678.0]
[64.0, 0.0, 969.0, 679.0]
[80.0, 0.0, 986.0, 680.0]
[48.0, 0.0, 955.0, 680.0]
[48.0, 0.0, 956.0, 681.0]
