[32.0, 224.0, 594.0, 973.0]
[32.0, 48.0, 594.0, 798.0]
[96.0, 80.0, 659.0, 831.0]
[48.0, 64.0, 612.0, 816.0]
[48.0, 80.0, 613.0, 833.0]
[96.0, 160.0, 662.0, 914.0]
[64.0, 192.0, 630.0, 947.0]
[80.0, 128.0, 647.0, 884.0]
[48.0, 224.0, 616.0, 981.0]
[80.0, 224.0, 648.0, 982.0]
[80.0, 176.0, 649.0, 935.0]
[112.0, 144.0, 682.0, 904.0]
[32.0, 112.0, 603.0, 873.0]
[112.0, 192.0, 684.0, 954.0]
[112.0, 96.0, 684.0, 859.0]
[112.0, 192.0, 685.0, 956.0]
[112.0, 80.0, 686.0, 845.0]
[48.0, 192.0, 622.0, 958.0]
[64.0, 128.0, 639.0, 895.0]
[80.0, 48.0, 656.0, 816.0]
[16.0, 96.0, 593.0, 865.0]
[112.0, 144.0, 690.0, 914.0]
[32.0, 48.0, 610.0, 819.0]
[80.0, 176.0, 659.0, 948.0]
[64.0, 192.0, 644.0, 965.0]
[48.0, 128.0, 628.0, 902.0]
[48.0, 96.0, 629.0, 871.0]
[16.0, 144.0, 598.0, 920.0]
[80.0, 64.0, 663.0, 841.0]
[64.0, 32.0, 648.0, 810.0]
[32.0, 128.0, 616.0, 907.0]
[96.0, 176.0, 681.0, 956.0]
[16.0, 80.0, 602.0, 861.0]
[96.0, 192.0, 682.0, 974.0]
[112.0, 48.0, 699.0, 831.0]
[112.0, 112.0, 700.0, 896.0]
[80.0, 32.0, 669.0, 817.0]
[96.0, 112.0, 686.0, 898.0]
[112.0, 48.0, 702.0, 835.0]
[16.0, 144.0, 607.0, 932.0]
[16.0, 128.0, 608.0, 917.0]
[80.0, 208.0, 672.0, 998.0]
[96.0, 64.0, 689.0, 855.0]
[48.0, 32.0, 642.0, 824.0]
[16.0, 48.0, 611.0, 841.0]
[16.0, 144.0, 612.0, 938.0]
[0.0, 96.0, 596.0, 891.0]
[48.0, 176.0, 645.0, 972.0]
[96.0, 80.0, 694.0, 877.0]
[0.0, 64.0, 598.0, 862.0]
[64.0, 224.0, 663.0, 1023.0]
[32.0, 112.0, 632.0, 912.0]
[64.0, 176.0, 665.0, 977.0]
[32.0, 48.0, 634.0, 850.0]
[16.0, 192.0, 618.0, 995.0]
[64.0, 80.0, 667.0, 884.0]
[96.0, 144.0, 700.0, 949.0]
[96.0, 48.0, 700.0, 854.0]
[80.0, 112.0, 685.0, 919.0]
[48.0, 176.0, 654.0, 984.0]
[32.0, 48.0, 639.0, 857.0]
[80.0, 0.0, 688.0, 810.0]
[16.0, 16.0, 624.0, 827.0]
[96.0, 48.0, 705.0, 860.0]
[32.0, 48.0, 642.0, 861.0]
[0.0, 144.0, 610.0, 958.0]
[96.0, 192.0, 707.0, 1007.0]
[16.0, 96.0, 628.0, 912.0]
[80.0, 112.0, 693.0, 929.0]
[80.0, 144.0, 694.0, 962.0]
[80.0, 0.0, 694.0, 819.0]
[32.0, 160.0, 647.0, 980.0]
[32.0, 64.0, 648.0, 885.0]
[112.0, 64.0, 728.0, 886.0]
[48.0, 160.0, 665.0, 983.0]
[80.0, 32.0, 698.0, 856.0]
[16.0, 144.0, 635.0, 969.0]
[96.0, 16.0, 716.0, 842.0]
[16.0, 32.0, 636.0, 859.0]
[48.0, 0.0, 669.0, 828.0]
[80.0, 80.0, 702.0, 909.0]
[64.0, 48.0, 686.0, 878.0]
[96.0, 80.0, 719.0, 911.0]
[96.0, 16.0, 720.0, 848.0]
[32.0, 16.0, 657.0, 849.0]
[0.0, 160.0, 626.0, 994.0]
[96.0, 64.0, 722.0, 899.0]
[32.0, 128.0, 659.0, 964.0]
[48.0, 80.0, 676.0, 917.0]
[64.0, 144.0, 692.0, 982.0]
[112.0, 144.0, 741.0, 983.0]
[0.0, 112.0, 630.0, 952.0]
[32.0, 176.0, 663.0, 1017.0]
[64.0, 144.0, 696.0, 986.0]
[48.0, 80.0, 680.0, 923.0]
[80.0, 144.0, 713.0, 988.0]
[48.0, 176.0, 682.0, 1021.0]
[0.0, 112.0, 634.0, 958.0]
[48.0, 128.0, 683.0, 975.0]
[0.0, 0.0, 636.0, 848.0]
[0.0, 32.0, 637.0, 881.0]
[64.0, 16.0, 702.0, 866.0]
[16.0, 80.0, 654.0, 931.0]
[64.0, 112.0, 703.0, 964.0]
[64.0, 96.0, 704.0, 949.0]
[64.0, 32.0, 704.0, 886.0]
[0.0, 32.0, 641.0, 887.0]
[96.0, 48.0, 738.0, 904.0]
[0.0, 48.0, 643.0, 905.0]
[80.0, 32.0, 724.0, 890.0]
[48.0, 64.0, 692.0, 923.0]
[16.0, 16.0, 661.0, 876.0]
[80.0, 80.0, 726.0, 941.0]
[48.0, 128.0, 694.0, 990.0]
[96.0, 96.0, 743.0, 959.0]
[32.0, 128.0, 680.0, 992.0]
[112.0, 112.0, 761.0, 977.0]
[80.0, 112.0, 730.0, 978.0]
[64.0, 144.0, 714.0, 1011.0]
[64.0, 96.0, 715.0, 964.0]
[16.0, 96.0, 668.0, 965.0]
[48.0, 96.0, 700.0, 966.0]
[64.0, 16.0, 717.0, 887.0]
[16.0, 64.0, 670.0, 936.0]
[96.0, 64.0, 751.0, 937.0]
[48.0, 80.0, 704.0, 954.0]
[96.0, 64.0, 752.0, 939.0]
[48.0, 112.0, 705.0, 988.0]
[96.0, 112.0, 754.0, 989.0]
[16.0, 0.0, 674.0, 878.0]
[32.0, 64.0, 691.0, 943.0]
[0.0, 96.0, 660.0, 976.0]
[0.0, 32.0, 661.0, 913.0]
[64.0, 80.0, 726.0, 962.0]
[96.0, 48.0, 758.0, 931.0]
[16.0, 64.0, 679.0, 948.0]
[32.0, 96.0, 696.0, 981.0]
[32.0, 0.0, 696.0, 886.0]
[16.0, 128.0, 681.0, 1015.0]
[16.0, 80.0, 682.0, 968.0]
[32.0, 128.0, 699.0, 1017.0]
[0.0, 96.0, 668.0, 986.0]
[0.0, 32.0, 668.0, 923.0]
[96.0, 96.0, 765.0, 988.0]
[0.0, 0.0, 670.0, 893.0]
[0.0, 64.0, 670.0, 958.0]
[96.0, 16.0, 767.0, 911.0]
[16.0, 16.0, 688.0, 912.0]
[80.0, 96.0, 753.0, 993.0]
[80.0, 80.0, 754.0, 978.0]
[0.0, 32.0, 674.0, 931.0]
[16.0, 16.0, 691.0, 916.0]
[32.0, 16.0, 708.0, 917.0]
[80.0, 112.0, 756.0, 1014.0]
[16.0, 80.0, 693.0, 983.0]
[48.0, 48.0, 726.0, 952.0]
[48.0, 96.0, 727.0, 1001.0]
[80.0, 32.0, 760.0, 938.0]
[80.0, 48.0, 760.0, 955.0]
[0.0, 16.0, 681.0, 924.0]
[48.0, 0.0, 730.0, 909.0]
[32.0, 64.0, 714.0, 974.0]
[16.0, 32.0, 699.0, 943.0]
[0.0, 96.0, 684.0, 1008.0]
[80.0, 48.0, 765.0, 961.0]
[0.0, 32.0, 686.0, 946.0]
[32.0, 0.0, 718.0, 915.0]
[64.0, 16.0, 751.0, 932.0]
[64.0, 80.0, 752.0, 997.0]
[0.0, 96.0, 688.0, 1014.0]
[0.0, 0.0, 689.0, 919.0]
[48.0, 0.0, 738.0, 920.0]
[32.0, 0.0, 723.0, 921.0]
[0.0, 80.0, 692.0, 1002.0]
[16.0, 0.0, 708.0, 923.0]
[16.0, 0.0, 709.0, 924.0]
[48.0, 0.0, 742.0, 925.0]
[32.0, 0.0, 726.0, 926.0]
[64.0, 16.0, 759.0, 943.0]
[16.0, 0.0, 712.0, 928.0]
[32.0, 64.0, 729.0, 993.0]
[0.0, 32.0, 698.0, 962.0]
[32.0, 48.0, 730.0, 979.0]
[32.0, 32.0, 731.0, 964.0]
[64.0, 64.0, 764.0, 997.0]
[32.0, 64.0, 732.0, 998.0]
[32.0, 64.0, 733.0, 999.0]
[0.0, 16.0, 702.0, 952.0]
[32.0, 80.0, 735.0, 1017.0]
[16.0, 80.0, 720.0, 1018.0]
[0.0, 64.0, 704.0, 1003.0]
[48.0, 48.0, 753.0, 988.0]
[16.0, 16.0, 722.0, 957.0]
[48.0, 0.0, 754.0, 942.0]
[16.0, 48.0, 723.0, 991.0]
[32.0, 64.0, 740.0, 1008.0]
[32.0, 0.0, 741.0, 945.0]
[32.0, 48.0, 742.0, 994.0]
[0.0, 64.0, 710.0, 1011.0]
[32.0, 32.0, 743.0, 980.0]
[0.0, 16.0, 712.0, 965.0]
[32.0, 0.0, 744.0, 950.0]
[48.0, 48.0, 761.0, 999.0]
[16.0, 48.0, 730.0, 1000.0]
[32.0, 16.0, 747.0, 969.0]
[32.0, 32.0, 748.0, 986.0]
[0.0, 32.0, 716.0, 987.0]
[16.0, 32.0, 733.0, 988.0]
[48.0, 16.0, 766.0, 973.0]
[16.0, 16.0, 734.0, 974.0]
[32.0, 16.0, 751.0, 975.0]
[48.0, 32.0, 768.0, 992.0]
[16.0, 32.0, 737.0, 993.0]
[32.0, 32.0, 754.0, 994.0]
[16.0, 0.0, 738.0, 963.0]
[0.0, 0.0, 723.0, 964.0]
[0.0, 48.0, 724.0, 1013.0]
[0.0, 32.0, 724.0, 998.0]
[0.0, 32.0, 725.0, 999.0]
[0.0, 16.0, 726.0, 984.0]
[32.0, 32.0, 759.0, 1001.0]
[16.0, 48.0, 744.0, 1018.0]
[0.0, 48.0, 728.0, 1019.0]
[16.0, 0.0, 745.0, 972.0]
[0.0, 48.0, 730.0, 1021.0]
[16.0, 48.0, 746.0, 1022.0]
[16.0, 0.0, 747.0, 975.0]
[0.0, 16.0, 732.0, 992.0]
[0.0, 16.0, 733.0, 993.0]
[0.0, 32.0, 734.0, 1010.0]
[0.0, 0.0, 734.0, 979.0]
[0.0, 16.0, 735.0, 996.0]
[16.0, 0.0, 752.0, 981.0]
[0.0, 32.0, 736.0, 1014.0]
[0.0, 0.0, 737.0, 983.0]
[0.0, 0.0, 738.0, 984.0]
[16.0, 32.0, 755.0, 1017.0]
[0.0, 32.0, 740.0, 1018.0]
[0.0, 0.0, 740.0, 987.0]
[16.0, 16.0, 757.0, 1004.0]
[16.0, 0.0, 758.0, 989.0]
[0.0, 32.0, 742.0, 1022.0]
[0.0, 16.0, 743.0, 1007.0]
[16.0, 0.0, 760.0, 992.0]
[0.0, 16.0, 745.0, 1009.0]
[16.0, 0.0, 762.0, 994.0]
[0.0, 16.0, 746.0, 1011.0]
[16.0, 16.0, 763.0, 1012.0]
[0.0, 16.0, 748.0, 1013.0]
[0.0, 16.0, 748.0, 1014.0]
[0.0, 0.0, 749.0, 999.0]
[16.0, 0.0, 766.0, 1000.0]
[0.0, 16.0, 751.0, 1017.0]
[0.0, 0.0, 752.0, 1002.0]
[16.0, 16.0, 768.0, 1019.0]
[16.0, 16.0, 769.0, 1020.0]
[0.0, 16.0, 754.0, 1021.0]
[0.0, 0.0, 754.0, 1006.0]
[0.0, 16.0, 755.0, 1023.0]
[0.0, 0.0, 756.0, 1008.0]
[0.0, 0.0, 757.0, 1009.0]
[0.0, 0.0, 758.0, 1010.0]
[0.0, 0.0, 758.0, 1011.0]
[0.0, 0.0, 759.0, 1012.0]
[0.0, 0.0, 760.0, 1013.0]
[0.0, 0.0, 760.0, 1014.0]
[0.0, 0.0, 761.0, 1015.0]
[0.0, 0.0, 762.0, 1016.0]
[0.0, 0.0, 763.0, 1017.0]
[0.0, 0.0, 764.0, 1018.0]
[0.0, 0.0, 764.0, 1019.0]
[0.0, 0.0, 765.0, 1020.0]
[0.0, 0.0, 766.0, 1021.0]
[0.0, 0.0, 766.0, 1022.0]
[0.0, 0.0, 767.0, 1023.0]
[0.0, 0.0, 768.0, 1024.0]
