[128.0, 32.0, 845.0, 570.0]
[128.0, 32.0, 846.0, 570.0]
[112.0, 32.0, 831.0, 571.0]
[144.0, 64.0, 864.0, 604.0]
[48.0, 32.0, 769.0, 573.0]
[240.0, 32.0, 962.0, 574.0]
[176.0, 48.0, 899.0, 590.0]
[112.0, 48.0, 836.0, 591.0]
[112.0, 16.0, 837.0, 560.0]
[176.0, 64.0, 902.0, 608.0]
[128.0, 48.0, 855.0, 593.0]
[80.0, 64.0, 808.0, 610.0]
[160.0, 48.0, 889.0, 595.0]
[64.0, 16.0, 794.0, 564.0]
[176.0, 16.0, 907.0, 564.0]
[32.0, 32.0, 764.0, 581.0]
[144.0, 64.0, 877.0, 614.0]
[208.0, 48.0, 942.0, 598.0]
[240.0, 32.0, 975.0, 583.0]
[96.0, 64.0, 832.0, 616.0]
[128.0, 32.0, 865.0, 585.0]
[192.0, 32.0, 930.0, 586.0]
[48.0, 48.0, 787.0, 602.0]
[48.0, 0.0, 788.0, 555.0]
[240.0, 16.0, 981.0, 572.0]
[64.0, 48.0, 806.0, 604.0]
[208.0, 0.0, 951.0, 557.0]
[128.0, 64.0, 872.0, 622.0]
[32.0, 16.0, 777.0, 575.0]
[128.0, 48.0, 874.0, 608.0]
[128.0, 64.0, 875.0, 624.0]
[192.0, 64.0, 940.0, 625.0]
[176.0, 16.0, 925.0, 578.0]
[64.0, 0.0, 814.0, 562.0]
[48.0, 48.0, 799.0, 611.0]
[32.0, 0.0, 784.0, 564.0]
[176.0, 32.0, 929.0, 597.0]
[16.0, 32.0, 770.0, 598.0]
[160.0, 64.0, 915.0, 630.0]
[208.0, 48.0, 964.0, 615.0]
[224.0, 32.0, 981.0, 600.0]
[144.0, 64.0, 902.0, 632.0]
[48.0, 0.0, 807.0, 569.0]
[208.0, 64.0, 968.0, 634.0]
[128.0, 48.0, 889.0, 619.0]
[256.0, 32.0, 1018.0, 604.0]
[256.0, 32.0, 1019.0, 604.0]
[64.0, 48.0, 828.0, 621.0]
[144.0, 48.0, 909.0, 622.0]
[128.0, 64.0, 894.0, 638.0]
[144.0, 32.0, 911.0, 607.0]
[160.0, 32.0, 928.0, 608.0]
[80.0, 48.0, 849.0, 625.0]
[96.0, 16.0, 866.0, 594.0]
[208.0, 16.0, 979.0, 594.0]
[96.0, 48.0, 868.0, 627.0]
[208.0, 0.0, 981.0, 580.0]
[96.0, 0.0, 870.0, 580.0]
[176.0, 16.0, 951.0, 597.0]
[224.0, 48.0, 1000.0, 630.0]
[96.0, 48.0, 873.0, 631.0]
[112.0, 16.0, 890.0, 600.0]
[192.0, 64.0, 971.0, 648.0]
[32.0, 48.0, 812.0, 633.0]
[64.0, 48.0, 845.0, 634.0]
[224.0, 0.0, 1006.0, 586.0]
[240.0, 16.0, 1023.0, 603.0]
[128.0, 32.0, 912.0, 620.0]
[0.0, 0.0, 785.0, 589.0]
[160.0, 64.0, 946.0, 654.0]
[192.0, 32.0, 979.0, 622.0]
[224.0, 32.0, 1012.0, 623.0]
[176.0, 0.0, 965.0, 592.0]
[16.0, 16.0, 806.0, 608.0]
[112.0, 32.0, 903.0, 625.0]
[64.0, 48.0, 856.0, 642.0]
[144.0, 16.0, 937.0, 611.0]
[176.0, 48.0, 970.0, 644.0]
[16.0, 0.0, 811.0, 596.0]
[80.0, 32.0, 876.0, 629.0]
[176.0, 32.0, 973.0, 630.0]
[16.0, 48.0, 814.0, 646.0]
[48.0, 64.0, 847.0, 663.0]
[160.0, 0.0, 960.0, 600.0]
[32.0, 16.0, 833.0, 617.0]
[176.0, 16.0, 978.0, 618.0]
[144.0, 64.0, 947.0, 666.0]
[48.0, 32.0, 852.0, 635.0]
[112.0, 48.0, 917.0, 652.0]
[208.0, 32.0, 1014.0, 636.0]
[112.0, 0.0, 919.0, 605.0]
[64.0, 0.0, 872.0, 606.0]
[176.0, 16.0, 985.0, 623.0]
[80.0, 48.0, 890.0, 656.0]
[48.0, 0.0, 859.0, 608.0]
[32.0, 64.0, 844.0, 673.0]
[96.0, 64.0, 909.0, 674.0]
[16.0, 16.0, 830.0, 626.0]
[192.0, 32.0, 1007.0, 643.0]
[112.0, 48.0, 928.0, 660.0]
[112.0, 16.0, 929.0, 629.0]
[32.0, 48.0, 850.0, 662.0]
[0.0, 32.0, 819.0, 646.0]
[48.0, 16.0, 868.0, 631.0]
[128.0, 16.0, 949.0, 632.0]
[16.0, 32.0, 838.0, 648.0]
[160.0, 16.0, 983.0, 633.0]
[176.0, 64.0, 1000.0, 682.0]
[128.0, 48.0, 953.0, 667.0]
[192.0, 48.0, 1018.0, 668.0]
[112.0, 0.0, 939.0, 620.0]
[48.0, 32.0, 876.0, 653.0]
[32.0, 48.0, 861.0, 670.0]
[80.0, 48.0, 910.0, 670.0]
[128.0, 32.0, 959.0, 655.0]
[64.0, 16.0, 896.0, 640.0]
[32.0, 32.0, 865.0, 657.0]
[160.0, 16.0, 994.0, 642.0]
[32.0, 16.0, 867.0, 642.0]
[176.0, 0.0, 1012.0, 627.0]
[48.0, 0.0, 885.0, 628.0]
[96.0, 0.0, 934.0, 628.0]
[144.0, 32.0, 983.0, 661.0]
[0.0, 0.0, 840.0, 630.0]
[0.0, 16.0, 841.0, 647.0]
[176.0, 48.0, 1018.0, 680.0]
[48.0, 16.0, 891.0, 648.0]
[80.0, 16.0, 924.0, 649.0]
[32.0, 0.0, 877.0, 634.0]
[96.0, 48.0, 942.0, 682.0]
[160.0, 16.0, 1007.0, 651.0]
[16.0, 16.0, 864.0, 652.0]
[80.0, 0.0, 929.0, 637.0]
[160.0, 0.0, 1010.0, 638.0]
[144.0, 0.0, 995.0, 638.0]
[0.0, 16.0, 852.0, 655.0]
[144.0, 16.0, 997.0, 656.0]
[128.0, 32.0, 982.0, 672.0]
[80.0, 0.0, 935.0, 641.0]
[80.0, 16.0, 936.0, 658.0]
[160.0, 0.0, 1017.0, 643.0]
[16.0, 32.0, 874.0, 676.0]
[16.0, 0.0, 875.0, 644.0]
[112.0, 0.0, 972.0, 645.0]
[144.0, 32.0, 1005.0, 678.0]
[64.0, 16.0, 926.0, 662.0]
[0.0, 16.0, 863.0, 663.0]
[160.0, 16.0, 1024.0, 664.0]
[32.0, 0.0, 897.0, 649.0]
[48.0, 16.0, 914.0, 666.0]
[32.0, 0.0, 899.0, 650.0]
[96.0, 32.0, 964.0, 683.0]
[32.0, 16.0, 901.0, 668.0]
[32.0, 16.0, 902.0, 668.0]
[16.0, 16.0, 887.0, 669.0]
[16.0, 0.0, 888.0, 654.0]
[16.0, 0.0, 889.0, 655.0]
[0.0, 16.0, 874.0, 672.0]
[96.0, 0.0, 971.0, 656.0]
[96.0, 16.0, 972.0, 673.0]
[112.0, 0.0, 989.0, 658.0]
[80.0, 0.0, 958.0, 658.0]
[0.0, 0.0, 879.0, 659.0]
[112.0, 16.0, 992.0, 676.0]
[128.0, 16.0, 1009.0, 677.0]
[48.0, 16.0, 930.0, 678.0]
[32.0, 16.0, 915.0, 678.0]
[64.0, 0.0, 948.0, 663.0]
[48.0, 16.0, 933.0, 680.0]
[48.0, 16.0, 934.0, 680.0]
[112.0, 16.0, 999.0, 681.0]
[96.0, 16.0, 984.0, 682.0]
[32.0, 0.0, 921.0, 667.0]
[64.0, 0.0, 954.0, 668.0]
[64.0, 0.0, 955.0, 668.0]
[16.0, 0.0, 908.0, 669.0]
[64.0, 0.0, 957.0, 670.0]
[96.0, 0.0, 990.0, 670.0]
[112.0, 0.0, 1007.0, 671.0]
[64.0, 0.0, 960.0, 672.0]
[32.0, 0.0, 929.0, 673.0]
[112.0, 0.0, 1010.0, 674.0]
[80.0, 0.0, 979.0, 674.0]
[112.0, 0.0, 1012.0, 675.0]
[48.0, 0.0, 949.0, 676.0]
[64.0, 0.0, 966.0, 676.0]
[112.0, 0.0, 1015.0, 677.0]
[32.0, 0.0, 936.0, 678.0]
[0.0, 0.0, 905.0, 679.0]
[112.0, 0.0, 1018.0, 680.0]
[32.0, 0.0, 939.0, 680.0]
[32.0, 0.0, 940.0, 681.0]
[48.0, 0.0, 957.0, 682.0]
[64.0, 0.0, 974.0, 682.0]
[112.0, 0.0, 1023.0, 683.0]
