[240.0, 0.0, 957.0, 538.0]
[240.0, 64.0, 958.0, 602.0]
[192.0, 0.0, 911.0, 539.0]
[144.0, 64.0, 864.0, 604.0]
[272.0, 16.0, 993.0, 557.0]
[272.0, 16.0, 994.0, 558.0]
[160.0, 48.0, 883.0, 590.0]
[144.0, 16.0, 868.0, 559.0]
[192.0, 16.0, 917.0, 560.0]
[128.0, 0.0, 854.0, 544.0]
[240.0, 16.0, 967.0, 561.0]
[112.0, 48.0, 840.0, 594.0]
[176.0, 16.0, 905.0, 563.0]
[256.0, 32.0, 986.0, 580.0]
[224.0, 32.0, 955.0, 580.0]
[288.0, 32.0, 1020.0, 581.0]
[144.0, 64.0, 877.0, 614.0]
[128.0, 16.0, 862.0, 566.0]
[256.0, 32.0, 991.0, 583.0]
[240.0, 32.0, 976.0, 584.0]
[224.0, 32.0, 961.0, 585.0]
[256.0, 32.0, 994.0, 586.0]
[160.0, 0.0, 899.0, 554.0]
[128.0, 0.0, 868.0, 555.0]
[144.0, 32.0, 885.0, 588.0]
[224.0, 32.0, 966.0, 588.0]
[176.0, 32.0, 919.0, 589.0]
[80.0, 0.0, 824.0, 558.0]
[240.0, 64.0, 985.0, 623.0]
[96.0, 0.0, 842.0, 560.0]
[240.0, 16.0, 987.0, 576.0]
[160.0, 32.0, 908.0, 593.0]
[112.0, 48.0, 861.0, 610.0]
[112.0, 0.0, 862.0, 562.0]
[160.0, 16.0, 911.0, 579.0]
[240.0, 48.0, 992.0, 612.0]
[176.0, 32.0, 929.0, 597.0]
[112.0, 48.0, 866.0, 614.0]
[208.0, 32.0, 963.0, 598.0]
[224.0, 48.0, 980.0, 615.0]
[208.0, 48.0, 965.0, 616.0]
[224.0, 64.0, 982.0, 632.0]
[144.0, 32.0, 903.0, 601.0]
[160.0, 64.0, 920.0, 634.0]
[208.0, 32.0, 969.0, 603.0]
[80.0, 0.0, 842.0, 572.0]
[128.0, 0.0, 891.0, 572.0]
[192.0, 32.0, 956.0, 605.0]
[160.0, 0.0, 925.0, 574.0]
[112.0, 48.0, 878.0, 622.0]
[208.0, 64.0, 975.0, 639.0]
[224.0, 48.0, 992.0, 624.0]
[160.0, 64.0, 929.0, 641.0]
[160.0, 0.0, 930.0, 578.0]
[144.0, 0.0, 915.0, 578.0]
[208.0, 32.0, 980.0, 611.0]
[128.0, 64.0, 901.0, 644.0]
[96.0, 0.0, 870.0, 580.0]
[128.0, 0.0, 903.0, 581.0]
[96.0, 48.0, 872.0, 630.0]
[192.0, 64.0, 969.0, 647.0]
[96.0, 16.0, 874.0, 600.0]
[144.0, 64.0, 923.0, 648.0]
[160.0, 64.0, 940.0, 649.0]
[112.0, 0.0, 893.0, 586.0]
[160.0, 48.0, 942.0, 634.0]
[144.0, 64.0, 927.0, 651.0]
[112.0, 48.0, 896.0, 636.0]
[176.0, 0.0, 961.0, 589.0]
[192.0, 32.0, 978.0, 622.0]
[176.0, 32.0, 963.0, 622.0]
[96.0, 0.0, 884.0, 591.0]
[224.0, 16.0, 1013.0, 608.0]
[160.0, 32.0, 950.0, 624.0]
[160.0, 32.0, 951.0, 625.0]
[96.0, 0.0, 888.0, 594.0]
[224.0, 16.0, 1017.0, 611.0]
[96.0, 16.0, 890.0, 612.0]
[192.0, 0.0, 987.0, 596.0]
[192.0, 0.0, 988.0, 597.0]
[80.0, 32.0, 877.0, 630.0]
[208.0, 0.0, 1006.0, 598.0]
[160.0, 0.0, 959.0, 599.0]
[224.0, 16.0, 1024.0, 616.0]
[144.0, 48.0, 945.0, 649.0]
[208.0, 48.0, 1010.0, 650.0]
[112.0, 48.0, 915.0, 650.0]
[208.0, 32.0, 1012.0, 635.0]
[112.0, 16.0, 917.0, 620.0]
[192.0, 32.0, 998.0, 636.0]
[80.0, 16.0, 887.0, 621.0]
[192.0, 0.0, 1000.0, 606.0]
[80.0, 32.0, 889.0, 639.0]
[112.0, 16.0, 922.0, 624.0]
[176.0, 32.0, 987.0, 640.0]
[176.0, 48.0, 988.0, 657.0]
[192.0, 32.0, 1005.0, 642.0]
[112.0, 16.0, 926.0, 626.0]
[176.0, 32.0, 991.0, 643.0]
[208.0, 16.0, 1024.0, 628.0]
[128.0, 32.0, 945.0, 645.0]
[192.0, 48.0, 1010.0, 662.0]
[160.0, 32.0, 979.0, 646.0]
[112.0, 0.0, 932.0, 615.0]
[144.0, 0.0, 965.0, 616.0]
[144.0, 16.0, 966.0, 632.0]
[80.0, 0.0, 903.0, 617.0]
[176.0, 48.0, 1000.0, 666.0]
[192.0, 0.0, 1017.0, 619.0]
[80.0, 32.0, 906.0, 652.0]
[160.0, 16.0, 987.0, 636.0]
[128.0, 16.0, 956.0, 637.0]
[192.0, 0.0, 1021.0, 622.0]
[160.0, 16.0, 990.0, 638.0]
[160.0, 0.0, 991.0, 623.0]
[128.0, 32.0, 960.0, 656.0]
[96.0, 16.0, 929.0, 641.0]
[160.0, 0.0, 994.0, 626.0]
[112.0, 32.0, 947.0, 658.0]
[80.0, 32.0, 916.0, 659.0]
[96.0, 32.0, 933.0, 660.0]
[144.0, 48.0, 982.0, 676.0]
[80.0, 0.0, 919.0, 629.0]
[112.0, 48.0, 952.0, 678.0]
[80.0, 32.0, 921.0, 663.0]
[112.0, 0.0, 954.0, 632.0]
[176.0, 16.0, 1019.0, 648.0]
[128.0, 0.0, 972.0, 633.0]
[112.0, 48.0, 957.0, 682.0]
[64.0, 16.0, 910.0, 650.0]
[160.0, 0.0, 1007.0, 635.0]
[96.0, 16.0, 944.0, 652.0]
[160.0, 0.0, 1009.0, 637.0]
[80.0, 32.0, 930.0, 670.0]
[160.0, 32.0, 1011.0, 670.0]
[80.0, 16.0, 932.0, 655.0]
[80.0, 16.0, 933.0, 656.0]
[96.0, 16.0, 950.0, 656.0]
[160.0, 32.0, 1015.0, 673.0]
[144.0, 0.0, 1000.0, 642.0]
[80.0, 16.0, 937.0, 659.0]
[96.0, 0.0, 954.0, 644.0]
[160.0, 0.0, 1019.0, 644.0]
[112.0, 16.0, 972.0, 661.0]
[96.0, 0.0, 957.0, 646.0]
[160.0, 0.0, 1022.0, 646.0]
[144.0, 0.0, 1007.0, 647.0]
[80.0, 0.0, 944.0, 648.0]
[112.0, 16.0, 977.0, 665.0]
[144.0, 0.0, 1010.0, 650.0]
[144.0, 0.0, 1011.0, 650.0]
[80.0, 0.0, 948.0, 651.0]
[80.0, 16.0, 949.0, 668.0]
[144.0, 16.0, 1014.0, 668.0]
[112.0, 0.0, 983.0, 653.0]
[144.0, 0.0, 1016.0, 654.0]
[128.0, 16.0, 1001.0, 671.0]
[96.0, 16.0, 970.0, 672.0]
[112.0, 16.0, 987.0, 672.0]
[80.0, 0.0, 956.0, 657.0]
[128.0, 16.0, 1005.0, 674.0]
[128.0, 16.0, 1006.0, 674.0]
[144.0, 0.0, 1023.0, 659.0]
[144.0, 16.0, 1024.0, 676.0]
[80.0, 16.0, 961.0, 677.0]
[96.0, 0.0, 978.0, 662.0]
[112.0, 16.0, 995.0, 678.0]
[128.0, 0.0, 1012.0, 663.0]
[128.0, 16.0, 1013.0, 680.0]
[128.0, 0.0, 1014.0, 664.0]
[80.0, 0.0, 967.0, 665.0]
[112.0, 16.0, 1000.0, 682.0]
[96.0, 0.0, 985.0, 667.0]
[112.0, 0.0, 1002.0, 668.0]
[128.0, 0.0, 1019.0, 668.0]
[128.0, 0.0, 1020.0, 669.0]
[96.0, 0.0, 989.0, 670.0]
[80.0, 0.0, 974.0, 670.0]
[112.0, 0.0, 1007.0, 671.0]
[112.0, 0.0, 1008.0, 672.0]
[96.0, 0.0, 993.0, 673.0]
[96.0, 0.0, 994.0, 674.0]
[96.0, 0.0, 995.0, 674.0]
[80.0, 0.0, 980.0, 675.0]
[112.0, 0.0, 1013.0, 676.0]
[96.0, 0.0, 998.0, 676.0]
[80.0, 0.0, 983.0, 677.0]
[96.0, 0.0, 1000.0, 678.0]
[112.0, 0.0, 1017.0, 679.0]
[112.0, 0.0, 1018.0, 680.0]
[112.0, 0.0, 1019.0, 680.0]
[96.0, 0.0, 1004.0, 681.0]
[80.0, 0.0, 989.0, 682.0]
[80.0, 0.0, 990.0, 682.0]
[112.0, 0.0, 1023.0, 683.0]
