[96.0, 96.0, 813.0, 634.0]
[112.0, 176.0, 830.0, 714.0]
[128.0, 176.0, 847.0, 715.0]
[128.0, 160.0, 848.0, 700.0]
[160.0, 160.0, 881.0, 701.0]
[64.0, 192.0, 786.0, 734.0]
[64.0, 128.0, 787.0, 670.0]
[112.0, 160.0, 836.0, 703.0]
[32.0, 144.0, 757.0, 688.0]
[64.0, 96.0, 790.0, 640.0]
[112.0, 96.0, 839.0, 641.0]
[32.0, 128.0, 760.0, 674.0]
[160.0, 160.0, 889.0, 707.0]
[32.0, 160.0, 762.0, 708.0]
[128.0, 160.0, 859.0, 708.0]
[80.0, 144.0, 812.0, 693.0]
[48.0, 192.0, 781.0, 742.0]
[176.0, 144.0, 910.0, 694.0]
[80.0, 192.0, 815.0, 743.0]
[64.0, 112.0, 800.0, 664.0]
[144.0, 96.0, 881.0, 649.0]
[128.0, 128.0, 866.0, 682.0]
[16.0, 160.0, 755.0, 714.0]
[176.0, 144.0, 916.0, 699.0]
[128.0, 192.0, 869.0, 748.0]
[144.0, 112.0, 886.0, 668.0]
[112.0, 96.0, 855.0, 653.0]
[96.0, 80.0, 840.0, 638.0]
[128.0, 160.0, 873.0, 719.0]
[96.0, 128.0, 842.0, 688.0]
[128.0, 160.0, 875.0, 720.0]
[32.0, 112.0, 780.0, 673.0]
[32.0, 112.0, 781.0, 674.0]
[48.0, 192.0, 798.0, 754.0]
[112.0, 160.0, 863.0, 723.0]
[112.0, 176.0, 864.0, 740.0]
[112.0, 112.0, 865.0, 677.0]
[96.0, 144.0, 850.0, 710.0]
[176.0, 96.0, 931.0, 662.0]
[112.0, 192.0, 868.0, 759.0]
[176.0, 96.0, 933.0, 664.0]
[64.0, 144.0, 822.0, 712.0]
[64.0, 96.0, 823.0, 665.0]
[128.0, 176.0, 888.0, 746.0]
[128.0, 80.0, 889.0, 651.0]
[48.0, 80.0, 810.0, 652.0]
[96.0, 112.0, 859.0, 684.0]
[112.0, 128.0, 876.0, 701.0]
[0.0, 144.0, 765.0, 718.0]
[160.0, 176.0, 926.0, 750.0]
[64.0, 64.0, 831.0, 639.0]
[144.0, 80.0, 912.0, 656.0]
[128.0, 64.0, 897.0, 641.0]
[80.0, 48.0, 850.0, 626.0]
[128.0, 144.0, 899.0, 722.0]
[80.0, 176.0, 852.0, 755.0]
[48.0, 48.0, 821.0, 628.0]
[48.0, 64.0, 822.0, 644.0]
[128.0, 112.0, 903.0, 693.0]
[0.0, 96.0, 776.0, 678.0]
[32.0, 144.0, 809.0, 727.0]
[144.0, 80.0, 922.0, 664.0]
[144.0, 96.0, 923.0, 680.0]
[32.0, 160.0, 812.0, 745.0]
[48.0, 160.0, 829.0, 746.0]
[176.0, 96.0, 958.0, 682.0]
[16.0, 160.0, 799.0, 747.0]
[160.0, 96.0, 944.0, 684.0]
[176.0, 128.0, 961.0, 717.0]
[0.0, 112.0, 786.0, 702.0]
[48.0, 112.0, 835.0, 702.0]
[160.0, 96.0, 948.0, 687.0]
[128.0, 176.0, 917.0, 768.0]
[96.0, 80.0, 886.0, 672.0]
[144.0, 112.0, 935.0, 705.0]
[80.0, 144.0, 872.0, 738.0]
[32.0, 64.0, 825.0, 659.0]
[32.0, 160.0, 826.0, 756.0]
[160.0, 112.0, 955.0, 708.0]
[16.0, 128.0, 812.0, 725.0]
[80.0, 144.0, 877.0, 742.0]
[112.0, 48.0, 910.0, 646.0]
[16.0, 64.0, 815.0, 663.0]
[0.0, 80.0, 800.0, 680.0]
[32.0, 160.0, 833.0, 761.0]
[112.0, 48.0, 914.0, 650.0]
[0.0, 112.0, 803.0, 714.0]
[112.0, 144.0, 916.0, 747.0]
[80.0, 48.0, 885.0, 652.0]
[144.0, 112.0, 950.0, 716.0]
[176.0, 112.0, 983.0, 717.0]
[176.0, 96.0, 984.0, 702.0]
[96.0, 96.0, 905.0, 703.0]
[112.0, 144.0, 922.0, 752.0]
[80.0, 16.0, 891.0, 624.0]
[32.0, 64.0, 844.0, 673.0]
[32.0, 64.0, 845.0, 674.0]
[32.0, 64.0, 846.0, 674.0]
[0.0, 144.0, 815.0, 755.0]
[64.0, 144.0, 880.0, 756.0]
[32.0, 80.0, 849.0, 693.0]
[96.0, 32.0, 914.0, 646.0]
[176.0, 128.0, 995.0, 742.0]
[144.0, 144.0, 964.0, 759.0]
[16.0, 48.0, 837.0, 664.0]
[192.0, 112.0, 1014.0, 728.0]
[112.0, 80.0, 935.0, 697.0]
[16.0, 80.0, 840.0, 698.0]
[160.0, 144.0, 985.0, 763.0]
[64.0, 16.0, 890.0, 636.0]
[64.0, 96.0, 891.0, 716.0]
[64.0, 80.0, 892.0, 701.0]
[64.0, 48.0, 893.0, 670.0]
[80.0, 32.0, 910.0, 654.0]
[144.0, 112.0, 975.0, 735.0]
[128.0, 80.0, 960.0, 704.0]
[80.0, 128.0, 913.0, 753.0]
[160.0, 112.0, 994.0, 738.0]
[64.0, 112.0, 899.0, 738.0]
[0.0, 128.0, 836.0, 755.0]
[128.0, 48.0, 965.0, 676.0]
[80.0, 112.0, 918.0, 740.0]
[112.0, 64.0, 951.0, 693.0]
[112.0, 96.0, 952.0, 726.0]
[16.0, 80.0, 857.0, 711.0]
[48.0, 32.0, 890.0, 664.0]
[16.0, 128.0, 859.0, 760.0]
[96.0, 128.0, 940.0, 761.0]
[64.0, 0.0, 909.0, 634.0]
[32.0, 112.0, 878.0, 746.0]
[112.0, 32.0, 959.0, 667.0]
[64.0, 128.0, 912.0, 764.0]
[48.0, 128.0, 897.0, 765.0]
[16.0, 64.0, 866.0, 702.0]
[128.0, 48.0, 979.0, 686.0]
[16.0, 32.0, 868.0, 671.0]
[96.0, 96.0, 949.0, 736.0]
[128.0, 80.0, 982.0, 720.0]
[128.0, 64.0, 983.0, 705.0]
[48.0, 112.0, 904.0, 754.0]
[0.0, 48.0, 857.0, 691.0]
[112.0, 32.0, 970.0, 676.0]
[128.0, 80.0, 987.0, 724.0]
[160.0, 80.0, 1020.0, 725.0]
[32.0, 64.0, 893.0, 710.0]
[80.0, 96.0, 942.0, 742.0]
[48.0, 112.0, 911.0, 759.0]
[32.0, 64.0, 896.0, 712.0]
[112.0, 48.0, 977.0, 697.0]
[112.0, 96.0, 978.0, 746.0]
[32.0, 0.0, 899.0, 650.0]
[48.0, 80.0, 916.0, 731.0]
[0.0, 80.0, 869.0, 732.0]
[16.0, 16.0, 886.0, 668.0]
[96.0, 64.0, 967.0, 717.0]
[48.0, 112.0, 920.0, 766.0]
[96.0, 112.0, 969.0, 767.0]
[48.0, 80.0, 922.0, 736.0]
[32.0, 48.0, 907.0, 704.0]
[80.0, 64.0, 956.0, 721.0]
[128.0, 64.0, 1005.0, 722.0]
[32.0, 64.0, 910.0, 722.0]
[128.0, 96.0, 1007.0, 755.0]
[48.0, 16.0, 928.0, 676.0]
[32.0, 48.0, 913.0, 709.0]
[128.0, 48.0, 1010.0, 710.0]
[16.0, 96.0, 899.0, 758.0]
[32.0, 80.0, 916.0, 743.0]
[48.0, 16.0, 933.0, 680.0]
[16.0, 64.0, 902.0, 728.0]
[128.0, 48.0, 1015.0, 713.0]
[0.0, 80.0, 888.0, 746.0]
[16.0, 48.0, 905.0, 715.0]
[32.0, 16.0, 922.0, 684.0]
[32.0, 64.0, 923.0, 732.0]
[64.0, 32.0, 956.0, 701.0]
[32.0, 96.0, 925.0, 766.0]
[32.0, 64.0, 926.0, 734.0]
[96.0, 80.0, 991.0, 751.0]
[96.0, 48.0, 992.0, 720.0]
[32.0, 16.0, 929.0, 689.0]
[32.0, 80.0, 930.0, 754.0]
[0.0, 80.0, 899.0, 754.0]
[16.0, 16.0, 916.0, 691.0]
[112.0, 64.0, 1013.0, 740.0]
[0.0, 0.0, 902.0, 676.0]
[80.0, 48.0, 983.0, 725.0]
[32.0, 64.0, 936.0, 742.0]
[96.0, 64.0, 1001.0, 743.0]
[16.0, 0.0, 922.0, 680.0]
[112.0, 64.0, 1019.0, 744.0]
[80.0, 16.0, 988.0, 697.0]
[16.0, 0.0, 925.0, 682.0]
[48.0, 64.0, 958.0, 746.0]
[80.0, 80.0, 991.0, 763.0]
[16.0, 64.0, 928.0, 748.0]
[96.0, 64.0, 1009.0, 749.0]
[48.0, 0.0, 962.0, 686.0]
[96.0, 32.0, 1011.0, 718.0]
[96.0, 48.0, 1012.0, 735.0]
[48.0, 16.0, 965.0, 704.0]
[16.0, 0.0, 934.0, 688.0]
[0.0, 16.0, 919.0, 705.0]
[48.0, 32.0, 968.0, 722.0]
[48.0, 48.0, 969.0, 739.0]
[80.0, 48.0, 1002.0, 740.0]
[96.0, 64.0, 1019.0, 756.0]
[48.0, 0.0, 972.0, 693.0]
[48.0, 64.0, 973.0, 758.0]
[80.0, 48.0, 1006.0, 742.0]
[48.0, 64.0, 975.0, 759.0]
[32.0, 48.0, 960.0, 744.0]
[0.0, 32.0, 929.0, 729.0]
[80.0, 16.0, 1010.0, 714.0]
[0.0, 0.0, 931.0, 698.0]
[48.0, 64.0, 980.0, 763.0]
[64.0, 48.0, 997.0, 748.0]
[0.0, 0.0, 934.0, 700.0]
[32.0, 32.0, 967.0, 733.0]
[64.0, 48.0, 1000.0, 750.0]
[48.0, 48.0, 985.0, 751.0]
[0.0, 32.0, 938.0, 736.0]
[0.0, 0.0, 939.0, 704.0]
[16.0, 0.0, 956.0, 705.0]
[0.0, 32.0, 941.0, 738.0]
[32.0, 48.0, 974.0, 754.0]
[48.0, 48.0, 991.0, 755.0]
[48.0, 0.0, 992.0, 708.0]
[48.0, 16.0, 993.0, 725.0]
[0.0, 32.0, 946.0, 742.0]
[48.0, 0.0, 995.0, 710.0]
[0.0, 32.0, 948.0, 743.0]
[0.0, 16.0, 949.0, 728.0]
[0.0, 48.0, 950.0, 760.0]
[64.0, 32.0, 1015.0, 745.0]
[0.0, 16.0, 952.0, 730.0]
[16.0, 16.0, 969.0, 731.0]
[48.0, 32.0, 1002.0, 748.0]
[16.0, 16.0, 971.0, 732.0]
[48.0, 48.0, 1004.0, 765.0]
[64.0, 16.0, 1021.0, 734.0]
[48.0, 16.0, 1006.0, 734.0]
[48.0, 48.0, 1007.0, 767.0]
[48.0, 32.0, 1008.0, 752.0]
[16.0, 0.0, 977.0, 721.0]
[48.0, 32.0, 1010.0, 754.0]
[16.0, 16.0, 979.0, 738.0]
[48.0, 32.0, 1012.0, 755.0]
[16.0, 16.0, 981.0, 740.0]
[0.0, 0.0, 966.0, 724.0]
[32.0, 32.0, 999.0, 757.0]
[16.0, 32.0, 984.0, 758.0]
[48.0, 16.0, 1017.0, 743.0]
[16.0, 32.0, 986.0, 760.0]
[48.0, 16.0, 1019.0, 744.0]
[0.0, 16.0, 972.0, 745.0]
[16.0, 0.0, 989.0, 730.0]
[0.0, 0.0, 974.0, 730.0]
[32.0, 0.0, 1007.0, 731.0]
[0.0, 16.0, 976.0, 748.0]
[0.0, 32.0, 977.0, 765.0]
[32.0, 32.0, 1010.0, 766.0]
[0.0, 0.0, 979.0, 734.0]
[16.0, 32.0, 996.0, 767.0]
[0.0, 32.0, 981.0, 768.0]
[0.0, 32.0, 982.0, 768.0]
[16.0, 0.0, 999.0, 737.0]
[0.0, 0.0, 984.0, 738.0]
[0.0, 16.0, 985.0, 755.0]
[16.0, 16.0, 1002.0, 756.0]
[16.0, 0.0, 1003.0, 740.0]
[16.0, 0.0, 1004.0, 741.0]
[0.0, 0.0, 989.0, 742.0]
[0.0, 16.0, 990.0, 758.0]
[0.0, 16.0, 991.0, 759.0]
[0.0, 0.0, 992.0, 744.0]
[16.0, 0.0, 1009.0, 745.0]
[16.0, 0.0, 1010.0, 746.0]
[0.0, 16.0, 995.0, 762.0]
[16.0, 16.0, 1012.0, 763.0]
[0.0, 16.0, 997.0, 764.0]
[16.0, 16.0, 1014.0, 764.0]
[0.0, 0.0, 999.0, 749.0]
[0.0, 16.0, 1000.0, 766.0]
[16.0, 16.0, 1017.0, 767.0]
[0.0, 0.0, 1002.0, 752.0]
[16.0, 0.0, 1019.0, 752.0]
[16.0, 0.0, 1020.0, 753.0]
[16.0, 0.0, 1021.0, 754.0]
[16.0, 0.0, 1022.0, 754.0]
[16.0, 0.0, 1023.0, 755.0]
[16.0, 0.0, 1024.0, 756.0]
[0.0, 0.0, 1009.0, 757.0]
[0.0, 0.0, 1010.0, 758.0]
[0.0, 0.0, 1011.0, 758.0]
[0.0, 0.0, 1012.0, 759.0]
[0.0, 0.0, 1013.0, 760.0]
[0.0, 0.0, 1014.0, 760.0]
[0.0, 0.0, 1015.0, 761.0]
[0.0, 0.0, 1016.0, 762.0]
[0.0, 0.0, 1017.0, 763.0]
[0.0, 0.0, 1018.0, 764.0]
[0.0, 0.0, 1019.0, 764.0]
