[192.0, 32.0, 909.0, 570.0]
[48.0, 64.0, 766.0, 602.0]
[48.0, 32.0, 767.0, 571.0]
[144.0, 32.0, 864.0, 572.0]
[144.0, 64.0, 865.0, 605.0]
[208.0, 32.0, 930.0, 574.0]
[96.0, 48.0, 819.0, 590.0]
[272.0, 32.0, 996.0, 575.0]
[112.0, 48.0, 837.0, 592.0]
[48.0, 48.0, 774.0, 592.0]
[112.0, 64.0, 839.0, 609.0]
[240.0, 16.0, 968.0, 562.0]
[192.0, 16.0, 921.0, 563.0]
[112.0, 16.0, 842.0, 564.0]
[272.0, 48.0, 1003.0, 596.0]
[176.0, 64.0, 908.0, 613.0]
[144.0, 32.0, 877.0, 582.0]
[128.0, 16.0, 862.0, 566.0]
[128.0, 16.0, 863.0, 567.0]
[32.0, 48.0, 768.0, 600.0]
[64.0, 64.0, 801.0, 617.0]
[64.0, 48.0, 802.0, 602.0]
[256.0, 32.0, 995.0, 586.0]
[32.0, 32.0, 772.0, 587.0]
[96.0, 48.0, 837.0, 604.0]
[80.0, 0.0, 822.0, 556.0]
[96.0, 0.0, 839.0, 557.0]
[208.0, 0.0, 952.0, 558.0]
[96.0, 0.0, 841.0, 559.0]
[176.0, 64.0, 922.0, 624.0]
[192.0, 48.0, 939.0, 608.0]
[176.0, 0.0, 924.0, 561.0]
[192.0, 0.0, 941.0, 562.0]
[16.0, 32.0, 766.0, 594.0]
[240.0, 0.0, 991.0, 563.0]
[32.0, 64.0, 784.0, 628.0]
[112.0, 64.0, 865.0, 629.0]
[192.0, 16.0, 946.0, 582.0]
[144.0, 48.0, 899.0, 614.0]
[80.0, 48.0, 836.0, 615.0]
[192.0, 48.0, 949.0, 616.0]
[16.0, 32.0, 774.0, 600.0]
[160.0, 32.0, 919.0, 601.0]
[128.0, 32.0, 888.0, 602.0]
[96.0, 32.0, 857.0, 603.0]
[32.0, 0.0, 794.0, 572.0]
[80.0, 48.0, 843.0, 620.0]
[224.0, 16.0, 988.0, 589.0]
[192.0, 0.0, 957.0, 574.0]
[80.0, 0.0, 846.0, 574.0]
[16.0, 48.0, 783.0, 623.0]
[96.0, 32.0, 864.0, 608.0]
[80.0, 0.0, 849.0, 577.0]
[96.0, 16.0, 866.0, 594.0]
[208.0, 0.0, 979.0, 578.0]
[48.0, 64.0, 820.0, 643.0]
[128.0, 64.0, 901.0, 644.0]
[0.0, 16.0, 774.0, 596.0]
[0.0, 16.0, 775.0, 597.0]
[224.0, 0.0, 1000.0, 582.0]
[64.0, 32.0, 841.0, 615.0]
[96.0, 16.0, 874.0, 600.0]
[80.0, 0.0, 859.0, 584.0]
[112.0, 16.0, 892.0, 601.0]
[208.0, 0.0, 989.0, 586.0]
[80.0, 64.0, 862.0, 650.0]
[64.0, 48.0, 847.0, 635.0]
[128.0, 32.0, 912.0, 620.0]
[160.0, 48.0, 945.0, 637.0]
[32.0, 32.0, 818.0, 622.0]
[32.0, 0.0, 819.0, 590.0]
[32.0, 16.0, 820.0, 607.0]
[128.0, 16.0, 917.0, 608.0]
[96.0, 64.0, 886.0, 656.0]
[224.0, 32.0, 1015.0, 625.0]
[160.0, 16.0, 952.0, 610.0]
[48.0, 64.0, 841.0, 659.0]
[144.0, 32.0, 938.0, 628.0]
[144.0, 32.0, 939.0, 628.0]
[160.0, 48.0, 956.0, 645.0]
[112.0, 16.0, 909.0, 614.0]
[224.0, 16.0, 1022.0, 614.0]
[96.0, 48.0, 895.0, 647.0]
[32.0, 64.0, 832.0, 664.0]
[176.0, 32.0, 977.0, 633.0]
[32.0, 0.0, 834.0, 602.0]
[80.0, 64.0, 883.0, 666.0]
[128.0, 16.0, 932.0, 619.0]
[160.0, 32.0, 965.0, 636.0]
[0.0, 48.0, 806.0, 652.0]
[176.0, 0.0, 983.0, 605.0]
[160.0, 48.0, 968.0, 654.0]
[144.0, 64.0, 953.0, 671.0]
[208.0, 48.0, 1018.0, 656.0]
[144.0, 16.0, 955.0, 624.0]
[144.0, 0.0, 956.0, 609.0]
[48.0, 0.0, 861.0, 610.0]
[16.0, 16.0, 830.0, 626.0]
[0.0, 16.0, 815.0, 627.0]
[144.0, 64.0, 960.0, 676.0]
[0.0, 48.0, 817.0, 661.0]
[48.0, 64.0, 866.0, 678.0]
[144.0, 64.0, 963.0, 678.0]
[0.0, 48.0, 820.0, 663.0]
[32.0, 32.0, 853.0, 648.0]
[144.0, 16.0, 966.0, 632.0]
[16.0, 0.0, 839.0, 617.0]
[32.0, 16.0, 856.0, 634.0]
[96.0, 32.0, 921.0, 651.0]
[176.0, 16.0, 1002.0, 636.0]
[16.0, 48.0, 843.0, 668.0]
[160.0, 16.0, 988.0, 637.0]
[112.0, 16.0, 941.0, 638.0]
[64.0, 0.0, 894.0, 622.0]
[0.0, 0.0, 831.0, 623.0]
[48.0, 48.0, 880.0, 672.0]
[80.0, 0.0, 913.0, 625.0]
[80.0, 32.0, 914.0, 658.0]
[128.0, 0.0, 963.0, 626.0]
[176.0, 16.0, 1012.0, 643.0]
[48.0, 16.0, 885.0, 644.0]
[160.0, 0.0, 998.0, 628.0]
[80.0, 32.0, 919.0, 661.0]
[176.0, 16.0, 1016.0, 646.0]
[64.0, 48.0, 905.0, 679.0]
[176.0, 16.0, 1018.0, 648.0]
[128.0, 32.0, 971.0, 664.0]
[64.0, 32.0, 908.0, 665.0]
[32.0, 32.0, 877.0, 666.0]
[128.0, 16.0, 974.0, 650.0]
[144.0, 32.0, 991.0, 667.0]
[80.0, 0.0, 928.0, 636.0]
[0.0, 16.0, 849.0, 653.0]
[0.0, 32.0, 850.0, 670.0]
[32.0, 0.0, 883.0, 638.0]
[112.0, 0.0, 964.0, 639.0]
[0.0, 0.0, 853.0, 640.0]
[32.0, 0.0, 886.0, 640.0]
[112.0, 16.0, 967.0, 657.0]
[80.0, 32.0, 936.0, 674.0]
[0.0, 16.0, 857.0, 659.0]
[48.0, 0.0, 906.0, 644.0]
[160.0, 32.0, 1019.0, 676.0]
[16.0, 16.0, 876.0, 661.0]
[144.0, 32.0, 1005.0, 678.0]
[16.0, 16.0, 878.0, 662.0]
[128.0, 0.0, 991.0, 647.0]
[112.0, 0.0, 976.0, 648.0]
[112.0, 16.0, 977.0, 665.0]
[96.0, 16.0, 962.0, 666.0]
[80.0, 0.0, 947.0, 650.0]
[0.0, 0.0, 868.0, 651.0]
[96.0, 32.0, 965.0, 684.0]
[128.0, 32.0, 998.0, 684.0]
[80.0, 0.0, 951.0, 653.0]
[144.0, 32.0, 1016.0, 686.0]
[48.0, 16.0, 921.0, 671.0]
[0.0, 0.0, 874.0, 656.0]
[48.0, 16.0, 923.0, 672.0]
[48.0, 0.0, 924.0, 657.0]
[16.0, 16.0, 893.0, 674.0]
[128.0, 16.0, 1006.0, 674.0]
[96.0, 16.0, 975.0, 675.0]
[96.0, 16.0, 976.0, 676.0]
[0.0, 16.0, 881.0, 677.0]
[96.0, 0.0, 978.0, 662.0]
[128.0, 16.0, 1011.0, 678.0]
[32.0, 0.0, 916.0, 663.0]
[80.0, 0.0, 965.0, 664.0]
[16.0, 0.0, 902.0, 664.0]
[64.0, 0.0, 951.0, 665.0]
[128.0, 0.0, 1016.0, 666.0]
[0.0, 0.0, 889.0, 667.0]
[16.0, 16.0, 906.0, 684.0]
[128.0, 16.0, 1019.0, 684.0]
[64.0, 16.0, 956.0, 685.0]
[0.0, 0.0, 893.0, 670.0]
[128.0, 0.0, 1022.0, 670.0]
[80.0, 0.0, 975.0, 671.0]
[0.0, 0.0, 896.0, 672.0]
[112.0, 0.0, 1009.0, 673.0]
[48.0, 0.0, 946.0, 674.0]
[96.0, 0.0, 995.0, 674.0]
[0.0, 0.0, 900.0, 675.0]
[64.0, 0.0, 965.0, 676.0]
[0.0, 0.0, 902.0, 676.0]
[16.0, 0.0, 919.0, 677.0]
[64.0, 0.0, 968.0, 678.0]
[48.0, 0.0, 953.0, 679.0]
[16.0, 0.0, 922.0, 680.0]
[16.0, 0.0, 923.0, 680.0]
[64.0, 0.0, 972.0, 681.0]
[96.0, 0.0, 1005.0, 682.0]
[80.0, 0.0, 990.0, 682.0]
[64.0, 0.0, 975.0, 683.0]
[48.0, 0.0, 960.0, 684.0]
[0.0, 0.0, 913.0, 685.0]
[96.0, 0.0, 1010.0, 686.0]
[32.0, 0.0, 947.0, 686.0]
[0.0, 0.0, 916.0, 687.0]
