[32.0, 16.0, 749.0, 554.0]
[80.0, 48.0, 798.0, 586.0]
[16.0, 32.0, 735.0, 571.0]
[128.0, 32.0, 848.0, 572.0]
[64.0, 16.0, 785.0, 557.0]
[240.0, 16.0, 962.0, 558.0]
[256.0, 16.0, 979.0, 558.0]
[32.0, 32.0, 756.0, 575.0]
[240.0, 16.0, 965.0, 560.0]
[208.0, 32.0, 934.0, 576.0]
[112.0, 32.0, 839.0, 577.0]
[160.0, 32.0, 888.0, 578.0]
[192.0, 16.0, 921.0, 563.0]
[16.0, 16.0, 746.0, 564.0]
[192.0, 32.0, 923.0, 580.0]
[208.0, 0.0, 940.0, 549.0]
[144.0, 32.0, 877.0, 582.0]
[224.0, 0.0, 958.0, 550.0]
[64.0, 0.0, 799.0, 551.0]
[224.0, 48.0, 960.0, 600.0]
[144.0, 16.0, 881.0, 569.0]
[208.0, 32.0, 946.0, 586.0]
[48.0, 0.0, 787.0, 554.0]
[192.0, 32.0, 932.0, 587.0]
[112.0, 0.0, 853.0, 556.0]
[48.0, 0.0, 790.0, 556.0]
[16.0, 32.0, 759.0, 589.0]
[160.0, 48.0, 904.0, 606.0]
[272.0, 16.0, 1017.0, 575.0]
[176.0, 0.0, 922.0, 560.0]
[64.0, 48.0, 811.0, 608.0]
[48.0, 16.0, 796.0, 577.0]
[16.0, 16.0, 765.0, 578.0]
[80.0, 0.0, 830.0, 562.0]
[48.0, 48.0, 799.0, 611.0]
[256.0, 0.0, 1008.0, 564.0]
[16.0, 16.0, 769.0, 581.0]
[32.0, 0.0, 786.0, 566.0]
[128.0, 16.0, 883.0, 582.0]
[112.0, 32.0, 868.0, 599.0]
[112.0, 0.0, 869.0, 568.0]
[64.0, 32.0, 822.0, 600.0]
[224.0, 0.0, 983.0, 569.0]
[16.0, 16.0, 776.0, 586.0]
[48.0, 32.0, 809.0, 603.0]
[96.0, 32.0, 858.0, 604.0]
[176.0, 0.0, 939.0, 572.0]
[128.0, 48.0, 892.0, 621.0]
[208.0, 0.0, 973.0, 574.0]
[144.0, 48.0, 910.0, 622.0]
[160.0, 32.0, 927.0, 607.0]
[128.0, 0.0, 896.0, 576.0]
[224.0, 48.0, 993.0, 625.0]
[64.0, 48.0, 834.0, 626.0]
[64.0, 32.0, 835.0, 610.0]
[32.0, 0.0, 804.0, 579.0]
[160.0, 0.0, 933.0, 580.0]
[192.0, 0.0, 966.0, 580.0]
[144.0, 0.0, 919.0, 581.0]
[160.0, 32.0, 936.0, 614.0]
[96.0, 0.0, 873.0, 583.0]
[112.0, 48.0, 890.0, 632.0]
[64.0, 16.0, 843.0, 600.0]
[32.0, 32.0, 812.0, 617.0]
[96.0, 32.0, 877.0, 618.0]
[224.0, 16.0, 1006.0, 602.0]
[32.0, 0.0, 815.0, 587.0]
[192.0, 32.0, 976.0, 620.0]
[48.0, 0.0, 833.0, 589.0]
[112.0, 32.0, 898.0, 622.0]
[176.0, 0.0, 963.0, 590.0]
[112.0, 32.0, 900.0, 623.0]
[144.0, 0.0, 933.0, 592.0]
[80.0, 16.0, 870.0, 608.0]
[224.0, 32.0, 1015.0, 625.0]
[208.0, 16.0, 1000.0, 610.0]
[176.0, 48.0, 969.0, 643.0]
[96.0, 32.0, 890.0, 628.0]
[224.0, 0.0, 1019.0, 596.0]
[48.0, 16.0, 844.0, 613.0]
[80.0, 0.0, 877.0, 598.0]
[64.0, 16.0, 862.0, 614.0]
[112.0, 16.0, 911.0, 615.0]
[160.0, 16.0, 960.0, 616.0]
[144.0, 32.0, 945.0, 633.0]
[80.0, 16.0, 882.0, 618.0]
[64.0, 32.0, 867.0, 634.0]
[64.0, 0.0, 868.0, 603.0]
[32.0, 16.0, 837.0, 620.0]
[80.0, 0.0, 886.0, 604.0]
[32.0, 16.0, 839.0, 621.0]
[208.0, 32.0, 1016.0, 638.0]
[192.0, 16.0, 1001.0, 623.0]
[64.0, 32.0, 874.0, 640.0]
[48.0, 0.0, 859.0, 608.0]
[128.0, 0.0, 940.0, 609.0]
[16.0, 0.0, 829.0, 610.0]
[16.0, 32.0, 830.0, 642.0]
[144.0, 32.0, 959.0, 643.0]
[208.0, 16.0, 1024.0, 628.0]
[192.0, 16.0, 1009.0, 629.0]
[0.0, 0.0, 818.0, 614.0]
[0.0, 16.0, 819.0, 630.0]
[64.0, 0.0, 884.0, 615.0]
[16.0, 0.0, 837.0, 616.0]
[80.0, 0.0, 902.0, 616.0]
[128.0, 0.0, 951.0, 617.0]
[160.0, 0.0, 984.0, 618.0]
[80.0, 16.0, 905.0, 635.0]
[144.0, 0.0, 970.0, 620.0]
[128.0, 0.0, 955.0, 620.0]
[128.0, 0.0, 956.0, 621.0]
[64.0, 0.0, 893.0, 622.0]
[144.0, 0.0, 974.0, 622.0]
[48.0, 16.0, 879.0, 639.0]
[48.0, 0.0, 880.0, 624.0]
[48.0, 0.0, 881.0, 625.0]
[176.0, 16.0, 1010.0, 642.0]
[128.0, 0.0, 963.0, 626.0]
[64.0, 16.0, 900.0, 643.0]
[64.0, 0.0, 901.0, 628.0]
[96.0, 0.0, 934.0, 628.0]
[48.0, 0.0, 887.0, 629.0]
[96.0, 0.0, 936.0, 630.0]
[112.0, 0.0, 953.0, 631.0]
[112.0, 0.0, 954.0, 632.0]
[16.0, 0.0, 859.0, 632.0]
[96.0, 0.0, 940.0, 633.0]
[80.0, 0.0, 925.0, 634.0]
[16.0, 0.0, 862.0, 634.0]
[96.0, 0.0, 943.0, 635.0]
[112.0, 0.0, 960.0, 636.0]
[128.0, 0.0, 977.0, 637.0]
[16.0, 0.0, 866.0, 638.0]
[48.0, 0.0, 899.0, 638.0]
[0.0, 0.0, 852.0, 639.0]
[32.0, 0.0, 885.0, 640.0]
[48.0, 0.0, 902.0, 640.0]
[128.0, 0.0, 983.0, 641.0]
[0.0, 0.0, 856.0, 642.0]
[48.0, 0.0, 905.0, 643.0]
