[64.0, 80.0, 837.0, 660.0]
[176.0, 112.0, 950.0, 692.0]
[176.0, 144.0, 951.0, 725.0]
[160.0, 80.0, 936.0, 662.0]
[96.0, 48.0, 873.0, 631.0]
[128.0, 80.0, 906.0, 664.0]
[96.0, 112.0, 875.0, 696.0]
[64.0, 48.0, 844.0, 633.0]
[48.0, 64.0, 829.0, 650.0]
[176.0, 48.0, 958.0, 634.0]
[144.0, 80.0, 927.0, 667.0]
[80.0, 96.0, 864.0, 684.0]
[112.0, 144.0, 897.0, 733.0]
[112.0, 32.0, 898.0, 622.0]
[192.0, 128.0, 979.0, 718.0]
[80.0, 96.0, 868.0, 687.0]
[128.0, 112.0, 917.0, 704.0]
[176.0, 80.0, 966.0, 672.0]
[176.0, 112.0, 967.0, 705.0]
[32.0, 64.0, 824.0, 658.0]
[176.0, 80.0, 969.0, 675.0]
[48.0, 96.0, 842.0, 692.0]
[144.0, 144.0, 939.0, 740.0]
[96.0, 128.0, 892.0, 725.0]
[160.0, 128.0, 957.0, 726.0]
[112.0, 80.0, 910.0, 678.0]
[48.0, 128.0, 847.0, 727.0]
[176.0, 112.0, 976.0, 712.0]
[176.0, 112.0, 977.0, 713.0]
[16.0, 80.0, 818.0, 682.0]
[176.0, 112.0, 979.0, 714.0]
[32.0, 96.0, 836.0, 699.0]
[96.0, 16.0, 901.0, 620.0]
[32.0, 48.0, 838.0, 652.0]
[64.0, 96.0, 871.0, 701.0]
[64.0, 80.0, 872.0, 686.0]
[16.0, 128.0, 825.0, 735.0]
[64.0, 128.0, 874.0, 736.0]
[208.0, 64.0, 1019.0, 672.0]
[160.0, 64.0, 972.0, 673.0]
[160.0, 32.0, 973.0, 642.0]
[48.0, 64.0, 862.0, 674.0]
[176.0, 48.0, 991.0, 659.0]
[0.0, 80.0, 816.0, 692.0]
[144.0, 144.0, 961.0, 757.0]
[160.0, 112.0, 978.0, 726.0]
[32.0, 96.0, 851.0, 710.0]
[96.0, 48.0, 916.0, 663.0]
[80.0, 128.0, 901.0, 744.0]
[176.0, 128.0, 998.0, 744.0]
[64.0, 112.0, 887.0, 729.0]
[160.0, 144.0, 984.0, 762.0]
[64.0, 64.0, 889.0, 683.0]
[160.0, 128.0, 986.0, 748.0]
[112.0, 112.0, 939.0, 732.0]
[48.0, 112.0, 876.0, 733.0]
[160.0, 128.0, 989.0, 750.0]
[64.0, 80.0, 894.0, 702.0]
[32.0, 48.0, 863.0, 671.0]
[176.0, 32.0, 1008.0, 656.0]
[16.0, 64.0, 849.0, 689.0]
[112.0, 112.0, 946.0, 738.0]
[64.0, 48.0, 899.0, 674.0]
[0.0, 48.0, 836.0, 675.0]
[32.0, 16.0, 869.0, 644.0]
[32.0, 48.0, 870.0, 676.0]
[96.0, 48.0, 935.0, 677.0]
[64.0, 80.0, 904.0, 710.0]
[32.0, 144.0, 873.0, 775.0]
[80.0, 144.0, 922.0, 776.0]
[0.0, 16.0, 843.0, 648.0]
[176.0, 48.0, 1020.0, 681.0]
[144.0, 96.0, 989.0, 730.0]
[144.0, 96.0, 990.0, 730.0]
[96.0, 0.0, 943.0, 635.0]
[16.0, 80.0, 864.0, 716.0]
[48.0, 64.0, 897.0, 701.0]
[96.0, 112.0, 946.0, 750.0]
[48.0, 64.0, 899.0, 702.0]
[128.0, 48.0, 980.0, 687.0]
[32.0, 112.0, 885.0, 752.0]
[144.0, 16.0, 998.0, 656.0]
[96.0, 112.0, 951.0, 753.0]
[80.0, 144.0, 936.0, 786.0]
[160.0, 16.0, 1017.0, 659.0]
[32.0, 48.0, 890.0, 692.0]
[32.0, 32.0, 891.0, 676.0]
[80.0, 96.0, 940.0, 741.0]
[0.0, 0.0, 861.0, 646.0]
[112.0, 16.0, 974.0, 662.0]
[0.0, 32.0, 863.0, 679.0]
[80.0, 96.0, 944.0, 744.0]
[48.0, 96.0, 913.0, 745.0]
[112.0, 144.0, 978.0, 794.0]
[112.0, 16.0, 979.0, 666.0]
[32.0, 16.0, 900.0, 667.0]
[16.0, 0.0, 885.0, 652.0]
[16.0, 64.0, 886.0, 716.0]
[16.0, 16.0, 887.0, 669.0]
[144.0, 96.0, 1016.0, 750.0]
[96.0, 0.0, 969.0, 655.0]
[128.0, 96.0, 1002.0, 752.0]
[0.0, 16.0, 875.0, 672.0]
[64.0, 128.0, 940.0, 785.0]
[32.0, 32.0, 909.0, 690.0]
[96.0, 128.0, 974.0, 786.0]
[128.0, 48.0, 1007.0, 707.0]
[48.0, 128.0, 928.0, 788.0]
[48.0, 32.0, 929.0, 693.0]
[32.0, 64.0, 914.0, 726.0]
[128.0, 64.0, 1011.0, 726.0]
[48.0, 80.0, 932.0, 743.0]
[128.0, 128.0, 1013.0, 792.0]
[80.0, 32.0, 966.0, 696.0]
[112.0, 32.0, 999.0, 697.0]
[96.0, 48.0, 984.0, 714.0]
[32.0, 144.0, 921.0, 811.0]
[64.0, 80.0, 954.0, 748.0]
[32.0, 32.0, 923.0, 700.0]
[112.0, 48.0, 1004.0, 717.0]
[96.0, 32.0, 989.0, 702.0]
[48.0, 112.0, 942.0, 782.0]
[48.0, 80.0, 943.0, 751.0]
[128.0, 32.0, 1024.0, 704.0]
[80.0, 0.0, 977.0, 673.0]
[64.0, 128.0, 962.0, 802.0]
[80.0, 96.0, 979.0, 770.0]
[96.0, 64.0, 996.0, 739.0]
[0.0, 16.0, 901.0, 692.0]
[16.0, 0.0, 918.0, 676.0]
[32.0, 144.0, 935.0, 821.0]
[80.0, 0.0, 984.0, 678.0]
[0.0, 0.0, 905.0, 679.0]
[112.0, 64.0, 1018.0, 744.0]
[32.0, 80.0, 939.0, 760.0]
[16.0, 32.0, 924.0, 713.0]
[96.0, 0.0, 1005.0, 682.0]
[112.0, 0.0, 1022.0, 682.0]
[96.0, 16.0, 1007.0, 699.0]
[32.0, 96.0, 944.0, 780.0]
[80.0, 96.0, 993.0, 781.0]
[0.0, 80.0, 914.0, 766.0]
[32.0, 32.0, 947.0, 718.0]
[48.0, 0.0, 964.0, 687.0]
[32.0, 80.0, 949.0, 768.0]
[48.0, 0.0, 966.0, 688.0]
[32.0, 48.0, 951.0, 737.0]
[80.0, 32.0, 1000.0, 722.0]
[80.0, 0.0, 1001.0, 691.0]
[0.0, 80.0, 922.0, 772.0]
[16.0, 48.0, 939.0, 740.0]
[80.0, 128.0, 1004.0, 821.0]
[64.0, 48.0, 989.0, 742.0]
[64.0, 80.0, 990.0, 774.0]
[48.0, 80.0, 975.0, 775.0]
[48.0, 64.0, 976.0, 760.0]
[48.0, 0.0, 977.0, 697.0]
[80.0, 32.0, 1010.0, 730.0]
[64.0, 48.0, 995.0, 746.0]
[48.0, 144.0, 980.0, 843.0]
[0.0, 112.0, 933.0, 812.0]
[0.0, 0.0, 934.0, 700.0]
[0.0, 112.0, 935.0, 813.0]
[64.0, 48.0, 1000.0, 750.0]
[64.0, 32.0, 1001.0, 735.0]
[16.0, 128.0, 954.0, 832.0]
[32.0, 96.0, 971.0, 800.0]
[80.0, 112.0, 1020.0, 817.0]
[64.0, 96.0, 1005.0, 802.0]
[64.0, 128.0, 1006.0, 834.0]
[48.0, 64.0, 991.0, 771.0]
[32.0, 16.0, 976.0, 724.0]
[32.0, 128.0, 977.0, 837.0]
[64.0, 112.0, 1010.0, 822.0]
[0.0, 112.0, 947.0, 822.0]
[16.0, 128.0, 964.0, 839.0]
[48.0, 144.0, 997.0, 856.0]
[32.0, 80.0, 982.0, 792.0]
[32.0, 0.0, 983.0, 713.0]
[48.0, 32.0, 1000.0, 746.0]
[48.0, 48.0, 1001.0, 763.0]
[0.0, 80.0, 954.0, 796.0]
[0.0, 80.0, 955.0, 796.0]
[0.0, 96.0, 956.0, 813.0]
[16.0, 32.0, 973.0, 750.0]
[32.0, 96.0, 990.0, 814.0]
[32.0, 96.0, 991.0, 815.0]
[48.0, 80.0, 1008.0, 800.0]
[0.0, 0.0, 961.0, 721.0]
[0.0, 64.0, 962.0, 786.0]
[32.0, 128.0, 995.0, 850.0]
[16.0, 32.0, 980.0, 755.0]
[32.0, 96.0, 997.0, 820.0]
[48.0, 96.0, 1014.0, 820.0]
[48.0, 96.0, 1015.0, 821.0]
[16.0, 96.0, 984.0, 822.0]
[16.0, 0.0, 985.0, 727.0]
[0.0, 32.0, 970.0, 760.0]
[48.0, 64.0, 1019.0, 792.0]
[16.0, 128.0, 988.0, 857.0]
[32.0, 64.0, 1005.0, 794.0]
[48.0, 48.0, 1022.0, 778.0]
[32.0, 64.0, 1007.0, 795.0]
[48.0, 80.0, 1024.0, 812.0]
[0.0, 48.0, 977.0, 781.0]
[32.0, 96.0, 1010.0, 830.0]
[0.0, 96.0, 979.0, 830.0]
[32.0, 16.0, 1012.0, 751.0]
[0.0, 16.0, 981.0, 752.0]
[16.0, 16.0, 998.0, 752.0]
[32.0, 80.0, 1015.0, 817.0]
[0.0, 96.0, 984.0, 834.0]
[32.0, 0.0, 1017.0, 739.0]
[0.0, 0.0, 986.0, 740.0]
[16.0, 80.0, 1003.0, 820.0]
[16.0, 64.0, 1004.0, 805.0]
[0.0, 16.0, 989.0, 758.0]
[32.0, 16.0, 1022.0, 758.0]
[16.0, 80.0, 1007.0, 823.0]
[0.0, 16.0, 992.0, 760.0]
[16.0, 32.0, 1009.0, 777.0]
[0.0, 112.0, 994.0, 858.0]
[16.0, 96.0, 1011.0, 842.0]
[16.0, 48.0, 1012.0, 795.0]
[16.0, 96.0, 1013.0, 844.0]
[0.0, 32.0, 998.0, 780.0]
[16.0, 80.0, 1015.0, 829.0]
[0.0, 48.0, 1000.0, 798.0]
[16.0, 64.0, 1017.0, 815.0]
[16.0, 48.0, 1018.0, 800.0]
[16.0, 64.0, 1019.0, 816.0]
[0.0, 16.0, 1004.0, 769.0]
[16.0, 96.0, 1021.0, 850.0]
[16.0, 0.0, 1022.0, 754.0]
[0.0, 32.0, 1007.0, 787.0]
[16.0, 0.0, 1024.0, 756.0]
[0.0, 96.0, 1009.0, 853.0]
[0.0, 80.0, 1010.0, 838.0]
[0.0, 16.0, 1011.0, 774.0]
[0.0, 80.0, 1012.0, 839.0]
[0.0, 16.0, 1013.0, 776.0]
[0.0, 64.0, 1014.0, 824.0]
[0.0, 16.0, 1015.0, 777.0]
[0.0, 80.0, 1016.0, 842.0]
[0.0, 32.0, 1017.0, 795.0]
[0.0, 96.0, 1018.0, 860.0]
[0.0, 48.0, 1019.0, 812.0]
[0.0, 96.0, 1020.0, 861.0]
[0.0, 16.0, 1021.0, 782.0]
[0.0, 64.0, 1022.0, 830.0]
[0.0, 32.0, 1023.0, 799.0]
[0.0, 32.0, 1024.0, 800.0]
