[144.0, 112.0, 942.0, 710.0]
[80.0, 96.0, 879.0, 695.0]
[160.0, 48.0, 960.0, 648.0]
[176.0, 32.0, 977.0, 633.0]
[64.0, 144.0, 866.0, 746.0]
[176.0, 80.0, 979.0, 682.0]
[128.0, 112.0, 932.0, 715.0]
[176.0, 96.0, 981.0, 700.0]
[128.0, 48.0, 934.0, 652.0]
[112.0, 96.0, 919.0, 701.0]
[48.0, 64.0, 856.0, 670.0]
[32.0, 96.0, 841.0, 703.0]
[64.0, 144.0, 874.0, 752.0]
[48.0, 32.0, 859.0, 640.0]
[160.0, 144.0, 972.0, 753.0]
[96.0, 160.0, 909.0, 770.0]
[48.0, 32.0, 862.0, 642.0]
[112.0, 128.0, 927.0, 739.0]
[144.0, 64.0, 960.0, 676.0]
[160.0, 96.0, 977.0, 709.0]
[144.0, 128.0, 962.0, 742.0]
[80.0, 16.0, 899.0, 630.0]
[96.0, 48.0, 916.0, 663.0]
[32.0, 144.0, 853.0, 760.0]
[176.0, 128.0, 998.0, 744.0]
[176.0, 128.0, 999.0, 745.0]
[64.0, 32.0, 888.0, 650.0]
[112.0, 160.0, 937.0, 779.0]
[176.0, 96.0, 1002.0, 716.0]
[160.0, 96.0, 987.0, 716.0]
[112.0, 32.0, 940.0, 653.0]
[16.0, 32.0, 845.0, 654.0]
[80.0, 160.0, 910.0, 782.0]
[96.0, 96.0, 927.0, 719.0]
[112.0, 144.0, 944.0, 768.0]
[112.0, 112.0, 945.0, 737.0]
[144.0, 96.0, 978.0, 722.0]
[96.0, 32.0, 931.0, 658.0]
[16.0, 48.0, 852.0, 675.0]
[80.0, 0.0, 917.0, 628.0]
[64.0, 112.0, 902.0, 740.0]
[96.0, 144.0, 935.0, 773.0]
[16.0, 112.0, 856.0, 742.0]
[160.0, 144.0, 1001.0, 775.0]
[0.0, 32.0, 842.0, 664.0]
[80.0, 112.0, 923.0, 744.0]
[80.0, 64.0, 924.0, 697.0]
[64.0, 80.0, 909.0, 714.0]
[160.0, 80.0, 1006.0, 714.0]
[176.0, 128.0, 1023.0, 763.0]
[160.0, 32.0, 1008.0, 668.0]
[64.0, 48.0, 913.0, 685.0]
[48.0, 80.0, 898.0, 718.0]
[112.0, 96.0, 963.0, 734.0]
[112.0, 32.0, 964.0, 671.0]
[64.0, 32.0, 917.0, 672.0]
[16.0, 128.0, 870.0, 768.0]
[16.0, 112.0, 871.0, 753.0]
[128.0, 112.0, 984.0, 754.0]
[128.0, 96.0, 985.0, 739.0]
[160.0, 96.0, 1018.0, 740.0]
[128.0, 112.0, 987.0, 756.0]
[32.0, 64.0, 892.0, 709.0]
[64.0, 112.0, 925.0, 758.0]
[48.0, 32.0, 910.0, 678.0]
[48.0, 144.0, 911.0, 791.0]
[80.0, 96.0, 944.0, 744.0]
[16.0, 128.0, 881.0, 777.0]
[144.0, 96.0, 1010.0, 746.0]
[128.0, 64.0, 995.0, 714.0]
[0.0, 32.0, 868.0, 683.0]
[80.0, 96.0, 949.0, 748.0]
[0.0, 112.0, 870.0, 764.0]
[32.0, 80.0, 903.0, 733.0]
[48.0, 80.0, 920.0, 734.0]
[128.0, 112.0, 1001.0, 767.0]
[144.0, 112.0, 1018.0, 768.0]
[48.0, 32.0, 923.0, 688.0]
[48.0, 96.0, 924.0, 753.0]
[16.0, 112.0, 893.0, 770.0]
[80.0, 64.0, 958.0, 722.0]
[32.0, 112.0, 911.0, 771.0]
[128.0, 128.0, 1008.0, 788.0]
[64.0, 96.0, 945.0, 757.0]
[16.0, 112.0, 898.0, 774.0]
[16.0, 16.0, 899.0, 678.0]
[80.0, 16.0, 964.0, 679.0]
[48.0, 64.0, 933.0, 728.0]
[48.0, 16.0, 934.0, 680.0]
[64.0, 48.0, 951.0, 713.0]
[64.0, 32.0, 952.0, 698.0]
[112.0, 48.0, 1001.0, 715.0]
[16.0, 96.0, 906.0, 764.0]
[16.0, 0.0, 907.0, 668.0]
[96.0, 80.0, 988.0, 749.0]
[48.0, 80.0, 941.0, 750.0]
[112.0, 112.0, 1006.0, 782.0]
[96.0, 0.0, 991.0, 671.0]
[112.0, 48.0, 1008.0, 720.0]
[32.0, 48.0, 929.0, 721.0]
[96.0, 112.0, 994.0, 786.0]
[112.0, 32.0, 1011.0, 706.0]
[16.0, 16.0, 916.0, 691.0]
[64.0, 0.0, 965.0, 676.0]
[0.0, 48.0, 902.0, 724.0]
[64.0, 0.0, 967.0, 677.0]
[112.0, 64.0, 1016.0, 742.0]
[0.0, 64.0, 905.0, 743.0]
[112.0, 64.0, 1018.0, 744.0]
[112.0, 16.0, 1019.0, 696.0]
[48.0, 0.0, 956.0, 681.0]
[96.0, 80.0, 1005.0, 762.0]
[80.0, 64.0, 990.0, 746.0]
[112.0, 96.0, 1023.0, 779.0]
[48.0, 0.0, 960.0, 684.0]
[0.0, 80.0, 913.0, 765.0]
[16.0, 80.0, 930.0, 766.0]
[0.0, 96.0, 915.0, 782.0]
[48.0, 64.0, 964.0, 751.0]
[48.0, 80.0, 965.0, 768.0]
[0.0, 80.0, 918.0, 768.0]
[80.0, 64.0, 999.0, 753.0]
[96.0, 48.0, 1016.0, 738.0]
[64.0, 96.0, 985.0, 787.0]
[48.0, 0.0, 970.0, 692.0]
[0.0, 80.0, 923.0, 772.0]
[16.0, 48.0, 940.0, 741.0]
[16.0, 0.0, 941.0, 694.0]
[0.0, 80.0, 926.0, 774.0]
[32.0, 0.0, 959.0, 695.0]
[96.0, 48.0, 1024.0, 744.0]
[16.0, 32.0, 945.0, 729.0]
[80.0, 32.0, 1010.0, 730.0]
[48.0, 64.0, 979.0, 762.0]
[32.0, 48.0, 964.0, 747.0]
[64.0, 64.0, 997.0, 764.0]
[32.0, 64.0, 966.0, 764.0]
[80.0, 32.0, 1015.0, 733.0]
[32.0, 80.0, 968.0, 782.0]
[16.0, 80.0, 953.0, 783.0]
[0.0, 16.0, 938.0, 720.0]
[48.0, 64.0, 987.0, 768.0]
[16.0, 80.0, 956.0, 785.0]
[0.0, 64.0, 941.0, 770.0]
[16.0, 32.0, 958.0, 738.0]
[32.0, 32.0, 975.0, 739.0]
[0.0, 48.0, 944.0, 756.0]
[48.0, 0.0, 993.0, 709.0]
[48.0, 32.0, 994.0, 742.0]
[16.0, 32.0, 963.0, 742.0]
[0.0, 48.0, 948.0, 759.0]
[48.0, 16.0, 997.0, 728.0]
[0.0, 80.0, 950.0, 792.0]
[48.0, 32.0, 999.0, 745.0]
[0.0, 16.0, 952.0, 730.0]
[32.0, 32.0, 985.0, 747.0]
[0.0, 64.0, 954.0, 780.0]
[64.0, 16.0, 1019.0, 732.0]
[16.0, 48.0, 972.0, 765.0]
[48.0, 32.0, 1005.0, 750.0]
[64.0, 32.0, 1022.0, 750.0]
[0.0, 16.0, 959.0, 735.0]
[64.0, 64.0, 1024.0, 784.0]
[48.0, 48.0, 1009.0, 769.0]
[16.0, 64.0, 978.0, 786.0]
[32.0, 64.0, 995.0, 786.0]
[16.0, 64.0, 980.0, 787.0]
[48.0, 16.0, 1013.0, 740.0]
[0.0, 0.0, 966.0, 724.0]
[0.0, 0.0, 967.0, 725.0]
[48.0, 48.0, 1016.0, 774.0]
[32.0, 16.0, 1001.0, 743.0]
[48.0, 48.0, 1018.0, 776.0]
[48.0, 32.0, 1019.0, 760.0]
[48.0, 48.0, 1020.0, 777.0]
[0.0, 32.0, 973.0, 762.0]
[48.0, 0.0, 1022.0, 730.0]
[0.0, 48.0, 975.0, 779.0]
[48.0, 0.0, 1024.0, 732.0]
[16.0, 16.0, 993.0, 749.0]
[0.0, 32.0, 978.0, 766.0]
[32.0, 32.0, 1011.0, 766.0]
[32.0, 48.0, 1012.0, 783.0]
[16.0, 16.0, 997.0, 752.0]
[16.0, 0.0, 998.0, 736.0]
[32.0, 16.0, 1015.0, 753.0]
[16.0, 0.0, 1000.0, 738.0]
[32.0, 16.0, 1017.0, 755.0]
[0.0, 16.0, 986.0, 756.0]
[16.0, 32.0, 1003.0, 772.0]
[32.0, 0.0, 1020.0, 741.0]
[16.0, 32.0, 1005.0, 774.0]
[0.0, 48.0, 990.0, 790.0]
[32.0, 48.0, 1023.0, 791.0]
[0.0, 0.0, 992.0, 744.0]
[0.0, 16.0, 993.0, 761.0]
[0.0, 0.0, 994.0, 746.0]
[16.0, 32.0, 1011.0, 778.0]
[16.0, 0.0, 1012.0, 747.0]
[0.0, 16.0, 997.0, 764.0]
[0.0, 16.0, 998.0, 764.0]
[0.0, 32.0, 999.0, 781.0]
[16.0, 16.0, 1016.0, 766.0]
[16.0, 16.0, 1017.0, 767.0]
[0.0, 0.0, 1002.0, 752.0]
[0.0, 0.0, 1003.0, 752.0]
[16.0, 0.0, 1020.0, 753.0]
[0.0, 32.0, 1005.0, 786.0]
[16.0, 16.0, 1022.0, 770.0]
[0.0, 0.0, 1007.0, 755.0]
[0.0, 0.0, 1008.0, 756.0]
[0.0, 16.0, 1009.0, 773.0]
[0.0, 32.0, 1010.0, 790.0]
[0.0, 0.0, 1011.0, 758.0]
[0.0, 0.0, 1012.0, 759.0]
[0.0, 32.0, 1013.0, 792.0]
[0.0, 0.0, 1014.0, 760.0]
[0.0, 0.0, 1015.0, 761.0]
[0.0, 16.0, 1016.0, 778.0]
[0.0, 0.0, 1017.0, 763.0]
[0.0, 16.0, 1018.0, 780.0]
[0.0, 16.0, 1019.0, 780.0]
[0.0, 16.0, 1020.0, 781.0]
[0.0, 0.0, 1021.0, 766.0]
[0.0, 16.0, 1022.0, 782.0]
[0.0, 0.0, 1023.0, 767.0]
[0.0, 0.0, 1024.0, 768.0]
