[16.0, 96.0, 733.0, 634.0]
[112.0, 64.0, 830.0, 602.0]
[128.0, 32.0, 847.0, 571.0]
[0.0, 80.0, 720.0, 620.0]
[96.0, 64.0, 817.0, 605.0]
[0.0, 48.0, 722.0, 590.0]
[32.0, 32.0, 755.0, 574.0]
[80.0, 64.0, 804.0, 607.0]
[80.0, 112.0, 805.0, 656.0]
[16.0, 64.0, 742.0, 608.0]
[80.0, 16.0, 807.0, 561.0]
[64.0, 16.0, 792.0, 562.0]
[80.0, 64.0, 809.0, 611.0]
[32.0, 112.0, 762.0, 660.0]
[128.0, 48.0, 859.0, 596.0]
[128.0, 96.0, 860.0, 645.0]
[0.0, 48.0, 733.0, 598.0]
[16.0, 80.0, 750.0, 630.0]
[48.0, 32.0, 783.0, 583.0]
[96.0, 80.0, 832.0, 632.0]
[16.0, 96.0, 753.0, 649.0]
[80.0, 80.0, 818.0, 634.0]
[80.0, 80.0, 819.0, 634.0]
[0.0, 48.0, 740.0, 603.0]
[16.0, 64.0, 757.0, 620.0]
[48.0, 48.0, 790.0, 604.0]
[80.0, 64.0, 823.0, 621.0]
[64.0, 32.0, 808.0, 590.0]
[112.0, 96.0, 857.0, 655.0]
[128.0, 32.0, 874.0, 592.0]
[128.0, 32.0, 875.0, 592.0]
[48.0, 48.0, 796.0, 609.0]
[0.0, 16.0, 749.0, 578.0]
[48.0, 64.0, 798.0, 626.0]
[80.0, 64.0, 831.0, 627.0]
[48.0, 16.0, 800.0, 580.0]
[32.0, 96.0, 785.0, 661.0]
[112.0, 64.0, 866.0, 630.0]
[48.0, 48.0, 803.0, 614.0]
[96.0, 32.0, 852.0, 599.0]
[64.0, 80.0, 821.0, 648.0]
[128.0, 48.0, 886.0, 616.0]
[0.0, 80.0, 759.0, 649.0]
[128.0, 32.0, 888.0, 602.0]
[96.0, 16.0, 857.0, 587.0]
[128.0, 64.0, 890.0, 636.0]
[80.0, 96.0, 843.0, 668.0]
[64.0, 80.0, 828.0, 653.0]
[80.0, 48.0, 845.0, 622.0]
[128.0, 80.0, 894.0, 654.0]
[48.0, 32.0, 815.0, 607.0]
[112.0, 32.0, 880.0, 608.0]
[80.0, 80.0, 849.0, 657.0]
[80.0, 80.0, 850.0, 658.0]
[64.0, 80.0, 835.0, 658.0]
[128.0, 64.0, 900.0, 643.0]
[112.0, 64.0, 885.0, 644.0]
[32.0, 64.0, 806.0, 644.0]
[32.0, 48.0, 807.0, 629.0]
[0.0, 64.0, 776.0, 646.0]
[48.0, 48.0, 825.0, 631.0]
[0.0, 48.0, 778.0, 632.0]
[96.0, 80.0, 875.0, 664.0]
[128.0, 80.0, 908.0, 665.0]
[64.0, 80.0, 845.0, 666.0]
[128.0, 48.0, 910.0, 634.0]
[32.0, 32.0, 815.0, 619.0]
[32.0, 48.0, 816.0, 636.0]
[32.0, 64.0, 817.0, 653.0]
[80.0, 64.0, 866.0, 654.0]
[0.0, 32.0, 787.0, 622.0]
[0.0, 48.0, 788.0, 639.0]
[48.0, 32.0, 837.0, 624.0]
[32.0, 32.0, 822.0, 624.0]
[96.0, 64.0, 887.0, 657.0]
[48.0, 32.0, 840.0, 626.0]
[112.0, 48.0, 905.0, 643.0]
[32.0, 48.0, 826.0, 644.0]
[0.0, 48.0, 795.0, 644.0]
[80.0, 64.0, 876.0, 661.0]
[16.0, 64.0, 813.0, 662.0]
[80.0, 64.0, 878.0, 662.0]
[32.0, 32.0, 831.0, 631.0]
[0.0, 64.0, 800.0, 664.0]
[32.0, 32.0, 833.0, 633.0]
[16.0, 32.0, 818.0, 634.0]
[48.0, 32.0, 851.0, 634.0]
[64.0, 32.0, 868.0, 635.0]
[96.0, 32.0, 901.0, 636.0]
[112.0, 32.0, 918.0, 636.0]
[112.0, 48.0, 919.0, 653.0]
[96.0, 48.0, 904.0, 654.0]
[16.0, 48.0, 825.0, 655.0]
[0.0, 48.0, 810.0, 656.0]
[80.0, 32.0, 891.0, 640.0]
[80.0, 48.0, 892.0, 657.0]
[96.0, 48.0, 909.0, 658.0]
[64.0, 32.0, 878.0, 642.0]
[0.0, 48.0, 815.0, 659.0]
[32.0, 32.0, 848.0, 644.0]
[32.0, 48.0, 849.0, 661.0]
[32.0, 32.0, 850.0, 646.0]
[96.0, 32.0, 915.0, 646.0]
[16.0, 32.0, 836.0, 647.0]
[112.0, 48.0, 933.0, 664.0]
[64.0, 48.0, 886.0, 664.0]
[0.0, 32.0, 823.0, 649.0]
[64.0, 32.0, 888.0, 650.0]
[96.0, 32.0, 921.0, 651.0]
[0.0, 32.0, 826.0, 652.0]
[16.0, 32.0, 843.0, 652.0]
[96.0, 32.0, 924.0, 653.0]
[16.0, 32.0, 845.0, 654.0]
[128.0, 32.0, 958.0, 654.0]
[32.0, 32.0, 863.0, 655.0]
[0.0, 32.0, 832.0, 656.0]
[48.0, 32.0, 881.0, 657.0]
[48.0, 32.0, 882.0, 658.0]
[0.0, 32.0, 835.0, 658.0]
[48.0, 32.0, 884.0, 659.0]
[48.0, 32.0, 885.0, 660.0]
[32.0, 32.0, 870.0, 660.0]
[80.0, 32.0, 919.0, 661.0]
[80.0, 32.0, 920.0, 662.0]
