[16.0, 144.0, 733.0, 682.0]
[128.0, 144.0, 846.0, 682.0]
[96.0, 48.0, 815.0, 587.0]
[16.0, 64.0, 736.0, 604.0]
[112.0, 128.0, 833.0, 669.0]
[112.0, 96.0, 834.0, 638.0]
[96.0, 112.0, 819.0, 654.0]
[112.0, 80.0, 836.0, 623.0]
[80.0, 64.0, 805.0, 608.0]
[48.0, 48.0, 774.0, 592.0]
[32.0, 96.0, 759.0, 641.0]
[80.0, 112.0, 808.0, 658.0]
[32.0, 48.0, 761.0, 595.0]
[0.0, 80.0, 730.0, 628.0]
[96.0, 64.0, 827.0, 612.0]
[112.0, 96.0, 844.0, 645.0]
[96.0, 128.0, 829.0, 678.0]
[64.0, 32.0, 798.0, 582.0]
[48.0, 16.0, 783.0, 567.0]
[32.0, 32.0, 768.0, 584.0]
[96.0, 48.0, 833.0, 601.0]
[80.0, 112.0, 818.0, 666.0]
[48.0, 80.0, 787.0, 634.0]
[80.0, 64.0, 820.0, 619.0]
[64.0, 80.0, 805.0, 636.0]
[96.0, 96.0, 838.0, 652.0]
[32.0, 96.0, 775.0, 653.0]
[80.0, 96.0, 824.0, 654.0]
[80.0, 112.0, 825.0, 671.0]
[32.0, 96.0, 778.0, 656.0]
[48.0, 96.0, 795.0, 656.0]
[0.0, 96.0, 748.0, 657.0]
[16.0, 80.0, 765.0, 642.0]
[96.0, 64.0, 846.0, 626.0]
[96.0, 96.0, 847.0, 659.0]
[96.0, 32.0, 848.0, 596.0]
[48.0, 112.0, 801.0, 677.0]
[80.0, 64.0, 834.0, 630.0]
[16.0, 16.0, 771.0, 582.0]
[64.0, 112.0, 820.0, 679.0]
[32.0, 64.0, 789.0, 632.0]
[32.0, 96.0, 790.0, 664.0]
[80.0, 96.0, 839.0, 665.0]
[64.0, 48.0, 824.0, 618.0]
[64.0, 96.0, 825.0, 667.0]
[80.0, 48.0, 842.0, 620.0]
[48.0, 64.0, 811.0, 636.0]
[32.0, 0.0, 796.0, 573.0]
[80.0, 48.0, 845.0, 622.0]
[80.0, 16.0, 846.0, 590.0]
[80.0, 32.0, 847.0, 607.0]
[16.0, 16.0, 784.0, 592.0]
[32.0, 96.0, 801.0, 673.0]
[32.0, 16.0, 802.0, 594.0]
[0.0, 64.0, 771.0, 642.0]
[80.0, 16.0, 852.0, 595.0]
[16.0, 64.0, 789.0, 644.0]
[64.0, 48.0, 838.0, 628.0]
[64.0, 80.0, 839.0, 661.0]
[32.0, 48.0, 808.0, 630.0]
[16.0, 16.0, 793.0, 599.0]
[16.0, 16.0, 794.0, 600.0]
[48.0, 96.0, 827.0, 680.0]
[0.0, 80.0, 780.0, 665.0]
[0.0, 96.0, 781.0, 682.0]
[64.0, 32.0, 846.0, 618.0]
[64.0, 48.0, 847.0, 635.0]
[64.0, 16.0, 848.0, 604.0]
[64.0, 32.0, 849.0, 621.0]
[48.0, 48.0, 834.0, 638.0]
[16.0, 64.0, 803.0, 654.0]
[64.0, 16.0, 852.0, 607.0]
[16.0, 32.0, 805.0, 624.0]
[64.0, 16.0, 854.0, 608.0]
[16.0, 48.0, 807.0, 641.0]
[16.0, 80.0, 808.0, 674.0]
[0.0, 0.0, 793.0, 595.0]
[32.0, 16.0, 826.0, 612.0]
[16.0, 0.0, 811.0, 596.0]
[16.0, 32.0, 812.0, 629.0]
[0.0, 64.0, 797.0, 662.0]
[16.0, 80.0, 814.0, 678.0]
[32.0, 16.0, 831.0, 615.0]
[32.0, 64.0, 832.0, 664.0]
[48.0, 0.0, 849.0, 601.0]
[16.0, 48.0, 818.0, 650.0]
[0.0, 48.0, 803.0, 650.0]
[32.0, 0.0, 836.0, 603.0]
[0.0, 32.0, 805.0, 636.0]
[16.0, 0.0, 822.0, 604.0]
[0.0, 64.0, 807.0, 669.0]
[48.0, 16.0, 856.0, 622.0]
[32.0, 64.0, 841.0, 671.0]
[32.0, 16.0, 842.0, 624.0]
[0.0, 0.0, 811.0, 608.0]
[32.0, 16.0, 844.0, 625.0]
[32.0, 0.0, 845.0, 610.0]
[0.0, 32.0, 814.0, 642.0]
[0.0, 48.0, 815.0, 659.0]
[32.0, 0.0, 848.0, 612.0]
