[128.0, 64.0, 845.0, 602.0]
[208.0, 64.0, 926.0, 602.0]
[224.0, 64.0, 943.0, 603.0]
[224.0, 32.0, 944.0, 572.0]
[128.0, 64.0, 849.0, 605.0]
[176.0, 32.0, 898.0, 574.0]
[48.0, 32.0, 771.0, 574.0]
[64.0, 32.0, 788.0, 575.0]
[240.0, 32.0, 965.0, 576.0]
[48.0, 32.0, 774.0, 576.0]
[112.0, 64.0, 839.0, 609.0]
[272.0, 32.0, 1000.0, 578.0]
[80.0, 16.0, 809.0, 563.0]
[128.0, 32.0, 858.0, 580.0]
[112.0, 48.0, 843.0, 596.0]
[160.0, 16.0, 892.0, 565.0]
[224.0, 32.0, 957.0, 582.0]
[80.0, 16.0, 814.0, 566.0]
[240.0, 48.0, 975.0, 599.0]
[256.0, 16.0, 992.0, 568.0]
[192.0, 48.0, 929.0, 601.0]
[96.0, 64.0, 834.0, 618.0]
[240.0, 48.0, 979.0, 602.0]
[48.0, 32.0, 788.0, 587.0]
[64.0, 32.0, 805.0, 588.0]
[240.0, 64.0, 982.0, 620.0]
[208.0, 16.0, 951.0, 573.0]
[176.0, 64.0, 920.0, 622.0]
[128.0, 0.0, 873.0, 559.0]
[96.0, 32.0, 842.0, 592.0]
[160.0, 16.0, 907.0, 576.0]
[32.0, 48.0, 780.0, 609.0]
[176.0, 32.0, 925.0, 594.0]
[128.0, 64.0, 878.0, 626.0]
[208.0, 0.0, 959.0, 563.0]
[64.0, 64.0, 816.0, 628.0]
[128.0, 64.0, 881.0, 629.0]
[96.0, 48.0, 850.0, 614.0]
[112.0, 48.0, 867.0, 614.0]
[160.0, 32.0, 916.0, 599.0]
[32.0, 0.0, 789.0, 568.0]
[112.0, 48.0, 870.0, 616.0]
[240.0, 48.0, 999.0, 617.0]
[96.0, 32.0, 856.0, 602.0]
[176.0, 16.0, 937.0, 587.0]
[112.0, 16.0, 874.0, 588.0]
[224.0, 48.0, 987.0, 620.0]
[224.0, 0.0, 988.0, 573.0]
[256.0, 32.0, 1021.0, 606.0]
[224.0, 64.0, 990.0, 638.0]
[64.0, 0.0, 831.0, 575.0]
[208.0, 64.0, 976.0, 640.0]
[96.0, 48.0, 865.0, 625.0]
[176.0, 48.0, 946.0, 626.0]
[64.0, 16.0, 835.0, 594.0]
[208.0, 64.0, 980.0, 643.0]
[224.0, 0.0, 997.0, 580.0]
[160.0, 48.0, 934.0, 628.0]
[16.0, 48.0, 791.0, 629.0]
[16.0, 32.0, 792.0, 614.0]
[224.0, 32.0, 1001.0, 615.0]
[128.0, 64.0, 906.0, 648.0]
[112.0, 48.0, 891.0, 632.0]
[112.0, 64.0, 892.0, 649.0]
[192.0, 64.0, 973.0, 650.0]
[16.0, 48.0, 798.0, 634.0]
[128.0, 48.0, 911.0, 635.0]
[176.0, 64.0, 960.0, 652.0]
[192.0, 16.0, 977.0, 605.0]
[80.0, 64.0, 866.0, 654.0]
[208.0, 0.0, 995.0, 590.0]
[208.0, 32.0, 996.0, 623.0]
[224.0, 32.0, 1013.0, 624.0]
[64.0, 16.0, 854.0, 608.0]
[80.0, 48.0, 871.0, 641.0]
[160.0, 16.0, 952.0, 610.0]
[48.0, 32.0, 841.0, 627.0]
[176.0, 0.0, 970.0, 596.0]
[176.0, 16.0, 971.0, 612.0]
[160.0, 0.0, 956.0, 597.0]
[160.0, 48.0, 957.0, 646.0]
[208.0, 48.0, 1006.0, 646.0]
[32.0, 32.0, 831.0, 631.0]
[208.0, 0.0, 1008.0, 600.0]
[80.0, 32.0, 881.0, 633.0]
[192.0, 32.0, 994.0, 634.0]
[112.0, 0.0, 915.0, 602.0]
[48.0, 32.0, 852.0, 635.0]
[64.0, 48.0, 869.0, 652.0]
[128.0, 64.0, 934.0, 668.0]
[128.0, 16.0, 935.0, 621.0]
[128.0, 16.0, 936.0, 622.0]
[96.0, 64.0, 905.0, 671.0]
[32.0, 16.0, 842.0, 624.0]
[144.0, 16.0, 955.0, 624.0]
[112.0, 64.0, 924.0, 673.0]
[176.0, 48.0, 989.0, 658.0]
[128.0, 48.0, 942.0, 658.0]
[112.0, 0.0, 927.0, 611.0]
[48.0, 64.0, 864.0, 676.0]
[112.0, 16.0, 929.0, 629.0]
[16.0, 16.0, 834.0, 630.0]
[16.0, 32.0, 835.0, 646.0]
[64.0, 32.0, 884.0, 647.0]
[32.0, 0.0, 853.0, 616.0]
[96.0, 32.0, 918.0, 648.0]
[0.0, 16.0, 823.0, 633.0]
[128.0, 16.0, 952.0, 634.0]
[144.0, 48.0, 969.0, 667.0]
[16.0, 32.0, 842.0, 652.0]
[192.0, 0.0, 1019.0, 620.0]
[112.0, 16.0, 940.0, 637.0]
[160.0, 0.0, 989.0, 622.0]
[112.0, 0.0, 942.0, 622.0]
[128.0, 16.0, 959.0, 639.0]
[176.0, 16.0, 1008.0, 640.0]
[96.0, 32.0, 929.0, 657.0]
[176.0, 32.0, 1010.0, 658.0]
[64.0, 16.0, 899.0, 642.0]
[112.0, 0.0, 948.0, 627.0]
[64.0, 32.0, 901.0, 660.0]
[160.0, 0.0, 998.0, 628.0]
[80.0, 32.0, 919.0, 661.0]
[144.0, 0.0, 984.0, 630.0]
[176.0, 0.0, 1017.0, 631.0]
[80.0, 32.0, 922.0, 664.0]
[176.0, 0.0, 1019.0, 632.0]
[32.0, 48.0, 876.0, 681.0]
[32.0, 32.0, 877.0, 666.0]
[48.0, 16.0, 894.0, 650.0]
[144.0, 0.0, 991.0, 635.0]
[16.0, 32.0, 864.0, 668.0]
[96.0, 0.0, 945.0, 637.0]
[64.0, 16.0, 914.0, 654.0]
[128.0, 16.0, 979.0, 654.0]
[32.0, 0.0, 884.0, 639.0]
[16.0, 0.0, 869.0, 640.0]
[144.0, 32.0, 998.0, 672.0]
[48.0, 16.0, 903.0, 657.0]
[80.0, 0.0, 936.0, 642.0]
[16.0, 0.0, 873.0, 643.0]
[160.0, 0.0, 1018.0, 644.0]
[32.0, 32.0, 891.0, 676.0]
[144.0, 32.0, 1004.0, 677.0]
[80.0, 16.0, 941.0, 662.0]
[64.0, 16.0, 926.0, 662.0]
[128.0, 32.0, 991.0, 679.0]
[80.0, 32.0, 944.0, 680.0]
[32.0, 16.0, 897.0, 665.0]
[0.0, 32.0, 866.0, 682.0]
[112.0, 16.0, 979.0, 666.0]
[80.0, 16.0, 948.0, 667.0]
[64.0, 0.0, 933.0, 652.0]
[48.0, 0.0, 918.0, 652.0]
[80.0, 16.0, 951.0, 669.0]
[112.0, 16.0, 984.0, 670.0]
[64.0, 0.0, 937.0, 655.0]
[16.0, 0.0, 890.0, 656.0]
[96.0, 0.0, 971.0, 656.0]
[16.0, 16.0, 892.0, 673.0]
[64.0, 16.0, 941.0, 674.0]
[16.0, 16.0, 894.0, 674.0]
[144.0, 16.0, 1023.0, 675.0]
[144.0, 16.0, 1024.0, 676.0]
[64.0, 16.0, 945.0, 677.0]
[16.0, 0.0, 898.0, 662.0]
[32.0, 0.0, 915.0, 662.0]
[32.0, 16.0, 916.0, 679.0]
[16.0, 0.0, 901.0, 664.0]
[96.0, 0.0, 982.0, 664.0]
[80.0, 16.0, 967.0, 681.0]
[48.0, 0.0, 936.0, 666.0]
[48.0, 0.0, 937.0, 667.0]
[64.0, 0.0, 954.0, 668.0]
[112.0, 0.0, 1003.0, 668.0]
[16.0, 0.0, 908.0, 669.0]
[48.0, 0.0, 941.0, 670.0]
[128.0, 0.0, 1022.0, 670.0]
[128.0, 0.0, 1023.0, 671.0]
[128.0, 0.0, 1024.0, 672.0]
[112.0, 0.0, 1009.0, 673.0]
[32.0, 0.0, 930.0, 674.0]
[16.0, 0.0, 915.0, 674.0]
[16.0, 0.0, 916.0, 675.0]
[96.0, 0.0, 997.0, 676.0]
[112.0, 0.0, 1014.0, 676.0]
[16.0, 0.0, 919.0, 677.0]
[112.0, 0.0, 1016.0, 678.0]
[0.0, 0.0, 905.0, 679.0]
[112.0, 0.0, 1018.0, 680.0]
[96.0, 0.0, 1003.0, 680.0]
[112.0, 0.0, 1020.0, 681.0]
[32.0, 0.0, 941.0, 682.0]
[112.0, 0.0, 1022.0, 682.0]
