[176.0, 64.0, 893.0, 602.0]
[288.0, 64.0, 1006.0, 602.0]
[240.0, 80.0, 959.0, 619.0]
[272.0, 96.0, 992.0, 636.0]
[192.0, 0.0, 913.0, 541.0]
[288.0, 48.0, 1010.0, 590.0]
[144.0, 0.0, 867.0, 542.0]
[288.0, 48.0, 1012.0, 591.0]
[288.0, 64.0, 1013.0, 608.0]
[192.0, 0.0, 918.0, 544.0]
[192.0, 64.0, 919.0, 609.0]
[208.0, 0.0, 936.0, 546.0]
[240.0, 0.0, 969.0, 547.0]
[224.0, 32.0, 954.0, 580.0]
[176.0, 64.0, 907.0, 612.0]
[192.0, 80.0, 924.0, 629.0]
[160.0, 32.0, 893.0, 582.0]
[256.0, 64.0, 990.0, 614.0]
[224.0, 16.0, 959.0, 567.0]
[160.0, 16.0, 896.0, 568.0]
[192.0, 32.0, 929.0, 585.0]
[112.0, 32.0, 850.0, 586.0]
[256.0, 48.0, 995.0, 602.0]
[208.0, 16.0, 948.0, 571.0]
[160.0, 0.0, 901.0, 556.0]
[256.0, 32.0, 998.0, 588.0]
[192.0, 64.0, 935.0, 621.0]
[192.0, 32.0, 936.0, 590.0]
[208.0, 0.0, 953.0, 559.0]
[128.0, 32.0, 874.0, 592.0]
[144.0, 0.0, 891.0, 560.0]
[272.0, 0.0, 1020.0, 561.0]
[224.0, 16.0, 973.0, 578.0]
[208.0, 16.0, 958.0, 578.0]
[160.0, 16.0, 911.0, 579.0]
[208.0, 80.0, 960.0, 644.0]
[208.0, 96.0, 961.0, 661.0]
[256.0, 16.0, 1010.0, 582.0]
[192.0, 48.0, 947.0, 614.0]
[240.0, 48.0, 996.0, 615.0]
[224.0, 48.0, 981.0, 616.0]
[208.0, 64.0, 966.0, 632.0]
[224.0, 64.0, 983.0, 633.0]
[128.0, 32.0, 888.0, 602.0]
[192.0, 32.0, 953.0, 603.0]
[144.0, 48.0, 906.0, 620.0]
[240.0, 80.0, 1003.0, 652.0]
[240.0, 0.0, 1004.0, 573.0]
[144.0, 48.0, 909.0, 622.0]
[192.0, 48.0, 958.0, 622.0]
[224.0, 96.0, 991.0, 671.0]
[208.0, 0.0, 976.0, 576.0]
[208.0, 16.0, 977.0, 593.0]
[192.0, 0.0, 962.0, 578.0]
[112.0, 0.0, 883.0, 578.0]
[192.0, 16.0, 964.0, 595.0]
[208.0, 96.0, 981.0, 676.0]
[192.0, 0.0, 966.0, 580.0]
[208.0, 16.0, 983.0, 597.0]
[208.0, 32.0, 984.0, 614.0]
[176.0, 48.0, 953.0, 631.0]
[240.0, 64.0, 1018.0, 648.0]
[160.0, 32.0, 939.0, 616.0]
[176.0, 64.0, 956.0, 649.0]
[176.0, 64.0, 957.0, 650.0]
[208.0, 80.0, 990.0, 666.0]
[160.0, 32.0, 943.0, 619.0]
[144.0, 16.0, 928.0, 604.0]
[144.0, 0.0, 929.0, 589.0]
[208.0, 48.0, 994.0, 638.0]
[192.0, 16.0, 979.0, 606.0]
[192.0, 64.0, 980.0, 655.0]
[224.0, 32.0, 1013.0, 624.0]
[176.0, 32.0, 966.0, 624.0]
[192.0, 64.0, 983.0, 657.0]
[208.0, 32.0, 1000.0, 626.0]
[192.0, 80.0, 985.0, 675.0]
[208.0, 48.0, 1002.0, 644.0]
[160.0, 32.0, 955.0, 628.0]
[192.0, 16.0, 988.0, 613.0]
[192.0, 0.0, 989.0, 598.0]
[208.0, 32.0, 1006.0, 630.0]
[144.0, 48.0, 943.0, 647.0]
[224.0, 48.0, 1024.0, 648.0]
[176.0, 48.0, 977.0, 649.0]
[208.0, 16.0, 1010.0, 618.0]
[160.0, 0.0, 963.0, 602.0]
[176.0, 80.0, 980.0, 683.0]
[144.0, 48.0, 949.0, 652.0]
[112.0, 0.0, 918.0, 604.0]
[192.0, 16.0, 999.0, 621.0]
[208.0, 32.0, 1016.0, 638.0]
[160.0, 0.0, 969.0, 607.0]
[192.0, 16.0, 1002.0, 624.0]
[192.0, 64.0, 1003.0, 672.0]
[112.0, 0.0, 924.0, 609.0]
[176.0, 64.0, 989.0, 674.0]
[176.0, 48.0, 990.0, 658.0]
[208.0, 64.0, 1023.0, 675.0]
[160.0, 64.0, 976.0, 676.0]
[128.0, 16.0, 945.0, 629.0]
[128.0, 0.0, 946.0, 614.0]
[192.0, 16.0, 1011.0, 630.0]
[192.0, 48.0, 1012.0, 663.0]
[128.0, 48.0, 949.0, 664.0]
[176.0, 16.0, 998.0, 632.0]
[128.0, 16.0, 951.0, 633.0]
[144.0, 0.0, 968.0, 618.0]
[128.0, 0.0, 953.0, 619.0]
[128.0, 16.0, 954.0, 636.0]
[176.0, 16.0, 1003.0, 636.0]
[176.0, 32.0, 1004.0, 653.0]
[144.0, 32.0, 973.0, 654.0]
[176.0, 16.0, 1006.0, 638.0]
[176.0, 32.0, 1007.0, 655.0]
[112.0, 32.0, 944.0, 656.0]
[112.0, 16.0, 945.0, 641.0]
[144.0, 32.0, 978.0, 658.0]
[128.0, 16.0, 963.0, 642.0]
[160.0, 48.0, 996.0, 675.0]
[144.0, 16.0, 981.0, 644.0]
[160.0, 48.0, 998.0, 676.0]
[128.0, 16.0, 967.0, 645.0]
[144.0, 0.0, 984.0, 630.0]
[176.0, 0.0, 1017.0, 631.0]
[144.0, 0.0, 986.0, 632.0]
[176.0, 16.0, 1019.0, 648.0]
[144.0, 0.0, 988.0, 633.0]
[160.0, 16.0, 1005.0, 650.0]
[128.0, 32.0, 974.0, 666.0]
[128.0, 0.0, 975.0, 635.0]
[160.0, 0.0, 1008.0, 636.0]
[128.0, 16.0, 977.0, 653.0]
[128.0, 32.0, 978.0, 670.0]
[160.0, 0.0, 1011.0, 638.0]
[128.0, 16.0, 980.0, 655.0]
[128.0, 32.0, 981.0, 672.0]
[160.0, 32.0, 1014.0, 672.0]
[112.0, 0.0, 967.0, 641.0]
[128.0, 32.0, 984.0, 674.0]
[144.0, 32.0, 1001.0, 675.0]
[160.0, 32.0, 1018.0, 676.0]
[112.0, 16.0, 971.0, 660.0]
[112.0, 0.0, 972.0, 645.0]
[128.0, 0.0, 989.0, 646.0]
[160.0, 0.0, 1022.0, 646.0]
[160.0, 32.0, 1023.0, 679.0]
[128.0, 32.0, 992.0, 680.0]
[144.0, 0.0, 1009.0, 649.0]
[112.0, 16.0, 978.0, 666.0]
[144.0, 16.0, 1011.0, 666.0]
[144.0, 32.0, 1012.0, 683.0]
[112.0, 0.0, 981.0, 652.0]
[112.0, 32.0, 982.0, 684.0]
[128.0, 16.0, 999.0, 669.0]
[144.0, 32.0, 1016.0, 686.0]
[128.0, 0.0, 1001.0, 655.0]
[112.0, 0.0, 986.0, 656.0]
[112.0, 0.0, 987.0, 656.0]
[112.0, 0.0, 988.0, 657.0]
[128.0, 16.0, 1005.0, 674.0]
[128.0, 0.0, 1006.0, 658.0]
[144.0, 0.0, 1023.0, 659.0]
[144.0, 0.0, 1024.0, 660.0]
[112.0, 0.0, 993.0, 661.0]
