[208.0, 16.0, 925.0, 554.0]
[256.0, 0.0, 974.0, 538.0]
[272.0, 32.0, 991.0, 571.0]
[176.0, 0.0, 896.0, 540.0]
[224.0, 0.0, 945.0, 541.0]
[160.0, 16.0, 882.0, 558.0]
[208.0, 16.0, 931.0, 558.0]
[256.0, 32.0, 980.0, 575.0]
[176.0, 32.0, 901.0, 576.0]
[240.0, 32.0, 966.0, 576.0]
[272.0, 0.0, 999.0, 545.0]
[272.0, 16.0, 1000.0, 562.0]
[224.0, 0.0, 953.0, 547.0]
[160.0, 0.0, 890.0, 548.0]
[192.0, 16.0, 923.0, 564.0]
[208.0, 0.0, 940.0, 549.0]
[272.0, 0.0, 1005.0, 550.0]
[160.0, 16.0, 894.0, 566.0]
[224.0, 16.0, 959.0, 567.0]
[192.0, 16.0, 928.0, 568.0]
[144.0, 16.0, 881.0, 569.0]
[192.0, 0.0, 930.0, 554.0]
[224.0, 0.0, 963.0, 554.0]
[272.0, 16.0, 1012.0, 571.0]
[192.0, 16.0, 933.0, 572.0]
[160.0, 16.0, 902.0, 572.0]
[224.0, 0.0, 967.0, 557.0]
[224.0, 0.0, 968.0, 558.0]
[272.0, 16.0, 1017.0, 575.0]
[160.0, 0.0, 906.0, 560.0]
[144.0, 16.0, 891.0, 576.0]
[176.0, 0.0, 924.0, 561.0]
[272.0, 0.0, 1021.0, 562.0]
[224.0, 0.0, 974.0, 562.0]
[272.0, 0.0, 1023.0, 563.0]
[144.0, 0.0, 896.0, 564.0]
[208.0, 0.0, 961.0, 565.0]
[224.0, 0.0, 978.0, 566.0]
[176.0, 0.0, 931.0, 566.0]
[256.0, 0.0, 1012.0, 567.0]
[256.0, 0.0, 1013.0, 568.0]
[144.0, 0.0, 902.0, 568.0]
[144.0, 0.0, 903.0, 569.0]
[192.0, 0.0, 952.0, 570.0]
[240.0, 0.0, 1001.0, 571.0]
[160.0, 0.0, 922.0, 572.0]
[160.0, 0.0, 923.0, 572.0]
[256.0, 0.0, 1020.0, 573.0]
[160.0, 0.0, 925.0, 574.0]
[224.0, 0.0, 990.0, 574.0]
[176.0, 0.0, 943.0, 575.0]
[160.0, 0.0, 928.0, 576.0]
