[64.0, 64.0, 781.0, 602.0]
[176.0, 96.0, 894.0, 634.0]
[112.0, 112.0, 831.0, 651.0]
[96.0, 96.0, 816.0, 636.0]
[160.0, 80.0, 881.0, 621.0]
[144.0, 64.0, 866.0, 606.0]
[160.0, 96.0, 883.0, 638.0]
[80.0, 96.0, 804.0, 639.0]
[96.0, 128.0, 821.0, 672.0]
[112.0, 64.0, 838.0, 608.0]
[160.0, 80.0, 887.0, 625.0]
[96.0, 80.0, 824.0, 626.0]
[80.0, 128.0, 809.0, 675.0]
[144.0, 80.0, 874.0, 628.0]
[144.0, 64.0, 875.0, 612.0]
[144.0, 128.0, 876.0, 677.0]
[32.0, 96.0, 765.0, 646.0]
[128.0, 64.0, 862.0, 614.0]
[112.0, 96.0, 847.0, 647.0]
[80.0, 64.0, 816.0, 616.0]
[128.0, 32.0, 865.0, 585.0]
[80.0, 80.0, 818.0, 634.0]
[128.0, 32.0, 867.0, 586.0]
[80.0, 96.0, 820.0, 651.0]
[160.0, 64.0, 901.0, 620.0]
[96.0, 32.0, 838.0, 588.0]
[80.0, 64.0, 823.0, 621.0]
[160.0, 32.0, 904.0, 590.0]
[112.0, 80.0, 857.0, 639.0]
[128.0, 112.0, 874.0, 672.0]
[128.0, 64.0, 875.0, 624.0]
[32.0, 80.0, 780.0, 641.0]
[160.0, 64.0, 909.0, 626.0]
[96.0, 32.0, 846.0, 594.0]
[112.0, 112.0, 863.0, 675.0]
[48.0, 80.0, 800.0, 644.0]
[112.0, 80.0, 865.0, 645.0]
[64.0, 96.0, 818.0, 662.0]
[112.0, 96.0, 867.0, 662.0]
[48.0, 48.0, 804.0, 615.0]
[128.0, 48.0, 885.0, 616.0]
[96.0, 32.0, 854.0, 600.0]
[112.0, 64.0, 871.0, 633.0]
[96.0, 80.0, 856.0, 650.0]
[80.0, 16.0, 841.0, 587.0]
[128.0, 64.0, 890.0, 636.0]
[112.0, 32.0, 875.0, 604.0]
[80.0, 64.0, 844.0, 637.0]
[64.0, 32.0, 829.0, 606.0]
[48.0, 32.0, 814.0, 606.0]
[128.0, 96.0, 895.0, 671.0]
[96.0, 32.0, 864.0, 608.0]
[80.0, 32.0, 849.0, 609.0]
[32.0, 64.0, 802.0, 642.0]
[80.0, 16.0, 851.0, 594.0]
[96.0, 48.0, 868.0, 627.0]
[96.0, 32.0, 869.0, 612.0]
[32.0, 32.0, 806.0, 612.0]
[128.0, 80.0, 903.0, 661.0]
[112.0, 32.0, 888.0, 614.0]
[48.0, 48.0, 825.0, 631.0]
[48.0, 48.0, 826.0, 632.0]
[96.0, 48.0, 875.0, 632.0]
[128.0, 64.0, 908.0, 649.0]
[64.0, 32.0, 845.0, 618.0]
[64.0, 0.0, 846.0, 586.0]
[48.0, 80.0, 831.0, 667.0]
[96.0, 0.0, 880.0, 588.0]
[32.0, 64.0, 817.0, 653.0]
[48.0, 32.0, 834.0, 622.0]
[48.0, 32.0, 835.0, 622.0]
[96.0, 0.0, 884.0, 591.0]
[80.0, 64.0, 869.0, 656.0]
[80.0, 32.0, 870.0, 624.0]
[32.0, 80.0, 823.0, 673.0]
[80.0, 32.0, 872.0, 626.0]
[96.0, 80.0, 889.0, 675.0]
[32.0, 80.0, 826.0, 676.0]
[96.0, 32.0, 891.0, 628.0]
[64.0, 0.0, 860.0, 597.0]
[48.0, 80.0, 845.0, 678.0]
[80.0, 80.0, 878.0, 678.0]
[48.0, 48.0, 847.0, 647.0]
[32.0, 0.0, 832.0, 600.0]
[96.0, 48.0, 897.0, 649.0]
[80.0, 16.0, 882.0, 618.0]
[96.0, 64.0, 899.0, 666.0]
[80.0, 16.0, 884.0, 619.0]
[48.0, 0.0, 853.0, 604.0]
[64.0, 16.0, 870.0, 620.0]
[96.0, 32.0, 903.0, 637.0]
[64.0, 64.0, 872.0, 670.0]
[96.0, 64.0, 905.0, 671.0]
[64.0, 0.0, 874.0, 608.0]
[80.0, 16.0, 891.0, 624.0]
[64.0, 32.0, 876.0, 641.0]
[48.0, 32.0, 861.0, 642.0]
[64.0, 16.0, 878.0, 626.0]
[80.0, 0.0, 895.0, 611.0]
[48.0, 32.0, 864.0, 644.0]
[64.0, 64.0, 881.0, 677.0]
[80.0, 16.0, 898.0, 630.0]
[80.0, 64.0, 899.0, 678.0]
[80.0, 32.0, 900.0, 647.0]
[64.0, 0.0, 885.0, 616.0]
[64.0, 0.0, 886.0, 616.0]
[64.0, 16.0, 887.0, 633.0]
[80.0, 48.0, 904.0, 666.0]
[48.0, 0.0, 873.0, 619.0]
[48.0, 0.0, 874.0, 620.0]
[64.0, 48.0, 891.0, 668.0]
[48.0, 32.0, 876.0, 653.0]
[48.0, 48.0, 877.0, 670.0]
[48.0, 16.0, 878.0, 638.0]
[64.0, 32.0, 895.0, 655.0]
[48.0, 32.0, 880.0, 656.0]
[48.0, 0.0, 881.0, 625.0]
[48.0, 0.0, 882.0, 626.0]
[48.0, 48.0, 883.0, 674.0]
[64.0, 16.0, 900.0, 643.0]
[48.0, 16.0, 885.0, 644.0]
[64.0, 0.0, 902.0, 628.0]
[48.0, 0.0, 887.0, 629.0]
[48.0, 16.0, 888.0, 646.0]
[48.0, 32.0, 889.0, 663.0]
[48.0, 0.0, 890.0, 632.0]
[48.0, 0.0, 891.0, 632.0]
[48.0, 0.0, 892.0, 633.0]
[48.0, 32.0, 893.0, 666.0]
[48.0, 0.0, 894.0, 634.0]
[48.0, 16.0, 895.0, 651.0]
[48.0, 0.0, 896.0, 636.0]
[48.0, 32.0, 897.0, 669.0]
[48.0, 32.0, 898.0, 670.0]
[48.0, 32.0, 899.0, 670.0]
[48.0, 32.0, 900.0, 671.0]
