[224.0, 96.0, 941.0, 634.0]
[48.0, 64.0, 766.0, 602.0]
[240.0, 64.0, 959.0, 603.0]
[240.0, 96.0, 960.0, 636.0]
[224.0, 64.0, 945.0, 605.0]
[256.0, 80.0, 978.0, 622.0]
[64.0, 64.0, 787.0, 606.0]
[112.0, 80.0, 836.0, 623.0]
[96.0, 96.0, 821.0, 640.0]
[32.0, 96.0, 758.0, 640.0]
[240.0, 112.0, 967.0, 657.0]
[240.0, 96.0, 968.0, 642.0]
[48.0, 80.0, 777.0, 627.0]
[112.0, 64.0, 842.0, 612.0]
[96.0, 96.0, 827.0, 644.0]
[160.0, 64.0, 892.0, 613.0]
[64.0, 80.0, 797.0, 630.0]
[224.0, 112.0, 958.0, 662.0]
[80.0, 112.0, 815.0, 663.0]
[80.0, 64.0, 816.0, 616.0]
[176.0, 80.0, 913.0, 633.0]
[32.0, 64.0, 770.0, 618.0]
[256.0, 48.0, 995.0, 602.0]
[192.0, 64.0, 932.0, 619.0]
[80.0, 48.0, 821.0, 604.0]
[64.0, 112.0, 806.0, 668.0]
[256.0, 96.0, 999.0, 653.0]
[176.0, 80.0, 920.0, 638.0]
[240.0, 96.0, 985.0, 655.0]
[176.0, 80.0, 922.0, 640.0]
[48.0, 112.0, 795.0, 672.0]
[160.0, 112.0, 908.0, 673.0]
[32.0, 48.0, 781.0, 610.0]
[208.0, 112.0, 958.0, 674.0]
[176.0, 48.0, 927.0, 611.0]
[208.0, 48.0, 960.0, 612.0]
[144.0, 64.0, 897.0, 629.0]
[48.0, 64.0, 802.0, 630.0]
[128.0, 64.0, 883.0, 630.0]
[96.0, 96.0, 852.0, 663.0]
[144.0, 96.0, 901.0, 664.0]
[48.0, 112.0, 806.0, 680.0]
[224.0, 112.0, 983.0, 681.0]
[96.0, 48.0, 856.0, 618.0]
[32.0, 64.0, 793.0, 635.0]
[160.0, 32.0, 922.0, 604.0]
[64.0, 96.0, 827.0, 668.0]
[112.0, 48.0, 876.0, 621.0]
[32.0, 32.0, 797.0, 606.0]
[128.0, 96.0, 894.0, 670.0]
[112.0, 80.0, 879.0, 655.0]
[176.0, 96.0, 944.0, 672.0]
[80.0, 16.0, 849.0, 593.0]
[208.0, 80.0, 978.0, 658.0]
[192.0, 48.0, 963.0, 626.0]
[192.0, 48.0, 964.0, 627.0]
[208.0, 96.0, 981.0, 676.0]
[48.0, 112.0, 822.0, 692.0]
[176.0, 96.0, 951.0, 677.0]
[80.0, 112.0, 856.0, 694.0]
[160.0, 48.0, 937.0, 631.0]
[112.0, 112.0, 890.0, 696.0]
[224.0, 96.0, 1003.0, 680.0]
[80.0, 96.0, 860.0, 681.0]
[224.0, 96.0, 1005.0, 682.0]
[208.0, 64.0, 990.0, 650.0]
[48.0, 112.0, 831.0, 699.0]
[96.0, 32.0, 880.0, 620.0]
[48.0, 48.0, 833.0, 637.0]
[16.0, 96.0, 802.0, 686.0]
[192.0, 16.0, 979.0, 606.0]
[80.0, 0.0, 868.0, 591.0]
[208.0, 16.0, 997.0, 608.0]
[176.0, 0.0, 966.0, 592.0]
[192.0, 96.0, 983.0, 689.0]
[64.0, 96.0, 856.0, 690.0]
[96.0, 96.0, 889.0, 691.0]
[208.0, 96.0, 1002.0, 692.0]
[144.0, 64.0, 939.0, 660.0]
[64.0, 112.0, 860.0, 709.0]
[128.0, 112.0, 925.0, 710.0]
[112.0, 32.0, 910.0, 630.0]
[112.0, 96.0, 911.0, 695.0]
[64.0, 112.0, 864.0, 712.0]
[112.0, 80.0, 913.0, 681.0]
[160.0, 48.0, 962.0, 650.0]
[64.0, 0.0, 867.0, 602.0]
[176.0, 16.0, 980.0, 619.0]
[64.0, 64.0, 869.0, 668.0]
[112.0, 112.0, 918.0, 716.0]
[192.0, 32.0, 999.0, 637.0]
[16.0, 96.0, 824.0, 702.0]
[64.0, 112.0, 873.0, 719.0]
[48.0, 112.0, 858.0, 720.0]
[160.0, 96.0, 971.0, 704.0]
[112.0, 96.0, 924.0, 705.0]
[128.0, 32.0, 941.0, 642.0]
[64.0, 48.0, 878.0, 658.0]
[32.0, 64.0, 847.0, 675.0]
[160.0, 48.0, 976.0, 660.0]
[48.0, 48.0, 865.0, 661.0]
[96.0, 48.0, 914.0, 662.0]
[160.0, 48.0, 979.0, 662.0]
[128.0, 112.0, 948.0, 727.0]
[16.0, 48.0, 837.0, 664.0]
[16.0, 32.0, 838.0, 648.0]
[112.0, 64.0, 935.0, 681.0]
[80.0, 96.0, 904.0, 714.0]
[48.0, 112.0, 873.0, 731.0]
[48.0, 16.0, 874.0, 636.0]
[64.0, 0.0, 891.0, 620.0]
[112.0, 0.0, 940.0, 621.0]
[48.0, 48.0, 877.0, 670.0]
[112.0, 64.0, 942.0, 686.0]
[96.0, 32.0, 927.0, 655.0]
[128.0, 96.0, 960.0, 720.0]
[48.0, 96.0, 881.0, 721.0]
[64.0, 16.0, 898.0, 642.0]
[160.0, 80.0, 995.0, 706.0]
[64.0, 64.0, 900.0, 691.0]
[112.0, 48.0, 949.0, 676.0]
[144.0, 16.0, 982.0, 644.0]
[160.0, 16.0, 999.0, 645.0]
[48.0, 64.0, 888.0, 694.0]
[96.0, 64.0, 937.0, 695.0]
[144.0, 48.0, 986.0, 680.0]
[112.0, 80.0, 955.0, 712.0]
[64.0, 96.0, 908.0, 729.0]
[80.0, 96.0, 925.0, 730.0]
[112.0, 32.0, 958.0, 666.0]
[16.0, 0.0, 863.0, 635.0]
[80.0, 96.0, 928.0, 732.0]
[144.0, 0.0, 993.0, 637.0]
[16.0, 64.0, 866.0, 702.0]
[112.0, 80.0, 963.0, 718.0]
[48.0, 64.0, 900.0, 703.0]
[32.0, 64.0, 885.0, 704.0]
[112.0, 48.0, 966.0, 688.0]
[144.0, 16.0, 999.0, 657.0]
[80.0, 0.0, 936.0, 642.0]
[64.0, 96.0, 921.0, 739.0]
[96.0, 96.0, 954.0, 740.0]
[80.0, 112.0, 939.0, 756.0]
[80.0, 48.0, 940.0, 693.0]
[112.0, 64.0, 973.0, 710.0]
[48.0, 96.0, 910.0, 742.0]
[48.0, 96.0, 911.0, 743.0]
[64.0, 112.0, 928.0, 760.0]
[64.0, 48.0, 929.0, 697.0]
[16.0, 48.0, 882.0, 698.0]
[128.0, 64.0, 995.0, 714.0]
[96.0, 0.0, 964.0, 651.0]
[80.0, 80.0, 949.0, 732.0]
[64.0, 48.0, 934.0, 700.0]
[64.0, 16.0, 935.0, 669.0]
[16.0, 64.0, 888.0, 718.0]
[128.0, 32.0, 1001.0, 687.0]
[64.0, 112.0, 938.0, 768.0]
[96.0, 64.0, 971.0, 720.0]
[128.0, 16.0, 1004.0, 673.0]
[128.0, 80.0, 1005.0, 738.0]
[16.0, 32.0, 894.0, 690.0]
[16.0, 80.0, 895.0, 739.0]
[16.0, 96.0, 896.0, 756.0]
[80.0, 96.0, 961.0, 757.0]
[48.0, 64.0, 930.0, 726.0]
[48.0, 0.0, 931.0, 662.0]
[96.0, 0.0, 980.0, 663.0]
[48.0, 16.0, 933.0, 680.0]
[48.0, 32.0, 934.0, 696.0]
[48.0, 80.0, 935.0, 745.0]
[48.0, 80.0, 936.0, 746.0]
[112.0, 32.0, 1001.0, 699.0]
[32.0, 64.0, 922.0, 732.0]
[96.0, 32.0, 987.0, 700.0]
[64.0, 32.0, 956.0, 701.0]
[96.0, 32.0, 989.0, 702.0]
[112.0, 64.0, 1006.0, 734.0]
[112.0, 80.0, 1007.0, 751.0]
[96.0, 96.0, 992.0, 768.0]
[48.0, 80.0, 945.0, 753.0]
[64.0, 16.0, 962.0, 690.0]
[48.0, 48.0, 947.0, 722.0]
[32.0, 0.0, 932.0, 675.0]
[64.0, 64.0, 965.0, 740.0]
[64.0, 80.0, 966.0, 756.0]
[96.0, 80.0, 999.0, 757.0]
[96.0, 16.0, 1000.0, 694.0]
[32.0, 0.0, 937.0, 679.0]
[32.0, 48.0, 938.0, 728.0]
[64.0, 80.0, 971.0, 760.0]
[64.0, 32.0, 972.0, 713.0]
[32.0, 80.0, 941.0, 762.0]
[64.0, 16.0, 974.0, 698.0]
[80.0, 16.0, 991.0, 699.0]
[80.0, 80.0, 992.0, 764.0]
[80.0, 48.0, 993.0, 733.0]
[32.0, 0.0, 946.0, 686.0]
[48.0, 80.0, 963.0, 766.0]
[32.0, 16.0, 948.0, 703.0]
[80.0, 48.0, 997.0, 736.0]
[48.0, 48.0, 966.0, 736.0]
[48.0, 0.0, 967.0, 689.0]
[48.0, 0.0, 968.0, 690.0]
[32.0, 64.0, 953.0, 755.0]
[48.0, 0.0, 970.0, 692.0]
[80.0, 64.0, 1003.0, 756.0]
[32.0, 48.0, 956.0, 741.0]
[64.0, 64.0, 989.0, 758.0]
[64.0, 48.0, 990.0, 742.0]
[48.0, 32.0, 975.0, 727.0]
[64.0, 32.0, 992.0, 728.0]
[48.0, 16.0, 977.0, 713.0]
[64.0, 0.0, 994.0, 698.0]
[64.0, 64.0, 995.0, 762.0]
[48.0, 16.0, 980.0, 715.0]
[64.0, 32.0, 997.0, 732.0]
[48.0, 0.0, 982.0, 700.0]
[48.0, 32.0, 983.0, 733.0]
[48.0, 32.0, 984.0, 734.0]
[64.0, 48.0, 1001.0, 751.0]
[48.0, 64.0, 986.0, 768.0]
[32.0, 16.0, 971.0, 720.0]
[48.0, 32.0, 988.0, 737.0]
[48.0, 16.0, 989.0, 722.0]
[32.0, 0.0, 974.0, 706.0]
[48.0, 0.0, 991.0, 707.0]
[32.0, 16.0, 976.0, 724.0]
[48.0, 32.0, 993.0, 741.0]
[48.0, 48.0, 994.0, 758.0]
[32.0, 16.0, 979.0, 726.0]
[32.0, 48.0, 980.0, 759.0]
[48.0, 48.0, 997.0, 760.0]
[32.0, 48.0, 982.0, 760.0]
[48.0, 48.0, 999.0, 761.0]
[32.0, 48.0, 984.0, 762.0]
[32.0, 16.0, 985.0, 731.0]
[32.0, 48.0, 986.0, 764.0]
[32.0, 32.0, 987.0, 748.0]
[32.0, 0.0, 988.0, 717.0]
[32.0, 48.0, 989.0, 766.0]
