[224.0, 64.0, 941.0, 602.0]
[240.0, 160.0, 958.0, 698.0]
[224.0, 128.0, 943.0, 667.0]
[240.0, 64.0, 960.0, 604.0]
[256.0, 80.0, 977.0, 621.0]
[224.0, 80.0, 946.0, 622.0]
[224.0, 112.0, 947.0, 654.0]
[240.0, 160.0, 964.0, 703.0]
[240.0, 144.0, 965.0, 688.0]
[208.0, 128.0, 934.0, 672.0]
[256.0, 160.0, 983.0, 705.0]
[272.0, 144.0, 1000.0, 690.0]
[192.0, 128.0, 921.0, 675.0]
[272.0, 144.0, 1002.0, 692.0]
[272.0, 48.0, 1003.0, 596.0]
[192.0, 48.0, 924.0, 597.0]
[240.0, 64.0, 973.0, 614.0]
[208.0, 128.0, 942.0, 678.0]
[192.0, 128.0, 927.0, 679.0]
[224.0, 144.0, 960.0, 696.0]
[224.0, 112.0, 961.0, 665.0]
[256.0, 176.0, 994.0, 730.0]
[208.0, 176.0, 947.0, 730.0]
[240.0, 112.0, 980.0, 667.0]
[256.0, 160.0, 997.0, 716.0]
[224.0, 32.0, 966.0, 588.0]
[176.0, 112.0, 919.0, 669.0]
[256.0, 80.0, 1000.0, 638.0]
[272.0, 96.0, 1017.0, 655.0]
[208.0, 16.0, 954.0, 576.0]
[224.0, 160.0, 971.0, 720.0]
[256.0, 160.0, 1004.0, 721.0]
[224.0, 112.0, 973.0, 674.0]
[192.0, 112.0, 942.0, 674.0]
[224.0, 80.0, 975.0, 643.0]
[240.0, 32.0, 992.0, 596.0]
[240.0, 144.0, 993.0, 709.0]
[208.0, 96.0, 962.0, 662.0]
[176.0, 96.0, 931.0, 662.0]
[224.0, 96.0, 980.0, 663.0]
[208.0, 96.0, 965.0, 664.0]
[160.0, 160.0, 918.0, 728.0]
[208.0, 112.0, 967.0, 681.0]
[208.0, 128.0, 968.0, 698.0]
[176.0, 144.0, 937.0, 715.0]
[224.0, 80.0, 986.0, 652.0]
[256.0, 80.0, 1019.0, 652.0]
[208.0, 160.0, 972.0, 733.0]
[224.0, 112.0, 989.0, 686.0]
[176.0, 48.0, 942.0, 622.0]
[240.0, 96.0, 1007.0, 671.0]
[224.0, 48.0, 992.0, 624.0]
[176.0, 80.0, 945.0, 657.0]
[192.0, 32.0, 962.0, 610.0]
[176.0, 32.0, 947.0, 610.0]
[192.0, 64.0, 964.0, 643.0]
[144.0, 32.0, 917.0, 612.0]
[160.0, 64.0, 934.0, 644.0]
[208.0, 160.0, 983.0, 741.0]
[224.0, 96.0, 1000.0, 678.0]
[144.0, 112.0, 921.0, 695.0]
[208.0, 64.0, 986.0, 648.0]
[176.0, 96.0, 955.0, 680.0]
[176.0, 96.0, 956.0, 681.0]
[224.0, 32.0, 1005.0, 618.0]
[176.0, 48.0, 958.0, 634.0]
[224.0, 144.0, 1007.0, 731.0]
[176.0, 160.0, 960.0, 748.0]
[160.0, 64.0, 945.0, 653.0]
[128.0, 112.0, 914.0, 702.0]
[208.0, 176.0, 995.0, 766.0]
[144.0, 80.0, 932.0, 671.0]
[176.0, 144.0, 965.0, 736.0]
[208.0, 96.0, 998.0, 688.0]
[128.0, 48.0, 919.0, 641.0]
[208.0, 160.0, 1000.0, 754.0]
[128.0, 112.0, 921.0, 707.0]
[224.0, 160.0, 1018.0, 756.0]
[144.0, 32.0, 939.0, 628.0]
[128.0, 144.0, 924.0, 741.0]
[128.0, 64.0, 925.0, 662.0]
[144.0, 64.0, 942.0, 662.0]
[176.0, 160.0, 975.0, 759.0]
[208.0, 80.0, 1008.0, 680.0]
[208.0, 80.0, 1009.0, 681.0]
[208.0, 112.0, 1010.0, 714.0]
[176.0, 144.0, 979.0, 746.0]
[128.0, 32.0, 932.0, 635.0]
[128.0, 112.0, 933.0, 716.0]
[160.0, 64.0, 966.0, 668.0]
[144.0, 32.0, 951.0, 637.0]
[144.0, 112.0, 952.0, 718.0]
[160.0, 32.0, 969.0, 639.0]
[176.0, 96.0, 986.0, 704.0]
[208.0, 160.0, 1019.0, 768.0]
[144.0, 128.0, 956.0, 737.0]
[160.0, 32.0, 973.0, 642.0]
[192.0, 64.0, 1006.0, 674.0]
[112.0, 128.0, 927.0, 739.0]
[112.0, 112.0, 928.0, 724.0]
[192.0, 32.0, 1009.0, 645.0]
[160.0, 16.0, 978.0, 630.0]
[96.0, 64.0, 915.0, 678.0]
[112.0, 112.0, 932.0, 727.0]
[112.0, 96.0, 933.0, 712.0]
[128.0, 32.0, 950.0, 648.0]
[112.0, 16.0, 935.0, 633.0]
[128.0, 32.0, 952.0, 650.0]
[176.0, 48.0, 1001.0, 667.0]
[96.0, 96.0, 922.0, 716.0]
[112.0, 80.0, 939.0, 700.0]
[192.0, 144.0, 1020.0, 765.0]
[176.0, 144.0, 1005.0, 766.0]
[128.0, 144.0, 958.0, 766.0]
[160.0, 0.0, 991.0, 623.0]
[96.0, 96.0, 928.0, 720.0]
[160.0, 32.0, 993.0, 657.0]
[144.0, 80.0, 978.0, 706.0]
[96.0, 32.0, 931.0, 658.0]
[128.0, 64.0, 964.0, 691.0]
[80.0, 48.0, 917.0, 676.0]
[144.0, 32.0, 982.0, 660.0]
[128.0, 80.0, 967.0, 709.0]
[176.0, 32.0, 1016.0, 662.0]
[160.0, 96.0, 1001.0, 727.0]
[112.0, 16.0, 954.0, 648.0]
[80.0, 96.0, 923.0, 728.0]
[176.0, 32.0, 1020.0, 665.0]
[96.0, 32.0, 941.0, 666.0]
[128.0, 80.0, 974.0, 714.0]
[144.0, 16.0, 991.0, 651.0]
[160.0, 112.0, 1008.0, 748.0]
[80.0, 80.0, 929.0, 717.0]
[96.0, 16.0, 946.0, 654.0]
[128.0, 0.0, 979.0, 638.0]
[96.0, 112.0, 948.0, 751.0]
[112.0, 64.0, 965.0, 704.0]
[112.0, 96.0, 966.0, 736.0]
[80.0, 80.0, 935.0, 721.0]
[160.0, 112.0, 1016.0, 754.0]
[144.0, 0.0, 1001.0, 643.0]
[112.0, 48.0, 970.0, 692.0]
[112.0, 16.0, 971.0, 660.0]
[144.0, 96.0, 1004.0, 741.0]
[144.0, 96.0, 1005.0, 742.0]
[144.0, 16.0, 1006.0, 662.0]
[80.0, 112.0, 943.0, 759.0]
[160.0, 80.0, 1024.0, 728.0]
[144.0, 112.0, 1009.0, 761.0]
[96.0, 96.0, 962.0, 746.0]
[144.0, 80.0, 1011.0, 730.0]
[64.0, 64.0, 932.0, 715.0]
[96.0, 48.0, 965.0, 700.0]
[96.0, 96.0, 966.0, 748.0]
[128.0, 80.0, 999.0, 733.0]
[80.0, 64.0, 952.0, 718.0]
[48.0, 80.0, 921.0, 735.0]
[112.0, 0.0, 986.0, 656.0]
[112.0, 16.0, 987.0, 672.0]
[128.0, 64.0, 1004.0, 721.0]
[112.0, 80.0, 989.0, 738.0]
[112.0, 64.0, 990.0, 722.0]
[128.0, 32.0, 1007.0, 691.0]
[48.0, 64.0, 928.0, 724.0]
[80.0, 16.0, 961.0, 677.0]
[64.0, 64.0, 946.0, 726.0]
[64.0, 96.0, 947.0, 758.0]
[96.0, 80.0, 980.0, 743.0]
[112.0, 80.0, 997.0, 744.0]
[128.0, 32.0, 1014.0, 696.0]
[80.0, 80.0, 967.0, 745.0]
[112.0, 0.0, 1000.0, 666.0]
[128.0, 80.0, 1017.0, 747.0]
[48.0, 80.0, 938.0, 748.0]
[112.0, 80.0, 1003.0, 748.0]
[112.0, 48.0, 1004.0, 717.0]
[80.0, 48.0, 973.0, 718.0]
[64.0, 96.0, 958.0, 766.0]
[48.0, 32.0, 943.0, 703.0]
[48.0, 80.0, 944.0, 752.0]
[48.0, 32.0, 945.0, 705.0]
[48.0, 80.0, 946.0, 754.0]
[32.0, 16.0, 931.0, 690.0]
[96.0, 0.0, 996.0, 675.0]
[48.0, 80.0, 949.0, 756.0]
[48.0, 64.0, 950.0, 740.0]
[16.0, 32.0, 919.0, 709.0]
[64.0, 64.0, 968.0, 742.0]
[48.0, 64.0, 953.0, 743.0]
[32.0, 16.0, 938.0, 696.0]
[112.0, 48.0, 1019.0, 728.0]
[48.0, 32.0, 956.0, 713.0]
[96.0, 48.0, 1005.0, 730.0]
[96.0, 0.0, 1006.0, 682.0]
[64.0, 64.0, 975.0, 747.0]
[16.0, 48.0, 928.0, 732.0]
[80.0, 0.0, 993.0, 685.0]
[48.0, 64.0, 962.0, 750.0]
[48.0, 32.0, 963.0, 718.0]
[32.0, 32.0, 948.0, 719.0]
[64.0, 64.0, 981.0, 752.0]
[16.0, 64.0, 934.0, 752.0]
[32.0, 64.0, 951.0, 753.0]
[32.0, 0.0, 952.0, 690.0]
[80.0, 16.0, 1001.0, 707.0]
[32.0, 48.0, 954.0, 740.0]
[16.0, 32.0, 939.0, 724.0]
[80.0, 48.0, 1004.0, 741.0]
[32.0, 48.0, 957.0, 742.0]
[16.0, 64.0, 942.0, 758.0]
[16.0, 32.0, 943.0, 727.0]
[80.0, 16.0, 1008.0, 712.0]
[48.0, 0.0, 977.0, 697.0]
[32.0, 64.0, 962.0, 762.0]
[64.0, 0.0, 995.0, 698.0]
[80.0, 32.0, 1012.0, 731.0]
[0.0, 32.0, 933.0, 732.0]
[16.0, 48.0, 950.0, 748.0]
[0.0, 32.0, 935.0, 733.0]
[16.0, 16.0, 952.0, 718.0]
[80.0, 32.0, 1017.0, 735.0]
[64.0, 32.0, 1002.0, 736.0]
[16.0, 64.0, 955.0, 768.0]
[0.0, 16.0, 940.0, 721.0]
[0.0, 48.0, 941.0, 754.0]
[0.0, 48.0, 942.0, 754.0]
[48.0, 0.0, 991.0, 707.0]
[80.0, 0.0, 1024.0, 708.0]
[0.0, 48.0, 945.0, 757.0]
[32.0, 32.0, 978.0, 742.0]
[48.0, 16.0, 995.0, 726.0]
[64.0, 48.0, 1012.0, 759.0]
[16.0, 32.0, 965.0, 744.0]
[32.0, 16.0, 982.0, 728.0]
[32.0, 32.0, 983.0, 745.0]
[0.0, 0.0, 952.0, 714.0]
[64.0, 16.0, 1017.0, 731.0]
[64.0, 48.0, 1018.0, 764.0]
[64.0, 0.0, 1019.0, 716.0]
[0.0, 48.0, 956.0, 765.0]
[64.0, 32.0, 1021.0, 750.0]
[64.0, 32.0, 1022.0, 750.0]
[64.0, 48.0, 1023.0, 767.0]
[32.0, 32.0, 992.0, 752.0]
[48.0, 16.0, 1009.0, 737.0]
[32.0, 32.0, 994.0, 754.0]
[32.0, 32.0, 995.0, 754.0]
[16.0, 0.0, 980.0, 723.0]
[32.0, 16.0, 997.0, 740.0]
[32.0, 16.0, 998.0, 740.0]
[0.0, 32.0, 967.0, 757.0]
[48.0, 16.0, 1016.0, 742.0]
[32.0, 0.0, 1001.0, 727.0]
[16.0, 32.0, 986.0, 760.0]
[16.0, 16.0, 987.0, 744.0]
[32.0, 0.0, 1004.0, 729.0]
[16.0, 16.0, 989.0, 746.0]
[16.0, 16.0, 990.0, 746.0]
[16.0, 32.0, 991.0, 763.0]
[32.0, 0.0, 1008.0, 732.0]
[16.0, 0.0, 993.0, 733.0]
[32.0, 0.0, 1010.0, 734.0]
[16.0, 0.0, 995.0, 734.0]
[32.0, 16.0, 1012.0, 751.0]
[16.0, 16.0, 997.0, 752.0]
[32.0, 32.0, 1014.0, 768.0]
[16.0, 16.0, 999.0, 753.0]
[16.0, 0.0, 1000.0, 738.0]
[32.0, 0.0, 1017.0, 739.0]
[0.0, 0.0, 986.0, 740.0]
[32.0, 0.0, 1019.0, 740.0]
[16.0, 0.0, 1004.0, 741.0]
[16.0, 16.0, 1005.0, 758.0]
[32.0, 16.0, 1022.0, 758.0]
[16.0, 0.0, 1007.0, 743.0]
[0.0, 0.0, 992.0, 744.0]
[16.0, 0.0, 1009.0, 745.0]
[0.0, 16.0, 994.0, 762.0]
[16.0, 16.0, 1011.0, 762.0]
[16.0, 0.0, 1012.0, 747.0]
[16.0, 16.0, 1013.0, 764.0]
[0.0, 16.0, 998.0, 764.0]
[16.0, 16.0, 1015.0, 765.0]
[16.0, 16.0, 1016.0, 766.0]
[0.0, 16.0, 1001.0, 767.0]
[0.0, 16.0, 1002.0, 768.0]
[16.0, 0.0, 1019.0, 752.0]
[16.0, 0.0, 1020.0, 753.0]
[0.0, 0.0, 1005.0, 754.0]
[16.0, 0.0, 1022.0, 754.0]
[0.0, 0.0, 1007.0, 755.0]
[0.0, 0.0, 1008.0, 756.0]
[0.0, 0.0, 1009.0, 757.0]
[0.0, 0.0, 1010.0, 758.0]
[0.0, 0.0, 1011.0, 758.0]
[0.0, 0.0, 1012.0, 759.0]
[0.0, 0.0, 1013.0, 760.0]
[0.0, 0.0, 1014.0, 760.0]
