[32.0, 16.0, 749.0, 554.0]
[96.0, 80.0, 814.0, 618.0]
[128.0, 96.0, 847.0, 635.0]
[96.0, 16.0, 816.0, 556.0]
[176.0, 32.0, 897.0, 573.0]
[144.0, 64.0, 866.0, 606.0]
[0.0, 48.0, 723.0, 590.0]
[96.0, 16.0, 820.0, 559.0]
[224.0, 32.0, 949.0, 576.0]
[128.0, 64.0, 854.0, 608.0]
[208.0, 64.0, 935.0, 609.0]
[48.0, 48.0, 776.0, 594.0]
[48.0, 64.0, 777.0, 611.0]
[64.0, 0.0, 794.0, 548.0]
[32.0, 32.0, 763.0, 580.0]
[16.0, 32.0, 748.0, 581.0]
[96.0, 48.0, 829.0, 598.0]
[16.0, 32.0, 750.0, 582.0]
[16.0, 32.0, 751.0, 583.0]
[144.0, 48.0, 880.0, 600.0]
[48.0, 64.0, 785.0, 617.0]
[64.0, 16.0, 802.0, 570.0]
[32.0, 16.0, 771.0, 570.0]
[16.0, 64.0, 756.0, 619.0]
[80.0, 64.0, 821.0, 620.0]
[112.0, 48.0, 854.0, 604.0]
[176.0, 32.0, 919.0, 589.0]
[16.0, 16.0, 760.0, 574.0]
[144.0, 16.0, 889.0, 575.0]
[48.0, 80.0, 794.0, 640.0]
[128.0, 96.0, 875.0, 656.0]
[112.0, 48.0, 860.0, 609.0]
[112.0, 64.0, 861.0, 626.0]
[16.0, 48.0, 766.0, 610.0]
[64.0, 32.0, 815.0, 595.0]
[144.0, 32.0, 896.0, 596.0]
[144.0, 16.0, 897.0, 581.0]
[112.0, 96.0, 866.0, 662.0]
[96.0, 32.0, 851.0, 598.0]
[176.0, 32.0, 932.0, 599.0]
[80.0, 0.0, 837.0, 568.0]
[64.0, 48.0, 822.0, 616.0]
[128.0, 16.0, 887.0, 585.0]
[32.0, 48.0, 792.0, 618.0]
[160.0, 64.0, 921.0, 635.0]
[112.0, 0.0, 874.0, 572.0]
[144.0, 32.0, 907.0, 604.0]
[128.0, 64.0, 892.0, 637.0]
[128.0, 0.0, 893.0, 574.0]
[176.0, 16.0, 942.0, 590.0]
[0.0, 48.0, 767.0, 623.0]
[160.0, 64.0, 928.0, 640.0]
[0.0, 64.0, 769.0, 641.0]
[176.0, 48.0, 946.0, 626.0]
[32.0, 16.0, 803.0, 594.0]
[208.0, 16.0, 980.0, 595.0]
[80.0, 96.0, 853.0, 676.0]
[176.0, 16.0, 950.0, 596.0]
[176.0, 0.0, 951.0, 581.0]
[64.0, 0.0, 840.0, 582.0]
[0.0, 64.0, 777.0, 647.0]
[16.0, 48.0, 794.0, 632.0]
[128.0, 16.0, 907.0, 600.0]
[96.0, 0.0, 876.0, 585.0]
[32.0, 64.0, 813.0, 650.0]
[144.0, 48.0, 926.0, 634.0]
[176.0, 48.0, 959.0, 635.0]
[96.0, 64.0, 880.0, 652.0]
[96.0, 48.0, 881.0, 637.0]
[32.0, 16.0, 818.0, 606.0]
[176.0, 48.0, 963.0, 638.0]
[160.0, 0.0, 948.0, 591.0]
[144.0, 48.0, 933.0, 640.0]
[112.0, 48.0, 902.0, 640.0]
[176.0, 32.0, 967.0, 625.0]
[64.0, 80.0, 856.0, 674.0]
[160.0, 48.0, 953.0, 643.0]
[192.0, 16.0, 986.0, 612.0]
[112.0, 48.0, 907.0, 644.0]
[0.0, 0.0, 796.0, 597.0]
[48.0, 0.0, 845.0, 598.0]
[48.0, 0.0, 846.0, 598.0]
[112.0, 32.0, 911.0, 631.0]
[128.0, 80.0, 928.0, 680.0]
[112.0, 48.0, 913.0, 649.0]
[96.0, 80.0, 898.0, 682.0]
[128.0, 32.0, 931.0, 634.0]
[128.0, 0.0, 932.0, 603.0]
[112.0, 0.0, 917.0, 604.0]
[144.0, 16.0, 950.0, 620.0]
[32.0, 32.0, 839.0, 637.0]
[160.0, 48.0, 968.0, 654.0]
[128.0, 64.0, 937.0, 671.0]
[32.0, 16.0, 842.0, 624.0]
[96.0, 16.0, 907.0, 624.0]
[128.0, 64.0, 940.0, 673.0]
[80.0, 64.0, 893.0, 674.0]
[80.0, 64.0, 894.0, 674.0]
[64.0, 16.0, 879.0, 627.0]
[144.0, 0.0, 960.0, 612.0]
[128.0, 64.0, 945.0, 677.0]
[48.0, 16.0, 866.0, 630.0]
[112.0, 64.0, 931.0, 678.0]
[80.0, 48.0, 900.0, 663.0]
[112.0, 16.0, 933.0, 632.0]
[144.0, 0.0, 966.0, 616.0]
[0.0, 16.0, 823.0, 633.0]
[0.0, 0.0, 824.0, 618.0]
[112.0, 16.0, 937.0, 635.0]
[32.0, 0.0, 858.0, 620.0]
[16.0, 64.0, 843.0, 684.0]
[112.0, 16.0, 940.0, 637.0]
[112.0, 32.0, 941.0, 654.0]
[16.0, 48.0, 846.0, 670.0]
[112.0, 16.0, 943.0, 639.0]
[32.0, 32.0, 864.0, 656.0]
[160.0, 16.0, 993.0, 641.0]
[112.0, 16.0, 946.0, 642.0]
[48.0, 16.0, 883.0, 642.0]
[16.0, 48.0, 852.0, 675.0]
[96.0, 0.0, 933.0, 628.0]
[80.0, 32.0, 918.0, 660.0]
[112.0, 32.0, 951.0, 661.0]
[112.0, 16.0, 952.0, 646.0]
[96.0, 0.0, 937.0, 631.0]
[128.0, 48.0, 970.0, 680.0]
[0.0, 16.0, 843.0, 648.0]
[96.0, 48.0, 940.0, 681.0]
[32.0, 32.0, 877.0, 666.0]
[0.0, 48.0, 846.0, 682.0]
[144.0, 16.0, 991.0, 651.0]
[112.0, 32.0, 960.0, 668.0]
[96.0, 32.0, 945.0, 669.0]
[16.0, 0.0, 866.0, 638.0]
[64.0, 0.0, 915.0, 638.0]
[0.0, 16.0, 852.0, 655.0]
[128.0, 32.0, 981.0, 672.0]
[144.0, 32.0, 998.0, 672.0]
[0.0, 32.0, 855.0, 673.0]
[96.0, 0.0, 952.0, 642.0]
[80.0, 0.0, 937.0, 643.0]
[144.0, 16.0, 1002.0, 660.0]
[0.0, 32.0, 859.0, 676.0]
[0.0, 0.0, 860.0, 645.0]
[16.0, 32.0, 877.0, 678.0]
[96.0, 16.0, 958.0, 662.0]
[112.0, 0.0, 975.0, 647.0]
[16.0, 32.0, 880.0, 680.0]
[64.0, 32.0, 929.0, 681.0]
[48.0, 32.0, 914.0, 682.0]
[32.0, 16.0, 899.0, 666.0]
[64.0, 16.0, 932.0, 667.0]
[48.0, 32.0, 917.0, 684.0]
[32.0, 32.0, 902.0, 684.0]
[16.0, 0.0, 887.0, 653.0]
[96.0, 16.0, 968.0, 670.0]
[80.0, 0.0, 953.0, 655.0]
[0.0, 16.0, 874.0, 672.0]
[80.0, 16.0, 955.0, 672.0]
[32.0, 16.0, 908.0, 673.0]
[80.0, 0.0, 957.0, 658.0]
[64.0, 0.0, 942.0, 658.0]
[0.0, 0.0, 879.0, 659.0]
[32.0, 0.0, 912.0, 660.0]
[96.0, 0.0, 977.0, 661.0]
[64.0, 16.0, 946.0, 678.0]
[16.0, 0.0, 899.0, 662.0]
[96.0, 0.0, 980.0, 663.0]
[96.0, 16.0, 981.0, 680.0]
[96.0, 0.0, 982.0, 664.0]
[32.0, 0.0, 919.0, 665.0]
[0.0, 0.0, 888.0, 666.0]
[64.0, 16.0, 953.0, 683.0]
[64.0, 0.0, 954.0, 668.0]
[48.0, 16.0, 939.0, 684.0]
[48.0, 0.0, 940.0, 669.0]
[0.0, 0.0, 893.0, 670.0]
[96.0, 0.0, 990.0, 670.0]
[64.0, 0.0, 959.0, 671.0]
[80.0, 0.0, 976.0, 672.0]
[48.0, 0.0, 945.0, 673.0]
[64.0, 0.0, 962.0, 674.0]
[48.0, 0.0, 947.0, 674.0]
[32.0, 0.0, 932.0, 675.0]
[16.0, 0.0, 917.0, 676.0]
[80.0, 0.0, 982.0, 676.0]
[48.0, 0.0, 951.0, 677.0]
[16.0, 0.0, 920.0, 678.0]
[80.0, 0.0, 985.0, 679.0]
[16.0, 0.0, 922.0, 680.0]
[80.0, 0.0, 987.0, 680.0]
[0.0, 0.0, 908.0, 681.0]
[32.0, 0.0, 941.0, 682.0]
[0.0, 0.0, 910.0, 682.0]
[32.0, 0.0, 943.0, 683.0]
[80.0, 0.0, 992.0, 684.0]
