[224.0, 128.0, 941.0, 666.0]
[304.0, 144.0, 1022.0, 682.0]
[240.0, 128.0, 959.0, 667.0]
[192.0, 128.0, 912.0, 668.0]
[176.0, 128.0, 897.0, 669.0]
[240.0, 112.0, 962.0, 654.0]
[272.0, 96.0, 995.0, 638.0]
[256.0, 96.0, 980.0, 639.0]
[240.0, 128.0, 965.0, 672.0]
[256.0, 112.0, 982.0, 656.0]
[256.0, 80.0, 983.0, 625.0]
[240.0, 128.0, 968.0, 674.0]
[256.0, 80.0, 985.0, 627.0]
[224.0, 96.0, 954.0, 644.0]
[224.0, 128.0, 955.0, 676.0]
[272.0, 96.0, 1004.0, 645.0]
[256.0, 80.0, 989.0, 630.0]
[240.0, 128.0, 974.0, 678.0]
[256.0, 112.0, 991.0, 663.0]
[256.0, 128.0, 992.0, 680.0]
[176.0, 96.0, 913.0, 649.0]
[240.0, 80.0, 978.0, 634.0]
[176.0, 128.0, 915.0, 682.0]
[272.0, 96.0, 1012.0, 651.0]
[224.0, 112.0, 965.0, 668.0]
[176.0, 128.0, 918.0, 684.0]
[240.0, 112.0, 983.0, 669.0]
[272.0, 96.0, 1016.0, 654.0]
[224.0, 112.0, 969.0, 671.0]
[272.0, 96.0, 1018.0, 656.0]
[256.0, 80.0, 1003.0, 640.0]
[256.0, 80.0, 1004.0, 641.0]
[176.0, 112.0, 925.0, 674.0]
[160.0, 112.0, 910.0, 674.0]
[176.0, 96.0, 927.0, 659.0]
[208.0, 64.0, 960.0, 628.0]
[256.0, 80.0, 1009.0, 645.0]
[176.0, 112.0, 930.0, 678.0]
[208.0, 80.0, 963.0, 646.0]
[240.0, 112.0, 996.0, 679.0]
[256.0, 80.0, 1013.0, 648.0]
[240.0, 80.0, 998.0, 648.0]
[208.0, 64.0, 967.0, 633.0]
[208.0, 64.0, 968.0, 634.0]
[176.0, 96.0, 937.0, 667.0]
[224.0, 96.0, 986.0, 668.0]
[240.0, 96.0, 1003.0, 668.0]
[176.0, 80.0, 940.0, 653.0]
[224.0, 96.0, 989.0, 670.0]
[256.0, 96.0, 1022.0, 670.0]
[208.0, 96.0, 975.0, 671.0]
[224.0, 96.0, 992.0, 672.0]
[176.0, 80.0, 945.0, 657.0]
[176.0, 80.0, 946.0, 658.0]
[176.0, 96.0, 947.0, 674.0]
[208.0, 80.0, 980.0, 659.0]
[208.0, 96.0, 981.0, 676.0]
[208.0, 64.0, 982.0, 644.0]
[224.0, 64.0, 999.0, 645.0]
[224.0, 80.0, 1000.0, 662.0]
[192.0, 96.0, 969.0, 679.0]
[176.0, 80.0, 954.0, 664.0]
[208.0, 80.0, 987.0, 664.0]
[240.0, 64.0, 1020.0, 649.0]
[240.0, 80.0, 1021.0, 666.0]
[224.0, 64.0, 1006.0, 650.0]
[208.0, 96.0, 991.0, 683.0]
[240.0, 80.0, 1024.0, 668.0]
[208.0, 80.0, 993.0, 669.0]
[176.0, 64.0, 962.0, 654.0]
[208.0, 80.0, 995.0, 670.0]
[224.0, 80.0, 1012.0, 671.0]
[208.0, 64.0, 997.0, 656.0]
[176.0, 80.0, 966.0, 672.0]
[208.0, 80.0, 999.0, 673.0]
[208.0, 48.0, 1000.0, 642.0]
[224.0, 64.0, 1017.0, 659.0]
[192.0, 80.0, 986.0, 676.0]
[192.0, 64.0, 987.0, 660.0]
[208.0, 48.0, 1004.0, 645.0]
[224.0, 80.0, 1021.0, 678.0]
[208.0, 80.0, 1006.0, 678.0]
[224.0, 64.0, 1023.0, 663.0]
[176.0, 64.0, 976.0, 664.0]
[208.0, 48.0, 1009.0, 649.0]
[208.0, 48.0, 1010.0, 650.0]
[192.0, 48.0, 995.0, 650.0]
[208.0, 80.0, 1012.0, 683.0]
[208.0, 48.0, 1013.0, 652.0]
[192.0, 80.0, 998.0, 684.0]
[208.0, 48.0, 1015.0, 653.0]
[176.0, 48.0, 984.0, 654.0]
[192.0, 64.0, 1001.0, 671.0]
[192.0, 48.0, 1002.0, 656.0]
[208.0, 48.0, 1019.0, 656.0]
[176.0, 48.0, 988.0, 657.0]
[208.0, 64.0, 1021.0, 674.0]
[192.0, 48.0, 1006.0, 658.0]
[208.0, 64.0, 1023.0, 675.0]
[176.0, 64.0, 992.0, 676.0]
