[112.0, 16.0, 829.0, 554.0]
[176.0, 32.0, 894.0, 570.0]
[96.0, 16.0, 815.0, 555.0]
[64.0, 0.0, 784.0, 540.0]
[80.0, 16.0, 801.0, 557.0]
[128.0, 48.0, 850.0, 590.0]
[112.0, 0.0, 835.0, 542.0]
[128.0, 16.0, 852.0, 559.0]
[224.0, 0.0, 949.0, 544.0]
[192.0, 48.0, 918.0, 592.0]
[160.0, 32.0, 887.0, 577.0]
[208.0, 16.0, 936.0, 562.0]
[64.0, 64.0, 793.0, 611.0]
[32.0, 32.0, 762.0, 580.0]
[48.0, 48.0, 779.0, 596.0]
[0.0, 16.0, 732.0, 565.0]
[112.0, 32.0, 845.0, 582.0]
[16.0, 0.0, 750.0, 550.0]
[128.0, 32.0, 863.0, 583.0]
[160.0, 32.0, 896.0, 584.0]
[64.0, 48.0, 801.0, 601.0]
[208.0, 32.0, 946.0, 586.0]
[128.0, 0.0, 867.0, 554.0]
[96.0, 48.0, 836.0, 603.0]
[32.0, 32.0, 773.0, 588.0]
[192.0, 16.0, 934.0, 572.0]
[48.0, 16.0, 791.0, 573.0]
[160.0, 48.0, 904.0, 606.0]
[160.0, 16.0, 905.0, 575.0]
[80.0, 48.0, 826.0, 608.0]
[144.0, 48.0, 891.0, 608.0]
[144.0, 32.0, 892.0, 593.0]
[192.0, 32.0, 941.0, 594.0]
[64.0, 64.0, 814.0, 626.0]
[128.0, 64.0, 879.0, 627.0]
[96.0, 16.0, 848.0, 580.0]
[32.0, 16.0, 785.0, 581.0]
[112.0, 0.0, 866.0, 566.0]
[144.0, 64.0, 899.0, 630.0]
[80.0, 0.0, 836.0, 567.0]
[112.0, 48.0, 869.0, 616.0]
[64.0, 16.0, 822.0, 584.0]
[16.0, 48.0, 775.0, 617.0]
[128.0, 16.0, 888.0, 586.0]
[32.0, 48.0, 793.0, 619.0]
[128.0, 0.0, 890.0, 572.0]
[128.0, 64.0, 891.0, 636.0]
[80.0, 64.0, 844.0, 637.0]
[80.0, 48.0, 845.0, 622.0]
[144.0, 48.0, 910.0, 622.0]
[64.0, 48.0, 831.0, 623.0]
[128.0, 0.0, 896.0, 576.0]
[48.0, 32.0, 817.0, 609.0]
[80.0, 0.0, 850.0, 578.0]
[144.0, 32.0, 915.0, 610.0]
[16.0, 0.0, 788.0, 579.0]
[176.0, 0.0, 949.0, 580.0]
[64.0, 0.0, 838.0, 580.0]
[80.0, 16.0, 855.0, 597.0]
[32.0, 32.0, 808.0, 614.0]
[112.0, 64.0, 889.0, 647.0]
[160.0, 0.0, 938.0, 584.0]
[48.0, 32.0, 827.0, 616.0]
[144.0, 0.0, 924.0, 585.0]
[32.0, 16.0, 813.0, 602.0]
[80.0, 32.0, 862.0, 618.0]
[48.0, 16.0, 831.0, 603.0]
[64.0, 0.0, 848.0, 588.0]
[128.0, 16.0, 913.0, 605.0]
[160.0, 0.0, 946.0, 590.0]
[160.0, 32.0, 947.0, 622.0]
[32.0, 16.0, 820.0, 607.0]
[16.0, 16.0, 805.0, 608.0]
[48.0, 32.0, 838.0, 624.0]
[80.0, 48.0, 871.0, 641.0]
[128.0, 0.0, 920.0, 594.0]
[96.0, 64.0, 889.0, 659.0]
[48.0, 64.0, 842.0, 660.0]
[80.0, 48.0, 875.0, 644.0]
[96.0, 48.0, 892.0, 645.0]
[48.0, 32.0, 845.0, 630.0]
[32.0, 48.0, 830.0, 646.0]
[16.0, 16.0, 815.0, 615.0]
[0.0, 0.0, 800.0, 600.0]
[64.0, 32.0, 865.0, 633.0]
[96.0, 48.0, 898.0, 650.0]
[0.0, 16.0, 803.0, 618.0]
[32.0, 0.0, 836.0, 603.0]
[48.0, 64.0, 853.0, 668.0]
[80.0, 16.0, 886.0, 620.0]
[80.0, 32.0, 887.0, 637.0]
[96.0, 0.0, 904.0, 606.0]
[32.0, 48.0, 841.0, 655.0]
[112.0, 32.0, 922.0, 640.0]
[112.0, 16.0, 923.0, 624.0]
[0.0, 16.0, 812.0, 625.0]
[0.0, 16.0, 813.0, 626.0]
[96.0, 48.0, 910.0, 658.0]
[16.0, 0.0, 831.0, 611.0]
[96.0, 32.0, 912.0, 644.0]
[16.0, 16.0, 833.0, 629.0]
[48.0, 0.0, 866.0, 614.0]
[16.0, 0.0, 835.0, 614.0]
[112.0, 16.0, 932.0, 631.0]
[64.0, 64.0, 885.0, 680.0]
[128.0, 32.0, 950.0, 648.0]
[112.0, 0.0, 935.0, 617.0]
[96.0, 0.0, 920.0, 618.0]
[128.0, 32.0, 953.0, 651.0]
[112.0, 16.0, 938.0, 636.0]
[112.0, 32.0, 939.0, 652.0]
[80.0, 32.0, 908.0, 653.0]
[0.0, 16.0, 829.0, 638.0]
[80.0, 48.0, 910.0, 670.0]
[96.0, 32.0, 927.0, 655.0]
[32.0, 16.0, 864.0, 640.0]
[0.0, 16.0, 833.0, 641.0]
[32.0, 16.0, 866.0, 642.0]
[80.0, 48.0, 915.0, 674.0]
[0.0, 32.0, 836.0, 659.0]
[0.0, 0.0, 837.0, 628.0]
[0.0, 0.0, 838.0, 628.0]
[0.0, 32.0, 839.0, 661.0]
[112.0, 0.0, 952.0, 630.0]
[64.0, 32.0, 905.0, 663.0]
[48.0, 48.0, 890.0, 680.0]
[48.0, 16.0, 891.0, 648.0]
[96.0, 32.0, 940.0, 665.0]
[96.0, 16.0, 941.0, 650.0]
[0.0, 16.0, 846.0, 650.0]
[16.0, 0.0, 863.0, 635.0]
[64.0, 0.0, 912.0, 636.0]
[80.0, 0.0, 929.0, 637.0]
[16.0, 0.0, 866.0, 638.0]
[80.0, 16.0, 931.0, 654.0]
[16.0, 32.0, 868.0, 671.0]
[96.0, 16.0, 949.0, 656.0]
[64.0, 16.0, 918.0, 656.0]
[16.0, 0.0, 871.0, 641.0]
[16.0, 0.0, 872.0, 642.0]
[48.0, 0.0, 905.0, 643.0]
[80.0, 32.0, 938.0, 676.0]
[80.0, 16.0, 939.0, 660.0]
[48.0, 16.0, 908.0, 661.0]
[80.0, 16.0, 941.0, 662.0]
[64.0, 0.0, 926.0, 646.0]
[96.0, 16.0, 959.0, 663.0]
[64.0, 32.0, 928.0, 680.0]
[80.0, 0.0, 945.0, 649.0]
[64.0, 0.0, 930.0, 650.0]
[64.0, 16.0, 931.0, 666.0]
[64.0, 16.0, 932.0, 667.0]
[16.0, 16.0, 885.0, 668.0]
[64.0, 16.0, 934.0, 668.0]
[64.0, 16.0, 935.0, 669.0]
[48.0, 16.0, 920.0, 670.0]
[80.0, 16.0, 953.0, 671.0]
[80.0, 0.0, 954.0, 656.0]
[80.0, 0.0, 955.0, 656.0]
[0.0, 16.0, 876.0, 673.0]
[16.0, 16.0, 893.0, 674.0]
[64.0, 0.0, 942.0, 658.0]
[32.0, 16.0, 911.0, 675.0]
[48.0, 0.0, 928.0, 660.0]
[32.0, 16.0, 913.0, 677.0]
[16.0, 16.0, 898.0, 678.0]
[32.0, 0.0, 915.0, 662.0]
[0.0, 0.0, 884.0, 663.0]
[48.0, 0.0, 933.0, 664.0]
[0.0, 16.0, 886.0, 680.0]
[32.0, 0.0, 919.0, 665.0]
[0.0, 0.0, 888.0, 666.0]
[0.0, 16.0, 889.0, 683.0]
[0.0, 0.0, 890.0, 668.0]
[16.0, 0.0, 907.0, 668.0]
[0.0, 0.0, 892.0, 669.0]
[0.0, 0.0, 893.0, 670.0]
[16.0, 0.0, 910.0, 670.0]
[32.0, 0.0, 927.0, 671.0]
[16.0, 0.0, 912.0, 672.0]
[32.0, 0.0, 929.0, 673.0]
[16.0, 0.0, 914.0, 674.0]
[16.0, 0.0, 915.0, 674.0]
[16.0, 0.0, 916.0, 675.0]
[16.0, 0.0, 917.0, 676.0]
[48.0, 0.0, 950.0, 676.0]
[16.0, 0.0, 919.0, 677.0]
[16.0, 0.0, 920.0, 678.0]
[0.0, 0.0, 905.0, 679.0]
[16.0, 0.0, 922.0, 680.0]
[32.0, 0.0, 939.0, 680.0]
[48.0, 0.0, 956.0, 681.0]
[0.0, 0.0, 909.0, 682.0]
[0.0, 0.0, 910.0, 682.0]
[32.0, 0.0, 943.0, 683.0]
