[112.0, 32.0, 650.0, 749.0]
[16.0, 96.0, 554.0, 814.0]
[128.0, 32.0, 667.0, 751.0]
[112.0, 0.0, 652.0, 720.0]
[128.0, 64.0, 669.0, 785.0]
[128.0, 64.0, 670.0, 786.0]
[32.0, 96.0, 574.0, 819.0]
[32.0, 144.0, 575.0, 868.0]
[96.0, 80.0, 640.0, 805.0]
[112.0, 96.0, 656.0, 822.0]
[112.0, 48.0, 657.0, 775.0]
[128.0, 96.0, 674.0, 824.0]
[80.0, 0.0, 627.0, 729.0]
[128.0, 80.0, 676.0, 810.0]
[64.0, 16.0, 612.0, 747.0]
[0.0, 32.0, 549.0, 764.0]
[64.0, 48.0, 614.0, 781.0]
[48.0, 16.0, 598.0, 750.0]
[64.0, 80.0, 615.0, 815.0]
[32.0, 64.0, 584.0, 800.0]
[48.0, 0.0, 601.0, 737.0]
[112.0, 48.0, 666.0, 786.0]
[16.0, 112.0, 570.0, 851.0]
[64.0, 144.0, 619.0, 884.0]
[80.0, 144.0, 636.0, 885.0]
[16.0, 128.0, 572.0, 870.0]
[96.0, 48.0, 653.0, 791.0]
[96.0, 48.0, 654.0, 792.0]
[64.0, 96.0, 623.0, 841.0]
[48.0, 0.0, 608.0, 746.0]
[96.0, 128.0, 656.0, 875.0]
[16.0, 16.0, 577.0, 764.0]
[64.0, 0.0, 626.0, 749.0]
[32.0, 144.0, 594.0, 894.0]
[0.0, 80.0, 563.0, 831.0]
[16.0, 64.0, 580.0, 816.0]
[80.0, 96.0, 645.0, 849.0]
[96.0, 16.0, 662.0, 770.0]
[96.0, 48.0, 662.0, 803.0]
[80.0, 144.0, 647.0, 900.0]
[96.0, 0.0, 664.0, 757.0]
[80.0, 128.0, 648.0, 886.0]
[0.0, 64.0, 569.0, 823.0]
[112.0, 80.0, 682.0, 840.0]
[32.0, 80.0, 603.0, 841.0]
[80.0, 48.0, 652.0, 810.0]
[48.0, 80.0, 620.0, 843.0]
[0.0, 16.0, 573.0, 780.0]
[0.0, 96.0, 574.0, 861.0]
[96.0, 80.0, 670.0, 846.0]
[0.0, 80.0, 575.0, 847.0]
[96.0, 80.0, 672.0, 848.0]
[80.0, 96.0, 657.0, 865.0]
[96.0, 80.0, 674.0, 850.0]
[48.0, 96.0, 626.0, 867.0]
[96.0, 80.0, 675.0, 852.0]
[16.0, 80.0, 596.0, 853.0]
[32.0, 144.0, 612.0, 918.0]
[80.0, 112.0, 661.0, 887.0]
[48.0, 32.0, 630.0, 808.0]
[96.0, 80.0, 679.0, 857.0]
[80.0, 64.0, 664.0, 842.0]
[0.0, 96.0, 584.0, 875.0]
[96.0, 112.0, 681.0, 892.0]
[32.0, 112.0, 618.0, 893.0]
[0.0, 32.0, 586.0, 814.0]
[64.0, 16.0, 651.0, 799.0]
[48.0, 112.0, 636.0, 896.0]
[64.0, 0.0, 653.0, 785.0]
[32.0, 144.0, 622.0, 930.0]
[64.0, 64.0, 654.0, 851.0]
[0.0, 96.0, 591.0, 884.0]
[80.0, 64.0, 672.0, 853.0]
[48.0, 96.0, 640.0, 886.0]
[64.0, 112.0, 657.0, 903.0]
[16.0, 48.0, 610.0, 840.0]
[64.0, 0.0, 659.0, 793.0]
[16.0, 48.0, 612.0, 842.0]
[80.0, 16.0, 676.0, 811.0]
[48.0, 48.0, 645.0, 844.0]
[48.0, 144.0, 646.0, 941.0]
[64.0, 16.0, 662.0, 814.0]
[16.0, 96.0, 615.0, 895.0]
[32.0, 128.0, 632.0, 928.0]
[16.0, 128.0, 617.0, 929.0]
[32.0, 48.0, 634.0, 850.0]
[64.0, 16.0, 666.0, 819.0]
[32.0, 16.0, 635.0, 820.0]
[48.0, 0.0, 652.0, 805.0]
[16.0, 128.0, 620.0, 934.0]
[48.0, 96.0, 653.0, 903.0]
[16.0, 64.0, 622.0, 872.0]
[0.0, 80.0, 607.0, 889.0]
[64.0, 128.0, 672.0, 938.0]
[32.0, 32.0, 640.0, 843.0]
[16.0, 64.0, 625.0, 876.0]
[48.0, 112.0, 658.0, 925.0]
[64.0, 80.0, 674.0, 894.0]
[48.0, 96.0, 659.0, 911.0]
[0.0, 64.0, 612.0, 880.0]
[48.0, 32.0, 661.0, 849.0]
[48.0, 64.0, 662.0, 882.0]
[64.0, 112.0, 678.0, 931.0]
[32.0, 144.0, 647.0, 964.0]
[64.0, 64.0, 680.0, 885.0]
[0.0, 0.0, 616.0, 822.0]
[0.0, 96.0, 617.0, 919.0]
[48.0, 64.0, 666.0, 888.0]
[16.0, 80.0, 635.0, 905.0]
[32.0, 16.0, 652.0, 842.0]
[16.0, 0.0, 636.0, 827.0]
[0.0, 0.0, 621.0, 828.0]
[16.0, 80.0, 638.0, 909.0]
[48.0, 80.0, 670.0, 910.0]
[48.0, 48.0, 671.0, 879.0]
[32.0, 32.0, 656.0, 864.0]
[32.0, 32.0, 657.0, 865.0]
[32.0, 0.0, 658.0, 834.0]
[0.0, 16.0, 626.0, 851.0]
[0.0, 80.0, 627.0, 916.0]
[48.0, 80.0, 676.0, 917.0]
[16.0, 48.0, 644.0, 886.0]
[16.0, 32.0, 645.0, 871.0]
[32.0, 64.0, 662.0, 904.0]
[48.0, 48.0, 679.0, 889.0]
[0.0, 64.0, 632.0, 906.0]
[32.0, 16.0, 664.0, 859.0]
[48.0, 80.0, 681.0, 924.0]
[32.0, 48.0, 666.0, 893.0]
[48.0, 96.0, 682.0, 942.0]
[0.0, 32.0, 635.0, 879.0]
[0.0, 0.0, 636.0, 848.0]
[16.0, 96.0, 653.0, 945.0]
[16.0, 16.0, 654.0, 866.0]
[32.0, 48.0, 670.0, 899.0]
[32.0, 112.0, 671.0, 964.0]
[32.0, 96.0, 672.0, 949.0]
[32.0, 48.0, 672.0, 902.0]
[16.0, 0.0, 657.0, 855.0]
[16.0, 16.0, 658.0, 872.0]
[0.0, 32.0, 643.0, 889.0]
[16.0, 0.0, 660.0, 858.0]
[32.0, 64.0, 676.0, 923.0]
[0.0, 64.0, 645.0, 924.0]
[32.0, 48.0, 678.0, 909.0]
[32.0, 112.0, 678.0, 974.0]
[16.0, 48.0, 663.0, 911.0]
[32.0, 48.0, 680.0, 912.0]
[0.0, 48.0, 649.0, 913.0]
[0.0, 64.0, 650.0, 930.0]
[0.0, 80.0, 650.0, 947.0]
[0.0, 112.0, 651.0, 980.0]
[16.0, 112.0, 668.0, 981.0]
[0.0, 16.0, 652.0, 886.0]
[16.0, 96.0, 669.0, 967.0]
[0.0, 16.0, 654.0, 888.0]
[0.0, 64.0, 655.0, 937.0]
[16.0, 0.0, 672.0, 874.0]
[16.0, 16.0, 672.0, 891.0]
[16.0, 96.0, 673.0, 972.0]
[16.0, 64.0, 674.0, 941.0]
[0.0, 0.0, 658.0, 878.0]
[16.0, 16.0, 675.0, 895.0]
[16.0, 32.0, 676.0, 912.0]
[0.0, 16.0, 661.0, 897.0]
[0.0, 96.0, 662.0, 978.0]
[0.0, 80.0, 662.0, 963.0]
[0.0, 80.0, 663.0, 964.0]
[16.0, 0.0, 680.0, 885.0]
[0.0, 48.0, 664.0, 934.0]
[16.0, 80.0, 681.0, 967.0]
[16.0, 96.0, 682.0, 984.0]
[0.0, 0.0, 667.0, 889.0]
[0.0, 96.0, 668.0, 986.0]
[0.0, 0.0, 668.0, 891.0]
[0.0, 48.0, 669.0, 940.0]
[0.0, 0.0, 670.0, 893.0]
[0.0, 48.0, 670.0, 942.0]
[0.0, 48.0, 671.0, 943.0]
[0.0, 32.0, 672.0, 928.0]
[0.0, 32.0, 673.0, 929.0]
[0.0, 32.0, 674.0, 930.0]
[0.0, 80.0, 674.0, 979.0]
[0.0, 0.0, 675.0, 900.0]
[0.0, 32.0, 676.0, 933.0]
[0.0, 32.0, 676.0, 934.0]
[0.0, 16.0, 677.0, 919.0]
[0.0, 80.0, 678.0, 984.0]
[0.0, 0.0, 679.0, 905.0]
[0.0, 48.0, 680.0, 954.0]
[0.0, 32.0, 680.0, 939.0]
[0.0, 64.0, 681.0, 972.0]
[0.0, 32.0, 682.0, 941.0]
[0.0, 80.0, 682.0, 990.0]
