[112.0, 16.0, 829.0, 554.0]
[176.0, 16.0, 894.0, 554.0]
[112.0, 32.0, 831.0, 571.0]
[32.0, 32.0, 752.0, 572.0]
[160.0, 32.0, 881.0, 573.0]
[240.0, 16.0, 962.0, 558.0]
[80.0, 0.0, 803.0, 542.0]
[176.0, 0.0, 900.0, 543.0]
[112.0, 16.0, 837.0, 560.0]
[272.0, 0.0, 998.0, 544.0]
[96.0, 32.0, 823.0, 577.0]
[128.0, 0.0, 856.0, 546.0]
[80.0, 0.0, 809.0, 547.0]
[112.0, 0.0, 842.0, 548.0]
[48.0, 16.0, 779.0, 564.0]
[112.0, 0.0, 844.0, 549.0]
[64.0, 16.0, 797.0, 566.0]
[176.0, 0.0, 910.0, 550.0]
[48.0, 0.0, 783.0, 551.0]
[176.0, 32.0, 912.0, 584.0]
[240.0, 0.0, 977.0, 553.0]
[176.0, 16.0, 914.0, 570.0]
[144.0, 16.0, 883.0, 570.0]
[192.0, 0.0, 932.0, 555.0]
[176.0, 32.0, 917.0, 588.0]
[192.0, 0.0, 934.0, 556.0]
[32.0, 16.0, 775.0, 573.0]
[192.0, 32.0, 936.0, 590.0]
[160.0, 32.0, 905.0, 591.0]
[160.0, 0.0, 906.0, 560.0]
[160.0, 0.0, 907.0, 560.0]
[208.0, 16.0, 956.0, 577.0]
[144.0, 0.0, 893.0, 562.0]
[128.0, 32.0, 878.0, 594.0]
[208.0, 0.0, 959.0, 563.0]
[96.0, 16.0, 848.0, 580.0]
[240.0, 0.0, 993.0, 565.0]
[96.0, 32.0, 850.0, 598.0]
[192.0, 0.0, 947.0, 566.0]
[208.0, 0.0, 964.0, 567.0]
[192.0, 16.0, 949.0, 584.0]
[80.0, 32.0, 838.0, 600.0]
[192.0, 16.0, 951.0, 585.0]
[32.0, 0.0, 792.0, 570.0]
[128.0, 16.0, 889.0, 587.0]
[48.0, 16.0, 810.0, 588.0]
[80.0, 16.0, 843.0, 588.0]
[64.0, 16.0, 828.0, 589.0]
[80.0, 16.0, 845.0, 590.0]
[160.0, 0.0, 926.0, 574.0]
[48.0, 16.0, 815.0, 591.0]
[144.0, 32.0, 912.0, 608.0]
[80.0, 0.0, 849.0, 577.0]
[144.0, 0.0, 914.0, 578.0]
[80.0, 0.0, 851.0, 578.0]
[144.0, 32.0, 916.0, 611.0]
[176.0, 0.0, 949.0, 580.0]
[112.0, 32.0, 886.0, 612.0]
[96.0, 0.0, 871.0, 581.0]
[208.0, 32.0, 984.0, 614.0]
[160.0, 16.0, 937.0, 599.0]
[160.0, 16.0, 938.0, 600.0]
[144.0, 16.0, 923.0, 600.0]
[96.0, 0.0, 876.0, 585.0]
[96.0, 32.0, 877.0, 618.0]
[112.0, 0.0, 894.0, 586.0]
[112.0, 32.0, 895.0, 619.0]
[144.0, 16.0, 928.0, 604.0]
[128.0, 32.0, 913.0, 621.0]
[64.0, 16.0, 850.0, 606.0]
[32.0, 0.0, 819.0, 590.0]
[80.0, 0.0, 868.0, 591.0]
[48.0, 16.0, 837.0, 608.0]
[80.0, 0.0, 870.0, 592.0]
[96.0, 0.0, 887.0, 593.0]
[32.0, 0.0, 824.0, 594.0]
[160.0, 0.0, 953.0, 595.0]
[48.0, 16.0, 842.0, 612.0]
[80.0, 0.0, 875.0, 596.0]
[176.0, 0.0, 972.0, 597.0]
[96.0, 32.0, 893.0, 630.0]
[96.0, 0.0, 894.0, 598.0]
[16.0, 0.0, 815.0, 599.0]
[48.0, 32.0, 848.0, 632.0]
[208.0, 0.0, 1009.0, 601.0]
[16.0, 16.0, 818.0, 618.0]
[32.0, 16.0, 835.0, 618.0]
[16.0, 0.0, 820.0, 603.0]
[176.0, 0.0, 981.0, 604.0]
[80.0, 32.0, 886.0, 636.0]
[176.0, 0.0, 983.0, 605.0]
[48.0, 32.0, 856.0, 638.0]
[48.0, 32.0, 857.0, 639.0]
[16.0, 16.0, 826.0, 624.0]
[80.0, 32.0, 891.0, 640.0]
[176.0, 16.0, 988.0, 625.0]
[160.0, 0.0, 973.0, 610.0]
[16.0, 0.0, 830.0, 610.0]
[80.0, 16.0, 895.0, 627.0]
[32.0, 32.0, 848.0, 644.0]
[16.0, 16.0, 833.0, 629.0]
[144.0, 16.0, 962.0, 630.0]
[16.0, 0.0, 835.0, 614.0]
[112.0, 16.0, 932.0, 631.0]
[112.0, 32.0, 933.0, 648.0]
[80.0, 32.0, 902.0, 648.0]
[64.0, 0.0, 887.0, 617.0]
[96.0, 32.0, 920.0, 650.0]
[176.0, 0.0, 1001.0, 619.0]
[48.0, 32.0, 874.0, 652.0]
[160.0, 32.0, 987.0, 652.0]
[80.0, 32.0, 908.0, 653.0]
[32.0, 16.0, 861.0, 638.0]
[64.0, 0.0, 894.0, 622.0]
[160.0, 0.0, 991.0, 623.0]
[144.0, 16.0, 976.0, 640.0]
[112.0, 32.0, 945.0, 657.0]
[96.0, 32.0, 930.0, 658.0]
[16.0, 16.0, 851.0, 642.0]
[48.0, 16.0, 884.0, 643.0]
[160.0, 16.0, 997.0, 644.0]
[160.0, 16.0, 998.0, 644.0]
[96.0, 0.0, 935.0, 629.0]
[96.0, 0.0, 936.0, 630.0]
[80.0, 0.0, 921.0, 631.0]
[64.0, 16.0, 906.0, 648.0]
[64.0, 32.0, 907.0, 664.0]
[144.0, 16.0, 988.0, 649.0]
[48.0, 0.0, 893.0, 634.0]
[48.0, 32.0, 894.0, 666.0]
[32.0, 32.0, 879.0, 667.0]
[96.0, 32.0, 944.0, 668.0]
[48.0, 32.0, 897.0, 669.0]
[48.0, 32.0, 898.0, 670.0]
[128.0, 32.0, 979.0, 670.0]
[96.0, 32.0, 948.0, 671.0]
[144.0, 0.0, 997.0, 640.0]
[96.0, 0.0, 950.0, 640.0]
[48.0, 32.0, 903.0, 673.0]
[80.0, 0.0, 936.0, 642.0]
[64.0, 0.0, 921.0, 643.0]
[144.0, 16.0, 1002.0, 660.0]
[144.0, 0.0, 1003.0, 644.0]
[64.0, 16.0, 924.0, 661.0]
[96.0, 0.0, 957.0, 646.0]
[128.0, 16.0, 990.0, 662.0]
[48.0, 16.0, 911.0, 663.0]
[96.0, 0.0, 960.0, 648.0]
[64.0, 16.0, 929.0, 665.0]
[112.0, 0.0, 978.0, 650.0]
[128.0, 0.0, 995.0, 650.0]
[80.0, 16.0, 948.0, 667.0]
[128.0, 0.0, 997.0, 652.0]
[128.0, 0.0, 998.0, 652.0]
[96.0, 16.0, 967.0, 669.0]
[112.0, 0.0, 984.0, 654.0]
[128.0, 16.0, 1001.0, 671.0]
[48.0, 0.0, 922.0, 656.0]
[48.0, 0.0, 923.0, 656.0]
[32.0, 0.0, 908.0, 657.0]
[48.0, 16.0, 925.0, 674.0]
[80.0, 16.0, 958.0, 674.0]
[16.0, 16.0, 895.0, 675.0]
[32.0, 0.0, 912.0, 660.0]
[48.0, 0.0, 929.0, 661.0]
[32.0, 0.0, 914.0, 662.0]
[64.0, 0.0, 947.0, 662.0]
[64.0, 0.0, 948.0, 663.0]
[80.0, 16.0, 965.0, 680.0]
[64.0, 0.0, 950.0, 664.0]
[48.0, 16.0, 935.0, 681.0]
[48.0, 0.0, 936.0, 666.0]
[96.0, 16.0, 985.0, 683.0]
[48.0, 0.0, 938.0, 668.0]
[16.0, 0.0, 907.0, 668.0]
[32.0, 0.0, 924.0, 669.0]
[112.0, 0.0, 1005.0, 670.0]
[112.0, 0.0, 1006.0, 670.0]
[96.0, 0.0, 991.0, 671.0]
[64.0, 0.0, 960.0, 672.0]
[96.0, 0.0, 993.0, 673.0]
[32.0, 0.0, 930.0, 674.0]
[64.0, 0.0, 963.0, 674.0]
[48.0, 0.0, 948.0, 675.0]
[32.0, 0.0, 933.0, 676.0]
[80.0, 0.0, 982.0, 676.0]
[64.0, 0.0, 967.0, 677.0]
[96.0, 0.0, 1000.0, 678.0]
[48.0, 0.0, 953.0, 679.0]
[64.0, 0.0, 970.0, 680.0]
[64.0, 0.0, 971.0, 680.0]
[48.0, 0.0, 956.0, 681.0]
[64.0, 0.0, 973.0, 682.0]
[32.0, 0.0, 942.0, 682.0]
[64.0, 0.0, 975.0, 683.0]
