[240.0, 16.0, 957.0, 554.0]
[32.0, 32.0, 750.0, 570.0]
[32.0, 0.0, 751.0, 539.0]
[224.0, 0.0, 944.0, 540.0]
[272.0, 0.0, 993.0, 541.0]
[64.0, 0.0, 786.0, 542.0]
[256.0, 0.0, 979.0, 542.0]
[176.0, 0.0, 900.0, 543.0]
[32.0, 32.0, 757.0, 576.0]
[272.0, 16.0, 998.0, 560.0]
[112.0, 16.0, 839.0, 561.0]
[144.0, 32.0, 872.0, 578.0]
[48.0, 0.0, 777.0, 547.0]
[144.0, 0.0, 874.0, 548.0]
[240.0, 32.0, 971.0, 580.0]
[32.0, 16.0, 764.0, 565.0]
[112.0, 32.0, 845.0, 582.0]
[128.0, 32.0, 862.0, 582.0]
[144.0, 32.0, 879.0, 583.0]
[208.0, 32.0, 944.0, 584.0]
[224.0, 32.0, 961.0, 585.0]
[240.0, 16.0, 978.0, 570.0]
[240.0, 32.0, 979.0, 586.0]
[192.0, 0.0, 932.0, 555.0]
[64.0, 16.0, 805.0, 572.0]
[240.0, 16.0, 982.0, 572.0]
[64.0, 48.0, 807.0, 605.0]
[128.0, 32.0, 872.0, 590.0]
[64.0, 16.0, 809.0, 575.0]
[96.0, 0.0, 842.0, 560.0]
[176.0, 48.0, 923.0, 608.0]
[48.0, 0.0, 796.0, 561.0]
[256.0, 32.0, 1005.0, 594.0]
[192.0, 16.0, 942.0, 578.0]
[240.0, 16.0, 991.0, 579.0]
[224.0, 0.0, 976.0, 564.0]
[96.0, 48.0, 849.0, 613.0]
[96.0, 16.0, 850.0, 582.0]
[80.0, 16.0, 835.0, 582.0]
[144.0, 0.0, 900.0, 567.0]
[160.0, 0.0, 917.0, 568.0]
[208.0, 16.0, 966.0, 584.0]
[64.0, 48.0, 823.0, 617.0]
[112.0, 16.0, 872.0, 586.0]
[96.0, 16.0, 857.0, 587.0]
[32.0, 0.0, 794.0, 572.0]
[240.0, 16.0, 1003.0, 588.0]
[48.0, 48.0, 812.0, 621.0]
[96.0, 0.0, 861.0, 574.0]
[112.0, 0.0, 878.0, 574.0]
[80.0, 0.0, 847.0, 575.0]
[80.0, 16.0, 848.0, 592.0]
[112.0, 32.0, 881.0, 609.0]
[128.0, 0.0, 898.0, 578.0]
[176.0, 0.0, 947.0, 578.0]
[176.0, 16.0, 948.0, 595.0]
[192.0, 32.0, 965.0, 612.0]
[64.0, 0.0, 838.0, 580.0]
[112.0, 0.0, 887.0, 581.0]
[48.0, 32.0, 824.0, 614.0]
[144.0, 48.0, 921.0, 631.0]
[64.0, 0.0, 842.0, 584.0]
[160.0, 0.0, 939.0, 584.0]
[192.0, 0.0, 972.0, 585.0]
[80.0, 48.0, 861.0, 634.0]
[192.0, 0.0, 974.0, 586.0]
[144.0, 48.0, 927.0, 635.0]
[64.0, 0.0, 848.0, 588.0]
[128.0, 48.0, 913.0, 637.0]
[96.0, 32.0, 882.0, 622.0]
[192.0, 32.0, 979.0, 622.0]
[32.0, 0.0, 820.0, 591.0]
[128.0, 48.0, 917.0, 640.0]
[176.0, 48.0, 966.0, 640.0]
[16.0, 16.0, 807.0, 609.0]
[96.0, 32.0, 888.0, 626.0]
[64.0, 48.0, 857.0, 643.0]
[48.0, 0.0, 842.0, 596.0]
[32.0, 0.0, 827.0, 596.0]
[176.0, 0.0, 972.0, 597.0]
[48.0, 0.0, 845.0, 598.0]
[176.0, 32.0, 974.0, 630.0]
[128.0, 32.0, 927.0, 631.0]
[128.0, 0.0, 928.0, 600.0]
[112.0, 32.0, 913.0, 633.0]
[144.0, 16.0, 946.0, 618.0]
[48.0, 48.0, 851.0, 650.0]
[96.0, 48.0, 900.0, 651.0]
[96.0, 16.0, 901.0, 620.0]
[176.0, 48.0, 982.0, 652.0]
[112.0, 32.0, 919.0, 637.0]
[112.0, 0.0, 920.0, 606.0]
[80.0, 0.0, 889.0, 607.0]
[96.0, 0.0, 906.0, 608.0]
[128.0, 48.0, 939.0, 656.0]
[160.0, 16.0, 972.0, 625.0]
[32.0, 32.0, 845.0, 642.0]
[144.0, 0.0, 958.0, 610.0]
[128.0, 32.0, 943.0, 643.0]
[80.0, 16.0, 896.0, 628.0]
[144.0, 32.0, 961.0, 645.0]
[64.0, 16.0, 882.0, 630.0]
[64.0, 0.0, 883.0, 614.0]
[96.0, 0.0, 916.0, 615.0]
[128.0, 48.0, 949.0, 664.0]
[176.0, 16.0, 998.0, 632.0]
[64.0, 16.0, 887.0, 633.0]
[128.0, 0.0, 952.0, 618.0]
[176.0, 16.0, 1001.0, 635.0]
[80.0, 0.0, 906.0, 620.0]
[144.0, 16.0, 971.0, 636.0]
[144.0, 16.0, 972.0, 637.0]
[128.0, 0.0, 957.0, 622.0]
[112.0, 0.0, 942.0, 622.0]
[160.0, 0.0, 991.0, 623.0]
[128.0, 0.0, 960.0, 624.0]
[112.0, 32.0, 945.0, 657.0]
[112.0, 0.0, 946.0, 626.0]
[96.0, 32.0, 931.0, 658.0]
[64.0, 32.0, 900.0, 659.0]
[144.0, 48.0, 981.0, 676.0]
[128.0, 16.0, 966.0, 644.0]
[112.0, 16.0, 951.0, 645.0]
[128.0, 0.0, 968.0, 630.0]
[48.0, 16.0, 889.0, 647.0]
[112.0, 32.0, 954.0, 664.0]
[80.0, 32.0, 923.0, 664.0]
[80.0, 16.0, 924.0, 649.0]
[128.0, 0.0, 973.0, 634.0]
[128.0, 48.0, 974.0, 682.0]
[80.0, 32.0, 927.0, 667.0]
[144.0, 0.0, 992.0, 636.0]
[80.0, 0.0, 929.0, 637.0]
[32.0, 0.0, 882.0, 638.0]
[128.0, 32.0, 979.0, 670.0]
[128.0, 32.0, 980.0, 671.0]
[128.0, 32.0, 981.0, 672.0]
[96.0, 32.0, 950.0, 672.0]
[16.0, 16.0, 871.0, 657.0]
[64.0, 48.0, 920.0, 690.0]
[128.0, 16.0, 985.0, 659.0]
[112.0, 32.0, 970.0, 676.0]
[16.0, 32.0, 875.0, 676.0]
[80.0, 48.0, 940.0, 693.0]
[112.0, 48.0, 973.0, 694.0]
[64.0, 0.0, 926.0, 646.0]
[64.0, 0.0, 927.0, 647.0]
[64.0, 32.0, 928.0, 680.0]
[48.0, 48.0, 913.0, 697.0]
[48.0, 32.0, 914.0, 682.0]
[96.0, 32.0, 963.0, 682.0]
[48.0, 32.0, 916.0, 683.0]
[96.0, 32.0, 965.0, 684.0]
[80.0, 0.0, 950.0, 652.0]
[48.0, 0.0, 919.0, 653.0]
[64.0, 32.0, 936.0, 686.0]
[32.0, 16.0, 905.0, 671.0]
[80.0, 16.0, 954.0, 672.0]
[48.0, 32.0, 923.0, 688.0]
[96.0, 16.0, 972.0, 673.0]
[80.0, 16.0, 957.0, 674.0]
[32.0, 0.0, 910.0, 658.0]
[80.0, 0.0, 959.0, 659.0]
[48.0, 32.0, 928.0, 692.0]
[80.0, 32.0, 961.0, 693.0]
[64.0, 0.0, 946.0, 662.0]
[48.0, 0.0, 931.0, 662.0]
[112.0, 32.0, 996.0, 695.0]
[64.0, 32.0, 949.0, 696.0]
[96.0, 0.0, 982.0, 664.0]
[48.0, 0.0, 935.0, 665.0]
[48.0, 0.0, 936.0, 666.0]
[96.0, 0.0, 985.0, 667.0]
[80.0, 32.0, 970.0, 700.0]
[96.0, 0.0, 987.0, 668.0]
[48.0, 16.0, 940.0, 685.0]
[80.0, 16.0, 973.0, 686.0]
[112.0, 32.0, 1006.0, 702.0]
[48.0, 16.0, 943.0, 687.0]
[80.0, 32.0, 976.0, 704.0]
[96.0, 32.0, 993.0, 705.0]
[96.0, 16.0, 994.0, 690.0]
[64.0, 0.0, 963.0, 674.0]
[96.0, 0.0, 996.0, 675.0]
[96.0, 32.0, 997.0, 708.0]
[96.0, 16.0, 998.0, 692.0]
[80.0, 32.0, 983.0, 709.0]
[48.0, 32.0, 952.0, 710.0]
[80.0, 16.0, 985.0, 695.0]
[80.0, 32.0, 986.0, 712.0]
[96.0, 32.0, 1003.0, 712.0]
[32.0, 16.0, 940.0, 697.0]
[64.0, 16.0, 973.0, 698.0]
[64.0, 0.0, 974.0, 682.0]
[80.0, 0.0, 991.0, 683.0]
[80.0, 0.0, 992.0, 684.0]
[80.0, 16.0, 993.0, 701.0]
[32.0, 16.0, 946.0, 702.0]
[32.0, 32.0, 947.0, 718.0]
[64.0, 32.0, 980.0, 719.0]
[80.0, 16.0, 997.0, 704.0]
[48.0, 16.0, 966.0, 704.0]
[80.0, 16.0, 999.0, 705.0]
[64.0, 16.0, 984.0, 706.0]
[80.0, 32.0, 1001.0, 723.0]
[64.0, 32.0, 986.0, 724.0]
[48.0, 16.0, 971.0, 708.0]
[32.0, 0.0, 956.0, 693.0]
[48.0, 32.0, 973.0, 726.0]
[64.0, 16.0, 990.0, 710.0]
[64.0, 16.0, 991.0, 711.0]
[64.0, 16.0, 992.0, 712.0]
[48.0, 16.0, 977.0, 713.0]
[64.0, 0.0, 994.0, 698.0]
[48.0, 16.0, 979.0, 714.0]
[64.0, 32.0, 996.0, 731.0]
[64.0, 0.0, 997.0, 700.0]
[48.0, 0.0, 982.0, 700.0]
[32.0, 0.0, 967.0, 701.0]
[64.0, 0.0, 1000.0, 702.0]
[32.0, 16.0, 969.0, 719.0]
[32.0, 16.0, 970.0, 720.0]
[32.0, 16.0, 971.0, 720.0]
[48.0, 32.0, 988.0, 737.0]
[48.0, 16.0, 989.0, 722.0]
[48.0, 0.0, 990.0, 706.0]
[48.0, 0.0, 991.0, 707.0]
[32.0, 0.0, 976.0, 708.0]
[32.0, 16.0, 977.0, 725.0]
[32.0, 32.0, 978.0, 742.0]
[48.0, 16.0, 995.0, 726.0]
[32.0, 16.0, 980.0, 727.0]
[48.0, 16.0, 997.0, 728.0]
[32.0, 32.0, 982.0, 744.0]
[48.0, 0.0, 999.0, 713.0]
[32.0, 0.0, 984.0, 714.0]
[32.0, 0.0, 985.0, 715.0]
[32.0, 16.0, 986.0, 732.0]
[32.0, 16.0, 987.0, 732.0]
[32.0, 0.0, 988.0, 717.0]
