[128.0, 128.0, 845.0, 666.0]
[272.0, 112.0, 990.0, 650.0]
[256.0, 128.0, 975.0, 667.0]
[256.0, 112.0, 976.0, 652.0]
[128.0, 128.0, 849.0, 669.0]
[240.0, 128.0, 962.0, 670.0]
[192.0, 128.0, 915.0, 670.0]
[256.0, 112.0, 980.0, 655.0]
[208.0, 128.0, 933.0, 672.0]
[128.0, 128.0, 854.0, 672.0]
[144.0, 112.0, 871.0, 657.0]
[208.0, 112.0, 936.0, 658.0]
[192.0, 112.0, 921.0, 659.0]
[256.0, 112.0, 986.0, 660.0]
[224.0, 128.0, 955.0, 676.0]
[144.0, 128.0, 876.0, 677.0]
[192.0, 96.0, 925.0, 646.0]
[160.0, 112.0, 894.0, 662.0]
[144.0, 112.0, 879.0, 663.0]
[128.0, 96.0, 864.0, 648.0]
[128.0, 96.0, 865.0, 649.0]
[128.0, 112.0, 866.0, 666.0]
[256.0, 96.0, 995.0, 650.0]
[144.0, 112.0, 884.0, 667.0]
[208.0, 96.0, 949.0, 652.0]
[208.0, 112.0, 950.0, 668.0]
[208.0, 96.0, 951.0, 653.0]
[192.0, 112.0, 936.0, 670.0]
[160.0, 112.0, 905.0, 671.0]
[240.0, 112.0, 986.0, 672.0]
[160.0, 96.0, 907.0, 656.0]
[160.0, 112.0, 908.0, 673.0]
[144.0, 96.0, 893.0, 658.0]
[224.0, 96.0, 974.0, 658.0]
[224.0, 80.0, 975.0, 643.0]
[208.0, 80.0, 960.0, 644.0]
[208.0, 96.0, 961.0, 661.0]
[176.0, 80.0, 930.0, 646.0]
[128.0, 80.0, 883.0, 646.0]
[240.0, 112.0, 996.0, 679.0]
[224.0, 80.0, 981.0, 648.0]
[176.0, 80.0, 934.0, 648.0]
[176.0, 80.0, 935.0, 649.0]
[160.0, 96.0, 920.0, 666.0]
[128.0, 96.0, 889.0, 667.0]
[224.0, 96.0, 986.0, 668.0]
[208.0, 96.0, 971.0, 668.0]
[160.0, 96.0, 924.0, 669.0]
[128.0, 80.0, 893.0, 654.0]
[128.0, 80.0, 894.0, 654.0]
[192.0, 80.0, 959.0, 655.0]
[224.0, 96.0, 992.0, 672.0]
[208.0, 96.0, 977.0, 673.0]
[160.0, 80.0, 930.0, 658.0]
[144.0, 80.0, 915.0, 658.0]
[208.0, 64.0, 980.0, 643.0]
[208.0, 64.0, 981.0, 644.0]
[208.0, 80.0, 982.0, 660.0]
[128.0, 96.0, 903.0, 677.0]
[128.0, 64.0, 904.0, 646.0]
[192.0, 64.0, 969.0, 647.0]
[208.0, 80.0, 986.0, 664.0]
[128.0, 80.0, 907.0, 664.0]
[208.0, 64.0, 988.0, 649.0]
[208.0, 64.0, 989.0, 650.0]
[128.0, 80.0, 910.0, 666.0]
[160.0, 64.0, 943.0, 651.0]
[192.0, 80.0, 976.0, 668.0]
[128.0, 64.0, 913.0, 653.0]
[192.0, 80.0, 978.0, 670.0]
[160.0, 64.0, 947.0, 654.0]
[192.0, 80.0, 980.0, 671.0]
[160.0, 80.0, 949.0, 672.0]
[176.0, 80.0, 966.0, 672.0]
[160.0, 80.0, 951.0, 673.0]
[128.0, 80.0, 920.0, 674.0]
[176.0, 64.0, 969.0, 659.0]
[160.0, 64.0, 954.0, 660.0]
[144.0, 64.0, 939.0, 660.0]
[160.0, 80.0, 956.0, 677.0]
[128.0, 64.0, 925.0, 662.0]
[144.0, 64.0, 942.0, 662.0]
[144.0, 48.0, 943.0, 647.0]
[192.0, 64.0, 992.0, 664.0]
[128.0, 64.0, 929.0, 665.0]
[160.0, 48.0, 962.0, 650.0]
[144.0, 64.0, 947.0, 666.0]
[176.0, 64.0, 980.0, 667.0]
[160.0, 48.0, 965.0, 652.0]
[128.0, 64.0, 934.0, 668.0]
[128.0, 64.0, 935.0, 669.0]
[176.0, 48.0, 984.0, 654.0]
[128.0, 64.0, 937.0, 671.0]
[160.0, 64.0, 970.0, 672.0]
[128.0, 48.0, 939.0, 656.0]
[160.0, 64.0, 972.0, 673.0]
[176.0, 64.0, 989.0, 674.0]
[128.0, 64.0, 942.0, 674.0]
[144.0, 64.0, 959.0, 675.0]
[128.0, 64.0, 944.0, 676.0]
[160.0, 64.0, 977.0, 677.0]
[128.0, 48.0, 946.0, 662.0]
[160.0, 48.0, 979.0, 662.0]
[128.0, 32.0, 948.0, 647.0]
[160.0, 48.0, 981.0, 664.0]
[128.0, 32.0, 950.0, 648.0]
[144.0, 48.0, 967.0, 665.0]
[128.0, 48.0, 952.0, 666.0]
[160.0, 32.0, 985.0, 651.0]
[128.0, 48.0, 954.0, 668.0]
[144.0, 32.0, 971.0, 652.0]
[144.0, 48.0, 972.0, 669.0]
[160.0, 48.0, 989.0, 670.0]
[128.0, 32.0, 958.0, 654.0]
[128.0, 48.0, 959.0, 671.0]
[128.0, 48.0, 960.0, 672.0]
[144.0, 48.0, 977.0, 673.0]
[128.0, 48.0, 962.0, 674.0]
[128.0, 48.0, 963.0, 674.0]
[128.0, 48.0, 964.0, 675.0]
[128.0, 48.0, 965.0, 676.0]
[144.0, 32.0, 982.0, 660.0]
[128.0, 48.0, 967.0, 677.0]
[144.0, 32.0, 984.0, 662.0]
[144.0, 48.0, 985.0, 679.0]
[128.0, 32.0, 970.0, 664.0]
[128.0, 16.0, 971.0, 648.0]
[144.0, 32.0, 988.0, 665.0]
[128.0, 32.0, 973.0, 666.0]
[128.0, 16.0, 974.0, 650.0]
[128.0, 32.0, 975.0, 667.0]
[128.0, 32.0, 976.0, 668.0]
[128.0, 32.0, 977.0, 669.0]
[128.0, 32.0, 978.0, 670.0]
[128.0, 32.0, 979.0, 670.0]
[128.0, 16.0, 980.0, 655.0]
[128.0, 32.0, 981.0, 672.0]
[128.0, 16.0, 982.0, 656.0]
[128.0, 16.0, 983.0, 657.0]
[128.0, 32.0, 984.0, 674.0]
[128.0, 32.0, 985.0, 675.0]
