[240.0, 48.0, 962.0, 590.0]
[208.0, 32.0, 931.0, 574.0]
[176.0, 112.0, 900.0, 655.0]
[128.0, 80.0, 853.0, 624.0]
[224.0, 128.0, 950.0, 672.0]
[192.0, 80.0, 919.0, 625.0]
[240.0, 64.0, 968.0, 610.0]
[160.0, 80.0, 889.0, 627.0]
[256.0, 80.0, 986.0, 628.0]
[208.0, 48.0, 939.0, 596.0]
[208.0, 128.0, 940.0, 677.0]
[144.0, 80.0, 877.0, 630.0]
[160.0, 128.0, 894.0, 678.0]
[176.0, 64.0, 911.0, 615.0]
[112.0, 128.0, 848.0, 680.0]
[128.0, 112.0, 865.0, 665.0]
[192.0, 16.0, 930.0, 570.0]
[256.0, 32.0, 995.0, 586.0]
[128.0, 16.0, 868.0, 571.0]
[208.0, 16.0, 949.0, 572.0]
[192.0, 144.0, 934.0, 700.0]
[240.0, 144.0, 983.0, 701.0]
[224.0, 64.0, 968.0, 622.0]
[144.0, 96.0, 889.0, 655.0]
[112.0, 128.0, 858.0, 688.0]
[176.0, 144.0, 923.0, 704.0]
[208.0, 32.0, 956.0, 593.0]
[160.0, 64.0, 909.0, 626.0]
[192.0, 96.0, 942.0, 658.0]
[176.0, 32.0, 927.0, 595.0]
[208.0, 80.0, 960.0, 644.0]
[208.0, 48.0, 961.0, 613.0]
[176.0, 16.0, 930.0, 582.0]
[256.0, 32.0, 1011.0, 598.0]
[160.0, 64.0, 916.0, 631.0]
[240.0, 80.0, 997.0, 648.0]
[160.0, 48.0, 918.0, 616.0]
[96.0, 80.0, 855.0, 649.0]
[176.0, 0.0, 936.0, 570.0]
[160.0, 16.0, 921.0, 587.0]
[176.0, 48.0, 938.0, 620.0]
[240.0, 96.0, 1003.0, 668.0]
[160.0, 96.0, 924.0, 669.0]
[128.0, 64.0, 893.0, 638.0]
[80.0, 80.0, 846.0, 654.0]
[144.0, 64.0, 911.0, 639.0]
[96.0, 48.0, 864.0, 624.0]
[176.0, 96.0, 945.0, 673.0]
[160.0, 96.0, 930.0, 674.0]
[208.0, 96.0, 979.0, 674.0]
[96.0, 16.0, 868.0, 595.0]
[160.0, 0.0, 933.0, 580.0]
[160.0, 112.0, 934.0, 692.0]
[176.0, 96.0, 951.0, 677.0]
[176.0, 112.0, 952.0, 694.0]
[112.0, 96.0, 889.0, 679.0]
[192.0, 112.0, 970.0, 696.0]
[144.0, 128.0, 923.0, 712.0]
[240.0, 16.0, 1020.0, 601.0]
[128.0, 48.0, 909.0, 634.0]
[208.0, 80.0, 990.0, 666.0]
[224.0, 0.0, 1007.0, 587.0]
[176.0, 0.0, 960.0, 588.0]
[144.0, 112.0, 929.0, 701.0]
[192.0, 80.0, 978.0, 670.0]
[192.0, 16.0, 979.0, 606.0]
[80.0, 112.0, 868.0, 703.0]
[160.0, 0.0, 949.0, 592.0]
[176.0, 96.0, 966.0, 688.0]
[112.0, 80.0, 903.0, 673.0]
[128.0, 112.0, 920.0, 706.0]
[224.0, 48.0, 1017.0, 643.0]
[112.0, 0.0, 906.0, 596.0]
[144.0, 64.0, 939.0, 660.0]
[80.0, 96.0, 876.0, 693.0]
[96.0, 16.0, 893.0, 614.0]
[192.0, 0.0, 990.0, 598.0]
[160.0, 112.0, 959.0, 711.0]
[160.0, 80.0, 960.0, 680.0]
[192.0, 48.0, 993.0, 649.0]
[96.0, 96.0, 898.0, 698.0]
[160.0, 80.0, 963.0, 682.0]
[128.0, 80.0, 932.0, 683.0]
[64.0, 96.0, 869.0, 700.0]
[176.0, 64.0, 982.0, 668.0]
[96.0, 48.0, 903.0, 653.0]
[80.0, 96.0, 888.0, 702.0]
[144.0, 16.0, 953.0, 623.0]
[192.0, 0.0, 1002.0, 608.0]
[176.0, 96.0, 987.0, 704.0]
[96.0, 80.0, 908.0, 689.0]
[64.0, 0.0, 877.0, 610.0]
[112.0, 0.0, 926.0, 610.0]
[144.0, 48.0, 959.0, 659.0]
[144.0, 80.0, 960.0, 692.0]
[64.0, 16.0, 881.0, 629.0]
[96.0, 16.0, 914.0, 630.0]
[128.0, 48.0, 947.0, 662.0]
[64.0, 48.0, 884.0, 663.0]
[32.0, 48.0, 853.0, 664.0]
[128.0, 96.0, 950.0, 712.0]
[80.0, 16.0, 903.0, 633.0]
[32.0, 48.0, 856.0, 666.0]
[128.0, 0.0, 953.0, 619.0]
[192.0, 48.0, 1018.0, 668.0]
[96.0, 0.0, 923.0, 620.0]
[144.0, 16.0, 972.0, 637.0]
[112.0, 64.0, 941.0, 686.0]
[144.0, 80.0, 974.0, 702.0]
[192.0, 48.0, 1023.0, 671.0]
[144.0, 80.0, 976.0, 704.0]
[128.0, 16.0, 961.0, 641.0]
[160.0, 64.0, 994.0, 690.0]
[160.0, 64.0, 995.0, 690.0]
[160.0, 64.0, 996.0, 691.0]
[48.0, 32.0, 885.0, 660.0]
[112.0, 16.0, 950.0, 644.0]
[32.0, 64.0, 871.0, 693.0]
[64.0, 64.0, 904.0, 694.0]
[144.0, 0.0, 985.0, 631.0]
[128.0, 16.0, 970.0, 648.0]
[48.0, 80.0, 891.0, 712.0]
[128.0, 16.0, 972.0, 649.0]
[160.0, 64.0, 1005.0, 698.0]
[144.0, 16.0, 990.0, 650.0]
[48.0, 0.0, 895.0, 635.0]
[176.0, 0.0, 1024.0, 636.0]
[64.0, 0.0, 913.0, 637.0]
[128.0, 0.0, 978.0, 638.0]
[128.0, 16.0, 979.0, 654.0]
[64.0, 16.0, 916.0, 655.0]
[144.0, 64.0, 997.0, 704.0]
[64.0, 32.0, 918.0, 672.0]
[144.0, 48.0, 999.0, 689.0]
[96.0, 16.0, 952.0, 658.0]
[128.0, 64.0, 985.0, 707.0]
[64.0, 64.0, 922.0, 708.0]
[32.0, 32.0, 891.0, 676.0]
[160.0, 0.0, 1020.0, 645.0]
[32.0, 64.0, 893.0, 710.0]
[112.0, 0.0, 974.0, 646.0]
[112.0, 48.0, 975.0, 695.0]
[128.0, 48.0, 992.0, 696.0]
[80.0, 48.0, 945.0, 697.0]
[144.0, 32.0, 1010.0, 682.0]
[32.0, 0.0, 899.0, 650.0]
[144.0, 0.0, 1012.0, 651.0]
[128.0, 32.0, 997.0, 684.0]
[32.0, 32.0, 902.0, 684.0]
[112.0, 0.0, 983.0, 653.0]
[32.0, 16.0, 904.0, 670.0]
[32.0, 32.0, 905.0, 687.0]
[128.0, 0.0, 1002.0, 656.0]
[112.0, 16.0, 987.0, 672.0]
[64.0, 32.0, 940.0, 689.0]
[64.0, 48.0, 941.0, 706.0]
[0.0, 0.0, 878.0, 658.0]
[64.0, 0.0, 943.0, 659.0]
[112.0, 32.0, 992.0, 692.0]
[128.0, 0.0, 1009.0, 661.0]
[96.0, 48.0, 978.0, 710.0]
[48.0, 16.0, 931.0, 678.0]
[16.0, 0.0, 900.0, 663.0]
[64.0, 48.0, 949.0, 712.0]
[16.0, 0.0, 902.0, 664.0]
[80.0, 0.0, 967.0, 665.0]
[48.0, 48.0, 936.0, 714.0]
[32.0, 0.0, 921.0, 667.0]
[128.0, 16.0, 1018.0, 684.0]
[16.0, 16.0, 907.0, 684.0]
[80.0, 16.0, 972.0, 685.0]
[96.0, 16.0, 989.0, 686.0]
[0.0, 32.0, 894.0, 702.0]
[16.0, 0.0, 911.0, 671.0]
[96.0, 32.0, 992.0, 704.0]
[32.0, 16.0, 929.0, 689.0]
[112.0, 0.0, 1010.0, 674.0]
[64.0, 0.0, 963.0, 674.0]
[64.0, 32.0, 964.0, 707.0]
[48.0, 0.0, 949.0, 676.0]
[64.0, 0.0, 966.0, 676.0]
[32.0, 16.0, 935.0, 693.0]
[64.0, 0.0, 968.0, 678.0]
[0.0, 32.0, 905.0, 711.0]
[48.0, 32.0, 954.0, 712.0]
[0.0, 16.0, 907.0, 696.0]
[80.0, 0.0, 988.0, 681.0]
[48.0, 0.0, 957.0, 682.0]
[16.0, 16.0, 926.0, 698.0]
[0.0, 0.0, 911.0, 683.0]
[16.0, 0.0, 928.0, 684.0]
[16.0, 0.0, 929.0, 685.0]
[96.0, 0.0, 1010.0, 686.0]
[32.0, 0.0, 947.0, 686.0]
[96.0, 0.0, 1012.0, 687.0]
[0.0, 16.0, 917.0, 704.0]
[0.0, 0.0, 918.0, 688.0]
[32.0, 16.0, 951.0, 705.0]
[64.0, 16.0, 984.0, 706.0]
[80.0, 0.0, 1001.0, 691.0]
[48.0, 16.0, 970.0, 708.0]
[16.0, 0.0, 939.0, 692.0]
[80.0, 0.0, 1004.0, 693.0]
[16.0, 16.0, 941.0, 710.0]
[80.0, 0.0, 1006.0, 694.0]
[16.0, 0.0, 943.0, 695.0]
[64.0, 0.0, 992.0, 696.0]
[48.0, 0.0, 977.0, 697.0]
[0.0, 16.0, 930.0, 714.0]
[16.0, 0.0, 947.0, 698.0]
[48.0, 0.0, 980.0, 699.0]
[32.0, 0.0, 965.0, 700.0]
[32.0, 0.0, 966.0, 700.0]
[16.0, 0.0, 951.0, 701.0]
[64.0, 0.0, 1000.0, 702.0]
[80.0, 0.0, 1017.0, 703.0]
[80.0, 0.0, 1018.0, 704.0]
[16.0, 0.0, 955.0, 704.0]
[64.0, 0.0, 1004.0, 705.0]
[80.0, 0.0, 1021.0, 706.0]
[80.0, 0.0, 1022.0, 706.0]
[48.0, 0.0, 991.0, 707.0]
[0.0, 0.0, 944.0, 708.0]
[32.0, 0.0, 977.0, 709.0]
[16.0, 0.0, 962.0, 710.0]
[0.0, 0.0, 947.0, 710.0]
[0.0, 0.0, 948.0, 711.0]
[48.0, 0.0, 997.0, 712.0]
[16.0, 0.0, 966.0, 712.0]
[48.0, 0.0, 999.0, 713.0]
[0.0, 0.0, 952.0, 714.0]
