[96.0, 32.0, 813.0, 570.0]
[128.0, 32.0, 846.0, 570.0]
[64.0, 64.0, 783.0, 603.0]
[96.0, 16.0, 816.0, 556.0]
[160.0, 64.0, 881.0, 605.0]
[208.0, 16.0, 930.0, 558.0]
[32.0, 32.0, 755.0, 574.0]
[208.0, 48.0, 932.0, 591.0]
[208.0, 48.0, 933.0, 592.0]
[160.0, 48.0, 886.0, 592.0]
[224.0, 64.0, 951.0, 609.0]
[80.0, 48.0, 808.0, 594.0]
[80.0, 48.0, 809.0, 595.0]
[208.0, 48.0, 938.0, 596.0]
[64.0, 32.0, 795.0, 580.0]
[176.0, 0.0, 908.0, 549.0]
[128.0, 64.0, 861.0, 614.0]
[208.0, 16.0, 942.0, 566.0]
[64.0, 0.0, 799.0, 551.0]
[208.0, 32.0, 944.0, 584.0]
[256.0, 32.0, 993.0, 585.0]
[144.0, 32.0, 882.0, 586.0]
[48.0, 0.0, 787.0, 554.0]
[256.0, 32.0, 996.0, 587.0]
[192.0, 0.0, 933.0, 556.0]
[240.0, 32.0, 982.0, 588.0]
[256.0, 32.0, 999.0, 589.0]
[48.0, 0.0, 792.0, 558.0]
[112.0, 48.0, 857.0, 607.0]
[208.0, 0.0, 954.0, 560.0]
[16.0, 32.0, 763.0, 592.0]
[208.0, 48.0, 956.0, 609.0]
[208.0, 32.0, 957.0, 594.0]
[128.0, 32.0, 878.0, 594.0]
[64.0, 16.0, 815.0, 579.0]
[64.0, 16.0, 816.0, 580.0]
[112.0, 48.0, 865.0, 613.0]
[160.0, 32.0, 914.0, 598.0]
[160.0, 32.0, 915.0, 598.0]
[64.0, 48.0, 820.0, 615.0]
[128.0, 48.0, 885.0, 616.0]
[208.0, 48.0, 966.0, 616.0]
[208.0, 0.0, 967.0, 569.0]
[128.0, 0.0, 888.0, 570.0]
[160.0, 0.0, 921.0, 571.0]
[128.0, 32.0, 890.0, 604.0]
[48.0, 32.0, 811.0, 604.0]
[64.0, 0.0, 828.0, 573.0]
[80.0, 16.0, 845.0, 590.0]
[16.0, 32.0, 782.0, 606.0]
[192.0, 32.0, 959.0, 607.0]
[160.0, 0.0, 928.0, 576.0]
[240.0, 32.0, 1009.0, 609.0]
[112.0, 32.0, 882.0, 610.0]
[144.0, 0.0, 915.0, 578.0]
[112.0, 0.0, 884.0, 579.0]
[16.0, 16.0, 789.0, 596.0]
[0.0, 16.0, 774.0, 596.0]
[96.0, 16.0, 871.0, 597.0]
[176.0, 32.0, 952.0, 614.0]
[224.0, 32.0, 1001.0, 615.0]
[224.0, 0.0, 1002.0, 584.0]
[16.0, 0.0, 795.0, 584.0]
[80.0, 0.0, 860.0, 585.0]
[224.0, 16.0, 1005.0, 602.0]
[96.0, 0.0, 878.0, 586.0]
[224.0, 0.0, 1007.0, 587.0]
[16.0, 16.0, 800.0, 604.0]
[208.0, 0.0, 993.0, 589.0]
[192.0, 0.0, 978.0, 590.0]
[176.0, 0.0, 963.0, 590.0]
[96.0, 16.0, 884.0, 607.0]
[80.0, 16.0, 869.0, 608.0]
[192.0, 16.0, 982.0, 608.0]
[32.0, 0.0, 823.0, 593.0]
[32.0, 16.0, 824.0, 610.0]
[48.0, 16.0, 841.0, 611.0]
[0.0, 0.0, 794.0, 596.0]
[64.0, 16.0, 859.0, 612.0]
[144.0, 0.0, 940.0, 597.0]
[48.0, 0.0, 845.0, 598.0]
[112.0, 0.0, 910.0, 598.0]
[208.0, 16.0, 1007.0, 615.0]
[176.0, 0.0, 976.0, 600.0]
[32.0, 0.0, 833.0, 601.0]
[80.0, 0.0, 882.0, 602.0]
[160.0, 0.0, 963.0, 602.0]
[32.0, 0.0, 836.0, 603.0]
[160.0, 0.0, 965.0, 604.0]
[112.0, 0.0, 918.0, 604.0]
[48.0, 0.0, 855.0, 605.0]
[176.0, 0.0, 984.0, 606.0]
[0.0, 0.0, 809.0, 607.0]
[80.0, 0.0, 890.0, 608.0]
[192.0, 0.0, 1003.0, 608.0]
[96.0, 0.0, 908.0, 609.0]
[144.0, 0.0, 957.0, 610.0]
[80.0, 0.0, 894.0, 610.0]
[64.0, 0.0, 879.0, 611.0]
[192.0, 0.0, 1008.0, 612.0]
[96.0, 0.0, 913.0, 613.0]
[16.0, 0.0, 834.0, 614.0]
[112.0, 0.0, 931.0, 614.0]
[144.0, 0.0, 964.0, 615.0]
[96.0, 0.0, 917.0, 616.0]
[128.0, 0.0, 950.0, 616.0]
