[224.0, 112.0, 941.0, 650.0]
[112.0, 96.0, 830.0, 634.0]
[192.0, 96.0, 911.0, 635.0]
[112.0, 96.0, 832.0, 636.0]
[96.0, 128.0, 817.0, 669.0]
[176.0, 128.0, 898.0, 670.0]
[160.0, 112.0, 883.0, 654.0]
[192.0, 96.0, 916.0, 639.0]
[144.0, 80.0, 869.0, 624.0]
[176.0, 112.0, 902.0, 656.0]
[112.0, 128.0, 839.0, 673.0]
[112.0, 96.0, 840.0, 642.0]
[128.0, 80.0, 857.0, 627.0]
[192.0, 128.0, 922.0, 676.0]
[144.0, 80.0, 875.0, 628.0]
[160.0, 80.0, 892.0, 629.0]
[192.0, 96.0, 925.0, 646.0]
[160.0, 96.0, 894.0, 646.0]
[208.0, 128.0, 943.0, 679.0]
[128.0, 80.0, 864.0, 632.0]
[128.0, 80.0, 865.0, 633.0]
[144.0, 80.0, 882.0, 634.0]
[144.0, 112.0, 883.0, 666.0]
[112.0, 112.0, 852.0, 667.0]
[176.0, 112.0, 917.0, 668.0]
[160.0, 112.0, 902.0, 668.0]
[176.0, 96.0, 919.0, 653.0]
[192.0, 112.0, 936.0, 670.0]
[176.0, 80.0, 921.0, 639.0]
[128.0, 96.0, 874.0, 656.0]
[176.0, 80.0, 923.0, 640.0]
[144.0, 96.0, 892.0, 657.0]
[128.0, 64.0, 877.0, 626.0]
[176.0, 112.0, 926.0, 674.0]
[128.0, 64.0, 879.0, 627.0]
[128.0, 112.0, 880.0, 676.0]
[176.0, 80.0, 929.0, 645.0]
[128.0, 96.0, 882.0, 662.0]
[96.0, 112.0, 851.0, 678.0]
[128.0, 96.0, 884.0, 663.0]
[112.0, 96.0, 869.0, 664.0]
[176.0, 80.0, 934.0, 648.0]
[144.0, 112.0, 903.0, 681.0]
[80.0, 112.0, 840.0, 682.0]
[128.0, 96.0, 889.0, 667.0]
[128.0, 96.0, 890.0, 668.0]
[176.0, 80.0, 939.0, 652.0]
[112.0, 80.0, 876.0, 653.0]
[160.0, 80.0, 925.0, 654.0]
[80.0, 80.0, 846.0, 654.0]
[112.0, 80.0, 879.0, 655.0]
[128.0, 96.0, 896.0, 672.0]
[80.0, 80.0, 849.0, 657.0]
[80.0, 96.0, 850.0, 674.0]
[176.0, 96.0, 947.0, 674.0]
[128.0, 96.0, 900.0, 675.0]
[144.0, 96.0, 917.0, 676.0]
[112.0, 96.0, 886.0, 676.0]
[160.0, 80.0, 935.0, 661.0]
[128.0, 48.0, 904.0, 630.0]
[80.0, 80.0, 857.0, 663.0]
[80.0, 80.0, 858.0, 664.0]
[96.0, 64.0, 875.0, 648.0]
[160.0, 80.0, 940.0, 665.0]
[112.0, 64.0, 893.0, 650.0]
[128.0, 48.0, 910.0, 634.0]
[112.0, 80.0, 895.0, 667.0]
[144.0, 80.0, 928.0, 668.0]
[160.0, 80.0, 945.0, 669.0]
[112.0, 64.0, 898.0, 654.0]
[96.0, 80.0, 883.0, 670.0]
[112.0, 80.0, 900.0, 671.0]
[112.0, 64.0, 901.0, 656.0]
[128.0, 64.0, 918.0, 656.0]
[128.0, 80.0, 919.0, 673.0]
[112.0, 80.0, 904.0, 674.0]
[96.0, 64.0, 889.0, 659.0]
[112.0, 64.0, 906.0, 660.0]
[144.0, 80.0, 939.0, 676.0]
[96.0, 80.0, 892.0, 677.0]
[96.0, 80.0, 893.0, 678.0]
[112.0, 80.0, 910.0, 678.0]
[112.0, 48.0, 911.0, 647.0]
[80.0, 64.0, 880.0, 664.0]
[96.0, 48.0, 897.0, 649.0]
[112.0, 80.0, 914.0, 682.0]
[96.0, 48.0, 899.0, 650.0]
[80.0, 80.0, 884.0, 683.0]
[128.0, 48.0, 933.0, 652.0]
[128.0, 48.0, 934.0, 652.0]
[96.0, 48.0, 903.0, 653.0]
[128.0, 64.0, 936.0, 670.0]
[112.0, 64.0, 921.0, 671.0]
[96.0, 64.0, 906.0, 672.0]
[112.0, 48.0, 923.0, 656.0]
[96.0, 64.0, 908.0, 673.0]
[128.0, 64.0, 941.0, 674.0]
[112.0, 48.0, 926.0, 658.0]
[96.0, 64.0, 911.0, 675.0]
[128.0, 64.0, 944.0, 676.0]
