[144.0, 96.0, 793.0, 961.0]
[192.0, 96.0, 842.0, 962.0]
[144.0, 112.0, 794.0, 979.0]
[176.0, 80.0, 827.0, 948.0]
[224.0, 48.0, 876.0, 917.0]
[192.0, 64.0, 844.0, 934.0]
[240.0, 48.0, 893.0, 919.0]
[288.0, 96.0, 942.0, 968.0]
[224.0, 48.0, 879.0, 921.0]
[128.0, 32.0, 784.0, 906.0]
[256.0, 112.0, 912.0, 987.0]
[240.0, 112.0, 897.0, 988.0]
[256.0, 48.0, 914.0, 925.0]
[256.0, 64.0, 914.0, 942.0]
[256.0, 112.0, 915.0, 991.0]
[208.0, 96.0, 868.0, 976.0]
[272.0, 80.0, 933.0, 961.0]
[272.0, 112.0, 934.0, 994.0]
[112.0, 96.0, 774.0, 979.0]
[320.0, 80.0, 983.0, 964.0]
[272.0, 80.0, 936.0, 965.0]
[304.0, 80.0, 968.0, 966.0]
[304.0, 64.0, 969.0, 951.0]
[160.0, 112.0, 826.0, 1000.0]
[320.0, 64.0, 987.0, 953.0]
[256.0, 32.0, 924.0, 922.0]
[176.0, 32.0, 844.0, 923.0]
[272.0, 48.0, 941.0, 940.0]
[208.0, 16.0, 878.0, 909.0]
[192.0, 80.0, 862.0, 974.0]
[128.0, 64.0, 799.0, 959.0]
[272.0, 32.0, 944.0, 928.0]
[304.0, 64.0, 977.0, 961.0]
[256.0, 64.0, 930.0, 962.0]
[128.0, 96.0, 802.0, 995.0]
[144.0, 32.0, 819.0, 932.0]
[144.0, 112.0, 820.0, 1013.0]
[144.0, 96.0, 820.0, 998.0]
[224.0, 0.0, 901.0, 903.0]
[160.0, 64.0, 838.0, 968.0]
[192.0, 64.0, 871.0, 969.0]
[112.0, 96.0, 792.0, 1002.0]
[176.0, 64.0, 856.0, 971.0]
[176.0, 112.0, 857.0, 1020.0]
[208.0, 16.0, 890.0, 925.0]
[320.0, 80.0, 1002.0, 990.0]
[192.0, 0.0, 875.0, 911.0]
[144.0, 48.0, 828.0, 960.0]
[240.0, 80.0, 925.0, 993.0]
[256.0, 0.0, 942.0, 914.0]
[144.0, 96.0, 830.0, 1011.0]
[304.0, 48.0, 991.0, 964.0]
[256.0, 32.0, 944.0, 949.0]
[144.0, 48.0, 832.0, 966.0]
[224.0, 16.0, 913.0, 935.0]
[320.0, 80.0, 1010.0, 1000.0]
[96.0, 32.0, 787.0, 953.0]
[304.0, 0.0, 996.0, 922.0]
[256.0, 16.0, 948.0, 939.0]
[208.0, 80.0, 901.0, 1004.0]
[112.0, 80.0, 806.0, 1005.0]
[208.0, 80.0, 902.0, 1006.0]
[256.0, 32.0, 951.0, 959.0]
[176.0, 0.0, 872.0, 928.0]
[160.0, 16.0, 857.0, 945.0]
[272.0, 32.0, 970.0, 962.0]
[144.0, 16.0, 842.0, 947.0]
[256.0, 32.0, 955.0, 964.0]
[176.0, 0.0, 876.0, 933.0]
[256.0, 32.0, 956.0, 966.0]
[112.0, 0.0, 813.0, 935.0]
[96.0, 16.0, 798.0, 952.0]
[96.0, 80.0, 799.0, 1017.0]
[176.0, 48.0, 880.0, 986.0]
[256.0, 64.0, 960.0, 1003.0]
[208.0, 16.0, 913.0, 956.0]
[80.0, 48.0, 786.0, 989.0]
[144.0, 80.0, 850.0, 1022.0]
[80.0, 48.0, 787.0, 991.0]
[256.0, 32.0, 964.0, 976.0]
[112.0, 0.0, 821.0, 945.0]
[192.0, 32.0, 902.0, 978.0]
[160.0, 32.0, 870.0, 979.0]
[288.0, 0.0, 999.0, 948.0]
[288.0, 32.0, 1000.0, 981.0]
[80.0, 48.0, 792.0, 998.0]
[240.0, 16.0, 953.0, 967.0]
[128.0, 64.0, 842.0, 1016.0]
[256.0, 16.0, 971.0, 969.0]
[160.0, 32.0, 876.0, 986.0]
[128.0, 0.0, 844.0, 955.0]
[304.0, 32.0, 1021.0, 988.0]
[256.0, 16.0, 974.0, 973.0]
[288.0, 32.0, 1006.0, 990.0]
[176.0, 32.0, 895.0, 991.0]
[240.0, 32.0, 960.0, 992.0]
[224.0, 32.0, 945.0, 993.0]
[144.0, 48.0, 866.0, 1010.0]
[128.0, 48.0, 850.0, 1011.0]
[96.0, 16.0, 819.0, 980.0]
[176.0, 32.0, 900.0, 997.0]
[208.0, 32.0, 932.0, 998.0]
[192.0, 16.0, 917.0, 983.0]
[272.0, 0.0, 998.0, 968.0]
[144.0, 16.0, 871.0, 985.0]
[240.0, 0.0, 968.0, 970.0]
[160.0, 0.0, 888.0, 971.0]
[240.0, 0.0, 969.0, 972.0]
[192.0, 32.0, 922.0, 1005.0]
[160.0, 0.0, 890.0, 974.0]
[160.0, 16.0, 891.0, 991.0]
[224.0, 0.0, 956.0, 976.0]
[176.0, 32.0, 909.0, 1009.0]
[256.0, 0.0, 990.0, 978.0]
[80.0, 16.0, 814.0, 995.0]
[96.0, 32.0, 831.0, 1012.0]
[224.0, 32.0, 960.0, 1013.0]
[208.0, 32.0, 944.0, 1014.0]
[272.0, 16.0, 1009.0, 999.0]
[208.0, 0.0, 946.0, 984.0]
[208.0, 32.0, 947.0, 1017.0]
[112.0, 16.0, 852.0, 1002.0]
[64.0, 16.0, 804.0, 1003.0]
[128.0, 32.0, 869.0, 1020.0]
[112.0, 0.0, 854.0, 989.0]
[80.0, 0.0, 822.0, 990.0]
[176.0, 0.0, 919.0, 991.0]
[256.0, 32.0, 1000.0, 1024.0]
[176.0, 0.0, 921.0, 993.0]
[64.0, 16.0, 810.0, 1010.0]
[160.0, 16.0, 906.0, 1011.0]
[224.0, 16.0, 971.0, 1012.0]
[80.0, 0.0, 828.0, 997.0]
[128.0, 16.0, 876.0, 1014.0]
[224.0, 0.0, 973.0, 999.0]
[272.0, 0.0, 1022.0, 1000.0]
[256.0, 0.0, 1007.0, 1001.0]
[64.0, 0.0, 816.0, 1002.0]
[192.0, 0.0, 944.0, 1003.0]
[160.0, 0.0, 913.0, 1004.0]
[144.0, 16.0, 898.0, 1021.0]
[80.0, 0.0, 834.0, 1006.0]
[224.0, 0.0, 979.0, 1007.0]
[64.0, 0.0, 820.0, 1008.0]
[128.0, 0.0, 885.0, 1009.0]
[64.0, 0.0, 822.0, 1010.0]
[160.0, 0.0, 918.0, 1011.0]
[144.0, 0.0, 903.0, 1012.0]
[112.0, 0.0, 872.0, 1013.0]
[80.0, 0.0, 840.0, 1014.0]
[112.0, 0.0, 873.0, 1015.0]
[96.0, 0.0, 858.0, 1016.0]
[112.0, 0.0, 875.0, 1017.0]
[144.0, 0.0, 908.0, 1018.0]
[64.0, 0.0, 828.0, 1019.0]
[112.0, 0.0, 877.0, 1020.0]
[144.0, 0.0, 910.0, 1021.0]
[96.0, 0.0, 862.0, 1022.0]
[112.0, 0.0, 879.0, 1023.0]
[176.0, 0.0, 944.0, 1024.0]
