[240.0, 64.0, 957.0, 602.0]
[112.0, 48.0, 830.0, 586.0]
[80.0, 32.0, 799.0, 571.0]
[272.0, 32.0, 992.0, 572.0]
[256.0, 32.0, 977.0, 573.0]
[224.0, 48.0, 946.0, 590.0]
[160.0, 64.0, 883.0, 606.0]
[112.0, 16.0, 836.0, 559.0]
[176.0, 64.0, 901.0, 608.0]
[208.0, 64.0, 934.0, 608.0]
[256.0, 64.0, 983.0, 609.0]
[112.0, 48.0, 840.0, 594.0]
[144.0, 64.0, 873.0, 611.0]
[112.0, 16.0, 842.0, 564.0]
[208.0, 48.0, 939.0, 596.0]
[176.0, 32.0, 908.0, 581.0]
[144.0, 32.0, 877.0, 582.0]
[64.0, 64.0, 798.0, 614.0]
[32.0, 48.0, 767.0, 599.0]
[144.0, 48.0, 880.0, 600.0]
[64.0, 64.0, 801.0, 617.0]
[192.0, 16.0, 930.0, 570.0]
[240.0, 48.0, 979.0, 602.0]
[16.0, 48.0, 756.0, 603.0]
[176.0, 16.0, 917.0, 572.0]
[160.0, 16.0, 902.0, 572.0]
[32.0, 48.0, 775.0, 605.0]
[256.0, 16.0, 1000.0, 574.0]
[240.0, 32.0, 985.0, 591.0]
[160.0, 16.0, 906.0, 576.0]
[240.0, 64.0, 987.0, 624.0]
[48.0, 16.0, 796.0, 577.0]
[96.0, 16.0, 845.0, 578.0]
[176.0, 0.0, 926.0, 562.0]
[272.0, 32.0, 1023.0, 595.0]
[80.0, 0.0, 832.0, 564.0]
[32.0, 64.0, 785.0, 629.0]
[128.0, 32.0, 882.0, 598.0]
[240.0, 48.0, 995.0, 614.0]
[176.0, 48.0, 932.0, 615.0]
[80.0, 0.0, 837.0, 568.0]
[208.0, 0.0, 966.0, 568.0]
[144.0, 0.0, 903.0, 569.0]
[208.0, 0.0, 968.0, 570.0]
[80.0, 16.0, 841.0, 587.0]
[192.0, 16.0, 954.0, 588.0]
[144.0, 32.0, 907.0, 604.0]
[160.0, 16.0, 924.0, 589.0]
[208.0, 16.0, 973.0, 590.0]
[64.0, 0.0, 830.0, 574.0]
[64.0, 32.0, 831.0, 607.0]
[160.0, 0.0, 928.0, 576.0]
[48.0, 64.0, 817.0, 641.0]
[224.0, 48.0, 994.0, 626.0]
[160.0, 16.0, 931.0, 594.0]
[48.0, 16.0, 820.0, 595.0]
[128.0, 0.0, 901.0, 580.0]
[192.0, 32.0, 966.0, 612.0]
[32.0, 64.0, 807.0, 645.0]
[96.0, 0.0, 872.0, 582.0]
[176.0, 0.0, 953.0, 583.0]
[192.0, 32.0, 970.0, 616.0]
[240.0, 32.0, 1019.0, 616.0]
[64.0, 48.0, 844.0, 633.0]
[96.0, 32.0, 877.0, 618.0]
[32.0, 48.0, 814.0, 634.0]
[112.0, 16.0, 895.0, 603.0]
[48.0, 32.0, 832.0, 620.0]
[128.0, 48.0, 913.0, 637.0]
[224.0, 16.0, 1010.0, 606.0]
[96.0, 64.0, 883.0, 654.0]
[176.0, 48.0, 964.0, 639.0]
[96.0, 16.0, 885.0, 608.0]
[128.0, 64.0, 918.0, 656.0]
[0.0, 16.0, 791.0, 609.0]
[112.0, 48.0, 904.0, 642.0]
[160.0, 48.0, 953.0, 643.0]
[0.0, 0.0, 794.0, 596.0]
[224.0, 48.0, 1019.0, 644.0]
[96.0, 32.0, 892.0, 629.0]
[64.0, 48.0, 861.0, 646.0]
[16.0, 48.0, 814.0, 646.0]
[208.0, 0.0, 1007.0, 599.0]
[32.0, 48.0, 832.0, 648.0]
[160.0, 32.0, 961.0, 633.0]
[96.0, 64.0, 898.0, 666.0]
[32.0, 0.0, 835.0, 602.0]
[0.0, 0.0, 804.0, 603.0]
[208.0, 0.0, 1013.0, 604.0]
[160.0, 0.0, 966.0, 604.0]
[144.0, 48.0, 951.0, 653.0]
[16.0, 32.0, 824.0, 638.0]
[112.0, 64.0, 921.0, 671.0]
[32.0, 64.0, 842.0, 672.0]
[192.0, 32.0, 1003.0, 640.0]
[192.0, 32.0, 1004.0, 641.0]
[48.0, 48.0, 861.0, 658.0]
[96.0, 64.0, 910.0, 674.0]
[192.0, 32.0, 1007.0, 643.0]
[176.0, 64.0, 992.0, 676.0]
[64.0, 48.0, 881.0, 661.0]
[144.0, 32.0, 962.0, 646.0]
[0.0, 32.0, 819.0, 646.0]
[128.0, 16.0, 948.0, 631.0]
[128.0, 64.0, 949.0, 680.0]
[192.0, 32.0, 1014.0, 648.0]
[96.0, 0.0, 919.0, 617.0]
[176.0, 64.0, 1000.0, 682.0]
[80.0, 32.0, 905.0, 651.0]
[80.0, 32.0, 906.0, 652.0]
[192.0, 16.0, 1019.0, 636.0]
[192.0, 32.0, 1020.0, 653.0]
[144.0, 32.0, 973.0, 654.0]
[176.0, 32.0, 1006.0, 654.0]
[128.0, 0.0, 959.0, 623.0]
[112.0, 16.0, 944.0, 640.0]
[144.0, 64.0, 977.0, 689.0]
[144.0, 32.0, 978.0, 658.0]
[128.0, 0.0, 963.0, 626.0]
[0.0, 48.0, 836.0, 675.0]
[144.0, 48.0, 981.0, 676.0]
[32.0, 0.0, 870.0, 628.0]
[48.0, 16.0, 887.0, 645.0]
[32.0, 48.0, 872.0, 678.0]
[16.0, 0.0, 857.0, 631.0]
[64.0, 48.0, 906.0, 680.0]
[112.0, 32.0, 955.0, 664.0]
[144.0, 16.0, 988.0, 649.0]
[144.0, 32.0, 989.0, 666.0]
[0.0, 16.0, 846.0, 650.0]
[48.0, 48.0, 895.0, 683.0]
[144.0, 0.0, 992.0, 636.0]
[128.0, 0.0, 977.0, 637.0]
[64.0, 48.0, 914.0, 686.0]
[16.0, 0.0, 867.0, 638.0]
[128.0, 32.0, 980.0, 671.0]
[112.0, 0.0, 965.0, 640.0]
[32.0, 0.0, 886.0, 640.0]
[96.0, 32.0, 951.0, 673.0]
[48.0, 16.0, 904.0, 658.0]
[0.0, 32.0, 857.0, 675.0]
[64.0, 0.0, 922.0, 644.0]
[160.0, 16.0, 1019.0, 660.0]
[64.0, 0.0, 924.0, 645.0]
[128.0, 0.0, 989.0, 646.0]
[128.0, 32.0, 990.0, 678.0]
[96.0, 16.0, 959.0, 663.0]
[112.0, 16.0, 976.0, 664.0]
[64.0, 32.0, 929.0, 681.0]
[112.0, 16.0, 978.0, 666.0]
[64.0, 0.0, 931.0, 650.0]
[96.0, 32.0, 964.0, 683.0]
[112.0, 16.0, 981.0, 668.0]
[128.0, 0.0, 998.0, 652.0]
[0.0, 0.0, 871.0, 653.0]
[48.0, 16.0, 920.0, 670.0]
[48.0, 16.0, 921.0, 671.0]
[48.0, 0.0, 922.0, 656.0]
[112.0, 16.0, 987.0, 672.0]
[80.0, 0.0, 956.0, 657.0]
[112.0, 16.0, 989.0, 674.0]
[32.0, 0.0, 910.0, 658.0]
[80.0, 16.0, 959.0, 675.0]
[64.0, 0.0, 944.0, 660.0]
[48.0, 0.0, 929.0, 661.0]
[96.0, 16.0, 978.0, 678.0]
[112.0, 0.0, 995.0, 662.0]
[112.0, 0.0, 996.0, 663.0]
[0.0, 0.0, 885.0, 664.0]
[128.0, 16.0, 1014.0, 680.0]
[112.0, 16.0, 999.0, 681.0]
[80.0, 16.0, 968.0, 682.0]
[32.0, 16.0, 921.0, 683.0]
[32.0, 0.0, 922.0, 668.0]
[128.0, 16.0, 1019.0, 684.0]
[0.0, 0.0, 892.0, 669.0]
[96.0, 16.0, 989.0, 686.0]
[16.0, 0.0, 910.0, 670.0]
[96.0, 0.0, 991.0, 671.0]
[32.0, 16.0, 928.0, 688.0]
[112.0, 16.0, 1009.0, 689.0]
[80.0, 0.0, 978.0, 674.0]
[80.0, 0.0, 979.0, 674.0]
[80.0, 0.0, 980.0, 675.0]
[32.0, 0.0, 933.0, 676.0]
[64.0, 0.0, 966.0, 676.0]
[112.0, 0.0, 1015.0, 677.0]
[0.0, 0.0, 904.0, 678.0]
[112.0, 0.0, 1017.0, 679.0]
[0.0, 0.0, 906.0, 680.0]
[96.0, 0.0, 1003.0, 680.0]
[96.0, 0.0, 1004.0, 681.0]
[48.0, 0.0, 957.0, 682.0]
[112.0, 0.0, 1022.0, 682.0]
[0.0, 0.0, 911.0, 683.0]
[80.0, 0.0, 992.0, 684.0]
[0.0, 0.0, 913.0, 685.0]
[80.0, 0.0, 994.0, 686.0]
[80.0, 0.0, 995.0, 686.0]
[48.0, 0.0, 964.0, 687.0]
[32.0, 0.0, 949.0, 688.0]
[32.0, 0.0, 950.0, 688.0]
[48.0, 0.0, 967.0, 689.0]
