[192.0, 32.0, 909.0, 570.0]
[256.0, 64.0, 974.0, 602.0]
[64.0, 64.0, 783.0, 603.0]
[80.0, 48.0, 800.0, 588.0]
[112.0, 16.0, 833.0, 557.0]
[48.0, 16.0, 770.0, 558.0]
[80.0, 16.0, 803.0, 558.0]
[112.0, 16.0, 836.0, 559.0]
[208.0, 16.0, 933.0, 560.0]
[64.0, 16.0, 790.0, 560.0]
[48.0, 64.0, 775.0, 609.0]
[96.0, 48.0, 824.0, 594.0]
[176.0, 64.0, 905.0, 611.0]
[64.0, 64.0, 794.0, 612.0]
[96.0, 32.0, 827.0, 580.0]
[240.0, 64.0, 972.0, 613.0]
[272.0, 32.0, 1005.0, 582.0]
[256.0, 16.0, 990.0, 566.0]
[16.0, 32.0, 751.0, 583.0]
[16.0, 48.0, 752.0, 600.0]
[48.0, 16.0, 785.0, 569.0]
[240.0, 64.0, 978.0, 618.0]
[256.0, 16.0, 995.0, 570.0]
[80.0, 32.0, 820.0, 587.0]
[32.0, 48.0, 773.0, 604.0]
[96.0, 16.0, 838.0, 572.0]
[80.0, 16.0, 823.0, 573.0]
[64.0, 16.0, 808.0, 574.0]
[64.0, 48.0, 809.0, 607.0]
[80.0, 64.0, 826.0, 624.0]
[80.0, 48.0, 827.0, 608.0]
[96.0, 0.0, 844.0, 561.0]
[96.0, 64.0, 845.0, 626.0]
[240.0, 48.0, 990.0, 610.0]
[32.0, 16.0, 783.0, 579.0]
[80.0, 64.0, 832.0, 628.0]
[0.0, 32.0, 753.0, 597.0]
[176.0, 48.0, 930.0, 614.0]
[160.0, 64.0, 915.0, 630.0]
[208.0, 64.0, 964.0, 631.0]
[80.0, 0.0, 837.0, 568.0]
[208.0, 48.0, 966.0, 616.0]
[224.0, 0.0, 983.0, 569.0]
[112.0, 16.0, 872.0, 586.0]
[80.0, 0.0, 841.0, 571.0]
[32.0, 48.0, 794.0, 620.0]
[16.0, 48.0, 779.0, 620.0]
[64.0, 32.0, 828.0, 605.0]
[112.0, 48.0, 877.0, 622.0]
[160.0, 64.0, 926.0, 638.0]
[96.0, 16.0, 863.0, 591.0]
[48.0, 32.0, 816.0, 608.0]
[128.0, 0.0, 897.0, 577.0]
[144.0, 32.0, 914.0, 610.0]
[16.0, 32.0, 787.0, 610.0]
[96.0, 16.0, 868.0, 595.0]
[32.0, 64.0, 805.0, 644.0]
[32.0, 0.0, 806.0, 580.0]
[160.0, 64.0, 935.0, 645.0]
[160.0, 64.0, 936.0, 646.0]
[224.0, 48.0, 1001.0, 631.0]
[64.0, 16.0, 842.0, 600.0]
[208.0, 64.0, 987.0, 648.0]
[160.0, 48.0, 940.0, 633.0]
[64.0, 16.0, 845.0, 602.0]
[48.0, 32.0, 830.0, 618.0]
[224.0, 48.0, 1007.0, 635.0]
[208.0, 16.0, 992.0, 604.0]
[192.0, 48.0, 977.0, 637.0]
[144.0, 32.0, 930.0, 622.0]
[32.0, 64.0, 819.0, 654.0]
[48.0, 0.0, 836.0, 591.0]
[224.0, 0.0, 1013.0, 592.0]
[112.0, 64.0, 902.0, 656.0]
[224.0, 32.0, 1015.0, 625.0]
[64.0, 32.0, 856.0, 626.0]
[112.0, 0.0, 905.0, 595.0]
[112.0, 48.0, 906.0, 644.0]
[128.0, 48.0, 923.0, 644.0]
[176.0, 0.0, 972.0, 597.0]
[112.0, 16.0, 909.0, 614.0]
[144.0, 64.0, 942.0, 662.0]
[112.0, 64.0, 911.0, 663.0]
[80.0, 0.0, 880.0, 600.0]
[176.0, 0.0, 977.0, 601.0]
[144.0, 64.0, 946.0, 666.0]
[16.0, 0.0, 819.0, 602.0]
[208.0, 32.0, 1012.0, 635.0]
[176.0, 48.0, 981.0, 652.0]
[208.0, 48.0, 1014.0, 652.0]
[192.0, 32.0, 999.0, 637.0]
[160.0, 16.0, 968.0, 622.0]
[48.0, 0.0, 857.0, 607.0]
[48.0, 0.0, 858.0, 608.0]
[176.0, 64.0, 987.0, 672.0]
[16.0, 0.0, 828.0, 609.0]
[64.0, 16.0, 877.0, 626.0]
[32.0, 0.0, 846.0, 610.0]
[64.0, 32.0, 879.0, 643.0]
[96.0, 32.0, 912.0, 644.0]
[96.0, 16.0, 913.0, 629.0]
[16.0, 48.0, 834.0, 662.0]
[112.0, 16.0, 931.0, 630.0]
[144.0, 48.0, 964.0, 663.0]
[16.0, 32.0, 837.0, 648.0]
[160.0, 16.0, 982.0, 632.0]
[16.0, 32.0, 839.0, 649.0]
[112.0, 48.0, 936.0, 666.0]
[144.0, 64.0, 969.0, 683.0]
[64.0, 48.0, 890.0, 668.0]
[96.0, 16.0, 923.0, 636.0]
[64.0, 0.0, 892.0, 621.0]
[48.0, 16.0, 877.0, 638.0]
[176.0, 48.0, 1006.0, 670.0]
[48.0, 0.0, 879.0, 623.0]
[64.0, 16.0, 896.0, 640.0]
[80.0, 0.0, 913.0, 625.0]
[176.0, 16.0, 1010.0, 642.0]
[64.0, 16.0, 899.0, 642.0]
[32.0, 16.0, 868.0, 643.0]
[80.0, 16.0, 917.0, 644.0]
[80.0, 16.0, 918.0, 644.0]
[80.0, 48.0, 919.0, 677.0]
[128.0, 32.0, 968.0, 662.0]
[64.0, 32.0, 905.0, 663.0]
[112.0, 32.0, 954.0, 664.0]
[16.0, 32.0, 859.0, 664.0]
[16.0, 0.0, 860.0, 633.0]
[32.0, 48.0, 877.0, 682.0]
[160.0, 16.0, 1006.0, 650.0]
[80.0, 48.0, 927.0, 683.0]
[64.0, 32.0, 912.0, 668.0]
[64.0, 32.0, 913.0, 669.0]
[16.0, 0.0, 866.0, 638.0]
[32.0, 16.0, 883.0, 654.0]
[64.0, 32.0, 916.0, 671.0]
[64.0, 0.0, 917.0, 640.0]
[160.0, 16.0, 1014.0, 656.0]
[32.0, 32.0, 887.0, 673.0]
[0.0, 32.0, 856.0, 674.0]
[112.0, 32.0, 969.0, 675.0]
[112.0, 16.0, 970.0, 660.0]
[112.0, 32.0, 971.0, 676.0]
[80.0, 0.0, 940.0, 645.0]
[0.0, 0.0, 861.0, 646.0]
[112.0, 32.0, 974.0, 678.0]
[112.0, 16.0, 975.0, 663.0]
[160.0, 16.0, 1024.0, 664.0]
[0.0, 32.0, 865.0, 681.0]
[80.0, 0.0, 946.0, 650.0]
[80.0, 32.0, 947.0, 682.0]
[48.0, 0.0, 916.0, 651.0]
[144.0, 0.0, 1013.0, 652.0]
[48.0, 0.0, 918.0, 652.0]
[96.0, 0.0, 967.0, 653.0]
[16.0, 16.0, 888.0, 670.0]
[112.0, 16.0, 985.0, 671.0]
[0.0, 0.0, 874.0, 656.0]
[48.0, 0.0, 923.0, 656.0]
[80.0, 16.0, 956.0, 673.0]
[32.0, 0.0, 909.0, 658.0]
[144.0, 0.0, 1022.0, 658.0]
[80.0, 16.0, 959.0, 675.0]
[64.0, 0.0, 944.0, 660.0]
[112.0, 0.0, 993.0, 661.0]
[112.0, 0.0, 994.0, 662.0]
[96.0, 0.0, 979.0, 662.0]
[112.0, 0.0, 996.0, 663.0]
[48.0, 16.0, 933.0, 680.0]
[64.0, 0.0, 950.0, 664.0]
[128.0, 16.0, 1015.0, 681.0]
[48.0, 0.0, 936.0, 666.0]
[96.0, 0.0, 985.0, 667.0]
[0.0, 0.0, 890.0, 668.0]
[16.0, 0.0, 907.0, 668.0]
[48.0, 0.0, 940.0, 669.0]
[32.0, 0.0, 925.0, 670.0]
[32.0, 0.0, 926.0, 670.0]
[80.0, 0.0, 975.0, 671.0]
[16.0, 0.0, 912.0, 672.0]
[0.0, 0.0, 897.0, 673.0]
[96.0, 0.0, 994.0, 674.0]
[112.0, 0.0, 1011.0, 674.0]
[48.0, 0.0, 948.0, 675.0]
[64.0, 0.0, 965.0, 676.0]
[48.0, 0.0, 950.0, 676.0]
[48.0, 0.0, 951.0, 677.0]
[112.0, 0.0, 1016.0, 678.0]
[48.0, 0.0, 953.0, 679.0]
[64.0, 0.0, 970.0, 680.0]
[32.0, 0.0, 939.0, 680.0]
[80.0, 0.0, 988.0, 681.0]
[16.0, 0.0, 925.0, 682.0]
[0.0, 0.0, 910.0, 682.0]
[96.0, 0.0, 1007.0, 683.0]
