[176.0, 64.0, 893.0, 602.0]
[128.0, 48.0, 846.0, 586.0]
[144.0, 112.0, 863.0, 651.0]
[160.0, 96.0, 880.0, 636.0]
[176.0, 160.0, 897.0, 701.0]
[144.0, 112.0, 866.0, 654.0]
[144.0, 16.0, 867.0, 558.0]
[96.0, 160.0, 820.0, 703.0]
[112.0, 64.0, 837.0, 608.0]
[96.0, 160.0, 822.0, 704.0]
[160.0, 48.0, 887.0, 593.0]
[176.0, 96.0, 904.0, 642.0]
[176.0, 96.0, 905.0, 643.0]
[192.0, 144.0, 922.0, 692.0]
[144.0, 16.0, 875.0, 564.0]
[128.0, 80.0, 860.0, 629.0]
[112.0, 80.0, 845.0, 630.0]
[96.0, 64.0, 830.0, 614.0]
[176.0, 112.0, 911.0, 663.0]
[160.0, 176.0, 896.0, 728.0]
[176.0, 48.0, 913.0, 601.0]
[176.0, 160.0, 914.0, 714.0]
[176.0, 128.0, 915.0, 682.0]
[176.0, 32.0, 916.0, 587.0]
[144.0, 176.0, 885.0, 732.0]
[112.0, 144.0, 854.0, 700.0]
[144.0, 0.0, 887.0, 557.0]
[96.0, 96.0, 840.0, 654.0]
[144.0, 144.0, 889.0, 703.0]
[96.0, 16.0, 842.0, 576.0]
[192.0, 112.0, 939.0, 672.0]
[96.0, 128.0, 844.0, 689.0]
[160.0, 32.0, 909.0, 594.0]
[144.0, 160.0, 894.0, 722.0]
[64.0, 112.0, 815.0, 675.0]
[192.0, 144.0, 944.0, 708.0]
[112.0, 160.0, 865.0, 725.0]
[192.0, 32.0, 946.0, 598.0]
[64.0, 96.0, 819.0, 662.0]
[80.0, 16.0, 836.0, 583.0]
[80.0, 48.0, 837.0, 616.0]
[128.0, 64.0, 886.0, 632.0]
[96.0, 0.0, 855.0, 569.0]
[160.0, 64.0, 920.0, 634.0]
[160.0, 128.0, 921.0, 699.0]
[96.0, 48.0, 858.0, 620.0]
[96.0, 32.0, 859.0, 604.0]
[160.0, 128.0, 924.0, 701.0]
[96.0, 32.0, 861.0, 606.0]
[176.0, 48.0, 942.0, 622.0]
[96.0, 112.0, 863.0, 687.0]
[80.0, 16.0, 848.0, 592.0]
[112.0, 16.0, 881.0, 593.0]
[112.0, 128.0, 882.0, 706.0]
[80.0, 48.0, 851.0, 626.0]
[176.0, 48.0, 948.0, 627.0]
[80.0, 0.0, 853.0, 580.0]
[80.0, 48.0, 854.0, 628.0]
[64.0, 64.0, 839.0, 645.0]
[176.0, 96.0, 952.0, 678.0]
[64.0, 112.0, 841.0, 695.0]
[144.0, 0.0, 922.0, 584.0]
[64.0, 32.0, 843.0, 616.0]
[176.0, 48.0, 956.0, 633.0]
[160.0, 48.0, 941.0, 634.0]
[192.0, 48.0, 974.0, 634.0]
[160.0, 128.0, 943.0, 715.0]
[160.0, 112.0, 944.0, 700.0]
[208.0, 80.0, 993.0, 669.0]
[48.0, 80.0, 834.0, 670.0]
[160.0, 112.0, 947.0, 702.0]
[176.0, 48.0, 964.0, 639.0]
[80.0, 16.0, 869.0, 608.0]
[64.0, 80.0, 854.0, 672.0]
[112.0, 0.0, 903.0, 593.0]
[64.0, 48.0, 856.0, 642.0]
[48.0, 96.0, 841.0, 691.0]
[176.0, 48.0, 970.0, 644.0]
[176.0, 80.0, 971.0, 676.0]
[176.0, 16.0, 972.0, 613.0]
[64.0, 0.0, 861.0, 598.0]
[64.0, 112.0, 862.0, 710.0]
[128.0, 0.0, 927.0, 599.0]
[32.0, 112.0, 832.0, 712.0]
[192.0, 32.0, 993.0, 633.0]
[80.0, 112.0, 882.0, 714.0]
[96.0, 64.0, 899.0, 666.0]
[80.0, 112.0, 884.0, 715.0]
[176.0, 96.0, 981.0, 700.0]
[112.0, 48.0, 918.0, 652.0]
[32.0, 80.0, 839.0, 685.0]
[48.0, 16.0, 856.0, 622.0]
[64.0, 0.0, 873.0, 607.0]
[208.0, 32.0, 1018.0, 640.0]
[32.0, 48.0, 843.0, 656.0]
[208.0, 48.0, 1020.0, 657.0]
[80.0, 48.0, 893.0, 658.0]
[64.0, 32.0, 878.0, 642.0]
[112.0, 0.0, 927.0, 611.0]
[128.0, 80.0, 944.0, 692.0]
[112.0, 64.0, 929.0, 677.0]
[144.0, 48.0, 962.0, 662.0]
[16.0, 80.0, 835.0, 694.0]
[48.0, 80.0, 868.0, 695.0]
[0.0, 64.0, 821.0, 680.0]
[112.0, 112.0, 934.0, 728.0]
[96.0, 32.0, 919.0, 649.0]
[80.0, 64.0, 904.0, 682.0]
[64.0, 112.0, 889.0, 731.0]
[32.0, 64.0, 858.0, 684.0]
[32.0, 48.0, 859.0, 668.0]
[176.0, 48.0, 1004.0, 669.0]
[96.0, 64.0, 925.0, 686.0]
[160.0, 48.0, 990.0, 670.0]
[144.0, 80.0, 975.0, 703.0]
[16.0, 0.0, 848.0, 624.0]
[64.0, 80.0, 897.0, 705.0]
[64.0, 0.0, 898.0, 626.0]
[144.0, 48.0, 979.0, 674.0]
[48.0, 32.0, 884.0, 659.0]
[96.0, 96.0, 933.0, 724.0]
[0.0, 80.0, 838.0, 708.0]
[128.0, 96.0, 967.0, 725.0]
[64.0, 0.0, 904.0, 630.0]
[48.0, 80.0, 889.0, 711.0]
[0.0, 96.0, 842.0, 728.0]
[96.0, 16.0, 939.0, 648.0]
[80.0, 64.0, 924.0, 697.0]
[80.0, 16.0, 925.0, 650.0]
[160.0, 80.0, 1006.0, 714.0]
[64.0, 32.0, 911.0, 667.0]
[80.0, 32.0, 928.0, 668.0]
[16.0, 16.0, 865.0, 653.0]
[80.0, 48.0, 930.0, 686.0]
[64.0, 32.0, 915.0, 670.0]
[144.0, 32.0, 996.0, 671.0]
[128.0, 64.0, 981.0, 704.0]
[0.0, 0.0, 854.0, 640.0]
[144.0, 80.0, 999.0, 721.0]
[0.0, 64.0, 856.0, 706.0]
[96.0, 32.0, 953.0, 675.0]
[0.0, 48.0, 858.0, 692.0]
[80.0, 80.0, 939.0, 724.0]
[32.0, 32.0, 892.0, 677.0]
[48.0, 48.0, 909.0, 694.0]
[80.0, 64.0, 942.0, 710.0]
[16.0, 32.0, 879.0, 679.0]
[96.0, 0.0, 960.0, 648.0]
[32.0, 0.0, 897.0, 649.0]
[112.0, 64.0, 978.0, 714.0]
[48.0, 16.0, 915.0, 666.0]
[64.0, 80.0, 932.0, 731.0]
[80.0, 0.0, 949.0, 652.0]
[80.0, 64.0, 950.0, 716.0]
[112.0, 80.0, 983.0, 733.0]
[128.0, 32.0, 1000.0, 686.0]
[32.0, 16.0, 905.0, 671.0]
[80.0, 64.0, 954.0, 720.0]
[16.0, 0.0, 891.0, 656.0]
[16.0, 16.0, 892.0, 673.0]
[96.0, 64.0, 973.0, 722.0]
[128.0, 32.0, 1006.0, 690.0]
[32.0, 48.0, 911.0, 707.0]
[0.0, 16.0, 880.0, 676.0]
[112.0, 32.0, 993.0, 693.0]
[96.0, 32.0, 978.0, 694.0]
[32.0, 32.0, 915.0, 694.0]
[80.0, 16.0, 964.0, 679.0]
[16.0, 16.0, 901.0, 680.0]
[16.0, 32.0, 902.0, 696.0]
[112.0, 16.0, 999.0, 681.0]
[64.0, 0.0, 952.0, 666.0]
[16.0, 32.0, 905.0, 699.0]
[96.0, 48.0, 986.0, 716.0]
[80.0, 48.0, 971.0, 716.0]
[80.0, 32.0, 972.0, 701.0]
[32.0, 16.0, 925.0, 686.0]
[96.0, 48.0, 990.0, 718.0]
[96.0, 32.0, 991.0, 703.0]
[128.0, 48.0, 1024.0, 720.0]
[64.0, 32.0, 961.0, 705.0]
[112.0, 48.0, 1010.0, 722.0]
[48.0, 0.0, 947.0, 674.0]
[80.0, 48.0, 980.0, 723.0]
[16.0, 48.0, 917.0, 724.0]
[16.0, 16.0, 918.0, 692.0]
[112.0, 32.0, 1015.0, 709.0]
[16.0, 48.0, 920.0, 726.0]
[112.0, 0.0, 1017.0, 679.0]
[112.0, 48.0, 1018.0, 728.0]
[16.0, 32.0, 923.0, 712.0]
[96.0, 32.0, 1004.0, 713.0]
[112.0, 16.0, 1021.0, 698.0]
[48.0, 48.0, 958.0, 730.0]
[32.0, 0.0, 943.0, 683.0]
[112.0, 48.0, 1024.0, 732.0]
[0.0, 32.0, 913.0, 717.0]
[64.0, 0.0, 978.0, 686.0]
[48.0, 0.0, 963.0, 686.0]
[96.0, 0.0, 1012.0, 687.0]
[96.0, 32.0, 1013.0, 720.0]
[16.0, 32.0, 934.0, 720.0]
[32.0, 0.0, 951.0, 689.0]
[32.0, 32.0, 952.0, 722.0]
[16.0, 16.0, 937.0, 707.0]
[80.0, 0.0, 1002.0, 692.0]
[32.0, 16.0, 955.0, 708.0]
[64.0, 0.0, 988.0, 693.0]
[96.0, 32.0, 1021.0, 726.0]
[80.0, 0.0, 1006.0, 694.0]
[48.0, 32.0, 975.0, 727.0]
[80.0, 32.0, 1008.0, 728.0]
[48.0, 16.0, 977.0, 713.0]
[48.0, 32.0, 978.0, 730.0]
[48.0, 32.0, 979.0, 730.0]
[80.0, 16.0, 1012.0, 715.0]
[64.0, 16.0, 997.0, 716.0]
[48.0, 16.0, 982.0, 716.0]
[0.0, 32.0, 935.0, 733.0]
[0.0, 16.0, 936.0, 718.0]
[64.0, 16.0, 1001.0, 719.0]
[32.0, 16.0, 970.0, 720.0]
[80.0, 16.0, 1019.0, 720.0]
[0.0, 16.0, 940.0, 721.0]
[80.0, 16.0, 1021.0, 722.0]
[0.0, 16.0, 942.0, 722.0]
[64.0, 0.0, 1007.0, 707.0]
[80.0, 16.0, 1024.0, 724.0]
[64.0, 16.0, 1009.0, 725.0]
[48.0, 0.0, 994.0, 710.0]
[48.0, 16.0, 995.0, 726.0]
[32.0, 0.0, 980.0, 711.0]
[64.0, 0.0, 1013.0, 712.0]
[16.0, 16.0, 966.0, 728.0]
[16.0, 16.0, 967.0, 729.0]
[48.0, 16.0, 1000.0, 730.0]
[16.0, 0.0, 969.0, 715.0]
[48.0, 16.0, 1002.0, 732.0]
[64.0, 0.0, 1019.0, 716.0]
[32.0, 0.0, 988.0, 717.0]
[48.0, 0.0, 1005.0, 718.0]
[0.0, 0.0, 958.0, 718.0]
[48.0, 0.0, 1007.0, 719.0]
[48.0, 0.0, 1008.0, 720.0]
[0.0, 0.0, 961.0, 721.0]
[16.0, 0.0, 978.0, 722.0]
[16.0, 0.0, 979.0, 722.0]
[0.0, 0.0, 964.0, 723.0]
[16.0, 0.0, 981.0, 724.0]
[48.0, 0.0, 1014.0, 724.0]
[32.0, 0.0, 999.0, 725.0]
[48.0, 0.0, 1016.0, 726.0]
[0.0, 0.0, 969.0, 727.0]
[32.0, 0.0, 1002.0, 728.0]
[0.0, 0.0, 971.0, 728.0]
[16.0, 0.0, 988.0, 729.0]
[48.0, 0.0, 1021.0, 730.0]
[32.0, 0.0, 1006.0, 730.0]
[0.0, 0.0, 975.0, 731.0]
[16.0, 0.0, 992.0, 732.0]
[0.0, 0.0, 977.0, 733.0]
