[32.0, 16.0, 749.0, 554.0]
[80.0, 0.0, 798.0, 538.0]
[272.0, 0.0, 991.0, 539.0]
[160.0, 32.0, 880.0, 572.0]
[48.0, 0.0, 769.0, 541.0]
[256.0, 0.0, 978.0, 542.0]
[224.0, 0.0, 947.0, 542.0]
[176.0, 16.0, 900.0, 559.0]
[32.0, 0.0, 757.0, 544.0]
[48.0, 0.0, 774.0, 544.0]
[96.0, 16.0, 823.0, 561.0]
[128.0, 16.0, 856.0, 562.0]
[32.0, 0.0, 761.0, 547.0]
[176.0, 0.0, 906.0, 548.0]
[96.0, 0.0, 827.0, 548.0]
[240.0, 16.0, 972.0, 565.0]
[16.0, 16.0, 749.0, 566.0]
[48.0, 0.0, 782.0, 550.0]
[208.0, 0.0, 943.0, 551.0]
[128.0, 0.0, 864.0, 552.0]
[272.0, 16.0, 1009.0, 569.0]
[96.0, 16.0, 834.0, 570.0]
[96.0, 16.0, 835.0, 570.0]
[144.0, 0.0, 884.0, 555.0]
[144.0, 0.0, 885.0, 556.0]
[240.0, 16.0, 982.0, 572.0]
[128.0, 0.0, 871.0, 557.0]
[192.0, 16.0, 936.0, 574.0]
[208.0, 0.0, 953.0, 559.0]
[160.0, 16.0, 906.0, 576.0]
[64.0, 16.0, 811.0, 576.0]
[208.0, 0.0, 956.0, 561.0]
[240.0, 0.0, 989.0, 562.0]
[128.0, 0.0, 878.0, 562.0]
[80.0, 0.0, 831.0, 563.0]
[128.0, 0.0, 880.0, 564.0]
[192.0, 0.0, 945.0, 565.0]
[160.0, 0.0, 914.0, 566.0]
[32.0, 0.0, 787.0, 566.0]
[240.0, 0.0, 996.0, 567.0]
[144.0, 0.0, 901.0, 568.0]
[256.0, 0.0, 1014.0, 568.0]
[96.0, 0.0, 855.0, 569.0]
[144.0, 0.0, 904.0, 570.0]
[32.0, 0.0, 793.0, 571.0]
[240.0, 0.0, 1002.0, 572.0]
[192.0, 0.0, 955.0, 572.0]
[128.0, 0.0, 892.0, 573.0]
[144.0, 0.0, 909.0, 574.0]
[96.0, 0.0, 862.0, 574.0]
[160.0, 0.0, 927.0, 575.0]
[160.0, 0.0, 928.0, 576.0]
