[176.0, 32.0, 893.0, 570.0]
[160.0, 16.0, 878.0, 554.0]
[96.0, 0.0, 815.0, 539.0]
[160.0, 16.0, 880.0, 556.0]
[224.0, 32.0, 945.0, 573.0]
[176.0, 48.0, 898.0, 590.0]
[32.0, 32.0, 755.0, 574.0]
[192.0, 0.0, 916.0, 543.0]
[32.0, 80.0, 757.0, 624.0]
[112.0, 80.0, 838.0, 624.0]
[144.0, 32.0, 871.0, 577.0]
[160.0, 80.0, 888.0, 626.0]
[64.0, 80.0, 793.0, 627.0]
[0.0, 64.0, 730.0, 612.0]
[64.0, 48.0, 795.0, 596.0]
[80.0, 96.0, 812.0, 645.0]
[80.0, 0.0, 813.0, 550.0]
[192.0, 48.0, 926.0, 598.0]
[144.0, 64.0, 879.0, 615.0]
[16.0, 48.0, 752.0, 600.0]
[160.0, 0.0, 897.0, 553.0]
[16.0, 64.0, 754.0, 618.0]
[160.0, 96.0, 899.0, 650.0]
[160.0, 0.0, 900.0, 555.0]
[160.0, 32.0, 901.0, 588.0]
[208.0, 16.0, 950.0, 572.0]
[192.0, 64.0, 935.0, 621.0]
[176.0, 64.0, 920.0, 622.0]
[176.0, 16.0, 921.0, 575.0]
[0.0, 32.0, 746.0, 592.0]
[160.0, 80.0, 907.0, 640.0]
[128.0, 16.0, 876.0, 577.0]
[48.0, 16.0, 797.0, 578.0]
[48.0, 80.0, 798.0, 642.0]
[96.0, 32.0, 847.0, 595.0]
[0.0, 32.0, 752.0, 596.0]
[96.0, 32.0, 849.0, 597.0]
[64.0, 0.0, 818.0, 566.0]
[32.0, 0.0, 787.0, 566.0]
[176.0, 16.0, 932.0, 583.0]
[128.0, 32.0, 885.0, 600.0]
[32.0, 80.0, 790.0, 648.0]
[96.0, 32.0, 855.0, 601.0]
[80.0, 96.0, 840.0, 666.0]
[80.0, 48.0, 841.0, 619.0]
[112.0, 48.0, 874.0, 620.0]
[16.0, 32.0, 779.0, 604.0]
[64.0, 16.0, 828.0, 589.0]
[192.0, 0.0, 957.0, 574.0]
[112.0, 48.0, 878.0, 622.0]
[128.0, 96.0, 895.0, 671.0]
[64.0, 48.0, 832.0, 624.0]
[192.0, 0.0, 961.0, 577.0]
[48.0, 48.0, 818.0, 626.0]
[80.0, 48.0, 851.0, 626.0]
[144.0, 0.0, 916.0, 579.0]
[96.0, 64.0, 869.0, 644.0]
[64.0, 32.0, 838.0, 612.0]
[64.0, 64.0, 839.0, 645.0]
[0.0, 16.0, 776.0, 598.0]
[96.0, 0.0, 873.0, 583.0]
[0.0, 0.0, 778.0, 584.0]
[96.0, 80.0, 875.0, 664.0]
[96.0, 80.0, 876.0, 665.0]
[48.0, 80.0, 829.0, 666.0]
[80.0, 32.0, 862.0, 618.0]
[80.0, 64.0, 863.0, 651.0]
[16.0, 48.0, 800.0, 636.0]
[0.0, 16.0, 785.0, 605.0]
[192.0, 16.0, 978.0, 606.0]
[0.0, 48.0, 787.0, 638.0]
[80.0, 80.0, 868.0, 671.0]
[160.0, 48.0, 949.0, 640.0]
[80.0, 0.0, 870.0, 592.0]
[80.0, 48.0, 871.0, 641.0]
[160.0, 32.0, 952.0, 626.0]
[112.0, 48.0, 905.0, 643.0]
[96.0, 64.0, 890.0, 660.0]
[176.0, 0.0, 971.0, 596.0]
[96.0, 48.0, 892.0, 645.0]
[48.0, 64.0, 845.0, 662.0]
[144.0, 48.0, 942.0, 646.0]
[64.0, 64.0, 863.0, 663.0]
[112.0, 48.0, 912.0, 648.0]
[192.0, 32.0, 993.0, 633.0]
[192.0, 0.0, 994.0, 602.0]
[48.0, 16.0, 851.0, 618.0]
[16.0, 80.0, 820.0, 683.0]
[16.0, 0.0, 821.0, 604.0]
[48.0, 32.0, 854.0, 636.0]
[16.0, 0.0, 823.0, 605.0]
[160.0, 0.0, 968.0, 606.0]
[0.0, 48.0, 809.0, 655.0]
[32.0, 48.0, 842.0, 656.0]
[48.0, 32.0, 859.0, 640.0]
[128.0, 0.0, 940.0, 609.0]
[64.0, 48.0, 877.0, 658.0]
[64.0, 48.0, 878.0, 658.0]
[16.0, 32.0, 831.0, 643.0]
[16.0, 32.0, 832.0, 644.0]
[64.0, 32.0, 881.0, 645.0]
[160.0, 32.0, 978.0, 646.0]
[96.0, 64.0, 915.0, 678.0]
[112.0, 16.0, 932.0, 631.0]
[80.0, 0.0, 901.0, 616.0]
[144.0, 16.0, 966.0, 632.0]
[64.0, 0.0, 887.0, 617.0]
[16.0, 64.0, 840.0, 682.0]
[112.0, 16.0, 937.0, 635.0]
[80.0, 48.0, 906.0, 668.0]
[32.0, 16.0, 859.0, 636.0]
[144.0, 16.0, 972.0, 637.0]
[16.0, 32.0, 845.0, 654.0]
[144.0, 48.0, 974.0, 670.0]
[32.0, 32.0, 863.0, 655.0]
[112.0, 16.0, 944.0, 640.0]
[112.0, 48.0, 945.0, 673.0]
[80.0, 48.0, 914.0, 674.0]
[160.0, 32.0, 995.0, 658.0]
[48.0, 16.0, 884.0, 643.0]
[0.0, 48.0, 837.0, 676.0]
[0.0, 16.0, 838.0, 644.0]
[80.0, 16.0, 919.0, 645.0]
[32.0, 32.0, 872.0, 662.0]
[96.0, 48.0, 937.0, 679.0]
[144.0, 32.0, 986.0, 664.0]
[128.0, 16.0, 971.0, 648.0]
[0.0, 32.0, 844.0, 665.0]
[96.0, 16.0, 941.0, 650.0]
[144.0, 32.0, 990.0, 666.0]
[80.0, 32.0, 927.0, 667.0]
[32.0, 32.0, 880.0, 668.0]
[128.0, 0.0, 977.0, 637.0]
[64.0, 16.0, 914.0, 654.0]
[64.0, 16.0, 915.0, 654.0]
[96.0, 32.0, 948.0, 671.0]
[144.0, 32.0, 997.0, 672.0]
[0.0, 0.0, 854.0, 640.0]
[0.0, 32.0, 855.0, 673.0]
[0.0, 16.0, 856.0, 658.0]
[0.0, 0.0, 857.0, 643.0]
[0.0, 16.0, 858.0, 660.0]
[112.0, 16.0, 971.0, 660.0]
[96.0, 32.0, 956.0, 677.0]
[0.0, 32.0, 861.0, 678.0]
[128.0, 0.0, 990.0, 646.0]
[48.0, 16.0, 911.0, 663.0]
[0.0, 16.0, 864.0, 664.0]
[0.0, 16.0, 865.0, 665.0]
[32.0, 0.0, 898.0, 650.0]
[16.0, 0.0, 883.0, 650.0]
[0.0, 0.0, 868.0, 651.0]
[64.0, 0.0, 933.0, 652.0]
[64.0, 16.0, 934.0, 668.0]
[96.0, 0.0, 967.0, 653.0]
[96.0, 0.0, 968.0, 654.0]
[32.0, 0.0, 905.0, 655.0]
[32.0, 16.0, 906.0, 672.0]
[0.0, 16.0, 875.0, 672.0]
[64.0, 0.0, 940.0, 657.0]
[0.0, 16.0, 877.0, 674.0]
[48.0, 16.0, 926.0, 674.0]
[0.0, 16.0, 879.0, 675.0]
[32.0, 16.0, 912.0, 676.0]
[0.0, 0.0, 881.0, 661.0]
[64.0, 16.0, 946.0, 678.0]
[0.0, 0.0, 883.0, 662.0]
[112.0, 16.0, 996.0, 679.0]
[112.0, 16.0, 997.0, 680.0]
[112.0, 0.0, 998.0, 664.0]
[64.0, 0.0, 951.0, 665.0]
[32.0, 0.0, 920.0, 666.0]
[16.0, 0.0, 905.0, 667.0]
[64.0, 0.0, 954.0, 668.0]
[0.0, 0.0, 891.0, 668.0]
[96.0, 0.0, 988.0, 669.0]
[16.0, 0.0, 909.0, 670.0]
[80.0, 0.0, 974.0, 670.0]
[32.0, 0.0, 927.0, 671.0]
[16.0, 0.0, 912.0, 672.0]
[96.0, 0.0, 993.0, 673.0]
[16.0, 0.0, 914.0, 674.0]
[16.0, 0.0, 915.0, 674.0]
[96.0, 0.0, 996.0, 675.0]
[32.0, 0.0, 933.0, 676.0]
[80.0, 0.0, 982.0, 676.0]
[96.0, 0.0, 999.0, 677.0]
[96.0, 0.0, 1000.0, 678.0]
[64.0, 0.0, 969.0, 679.0]
[96.0, 0.0, 1002.0, 680.0]
[32.0, 0.0, 939.0, 680.0]
[16.0, 0.0, 924.0, 681.0]
[96.0, 0.0, 1005.0, 682.0]
[0.0, 0.0, 910.0, 682.0]
[48.0, 0.0, 959.0, 683.0]
