[80.0, 64.0, 618.0, 781.0]
[48.0, 96.0, 586.0, 814.0]
[80.0, 0.0, 619.0, 719.0]
[16.0, 16.0, 556.0, 736.0]
[96.0, 0.0, 637.0, 721.0]
[48.0, 112.0, 590.0, 834.0]
[96.0, 112.0, 638.0, 835.0]
[112.0, 48.0, 655.0, 772.0]
[64.0, 176.0, 608.0, 901.0]
[16.0, 32.0, 560.0, 758.0]
[112.0, 80.0, 657.0, 807.0]
[48.0, 128.0, 594.0, 856.0]
[128.0, 96.0, 675.0, 825.0]
[64.0, 0.0, 612.0, 730.0]
[80.0, 64.0, 628.0, 795.0]
[64.0, 64.0, 613.0, 796.0]
[80.0, 16.0, 630.0, 749.0]
[32.0, 0.0, 582.0, 734.0]
[112.0, 128.0, 663.0, 863.0]
[0.0, 96.0, 552.0, 832.0]
[96.0, 16.0, 649.0, 753.0]
[64.0, 160.0, 618.0, 898.0]
[48.0, 112.0, 602.0, 851.0]
[0.0, 64.0, 555.0, 804.0]
[80.0, 112.0, 636.0, 853.0]
[96.0, 32.0, 652.0, 774.0]
[96.0, 0.0, 653.0, 743.0]
[96.0, 112.0, 654.0, 856.0]
[112.0, 96.0, 671.0, 841.0]
[112.0, 16.0, 672.0, 762.0]
[112.0, 112.0, 672.0, 859.0]
[96.0, 64.0, 657.0, 812.0]
[112.0, 0.0, 674.0, 749.0]
[16.0, 96.0, 578.0, 846.0]
[112.0, 112.0, 675.0, 863.0]
[80.0, 64.0, 644.0, 816.0]
[48.0, 112.0, 613.0, 865.0]
[32.0, 128.0, 598.0, 882.0]
[32.0, 16.0, 598.0, 771.0]
[0.0, 0.0, 567.0, 756.0]
[48.0, 48.0, 616.0, 805.0]
[112.0, 80.0, 680.0, 838.0]
[112.0, 32.0, 681.0, 791.0]
[96.0, 80.0, 666.0, 840.0]
[32.0, 64.0, 603.0, 825.0]
[48.0, 64.0, 620.0, 826.0]
[48.0, 48.0, 620.0, 811.0]
[48.0, 32.0, 621.0, 796.0]
[96.0, 80.0, 670.0, 845.0]
[80.0, 48.0, 654.0, 814.0]
[64.0, 0.0, 639.0, 767.0]
[96.0, 32.0, 672.0, 800.0]
[16.0, 96.0, 593.0, 865.0]
[0.0, 48.0, 578.0, 818.0]
[48.0, 64.0, 626.0, 835.0]
[0.0, 80.0, 579.0, 852.0]
[48.0, 0.0, 628.0, 773.0]
[16.0, 128.0, 596.0, 902.0]
[0.0, 0.0, 581.0, 775.0]
[16.0, 48.0, 598.0, 824.0]
[32.0, 48.0, 615.0, 825.0]
[0.0, 96.0, 584.0, 874.0]
[80.0, 80.0, 664.0, 859.0]
[0.0, 48.0, 585.0, 828.0]
[0.0, 80.0, 586.0, 861.0]
[64.0, 112.0, 650.0, 894.0]
[16.0, 48.0, 603.0, 831.0]
[48.0, 16.0, 636.0, 800.0]
[48.0, 80.0, 637.0, 865.0]
[16.0, 80.0, 606.0, 866.0]
[64.0, 80.0, 654.0, 867.0]
[48.0, 112.0, 639.0, 900.0]
[48.0, 48.0, 640.0, 837.0]
[0.0, 80.0, 592.0, 870.0]
[80.0, 112.0, 673.0, 903.0]
[64.0, 112.0, 658.0, 904.0]
[64.0, 32.0, 659.0, 825.0]
[80.0, 80.0, 676.0, 874.0]
[0.0, 16.0, 596.0, 811.0]
[0.0, 64.0, 597.0, 860.0]
[80.0, 64.0, 678.0, 861.0]
[32.0, 32.0, 630.0, 830.0]
[16.0, 16.0, 615.0, 815.0]
[48.0, 0.0, 648.0, 800.0]
[16.0, 48.0, 617.0, 849.0]
[48.0, 96.0, 650.0, 898.0]
[32.0, 64.0, 634.0, 867.0]
[80.0, 48.0, 683.0, 852.0]
[32.0, 16.0, 636.0, 821.0]
[16.0, 48.0, 620.0, 854.0]
[64.0, 48.0, 669.0, 855.0]
[16.0, 64.0, 622.0, 872.0]
[32.0, 80.0, 639.0, 889.0]
[64.0, 80.0, 672.0, 890.0]
[64.0, 16.0, 672.0, 827.0]
[0.0, 48.0, 609.0, 860.0]
[16.0, 80.0, 626.0, 893.0]
[64.0, 48.0, 674.0, 862.0]
[16.0, 80.0, 627.0, 895.0]
[16.0, 32.0, 628.0, 848.0]
[16.0, 0.0, 629.0, 817.0]
[16.0, 0.0, 630.0, 818.0]
[0.0, 48.0, 614.0, 867.0]
[64.0, 48.0, 679.0, 868.0]
[64.0, 48.0, 680.0, 869.0]
[64.0, 80.0, 680.0, 902.0]
[48.0, 0.0, 665.0, 823.0]
[32.0, 80.0, 650.0, 904.0]
[16.0, 0.0, 635.0, 825.0]
[32.0, 16.0, 652.0, 842.0]
[16.0, 32.0, 636.0, 859.0]
[0.0, 32.0, 621.0, 860.0]
[0.0, 48.0, 622.0, 877.0]
[32.0, 32.0, 654.0, 862.0]
[48.0, 0.0, 671.0, 831.0]
[48.0, 48.0, 672.0, 880.0]
[48.0, 16.0, 673.0, 849.0]
[48.0, 48.0, 674.0, 882.0]
[48.0, 64.0, 674.0, 899.0]
[0.0, 0.0, 627.0, 836.0]
[0.0, 32.0, 628.0, 869.0]
[0.0, 0.0, 628.0, 838.0]
[0.0, 64.0, 629.0, 903.0]
[48.0, 32.0, 678.0, 872.0]
[16.0, 16.0, 647.0, 857.0]
[32.0, 16.0, 664.0, 858.0]
[16.0, 64.0, 648.0, 907.0]
[0.0, 64.0, 633.0, 908.0]
[0.0, 64.0, 634.0, 909.0]
[48.0, 32.0, 682.0, 878.0]
[16.0, 48.0, 651.0, 895.0]
[0.0, 48.0, 636.0, 896.0]
[0.0, 16.0, 637.0, 865.0]
[0.0, 32.0, 638.0, 882.0]
[0.0, 0.0, 638.0, 851.0]
[16.0, 0.0, 655.0, 852.0]
[0.0, 32.0, 640.0, 885.0]
[32.0, 48.0, 672.0, 902.0]
[32.0, 0.0, 673.0, 855.0]
[0.0, 0.0, 642.0, 856.0]
[32.0, 16.0, 675.0, 873.0]
[32.0, 16.0, 676.0, 874.0]
[32.0, 0.0, 676.0, 859.0]
[32.0, 0.0, 677.0, 860.0]
[16.0, 16.0, 662.0, 877.0]
[32.0, 0.0, 678.0, 862.0]
[32.0, 0.0, 679.0, 863.0]
[0.0, 32.0, 648.0, 896.0]
[0.0, 32.0, 649.0, 897.0]
