[64.0, 80.0, 781.0, 618.0]
[64.0, 96.0, 782.0, 634.0]
[48.0, 48.0, 767.0, 587.0]
[0.0, 144.0, 720.0, 684.0]
[32.0, 96.0, 753.0, 637.0]
[96.0, 80.0, 818.0, 622.0]
[96.0, 32.0, 819.0, 574.0]
[32.0, 64.0, 756.0, 607.0]
[48.0, 112.0, 773.0, 656.0]
[96.0, 112.0, 822.0, 656.0]
[32.0, 16.0, 759.0, 561.0]
[48.0, 128.0, 776.0, 674.0]
[48.0, 16.0, 777.0, 563.0]
[48.0, 48.0, 778.0, 596.0]
[16.0, 112.0, 747.0, 660.0]
[48.0, 80.0, 780.0, 629.0]
[64.0, 128.0, 797.0, 678.0]
[48.0, 128.0, 782.0, 678.0]
[48.0, 32.0, 783.0, 583.0]
[0.0, 16.0, 736.0, 568.0]
[0.0, 64.0, 737.0, 617.0]
[48.0, 128.0, 786.0, 682.0]
[0.0, 112.0, 739.0, 666.0]
[0.0, 96.0, 740.0, 651.0]
[64.0, 0.0, 805.0, 556.0]
[32.0, 128.0, 774.0, 684.0]
[0.0, 112.0, 743.0, 669.0]
[64.0, 16.0, 808.0, 574.0]
[48.0, 32.0, 793.0, 591.0]
[80.0, 112.0, 826.0, 672.0]
[32.0, 80.0, 779.0, 640.0]
[64.0, 0.0, 812.0, 561.0]
[0.0, 80.0, 749.0, 642.0]
[64.0, 0.0, 814.0, 562.0]
[0.0, 16.0, 751.0, 579.0]
[64.0, 16.0, 816.0, 580.0]
[32.0, 16.0, 785.0, 581.0]
[64.0, 16.0, 818.0, 582.0]
[64.0, 80.0, 819.0, 646.0]
[32.0, 0.0, 788.0, 567.0]
[0.0, 0.0, 757.0, 568.0]
[32.0, 96.0, 790.0, 664.0]
[32.0, 48.0, 791.0, 617.0]
[64.0, 80.0, 824.0, 650.0]
[32.0, 64.0, 793.0, 635.0]
[16.0, 112.0, 778.0, 684.0]
[32.0, 112.0, 795.0, 684.0]
[32.0, 16.0, 796.0, 589.0]
[0.0, 96.0, 765.0, 670.0]
[16.0, 80.0, 782.0, 654.0]
[48.0, 64.0, 815.0, 639.0]
[64.0, 80.0, 832.0, 656.0]
[0.0, 0.0, 769.0, 577.0]
[80.0, 96.0, 850.0, 674.0]
[16.0, 64.0, 787.0, 642.0]
[64.0, 0.0, 836.0, 579.0]
[32.0, 64.0, 805.0, 644.0]
[32.0, 64.0, 806.0, 644.0]
[96.0, 48.0, 871.0, 629.0]
[16.0, 96.0, 792.0, 678.0]
[0.0, 64.0, 777.0, 647.0]
[64.0, 0.0, 842.0, 584.0]
[64.0, 80.0, 843.0, 664.0]
[32.0, 64.0, 812.0, 649.0]
[96.0, 48.0, 877.0, 634.0]
[80.0, 16.0, 862.0, 602.0]
[16.0, 48.0, 799.0, 635.0]
[48.0, 32.0, 832.0, 620.0]
[16.0, 16.0, 801.0, 605.0]
[80.0, 48.0, 866.0, 638.0]
[16.0, 48.0, 803.0, 638.0]
[0.0, 80.0, 788.0, 671.0]
[16.0, 16.0, 805.0, 608.0]
[48.0, 80.0, 838.0, 672.0]
[80.0, 32.0, 871.0, 625.0]
[32.0, 64.0, 824.0, 658.0]
[64.0, 16.0, 857.0, 611.0]
[16.0, 32.0, 810.0, 628.0]
[80.0, 80.0, 875.0, 676.0]
[48.0, 32.0, 844.0, 629.0]
[0.0, 64.0, 797.0, 662.0]
[48.0, 48.0, 846.0, 646.0]
[48.0, 32.0, 847.0, 631.0]
[16.0, 80.0, 816.0, 680.0]
[16.0, 64.0, 817.0, 665.0]
[16.0, 32.0, 818.0, 634.0]
[48.0, 80.0, 851.0, 682.0]
[32.0, 16.0, 836.0, 619.0]
[64.0, 32.0, 869.0, 636.0]
[48.0, 0.0, 854.0, 604.0]
[48.0, 48.0, 855.0, 653.0]
[0.0, 32.0, 808.0, 638.0]
[80.0, 16.0, 889.0, 623.0]
[96.0, 48.0, 906.0, 656.0]
[96.0, 32.0, 907.0, 640.0]
[96.0, 48.0, 908.0, 657.0]
[48.0, 64.0, 861.0, 674.0]
[80.0, 64.0, 894.0, 674.0]
[64.0, 64.0, 879.0, 675.0]
[80.0, 48.0, 896.0, 660.0]
[32.0, 64.0, 849.0, 677.0]
[0.0, 16.0, 818.0, 630.0]
[0.0, 16.0, 819.0, 630.0]
[64.0, 0.0, 884.0, 615.0]
[96.0, 32.0, 917.0, 648.0]
[32.0, 48.0, 854.0, 664.0]
[64.0, 16.0, 887.0, 633.0]
[48.0, 0.0, 872.0, 618.0]
[32.0, 0.0, 857.0, 619.0]
[0.0, 48.0, 826.0, 668.0]
[32.0, 0.0, 859.0, 620.0]
[64.0, 32.0, 892.0, 653.0]
[16.0, 32.0, 845.0, 654.0]
[48.0, 16.0, 878.0, 638.0]
[64.0, 32.0, 895.0, 655.0]
[64.0, 48.0, 896.0, 672.0]
[0.0, 48.0, 833.0, 673.0]
[96.0, 32.0, 930.0, 658.0]
[0.0, 48.0, 835.0, 674.0]
[32.0, 16.0, 868.0, 643.0]
[48.0, 32.0, 885.0, 660.0]
[64.0, 0.0, 902.0, 628.0]
[64.0, 48.0, 903.0, 677.0]
[48.0, 0.0, 888.0, 630.0]
[80.0, 16.0, 921.0, 647.0]
[64.0, 0.0, 906.0, 632.0]
[16.0, 48.0, 859.0, 680.0]
[32.0, 48.0, 876.0, 681.0]
[32.0, 32.0, 877.0, 666.0]
[64.0, 16.0, 910.0, 650.0]
[16.0, 16.0, 863.0, 651.0]
[0.0, 0.0, 848.0, 636.0]
[64.0, 32.0, 913.0, 669.0]
[16.0, 0.0, 866.0, 638.0]
[0.0, 16.0, 851.0, 654.0]
[48.0, 32.0, 900.0, 671.0]
[80.0, 32.0, 933.0, 672.0]
[16.0, 16.0, 870.0, 656.0]
[64.0, 16.0, 919.0, 657.0]
[16.0, 32.0, 872.0, 674.0]
[16.0, 16.0, 873.0, 659.0]
[16.0, 16.0, 874.0, 660.0]
[32.0, 32.0, 891.0, 676.0]
[16.0, 16.0, 876.0, 661.0]
[48.0, 16.0, 909.0, 662.0]
[64.0, 32.0, 926.0, 678.0]
[16.0, 32.0, 879.0, 679.0]
[64.0, 32.0, 928.0, 680.0]
[64.0, 0.0, 929.0, 649.0]
[0.0, 0.0, 866.0, 650.0]
[48.0, 0.0, 915.0, 650.0]
[0.0, 0.0, 868.0, 651.0]
[64.0, 32.0, 933.0, 684.0]
[48.0, 32.0, 918.0, 684.0]
[0.0, 16.0, 871.0, 669.0]
[32.0, 16.0, 904.0, 670.0]
[64.0, 0.0, 937.0, 655.0]
[48.0, 16.0, 922.0, 672.0]
[16.0, 0.0, 891.0, 656.0]
[48.0, 0.0, 924.0, 657.0]
[32.0, 16.0, 909.0, 674.0]
[64.0, 16.0, 942.0, 674.0]
[0.0, 16.0, 879.0, 675.0]
[0.0, 16.0, 880.0, 676.0]
[0.0, 16.0, 881.0, 677.0]
[48.0, 0.0, 930.0, 662.0]
[0.0, 0.0, 883.0, 662.0]
[32.0, 16.0, 916.0, 679.0]
[32.0, 0.0, 917.0, 664.0]
[32.0, 16.0, 918.0, 680.0]
[48.0, 16.0, 935.0, 681.0]
[0.0, 16.0, 888.0, 682.0]
[48.0, 16.0, 937.0, 683.0]
[0.0, 0.0, 890.0, 668.0]
[16.0, 0.0, 907.0, 668.0]
[48.0, 0.0, 940.0, 669.0]
[0.0, 0.0, 893.0, 670.0]
[0.0, 0.0, 894.0, 670.0]
[0.0, 0.0, 895.0, 671.0]
[32.0, 0.0, 928.0, 672.0]
[0.0, 0.0, 897.0, 673.0]
[32.0, 0.0, 930.0, 674.0]
[0.0, 0.0, 899.0, 674.0]
[0.0, 0.0, 900.0, 675.0]
[32.0, 0.0, 933.0, 676.0]
[32.0, 0.0, 934.0, 676.0]
