[96.0, 208.0, 634.0, 925.0]
[64.0, 192.0, 602.0, 910.0]
[80.0, 208.0, 619.0, 927.0]
[32.0, 176.0, 572.0, 896.0]
[64.0, 144.0, 605.0, 865.0]
[32.0, 128.0, 574.0, 850.0]
[128.0, 224.0, 670.0, 947.0]
[96.0, 176.0, 639.0, 900.0]
[80.0, 112.0, 624.0, 837.0]
[112.0, 192.0, 656.0, 918.0]
[80.0, 144.0, 625.0, 871.0]
[112.0, 224.0, 658.0, 952.0]
[112.0, 128.0, 659.0, 857.0]
[112.0, 192.0, 660.0, 922.0]
[48.0, 176.0, 596.0, 907.0]
[16.0, 128.0, 565.0, 860.0]
[96.0, 256.0, 646.0, 989.0]
[112.0, 176.0, 662.0, 910.0]
[64.0, 176.0, 615.0, 911.0]
[16.0, 160.0, 568.0, 896.0]
[128.0, 208.0, 681.0, 945.0]
[64.0, 208.0, 618.0, 946.0]
[80.0, 272.0, 634.0, 1011.0]
[32.0, 192.0, 587.0, 932.0]
[32.0, 96.0, 588.0, 837.0]
[48.0, 96.0, 604.0, 838.0]
[96.0, 144.0, 653.0, 887.0]
[64.0, 208.0, 622.0, 952.0]
[16.0, 208.0, 575.0, 953.0]
[16.0, 208.0, 576.0, 954.0]
[48.0, 192.0, 608.0, 939.0]
[32.0, 128.0, 593.0, 876.0]
[48.0, 208.0, 610.0, 957.0]
[16.0, 160.0, 578.0, 910.0]
[64.0, 128.0, 627.0, 879.0]
[48.0, 144.0, 612.0, 896.0]
[16.0, 144.0, 581.0, 897.0]
[32.0, 128.0, 598.0, 882.0]
[64.0, 224.0, 630.0, 979.0]
[96.0, 224.0, 663.0, 980.0]
[16.0, 144.0, 584.0, 901.0]
[16.0, 160.0, 584.0, 918.0]
[64.0, 176.0, 633.0, 935.0]
[96.0, 112.0, 666.0, 872.0]
[32.0, 144.0, 603.0, 905.0]
[32.0, 240.0, 604.0, 1002.0]
[96.0, 224.0, 668.0, 987.0]
[96.0, 128.0, 669.0, 892.0]
[64.0, 112.0, 638.0, 877.0]
[0.0, 224.0, 574.0, 990.0]
[16.0, 96.0, 591.0, 863.0]
[0.0, 128.0, 576.0, 896.0]
[64.0, 112.0, 641.0, 881.0]
[96.0, 208.0, 674.0, 978.0]
[32.0, 208.0, 610.0, 979.0]
[80.0, 112.0, 659.0, 884.0]
[64.0, 80.0, 644.0, 853.0]
[32.0, 208.0, 612.0, 982.0]
[64.0, 112.0, 645.0, 887.0]
[80.0, 80.0, 662.0, 856.0]
[16.0, 80.0, 599.0, 857.0]
[32.0, 144.0, 616.0, 922.0]
[80.0, 224.0, 664.0, 1003.0]
[48.0, 240.0, 633.0, 1020.0]
[128.0, 192.0, 714.0, 973.0]
[16.0, 96.0, 602.0, 878.0]
[32.0, 112.0, 619.0, 895.0]
[64.0, 48.0, 652.0, 832.0]
[0.0, 192.0, 589.0, 977.0]
[80.0, 112.0, 670.0, 898.0]
[80.0, 64.0, 670.0, 851.0]
[32.0, 160.0, 623.0, 948.0]
[128.0, 112.0, 720.0, 901.0]
[48.0, 144.0, 640.0, 934.0]
[0.0, 112.0, 593.0, 903.0]
[80.0, 208.0, 674.0, 1000.0]
[32.0, 208.0, 627.0, 1001.0]
[32.0, 80.0, 628.0, 874.0]
[0.0, 224.0, 596.0, 1019.0]
[16.0, 224.0, 613.0, 1020.0]
[0.0, 144.0, 598.0, 941.0]
[80.0, 80.0, 678.0, 878.0]
[80.0, 48.0, 679.0, 847.0]
[80.0, 160.0, 680.0, 960.0]
[80.0, 192.0, 681.0, 993.0]
[16.0, 192.0, 618.0, 994.0]
[16.0, 48.0, 618.0, 851.0]
[128.0, 112.0, 731.0, 916.0]
[96.0, 192.0, 700.0, 997.0]
[32.0, 64.0, 636.0, 870.0]
[80.0, 64.0, 685.0, 871.0]
[0.0, 160.0, 606.0, 968.0]
[80.0, 64.0, 687.0, 873.0]
[112.0, 192.0, 720.0, 1002.0]
[32.0, 192.0, 640.0, 1003.0]
[0.0, 160.0, 609.0, 972.0]
[0.0, 144.0, 610.0, 957.0]
[32.0, 48.0, 642.0, 862.0]
[32.0, 112.0, 643.0, 927.0]
[32.0, 32.0, 644.0, 848.0]
[80.0, 160.0, 693.0, 977.0]
[32.0, 80.0, 646.0, 898.0]
[48.0, 80.0, 662.0, 899.0]
[16.0, 80.0, 631.0, 900.0]
[112.0, 192.0, 728.0, 1013.0]
[0.0, 48.0, 616.0, 870.0]
[48.0, 48.0, 665.0, 871.0]
[32.0, 16.0, 650.0, 840.0]
[128.0, 128.0, 747.0, 953.0]
[32.0, 96.0, 652.0, 922.0]
[16.0, 80.0, 636.0, 907.0]
[0.0, 48.0, 621.0, 876.0]
[112.0, 176.0, 734.0, 1005.0]
[128.0, 160.0, 750.0, 990.0]
[64.0, 160.0, 687.0, 991.0]
[96.0, 144.0, 720.0, 976.0]
[96.0, 96.0, 721.0, 929.0]
[80.0, 64.0, 706.0, 898.0]
[80.0, 80.0, 706.0, 915.0]
[32.0, 128.0, 659.0, 964.0]
[32.0, 112.0, 660.0, 949.0]
[0.0, 96.0, 628.0, 934.0]
[16.0, 96.0, 645.0, 935.0]
[64.0, 112.0, 694.0, 952.0]
[32.0, 64.0, 663.0, 905.0]
[80.0, 144.0, 712.0, 986.0]
[112.0, 176.0, 744.0, 1019.0]
[48.0, 64.0, 681.0, 908.0]
[32.0, 80.0, 666.0, 925.0]
[48.0, 112.0, 682.0, 958.0]
[32.0, 64.0, 667.0, 911.0]
[48.0, 176.0, 684.0, 1024.0]
[32.0, 80.0, 669.0, 929.0]
[64.0, 96.0, 702.0, 946.0]
[32.0, 64.0, 670.0, 915.0]
[96.0, 128.0, 735.0, 980.0]
[48.0, 144.0, 688.0, 997.0]
[80.0, 144.0, 720.0, 998.0]
[48.0, 64.0, 689.0, 919.0]
[0.0, 48.0, 642.0, 904.0]
[32.0, 144.0, 675.0, 1001.0]
[32.0, 32.0, 676.0, 890.0]
[48.0, 32.0, 692.0, 891.0]
[16.0, 128.0, 661.0, 988.0]
[32.0, 0.0, 678.0, 861.0]
[48.0, 16.0, 694.0, 878.0]
[48.0, 0.0, 695.0, 863.0]
[64.0, 48.0, 712.0, 912.0]
[48.0, 144.0, 697.0, 1009.0]
[32.0, 128.0, 682.0, 994.0]
[96.0, 112.0, 746.0, 979.0]
[0.0, 112.0, 651.0, 980.0]
[80.0, 144.0, 732.0, 1013.0]
[32.0, 64.0, 684.0, 934.0]
[64.0, 80.0, 717.0, 951.0]
[0.0, 112.0, 654.0, 984.0]
[16.0, 0.0, 671.0, 873.0]
[96.0, 128.0, 752.0, 1002.0]
[64.0, 80.0, 720.0, 955.0]
[96.0, 112.0, 753.0, 988.0]
[0.0, 48.0, 658.0, 925.0]
[48.0, 112.0, 706.0, 990.0]
[80.0, 128.0, 739.0, 1007.0]
[48.0, 48.0, 708.0, 928.0]
[64.0, 16.0, 725.0, 897.0]
[64.0, 64.0, 726.0, 946.0]
[16.0, 64.0, 678.0, 947.0]
[0.0, 0.0, 663.0, 884.0]
[16.0, 0.0, 680.0, 885.0]
[32.0, 64.0, 696.0, 950.0]
[80.0, 112.0, 745.0, 999.0]
[48.0, 32.0, 714.0, 920.0]
[16.0, 64.0, 683.0, 953.0]
[32.0, 64.0, 700.0, 954.0]
[64.0, 112.0, 732.0, 1003.0]
[32.0, 112.0, 701.0, 1004.0]
[48.0, 80.0, 718.0, 973.0]
[64.0, 96.0, 734.0, 990.0]
[16.0, 32.0, 687.0, 927.0]
[64.0, 32.0, 736.0, 928.0]
[0.0, 32.0, 673.0, 929.0]
[80.0, 112.0, 754.0, 1010.0]
[48.0, 48.0, 722.0, 947.0]
[64.0, 80.0, 739.0, 980.0]
[64.0, 32.0, 740.0, 933.0]
[16.0, 64.0, 692.0, 966.0]
[80.0, 112.0, 757.0, 1015.0]
[16.0, 96.0, 694.0, 1000.0]
[64.0, 80.0, 743.0, 985.0]
[0.0, 16.0, 680.0, 922.0]
[0.0, 32.0, 680.0, 939.0]
[16.0, 96.0, 697.0, 1004.0]
[48.0, 48.0, 730.0, 957.0]
[48.0, 80.0, 730.0, 990.0]
[64.0, 32.0, 747.0, 943.0]
[48.0, 0.0, 732.0, 912.0]
[0.0, 64.0, 685.0, 977.0]
[48.0, 0.0, 734.0, 914.0]
[0.0, 48.0, 686.0, 963.0]
[0.0, 32.0, 687.0, 948.0]
[64.0, 16.0, 752.0, 933.0]
[64.0, 80.0, 752.0, 998.0]
[0.0, 32.0, 689.0, 951.0]
[64.0, 32.0, 754.0, 952.0]
[16.0, 16.0, 707.0, 937.0]
[48.0, 64.0, 740.0, 986.0]
[16.0, 48.0, 708.0, 971.0]
[48.0, 0.0, 741.0, 924.0]
[0.0, 48.0, 694.0, 973.0]
[48.0, 0.0, 742.0, 926.0]
[0.0, 96.0, 695.0, 1023.0]
[32.0, 96.0, 728.0, 1024.0]
[64.0, 48.0, 761.0, 977.0]
[16.0, 0.0, 714.0, 930.0]
[0.0, 80.0, 698.0, 1011.0]
[48.0, 0.0, 747.0, 932.0]
[0.0, 80.0, 700.0, 1013.0]
[48.0, 16.0, 748.0, 950.0]
[32.0, 64.0, 733.0, 999.0]
[0.0, 80.0, 702.0, 1016.0]
[16.0, 0.0, 719.0, 937.0]
[48.0, 16.0, 752.0, 954.0]
[48.0, 32.0, 752.0, 971.0]
[32.0, 16.0, 737.0, 956.0]
[16.0, 64.0, 722.0, 1005.0]
[48.0, 48.0, 754.0, 990.0]
[48.0, 64.0, 755.0, 1007.0]
[16.0, 32.0, 724.0, 976.0]
[32.0, 16.0, 741.0, 961.0]
[48.0, 0.0, 758.0, 946.0]
[32.0, 32.0, 742.0, 979.0]
[0.0, 48.0, 711.0, 996.0]
[0.0, 0.0, 712.0, 949.0]
[48.0, 48.0, 760.0, 998.0]
[32.0, 48.0, 745.0, 999.0]
[32.0, 32.0, 746.0, 984.0]
[0.0, 16.0, 715.0, 969.0]
[16.0, 16.0, 732.0, 970.0]
[16.0, 32.0, 732.0, 987.0]
[0.0, 0.0, 717.0, 956.0]
[32.0, 16.0, 750.0, 973.0]
[16.0, 0.0, 734.0, 958.0]
[32.0, 0.0, 751.0, 959.0]
[32.0, 16.0, 752.0, 976.0]
[0.0, 48.0, 721.0, 1009.0]
[32.0, 48.0, 754.0, 1010.0]
[0.0, 16.0, 722.0, 979.0]
[16.0, 48.0, 739.0, 1012.0]
[16.0, 0.0, 740.0, 965.0]
[16.0, 48.0, 740.0, 1014.0]
[32.0, 32.0, 757.0, 999.0]
[16.0, 48.0, 742.0, 1016.0]
[32.0, 0.0, 759.0, 969.0]
[16.0, 32.0, 744.0, 1002.0]
[16.0, 16.0, 744.0, 987.0]
[32.0, 48.0, 761.0, 1020.0]
[0.0, 48.0, 730.0, 1021.0]
[16.0, 32.0, 746.0, 1006.0]
[16.0, 16.0, 747.0, 991.0]
[0.0, 32.0, 732.0, 1008.0]
[0.0, 32.0, 733.0, 1009.0]
[0.0, 0.0, 734.0, 978.0]
[0.0, 16.0, 734.0, 995.0]
[0.0, 0.0, 735.0, 980.0]
[16.0, 16.0, 752.0, 997.0]
[16.0, 16.0, 752.0, 998.0]
[16.0, 0.0, 753.0, 983.0]
[0.0, 32.0, 738.0, 1016.0]
[0.0, 0.0, 739.0, 985.0]
[0.0, 32.0, 740.0, 1018.0]
[16.0, 0.0, 756.0, 987.0]
[16.0, 32.0, 757.0, 1020.0]
[0.0, 16.0, 742.0, 1005.0]
[16.0, 16.0, 758.0, 1006.0]
[16.0, 32.0, 759.0, 1023.0]
[16.0, 16.0, 760.0, 1008.0]
[16.0, 16.0, 761.0, 1009.0]
[0.0, 16.0, 746.0, 1010.0]
[0.0, 0.0, 746.0, 995.0]
[0.0, 16.0, 747.0, 1012.0]
[0.0, 16.0, 748.0, 1013.0]
[0.0, 16.0, 748.0, 1014.0]
[0.0, 16.0, 749.0, 1015.0]
[0.0, 0.0, 750.0, 1000.0]
[0.0, 0.0, 751.0, 1001.0]
[0.0, 16.0, 752.0, 1018.0]
[0.0, 0.0, 752.0, 1003.0]
[0.0, 0.0, 753.0, 1004.0]
[0.0, 16.0, 754.0, 1021.0]
[0.0, 0.0, 754.0, 1006.0]
[0.0, 16.0, 755.0, 1023.0]
[0.0, 16.0, 756.0, 1024.0]
[0.0, 0.0, 757.0, 1009.0]
[0.0, 0.0, 758.0, 1010.0]
[0.0, 0.0, 758.0, 1011.0]
[0.0, 0.0, 759.0, 1012.0]
[0.0, 0.0, 760.0, 1013.0]
[0.0, 0.0, 760.0, 1014.0]
[0.0, 0.0, 761.0, 1015.0]
