[208.0, 96.0, 857.0, 961.0]
[192.0, 48.0, 842.0, 914.0]
[224.0, 96.0, 874.0, 963.0]
[176.0, 112.0, 827.0, 980.0]
[112.0, 64.0, 764.0, 933.0]
[240.0, 64.0, 892.0, 934.0]
[192.0, 96.0, 845.0, 967.0]
[96.0, 48.0, 750.0, 920.0]
[80.0, 96.0, 735.0, 969.0]
[80.0, 48.0, 736.0, 922.0]
[208.0, 112.0, 864.0, 987.0]
[224.0, 32.0, 881.0, 908.0]
[128.0, 64.0, 786.0, 941.0]
[224.0, 64.0, 882.0, 942.0]
[80.0, 32.0, 739.0, 911.0]
[112.0, 112.0, 772.0, 992.0]
[48.0, 80.0, 709.0, 961.0]
[208.0, 96.0, 870.0, 978.0]
[96.0, 112.0, 758.0, 995.0]
[160.0, 48.0, 823.0, 932.0]
[96.0, 48.0, 760.0, 933.0]
[160.0, 96.0, 824.0, 982.0]
[80.0, 32.0, 745.0, 919.0]
[80.0, 48.0, 746.0, 936.0]
[176.0, 112.0, 843.0, 1001.0]
[224.0, 32.0, 892.0, 922.0]
[224.0, 96.0, 892.0, 987.0]
[208.0, 96.0, 877.0, 988.0]
[208.0, 80.0, 878.0, 973.0]
[144.0, 96.0, 814.0, 990.0]
[224.0, 32.0, 895.0, 927.0]
[48.0, 96.0, 720.0, 992.0]
[192.0, 112.0, 865.0, 1009.0]
[160.0, 64.0, 834.0, 962.0]
[224.0, 32.0, 898.0, 931.0]
[32.0, 96.0, 707.0, 996.0]
[144.0, 96.0, 820.0, 997.0]
[80.0, 32.0, 756.0, 934.0]
[64.0, 96.0, 741.0, 999.0]
[128.0, 48.0, 806.0, 952.0]
[64.0, 48.0, 743.0, 953.0]
[240.0, 48.0, 920.0, 954.0]
[80.0, 80.0, 760.0, 987.0]
[32.0, 16.0, 713.0, 924.0]
[160.0, 32.0, 842.0, 941.0]
[144.0, 0.0, 826.0, 910.0]
[176.0, 80.0, 859.0, 991.0]
[128.0, 16.0, 812.0, 928.0]
[128.0, 80.0, 813.0, 993.0]
[32.0, 96.0, 718.0, 1010.0]
[128.0, 48.0, 814.0, 963.0]
[192.0, 80.0, 879.0, 996.0]
[144.0, 32.0, 832.0, 949.0]
[240.0, 64.0, 928.0, 982.0]
[224.0, 64.0, 913.0, 983.0]
[96.0, 32.0, 786.0, 952.0]
[240.0, 48.0, 931.0, 969.0]
[64.0, 48.0, 756.0, 970.0]
[144.0, 16.0, 836.0, 939.0]
[80.0, 16.0, 773.0, 940.0]
[224.0, 64.0, 918.0, 989.0]
[112.0, 0.0, 806.0, 926.0]
[240.0, 48.0, 935.0, 975.0]
[64.0, 48.0, 760.0, 976.0]
[160.0, 0.0, 857.0, 929.0]
[240.0, 48.0, 938.0, 978.0]
[64.0, 48.0, 762.0, 979.0]
[112.0, 80.0, 811.0, 1012.0]
[160.0, 0.0, 860.0, 933.0]
[64.0, 80.0, 764.0, 1014.0]
[192.0, 32.0, 893.0, 967.0]
[240.0, 48.0, 942.0, 984.0]
[16.0, 48.0, 719.0, 985.0]
[144.0, 32.0, 848.0, 970.0]
[16.0, 64.0, 720.0, 1003.0]
[80.0, 48.0, 785.0, 988.0]
[112.0, 64.0, 818.0, 1005.0]
[144.0, 0.0, 850.0, 942.0]
[128.0, 80.0, 835.0, 1023.0]
[176.0, 48.0, 884.0, 992.0]
[128.0, 48.0, 837.0, 993.0]
[0.0, 16.0, 710.0, 962.0]
[176.0, 0.0, 886.0, 947.0]
[96.0, 48.0, 807.0, 996.0]
[32.0, 0.0, 744.0, 949.0]
[208.0, 32.0, 920.0, 982.0]
[0.0, 64.0, 713.0, 1015.0]
[192.0, 64.0, 906.0, 1016.0]
[16.0, 64.0, 731.0, 1017.0]
[32.0, 0.0, 748.0, 954.0]
[224.0, 16.0, 940.0, 971.0]
[80.0, 32.0, 797.0, 988.0]
[80.0, 32.0, 798.0, 989.0]
[16.0, 16.0, 734.0, 974.0]
[128.0, 16.0, 847.0, 975.0]
[48.0, 16.0, 768.0, 976.0]
[96.0, 48.0, 817.0, 1009.0]
[32.0, 0.0, 754.0, 962.0]
[176.0, 48.0, 898.0, 1011.0]
[64.0, 0.0, 787.0, 964.0]
[160.0, 32.0, 884.0, 997.0]
[16.0, 32.0, 740.0, 998.0]
[208.0, 48.0, 933.0, 1015.0]
[224.0, 0.0, 950.0, 968.0]
[176.0, 0.0, 903.0, 969.0]
[224.0, 48.0, 952.0, 1018.0]
[32.0, 48.0, 760.0, 1019.0]
[80.0, 16.0, 809.0, 988.0]
[16.0, 0.0, 746.0, 973.0]
[16.0, 48.0, 746.0, 1022.0]
[224.0, 0.0, 955.0, 975.0]
[224.0, 48.0, 956.0, 1024.0]
[224.0, 16.0, 957.0, 993.0]
[176.0, 32.0, 910.0, 1010.0]
[0.0, 32.0, 734.0, 1011.0]
[0.0, 16.0, 735.0, 996.0]
[176.0, 32.0, 912.0, 1013.0]
[32.0, 32.0, 768.0, 1014.0]
[224.0, 32.0, 961.0, 1015.0]
[112.0, 16.0, 850.0, 1000.0]
[112.0, 16.0, 851.0, 1001.0]
[128.0, 32.0, 868.0, 1018.0]
[0.0, 32.0, 740.0, 1019.0]
[160.0, 0.0, 901.0, 988.0]
[160.0, 32.0, 902.0, 1021.0]
[128.0, 16.0, 870.0, 1006.0]
[64.0, 16.0, 807.0, 1007.0]
[112.0, 0.0, 856.0, 992.0]
[192.0, 16.0, 937.0, 1009.0]
[160.0, 16.0, 906.0, 1010.0]
[192.0, 0.0, 938.0, 995.0]
[144.0, 16.0, 891.0, 1012.0]
[64.0, 16.0, 812.0, 1013.0]
[176.0, 16.0, 924.0, 1014.0]
[128.0, 0.0, 877.0, 999.0]
[64.0, 0.0, 814.0, 1000.0]
[64.0, 16.0, 815.0, 1017.0]
[112.0, 0.0, 864.0, 1002.0]
[192.0, 0.0, 944.0, 1003.0]
[160.0, 0.0, 913.0, 1004.0]
[96.0, 0.0, 850.0, 1005.0]
[176.0, 0.0, 930.0, 1006.0]
[64.0, 16.0, 819.0, 1023.0]
[192.0, 0.0, 948.0, 1008.0]
[144.0, 0.0, 901.0, 1009.0]
[32.0, 0.0, 790.0, 1010.0]
[192.0, 0.0, 950.0, 1011.0]
[16.0, 0.0, 775.0, 1012.0]
[112.0, 0.0, 872.0, 1013.0]
[64.0, 0.0, 824.0, 1014.0]
[96.0, 0.0, 857.0, 1015.0]
[128.0, 0.0, 890.0, 1016.0]
[192.0, 0.0, 955.0, 1017.0]
[48.0, 0.0, 812.0, 1018.0]
[128.0, 0.0, 892.0, 1019.0]
[48.0, 0.0, 813.0, 1020.0]
[32.0, 0.0, 798.0, 1021.0]
[128.0, 0.0, 894.0, 1022.0]
[32.0, 0.0, 799.0, 1023.0]
[128.0, 0.0, 896.0, 1024.0]
