[64.0, 80.0, 781.0, 618.0]
[96.0, 64.0, 814.0, 602.0]
[176.0, 48.0, 895.0, 587.0]
[144.0, 80.0, 864.0, 620.0]
[192.0, 96.0, 913.0, 637.0]
[64.0, 80.0, 786.0, 622.0]
[160.0, 64.0, 883.0, 606.0]
[32.0, 48.0, 756.0, 591.0]
[80.0, 96.0, 805.0, 640.0]
[112.0, 32.0, 838.0, 576.0]
[176.0, 48.0, 903.0, 593.0]
[192.0, 96.0, 920.0, 642.0]
[176.0, 48.0, 905.0, 595.0]
[128.0, 16.0, 858.0, 564.0]
[32.0, 16.0, 763.0, 564.0]
[160.0, 48.0, 892.0, 597.0]
[144.0, 16.0, 877.0, 566.0]
[160.0, 32.0, 894.0, 582.0]
[96.0, 128.0, 831.0, 679.0]
[144.0, 48.0, 880.0, 600.0]
[128.0, 32.0, 865.0, 585.0]
[144.0, 112.0, 882.0, 666.0]
[176.0, 80.0, 915.0, 634.0]
[112.0, 16.0, 852.0, 571.0]
[32.0, 112.0, 773.0, 668.0]
[16.0, 80.0, 758.0, 636.0]
[48.0, 112.0, 791.0, 669.0]
[144.0, 112.0, 888.0, 670.0]
[128.0, 80.0, 873.0, 639.0]
[80.0, 16.0, 826.0, 576.0]
[64.0, 16.0, 811.0, 576.0]
[16.0, 80.0, 764.0, 641.0]
[64.0, 96.0, 813.0, 658.0]
[144.0, 80.0, 894.0, 642.0]
[32.0, 16.0, 783.0, 579.0]
[64.0, 64.0, 816.0, 628.0]
[144.0, 64.0, 897.0, 629.0]
[80.0, 0.0, 834.0, 566.0]
[192.0, 48.0, 947.0, 614.0]
[96.0, 80.0, 852.0, 647.0]
[112.0, 64.0, 869.0, 632.0]
[128.0, 112.0, 886.0, 680.0]
[96.0, 80.0, 855.0, 649.0]
[112.0, 48.0, 872.0, 618.0]
[64.0, 64.0, 825.0, 635.0]
[32.0, 48.0, 794.0, 620.0]
[48.0, 0.0, 811.0, 572.0]
[96.0, 96.0, 860.0, 669.0]
[64.0, 32.0, 829.0, 606.0]
[64.0, 64.0, 830.0, 638.0]
[80.0, 0.0, 847.0, 575.0]
[160.0, 32.0, 928.0, 608.0]
[0.0, 16.0, 769.0, 593.0]
[128.0, 0.0, 898.0, 578.0]
[0.0, 16.0, 771.0, 594.0]
[32.0, 64.0, 804.0, 643.0]
[80.0, 32.0, 853.0, 612.0]
[32.0, 80.0, 806.0, 660.0]
[80.0, 80.0, 855.0, 661.0]
[64.0, 80.0, 840.0, 662.0]
[144.0, 32.0, 921.0, 615.0]
[96.0, 80.0, 874.0, 664.0]
[80.0, 48.0, 859.0, 632.0]
[32.0, 32.0, 812.0, 617.0]
[176.0, 32.0, 957.0, 618.0]
[128.0, 16.0, 910.0, 602.0]
[96.0, 16.0, 879.0, 603.0]
[80.0, 32.0, 864.0, 620.0]
[144.0, 16.0, 929.0, 605.0]
[0.0, 64.0, 786.0, 654.0]
[128.0, 32.0, 915.0, 622.0]
[144.0, 80.0, 932.0, 671.0]
[144.0, 16.0, 933.0, 608.0]
[16.0, 16.0, 806.0, 608.0]
[48.0, 32.0, 839.0, 625.0]
[96.0, 32.0, 888.0, 626.0]
[128.0, 32.0, 921.0, 627.0]
[0.0, 48.0, 794.0, 644.0]
[192.0, 48.0, 987.0, 644.0]
[80.0, 0.0, 876.0, 597.0]
[0.0, 32.0, 797.0, 630.0]
[64.0, 16.0, 862.0, 614.0]
[0.0, 64.0, 799.0, 663.0]
[128.0, 80.0, 928.0, 680.0]
[64.0, 16.0, 865.0, 617.0]
[64.0, 16.0, 866.0, 618.0]
[32.0, 64.0, 835.0, 666.0]
[0.0, 64.0, 804.0, 667.0]
[128.0, 64.0, 933.0, 668.0]
[0.0, 64.0, 806.0, 668.0]
[96.0, 64.0, 903.0, 669.0]
[48.0, 48.0, 856.0, 654.0]
[96.0, 0.0, 905.0, 607.0]
[16.0, 32.0, 826.0, 640.0]
[64.0, 0.0, 875.0, 608.0]
[144.0, 16.0, 956.0, 625.0]
[32.0, 0.0, 845.0, 610.0]
[32.0, 64.0, 846.0, 674.0]
[48.0, 64.0, 863.0, 675.0]
[96.0, 0.0, 912.0, 612.0]
[80.0, 48.0, 897.0, 661.0]
[80.0, 0.0, 898.0, 614.0]
[64.0, 16.0, 883.0, 630.0]
[32.0, 48.0, 852.0, 663.0]
[176.0, 16.0, 997.0, 632.0]
[32.0, 48.0, 854.0, 664.0]
[80.0, 64.0, 903.0, 681.0]
[112.0, 0.0, 936.0, 618.0]
[48.0, 32.0, 873.0, 651.0]
[144.0, 16.0, 970.0, 636.0]
[16.0, 32.0, 843.0, 652.0]
[32.0, 16.0, 860.0, 637.0]
[16.0, 32.0, 845.0, 654.0]
[144.0, 0.0, 974.0, 622.0]
[16.0, 16.0, 847.0, 639.0]
[160.0, 0.0, 992.0, 624.0]
[32.0, 48.0, 865.0, 673.0]
[0.0, 48.0, 834.0, 674.0]
[64.0, 0.0, 899.0, 626.0]
[96.0, 0.0, 932.0, 627.0]
[0.0, 32.0, 837.0, 660.0]
[64.0, 16.0, 902.0, 644.0]
[176.0, 32.0, 1015.0, 661.0]
[160.0, 0.0, 1000.0, 630.0]
[112.0, 16.0, 953.0, 647.0]
[144.0, 16.0, 986.0, 648.0]
[112.0, 0.0, 955.0, 632.0]
[48.0, 48.0, 892.0, 681.0]
[128.0, 32.0, 973.0, 666.0]
[128.0, 0.0, 974.0, 634.0]
[112.0, 0.0, 959.0, 635.0]
[112.0, 32.0, 960.0, 668.0]
[16.0, 0.0, 865.0, 637.0]
[0.0, 0.0, 850.0, 638.0]
[48.0, 0.0, 899.0, 638.0]
[128.0, 0.0, 980.0, 639.0]
[32.0, 32.0, 885.0, 672.0]
[112.0, 16.0, 966.0, 656.0]
[160.0, 32.0, 1015.0, 673.0]
[112.0, 16.0, 968.0, 658.0]
[80.0, 32.0, 937.0, 675.0]
[96.0, 16.0, 954.0, 660.0]
[64.0, 32.0, 923.0, 676.0]
[144.0, 32.0, 1004.0, 677.0]
[48.0, 0.0, 909.0, 646.0]
[16.0, 16.0, 878.0, 662.0]
[112.0, 0.0, 975.0, 647.0]
[32.0, 16.0, 896.0, 664.0]
[144.0, 32.0, 1009.0, 681.0]
[128.0, 32.0, 994.0, 682.0]
[128.0, 0.0, 995.0, 650.0]
[16.0, 16.0, 884.0, 667.0]
[128.0, 0.0, 997.0, 652.0]
[0.0, 0.0, 870.0, 652.0]
[128.0, 0.0, 999.0, 653.0]
[16.0, 0.0, 888.0, 654.0]
[144.0, 0.0, 1017.0, 655.0]
[96.0, 0.0, 970.0, 656.0]
[16.0, 0.0, 891.0, 656.0]
[0.0, 16.0, 876.0, 673.0]
[32.0, 16.0, 909.0, 674.0]
[16.0, 0.0, 894.0, 658.0]
[64.0, 16.0, 943.0, 675.0]
[32.0, 16.0, 912.0, 676.0]
[64.0, 0.0, 945.0, 661.0]
[80.0, 0.0, 962.0, 662.0]
[48.0, 16.0, 931.0, 678.0]
[0.0, 16.0, 884.0, 679.0]
[96.0, 0.0, 981.0, 664.0]
[48.0, 0.0, 934.0, 664.0]
[112.0, 16.0, 999.0, 681.0]
[96.0, 16.0, 984.0, 682.0]
[112.0, 16.0, 1001.0, 683.0]
[0.0, 0.0, 890.0, 668.0]
[48.0, 0.0, 939.0, 668.0]
[16.0, 0.0, 908.0, 669.0]
[48.0, 0.0, 941.0, 670.0]
[64.0, 0.0, 958.0, 670.0]
[112.0, 0.0, 1007.0, 671.0]
[0.0, 0.0, 896.0, 672.0]
[0.0, 0.0, 897.0, 673.0]
[80.0, 0.0, 978.0, 674.0]
[0.0, 0.0, 899.0, 674.0]
[80.0, 0.0, 980.0, 675.0]
[32.0, 0.0, 933.0, 676.0]
[112.0, 0.0, 1014.0, 676.0]
[32.0, 0.0, 935.0, 677.0]
[64.0, 0.0, 968.0, 678.0]
[64.0, 0.0, 969.0, 679.0]
[0.0, 0.0, 906.0, 680.0]
[16.0, 0.0, 923.0, 680.0]
[64.0, 0.0, 972.0, 681.0]
[96.0, 0.0, 1005.0, 682.0]
[96.0, 0.0, 1006.0, 682.0]
[0.0, 0.0, 911.0, 683.0]
