[208.0, 64.0, 925.0, 602.0]
[192.0, 48.0, 910.0, 586.0]
[160.0, 32.0, 879.0, 571.0]
[256.0, 64.0, 976.0, 604.0]
[80.0, 16.0, 801.0, 557.0]
[64.0, 64.0, 786.0, 606.0]
[112.0, 32.0, 835.0, 574.0]
[240.0, 32.0, 964.0, 575.0]
[176.0, 64.0, 901.0, 608.0]
[224.0, 32.0, 950.0, 576.0]
[48.0, 48.0, 775.0, 593.0]
[128.0, 32.0, 856.0, 578.0]
[160.0, 64.0, 889.0, 611.0]
[192.0, 48.0, 922.0, 596.0]
[32.0, 48.0, 763.0, 596.0]
[256.0, 16.0, 988.0, 565.0]
[16.0, 48.0, 749.0, 598.0]
[80.0, 32.0, 814.0, 582.0]
[32.0, 48.0, 767.0, 599.0]
[80.0, 32.0, 816.0, 584.0]
[128.0, 48.0, 865.0, 601.0]
[176.0, 16.0, 914.0, 570.0]
[16.0, 48.0, 755.0, 602.0]
[32.0, 48.0, 772.0, 603.0]
[192.0, 32.0, 933.0, 588.0]
[240.0, 16.0, 982.0, 572.0]
[48.0, 16.0, 791.0, 573.0]
[208.0, 32.0, 952.0, 590.0]
[80.0, 0.0, 825.0, 559.0]
[16.0, 32.0, 762.0, 592.0]
[48.0, 32.0, 795.0, 592.0]
[160.0, 32.0, 908.0, 593.0]
[144.0, 32.0, 893.0, 594.0]
[128.0, 48.0, 878.0, 610.0]
[160.0, 64.0, 911.0, 627.0]
[48.0, 0.0, 800.0, 564.0]
[240.0, 48.0, 993.0, 613.0]
[32.0, 0.0, 786.0, 566.0]
[32.0, 16.0, 787.0, 582.0]
[176.0, 48.0, 932.0, 615.0]
[256.0, 48.0, 1013.0, 616.0]
[144.0, 16.0, 902.0, 584.0]
[160.0, 0.0, 919.0, 569.0]
[64.0, 16.0, 824.0, 586.0]
[144.0, 0.0, 905.0, 571.0]
[32.0, 48.0, 794.0, 620.0]
[48.0, 0.0, 811.0, 572.0]
[128.0, 32.0, 892.0, 605.0]
[224.0, 48.0, 989.0, 622.0]
[176.0, 0.0, 942.0, 574.0]
[160.0, 48.0, 927.0, 623.0]
[96.0, 64.0, 864.0, 640.0]
[240.0, 32.0, 1009.0, 609.0]
[32.0, 16.0, 802.0, 594.0]
[32.0, 48.0, 803.0, 626.0]
[32.0, 64.0, 804.0, 643.0]
[160.0, 48.0, 933.0, 628.0]
[176.0, 48.0, 950.0, 628.0]
[80.0, 64.0, 855.0, 645.0]
[112.0, 0.0, 888.0, 582.0]
[64.0, 16.0, 841.0, 599.0]
[224.0, 48.0, 1002.0, 632.0]
[176.0, 0.0, 955.0, 584.0]
[48.0, 32.0, 828.0, 617.0]
[208.0, 16.0, 989.0, 602.0]
[176.0, 32.0, 958.0, 618.0]
[48.0, 0.0, 831.0, 587.0]
[96.0, 48.0, 880.0, 636.0]
[80.0, 0.0, 865.0, 589.0]
[208.0, 32.0, 994.0, 622.0]
[48.0, 16.0, 835.0, 606.0]
[48.0, 16.0, 836.0, 607.0]
[144.0, 16.0, 933.0, 608.0]
[96.0, 32.0, 886.0, 624.0]
[128.0, 64.0, 919.0, 657.0]
[192.0, 32.0, 984.0, 626.0]
[48.0, 0.0, 841.0, 595.0]
[144.0, 64.0, 938.0, 660.0]
[192.0, 0.0, 987.0, 596.0]
[96.0, 64.0, 892.0, 661.0]
[48.0, 0.0, 845.0, 598.0]
[192.0, 48.0, 990.0, 646.0]
[128.0, 16.0, 927.0, 615.0]
[80.0, 16.0, 880.0, 616.0]
[96.0, 64.0, 897.0, 665.0]
[64.0, 48.0, 866.0, 650.0]
[0.0, 0.0, 803.0, 602.0]
[0.0, 0.0, 804.0, 603.0]
[208.0, 0.0, 1013.0, 604.0]
[0.0, 16.0, 806.0, 620.0]
[128.0, 32.0, 935.0, 637.0]
[48.0, 0.0, 856.0, 606.0]
[16.0, 48.0, 825.0, 655.0]
[112.0, 32.0, 922.0, 640.0]
[128.0, 32.0, 939.0, 640.0]
[208.0, 32.0, 1020.0, 641.0]
[208.0, 0.0, 1021.0, 610.0]
[144.0, 32.0, 958.0, 642.0]
[32.0, 0.0, 847.0, 611.0]
[96.0, 48.0, 912.0, 660.0]
[160.0, 48.0, 977.0, 661.0]
[48.0, 64.0, 866.0, 678.0]
[32.0, 64.0, 851.0, 678.0]
[64.0, 48.0, 884.0, 663.0]
[32.0, 64.0, 853.0, 680.0]
[32.0, 48.0, 854.0, 664.0]
[176.0, 16.0, 999.0, 633.0]
[48.0, 48.0, 872.0, 666.0]
[144.0, 0.0, 969.0, 619.0]
[32.0, 16.0, 858.0, 636.0]
[48.0, 0.0, 875.0, 620.0]
[32.0, 0.0, 860.0, 621.0]
[144.0, 48.0, 973.0, 670.0]
[64.0, 32.0, 894.0, 654.0]
[16.0, 32.0, 847.0, 655.0]
[64.0, 32.0, 896.0, 656.0]
[112.0, 48.0, 945.0, 673.0]
[32.0, 16.0, 866.0, 642.0]
[112.0, 48.0, 947.0, 674.0]
[112.0, 16.0, 948.0, 643.0]
[176.0, 48.0, 1013.0, 676.0]
[80.0, 16.0, 918.0, 644.0]
[96.0, 0.0, 935.0, 629.0]
[176.0, 16.0, 1016.0, 646.0]
[96.0, 32.0, 937.0, 663.0]
[16.0, 32.0, 858.0, 664.0]
[112.0, 48.0, 955.0, 680.0]
[160.0, 48.0, 1004.0, 681.0]
[160.0, 0.0, 1005.0, 634.0]
[64.0, 16.0, 910.0, 650.0]
[32.0, 16.0, 879.0, 651.0]
[48.0, 16.0, 896.0, 652.0]
[80.0, 32.0, 929.0, 669.0]
[64.0, 16.0, 914.0, 654.0]
[16.0, 0.0, 867.0, 638.0]
[0.0, 16.0, 852.0, 655.0]
[128.0, 16.0, 981.0, 656.0]
[48.0, 0.0, 902.0, 640.0]
[32.0, 16.0, 887.0, 657.0]
[128.0, 0.0, 984.0, 642.0]
[80.0, 32.0, 937.0, 675.0]
[144.0, 0.0, 1002.0, 644.0]
[144.0, 16.0, 1003.0, 660.0]
[112.0, 32.0, 972.0, 677.0]
[144.0, 16.0, 1005.0, 662.0]
[144.0, 32.0, 1006.0, 678.0]
[16.0, 16.0, 879.0, 663.0]
[96.0, 0.0, 960.0, 648.0]
[32.0, 0.0, 897.0, 649.0]
[144.0, 32.0, 1010.0, 682.0]
[48.0, 16.0, 915.0, 666.0]
[0.0, 32.0, 868.0, 683.0]
[48.0, 0.0, 917.0, 652.0]
[80.0, 0.0, 950.0, 652.0]
[144.0, 16.0, 1015.0, 669.0]
[128.0, 16.0, 1000.0, 670.0]
[64.0, 16.0, 937.0, 671.0]
[128.0, 16.0, 1002.0, 672.0]
[64.0, 16.0, 939.0, 672.0]
[64.0, 0.0, 940.0, 657.0]
[32.0, 0.0, 909.0, 658.0]
[96.0, 0.0, 974.0, 658.0]
[16.0, 16.0, 895.0, 675.0]
[96.0, 0.0, 976.0, 660.0]
[0.0, 16.0, 881.0, 677.0]
[96.0, 0.0, 978.0, 662.0]
[112.0, 0.0, 995.0, 662.0]
[96.0, 16.0, 980.0, 679.0]
[128.0, 16.0, 1013.0, 680.0]
[48.0, 16.0, 934.0, 680.0]
[48.0, 0.0, 935.0, 665.0]
[112.0, 0.0, 1000.0, 666.0]
[64.0, 16.0, 953.0, 683.0]
[48.0, 0.0, 938.0, 668.0]
[16.0, 0.0, 907.0, 668.0]
[64.0, 0.0, 956.0, 669.0]
[64.0, 0.0, 957.0, 670.0]
[16.0, 0.0, 910.0, 670.0]
[128.0, 0.0, 1023.0, 671.0]
[80.0, 0.0, 976.0, 672.0]
[96.0, 0.0, 993.0, 673.0]
[0.0, 0.0, 898.0, 674.0]
[80.0, 0.0, 979.0, 674.0]
[48.0, 0.0, 948.0, 675.0]
[0.0, 0.0, 901.0, 676.0]
[64.0, 0.0, 966.0, 676.0]
[0.0, 0.0, 903.0, 677.0]
[16.0, 0.0, 920.0, 678.0]
[0.0, 0.0, 905.0, 679.0]
[96.0, 0.0, 1002.0, 680.0]
[32.0, 0.0, 939.0, 680.0]
[0.0, 0.0, 908.0, 681.0]
[32.0, 0.0, 941.0, 682.0]
[16.0, 0.0, 926.0, 682.0]
[80.0, 0.0, 991.0, 683.0]
