[128.0, 144.0, 666.0, 861.0]
[112.0, 176.0, 650.0, 894.0]
[128.0, 64.0, 667.0, 783.0]
[112.0, 176.0, 652.0, 896.0]
[112.0, 272.0, 653.0, 993.0]
[80.0, 144.0, 622.0, 866.0]
[80.0, 208.0, 622.0, 931.0]
[128.0, 128.0, 671.0, 852.0]
[96.0, 144.0, 640.0, 869.0]
[112.0, 32.0, 656.0, 758.0]
[96.0, 64.0, 641.0, 791.0]
[112.0, 80.0, 658.0, 808.0]
[128.0, 256.0, 675.0, 985.0]
[128.0, 160.0, 676.0, 890.0]
[112.0, 240.0, 660.0, 971.0]
[80.0, 32.0, 629.0, 764.0]
[96.0, 272.0, 646.0, 1005.0]
[128.0, 80.0, 678.0, 814.0]
[112.0, 272.0, 663.0, 1007.0]
[96.0, 192.0, 648.0, 928.0]
[112.0, 64.0, 665.0, 801.0]
[128.0, 96.0, 682.0, 834.0]
[64.0, 240.0, 618.0, 979.0]
[96.0, 48.0, 651.0, 788.0]
[128.0, 64.0, 684.0, 805.0]
[80.0, 80.0, 636.0, 822.0]
[96.0, 96.0, 653.0, 839.0]
[112.0, 160.0, 670.0, 904.0]
[112.0, 192.0, 671.0, 937.0]
[96.0, 256.0, 656.0, 1002.0]
[64.0, 112.0, 624.0, 859.0]
[96.0, 80.0, 657.0, 828.0]
[96.0, 144.0, 658.0, 893.0]
[112.0, 224.0, 674.0, 974.0]
[64.0, 176.0, 627.0, 927.0]
[112.0, 64.0, 676.0, 816.0]
[80.0, 64.0, 645.0, 817.0]
[128.0, 48.0, 694.0, 802.0]
[112.0, 256.0, 678.0, 1011.0]
[112.0, 176.0, 679.0, 932.0]
[96.0, 0.0, 664.0, 757.0]
[112.0, 96.0, 680.0, 854.0]
[128.0, 208.0, 697.0, 967.0]
[48.0, 112.0, 618.0, 872.0]
[112.0, 176.0, 683.0, 937.0]
[128.0, 64.0, 700.0, 826.0]
[96.0, 64.0, 668.0, 827.0]
[112.0, 144.0, 685.0, 908.0]
[128.0, 144.0, 702.0, 909.0]
[80.0, 160.0, 654.0, 926.0]
[128.0, 144.0, 703.0, 911.0]
[64.0, 144.0, 640.0, 912.0]
[80.0, 240.0, 657.0, 1009.0]
[80.0, 176.0, 658.0, 946.0]
[48.0, 112.0, 626.0, 883.0]
[80.0, 48.0, 659.0, 820.0]
[64.0, 240.0, 644.0, 1013.0]
[80.0, 16.0, 660.0, 790.0]
[80.0, 96.0, 661.0, 871.0]
[96.0, 64.0, 678.0, 840.0]
[80.0, 160.0, 663.0, 937.0]
[112.0, 176.0, 696.0, 954.0]
[48.0, 208.0, 632.0, 987.0]
[128.0, 176.0, 713.0, 956.0]
[80.0, 240.0, 666.0, 1021.0]
[64.0, 80.0, 650.0, 862.0]
[112.0, 80.0, 699.0, 863.0]
[128.0, 48.0, 716.0, 832.0]
[80.0, 128.0, 669.0, 913.0]
[80.0, 16.0, 670.0, 802.0]
[32.0, 192.0, 622.0, 979.0]
[48.0, 16.0, 639.0, 804.0]
[80.0, 144.0, 672.0, 933.0]
[112.0, 224.0, 704.0, 1014.0]
[32.0, 48.0, 625.0, 839.0]
[64.0, 112.0, 658.0, 904.0]
[32.0, 192.0, 627.0, 985.0]
[112.0, 32.0, 708.0, 826.0]
[128.0, 96.0, 724.0, 891.0]
[64.0, 0.0, 661.0, 796.0]
[80.0, 64.0, 678.0, 861.0]
[32.0, 112.0, 630.0, 910.0]
[32.0, 96.0, 631.0, 895.0]
[16.0, 128.0, 616.0, 928.0]
[112.0, 192.0, 713.0, 993.0]
[16.0, 176.0, 618.0, 978.0]
[64.0, 112.0, 666.0, 915.0]
[80.0, 160.0, 683.0, 964.0]
[64.0, 128.0, 668.0, 933.0]
[48.0, 160.0, 652.0, 966.0]
[16.0, 80.0, 621.0, 887.0]
[48.0, 128.0, 654.0, 936.0]
[64.0, 16.0, 671.0, 825.0]
[32.0, 128.0, 640.0, 938.0]
[16.0, 144.0, 624.0, 955.0]
[32.0, 32.0, 641.0, 844.0]
[48.0, 128.0, 658.0, 941.0]
[32.0, 208.0, 642.0, 1022.0]
[64.0, 112.0, 675.0, 927.0]
[128.0, 32.0, 740.0, 848.0]
[48.0, 48.0, 661.0, 865.0]
[64.0, 80.0, 678.0, 898.0]
[16.0, 128.0, 630.0, 947.0]
[112.0, 144.0, 727.0, 964.0]
[48.0, 96.0, 664.0, 917.0]
[112.0, 144.0, 728.0, 966.0]
[16.0, 176.0, 633.0, 999.0]
[112.0, 176.0, 730.0, 1000.0]
[80.0, 128.0, 699.0, 953.0]
[112.0, 64.0, 732.0, 890.0]
[96.0, 48.0, 716.0, 875.0]
[80.0, 160.0, 701.0, 988.0]
[0.0, 80.0, 622.0, 909.0]
[96.0, 160.0, 718.0, 990.0]
[96.0, 112.0, 719.0, 943.0]
[112.0, 80.0, 736.0, 912.0]
[0.0, 64.0, 625.0, 897.0]
[48.0, 64.0, 674.0, 898.0]
[16.0, 128.0, 642.0, 963.0]
[80.0, 64.0, 707.0, 900.0]
[32.0, 0.0, 660.0, 837.0]
[32.0, 32.0, 660.0, 870.0]
[96.0, 176.0, 725.0, 1015.0]
[64.0, 128.0, 694.0, 968.0]
[96.0, 0.0, 727.0, 841.0]
[80.0, 80.0, 712.0, 922.0]
[80.0, 64.0, 712.0, 907.0]
[16.0, 176.0, 649.0, 1020.0]
[32.0, 16.0, 666.0, 861.0]
[0.0, 80.0, 634.0, 926.0]
[80.0, 96.0, 715.0, 943.0]
[16.0, 128.0, 652.0, 976.0]
[0.0, 32.0, 637.0, 881.0]
[48.0, 144.0, 686.0, 994.0]
[0.0, 16.0, 638.0, 867.0]
[0.0, 32.0, 639.0, 884.0]
[80.0, 96.0, 720.0, 949.0]
[16.0, 128.0, 656.0, 982.0]
[64.0, 16.0, 705.0, 871.0]
[80.0, 96.0, 722.0, 952.0]
[32.0, 112.0, 675.0, 969.0]
[0.0, 32.0, 644.0, 890.0]
[80.0, 16.0, 724.0, 875.0]
[80.0, 96.0, 725.0, 956.0]
[0.0, 144.0, 646.0, 1005.0]
[0.0, 64.0, 646.0, 926.0]
[32.0, 128.0, 679.0, 991.0]
[80.0, 128.0, 728.0, 992.0]
[48.0, 0.0, 697.0, 865.0]
[48.0, 96.0, 698.0, 962.0]
[16.0, 16.0, 666.0, 883.0]
[64.0, 96.0, 715.0, 964.0]
[80.0, 48.0, 732.0, 917.0]
[64.0, 16.0, 716.0, 886.0]
[64.0, 112.0, 717.0, 983.0]
[80.0, 112.0, 734.0, 984.0]
[0.0, 64.0, 655.0, 937.0]
[80.0, 96.0, 736.0, 970.0]
[16.0, 128.0, 672.0, 1003.0]
[0.0, 80.0, 657.0, 956.0]
[32.0, 32.0, 690.0, 909.0]
[16.0, 96.0, 674.0, 974.0]
[16.0, 64.0, 675.0, 943.0]
[80.0, 80.0, 740.0, 960.0]
[48.0, 112.0, 709.0, 993.0]
[0.0, 80.0, 662.0, 962.0]
[0.0, 0.0, 662.0, 883.0]
[48.0, 112.0, 711.0, 996.0]
[64.0, 32.0, 728.0, 917.0]
[0.0, 16.0, 664.0, 902.0]
[0.0, 0.0, 665.0, 887.0]
[32.0, 0.0, 698.0, 888.0]
[32.0, 96.0, 699.0, 985.0]
[32.0, 96.0, 700.0, 986.0]
[0.0, 64.0, 668.0, 955.0]
[16.0, 32.0, 685.0, 924.0]
[48.0, 0.0, 718.0, 893.0]
[0.0, 96.0, 670.0, 990.0]
[64.0, 64.0, 735.0, 959.0]
[16.0, 96.0, 688.0, 992.0]
[64.0, 64.0, 737.0, 961.0]
[48.0, 32.0, 722.0, 930.0]
[32.0, 96.0, 706.0, 995.0]
[0.0, 16.0, 675.0, 916.0]
[32.0, 48.0, 708.0, 949.0]
[48.0, 64.0, 724.0, 966.0]
[64.0, 96.0, 741.0, 999.0]
[16.0, 64.0, 694.0, 968.0]
[48.0, 96.0, 727.0, 1001.0]
[64.0, 80.0, 744.0, 986.0]
[48.0, 112.0, 728.0, 1019.0]
[64.0, 0.0, 745.0, 908.0]
[16.0, 0.0, 698.0, 909.0]
[32.0, 96.0, 714.0, 1006.0]
[32.0, 96.0, 715.0, 1007.0]
[16.0, 32.0, 700.0, 944.0]
[48.0, 32.0, 733.0, 945.0]
[16.0, 80.0, 702.0, 994.0]
[48.0, 16.0, 734.0, 931.0]
[16.0, 16.0, 703.0, 932.0]
[32.0, 0.0, 720.0, 917.0]
[16.0, 96.0, 704.0, 1014.0]
[0.0, 64.0, 689.0, 983.0]
[0.0, 48.0, 690.0, 968.0]
[32.0, 32.0, 723.0, 953.0]
[16.0, 0.0, 708.0, 922.0]
[48.0, 80.0, 740.0, 1003.0]
[0.0, 48.0, 693.0, 972.0]
[0.0, 0.0, 694.0, 925.0]
[32.0, 32.0, 726.0, 958.0]
[0.0, 16.0, 695.0, 943.0]
[16.0, 32.0, 712.0, 960.0]
[0.0, 0.0, 697.0, 929.0]
[0.0, 48.0, 698.0, 978.0]
[16.0, 16.0, 714.0, 947.0]
[32.0, 0.0, 731.0, 932.0]
[32.0, 48.0, 732.0, 981.0]
[48.0, 16.0, 748.0, 950.0]
[16.0, 48.0, 717.0, 983.0]
[32.0, 48.0, 734.0, 984.0]
[32.0, 48.0, 735.0, 985.0]
[32.0, 48.0, 736.0, 986.0]
[32.0, 0.0, 736.0, 939.0]
[32.0, 80.0, 737.0, 1020.0]
[32.0, 32.0, 738.0, 973.0]
[16.0, 16.0, 722.0, 958.0]
[16.0, 48.0, 723.0, 991.0]
[16.0, 16.0, 724.0, 960.0]
[16.0, 16.0, 725.0, 961.0]
[32.0, 64.0, 742.0, 1010.0]
[16.0, 0.0, 726.0, 947.0]
[0.0, 0.0, 711.0, 948.0]
[0.0, 48.0, 712.0, 997.0]
[16.0, 48.0, 728.0, 998.0]
[16.0, 64.0, 729.0, 1015.0]
[0.0, 0.0, 714.0, 952.0]
[32.0, 32.0, 747.0, 985.0]
[0.0, 32.0, 716.0, 986.0]
[32.0, 48.0, 748.0, 1003.0]
[16.0, 16.0, 733.0, 972.0]
[0.0, 16.0, 718.0, 973.0]
[0.0, 48.0, 718.0, 1006.0]
[16.0, 64.0, 735.0, 1023.0]
[0.0, 16.0, 720.0, 976.0]
[0.0, 32.0, 721.0, 993.0]
[0.0, 48.0, 722.0, 1010.0]
[16.0, 0.0, 738.0, 963.0]
[16.0, 16.0, 739.0, 980.0]
[0.0, 16.0, 724.0, 981.0]
[0.0, 32.0, 724.0, 998.0]
[0.0, 48.0, 725.0, 1015.0]
[16.0, 0.0, 742.0, 968.0]
[0.0, 48.0, 727.0, 1017.0]
[0.0, 32.0, 728.0, 1002.0]
[16.0, 48.0, 744.0, 1019.0]
[16.0, 32.0, 745.0, 1004.0]
[16.0, 0.0, 746.0, 973.0]
[16.0, 16.0, 746.0, 990.0]
[0.0, 16.0, 731.0, 991.0]
[0.0, 48.0, 732.0, 1024.0]
[0.0, 0.0, 733.0, 977.0]
[0.0, 32.0, 734.0, 1010.0]
[0.0, 0.0, 734.0, 979.0]
[0.0, 0.0, 735.0, 980.0]
[0.0, 32.0, 736.0, 1013.0]
[0.0, 0.0, 736.0, 982.0]
[0.0, 0.0, 737.0, 983.0]
[0.0, 16.0, 738.0, 1000.0]
[0.0, 32.0, 739.0, 1017.0]
[0.0, 0.0, 740.0, 986.0]
[0.0, 32.0, 740.0, 1019.0]
[0.0, 0.0, 741.0, 988.0]
[0.0, 16.0, 742.0, 1005.0]
[0.0, 0.0, 742.0, 990.0]
[0.0, 16.0, 743.0, 1007.0]
[0.0, 32.0, 744.0, 1024.0]
[0.0, 16.0, 745.0, 1009.0]
[0.0, 16.0, 746.0, 1010.0]
[0.0, 16.0, 746.0, 1011.0]
[0.0, 16.0, 747.0, 1012.0]
[0.0, 16.0, 748.0, 1013.0]
[0.0, 0.0, 748.0, 998.0]
[0.0, 0.0, 749.0, 999.0]
