[48.0, 80.0, 833.0, 669.0]
[96.0, 32.0, 882.0, 622.0]
[48.0, 112.0, 835.0, 702.0]
[112.0, 112.0, 900.0, 703.0]
[112.0, 32.0, 901.0, 624.0]
[192.0, 96.0, 982.0, 688.0]
[96.0, 96.0, 887.0, 689.0]
[176.0, 48.0, 968.0, 642.0]
[160.0, 48.0, 953.0, 643.0]
[96.0, 128.0, 890.0, 724.0]
[160.0, 112.0, 955.0, 708.0]
[160.0, 144.0, 956.0, 741.0]
[160.0, 32.0, 957.0, 630.0]
[96.0, 144.0, 894.0, 742.0]
[48.0, 128.0, 847.0, 727.0]
[48.0, 80.0, 848.0, 680.0]
[48.0, 144.0, 849.0, 745.0]
[160.0, 32.0, 962.0, 634.0]
[128.0, 64.0, 931.0, 666.0]
[32.0, 128.0, 836.0, 731.0]
[128.0, 16.0, 933.0, 620.0]
[144.0, 48.0, 950.0, 652.0]
[176.0, 48.0, 983.0, 653.0]
[80.0, 144.0, 888.0, 750.0]
[96.0, 128.0, 905.0, 735.0]
[128.0, 64.0, 938.0, 672.0]
[144.0, 144.0, 955.0, 752.0]
[128.0, 144.0, 940.0, 753.0]
[160.0, 128.0, 973.0, 738.0]
[144.0, 128.0, 958.0, 738.0]
[96.0, 32.0, 911.0, 643.0]
[144.0, 32.0, 960.0, 644.0]
[176.0, 16.0, 993.0, 629.0]
[16.0, 64.0, 834.0, 678.0]
[80.0, 96.0, 899.0, 710.0]
[160.0, 96.0, 980.0, 711.0]
[64.0, 32.0, 885.0, 648.0]
[16.0, 80.0, 838.0, 696.0]
[64.0, 144.0, 887.0, 761.0]
[176.0, 64.0, 1000.0, 682.0]
[160.0, 32.0, 985.0, 651.0]
[192.0, 96.0, 1018.0, 716.0]
[192.0, 96.0, 1019.0, 716.0]
[16.0, 16.0, 844.0, 637.0]
[112.0, 96.0, 941.0, 718.0]
[48.0, 0.0, 878.0, 622.0]
[144.0, 0.0, 975.0, 623.0]
[176.0, 16.0, 1008.0, 640.0]
[96.0, 0.0, 929.0, 625.0]
[32.0, 48.0, 866.0, 674.0]
[48.0, 80.0, 883.0, 706.0]
[112.0, 64.0, 948.0, 691.0]
[48.0, 96.0, 885.0, 724.0]
[16.0, 32.0, 854.0, 660.0]
[176.0, 16.0, 1015.0, 645.0]
[32.0, 112.0, 872.0, 742.0]
[160.0, 16.0, 1001.0, 647.0]
[160.0, 32.0, 1002.0, 664.0]
[48.0, 128.0, 891.0, 760.0]
[16.0, 48.0, 860.0, 681.0]
[80.0, 0.0, 925.0, 634.0]
[176.0, 64.0, 1022.0, 698.0]
[144.0, 0.0, 991.0, 635.0]
[112.0, 112.0, 960.0, 748.0]
[32.0, 128.0, 881.0, 765.0]
[112.0, 96.0, 962.0, 734.0]
[64.0, 0.0, 915.0, 638.0]
[80.0, 16.0, 932.0, 655.0]
[112.0, 112.0, 965.0, 752.0]
[64.0, 0.0, 918.0, 640.0]
[128.0, 112.0, 983.0, 753.0]
[144.0, 48.0, 1000.0, 690.0]
[160.0, 16.0, 1017.0, 659.0]
[160.0, 48.0, 1018.0, 692.0]
[16.0, 16.0, 875.0, 660.0]
[144.0, 48.0, 1004.0, 693.0]
[48.0, 64.0, 909.0, 710.0]
[48.0, 80.0, 910.0, 726.0]
[80.0, 112.0, 943.0, 759.0]
[48.0, 48.0, 912.0, 696.0]
[80.0, 48.0, 945.0, 697.0]
[48.0, 64.0, 914.0, 714.0]
[0.0, 96.0, 867.0, 746.0]
[32.0, 80.0, 900.0, 731.0]
[16.0, 80.0, 885.0, 732.0]
[80.0, 80.0, 950.0, 732.0]
[80.0, 64.0, 951.0, 717.0]
[48.0, 0.0, 920.0, 654.0]
[64.0, 112.0, 937.0, 767.0]
[112.0, 96.0, 986.0, 752.0]
[144.0, 0.0, 1019.0, 656.0]
[32.0, 0.0, 908.0, 657.0]
[0.0, 16.0, 877.0, 674.0]
[112.0, 32.0, 990.0, 690.0]
[112.0, 48.0, 991.0, 707.0]
[64.0, 80.0, 944.0, 740.0]
[96.0, 48.0, 977.0, 709.0]
[32.0, 64.0, 914.0, 726.0]
[0.0, 32.0, 883.0, 694.0]
[128.0, 96.0, 1012.0, 759.0]
[0.0, 16.0, 885.0, 680.0]
[96.0, 64.0, 982.0, 728.0]
[128.0, 0.0, 1015.0, 665.0]
[80.0, 48.0, 968.0, 714.0]
[16.0, 48.0, 905.0, 715.0]
[128.0, 80.0, 1018.0, 748.0]
[32.0, 32.0, 923.0, 700.0]
[112.0, 96.0, 1004.0, 765.0]
[96.0, 32.0, 989.0, 702.0]
[64.0, 32.0, 958.0, 702.0]
[96.0, 80.0, 991.0, 751.0]
[0.0, 96.0, 896.0, 768.0]
[64.0, 80.0, 961.0, 753.0]
[96.0, 16.0, 994.0, 690.0]
[96.0, 32.0, 995.0, 706.0]
[32.0, 48.0, 932.0, 723.0]
[112.0, 64.0, 1013.0, 740.0]
[48.0, 16.0, 950.0, 692.0]
[32.0, 80.0, 935.0, 757.0]
[32.0, 48.0, 936.0, 726.0]
[0.0, 16.0, 905.0, 695.0]
[64.0, 80.0, 970.0, 760.0]
[112.0, 80.0, 1019.0, 760.0]
[48.0, 80.0, 956.0, 761.0]
[112.0, 64.0, 1021.0, 746.0]
[96.0, 0.0, 1006.0, 682.0]
[0.0, 32.0, 911.0, 715.0]
[80.0, 16.0, 992.0, 700.0]
[32.0, 32.0, 945.0, 717.0]
[32.0, 16.0, 946.0, 702.0]
[48.0, 0.0, 963.0, 686.0]
[48.0, 0.0, 964.0, 687.0]
[48.0, 32.0, 965.0, 720.0]
[16.0, 64.0, 934.0, 752.0]
[64.0, 0.0, 983.0, 689.0]
[64.0, 64.0, 984.0, 754.0]
[80.0, 32.0, 1001.0, 723.0]
[0.0, 64.0, 922.0, 756.0]
[16.0, 16.0, 939.0, 708.0]
[16.0, 0.0, 940.0, 693.0]
[0.0, 0.0, 925.0, 694.0]
[0.0, 16.0, 926.0, 710.0]
[0.0, 16.0, 927.0, 711.0]
[0.0, 0.0, 928.0, 696.0]
[64.0, 32.0, 993.0, 729.0]
[32.0, 0.0, 962.0, 698.0]
[80.0, 16.0, 1011.0, 714.0]
[64.0, 32.0, 996.0, 731.0]
[80.0, 48.0, 1013.0, 748.0]
[0.0, 0.0, 934.0, 700.0]
[0.0, 16.0, 935.0, 717.0]
[48.0, 48.0, 984.0, 750.0]
[0.0, 48.0, 937.0, 751.0]
[0.0, 32.0, 938.0, 736.0]
[0.0, 48.0, 939.0, 752.0]
[0.0, 32.0, 940.0, 737.0]
[16.0, 32.0, 957.0, 738.0]
[16.0, 16.0, 958.0, 722.0]
[64.0, 48.0, 1007.0, 755.0]
[32.0, 0.0, 976.0, 708.0]
[0.0, 0.0, 945.0, 709.0]
[16.0, 0.0, 962.0, 710.0]
[16.0, 32.0, 963.0, 742.0]
[0.0, 48.0, 948.0, 759.0]
[16.0, 48.0, 965.0, 760.0]
[16.0, 16.0, 966.0, 728.0]
[0.0, 32.0, 951.0, 745.0]
[0.0, 16.0, 952.0, 730.0]
[48.0, 16.0, 1001.0, 731.0]
[64.0, 16.0, 1018.0, 732.0]
[32.0, 48.0, 987.0, 764.0]
[48.0, 32.0, 1004.0, 749.0]
[64.0, 0.0, 1021.0, 718.0]
[64.0, 32.0, 1022.0, 750.0]
[0.0, 0.0, 959.0, 719.0]
[48.0, 32.0, 1008.0, 752.0]
[0.0, 32.0, 961.0, 753.0]
[32.0, 32.0, 994.0, 754.0]
[16.0, 32.0, 979.0, 754.0]
[16.0, 32.0, 980.0, 755.0]
[32.0, 16.0, 997.0, 740.0]
[48.0, 16.0, 1014.0, 740.0]
[48.0, 32.0, 1015.0, 757.0]
[16.0, 0.0, 984.0, 726.0]
[16.0, 32.0, 985.0, 759.0]
[32.0, 16.0, 1002.0, 744.0]
[32.0, 0.0, 1003.0, 728.0]
[48.0, 32.0, 1020.0, 761.0]
[32.0, 32.0, 1005.0, 762.0]
[16.0, 32.0, 990.0, 762.0]
[0.0, 0.0, 975.0, 731.0]
[32.0, 16.0, 1008.0, 748.0]
[16.0, 16.0, 993.0, 749.0]
[32.0, 32.0, 1010.0, 766.0]
[0.0, 16.0, 979.0, 750.0]
[0.0, 16.0, 980.0, 751.0]
[0.0, 32.0, 981.0, 768.0]
[16.0, 32.0, 998.0, 768.0]
[0.0, 0.0, 983.0, 737.0]
[0.0, 16.0, 984.0, 754.0]
[16.0, 16.0, 1001.0, 755.0]
[0.0, 16.0, 986.0, 756.0]
[0.0, 16.0, 987.0, 756.0]
[32.0, 0.0, 1020.0, 741.0]
[0.0, 0.0, 989.0, 742.0]
[0.0, 0.0, 990.0, 742.0]
[16.0, 16.0, 1007.0, 759.0]
[32.0, 0.0, 1024.0, 744.0]
[16.0, 16.0, 1009.0, 761.0]
[0.0, 0.0, 994.0, 746.0]
[0.0, 0.0, 995.0, 746.0]
[0.0, 0.0, 996.0, 747.0]
[16.0, 0.0, 1013.0, 748.0]
[16.0, 0.0, 1014.0, 748.0]
[16.0, 16.0, 1015.0, 765.0]
[16.0, 0.0, 1016.0, 750.0]
[16.0, 16.0, 1017.0, 767.0]
[16.0, 0.0, 1018.0, 752.0]
[16.0, 16.0, 1019.0, 768.0]
[16.0, 0.0, 1020.0, 753.0]
[16.0, 0.0, 1021.0, 754.0]
[16.0, 0.0, 1022.0, 754.0]
[0.0, 0.0, 1007.0, 755.0]
[16.0, 0.0, 1024.0, 756.0]
[0.0, 0.0, 1009.0, 757.0]
[0.0, 0.0, 1010.0, 758.0]
[0.0, 0.0, 1011.0, 758.0]
[0.0, 0.0, 1012.0, 759.0]
[0.0, 0.0, 1013.0, 760.0]
[0.0, 0.0, 1014.0, 760.0]
[0.0, 0.0, 1015.0, 761.0]
[0.0, 0.0, 1016.0, 762.0]
[0.0, 0.0, 1017.0, 763.0]
[0.0, 0.0, 1018.0, 764.0]
[0.0, 0.0, 1019.0, 764.0]
[0.0, 0.0, 1020.0, 765.0]
[0.0, 0.0, 1021.0, 766.0]
[0.0, 0.0, 1022.0, 766.0]
[0.0, 0.0, 1023.0, 767.0]
[0.0, 0.0, 1024.0, 768.0]
