[288.0, 0.0, 1005.0, 538.0]
[304.0, 32.0, 1022.0, 570.0]
[304.0, 16.0, 1023.0, 555.0]
[224.0, 16.0, 944.0, 556.0]
[272.0, 0.0, 993.0, 541.0]
[208.0, 16.0, 930.0, 558.0]
[176.0, 0.0, 899.0, 542.0]
[240.0, 48.0, 964.0, 591.0]
[240.0, 32.0, 965.0, 576.0]
[208.0, 16.0, 934.0, 560.0]
[208.0, 16.0, 935.0, 561.0]
[208.0, 0.0, 936.0, 546.0]
[272.0, 48.0, 1001.0, 595.0]
[256.0, 0.0, 986.0, 548.0]
[272.0, 32.0, 1003.0, 580.0]
[288.0, 0.0, 1020.0, 549.0]
[256.0, 16.0, 989.0, 566.0]
[224.0, 48.0, 958.0, 598.0]
[272.0, 32.0, 1007.0, 583.0]
[208.0, 16.0, 944.0, 568.0]
[192.0, 48.0, 929.0, 601.0]
[176.0, 16.0, 914.0, 570.0]
[176.0, 32.0, 915.0, 586.0]
[240.0, 48.0, 980.0, 603.0]
[176.0, 16.0, 917.0, 572.0]
[272.0, 0.0, 1014.0, 556.0]
[240.0, 48.0, 983.0, 605.0]
[224.0, 0.0, 968.0, 558.0]
[256.0, 0.0, 1001.0, 559.0]
[192.0, 0.0, 938.0, 560.0]
[240.0, 32.0, 987.0, 592.0]
[192.0, 16.0, 940.0, 577.0]
[256.0, 32.0, 1005.0, 594.0]
[240.0, 16.0, 990.0, 578.0]
[208.0, 48.0, 959.0, 611.0]
[192.0, 32.0, 944.0, 596.0]
[256.0, 16.0, 1009.0, 581.0]
[240.0, 16.0, 994.0, 582.0]
[176.0, 32.0, 931.0, 598.0]
[224.0, 0.0, 980.0, 567.0]
[192.0, 32.0, 949.0, 600.0]
[240.0, 48.0, 998.0, 616.0]
[256.0, 16.0, 1015.0, 585.0]
[192.0, 0.0, 952.0, 570.0]
[176.0, 32.0, 937.0, 603.0]
[224.0, 16.0, 986.0, 588.0]
[208.0, 16.0, 971.0, 588.0]
[224.0, 0.0, 988.0, 573.0]
[256.0, 0.0, 1021.0, 574.0]
[240.0, 0.0, 1006.0, 574.0]
[256.0, 32.0, 1023.0, 607.0]
[256.0, 16.0, 1024.0, 592.0]
[176.0, 0.0, 945.0, 577.0]
[224.0, 32.0, 994.0, 610.0]
[192.0, 0.0, 963.0, 578.0]
[208.0, 48.0, 980.0, 627.0]
[192.0, 0.0, 965.0, 580.0]
[240.0, 0.0, 1014.0, 580.0]
[224.0, 48.0, 999.0, 629.0]
[208.0, 32.0, 984.0, 614.0]
[224.0, 32.0, 1001.0, 615.0]
[192.0, 32.0, 970.0, 616.0]
[240.0, 16.0, 1019.0, 600.0]
[224.0, 0.0, 1004.0, 585.0]
[192.0, 32.0, 973.0, 618.0]
[240.0, 32.0, 1022.0, 618.0]
[208.0, 16.0, 991.0, 603.0]
[240.0, 16.0, 1024.0, 604.0]
[176.0, 32.0, 961.0, 621.0]
[208.0, 16.0, 994.0, 606.0]
[192.0, 16.0, 979.0, 606.0]
[176.0, 16.0, 964.0, 607.0]
[208.0, 0.0, 997.0, 592.0]
[224.0, 0.0, 1014.0, 592.0]
[192.0, 32.0, 983.0, 625.0]
[224.0, 16.0, 1016.0, 610.0]
[176.0, 0.0, 969.0, 595.0]
[224.0, 16.0, 1018.0, 612.0]
[208.0, 16.0, 1003.0, 612.0]
[208.0, 0.0, 1004.0, 597.0]
[192.0, 16.0, 989.0, 614.0]
[176.0, 0.0, 974.0, 598.0]
[176.0, 32.0, 975.0, 631.0]
[208.0, 0.0, 1008.0, 600.0]
[208.0, 16.0, 1009.0, 617.0]
[208.0, 0.0, 1010.0, 602.0]
[176.0, 16.0, 979.0, 618.0]
[192.0, 32.0, 996.0, 635.0]
[176.0, 0.0, 981.0, 604.0]
[208.0, 16.0, 1014.0, 620.0]
[176.0, 0.0, 983.0, 605.0]
[176.0, 16.0, 984.0, 622.0]
[192.0, 32.0, 1001.0, 639.0]
[176.0, 16.0, 986.0, 624.0]
[208.0, 0.0, 1019.0, 608.0]
[176.0, 0.0, 988.0, 609.0]
[192.0, 16.0, 1005.0, 626.0]
[208.0, 0.0, 1022.0, 610.0]
[176.0, 16.0, 991.0, 627.0]
[192.0, 0.0, 1008.0, 612.0]
