[112.0, 32.0, 897.0, 621.0]
[48.0, 80.0, 834.0, 670.0]
[112.0, 80.0, 899.0, 670.0]
[96.0, 112.0, 884.0, 703.0]
[48.0, 80.0, 837.0, 672.0]
[80.0, 128.0, 870.0, 720.0]
[144.0, 128.0, 935.0, 721.0]
[80.0, 112.0, 872.0, 706.0]
[96.0, 128.0, 889.0, 723.0]
[144.0, 144.0, 938.0, 740.0]
[96.0, 64.0, 891.0, 660.0]
[160.0, 48.0, 956.0, 645.0]
[192.0, 112.0, 989.0, 710.0]
[128.0, 112.0, 926.0, 710.0]
[32.0, 64.0, 831.0, 663.0]
[144.0, 64.0, 944.0, 664.0]
[64.0, 144.0, 865.0, 745.0]
[128.0, 128.0, 930.0, 730.0]
[192.0, 64.0, 995.0, 666.0]
[128.0, 144.0, 932.0, 747.0]
[128.0, 80.0, 933.0, 684.0]
[48.0, 128.0, 854.0, 732.0]
[144.0, 96.0, 951.0, 701.0]
[112.0, 80.0, 920.0, 686.0]
[160.0, 16.0, 969.0, 623.0]
[128.0, 144.0, 938.0, 752.0]
[48.0, 112.0, 859.0, 720.0]
[64.0, 48.0, 876.0, 657.0]
[160.0, 96.0, 973.0, 706.0]
[32.0, 32.0, 846.0, 642.0]
[112.0, 112.0, 927.0, 723.0]
[112.0, 128.0, 928.0, 740.0]
[112.0, 48.0, 929.0, 661.0]
[64.0, 48.0, 882.0, 662.0]
[128.0, 64.0, 947.0, 678.0]
[16.0, 48.0, 836.0, 663.0]
[96.0, 80.0, 917.0, 696.0]
[64.0, 144.0, 886.0, 760.0]
[80.0, 80.0, 903.0, 697.0]
[176.0, 128.0, 1000.0, 746.0]
[128.0, 48.0, 953.0, 667.0]
[192.0, 48.0, 1018.0, 668.0]
[144.0, 144.0, 971.0, 764.0]
[112.0, 16.0, 940.0, 637.0]
[64.0, 112.0, 893.0, 734.0]
[144.0, 64.0, 974.0, 686.0]
[128.0, 128.0, 959.0, 751.0]
[48.0, 80.0, 880.0, 704.0]
[144.0, 16.0, 977.0, 641.0]
[32.0, 96.0, 866.0, 722.0]
[128.0, 112.0, 963.0, 738.0]
[64.0, 128.0, 900.0, 755.0]
[48.0, 112.0, 885.0, 740.0]
[176.0, 128.0, 1014.0, 756.0]
[112.0, 80.0, 951.0, 709.0]
[128.0, 32.0, 968.0, 662.0]
[32.0, 64.0, 873.0, 695.0]
[96.0, 0.0, 938.0, 632.0]
[176.0, 112.0, 1019.0, 744.0]
[144.0, 80.0, 988.0, 713.0]
[48.0, 48.0, 893.0, 682.0]
[176.0, 64.0, 1022.0, 698.0]
[16.0, 112.0, 863.0, 747.0]
[128.0, 16.0, 976.0, 652.0]
[64.0, 32.0, 913.0, 669.0]
[32.0, 48.0, 882.0, 686.0]
[80.0, 32.0, 931.0, 670.0]
[96.0, 80.0, 948.0, 719.0]
[48.0, 96.0, 901.0, 736.0]
[64.0, 80.0, 918.0, 720.0]
[0.0, 80.0, 855.0, 721.0]
[144.0, 112.0, 1000.0, 754.0]
[64.0, 48.0, 921.0, 691.0]
[144.0, 64.0, 1002.0, 708.0]
[96.0, 96.0, 955.0, 740.0]
[32.0, 96.0, 892.0, 741.0]
[32.0, 64.0, 893.0, 710.0]
[96.0, 16.0, 958.0, 662.0]
[144.0, 64.0, 1007.0, 711.0]
[144.0, 48.0, 1008.0, 696.0]
[32.0, 112.0, 897.0, 761.0]
[96.0, 32.0, 962.0, 682.0]
[112.0, 80.0, 979.0, 730.0]
[128.0, 48.0, 996.0, 699.0]
[80.0, 96.0, 949.0, 748.0]
[64.0, 112.0, 934.0, 764.0]
[112.0, 64.0, 983.0, 717.0]
[16.0, 64.0, 888.0, 718.0]
[0.0, 48.0, 873.0, 703.0]
[112.0, 16.0, 986.0, 672.0]
[80.0, 0.0, 955.0, 656.0]
[112.0, 32.0, 988.0, 689.0]
[48.0, 48.0, 925.0, 706.0]
[80.0, 16.0, 958.0, 674.0]
[96.0, 80.0, 975.0, 739.0]
[16.0, 96.0, 896.0, 756.0]
[0.0, 64.0, 881.0, 725.0]
[64.0, 96.0, 946.0, 758.0]
[48.0, 96.0, 931.0, 758.0]
[48.0, 80.0, 932.0, 743.0]
[80.0, 0.0, 965.0, 664.0]
[16.0, 80.0, 902.0, 744.0]
[96.0, 64.0, 983.0, 729.0]
[80.0, 32.0, 968.0, 698.0]
[96.0, 16.0, 985.0, 683.0]
[80.0, 64.0, 970.0, 732.0]
[32.0, 48.0, 923.0, 716.0]
[0.0, 32.0, 892.0, 701.0]
[80.0, 0.0, 973.0, 670.0]
[96.0, 48.0, 990.0, 718.0]
[128.0, 16.0, 1023.0, 687.0]
[96.0, 32.0, 992.0, 704.0]
[80.0, 0.0, 977.0, 673.0]
[0.0, 0.0, 898.0, 674.0]
[96.0, 64.0, 995.0, 738.0]
[96.0, 0.0, 996.0, 675.0]
[16.0, 64.0, 917.0, 740.0]
[32.0, 16.0, 934.0, 692.0]
[32.0, 48.0, 935.0, 725.0]
[64.0, 80.0, 968.0, 758.0]
[32.0, 0.0, 937.0, 679.0]
[32.0, 0.0, 938.0, 680.0]
[16.0, 32.0, 923.0, 712.0]
[112.0, 80.0, 1020.0, 761.0]
[0.0, 48.0, 909.0, 730.0]
[48.0, 0.0, 958.0, 682.0]
[80.0, 16.0, 991.0, 699.0]
[64.0, 32.0, 976.0, 716.0]
[96.0, 16.0, 1009.0, 701.0]
[96.0, 32.0, 1010.0, 718.0]
[16.0, 80.0, 931.0, 766.0]
[48.0, 80.0, 964.0, 767.0]
[64.0, 0.0, 981.0, 688.0]
[16.0, 64.0, 934.0, 752.0]
[96.0, 16.0, 1015.0, 705.0]
[48.0, 32.0, 968.0, 722.0]
[32.0, 64.0, 953.0, 755.0]
[80.0, 64.0, 1002.0, 756.0]
[48.0, 64.0, 971.0, 756.0]
[0.0, 64.0, 924.0, 757.0]
[48.0, 0.0, 973.0, 694.0]
[0.0, 16.0, 926.0, 710.0]
[80.0, 64.0, 1007.0, 759.0]
[32.0, 32.0, 960.0, 728.0]
[32.0, 16.0, 961.0, 713.0]
[48.0, 48.0, 978.0, 746.0]
[64.0, 64.0, 995.0, 762.0]
[48.0, 64.0, 980.0, 763.0]
[48.0, 48.0, 981.0, 748.0]
[80.0, 0.0, 1014.0, 700.0]
[64.0, 0.0, 999.0, 701.0]
[80.0, 0.0, 1016.0, 702.0]
[0.0, 32.0, 937.0, 735.0]
[64.0, 16.0, 1002.0, 720.0]
[64.0, 16.0, 1003.0, 720.0]
[0.0, 0.0, 940.0, 705.0]
[0.0, 16.0, 941.0, 722.0]
[0.0, 16.0, 942.0, 722.0]
[80.0, 32.0, 1023.0, 739.0]
[32.0, 32.0, 976.0, 740.0]
[16.0, 0.0, 961.0, 709.0]
[64.0, 0.0, 1010.0, 710.0]
[64.0, 48.0, 1011.0, 758.0]
[48.0, 48.0, 996.0, 759.0]
[16.0, 32.0, 965.0, 744.0]
[0.0, 0.0, 950.0, 712.0]
[64.0, 32.0, 1015.0, 745.0]
[32.0, 32.0, 984.0, 746.0]
[32.0, 48.0, 985.0, 763.0]
[32.0, 16.0, 986.0, 732.0]
[64.0, 32.0, 1019.0, 748.0]
[64.0, 32.0, 1020.0, 749.0]
[64.0, 16.0, 1021.0, 734.0]
[16.0, 16.0, 974.0, 734.0]
[16.0, 0.0, 975.0, 719.0]
[16.0, 32.0, 976.0, 752.0]
[48.0, 32.0, 1009.0, 753.0]
[48.0, 16.0, 1010.0, 738.0]
[16.0, 32.0, 979.0, 754.0]
[32.0, 32.0, 996.0, 755.0]
[0.0, 0.0, 965.0, 724.0]
[0.0, 0.0, 966.0, 724.0]
[32.0, 16.0, 999.0, 741.0]
[0.0, 16.0, 968.0, 742.0]
[0.0, 0.0, 969.0, 727.0]
[48.0, 0.0, 1018.0, 728.0]
[0.0, 0.0, 971.0, 728.0]
[16.0, 0.0, 988.0, 729.0]
[16.0, 0.0, 989.0, 730.0]
[48.0, 16.0, 1022.0, 746.0]
[32.0, 16.0, 1007.0, 747.0]
[0.0, 16.0, 976.0, 748.0]
[16.0, 16.0, 993.0, 749.0]
[16.0, 16.0, 994.0, 750.0]
[0.0, 32.0, 979.0, 766.0]
[32.0, 32.0, 1012.0, 767.0]
[0.0, 16.0, 981.0, 752.0]
[32.0, 32.0, 1014.0, 768.0]
[16.0, 0.0, 999.0, 737.0]
[0.0, 16.0, 984.0, 754.0]
[0.0, 0.0, 985.0, 739.0]
[0.0, 0.0, 986.0, 740.0]
[16.0, 16.0, 1003.0, 756.0]
[0.0, 16.0, 988.0, 757.0]
[32.0, 0.0, 1021.0, 742.0]
[16.0, 0.0, 1006.0, 742.0]
[32.0, 0.0, 1023.0, 743.0]
[16.0, 16.0, 1008.0, 760.0]
[0.0, 16.0, 993.0, 761.0]
[16.0, 16.0, 1010.0, 762.0]
[16.0, 16.0, 1011.0, 762.0]
[16.0, 0.0, 1012.0, 747.0]
[0.0, 0.0, 997.0, 748.0]
[0.0, 16.0, 998.0, 764.0]
[0.0, 0.0, 999.0, 749.0]
[0.0, 16.0, 1000.0, 766.0]
[16.0, 0.0, 1017.0, 751.0]
[0.0, 16.0, 1002.0, 768.0]
[16.0, 0.0, 1019.0, 752.0]
[0.0, 0.0, 1004.0, 753.0]
[0.0, 0.0, 1005.0, 754.0]
[16.0, 0.0, 1022.0, 754.0]
[0.0, 0.0, 1007.0, 755.0]
[0.0, 0.0, 1008.0, 756.0]
[0.0, 0.0, 1009.0, 757.0]
[0.0, 0.0, 1010.0, 758.0]
[0.0, 0.0, 1011.0, 758.0]
[0.0, 0.0, 1012.0, 759.0]
[0.0, 0.0, 1013.0, 760.0]
[0.0, 0.0, 1014.0, 760.0]
[0.0, 0.0, 1015.0, 761.0]
[0.0, 0.0, 1016.0, 762.0]
[0.0, 0.0, 1017.0, 763.0]
[0.0, 0.0, 1018.0, 764.0]
[0.0, 0.0, 1019.0, 764.0]
[0.0, 0.0, 1020.0, 765.0]
[0.0, 0.0, 1021.0, 766.0]
[0.0, 0.0, 1022.0, 766.0]
[0.0, 0.0, 1023.0, 767.0]
[0.0, 0.0, 1024.0, 768.0]
