[96.0, 112.0, 634.0, 829.0]
[0.0, 48.0, 538.0, 766.0]
[32.0, 112.0, 571.0, 831.0]
[128.0, 96.0, 668.0, 816.0]
[64.0, 144.0, 605.0, 865.0]
[128.0, 80.0, 670.0, 802.0]
[32.0, 80.0, 574.0, 803.0]
[96.0, 64.0, 639.0, 788.0]
[64.0, 48.0, 608.0, 773.0]
[96.0, 0.0, 640.0, 726.0]
[64.0, 112.0, 609.0, 839.0]
[64.0, 80.0, 610.0, 808.0]
[80.0, 80.0, 627.0, 809.0]
[96.0, 16.0, 644.0, 746.0]
[80.0, 16.0, 628.0, 747.0]
[112.0, 112.0, 661.0, 844.0]
[0.0, 80.0, 550.0, 813.0]
[48.0, 112.0, 598.0, 846.0]
[64.0, 32.0, 615.0, 767.0]
[96.0, 64.0, 648.0, 800.0]
[128.0, 16.0, 681.0, 753.0]
[128.0, 32.0, 682.0, 770.0]
[32.0, 32.0, 586.0, 771.0]
[0.0, 80.0, 555.0, 820.0]
[16.0, 64.0, 572.0, 805.0]
[80.0, 80.0, 636.0, 822.0]
[112.0, 0.0, 669.0, 743.0]
[80.0, 48.0, 638.0, 792.0]
[16.0, 128.0, 575.0, 873.0]
[32.0, 128.0, 592.0, 874.0]
[96.0, 16.0, 656.0, 763.0]
[80.0, 32.0, 641.0, 780.0]
[16.0, 128.0, 578.0, 877.0]
[96.0, 80.0, 658.0, 830.0]
[112.0, 48.0, 675.0, 799.0]
[0.0, 0.0, 564.0, 752.0]
[16.0, 112.0, 581.0, 865.0]
[112.0, 64.0, 678.0, 818.0]
[80.0, 48.0, 646.0, 803.0]
[96.0, 16.0, 663.0, 772.0]
[112.0, 32.0, 680.0, 789.0]
[48.0, 64.0, 616.0, 822.0]
[64.0, 80.0, 633.0, 839.0]
[80.0, 96.0, 650.0, 856.0]
[48.0, 112.0, 619.0, 873.0]
[32.0, 144.0, 604.0, 906.0]
[80.0, 96.0, 652.0, 859.0]
[96.0, 48.0, 669.0, 812.0]
[16.0, 16.0, 590.0, 781.0]
[64.0, 80.0, 638.0, 846.0]
[16.0, 128.0, 591.0, 895.0]
[80.0, 32.0, 656.0, 800.0]
[80.0, 0.0, 657.0, 769.0]
[0.0, 80.0, 578.0, 850.0]
[16.0, 112.0, 594.0, 883.0]
[96.0, 0.0, 675.0, 772.0]
[0.0, 96.0, 580.0, 869.0]
[48.0, 128.0, 628.0, 902.0]
[32.0, 16.0, 613.0, 791.0]
[0.0, 32.0, 582.0, 808.0]
[80.0, 80.0, 663.0, 857.0]
[0.0, 0.0, 584.0, 778.0]
[96.0, 64.0, 680.0, 843.0]
[64.0, 32.0, 649.0, 812.0]
[80.0, 0.0, 666.0, 781.0]
[64.0, 64.0, 650.0, 846.0]
[0.0, 0.0, 587.0, 783.0]
[16.0, 96.0, 604.0, 880.0]
[0.0, 80.0, 589.0, 865.0]
[48.0, 48.0, 638.0, 834.0]
[32.0, 48.0, 622.0, 835.0]
[80.0, 96.0, 671.0, 884.0]
[16.0, 32.0, 608.0, 821.0]
[16.0, 112.0, 608.0, 902.0]
[0.0, 64.0, 593.0, 855.0]
[64.0, 0.0, 658.0, 792.0]
[32.0, 16.0, 627.0, 809.0]
[64.0, 80.0, 660.0, 874.0]
[80.0, 64.0, 676.0, 859.0]
[32.0, 16.0, 629.0, 812.0]
[64.0, 112.0, 662.0, 909.0]
[0.0, 64.0, 598.0, 862.0]
[48.0, 16.0, 647.0, 815.0]
[80.0, 80.0, 680.0, 880.0]
[32.0, 96.0, 633.0, 897.0]
[64.0, 48.0, 666.0, 850.0]
[80.0, 32.0, 682.0, 835.0]
[64.0, 48.0, 667.0, 852.0]
[32.0, 32.0, 636.0, 837.0]
[32.0, 64.0, 636.0, 870.0]
[16.0, 48.0, 621.0, 855.0]
[0.0, 96.0, 606.0, 904.0]
[48.0, 0.0, 655.0, 809.0]
[0.0, 96.0, 608.0, 906.0]
[0.0, 32.0, 608.0, 843.0]
[32.0, 0.0, 641.0, 812.0]
[16.0, 0.0, 626.0, 813.0]
[16.0, 80.0, 626.0, 894.0]
[32.0, 0.0, 643.0, 815.0]
[48.0, 64.0, 660.0, 880.0]
[32.0, 16.0, 645.0, 833.0]
[16.0, 16.0, 630.0, 834.0]
[16.0, 0.0, 630.0, 819.0]
[32.0, 16.0, 647.0, 836.0]
[48.0, 32.0, 664.0, 853.0]
[64.0, 32.0, 680.0, 854.0]
[64.0, 0.0, 681.0, 823.0]
[64.0, 32.0, 682.0, 856.0]
[0.0, 64.0, 619.0, 889.0]
[16.0, 32.0, 636.0, 858.0]
[32.0, 80.0, 652.0, 907.0]
[48.0, 48.0, 669.0, 876.0]
[16.0, 16.0, 638.0, 845.0]
[32.0, 16.0, 654.0, 846.0]
[32.0, 64.0, 655.0, 895.0]
[48.0, 32.0, 672.0, 864.0]
[16.0, 16.0, 641.0, 849.0]
[32.0, 0.0, 658.0, 834.0]
[0.0, 16.0, 626.0, 851.0]
[48.0, 16.0, 675.0, 852.0]
[48.0, 32.0, 676.0, 869.0]
[0.0, 64.0, 628.0, 902.0]
[0.0, 0.0, 629.0, 839.0]
[0.0, 64.0, 630.0, 904.0]
[48.0, 48.0, 679.0, 889.0]
[16.0, 0.0, 648.0, 842.0]
[0.0, 32.0, 632.0, 875.0]
[48.0, 0.0, 681.0, 844.0]
[0.0, 16.0, 634.0, 861.0]
[0.0, 64.0, 634.0, 910.0]
[48.0, 16.0, 683.0, 863.0]
[0.0, 32.0, 636.0, 880.0]
[16.0, 32.0, 653.0, 881.0]
[0.0, 48.0, 638.0, 898.0]
[32.0, 48.0, 670.0, 899.0]
[32.0, 48.0, 671.0, 900.0]
[16.0, 32.0, 656.0, 885.0]
[16.0, 48.0, 656.0, 902.0]
[16.0, 0.0, 657.0, 855.0]
[16.0, 16.0, 658.0, 872.0]
[0.0, 16.0, 643.0, 873.0]
[0.0, 16.0, 644.0, 874.0]
[0.0, 16.0, 644.0, 875.0]
[32.0, 0.0, 677.0, 860.0]
[32.0, 32.0, 678.0, 893.0]
[0.0, 0.0, 646.0, 862.0]
[0.0, 16.0, 647.0, 879.0]
[16.0, 0.0, 664.0, 864.0]
[16.0, 0.0, 665.0, 865.0]
