[80.0, 80.0, 797.0, 618.0]
[48.0, 32.0, 766.0, 570.0]
[160.0, 32.0, 879.0, 571.0]
[32.0, 16.0, 752.0, 556.0]
[144.0, 16.0, 865.0, 557.0]
[64.0, 48.0, 786.0, 590.0]
[0.0, 16.0, 723.0, 558.0]
[96.0, 32.0, 820.0, 575.0]
[16.0, 16.0, 741.0, 560.0]
[0.0, 32.0, 726.0, 576.0]
[144.0, 48.0, 871.0, 593.0]
[80.0, 48.0, 808.0, 594.0]
[48.0, 64.0, 777.0, 611.0]
[16.0, 16.0, 746.0, 564.0]
[144.0, 0.0, 875.0, 548.0]
[112.0, 48.0, 844.0, 597.0]
[16.0, 64.0, 749.0, 614.0]
[32.0, 32.0, 766.0, 582.0]
[96.0, 0.0, 831.0, 551.0]
[144.0, 0.0, 880.0, 552.0]
[64.0, 32.0, 801.0, 585.0]
[32.0, 0.0, 770.0, 554.0]
[80.0, 16.0, 819.0, 570.0]
[160.0, 32.0, 900.0, 587.0]
[32.0, 32.0, 773.0, 588.0]
[32.0, 0.0, 774.0, 556.0]
[160.0, 0.0, 903.0, 557.0]
[0.0, 32.0, 744.0, 590.0]
[32.0, 64.0, 777.0, 623.0]
[0.0, 48.0, 746.0, 608.0]
[0.0, 48.0, 747.0, 608.0]
[48.0, 16.0, 796.0, 577.0]
[16.0, 64.0, 765.0, 626.0]
[0.0, 0.0, 750.0, 562.0]
[160.0, 0.0, 911.0, 563.0]
[112.0, 64.0, 864.0, 628.0]
[16.0, 0.0, 769.0, 565.0]
[64.0, 48.0, 818.0, 614.0]
[144.0, 32.0, 899.0, 598.0]
[96.0, 48.0, 852.0, 615.0]
[80.0, 32.0, 837.0, 600.0]
[0.0, 64.0, 758.0, 632.0]
[80.0, 0.0, 839.0, 569.0]
[64.0, 32.0, 824.0, 602.0]
[112.0, 48.0, 873.0, 619.0]
[112.0, 0.0, 874.0, 572.0]
[0.0, 48.0, 763.0, 620.0]
[80.0, 48.0, 844.0, 621.0]
[64.0, 32.0, 829.0, 606.0]
[144.0, 32.0, 910.0, 606.0]
[32.0, 48.0, 799.0, 623.0]
[112.0, 48.0, 880.0, 624.0]
[32.0, 16.0, 801.0, 593.0]
[32.0, 48.0, 802.0, 626.0]
[16.0, 16.0, 787.0, 594.0]
[112.0, 48.0, 884.0, 627.0]
[96.0, 32.0, 869.0, 612.0]
[0.0, 32.0, 774.0, 612.0]
[96.0, 0.0, 871.0, 581.0]
[16.0, 32.0, 792.0, 614.0]
[48.0, 48.0, 825.0, 631.0]
[64.0, 0.0, 842.0, 584.0]
[112.0, 16.0, 891.0, 600.0]
[0.0, 0.0, 780.0, 585.0]
[80.0, 32.0, 861.0, 618.0]
[128.0, 16.0, 910.0, 602.0]
[80.0, 0.0, 863.0, 587.0]
[48.0, 32.0, 832.0, 620.0]
[128.0, 0.0, 913.0, 589.0]
[16.0, 32.0, 802.0, 622.0]
[64.0, 32.0, 851.0, 622.0]
[64.0, 16.0, 852.0, 607.0]
[96.0, 16.0, 885.0, 608.0]
[16.0, 16.0, 806.0, 608.0]
[48.0, 16.0, 839.0, 609.0]
[112.0, 16.0, 904.0, 610.0]
[96.0, 32.0, 889.0, 627.0]
[16.0, 32.0, 810.0, 628.0]
[96.0, 0.0, 891.0, 596.0]
[0.0, 16.0, 796.0, 613.0]
[64.0, 32.0, 861.0, 630.0]
[96.0, 0.0, 894.0, 598.0]
[32.0, 32.0, 831.0, 631.0]
[112.0, 16.0, 912.0, 616.0]
[64.0, 16.0, 865.0, 617.0]
[16.0, 0.0, 818.0, 602.0]
[16.0, 0.0, 819.0, 602.0]
[16.0, 0.0, 820.0, 603.0]
[80.0, 0.0, 885.0, 604.0]
[96.0, 0.0, 902.0, 604.0]
[16.0, 0.0, 823.0, 605.0]
[112.0, 16.0, 920.0, 622.0]
[64.0, 16.0, 873.0, 623.0]
[80.0, 16.0, 890.0, 624.0]
[0.0, 16.0, 811.0, 624.0]
[96.0, 0.0, 908.0, 609.0]
[96.0, 16.0, 909.0, 626.0]
[64.0, 16.0, 878.0, 626.0]
[48.0, 16.0, 863.0, 627.0]
[96.0, 0.0, 912.0, 612.0]
[16.0, 0.0, 833.0, 613.0]
[32.0, 16.0, 850.0, 630.0]
[32.0, 16.0, 851.0, 630.0]
[80.0, 16.0, 900.0, 631.0]
[80.0, 16.0, 901.0, 632.0]
[80.0, 16.0, 902.0, 632.0]
[64.0, 16.0, 887.0, 633.0]
[32.0, 0.0, 856.0, 618.0]
[96.0, 0.0, 921.0, 619.0]
[16.0, 0.0, 842.0, 620.0]
[48.0, 0.0, 875.0, 620.0]
[80.0, 0.0, 908.0, 621.0]
[16.0, 0.0, 845.0, 622.0]
[80.0, 0.0, 910.0, 622.0]
[16.0, 0.0, 847.0, 623.0]
[32.0, 0.0, 864.0, 624.0]
[80.0, 0.0, 913.0, 625.0]
[64.0, 0.0, 898.0, 626.0]
[80.0, 0.0, 915.0, 626.0]
[0.0, 0.0, 836.0, 627.0]
[48.0, 0.0, 885.0, 628.0]
[64.0, 0.0, 902.0, 628.0]
[32.0, 0.0, 871.0, 629.0]
[48.0, 0.0, 888.0, 630.0]
[0.0, 0.0, 841.0, 631.0]
[48.0, 0.0, 890.0, 632.0]
[16.0, 0.0, 859.0, 632.0]
[64.0, 0.0, 908.0, 633.0]
