[80.0, 64.0, 865.0, 653.0]
[176.0, 64.0, 962.0, 654.0]
[144.0, 96.0, 931.0, 686.0]
[96.0, 64.0, 884.0, 655.0]
[96.0, 128.0, 885.0, 720.0]
[112.0, 96.0, 902.0, 688.0]
[64.0, 80.0, 855.0, 673.0]
[64.0, 32.0, 856.0, 626.0]
[160.0, 144.0, 953.0, 739.0]
[96.0, 112.0, 890.0, 708.0]
[112.0, 64.0, 907.0, 660.0]
[112.0, 144.0, 908.0, 741.0]
[48.0, 128.0, 845.0, 726.0]
[80.0, 96.0, 878.0, 694.0]
[176.0, 48.0, 975.0, 647.0]
[112.0, 144.0, 912.0, 744.0]
[96.0, 128.0, 897.0, 729.0]
[112.0, 144.0, 914.0, 746.0]
[48.0, 48.0, 851.0, 650.0]
[96.0, 96.0, 900.0, 699.0]
[96.0, 16.0, 901.0, 620.0]
[96.0, 128.0, 902.0, 732.0]
[176.0, 48.0, 983.0, 653.0]
[144.0, 32.0, 952.0, 638.0]
[64.0, 128.0, 873.0, 735.0]
[160.0, 112.0, 970.0, 720.0]
[128.0, 16.0, 939.0, 624.0]
[144.0, 64.0, 956.0, 673.0]
[128.0, 64.0, 941.0, 674.0]
[144.0, 96.0, 958.0, 706.0]
[160.0, 48.0, 975.0, 659.0]
[192.0, 96.0, 1008.0, 708.0]
[16.0, 128.0, 833.0, 741.0]
[128.0, 16.0, 946.0, 630.0]
[128.0, 144.0, 947.0, 758.0]
[96.0, 144.0, 916.0, 759.0]
[96.0, 64.0, 917.0, 680.0]
[144.0, 96.0, 966.0, 712.0]
[16.0, 112.0, 839.0, 729.0]
[48.0, 144.0, 872.0, 762.0]
[64.0, 0.0, 889.0, 619.0]
[144.0, 80.0, 970.0, 700.0]
[112.0, 96.0, 939.0, 716.0]
[48.0, 0.0, 876.0, 621.0]
[176.0, 32.0, 1005.0, 654.0]
[176.0, 96.0, 1006.0, 718.0]
[16.0, 16.0, 847.0, 639.0]
[80.0, 16.0, 912.0, 640.0]
[0.0, 96.0, 833.0, 721.0]
[160.0, 80.0, 994.0, 706.0]
[160.0, 32.0, 995.0, 658.0]
[32.0, 64.0, 868.0, 691.0]
[128.0, 0.0, 965.0, 628.0]
[96.0, 96.0, 934.0, 724.0]
[112.0, 32.0, 951.0, 661.0]
[48.0, 32.0, 888.0, 662.0]
[16.0, 80.0, 857.0, 711.0]
[176.0, 80.0, 1018.0, 712.0]
[144.0, 0.0, 987.0, 632.0]
[144.0, 48.0, 988.0, 681.0]
[48.0, 128.0, 893.0, 762.0]
[112.0, 0.0, 958.0, 634.0]
[96.0, 32.0, 943.0, 667.0]
[64.0, 64.0, 912.0, 700.0]
[128.0, 48.0, 977.0, 685.0]
[160.0, 48.0, 1010.0, 686.0]
[128.0, 112.0, 979.0, 750.0]
[80.0, 64.0, 932.0, 703.0]
[112.0, 48.0, 965.0, 688.0]
[112.0, 16.0, 966.0, 656.0]
[32.0, 80.0, 887.0, 721.0]
[64.0, 80.0, 920.0, 722.0]
[0.0, 64.0, 857.0, 707.0]
[144.0, 32.0, 1002.0, 676.0]
[16.0, 48.0, 875.0, 692.0]
[48.0, 48.0, 908.0, 693.0]
[144.0, 0.0, 1005.0, 646.0]
[112.0, 80.0, 974.0, 726.0]
[64.0, 80.0, 927.0, 727.0]
[32.0, 96.0, 896.0, 744.0]
[128.0, 64.0, 993.0, 713.0]
[0.0, 112.0, 866.0, 762.0]
[96.0, 32.0, 963.0, 682.0]
[112.0, 0.0, 980.0, 651.0]
[32.0, 112.0, 901.0, 764.0]
[16.0, 80.0, 886.0, 732.0]
[64.0, 96.0, 935.0, 749.0]
[64.0, 96.0, 936.0, 750.0]
[48.0, 0.0, 921.0, 655.0]
[0.0, 48.0, 874.0, 704.0]
[96.0, 0.0, 971.0, 656.0]
[0.0, 0.0, 876.0, 657.0]
[144.0, 32.0, 1021.0, 690.0]
[0.0, 64.0, 878.0, 722.0]
[48.0, 64.0, 927.0, 723.0]
[64.0, 80.0, 944.0, 740.0]
[32.0, 32.0, 913.0, 693.0]
[16.0, 48.0, 898.0, 710.0]
[32.0, 48.0, 915.0, 710.0]
[64.0, 96.0, 948.0, 759.0]
[48.0, 16.0, 933.0, 680.0]
[112.0, 64.0, 998.0, 728.0]
[80.0, 96.0, 967.0, 761.0]
[48.0, 0.0, 936.0, 666.0]
[112.0, 80.0, 1001.0, 747.0]
[80.0, 96.0, 970.0, 764.0]
[48.0, 16.0, 939.0, 684.0]
[32.0, 16.0, 924.0, 685.0]
[128.0, 64.0, 1021.0, 734.0]
[48.0, 80.0, 942.0, 750.0]
[16.0, 80.0, 911.0, 751.0]
[112.0, 16.0, 1008.0, 688.0]
[112.0, 16.0, 1009.0, 689.0]
[64.0, 16.0, 962.0, 690.0]
[16.0, 32.0, 915.0, 706.0]
[96.0, 16.0, 996.0, 691.0]
[80.0, 80.0, 981.0, 756.0]
[0.0, 32.0, 902.0, 708.0]
[16.0, 0.0, 919.0, 677.0]
[96.0, 16.0, 1000.0, 694.0]
[32.0, 32.0, 937.0, 711.0]
[16.0, 80.0, 922.0, 760.0]
[32.0, 32.0, 939.0, 712.0]
[64.0, 48.0, 972.0, 729.0]
[112.0, 48.0, 1021.0, 730.0]
[64.0, 16.0, 974.0, 698.0]
[96.0, 64.0, 1007.0, 747.0]
[0.0, 64.0, 912.0, 748.0]
[96.0, 48.0, 1009.0, 733.0]
[80.0, 16.0, 994.0, 702.0]
[0.0, 80.0, 915.0, 766.0]
[16.0, 32.0, 932.0, 719.0]
[48.0, 0.0, 965.0, 688.0]
[0.0, 16.0, 918.0, 704.0]
[0.0, 64.0, 919.0, 753.0]
[16.0, 32.0, 936.0, 722.0]
[16.0, 16.0, 937.0, 707.0]
[48.0, 48.0, 970.0, 740.0]
[16.0, 64.0, 939.0, 756.0]
[16.0, 48.0, 940.0, 741.0]
[16.0, 16.0, 941.0, 710.0]
[64.0, 0.0, 990.0, 694.0]
[80.0, 16.0, 1007.0, 711.0]
[64.0, 16.0, 992.0, 712.0]
[80.0, 32.0, 1009.0, 729.0]
[64.0, 32.0, 994.0, 730.0]
[32.0, 64.0, 963.0, 762.0]
[16.0, 48.0, 948.0, 747.0]
[0.0, 16.0, 933.0, 716.0]
[32.0, 64.0, 966.0, 764.0]
[0.0, 16.0, 935.0, 717.0]
[80.0, 16.0, 1016.0, 718.0]
[0.0, 32.0, 937.0, 735.0]
[80.0, 0.0, 1018.0, 704.0]
[80.0, 16.0, 1019.0, 720.0]
[80.0, 48.0, 1020.0, 753.0]
[80.0, 48.0, 1021.0, 754.0]
[0.0, 32.0, 942.0, 738.0]
[32.0, 48.0, 975.0, 755.0]
[80.0, 16.0, 1024.0, 724.0]
[48.0, 32.0, 993.0, 741.0]
[64.0, 32.0, 1010.0, 742.0]
[48.0, 16.0, 995.0, 726.0]
[0.0, 16.0, 948.0, 727.0]
[0.0, 0.0, 949.0, 712.0]
[32.0, 16.0, 982.0, 728.0]
[32.0, 32.0, 983.0, 745.0]
[48.0, 32.0, 1000.0, 746.0]
[32.0, 0.0, 985.0, 715.0]
[16.0, 0.0, 970.0, 716.0]
[16.0, 0.0, 971.0, 716.0]
[0.0, 16.0, 956.0, 733.0]
[64.0, 0.0, 1021.0, 718.0]
[64.0, 0.0, 1022.0, 718.0]
[64.0, 16.0, 1023.0, 735.0]
[16.0, 48.0, 976.0, 768.0]
[0.0, 0.0, 961.0, 721.0]
[0.0, 0.0, 962.0, 722.0]
[48.0, 32.0, 1011.0, 754.0]
[32.0, 32.0, 996.0, 755.0]
[16.0, 0.0, 981.0, 724.0]
[0.0, 0.0, 966.0, 724.0]
[32.0, 32.0, 999.0, 757.0]
[16.0, 16.0, 984.0, 742.0]
[0.0, 16.0, 969.0, 743.0]
[16.0, 0.0, 986.0, 728.0]
[16.0, 32.0, 987.0, 760.0]
[0.0, 16.0, 972.0, 745.0]
[48.0, 16.0, 1021.0, 746.0]
[16.0, 16.0, 990.0, 746.0]
[32.0, 16.0, 1007.0, 747.0]
[0.0, 0.0, 976.0, 732.0]
[0.0, 32.0, 977.0, 765.0]
[16.0, 0.0, 994.0, 734.0]
[16.0, 0.0, 995.0, 734.0]
[32.0, 0.0, 1012.0, 735.0]
[0.0, 0.0, 981.0, 736.0]
[16.0, 32.0, 998.0, 768.0]
[0.0, 0.0, 983.0, 737.0]
[32.0, 0.0, 1016.0, 738.0]
[0.0, 0.0, 985.0, 739.0]
[32.0, 0.0, 1018.0, 740.0]
[32.0, 0.0, 1019.0, 740.0]
[32.0, 16.0, 1020.0, 757.0]
[0.0, 16.0, 989.0, 758.0]
[32.0, 16.0, 1022.0, 758.0]
[32.0, 0.0, 1023.0, 743.0]
[0.0, 0.0, 992.0, 744.0]
[16.0, 0.0, 1009.0, 745.0]
[0.0, 16.0, 994.0, 762.0]
[0.0, 0.0, 995.0, 746.0]
[0.0, 16.0, 996.0, 763.0]
[0.0, 16.0, 997.0, 764.0]
[16.0, 16.0, 1014.0, 764.0]
[16.0, 0.0, 1015.0, 749.0]
[16.0, 16.0, 1016.0, 766.0]
[0.0, 16.0, 1001.0, 767.0]
[0.0, 0.0, 1002.0, 752.0]
[16.0, 16.0, 1019.0, 768.0]
[16.0, 0.0, 1020.0, 753.0]
[16.0, 0.0, 1021.0, 754.0]
[0.0, 0.0, 1006.0, 754.0]
[0.0, 0.0, 1007.0, 755.0]
[16.0, 0.0, 1024.0, 756.0]
[0.0, 0.0, 1009.0, 757.0]
[0.0, 0.0, 1010.0, 758.0]
[0.0, 0.0, 1011.0, 758.0]
[0.0, 0.0, 1012.0, 759.0]
[0.0, 0.0, 1013.0, 760.0]
[0.0, 0.0, 1014.0, 760.0]
[0.0, 0.0, 1015.0, 761.0]
[0.0, 0.0, 1016.0, 762.0]
[0.0, 0.0, 1017.0, 763.0]
[0.0, 0.0, 1018.0, 764.0]
[0.0, 0.0, 1019.0, 764.0]
[0.0, 0.0, 1020.0, 765.0]
[0.0, 0.0, 1021.0, 766.0]
[0.0, 0.0, 1022.0, 766.0]
[0.0, 0.0, 1023.0, 767.0]
[0.0, 0.0, 1024.0, 768.0]
