[288.0, 80.0, 1005.0, 618.0]
[272.0, 96.0, 990.0, 634.0]
[224.0, 48.0, 943.0, 587.0]
[160.0, 112.0, 880.0, 652.0]
[288.0, 80.0, 1009.0, 621.0]
[272.0, 16.0, 994.0, 558.0]
[224.0, 128.0, 947.0, 670.0]
[208.0, 80.0, 932.0, 623.0]
[272.0, 48.0, 997.0, 592.0]
[256.0, 64.0, 982.0, 608.0]
[272.0, 16.0, 999.0, 561.0]
[208.0, 128.0, 936.0, 674.0]
[240.0, 64.0, 969.0, 611.0]
[192.0, 128.0, 922.0, 676.0]
[192.0, 32.0, 923.0, 580.0]
[176.0, 80.0, 908.0, 629.0]
[192.0, 112.0, 925.0, 662.0]
[208.0, 16.0, 942.0, 566.0]
[208.0, 80.0, 943.0, 631.0]
[272.0, 48.0, 1008.0, 600.0]
[240.0, 128.0, 977.0, 681.0]
[192.0, 0.0, 930.0, 554.0]
[272.0, 16.0, 1011.0, 570.0]
[176.0, 0.0, 916.0, 555.0]
[176.0, 16.0, 917.0, 572.0]
[240.0, 0.0, 982.0, 556.0]
[240.0, 0.0, 983.0, 557.0]
[160.0, 32.0, 904.0, 590.0]
[256.0, 112.0, 1001.0, 671.0]
[272.0, 80.0, 1018.0, 640.0]
[192.0, 48.0, 939.0, 608.0]
[192.0, 48.0, 940.0, 609.0]
[272.0, 64.0, 1021.0, 626.0]
[176.0, 112.0, 926.0, 674.0]
[224.0, 64.0, 975.0, 627.0]
[240.0, 16.0, 992.0, 580.0]
[240.0, 48.0, 993.0, 613.0]
[240.0, 32.0, 994.0, 598.0]
[128.0, 96.0, 883.0, 662.0]
[192.0, 64.0, 948.0, 631.0]
[208.0, 112.0, 965.0, 680.0]
[192.0, 32.0, 950.0, 600.0]
[144.0, 16.0, 903.0, 585.0]
[176.0, 32.0, 936.0, 602.0]
[256.0, 112.0, 1017.0, 683.0]
[208.0, 80.0, 970.0, 652.0]
[224.0, 0.0, 987.0, 572.0]
[256.0, 80.0, 1020.0, 653.0]
[192.0, 32.0, 957.0, 606.0]
[208.0, 0.0, 974.0, 574.0]
[192.0, 96.0, 959.0, 671.0]
[128.0, 48.0, 896.0, 624.0]
[176.0, 32.0, 945.0, 609.0]
[112.0, 64.0, 882.0, 642.0]
[176.0, 16.0, 947.0, 594.0]
[144.0, 64.0, 916.0, 643.0]
[208.0, 16.0, 981.0, 596.0]
[208.0, 96.0, 982.0, 676.0]
[160.0, 64.0, 935.0, 645.0]
[224.0, 80.0, 1000.0, 662.0]
[160.0, 48.0, 937.0, 631.0]
[224.0, 48.0, 1002.0, 632.0]
[176.0, 48.0, 955.0, 632.0]
[144.0, 64.0, 924.0, 649.0]
[192.0, 80.0, 973.0, 666.0]
[144.0, 48.0, 926.0, 634.0]
[160.0, 80.0, 943.0, 667.0]
[176.0, 48.0, 960.0, 636.0]
[144.0, 0.0, 929.0, 589.0]
[160.0, 16.0, 946.0, 606.0]
[160.0, 16.0, 947.0, 606.0]
[128.0, 48.0, 916.0, 639.0]
[96.0, 48.0, 885.0, 640.0]
[144.0, 16.0, 934.0, 608.0]
[224.0, 0.0, 1015.0, 593.0]
[192.0, 48.0, 984.0, 642.0]
[176.0, 64.0, 969.0, 659.0]
[224.0, 64.0, 1018.0, 660.0]
[224.0, 48.0, 1019.0, 644.0]
[112.0, 64.0, 908.0, 661.0]
[208.0, 80.0, 1005.0, 678.0]
[96.0, 64.0, 894.0, 662.0]
[128.0, 0.0, 927.0, 599.0]
[128.0, 32.0, 928.0, 632.0]
[208.0, 16.0, 1009.0, 617.0]
[176.0, 32.0, 978.0, 634.0]
[96.0, 64.0, 899.0, 666.0]
[160.0, 48.0, 964.0, 651.0]
[176.0, 48.0, 981.0, 652.0]
[80.0, 48.0, 886.0, 652.0]
[80.0, 32.0, 887.0, 637.0]
[208.0, 64.0, 1016.0, 670.0]
[144.0, 32.0, 953.0, 639.0]
[128.0, 0.0, 938.0, 608.0]
[160.0, 48.0, 971.0, 656.0]
[144.0, 48.0, 956.0, 657.0]
[128.0, 0.0, 941.0, 610.0]
[208.0, 48.0, 1022.0, 658.0]
[112.0, 0.0, 927.0, 611.0]
[96.0, 48.0, 912.0, 660.0]
[128.0, 0.0, 945.0, 613.0]
[192.0, 32.0, 1010.0, 646.0]
[192.0, 64.0, 1011.0, 678.0]
[192.0, 48.0, 1012.0, 663.0]
[96.0, 64.0, 917.0, 680.0]
[192.0, 32.0, 1014.0, 648.0]
[144.0, 48.0, 967.0, 665.0]
[64.0, 16.0, 888.0, 634.0]
[160.0, 0.0, 985.0, 619.0]
[96.0, 48.0, 922.0, 668.0]
[192.0, 32.0, 1019.0, 652.0]
[48.0, 32.0, 876.0, 653.0]
[128.0, 48.0, 957.0, 670.0]
[176.0, 48.0, 1006.0, 670.0]
[64.0, 16.0, 895.0, 639.0]
[176.0, 32.0, 1008.0, 656.0]
[96.0, 32.0, 929.0, 657.0]
[128.0, 0.0, 962.0, 626.0]
[64.0, 32.0, 899.0, 658.0]
[80.0, 16.0, 916.0, 643.0]
[64.0, 48.0, 901.0, 676.0]
[176.0, 32.0, 1014.0, 660.0]
[144.0, 16.0, 983.0, 645.0]
[160.0, 0.0, 1000.0, 630.0]
[96.0, 48.0, 937.0, 679.0]
[144.0, 48.0, 986.0, 680.0]
[128.0, 32.0, 971.0, 664.0]
[96.0, 0.0, 940.0, 633.0]
[80.0, 0.0, 925.0, 634.0]
[144.0, 16.0, 990.0, 650.0]
[80.0, 48.0, 927.0, 683.0]
[80.0, 0.0, 928.0, 636.0]
[96.0, 0.0, 945.0, 637.0]
[144.0, 32.0, 994.0, 670.0]
[128.0, 32.0, 979.0, 670.0]
[144.0, 16.0, 996.0, 655.0]
[144.0, 0.0, 997.0, 640.0]
[48.0, 16.0, 902.0, 656.0]
[48.0, 16.0, 903.0, 657.0]
[80.0, 0.0, 936.0, 642.0]
[144.0, 0.0, 1001.0, 643.0]
[64.0, 16.0, 922.0, 660.0]
[48.0, 0.0, 907.0, 644.0]
[48.0, 16.0, 908.0, 661.0]
[80.0, 16.0, 941.0, 662.0]
[48.0, 0.0, 910.0, 646.0]
[96.0, 32.0, 959.0, 679.0]
[112.0, 32.0, 976.0, 680.0]
[64.0, 32.0, 929.0, 681.0]
[48.0, 16.0, 914.0, 666.0]
[96.0, 16.0, 963.0, 666.0]
[64.0, 32.0, 932.0, 683.0]
[128.0, 16.0, 997.0, 668.0]
[112.0, 16.0, 982.0, 668.0]
[80.0, 0.0, 951.0, 653.0]
[80.0, 0.0, 952.0, 654.0]
[144.0, 16.0, 1017.0, 671.0]
[144.0, 16.0, 1018.0, 672.0]
[80.0, 0.0, 955.0, 656.0]
[32.0, 16.0, 908.0, 673.0]
[112.0, 0.0, 989.0, 658.0]
[64.0, 16.0, 942.0, 674.0]
[48.0, 16.0, 927.0, 675.0]
[64.0, 0.0, 944.0, 660.0]
[96.0, 0.0, 977.0, 661.0]
[96.0, 16.0, 978.0, 678.0]
[48.0, 16.0, 931.0, 678.0]
[80.0, 0.0, 964.0, 663.0]
[96.0, 16.0, 981.0, 680.0]
[48.0, 0.0, 934.0, 664.0]
[32.0, 0.0, 919.0, 665.0]
[96.0, 16.0, 984.0, 682.0]
[48.0, 0.0, 937.0, 667.0]
[64.0, 0.0, 954.0, 668.0]
[48.0, 0.0, 939.0, 668.0]
[64.0, 0.0, 956.0, 669.0]
[64.0, 0.0, 957.0, 670.0]
[128.0, 0.0, 1022.0, 670.0]
[64.0, 0.0, 959.0, 671.0]
[112.0, 0.0, 1008.0, 672.0]
[64.0, 0.0, 961.0, 673.0]
[96.0, 0.0, 994.0, 674.0]
[64.0, 0.0, 963.0, 674.0]
[32.0, 0.0, 932.0, 675.0]
[80.0, 0.0, 981.0, 676.0]
[80.0, 0.0, 982.0, 676.0]
[48.0, 0.0, 951.0, 677.0]
[48.0, 0.0, 952.0, 678.0]
[32.0, 0.0, 937.0, 679.0]
[32.0, 0.0, 938.0, 680.0]
[96.0, 0.0, 1003.0, 680.0]
[64.0, 0.0, 972.0, 681.0]
[80.0, 0.0, 989.0, 682.0]
[112.0, 0.0, 1022.0, 682.0]
[112.0, 0.0, 1023.0, 683.0]
