[160.0, 96.0, 877.0, 634.0]
[160.0, 96.0, 878.0, 634.0]
[96.0, 48.0, 815.0, 587.0]
[112.0, 0.0, 832.0, 540.0]
[160.0, 48.0, 881.0, 589.0]
[96.0, 0.0, 818.0, 542.0]
[144.0, 64.0, 867.0, 606.0]
[128.0, 80.0, 852.0, 623.0]
[192.0, 64.0, 917.0, 608.0]
[112.0, 64.0, 838.0, 608.0]
[128.0, 16.0, 855.0, 561.0]
[96.0, 32.0, 824.0, 578.0]
[192.0, 32.0, 921.0, 579.0]
[128.0, 80.0, 858.0, 628.0]
[96.0, 16.0, 827.0, 564.0]
[128.0, 80.0, 860.0, 629.0]
[112.0, 48.0, 845.0, 598.0]
[144.0, 64.0, 878.0, 614.0]
[128.0, 0.0, 863.0, 551.0]
[128.0, 16.0, 864.0, 568.0]
[160.0, 80.0, 897.0, 633.0]
[112.0, 96.0, 850.0, 650.0]
[192.0, 0.0, 931.0, 554.0]
[160.0, 0.0, 900.0, 555.0]
[128.0, 64.0, 869.0, 620.0]
[160.0, 80.0, 902.0, 636.0]
[144.0, 16.0, 887.0, 573.0]
[96.0, 80.0, 840.0, 638.0]
[112.0, 32.0, 857.0, 591.0]
[160.0, 80.0, 906.0, 640.0]
[112.0, 0.0, 859.0, 560.0]
[144.0, 32.0, 892.0, 593.0]
[112.0, 32.0, 861.0, 594.0]
[144.0, 96.0, 894.0, 658.0]
[160.0, 64.0, 911.0, 627.0]
[160.0, 48.0, 912.0, 612.0]
[144.0, 16.0, 897.0, 581.0]
[112.0, 64.0, 866.0, 630.0]
[160.0, 0.0, 915.0, 566.0]
[144.0, 48.0, 900.0, 615.0]
[144.0, 80.0, 901.0, 648.0]
[112.0, 48.0, 870.0, 616.0]
[128.0, 48.0, 887.0, 617.0]
[144.0, 48.0, 904.0, 618.0]
[112.0, 32.0, 873.0, 603.0]
[112.0, 0.0, 874.0, 572.0]
[144.0, 32.0, 907.0, 604.0]
[96.0, 80.0, 860.0, 653.0]
[144.0, 64.0, 909.0, 638.0]
[112.0, 0.0, 878.0, 574.0]
[144.0, 80.0, 911.0, 655.0]
[112.0, 16.0, 880.0, 592.0]
[160.0, 16.0, 929.0, 593.0]
[96.0, 16.0, 866.0, 594.0]
[160.0, 16.0, 931.0, 594.0]
[128.0, 16.0, 900.0, 595.0]
[144.0, 16.0, 917.0, 596.0]
[112.0, 48.0, 886.0, 628.0]
[112.0, 0.0, 887.0, 581.0]
[128.0, 64.0, 904.0, 646.0]
[96.0, 16.0, 873.0, 599.0]
[112.0, 48.0, 890.0, 632.0]
[144.0, 64.0, 923.0, 648.0]
[144.0, 48.0, 924.0, 633.0]
[144.0, 32.0, 925.0, 618.0]
[128.0, 32.0, 910.0, 618.0]
[144.0, 32.0, 927.0, 619.0]
[128.0, 32.0, 912.0, 620.0]
[128.0, 16.0, 913.0, 605.0]
[144.0, 0.0, 930.0, 590.0]
[112.0, 32.0, 899.0, 622.0]
[112.0, 16.0, 900.0, 607.0]
[96.0, 64.0, 885.0, 656.0]
[112.0, 32.0, 902.0, 624.0]
[112.0, 0.0, 903.0, 593.0]
[128.0, 48.0, 920.0, 642.0]
[112.0, 0.0, 905.0, 595.0]
[112.0, 64.0, 906.0, 660.0]
[112.0, 64.0, 907.0, 660.0]
[96.0, 48.0, 892.0, 645.0]
[112.0, 32.0, 909.0, 630.0]
[112.0, 32.0, 910.0, 630.0]
[96.0, 16.0, 895.0, 615.0]
[96.0, 32.0, 896.0, 632.0]
[96.0, 32.0, 897.0, 633.0]
