[176.0, 0.0, 893.0, 538.0]
[128.0, 48.0, 846.0, 586.0]
[176.0, 0.0, 895.0, 539.0]
[112.0, 32.0, 832.0, 572.0]
[96.0, 16.0, 817.0, 557.0]
[32.0, 0.0, 754.0, 542.0]
[80.0, 32.0, 803.0, 574.0]
[16.0, 64.0, 740.0, 607.0]
[64.0, 0.0, 789.0, 544.0]
[32.0, 16.0, 758.0, 560.0]
[16.0, 64.0, 743.0, 609.0]
[0.0, 16.0, 728.0, 562.0]
[96.0, 32.0, 825.0, 579.0]
[16.0, 16.0, 746.0, 564.0]
[112.0, 64.0, 843.0, 612.0]
[0.0, 32.0, 732.0, 581.0]
[16.0, 48.0, 749.0, 598.0]
[0.0, 64.0, 734.0, 614.0]
[160.0, 32.0, 895.0, 583.0]
[32.0, 0.0, 768.0, 552.0]
[0.0, 64.0, 737.0, 617.0]
[144.0, 16.0, 882.0, 570.0]
[48.0, 16.0, 787.0, 570.0]
[48.0, 48.0, 788.0, 603.0]
[64.0, 16.0, 805.0, 572.0]
[32.0, 16.0, 774.0, 572.0]
[16.0, 64.0, 759.0, 621.0]
[96.0, 64.0, 840.0, 622.0]
[128.0, 48.0, 873.0, 607.0]
[64.0, 80.0, 810.0, 640.0]
[96.0, 48.0, 843.0, 608.0]
[0.0, 64.0, 748.0, 625.0]
[112.0, 32.0, 861.0, 594.0]
[64.0, 16.0, 814.0, 578.0]
[16.0, 48.0, 767.0, 611.0]
[0.0, 48.0, 752.0, 612.0]
[96.0, 0.0, 849.0, 565.0]
[0.0, 64.0, 754.0, 630.0]
[112.0, 48.0, 867.0, 614.0]
[112.0, 16.0, 868.0, 583.0]
[0.0, 64.0, 757.0, 632.0]
[128.0, 0.0, 886.0, 568.0]
[80.0, 32.0, 839.0, 601.0]
[96.0, 48.0, 856.0, 618.0]
[128.0, 0.0, 889.0, 571.0]
[48.0, 32.0, 810.0, 604.0]
[80.0, 32.0, 843.0, 604.0]
[96.0, 32.0, 860.0, 605.0]
[112.0, 0.0, 877.0, 574.0]
[32.0, 48.0, 798.0, 622.0]
[80.0, 32.0, 847.0, 607.0]
[48.0, 32.0, 816.0, 608.0]
[16.0, 16.0, 785.0, 593.0]
[64.0, 48.0, 834.0, 626.0]
[32.0, 16.0, 803.0, 594.0]
[64.0, 48.0, 836.0, 627.0]
[80.0, 64.0, 853.0, 644.0]
[112.0, 0.0, 886.0, 580.0]
[112.0, 0.0, 887.0, 581.0]
[64.0, 32.0, 840.0, 614.0]
[80.0, 0.0, 857.0, 583.0]
[32.0, 16.0, 810.0, 600.0]
[16.0, 64.0, 795.0, 648.0]
[16.0, 0.0, 796.0, 585.0]
[16.0, 64.0, 797.0, 650.0]
[64.0, 64.0, 846.0, 650.0]
[32.0, 80.0, 815.0, 667.0]
[80.0, 32.0, 864.0, 620.0]
[80.0, 32.0, 865.0, 621.0]
[112.0, 0.0, 898.0, 590.0]
[64.0, 48.0, 851.0, 638.0]
[48.0, 16.0, 836.0, 607.0]
[16.0, 0.0, 805.0, 592.0]
[64.0, 32.0, 854.0, 624.0]
[32.0, 32.0, 823.0, 625.0]
[16.0, 32.0, 808.0, 626.0]
[80.0, 48.0, 873.0, 643.0]
[64.0, 48.0, 858.0, 644.0]
[32.0, 32.0, 827.0, 628.0]
[0.0, 16.0, 796.0, 613.0]
[80.0, 16.0, 877.0, 614.0]
[32.0, 16.0, 830.0, 614.0]
[48.0, 48.0, 847.0, 647.0]
[16.0, 16.0, 816.0, 616.0]
[16.0, 32.0, 817.0, 633.0]
[16.0, 64.0, 818.0, 666.0]
[96.0, 16.0, 899.0, 618.0]
[32.0, 64.0, 836.0, 667.0]
[32.0, 64.0, 837.0, 668.0]
[0.0, 32.0, 806.0, 636.0]
[0.0, 16.0, 807.0, 621.0]
[48.0, 16.0, 856.0, 622.0]
[0.0, 32.0, 809.0, 639.0]
[80.0, 16.0, 890.0, 624.0]
[0.0, 16.0, 811.0, 624.0]
[80.0, 16.0, 892.0, 625.0]
[48.0, 0.0, 861.0, 610.0]
[48.0, 48.0, 862.0, 658.0]
[16.0, 16.0, 831.0, 627.0]
[0.0, 48.0, 816.0, 660.0]
[64.0, 16.0, 881.0, 629.0]
[48.0, 0.0, 866.0, 614.0]
[48.0, 16.0, 867.0, 630.0]
[48.0, 48.0, 868.0, 663.0]
[64.0, 32.0, 885.0, 648.0]
[48.0, 0.0, 870.0, 616.0]
[16.0, 48.0, 839.0, 665.0]
[80.0, 0.0, 904.0, 618.0]
[48.0, 32.0, 873.0, 651.0]
[32.0, 0.0, 858.0, 620.0]
[32.0, 16.0, 859.0, 636.0]
[0.0, 48.0, 828.0, 669.0]
[32.0, 0.0, 861.0, 622.0]
[48.0, 48.0, 878.0, 670.0]
[32.0, 0.0, 863.0, 623.0]
[32.0, 32.0, 864.0, 656.0]
[0.0, 0.0, 833.0, 625.0]
[32.0, 0.0, 866.0, 626.0]
[0.0, 32.0, 835.0, 658.0]
[32.0, 0.0, 868.0, 627.0]
[48.0, 32.0, 885.0, 660.0]
[16.0, 32.0, 854.0, 660.0]
[0.0, 0.0, 839.0, 629.0]
[16.0, 16.0, 856.0, 646.0]
[32.0, 0.0, 873.0, 631.0]
[48.0, 16.0, 890.0, 648.0]
[16.0, 16.0, 859.0, 648.0]
[0.0, 0.0, 844.0, 633.0]
[48.0, 16.0, 893.0, 650.0]
[16.0, 32.0, 862.0, 666.0]
[0.0, 16.0, 847.0, 651.0]
[48.0, 32.0, 896.0, 668.0]
[16.0, 0.0, 865.0, 637.0]
[16.0, 32.0, 866.0, 670.0]
[48.0, 32.0, 899.0, 670.0]
[32.0, 32.0, 884.0, 671.0]
[32.0, 0.0, 885.0, 640.0]
[32.0, 32.0, 886.0, 672.0]
[48.0, 0.0, 903.0, 641.0]
[16.0, 16.0, 872.0, 658.0]
[0.0, 32.0, 857.0, 675.0]
[32.0, 0.0, 890.0, 644.0]
[0.0, 16.0, 859.0, 660.0]
[16.0, 0.0, 876.0, 645.0]
[16.0, 16.0, 877.0, 662.0]
[32.0, 0.0, 894.0, 646.0]
[0.0, 16.0, 863.0, 663.0]
[0.0, 16.0, 864.0, 664.0]
