[48.0, 64.0, 789.0, 620.0]
[96.0, 80.0, 838.0, 636.0]
[80.0, 64.0, 823.0, 621.0]
[176.0, 64.0, 920.0, 622.0]
[80.0, 80.0, 825.0, 639.0]
[128.0, 80.0, 874.0, 640.0]
[48.0, 32.0, 795.0, 592.0]
[208.0, 64.0, 956.0, 625.0]
[224.0, 48.0, 973.0, 610.0]
[160.0, 80.0, 910.0, 642.0]
[224.0, 32.0, 975.0, 595.0]
[48.0, 48.0, 800.0, 612.0]
[176.0, 96.0, 929.0, 661.0]
[160.0, 64.0, 914.0, 630.0]
[32.0, 48.0, 787.0, 614.0]
[176.0, 48.0, 932.0, 615.0]
[208.0, 80.0, 965.0, 648.0]
[48.0, 96.0, 806.0, 664.0]
[128.0, 80.0, 887.0, 649.0]
[112.0, 16.0, 872.0, 586.0]
[160.0, 32.0, 921.0, 603.0]
[192.0, 96.0, 954.0, 668.0]
[144.0, 32.0, 907.0, 604.0]
[32.0, 16.0, 796.0, 589.0]
[48.0, 48.0, 813.0, 622.0]
[176.0, 48.0, 942.0, 622.0]
[80.0, 48.0, 847.0, 623.0]
[16.0, 80.0, 784.0, 656.0]
[240.0, 32.0, 1009.0, 609.0]
[160.0, 80.0, 930.0, 658.0]
[176.0, 16.0, 947.0, 594.0]
[48.0, 16.0, 820.0, 595.0]
[192.0, 32.0, 965.0, 612.0]
[128.0, 64.0, 902.0, 644.0]
[16.0, 48.0, 791.0, 629.0]
[32.0, 80.0, 808.0, 662.0]
[16.0, 48.0, 793.0, 631.0]
[48.0, 48.0, 826.0, 632.0]
[48.0, 16.0, 827.0, 600.0]
[192.0, 0.0, 972.0, 585.0]
[128.0, 48.0, 909.0, 634.0]
[208.0, 64.0, 990.0, 650.0]
[240.0, 48.0, 1023.0, 635.0]
[96.0, 16.0, 880.0, 604.0]
[144.0, 64.0, 929.0, 653.0]
[144.0, 32.0, 930.0, 622.0]
[64.0, 16.0, 851.0, 606.0]
[160.0, 64.0, 948.0, 655.0]
[96.0, 48.0, 885.0, 640.0]
[176.0, 0.0, 966.0, 592.0]
[64.0, 48.0, 855.0, 641.0]
[192.0, 80.0, 984.0, 674.0]
[160.0, 64.0, 953.0, 659.0]
[192.0, 16.0, 986.0, 612.0]
[160.0, 0.0, 955.0, 596.0]
[80.0, 16.0, 876.0, 613.0]
[192.0, 0.0, 989.0, 598.0]
[128.0, 48.0, 926.0, 646.0]
[160.0, 48.0, 959.0, 647.0]
[48.0, 64.0, 848.0, 664.0]
[160.0, 64.0, 961.0, 665.0]
[208.0, 32.0, 1010.0, 634.0]
[176.0, 64.0, 979.0, 666.0]
[32.0, 16.0, 836.0, 619.0]
[64.0, 64.0, 869.0, 668.0]
[64.0, 48.0, 870.0, 652.0]
[0.0, 16.0, 807.0, 621.0]
[64.0, 64.0, 872.0, 670.0]
[192.0, 48.0, 1001.0, 655.0]
[144.0, 48.0, 954.0, 656.0]
[32.0, 32.0, 843.0, 640.0]
[0.0, 48.0, 812.0, 657.0]
[144.0, 48.0, 957.0, 658.0]
[96.0, 32.0, 910.0, 642.0]
[16.0, 0.0, 831.0, 611.0]
[96.0, 64.0, 912.0, 676.0]
[32.0, 64.0, 849.0, 677.0]
[144.0, 48.0, 962.0, 662.0]
[32.0, 48.0, 851.0, 662.0]
[64.0, 48.0, 884.0, 663.0]
[0.0, 0.0, 821.0, 616.0]
[160.0, 64.0, 982.0, 680.0]
[64.0, 16.0, 887.0, 633.0]
[48.0, 0.0, 872.0, 618.0]
[80.0, 64.0, 905.0, 683.0]
[96.0, 0.0, 922.0, 620.0]
[64.0, 16.0, 891.0, 636.0]
[96.0, 32.0, 924.0, 653.0]
[160.0, 32.0, 989.0, 654.0]
[160.0, 48.0, 990.0, 670.0]
[144.0, 48.0, 975.0, 671.0]
[160.0, 16.0, 992.0, 640.0]
[112.0, 16.0, 945.0, 641.0]
[128.0, 32.0, 962.0, 658.0]
[64.0, 32.0, 899.0, 658.0]
[80.0, 48.0, 916.0, 675.0]
[128.0, 0.0, 965.0, 628.0]
[160.0, 32.0, 998.0, 660.0]
[32.0, 48.0, 871.0, 677.0]
[32.0, 16.0, 872.0, 646.0]
[32.0, 0.0, 873.0, 631.0]
[48.0, 32.0, 890.0, 664.0]
[96.0, 0.0, 939.0, 632.0]
[48.0, 16.0, 892.0, 649.0]
[32.0, 0.0, 877.0, 634.0]
[128.0, 48.0, 974.0, 682.0]
[128.0, 32.0, 975.0, 667.0]
[96.0, 0.0, 944.0, 636.0]
[96.0, 32.0, 945.0, 669.0]
[48.0, 0.0, 898.0, 638.0]
[160.0, 16.0, 1011.0, 654.0]
[0.0, 16.0, 852.0, 655.0]
[0.0, 16.0, 853.0, 656.0]
[112.0, 0.0, 966.0, 640.0]
[128.0, 0.0, 983.0, 641.0]
[96.0, 32.0, 952.0, 674.0]
[16.0, 16.0, 873.0, 659.0]
[48.0, 0.0, 906.0, 644.0]
[80.0, 16.0, 939.0, 660.0]
[160.0, 0.0, 1020.0, 645.0]
[64.0, 0.0, 925.0, 646.0]
[128.0, 32.0, 990.0, 678.0]
[96.0, 0.0, 959.0, 647.0]
[160.0, 32.0, 1024.0, 680.0]
[32.0, 0.0, 897.0, 649.0]
[16.0, 32.0, 882.0, 682.0]
[0.0, 0.0, 867.0, 650.0]
[128.0, 32.0, 996.0, 683.0]
[128.0, 16.0, 997.0, 668.0]
[0.0, 0.0, 870.0, 652.0]
[0.0, 0.0, 871.0, 653.0]
[144.0, 0.0, 1016.0, 654.0]
[0.0, 16.0, 873.0, 671.0]
[48.0, 0.0, 922.0, 656.0]
[16.0, 16.0, 891.0, 672.0]
[80.0, 0.0, 956.0, 657.0]
[48.0, 16.0, 925.0, 674.0]
[128.0, 0.0, 1006.0, 658.0]
[112.0, 16.0, 991.0, 675.0]
[32.0, 16.0, 912.0, 676.0]
[112.0, 0.0, 993.0, 661.0]
[0.0, 0.0, 882.0, 662.0]
[16.0, 16.0, 899.0, 678.0]
[0.0, 0.0, 884.0, 663.0]
[48.0, 0.0, 933.0, 664.0]
[128.0, 16.0, 1014.0, 680.0]
[0.0, 16.0, 887.0, 681.0]
[16.0, 0.0, 904.0, 666.0]
[96.0, 16.0, 985.0, 683.0]
[16.0, 0.0, 906.0, 668.0]
[80.0, 0.0, 971.0, 668.0]
[16.0, 0.0, 908.0, 669.0]
[48.0, 0.0, 941.0, 670.0]
[48.0, 0.0, 942.0, 670.0]
[112.0, 0.0, 1007.0, 671.0]
[128.0, 0.0, 1024.0, 672.0]
[64.0, 0.0, 961.0, 673.0]
[0.0, 0.0, 898.0, 674.0]
[112.0, 0.0, 1011.0, 674.0]
[80.0, 0.0, 980.0, 675.0]
[48.0, 0.0, 949.0, 676.0]
[0.0, 0.0, 902.0, 676.0]
[112.0, 0.0, 1015.0, 677.0]
[0.0, 0.0, 904.0, 678.0]
[0.0, 0.0, 905.0, 679.0]
[112.0, 0.0, 1018.0, 680.0]
[48.0, 0.0, 955.0, 680.0]
[112.0, 0.0, 1020.0, 681.0]
[0.0, 0.0, 909.0, 682.0]
[64.0, 0.0, 974.0, 682.0]
[112.0, 0.0, 1023.0, 683.0]
