[80.0, 96.0, 797.0, 634.0]
[80.0, 48.0, 798.0, 586.0]
[176.0, 80.0, 895.0, 619.0]
[176.0, 48.0, 896.0, 588.0]
[128.0, 112.0, 849.0, 653.0]
[48.0, 112.0, 770.0, 654.0]
[144.0, 64.0, 867.0, 606.0]
[144.0, 32.0, 868.0, 575.0]
[176.0, 64.0, 901.0, 608.0]
[144.0, 64.0, 870.0, 608.0]
[96.0, 64.0, 823.0, 609.0]
[144.0, 48.0, 872.0, 594.0]
[64.0, 64.0, 793.0, 611.0]
[128.0, 64.0, 858.0, 612.0]
[48.0, 48.0, 779.0, 596.0]
[128.0, 96.0, 860.0, 645.0]
[64.0, 64.0, 797.0, 614.0]
[112.0, 80.0, 846.0, 630.0]
[48.0, 32.0, 783.0, 583.0]
[128.0, 32.0, 864.0, 584.0]
[112.0, 80.0, 849.0, 633.0]
[80.0, 48.0, 818.0, 602.0]
[176.0, 112.0, 915.0, 666.0]
[80.0, 64.0, 820.0, 619.0]
[144.0, 48.0, 885.0, 604.0]
[144.0, 96.0, 886.0, 652.0]
[96.0, 64.0, 839.0, 621.0]
[176.0, 80.0, 920.0, 638.0]
[160.0, 128.0, 905.0, 687.0]
[96.0, 128.0, 842.0, 688.0]
[160.0, 32.0, 907.0, 592.0]
[80.0, 48.0, 828.0, 609.0]
[48.0, 112.0, 797.0, 674.0]
[160.0, 32.0, 910.0, 594.0]
[64.0, 96.0, 815.0, 659.0]
[176.0, 112.0, 928.0, 676.0]
[128.0, 32.0, 881.0, 597.0]
[48.0, 16.0, 802.0, 582.0]
[144.0, 64.0, 899.0, 630.0]
[144.0, 16.0, 900.0, 583.0]
[144.0, 48.0, 901.0, 616.0]
[128.0, 96.0, 886.0, 664.0]
[128.0, 0.0, 887.0, 569.0]
[96.0, 16.0, 856.0, 586.0]
[32.0, 96.0, 793.0, 667.0]
[128.0, 96.0, 890.0, 668.0]
[48.0, 16.0, 811.0, 588.0]
[0.0, 96.0, 764.0, 669.0]
[176.0, 64.0, 941.0, 638.0]
[0.0, 96.0, 766.0, 670.0]
[0.0, 80.0, 767.0, 655.0]
[0.0, 80.0, 768.0, 656.0]
[128.0, 0.0, 897.0, 577.0]
[64.0, 48.0, 834.0, 626.0]
[112.0, 0.0, 883.0, 578.0]
[32.0, 48.0, 804.0, 627.0]
[80.0, 48.0, 853.0, 628.0]
[0.0, 96.0, 774.0, 676.0]
[32.0, 112.0, 807.0, 693.0]
[160.0, 80.0, 936.0, 662.0]
[32.0, 128.0, 809.0, 711.0]
[144.0, 32.0, 922.0, 616.0]
[32.0, 96.0, 811.0, 680.0]
[0.0, 32.0, 780.0, 617.0]
[32.0, 32.0, 813.0, 618.0]
[80.0, 32.0, 862.0, 618.0]
[96.0, 96.0, 879.0, 683.0]
[48.0, 112.0, 832.0, 700.0]
[64.0, 80.0, 849.0, 669.0]
[128.0, 96.0, 914.0, 686.0]
[32.0, 0.0, 819.0, 590.0]
[160.0, 48.0, 948.0, 639.0]
[160.0, 16.0, 949.0, 608.0]
[32.0, 0.0, 822.0, 592.0]
[160.0, 64.0, 951.0, 657.0]
[80.0, 128.0, 872.0, 722.0]
[0.0, 112.0, 793.0, 707.0]
[32.0, 128.0, 826.0, 724.0]
[16.0, 0.0, 811.0, 596.0]
[64.0, 16.0, 860.0, 613.0]
[80.0, 64.0, 877.0, 662.0]
[48.0, 112.0, 846.0, 710.0]
[128.0, 112.0, 927.0, 711.0]
[16.0, 0.0, 816.0, 600.0]
[0.0, 32.0, 801.0, 633.0]
[128.0, 48.0, 930.0, 650.0]
[16.0, 48.0, 819.0, 650.0]
[144.0, 64.0, 948.0, 667.0]
[160.0, 16.0, 965.0, 620.0]
[80.0, 48.0, 886.0, 652.0]
[0.0, 64.0, 807.0, 669.0]
[32.0, 64.0, 840.0, 670.0]
[16.0, 32.0, 825.0, 639.0]
[96.0, 128.0, 906.0, 736.0]
[32.0, 48.0, 843.0, 656.0]
[144.0, 80.0, 956.0, 689.0]
[80.0, 144.0, 893.0, 754.0]
[112.0, 32.0, 926.0, 642.0]
[64.0, 144.0, 879.0, 755.0]
[48.0, 64.0, 864.0, 676.0]
[96.0, 16.0, 913.0, 629.0]
[32.0, 48.0, 850.0, 662.0]
[112.0, 0.0, 931.0, 614.0]
[144.0, 96.0, 964.0, 711.0]
[128.0, 80.0, 949.0, 696.0]
[112.0, 0.0, 934.0, 616.0]
[144.0, 16.0, 967.0, 633.0]
[176.0, 48.0, 1000.0, 666.0]
[48.0, 0.0, 873.0, 619.0]
[80.0, 48.0, 906.0, 668.0]
[160.0, 32.0, 987.0, 652.0]
[0.0, 32.0, 828.0, 653.0]
[0.0, 96.0, 829.0, 718.0]
[80.0, 32.0, 910.0, 654.0]
[16.0, 112.0, 847.0, 735.0]
[16.0, 112.0, 848.0, 736.0]
[176.0, 32.0, 1009.0, 657.0]
[80.0, 0.0, 914.0, 626.0]
[176.0, 32.0, 1011.0, 658.0]
[64.0, 16.0, 900.0, 643.0]
[16.0, 16.0, 853.0, 644.0]
[16.0, 0.0, 854.0, 628.0]
[16.0, 32.0, 855.0, 661.0]
[160.0, 64.0, 1000.0, 694.0]
[48.0, 80.0, 889.0, 711.0]
[48.0, 64.0, 890.0, 696.0]
[32.0, 96.0, 875.0, 728.0]
[128.0, 32.0, 972.0, 665.0]
[64.0, 96.0, 909.0, 730.0]
[32.0, 80.0, 878.0, 714.0]
[128.0, 64.0, 975.0, 699.0]
[32.0, 128.0, 880.0, 764.0]
[128.0, 16.0, 977.0, 653.0]
[32.0, 96.0, 882.0, 734.0]
[96.0, 96.0, 947.0, 734.0]
[16.0, 48.0, 868.0, 687.0]
[32.0, 16.0, 885.0, 656.0]
[80.0, 80.0, 934.0, 720.0]
[128.0, 0.0, 983.0, 641.0]
[160.0, 32.0, 1016.0, 674.0]
[96.0, 48.0, 953.0, 691.0]
[80.0, 16.0, 938.0, 660.0]
[160.0, 32.0, 1019.0, 676.0]
[32.0, 96.0, 892.0, 741.0]
[16.0, 32.0, 877.0, 678.0]
[16.0, 96.0, 878.0, 742.0]
[48.0, 112.0, 911.0, 759.0]
[0.0, 48.0, 864.0, 696.0]
[128.0, 32.0, 993.0, 681.0]
[96.0, 0.0, 962.0, 650.0]
[96.0, 32.0, 963.0, 682.0]
[112.0, 32.0, 980.0, 683.0]
[80.0, 96.0, 949.0, 748.0]
[144.0, 48.0, 1014.0, 700.0]
[0.0, 96.0, 871.0, 749.0]
[48.0, 0.0, 920.0, 654.0]
[16.0, 64.0, 889.0, 719.0]
[64.0, 80.0, 938.0, 736.0]
[32.0, 48.0, 907.0, 704.0]
[0.0, 96.0, 876.0, 753.0]
[16.0, 96.0, 893.0, 754.0]
[112.0, 32.0, 990.0, 690.0]
[112.0, 48.0, 991.0, 707.0]
[32.0, 16.0, 912.0, 676.0]
[112.0, 48.0, 993.0, 709.0]
[16.0, 64.0, 898.0, 726.0]
[48.0, 80.0, 931.0, 742.0]
[96.0, 32.0, 980.0, 695.0]
[32.0, 0.0, 917.0, 664.0]
[96.0, 16.0, 982.0, 680.0]
[48.0, 96.0, 935.0, 761.0]
[96.0, 48.0, 984.0, 714.0]
[112.0, 48.0, 1001.0, 715.0]
[0.0, 16.0, 890.0, 684.0]
[64.0, 96.0, 955.0, 764.0]
[80.0, 64.0, 972.0, 733.0]
[0.0, 80.0, 893.0, 750.0]
[0.0, 32.0, 894.0, 702.0]
[96.0, 32.0, 991.0, 703.0]
[16.0, 32.0, 912.0, 704.0]
[80.0, 64.0, 977.0, 737.0]
[64.0, 32.0, 962.0, 706.0]
[96.0, 32.0, 995.0, 706.0]
[32.0, 32.0, 932.0, 707.0]
[48.0, 32.0, 949.0, 708.0]
[0.0, 0.0, 902.0, 676.0]
[112.0, 48.0, 1015.0, 725.0]
[80.0, 16.0, 984.0, 694.0]
[80.0, 0.0, 985.0, 679.0]
[32.0, 64.0, 938.0, 744.0]
[32.0, 32.0, 939.0, 712.0]
[96.0, 0.0, 1004.0, 681.0]
[48.0, 16.0, 957.0, 698.0]
[80.0, 48.0, 990.0, 730.0]
[32.0, 0.0, 943.0, 683.0]
[80.0, 32.0, 992.0, 716.0]
[64.0, 48.0, 977.0, 733.0]
[48.0, 16.0, 962.0, 702.0]
[48.0, 32.0, 963.0, 718.0]
[96.0, 64.0, 1012.0, 751.0]
[96.0, 0.0, 1013.0, 688.0]
[0.0, 64.0, 918.0, 752.0]
[16.0, 48.0, 935.0, 737.0]
[48.0, 48.0, 968.0, 738.0]
[0.0, 32.0, 921.0, 723.0]
[48.0, 64.0, 970.0, 756.0]
[16.0, 32.0, 939.0, 724.0]
[80.0, 0.0, 1004.0, 693.0]
[64.0, 48.0, 989.0, 742.0]
[64.0, 48.0, 990.0, 742.0]
[16.0, 0.0, 943.0, 695.0]
[96.0, 48.0, 1024.0, 744.0]
[48.0, 16.0, 977.0, 713.0]
[48.0, 48.0, 978.0, 746.0]
[16.0, 16.0, 947.0, 714.0]
[0.0, 16.0, 932.0, 715.0]
[48.0, 0.0, 981.0, 700.0]
[80.0, 0.0, 1014.0, 700.0]
[32.0, 48.0, 967.0, 749.0]
[64.0, 32.0, 1000.0, 734.0]
[16.0, 32.0, 953.0, 735.0]
[80.0, 32.0, 1018.0, 736.0]
[64.0, 16.0, 1003.0, 720.0]
[32.0, 16.0, 972.0, 721.0]
[0.0, 0.0, 941.0, 706.0]
[32.0, 0.0, 974.0, 706.0]
[80.0, 16.0, 1023.0, 723.0]
[48.0, 16.0, 992.0, 724.0]
[64.0, 48.0, 1009.0, 757.0]
[64.0, 32.0, 1010.0, 742.0]
[32.0, 0.0, 979.0, 710.0]
[64.0, 32.0, 1012.0, 743.0]
[48.0, 16.0, 997.0, 728.0]
[32.0, 48.0, 982.0, 760.0]
[0.0, 48.0, 951.0, 761.0]
[48.0, 0.0, 1000.0, 714.0]
[48.0, 0.0, 1001.0, 715.0]
[64.0, 0.0, 1018.0, 716.0]
[64.0, 0.0, 1019.0, 716.0]
[64.0, 16.0, 1020.0, 733.0]
[64.0, 16.0, 1021.0, 734.0]
[48.0, 0.0, 1006.0, 718.0]
[64.0, 48.0, 1023.0, 767.0]
[48.0, 32.0, 1008.0, 752.0]
[0.0, 32.0, 961.0, 753.0]
[0.0, 0.0, 962.0, 722.0]
[0.0, 32.0, 963.0, 754.0]
[48.0, 0.0, 1012.0, 723.0]
[48.0, 0.0, 1013.0, 724.0]
[48.0, 0.0, 1014.0, 724.0]
[0.0, 32.0, 967.0, 757.0]
[32.0, 32.0, 1000.0, 758.0]
[48.0, 16.0, 1017.0, 743.0]
[48.0, 16.0, 1018.0, 744.0]
[32.0, 16.0, 1003.0, 744.0]
[16.0, 16.0, 988.0, 745.0]
[32.0, 16.0, 1005.0, 746.0]
[0.0, 16.0, 974.0, 746.0]
[16.0, 16.0, 991.0, 747.0]
[0.0, 32.0, 976.0, 764.0]
[32.0, 32.0, 1009.0, 765.0]
[16.0, 32.0, 994.0, 766.0]
[32.0, 32.0, 1011.0, 766.0]
[0.0, 0.0, 980.0, 735.0]
[32.0, 32.0, 1013.0, 768.0]
[16.0, 32.0, 998.0, 768.0]
[0.0, 16.0, 983.0, 753.0]
[0.0, 16.0, 984.0, 754.0]
[32.0, 0.0, 1017.0, 739.0]
[0.0, 16.0, 986.0, 756.0]
[0.0, 0.0, 987.0, 740.0]
[32.0, 0.0, 1020.0, 741.0]
[32.0, 0.0, 1021.0, 742.0]
[16.0, 16.0, 1006.0, 758.0]
[16.0, 0.0, 1007.0, 743.0]
[32.0, 0.0, 1024.0, 744.0]
[0.0, 16.0, 993.0, 761.0]
[16.0, 16.0, 1010.0, 762.0]
[0.0, 0.0, 995.0, 746.0]
[16.0, 16.0, 1012.0, 763.0]
[0.0, 0.0, 997.0, 748.0]
[0.0, 0.0, 998.0, 748.0]
[0.0, 0.0, 999.0, 749.0]
[0.0, 16.0, 1000.0, 766.0]
[16.0, 0.0, 1017.0, 751.0]
[16.0, 0.0, 1018.0, 752.0]
[16.0, 16.0, 1019.0, 768.0]
[0.0, 0.0, 1004.0, 753.0]
[0.0, 0.0, 1005.0, 754.0]
[16.0, 0.0, 1022.0, 754.0]
[0.0, 0.0, 1007.0, 755.0]
[16.0, 0.0, 1024.0, 756.0]
[0.0, 0.0, 1009.0, 757.0]
[0.0, 0.0, 1010.0, 758.0]
[0.0, 0.0, 1011.0, 758.0]
[0.0, 0.0, 1012.0, 759.0]
[0.0, 0.0, 1013.0, 760.0]
[0.0, 0.0, 1014.0, 760.0]
[0.0, 0.0, 1015.0, 761.0]
[0.0, 0.0, 1016.0, 762.0]
[0.0, 0.0, 1017.0, 763.0]
[0.0, 0.0, 1018.0, 764.0]
[0.0, 0.0, 1019.0, 764.0]
