[80.0, 112.0, 797.0, 650.0]
[96.0, 192.0, 814.0, 730.0]
[80.0, 112.0, 799.0, 651.0]
[80.0, 64.0, 800.0, 604.0]
[64.0, 32.0, 785.0, 573.0]
[32.0, 160.0, 754.0, 702.0]
[32.0, 48.0, 755.0, 590.0]
[48.0, 176.0, 772.0, 719.0]
[48.0, 32.0, 773.0, 576.0]
[64.0, 64.0, 790.0, 608.0]
[32.0, 80.0, 759.0, 625.0]
[80.0, 48.0, 808.0, 594.0]
[80.0, 96.0, 809.0, 643.0]
[96.0, 176.0, 826.0, 724.0]
[64.0, 112.0, 795.0, 660.0]
[80.0, 176.0, 812.0, 725.0]
[48.0, 16.0, 781.0, 566.0]
[48.0, 96.0, 782.0, 646.0]
[16.0, 80.0, 751.0, 631.0]
[64.0, 128.0, 800.0, 680.0]
[16.0, 32.0, 753.0, 585.0]
[64.0, 64.0, 802.0, 618.0]
[48.0, 160.0, 787.0, 714.0]
[32.0, 16.0, 772.0, 571.0]
[80.0, 16.0, 821.0, 572.0]
[16.0, 176.0, 758.0, 732.0]
[48.0, 16.0, 791.0, 573.0]
[64.0, 176.0, 808.0, 734.0]
[48.0, 128.0, 793.0, 687.0]
[96.0, 112.0, 842.0, 672.0]
[80.0, 16.0, 827.0, 576.0]
[48.0, 64.0, 796.0, 625.0]
[96.0, 96.0, 845.0, 658.0]
[64.0, 48.0, 814.0, 610.0]
[80.0, 48.0, 831.0, 611.0]
[32.0, 64.0, 784.0, 628.0]
[32.0, 96.0, 785.0, 661.0]
[48.0, 160.0, 802.0, 726.0]
[48.0, 96.0, 803.0, 662.0]
[16.0, 128.0, 772.0, 695.0]
[16.0, 176.0, 773.0, 744.0]
[64.0, 48.0, 822.0, 616.0]
[16.0, 176.0, 775.0, 745.0]
[48.0, 128.0, 808.0, 698.0]
[0.0, 176.0, 761.0, 747.0]
[80.0, 16.0, 842.0, 588.0]
[16.0, 48.0, 779.0, 620.0]
[96.0, 32.0, 860.0, 605.0]
[16.0, 16.0, 781.0, 590.0]
[80.0, 32.0, 846.0, 606.0]
[48.0, 32.0, 815.0, 607.0]
[64.0, 192.0, 832.0, 768.0]
[48.0, 112.0, 817.0, 689.0]
[48.0, 144.0, 818.0, 722.0]
[48.0, 64.0, 819.0, 642.0]
[64.0, 48.0, 836.0, 627.0]
[80.0, 176.0, 853.0, 756.0]
[96.0, 64.0, 870.0, 644.0]
[96.0, 80.0, 871.0, 661.0]
[0.0, 32.0, 776.0, 614.0]
[32.0, 144.0, 809.0, 727.0]
[64.0, 128.0, 842.0, 712.0]
[80.0, 112.0, 859.0, 696.0]
[64.0, 80.0, 844.0, 665.0]
[0.0, 48.0, 781.0, 634.0]
[32.0, 64.0, 814.0, 650.0]
[16.0, 0.0, 799.0, 587.0]
[16.0, 0.0, 800.0, 588.0]
[32.0, 16.0, 817.0, 605.0]
[80.0, 96.0, 866.0, 686.0]
[64.0, 48.0, 851.0, 638.0]
[48.0, 32.0, 836.0, 623.0]
[80.0, 144.0, 869.0, 736.0]
[80.0, 96.0, 870.0, 688.0]
[64.0, 128.0, 855.0, 721.0]
[32.0, 0.0, 824.0, 594.0]
[16.0, 80.0, 809.0, 675.0]
[64.0, 0.0, 858.0, 596.0]
[64.0, 64.0, 859.0, 660.0]
[48.0, 160.0, 844.0, 757.0]
[48.0, 0.0, 845.0, 598.0]
[96.0, 144.0, 894.0, 742.0]
[0.0, 32.0, 799.0, 631.0]
[0.0, 112.0, 800.0, 712.0]
[16.0, 144.0, 817.0, 745.0]
[48.0, 32.0, 850.0, 634.0]
[64.0, 48.0, 867.0, 650.0]
[16.0, 160.0, 820.0, 763.0]
[16.0, 128.0, 821.0, 732.0]
[96.0, 64.0, 902.0, 668.0]
[0.0, 80.0, 807.0, 685.0]
[16.0, 160.0, 824.0, 766.0]
[64.0, 32.0, 873.0, 639.0]
[0.0, 32.0, 810.0, 640.0]
[48.0, 80.0, 859.0, 688.0]
[32.0, 112.0, 844.0, 721.0]
[16.0, 96.0, 829.0, 706.0]
[16.0, 32.0, 830.0, 642.0]
[32.0, 64.0, 847.0, 675.0]
[0.0, 32.0, 816.0, 644.0]
[80.0, 80.0, 897.0, 693.0]
[80.0, 96.0, 898.0, 710.0]
[96.0, 96.0, 915.0, 710.0]
[48.0, 80.0, 868.0, 695.0]
[0.0, 48.0, 821.0, 664.0]
[0.0, 48.0, 822.0, 664.0]
[48.0, 32.0, 871.0, 649.0]
[48.0, 16.0, 872.0, 634.0]
[48.0, 144.0, 873.0, 763.0]
[64.0, 0.0, 890.0, 620.0]
[16.0, 80.0, 843.0, 700.0]
[96.0, 32.0, 924.0, 653.0]
[0.0, 48.0, 829.0, 670.0]
[80.0, 16.0, 910.0, 638.0]
[16.0, 0.0, 847.0, 623.0]
[80.0, 32.0, 912.0, 656.0]
[16.0, 64.0, 849.0, 689.0]
[32.0, 96.0, 866.0, 722.0]
[80.0, 64.0, 915.0, 690.0]
[32.0, 32.0, 868.0, 659.0]
[16.0, 96.0, 853.0, 724.0]
[32.0, 16.0, 870.0, 644.0]
[64.0, 0.0, 903.0, 629.0]
[64.0, 48.0, 904.0, 678.0]
[16.0, 96.0, 857.0, 727.0]
[64.0, 128.0, 906.0, 760.0]
[0.0, 96.0, 843.0, 728.0]
[80.0, 48.0, 924.0, 681.0]
[80.0, 112.0, 925.0, 746.0]
[80.0, 16.0, 926.0, 650.0]
[16.0, 48.0, 863.0, 683.0]
[16.0, 112.0, 864.0, 748.0]
[16.0, 16.0, 865.0, 653.0]
[80.0, 64.0, 930.0, 702.0]
[0.0, 16.0, 851.0, 654.0]
[48.0, 0.0, 900.0, 639.0]
[48.0, 16.0, 901.0, 656.0]
[64.0, 32.0, 918.0, 672.0]
[32.0, 32.0, 887.0, 673.0]
[0.0, 64.0, 856.0, 706.0]
[96.0, 64.0, 953.0, 707.0]
[16.0, 80.0, 874.0, 724.0]
[32.0, 64.0, 891.0, 708.0]
[64.0, 48.0, 924.0, 693.0]
[0.0, 112.0, 861.0, 758.0]
[80.0, 48.0, 942.0, 694.0]
[16.0, 48.0, 879.0, 695.0]
[64.0, 112.0, 928.0, 760.0]
[48.0, 64.0, 913.0, 713.0]
[32.0, 80.0, 898.0, 730.0]
[48.0, 96.0, 915.0, 746.0]
[32.0, 0.0, 900.0, 651.0]
[64.0, 32.0, 933.0, 684.0]
[64.0, 112.0, 934.0, 764.0]
[16.0, 80.0, 887.0, 733.0]
[64.0, 48.0, 936.0, 702.0]
[16.0, 48.0, 889.0, 703.0]
[32.0, 0.0, 906.0, 656.0]
[32.0, 80.0, 907.0, 736.0]
[16.0, 80.0, 892.0, 737.0]
[32.0, 64.0, 909.0, 722.0]
[64.0, 16.0, 942.0, 674.0]
[48.0, 48.0, 927.0, 707.0]
[64.0, 96.0, 944.0, 756.0]
[64.0, 80.0, 945.0, 741.0]
[16.0, 96.0, 898.0, 758.0]
[16.0, 64.0, 899.0, 726.0]
[32.0, 96.0, 916.0, 759.0]
[80.0, 16.0, 965.0, 680.0]
[80.0, 96.0, 966.0, 760.0]
[80.0, 64.0, 967.0, 729.0]
[64.0, 48.0, 952.0, 714.0]
[16.0, 32.0, 905.0, 699.0]
[48.0, 80.0, 938.0, 748.0]
[96.0, 32.0, 987.0, 700.0]
[96.0, 64.0, 988.0, 733.0]
[96.0, 64.0, 989.0, 734.0]
[64.0, 32.0, 958.0, 702.0]
[16.0, 0.0, 911.0, 671.0]
[64.0, 96.0, 960.0, 768.0]
[80.0, 80.0, 977.0, 753.0]
[0.0, 32.0, 898.0, 706.0]
[64.0, 80.0, 963.0, 754.0]
[32.0, 16.0, 932.0, 691.0]
[16.0, 32.0, 917.0, 708.0]
[0.0, 0.0, 902.0, 676.0]
[32.0, 64.0, 935.0, 741.0]
[32.0, 64.0, 936.0, 742.0]
[48.0, 0.0, 953.0, 679.0]
[96.0, 32.0, 1002.0, 712.0]
[0.0, 32.0, 907.0, 712.0]
[48.0, 48.0, 956.0, 729.0]
[32.0, 32.0, 941.0, 714.0]
[32.0, 64.0, 942.0, 746.0]
[80.0, 48.0, 991.0, 731.0]
[80.0, 32.0, 992.0, 716.0]
[64.0, 64.0, 977.0, 749.0]
[80.0, 32.0, 994.0, 718.0]
[32.0, 0.0, 947.0, 686.0]
[0.0, 0.0, 916.0, 687.0]
[32.0, 32.0, 949.0, 720.0]
[0.0, 32.0, 918.0, 720.0]
[16.0, 32.0, 935.0, 721.0]
[0.0, 0.0, 920.0, 690.0]
[96.0, 32.0, 1017.0, 723.0]
[0.0, 32.0, 922.0, 724.0]
[96.0, 32.0, 1019.0, 724.0]
[48.0, 64.0, 972.0, 757.0]
[32.0, 64.0, 957.0, 758.0]
[16.0, 32.0, 942.0, 726.0]
[0.0, 16.0, 927.0, 711.0]
[32.0, 16.0, 960.0, 712.0]
[0.0, 32.0, 929.0, 729.0]
[80.0, 32.0, 1010.0, 730.0]
[48.0, 64.0, 979.0, 762.0]
[48.0, 64.0, 980.0, 763.0]
[0.0, 0.0, 933.0, 700.0]
[16.0, 32.0, 950.0, 732.0]
[16.0, 64.0, 951.0, 765.0]
[16.0, 48.0, 952.0, 750.0]
[48.0, 64.0, 985.0, 767.0]
[64.0, 16.0, 1002.0, 720.0]
[16.0, 0.0, 955.0, 704.0]
[16.0, 48.0, 956.0, 753.0]
[32.0, 32.0, 973.0, 738.0]
[48.0, 32.0, 990.0, 738.0]
[0.0, 32.0, 943.0, 739.0]
[32.0, 0.0, 976.0, 708.0]
[16.0, 0.0, 961.0, 709.0]
[64.0, 48.0, 1010.0, 758.0]
[64.0, 16.0, 1011.0, 726.0]
[48.0, 16.0, 996.0, 727.0]
[16.0, 16.0, 965.0, 728.0]
[48.0, 0.0, 998.0, 712.0]
[64.0, 0.0, 1015.0, 713.0]
[32.0, 48.0, 984.0, 762.0]
[0.0, 16.0, 953.0, 731.0]
[0.0, 0.0, 954.0, 716.0]
[16.0, 48.0, 971.0, 764.0]
[16.0, 32.0, 972.0, 749.0]
[32.0, 32.0, 989.0, 750.0]
[64.0, 16.0, 1022.0, 734.0]
[32.0, 0.0, 991.0, 719.0]
[0.0, 0.0, 960.0, 720.0]
[48.0, 48.0, 1009.0, 769.0]
[16.0, 16.0, 978.0, 738.0]
[0.0, 32.0, 963.0, 754.0]
[48.0, 0.0, 1012.0, 723.0]
[32.0, 16.0, 997.0, 740.0]
[0.0, 0.0, 966.0, 724.0]
[16.0, 16.0, 983.0, 741.0]
[0.0, 32.0, 968.0, 758.0]
[0.0, 32.0, 969.0, 759.0]
[48.0, 16.0, 1018.0, 744.0]
[32.0, 32.0, 1003.0, 760.0]
[16.0, 16.0, 988.0, 745.0]
[16.0, 32.0, 989.0, 762.0]
[48.0, 16.0, 1022.0, 746.0]
[48.0, 0.0, 1023.0, 731.0]
[16.0, 32.0, 992.0, 764.0]
[32.0, 16.0, 1009.0, 749.0]
[0.0, 0.0, 978.0, 734.0]
[32.0, 16.0, 1011.0, 750.0]
[32.0, 0.0, 1012.0, 735.0]
[32.0, 16.0, 1013.0, 752.0]
[0.0, 32.0, 982.0, 768.0]
[32.0, 16.0, 1015.0, 753.0]
[32.0, 16.0, 1016.0, 754.0]
[0.0, 16.0, 985.0, 755.0]
[32.0, 0.0, 1018.0, 740.0]
[16.0, 16.0, 1003.0, 756.0]
[16.0, 0.0, 1004.0, 741.0]
[32.0, 0.0, 1021.0, 742.0]
[0.0, 16.0, 990.0, 758.0]
[16.0, 0.0, 1007.0, 743.0]
[0.0, 16.0, 992.0, 760.0]
[16.0, 16.0, 1009.0, 761.0]
[0.0, 16.0, 994.0, 762.0]
[0.0, 16.0, 995.0, 762.0]
[16.0, 0.0, 1012.0, 747.0]
[16.0, 0.0, 1013.0, 748.0]
[0.0, 16.0, 998.0, 764.0]
[0.0, 0.0, 999.0, 749.0]
[0.0, 0.0, 1000.0, 750.0]
[0.0, 0.0, 1001.0, 751.0]
[0.0, 16.0, 1002.0, 768.0]
[16.0, 0.0, 1019.0, 752.0]
[16.0, 16.0, 1020.0, 769.0]
[0.0, 0.0, 1005.0, 754.0]
[0.0, 0.0, 1006.0, 754.0]
[16.0, 0.0, 1023.0, 755.0]
[16.0, 0.0, 1024.0, 756.0]
[0.0, 0.0, 1009.0, 757.0]
[0.0, 0.0, 1010.0, 758.0]
[0.0, 0.0, 1011.0, 758.0]
[0.0, 0.0, 1012.0, 759.0]
[0.0, 0.0, 1013.0, 760.0]
[0.0, 0.0, 1014.0, 760.0]
[0.0, 0.0, 1015.0, 761.0]
