[128.0, 80.0, 862.0, 630.0]
[64.0, 96.0, 803.0, 650.0]
[96.0, 96.0, 838.0, 652.0]
[208.0, 48.0, 951.0, 605.0]
[208.0, 64.0, 952.0, 622.0]
[64.0, 32.0, 809.0, 591.0]
[192.0, 80.0, 939.0, 640.0]
[208.0, 32.0, 956.0, 593.0]
[208.0, 80.0, 957.0, 642.0]
[64.0, 64.0, 814.0, 626.0]
[112.0, 48.0, 863.0, 611.0]
[208.0, 64.0, 960.0, 628.0]
[176.0, 96.0, 929.0, 661.0]
[128.0, 32.0, 882.0, 598.0]
[144.0, 64.0, 899.0, 630.0]
[112.0, 16.0, 868.0, 583.0]
[160.0, 32.0, 917.0, 600.0]
[112.0, 48.0, 870.0, 616.0]
[176.0, 96.0, 935.0, 665.0]
[144.0, 32.0, 904.0, 602.0]
[128.0, 32.0, 889.0, 603.0]
[192.0, 96.0, 954.0, 668.0]
[96.0, 96.0, 859.0, 668.0]
[112.0, 48.0, 876.0, 621.0]
[112.0, 64.0, 877.0, 638.0]
[208.0, 16.0, 974.0, 590.0]
[128.0, 32.0, 895.0, 607.0]
[160.0, 32.0, 928.0, 608.0]
[128.0, 96.0, 897.0, 673.0]
[192.0, 16.0, 962.0, 594.0]
[128.0, 48.0, 899.0, 626.0]
[96.0, 32.0, 868.0, 611.0]
[48.0, 16.0, 821.0, 596.0]
[192.0, 96.0, 966.0, 676.0]
[128.0, 96.0, 903.0, 677.0]
[192.0, 16.0, 968.0, 598.0]
[160.0, 96.0, 937.0, 679.0]
[96.0, 48.0, 874.0, 632.0]
[128.0, 48.0, 907.0, 632.0]
[48.0, 80.0, 828.0, 665.0]
[96.0, 48.0, 877.0, 634.0]
[112.0, 96.0, 894.0, 682.0]
[112.0, 16.0, 895.0, 603.0]
[192.0, 0.0, 976.0, 588.0]
[192.0, 80.0, 977.0, 669.0]
[48.0, 32.0, 834.0, 622.0]
[112.0, 80.0, 899.0, 670.0]
[192.0, 80.0, 980.0, 671.0]
[128.0, 16.0, 917.0, 608.0]
[112.0, 96.0, 902.0, 688.0]
[160.0, 48.0, 951.0, 641.0]
[48.0, 0.0, 840.0, 594.0]
[128.0, 32.0, 921.0, 627.0]
[160.0, 32.0, 954.0, 628.0]
[64.0, 0.0, 859.0, 596.0]
[128.0, 0.0, 924.0, 597.0]
[160.0, 64.0, 957.0, 662.0]
[128.0, 32.0, 926.0, 630.0]
[128.0, 48.0, 927.0, 647.0]
[96.0, 0.0, 896.0, 600.0]
[160.0, 96.0, 961.0, 697.0]
[80.0, 0.0, 883.0, 602.0]
[64.0, 80.0, 868.0, 683.0]
[64.0, 48.0, 870.0, 652.0]
[128.0, 80.0, 935.0, 685.0]
[160.0, 96.0, 971.0, 704.0]
[160.0, 0.0, 974.0, 610.0]
