[144.0, 80.0, 861.0, 618.0]
[0.0, 32.0, 718.0, 570.0]
[32.0, 96.0, 751.0, 635.0]
[0.0, 112.0, 720.0, 652.0]
[0.0, 96.0, 721.0, 637.0]
[48.0, 64.0, 770.0, 606.0]
[80.0, 80.0, 803.0, 622.0]
[112.0, 112.0, 836.0, 655.0]
[48.0, 96.0, 773.0, 640.0]
[32.0, 32.0, 758.0, 576.0]
[64.0, 96.0, 791.0, 641.0]
[48.0, 32.0, 776.0, 578.0]
[64.0, 16.0, 793.0, 563.0]
[32.0, 32.0, 762.0, 580.0]
[32.0, 80.0, 763.0, 628.0]
[80.0, 64.0, 812.0, 613.0]
[48.0, 16.0, 781.0, 566.0]
[0.0, 112.0, 734.0, 662.0]
[16.0, 80.0, 751.0, 631.0]
[112.0, 48.0, 848.0, 600.0]
[48.0, 64.0, 785.0, 617.0]
[16.0, 112.0, 754.0, 666.0]
[128.0, 112.0, 867.0, 666.0]
[80.0, 48.0, 820.0, 603.0]
[144.0, 48.0, 885.0, 604.0]
[48.0, 112.0, 790.0, 668.0]
[0.0, 16.0, 743.0, 573.0]
[64.0, 16.0, 808.0, 574.0]
[64.0, 96.0, 809.0, 655.0]
[48.0, 48.0, 794.0, 608.0]
[32.0, 80.0, 779.0, 640.0]
[128.0, 16.0, 876.0, 577.0]
[32.0, 0.0, 781.0, 562.0]
[128.0, 48.0, 878.0, 610.0]
[80.0, 0.0, 831.0, 563.0]
[128.0, 96.0, 880.0, 660.0]
[80.0, 32.0, 833.0, 597.0]
[96.0, 16.0, 850.0, 582.0]
[64.0, 112.0, 819.0, 678.0]
[16.0, 64.0, 772.0, 631.0]
[112.0, 48.0, 869.0, 616.0]
[144.0, 32.0, 902.0, 600.0]
[112.0, 16.0, 871.0, 585.0]
[128.0, 96.0, 888.0, 666.0]
[64.0, 16.0, 825.0, 587.0]
[64.0, 96.0, 826.0, 668.0]
[144.0, 64.0, 907.0, 636.0]
[128.0, 48.0, 892.0, 621.0]
[48.0, 96.0, 813.0, 670.0]
[144.0, 64.0, 910.0, 638.0]
[80.0, 80.0, 847.0, 655.0]
[32.0, 64.0, 800.0, 640.0]
[0.0, 32.0, 769.0, 609.0]
[80.0, 80.0, 850.0, 658.0]
[32.0, 64.0, 803.0, 642.0]
[96.0, 16.0, 868.0, 595.0]
[96.0, 64.0, 869.0, 644.0]
[112.0, 32.0, 886.0, 612.0]
[80.0, 0.0, 855.0, 581.0]
[32.0, 64.0, 808.0, 646.0]
[80.0, 0.0, 857.0, 583.0]
[32.0, 32.0, 810.0, 616.0]
[128.0, 80.0, 907.0, 664.0]
[80.0, 32.0, 860.0, 617.0]
[64.0, 80.0, 845.0, 666.0]
[16.0, 64.0, 798.0, 650.0]
[112.0, 0.0, 895.0, 587.0]
[112.0, 48.0, 896.0, 636.0]
[128.0, 48.0, 913.0, 637.0]
[80.0, 0.0, 866.0, 590.0]
[80.0, 0.0, 867.0, 590.0]
[128.0, 80.0, 916.0, 671.0]
[112.0, 16.0, 901.0, 608.0]
[96.0, 0.0, 886.0, 592.0]
[128.0, 32.0, 919.0, 625.0]
[112.0, 16.0, 904.0, 610.0]
[96.0, 32.0, 889.0, 627.0]
[16.0, 0.0, 810.0, 596.0]
[96.0, 64.0, 891.0, 660.0]
[0.0, 64.0, 796.0, 661.0]
[32.0, 48.0, 829.0, 646.0]
[96.0, 32.0, 894.0, 630.0]
[112.0, 0.0, 911.0, 599.0]
[16.0, 80.0, 816.0, 680.0]
[64.0, 16.0, 865.0, 617.0]
[16.0, 48.0, 818.0, 650.0]
[112.0, 80.0, 915.0, 682.0]
[32.0, 16.0, 836.0, 619.0]
[16.0, 64.0, 821.0, 668.0]
[128.0, 64.0, 934.0, 668.0]
[0.0, 0.0, 807.0, 605.0]
[32.0, 16.0, 840.0, 622.0]
[32.0, 16.0, 841.0, 623.0]
[80.0, 64.0, 890.0, 672.0]
[80.0, 64.0, 891.0, 672.0]
[112.0, 48.0, 924.0, 657.0]
[16.0, 16.0, 829.0, 626.0]
[0.0, 48.0, 814.0, 658.0]
[0.0, 0.0, 815.0, 611.0]
[16.0, 0.0, 832.0, 612.0]
[112.0, 64.0, 929.0, 677.0]
[80.0, 32.0, 898.0, 646.0]
[32.0, 48.0, 851.0, 662.0]
[16.0, 0.0, 836.0, 615.0]
[128.0, 32.0, 949.0, 648.0]
[32.0, 48.0, 854.0, 664.0]
[112.0, 64.0, 935.0, 681.0]
[96.0, 0.0, 920.0, 618.0]
[128.0, 48.0, 953.0, 667.0]
[112.0, 16.0, 938.0, 636.0]
[32.0, 0.0, 859.0, 620.0]
[96.0, 0.0, 924.0, 621.0]
[112.0, 48.0, 941.0, 670.0]
[48.0, 32.0, 878.0, 654.0]
[0.0, 0.0, 831.0, 623.0]
[32.0, 32.0, 864.0, 656.0]
[32.0, 16.0, 865.0, 641.0]
[16.0, 0.0, 850.0, 626.0]
[128.0, 48.0, 963.0, 674.0]
[0.0, 32.0, 836.0, 659.0]
[32.0, 16.0, 869.0, 644.0]
[0.0, 0.0, 838.0, 628.0]
[48.0, 0.0, 887.0, 629.0]
[16.0, 48.0, 856.0, 678.0]
[64.0, 32.0, 905.0, 663.0]
[80.0, 16.0, 922.0, 648.0]
[128.0, 32.0, 971.0, 664.0]
[128.0, 16.0, 972.0, 649.0]
[96.0, 32.0, 941.0, 666.0]
[16.0, 16.0, 862.0, 650.0]
[128.0, 32.0, 975.0, 667.0]
[128.0, 16.0, 976.0, 652.0]
[16.0, 32.0, 865.0, 669.0]
[112.0, 16.0, 962.0, 654.0]
[0.0, 16.0, 851.0, 654.0]
[96.0, 32.0, 948.0, 671.0]
[128.0, 16.0, 981.0, 656.0]
[80.0, 0.0, 934.0, 640.0]
[96.0, 16.0, 951.0, 657.0]
[64.0, 32.0, 920.0, 674.0]
[64.0, 0.0, 921.0, 643.0]
[64.0, 16.0, 922.0, 660.0]
[112.0, 0.0, 971.0, 644.0]
[32.0, 32.0, 892.0, 677.0]
[16.0, 16.0, 877.0, 662.0]
[48.0, 0.0, 910.0, 646.0]
[96.0, 0.0, 959.0, 647.0]
[112.0, 32.0, 976.0, 680.0]
[96.0, 32.0, 961.0, 681.0]
[0.0, 16.0, 866.0, 666.0]
[16.0, 0.0, 883.0, 650.0]
[48.0, 0.0, 916.0, 651.0]
[80.0, 0.0, 949.0, 652.0]
[48.0, 0.0, 918.0, 652.0]
[80.0, 0.0, 951.0, 653.0]
[96.0, 0.0, 968.0, 654.0]
[112.0, 0.0, 985.0, 655.0]
[80.0, 0.0, 954.0, 656.0]
[16.0, 16.0, 891.0, 672.0]
[0.0, 16.0, 876.0, 673.0]
[0.0, 0.0, 877.0, 658.0]
[16.0, 16.0, 894.0, 674.0]
[32.0, 16.0, 911.0, 675.0]
[48.0, 16.0, 928.0, 676.0]
[48.0, 16.0, 929.0, 677.0]
[32.0, 0.0, 914.0, 662.0]
[0.0, 0.0, 883.0, 662.0]
[96.0, 16.0, 980.0, 679.0]
[16.0, 16.0, 901.0, 680.0]
[64.0, 0.0, 950.0, 664.0]
[64.0, 16.0, 951.0, 681.0]
[32.0, 0.0, 920.0, 666.0]
[64.0, 0.0, 953.0, 667.0]
[48.0, 0.0, 938.0, 668.0]
[96.0, 0.0, 987.0, 668.0]
[48.0, 0.0, 940.0, 669.0]
[48.0, 0.0, 941.0, 670.0]
[64.0, 0.0, 958.0, 670.0]
[48.0, 0.0, 943.0, 671.0]
[48.0, 0.0, 944.0, 672.0]
[80.0, 0.0, 977.0, 673.0]
[96.0, 0.0, 994.0, 674.0]
[48.0, 0.0, 947.0, 674.0]
[0.0, 0.0, 900.0, 675.0]
[48.0, 0.0, 949.0, 676.0]
[80.0, 0.0, 982.0, 676.0]
[16.0, 0.0, 919.0, 677.0]
[80.0, 0.0, 984.0, 678.0]
[32.0, 0.0, 937.0, 679.0]
[32.0, 0.0, 938.0, 680.0]
[16.0, 0.0, 923.0, 680.0]
[80.0, 0.0, 988.0, 681.0]
[64.0, 0.0, 973.0, 682.0]
[16.0, 0.0, 926.0, 682.0]
[80.0, 0.0, 991.0, 683.0]
