[272.0, 48.0, 952.0, 954.0]
[96.0, 48.0, 776.0, 955.0]
[144.0, 48.0, 825.0, 956.0]
[224.0, 48.0, 906.0, 957.0]
[240.0, 64.0, 922.0, 974.0]
[224.0, 64.0, 907.0, 975.0]
[48.0, 64.0, 732.0, 976.0]
[288.0, 48.0, 973.0, 961.0]
[176.0, 48.0, 862.0, 962.0]
[256.0, 48.0, 942.0, 963.0]
[96.0, 48.0, 783.0, 964.0]
[64.0, 32.0, 752.0, 949.0]
[80.0, 48.0, 768.0, 966.0]
[48.0, 32.0, 737.0, 951.0]
[256.0, 32.0, 946.0, 952.0]
[240.0, 32.0, 931.0, 953.0]
[80.0, 48.0, 772.0, 970.0]
[48.0, 64.0, 740.0, 987.0]
[208.0, 32.0, 901.0, 956.0]
[256.0, 64.0, 950.0, 989.0]
[176.0, 32.0, 870.0, 958.0]
[96.0, 32.0, 791.0, 959.0]
[48.0, 32.0, 744.0, 960.0]
[80.0, 48.0, 777.0, 977.0]
[192.0, 64.0, 890.0, 994.0]
[48.0, 64.0, 746.0, 995.0]
[272.0, 64.0, 971.0, 996.0]
[272.0, 16.0, 972.0, 949.0]
[112.0, 16.0, 812.0, 950.0]
[32.0, 32.0, 733.0, 967.0]
[224.0, 64.0, 926.0, 1000.0]
[128.0, 16.0, 831.0, 953.0]
[240.0, 32.0, 944.0, 970.0]
[208.0, 48.0, 912.0, 987.0]
[192.0, 32.0, 897.0, 972.0]
[160.0, 64.0, 866.0, 1005.0]
[96.0, 64.0, 802.0, 1006.0]
[128.0, 32.0, 835.0, 975.0]
[160.0, 16.0, 868.0, 960.0]
[80.0, 64.0, 789.0, 1009.0]
[176.0, 64.0, 886.0, 1010.0]
[96.0, 16.0, 806.0, 963.0]
[240.0, 0.0, 951.0, 948.0]
[112.0, 64.0, 824.0, 1013.0]
[96.0, 48.0, 808.0, 998.0]
[256.0, 32.0, 969.0, 983.0]
[256.0, 32.0, 970.0, 984.0]
[64.0, 0.0, 779.0, 953.0]
[160.0, 48.0, 876.0, 1002.0]
[112.0, 16.0, 828.0, 971.0]
[48.0, 0.0, 765.0, 956.0]
[32.0, 16.0, 750.0, 973.0]
[112.0, 0.0, 830.0, 958.0]
[176.0, 48.0, 895.0, 1007.0]
[240.0, 16.0, 960.0, 976.0]
[48.0, 0.0, 769.0, 961.0]
[112.0, 32.0, 834.0, 994.0]
[272.0, 0.0, 994.0, 963.0]
[272.0, 16.0, 995.0, 980.0]
[144.0, 0.0, 868.0, 965.0]
[272.0, 0.0, 996.0, 966.0]
[224.0, 48.0, 949.0, 1015.0]
[16.0, 16.0, 742.0, 984.0]
[208.0, 48.0, 935.0, 1017.0]
[48.0, 48.0, 776.0, 1018.0]
[224.0, 48.0, 952.0, 1019.0]
[176.0, 0.0, 905.0, 972.0]
[32.0, 16.0, 762.0, 989.0]
[64.0, 0.0, 794.0, 974.0]
[176.0, 0.0, 907.0, 975.0]
[208.0, 16.0, 940.0, 992.0]
[128.0, 32.0, 861.0, 1009.0]
[224.0, 32.0, 958.0, 1010.0]
[176.0, 32.0, 910.0, 1011.0]
[112.0, 32.0, 847.0, 1012.0]
[272.0, 32.0, 1008.0, 1013.0]
[160.0, 32.0, 896.0, 1014.0]
[224.0, 32.0, 961.0, 1015.0]
[192.0, 0.0, 930.0, 984.0]
[112.0, 16.0, 851.0, 1001.0]
[80.0, 0.0, 820.0, 986.0]
[64.0, 0.0, 804.0, 987.0]
[32.0, 32.0, 773.0, 1020.0]
[128.0, 32.0, 870.0, 1021.0]
[32.0, 32.0, 774.0, 1022.0]
[160.0, 16.0, 903.0, 1007.0]
[160.0, 16.0, 904.0, 1008.0]
[144.0, 16.0, 889.0, 1009.0]
[80.0, 16.0, 826.0, 1010.0]
[208.0, 16.0, 954.0, 1011.0]
[128.0, 16.0, 875.0, 1012.0]
[224.0, 16.0, 972.0, 1013.0]
[224.0, 16.0, 972.0, 1014.0]
[64.0, 0.0, 813.0, 999.0]
[176.0, 16.0, 926.0, 1016.0]
[16.0, 0.0, 767.0, 1001.0]
[80.0, 0.0, 832.0, 1002.0]
[176.0, 16.0, 928.0, 1019.0]
[48.0, 0.0, 801.0, 1004.0]
[128.0, 16.0, 882.0, 1021.0]
[128.0, 0.0, 882.0, 1006.0]
[80.0, 0.0, 835.0, 1007.0]
[16.0, 0.0, 772.0, 1008.0]
[96.0, 0.0, 853.0, 1009.0]
[16.0, 0.0, 774.0, 1010.0]
[144.0, 0.0, 902.0, 1011.0]
[48.0, 0.0, 807.0, 1012.0]
[224.0, 0.0, 984.0, 1013.0]
[176.0, 0.0, 936.0, 1014.0]
[224.0, 0.0, 985.0, 1015.0]
[240.0, 0.0, 1002.0, 1016.0]
[240.0, 0.0, 1003.0, 1017.0]
[208.0, 0.0, 972.0, 1018.0]
[96.0, 0.0, 860.0, 1019.0]
[160.0, 0.0, 925.0, 1020.0]
[48.0, 0.0, 814.0, 1021.0]
[16.0, 0.0, 782.0, 1022.0]
[32.0, 0.0, 799.0, 1023.0]
[144.0, 0.0, 912.0, 1024.0]
