[96.0, 64.0, 813.0, 602.0]
[64.0, 80.0, 782.0, 618.0]
[80.0, 64.0, 799.0, 603.0]
[64.0, 16.0, 784.0, 556.0]
[0.0, 48.0, 721.0, 589.0]
[64.0, 64.0, 786.0, 606.0]
[0.0, 96.0, 723.0, 638.0]
[96.0, 64.0, 820.0, 607.0]
[16.0, 48.0, 741.0, 592.0]
[32.0, 48.0, 758.0, 592.0]
[80.0, 48.0, 807.0, 593.0]
[80.0, 80.0, 808.0, 626.0]
[112.0, 48.0, 841.0, 595.0]
[48.0, 64.0, 778.0, 612.0]
[16.0, 80.0, 747.0, 628.0]
[96.0, 32.0, 828.0, 581.0]
[96.0, 32.0, 829.0, 582.0]
[48.0, 48.0, 782.0, 598.0]
[80.0, 0.0, 815.0, 551.0]
[96.0, 80.0, 832.0, 632.0]
[128.0, 32.0, 865.0, 585.0]
[16.0, 32.0, 754.0, 586.0]
[48.0, 48.0, 787.0, 602.0]
[80.0, 48.0, 820.0, 603.0]
[48.0, 0.0, 789.0, 556.0]
[80.0, 48.0, 822.0, 604.0]
[64.0, 48.0, 807.0, 605.0]
[32.0, 80.0, 776.0, 638.0]
[48.0, 80.0, 793.0, 639.0]
[64.0, 80.0, 810.0, 640.0]
[64.0, 48.0, 811.0, 608.0]
[32.0, 96.0, 780.0, 657.0]
[32.0, 32.0, 781.0, 594.0]
[64.0, 80.0, 814.0, 642.0]
[0.0, 48.0, 751.0, 611.0]
[48.0, 16.0, 800.0, 580.0]
[32.0, 48.0, 785.0, 613.0]
[96.0, 16.0, 850.0, 582.0]
[64.0, 96.0, 819.0, 662.0]
[64.0, 16.0, 820.0, 583.0]
[64.0, 0.0, 821.0, 568.0]
[96.0, 48.0, 854.0, 616.0]
[32.0, 64.0, 791.0, 633.0]
[32.0, 16.0, 792.0, 586.0]
[48.0, 96.0, 809.0, 667.0]
[64.0, 80.0, 826.0, 652.0]
[48.0, 0.0, 811.0, 572.0]
[0.0, 0.0, 764.0, 573.0]
[64.0, 32.0, 829.0, 606.0]
[48.0, 64.0, 814.0, 638.0]
[48.0, 80.0, 815.0, 655.0]
[0.0, 96.0, 768.0, 672.0]
[48.0, 16.0, 817.0, 593.0]
[16.0, 96.0, 786.0, 674.0]
[80.0, 32.0, 851.0, 610.0]
[32.0, 0.0, 804.0, 579.0]
[64.0, 48.0, 837.0, 628.0]
[0.0, 80.0, 774.0, 660.0]
[80.0, 64.0, 855.0, 645.0]
[0.0, 32.0, 776.0, 614.0]
[16.0, 80.0, 793.0, 663.0]
[48.0, 48.0, 826.0, 632.0]
[64.0, 0.0, 843.0, 584.0]
[0.0, 64.0, 780.0, 649.0]
[0.0, 32.0, 781.0, 618.0]
[32.0, 64.0, 814.0, 650.0]
[64.0, 64.0, 847.0, 651.0]
[112.0, 32.0, 896.0, 620.0]
[96.0, 48.0, 881.0, 637.0]
[0.0, 48.0, 786.0, 638.0]
[16.0, 0.0, 803.0, 590.0]
[0.0, 0.0, 788.0, 591.0]
[16.0, 16.0, 805.0, 608.0]
[96.0, 16.0, 886.0, 608.0]
[48.0, 64.0, 839.0, 657.0]
[64.0, 64.0, 856.0, 658.0]
[16.0, 48.0, 809.0, 643.0]
[0.0, 48.0, 794.0, 644.0]
[16.0, 48.0, 811.0, 644.0]
[0.0, 64.0, 796.0, 661.0]
[32.0, 32.0, 829.0, 630.0]
[16.0, 48.0, 814.0, 646.0]
[48.0, 16.0, 847.0, 615.0]
[96.0, 32.0, 896.0, 632.0]
[32.0, 64.0, 833.0, 665.0]
[32.0, 64.0, 834.0, 666.0]
[16.0, 0.0, 819.0, 602.0]
[96.0, 16.0, 900.0, 619.0]
[48.0, 48.0, 853.0, 652.0]
[16.0, 16.0, 822.0, 620.0]
[16.0, 0.0, 823.0, 605.0]
[48.0, 0.0, 856.0, 606.0]
[48.0, 0.0, 857.0, 607.0]
[48.0, 16.0, 858.0, 624.0]
[0.0, 0.0, 811.0, 608.0]
[64.0, 48.0, 876.0, 657.0]
[0.0, 32.0, 813.0, 642.0]
[48.0, 64.0, 862.0, 674.0]
[80.0, 0.0, 895.0, 611.0]
[16.0, 64.0, 832.0, 676.0]
[16.0, 0.0, 833.0, 613.0]
[16.0, 16.0, 834.0, 630.0]
[16.0, 64.0, 835.0, 678.0]
[48.0, 32.0, 868.0, 647.0]
[0.0, 16.0, 821.0, 632.0]
[64.0, 0.0, 886.0, 616.0]
[80.0, 32.0, 903.0, 649.0]
[32.0, 32.0, 856.0, 650.0]
[0.0, 32.0, 825.0, 651.0]
[48.0, 32.0, 874.0, 652.0]
[16.0, 48.0, 843.0, 668.0]
[48.0, 32.0, 876.0, 653.0]
[48.0, 48.0, 877.0, 670.0]
[32.0, 16.0, 862.0, 638.0]
[32.0, 32.0, 863.0, 655.0]
[16.0, 32.0, 848.0, 656.0]
[0.0, 48.0, 833.0, 673.0]
[32.0, 0.0, 866.0, 626.0]
[64.0, 0.0, 899.0, 626.0]
[64.0, 16.0, 900.0, 643.0]
[48.0, 16.0, 885.0, 644.0]
[16.0, 16.0, 854.0, 644.0]
[48.0, 32.0, 887.0, 661.0]
[0.0, 16.0, 840.0, 646.0]
[48.0, 0.0, 889.0, 631.0]
[0.0, 32.0, 842.0, 664.0]
[0.0, 16.0, 843.0, 648.0]
[48.0, 16.0, 892.0, 649.0]
[16.0, 32.0, 861.0, 666.0]
[48.0, 32.0, 894.0, 666.0]
[48.0, 32.0, 895.0, 667.0]
[16.0, 32.0, 864.0, 668.0]
[48.0, 16.0, 897.0, 653.0]
[16.0, 32.0, 866.0, 670.0]
[16.0, 0.0, 867.0, 638.0]
[16.0, 0.0, 868.0, 639.0]
[32.0, 16.0, 885.0, 656.0]
[48.0, 0.0, 902.0, 640.0]
[32.0, 0.0, 887.0, 641.0]
[32.0, 16.0, 888.0, 658.0]
[32.0, 32.0, 889.0, 675.0]
[48.0, 16.0, 906.0, 660.0]
[48.0, 16.0, 907.0, 660.0]
[16.0, 16.0, 876.0, 661.0]
[0.0, 16.0, 861.0, 662.0]
[0.0, 0.0, 862.0, 646.0]
[32.0, 16.0, 895.0, 663.0]
[0.0, 0.0, 864.0, 648.0]
[16.0, 16.0, 881.0, 665.0]
