[48.0, 48.0, 765.0, 586.0]
[112.0, 64.0, 830.0, 602.0]
[48.0, 80.0, 767.0, 619.0]
[96.0, 32.0, 816.0, 572.0]
[80.0, 64.0, 801.0, 605.0]
[96.0, 96.0, 818.0, 638.0]
[80.0, 64.0, 803.0, 606.0]
[80.0, 48.0, 804.0, 591.0]
[16.0, 80.0, 741.0, 624.0]
[80.0, 64.0, 806.0, 608.0]
[32.0, 48.0, 759.0, 593.0]
[16.0, 96.0, 744.0, 642.0]
[112.0, 0.0, 841.0, 547.0]
[112.0, 80.0, 842.0, 628.0]
[48.0, 64.0, 779.0, 612.0]
[64.0, 32.0, 796.0, 581.0]
[0.0, 64.0, 733.0, 614.0]
[48.0, 80.0, 782.0, 630.0]
[80.0, 96.0, 815.0, 647.0]
[80.0, 48.0, 816.0, 600.0]
[112.0, 80.0, 849.0, 633.0]
[32.0, 80.0, 770.0, 634.0]
[0.0, 48.0, 739.0, 602.0]
[64.0, 96.0, 804.0, 651.0]
[96.0, 96.0, 837.0, 652.0]
[96.0, 48.0, 838.0, 604.0]
[112.0, 0.0, 855.0, 557.0]
[32.0, 16.0, 776.0, 574.0]
[48.0, 80.0, 793.0, 639.0]
[0.0, 32.0, 746.0, 592.0]
[0.0, 64.0, 747.0, 624.0]
[80.0, 16.0, 828.0, 577.0]
[80.0, 96.0, 829.0, 658.0]
[0.0, 32.0, 750.0, 594.0]
[32.0, 48.0, 783.0, 611.0]
[16.0, 32.0, 768.0, 596.0]
[48.0, 64.0, 801.0, 629.0]
[0.0, 0.0, 754.0, 566.0]
[16.0, 80.0, 771.0, 646.0]
[48.0, 64.0, 804.0, 631.0]
[64.0, 16.0, 821.0, 584.0]
[80.0, 96.0, 838.0, 664.0]
[16.0, 16.0, 775.0, 585.0]
[32.0, 16.0, 792.0, 586.0]
[0.0, 0.0, 761.0, 571.0]
[16.0, 96.0, 778.0, 668.0]
[16.0, 32.0, 779.0, 604.0]
[64.0, 16.0, 828.0, 589.0]
[48.0, 80.0, 813.0, 654.0]
[96.0, 0.0, 862.0, 574.0]
[32.0, 0.0, 799.0, 575.0]
[0.0, 32.0, 768.0, 608.0]
[80.0, 64.0, 849.0, 641.0]
[80.0, 48.0, 850.0, 626.0]
[0.0, 0.0, 771.0, 578.0]
[16.0, 96.0, 788.0, 675.0]
[64.0, 16.0, 837.0, 596.0]
[0.0, 80.0, 774.0, 660.0]
[64.0, 32.0, 839.0, 613.0]
[80.0, 48.0, 856.0, 630.0]
[48.0, 0.0, 825.0, 583.0]
[48.0, 80.0, 826.0, 664.0]
[64.0, 0.0, 843.0, 584.0]
[80.0, 16.0, 860.0, 601.0]
[16.0, 16.0, 797.0, 602.0]
[48.0, 48.0, 830.0, 634.0]
[16.0, 48.0, 799.0, 635.0]
[48.0, 16.0, 832.0, 604.0]
[0.0, 80.0, 785.0, 669.0]
[16.0, 64.0, 802.0, 654.0]
[64.0, 80.0, 851.0, 670.0]
[16.0, 0.0, 804.0, 591.0]
[48.0, 16.0, 837.0, 608.0]
[64.0, 80.0, 854.0, 672.0]
[0.0, 48.0, 791.0, 641.0]
[0.0, 16.0, 792.0, 610.0]
[48.0, 64.0, 841.0, 659.0]
[64.0, 64.0, 858.0, 660.0]
[16.0, 48.0, 811.0, 644.0]
[64.0, 80.0, 860.0, 677.0]
[0.0, 0.0, 797.0, 598.0]
[16.0, 48.0, 814.0, 646.0]
[48.0, 48.0, 847.0, 647.0]
[48.0, 80.0, 848.0, 680.0]
[48.0, 48.0, 849.0, 649.0]
[16.0, 64.0, 818.0, 666.0]
[0.0, 64.0, 803.0, 666.0]
[48.0, 32.0, 852.0, 635.0]
[32.0, 64.0, 837.0, 668.0]
[48.0, 32.0, 854.0, 636.0]
[32.0, 16.0, 839.0, 621.0]
[32.0, 48.0, 840.0, 654.0]
[32.0, 32.0, 841.0, 639.0]
[32.0, 48.0, 842.0, 656.0]
[48.0, 16.0, 859.0, 624.0]
[48.0, 64.0, 860.0, 673.0]
[32.0, 0.0, 845.0, 610.0]
[0.0, 48.0, 814.0, 658.0]
[16.0, 16.0, 831.0, 627.0]
[0.0, 48.0, 816.0, 660.0]
