[0.0, 64.0, 717.0, 602.0]
[80.0, 128.0, 798.0, 666.0]
[80.0, 112.0, 799.0, 651.0]
[16.0, 112.0, 736.0, 652.0]
[32.0, 96.0, 753.0, 637.0]
[0.0, 128.0, 722.0, 670.0]
[48.0, 112.0, 771.0, 654.0]
[48.0, 112.0, 772.0, 655.0]
[96.0, 96.0, 821.0, 640.0]
[96.0, 112.0, 822.0, 656.0]
[64.0, 80.0, 791.0, 625.0]
[32.0, 96.0, 760.0, 642.0]
[80.0, 80.0, 809.0, 627.0]
[32.0, 96.0, 762.0, 644.0]
[0.0, 112.0, 731.0, 660.0]
[0.0, 112.0, 732.0, 661.0]
[32.0, 80.0, 765.0, 630.0]
[64.0, 128.0, 798.0, 678.0]
[16.0, 48.0, 751.0, 599.0]
[0.0, 128.0, 736.0, 680.0]
[96.0, 96.0, 833.0, 649.0]
[0.0, 64.0, 738.0, 618.0]
[48.0, 112.0, 787.0, 666.0]
[48.0, 64.0, 788.0, 619.0]
[16.0, 112.0, 757.0, 668.0]
[16.0, 96.0, 758.0, 652.0]
[0.0, 64.0, 743.0, 621.0]
[16.0, 96.0, 760.0, 654.0]
[32.0, 112.0, 777.0, 671.0]
[80.0, 112.0, 826.0, 672.0]
[0.0, 64.0, 747.0, 624.0]
[16.0, 96.0, 764.0, 657.0]
[48.0, 96.0, 797.0, 658.0]
[48.0, 96.0, 798.0, 658.0]
[16.0, 80.0, 767.0, 643.0]
[96.0, 112.0, 848.0, 676.0]
[64.0, 112.0, 817.0, 677.0]
[96.0, 112.0, 850.0, 678.0]
[64.0, 96.0, 819.0, 662.0]
[0.0, 64.0, 756.0, 631.0]
[48.0, 80.0, 805.0, 648.0]
[16.0, 48.0, 774.0, 616.0]
[16.0, 64.0, 775.0, 633.0]
[80.0, 112.0, 840.0, 682.0]
[0.0, 64.0, 761.0, 635.0]
[48.0, 96.0, 810.0, 668.0]
[0.0, 96.0, 763.0, 668.0]
[64.0, 96.0, 828.0, 669.0]
[48.0, 96.0, 813.0, 670.0]
[48.0, 80.0, 814.0, 654.0]
[16.0, 96.0, 783.0, 671.0]
[16.0, 48.0, 784.0, 624.0]
[64.0, 64.0, 833.0, 641.0]
[32.0, 96.0, 802.0, 674.0]
[16.0, 96.0, 787.0, 674.0]
[0.0, 80.0, 772.0, 659.0]
[80.0, 96.0, 853.0, 676.0]
[48.0, 96.0, 822.0, 676.0]
[80.0, 96.0, 855.0, 677.0]
[32.0, 96.0, 808.0, 678.0]
[0.0, 96.0, 777.0, 679.0]
[48.0, 80.0, 826.0, 664.0]
[16.0, 96.0, 795.0, 680.0]
[32.0, 48.0, 812.0, 633.0]
[0.0, 80.0, 781.0, 666.0]
[32.0, 96.0, 814.0, 682.0]
[0.0, 96.0, 783.0, 683.0]
[32.0, 80.0, 816.0, 668.0]
[32.0, 80.0, 817.0, 669.0]
[48.0, 64.0, 834.0, 654.0]
[0.0, 64.0, 787.0, 654.0]
[32.0, 80.0, 820.0, 671.0]
[64.0, 80.0, 853.0, 672.0]
[16.0, 48.0, 806.0, 640.0]
[16.0, 80.0, 807.0, 673.0]
[32.0, 48.0, 824.0, 642.0]
[32.0, 64.0, 825.0, 659.0]
[0.0, 64.0, 794.0, 660.0]
[16.0, 48.0, 811.0, 644.0]
[16.0, 48.0, 812.0, 645.0]
[48.0, 48.0, 845.0, 646.0]
[48.0, 64.0, 846.0, 662.0]
[48.0, 64.0, 847.0, 663.0]
[48.0, 64.0, 848.0, 664.0]
[48.0, 80.0, 849.0, 681.0]
[16.0, 80.0, 818.0, 682.0]
[0.0, 48.0, 803.0, 650.0]
[16.0, 64.0, 820.0, 667.0]
[32.0, 80.0, 837.0, 684.0]
[32.0, 48.0, 838.0, 652.0]
[16.0, 64.0, 823.0, 669.0]
[16.0, 64.0, 824.0, 670.0]
[0.0, 64.0, 809.0, 671.0]
[0.0, 48.0, 810.0, 656.0]
[32.0, 64.0, 843.0, 672.0]
[16.0, 64.0, 828.0, 673.0]
[0.0, 64.0, 813.0, 674.0]
[32.0, 64.0, 846.0, 674.0]
[0.0, 48.0, 815.0, 659.0]
[16.0, 64.0, 832.0, 676.0]
