[144.0, 128.0, 861.0, 666.0]
[128.0, 96.0, 846.0, 634.0]
[192.0, 112.0, 911.0, 651.0]
[144.0, 128.0, 864.0, 668.0]
[192.0, 96.0, 913.0, 637.0]
[96.0, 112.0, 818.0, 654.0]
[176.0, 96.0, 899.0, 638.0]
[160.0, 128.0, 884.0, 671.0]
[80.0, 128.0, 805.0, 672.0]
[208.0, 128.0, 934.0, 672.0]
[176.0, 128.0, 903.0, 673.0]
[192.0, 128.0, 920.0, 674.0]
[160.0, 112.0, 889.0, 659.0]
[112.0, 128.0, 842.0, 676.0]
[128.0, 96.0, 859.0, 644.0]
[160.0, 80.0, 892.0, 629.0]
[112.0, 96.0, 845.0, 646.0]
[128.0, 80.0, 862.0, 630.0]
[144.0, 96.0, 879.0, 647.0]
[80.0, 128.0, 816.0, 680.0]
[192.0, 128.0, 929.0, 681.0]
[176.0, 96.0, 914.0, 650.0]
[80.0, 128.0, 819.0, 682.0]
[192.0, 96.0, 932.0, 651.0]
[160.0, 96.0, 901.0, 652.0]
[112.0, 96.0, 854.0, 652.0]
[112.0, 112.0, 855.0, 669.0]
[112.0, 112.0, 856.0, 670.0]
[176.0, 96.0, 921.0, 655.0]
[96.0, 112.0, 842.0, 672.0]
[160.0, 96.0, 907.0, 656.0]
[144.0, 96.0, 892.0, 657.0]
[112.0, 80.0, 861.0, 642.0]
[144.0, 80.0, 894.0, 642.0]
[112.0, 80.0, 863.0, 643.0]
[160.0, 96.0, 912.0, 660.0]
[96.0, 96.0, 849.0, 661.0]
[128.0, 112.0, 882.0, 678.0]
[160.0, 112.0, 915.0, 678.0]
[128.0, 80.0, 884.0, 647.0]
[128.0, 96.0, 885.0, 664.0]
[128.0, 96.0, 886.0, 664.0]
[112.0, 96.0, 871.0, 665.0]
[128.0, 64.0, 888.0, 634.0]
[144.0, 80.0, 905.0, 651.0]
[128.0, 96.0, 890.0, 668.0]
[112.0, 96.0, 875.0, 668.0]
[160.0, 80.0, 924.0, 653.0]
[128.0, 96.0, 893.0, 670.0]
[144.0, 96.0, 910.0, 670.0]
[96.0, 96.0, 863.0, 671.0]
[96.0, 96.0, 864.0, 672.0]
[144.0, 64.0, 913.0, 641.0]
[128.0, 48.0, 898.0, 626.0]
[128.0, 80.0, 899.0, 658.0]
[128.0, 96.0, 900.0, 675.0]
[80.0, 96.0, 853.0, 676.0]
[112.0, 64.0, 886.0, 644.0]
[96.0, 80.0, 871.0, 661.0]
[144.0, 80.0, 920.0, 662.0]
[160.0, 96.0, 937.0, 679.0]
[128.0, 96.0, 906.0, 680.0]
[112.0, 64.0, 891.0, 648.0]
[128.0, 64.0, 908.0, 649.0]
[160.0, 96.0, 941.0, 682.0]
[96.0, 64.0, 878.0, 650.0]
[128.0, 80.0, 911.0, 667.0]
[144.0, 80.0, 928.0, 668.0]
[96.0, 64.0, 881.0, 653.0]
[144.0, 64.0, 930.0, 654.0]
[96.0, 64.0, 883.0, 654.0]
[128.0, 48.0, 916.0, 639.0]
[112.0, 64.0, 901.0, 656.0]
[128.0, 80.0, 918.0, 672.0]
[96.0, 80.0, 887.0, 673.0]
[96.0, 80.0, 888.0, 674.0]
[80.0, 64.0, 873.0, 659.0]
[112.0, 48.0, 906.0, 644.0]
[112.0, 48.0, 907.0, 644.0]
[96.0, 64.0, 892.0, 661.0]
[80.0, 64.0, 877.0, 662.0]
[96.0, 64.0, 894.0, 662.0]
[128.0, 48.0, 927.0, 647.0]
[128.0, 64.0, 928.0, 664.0]
[112.0, 80.0, 913.0, 681.0]
[96.0, 48.0, 898.0, 650.0]
[80.0, 64.0, 883.0, 666.0]
[80.0, 80.0, 884.0, 683.0]
[128.0, 64.0, 933.0, 668.0]
[128.0, 48.0, 934.0, 652.0]
[112.0, 48.0, 919.0, 653.0]
[80.0, 64.0, 888.0, 670.0]
[128.0, 48.0, 937.0, 655.0]
[80.0, 48.0, 890.0, 656.0]
[112.0, 48.0, 923.0, 656.0]
[112.0, 64.0, 924.0, 673.0]
[80.0, 48.0, 893.0, 658.0]
[128.0, 64.0, 942.0, 674.0]
[80.0, 48.0, 895.0, 659.0]
[80.0, 64.0, 896.0, 676.0]
