[80.0, 64.0, 821.0, 620.0]
[80.0, 48.0, 822.0, 604.0]
[224.0, 80.0, 967.0, 637.0]
[208.0, 96.0, 952.0, 654.0]
[192.0, 64.0, 937.0, 623.0]
[64.0, 64.0, 810.0, 624.0]
[48.0, 48.0, 795.0, 608.0]
[192.0, 64.0, 940.0, 625.0]
[176.0, 64.0, 925.0, 626.0]
[240.0, 64.0, 990.0, 626.0]
[64.0, 48.0, 815.0, 611.0]
[224.0, 64.0, 976.0, 628.0]
[96.0, 48.0, 849.0, 613.0]
[176.0, 32.0, 930.0, 598.0]
[208.0, 64.0, 963.0, 630.0]
[176.0, 80.0, 932.0, 647.0]
[144.0, 96.0, 901.0, 664.0]
[96.0, 80.0, 854.0, 648.0]
[176.0, 16.0, 935.0, 585.0]
[144.0, 32.0, 904.0, 602.0]
[208.0, 48.0, 969.0, 619.0]
[64.0, 80.0, 826.0, 652.0]
[80.0, 16.0, 843.0, 588.0]
[160.0, 64.0, 924.0, 637.0]
[64.0, 16.0, 829.0, 590.0]
[128.0, 48.0, 894.0, 622.0]
[176.0, 32.0, 943.0, 607.0]
[112.0, 16.0, 880.0, 592.0]
[112.0, 16.0, 881.0, 593.0]
[64.0, 64.0, 834.0, 642.0]
[48.0, 48.0, 819.0, 626.0]
[32.0, 48.0, 804.0, 627.0]
[112.0, 32.0, 885.0, 612.0]
[224.0, 64.0, 998.0, 644.0]
[64.0, 48.0, 839.0, 629.0]
[176.0, 16.0, 952.0, 598.0]
[240.0, 64.0, 1017.0, 647.0]
[32.0, 32.0, 810.0, 616.0]
[16.0, 48.0, 795.0, 632.0]
[80.0, 32.0, 860.0, 617.0]
[112.0, 64.0, 893.0, 650.0]
[96.0, 48.0, 878.0, 634.0]
[192.0, 80.0, 975.0, 667.0]
[48.0, 64.0, 832.0, 652.0]
[48.0, 64.0, 833.0, 653.0]
[32.0, 32.0, 818.0, 622.0]
[144.0, 64.0, 931.0, 654.0]
[112.0, 48.0, 900.0, 639.0]
[64.0, 0.0, 853.0, 592.0]
[160.0, 0.0, 950.0, 592.0]
[16.0, 80.0, 807.0, 673.0]
[32.0, 16.0, 824.0, 610.0]
[112.0, 16.0, 905.0, 611.0]
[64.0, 64.0, 858.0, 660.0]
[0.0, 16.0, 795.0, 612.0]
[64.0, 80.0, 860.0, 677.0]
[224.0, 64.0, 1021.0, 662.0]
[112.0, 0.0, 910.0, 598.0]
[16.0, 16.0, 815.0, 615.0]
[112.0, 48.0, 912.0, 648.0]
[96.0, 64.0, 897.0, 665.0]
[64.0, 80.0, 866.0, 682.0]
[48.0, 48.0, 851.0, 650.0]
[48.0, 64.0, 852.0, 667.0]
[144.0, 64.0, 949.0, 668.0]
[160.0, 48.0, 966.0, 652.0]
[176.0, 16.0, 983.0, 621.0]
[128.0, 0.0, 936.0, 606.0]
[48.0, 0.0, 857.0, 607.0]
[176.0, 48.0, 986.0, 656.0]
[128.0, 32.0, 939.0, 640.0]
[16.0, 16.0, 828.0, 625.0]
[160.0, 16.0, 973.0, 626.0]
[192.0, 16.0, 1006.0, 626.0]
[112.0, 32.0, 927.0, 643.0]
[128.0, 0.0, 944.0, 612.0]
[32.0, 32.0, 849.0, 645.0]
[112.0, 16.0, 930.0, 630.0]
[144.0, 0.0, 963.0, 614.0]
[48.0, 48.0, 868.0, 663.0]
[144.0, 64.0, 965.0, 680.0]
[144.0, 48.0, 966.0, 664.0]
[160.0, 48.0, 983.0, 665.0]
[48.0, 32.0, 872.0, 650.0]
[32.0, 0.0, 857.0, 619.0]
[112.0, 16.0, 938.0, 636.0]
[192.0, 32.0, 1019.0, 652.0]
[112.0, 32.0, 940.0, 653.0]
[128.0, 32.0, 957.0, 654.0]
[32.0, 48.0, 862.0, 670.0]
[112.0, 32.0, 943.0, 655.0]
[160.0, 48.0, 992.0, 672.0]
[128.0, 0.0, 961.0, 625.0]
[48.0, 0.0, 882.0, 626.0]
[0.0, 48.0, 835.0, 674.0]
[0.0, 0.0, 836.0, 627.0]
[0.0, 32.0, 837.0, 660.0]
[32.0, 0.0, 870.0, 628.0]
[0.0, 0.0, 839.0, 629.0]
[128.0, 16.0, 968.0, 646.0]
[144.0, 32.0, 985.0, 663.0]
[112.0, 0.0, 954.0, 632.0]
[128.0, 48.0, 971.0, 680.0]
[96.0, 16.0, 940.0, 649.0]
[80.0, 48.0, 925.0, 682.0]
[176.0, 48.0, 1022.0, 682.0]
[160.0, 32.0, 1007.0, 667.0]
[176.0, 0.0, 1024.0, 636.0]
[32.0, 0.0, 881.0, 637.0]
[128.0, 32.0, 978.0, 670.0]
[160.0, 16.0, 1011.0, 654.0]
[48.0, 16.0, 900.0, 655.0]
[144.0, 32.0, 997.0, 672.0]
[64.0, 32.0, 918.0, 672.0]
[112.0, 32.0, 967.0, 673.0]
[32.0, 0.0, 888.0, 642.0]
[96.0, 32.0, 953.0, 675.0]
[96.0, 16.0, 954.0, 660.0]
[112.0, 0.0, 971.0, 644.0]
[64.0, 0.0, 924.0, 645.0]
[80.0, 16.0, 941.0, 662.0]
[144.0, 32.0, 1006.0, 678.0]
[32.0, 0.0, 895.0, 647.0]
[64.0, 0.0, 928.0, 648.0]
[48.0, 0.0, 913.0, 649.0]
[16.0, 16.0, 882.0, 666.0]
[96.0, 32.0, 963.0, 682.0]
[48.0, 32.0, 916.0, 683.0]
[32.0, 16.0, 901.0, 668.0]
[32.0, 16.0, 902.0, 668.0]
[80.0, 16.0, 951.0, 669.0]
[48.0, 16.0, 920.0, 670.0]
[32.0, 16.0, 905.0, 671.0]
[144.0, 16.0, 1018.0, 672.0]
[64.0, 0.0, 939.0, 656.0]
[112.0, 0.0, 988.0, 657.0]
[0.0, 16.0, 877.0, 674.0]
[0.0, 0.0, 878.0, 658.0]
[64.0, 16.0, 943.0, 675.0]
[128.0, 16.0, 1008.0, 676.0]
[48.0, 16.0, 929.0, 677.0]
[48.0, 16.0, 930.0, 678.0]
[128.0, 16.0, 1011.0, 678.0]
[16.0, 16.0, 900.0, 679.0]
[112.0, 16.0, 997.0, 680.0]
[0.0, 0.0, 886.0, 664.0]
[96.0, 16.0, 983.0, 681.0]
[16.0, 0.0, 904.0, 666.0]
[64.0, 16.0, 953.0, 683.0]
[112.0, 0.0, 1002.0, 668.0]
[64.0, 0.0, 955.0, 668.0]
[0.0, 0.0, 892.0, 669.0]
[96.0, 0.0, 989.0, 670.0]
[16.0, 0.0, 910.0, 670.0]
[96.0, 0.0, 991.0, 671.0]
[64.0, 0.0, 960.0, 672.0]
[48.0, 0.0, 945.0, 673.0]
[0.0, 0.0, 898.0, 674.0]
[80.0, 0.0, 979.0, 674.0]
[112.0, 0.0, 1012.0, 675.0]
[48.0, 0.0, 949.0, 676.0]
[112.0, 0.0, 1014.0, 676.0]
[112.0, 0.0, 1015.0, 677.0]
[80.0, 0.0, 984.0, 678.0]
[32.0, 0.0, 937.0, 679.0]
[48.0, 0.0, 954.0, 680.0]
[80.0, 0.0, 987.0, 680.0]
[112.0, 0.0, 1020.0, 681.0]
[112.0, 0.0, 1021.0, 682.0]
[48.0, 0.0, 958.0, 682.0]
[112.0, 0.0, 1023.0, 683.0]
