[272.0, 64.0, 989.0, 602.0]
[192.0, 32.0, 910.0, 570.0]
[176.0, 48.0, 895.0, 587.0]
[240.0, 48.0, 960.0, 588.0]
[176.0, 16.0, 897.0, 557.0]
[192.0, 32.0, 914.0, 574.0]
[288.0, 32.0, 1011.0, 574.0]
[288.0, 48.0, 1012.0, 591.0]
[240.0, 64.0, 965.0, 608.0]
[176.0, 16.0, 902.0, 560.0]
[160.0, 16.0, 887.0, 561.0]
[240.0, 64.0, 968.0, 610.0]
[192.0, 32.0, 921.0, 579.0]
[224.0, 16.0, 954.0, 564.0]
[128.0, 32.0, 859.0, 580.0]
[208.0, 32.0, 940.0, 581.0]
[224.0, 80.0, 957.0, 630.0]
[160.0, 48.0, 894.0, 598.0]
[240.0, 0.0, 975.0, 551.0]
[208.0, 48.0, 944.0, 600.0]
[272.0, 0.0, 1009.0, 553.0]
[224.0, 64.0, 962.0, 618.0]
[224.0, 32.0, 963.0, 586.0]
[128.0, 32.0, 868.0, 587.0]
[208.0, 16.0, 949.0, 572.0]
[176.0, 0.0, 918.0, 556.0]
[160.0, 48.0, 903.0, 605.0]
[208.0, 80.0, 952.0, 638.0]
[256.0, 64.0, 1001.0, 623.0]
[144.0, 16.0, 890.0, 576.0]
[208.0, 0.0, 955.0, 560.0]
[224.0, 16.0, 972.0, 577.0]
[256.0, 48.0, 1005.0, 610.0]
[176.0, 16.0, 926.0, 578.0]
[256.0, 32.0, 1007.0, 595.0]
[256.0, 48.0, 1008.0, 612.0]
[240.0, 80.0, 993.0, 645.0]
[224.0, 16.0, 978.0, 582.0]
[176.0, 16.0, 931.0, 582.0]
[128.0, 16.0, 884.0, 583.0]
[224.0, 64.0, 981.0, 632.0]
[160.0, 48.0, 918.0, 616.0]
[144.0, 32.0, 903.0, 601.0]
[224.0, 48.0, 984.0, 618.0]
[208.0, 64.0, 969.0, 635.0]
[192.0, 48.0, 954.0, 620.0]
[160.0, 0.0, 923.0, 572.0]
[208.0, 32.0, 972.0, 605.0]
[144.0, 0.0, 909.0, 574.0]
[192.0, 64.0, 958.0, 638.0]
[192.0, 64.0, 959.0, 639.0]
[224.0, 0.0, 992.0, 576.0]
[224.0, 16.0, 993.0, 593.0]
[240.0, 64.0, 1010.0, 642.0]
[240.0, 0.0, 1011.0, 578.0]
[192.0, 16.0, 964.0, 595.0]
[224.0, 80.0, 997.0, 660.0]
[176.0, 64.0, 950.0, 644.0]
[176.0, 0.0, 951.0, 581.0]
[176.0, 32.0, 952.0, 614.0]
[224.0, 0.0, 1001.0, 583.0]
[224.0, 32.0, 1002.0, 616.0]
[224.0, 16.0, 1003.0, 600.0]
[192.0, 48.0, 972.0, 633.0]
[144.0, 32.0, 925.0, 618.0]
[160.0, 16.0, 942.0, 602.0]
[160.0, 32.0, 943.0, 619.0]
[224.0, 48.0, 1008.0, 636.0]
[224.0, 64.0, 1009.0, 653.0]
[128.0, 0.0, 914.0, 590.0]
[176.0, 16.0, 963.0, 606.0]
[224.0, 48.0, 1012.0, 639.0]
[160.0, 48.0, 949.0, 640.0]
[144.0, 32.0, 934.0, 624.0]
[224.0, 0.0, 1015.0, 593.0]
[160.0, 16.0, 952.0, 610.0]
[128.0, 0.0, 921.0, 595.0]
[192.0, 16.0, 986.0, 612.0]
[208.0, 32.0, 1003.0, 628.0]
[176.0, 32.0, 972.0, 629.0]
[176.0, 64.0, 973.0, 662.0]
[176.0, 0.0, 974.0, 598.0]
[192.0, 32.0, 991.0, 631.0]
[224.0, 48.0, 1024.0, 648.0]
[160.0, 32.0, 961.0, 633.0]
[144.0, 32.0, 946.0, 634.0]
[160.0, 32.0, 963.0, 634.0]
[144.0, 0.0, 948.0, 603.0]
[128.0, 32.0, 933.0, 636.0]
[128.0, 16.0, 934.0, 620.0]
[176.0, 64.0, 983.0, 669.0]
[208.0, 48.0, 1016.0, 654.0]
[144.0, 0.0, 953.0, 607.0]
[208.0, 32.0, 1018.0, 640.0]
[144.0, 16.0, 955.0, 624.0]
[192.0, 0.0, 1004.0, 609.0]
[160.0, 32.0, 973.0, 642.0]
[128.0, 0.0, 942.0, 610.0]
[208.0, 16.0, 1023.0, 627.0]
[160.0, 48.0, 976.0, 660.0]
[144.0, 16.0, 961.0, 629.0]
[128.0, 16.0, 946.0, 630.0]
[160.0, 0.0, 979.0, 614.0]
[144.0, 32.0, 964.0, 647.0]
[176.0, 0.0, 997.0, 616.0]
[128.0, 16.0, 950.0, 632.0]
[144.0, 48.0, 967.0, 665.0]
[160.0, 48.0, 984.0, 666.0]
[144.0, 32.0, 969.0, 651.0]
[192.0, 32.0, 1018.0, 652.0]
[160.0, 32.0, 987.0, 652.0]
[192.0, 16.0, 1020.0, 637.0]
[128.0, 32.0, 957.0, 654.0]
[160.0, 0.0, 990.0, 622.0]
[176.0, 0.0, 1007.0, 623.0]
[144.0, 16.0, 976.0, 640.0]
[144.0, 0.0, 977.0, 625.0]
[160.0, 48.0, 994.0, 674.0]
[160.0, 32.0, 995.0, 658.0]
[144.0, 16.0, 980.0, 643.0]
[128.0, 16.0, 965.0, 644.0]
[128.0, 32.0, 966.0, 660.0]
[128.0, 32.0, 967.0, 661.0]
[144.0, 16.0, 984.0, 646.0]
[128.0, 16.0, 969.0, 647.0]
[128.0, 16.0, 970.0, 648.0]
[176.0, 16.0, 1019.0, 648.0]
[128.0, 32.0, 972.0, 665.0]
[160.0, 0.0, 1005.0, 634.0]
[128.0, 16.0, 974.0, 650.0]
[176.0, 16.0, 1023.0, 651.0]
[144.0, 16.0, 992.0, 652.0]
[128.0, 32.0, 977.0, 669.0]
[160.0, 0.0, 1010.0, 638.0]
[160.0, 0.0, 1011.0, 638.0]
[160.0, 0.0, 1012.0, 639.0]
[160.0, 16.0, 1013.0, 656.0]
[160.0, 32.0, 1014.0, 672.0]
[160.0, 32.0, 1015.0, 673.0]
[160.0, 16.0, 1016.0, 658.0]
[144.0, 16.0, 1001.0, 659.0]
[144.0, 0.0, 1002.0, 644.0]
[128.0, 0.0, 987.0, 644.0]
[144.0, 32.0, 1004.0, 677.0]
