[64.0, 16.0, 602.0, 733.0]
[48.0, 0.0, 586.0, 718.0]
[32.0, 80.0, 571.0, 799.0]
[80.0, 80.0, 620.0, 800.0]
[128.0, 16.0, 669.0, 737.0]
[128.0, 32.0, 670.0, 754.0]
[96.0, 64.0, 638.0, 787.0]
[0.0, 32.0, 543.0, 756.0]
[80.0, 0.0, 624.0, 725.0]
[48.0, 112.0, 592.0, 838.0]
[96.0, 0.0, 641.0, 727.0]
[80.0, 48.0, 626.0, 776.0]
[32.0, 80.0, 579.0, 809.0]
[32.0, 16.0, 580.0, 746.0]
[64.0, 112.0, 612.0, 843.0]
[48.0, 16.0, 597.0, 748.0]
[80.0, 16.0, 630.0, 749.0]
[32.0, 32.0, 582.0, 766.0]
[96.0, 48.0, 647.0, 783.0]
[16.0, 96.0, 568.0, 832.0]
[64.0, 32.0, 617.0, 769.0]
[32.0, 80.0, 586.0, 818.0]
[48.0, 32.0, 602.0, 771.0]
[96.0, 64.0, 651.0, 804.0]
[112.0, 0.0, 668.0, 741.0]
[64.0, 0.0, 620.0, 742.0]
[48.0, 32.0, 605.0, 775.0]
[32.0, 112.0, 590.0, 856.0]
[48.0, 48.0, 607.0, 793.0]
[48.0, 80.0, 608.0, 826.0]
[64.0, 0.0, 624.0, 747.0]
[80.0, 48.0, 641.0, 796.0]
[32.0, 80.0, 594.0, 829.0]
[32.0, 16.0, 594.0, 766.0]
[112.0, 16.0, 675.0, 767.0]
[0.0, 16.0, 564.0, 768.0]
[16.0, 16.0, 581.0, 769.0]
[48.0, 96.0, 614.0, 850.0]
[32.0, 32.0, 598.0, 787.0]
[80.0, 16.0, 647.0, 772.0]
[32.0, 128.0, 600.0, 885.0]
[32.0, 96.0, 600.0, 854.0]
[48.0, 64.0, 617.0, 823.0]
[64.0, 48.0, 634.0, 808.0]
[64.0, 0.0, 635.0, 761.0]
[0.0, 80.0, 572.0, 842.0]
[0.0, 16.0, 572.0, 779.0]
[64.0, 32.0, 637.0, 796.0]
[48.0, 96.0, 622.0, 861.0]
[96.0, 48.0, 670.0, 814.0]
[32.0, 32.0, 607.0, 799.0]
[96.0, 0.0, 672.0, 768.0]
[80.0, 0.0, 657.0, 769.0]
[32.0, 48.0, 610.0, 818.0]
[32.0, 0.0, 610.0, 771.0]
[32.0, 96.0, 611.0, 868.0]
[16.0, 32.0, 596.0, 805.0]
[0.0, 64.0, 580.0, 838.0]
[48.0, 64.0, 629.0, 839.0]
[64.0, 80.0, 646.0, 856.0]
[64.0, 0.0, 647.0, 777.0]
[16.0, 32.0, 600.0, 810.0]
[32.0, 96.0, 616.0, 875.0]
[80.0, 32.0, 665.0, 812.0]
[64.0, 32.0, 650.0, 813.0]
[32.0, 48.0, 618.0, 830.0]
[0.0, 80.0, 587.0, 863.0]
[80.0, 0.0, 668.0, 784.0]
[32.0, 112.0, 621.0, 897.0]
[32.0, 80.0, 622.0, 866.0]
[0.0, 64.0, 590.0, 851.0]
[48.0, 32.0, 639.0, 820.0]
[32.0, 32.0, 624.0, 821.0]
[16.0, 48.0, 608.0, 838.0]
[80.0, 48.0, 673.0, 839.0]
[16.0, 16.0, 610.0, 808.0]
[48.0, 80.0, 643.0, 873.0]
[48.0, 0.0, 644.0, 794.0]
[16.0, 80.0, 612.0, 875.0]
[48.0, 64.0, 645.0, 860.0]
[80.0, 16.0, 678.0, 813.0]
[80.0, 32.0, 678.0, 830.0]
[32.0, 0.0, 631.0, 799.0]
[80.0, 16.0, 680.0, 816.0]
[16.0, 96.0, 617.0, 897.0]
[48.0, 80.0, 650.0, 882.0]
[16.0, 16.0, 618.0, 819.0]
[48.0, 48.0, 651.0, 852.0]
[32.0, 96.0, 636.0, 901.0]
[64.0, 48.0, 668.0, 854.0]
[32.0, 0.0, 637.0, 807.0]
[16.0, 80.0, 622.0, 888.0]
[16.0, 64.0, 623.0, 873.0]
[0.0, 0.0, 608.0, 810.0]
[0.0, 48.0, 608.0, 859.0]
[64.0, 32.0, 673.0, 844.0]
[0.0, 16.0, 610.0, 829.0]
[32.0, 32.0, 642.0, 846.0]
[64.0, 0.0, 675.0, 815.0]
[0.0, 16.0, 612.0, 832.0]
[0.0, 0.0, 613.0, 817.0]
[64.0, 32.0, 678.0, 850.0]
[32.0, 16.0, 646.0, 835.0]
[0.0, 80.0, 615.0, 900.0]
[64.0, 32.0, 680.0, 853.0]
[16.0, 48.0, 632.0, 870.0]
[16.0, 32.0, 633.0, 855.0]
[16.0, 32.0, 634.0, 856.0]
[32.0, 32.0, 651.0, 857.0]
[16.0, 0.0, 636.0, 826.0]
[16.0, 16.0, 636.0, 843.0]
[0.0, 48.0, 621.0, 876.0]
[32.0, 64.0, 654.0, 893.0]
[16.0, 48.0, 638.0, 878.0]
[48.0, 16.0, 671.0, 847.0]
[0.0, 64.0, 624.0, 896.0]
[16.0, 16.0, 641.0, 849.0]
[48.0, 32.0, 674.0, 866.0]
[16.0, 32.0, 642.0, 867.0]
[48.0, 0.0, 675.0, 836.0]
[32.0, 16.0, 660.0, 853.0]
[32.0, 48.0, 660.0, 886.0]
[48.0, 0.0, 677.0, 839.0]
[48.0, 32.0, 678.0, 872.0]
[0.0, 64.0, 631.0, 905.0]
[0.0, 0.0, 632.0, 842.0]
[16.0, 16.0, 648.0, 859.0]
[32.0, 0.0, 665.0, 844.0]
[32.0, 48.0, 666.0, 893.0]
[0.0, 48.0, 634.0, 894.0]
[16.0, 16.0, 651.0, 863.0]
[0.0, 48.0, 636.0, 896.0]
[0.0, 32.0, 637.0, 881.0]
[0.0, 0.0, 638.0, 850.0]
[32.0, 48.0, 670.0, 899.0]
[16.0, 0.0, 655.0, 852.0]
[16.0, 0.0, 656.0, 853.0]
[0.0, 0.0, 640.0, 854.0]
[16.0, 16.0, 657.0, 871.0]
[16.0, 32.0, 658.0, 888.0]
[16.0, 16.0, 659.0, 873.0]
[32.0, 48.0, 676.0, 906.0]
[16.0, 0.0, 660.0, 859.0]
[16.0, 0.0, 661.0, 860.0]
[0.0, 0.0, 646.0, 861.0]
[0.0, 32.0, 646.0, 894.0]
[0.0, 0.0, 647.0, 863.0]
[32.0, 32.0, 680.0, 896.0]
