[0.0, 112.0, 538.0, 829.0]
[0.0, 0.0, 538.0, 718.0]
[32.0, 176.0, 571.0, 895.0]
[0.0, 160.0, 540.0, 880.0]
[80.0, 64.0, 621.0, 785.0]
[0.0, 32.0, 542.0, 754.0]
[32.0, 160.0, 574.0, 883.0]
[16.0, 48.0, 559.0, 772.0]
[0.0, 64.0, 544.0, 789.0]
[32.0, 144.0, 576.0, 870.0]
[80.0, 32.0, 625.0, 759.0]
[0.0, 64.0, 546.0, 792.0]
[16.0, 16.0, 563.0, 745.0]
[16.0, 160.0, 564.0, 890.0]
[64.0, 112.0, 612.0, 843.0]
[16.0, 144.0, 565.0, 876.0]
[32.0, 112.0, 582.0, 845.0]
[64.0, 16.0, 614.0, 750.0]
[48.0, 0.0, 599.0, 735.0]
[80.0, 64.0, 632.0, 800.0]
[0.0, 112.0, 553.0, 849.0]
[32.0, 160.0, 586.0, 898.0]
[0.0, 96.0, 554.0, 835.0]
[0.0, 16.0, 555.0, 756.0]
[32.0, 80.0, 588.0, 821.0]
[32.0, 96.0, 588.0, 838.0]
[32.0, 128.0, 589.0, 871.0]
[48.0, 16.0, 606.0, 760.0]
[32.0, 112.0, 591.0, 857.0]
[48.0, 80.0, 608.0, 826.0]
[48.0, 80.0, 608.0, 827.0]
[32.0, 16.0, 593.0, 764.0]
[48.0, 16.0, 610.0, 765.0]
[32.0, 96.0, 594.0, 846.0]
[0.0, 112.0, 563.0, 863.0]
[32.0, 48.0, 596.0, 800.0]
[16.0, 16.0, 581.0, 769.0]
[16.0, 0.0, 582.0, 754.0]
[0.0, 0.0, 566.0, 755.0]
[16.0, 80.0, 583.0, 836.0]
[16.0, 112.0, 584.0, 869.0]
[48.0, 0.0, 616.0, 758.0]
[80.0, 32.0, 649.0, 791.0]
[32.0, 80.0, 602.0, 840.0]
[80.0, 48.0, 651.0, 809.0]
[16.0, 32.0, 588.0, 794.0]
[32.0, 64.0, 604.0, 827.0]
[80.0, 64.0, 653.0, 828.0]
[80.0, 32.0, 654.0, 797.0]
[32.0, 96.0, 606.0, 862.0]
[48.0, 32.0, 623.0, 799.0]
[64.0, 0.0, 640.0, 768.0]
[16.0, 16.0, 593.0, 785.0]
[80.0, 48.0, 658.0, 818.0]
[64.0, 16.0, 642.0, 787.0]
[16.0, 16.0, 595.0, 788.0]
[32.0, 0.0, 612.0, 773.0]
[0.0, 80.0, 580.0, 854.0]
[48.0, 80.0, 629.0, 855.0]
[32.0, 112.0, 614.0, 888.0]
[80.0, 48.0, 663.0, 825.0]
[32.0, 80.0, 616.0, 858.0]
[16.0, 48.0, 600.0, 827.0]
[64.0, 0.0, 649.0, 780.0]
[48.0, 16.0, 634.0, 797.0]
[80.0, 32.0, 666.0, 814.0]
[48.0, 48.0, 635.0, 831.0]
[48.0, 48.0, 636.0, 832.0]
[64.0, 32.0, 653.0, 817.0]
[16.0, 48.0, 606.0, 834.0]
[16.0, 32.0, 606.0, 819.0]
[0.0, 80.0, 591.0, 868.0]
[32.0, 80.0, 624.0, 869.0]
[32.0, 0.0, 624.0, 790.0]
[48.0, 48.0, 641.0, 839.0]
[0.0, 32.0, 594.0, 824.0]
[32.0, 96.0, 627.0, 889.0]
[0.0, 80.0, 596.0, 874.0]
[48.0, 16.0, 644.0, 811.0]
[0.0, 80.0, 597.0, 876.0]
[48.0, 32.0, 646.0, 829.0]
[32.0, 0.0, 630.0, 798.0]
[32.0, 96.0, 631.0, 895.0]
[64.0, 0.0, 664.0, 800.0]
[32.0, 16.0, 633.0, 817.0]
[0.0, 16.0, 602.0, 818.0]
[64.0, 32.0, 666.0, 835.0]
[32.0, 48.0, 635.0, 852.0]
[32.0, 80.0, 636.0, 885.0]
[64.0, 48.0, 668.0, 854.0]
[32.0, 64.0, 637.0, 871.0]
[0.0, 64.0, 606.0, 872.0]
[48.0, 16.0, 655.0, 825.0]
[64.0, 16.0, 672.0, 826.0]
[0.0, 96.0, 608.0, 907.0]
[16.0, 16.0, 625.0, 828.0]
[16.0, 80.0, 626.0, 893.0]
[16.0, 96.0, 626.0, 910.0]
[32.0, 32.0, 643.0, 847.0]
[32.0, 80.0, 644.0, 896.0]
[48.0, 16.0, 661.0, 833.0]
[0.0, 32.0, 614.0, 850.0]
[0.0, 64.0, 614.0, 883.0]
[48.0, 0.0, 663.0, 820.0]
[32.0, 80.0, 648.0, 901.0]
[32.0, 64.0, 648.0, 886.0]
[32.0, 16.0, 649.0, 839.0]
[48.0, 48.0, 666.0, 872.0]
[16.0, 80.0, 635.0, 905.0]
[32.0, 0.0, 652.0, 826.0]
[16.0, 48.0, 636.0, 875.0]
[0.0, 80.0, 621.0, 908.0]
[16.0, 16.0, 638.0, 845.0]
[48.0, 48.0, 670.0, 878.0]
[16.0, 32.0, 639.0, 863.0]
[32.0, 32.0, 656.0, 864.0]
[48.0, 0.0, 673.0, 833.0]
[0.0, 0.0, 626.0, 834.0]
[48.0, 16.0, 674.0, 851.0]
[16.0, 48.0, 643.0, 884.0]
[16.0, 0.0, 644.0, 837.0]
[32.0, 48.0, 660.0, 886.0]
[0.0, 32.0, 629.0, 871.0]
[32.0, 64.0, 662.0, 904.0]
[16.0, 32.0, 647.0, 873.0]
[0.0, 48.0, 632.0, 890.0]
[32.0, 32.0, 664.0, 875.0]
[16.0, 16.0, 649.0, 860.0]
[16.0, 32.0, 650.0, 877.0]
[16.0, 48.0, 650.0, 894.0]
[0.0, 16.0, 635.0, 863.0]
[32.0, 0.0, 668.0, 848.0]
[0.0, 32.0, 637.0, 881.0]
[16.0, 48.0, 654.0, 898.0]
[16.0, 16.0, 654.0, 867.0]
[0.0, 16.0, 639.0, 868.0]
[0.0, 16.0, 640.0, 869.0]
[32.0, 48.0, 672.0, 902.0]
[0.0, 16.0, 641.0, 871.0]
[0.0, 16.0, 642.0, 872.0]
[16.0, 48.0, 659.0, 905.0]
[0.0, 48.0, 644.0, 906.0]
[0.0, 32.0, 644.0, 891.0]
[32.0, 32.0, 677.0, 892.0]
[16.0, 16.0, 662.0, 877.0]
[0.0, 32.0, 646.0, 894.0]
[16.0, 16.0, 663.0, 879.0]
[0.0, 16.0, 648.0, 880.0]
[16.0, 0.0, 665.0, 865.0]
