[16.0, 32.0, 733.0, 570.0]
[80.0, 128.0, 798.0, 666.0]
[16.0, 80.0, 735.0, 619.0]
[32.0, 48.0, 752.0, 588.0]
[144.0, 64.0, 865.0, 605.0]
[144.0, 48.0, 866.0, 590.0]
[0.0, 112.0, 723.0, 654.0]
[112.0, 80.0, 836.0, 623.0]
[96.0, 64.0, 821.0, 608.0]
[0.0, 128.0, 726.0, 672.0]
[144.0, 96.0, 871.0, 641.0]
[96.0, 32.0, 824.0, 578.0]
[144.0, 80.0, 873.0, 627.0]
[32.0, 96.0, 762.0, 644.0]
[48.0, 128.0, 779.0, 676.0]
[80.0, 16.0, 812.0, 565.0]
[48.0, 160.0, 781.0, 710.0]
[96.0, 144.0, 830.0, 694.0]
[112.0, 128.0, 847.0, 679.0]
[16.0, 64.0, 752.0, 616.0]
[64.0, 112.0, 801.0, 665.0]
[0.0, 112.0, 738.0, 666.0]
[32.0, 0.0, 771.0, 554.0]
[144.0, 48.0, 884.0, 603.0]
[128.0, 48.0, 869.0, 604.0]
[48.0, 80.0, 790.0, 636.0]
[32.0, 32.0, 775.0, 589.0]
[128.0, 112.0, 872.0, 670.0]
[32.0, 96.0, 777.0, 655.0]
[96.0, 128.0, 842.0, 688.0]
[48.0, 128.0, 795.0, 688.0]
[80.0, 128.0, 828.0, 689.0]
[80.0, 144.0, 829.0, 706.0]
[64.0, 144.0, 814.0, 706.0]
[96.0, 96.0, 847.0, 659.0]
[16.0, 80.0, 768.0, 644.0]
[80.0, 0.0, 833.0, 565.0]
[48.0, 112.0, 802.0, 678.0]
[80.0, 64.0, 835.0, 630.0]
[32.0, 32.0, 788.0, 599.0]
[64.0, 128.0, 821.0, 696.0]
[112.0, 80.0, 870.0, 648.0]
[112.0, 64.0, 871.0, 633.0]
[64.0, 144.0, 824.0, 714.0]
[48.0, 0.0, 809.0, 571.0]
[112.0, 32.0, 874.0, 604.0]
[32.0, 128.0, 795.0, 700.0]
[48.0, 144.0, 812.0, 717.0]
[64.0, 112.0, 829.0, 686.0]
[64.0, 144.0, 830.0, 718.0]
[16.0, 96.0, 783.0, 671.0]
[48.0, 144.0, 816.0, 720.0]
[80.0, 128.0, 849.0, 705.0]
[64.0, 0.0, 834.0, 578.0]
[96.0, 112.0, 867.0, 690.0]
[112.0, 32.0, 884.0, 611.0]
[0.0, 48.0, 773.0, 628.0]
[144.0, 80.0, 918.0, 660.0]
[32.0, 96.0, 807.0, 677.0]
[64.0, 32.0, 840.0, 614.0]
[48.0, 112.0, 825.0, 695.0]
[0.0, 112.0, 778.0, 696.0]
[48.0, 128.0, 827.0, 712.0]
[144.0, 64.0, 924.0, 649.0]
[64.0, 0.0, 845.0, 586.0]
[48.0, 96.0, 830.0, 682.0]
[48.0, 64.0, 831.0, 651.0]
[0.0, 80.0, 784.0, 668.0]
[80.0, 32.0, 865.0, 621.0]
[128.0, 16.0, 914.0, 606.0]
[128.0, 80.0, 915.0, 670.0]
[96.0, 80.0, 884.0, 671.0]
[32.0, 16.0, 821.0, 608.0]
[48.0, 128.0, 838.0, 720.0]
[16.0, 32.0, 807.0, 625.0]
[144.0, 32.0, 936.0, 626.0]
[80.0, 32.0, 873.0, 627.0]
[0.0, 48.0, 794.0, 644.0]
[32.0, 0.0, 827.0, 596.0]
[48.0, 80.0, 844.0, 677.0]
[16.0, 112.0, 813.0, 710.0]
[80.0, 16.0, 878.0, 614.0]
[48.0, 48.0, 847.0, 647.0]
[80.0, 48.0, 880.0, 648.0]
[96.0, 48.0, 897.0, 649.0]
[16.0, 96.0, 818.0, 698.0]
[16.0, 128.0, 819.0, 730.0]
[32.0, 64.0, 836.0, 667.0]
[32.0, 32.0, 837.0, 636.0]
[48.0, 16.0, 854.0, 620.0]
[128.0, 48.0, 935.0, 653.0]
[48.0, 32.0, 856.0, 638.0]
[16.0, 64.0, 825.0, 671.0]
[80.0, 32.0, 890.0, 640.0]
[96.0, 96.0, 907.0, 704.0]
[48.0, 96.0, 860.0, 705.0]
[32.0, 80.0, 845.0, 690.0]
[128.0, 64.0, 942.0, 674.0]
[128.0, 32.0, 943.0, 643.0]
[128.0, 48.0, 944.0, 660.0]
[80.0, 80.0, 897.0, 693.0]
[32.0, 80.0, 850.0, 694.0]
[48.0, 48.0, 867.0, 662.0]
[48.0, 0.0, 868.0, 615.0]
[64.0, 16.0, 885.0, 632.0]
[96.0, 80.0, 918.0, 696.0]
[16.0, 96.0, 839.0, 713.0]
[96.0, 16.0, 920.0, 634.0]
[32.0, 0.0, 857.0, 619.0]
[0.0, 48.0, 826.0, 668.0]
[96.0, 0.0, 923.0, 620.0]
[80.0, 32.0, 908.0, 653.0]
[16.0, 0.0, 845.0, 622.0]
[128.0, 48.0, 958.0, 670.0]
[80.0, 64.0, 911.0, 687.0]
[0.0, 112.0, 832.0, 736.0]
[80.0, 64.0, 913.0, 689.0]
[48.0, 96.0, 882.0, 722.0]
[16.0, 48.0, 851.0, 674.0]
[80.0, 80.0, 916.0, 707.0]
[112.0, 16.0, 949.0, 644.0]
[112.0, 0.0, 950.0, 628.0]
[64.0, 48.0, 903.0, 677.0]
[128.0, 16.0, 968.0, 646.0]
[48.0, 0.0, 889.0, 631.0]
[48.0, 48.0, 890.0, 680.0]
[80.0, 80.0, 923.0, 712.0]
[16.0, 96.0, 860.0, 729.0]
[16.0, 16.0, 861.0, 650.0]
[48.0, 0.0, 894.0, 634.0]
[128.0, 32.0, 975.0, 667.0]
[96.0, 0.0, 944.0, 636.0]
[0.0, 16.0, 849.0, 653.0]
[48.0, 32.0, 898.0, 670.0]
[16.0, 16.0, 867.0, 654.0]
[16.0, 96.0, 868.0, 735.0]
[80.0, 32.0, 933.0, 672.0]
[16.0, 0.0, 870.0, 640.0]
[64.0, 80.0, 919.0, 721.0]
[80.0, 16.0, 936.0, 658.0]
[96.0, 32.0, 953.0, 675.0]
[96.0, 16.0, 954.0, 660.0]
[16.0, 80.0, 875.0, 724.0]
[32.0, 80.0, 892.0, 725.0]
[32.0, 64.0, 893.0, 710.0]
[48.0, 48.0, 910.0, 694.0]
[48.0, 48.0, 911.0, 695.0]
[64.0, 16.0, 928.0, 664.0]
[48.0, 80.0, 913.0, 729.0]
[0.0, 16.0, 866.0, 666.0]
[64.0, 48.0, 931.0, 698.0]
[64.0, 0.0, 932.0, 651.0]
[96.0, 32.0, 965.0, 684.0]
[32.0, 64.0, 902.0, 716.0]
[16.0, 64.0, 887.0, 717.0]
[96.0, 0.0, 968.0, 654.0]
[64.0, 48.0, 937.0, 703.0]
[96.0, 0.0, 970.0, 656.0]
[16.0, 0.0, 891.0, 656.0]
[16.0, 64.0, 892.0, 721.0]
[32.0, 32.0, 909.0, 690.0]
[64.0, 0.0, 942.0, 658.0]
[64.0, 0.0, 943.0, 659.0]
[64.0, 48.0, 944.0, 708.0]
[48.0, 16.0, 929.0, 677.0]
[0.0, 16.0, 882.0, 678.0]
[32.0, 32.0, 915.0, 694.0]
[48.0, 48.0, 932.0, 711.0]
[16.0, 0.0, 901.0, 664.0]
[32.0, 32.0, 918.0, 696.0]
[96.0, 16.0, 983.0, 681.0]
[80.0, 48.0, 968.0, 714.0]
[16.0, 32.0, 905.0, 699.0]
[16.0, 48.0, 906.0, 716.0]
[0.0, 16.0, 891.0, 684.0]
[0.0, 32.0, 892.0, 701.0]
[80.0, 16.0, 973.0, 686.0]
[80.0, 32.0, 974.0, 702.0]
[0.0, 64.0, 895.0, 735.0]
[80.0, 16.0, 976.0, 688.0]
[16.0, 32.0, 913.0, 705.0]
[64.0, 48.0, 962.0, 722.0]
[16.0, 48.0, 915.0, 722.0]
[0.0, 16.0, 900.0, 691.0]
[32.0, 64.0, 933.0, 740.0]
[32.0, 32.0, 934.0, 708.0]
[16.0, 0.0, 919.0, 677.0]
[80.0, 32.0, 984.0, 710.0]
[0.0, 16.0, 905.0, 695.0]
[0.0, 64.0, 906.0, 744.0]
[16.0, 16.0, 923.0, 696.0]
[64.0, 16.0, 972.0, 697.0]
[64.0, 32.0, 973.0, 714.0]
[80.0, 0.0, 990.0, 682.0]
[80.0, 32.0, 991.0, 715.0]
[0.0, 32.0, 912.0, 716.0]
[16.0, 16.0, 929.0, 701.0]
[32.0, 48.0, 946.0, 734.0]
[80.0, 16.0, 995.0, 702.0]
[64.0, 16.0, 980.0, 703.0]
[32.0, 16.0, 949.0, 704.0]
[48.0, 16.0, 966.0, 704.0]
[0.0, 0.0, 919.0, 689.0]
[16.0, 16.0, 936.0, 706.0]
[32.0, 16.0, 953.0, 707.0]
[16.0, 32.0, 938.0, 724.0]
[0.0, 0.0, 923.0, 692.0]
[16.0, 32.0, 940.0, 725.0]
[48.0, 16.0, 973.0, 710.0]
[16.0, 48.0, 942.0, 742.0]
[32.0, 16.0, 959.0, 711.0]
[32.0, 0.0, 960.0, 696.0]
[16.0, 48.0, 945.0, 745.0]
[64.0, 0.0, 994.0, 698.0]
[0.0, 0.0, 931.0, 698.0]
[64.0, 0.0, 996.0, 699.0]
[0.0, 16.0, 933.0, 716.0]
[48.0, 0.0, 982.0, 700.0]
[32.0, 32.0, 967.0, 733.0]
[16.0, 32.0, 952.0, 734.0]
[0.0, 0.0, 937.0, 703.0]
[0.0, 32.0, 938.0, 736.0]
[0.0, 0.0, 939.0, 704.0]
[0.0, 32.0, 940.0, 737.0]
[0.0, 0.0, 941.0, 706.0]
[16.0, 32.0, 958.0, 738.0]
[48.0, 16.0, 991.0, 723.0]
[16.0, 32.0, 960.0, 740.0]
[48.0, 16.0, 993.0, 725.0]
[16.0, 16.0, 962.0, 726.0]
[32.0, 0.0, 979.0, 710.0]
[16.0, 32.0, 964.0, 743.0]
[48.0, 16.0, 997.0, 728.0]
[16.0, 16.0, 966.0, 728.0]
[16.0, 32.0, 967.0, 745.0]
[16.0, 0.0, 968.0, 714.0]
[16.0, 16.0, 969.0, 731.0]
[0.0, 0.0, 954.0, 716.0]
[16.0, 32.0, 971.0, 748.0]
[0.0, 0.0, 956.0, 717.0]
[0.0, 0.0, 957.0, 718.0]
[16.0, 16.0, 974.0, 734.0]
