[128.0, 48.0, 878.0, 610.0]
[160.0, 32.0, 911.0, 595.0]
[128.0, 48.0, 880.0, 612.0]
[192.0, 48.0, 945.0, 613.0]
[176.0, 128.0, 930.0, 694.0]
[224.0, 32.0, 979.0, 598.0]
[208.0, 112.0, 964.0, 679.0]
[160.0, 48.0, 917.0, 616.0]
[160.0, 80.0, 918.0, 648.0]
[144.0, 176.0, 903.0, 745.0]
[144.0, 160.0, 904.0, 730.0]
[192.0, 160.0, 953.0, 731.0]
[192.0, 48.0, 954.0, 620.0]
[144.0, 128.0, 907.0, 700.0]
[160.0, 128.0, 924.0, 701.0]
[112.0, 144.0, 877.0, 718.0]
[192.0, 32.0, 958.0, 606.0]
[176.0, 128.0, 943.0, 703.0]
[224.0, 96.0, 992.0, 672.0]
[176.0, 16.0, 945.0, 593.0]
[208.0, 160.0, 978.0, 738.0]
[176.0, 176.0, 947.0, 754.0]
[192.0, 96.0, 964.0, 675.0]
[144.0, 176.0, 917.0, 756.0]
[144.0, 80.0, 918.0, 660.0]
[208.0, 112.0, 983.0, 693.0]
[224.0, 96.0, 1000.0, 678.0]
[160.0, 128.0, 937.0, 711.0]
[176.0, 80.0, 954.0, 664.0]
[192.0, 48.0, 971.0, 632.0]
[128.0, 176.0, 908.0, 761.0]
[128.0, 80.0, 909.0, 666.0]
[112.0, 48.0, 894.0, 634.0]
[176.0, 48.0, 959.0, 635.0]
[192.0, 80.0, 976.0, 668.0]
[128.0, 144.0, 913.0, 733.0]
[112.0, 32.0, 898.0, 622.0]
[176.0, 16.0, 963.0, 606.0]
[176.0, 32.0, 964.0, 623.0]
[192.0, 160.0, 981.0, 752.0]
[176.0, 16.0, 966.0, 608.0]
[208.0, 80.0, 999.0, 673.0]
[128.0, 112.0, 920.0, 706.0]
[208.0, 96.0, 1001.0, 691.0]
[160.0, 80.0, 954.0, 676.0]
[208.0, 128.0, 1003.0, 724.0]
[208.0, 80.0, 1004.0, 677.0]
[96.0, 64.0, 893.0, 662.0]
[96.0, 112.0, 894.0, 710.0]
[176.0, 80.0, 975.0, 679.0]
[208.0, 112.0, 1008.0, 712.0]
[96.0, 32.0, 897.0, 633.0]
[96.0, 64.0, 898.0, 666.0]
[160.0, 0.0, 963.0, 602.0]
[144.0, 112.0, 948.0, 715.0]
[176.0, 16.0, 981.0, 620.0]
[160.0, 16.0, 966.0, 620.0]
[192.0, 48.0, 999.0, 653.0]
[64.0, 64.0, 872.0, 670.0]
[96.0, 16.0, 905.0, 623.0]
[128.0, 112.0, 938.0, 720.0]
[80.0, 16.0, 891.0, 624.0]
[176.0, 112.0, 988.0, 721.0]
[176.0, 144.0, 989.0, 754.0]
[112.0, 128.0, 926.0, 738.0]
[160.0, 48.0, 975.0, 659.0]
[96.0, 80.0, 912.0, 692.0]
[144.0, 64.0, 961.0, 677.0]
[112.0, 48.0, 930.0, 662.0]
[80.0, 96.0, 899.0, 710.0]
[144.0, 144.0, 964.0, 759.0]
[176.0, 64.0, 997.0, 680.0]
[64.0, 64.0, 886.0, 680.0]
[96.0, 80.0, 919.0, 697.0]
[160.0, 128.0, 984.0, 746.0]
[160.0, 112.0, 985.0, 731.0]
[80.0, 112.0, 906.0, 732.0]
[112.0, 112.0, 939.0, 732.0]
[192.0, 128.0, 1020.0, 749.0]
[144.0, 144.0, 973.0, 766.0]
[192.0, 48.0, 1022.0, 670.0]
[160.0, 96.0, 991.0, 719.0]
[64.0, 96.0, 896.0, 720.0]
[80.0, 144.0, 913.0, 769.0]
[64.0, 80.0, 898.0, 706.0]
[96.0, 48.0, 931.0, 674.0]
[144.0, 128.0, 980.0, 755.0]
[176.0, 96.0, 1013.0, 724.0]
[160.0, 96.0, 998.0, 724.0]
[176.0, 80.0, 1015.0, 709.0]
[80.0, 128.0, 920.0, 758.0]
[96.0, 80.0, 937.0, 711.0]
[32.0, 32.0, 874.0, 664.0]
[64.0, 32.0, 907.0, 664.0]
[32.0, 64.0, 876.0, 697.0]
[176.0, 48.0, 1021.0, 682.0]
[112.0, 48.0, 958.0, 682.0]
[176.0, 48.0, 1023.0, 683.0]
[160.0, 0.0, 1008.0, 636.0]
[96.0, 16.0, 945.0, 653.0]
[160.0, 64.0, 1010.0, 702.0]
[64.0, 112.0, 915.0, 750.0]
[160.0, 96.0, 1012.0, 735.0]
[128.0, 0.0, 981.0, 640.0]
[96.0, 64.0, 950.0, 704.0]
[80.0, 48.0, 935.0, 689.0]
[16.0, 96.0, 872.0, 738.0]
[96.0, 48.0, 953.0, 691.0]
[160.0, 32.0, 1018.0, 676.0]
[48.0, 32.0, 907.0, 676.0]
[160.0, 48.0, 1020.0, 693.0]
[64.0, 112.0, 925.0, 758.0]
[112.0, 96.0, 974.0, 742.0]
[112.0, 32.0, 975.0, 679.0]
[64.0, 96.0, 928.0, 744.0]
[128.0, 48.0, 993.0, 697.0]
[96.0, 48.0, 962.0, 698.0]
[96.0, 32.0, 963.0, 682.0]
[16.0, 48.0, 884.0, 699.0]
[32.0, 64.0, 901.0, 716.0]
[16.0, 64.0, 886.0, 716.0]
[144.0, 64.0, 1015.0, 717.0]
[32.0, 80.0, 904.0, 734.0]
[112.0, 16.0, 985.0, 671.0]
[128.0, 112.0, 1002.0, 768.0]
[32.0, 32.0, 907.0, 688.0]
[80.0, 80.0, 956.0, 737.0]
[80.0, 32.0, 957.0, 690.0]
[32.0, 32.0, 910.0, 690.0]
[128.0, 64.0, 1007.0, 723.0]
[48.0, 96.0, 928.0, 756.0]
[32.0, 80.0, 913.0, 741.0]
[32.0, 16.0, 914.0, 678.0]
[16.0, 64.0, 899.0, 726.0]
[112.0, 48.0, 996.0, 711.0]
[32.0, 16.0, 917.0, 680.0]
[48.0, 96.0, 934.0, 760.0]
[48.0, 0.0, 935.0, 665.0]
[80.0, 64.0, 968.0, 730.0]
[0.0, 80.0, 889.0, 747.0]
[112.0, 80.0, 1002.0, 748.0]
[32.0, 16.0, 923.0, 684.0]
[80.0, 80.0, 972.0, 749.0]
[96.0, 64.0, 989.0, 734.0]
[128.0, 80.0, 1022.0, 750.0]
[32.0, 96.0, 927.0, 767.0]
[0.0, 32.0, 896.0, 704.0]
[16.0, 80.0, 913.0, 753.0]
[112.0, 64.0, 1010.0, 738.0]
[96.0, 0.0, 995.0, 674.0]
[96.0, 64.0, 996.0, 739.0]
[112.0, 80.0, 1013.0, 756.0]
[80.0, 48.0, 982.0, 724.0]
[16.0, 64.0, 919.0, 741.0]
[48.0, 48.0, 952.0, 726.0]
[112.0, 0.0, 1017.0, 679.0]
[16.0, 32.0, 922.0, 712.0]
[80.0, 16.0, 987.0, 696.0]
[0.0, 80.0, 908.0, 761.0]
[80.0, 48.0, 989.0, 730.0]
[0.0, 48.0, 910.0, 730.0]
[16.0, 32.0, 927.0, 715.0]
[96.0, 32.0, 1008.0, 716.0]
[32.0, 32.0, 945.0, 717.0]
[80.0, 0.0, 994.0, 686.0]
[48.0, 32.0, 963.0, 718.0]
[80.0, 16.0, 996.0, 703.0]
[80.0, 64.0, 997.0, 752.0]
[80.0, 80.0, 998.0, 768.0]
[96.0, 48.0, 1015.0, 737.0]
[32.0, 0.0, 952.0, 690.0]
[0.0, 0.0, 921.0, 691.0]
[32.0, 0.0, 954.0, 692.0]
[16.0, 64.0, 939.0, 756.0]
[48.0, 16.0, 972.0, 709.0]
[32.0, 64.0, 957.0, 758.0]
[64.0, 64.0, 990.0, 758.0]
[0.0, 48.0, 927.0, 743.0]
[48.0, 0.0, 976.0, 696.0]
[64.0, 32.0, 993.0, 729.0]
[16.0, 32.0, 946.0, 730.0]
[16.0, 16.0, 947.0, 714.0]
[16.0, 64.0, 948.0, 763.0]
[64.0, 0.0, 997.0, 700.0]
[16.0, 48.0, 950.0, 748.0]
[32.0, 32.0, 967.0, 733.0]
[80.0, 0.0, 1016.0, 702.0]
[16.0, 32.0, 953.0, 735.0]
[80.0, 48.0, 1018.0, 752.0]
[64.0, 0.0, 1003.0, 704.0]
[64.0, 16.0, 1004.0, 721.0]
[32.0, 16.0, 973.0, 722.0]
[0.0, 0.0, 942.0, 706.0]
[16.0, 32.0, 959.0, 739.0]
[32.0, 48.0, 976.0, 756.0]
[16.0, 0.0, 961.0, 709.0]
[32.0, 32.0, 978.0, 742.0]
[48.0, 32.0, 995.0, 742.0]
[32.0, 16.0, 980.0, 727.0]
[16.0, 48.0, 965.0, 760.0]
[0.0, 16.0, 950.0, 728.0]
[48.0, 32.0, 999.0, 745.0]
[0.0, 48.0, 952.0, 762.0]
[48.0, 48.0, 1001.0, 763.0]
[16.0, 48.0, 970.0, 764.0]
[0.0, 16.0, 955.0, 732.0]
[16.0, 32.0, 972.0, 749.0]
[64.0, 16.0, 1021.0, 734.0]
[64.0, 48.0, 1022.0, 766.0]
[64.0, 32.0, 1023.0, 751.0]
[0.0, 16.0, 960.0, 736.0]
[48.0, 48.0, 1009.0, 769.0]
[48.0, 0.0, 1010.0, 722.0]
[16.0, 16.0, 979.0, 738.0]
[0.0, 16.0, 964.0, 739.0]
[16.0, 16.0, 981.0, 740.0]
[16.0, 0.0, 982.0, 724.0]
[0.0, 32.0, 967.0, 757.0]
[0.0, 32.0, 968.0, 758.0]
[32.0, 0.0, 1001.0, 727.0]
[32.0, 32.0, 1002.0, 760.0]
[32.0, 0.0, 1003.0, 728.0]
[48.0, 32.0, 1020.0, 761.0]
[16.0, 16.0, 989.0, 746.0]
[0.0, 32.0, 974.0, 762.0]
[48.0, 32.0, 1023.0, 763.0]
[48.0, 16.0, 1024.0, 748.0]
[32.0, 32.0, 1009.0, 765.0]
[16.0, 16.0, 994.0, 750.0]
[16.0, 0.0, 995.0, 734.0]
[32.0, 16.0, 1012.0, 751.0]
[0.0, 0.0, 981.0, 736.0]
[16.0, 32.0, 998.0, 768.0]
[0.0, 32.0, 983.0, 769.0]
[16.0, 16.0, 1000.0, 754.0]
[0.0, 0.0, 985.0, 739.0]
[16.0, 0.0, 1002.0, 740.0]
[0.0, 0.0, 987.0, 740.0]
[32.0, 0.0, 1020.0, 741.0]
[32.0, 0.0, 1021.0, 742.0]
[0.0, 16.0, 990.0, 758.0]
[16.0, 16.0, 1007.0, 759.0]
[32.0, 0.0, 1024.0, 744.0]
[0.0, 0.0, 993.0, 745.0]
[16.0, 16.0, 1010.0, 762.0]
[0.0, 16.0, 995.0, 762.0]
[16.0, 0.0, 1012.0, 747.0]
[16.0, 16.0, 1013.0, 764.0]
[16.0, 16.0, 1014.0, 764.0]
[16.0, 16.0, 1015.0, 765.0]
[0.0, 0.0, 1000.0, 750.0]
[0.0, 0.0, 1001.0, 751.0]
[0.0, 16.0, 1002.0, 768.0]
[0.0, 16.0, 1003.0, 768.0]
[0.0, 0.0, 1004.0, 753.0]
[16.0, 0.0, 1021.0, 754.0]
[16.0, 0.0, 1022.0, 754.0]
[0.0, 0.0, 1007.0, 755.0]
[16.0, 0.0, 1024.0, 756.0]
[0.0, 0.0, 1009.0, 757.0]
[0.0, 0.0, 1010.0, 758.0]
[0.0, 0.0, 1011.0, 758.0]
[0.0, 0.0, 1012.0, 759.0]
[0.0, 0.0, 1013.0, 760.0]
[0.0, 0.0, 1014.0, 760.0]
[0.0, 0.0, 1015.0, 761.0]
[0.0, 0.0, 1016.0, 762.0]
[0.0, 0.0, 1017.0, 763.0]
[0.0, 0.0, 1018.0, 764.0]
[0.0, 0.0, 1019.0, 764.0]
[0.0, 0.0, 1020.0, 765.0]
[0.0, 0.0, 1021.0, 766.0]
[0.0, 0.0, 1022.0, 766.0]
[0.0, 0.0, 1023.0, 767.0]
[0.0, 0.0, 1024.0, 768.0]
