[128.0, 48.0, 869.0, 604.0]
[208.0, 48.0, 950.0, 604.0]
[96.0, 48.0, 839.0, 605.0]
[48.0, 80.0, 792.0, 638.0]
[160.0, 32.0, 905.0, 591.0]
[80.0, 32.0, 826.0, 592.0]
[160.0, 96.0, 907.0, 656.0]
[128.0, 96.0, 876.0, 657.0]
[224.0, 96.0, 973.0, 658.0]
[240.0, 80.0, 990.0, 642.0]
[208.0, 64.0, 959.0, 627.0]
[64.0, 32.0, 816.0, 596.0]
[160.0, 48.0, 913.0, 613.0]
[128.0, 32.0, 882.0, 598.0]
[112.0, 32.0, 867.0, 598.0]
[128.0, 16.0, 884.0, 583.0]
[144.0, 48.0, 901.0, 616.0]
[64.0, 16.0, 822.0, 584.0]
[144.0, 48.0, 903.0, 617.0]
[208.0, 80.0, 968.0, 650.0]
[224.0, 64.0, 985.0, 635.0]
[192.0, 80.0, 954.0, 652.0]
[128.0, 64.0, 891.0, 636.0]
[192.0, 16.0, 956.0, 589.0]
[128.0, 48.0, 893.0, 622.0]
[32.0, 48.0, 798.0, 622.0]
[160.0, 48.0, 927.0, 623.0]
[208.0, 96.0, 976.0, 672.0]
[32.0, 16.0, 801.0, 593.0]
[240.0, 48.0, 1010.0, 626.0]
[112.0, 32.0, 883.0, 610.0]
[112.0, 64.0, 884.0, 643.0]
[80.0, 32.0, 853.0, 612.0]
[208.0, 48.0, 982.0, 628.0]
[64.0, 48.0, 839.0, 629.0]
[224.0, 48.0, 1000.0, 630.0]
[144.0, 64.0, 921.0, 647.0]
[160.0, 64.0, 938.0, 648.0]
[192.0, 64.0, 971.0, 648.0]
[160.0, 16.0, 940.0, 601.0]
[144.0, 80.0, 925.0, 666.0]
[112.0, 48.0, 894.0, 634.0]
[208.0, 48.0, 991.0, 635.0]
[48.0, 0.0, 832.0, 588.0]
[16.0, 32.0, 801.0, 621.0]
[128.0, 80.0, 914.0, 670.0]
[32.0, 48.0, 819.0, 638.0]
[96.0, 80.0, 884.0, 671.0]
[224.0, 48.0, 1013.0, 640.0]
[160.0, 0.0, 950.0, 592.0]
[176.0, 16.0, 967.0, 609.0]
[128.0, 32.0, 920.0, 626.0]
[112.0, 64.0, 905.0, 659.0]
[176.0, 64.0, 970.0, 660.0]
[0.0, 64.0, 795.0, 660.0]
[96.0, 16.0, 892.0, 613.0]
[160.0, 64.0, 957.0, 662.0]
[192.0, 80.0, 990.0, 678.0]
[208.0, 48.0, 1007.0, 647.0]
[16.0, 16.0, 816.0, 616.0]
[48.0, 64.0, 849.0, 665.0]
[112.0, 0.0, 914.0, 602.0]
[128.0, 48.0, 931.0, 650.0]
[128.0, 32.0, 932.0, 635.0]
[112.0, 16.0, 917.0, 620.0]
[128.0, 32.0, 934.0, 636.0]
[128.0, 48.0, 935.0, 653.0]
[160.0, 32.0, 968.0, 638.0]
[160.0, 16.0, 969.0, 623.0]
[128.0, 16.0, 938.0, 624.0]
[64.0, 48.0, 875.0, 656.0]
[112.0, 48.0, 924.0, 657.0]
[64.0, 16.0, 877.0, 626.0]
[160.0, 64.0, 974.0, 674.0]
[0.0, 48.0, 815.0, 659.0]
[64.0, 64.0, 880.0, 676.0]
[112.0, 64.0, 929.0, 677.0]
[176.0, 64.0, 994.0, 678.0]
[32.0, 48.0, 851.0, 662.0]
[160.0, 16.0, 980.0, 631.0]
[48.0, 32.0, 869.0, 648.0]
[144.0, 32.0, 966.0, 648.0]
[160.0, 0.0, 983.0, 617.0]
[192.0, 32.0, 1016.0, 650.0]
[176.0, 0.0, 1001.0, 619.0]
[48.0, 32.0, 874.0, 652.0]
[112.0, 64.0, 939.0, 684.0]
[80.0, 32.0, 908.0, 653.0]
[176.0, 0.0, 1005.0, 622.0]
[144.0, 0.0, 974.0, 622.0]
[96.0, 16.0, 927.0, 639.0]
[96.0, 48.0, 928.0, 672.0]
[160.0, 48.0, 993.0, 673.0]
[96.0, 32.0, 930.0, 658.0]
[128.0, 0.0, 963.0, 626.0]
[48.0, 16.0, 884.0, 643.0]
[48.0, 48.0, 885.0, 676.0]
[48.0, 32.0, 886.0, 660.0]
[32.0, 0.0, 871.0, 629.0]
[112.0, 48.0, 952.0, 678.0]
[48.0, 16.0, 889.0, 647.0]
[160.0, 32.0, 1002.0, 664.0]
[96.0, 48.0, 939.0, 680.0]
[112.0, 48.0, 956.0, 681.0]
[48.0, 32.0, 893.0, 666.0]
[144.0, 16.0, 990.0, 650.0]
[64.0, 48.0, 911.0, 683.0]
[144.0, 0.0, 992.0, 636.0]
[112.0, 32.0, 961.0, 669.0]
[144.0, 32.0, 994.0, 670.0]
[64.0, 0.0, 915.0, 638.0]
[128.0, 32.0, 980.0, 671.0]
[144.0, 32.0, 997.0, 672.0]
[0.0, 32.0, 854.0, 672.0]
[160.0, 32.0, 1015.0, 673.0]
[128.0, 0.0, 984.0, 642.0]
[112.0, 16.0, 969.0, 659.0]
[32.0, 0.0, 890.0, 644.0]
[16.0, 32.0, 875.0, 676.0]
[16.0, 32.0, 876.0, 677.0]
[48.0, 32.0, 909.0, 678.0]
[16.0, 32.0, 878.0, 678.0]
[16.0, 16.0, 879.0, 663.0]
[144.0, 32.0, 1008.0, 680.0]
[48.0, 16.0, 913.0, 665.0]
[144.0, 0.0, 1010.0, 650.0]
[32.0, 0.0, 899.0, 650.0]
[80.0, 32.0, 948.0, 683.0]
[32.0, 16.0, 901.0, 668.0]
[112.0, 32.0, 982.0, 684.0]
[0.0, 16.0, 871.0, 669.0]
[64.0, 16.0, 936.0, 670.0]
[80.0, 0.0, 953.0, 655.0]
[80.0, 16.0, 954.0, 672.0]
[80.0, 16.0, 955.0, 672.0]
[80.0, 0.0, 956.0, 657.0]
[0.0, 16.0, 877.0, 674.0]
[32.0, 16.0, 910.0, 674.0]
[80.0, 16.0, 959.0, 675.0]
[128.0, 16.0, 1008.0, 676.0]
[64.0, 16.0, 945.0, 677.0]
[128.0, 16.0, 1010.0, 678.0]
[96.0, 0.0, 979.0, 662.0]
[96.0, 16.0, 980.0, 679.0]
[0.0, 0.0, 885.0, 664.0]
[112.0, 16.0, 998.0, 680.0]
[80.0, 0.0, 967.0, 665.0]
[112.0, 0.0, 1000.0, 666.0]
[128.0, 16.0, 1017.0, 683.0]
[128.0, 16.0, 1018.0, 684.0]
[80.0, 0.0, 971.0, 668.0]
[96.0, 0.0, 988.0, 669.0]
[48.0, 0.0, 941.0, 670.0]
[32.0, 0.0, 926.0, 670.0]
[96.0, 0.0, 991.0, 671.0]
[64.0, 0.0, 960.0, 672.0]
[64.0, 0.0, 961.0, 673.0]
[64.0, 0.0, 962.0, 674.0]
[48.0, 0.0, 947.0, 674.0]
[80.0, 0.0, 980.0, 675.0]
[64.0, 0.0, 965.0, 676.0]
[112.0, 0.0, 1014.0, 676.0]
[32.0, 0.0, 935.0, 677.0]
[80.0, 0.0, 984.0, 678.0]
[0.0, 0.0, 905.0, 679.0]
[112.0, 0.0, 1018.0, 680.0]
[64.0, 0.0, 971.0, 680.0]
[16.0, 0.0, 924.0, 681.0]
[48.0, 0.0, 957.0, 682.0]
[32.0, 0.0, 942.0, 682.0]
[80.0, 0.0, 991.0, 683.0]
[112.0, 0.0, 1024.0, 684.0]
[80.0, 0.0, 993.0, 685.0]
