[128.0, 176.0, 845.0, 714.0]
[176.0, 192.0, 894.0, 730.0]
[192.0, 160.0, 911.0, 699.0]
[48.0, 128.0, 768.0, 668.0]
[16.0, 208.0, 737.0, 749.0]
[48.0, 144.0, 770.0, 686.0]
[80.0, 208.0, 803.0, 750.0]
[176.0, 192.0, 900.0, 735.0]
[192.0, 160.0, 917.0, 704.0]
[16.0, 160.0, 742.0, 704.0]
[80.0, 128.0, 807.0, 673.0]
[64.0, 176.0, 792.0, 722.0]
[96.0, 176.0, 825.0, 723.0]
[32.0, 192.0, 762.0, 740.0]
[64.0, 160.0, 795.0, 708.0]
[160.0, 176.0, 892.0, 725.0]
[224.0, 160.0, 957.0, 710.0]
[192.0, 160.0, 926.0, 710.0]
[96.0, 112.0, 831.0, 663.0]
[64.0, 192.0, 800.0, 744.0]
[48.0, 112.0, 785.0, 665.0]
[112.0, 160.0, 850.0, 714.0]
[48.0, 128.0, 787.0, 682.0]
[64.0, 176.0, 804.0, 731.0]
[48.0, 192.0, 789.0, 748.0]
[160.0, 112.0, 902.0, 668.0]
[112.0, 208.0, 855.0, 765.0]
[128.0, 112.0, 872.0, 670.0]
[32.0, 176.0, 777.0, 735.0]
[96.0, 160.0, 842.0, 720.0]
[80.0, 144.0, 827.0, 704.0]
[80.0, 112.0, 828.0, 673.0]
[80.0, 160.0, 829.0, 722.0]
[208.0, 160.0, 958.0, 722.0]
[192.0, 176.0, 943.0, 739.0]
[80.0, 192.0, 832.0, 756.0]
[80.0, 128.0, 833.0, 693.0]
[160.0, 160.0, 914.0, 726.0]
[96.0, 96.0, 851.0, 662.0]
[80.0, 128.0, 836.0, 695.0]
[48.0, 112.0, 805.0, 680.0]
[64.0, 112.0, 822.0, 680.0]
[112.0, 176.0, 871.0, 745.0]
[128.0, 96.0, 888.0, 666.0]
[112.0, 144.0, 873.0, 715.0]
[96.0, 96.0, 858.0, 668.0]
[208.0, 160.0, 971.0, 732.0]
[0.0, 192.0, 764.0, 765.0]
[160.0, 176.0, 925.0, 750.0]
[160.0, 144.0, 926.0, 718.0]
[0.0, 128.0, 767.0, 703.0]
[112.0, 176.0, 880.0, 752.0]
[128.0, 160.0, 897.0, 737.0]
[48.0, 144.0, 818.0, 722.0]
[32.0, 128.0, 803.0, 706.0]
[160.0, 176.0, 932.0, 755.0]
[96.0, 128.0, 869.0, 708.0]
[144.0, 144.0, 918.0, 724.0]
[0.0, 128.0, 775.0, 709.0]
[176.0, 176.0, 952.0, 758.0]
[0.0, 176.0, 777.0, 759.0]
[32.0, 176.0, 810.0, 760.0]
[16.0, 112.0, 795.0, 696.0]
[80.0, 144.0, 860.0, 729.0]
[16.0, 160.0, 797.0, 746.0]
[64.0, 144.0, 846.0, 730.0]
[80.0, 144.0, 863.0, 731.0]
[32.0, 176.0, 816.0, 764.0]
[32.0, 128.0, 817.0, 717.0]
[32.0, 80.0, 818.0, 670.0]
[208.0, 144.0, 995.0, 734.0]
[192.0, 144.0, 980.0, 735.0]
[128.0, 176.0, 917.0, 768.0]
[64.0, 144.0, 854.0, 736.0]
[96.0, 96.0, 887.0, 689.0]
[16.0, 128.0, 808.0, 722.0]
[112.0, 96.0, 905.0, 691.0]
[32.0, 144.0, 826.0, 740.0]
[64.0, 160.0, 859.0, 756.0]
[32.0, 128.0, 828.0, 725.0]
[0.0, 144.0, 797.0, 742.0]
[160.0, 144.0, 958.0, 742.0]
[128.0, 112.0, 927.0, 711.0]
[144.0, 144.0, 944.0, 744.0]
[0.0, 160.0, 801.0, 761.0]
[32.0, 128.0, 834.0, 730.0]
[32.0, 144.0, 835.0, 746.0]
[80.0, 112.0, 884.0, 715.0]
[16.0, 128.0, 821.0, 732.0]
[0.0, 96.0, 806.0, 700.0]
[144.0, 112.0, 951.0, 717.0]
[144.0, 112.0, 952.0, 718.0]
[176.0, 144.0, 985.0, 751.0]
[48.0, 112.0, 858.0, 720.0]
[96.0, 144.0, 907.0, 752.0]
[80.0, 144.0, 892.0, 753.0]
[176.0, 128.0, 989.0, 738.0]
[144.0, 96.0, 958.0, 706.0]
[64.0, 64.0, 879.0, 675.0]
[112.0, 80.0, 928.0, 692.0]
[112.0, 128.0, 929.0, 741.0]
[16.0, 112.0, 834.0, 726.0]
[48.0, 144.0, 867.0, 758.0]
[96.0, 112.0, 916.0, 727.0]
[80.0, 64.0, 901.0, 680.0]
[64.0, 80.0, 886.0, 696.0]
[48.0, 112.0, 871.0, 729.0]
[128.0, 112.0, 952.0, 730.0]
[128.0, 96.0, 953.0, 715.0]
[16.0, 80.0, 842.0, 700.0]
[64.0, 96.0, 891.0, 716.0]
[144.0, 112.0, 972.0, 733.0]
[80.0, 112.0, 909.0, 734.0]
[112.0, 128.0, 942.0, 750.0]
[112.0, 144.0, 943.0, 767.0]
[0.0, 144.0, 832.0, 768.0]
[112.0, 80.0, 945.0, 705.0]
[32.0, 128.0, 866.0, 754.0]
[112.0, 112.0, 947.0, 738.0]
[96.0, 80.0, 932.0, 707.0]
[128.0, 112.0, 965.0, 740.0]
[80.0, 112.0, 918.0, 740.0]
[128.0, 80.0, 967.0, 709.0]
[80.0, 64.0, 920.0, 694.0]
[80.0, 128.0, 921.0, 759.0]
[48.0, 64.0, 890.0, 696.0]
[80.0, 48.0, 923.0, 680.0]
[48.0, 48.0, 892.0, 681.0]
[32.0, 64.0, 877.0, 698.0]
[64.0, 96.0, 910.0, 730.0]
[96.0, 96.0, 943.0, 731.0]
[128.0, 80.0, 976.0, 716.0]
[128.0, 128.0, 977.0, 765.0]
[80.0, 80.0, 930.0, 718.0]
[96.0, 80.0, 947.0, 718.0]
[16.0, 128.0, 868.0, 767.0]
[144.0, 96.0, 997.0, 736.0]
[48.0, 32.0, 902.0, 672.0]
[16.0, 80.0, 871.0, 721.0]
[32.0, 48.0, 888.0, 690.0]
[48.0, 64.0, 905.0, 707.0]
[48.0, 48.0, 906.0, 692.0]
[112.0, 112.0, 971.0, 756.0]
[0.0, 96.0, 860.0, 741.0]
[80.0, 48.0, 941.0, 694.0]
[144.0, 112.0, 1006.0, 758.0]
[32.0, 32.0, 895.0, 679.0]
[0.0, 96.0, 864.0, 744.0]
[128.0, 112.0, 993.0, 761.0]
[0.0, 96.0, 866.0, 746.0]
[80.0, 48.0, 947.0, 698.0]
[0.0, 80.0, 868.0, 731.0]
[64.0, 80.0, 933.0, 732.0]
[16.0, 96.0, 886.0, 748.0]
[0.0, 96.0, 871.0, 749.0]
[96.0, 80.0, 968.0, 734.0]
[32.0, 32.0, 905.0, 687.0]
[64.0, 48.0, 938.0, 704.0]
[112.0, 112.0, 987.0, 768.0]
[64.0, 64.0, 940.0, 721.0]
[0.0, 80.0, 877.0, 738.0]
[48.0, 80.0, 926.0, 738.0]
[16.0, 80.0, 895.0, 739.0]
[48.0, 80.0, 928.0, 740.0]
[80.0, 48.0, 961.0, 709.0]
[112.0, 80.0, 994.0, 742.0]
[64.0, 64.0, 947.0, 726.0]
[32.0, 96.0, 916.0, 759.0]
[0.0, 96.0, 885.0, 760.0]
[112.0, 96.0, 998.0, 760.0]
[0.0, 64.0, 887.0, 729.0]
[0.0, 80.0, 888.0, 746.0]
[64.0, 96.0, 953.0, 763.0]
[0.0, 96.0, 890.0, 764.0]
[0.0, 80.0, 891.0, 748.0]
[112.0, 80.0, 1004.0, 749.0]
[96.0, 80.0, 989.0, 750.0]
[80.0, 80.0, 974.0, 750.0]
[80.0, 96.0, 975.0, 767.0]
[0.0, 32.0, 896.0, 704.0]
[80.0, 64.0, 977.0, 737.0]
[80.0, 64.0, 978.0, 738.0]
[48.0, 64.0, 947.0, 738.0]
[64.0, 80.0, 964.0, 755.0]
[48.0, 48.0, 949.0, 724.0]
[96.0, 64.0, 998.0, 740.0]
[16.0, 32.0, 919.0, 709.0]
[16.0, 32.0, 920.0, 710.0]
[16.0, 80.0, 921.0, 759.0]
[16.0, 80.0, 922.0, 760.0]
[0.0, 16.0, 907.0, 696.0]
[48.0, 32.0, 956.0, 713.0]
[32.0, 64.0, 941.0, 746.0]
[80.0, 48.0, 990.0, 730.0]
[80.0, 48.0, 991.0, 731.0]
[16.0, 32.0, 928.0, 716.0]
[16.0, 48.0, 929.0, 733.0]
[0.0, 48.0, 914.0, 734.0]
[96.0, 64.0, 1011.0, 750.0]
[0.0, 48.0, 916.0, 735.0]
[64.0, 32.0, 981.0, 720.0]
[0.0, 48.0, 918.0, 736.0]
[48.0, 32.0, 967.0, 721.0]
[80.0, 64.0, 1000.0, 754.0]
[80.0, 64.0, 1001.0, 755.0]
[48.0, 32.0, 970.0, 724.0]
[0.0, 32.0, 923.0, 724.0]
[0.0, 64.0, 924.0, 757.0]
[48.0, 64.0, 973.0, 758.0]
[16.0, 32.0, 942.0, 726.0]
[80.0, 64.0, 1007.0, 759.0]
[16.0, 32.0, 944.0, 728.0]
[64.0, 48.0, 993.0, 745.0]
[80.0, 64.0, 1010.0, 762.0]
[32.0, 16.0, 963.0, 714.0]
[0.0, 16.0, 932.0, 715.0]
[0.0, 48.0, 933.0, 748.0]
[48.0, 48.0, 982.0, 748.0]
[32.0, 32.0, 967.0, 733.0]
[16.0, 32.0, 952.0, 734.0]
[16.0, 32.0, 953.0, 735.0]
[16.0, 64.0, 954.0, 768.0]
[48.0, 48.0, 987.0, 752.0]
[48.0, 48.0, 988.0, 753.0]
[48.0, 32.0, 989.0, 738.0]
[48.0, 16.0, 990.0, 722.0]
[0.0, 32.0, 943.0, 739.0]
[48.0, 32.0, 992.0, 740.0]
[16.0, 16.0, 961.0, 725.0]
[32.0, 32.0, 978.0, 742.0]
[32.0, 48.0, 979.0, 758.0]
[0.0, 32.0, 948.0, 743.0]
[48.0, 32.0, 997.0, 744.0]
[16.0, 16.0, 966.0, 728.0]
[0.0, 16.0, 951.0, 729.0]
[16.0, 48.0, 968.0, 762.0]
[16.0, 32.0, 969.0, 747.0]
[32.0, 32.0, 986.0, 748.0]
[48.0, 48.0, 1003.0, 764.0]
[48.0, 16.0, 1004.0, 733.0]
[32.0, 16.0, 989.0, 734.0]
[48.0, 16.0, 1006.0, 734.0]
[48.0, 32.0, 1007.0, 751.0]
[32.0, 48.0, 992.0, 768.0]
[0.0, 16.0, 961.0, 737.0]
[32.0, 16.0, 994.0, 738.0]
[0.0, 32.0, 963.0, 754.0]
[16.0, 16.0, 980.0, 739.0]
[16.0, 32.0, 981.0, 756.0]
[32.0, 16.0, 998.0, 740.0]
[32.0, 32.0, 999.0, 757.0]
