[160.0, 160.0, 698.0, 877.0]
[80.0, 48.0, 618.0, 766.0]
[64.0, 96.0, 603.0, 815.0]
[176.0, 160.0, 716.0, 880.0]
[96.0, 144.0, 637.0, 865.0]
[160.0, 48.0, 702.0, 770.0]
[96.0, 208.0, 638.0, 931.0]
[80.0, 112.0, 623.0, 836.0]
[80.0, 48.0, 624.0, 773.0]
[176.0, 96.0, 720.0, 822.0]
[128.0, 144.0, 673.0, 871.0]
[128.0, 48.0, 674.0, 776.0]
[112.0, 208.0, 659.0, 937.0]
[48.0, 128.0, 596.0, 858.0]
[96.0, 208.0, 644.0, 939.0]
[96.0, 208.0, 645.0, 940.0]
[128.0, 96.0, 678.0, 829.0]
[80.0, 176.0, 630.0, 910.0]
[112.0, 208.0, 663.0, 943.0]
[96.0, 64.0, 648.0, 800.0]
[160.0, 112.0, 713.0, 849.0]
[80.0, 80.0, 634.0, 818.0]
[128.0, 192.0, 682.0, 931.0]
[80.0, 48.0, 635.0, 788.0]
[96.0, 208.0, 652.0, 949.0]
[80.0, 144.0, 636.0, 886.0]
[128.0, 48.0, 685.0, 791.0]
[112.0, 112.0, 670.0, 856.0]
[96.0, 176.0, 655.0, 921.0]
[112.0, 128.0, 672.0, 874.0]
[128.0, 160.0, 688.0, 907.0]
[96.0, 16.0, 657.0, 764.0]
[64.0, 80.0, 626.0, 829.0]
[112.0, 64.0, 674.0, 814.0]
[128.0, 16.0, 691.0, 767.0]
[80.0, 0.0, 644.0, 752.0]
[64.0, 16.0, 629.0, 769.0]
[112.0, 192.0, 678.0, 946.0]
[128.0, 176.0, 694.0, 931.0]
[176.0, 80.0, 743.0, 836.0]
[160.0, 128.0, 728.0, 885.0]
[96.0, 80.0, 664.0, 838.0]
[48.0, 144.0, 617.0, 903.0]
[112.0, 0.0, 682.0, 760.0]
[48.0, 144.0, 619.0, 905.0]
[144.0, 160.0, 716.0, 922.0]
[64.0, 80.0, 636.0, 843.0]
[128.0, 48.0, 701.0, 812.0]
[64.0, 32.0, 638.0, 797.0]
[160.0, 112.0, 734.0, 878.0]
[144.0, 48.0, 719.0, 815.0]
[160.0, 112.0, 736.0, 880.0]
[32.0, 96.0, 609.0, 865.0]
[144.0, 112.0, 722.0, 882.0]
[96.0, 176.0, 674.0, 947.0]
[112.0, 16.0, 691.0, 788.0]
[80.0, 64.0, 660.0, 837.0]
[144.0, 80.0, 724.0, 854.0]
[64.0, 96.0, 645.0, 871.0]
[80.0, 64.0, 662.0, 840.0]
[112.0, 32.0, 695.0, 809.0]
[160.0, 48.0, 744.0, 826.0]
[48.0, 96.0, 632.0, 875.0]
[48.0, 48.0, 633.0, 828.0]
[64.0, 48.0, 650.0, 829.0]
[64.0, 112.0, 650.0, 894.0]
[96.0, 96.0, 683.0, 879.0]
[96.0, 144.0, 684.0, 928.0]
[128.0, 160.0, 717.0, 945.0]
[64.0, 128.0, 654.0, 914.0]
[48.0, 0.0, 638.0, 787.0]
[80.0, 32.0, 671.0, 820.0]
[64.0, 112.0, 656.0, 901.0]
[48.0, 96.0, 640.0, 886.0]
[32.0, 112.0, 625.0, 903.0]
[128.0, 128.0, 722.0, 920.0]
[48.0, 32.0, 643.0, 825.0]
[48.0, 32.0, 644.0, 826.0]
[96.0, 64.0, 692.0, 859.0]
[64.0, 128.0, 661.0, 924.0]
[128.0, 144.0, 726.0, 941.0]
[64.0, 112.0, 662.0, 910.0]
[96.0, 64.0, 695.0, 863.0]
[48.0, 80.0, 648.0, 880.0]
[48.0, 144.0, 649.0, 945.0]
[64.0, 64.0, 666.0, 866.0]
[80.0, 128.0, 682.0, 931.0]
[64.0, 112.0, 667.0, 916.0]
[48.0, 96.0, 652.0, 901.0]
[112.0, 144.0, 716.0, 950.0]
[48.0, 48.0, 653.0, 855.0]
[80.0, 0.0, 686.0, 808.0]
[112.0, 160.0, 719.0, 969.0]
[32.0, 32.0, 640.0, 842.0]
[32.0, 32.0, 640.0, 843.0]
[128.0, 112.0, 737.0, 924.0]
[48.0, 16.0, 658.0, 829.0]
[48.0, 112.0, 658.0, 926.0]
[112.0, 96.0, 723.0, 911.0]
[32.0, 96.0, 644.0, 912.0]
[96.0, 48.0, 709.0, 865.0]
[48.0, 48.0, 662.0, 866.0]
[64.0, 48.0, 678.0, 867.0]
[48.0, 112.0, 663.0, 932.0]
[64.0, 112.0, 680.0, 933.0]
[32.0, 16.0, 648.0, 838.0]
[64.0, 80.0, 681.0, 903.0]
[96.0, 0.0, 714.0, 824.0]
[80.0, 112.0, 699.0, 937.0]
[112.0, 128.0, 732.0, 954.0]
[64.0, 48.0, 684.0, 875.0]
[64.0, 48.0, 685.0, 876.0]
[112.0, 16.0, 734.0, 845.0]
[96.0, 16.0, 718.0, 846.0]
[112.0, 32.0, 735.0, 863.0]
[96.0, 48.0, 720.0, 880.0]
[80.0, 128.0, 705.0, 961.0]
[112.0, 32.0, 738.0, 866.0]
[32.0, 64.0, 658.0, 899.0]
[48.0, 32.0, 675.0, 868.0]
[48.0, 80.0, 676.0, 917.0]
[80.0, 64.0, 708.0, 902.0]
[64.0, 64.0, 693.0, 903.0]
[80.0, 80.0, 710.0, 920.0]
[48.0, 0.0, 679.0, 841.0]
[48.0, 32.0, 680.0, 874.0]
[112.0, 80.0, 744.0, 923.0]
[96.0, 128.0, 729.0, 972.0]
[96.0, 144.0, 730.0, 989.0]
[80.0, 16.0, 714.0, 862.0]
[64.0, 112.0, 699.0, 959.0]
[96.0, 64.0, 732.0, 912.0]
[64.0, 64.0, 701.0, 913.0]
[96.0, 64.0, 734.0, 914.0]
[64.0, 64.0, 702.0, 915.0]
[32.0, 32.0, 671.0, 884.0]
[64.0, 32.0, 704.0, 885.0]
[32.0, 0.0, 672.0, 854.0]
[80.0, 96.0, 721.0, 951.0]
[96.0, 112.0, 738.0, 968.0]
[32.0, 16.0, 675.0, 873.0]
[80.0, 32.0, 724.0, 890.0]
[48.0, 32.0, 692.0, 891.0]
[96.0, 32.0, 741.0, 892.0]
[96.0, 128.0, 742.0, 989.0]
[48.0, 96.0, 694.0, 958.0]
[64.0, 32.0, 711.0, 895.0]
[48.0, 16.0, 696.0, 880.0]
[48.0, 0.0, 697.0, 865.0]
