[128.0, 128.0, 845.0, 666.0]
[16.0, 32.0, 734.0, 570.0]
[80.0, 128.0, 799.0, 667.0]
[128.0, 96.0, 848.0, 636.0]
[96.0, 32.0, 817.0, 573.0]
[32.0, 80.0, 754.0, 622.0]
[112.0, 48.0, 835.0, 590.0]
[112.0, 64.0, 836.0, 607.0]
[16.0, 32.0, 741.0, 576.0]
[16.0, 48.0, 742.0, 592.0]
[48.0, 80.0, 775.0, 625.0]
[64.0, 48.0, 792.0, 594.0]
[64.0, 112.0, 793.0, 659.0]
[64.0, 96.0, 794.0, 644.0]
[0.0, 112.0, 731.0, 660.0]
[128.0, 112.0, 860.0, 661.0]
[48.0, 80.0, 781.0, 630.0]
[0.0, 48.0, 734.0, 598.0]
[96.0, 112.0, 831.0, 663.0]
[96.0, 80.0, 832.0, 632.0]
[32.0, 80.0, 769.0, 633.0]
[16.0, 64.0, 754.0, 618.0]
[48.0, 16.0, 787.0, 570.0]
[32.0, 80.0, 772.0, 635.0]
[32.0, 96.0, 773.0, 652.0]
[80.0, 80.0, 822.0, 636.0]
[16.0, 96.0, 759.0, 653.0]
[64.0, 64.0, 808.0, 622.0]
[128.0, 32.0, 873.0, 591.0]
[16.0, 16.0, 762.0, 576.0]
[32.0, 48.0, 779.0, 608.0]
[16.0, 64.0, 764.0, 625.0]
[48.0, 16.0, 797.0, 578.0]
[112.0, 80.0, 862.0, 642.0]
[48.0, 96.0, 799.0, 659.0]
[128.0, 64.0, 880.0, 628.0]
[128.0, 16.0, 881.0, 581.0]
[80.0, 64.0, 834.0, 630.0]
[112.0, 96.0, 867.0, 662.0]
[112.0, 48.0, 868.0, 615.0]
[0.0, 48.0, 757.0, 616.0]
[96.0, 96.0, 854.0, 664.0]
[16.0, 16.0, 775.0, 585.0]
[48.0, 48.0, 808.0, 618.0]
[128.0, 16.0, 889.0, 587.0]
[96.0, 80.0, 858.0, 652.0]
[64.0, 32.0, 827.0, 604.0]
[112.0, 48.0, 876.0, 621.0]
[128.0, 48.0, 893.0, 622.0]
[0.0, 48.0, 766.0, 622.0]
[96.0, 80.0, 863.0, 655.0]
[80.0, 64.0, 848.0, 640.0]
[64.0, 80.0, 833.0, 657.0]
[128.0, 48.0, 898.0, 626.0]
[16.0, 32.0, 787.0, 610.0]
[48.0, 64.0, 820.0, 643.0]
[96.0, 32.0, 869.0, 612.0]
[16.0, 64.0, 790.0, 644.0]
[80.0, 64.0, 855.0, 645.0]
[80.0, 64.0, 856.0, 646.0]
[96.0, 64.0, 873.0, 647.0]
[64.0, 64.0, 842.0, 648.0]
[96.0, 32.0, 875.0, 616.0]
[32.0, 16.0, 812.0, 601.0]
[112.0, 48.0, 893.0, 634.0]
[32.0, 32.0, 814.0, 618.0]
[64.0, 48.0, 847.0, 635.0]
[112.0, 48.0, 896.0, 636.0]
[0.0, 48.0, 785.0, 637.0]
[112.0, 32.0, 898.0, 622.0]
[80.0, 48.0, 867.0, 638.0]
[16.0, 64.0, 804.0, 655.0]
[96.0, 48.0, 885.0, 640.0]
[80.0, 48.0, 870.0, 640.0]
[64.0, 48.0, 855.0, 641.0]
[16.0, 64.0, 808.0, 658.0]
[0.0, 32.0, 793.0, 627.0]
[80.0, 64.0, 874.0, 660.0]
[64.0, 64.0, 859.0, 660.0]
[112.0, 32.0, 908.0, 629.0]
[128.0, 32.0, 925.0, 630.0]
[112.0, 48.0, 910.0, 646.0]
[16.0, 64.0, 815.0, 663.0]
[64.0, 48.0, 864.0, 648.0]
[96.0, 32.0, 897.0, 633.0]
[32.0, 48.0, 834.0, 650.0]
[16.0, 48.0, 819.0, 650.0]
[0.0, 32.0, 804.0, 635.0]
[64.0, 48.0, 869.0, 652.0]
[80.0, 48.0, 886.0, 652.0]
[16.0, 32.0, 823.0, 637.0]
[128.0, 48.0, 936.0, 654.0]
[48.0, 32.0, 857.0, 639.0]
[128.0, 48.0, 938.0, 656.0]
[112.0, 32.0, 923.0, 640.0]
[80.0, 32.0, 892.0, 641.0]
[80.0, 48.0, 893.0, 658.0]
[112.0, 32.0, 926.0, 642.0]
[16.0, 32.0, 831.0, 643.0]
[96.0, 32.0, 912.0, 644.0]
[16.0, 32.0, 833.0, 645.0]
[16.0, 32.0, 834.0, 646.0]
[0.0, 32.0, 819.0, 646.0]
[96.0, 32.0, 916.0, 647.0]
[32.0, 48.0, 853.0, 664.0]
[64.0, 32.0, 886.0, 648.0]
[32.0, 32.0, 855.0, 649.0]
[112.0, 32.0, 936.0, 650.0]
[96.0, 32.0, 921.0, 651.0]
[32.0, 32.0, 858.0, 652.0]
[0.0, 32.0, 827.0, 652.0]
[128.0, 32.0, 956.0, 653.0]
[96.0, 32.0, 925.0, 654.0]
[32.0, 32.0, 862.0, 654.0]
[128.0, 32.0, 959.0, 655.0]
[64.0, 32.0, 896.0, 656.0]
[80.0, 32.0, 913.0, 657.0]
[48.0, 32.0, 882.0, 658.0]
[80.0, 32.0, 915.0, 658.0]
[112.0, 32.0, 948.0, 659.0]
[0.0, 32.0, 837.0, 660.0]
[64.0, 32.0, 902.0, 660.0]
[48.0, 32.0, 887.0, 661.0]
