[272.0, 96.0, 989.0, 634.0]
[144.0, 128.0, 862.0, 666.0]
[224.0, 96.0, 943.0, 635.0]
[160.0, 112.0, 880.0, 652.0]
[208.0, 112.0, 929.0, 653.0]
[192.0, 64.0, 914.0, 606.0]
[256.0, 96.0, 979.0, 638.0]
[96.0, 128.0, 820.0, 671.0]
[160.0, 112.0, 885.0, 656.0]
[128.0, 128.0, 854.0, 672.0]
[192.0, 112.0, 919.0, 657.0]
[224.0, 80.0, 952.0, 626.0]
[160.0, 128.0, 889.0, 675.0]
[176.0, 48.0, 906.0, 596.0]
[160.0, 112.0, 891.0, 660.0]
[160.0, 64.0, 892.0, 613.0]
[128.0, 128.0, 861.0, 678.0]
[160.0, 80.0, 894.0, 630.0]
[128.0, 96.0, 863.0, 647.0]
[240.0, 128.0, 976.0, 680.0]
[256.0, 96.0, 993.0, 649.0]
[240.0, 80.0, 978.0, 634.0]
[112.0, 96.0, 851.0, 650.0]
[128.0, 96.0, 868.0, 651.0]
[144.0, 64.0, 885.0, 620.0]
[128.0, 112.0, 870.0, 668.0]
[240.0, 80.0, 983.0, 637.0]
[176.0, 112.0, 920.0, 670.0]
[144.0, 112.0, 889.0, 671.0]
[208.0, 64.0, 954.0, 624.0]
[112.0, 96.0, 859.0, 656.0]
[192.0, 96.0, 940.0, 657.0]
[160.0, 80.0, 909.0, 642.0]
[208.0, 48.0, 958.0, 610.0]
[160.0, 48.0, 911.0, 611.0]
[240.0, 80.0, 992.0, 644.0]
[112.0, 112.0, 865.0, 677.0]
[208.0, 64.0, 962.0, 630.0]
[240.0, 96.0, 995.0, 662.0]
[208.0, 80.0, 964.0, 647.0]
[176.0, 48.0, 933.0, 616.0]
[96.0, 80.0, 854.0, 648.0]
[160.0, 64.0, 919.0, 633.0]
[240.0, 64.0, 1000.0, 634.0]
[160.0, 96.0, 921.0, 667.0]
[192.0, 48.0, 954.0, 620.0]
[208.0, 64.0, 971.0, 636.0]
[144.0, 80.0, 908.0, 653.0]
[176.0, 96.0, 941.0, 670.0]
[128.0, 64.0, 894.0, 638.0]
[208.0, 96.0, 975.0, 671.0]
[96.0, 96.0, 864.0, 672.0]
[128.0, 64.0, 897.0, 641.0]
[144.0, 80.0, 914.0, 658.0]
[144.0, 96.0, 915.0, 674.0]
[144.0, 96.0, 916.0, 675.0]
[128.0, 96.0, 901.0, 676.0]
[208.0, 96.0, 982.0, 676.0]
[96.0, 80.0, 871.0, 661.0]
[112.0, 96.0, 888.0, 678.0]
[144.0, 48.0, 921.0, 631.0]
[144.0, 64.0, 922.0, 648.0]
[112.0, 64.0, 891.0, 648.0]
[224.0, 64.0, 1004.0, 649.0]
[192.0, 64.0, 973.0, 650.0]
[224.0, 64.0, 1006.0, 650.0]
[160.0, 48.0, 943.0, 635.0]
[112.0, 64.0, 896.0, 652.0]
[176.0, 80.0, 961.0, 669.0]
[96.0, 80.0, 882.0, 670.0]
[176.0, 64.0, 963.0, 654.0]
[192.0, 48.0, 980.0, 639.0]
[160.0, 80.0, 949.0, 672.0]
[112.0, 64.0, 902.0, 656.0]
[192.0, 64.0, 983.0, 657.0]
[112.0, 64.0, 904.0, 658.0]
[176.0, 64.0, 969.0, 659.0]
[96.0, 80.0, 890.0, 676.0]
[96.0, 80.0, 891.0, 676.0]
[144.0, 48.0, 940.0, 645.0]
[112.0, 80.0, 909.0, 678.0]
[192.0, 64.0, 990.0, 662.0]
[128.0, 48.0, 927.0, 647.0]
[208.0, 64.0, 1008.0, 664.0]
[128.0, 64.0, 929.0, 665.0]
[192.0, 48.0, 994.0, 650.0]
[208.0, 48.0, 1011.0, 650.0]
[112.0, 64.0, 916.0, 667.0]
[144.0, 48.0, 949.0, 652.0]
[96.0, 64.0, 902.0, 668.0]
[128.0, 48.0, 935.0, 653.0]
[112.0, 48.0, 920.0, 654.0]
[208.0, 64.0, 1017.0, 671.0]
[112.0, 64.0, 922.0, 672.0]
[160.0, 64.0, 971.0, 672.0]
[128.0, 48.0, 940.0, 657.0]
[128.0, 48.0, 941.0, 658.0]
[192.0, 48.0, 1006.0, 658.0]
