[96.0, 32.0, 813.0, 570.0]
[128.0, 0.0, 846.0, 538.0]
[208.0, 64.0, 927.0, 603.0]
[32.0, 64.0, 752.0, 604.0]
[96.0, 0.0, 817.0, 541.0]
[64.0, 48.0, 786.0, 590.0]
[144.0, 0.0, 867.0, 542.0]
[80.0, 48.0, 804.0, 591.0]
[160.0, 80.0, 885.0, 624.0]
[224.0, 64.0, 950.0, 608.0]
[112.0, 96.0, 839.0, 641.0]
[176.0, 64.0, 904.0, 610.0]
[80.0, 32.0, 809.0, 579.0]
[80.0, 16.0, 810.0, 564.0]
[112.0, 64.0, 843.0, 612.0]
[32.0, 32.0, 764.0, 581.0]
[128.0, 80.0, 861.0, 630.0]
[144.0, 0.0, 878.0, 550.0]
[96.0, 96.0, 831.0, 647.0]
[128.0, 96.0, 864.0, 648.0]
[192.0, 48.0, 929.0, 601.0]
[144.0, 0.0, 882.0, 554.0]
[64.0, 64.0, 803.0, 618.0]
[32.0, 16.0, 772.0, 571.0]
[144.0, 96.0, 885.0, 652.0]
[32.0, 64.0, 774.0, 620.0]
[48.0, 48.0, 791.0, 605.0]
[208.0, 32.0, 952.0, 590.0]
[80.0, 16.0, 825.0, 575.0]
[176.0, 64.0, 922.0, 624.0]
[0.0, 64.0, 747.0, 624.0]
[0.0, 32.0, 748.0, 593.0]
[96.0, 16.0, 845.0, 578.0]
[48.0, 48.0, 798.0, 610.0]
[32.0, 96.0, 783.0, 659.0]
[176.0, 64.0, 928.0, 628.0]
[192.0, 48.0, 945.0, 613.0]
[16.0, 0.0, 770.0, 566.0]
[176.0, 0.0, 931.0, 566.0]
[48.0, 80.0, 804.0, 647.0]
[32.0, 32.0, 789.0, 600.0]
[64.0, 32.0, 822.0, 600.0]
[176.0, 16.0, 935.0, 585.0]
[144.0, 80.0, 904.0, 650.0]
[32.0, 96.0, 793.0, 667.0]
[32.0, 0.0, 794.0, 572.0]
[96.0, 32.0, 859.0, 604.0]
[160.0, 16.0, 924.0, 589.0]
[32.0, 64.0, 797.0, 638.0]
[48.0, 96.0, 814.0, 670.0]
[96.0, 32.0, 863.0, 607.0]
[128.0, 64.0, 896.0, 640.0]
[96.0, 32.0, 865.0, 609.0]
[64.0, 32.0, 834.0, 610.0]
[64.0, 0.0, 835.0, 578.0]
[0.0, 64.0, 772.0, 643.0]
[128.0, 96.0, 901.0, 676.0]
[16.0, 32.0, 790.0, 612.0]
[80.0, 16.0, 855.0, 597.0]
[48.0, 32.0, 824.0, 614.0]
[96.0, 64.0, 873.0, 647.0]
[80.0, 64.0, 858.0, 648.0]
[160.0, 16.0, 939.0, 600.0]
[160.0, 64.0, 940.0, 649.0]
[112.0, 0.0, 893.0, 586.0]
[144.0, 64.0, 926.0, 650.0]
[80.0, 32.0, 863.0, 619.0]
[160.0, 64.0, 944.0, 652.0]
[208.0, 16.0, 993.0, 605.0]
[208.0, 32.0, 994.0, 622.0]
[0.0, 64.0, 787.0, 654.0]
[80.0, 0.0, 868.0, 591.0]
[0.0, 0.0, 789.0, 592.0]
[0.0, 64.0, 790.0, 656.0]
[144.0, 64.0, 935.0, 657.0]
[128.0, 80.0, 920.0, 674.0]
[48.0, 16.0, 841.0, 611.0]
[32.0, 0.0, 826.0, 596.0]
[64.0, 32.0, 859.0, 628.0]
[144.0, 0.0, 940.0, 597.0]
[144.0, 64.0, 941.0, 662.0]
[80.0, 0.0, 878.0, 598.0]
[80.0, 64.0, 879.0, 663.0]
[128.0, 0.0, 928.0, 600.0]
[64.0, 32.0, 865.0, 633.0]
[64.0, 32.0, 866.0, 634.0]
[48.0, 32.0, 851.0, 634.0]
[192.0, 0.0, 996.0, 603.0]
[96.0, 48.0, 901.0, 652.0]
[128.0, 32.0, 934.0, 636.0]
[64.0, 32.0, 871.0, 637.0]
[128.0, 0.0, 936.0, 606.0]
[32.0, 0.0, 841.0, 607.0]
[0.0, 48.0, 810.0, 656.0]
[32.0, 64.0, 843.0, 672.0]
[160.0, 48.0, 972.0, 657.0]
[80.0, 48.0, 893.0, 658.0]
[16.0, 64.0, 830.0, 674.0]
[176.0, 32.0, 991.0, 643.0]
[64.0, 96.0, 880.0, 708.0]
[160.0, 48.0, 977.0, 661.0]
[16.0, 16.0, 834.0, 630.0]
[48.0, 48.0, 867.0, 662.0]
[80.0, 0.0, 900.0, 615.0]
[16.0, 16.0, 837.0, 632.0]
[112.0, 32.0, 934.0, 648.0]
[32.0, 96.0, 855.0, 713.0]
[96.0, 80.0, 920.0, 698.0]
[48.0, 32.0, 873.0, 651.0]
[112.0, 0.0, 938.0, 620.0]
[48.0, 48.0, 875.0, 668.0]
[32.0, 0.0, 860.0, 621.0]
[64.0, 16.0, 893.0, 638.0]
[160.0, 0.0, 990.0, 622.0]
[96.0, 48.0, 927.0, 671.0]
[16.0, 32.0, 848.0, 656.0]
[112.0, 32.0, 945.0, 657.0]
[16.0, 80.0, 850.0, 706.0]
[128.0, 48.0, 963.0, 674.0]
[128.0, 16.0, 964.0, 643.0]
[80.0, 48.0, 917.0, 676.0]
[80.0, 0.0, 918.0, 628.0]
[96.0, 16.0, 935.0, 645.0]
[0.0, 48.0, 840.0, 678.0]
[128.0, 0.0, 969.0, 631.0]
[16.0, 0.0, 858.0, 632.0]
[48.0, 16.0, 891.0, 648.0]
[96.0, 80.0, 940.0, 713.0]
[32.0, 16.0, 877.0, 650.0]
[0.0, 80.0, 846.0, 714.0]
[32.0, 80.0, 879.0, 715.0]
[0.0, 16.0, 848.0, 652.0]
[96.0, 32.0, 945.0, 669.0]
[144.0, 0.0, 994.0, 638.0]
[96.0, 64.0, 947.0, 702.0]
[32.0, 16.0, 884.0, 655.0]
[0.0, 32.0, 853.0, 672.0]
[64.0, 80.0, 918.0, 720.0]
[96.0, 32.0, 951.0, 673.0]
[128.0, 48.0, 984.0, 690.0]
[16.0, 80.0, 873.0, 723.0]
[48.0, 64.0, 906.0, 708.0]
[32.0, 64.0, 891.0, 708.0]
[48.0, 96.0, 908.0, 741.0]
[80.0, 0.0, 941.0, 646.0]
[80.0, 0.0, 942.0, 646.0]
[0.0, 48.0, 863.0, 695.0]
[48.0, 48.0, 912.0, 696.0]
[32.0, 64.0, 897.0, 713.0]
[80.0, 64.0, 946.0, 714.0]
[0.0, 16.0, 867.0, 666.0]
[48.0, 48.0, 916.0, 699.0]
[64.0, 64.0, 933.0, 716.0]
[32.0, 80.0, 902.0, 732.0]
[64.0, 64.0, 935.0, 717.0]
[80.0, 0.0, 952.0, 654.0]
[0.0, 48.0, 873.0, 703.0]
[96.0, 0.0, 970.0, 656.0]
[16.0, 80.0, 891.0, 736.0]
[48.0, 64.0, 924.0, 721.0]
[32.0, 80.0, 909.0, 738.0]
[48.0, 0.0, 926.0, 658.0]
[80.0, 48.0, 959.0, 707.0]
[0.0, 64.0, 880.0, 724.0]
[0.0, 32.0, 881.0, 693.0]
[0.0, 32.0, 882.0, 694.0]
[32.0, 64.0, 915.0, 726.0]
[64.0, 64.0, 948.0, 727.0]
[96.0, 48.0, 981.0, 712.0]
[64.0, 16.0, 950.0, 680.0]
[0.0, 80.0, 887.0, 745.0]
[0.0, 32.0, 888.0, 698.0]
[0.0, 0.0, 889.0, 667.0]
[48.0, 16.0, 938.0, 684.0]
[64.0, 64.0, 955.0, 732.0]
[64.0, 16.0, 956.0, 685.0]
[112.0, 32.0, 1005.0, 702.0]
[80.0, 16.0, 974.0, 686.0]
[64.0, 16.0, 959.0, 687.0]
[48.0, 32.0, 944.0, 704.0]
[48.0, 0.0, 945.0, 673.0]
[32.0, 48.0, 930.0, 722.0]
[32.0, 32.0, 931.0, 706.0]
[16.0, 16.0, 916.0, 691.0]
[0.0, 16.0, 901.0, 692.0]
[96.0, 32.0, 998.0, 708.0]
[0.0, 32.0, 903.0, 709.0]
[96.0, 16.0, 1000.0, 694.0]
[64.0, 0.0, 969.0, 679.0]
[80.0, 16.0, 986.0, 696.0]
[32.0, 48.0, 939.0, 728.0]
[16.0, 48.0, 924.0, 729.0]
[80.0, 16.0, 989.0, 698.0]
[96.0, 16.0, 1006.0, 698.0]
[48.0, 32.0, 959.0, 715.0]
[16.0, 64.0, 928.0, 748.0]
[96.0, 16.0, 1009.0, 701.0]
[0.0, 0.0, 914.0, 686.0]
[80.0, 32.0, 995.0, 718.0]
[64.0, 16.0, 980.0, 703.0]
[0.0, 48.0, 917.0, 736.0]
[48.0, 48.0, 966.0, 736.0]
[16.0, 64.0, 935.0, 753.0]
[16.0, 64.0, 936.0, 754.0]
[80.0, 32.0, 1001.0, 723.0]
[64.0, 0.0, 986.0, 692.0]
[0.0, 32.0, 923.0, 724.0]
[0.0, 16.0, 924.0, 709.0]
[16.0, 48.0, 941.0, 742.0]
[16.0, 16.0, 942.0, 710.0]
[48.0, 48.0, 975.0, 743.0]
[48.0, 0.0, 976.0, 696.0]
[16.0, 32.0, 945.0, 729.0]
[32.0, 16.0, 962.0, 714.0]
[48.0, 16.0, 979.0, 714.0]
[16.0, 48.0, 948.0, 747.0]
[48.0, 48.0, 981.0, 748.0]
[48.0, 48.0, 982.0, 748.0]
[48.0, 48.0, 983.0, 749.0]
[64.0, 32.0, 1000.0, 734.0]
[48.0, 32.0, 985.0, 735.0]
[32.0, 32.0, 970.0, 736.0]
[48.0, 16.0, 987.0, 720.0]
[64.0, 0.0, 1004.0, 705.0]
[32.0, 48.0, 973.0, 754.0]
[64.0, 16.0, 1006.0, 722.0]
[16.0, 16.0, 959.0, 723.0]
[16.0, 48.0, 960.0, 756.0]
[64.0, 16.0, 1009.0, 725.0]
[32.0, 32.0, 978.0, 742.0]
[64.0, 32.0, 1011.0, 742.0]
[16.0, 16.0, 964.0, 727.0]
[32.0, 16.0, 981.0, 728.0]
[48.0, 32.0, 998.0, 744.0]
[32.0, 32.0, 983.0, 745.0]
[16.0, 16.0, 968.0, 730.0]
[32.0, 32.0, 985.0, 747.0]
[0.0, 0.0, 954.0, 716.0]
[0.0, 32.0, 955.0, 748.0]
[0.0, 32.0, 956.0, 749.0]
[0.0, 0.0, 957.0, 718.0]
[32.0, 32.0, 990.0, 750.0]
[32.0, 16.0, 991.0, 735.0]
[32.0, 32.0, 992.0, 752.0]
[32.0, 0.0, 993.0, 721.0]
[48.0, 0.0, 1010.0, 722.0]
[0.0, 0.0, 963.0, 722.0]
[16.0, 16.0, 980.0, 739.0]
[16.0, 32.0, 981.0, 756.0]
[32.0, 0.0, 998.0, 724.0]
[16.0, 0.0, 983.0, 725.0]
