[192.0, 0.0, 909.0, 538.0]
[16.0, 16.0, 734.0, 554.0]
[96.0, 64.0, 815.0, 603.0]
[160.0, 64.0, 880.0, 604.0]
[144.0, 64.0, 865.0, 605.0]
[80.0, 16.0, 802.0, 558.0]
[80.0, 16.0, 803.0, 558.0]
[0.0, 0.0, 724.0, 543.0]
[80.0, 0.0, 805.0, 544.0]
[192.0, 16.0, 918.0, 560.0]
[16.0, 0.0, 743.0, 545.0]
[0.0, 16.0, 728.0, 562.0]
[112.0, 48.0, 841.0, 595.0]
[208.0, 16.0, 938.0, 564.0]
[128.0, 64.0, 859.0, 612.0]
[80.0, 32.0, 812.0, 581.0]
[16.0, 32.0, 749.0, 582.0]
[32.0, 0.0, 766.0, 550.0]
[48.0, 32.0, 783.0, 583.0]
[208.0, 32.0, 944.0, 584.0]
[160.0, 32.0, 897.0, 585.0]
[16.0, 0.0, 754.0, 554.0]
[0.0, 16.0, 739.0, 570.0]
[96.0, 16.0, 836.0, 571.0]
[176.0, 32.0, 917.0, 588.0]
[0.0, 0.0, 742.0, 556.0]
[48.0, 16.0, 791.0, 573.0]
[128.0, 64.0, 872.0, 622.0]
[80.0, 32.0, 825.0, 591.0]
[48.0, 48.0, 794.0, 608.0]
[112.0, 48.0, 859.0, 608.0]
[112.0, 16.0, 860.0, 577.0]
[144.0, 48.0, 893.0, 610.0]
[48.0, 16.0, 798.0, 578.0]
[80.0, 64.0, 831.0, 627.0]
[128.0, 0.0, 880.0, 564.0]
[96.0, 32.0, 849.0, 597.0]
[48.0, 48.0, 802.0, 614.0]
[16.0, 48.0, 771.0, 614.0]
[80.0, 16.0, 836.0, 583.0]
[96.0, 64.0, 853.0, 632.0]
[64.0, 64.0, 822.0, 632.0]
[48.0, 32.0, 807.0, 601.0]
[16.0, 0.0, 776.0, 570.0]
[128.0, 16.0, 889.0, 587.0]
[32.0, 48.0, 794.0, 620.0]
[80.0, 64.0, 843.0, 636.0]
[80.0, 64.0, 844.0, 637.0]
[80.0, 32.0, 845.0, 606.0]
[64.0, 64.0, 830.0, 638.0]
[112.0, 32.0, 879.0, 607.0]
[128.0, 48.0, 896.0, 624.0]
[48.0, 64.0, 817.0, 641.0]
[144.0, 48.0, 914.0, 626.0]
[144.0, 48.0, 915.0, 626.0]
[176.0, 16.0, 948.0, 595.0]
[16.0, 48.0, 789.0, 628.0]
[160.0, 16.0, 934.0, 596.0]
[0.0, 0.0, 775.0, 581.0]
[128.0, 0.0, 904.0, 582.0]
[96.0, 0.0, 873.0, 583.0]
[144.0, 48.0, 922.0, 632.0]
[16.0, 48.0, 795.0, 632.0]
[128.0, 48.0, 908.0, 633.0]
[144.0, 16.0, 925.0, 602.0]
[128.0, 16.0, 910.0, 602.0]
[64.0, 64.0, 847.0, 651.0]
[160.0, 0.0, 944.0, 588.0]
[112.0, 48.0, 897.0, 637.0]
[112.0, 64.0, 898.0, 654.0]
[16.0, 32.0, 803.0, 622.0]
[64.0, 32.0, 852.0, 623.0]
[0.0, 16.0, 789.0, 608.0]
[48.0, 64.0, 838.0, 656.0]
[96.0, 48.0, 887.0, 641.0]
[16.0, 16.0, 808.0, 610.0]
[32.0, 16.0, 825.0, 611.0]
[16.0, 16.0, 810.0, 612.0]
[160.0, 16.0, 955.0, 612.0]
[64.0, 64.0, 860.0, 661.0]
[80.0, 32.0, 877.0, 630.0]
[80.0, 64.0, 878.0, 662.0]
[16.0, 32.0, 815.0, 631.0]
[32.0, 48.0, 832.0, 648.0]
[112.0, 0.0, 913.0, 601.0]
[16.0, 48.0, 818.0, 650.0]
[144.0, 32.0, 947.0, 634.0]
[128.0, 32.0, 932.0, 635.0]
[48.0, 64.0, 853.0, 668.0]
[96.0, 32.0, 902.0, 636.0]
[128.0, 0.0, 935.0, 605.0]
[48.0, 0.0, 856.0, 606.0]
[96.0, 16.0, 905.0, 623.0]
[112.0, 0.0, 922.0, 608.0]
[32.0, 32.0, 843.0, 640.0]
[16.0, 32.0, 828.0, 641.0]
[96.0, 0.0, 909.0, 610.0]
[64.0, 0.0, 878.0, 610.0]
[112.0, 0.0, 927.0, 611.0]
[96.0, 48.0, 912.0, 660.0]
[80.0, 16.0, 897.0, 629.0]
[64.0, 16.0, 882.0, 630.0]
[96.0, 0.0, 915.0, 614.0]
[128.0, 32.0, 948.0, 647.0]
[112.0, 16.0, 933.0, 632.0]
[32.0, 16.0, 854.0, 632.0]
[112.0, 16.0, 935.0, 633.0]
[96.0, 0.0, 920.0, 618.0]
[64.0, 32.0, 889.0, 651.0]
[48.0, 32.0, 874.0, 652.0]
[96.0, 16.0, 923.0, 636.0]
[0.0, 32.0, 828.0, 653.0]
[80.0, 48.0, 909.0, 670.0]
[32.0, 0.0, 862.0, 622.0]
[32.0, 32.0, 863.0, 655.0]
[96.0, 48.0, 928.0, 672.0]
[64.0, 0.0, 897.0, 625.0]
[64.0, 0.0, 898.0, 626.0]
[32.0, 32.0, 867.0, 658.0]
[16.0, 48.0, 852.0, 675.0]
[0.0, 16.0, 837.0, 644.0]
[0.0, 32.0, 838.0, 660.0]
[96.0, 16.0, 935.0, 645.0]
[48.0, 16.0, 888.0, 646.0]
[96.0, 0.0, 937.0, 631.0]
[80.0, 16.0, 922.0, 648.0]
[48.0, 16.0, 891.0, 648.0]
[0.0, 0.0, 844.0, 633.0]
[96.0, 16.0, 941.0, 650.0]
[32.0, 48.0, 878.0, 682.0]
[16.0, 32.0, 863.0, 667.0]
[96.0, 16.0, 944.0, 652.0]
[64.0, 16.0, 913.0, 653.0]
[96.0, 16.0, 946.0, 654.0]
[32.0, 16.0, 883.0, 654.0]
[48.0, 16.0, 900.0, 655.0]
[16.0, 0.0, 869.0, 640.0]
[0.0, 0.0, 854.0, 640.0]
[96.0, 16.0, 951.0, 657.0]
[16.0, 0.0, 872.0, 642.0]
[0.0, 16.0, 857.0, 659.0]
[48.0, 32.0, 906.0, 676.0]
[96.0, 16.0, 955.0, 660.0]
[0.0, 16.0, 860.0, 661.0]
[64.0, 0.0, 925.0, 646.0]
[48.0, 0.0, 910.0, 646.0]
[80.0, 16.0, 943.0, 663.0]
[48.0, 16.0, 912.0, 664.0]
[0.0, 0.0, 865.0, 649.0]
[32.0, 0.0, 898.0, 650.0]
[0.0, 32.0, 867.0, 682.0]
[32.0, 0.0, 900.0, 651.0]
[16.0, 0.0, 885.0, 652.0]
[64.0, 16.0, 934.0, 668.0]
[64.0, 16.0, 935.0, 669.0]
[16.0, 16.0, 888.0, 670.0]
[0.0, 16.0, 873.0, 671.0]
[16.0, 16.0, 890.0, 672.0]
[16.0, 16.0, 891.0, 672.0]
[0.0, 16.0, 876.0, 673.0]
[16.0, 16.0, 893.0, 674.0]
[64.0, 0.0, 942.0, 658.0]
[32.0, 16.0, 911.0, 675.0]
[0.0, 0.0, 880.0, 660.0]
[16.0, 16.0, 897.0, 677.0]
[64.0, 16.0, 946.0, 678.0]
[48.0, 0.0, 931.0, 662.0]
[48.0, 16.0, 932.0, 679.0]
[32.0, 16.0, 917.0, 680.0]
[32.0, 0.0, 918.0, 664.0]
[64.0, 0.0, 951.0, 665.0]
[64.0, 0.0, 952.0, 666.0]
[32.0, 16.0, 921.0, 683.0]
[48.0, 0.0, 938.0, 668.0]
[48.0, 0.0, 939.0, 668.0]
[32.0, 0.0, 924.0, 669.0]
[0.0, 0.0, 893.0, 670.0]
[32.0, 0.0, 926.0, 670.0]
[32.0, 0.0, 927.0, 671.0]
[16.0, 0.0, 912.0, 672.0]
[16.0, 0.0, 913.0, 673.0]
[0.0, 0.0, 898.0, 674.0]
[32.0, 0.0, 931.0, 674.0]
[0.0, 0.0, 900.0, 675.0]
[0.0, 0.0, 901.0, 676.0]
[16.0, 0.0, 918.0, 676.0]
[0.0, 0.0, 903.0, 677.0]
[0.0, 0.0, 904.0, 678.0]
[16.0, 0.0, 921.0, 679.0]
[48.0, 0.0, 954.0, 680.0]
[48.0, 0.0, 955.0, 680.0]
[0.0, 0.0, 908.0, 681.0]
[32.0, 0.0, 941.0, 682.0]
[32.0, 0.0, 942.0, 682.0]
[32.0, 0.0, 943.0, 683.0]
