[208.0, 32.0, 925.0, 570.0]
[96.0, 0.0, 814.0, 538.0]
[32.0, 32.0, 751.0, 571.0]
[208.0, 32.0, 928.0, 572.0]
[16.0, 48.0, 737.0, 589.0]
[128.0, 32.0, 850.0, 574.0]
[0.0, 32.0, 723.0, 574.0]
[64.0, 16.0, 788.0, 559.0]
[112.0, 48.0, 837.0, 592.0]
[160.0, 16.0, 886.0, 560.0]
[224.0, 32.0, 951.0, 577.0]
[32.0, 16.0, 760.0, 562.0]
[208.0, 48.0, 937.0, 595.0]
[144.0, 48.0, 874.0, 596.0]
[112.0, 16.0, 843.0, 564.0]
[144.0, 0.0, 876.0, 549.0]
[128.0, 32.0, 861.0, 582.0]
[192.0, 48.0, 926.0, 598.0]
[16.0, 0.0, 751.0, 551.0]
[192.0, 32.0, 928.0, 584.0]
[48.0, 32.0, 785.0, 585.0]
[176.0, 16.0, 914.0, 570.0]
[160.0, 16.0, 899.0, 570.0]
[64.0, 16.0, 804.0, 571.0]
[144.0, 0.0, 885.0, 556.0]
[80.0, 48.0, 822.0, 604.0]
[32.0, 48.0, 775.0, 605.0]
[224.0, 32.0, 968.0, 590.0]
[48.0, 48.0, 793.0, 607.0]
[176.0, 32.0, 922.0, 592.0]
[80.0, 48.0, 827.0, 608.0]
[224.0, 32.0, 972.0, 593.0]
[128.0, 32.0, 877.0, 594.0]
[0.0, 0.0, 750.0, 562.0]
[64.0, 48.0, 815.0, 611.0]
[64.0, 0.0, 816.0, 564.0]
[208.0, 32.0, 961.0, 597.0]
[176.0, 16.0, 930.0, 582.0]
[32.0, 48.0, 787.0, 614.0]
[192.0, 16.0, 948.0, 583.0]
[48.0, 0.0, 805.0, 568.0]
[192.0, 0.0, 950.0, 568.0]
[16.0, 16.0, 775.0, 585.0]
[144.0, 0.0, 904.0, 570.0]
[160.0, 16.0, 921.0, 587.0]
[0.0, 0.0, 762.0, 572.0]
[0.0, 0.0, 763.0, 572.0]
[32.0, 0.0, 796.0, 573.0]
[112.0, 16.0, 877.0, 590.0]
[176.0, 0.0, 942.0, 574.0]
[96.0, 0.0, 863.0, 575.0]
[128.0, 0.0, 896.0, 576.0]
[112.0, 16.0, 881.0, 593.0]
[192.0, 32.0, 962.0, 610.0]
[32.0, 16.0, 803.0, 594.0]
[32.0, 32.0, 804.0, 611.0]
[80.0, 32.0, 853.0, 612.0]
[96.0, 0.0, 870.0, 580.0]
[160.0, 0.0, 935.0, 581.0]
[176.0, 32.0, 952.0, 614.0]
[64.0, 0.0, 841.0, 583.0]
[112.0, 16.0, 890.0, 600.0]
[176.0, 0.0, 955.0, 584.0]
[192.0, 0.0, 972.0, 585.0]
[16.0, 16.0, 797.0, 602.0]
[48.0, 0.0, 830.0, 586.0]
[32.0, 16.0, 815.0, 603.0]
[160.0, 0.0, 944.0, 588.0]
[96.0, 16.0, 881.0, 605.0]
[96.0, 16.0, 882.0, 606.0]
[128.0, 0.0, 915.0, 590.0]
[64.0, 0.0, 852.0, 591.0]
[32.0, 0.0, 821.0, 592.0]
[176.0, 0.0, 966.0, 592.0]
[48.0, 0.0, 839.0, 593.0]
[0.0, 0.0, 792.0, 594.0]
[112.0, 0.0, 905.0, 595.0]
[112.0, 16.0, 906.0, 612.0]
[144.0, 16.0, 939.0, 612.0]
[64.0, 0.0, 860.0, 597.0]
[0.0, 0.0, 797.0, 598.0]
[160.0, 0.0, 958.0, 598.0]
[48.0, 16.0, 847.0, 615.0]
[16.0, 0.0, 816.0, 600.0]
[32.0, 0.0, 833.0, 601.0]
[160.0, 0.0, 962.0, 602.0]
[32.0, 0.0, 835.0, 602.0]
[0.0, 0.0, 804.0, 603.0]
[16.0, 0.0, 821.0, 604.0]
[96.0, 0.0, 902.0, 604.0]
[176.0, 0.0, 983.0, 605.0]
[144.0, 0.0, 952.0, 606.0]
[0.0, 0.0, 809.0, 607.0]
[160.0, 0.0, 970.0, 608.0]
[128.0, 0.0, 939.0, 608.0]
[16.0, 0.0, 828.0, 609.0]
[0.0, 0.0, 813.0, 610.0]
[160.0, 0.0, 974.0, 610.0]
[128.0, 0.0, 943.0, 611.0]
[144.0, 0.0, 960.0, 612.0]
[144.0, 0.0, 961.0, 613.0]
[64.0, 0.0, 882.0, 614.0]
[48.0, 0.0, 867.0, 614.0]
[144.0, 0.0, 964.0, 615.0]
