[64.0, 48.0, 805.0, 604.0]
[224.0, 64.0, 966.0, 620.0]
[112.0, 32.0, 855.0, 589.0]
[48.0, 80.0, 792.0, 638.0]
[80.0, 48.0, 825.0, 607.0]
[192.0, 48.0, 938.0, 608.0]
[48.0, 80.0, 795.0, 640.0]
[176.0, 96.0, 924.0, 657.0]
[64.0, 96.0, 813.0, 658.0]
[48.0, 80.0, 798.0, 642.0]
[160.0, 32.0, 911.0, 595.0]
[240.0, 64.0, 992.0, 628.0]
[48.0, 64.0, 801.0, 629.0]
[224.0, 48.0, 978.0, 614.0]
[32.0, 64.0, 787.0, 630.0]
[64.0, 80.0, 820.0, 647.0]
[80.0, 96.0, 837.0, 664.0]
[240.0, 32.0, 998.0, 600.0]
[128.0, 16.0, 887.0, 585.0]
[192.0, 96.0, 952.0, 666.0]
[112.0, 32.0, 873.0, 603.0]
[160.0, 64.0, 922.0, 636.0]
[112.0, 32.0, 875.0, 604.0]
[112.0, 48.0, 876.0, 621.0]
[160.0, 96.0, 925.0, 670.0]
[144.0, 96.0, 910.0, 670.0]
[160.0, 80.0, 927.0, 655.0]
[192.0, 96.0, 960.0, 672.0]
[160.0, 64.0, 929.0, 641.0]
[48.0, 80.0, 818.0, 658.0]
[80.0, 32.0, 851.0, 610.0]
[112.0, 48.0, 884.0, 627.0]
[96.0, 48.0, 869.0, 628.0]
[32.0, 48.0, 806.0, 628.0]
[128.0, 0.0, 903.0, 581.0]
[224.0, 48.0, 1000.0, 630.0]
[48.0, 96.0, 825.0, 679.0]
[208.0, 64.0, 986.0, 648.0]
[16.0, 80.0, 795.0, 664.0]
[192.0, 0.0, 972.0, 585.0]
[96.0, 0.0, 877.0, 586.0]
[240.0, 32.0, 1022.0, 618.0]
[208.0, 80.0, 991.0, 667.0]
[192.0, 80.0, 976.0, 668.0]
[224.0, 16.0, 1009.0, 605.0]
[224.0, 64.0, 1010.0, 654.0]
[96.0, 16.0, 883.0, 606.0]
[96.0, 48.0, 884.0, 639.0]
[208.0, 16.0, 997.0, 608.0]
[208.0, 0.0, 998.0, 592.0]
[48.0, 16.0, 839.0, 609.0]
[96.0, 80.0, 888.0, 674.0]
[0.0, 64.0, 793.0, 659.0]
[160.0, 32.0, 954.0, 628.0]
[160.0, 32.0, 955.0, 628.0]
[64.0, 80.0, 860.0, 677.0]
[160.0, 64.0, 957.0, 662.0]
[16.0, 64.0, 814.0, 662.0]
[192.0, 16.0, 991.0, 615.0]
[112.0, 48.0, 912.0, 648.0]
[48.0, 48.0, 849.0, 649.0]
[144.0, 64.0, 946.0, 666.0]
[128.0, 48.0, 931.0, 650.0]
[96.0, 64.0, 900.0, 667.0]
[128.0, 16.0, 933.0, 620.0]
[48.0, 48.0, 854.0, 652.0]
[128.0, 32.0, 935.0, 637.0]
[64.0, 32.0, 872.0, 638.0]
[160.0, 64.0, 969.0, 671.0]
[48.0, 16.0, 858.0, 624.0]
[96.0, 16.0, 907.0, 624.0]
[192.0, 16.0, 1004.0, 625.0]
[64.0, 48.0, 877.0, 658.0]
[80.0, 32.0, 894.0, 642.0]
[96.0, 32.0, 911.0, 643.0]
[128.0, 16.0, 944.0, 628.0]
[128.0, 64.0, 945.0, 677.0]
[192.0, 64.0, 1010.0, 678.0]
[160.0, 16.0, 979.0, 630.0]
[112.0, 32.0, 932.0, 647.0]
[16.0, 32.0, 837.0, 648.0]
[160.0, 32.0, 982.0, 648.0]
[0.0, 48.0, 823.0, 665.0]
[16.0, 0.0, 840.0, 618.0]
[112.0, 64.0, 937.0, 683.0]
[112.0, 32.0, 938.0, 652.0]
[160.0, 16.0, 987.0, 636.0]
[176.0, 32.0, 1004.0, 653.0]
[64.0, 32.0, 893.0, 654.0]
[64.0, 0.0, 894.0, 622.0]
[112.0, 0.0, 943.0, 623.0]
[176.0, 0.0, 1008.0, 624.0]
[64.0, 48.0, 897.0, 673.0]
[64.0, 48.0, 898.0, 674.0]
[160.0, 48.0, 995.0, 674.0]
[16.0, 32.0, 852.0, 659.0]
[112.0, 0.0, 949.0, 628.0]
[0.0, 32.0, 838.0, 660.0]
[128.0, 0.0, 967.0, 629.0]
[0.0, 48.0, 840.0, 678.0]
[48.0, 32.0, 889.0, 663.0]
[112.0, 48.0, 954.0, 680.0]
[16.0, 16.0, 859.0, 648.0]
[48.0, 48.0, 892.0, 681.0]
[128.0, 0.0, 973.0, 634.0]
[16.0, 32.0, 862.0, 666.0]
[80.0, 16.0, 927.0, 651.0]
[176.0, 16.0, 1024.0, 652.0]
[112.0, 32.0, 961.0, 669.0]
[144.0, 32.0, 994.0, 670.0]
[80.0, 0.0, 931.0, 638.0]
[0.0, 16.0, 852.0, 655.0]
[0.0, 16.0, 853.0, 656.0]
[48.0, 32.0, 902.0, 672.0]
[0.0, 16.0, 855.0, 657.0]
[112.0, 16.0, 968.0, 658.0]
[128.0, 32.0, 985.0, 675.0]
[16.0, 16.0, 874.0, 660.0]
[144.0, 16.0, 1003.0, 660.0]
[80.0, 0.0, 940.0, 645.0]
[128.0, 32.0, 989.0, 678.0]
[64.0, 16.0, 926.0, 662.0]
[32.0, 32.0, 895.0, 679.0]
[128.0, 32.0, 992.0, 680.0]
[112.0, 0.0, 977.0, 649.0]
[16.0, 32.0, 882.0, 682.0]
[96.0, 16.0, 963.0, 666.0]
[48.0, 0.0, 916.0, 651.0]
[96.0, 0.0, 965.0, 652.0]
[128.0, 16.0, 998.0, 668.0]
[48.0, 0.0, 919.0, 653.0]
[144.0, 16.0, 1016.0, 670.0]
[0.0, 16.0, 873.0, 671.0]
[32.0, 0.0, 906.0, 656.0]
[96.0, 16.0, 971.0, 672.0]
[32.0, 0.0, 908.0, 657.0]
[112.0, 0.0, 989.0, 658.0]
[64.0, 16.0, 942.0, 674.0]
[112.0, 16.0, 991.0, 675.0]
[96.0, 16.0, 976.0, 676.0]
[16.0, 16.0, 897.0, 677.0]
[0.0, 16.0, 882.0, 678.0]
[80.0, 0.0, 963.0, 662.0]
[112.0, 0.0, 996.0, 663.0]
[48.0, 16.0, 933.0, 680.0]
[16.0, 0.0, 902.0, 664.0]
[128.0, 0.0, 1015.0, 665.0]
[48.0, 16.0, 936.0, 682.0]
[32.0, 0.0, 921.0, 667.0]
[64.0, 0.0, 954.0, 668.0]
[48.0, 0.0, 939.0, 668.0]
[16.0, 0.0, 908.0, 669.0]
[96.0, 0.0, 989.0, 670.0]
[64.0, 0.0, 958.0, 670.0]
[96.0, 0.0, 991.0, 671.0]
[0.0, 0.0, 896.0, 672.0]
[32.0, 0.0, 929.0, 673.0]
[96.0, 0.0, 994.0, 674.0]
[16.0, 0.0, 915.0, 674.0]
[48.0, 0.0, 948.0, 675.0]
[64.0, 0.0, 965.0, 676.0]
[80.0, 0.0, 982.0, 676.0]
[0.0, 0.0, 903.0, 677.0]
[112.0, 0.0, 1016.0, 678.0]
[32.0, 0.0, 937.0, 679.0]
[32.0, 0.0, 938.0, 680.0]
[64.0, 0.0, 971.0, 680.0]
[0.0, 0.0, 908.0, 681.0]
[96.0, 0.0, 1005.0, 682.0]
[112.0, 0.0, 1022.0, 682.0]
[112.0, 0.0, 1023.0, 683.0]
