[112.0, 48.0, 861.0, 610.0]
[192.0, 96.0, 942.0, 658.0]
[128.0, 48.0, 879.0, 611.0]
[144.0, 32.0, 896.0, 596.0]
[80.0, 64.0, 833.0, 629.0]
[160.0, 64.0, 914.0, 630.0]
[176.0, 80.0, 931.0, 646.0]
[96.0, 96.0, 852.0, 663.0]
[112.0, 96.0, 869.0, 664.0]
[96.0, 112.0, 854.0, 680.0]
[32.0, 32.0, 791.0, 601.0]
[80.0, 96.0, 840.0, 666.0]
[112.0, 80.0, 873.0, 651.0]
[96.0, 48.0, 858.0, 620.0]
[144.0, 64.0, 907.0, 636.0]
[112.0, 48.0, 876.0, 621.0]
[128.0, 48.0, 893.0, 622.0]
[160.0, 64.0, 926.0, 638.0]
[128.0, 48.0, 895.0, 623.0]
[176.0, 48.0, 944.0, 624.0]
[96.0, 64.0, 865.0, 641.0]
[128.0, 80.0, 898.0, 658.0]
[112.0, 32.0, 883.0, 610.0]
[128.0, 64.0, 900.0, 643.0]
[192.0, 64.0, 965.0, 644.0]
[144.0, 64.0, 918.0, 644.0]
[224.0, 48.0, 999.0, 629.0]
[176.0, 48.0, 952.0, 630.0]
[80.0, 96.0, 857.0, 679.0]
[48.0, 64.0, 826.0, 648.0]
[144.0, 96.0, 923.0, 680.0]
[96.0, 96.0, 876.0, 681.0]
[80.0, 32.0, 861.0, 618.0]
[112.0, 16.0, 894.0, 602.0]
[192.0, 48.0, 975.0, 635.0]
[96.0, 64.0, 880.0, 652.0]
[160.0, 80.0, 945.0, 669.0]
[192.0, 16.0, 978.0, 606.0]
[160.0, 0.0, 947.0, 590.0]
[32.0, 32.0, 820.0, 623.0]
[208.0, 16.0, 997.0, 608.0]
[16.0, 48.0, 806.0, 640.0]
[64.0, 48.0, 855.0, 641.0]
[80.0, 16.0, 872.0, 610.0]
[160.0, 112.0, 953.0, 707.0]
[208.0, 48.0, 1002.0, 644.0]
[160.0, 48.0, 955.0, 644.0]
[96.0, 64.0, 892.0, 661.0]
[16.0, 80.0, 813.0, 678.0]
[0.0, 80.0, 798.0, 678.0]
[176.0, 0.0, 975.0, 599.0]
[0.0, 32.0, 800.0, 632.0]
[48.0, 0.0, 849.0, 601.0]
[176.0, 16.0, 978.0, 618.0]
[112.0, 48.0, 915.0, 650.0]
[96.0, 0.0, 900.0, 603.0]
[128.0, 80.0, 933.0, 684.0]
[144.0, 112.0, 950.0, 716.0]
[176.0, 80.0, 983.0, 685.0]
[80.0, 48.0, 888.0, 654.0]
[96.0, 80.0, 905.0, 687.0]
[112.0, 32.0, 922.0, 640.0]
[96.0, 48.0, 907.0, 656.0]
[144.0, 32.0, 956.0, 641.0]
[176.0, 16.0, 989.0, 626.0]
[96.0, 16.0, 910.0, 626.0]
[32.0, 48.0, 847.0, 659.0]
[64.0, 0.0, 880.0, 612.0]
[176.0, 80.0, 993.0, 693.0]
[128.0, 96.0, 946.0, 710.0]
[0.0, 32.0, 819.0, 646.0]
[48.0, 112.0, 868.0, 727.0]
[112.0, 64.0, 933.0, 680.0]
[128.0, 112.0, 950.0, 728.0]
[112.0, 112.0, 935.0, 729.0]
[160.0, 48.0, 984.0, 666.0]
[64.0, 96.0, 889.0, 715.0]
[80.0, 96.0, 906.0, 716.0]
[144.0, 0.0, 971.0, 620.0]
[96.0, 16.0, 924.0, 637.0]
[176.0, 16.0, 1005.0, 638.0]
[176.0, 96.0, 1006.0, 718.0]
[16.0, 64.0, 847.0, 687.0]
[192.0, 80.0, 1024.0, 704.0]
[48.0, 32.0, 881.0, 657.0]
[48.0, 16.0, 882.0, 642.0]
[176.0, 96.0, 1011.0, 722.0]
[0.0, 80.0, 836.0, 707.0]
[48.0, 32.0, 885.0, 660.0]
[32.0, 96.0, 870.0, 724.0]
[48.0, 112.0, 887.0, 741.0]
[80.0, 0.0, 920.0, 630.0]
[64.0, 32.0, 905.0, 663.0]
[80.0, 32.0, 922.0, 664.0]
[128.0, 16.0, 971.0, 648.0]
[144.0, 32.0, 988.0, 665.0]
[96.0, 48.0, 941.0, 682.0]
[112.0, 64.0, 958.0, 698.0]
[16.0, 80.0, 863.0, 715.0]
[80.0, 64.0, 928.0, 700.0]
[16.0, 48.0, 865.0, 685.0]
[112.0, 16.0, 962.0, 654.0]
[112.0, 48.0, 963.0, 686.0]
[128.0, 112.0, 980.0, 751.0]
[48.0, 64.0, 901.0, 704.0]
[32.0, 48.0, 886.0, 688.0]
[128.0, 96.0, 983.0, 737.0]
[80.0, 80.0, 936.0, 722.0]
[64.0, 16.0, 921.0, 659.0]
[0.0, 32.0, 858.0, 676.0]
[160.0, 80.0, 1019.0, 724.0]
[112.0, 112.0, 972.0, 757.0]
[48.0, 96.0, 909.0, 742.0]
[128.0, 16.0, 990.0, 662.0]
[96.0, 80.0, 959.0, 727.0]
[112.0, 64.0, 976.0, 712.0]
[64.0, 16.0, 929.0, 665.0]
[128.0, 80.0, 994.0, 730.0]
[32.0, 112.0, 899.0, 762.0]
[80.0, 112.0, 948.0, 763.0]
[64.0, 48.0, 933.0, 700.0]
[48.0, 48.0, 918.0, 700.0]
[64.0, 0.0, 935.0, 653.0]
[64.0, 80.0, 936.0, 734.0]
[48.0, 0.0, 921.0, 655.0]
[80.0, 32.0, 954.0, 688.0]
[96.0, 16.0, 971.0, 672.0]
[128.0, 80.0, 1004.0, 737.0]
[128.0, 0.0, 1005.0, 658.0]
[16.0, 64.0, 894.0, 722.0]
[32.0, 0.0, 911.0, 659.0]
[144.0, 80.0, 1024.0, 740.0]
[80.0, 96.0, 961.0, 757.0]
[48.0, 0.0, 930.0, 662.0]
[96.0, 96.0, 979.0, 758.0]
[0.0, 0.0, 884.0, 663.0]
[80.0, 0.0, 965.0, 664.0]
[112.0, 96.0, 998.0, 760.0]
[0.0, 32.0, 887.0, 697.0]
[64.0, 32.0, 952.0, 698.0]
[128.0, 0.0, 1017.0, 667.0]
[48.0, 48.0, 938.0, 716.0]
[32.0, 96.0, 923.0, 764.0]
[48.0, 96.0, 940.0, 765.0]
[96.0, 80.0, 989.0, 750.0]
[32.0, 64.0, 926.0, 734.0]
[32.0, 32.0, 927.0, 703.0]
[80.0, 16.0, 976.0, 688.0]
[48.0, 16.0, 945.0, 689.0]
[80.0, 80.0, 978.0, 754.0]
[48.0, 0.0, 947.0, 674.0]
[64.0, 80.0, 964.0, 755.0]
[64.0, 32.0, 965.0, 708.0]
[80.0, 80.0, 982.0, 756.0]
[80.0, 32.0, 983.0, 709.0]
[80.0, 16.0, 984.0, 694.0]
[32.0, 64.0, 937.0, 743.0]
[96.0, 48.0, 1002.0, 728.0]
[80.0, 48.0, 987.0, 728.0]
[16.0, 48.0, 924.0, 729.0]
[0.0, 16.0, 909.0, 698.0]
[80.0, 48.0, 990.0, 730.0]
[80.0, 80.0, 991.0, 763.0]
[16.0, 32.0, 928.0, 716.0]
[64.0, 16.0, 977.0, 701.0]
[48.0, 0.0, 962.0, 686.0]
[16.0, 16.0, 931.0, 702.0]
[80.0, 16.0, 996.0, 703.0]
[16.0, 80.0, 933.0, 768.0]
[32.0, 48.0, 950.0, 736.0]
[96.0, 64.0, 1015.0, 753.0]
[96.0, 32.0, 1016.0, 722.0]
[96.0, 48.0, 1017.0, 739.0]
[16.0, 32.0, 938.0, 724.0]
[80.0, 48.0, 1003.0, 740.0]
[0.0, 16.0, 924.0, 709.0]
[64.0, 48.0, 989.0, 742.0]
[64.0, 64.0, 990.0, 758.0]
[16.0, 48.0, 943.0, 743.0]
[80.0, 0.0, 1008.0, 696.0]
[64.0, 64.0, 993.0, 761.0]
[32.0, 16.0, 962.0, 714.0]
[16.0, 0.0, 947.0, 698.0]
[32.0, 48.0, 964.0, 747.0]
[0.0, 16.0, 933.0, 716.0]
[64.0, 0.0, 998.0, 700.0]
[0.0, 64.0, 935.0, 765.0]
[64.0, 0.0, 1000.0, 702.0]
[16.0, 32.0, 953.0, 735.0]
[32.0, 64.0, 970.0, 768.0]
[48.0, 16.0, 987.0, 720.0]
[80.0, 16.0, 1020.0, 721.0]
[32.0, 16.0, 973.0, 722.0]
[16.0, 32.0, 958.0, 738.0]
[0.0, 0.0, 943.0, 707.0]
[32.0, 32.0, 976.0, 740.0]
[0.0, 32.0, 945.0, 741.0]
[32.0, 48.0, 978.0, 758.0]
[16.0, 0.0, 963.0, 710.0]
[48.0, 32.0, 996.0, 743.0]
[16.0, 32.0, 965.0, 744.0]
[0.0, 48.0, 950.0, 760.0]
[0.0, 48.0, 951.0, 761.0]
[0.0, 0.0, 952.0, 714.0]
[0.0, 0.0, 953.0, 715.0]
[48.0, 48.0, 1002.0, 764.0]
[32.0, 48.0, 987.0, 764.0]
[48.0, 48.0, 1004.0, 765.0]
[32.0, 48.0, 989.0, 766.0]
[0.0, 0.0, 958.0, 718.0]
[64.0, 32.0, 1023.0, 751.0]
[0.0, 16.0, 960.0, 736.0]
[48.0, 16.0, 1009.0, 737.0]
[0.0, 32.0, 962.0, 754.0]
[0.0, 16.0, 963.0, 738.0]
[0.0, 32.0, 964.0, 755.0]
[16.0, 0.0, 981.0, 724.0]
[0.0, 16.0, 966.0, 740.0]
[32.0, 32.0, 999.0, 757.0]
[32.0, 32.0, 1000.0, 758.0]
[32.0, 32.0, 1001.0, 759.0]
[32.0, 0.0, 1002.0, 728.0]
[32.0, 32.0, 1003.0, 760.0]
[32.0, 0.0, 1004.0, 729.0]
[16.0, 32.0, 989.0, 762.0]
[48.0, 0.0, 1022.0, 730.0]
[16.0, 32.0, 991.0, 763.0]
[32.0, 0.0, 1008.0, 732.0]
[16.0, 0.0, 993.0, 733.0]
[0.0, 32.0, 978.0, 766.0]
[32.0, 0.0, 1011.0, 734.0]
[16.0, 32.0, 996.0, 767.0]
[16.0, 32.0, 997.0, 768.0]
[0.0, 32.0, 982.0, 768.0]
[0.0, 0.0, 983.0, 737.0]
[0.0, 16.0, 984.0, 754.0]
[16.0, 16.0, 1001.0, 755.0]
[0.0, 0.0, 986.0, 740.0]
[32.0, 16.0, 1019.0, 756.0]
[32.0, 16.0, 1020.0, 757.0]
[16.0, 16.0, 1005.0, 758.0]
[32.0, 16.0, 1022.0, 758.0]
[32.0, 0.0, 1023.0, 743.0]
[16.0, 0.0, 1008.0, 744.0]
[16.0, 16.0, 1009.0, 761.0]
[0.0, 16.0, 994.0, 762.0]
[0.0, 0.0, 995.0, 746.0]
[0.0, 0.0, 996.0, 747.0]
[0.0, 0.0, 997.0, 748.0]
[16.0, 16.0, 1014.0, 764.0]
[16.0, 16.0, 1015.0, 765.0]
[0.0, 16.0, 1000.0, 766.0]
[16.0, 16.0, 1017.0, 767.0]
[16.0, 16.0, 1018.0, 768.0]
[16.0, 16.0, 1019.0, 768.0]
[16.0, 0.0, 1020.0, 753.0]
[0.0, 0.0, 1005.0, 754.0]
[16.0, 0.0, 1022.0, 754.0]
[0.0, 0.0, 1007.0, 755.0]
[0.0, 0.0, 1008.0, 756.0]
[0.0, 0.0, 1009.0, 757.0]
[0.0, 0.0, 1010.0, 758.0]
[0.0, 0.0, 1011.0, 758.0]
[0.0, 0.0, 1012.0, 759.0]
[0.0, 0.0, 1013.0, 760.0]
[0.0, 0.0, 1014.0, 760.0]
[0.0, 0.0, 1015.0, 761.0]
[0.0, 0.0, 1016.0, 762.0]
[0.0, 0.0, 1017.0, 763.0]
[0.0, 0.0, 1018.0, 764.0]
[0.0, 0.0, 1019.0, 764.0]
[0.0, 0.0, 1020.0, 765.0]
[0.0, 0.0, 1021.0, 766.0]
[0.0, 0.0, 1022.0, 766.0]
[0.0, 0.0, 1023.0, 767.0]
[0.0, 0.0, 1024.0, 768.0]
