[96.0, 32.0, 845.0, 594.0]
[224.0, 96.0, 974.0, 658.0]
[112.0, 96.0, 863.0, 659.0]
[80.0, 64.0, 832.0, 628.0]
[112.0, 80.0, 865.0, 645.0]
[64.0, 32.0, 818.0, 598.0]
[96.0, 48.0, 851.0, 614.0]
[112.0, 80.0, 868.0, 647.0]
[128.0, 48.0, 885.0, 616.0]
[208.0, 32.0, 966.0, 600.0]
[144.0, 112.0, 903.0, 681.0]
[80.0, 48.0, 840.0, 618.0]
[128.0, 64.0, 889.0, 635.0]
[224.0, 32.0, 986.0, 604.0]
[176.0, 112.0, 939.0, 684.0]
[112.0, 80.0, 876.0, 653.0]
[224.0, 32.0, 989.0, 606.0]
[144.0, 32.0, 910.0, 606.0]
[112.0, 32.0, 879.0, 607.0]
[160.0, 48.0, 928.0, 624.0]
[80.0, 32.0, 849.0, 609.0]
[160.0, 112.0, 930.0, 690.0]
[32.0, 48.0, 803.0, 626.0]
[80.0, 32.0, 852.0, 611.0]
[192.0, 16.0, 965.0, 596.0]
[96.0, 48.0, 870.0, 628.0]
[48.0, 64.0, 823.0, 645.0]
[16.0, 80.0, 792.0, 662.0]
[16.0, 48.0, 793.0, 631.0]
[208.0, 48.0, 986.0, 632.0]
[32.0, 80.0, 811.0, 664.0]
[64.0, 64.0, 844.0, 649.0]
[192.0, 16.0, 973.0, 602.0]
[176.0, 64.0, 958.0, 650.0]
[144.0, 16.0, 927.0, 603.0]
[112.0, 96.0, 896.0, 684.0]
[16.0, 64.0, 801.0, 653.0]
[176.0, 48.0, 962.0, 638.0]
[80.0, 80.0, 867.0, 670.0]
[16.0, 64.0, 804.0, 655.0]
[160.0, 48.0, 949.0, 640.0]
[192.0, 112.0, 982.0, 704.0]
[112.0, 64.0, 903.0, 657.0]
[96.0, 80.0, 888.0, 674.0]
[64.0, 0.0, 857.0, 595.0]
[80.0, 32.0, 874.0, 628.0]
[0.0, 64.0, 795.0, 660.0]
[160.0, 32.0, 956.0, 629.0]
[48.0, 0.0, 845.0, 598.0]
[64.0, 0.0, 862.0, 598.0]
[64.0, 0.0, 863.0, 599.0]
[160.0, 112.0, 960.0, 712.0]
[192.0, 64.0, 993.0, 665.0]
[48.0, 64.0, 850.0, 666.0]
[144.0, 64.0, 947.0, 666.0]
[96.0, 32.0, 900.0, 635.0]
[16.0, 48.0, 821.0, 652.0]
[144.0, 0.0, 950.0, 604.0]
[16.0, 32.0, 823.0, 637.0]
[64.0, 32.0, 872.0, 638.0]
[32.0, 48.0, 841.0, 655.0]
[48.0, 112.0, 858.0, 720.0]
[208.0, 32.0, 1019.0, 640.0]
[208.0, 16.0, 1020.0, 625.0]
[112.0, 48.0, 925.0, 658.0]
[128.0, 0.0, 942.0, 610.0]
[144.0, 80.0, 959.0, 691.0]
[176.0, 0.0, 992.0, 612.0]
[128.0, 112.0, 945.0, 725.0]
[0.0, 16.0, 818.0, 630.0]
[128.0, 48.0, 947.0, 662.0]
[112.0, 64.0, 932.0, 679.0]
[128.0, 64.0, 949.0, 680.0]
[160.0, 48.0, 982.0, 664.0]
[32.0, 64.0, 855.0, 681.0]
[160.0, 64.0, 984.0, 682.0]
[160.0, 32.0, 985.0, 651.0]
[48.0, 80.0, 874.0, 700.0]
[96.0, 96.0, 923.0, 716.0]
[128.0, 80.0, 956.0, 701.0]
[176.0, 96.0, 1005.0, 718.0]
[48.0, 32.0, 878.0, 654.0]
[0.0, 64.0, 831.0, 687.0]
[16.0, 16.0, 848.0, 640.0]
[48.0, 112.0, 881.0, 737.0]
[32.0, 80.0, 866.0, 706.0]
[80.0, 0.0, 915.0, 626.0]
[16.0, 0.0, 852.0, 627.0]
[0.0, 80.0, 837.0, 708.0]
[128.0, 64.0, 966.0, 692.0]
[144.0, 80.0, 983.0, 709.0]
[144.0, 96.0, 984.0, 726.0]
[80.0, 96.0, 921.0, 727.0]
[0.0, 64.0, 842.0, 696.0]
[64.0, 0.0, 907.0, 632.0]
[144.0, 32.0, 988.0, 665.0]
[32.0, 32.0, 877.0, 666.0]
[0.0, 16.0, 846.0, 650.0]
[112.0, 16.0, 959.0, 651.0]
[16.0, 64.0, 864.0, 700.0]
[80.0, 0.0, 929.0, 637.0]
[0.0, 48.0, 850.0, 686.0]
[160.0, 64.0, 1011.0, 702.0]
[80.0, 112.0, 932.0, 751.0]
[144.0, 96.0, 997.0, 736.0]
[128.0, 16.0, 982.0, 656.0]
[32.0, 32.0, 887.0, 673.0]
[64.0, 0.0, 920.0, 642.0]
[64.0, 80.0, 921.0, 723.0]
[0.0, 80.0, 858.0, 724.0]
[32.0, 96.0, 891.0, 740.0]
[64.0, 32.0, 924.0, 677.0]
[128.0, 96.0, 989.0, 742.0]
[96.0, 32.0, 958.0, 678.0]
[96.0, 112.0, 959.0, 759.0]
[48.0, 80.0, 912.0, 728.0]
[32.0, 80.0, 897.0, 729.0]
[16.0, 96.0, 882.0, 746.0]
[144.0, 16.0, 1011.0, 666.0]
[128.0, 16.0, 996.0, 667.0]
[112.0, 32.0, 981.0, 684.0]
[96.0, 0.0, 966.0, 652.0]
[64.0, 48.0, 935.0, 701.0]
[80.0, 96.0, 952.0, 750.0]
[48.0, 32.0, 921.0, 687.0]
[64.0, 112.0, 938.0, 768.0]
[128.0, 32.0, 1003.0, 688.0]
[16.0, 96.0, 892.0, 753.0]
[64.0, 16.0, 941.0, 674.0]
[96.0, 48.0, 974.0, 706.0]
[128.0, 48.0, 1007.0, 707.0]
[16.0, 80.0, 896.0, 740.0]
[48.0, 16.0, 929.0, 677.0]
[112.0, 32.0, 994.0, 694.0]
[80.0, 0.0, 963.0, 662.0]
[128.0, 64.0, 1012.0, 727.0]
[0.0, 0.0, 885.0, 664.0]
[64.0, 0.0, 950.0, 664.0]
[96.0, 80.0, 983.0, 745.0]
[16.0, 96.0, 904.0, 762.0]
[16.0, 16.0, 905.0, 683.0]
[0.0, 48.0, 890.0, 716.0]
[128.0, 16.0, 1019.0, 684.0]
[48.0, 32.0, 940.0, 701.0]
[64.0, 64.0, 957.0, 734.0]
[16.0, 96.0, 910.0, 766.0]
[48.0, 96.0, 943.0, 767.0]
[112.0, 32.0, 1008.0, 704.0]
[64.0, 80.0, 961.0, 753.0]
[96.0, 32.0, 994.0, 706.0]
[112.0, 64.0, 1011.0, 738.0]
[64.0, 32.0, 964.0, 707.0]
[16.0, 16.0, 917.0, 692.0]
[32.0, 0.0, 934.0, 676.0]
[80.0, 32.0, 983.0, 709.0]
[48.0, 80.0, 952.0, 758.0]
[64.0, 0.0, 969.0, 679.0]
[32.0, 64.0, 938.0, 744.0]
[96.0, 0.0, 1003.0, 680.0]
[32.0, 32.0, 940.0, 713.0]
[0.0, 64.0, 909.0, 746.0]
[48.0, 64.0, 958.0, 746.0]
[0.0, 80.0, 911.0, 763.0]
[96.0, 48.0, 1008.0, 732.0]
[16.0, 80.0, 929.0, 765.0]
[64.0, 48.0, 978.0, 734.0]
[0.0, 0.0, 915.0, 686.0]
[0.0, 0.0, 916.0, 687.0]
[80.0, 80.0, 997.0, 768.0]
[48.0, 16.0, 966.0, 704.0]
[80.0, 32.0, 999.0, 721.0]
[0.0, 64.0, 920.0, 754.0]
[16.0, 0.0, 937.0, 691.0]
[16.0, 16.0, 938.0, 708.0]
[48.0, 64.0, 971.0, 756.0]
[64.0, 64.0, 988.0, 757.0]
[16.0, 48.0, 941.0, 742.0]
[96.0, 48.0, 1022.0, 742.0]
[16.0, 32.0, 943.0, 727.0]
[48.0, 16.0, 976.0, 712.0]
[64.0, 64.0, 993.0, 761.0]
[64.0, 48.0, 994.0, 746.0]
[16.0, 64.0, 947.0, 762.0]
[80.0, 32.0, 1012.0, 731.0]
[64.0, 16.0, 997.0, 716.0]
[16.0, 48.0, 950.0, 748.0]
[64.0, 32.0, 999.0, 733.0]
[0.0, 0.0, 936.0, 702.0]
[48.0, 16.0, 985.0, 719.0]
[64.0, 32.0, 1002.0, 736.0]
[64.0, 64.0, 1003.0, 768.0]
[0.0, 0.0, 940.0, 705.0]
[0.0, 32.0, 941.0, 738.0]
[32.0, 32.0, 974.0, 738.0]
[0.0, 48.0, 943.0, 755.0]
[0.0, 32.0, 944.0, 740.0]
[48.0, 48.0, 993.0, 757.0]
[64.0, 0.0, 1010.0, 710.0]
[0.0, 48.0, 947.0, 758.0]
[16.0, 32.0, 964.0, 743.0]
[0.0, 32.0, 949.0, 744.0]
[64.0, 0.0, 1014.0, 712.0]
[16.0, 0.0, 967.0, 713.0]
[64.0, 16.0, 1016.0, 730.0]
[64.0, 16.0, 1017.0, 731.0]
[48.0, 16.0, 1002.0, 732.0]
[64.0, 32.0, 1019.0, 748.0]
[64.0, 0.0, 1020.0, 717.0]
[48.0, 0.0, 1005.0, 718.0]
[48.0, 48.0, 1006.0, 766.0]
[64.0, 0.0, 1023.0, 719.0]
[16.0, 0.0, 976.0, 720.0]
[16.0, 0.0, 977.0, 721.0]
[16.0, 32.0, 978.0, 754.0]
[48.0, 32.0, 1011.0, 754.0]
[0.0, 0.0, 964.0, 723.0]
[48.0, 0.0, 1013.0, 724.0]
[0.0, 32.0, 966.0, 756.0]
[16.0, 0.0, 983.0, 725.0]
[48.0, 32.0, 1016.0, 758.0]
[16.0, 16.0, 985.0, 743.0]
[0.0, 16.0, 970.0, 744.0]
[0.0, 32.0, 971.0, 760.0]
[16.0, 0.0, 988.0, 729.0]
[0.0, 0.0, 973.0, 730.0]
[16.0, 32.0, 990.0, 762.0]
[0.0, 16.0, 975.0, 747.0]
[48.0, 32.0, 1024.0, 764.0]
[16.0, 16.0, 993.0, 749.0]
[32.0, 32.0, 1010.0, 766.0]
[32.0, 32.0, 1011.0, 766.0]
[16.0, 32.0, 996.0, 767.0]
[32.0, 16.0, 1013.0, 752.0]
[16.0, 32.0, 998.0, 768.0]
[0.0, 0.0, 983.0, 737.0]
[0.0, 0.0, 984.0, 738.0]
[32.0, 0.0, 1017.0, 739.0]
[16.0, 16.0, 1002.0, 756.0]
[32.0, 16.0, 1019.0, 756.0]
[0.0, 0.0, 988.0, 741.0]
[0.0, 0.0, 989.0, 742.0]
[16.0, 0.0, 1006.0, 742.0]
[16.0, 0.0, 1007.0, 743.0]
[32.0, 16.0, 1024.0, 760.0]
[16.0, 16.0, 1009.0, 761.0]
[16.0, 0.0, 1010.0, 746.0]
[16.0, 0.0, 1011.0, 746.0]
[16.0, 0.0, 1012.0, 747.0]
[16.0, 0.0, 1013.0, 748.0]
[0.0, 0.0, 998.0, 748.0]
[0.0, 0.0, 999.0, 749.0]
[0.0, 16.0, 1000.0, 766.0]
[16.0, 16.0, 1017.0, 767.0]
[0.0, 16.0, 1002.0, 768.0]
[0.0, 16.0, 1003.0, 768.0]
[16.0, 0.0, 1020.0, 753.0]
[0.0, 0.0, 1005.0, 754.0]
[16.0, 0.0, 1022.0, 754.0]
[0.0, 0.0, 1007.0, 755.0]
[0.0, 0.0, 1008.0, 756.0]
[0.0, 0.0, 1009.0, 757.0]
[0.0, 0.0, 1010.0, 758.0]
[0.0, 0.0, 1011.0, 758.0]
[0.0, 0.0, 1012.0, 759.0]
[0.0, 0.0, 1013.0, 760.0]
[0.0, 0.0, 1014.0, 760.0]
[0.0, 0.0, 1015.0, 761.0]
[0.0, 0.0, 1016.0, 762.0]
[0.0, 0.0, 1017.0, 763.0]
[0.0, 0.0, 1018.0, 764.0]
[0.0, 0.0, 1019.0, 764.0]
[0.0, 0.0, 1020.0, 765.0]
[0.0, 0.0, 1021.0, 766.0]
[0.0, 0.0, 1022.0, 766.0]
[0.0, 0.0, 1023.0, 767.0]
[0.0, 0.0, 1024.0, 768.0]
