[48.0, 320.0, 867.0, 934.0]
[160.0, 256.0, 980.0, 871.0]
[64.0, 304.0, 885.0, 920.0]
[112.0, 224.0, 934.0, 840.0]
[160.0, 224.0, 983.0, 841.0]
[160.0, 240.0, 984.0, 858.0]
[160.0, 352.0, 985.0, 971.0]
[160.0, 352.0, 986.0, 972.0]
[64.0, 224.0, 891.0, 844.0]
[144.0, 336.0, 972.0, 957.0]
[32.0, 288.0, 861.0, 910.0]
[112.0, 352.0, 942.0, 974.0]
[48.0, 272.0, 879.0, 895.0]
[128.0, 224.0, 960.0, 848.0]
[144.0, 304.0, 977.0, 929.0]
[144.0, 288.0, 978.0, 914.0]
[96.0, 320.0, 931.0, 946.0]
[48.0, 208.0, 884.0, 835.0]
[128.0, 256.0, 965.0, 884.0]
[48.0, 352.0, 886.0, 980.0]
[48.0, 256.0, 887.0, 885.0]
[144.0, 208.0, 984.0, 838.0]
[48.0, 304.0, 889.0, 935.0]
[160.0, 240.0, 1002.0, 872.0]
[32.0, 208.0, 875.0, 840.0]
[64.0, 352.0, 908.0, 985.0]
[48.0, 224.0, 893.0, 858.0]
[80.0, 304.0, 926.0, 938.0]
[32.0, 272.0, 879.0, 907.0]
[96.0, 208.0, 944.0, 844.0]
[48.0, 240.0, 897.0, 877.0]
[112.0, 240.0, 962.0, 878.0]
[64.0, 240.0, 915.0, 878.0]
[160.0, 240.0, 1012.0, 879.0]
[16.0, 240.0, 869.0, 880.0]
[160.0, 336.0, 1014.0, 976.0]
[160.0, 272.0, 1015.0, 913.0]
[144.0, 352.0, 1000.0, 994.0]
[96.0, 224.0, 953.0, 867.0]
[160.0, 240.0, 1018.0, 884.0]
[144.0, 336.0, 1003.0, 980.0]
[64.0, 352.0, 924.0, 997.0]
[96.0, 352.0, 957.0, 998.0]
[48.0, 352.0, 910.0, 998.0]
[64.0, 272.0, 927.0, 919.0]
[128.0, 272.0, 992.0, 920.0]
[64.0, 368.0, 929.0, 1017.0]
[80.0, 208.0, 946.0, 858.0]
[64.0, 224.0, 931.0, 874.0]
[80.0, 288.0, 948.0, 939.0]
[0.0, 272.0, 869.0, 924.0]
[128.0, 320.0, 998.0, 972.0]
[96.0, 272.0, 967.0, 925.0]
[0.0, 208.0, 872.0, 862.0]
[32.0, 304.0, 905.0, 959.0]
[144.0, 304.0, 1018.0, 960.0]
[16.0, 304.0, 891.0, 960.0]
[64.0, 304.0, 940.0, 961.0]
[32.0, 336.0, 909.0, 994.0]
[128.0, 336.0, 1006.0, 994.0]
[128.0, 224.0, 1007.0, 883.0]
[128.0, 224.0, 1008.0, 884.0]
[96.0, 352.0, 977.0, 1013.0]
[112.0, 208.0, 994.0, 870.0]
[32.0, 224.0, 915.0, 886.0]
[0.0, 208.0, 884.0, 871.0]
[112.0, 336.0, 997.0, 1000.0]
[128.0, 192.0, 1014.0, 856.0]
[96.0, 320.0, 983.0, 985.0]
[96.0, 272.0, 984.0, 938.0]
[96.0, 160.0, 985.0, 827.0]
[32.0, 256.0, 922.0, 924.0]
[48.0, 336.0, 939.0, 1004.0]
[64.0, 224.0, 956.0, 893.0]
[0.0, 240.0, 893.0, 910.0]
[0.0, 256.0, 894.0, 926.0]
[48.0, 160.0, 943.0, 831.0]
[48.0, 160.0, 944.0, 832.0]
[64.0, 224.0, 961.0, 897.0]
[96.0, 160.0, 994.0, 834.0]
[16.0, 336.0, 915.0, 1010.0]
[16.0, 176.0, 916.0, 851.0]
[16.0, 320.0, 917.0, 996.0]
[96.0, 192.0, 998.0, 868.0]
[64.0, 240.0, 967.0, 917.0]
[112.0, 336.0, 1016.0, 1014.0]
[64.0, 176.0, 969.0, 855.0]
[64.0, 192.0, 970.0, 872.0]
[16.0, 176.0, 923.0, 856.0]
[80.0, 160.0, 988.0, 841.0]
[32.0, 256.0, 941.0, 938.0]
[48.0, 240.0, 958.0, 922.0]
[80.0, 288.0, 991.0, 971.0]
[80.0, 144.0, 992.0, 828.0]
[32.0, 224.0, 945.0, 909.0]
[0.0, 272.0, 914.0, 958.0]
[96.0, 288.0, 1011.0, 974.0]
[64.0, 240.0, 980.0, 927.0]
[64.0, 288.0, 981.0, 976.0]
[32.0, 256.0, 950.0, 944.0]
[80.0, 272.0, 999.0, 961.0]
[0.0, 304.0, 920.0, 994.0]
[80.0, 320.0, 1001.0, 1011.0]
[16.0, 288.0, 938.0, 980.0]
[64.0, 256.0, 987.0, 948.0]
[32.0, 240.0, 956.0, 933.0]
[0.0, 160.0, 925.0, 854.0]
[32.0, 144.0, 958.0, 838.0]
[0.0, 208.0, 927.0, 903.0]
[96.0, 272.0, 1024.0, 968.0]
[80.0, 144.0, 1009.0, 841.0]
[16.0, 208.0, 946.0, 906.0]
[64.0, 192.0, 995.0, 890.0]
[64.0, 192.0, 996.0, 891.0]
[32.0, 224.0, 965.0, 924.0]
[32.0, 304.0, 966.0, 1004.0]
[64.0, 144.0, 999.0, 845.0]
[16.0, 240.0, 952.0, 942.0]
[32.0, 224.0, 969.0, 927.0]
[80.0, 288.0, 1018.0, 992.0]
[0.0, 160.0, 939.0, 864.0]
[16.0, 224.0, 956.0, 929.0]
[0.0, 272.0, 941.0, 978.0]
[0.0, 240.0, 942.0, 946.0]
[64.0, 224.0, 1007.0, 931.0]
[16.0, 256.0, 960.0, 964.0]
[32.0, 224.0, 977.0, 933.0]
[0.0, 208.0, 946.0, 918.0]
[0.0, 304.0, 947.0, 1014.0]
[48.0, 288.0, 996.0, 999.0]
[0.0, 160.0, 949.0, 872.0]
[48.0, 288.0, 998.0, 1000.0]
[64.0, 192.0, 1015.0, 905.0]
[48.0, 160.0, 1000.0, 874.0]
[48.0, 128.0, 1001.0, 843.0]
[48.0, 176.0, 1002.0, 892.0]
[16.0, 192.0, 971.0, 908.0]
[32.0, 208.0, 988.0, 925.0]
[64.0, 208.0, 1021.0, 926.0]
[32.0, 240.0, 990.0, 958.0]
[32.0, 144.0, 991.0, 863.0]
[0.0, 128.0, 960.0, 848.0]
[16.0, 224.0, 977.0, 945.0]
[16.0, 256.0, 978.0, 978.0]
[32.0, 176.0, 995.0, 898.0]
[48.0, 160.0, 1012.0, 883.0]
[0.0, 176.0, 965.0, 900.0]
[32.0, 112.0, 998.0, 836.0]
[16.0, 112.0, 983.0, 837.0]
[48.0, 256.0, 1016.0, 982.0]
[32.0, 240.0, 1001.0, 967.0]
[16.0, 256.0, 986.0, 984.0]
[16.0, 272.0, 987.0, 1000.0]
[32.0, 128.0, 1004.0, 857.0]
[16.0, 272.0, 989.0, 1002.0]
[16.0, 160.0, 990.0, 890.0]
[16.0, 112.0, 991.0, 843.0]
[32.0, 224.0, 1008.0, 956.0]
[32.0, 176.0, 1009.0, 909.0]
[16.0, 240.0, 994.0, 974.0]
[0.0, 144.0, 979.0, 878.0]
[32.0, 256.0, 1012.0, 991.0]
[32.0, 240.0, 1013.0, 976.0]
[0.0, 160.0, 982.0, 896.0]
[32.0, 144.0, 1015.0, 881.0]
[32.0, 176.0, 1016.0, 914.0]
[0.0, 160.0, 985.0, 899.0]
[16.0, 112.0, 1002.0, 852.0]
[32.0, 144.0, 1019.0, 884.0]
[16.0, 128.0, 1004.0, 869.0]
[32.0, 144.0, 1021.0, 886.0]
[16.0, 208.0, 1006.0, 950.0]
[32.0, 160.0, 1023.0, 903.0]
[32.0, 256.0, 1024.0, 1000.0]
[16.0, 256.0, 1009.0, 1001.0]
[0.0, 160.0, 994.0, 906.0]
[16.0, 176.0, 1011.0, 922.0]
[16.0, 192.0, 1012.0, 939.0]
[16.0, 256.0, 1013.0, 1004.0]
[16.0, 112.0, 1014.0, 860.0]
[16.0, 224.0, 1015.0, 973.0]
[0.0, 224.0, 1000.0, 974.0]
[16.0, 128.0, 1017.0, 879.0]
[16.0, 192.0, 1018.0, 944.0]
[16.0, 144.0, 1019.0, 896.0]
[16.0, 240.0, 1020.0, 993.0]
[0.0, 224.0, 1005.0, 978.0]
[16.0, 256.0, 1022.0, 1010.0]
[16.0, 208.0, 1023.0, 963.0]
[0.0, 224.0, 1008.0, 980.0]
[0.0, 192.0, 1009.0, 949.0]
[0.0, 192.0, 1010.0, 950.0]
[0.0, 240.0, 1011.0, 998.0]
[0.0, 208.0, 1012.0, 967.0]
[0.0, 240.0, 1013.0, 1000.0]
[0.0, 192.0, 1014.0, 952.0]
[0.0, 160.0, 1015.0, 921.0]
[0.0, 224.0, 1016.0, 986.0]
[0.0, 144.0, 1017.0, 907.0]
[0.0, 160.0, 1018.0, 924.0]
[0.0, 208.0, 1019.0, 972.0]
[0.0, 144.0, 1020.0, 909.0]
[0.0, 240.0, 1021.0, 1006.0]
[0.0, 160.0, 1022.0, 926.0]
[0.0, 160.0, 1023.0, 927.0]
[0.0, 240.0, 1024.0, 1008.0]
