[32.0, 32.0, 749.0, 570.0]
[160.0, 0.0, 878.0, 538.0]
[16.0, 16.0, 735.0, 555.0]
[192.0, 16.0, 912.0, 556.0]
[144.0, 32.0, 865.0, 573.0]
[208.0, 0.0, 930.0, 542.0]
[128.0, 32.0, 851.0, 574.0]
[16.0, 16.0, 740.0, 559.0]
[144.0, 0.0, 869.0, 544.0]
[96.0, 0.0, 822.0, 544.0]
[112.0, 0.0, 839.0, 545.0]
[80.0, 0.0, 808.0, 546.0]
[144.0, 0.0, 873.0, 547.0]
[48.0, 0.0, 778.0, 548.0]
[32.0, 0.0, 763.0, 548.0]
[32.0, 16.0, 764.0, 565.0]
[64.0, 0.0, 797.0, 550.0]
[144.0, 16.0, 878.0, 566.0]
[32.0, 0.0, 767.0, 551.0]
[160.0, 0.0, 896.0, 552.0]
[48.0, 16.0, 785.0, 569.0]
[80.0, 16.0, 818.0, 570.0]
[144.0, 0.0, 883.0, 554.0]
[176.0, 16.0, 916.0, 571.0]
[176.0, 16.0, 917.0, 572.0]
[64.0, 16.0, 806.0, 572.0]
[64.0, 16.0, 807.0, 573.0]
[144.0, 16.0, 888.0, 574.0]
[64.0, 16.0, 809.0, 575.0]
[32.0, 16.0, 778.0, 576.0]
[176.0, 0.0, 923.0, 560.0]
[176.0, 0.0, 924.0, 561.0]
[160.0, 0.0, 909.0, 562.0]
[144.0, 0.0, 894.0, 562.0]
[112.0, 0.0, 863.0, 563.0]
[48.0, 0.0, 800.0, 564.0]
[128.0, 0.0, 881.0, 565.0]
[144.0, 0.0, 898.0, 566.0]
[176.0, 0.0, 931.0, 566.0]
[80.0, 0.0, 836.0, 567.0]
[112.0, 0.0, 869.0, 568.0]
[32.0, 0.0, 790.0, 568.0]
[64.0, 0.0, 823.0, 569.0]
[112.0, 0.0, 872.0, 570.0]
[96.0, 0.0, 857.0, 571.0]
[80.0, 0.0, 842.0, 572.0]
[16.0, 0.0, 779.0, 572.0]
[64.0, 0.0, 828.0, 573.0]
[64.0, 0.0, 829.0, 574.0]
[64.0, 0.0, 830.0, 574.0]
[32.0, 0.0, 799.0, 575.0]
[96.0, 0.0, 864.0, 576.0]
