[144.0, 32.0, 861.0, 570.0]
[224.0, 64.0, 942.0, 602.0]
[176.0, 64.0, 895.0, 603.0]
[208.0, 32.0, 928.0, 572.0]
[112.0, 48.0, 833.0, 589.0]
[240.0, 112.0, 962.0, 654.0]
[176.0, 32.0, 899.0, 574.0]
[224.0, 48.0, 948.0, 591.0]
[144.0, 80.0, 869.0, 624.0]
[240.0, 32.0, 966.0, 576.0]
[208.0, 112.0, 935.0, 657.0]
[144.0, 16.0, 872.0, 562.0]
[256.0, 32.0, 985.0, 579.0]
[128.0, 64.0, 858.0, 612.0]
[272.0, 64.0, 1003.0, 612.0]
[128.0, 16.0, 860.0, 565.0]
[240.0, 112.0, 973.0, 662.0]
[224.0, 16.0, 958.0, 566.0]
[192.0, 48.0, 927.0, 599.0]
[144.0, 48.0, 880.0, 600.0]
[112.0, 80.0, 849.0, 633.0]
[224.0, 96.0, 962.0, 650.0]
[272.0, 64.0, 1011.0, 618.0]
[128.0, 0.0, 868.0, 555.0]
[240.0, 64.0, 981.0, 620.0]
[176.0, 0.0, 918.0, 556.0]
[176.0, 80.0, 919.0, 637.0]
[240.0, 16.0, 984.0, 574.0]
[112.0, 96.0, 857.0, 655.0]
[272.0, 64.0, 1018.0, 624.0]
[240.0, 112.0, 987.0, 672.0]
[240.0, 96.0, 988.0, 657.0]
[240.0, 80.0, 989.0, 642.0]
[80.0, 64.0, 830.0, 626.0]
[160.0, 48.0, 911.0, 611.0]
[224.0, 48.0, 976.0, 612.0]
[192.0, 96.0, 945.0, 661.0]
[80.0, 80.0, 834.0, 646.0]
[224.0, 64.0, 979.0, 630.0]
[144.0, 80.0, 900.0, 647.0]
[256.0, 48.0, 1013.0, 616.0]
[192.0, 80.0, 950.0, 648.0]
[224.0, 48.0, 983.0, 617.0]
[112.0, 64.0, 872.0, 634.0]
[128.0, 64.0, 889.0, 635.0]
[224.0, 64.0, 986.0, 636.0]
[192.0, 96.0, 955.0, 668.0]
[96.0, 48.0, 860.0, 621.0]
[160.0, 16.0, 925.0, 590.0]
[160.0, 32.0, 926.0, 606.0]
[208.0, 0.0, 975.0, 575.0]
[112.0, 0.0, 880.0, 576.0]
[64.0, 80.0, 833.0, 657.0]
[64.0, 80.0, 834.0, 658.0]
[176.0, 16.0, 947.0, 594.0]
[176.0, 32.0, 948.0, 611.0]
[176.0, 64.0, 949.0, 644.0]
[208.0, 48.0, 982.0, 628.0]
[96.0, 48.0, 871.0, 629.0]
[80.0, 64.0, 856.0, 646.0]
[64.0, 16.0, 841.0, 599.0]
[208.0, 96.0, 986.0, 680.0]
[80.0, 32.0, 859.0, 616.0]
[160.0, 16.0, 940.0, 601.0]
[192.0, 96.0, 973.0, 682.0]
[80.0, 16.0, 862.0, 602.0]
[240.0, 96.0, 1023.0, 683.0]
[80.0, 16.0, 864.0, 604.0]
[224.0, 80.0, 1009.0, 669.0]
[160.0, 32.0, 946.0, 622.0]
[128.0, 64.0, 915.0, 654.0]
[208.0, 48.0, 996.0, 639.0]
[160.0, 48.0, 949.0, 640.0]
[64.0, 32.0, 854.0, 624.0]
[96.0, 48.0, 887.0, 641.0]
[144.0, 16.0, 936.0, 610.0]
[144.0, 0.0, 937.0, 595.0]
[144.0, 64.0, 938.0, 660.0]
[176.0, 80.0, 971.0, 676.0]
[96.0, 32.0, 892.0, 629.0]
[176.0, 64.0, 973.0, 662.0]
[64.0, 16.0, 862.0, 614.0]
[112.0, 16.0, 911.0, 615.0]
[208.0, 48.0, 1008.0, 648.0]
[208.0, 32.0, 1009.0, 633.0]
[80.0, 0.0, 882.0, 602.0]
[192.0, 80.0, 995.0, 682.0]
[80.0, 0.0, 884.0, 603.0]
[80.0, 32.0, 885.0, 636.0]
[176.0, 64.0, 982.0, 668.0]
[96.0, 16.0, 903.0, 621.0]
[96.0, 16.0, 904.0, 622.0]
[128.0, 16.0, 937.0, 623.0]
[96.0, 16.0, 906.0, 624.0]
[48.0, 48.0, 859.0, 656.0]
[176.0, 32.0, 988.0, 641.0]
[128.0, 16.0, 941.0, 626.0]
[32.0, 32.0, 846.0, 642.0]
[48.0, 48.0, 863.0, 659.0]
[128.0, 0.0, 944.0, 612.0]
[64.0, 32.0, 881.0, 645.0]
[128.0, 48.0, 946.0, 662.0]
[192.0, 32.0, 1011.0, 646.0]
[80.0, 48.0, 900.0, 663.0]
[192.0, 16.0, 1013.0, 632.0]
[176.0, 32.0, 998.0, 648.0]
[16.0, 48.0, 839.0, 665.0]
[96.0, 0.0, 920.0, 618.0]
[32.0, 48.0, 857.0, 667.0]
[96.0, 0.0, 922.0, 620.0]
[96.0, 48.0, 923.0, 668.0]
[176.0, 0.0, 1004.0, 621.0]
[128.0, 0.0, 957.0, 622.0]
[96.0, 32.0, 926.0, 654.0]
[96.0, 48.0, 927.0, 671.0]
[96.0, 16.0, 928.0, 640.0]
[176.0, 16.0, 1009.0, 641.0]
[64.0, 48.0, 898.0, 674.0]
[112.0, 0.0, 947.0, 626.0]
[144.0, 0.0, 980.0, 627.0]
[160.0, 16.0, 997.0, 644.0]
[176.0, 0.0, 1014.0, 628.0]
[128.0, 48.0, 967.0, 677.0]
[64.0, 16.0, 904.0, 646.0]
[160.0, 16.0, 1001.0, 647.0]
[160.0, 32.0, 1002.0, 664.0]
[48.0, 48.0, 891.0, 680.0]
[80.0, 32.0, 924.0, 665.0]
[160.0, 0.0, 1005.0, 634.0]
[64.0, 0.0, 910.0, 634.0]
[48.0, 48.0, 895.0, 683.0]
[176.0, 16.0, 1024.0, 652.0]
[0.0, 16.0, 849.0, 653.0]
[96.0, 32.0, 946.0, 670.0]
[16.0, 32.0, 867.0, 670.0]
[80.0, 16.0, 932.0, 655.0]
[16.0, 16.0, 869.0, 656.0]
[128.0, 0.0, 982.0, 640.0]
[48.0, 32.0, 903.0, 673.0]
[144.0, 32.0, 1000.0, 674.0]
[0.0, 32.0, 857.0, 675.0]
[160.0, 16.0, 1018.0, 660.0]
[48.0, 0.0, 907.0, 644.0]
[64.0, 0.0, 924.0, 645.0]
[16.0, 0.0, 877.0, 646.0]
[48.0, 16.0, 910.0, 662.0]
[48.0, 32.0, 911.0, 679.0]
[80.0, 0.0, 944.0, 648.0]
[16.0, 16.0, 881.0, 665.0]
[16.0, 0.0, 882.0, 650.0]
[0.0, 0.0, 867.0, 650.0]
[0.0, 16.0, 868.0, 667.0]
[144.0, 0.0, 1013.0, 652.0]
[48.0, 16.0, 918.0, 668.0]
[64.0, 16.0, 935.0, 669.0]
[128.0, 0.0, 1000.0, 654.0]
[128.0, 0.0, 1001.0, 655.0]
[64.0, 0.0, 938.0, 656.0]
[16.0, 16.0, 891.0, 672.0]
[16.0, 16.0, 892.0, 673.0]
[144.0, 0.0, 1021.0, 658.0]
[96.0, 16.0, 974.0, 674.0]
[16.0, 16.0, 895.0, 675.0]
[144.0, 16.0, 1024.0, 676.0]
[96.0, 0.0, 977.0, 661.0]
[32.0, 0.0, 914.0, 662.0]
[80.0, 16.0, 963.0, 678.0]
[48.0, 16.0, 932.0, 679.0]
[112.0, 0.0, 997.0, 664.0]
[16.0, 16.0, 902.0, 680.0]
[16.0, 0.0, 903.0, 665.0]
[112.0, 16.0, 1000.0, 682.0]
[48.0, 0.0, 937.0, 667.0]
[64.0, 0.0, 954.0, 668.0]
[0.0, 0.0, 891.0, 668.0]
[112.0, 0.0, 1004.0, 669.0]
[48.0, 0.0, 941.0, 670.0]
[64.0, 0.0, 958.0, 670.0]
[128.0, 0.0, 1023.0, 671.0]
[96.0, 0.0, 992.0, 672.0]
[32.0, 0.0, 929.0, 673.0]
[48.0, 0.0, 946.0, 674.0]
[80.0, 0.0, 979.0, 674.0]
[64.0, 0.0, 964.0, 675.0]
[96.0, 0.0, 997.0, 676.0]
[48.0, 0.0, 950.0, 676.0]
[16.0, 0.0, 919.0, 677.0]
[80.0, 0.0, 984.0, 678.0]
[16.0, 0.0, 921.0, 679.0]
[96.0, 0.0, 1002.0, 680.0]
[112.0, 0.0, 1019.0, 680.0]
[112.0, 0.0, 1020.0, 681.0]
[16.0, 0.0, 925.0, 682.0]
[96.0, 0.0, 1006.0, 682.0]
[16.0, 0.0, 927.0, 683.0]
