[208.0, 16.0, 925.0, 554.0]
[272.0, 48.0, 990.0, 586.0]
[240.0, 0.0, 959.0, 539.0]
[240.0, 0.0, 960.0, 540.0]
[128.0, 16.0, 849.0, 557.0]
[160.0, 64.0, 882.0, 606.0]
[176.0, 64.0, 899.0, 606.0]
[208.0, 16.0, 932.0, 559.0]
[80.0, 0.0, 805.0, 544.0]
[272.0, 0.0, 998.0, 544.0]
[256.0, 32.0, 983.0, 577.0]
[192.0, 32.0, 920.0, 578.0]
[240.0, 64.0, 969.0, 611.0]
[192.0, 48.0, 922.0, 596.0]
[160.0, 32.0, 891.0, 580.0]
[80.0, 32.0, 812.0, 581.0]
[80.0, 0.0, 813.0, 550.0]
[256.0, 16.0, 990.0, 566.0]
[256.0, 16.0, 991.0, 567.0]
[272.0, 0.0, 1008.0, 552.0]
[192.0, 64.0, 929.0, 617.0]
[160.0, 48.0, 898.0, 602.0]
[144.0, 48.0, 883.0, 602.0]
[96.0, 0.0, 836.0, 555.0]
[128.0, 0.0, 869.0, 556.0]
[256.0, 32.0, 998.0, 588.0]
[160.0, 32.0, 903.0, 589.0]
[96.0, 16.0, 840.0, 574.0]
[272.0, 0.0, 1017.0, 559.0]
[208.0, 64.0, 954.0, 624.0]
[128.0, 48.0, 875.0, 608.0]
[112.0, 48.0, 860.0, 609.0]
[224.0, 64.0, 973.0, 626.0]
[144.0, 48.0, 894.0, 610.0]
[144.0, 16.0, 895.0, 579.0]
[208.0, 48.0, 960.0, 612.0]
[112.0, 16.0, 865.0, 581.0]
[112.0, 48.0, 866.0, 614.0]
[112.0, 48.0, 867.0, 614.0]
[240.0, 48.0, 996.0, 615.0]
[144.0, 0.0, 901.0, 568.0]
[96.0, 0.0, 854.0, 568.0]
[112.0, 32.0, 871.0, 601.0]
[144.0, 0.0, 904.0, 570.0]
[224.0, 32.0, 985.0, 603.0]
[96.0, 16.0, 858.0, 588.0]
[80.0, 0.0, 843.0, 572.0]
[176.0, 16.0, 940.0, 589.0]
[80.0, 16.0, 845.0, 590.0]
[96.0, 16.0, 862.0, 590.0]
[128.0, 16.0, 895.0, 591.0]
[240.0, 48.0, 1008.0, 624.0]
[192.0, 32.0, 961.0, 609.0]
[240.0, 16.0, 1010.0, 594.0]
[96.0, 32.0, 867.0, 610.0]
[128.0, 64.0, 900.0, 643.0]
[240.0, 48.0, 1013.0, 628.0]
[112.0, 48.0, 886.0, 628.0]
[176.0, 0.0, 951.0, 581.0]
[112.0, 16.0, 888.0, 598.0]
[128.0, 16.0, 905.0, 599.0]
[192.0, 16.0, 970.0, 600.0]
[208.0, 0.0, 987.0, 584.0]
[80.0, 0.0, 860.0, 585.0]
[96.0, 48.0, 877.0, 634.0]
[96.0, 32.0, 878.0, 618.0]
[176.0, 16.0, 959.0, 603.0]
[224.0, 48.0, 1008.0, 636.0]
[160.0, 0.0, 945.0, 589.0]
[144.0, 48.0, 930.0, 638.0]
[144.0, 48.0, 931.0, 638.0]
[112.0, 0.0, 900.0, 591.0]
[176.0, 32.0, 965.0, 624.0]
[144.0, 16.0, 934.0, 608.0]
[80.0, 16.0, 871.0, 609.0]
[128.0, 48.0, 920.0, 642.0]
[112.0, 48.0, 905.0, 643.0]
[176.0, 0.0, 970.0, 596.0]
[80.0, 32.0, 875.0, 628.0]
[176.0, 32.0, 972.0, 629.0]
[208.0, 0.0, 1005.0, 598.0]
[224.0, 32.0, 1022.0, 630.0]
[176.0, 16.0, 975.0, 615.0]
[144.0, 32.0, 944.0, 632.0]
[192.0, 32.0, 993.0, 633.0]
[112.0, 0.0, 914.0, 602.0]
[176.0, 0.0, 979.0, 602.0]
[96.0, 32.0, 900.0, 635.0]
[192.0, 32.0, 997.0, 636.0]
[64.0, 0.0, 870.0, 604.0]
[176.0, 48.0, 983.0, 653.0]
[144.0, 64.0, 952.0, 670.0]
[112.0, 0.0, 921.0, 607.0]
[160.0, 48.0, 970.0, 656.0]
[112.0, 48.0, 923.0, 656.0]
[160.0, 0.0, 972.0, 609.0]
[144.0, 0.0, 957.0, 610.0]
[192.0, 32.0, 1006.0, 642.0]
[192.0, 48.0, 1007.0, 659.0]
[128.0, 64.0, 944.0, 676.0]
[96.0, 16.0, 913.0, 629.0]
[80.0, 32.0, 898.0, 646.0]
[64.0, 0.0, 883.0, 614.0]
[80.0, 0.0, 900.0, 615.0]
[96.0, 48.0, 917.0, 664.0]
[96.0, 16.0, 918.0, 632.0]
[176.0, 16.0, 999.0, 633.0]
[80.0, 0.0, 904.0, 618.0]
[144.0, 48.0, 969.0, 667.0]
[160.0, 16.0, 986.0, 636.0]
[128.0, 16.0, 955.0, 636.0]
[160.0, 32.0, 988.0, 653.0]
[160.0, 0.0, 989.0, 622.0]
[80.0, 32.0, 910.0, 654.0]
[176.0, 16.0, 1007.0, 639.0]
[160.0, 48.0, 992.0, 672.0]
[96.0, 48.0, 929.0, 673.0]
[160.0, 16.0, 994.0, 642.0]
[144.0, 48.0, 979.0, 674.0]
[176.0, 32.0, 1012.0, 659.0]
[160.0, 16.0, 997.0, 644.0]
[160.0, 48.0, 998.0, 676.0]
[64.0, 16.0, 903.0, 645.0]
[96.0, 32.0, 936.0, 662.0]
[96.0, 48.0, 937.0, 679.0]
[160.0, 48.0, 1002.0, 680.0]
[96.0, 0.0, 939.0, 632.0]
[160.0, 32.0, 1004.0, 665.0]
[176.0, 0.0, 1021.0, 634.0]
[96.0, 0.0, 942.0, 634.0]
[144.0, 32.0, 991.0, 667.0]
[176.0, 16.0, 1024.0, 652.0]
[128.0, 0.0, 977.0, 637.0]
[128.0, 16.0, 978.0, 654.0]
[144.0, 16.0, 995.0, 654.0]
[112.0, 32.0, 964.0, 671.0]
[96.0, 16.0, 949.0, 656.0]
[96.0, 16.0, 950.0, 656.0]
[128.0, 16.0, 983.0, 657.0]
[112.0, 16.0, 968.0, 658.0]
[144.0, 0.0, 1001.0, 643.0]
[144.0, 32.0, 1002.0, 676.0]
[112.0, 32.0, 971.0, 676.0]
[80.0, 0.0, 940.0, 645.0]
[144.0, 0.0, 1005.0, 646.0]
[80.0, 16.0, 942.0, 662.0]
[96.0, 32.0, 959.0, 679.0]
[80.0, 0.0, 944.0, 648.0]
[128.0, 0.0, 993.0, 649.0]
[128.0, 32.0, 994.0, 682.0]
[144.0, 32.0, 1011.0, 682.0]
[144.0, 32.0, 1012.0, 683.0]
[128.0, 0.0, 997.0, 652.0]
[112.0, 0.0, 982.0, 652.0]
[144.0, 0.0, 1015.0, 653.0]
[144.0, 16.0, 1016.0, 670.0]
[112.0, 16.0, 985.0, 671.0]
[144.0, 16.0, 1018.0, 672.0]
[96.0, 16.0, 971.0, 672.0]
[128.0, 16.0, 1004.0, 673.0]
[96.0, 0.0, 973.0, 658.0]
[144.0, 16.0, 1022.0, 674.0]
[112.0, 0.0, 991.0, 659.0]
[96.0, 16.0, 976.0, 676.0]
[96.0, 16.0, 977.0, 677.0]
[112.0, 16.0, 994.0, 678.0]
[96.0, 16.0, 979.0, 678.0]
[80.0, 0.0, 964.0, 663.0]
[128.0, 16.0, 1013.0, 680.0]
[128.0, 16.0, 1014.0, 680.0]
[128.0, 16.0, 1015.0, 681.0]
[128.0, 0.0, 1016.0, 666.0]
[112.0, 0.0, 1001.0, 667.0]
[112.0, 0.0, 1002.0, 668.0]
[128.0, 0.0, 1019.0, 668.0]
[96.0, 0.0, 988.0, 669.0]
[96.0, 0.0, 989.0, 670.0]
[80.0, 0.0, 974.0, 670.0]
[80.0, 0.0, 975.0, 671.0]
[96.0, 0.0, 992.0, 672.0]
[96.0, 0.0, 993.0, 673.0]
[80.0, 0.0, 978.0, 674.0]
[80.0, 0.0, 979.0, 674.0]
[96.0, 0.0, 996.0, 675.0]
[96.0, 0.0, 997.0, 676.0]
[112.0, 0.0, 1014.0, 676.0]
[112.0, 0.0, 1015.0, 677.0]
[96.0, 0.0, 1000.0, 678.0]
[112.0, 0.0, 1017.0, 679.0]
[112.0, 0.0, 1018.0, 680.0]
[80.0, 0.0, 987.0, 680.0]
[112.0, 0.0, 1020.0, 681.0]
[80.0, 0.0, 989.0, 682.0]
[112.0, 0.0, 1022.0, 682.0]
[80.0, 0.0, 991.0, 683.0]
