[128.0, 112.0, 877.0, 674.0]
[128.0, 96.0, 878.0, 658.0]
[160.0, 128.0, 911.0, 691.0]
[96.0, 112.0, 848.0, 676.0]
[96.0, 160.0, 849.0, 725.0]
[224.0, 112.0, 978.0, 678.0]
[160.0, 144.0, 915.0, 710.0]
[144.0, 128.0, 900.0, 695.0]
[208.0, 112.0, 965.0, 680.0]
[208.0, 128.0, 966.0, 696.0]
[32.0, 144.0, 791.0, 713.0]
[208.0, 128.0, 968.0, 698.0]
[32.0, 112.0, 793.0, 683.0]
[128.0, 128.0, 890.0, 700.0]
[176.0, 160.0, 939.0, 732.0]
[144.0, 112.0, 908.0, 685.0]
[32.0, 96.0, 797.0, 670.0]
[208.0, 96.0, 974.0, 670.0]
[144.0, 112.0, 911.0, 687.0]
[224.0, 112.0, 992.0, 688.0]
[208.0, 128.0, 977.0, 705.0]
[32.0, 144.0, 802.0, 722.0]
[48.0, 96.0, 819.0, 674.0]
[176.0, 144.0, 948.0, 723.0]
[80.0, 128.0, 853.0, 708.0]
[112.0, 80.0, 886.0, 660.0]
[32.0, 128.0, 807.0, 709.0]
[208.0, 96.0, 984.0, 678.0]
[128.0, 144.0, 905.0, 727.0]
[64.0, 144.0, 842.0, 728.0]
[112.0, 128.0, 891.0, 712.0]
[48.0, 160.0, 828.0, 745.0]
[112.0, 96.0, 893.0, 682.0]
[96.0, 144.0, 878.0, 730.0]
[192.0, 160.0, 975.0, 747.0]
[32.0, 128.0, 816.0, 716.0]
[112.0, 96.0, 897.0, 685.0]
[16.0, 112.0, 802.0, 702.0]
[96.0, 160.0, 883.0, 750.0]
[16.0, 144.0, 804.0, 735.0]
[192.0, 80.0, 981.0, 672.0]
[112.0, 160.0, 902.0, 752.0]
[112.0, 128.0, 903.0, 721.0]
[112.0, 80.0, 904.0, 674.0]
[16.0, 96.0, 809.0, 691.0]
[0.0, 144.0, 794.0, 740.0]
[16.0, 160.0, 811.0, 756.0]
[176.0, 80.0, 972.0, 677.0]
[96.0, 80.0, 893.0, 678.0]
[96.0, 112.0, 894.0, 710.0]
[160.0, 144.0, 959.0, 743.0]
[160.0, 80.0, 960.0, 680.0]
[128.0, 80.0, 929.0, 681.0]
[0.0, 128.0, 802.0, 730.0]
[32.0, 144.0, 835.0, 746.0]
[176.0, 128.0, 980.0, 731.0]
[80.0, 128.0, 885.0, 732.0]
[64.0, 80.0, 870.0, 684.0]
[80.0, 80.0, 887.0, 685.0]
[176.0, 80.0, 984.0, 686.0]
[144.0, 96.0, 953.0, 703.0]
[192.0, 128.0, 1002.0, 736.0]
[64.0, 128.0, 875.0, 736.0]
[160.0, 48.0, 972.0, 657.0]
[176.0, 112.0, 989.0, 722.0]
[128.0, 144.0, 942.0, 754.0]
[176.0, 64.0, 991.0, 675.0]
[96.0, 48.0, 912.0, 660.0]
[80.0, 112.0, 897.0, 725.0]
[64.0, 128.0, 882.0, 742.0]
[0.0, 112.0, 819.0, 726.0]
[112.0, 96.0, 932.0, 711.0]
[160.0, 128.0, 981.0, 744.0]
[80.0, 112.0, 902.0, 728.0]
[160.0, 144.0, 983.0, 761.0]
[80.0, 64.0, 904.0, 682.0]
[128.0, 48.0, 953.0, 667.0]
[16.0, 96.0, 842.0, 716.0]
[0.0, 144.0, 827.0, 764.0]
[112.0, 112.0, 940.0, 733.0]
[32.0, 64.0, 861.0, 686.0]
[128.0, 128.0, 958.0, 750.0]
[64.0, 128.0, 895.0, 751.0]
[192.0, 96.0, 1024.0, 720.0]
[144.0, 64.0, 977.0, 689.0]
[112.0, 128.0, 946.0, 754.0]
[48.0, 128.0, 883.0, 754.0]
[144.0, 48.0, 980.0, 675.0]
[0.0, 96.0, 837.0, 724.0]
[176.0, 128.0, 1014.0, 756.0]
[160.0, 80.0, 999.0, 709.0]
[144.0, 112.0, 984.0, 742.0]
[16.0, 48.0, 857.0, 679.0]
[112.0, 48.0, 954.0, 680.0]
[16.0, 48.0, 859.0, 680.0]
[160.0, 128.0, 1004.0, 761.0]
[128.0, 16.0, 973.0, 650.0]
[144.0, 48.0, 990.0, 682.0]
[144.0, 128.0, 991.0, 763.0]
[96.0, 80.0, 944.0, 716.0]
[16.0, 96.0, 865.0, 733.0]
[128.0, 80.0, 978.0, 718.0]
[80.0, 128.0, 931.0, 766.0]
[0.0, 64.0, 852.0, 703.0]
[48.0, 16.0, 901.0, 656.0]
[80.0, 64.0, 934.0, 704.0]
[160.0, 32.0, 1015.0, 673.0]
[48.0, 32.0, 904.0, 674.0]
[16.0, 32.0, 873.0, 675.0]
[48.0, 64.0, 906.0, 708.0]
[144.0, 96.0, 1003.0, 740.0]
[80.0, 96.0, 940.0, 741.0]
[48.0, 32.0, 909.0, 678.0]
[16.0, 64.0, 878.0, 710.0]
[80.0, 48.0, 943.0, 695.0]
[80.0, 80.0, 944.0, 728.0]
[0.0, 64.0, 865.0, 713.0]
[0.0, 32.0, 866.0, 682.0]
[0.0, 64.0, 867.0, 714.0]
[80.0, 0.0, 948.0, 651.0]
[64.0, 16.0, 933.0, 668.0]
[144.0, 112.0, 1014.0, 764.0]
[64.0, 80.0, 935.0, 733.0]
[48.0, 0.0, 920.0, 654.0]
[32.0, 80.0, 905.0, 735.0]
[64.0, 0.0, 938.0, 656.0]
[128.0, 80.0, 1003.0, 736.0]
[48.0, 64.0, 924.0, 721.0]
[144.0, 64.0, 1021.0, 722.0]
[128.0, 80.0, 1006.0, 738.0]
[32.0, 64.0, 911.0, 723.0]
[112.0, 96.0, 992.0, 756.0]
[32.0, 32.0, 913.0, 693.0]
[0.0, 64.0, 882.0, 726.0]
[128.0, 16.0, 1011.0, 678.0]
[48.0, 80.0, 932.0, 743.0]
[80.0, 80.0, 965.0, 744.0]
[80.0, 96.0, 966.0, 760.0]
[64.0, 96.0, 951.0, 761.0]
[112.0, 96.0, 1000.0, 762.0]
[96.0, 32.0, 985.0, 699.0]
[32.0, 0.0, 922.0, 668.0]
[64.0, 16.0, 955.0, 684.0]
[112.0, 80.0, 1004.0, 749.0]
[128.0, 64.0, 1021.0, 734.0]
[96.0, 32.0, 990.0, 702.0]
[16.0, 16.0, 911.0, 687.0]
[32.0, 96.0, 928.0, 768.0]
[48.0, 48.0, 945.0, 721.0]
[16.0, 64.0, 914.0, 738.0]
[96.0, 64.0, 995.0, 738.0]
[112.0, 80.0, 1012.0, 755.0]
[96.0, 0.0, 997.0, 676.0]
[32.0, 64.0, 934.0, 740.0]
[96.0, 0.0, 999.0, 677.0]
[80.0, 80.0, 984.0, 758.0]
[80.0, 64.0, 985.0, 743.0]
[96.0, 16.0, 1002.0, 696.0]
[32.0, 0.0, 939.0, 680.0]
[16.0, 48.0, 924.0, 729.0]
[0.0, 48.0, 909.0, 730.0]
[96.0, 0.0, 1006.0, 682.0]
[80.0, 64.0, 991.0, 747.0]
[48.0, 80.0, 960.0, 764.0]
[48.0, 32.0, 961.0, 717.0]
[96.0, 0.0, 1010.0, 686.0]
[48.0, 48.0, 963.0, 734.0]
[0.0, 16.0, 916.0, 703.0]
[80.0, 80.0, 997.0, 768.0]
[80.0, 80.0, 998.0, 768.0]
[96.0, 32.0, 1015.0, 721.0]
[16.0, 16.0, 936.0, 706.0]
[0.0, 32.0, 921.0, 723.0]
[0.0, 48.0, 922.0, 740.0]
[0.0, 0.0, 923.0, 692.0]
[16.0, 0.0, 940.0, 693.0]
[96.0, 32.0, 1021.0, 726.0]
[64.0, 0.0, 990.0, 694.0]
[32.0, 48.0, 959.0, 743.0]
[96.0, 48.0, 1024.0, 744.0]
[80.0, 32.0, 1009.0, 729.0]
[16.0, 16.0, 946.0, 714.0]
[32.0, 16.0, 963.0, 714.0]
[48.0, 64.0, 980.0, 763.0]
[80.0, 48.0, 1013.0, 748.0]
[16.0, 16.0, 950.0, 716.0]
[0.0, 64.0, 935.0, 765.0]
[0.0, 64.0, 936.0, 766.0]
[0.0, 0.0, 937.0, 703.0]
[16.0, 64.0, 954.0, 768.0]
[48.0, 0.0, 987.0, 704.0]
[0.0, 32.0, 940.0, 737.0]
[0.0, 48.0, 941.0, 754.0]
[64.0, 48.0, 1006.0, 754.0]
[64.0, 48.0, 1007.0, 755.0]
[64.0, 0.0, 1008.0, 708.0]
[64.0, 0.0, 1009.0, 709.0]
[32.0, 32.0, 978.0, 742.0]
[16.0, 48.0, 963.0, 758.0]
[32.0, 48.0, 980.0, 759.0]
[0.0, 48.0, 949.0, 760.0]
[48.0, 32.0, 998.0, 744.0]
[48.0, 32.0, 999.0, 745.0]
[16.0, 16.0, 968.0, 730.0]
[32.0, 32.0, 985.0, 747.0]
[0.0, 48.0, 954.0, 764.0]
[64.0, 0.0, 1019.0, 716.0]
[16.0, 0.0, 972.0, 717.0]
[32.0, 16.0, 989.0, 734.0]
[16.0, 16.0, 974.0, 734.0]
[16.0, 16.0, 975.0, 735.0]
[32.0, 32.0, 992.0, 752.0]
[16.0, 16.0, 977.0, 737.0]
[0.0, 16.0, 962.0, 738.0]
[32.0, 32.0, 995.0, 754.0]
[32.0, 0.0, 996.0, 723.0]
[0.0, 16.0, 965.0, 740.0]
[0.0, 16.0, 966.0, 740.0]
[16.0, 0.0, 983.0, 725.0]
[32.0, 0.0, 1000.0, 726.0]
[16.0, 0.0, 985.0, 727.0]
[16.0, 0.0, 986.0, 728.0]
[48.0, 0.0, 1019.0, 728.0]
[32.0, 0.0, 1004.0, 729.0]
[48.0, 16.0, 1021.0, 746.0]
[48.0, 0.0, 1022.0, 730.0]
[32.0, 16.0, 1007.0, 747.0]
[48.0, 16.0, 1024.0, 748.0]
[32.0, 0.0, 1009.0, 733.0]
[0.0, 32.0, 978.0, 766.0]
[0.0, 32.0, 979.0, 766.0]
[16.0, 32.0, 996.0, 767.0]
[16.0, 0.0, 997.0, 736.0]
[16.0, 0.0, 998.0, 736.0]
[16.0, 0.0, 999.0, 737.0]
[32.0, 0.0, 1016.0, 738.0]
[32.0, 16.0, 1017.0, 755.0]
[32.0, 0.0, 1018.0, 740.0]
[16.0, 16.0, 1003.0, 756.0]
[32.0, 0.0, 1020.0, 741.0]
[0.0, 16.0, 989.0, 758.0]
[32.0, 16.0, 1022.0, 758.0]
[0.0, 0.0, 991.0, 743.0]
[0.0, 16.0, 992.0, 760.0]
[0.0, 0.0, 993.0, 745.0]
[16.0, 0.0, 1010.0, 746.0]
[0.0, 16.0, 995.0, 762.0]
[0.0, 16.0, 996.0, 763.0]
[16.0, 16.0, 1013.0, 764.0]
[0.0, 0.0, 998.0, 748.0]
[16.0, 0.0, 1015.0, 749.0]
[16.0, 16.0, 1016.0, 766.0]
[16.0, 16.0, 1017.0, 767.0]
[16.0, 0.0, 1018.0, 752.0]
[16.0, 16.0, 1019.0, 768.0]
[0.0, 0.0, 1004.0, 753.0]
[16.0, 0.0, 1021.0, 754.0]
[0.0, 0.0, 1006.0, 754.0]
[0.0, 0.0, 1007.0, 755.0]
[16.0, 0.0, 1024.0, 756.0]
[0.0, 0.0, 1009.0, 757.0]
[0.0, 0.0, 1010.0, 758.0]
[0.0, 0.0, 1011.0, 758.0]
[0.0, 0.0, 1012.0, 759.0]
[0.0, 0.0, 1013.0, 760.0]
[0.0, 0.0, 1014.0, 760.0]
[0.0, 0.0, 1015.0, 761.0]
[0.0, 0.0, 1016.0, 762.0]
[0.0, 0.0, 1017.0, 763.0]
[0.0, 0.0, 1018.0, 764.0]
[0.0, 0.0, 1019.0, 764.0]
[0.0, 0.0, 1020.0, 765.0]
[0.0, 0.0, 1021.0, 766.0]
[0.0, 0.0, 1022.0, 766.0]
[0.0, 0.0, 1023.0, 767.0]
[0.0, 0.0, 1024.0, 768.0]
