[96.0, 48.0, 813.0, 586.0]
[32.0, 112.0, 750.0, 650.0]
[32.0, 48.0, 751.0, 587.0]
[128.0, 112.0, 848.0, 652.0]
[160.0, 80.0, 881.0, 621.0]
[96.0, 16.0, 818.0, 558.0]
[96.0, 32.0, 819.0, 574.0]
[144.0, 64.0, 868.0, 607.0]
[48.0, 112.0, 773.0, 656.0]
[96.0, 32.0, 822.0, 576.0]
[96.0, 112.0, 823.0, 657.0]
[80.0, 64.0, 808.0, 610.0]
[32.0, 32.0, 761.0, 579.0]
[64.0, 48.0, 794.0, 596.0]
[64.0, 64.0, 795.0, 612.0]
[160.0, 80.0, 892.0, 629.0]
[64.0, 16.0, 797.0, 566.0]
[128.0, 64.0, 862.0, 614.0]
[176.0, 64.0, 911.0, 615.0]
[96.0, 64.0, 832.0, 616.0]
[32.0, 16.0, 769.0, 569.0]
[192.0, 48.0, 930.0, 602.0]
[80.0, 128.0, 819.0, 682.0]
[176.0, 16.0, 916.0, 571.0]
[128.0, 32.0, 869.0, 588.0]
[176.0, 16.0, 918.0, 572.0]
[128.0, 64.0, 871.0, 621.0]
[80.0, 64.0, 824.0, 622.0]
[144.0, 96.0, 889.0, 655.0]
[80.0, 96.0, 826.0, 656.0]
[144.0, 0.0, 891.0, 560.0]
[96.0, 0.0, 844.0, 561.0]
[80.0, 16.0, 829.0, 578.0]
[160.0, 16.0, 910.0, 578.0]
[0.0, 64.0, 751.0, 627.0]
[64.0, 96.0, 816.0, 660.0]
[176.0, 32.0, 929.0, 597.0]
[112.0, 48.0, 866.0, 614.0]
[160.0, 96.0, 915.0, 662.0]
[32.0, 32.0, 788.0, 599.0]
[144.0, 0.0, 901.0, 568.0]
[16.0, 32.0, 774.0, 600.0]
[16.0, 16.0, 775.0, 585.0]
[32.0, 96.0, 792.0, 666.0]
[160.0, 32.0, 921.0, 603.0]
[192.0, 64.0, 954.0, 636.0]
[160.0, 48.0, 923.0, 620.0]
[64.0, 80.0, 828.0, 653.0]
[96.0, 48.0, 861.0, 622.0]
[96.0, 80.0, 862.0, 654.0]
[80.0, 0.0, 847.0, 575.0]
[0.0, 96.0, 768.0, 672.0]
[160.0, 16.0, 929.0, 593.0]
[144.0, 0.0, 914.0, 578.0]
[16.0, 48.0, 787.0, 626.0]
[64.0, 96.0, 836.0, 675.0]
[48.0, 48.0, 821.0, 628.0]
[0.0, 16.0, 774.0, 596.0]
[160.0, 16.0, 935.0, 597.0]
[32.0, 64.0, 808.0, 646.0]
[48.0, 0.0, 825.0, 583.0]
[32.0, 0.0, 810.0, 584.0]
[160.0, 32.0, 939.0, 616.0]
[32.0, 16.0, 812.0, 601.0]
[128.0, 80.0, 909.0, 666.0]
[144.0, 32.0, 926.0, 618.0]
[112.0, 0.0, 895.0, 587.0]
[32.0, 80.0, 816.0, 668.0]
[80.0, 32.0, 865.0, 621.0]
[144.0, 80.0, 930.0, 670.0]
[32.0, 32.0, 819.0, 622.0]
[128.0, 32.0, 916.0, 623.0]
[144.0, 48.0, 933.0, 640.0]
[96.0, 0.0, 886.0, 592.0]
[16.0, 16.0, 807.0, 609.0]
[176.0, 80.0, 968.0, 674.0]
[80.0, 64.0, 873.0, 659.0]
[128.0, 32.0, 922.0, 628.0]
[48.0, 80.0, 843.0, 676.0]
[32.0, 64.0, 828.0, 661.0]
[128.0, 64.0, 925.0, 662.0]
[112.0, 0.0, 910.0, 598.0]
[0.0, 64.0, 799.0, 663.0]
[16.0, 64.0, 816.0, 664.0]
[80.0, 32.0, 881.0, 633.0]
[160.0, 0.0, 962.0, 602.0]
[128.0, 0.0, 931.0, 602.0]
[48.0, 32.0, 852.0, 635.0]
[16.0, 64.0, 821.0, 668.0]
[16.0, 0.0, 822.0, 604.0]
[144.0, 64.0, 951.0, 669.0]
[0.0, 64.0, 808.0, 670.0]
[16.0, 64.0, 825.0, 671.0]
[32.0, 16.0, 842.0, 624.0]
[176.0, 64.0, 987.0, 672.0]
[64.0, 64.0, 876.0, 673.0]
[176.0, 64.0, 989.0, 674.0]
[160.0, 0.0, 974.0, 610.0]
[176.0, 16.0, 991.0, 627.0]
[48.0, 48.0, 864.0, 660.0]
[0.0, 48.0, 817.0, 661.0]
[96.0, 0.0, 914.0, 614.0]
[0.0, 48.0, 819.0, 662.0]
[0.0, 48.0, 820.0, 663.0]
[32.0, 48.0, 853.0, 664.0]
[96.0, 32.0, 918.0, 648.0]
[128.0, 16.0, 951.0, 633.0]
[48.0, 32.0, 872.0, 650.0]
[48.0, 48.0, 873.0, 667.0]
[144.0, 48.0, 970.0, 668.0]
[144.0, 0.0, 971.0, 620.0]
[16.0, 32.0, 844.0, 653.0]
[64.0, 16.0, 893.0, 638.0]
[32.0, 16.0, 862.0, 638.0]
[96.0, 0.0, 927.0, 623.0]
[48.0, 16.0, 880.0, 640.0]
[0.0, 0.0, 833.0, 625.0]
[16.0, 48.0, 850.0, 674.0]
[80.0, 16.0, 915.0, 642.0]
[128.0, 32.0, 964.0, 659.0]
[176.0, 32.0, 1013.0, 660.0]
[80.0, 0.0, 918.0, 628.0]
[32.0, 0.0, 871.0, 629.0]
[32.0, 32.0, 872.0, 662.0]
[0.0, 16.0, 841.0, 647.0]
[96.0, 0.0, 938.0, 632.0]
[32.0, 0.0, 875.0, 632.0]
[0.0, 0.0, 844.0, 633.0]
[48.0, 16.0, 893.0, 650.0]
[144.0, 0.0, 990.0, 634.0]
[32.0, 16.0, 879.0, 651.0]
[32.0, 16.0, 880.0, 652.0]
[32.0, 16.0, 881.0, 653.0]
[112.0, 32.0, 962.0, 670.0]
[48.0, 16.0, 899.0, 654.0]
[144.0, 32.0, 996.0, 671.0]
[0.0, 32.0, 853.0, 672.0]
[64.0, 32.0, 918.0, 672.0]
[32.0, 16.0, 887.0, 657.0]
[144.0, 32.0, 1000.0, 674.0]
[80.0, 32.0, 937.0, 675.0]
[96.0, 16.0, 954.0, 660.0]
[128.0, 32.0, 987.0, 676.0]
[128.0, 32.0, 988.0, 677.0]
[64.0, 32.0, 925.0, 678.0]
[112.0, 32.0, 974.0, 678.0]
[96.0, 0.0, 959.0, 647.0]
[16.0, 32.0, 880.0, 680.0]
[144.0, 16.0, 1009.0, 665.0]
[128.0, 0.0, 994.0, 650.0]
[0.0, 0.0, 867.0, 650.0]
[16.0, 0.0, 884.0, 651.0]
[16.0, 32.0, 885.0, 684.0]
[32.0, 16.0, 902.0, 668.0]
[0.0, 16.0, 871.0, 669.0]
[16.0, 0.0, 888.0, 654.0]
[48.0, 0.0, 921.0, 655.0]
[112.0, 16.0, 986.0, 672.0]
[96.0, 16.0, 971.0, 672.0]
[96.0, 16.0, 972.0, 673.0]
[32.0, 16.0, 909.0, 674.0]
[80.0, 16.0, 958.0, 674.0]
[144.0, 16.0, 1023.0, 675.0]
[96.0, 16.0, 976.0, 676.0]
[32.0, 16.0, 913.0, 677.0]
[128.0, 16.0, 1010.0, 678.0]
[112.0, 16.0, 995.0, 678.0]
[112.0, 0.0, 996.0, 663.0]
[64.0, 16.0, 949.0, 680.0]
[80.0, 0.0, 966.0, 664.0]
[112.0, 16.0, 999.0, 681.0]
[48.0, 0.0, 936.0, 666.0]
[64.0, 16.0, 953.0, 683.0]
[96.0, 0.0, 986.0, 668.0]
[96.0, 0.0, 987.0, 668.0]
[128.0, 16.0, 1020.0, 685.0]
[64.0, 0.0, 957.0, 670.0]
[64.0, 0.0, 958.0, 670.0]
[32.0, 0.0, 927.0, 671.0]
[32.0, 0.0, 928.0, 672.0]
[112.0, 0.0, 1009.0, 673.0]
[64.0, 0.0, 962.0, 674.0]
[64.0, 0.0, 963.0, 674.0]
[48.0, 0.0, 948.0, 675.0]
[16.0, 0.0, 917.0, 676.0]
[0.0, 0.0, 902.0, 676.0]
[0.0, 0.0, 903.0, 677.0]
[80.0, 0.0, 984.0, 678.0]
[32.0, 0.0, 937.0, 679.0]
[96.0, 0.0, 1002.0, 680.0]
[80.0, 0.0, 987.0, 680.0]
[64.0, 0.0, 972.0, 681.0]
[64.0, 0.0, 973.0, 682.0]
[16.0, 0.0, 926.0, 682.0]
[64.0, 0.0, 975.0, 683.0]
[32.0, 0.0, 944.0, 684.0]
[48.0, 0.0, 961.0, 685.0]
