[0.0, 0.0, 717.0, 538.0]
[112.0, 48.0, 830.0, 586.0]
[112.0, 64.0, 831.0, 603.0]
[96.0, 80.0, 816.0, 620.0]
[32.0, 32.0, 753.0, 573.0]
[112.0, 64.0, 834.0, 606.0]
[80.0, 32.0, 803.0, 574.0]
[128.0, 0.0, 852.0, 543.0]
[32.0, 48.0, 757.0, 592.0]
[96.0, 32.0, 822.0, 576.0]
[144.0, 0.0, 871.0, 545.0]
[32.0, 80.0, 760.0, 626.0]
[64.0, 32.0, 793.0, 579.0]
[128.0, 16.0, 858.0, 564.0]
[0.0, 0.0, 731.0, 548.0]
[0.0, 48.0, 732.0, 597.0]
[48.0, 32.0, 781.0, 582.0]
[96.0, 48.0, 830.0, 598.0]
[48.0, 64.0, 783.0, 615.0]
[96.0, 16.0, 832.0, 568.0]
[32.0, 16.0, 769.0, 569.0]
[32.0, 16.0, 770.0, 570.0]
[64.0, 0.0, 803.0, 554.0]
[80.0, 0.0, 820.0, 555.0]
[128.0, 16.0, 869.0, 572.0]
[32.0, 0.0, 774.0, 556.0]
[80.0, 32.0, 823.0, 589.0]
[64.0, 48.0, 808.0, 606.0]
[32.0, 32.0, 777.0, 591.0]
[48.0, 16.0, 794.0, 576.0]
[128.0, 48.0, 875.0, 608.0]
[0.0, 0.0, 748.0, 561.0]
[32.0, 16.0, 781.0, 578.0]
[128.0, 32.0, 878.0, 594.0]
[16.0, 48.0, 767.0, 611.0]
[96.0, 32.0, 848.0, 596.0]
[32.0, 16.0, 785.0, 581.0]
[0.0, 48.0, 754.0, 614.0]
[96.0, 16.0, 851.0, 582.0]
[144.0, 16.0, 900.0, 583.0]
[32.0, 32.0, 789.0, 600.0]
[32.0, 64.0, 790.0, 632.0]
[32.0, 80.0, 791.0, 649.0]
[64.0, 32.0, 824.0, 602.0]
[128.0, 0.0, 889.0, 571.0]
[16.0, 0.0, 778.0, 572.0]
[32.0, 32.0, 795.0, 604.0]
[64.0, 0.0, 828.0, 573.0]
[64.0, 80.0, 829.0, 654.0]
[0.0, 64.0, 766.0, 638.0]
[96.0, 0.0, 863.0, 575.0]
[96.0, 48.0, 864.0, 624.0]
[128.0, 32.0, 897.0, 609.0]
[16.0, 0.0, 786.0, 578.0]
[64.0, 32.0, 835.0, 610.0]
[0.0, 48.0, 772.0, 627.0]
[32.0, 32.0, 805.0, 612.0]
[16.0, 0.0, 790.0, 580.0]
[64.0, 48.0, 839.0, 629.0]
[32.0, 64.0, 808.0, 646.0]
[96.0, 48.0, 873.0, 631.0]
[32.0, 0.0, 810.0, 584.0]
[48.0, 16.0, 827.0, 600.0]
[0.0, 0.0, 780.0, 585.0]
[0.0, 48.0, 781.0, 634.0]
[32.0, 32.0, 814.0, 618.0]
[48.0, 48.0, 831.0, 635.0]
[96.0, 0.0, 880.0, 588.0]
[0.0, 32.0, 785.0, 621.0]
[16.0, 32.0, 802.0, 622.0]
[32.0, 80.0, 819.0, 670.0]
[96.0, 16.0, 884.0, 607.0]
[0.0, 16.0, 789.0, 608.0]
[32.0, 16.0, 822.0, 608.0]
[0.0, 48.0, 791.0, 641.0]
[16.0, 32.0, 808.0, 626.0]
[16.0, 16.0, 809.0, 611.0]
[16.0, 32.0, 810.0, 628.0]
[64.0, 32.0, 859.0, 628.0]
[112.0, 16.0, 908.0, 613.0]
[64.0, 48.0, 861.0, 646.0]
[32.0, 32.0, 830.0, 630.0]
[64.0, 48.0, 863.0, 647.0]
[0.0, 48.0, 800.0, 648.0]
[0.0, 16.0, 801.0, 617.0]
[32.0, 48.0, 834.0, 650.0]
[48.0, 64.0, 851.0, 666.0]
[0.0, 48.0, 804.0, 651.0]
[64.0, 32.0, 869.0, 636.0]
[0.0, 64.0, 806.0, 668.0]
[48.0, 0.0, 855.0, 605.0]
[16.0, 16.0, 824.0, 622.0]
[48.0, 32.0, 857.0, 639.0]
[64.0, 16.0, 874.0, 624.0]
[64.0, 0.0, 875.0, 608.0]
[0.0, 16.0, 812.0, 625.0]
[48.0, 0.0, 861.0, 610.0]
[80.0, 0.0, 894.0, 610.0]
[64.0, 16.0, 879.0, 627.0]
[32.0, 32.0, 848.0, 644.0]
[0.0, 32.0, 817.0, 645.0]
[0.0, 48.0, 818.0, 662.0]
[80.0, 0.0, 899.0, 614.0]
[64.0, 16.0, 884.0, 631.0]
[64.0, 32.0, 885.0, 648.0]
[64.0, 32.0, 886.0, 648.0]
[80.0, 32.0, 903.0, 649.0]
[32.0, 0.0, 856.0, 618.0]
[80.0, 0.0, 905.0, 619.0]
[64.0, 32.0, 890.0, 652.0]
[32.0, 32.0, 859.0, 652.0]
[48.0, 32.0, 876.0, 653.0]
[16.0, 48.0, 845.0, 670.0]
[48.0, 0.0, 878.0, 622.0]
[64.0, 16.0, 895.0, 639.0]
[48.0, 32.0, 880.0, 656.0]
[0.0, 0.0, 833.0, 625.0]
[0.0, 16.0, 834.0, 642.0]
[48.0, 16.0, 883.0, 642.0]
[32.0, 0.0, 868.0, 627.0]
[32.0, 16.0, 869.0, 644.0]
[0.0, 0.0, 838.0, 628.0]
[0.0, 32.0, 839.0, 661.0]
[16.0, 16.0, 856.0, 646.0]
[48.0, 16.0, 889.0, 647.0]
[16.0, 0.0, 858.0, 632.0]
[0.0, 32.0, 843.0, 664.0]
[64.0, 16.0, 908.0, 649.0]
[64.0, 16.0, 909.0, 650.0]
[64.0, 16.0, 910.0, 650.0]
[0.0, 16.0, 847.0, 651.0]
[16.0, 16.0, 864.0, 652.0]
[16.0, 16.0, 865.0, 653.0]
[32.0, 32.0, 882.0, 670.0]
[32.0, 16.0, 883.0, 654.0]
[32.0, 16.0, 884.0, 655.0]
[0.0, 0.0, 853.0, 640.0]
[0.0, 16.0, 854.0, 656.0]
[0.0, 32.0, 855.0, 673.0]
[32.0, 0.0, 888.0, 642.0]
[32.0, 32.0, 889.0, 675.0]
[0.0, 0.0, 858.0, 644.0]
[32.0, 32.0, 891.0, 676.0]
[0.0, 32.0, 860.0, 677.0]
[48.0, 16.0, 909.0, 662.0]
[16.0, 16.0, 878.0, 662.0]
[0.0, 16.0, 863.0, 663.0]
[0.0, 0.0, 864.0, 648.0]
[0.0, 0.0, 865.0, 649.0]
