[64.0, 32.0, 805.0, 588.0]
[144.0, 48.0, 886.0, 604.0]
[224.0, 48.0, 967.0, 605.0]
[64.0, 32.0, 808.0, 590.0]
[176.0, 48.0, 921.0, 607.0]
[240.0, 96.0, 986.0, 656.0]
[144.0, 96.0, 891.0, 656.0]
[160.0, 80.0, 908.0, 641.0]
[224.0, 32.0, 973.0, 594.0]
[128.0, 64.0, 878.0, 626.0]
[192.0, 80.0, 943.0, 643.0]
[208.0, 48.0, 960.0, 612.0]
[144.0, 80.0, 897.0, 645.0]
[96.0, 64.0, 850.0, 630.0]
[224.0, 16.0, 979.0, 582.0]
[160.0, 80.0, 916.0, 647.0]
[208.0, 96.0, 965.0, 664.0]
[160.0, 96.0, 918.0, 664.0]
[224.0, 32.0, 983.0, 601.0]
[176.0, 48.0, 936.0, 618.0]
[224.0, 80.0, 985.0, 651.0]
[176.0, 48.0, 938.0, 620.0]
[64.0, 80.0, 827.0, 652.0]
[80.0, 48.0, 844.0, 621.0]
[208.0, 96.0, 973.0, 670.0]
[176.0, 64.0, 942.0, 638.0]
[32.0, 16.0, 799.0, 591.0]
[224.0, 32.0, 992.0, 608.0]
[144.0, 48.0, 913.0, 625.0]
[96.0, 32.0, 866.0, 610.0]
[112.0, 96.0, 883.0, 674.0]
[144.0, 96.0, 916.0, 675.0]
[112.0, 80.0, 885.0, 660.0]
[16.0, 80.0, 790.0, 660.0]
[224.0, 32.0, 999.0, 613.0]
[128.0, 96.0, 904.0, 678.0]
[224.0, 32.0, 1001.0, 615.0]
[48.0, 32.0, 826.0, 616.0]
[80.0, 48.0, 859.0, 632.0]
[0.0, 32.0, 780.0, 617.0]
[240.0, 48.0, 1021.0, 634.0]
[48.0, 16.0, 830.0, 602.0]
[80.0, 96.0, 863.0, 683.0]
[224.0, 64.0, 1008.0, 652.0]
[64.0, 0.0, 849.0, 589.0]
[96.0, 48.0, 882.0, 638.0]
[80.0, 48.0, 867.0, 638.0]
[224.0, 64.0, 1012.0, 655.0]
[208.0, 32.0, 997.0, 624.0]
[96.0, 32.0, 886.0, 624.0]
[80.0, 32.0, 871.0, 625.0]
[144.0, 64.0, 936.0, 658.0]
[128.0, 48.0, 921.0, 643.0]
[144.0, 16.0, 938.0, 612.0]
[48.0, 48.0, 843.0, 644.0]
[192.0, 16.0, 988.0, 613.0]
[176.0, 16.0, 973.0, 614.0]
[32.0, 32.0, 830.0, 630.0]
[80.0, 16.0, 879.0, 615.0]
[0.0, 48.0, 800.0, 648.0]
[0.0, 16.0, 801.0, 617.0]
[80.0, 64.0, 882.0, 666.0]
[112.0, 16.0, 915.0, 618.0]
[160.0, 32.0, 964.0, 635.0]
[96.0, 16.0, 901.0, 620.0]
[16.0, 48.0, 822.0, 652.0]
[128.0, 32.0, 935.0, 637.0]
[176.0, 64.0, 984.0, 670.0]
[48.0, 0.0, 857.0, 607.0]
[80.0, 48.0, 890.0, 656.0]
[80.0, 64.0, 891.0, 672.0]
[160.0, 48.0, 972.0, 657.0]
[176.0, 48.0, 989.0, 658.0]
[32.0, 0.0, 846.0, 610.0]
[144.0, 0.0, 959.0, 611.0]
[32.0, 0.0, 848.0, 612.0]
[96.0, 64.0, 913.0, 677.0]
[144.0, 64.0, 962.0, 678.0]
[128.0, 32.0, 947.0, 646.0]
[96.0, 32.0, 916.0, 647.0]
[96.0, 32.0, 917.0, 648.0]
[176.0, 16.0, 998.0, 632.0]
[80.0, 0.0, 903.0, 617.0]
[48.0, 32.0, 872.0, 650.0]
[32.0, 48.0, 857.0, 667.0]
[160.0, 16.0, 986.0, 636.0]
[48.0, 0.0, 875.0, 620.0]
[48.0, 32.0, 876.0, 653.0]
[0.0, 32.0, 829.0, 654.0]
[112.0, 0.0, 942.0, 622.0]
[16.0, 48.0, 847.0, 671.0]
[144.0, 32.0, 976.0, 656.0]
[176.0, 32.0, 1009.0, 657.0]
[112.0, 0.0, 946.0, 626.0]
[32.0, 48.0, 867.0, 674.0]
[0.0, 0.0, 836.0, 627.0]
[48.0, 32.0, 885.0, 660.0]
[32.0, 0.0, 870.0, 628.0]
[96.0, 32.0, 935.0, 661.0]
[144.0, 16.0, 984.0, 646.0]
[16.0, 32.0, 857.0, 663.0]
[80.0, 32.0, 922.0, 664.0]
[112.0, 16.0, 955.0, 648.0]
[176.0, 48.0, 1020.0, 681.0]
[32.0, 0.0, 877.0, 634.0]
[48.0, 48.0, 894.0, 682.0]
[144.0, 16.0, 991.0, 651.0]
[112.0, 16.0, 960.0, 652.0]
[0.0, 0.0, 849.0, 637.0]
[128.0, 32.0, 978.0, 670.0]
[16.0, 16.0, 867.0, 654.0]
[144.0, 32.0, 996.0, 671.0]
[112.0, 32.0, 965.0, 672.0]
[144.0, 32.0, 998.0, 672.0]
[128.0, 32.0, 983.0, 673.0]
[64.0, 16.0, 920.0, 658.0]
[112.0, 0.0, 969.0, 643.0]
[160.0, 32.0, 1018.0, 676.0]
[96.0, 16.0, 955.0, 660.0]
[96.0, 0.0, 956.0, 645.0]
[144.0, 32.0, 1005.0, 678.0]
[80.0, 16.0, 942.0, 662.0]
[144.0, 16.0, 1007.0, 663.0]
[96.0, 0.0, 960.0, 648.0]
[144.0, 16.0, 1009.0, 665.0]
[48.0, 16.0, 914.0, 666.0]
[112.0, 16.0, 979.0, 666.0]
[128.0, 16.0, 996.0, 667.0]
[128.0, 0.0, 997.0, 652.0]
[48.0, 0.0, 918.0, 652.0]
[48.0, 16.0, 919.0, 669.0]
[128.0, 16.0, 1000.0, 670.0]
[16.0, 16.0, 889.0, 671.0]
[48.0, 0.0, 922.0, 656.0]
[128.0, 16.0, 1003.0, 672.0]
[112.0, 0.0, 988.0, 657.0]
[80.0, 16.0, 957.0, 674.0]
[112.0, 16.0, 990.0, 674.0]
[64.0, 0.0, 943.0, 659.0]
[128.0, 0.0, 1008.0, 660.0]
[48.0, 0.0, 929.0, 661.0]
[48.0, 0.0, 930.0, 662.0]
[32.0, 0.0, 915.0, 662.0]
[112.0, 16.0, 996.0, 679.0]
[16.0, 0.0, 901.0, 664.0]
[112.0, 16.0, 998.0, 680.0]
[80.0, 0.0, 967.0, 665.0]
[112.0, 16.0, 1000.0, 682.0]
[16.0, 16.0, 905.0, 683.0]
[16.0, 0.0, 906.0, 668.0]
[32.0, 0.0, 923.0, 668.0]
[48.0, 0.0, 940.0, 669.0]
[0.0, 0.0, 893.0, 670.0]
[128.0, 0.0, 1022.0, 670.0]
[32.0, 0.0, 927.0, 671.0]
[128.0, 0.0, 1024.0, 672.0]
[0.0, 0.0, 897.0, 673.0]
[48.0, 0.0, 946.0, 674.0]
[64.0, 0.0, 963.0, 674.0]
[80.0, 0.0, 980.0, 675.0]
[16.0, 0.0, 917.0, 676.0]
[64.0, 0.0, 966.0, 676.0]
[0.0, 0.0, 903.0, 677.0]
[80.0, 0.0, 984.0, 678.0]
[16.0, 0.0, 921.0, 679.0]
[32.0, 0.0, 938.0, 680.0]
[32.0, 0.0, 939.0, 680.0]
[80.0, 0.0, 988.0, 681.0]
[32.0, 0.0, 941.0, 682.0]
[32.0, 0.0, 942.0, 682.0]
[0.0, 0.0, 911.0, 683.0]
