[96.0, 32.0, 813.0, 570.0]
[112.0, 0.0, 830.0, 538.0]
[64.0, 32.0, 783.0, 571.0]
[16.0, 16.0, 736.0, 556.0]
[80.0, 0.0, 801.0, 541.0]
[48.0, 0.0, 770.0, 542.0]
[64.0, 16.0, 787.0, 558.0]
[32.0, 16.0, 756.0, 559.0]
[112.0, 0.0, 837.0, 544.0]
[48.0, 16.0, 774.0, 560.0]
[112.0, 0.0, 839.0, 545.0]
[48.0, 0.0, 776.0, 546.0]
[112.0, 16.0, 841.0, 563.0]
[96.0, 0.0, 826.0, 548.0]
[32.0, 0.0, 763.0, 548.0]
[80.0, 16.0, 812.0, 565.0]
[16.0, 0.0, 749.0, 550.0]
[16.0, 16.0, 750.0, 566.0]
[32.0, 0.0, 767.0, 551.0]
[96.0, 16.0, 832.0, 568.0]
[16.0, 0.0, 753.0, 553.0]
[80.0, 0.0, 818.0, 554.0]
[80.0, 0.0, 819.0, 554.0]
[96.0, 0.0, 836.0, 555.0]
[80.0, 0.0, 821.0, 556.0]
[16.0, 16.0, 758.0, 572.0]
[16.0, 16.0, 759.0, 573.0]
[32.0, 0.0, 776.0, 558.0]
[80.0, 16.0, 825.0, 575.0]
[64.0, 16.0, 810.0, 576.0]
[80.0, 16.0, 827.0, 576.0]
[64.0, 0.0, 812.0, 561.0]
[32.0, 0.0, 781.0, 562.0]
[48.0, 0.0, 798.0, 562.0]
[32.0, 0.0, 783.0, 563.0]
[32.0, 0.0, 784.0, 564.0]
[32.0, 0.0, 785.0, 565.0]
[80.0, 0.0, 834.0, 566.0]
[48.0, 0.0, 803.0, 566.0]
[64.0, 0.0, 820.0, 567.0]
[32.0, 0.0, 789.0, 568.0]
[16.0, 0.0, 774.0, 568.0]
[32.0, 0.0, 791.0, 569.0]
[32.0, 0.0, 792.0, 570.0]
[80.0, 0.0, 841.0, 571.0]
[16.0, 0.0, 778.0, 572.0]
[48.0, 0.0, 811.0, 572.0]
[64.0, 0.0, 828.0, 573.0]
[64.0, 0.0, 829.0, 574.0]
[16.0, 0.0, 782.0, 574.0]
[64.0, 0.0, 831.0, 575.0]
[64.0, 0.0, 832.0, 576.0]
