[64.0, 32.0, 813.0, 594.0]
[112.0, 96.0, 862.0, 658.0]
[144.0, 48.0, 895.0, 611.0]
[80.0, 64.0, 832.0, 628.0]
[80.0, 80.0, 833.0, 645.0]
[96.0, 80.0, 850.0, 646.0]
[224.0, 64.0, 979.0, 630.0]
[192.0, 64.0, 948.0, 631.0]
[80.0, 96.0, 837.0, 664.0]
[176.0, 48.0, 934.0, 616.0]
[128.0, 80.0, 887.0, 649.0]
[176.0, 48.0, 936.0, 618.0]
[160.0, 112.0, 921.0, 683.0]
[176.0, 48.0, 938.0, 620.0]
[112.0, 96.0, 875.0, 668.0]
[144.0, 80.0, 908.0, 653.0]
[48.0, 112.0, 813.0, 686.0]
[48.0, 112.0, 814.0, 686.0]
[176.0, 32.0, 943.0, 607.0]
[96.0, 96.0, 864.0, 672.0]
[224.0, 32.0, 993.0, 609.0]
[128.0, 32.0, 898.0, 610.0]
[144.0, 96.0, 915.0, 674.0]
[48.0, 80.0, 820.0, 659.0]
[48.0, 96.0, 821.0, 676.0]
[176.0, 80.0, 950.0, 660.0]
[192.0, 96.0, 967.0, 677.0]
[32.0, 48.0, 808.0, 630.0]
[64.0, 16.0, 841.0, 599.0]
[32.0, 96.0, 810.0, 680.0]
[48.0, 112.0, 827.0, 696.0]
[144.0, 64.0, 924.0, 649.0]
[48.0, 80.0, 829.0, 666.0]
[160.0, 112.0, 942.0, 698.0]
[32.0, 48.0, 815.0, 635.0]
[176.0, 32.0, 960.0, 620.0]
[208.0, 48.0, 993.0, 637.0]
[112.0, 112.0, 898.0, 702.0]
[112.0, 48.0, 899.0, 638.0]
[224.0, 48.0, 1012.0, 639.0]
[128.0, 112.0, 917.0, 704.0]
[96.0, 48.0, 886.0, 640.0]
[64.0, 16.0, 855.0, 609.0]
[0.0, 80.0, 792.0, 674.0]
[144.0, 0.0, 937.0, 595.0]
[16.0, 48.0, 810.0, 644.0]
[192.0, 96.0, 987.0, 692.0]
[64.0, 112.0, 860.0, 709.0]
[160.0, 80.0, 957.0, 678.0]
[48.0, 48.0, 846.0, 646.0]
[208.0, 64.0, 1007.0, 663.0]
[208.0, 80.0, 1008.0, 680.0]
[96.0, 96.0, 897.0, 697.0]
[16.0, 96.0, 818.0, 698.0]
[144.0, 80.0, 947.0, 682.0]
[0.0, 80.0, 804.0, 683.0]
[32.0, 96.0, 837.0, 700.0]
[192.0, 80.0, 998.0, 684.0]
[80.0, 16.0, 887.0, 621.0]
[160.0, 48.0, 968.0, 654.0]
[144.0, 32.0, 953.0, 639.0]
[192.0, 48.0, 1002.0, 656.0]
[48.0, 80.0, 859.0, 688.0]
[80.0, 80.0, 892.0, 689.0]
[96.0, 80.0, 909.0, 690.0]
[128.0, 32.0, 942.0, 642.0]
[208.0, 32.0, 1023.0, 643.0]
[80.0, 80.0, 896.0, 692.0]
[80.0, 32.0, 897.0, 645.0]
[128.0, 96.0, 946.0, 710.0]
[32.0, 96.0, 851.0, 710.0]
[144.0, 96.0, 964.0, 711.0]
[128.0, 80.0, 949.0, 696.0]
[80.0, 0.0, 902.0, 616.0]
[0.0, 16.0, 823.0, 633.0]
[64.0, 96.0, 888.0, 714.0]
[96.0, 112.0, 921.0, 731.0]
[0.0, 32.0, 826.0, 652.0]
[64.0, 32.0, 891.0, 652.0]
[128.0, 32.0, 956.0, 653.0]
[176.0, 48.0, 1005.0, 670.0]
[128.0, 0.0, 958.0, 622.0]
[64.0, 64.0, 895.0, 687.0]
[80.0, 16.0, 912.0, 640.0]
[96.0, 32.0, 929.0, 657.0]
[48.0, 80.0, 882.0, 706.0]
[112.0, 112.0, 947.0, 738.0]
[80.0, 96.0, 916.0, 723.0]
[48.0, 48.0, 885.0, 676.0]
[0.0, 48.0, 838.0, 676.0]
[80.0, 64.0, 919.0, 693.0]
[0.0, 64.0, 840.0, 694.0]
[96.0, 112.0, 937.0, 743.0]
[112.0, 64.0, 954.0, 696.0]
[64.0, 0.0, 907.0, 632.0]
[32.0, 80.0, 876.0, 713.0]
[0.0, 0.0, 845.0, 634.0]
[160.0, 96.0, 1006.0, 730.0]
[160.0, 0.0, 1007.0, 635.0]
[32.0, 16.0, 880.0, 652.0]
[64.0, 16.0, 913.0, 653.0]
[80.0, 48.0, 930.0, 686.0]
[16.0, 80.0, 867.0, 718.0]
[160.0, 48.0, 1012.0, 687.0]
[48.0, 48.0, 901.0, 688.0]
[96.0, 80.0, 950.0, 720.0]
[0.0, 0.0, 855.0, 641.0]
[48.0, 80.0, 904.0, 722.0]
[16.0, 0.0, 873.0, 643.0]
[160.0, 16.0, 1018.0, 660.0]
[128.0, 32.0, 987.0, 676.0]
[64.0, 0.0, 924.0, 645.0]
[80.0, 64.0, 941.0, 710.0]
[16.0, 0.0, 878.0, 646.0]
[64.0, 80.0, 927.0, 727.0]
[80.0, 48.0, 944.0, 696.0]
[16.0, 80.0, 881.0, 729.0]
[144.0, 16.0, 1010.0, 666.0]
[112.0, 64.0, 979.0, 714.0]
[32.0, 48.0, 900.0, 699.0]
[128.0, 80.0, 997.0, 732.0]
[128.0, 96.0, 998.0, 748.0]
[16.0, 0.0, 887.0, 653.0]
[144.0, 96.0, 1016.0, 750.0]
[144.0, 80.0, 1017.0, 735.0]
[96.0, 64.0, 970.0, 720.0]
[112.0, 96.0, 987.0, 752.0]
[0.0, 0.0, 876.0, 657.0]
[128.0, 0.0, 1005.0, 658.0]
[128.0, 48.0, 1006.0, 706.0]
[80.0, 48.0, 959.0, 707.0]
[48.0, 0.0, 928.0, 660.0]
[0.0, 0.0, 881.0, 661.0]
[96.0, 80.0, 978.0, 742.0]
[112.0, 0.0, 995.0, 662.0]
[96.0, 16.0, 980.0, 679.0]
[48.0, 16.0, 933.0, 680.0]
[48.0, 16.0, 934.0, 680.0]
[16.0, 0.0, 903.0, 665.0]
[16.0, 64.0, 904.0, 730.0]
[80.0, 80.0, 969.0, 747.0]
[96.0, 64.0, 986.0, 732.0]
[64.0, 32.0, 955.0, 700.0]
[112.0, 64.0, 1004.0, 733.0]
[96.0, 80.0, 989.0, 750.0]
[32.0, 48.0, 926.0, 718.0]
[0.0, 80.0, 895.0, 751.0]
[80.0, 64.0, 976.0, 736.0]
[32.0, 0.0, 929.0, 673.0]
[64.0, 48.0, 962.0, 722.0]
[16.0, 64.0, 915.0, 738.0]
[16.0, 0.0, 916.0, 675.0]
[112.0, 64.0, 1013.0, 740.0]
[16.0, 80.0, 918.0, 756.0]
[16.0, 64.0, 919.0, 741.0]
[16.0, 32.0, 920.0, 710.0]
[80.0, 48.0, 985.0, 727.0]
[16.0, 32.0, 922.0, 712.0]
[96.0, 0.0, 1003.0, 680.0]
[112.0, 64.0, 1020.0, 745.0]
[96.0, 32.0, 1005.0, 714.0]
[0.0, 64.0, 910.0, 746.0]
[112.0, 48.0, 1023.0, 731.0]
[112.0, 64.0, 1024.0, 748.0]
[96.0, 0.0, 1009.0, 685.0]
[48.0, 16.0, 962.0, 702.0]
[80.0, 16.0, 995.0, 702.0]
[16.0, 32.0, 932.0, 719.0]
[64.0, 16.0, 981.0, 704.0]
[64.0, 64.0, 982.0, 752.0]
[80.0, 48.0, 999.0, 737.0]
[80.0, 64.0, 1000.0, 754.0]
[96.0, 48.0, 1017.0, 739.0]
[48.0, 32.0, 970.0, 724.0]
[64.0, 64.0, 987.0, 756.0]
[96.0, 48.0, 1020.0, 741.0]
[64.0, 0.0, 989.0, 694.0]
[80.0, 64.0, 1006.0, 758.0]
[16.0, 64.0, 943.0, 759.0]
[64.0, 0.0, 992.0, 696.0]
[0.0, 48.0, 929.0, 745.0]
[80.0, 64.0, 1010.0, 762.0]
[0.0, 0.0, 931.0, 698.0]
[16.0, 32.0, 948.0, 731.0]
[0.0, 48.0, 933.0, 748.0]
[80.0, 48.0, 1014.0, 748.0]
[16.0, 0.0, 951.0, 701.0]
[48.0, 0.0, 984.0, 702.0]
[80.0, 48.0, 1017.0, 751.0]
[48.0, 32.0, 986.0, 736.0]
[16.0, 48.0, 955.0, 752.0]
[80.0, 16.0, 1020.0, 721.0]
[32.0, 16.0, 973.0, 722.0]
[0.0, 32.0, 942.0, 738.0]
[16.0, 48.0, 959.0, 755.0]
[48.0, 16.0, 992.0, 724.0]
[64.0, 16.0, 1009.0, 725.0]
[0.0, 0.0, 946.0, 710.0]
[48.0, 32.0, 995.0, 742.0]
[32.0, 48.0, 980.0, 759.0]
[32.0, 0.0, 981.0, 712.0]
[64.0, 32.0, 1014.0, 744.0]
[64.0, 32.0, 1015.0, 745.0]
[16.0, 0.0, 968.0, 714.0]
[64.0, 0.0, 1017.0, 715.0]
[16.0, 0.0, 970.0, 716.0]
[48.0, 0.0, 1003.0, 716.0]
[32.0, 16.0, 988.0, 733.0]
[48.0, 32.0, 1005.0, 750.0]
[48.0, 0.0, 1006.0, 718.0]
[64.0, 48.0, 1023.0, 767.0]
[16.0, 32.0, 976.0, 752.0]
[16.0, 0.0, 977.0, 721.0]
[0.0, 32.0, 962.0, 754.0]
[32.0, 32.0, 995.0, 754.0]
[16.0, 32.0, 980.0, 755.0]
[0.0, 0.0, 965.0, 724.0]
[48.0, 16.0, 1014.0, 740.0]
[16.0, 16.0, 983.0, 741.0]
[32.0, 16.0, 1000.0, 742.0]
[16.0, 0.0, 985.0, 727.0]
[48.0, 0.0, 1018.0, 728.0]
[32.0, 32.0, 1003.0, 760.0]
[48.0, 32.0, 1020.0, 761.0]
[32.0, 16.0, 1005.0, 746.0]
[0.0, 16.0, 974.0, 746.0]
[48.0, 0.0, 1023.0, 731.0]
[16.0, 32.0, 992.0, 764.0]
[0.0, 32.0, 977.0, 765.0]
[32.0, 32.0, 1010.0, 766.0]
[32.0, 16.0, 1011.0, 750.0]
[16.0, 0.0, 996.0, 735.0]
[32.0, 0.0, 1013.0, 736.0]
[16.0, 32.0, 998.0, 768.0]
[0.0, 16.0, 983.0, 753.0]
[0.0, 0.0, 984.0, 738.0]
[16.0, 16.0, 1001.0, 755.0]
[32.0, 0.0, 1018.0, 740.0]
[0.0, 0.0, 987.0, 740.0]
[0.0, 16.0, 988.0, 757.0]
[32.0, 0.0, 1021.0, 742.0]
[16.0, 16.0, 1006.0, 758.0]
[32.0, 0.0, 1023.0, 743.0]
[32.0, 16.0, 1024.0, 760.0]
[0.0, 16.0, 993.0, 761.0]
[16.0, 16.0, 1010.0, 762.0]
[0.0, 16.0, 995.0, 762.0]
[16.0, 16.0, 1012.0, 763.0]
[0.0, 16.0, 997.0, 764.0]
[0.0, 0.0, 998.0, 748.0]
[16.0, 16.0, 1015.0, 765.0]
[16.0, 16.0, 1016.0, 766.0]
[16.0, 16.0, 1017.0, 767.0]
[0.0, 16.0, 1002.0, 768.0]
[0.0, 16.0, 1003.0, 768.0]
[16.0, 0.0, 1020.0, 753.0]
[16.0, 0.0, 1021.0, 754.0]
[0.0, 0.0, 1006.0, 754.0]
[16.0, 0.0, 1023.0, 755.0]
[0.0, 0.0, 1008.0, 756.0]
[0.0, 0.0, 1009.0, 757.0]
[0.0, 0.0, 1010.0, 758.0]
[0.0, 0.0, 1011.0, 758.0]
[0.0, 0.0, 1012.0, 759.0]
[0.0, 0.0, 1013.0, 760.0]
[0.0, 0.0, 1014.0, 760.0]
[0.0, 0.0, 1015.0, 761.0]
[0.0, 0.0, 1016.0, 762.0]
[0.0, 0.0, 1017.0, 763.0]
[0.0, 0.0, 1018.0, 764.0]
[0.0, 0.0, 1019.0, 764.0]
[0.0, 0.0, 1020.0, 765.0]
[0.0, 0.0, 1021.0, 766.0]
[0.0, 0.0, 1022.0, 766.0]
[0.0, 0.0, 1023.0, 767.0]
[0.0, 0.0, 1024.0, 768.0]
