[176.0, 112.0, 893.0, 650.0]
[128.0, 64.0, 846.0, 602.0]
[128.0, 32.0, 847.0, 571.0]
[64.0, 64.0, 784.0, 604.0]
[32.0, 112.0, 753.0, 653.0]
[192.0, 32.0, 914.0, 574.0]
[128.0, 112.0, 851.0, 654.0]
[112.0, 32.0, 836.0, 575.0]
[160.0, 16.0, 885.0, 560.0]
[80.0, 48.0, 806.0, 592.0]
[32.0, 64.0, 759.0, 609.0]
[48.0, 80.0, 776.0, 626.0]
[160.0, 80.0, 889.0, 627.0]
[96.0, 64.0, 826.0, 612.0]
[48.0, 112.0, 779.0, 660.0]
[176.0, 48.0, 908.0, 597.0]
[112.0, 64.0, 845.0, 614.0]
[80.0, 80.0, 814.0, 630.0]
[176.0, 48.0, 911.0, 599.0]
[128.0, 48.0, 864.0, 600.0]
[176.0, 16.0, 913.0, 569.0]
[192.0, 96.0, 930.0, 650.0]
[160.0, 32.0, 899.0, 586.0]
[96.0, 112.0, 836.0, 667.0]
[16.0, 96.0, 757.0, 652.0]
[112.0, 112.0, 854.0, 668.0]
[80.0, 80.0, 823.0, 637.0]
[32.0, 64.0, 776.0, 622.0]
[144.0, 48.0, 889.0, 607.0]
[144.0, 48.0, 890.0, 608.0]
[192.0, 64.0, 939.0, 624.0]
[160.0, 96.0, 908.0, 657.0]
[176.0, 48.0, 925.0, 610.0]
[112.0, 80.0, 862.0, 642.0]
[16.0, 32.0, 767.0, 595.0]
[96.0, 64.0, 848.0, 628.0]
[80.0, 112.0, 833.0, 677.0]
[96.0, 64.0, 850.0, 630.0]
[144.0, 64.0, 899.0, 630.0]
[96.0, 96.0, 852.0, 663.0]
[80.0, 48.0, 837.0, 616.0]
[48.0, 96.0, 806.0, 664.0]
[144.0, 112.0, 903.0, 681.0]
[144.0, 16.0, 904.0, 586.0]
[112.0, 32.0, 873.0, 603.0]
[16.0, 48.0, 778.0, 620.0]
[160.0, 16.0, 923.0, 588.0]
[160.0, 0.0, 924.0, 573.0]
[176.0, 80.0, 941.0, 654.0]
[16.0, 80.0, 782.0, 654.0]
[48.0, 16.0, 815.0, 591.0]
[48.0, 64.0, 816.0, 640.0]
[112.0, 16.0, 881.0, 593.0]
[64.0, 48.0, 834.0, 626.0]
[80.0, 32.0, 851.0, 610.0]
[144.0, 48.0, 916.0, 627.0]
[16.0, 48.0, 789.0, 628.0]
[48.0, 16.0, 822.0, 596.0]
[96.0, 16.0, 871.0, 597.0]
[0.0, 80.0, 776.0, 662.0]
[80.0, 32.0, 857.0, 615.0]
[16.0, 16.0, 794.0, 600.0]
[80.0, 48.0, 859.0, 632.0]
[96.0, 64.0, 876.0, 649.0]
[144.0, 80.0, 925.0, 666.0]
[96.0, 64.0, 878.0, 650.0]
[96.0, 48.0, 879.0, 635.0]
[48.0, 48.0, 832.0, 636.0]
[0.0, 80.0, 785.0, 669.0]
[32.0, 80.0, 818.0, 670.0]
[160.0, 0.0, 947.0, 590.0]
[32.0, 80.0, 820.0, 671.0]
[176.0, 48.0, 965.0, 640.0]
[96.0, 48.0, 886.0, 640.0]
[96.0, 0.0, 887.0, 593.0]
[160.0, 0.0, 952.0, 594.0]
[48.0, 48.0, 841.0, 643.0]
[160.0, 80.0, 954.0, 676.0]
[16.0, 16.0, 811.0, 612.0]
[16.0, 48.0, 812.0, 645.0]
[112.0, 0.0, 909.0, 598.0]
[64.0, 64.0, 862.0, 662.0]
[96.0, 48.0, 895.0, 647.0]
[48.0, 64.0, 848.0, 664.0]
[80.0, 64.0, 881.0, 665.0]
[128.0, 0.0, 930.0, 602.0]
[80.0, 0.0, 883.0, 602.0]
[144.0, 32.0, 948.0, 635.0]
[160.0, 0.0, 965.0, 604.0]
[80.0, 32.0, 886.0, 636.0]
[16.0, 48.0, 823.0, 653.0]
[192.0, 48.0, 1000.0, 654.0]
[128.0, 0.0, 937.0, 607.0]
[32.0, 0.0, 842.0, 608.0]
[64.0, 16.0, 875.0, 624.0]
[144.0, 0.0, 956.0, 609.0]
[144.0, 48.0, 957.0, 658.0]
[48.0, 32.0, 862.0, 642.0]
[128.0, 32.0, 943.0, 643.0]
[32.0, 16.0, 848.0, 628.0]
[16.0, 48.0, 833.0, 661.0]
[144.0, 0.0, 962.0, 614.0]
[128.0, 0.0, 947.0, 614.0]
[160.0, 0.0, 980.0, 615.0]
[80.0, 0.0, 901.0, 616.0]
[16.0, 32.0, 838.0, 648.0]
[0.0, 64.0, 823.0, 681.0]
[0.0, 48.0, 824.0, 666.0]
[128.0, 64.0, 953.0, 683.0]
[112.0, 32.0, 938.0, 652.0]
[48.0, 0.0, 875.0, 620.0]
[48.0, 32.0, 876.0, 653.0]
[112.0, 16.0, 941.0, 638.0]
[0.0, 48.0, 830.0, 670.0]
[0.0, 16.0, 831.0, 639.0]
[144.0, 16.0, 976.0, 640.0]
[64.0, 0.0, 897.0, 625.0]
[176.0, 16.0, 1010.0, 642.0]
[160.0, 48.0, 995.0, 674.0]
[0.0, 32.0, 836.0, 659.0]
[32.0, 32.0, 869.0, 660.0]
[128.0, 16.0, 966.0, 644.0]
[48.0, 32.0, 887.0, 661.0]
[80.0, 16.0, 920.0, 646.0]
[128.0, 0.0, 969.0, 631.0]
[64.0, 16.0, 906.0, 648.0]
[64.0, 16.0, 907.0, 648.0]
[64.0, 16.0, 908.0, 649.0]
[80.0, 16.0, 925.0, 650.0]
[176.0, 32.0, 1022.0, 666.0]
[128.0, 0.0, 975.0, 635.0]
[112.0, 32.0, 960.0, 668.0]
[16.0, 32.0, 865.0, 669.0]
[160.0, 0.0, 1010.0, 638.0]
[160.0, 0.0, 1011.0, 638.0]
[80.0, 16.0, 932.0, 655.0]
[32.0, 32.0, 885.0, 672.0]
[96.0, 16.0, 950.0, 656.0]
[0.0, 16.0, 855.0, 657.0]
[96.0, 0.0, 952.0, 642.0]
[112.0, 32.0, 969.0, 675.0]
[112.0, 32.0, 970.0, 676.0]
[144.0, 16.0, 1003.0, 660.0]
[16.0, 32.0, 876.0, 677.0]
[160.0, 0.0, 1021.0, 646.0]
[32.0, 32.0, 894.0, 678.0]
[128.0, 32.0, 991.0, 679.0]
[128.0, 32.0, 992.0, 680.0]
[144.0, 16.0, 1009.0, 665.0]
[64.0, 16.0, 930.0, 666.0]
[16.0, 0.0, 883.0, 650.0]
[64.0, 0.0, 932.0, 651.0]
[64.0, 16.0, 933.0, 668.0]
[128.0, 16.0, 998.0, 668.0]
[80.0, 0.0, 951.0, 653.0]
[128.0, 0.0, 1000.0, 654.0]
[144.0, 0.0, 1017.0, 655.0]
[32.0, 16.0, 906.0, 672.0]
[16.0, 0.0, 891.0, 656.0]
[112.0, 0.0, 988.0, 657.0]
[128.0, 16.0, 1005.0, 674.0]
[128.0, 16.0, 1006.0, 674.0]
[16.0, 0.0, 895.0, 659.0]
[144.0, 16.0, 1024.0, 676.0]
[96.0, 16.0, 977.0, 677.0]
[48.0, 0.0, 930.0, 662.0]
[80.0, 0.0, 963.0, 662.0]
[96.0, 16.0, 980.0, 679.0]
[16.0, 0.0, 901.0, 664.0]
[0.0, 0.0, 886.0, 664.0]
[128.0, 16.0, 1015.0, 681.0]
[32.0, 16.0, 920.0, 682.0]
[32.0, 0.0, 921.0, 667.0]
[80.0, 0.0, 970.0, 668.0]
[64.0, 0.0, 955.0, 668.0]
[80.0, 0.0, 972.0, 669.0]
[48.0, 0.0, 941.0, 670.0]
[96.0, 0.0, 990.0, 670.0]
[32.0, 0.0, 927.0, 671.0]
[96.0, 0.0, 992.0, 672.0]
[32.0, 0.0, 929.0, 673.0]
[16.0, 0.0, 914.0, 674.0]
[32.0, 0.0, 931.0, 674.0]
[96.0, 0.0, 996.0, 675.0]
[96.0, 0.0, 997.0, 676.0]
[0.0, 0.0, 902.0, 676.0]
[0.0, 0.0, 903.0, 677.0]
[0.0, 0.0, 904.0, 678.0]
[96.0, 0.0, 1001.0, 679.0]
[80.0, 0.0, 986.0, 680.0]
[0.0, 0.0, 907.0, 680.0]
[96.0, 0.0, 1004.0, 681.0]
[48.0, 0.0, 957.0, 682.0]
[48.0, 0.0, 958.0, 682.0]
[48.0, 0.0, 959.0, 683.0]
