[160.0, 0.0, 877.0, 538.0]
[80.0, 0.0, 798.0, 538.0]
[176.0, 16.0, 895.0, 555.0]
[176.0, 0.0, 896.0, 540.0]
[192.0, 16.0, 913.0, 557.0]
[128.0, 0.0, 850.0, 542.0]
[32.0, 16.0, 755.0, 558.0]
[176.0, 16.0, 900.0, 559.0]
[80.0, 16.0, 805.0, 560.0]
[160.0, 16.0, 886.0, 560.0]
[160.0, 16.0, 887.0, 561.0]
[48.0, 16.0, 776.0, 562.0]
[16.0, 0.0, 745.0, 547.0]
[80.0, 16.0, 810.0, 564.0]
[112.0, 0.0, 843.0, 548.0]
[192.0, 16.0, 924.0, 565.0]
[48.0, 16.0, 781.0, 566.0]
[128.0, 16.0, 862.0, 566.0]
[80.0, 0.0, 815.0, 551.0]
[32.0, 0.0, 768.0, 552.0]
[64.0, 0.0, 801.0, 553.0]
[32.0, 0.0, 770.0, 554.0]
[192.0, 16.0, 931.0, 570.0]
[48.0, 0.0, 788.0, 555.0]
[128.0, 16.0, 869.0, 572.0]
[96.0, 0.0, 838.0, 556.0]
[176.0, 0.0, 919.0, 557.0]
[112.0, 0.0, 856.0, 558.0]
[32.0, 0.0, 777.0, 559.0]
[160.0, 16.0, 906.0, 576.0]
[48.0, 0.0, 795.0, 560.0]
[80.0, 0.0, 828.0, 561.0]
[160.0, 0.0, 909.0, 562.0]
[128.0, 0.0, 878.0, 562.0]
[32.0, 0.0, 783.0, 563.0]
[32.0, 0.0, 784.0, 564.0]
[128.0, 0.0, 881.0, 565.0]
[64.0, 0.0, 818.0, 566.0]
[144.0, 0.0, 899.0, 566.0]
[48.0, 0.0, 804.0, 567.0]
[96.0, 0.0, 853.0, 568.0]
[144.0, 0.0, 902.0, 568.0]
[80.0, 0.0, 839.0, 569.0]
[160.0, 0.0, 920.0, 570.0]
[80.0, 0.0, 841.0, 571.0]
[128.0, 0.0, 890.0, 572.0]
[16.0, 0.0, 779.0, 572.0]
[80.0, 0.0, 844.0, 573.0]
[160.0, 0.0, 925.0, 574.0]
[80.0, 0.0, 846.0, 574.0]
[48.0, 0.0, 815.0, 575.0]
[64.0, 0.0, 832.0, 576.0]
