[64.0, 128.0, 781.0, 666.0]
[80.0, 144.0, 798.0, 682.0]
[272.0, 144.0, 991.0, 683.0]
[256.0, 112.0, 976.0, 652.0]
[192.0, 128.0, 913.0, 669.0]
[48.0, 128.0, 770.0, 670.0]
[48.0, 128.0, 771.0, 670.0]
[128.0, 128.0, 852.0, 671.0]
[208.0, 96.0, 933.0, 640.0]
[112.0, 112.0, 838.0, 656.0]
[160.0, 128.0, 887.0, 673.0]
[112.0, 96.0, 840.0, 642.0]
[80.0, 112.0, 809.0, 659.0]
[112.0, 112.0, 842.0, 660.0]
[80.0, 112.0, 811.0, 660.0]
[208.0, 96.0, 940.0, 645.0]
[208.0, 128.0, 941.0, 678.0]
[224.0, 96.0, 958.0, 646.0]
[64.0, 128.0, 799.0, 679.0]
[160.0, 96.0, 896.0, 648.0]
[256.0, 128.0, 993.0, 681.0]
[64.0, 128.0, 802.0, 682.0]
[192.0, 96.0, 931.0, 650.0]
[80.0, 128.0, 820.0, 683.0]
[32.0, 112.0, 773.0, 668.0]
[128.0, 96.0, 870.0, 652.0]
[256.0, 112.0, 999.0, 669.0]
[128.0, 96.0, 872.0, 654.0]
[80.0, 80.0, 825.0, 639.0]
[32.0, 96.0, 778.0, 656.0]
[160.0, 96.0, 907.0, 656.0]
[64.0, 80.0, 812.0, 641.0]
[240.0, 112.0, 989.0, 674.0]
[128.0, 80.0, 878.0, 642.0]
[192.0, 96.0, 943.0, 659.0]
[96.0, 112.0, 848.0, 676.0]
[96.0, 96.0, 849.0, 661.0]
[240.0, 96.0, 994.0, 662.0]
[96.0, 80.0, 851.0, 646.0]
[64.0, 96.0, 820.0, 663.0]
[224.0, 112.0, 981.0, 680.0]
[208.0, 112.0, 966.0, 680.0]
[176.0, 112.0, 935.0, 681.0]
[64.0, 112.0, 824.0, 682.0]
[240.0, 80.0, 1001.0, 651.0]
[112.0, 96.0, 874.0, 668.0]
[48.0, 80.0, 811.0, 652.0]
[112.0, 80.0, 876.0, 653.0]
[48.0, 80.0, 813.0, 654.0]
[48.0, 64.0, 814.0, 638.0]
[32.0, 80.0, 799.0, 655.0]
[144.0, 80.0, 912.0, 656.0]
[80.0, 64.0, 849.0, 641.0]
[32.0, 96.0, 802.0, 674.0]
[224.0, 96.0, 995.0, 674.0]
[144.0, 96.0, 916.0, 675.0]
[32.0, 80.0, 805.0, 660.0]
[192.0, 64.0, 966.0, 644.0]
[96.0, 80.0, 871.0, 661.0]
[192.0, 80.0, 968.0, 662.0]
[128.0, 80.0, 905.0, 663.0]
[160.0, 96.0, 938.0, 680.0]
[112.0, 64.0, 891.0, 648.0]
[128.0, 96.0, 908.0, 681.0]
[32.0, 64.0, 813.0, 650.0]
[176.0, 64.0, 958.0, 650.0]
[144.0, 96.0, 927.0, 683.0]
[112.0, 80.0, 896.0, 668.0]
[96.0, 48.0, 881.0, 637.0]
[192.0, 48.0, 978.0, 638.0]
[112.0, 80.0, 899.0, 670.0]
[144.0, 80.0, 932.0, 671.0]
[80.0, 80.0, 869.0, 672.0]
[16.0, 80.0, 806.0, 672.0]
[192.0, 64.0, 983.0, 657.0]
[208.0, 80.0, 1000.0, 674.0]
[160.0, 64.0, 953.0, 659.0]
[128.0, 48.0, 922.0, 644.0]
[176.0, 80.0, 971.0, 676.0]
[176.0, 48.0, 972.0, 645.0]
[32.0, 48.0, 829.0, 646.0]
[144.0, 80.0, 942.0, 678.0]
[160.0, 48.0, 959.0, 647.0]
[128.0, 64.0, 928.0, 664.0]
[48.0, 48.0, 849.0, 649.0]
[176.0, 64.0, 978.0, 666.0]
[32.0, 64.0, 835.0, 666.0]
[64.0, 80.0, 868.0, 683.0]
[112.0, 64.0, 917.0, 668.0]
[128.0, 64.0, 934.0, 668.0]
[112.0, 64.0, 919.0, 669.0]
[144.0, 64.0, 952.0, 670.0]
[160.0, 32.0, 969.0, 639.0]
[64.0, 48.0, 874.0, 656.0]
[160.0, 48.0, 971.0, 656.0]
[128.0, 48.0, 940.0, 657.0]
[128.0, 64.0, 941.0, 674.0]
[112.0, 64.0, 926.0, 674.0]
[144.0, 32.0, 959.0, 643.0]
[176.0, 48.0, 992.0, 660.0]
[16.0, 64.0, 833.0, 677.0]
[80.0, 48.0, 898.0, 662.0]
[96.0, 48.0, 915.0, 662.0]
[96.0, 48.0, 916.0, 663.0]
[80.0, 48.0, 901.0, 664.0]
[48.0, 64.0, 870.0, 680.0]
[128.0, 32.0, 951.0, 649.0]
[176.0, 48.0, 1000.0, 666.0]
[16.0, 64.0, 841.0, 683.0]
[176.0, 48.0, 1002.0, 668.0]
[144.0, 48.0, 971.0, 668.0]
[64.0, 32.0, 892.0, 653.0]
[144.0, 16.0, 973.0, 638.0]
[64.0, 16.0, 894.0, 638.0]
[32.0, 48.0, 863.0, 671.0]
[128.0, 16.0, 960.0, 640.0]
[176.0, 32.0, 1009.0, 657.0]
[80.0, 48.0, 914.0, 674.0]
[128.0, 16.0, 963.0, 642.0]
[80.0, 48.0, 916.0, 675.0]
[160.0, 48.0, 997.0, 676.0]
[112.0, 16.0, 950.0, 644.0]
[16.0, 48.0, 855.0, 677.0]
[128.0, 16.0, 968.0, 646.0]
[144.0, 32.0, 985.0, 663.0]
[96.0, 16.0, 938.0, 648.0]
[48.0, 32.0, 891.0, 664.0]
[32.0, 32.0, 876.0, 665.0]
[64.0, 48.0, 909.0, 682.0]
[144.0, 16.0, 990.0, 650.0]
[64.0, 32.0, 911.0, 667.0]
[128.0, 16.0, 976.0, 652.0]
[32.0, 16.0, 881.0, 653.0]
[48.0, 16.0, 898.0, 654.0]
[112.0, 0.0, 963.0, 638.0]
[80.0, 0.0, 932.0, 639.0]
[32.0, 16.0, 885.0, 656.0]
[64.0, 32.0, 918.0, 672.0]
[16.0, 16.0, 871.0, 657.0]
[32.0, 16.0, 888.0, 658.0]
[32.0, 16.0, 889.0, 659.0]
[96.0, 16.0, 954.0, 660.0]
[112.0, 16.0, 971.0, 660.0]
[144.0, 32.0, 1004.0, 677.0]
[112.0, 16.0, 973.0, 662.0]
[96.0, 32.0, 958.0, 678.0]
[144.0, 16.0, 1007.0, 663.0]
[96.0, 16.0, 960.0, 664.0]
[64.0, 32.0, 929.0, 681.0]
[32.0, 0.0, 898.0, 650.0]
[48.0, 32.0, 915.0, 682.0]
[96.0, 32.0, 964.0, 683.0]
[80.0, 16.0, 949.0, 668.0]
[64.0, 16.0, 934.0, 668.0]
[80.0, 16.0, 951.0, 669.0]
[128.0, 0.0, 1000.0, 654.0]
[32.0, 16.0, 905.0, 671.0]
[128.0, 16.0, 1002.0, 672.0]
[32.0, 0.0, 907.0, 656.0]
[48.0, 16.0, 924.0, 673.0]
[96.0, 0.0, 973.0, 658.0]
[32.0, 0.0, 910.0, 658.0]
[16.0, 16.0, 895.0, 675.0]
[48.0, 16.0, 928.0, 676.0]
[16.0, 0.0, 897.0, 661.0]
[112.0, 16.0, 994.0, 678.0]
[96.0, 0.0, 979.0, 662.0]
[112.0, 0.0, 996.0, 663.0]
[64.0, 0.0, 949.0, 664.0]
[64.0, 16.0, 950.0, 680.0]
[32.0, 0.0, 919.0, 665.0]
[48.0, 16.0, 936.0, 682.0]
[96.0, 0.0, 985.0, 667.0]
[96.0, 0.0, 986.0, 668.0]
[96.0, 0.0, 987.0, 668.0]
[96.0, 0.0, 988.0, 669.0]
[48.0, 0.0, 941.0, 670.0]
[32.0, 0.0, 926.0, 670.0]
[64.0, 0.0, 959.0, 671.0]
[64.0, 0.0, 960.0, 672.0]
[64.0, 0.0, 961.0, 673.0]
[32.0, 0.0, 930.0, 674.0]
[80.0, 0.0, 979.0, 674.0]
[96.0, 0.0, 996.0, 675.0]
[96.0, 0.0, 997.0, 676.0]
[48.0, 0.0, 950.0, 676.0]
[96.0, 0.0, 999.0, 677.0]
[80.0, 0.0, 984.0, 678.0]
[64.0, 0.0, 969.0, 679.0]
[32.0, 0.0, 938.0, 680.0]
[96.0, 0.0, 1003.0, 680.0]
[48.0, 0.0, 956.0, 681.0]
[96.0, 0.0, 1005.0, 682.0]
[64.0, 0.0, 974.0, 682.0]
[80.0, 0.0, 991.0, 683.0]
