[208.0, 112.0, 925.0, 650.0]
[80.0, 80.0, 798.0, 618.0]
[256.0, 80.0, 975.0, 619.0]
[176.0, 112.0, 896.0, 652.0]
[96.0, 112.0, 817.0, 653.0]
[256.0, 80.0, 978.0, 622.0]
[272.0, 112.0, 995.0, 654.0]
[208.0, 96.0, 932.0, 639.0]
[256.0, 128.0, 981.0, 672.0]
[256.0, 80.0, 982.0, 624.0]
[80.0, 112.0, 807.0, 657.0]
[224.0, 80.0, 952.0, 626.0]
[64.0, 112.0, 793.0, 659.0]
[176.0, 80.0, 906.0, 628.0]
[96.0, 128.0, 827.0, 676.0]
[160.0, 64.0, 892.0, 613.0]
[32.0, 112.0, 765.0, 662.0]
[128.0, 80.0, 862.0, 630.0]
[256.0, 112.0, 991.0, 663.0]
[96.0, 128.0, 832.0, 680.0]
[144.0, 112.0, 881.0, 665.0]
[208.0, 96.0, 946.0, 650.0]
[256.0, 80.0, 995.0, 634.0]
[48.0, 80.0, 788.0, 635.0]
[240.0, 64.0, 981.0, 620.0]
[128.0, 80.0, 870.0, 636.0]
[96.0, 128.0, 839.0, 685.0]
[208.0, 112.0, 952.0, 670.0]
[48.0, 112.0, 793.0, 671.0]
[208.0, 80.0, 954.0, 640.0]
[96.0, 80.0, 843.0, 640.0]
[208.0, 80.0, 956.0, 641.0]
[48.0, 96.0, 797.0, 658.0]
[224.0, 64.0, 974.0, 626.0]
[176.0, 48.0, 927.0, 611.0]
[96.0, 48.0, 848.0, 612.0]
[176.0, 48.0, 929.0, 613.0]
[144.0, 80.0, 898.0, 646.0]
[32.0, 80.0, 787.0, 646.0]
[48.0, 48.0, 804.0, 615.0]
[176.0, 64.0, 933.0, 632.0]
[192.0, 48.0, 950.0, 616.0]
[144.0, 96.0, 903.0, 665.0]
[224.0, 96.0, 984.0, 666.0]
[208.0, 64.0, 969.0, 635.0]
[256.0, 96.0, 1018.0, 668.0]
[176.0, 96.0, 939.0, 668.0]
[64.0, 80.0, 828.0, 653.0]
[192.0, 80.0, 957.0, 654.0]
[32.0, 96.0, 798.0, 670.0]
[176.0, 80.0, 943.0, 655.0]
[112.0, 96.0, 880.0, 672.0]
[16.0, 64.0, 785.0, 641.0]
[0.0, 80.0, 770.0, 658.0]
[208.0, 96.0, 979.0, 674.0]
[112.0, 80.0, 884.0, 659.0]
[192.0, 32.0, 965.0, 612.0]
[240.0, 80.0, 1014.0, 660.0]
[80.0, 32.0, 855.0, 613.0]
[144.0, 64.0, 920.0, 646.0]
[224.0, 96.0, 1001.0, 679.0]
[224.0, 64.0, 1002.0, 648.0]
[192.0, 48.0, 971.0, 632.0]
[144.0, 80.0, 924.0, 665.0]
[240.0, 96.0, 1021.0, 682.0]
[48.0, 48.0, 830.0, 634.0]
[48.0, 48.0, 831.0, 635.0]
[176.0, 80.0, 960.0, 668.0]
[48.0, 64.0, 833.0, 653.0]
[176.0, 64.0, 962.0, 654.0]
[0.0, 64.0, 787.0, 654.0]
[128.0, 32.0, 916.0, 623.0]
[64.0, 32.0, 853.0, 624.0]
[144.0, 48.0, 934.0, 640.0]
[208.0, 80.0, 999.0, 673.0]
[112.0, 64.0, 904.0, 658.0]
[208.0, 48.0, 1001.0, 643.0]
[112.0, 64.0, 906.0, 660.0]
[64.0, 32.0, 859.0, 628.0]
[224.0, 48.0, 1020.0, 645.0]
[0.0, 80.0, 797.0, 678.0]
[128.0, 64.0, 926.0, 662.0]
[64.0, 16.0, 863.0, 615.0]
[32.0, 80.0, 832.0, 680.0]
[64.0, 64.0, 865.0, 665.0]
[32.0, 16.0, 834.0, 618.0]
[32.0, 48.0, 835.0, 650.0]
[64.0, 80.0, 868.0, 683.0]
[32.0, 80.0, 837.0, 684.0]
[0.0, 48.0, 806.0, 652.0]
[16.0, 48.0, 823.0, 653.0]
[176.0, 64.0, 984.0, 670.0]
[176.0, 48.0, 985.0, 655.0]
[48.0, 32.0, 858.0, 640.0]
[176.0, 48.0, 987.0, 656.0]
[96.0, 0.0, 908.0, 609.0]
[176.0, 48.0, 989.0, 658.0]
[48.0, 16.0, 862.0, 626.0]
[64.0, 48.0, 879.0, 659.0]
[32.0, 48.0, 848.0, 660.0]
[80.0, 0.0, 897.0, 613.0]
[128.0, 16.0, 946.0, 630.0]
[96.0, 0.0, 915.0, 614.0]
[144.0, 48.0, 964.0, 663.0]
[32.0, 48.0, 853.0, 664.0]
[96.0, 48.0, 918.0, 664.0]
[48.0, 64.0, 871.0, 681.0]
[64.0, 48.0, 888.0, 666.0]
[16.0, 16.0, 841.0, 635.0]
[0.0, 48.0, 826.0, 668.0]
[64.0, 32.0, 891.0, 652.0]
[0.0, 32.0, 828.0, 653.0]
[32.0, 16.0, 861.0, 638.0]
[0.0, 16.0, 830.0, 638.0]
[16.0, 48.0, 847.0, 671.0]
[48.0, 32.0, 880.0, 656.0]
[0.0, 32.0, 833.0, 657.0]
[0.0, 48.0, 834.0, 674.0]
[112.0, 32.0, 947.0, 658.0]
[176.0, 32.0, 1012.0, 659.0]
[16.0, 0.0, 853.0, 628.0]
[32.0, 16.0, 870.0, 644.0]
[0.0, 48.0, 839.0, 677.0]
[48.0, 16.0, 888.0, 646.0]
[48.0, 16.0, 889.0, 647.0]
[32.0, 16.0, 874.0, 648.0]
[176.0, 32.0, 1019.0, 664.0]
[0.0, 32.0, 844.0, 665.0]
[48.0, 16.0, 893.0, 650.0]
[80.0, 32.0, 926.0, 666.0]
[32.0, 48.0, 879.0, 683.0]
[160.0, 16.0, 1008.0, 652.0]
[112.0, 16.0, 961.0, 653.0]
[0.0, 16.0, 850.0, 654.0]
[160.0, 16.0, 1011.0, 654.0]
[144.0, 16.0, 996.0, 655.0]
[48.0, 16.0, 901.0, 656.0]
[144.0, 0.0, 998.0, 640.0]
[64.0, 16.0, 919.0, 657.0]
[128.0, 16.0, 984.0, 658.0]
[80.0, 16.0, 937.0, 659.0]
[96.0, 0.0, 954.0, 644.0]
[128.0, 32.0, 987.0, 676.0]
[144.0, 16.0, 1004.0, 661.0]
[144.0, 16.0, 1005.0, 662.0]
[144.0, 16.0, 1006.0, 662.0]
[48.0, 32.0, 911.0, 679.0]
[160.0, 0.0, 1024.0, 648.0]
[32.0, 16.0, 897.0, 665.0]
[64.0, 16.0, 930.0, 666.0]
[48.0, 0.0, 915.0, 650.0]
[64.0, 16.0, 932.0, 667.0]
[112.0, 16.0, 981.0, 668.0]
[0.0, 16.0, 870.0, 668.0]
[112.0, 32.0, 983.0, 685.0]
[144.0, 16.0, 1016.0, 670.0]
[48.0, 0.0, 921.0, 655.0]
[96.0, 16.0, 970.0, 672.0]
[32.0, 16.0, 907.0, 672.0]
[16.0, 16.0, 892.0, 673.0]
[64.0, 16.0, 941.0, 674.0]
[0.0, 16.0, 878.0, 674.0]
[0.0, 0.0, 879.0, 659.0]
[96.0, 0.0, 976.0, 660.0]
[96.0, 16.0, 977.0, 677.0]
[112.0, 16.0, 994.0, 678.0]
[96.0, 16.0, 979.0, 678.0]
[80.0, 0.0, 964.0, 663.0]
[80.0, 0.0, 965.0, 664.0]
[96.0, 0.0, 982.0, 664.0]
[48.0, 16.0, 935.0, 681.0]
[16.0, 0.0, 904.0, 666.0]
[64.0, 16.0, 953.0, 683.0]
[48.0, 16.0, 938.0, 684.0]
[32.0, 0.0, 923.0, 668.0]
[96.0, 0.0, 988.0, 669.0]
[64.0, 0.0, 957.0, 670.0]
[16.0, 0.0, 910.0, 670.0]
[64.0, 0.0, 959.0, 671.0]
[112.0, 0.0, 1008.0, 672.0]
[16.0, 0.0, 913.0, 673.0]
[48.0, 0.0, 946.0, 674.0]
[80.0, 0.0, 979.0, 674.0]
[80.0, 0.0, 980.0, 675.0]
[80.0, 0.0, 981.0, 676.0]
[80.0, 0.0, 982.0, 676.0]
[16.0, 0.0, 919.0, 677.0]
[112.0, 0.0, 1016.0, 678.0]
[112.0, 0.0, 1017.0, 679.0]
[96.0, 0.0, 1002.0, 680.0]
[48.0, 0.0, 955.0, 680.0]
[16.0, 0.0, 924.0, 681.0]
[96.0, 0.0, 1005.0, 682.0]
[32.0, 0.0, 942.0, 682.0]
[112.0, 0.0, 1023.0, 683.0]
[48.0, 0.0, 960.0, 684.0]
[16.0, 0.0, 929.0, 685.0]
