[96.0, 96.0, 634.0, 813.0]
[96.0, 80.0, 634.0, 798.0]
[96.0, 128.0, 635.0, 847.0]
[48.0, 64.0, 588.0, 784.0]
[32.0, 112.0, 573.0, 833.0]
[96.0, 176.0, 638.0, 898.0]
[96.0, 160.0, 638.0, 883.0]
[32.0, 176.0, 575.0, 900.0]
[112.0, 96.0, 656.0, 821.0]
[112.0, 160.0, 656.0, 886.0]
[16.0, 160.0, 561.0, 887.0]
[48.0, 64.0, 594.0, 792.0]
[96.0, 48.0, 643.0, 777.0]
[112.0, 64.0, 660.0, 794.0]
[48.0, 160.0, 596.0, 891.0]
[48.0, 16.0, 597.0, 748.0]
[64.0, 160.0, 614.0, 893.0]
[32.0, 80.0, 582.0, 814.0]
[80.0, 32.0, 631.0, 767.0]
[96.0, 144.0, 648.0, 880.0]
[32.0, 144.0, 585.0, 881.0]
[32.0, 96.0, 586.0, 834.0]
[112.0, 96.0, 666.0, 835.0]
[32.0, 160.0, 587.0, 900.0]
[16.0, 128.0, 572.0, 869.0]
[64.0, 64.0, 620.0, 806.0]
[48.0, 16.0, 605.0, 759.0]
[112.0, 160.0, 670.0, 904.0]
[48.0, 80.0, 607.0, 825.0]
[32.0, 176.0, 592.0, 922.0]
[80.0, 144.0, 640.0, 891.0]
[96.0, 176.0, 657.0, 924.0]
[32.0, 192.0, 594.0, 941.0]
[80.0, 96.0, 642.0, 846.0]
[48.0, 32.0, 611.0, 783.0]
[96.0, 48.0, 660.0, 800.0]
[64.0, 160.0, 629.0, 913.0]
[16.0, 80.0, 582.0, 834.0]
[112.0, 48.0, 678.0, 803.0]
[0.0, 64.0, 567.0, 820.0]
[32.0, 160.0, 600.0, 917.0]
[48.0, 160.0, 616.0, 918.0]
[48.0, 64.0, 617.0, 823.0]
[80.0, 16.0, 650.0, 776.0]
[48.0, 80.0, 619.0, 841.0]
[80.0, 32.0, 652.0, 794.0]
[64.0, 176.0, 636.0, 939.0]
[32.0, 64.0, 605.0, 828.0]
[64.0, 176.0, 638.0, 941.0]
[80.0, 176.0, 654.0, 942.0]
[0.0, 96.0, 575.0, 863.0]
[96.0, 160.0, 672.0, 928.0]
[80.0, 48.0, 657.0, 817.0]
[32.0, 144.0, 610.0, 914.0]
[48.0, 128.0, 626.0, 899.0]
[16.0, 112.0, 595.0, 884.0]
[0.0, 144.0, 580.0, 917.0]
[80.0, 96.0, 660.0, 870.0]
[48.0, 160.0, 629.0, 935.0]
[16.0, 160.0, 598.0, 936.0]
[80.0, 128.0, 663.0, 905.0]
[64.0, 0.0, 648.0, 778.0]
[64.0, 176.0, 648.0, 955.0]
[0.0, 16.0, 585.0, 796.0]
[0.0, 0.0, 586.0, 781.0]
[0.0, 64.0, 586.0, 846.0]
[32.0, 176.0, 619.0, 959.0]
[64.0, 128.0, 652.0, 912.0]
[16.0, 48.0, 605.0, 833.0]
[16.0, 176.0, 606.0, 962.0]
[32.0, 80.0, 622.0, 867.0]
[16.0, 160.0, 607.0, 948.0]
[64.0, 128.0, 656.0, 917.0]
[80.0, 128.0, 672.0, 918.0]
[16.0, 144.0, 609.0, 935.0]
[16.0, 160.0, 610.0, 952.0]
[80.0, 160.0, 675.0, 953.0]
[48.0, 192.0, 644.0, 986.0]
[16.0, 16.0, 612.0, 811.0]
[16.0, 16.0, 613.0, 812.0]
[0.0, 160.0, 598.0, 957.0]
[64.0, 96.0, 662.0, 894.0]
[0.0, 80.0, 599.0, 879.0]
[80.0, 48.0, 680.0, 848.0]
[0.0, 16.0, 601.0, 817.0]
[16.0, 80.0, 618.0, 882.0]
[64.0, 176.0, 666.0, 979.0]
[16.0, 0.0, 619.0, 804.0]
[48.0, 192.0, 652.0, 997.0]
[0.0, 80.0, 604.0, 886.0]
[48.0, 80.0, 653.0, 887.0]
[64.0, 32.0, 670.0, 840.0]
[0.0, 128.0, 607.0, 937.0]
[0.0, 32.0, 608.0, 842.0]
[32.0, 32.0, 640.0, 843.0]
[16.0, 0.0, 625.0, 812.0]
[48.0, 96.0, 658.0, 909.0]
[0.0, 96.0, 610.0, 910.0]
[48.0, 0.0, 659.0, 815.0]
[32.0, 64.0, 644.0, 880.0]
[32.0, 176.0, 645.0, 993.0]
[32.0, 16.0, 646.0, 834.0]
[16.0, 80.0, 630.0, 899.0]
[16.0, 48.0, 631.0, 868.0]
[0.0, 16.0, 616.0, 837.0]
[0.0, 160.0, 616.0, 982.0]
[0.0, 64.0, 617.0, 887.0]
[32.0, 16.0, 650.0, 840.0]
[32.0, 0.0, 651.0, 825.0]
[48.0, 160.0, 668.0, 986.0]
[0.0, 112.0, 620.0, 939.0]
[48.0, 0.0, 669.0, 828.0]
[32.0, 96.0, 654.0, 925.0]
[32.0, 192.0, 654.0, 1022.0]
[48.0, 144.0, 671.0, 975.0]
[48.0, 176.0, 672.0, 1008.0]
[48.0, 32.0, 673.0, 865.0]
[0.0, 16.0, 626.0, 850.0]
[0.0, 96.0, 626.0, 931.0]
[48.0, 80.0, 675.0, 916.0]
[0.0, 112.0, 628.0, 949.0]
[0.0, 160.0, 628.0, 998.0]
[32.0, 48.0, 661.0, 887.0]
[32.0, 160.0, 662.0, 1000.0]
[32.0, 176.0, 663.0, 1017.0]
[16.0, 80.0, 648.0, 922.0]
[0.0, 32.0, 632.0, 875.0]
[16.0, 144.0, 649.0, 988.0]
[48.0, 32.0, 682.0, 877.0]
[48.0, 144.0, 682.0, 990.0]
[32.0, 64.0, 667.0, 911.0]
[16.0, 0.0, 652.0, 848.0]
[16.0, 96.0, 653.0, 945.0]
[16.0, 112.0, 654.0, 962.0]
[0.0, 112.0, 638.0, 963.0]
[16.0, 16.0, 655.0, 868.0]
[16.0, 112.0, 656.0, 965.0]
[16.0, 48.0, 656.0, 902.0]
[0.0, 64.0, 641.0, 919.0]
[16.0, 128.0, 658.0, 984.0]
[0.0, 48.0, 643.0, 905.0]
[32.0, 80.0, 676.0, 938.0]
[32.0, 16.0, 676.0, 875.0]
[0.0, 32.0, 645.0, 892.0]
[0.0, 112.0, 646.0, 973.0]
[0.0, 160.0, 646.0, 1022.0]
[0.0, 48.0, 647.0, 911.0]
[0.0, 0.0, 648.0, 864.0]
[16.0, 16.0, 665.0, 881.0]
[0.0, 16.0, 650.0, 882.0]
[32.0, 96.0, 682.0, 963.0]
[0.0, 112.0, 651.0, 980.0]
[0.0, 16.0, 652.0, 885.0]
[16.0, 80.0, 668.0, 950.0]
[16.0, 96.0, 669.0, 967.0]
[16.0, 48.0, 670.0, 920.0]
[0.0, 96.0, 655.0, 969.0]
[0.0, 80.0, 656.0, 954.0]
[0.0, 0.0, 656.0, 875.0]
[16.0, 112.0, 673.0, 988.0]
[16.0, 144.0, 674.0, 1021.0]
[16.0, 128.0, 674.0, 1006.0]
[0.0, 32.0, 659.0, 911.0]
[16.0, 32.0, 676.0, 912.0]
[0.0, 64.0, 661.0, 945.0]
[0.0, 48.0, 662.0, 930.0]
[0.0, 128.0, 662.0, 1011.0]
[16.0, 128.0, 679.0, 1012.0]
[0.0, 80.0, 664.0, 965.0]
[16.0, 64.0, 680.0, 950.0]
[16.0, 48.0, 681.0, 935.0]
[16.0, 32.0, 682.0, 920.0]
[0.0, 0.0, 667.0, 889.0]
[0.0, 128.0, 668.0, 1018.0]
[0.0, 16.0, 668.0, 907.0]
[0.0, 96.0, 669.0, 988.0]
[0.0, 32.0, 670.0, 925.0]
[0.0, 32.0, 670.0, 926.0]
[0.0, 48.0, 671.0, 943.0]
[0.0, 0.0, 672.0, 896.0]
[0.0, 16.0, 673.0, 913.0]
[0.0, 48.0, 674.0, 946.0]
[0.0, 48.0, 674.0, 947.0]
[0.0, 48.0, 675.0, 948.0]
[0.0, 48.0, 676.0, 949.0]
[0.0, 16.0, 676.0, 918.0]
[0.0, 80.0, 677.0, 983.0]
[0.0, 32.0, 678.0, 936.0]
[0.0, 112.0, 679.0, 1017.0]
[0.0, 96.0, 680.0, 1002.0]
[0.0, 80.0, 680.0, 987.0]
[0.0, 32.0, 681.0, 940.0]
[0.0, 16.0, 682.0, 925.0]
[0.0, 32.0, 682.0, 942.0]
