[224.0, 48.0, 941.0, 586.0]
[256.0, 0.0, 974.0, 538.0]
[256.0, 16.0, 975.0, 555.0]
[288.0, 32.0, 1008.0, 572.0]
[224.0, 16.0, 945.0, 557.0]
[208.0, 32.0, 930.0, 574.0]
[256.0, 48.0, 979.0, 590.0]
[192.0, 0.0, 916.0, 543.0]
[288.0, 0.0, 1013.0, 544.0]
[192.0, 32.0, 918.0, 576.0]
[224.0, 32.0, 951.0, 577.0]
[288.0, 0.0, 1016.0, 546.0]
[240.0, 32.0, 969.0, 579.0]
[176.0, 0.0, 906.0, 548.0]
[272.0, 32.0, 1003.0, 580.0]
[224.0, 32.0, 956.0, 581.0]
[256.0, 32.0, 989.0, 582.0]
[224.0, 0.0, 958.0, 550.0]
[160.0, 0.0, 895.0, 551.0]
[192.0, 0.0, 928.0, 552.0]
[224.0, 0.0, 961.0, 553.0]
[192.0, 32.0, 930.0, 586.0]
[176.0, 32.0, 915.0, 586.0]
[224.0, 32.0, 964.0, 587.0]
[176.0, 32.0, 917.0, 588.0]
[272.0, 16.0, 1014.0, 572.0]
[192.0, 32.0, 935.0, 589.0]
[240.0, 32.0, 984.0, 590.0]
[176.0, 16.0, 921.0, 575.0]
[272.0, 0.0, 1018.0, 560.0]
[240.0, 32.0, 987.0, 592.0]
[272.0, 32.0, 1020.0, 593.0]
[192.0, 32.0, 941.0, 594.0]
[224.0, 16.0, 974.0, 578.0]
[224.0, 16.0, 975.0, 579.0]
[176.0, 32.0, 928.0, 596.0]
[256.0, 32.0, 1009.0, 597.0]
[256.0, 16.0, 1010.0, 582.0]
[208.0, 48.0, 963.0, 614.0]
[240.0, 48.0, 996.0, 615.0]
[192.0, 16.0, 949.0, 584.0]
[176.0, 32.0, 934.0, 600.0]
[192.0, 32.0, 951.0, 601.0]
[176.0, 16.0, 936.0, 586.0]
[208.0, 32.0, 969.0, 603.0]
[256.0, 16.0, 1018.0, 588.0]
[256.0, 32.0, 1019.0, 604.0]
[224.0, 48.0, 988.0, 621.0]
[208.0, 16.0, 973.0, 590.0]
[224.0, 0.0, 990.0, 574.0]
[208.0, 16.0, 975.0, 591.0]
[208.0, 0.0, 976.0, 576.0]
[192.0, 16.0, 961.0, 593.0]
[208.0, 0.0, 978.0, 578.0]
[240.0, 32.0, 1011.0, 610.0]
[208.0, 0.0, 980.0, 579.0]
[240.0, 32.0, 1013.0, 612.0]
[192.0, 0.0, 966.0, 580.0]
[224.0, 48.0, 999.0, 629.0]
[192.0, 16.0, 968.0, 598.0]
[240.0, 0.0, 1017.0, 583.0]
[240.0, 0.0, 1018.0, 584.0]
[208.0, 32.0, 987.0, 616.0]
[224.0, 16.0, 1004.0, 601.0]
[240.0, 0.0, 1021.0, 586.0]
[176.0, 16.0, 958.0, 602.0]
[192.0, 32.0, 975.0, 619.0]
[240.0, 0.0, 1024.0, 588.0]
[176.0, 0.0, 961.0, 589.0]
[224.0, 16.0, 1010.0, 606.0]
[192.0, 16.0, 979.0, 606.0]
[208.0, 0.0, 996.0, 591.0]
[192.0, 0.0, 981.0, 592.0]
[176.0, 0.0, 966.0, 592.0]
[176.0, 16.0, 967.0, 609.0]
[176.0, 0.0, 968.0, 594.0]
[192.0, 0.0, 985.0, 595.0]
[224.0, 0.0, 1018.0, 596.0]
[192.0, 0.0, 987.0, 596.0]
[224.0, 16.0, 1020.0, 613.0]
[208.0, 16.0, 1005.0, 614.0]
[192.0, 32.0, 990.0, 630.0]
[224.0, 32.0, 1023.0, 631.0]
[208.0, 32.0, 1008.0, 632.0]
[192.0, 0.0, 993.0, 601.0]
[176.0, 32.0, 978.0, 634.0]
[176.0, 0.0, 979.0, 602.0]
[192.0, 16.0, 996.0, 619.0]
[192.0, 32.0, 997.0, 636.0]
[192.0, 32.0, 998.0, 636.0]
[208.0, 0.0, 1015.0, 605.0]
[192.0, 32.0, 1000.0, 638.0]
[208.0, 16.0, 1017.0, 623.0]
[208.0, 32.0, 1018.0, 640.0]
[192.0, 0.0, 1003.0, 608.0]
[176.0, 16.0, 988.0, 625.0]
[208.0, 0.0, 1021.0, 610.0]
[176.0, 16.0, 990.0, 626.0]
[176.0, 0.0, 991.0, 611.0]
[192.0, 16.0, 1008.0, 628.0]
