[80.0, 64.0, 797.0, 602.0]
[192.0, 32.0, 910.0, 570.0]
[240.0, 48.0, 959.0, 587.0]
[64.0, 48.0, 784.0, 588.0]
[112.0, 32.0, 833.0, 573.0]
[176.0, 64.0, 898.0, 606.0]
[224.0, 64.0, 947.0, 606.0]
[224.0, 32.0, 948.0, 575.0]
[224.0, 48.0, 949.0, 592.0]
[240.0, 64.0, 966.0, 608.0]
[160.0, 48.0, 887.0, 593.0]
[80.0, 48.0, 808.0, 594.0]
[160.0, 32.0, 889.0, 579.0]
[96.0, 64.0, 826.0, 612.0]
[160.0, 48.0, 891.0, 596.0]
[112.0, 32.0, 844.0, 581.0]
[112.0, 32.0, 845.0, 582.0]
[96.0, 80.0, 830.0, 630.0]
[144.0, 48.0, 879.0, 599.0]
[128.0, 48.0, 864.0, 600.0]
[48.0, 16.0, 785.0, 569.0]
[48.0, 48.0, 786.0, 602.0]
[144.0, 48.0, 883.0, 602.0]
[208.0, 64.0, 948.0, 619.0]
[224.0, 80.0, 965.0, 636.0]
[16.0, 32.0, 758.0, 588.0]
[32.0, 48.0, 775.0, 605.0]
[96.0, 80.0, 840.0, 638.0]
[208.0, 64.0, 953.0, 623.0]
[64.0, 48.0, 810.0, 608.0]
[48.0, 16.0, 795.0, 576.0]
[256.0, 48.0, 1004.0, 609.0]
[144.0, 64.0, 893.0, 626.0]
[224.0, 16.0, 974.0, 578.0]
[96.0, 80.0, 847.0, 643.0]
[16.0, 32.0, 768.0, 596.0]
[128.0, 32.0, 881.0, 597.0]
[96.0, 16.0, 850.0, 582.0]
[208.0, 16.0, 963.0, 582.0]
[144.0, 0.0, 900.0, 567.0]
[48.0, 64.0, 805.0, 632.0]
[16.0, 32.0, 774.0, 600.0]
[224.0, 16.0, 983.0, 585.0]
[80.0, 32.0, 840.0, 602.0]
[32.0, 16.0, 793.0, 587.0]
[0.0, 48.0, 762.0, 620.0]
[0.0, 48.0, 763.0, 620.0]
[160.0, 32.0, 924.0, 605.0]
[96.0, 0.0, 861.0, 574.0]
[128.0, 48.0, 894.0, 622.0]
[192.0, 0.0, 959.0, 575.0]
[64.0, 32.0, 832.0, 608.0]
[32.0, 32.0, 801.0, 609.0]
[128.0, 32.0, 898.0, 610.0]
[128.0, 32.0, 899.0, 610.0]
[112.0, 64.0, 884.0, 643.0]
[208.0, 64.0, 981.0, 644.0]
[240.0, 48.0, 1014.0, 628.0]
[224.0, 0.0, 999.0, 581.0]
[32.0, 64.0, 808.0, 646.0]
[160.0, 32.0, 937.0, 615.0]
[128.0, 48.0, 906.0, 632.0]
[48.0, 0.0, 827.0, 584.0]
[144.0, 48.0, 924.0, 633.0]
[224.0, 64.0, 1005.0, 650.0]
[128.0, 64.0, 910.0, 650.0]
[32.0, 16.0, 815.0, 603.0]
[160.0, 16.0, 944.0, 604.0]
[112.0, 48.0, 897.0, 637.0]
[64.0, 32.0, 850.0, 622.0]
[80.0, 0.0, 867.0, 590.0]
[144.0, 0.0, 932.0, 591.0]
[48.0, 0.0, 837.0, 592.0]
[144.0, 0.0, 934.0, 592.0]
[80.0, 0.0, 871.0, 593.0]
[80.0, 64.0, 872.0, 658.0]
[192.0, 64.0, 985.0, 659.0]
[16.0, 64.0, 810.0, 660.0]
[160.0, 64.0, 955.0, 660.0]
[16.0, 32.0, 812.0, 629.0]
[64.0, 64.0, 861.0, 662.0]
[64.0, 48.0, 862.0, 646.0]
[128.0, 64.0, 927.0, 663.0]
[96.0, 64.0, 896.0, 664.0]
[160.0, 32.0, 961.0, 633.0]
[192.0, 32.0, 994.0, 634.0]
[64.0, 48.0, 867.0, 650.0]
[112.0, 16.0, 916.0, 619.0]
[32.0, 64.0, 837.0, 668.0]
[128.0, 48.0, 934.0, 652.0]
[192.0, 32.0, 999.0, 637.0]
[176.0, 32.0, 984.0, 638.0]
[192.0, 16.0, 1001.0, 623.0]
[176.0, 48.0, 986.0, 656.0]
[64.0, 64.0, 875.0, 672.0]
[144.0, 0.0, 956.0, 609.0]
[144.0, 64.0, 957.0, 674.0]
[192.0, 16.0, 1006.0, 626.0]
[208.0, 16.0, 1023.0, 627.0]
[128.0, 64.0, 944.0, 676.0]
[32.0, 48.0, 849.0, 661.0]
[0.0, 16.0, 818.0, 630.0]
[176.0, 16.0, 995.0, 630.0]
[128.0, 0.0, 948.0, 615.0]
[128.0, 80.0, 949.0, 696.0]
[96.0, 80.0, 918.0, 696.0]
[0.0, 0.0, 823.0, 617.0]
[96.0, 32.0, 920.0, 650.0]
[80.0, 64.0, 905.0, 683.0]
[0.0, 0.0, 826.0, 620.0]
[96.0, 32.0, 923.0, 652.0]
[48.0, 80.0, 876.0, 701.0]
[128.0, 64.0, 957.0, 686.0]
[144.0, 0.0, 974.0, 622.0]
[160.0, 32.0, 991.0, 655.0]
[64.0, 32.0, 896.0, 656.0]
[144.0, 64.0, 977.0, 689.0]
[96.0, 0.0, 930.0, 626.0]
[64.0, 48.0, 899.0, 674.0]
[144.0, 32.0, 980.0, 659.0]
[128.0, 32.0, 965.0, 660.0]
[160.0, 48.0, 998.0, 676.0]
[48.0, 48.0, 887.0, 677.0]
[128.0, 64.0, 968.0, 694.0]
[48.0, 16.0, 889.0, 647.0]
[128.0, 80.0, 970.0, 712.0]
[112.0, 48.0, 955.0, 680.0]
[176.0, 32.0, 1020.0, 665.0]
[144.0, 64.0, 989.0, 698.0]
[112.0, 80.0, 958.0, 714.0]
[64.0, 80.0, 911.0, 715.0]
[96.0, 80.0, 944.0, 716.0]
[0.0, 48.0, 849.0, 685.0]
[80.0, 0.0, 930.0, 638.0]
[80.0, 80.0, 931.0, 718.0]
[80.0, 32.0, 932.0, 671.0]
[160.0, 16.0, 1013.0, 656.0]
[48.0, 16.0, 902.0, 656.0]
[48.0, 64.0, 903.0, 705.0]
[96.0, 48.0, 952.0, 690.0]
[144.0, 64.0, 1001.0, 707.0]
[160.0, 48.0, 1018.0, 692.0]
[48.0, 32.0, 907.0, 676.0]
[112.0, 48.0, 972.0, 693.0]
[32.0, 32.0, 893.0, 678.0]
[112.0, 48.0, 974.0, 694.0]
[128.0, 48.0, 991.0, 695.0]
[64.0, 0.0, 928.0, 648.0]
[144.0, 32.0, 1009.0, 681.0]
[16.0, 32.0, 882.0, 682.0]
[0.0, 48.0, 867.0, 698.0]
[128.0, 48.0, 996.0, 699.0]
[80.0, 80.0, 949.0, 732.0]
[112.0, 32.0, 982.0, 684.0]
[48.0, 64.0, 919.0, 717.0]
[112.0, 48.0, 984.0, 702.0]
[48.0, 0.0, 921.0, 655.0]
[80.0, 0.0, 954.0, 656.0]
[96.0, 80.0, 971.0, 736.0]
[64.0, 64.0, 940.0, 721.0]
[48.0, 32.0, 925.0, 690.0]
[96.0, 80.0, 974.0, 738.0]
[0.0, 0.0, 879.0, 659.0]
[16.0, 64.0, 896.0, 724.0]
[80.0, 80.0, 961.0, 741.0]
[16.0, 32.0, 898.0, 694.0]
[64.0, 48.0, 947.0, 710.0]
[112.0, 32.0, 996.0, 695.0]
[48.0, 0.0, 933.0, 664.0]
[96.0, 64.0, 982.0, 728.0]
[32.0, 0.0, 919.0, 665.0]
[48.0, 0.0, 936.0, 666.0]
[16.0, 0.0, 905.0, 667.0]
[128.0, 32.0, 1018.0, 700.0]
[64.0, 48.0, 955.0, 716.0]
[128.0, 0.0, 1020.0, 669.0]
[80.0, 48.0, 973.0, 718.0]
[112.0, 32.0, 1006.0, 702.0]
[96.0, 64.0, 991.0, 735.0]
[0.0, 0.0, 896.0, 672.0]
[64.0, 16.0, 961.0, 689.0]
[96.0, 32.0, 994.0, 706.0]
[48.0, 32.0, 947.0, 706.0]
[64.0, 48.0, 964.0, 723.0]
[96.0, 16.0, 997.0, 692.0]
[64.0, 16.0, 966.0, 692.0]
[16.0, 0.0, 919.0, 677.0]
[64.0, 16.0, 968.0, 694.0]
[112.0, 48.0, 1017.0, 727.0]
[64.0, 64.0, 970.0, 744.0]
[96.0, 32.0, 1003.0, 712.0]
[112.0, 0.0, 1020.0, 681.0]
[48.0, 32.0, 957.0, 714.0]
[0.0, 48.0, 910.0, 730.0]
[32.0, 16.0, 943.0, 699.0]
[16.0, 64.0, 928.0, 748.0]
[32.0, 0.0, 945.0, 685.0]
[64.0, 16.0, 978.0, 702.0]
[80.0, 64.0, 995.0, 750.0]
[48.0, 32.0, 964.0, 719.0]
[32.0, 0.0, 949.0, 688.0]
[0.0, 48.0, 918.0, 736.0]
[16.0, 32.0, 935.0, 721.0]
[32.0, 64.0, 952.0, 754.0]
[80.0, 16.0, 1001.0, 707.0]
[48.0, 48.0, 970.0, 740.0]
[64.0, 64.0, 987.0, 756.0]
[0.0, 48.0, 924.0, 741.0]
[80.0, 32.0, 1005.0, 726.0]
[16.0, 64.0, 942.0, 758.0]
[32.0, 16.0, 959.0, 711.0]
[16.0, 64.0, 944.0, 760.0]
[16.0, 0.0, 945.0, 697.0]
[32.0, 16.0, 962.0, 714.0]
[80.0, 16.0, 1011.0, 714.0]
[64.0, 64.0, 996.0, 763.0]
[32.0, 32.0, 965.0, 732.0]
[32.0, 0.0, 966.0, 700.0]
[0.0, 16.0, 935.0, 717.0]
[0.0, 16.0, 936.0, 718.0]
[32.0, 32.0, 969.0, 735.0]
[0.0, 32.0, 938.0, 736.0]
[0.0, 16.0, 939.0, 720.0]
[64.0, 64.0, 1004.0, 769.0]
[16.0, 48.0, 957.0, 754.0]
[80.0, 48.0, 1022.0, 754.0]
[80.0, 16.0, 1023.0, 723.0]
[0.0, 0.0, 944.0, 708.0]
[32.0, 32.0, 977.0, 741.0]
[32.0, 32.0, 978.0, 742.0]
[48.0, 48.0, 995.0, 758.0]
[64.0, 32.0, 1012.0, 743.0]
[0.0, 0.0, 949.0, 712.0]
[0.0, 48.0, 950.0, 760.0]
[48.0, 48.0, 999.0, 761.0]
[64.0, 32.0, 1016.0, 746.0]
[64.0, 0.0, 1017.0, 715.0]
[32.0, 32.0, 986.0, 748.0]
[48.0, 0.0, 1003.0, 716.0]
[16.0, 0.0, 972.0, 717.0]
[32.0, 32.0, 989.0, 750.0]
[48.0, 48.0, 1006.0, 766.0]
[48.0, 32.0, 1007.0, 751.0]
[64.0, 16.0, 1024.0, 736.0]
[48.0, 0.0, 1009.0, 721.0]
[16.0, 0.0, 978.0, 722.0]
[16.0, 0.0, 979.0, 722.0]
[16.0, 32.0, 980.0, 755.0]
[0.0, 48.0, 965.0, 772.0]
[0.0, 16.0, 966.0, 740.0]
[48.0, 0.0, 1015.0, 725.0]
[48.0, 0.0, 1016.0, 726.0]
[48.0, 0.0, 1017.0, 727.0]
[16.0, 16.0, 986.0, 744.0]
[32.0, 32.0, 1003.0, 760.0]
[48.0, 0.0, 1020.0, 729.0]
[32.0, 32.0, 1005.0, 762.0]
[0.0, 0.0, 974.0, 730.0]
[48.0, 0.0, 1023.0, 731.0]
[32.0, 16.0, 1008.0, 748.0]
[0.0, 32.0, 977.0, 765.0]
[0.0, 16.0, 978.0, 750.0]
[0.0, 32.0, 979.0, 766.0]
[32.0, 0.0, 1012.0, 735.0]
[16.0, 32.0, 997.0, 768.0]
[32.0, 32.0, 1014.0, 768.0]
[32.0, 32.0, 1015.0, 769.0]
[0.0, 16.0, 984.0, 754.0]
[32.0, 32.0, 1017.0, 771.0]
[32.0, 32.0, 1018.0, 772.0]
[32.0, 32.0, 1019.0, 772.0]
[16.0, 16.0, 1004.0, 757.0]
[16.0, 0.0, 1005.0, 742.0]
[32.0, 0.0, 1022.0, 742.0]
[0.0, 16.0, 991.0, 759.0]
[32.0, 16.0, 1024.0, 760.0]
[16.0, 0.0, 1009.0, 745.0]
[16.0, 0.0, 1010.0, 746.0]
[0.0, 0.0, 995.0, 746.0]
[16.0, 16.0, 1012.0, 763.0]
[16.0, 16.0, 1013.0, 764.0]
[0.0, 0.0, 998.0, 748.0]
[16.0, 16.0, 1015.0, 765.0]
[0.0, 16.0, 1000.0, 766.0]
[0.0, 16.0, 1001.0, 767.0]
[0.0, 0.0, 1002.0, 752.0]
[16.0, 0.0, 1019.0, 752.0]
[16.0, 0.0, 1020.0, 753.0]
[16.0, 0.0, 1021.0, 754.0]
[0.0, 0.0, 1006.0, 754.0]
[16.0, 0.0, 1023.0, 755.0]
[16.0, 16.0, 1024.0, 772.0]
[0.0, 0.0, 1009.0, 757.0]
[0.0, 0.0, 1010.0, 758.0]
[0.0, 0.0, 1011.0, 758.0]
[0.0, 0.0, 1012.0, 759.0]
[0.0, 0.0, 1013.0, 760.0]
[0.0, 0.0, 1014.0, 760.0]
[0.0, 0.0, 1015.0, 761.0]
[0.0, 0.0, 1016.0, 762.0]
[0.0, 0.0, 1017.0, 763.0]
