[48.0, 208.0, 765.0, 746.0]
[80.0, 176.0, 798.0, 714.0]
[80.0, 160.0, 799.0, 699.0]
[112.0, 176.0, 832.0, 716.0]
[80.0, 192.0, 801.0, 733.0]
[48.0, 176.0, 770.0, 718.0]
[48.0, 112.0, 771.0, 654.0]
[0.0, 144.0, 724.0, 687.0]
[32.0, 160.0, 757.0, 704.0]
[48.0, 160.0, 774.0, 704.0]
[0.0, 96.0, 727.0, 641.0]
[48.0, 112.0, 776.0, 658.0]
[48.0, 208.0, 777.0, 755.0]
[64.0, 192.0, 794.0, 740.0]
[96.0, 160.0, 827.0, 708.0]
[32.0, 208.0, 764.0, 757.0]
[128.0, 176.0, 861.0, 726.0]
[16.0, 96.0, 750.0, 646.0]
[64.0, 160.0, 799.0, 711.0]
[64.0, 176.0, 800.0, 728.0]
[96.0, 192.0, 833.0, 745.0]
[16.0, 176.0, 754.0, 730.0]
[32.0, 160.0, 771.0, 714.0]
[128.0, 160.0, 868.0, 715.0]
[80.0, 160.0, 821.0, 716.0]
[112.0, 160.0, 854.0, 716.0]
[16.0, 192.0, 759.0, 749.0]
[48.0, 208.0, 792.0, 766.0]
[48.0, 208.0, 793.0, 767.0]
[64.0, 192.0, 810.0, 752.0]
[32.0, 128.0, 779.0, 688.0]
[32.0, 192.0, 780.0, 753.0]
[0.0, 96.0, 749.0, 658.0]
[64.0, 112.0, 814.0, 674.0]
[112.0, 160.0, 863.0, 723.0]
[16.0, 160.0, 768.0, 724.0]
[48.0, 176.0, 801.0, 741.0]
[48.0, 112.0, 802.0, 678.0]
[64.0, 160.0, 819.0, 726.0]
[48.0, 144.0, 804.0, 711.0]
[96.0, 160.0, 853.0, 728.0]
[80.0, 176.0, 838.0, 744.0]
[48.0, 176.0, 807.0, 745.0]
[96.0, 160.0, 856.0, 730.0]
[80.0, 176.0, 841.0, 747.0]
[96.0, 144.0, 858.0, 716.0]
[96.0, 160.0, 859.0, 732.0]
[80.0, 176.0, 844.0, 749.0]
[80.0, 192.0, 845.0, 766.0]
[16.0, 96.0, 782.0, 670.0]
[48.0, 160.0, 815.0, 735.0]
[48.0, 160.0, 816.0, 736.0]
[0.0, 176.0, 769.0, 753.0]
[64.0, 112.0, 834.0, 690.0]
[0.0, 112.0, 771.0, 690.0]
[32.0, 128.0, 804.0, 707.0]
[48.0, 96.0, 821.0, 676.0]
[16.0, 96.0, 790.0, 676.0]
[16.0, 144.0, 791.0, 725.0]
[16.0, 112.0, 792.0, 694.0]
[16.0, 128.0, 793.0, 711.0]
[32.0, 176.0, 810.0, 760.0]
[64.0, 176.0, 843.0, 760.0]
[32.0, 96.0, 812.0, 681.0]
[96.0, 176.0, 877.0, 762.0]
[80.0, 128.0, 862.0, 714.0]
[32.0, 160.0, 815.0, 747.0]
[0.0, 128.0, 784.0, 716.0]
[32.0, 112.0, 817.0, 701.0]
[0.0, 96.0, 786.0, 686.0]
[32.0, 112.0, 819.0, 702.0]
[32.0, 128.0, 820.0, 719.0]
[0.0, 160.0, 789.0, 752.0]
[80.0, 160.0, 870.0, 752.0]
[32.0, 128.0, 823.0, 721.0]
[80.0, 128.0, 872.0, 722.0]
[0.0, 112.0, 793.0, 707.0]
[64.0, 128.0, 858.0, 724.0]
[32.0, 96.0, 827.0, 692.0]
[64.0, 160.0, 860.0, 757.0]
[32.0, 96.0, 829.0, 694.0]
[48.0, 144.0, 846.0, 742.0]
[48.0, 96.0, 847.0, 695.0]
[64.0, 128.0, 864.0, 728.0]
[32.0, 112.0, 833.0, 713.0]
[16.0, 128.0, 818.0, 730.0]
[16.0, 160.0, 819.0, 762.0]
[48.0, 128.0, 852.0, 731.0]
[64.0, 128.0, 869.0, 732.0]
[48.0, 112.0, 854.0, 716.0]
[32.0, 112.0, 839.0, 717.0]
[64.0, 112.0, 872.0, 718.0]
[48.0, 160.0, 857.0, 767.0]
[32.0, 144.0, 842.0, 752.0]
[0.0, 144.0, 811.0, 752.0]
[16.0, 96.0, 828.0, 705.0]
[0.0, 112.0, 813.0, 722.0]
[16.0, 96.0, 830.0, 706.0]
[48.0, 96.0, 863.0, 707.0]
[64.0, 144.0, 880.0, 756.0]
[48.0, 144.0, 865.0, 757.0]
[48.0, 144.0, 866.0, 758.0]
[80.0, 144.0, 899.0, 758.0]
[48.0, 128.0, 868.0, 743.0]
[48.0, 144.0, 869.0, 760.0]
[16.0, 112.0, 838.0, 728.0]
[0.0, 96.0, 823.0, 713.0]
[64.0, 144.0, 888.0, 762.0]
[48.0, 144.0, 873.0, 763.0]
[64.0, 112.0, 890.0, 732.0]
[16.0, 96.0, 843.0, 716.0]
[0.0, 144.0, 828.0, 765.0]
[64.0, 144.0, 893.0, 766.0]
[64.0, 128.0, 894.0, 750.0]
[64.0, 128.0, 895.0, 751.0]
[64.0, 144.0, 896.0, 768.0]
[48.0, 96.0, 881.0, 721.0]
[32.0, 96.0, 866.0, 722.0]
[0.0, 112.0, 835.0, 738.0]
[16.0, 96.0, 852.0, 723.0]
[64.0, 128.0, 901.0, 756.0]
[0.0, 112.0, 838.0, 740.0]
[0.0, 128.0, 839.0, 757.0]
[48.0, 128.0, 888.0, 758.0]
[0.0, 112.0, 841.0, 743.0]
[16.0, 112.0, 858.0, 744.0]
[32.0, 128.0, 875.0, 760.0]
[16.0, 112.0, 860.0, 745.0]
[16.0, 128.0, 861.0, 762.0]
[32.0, 128.0, 878.0, 762.0]
[32.0, 112.0, 879.0, 747.0]
[16.0, 112.0, 864.0, 748.0]
[48.0, 128.0, 897.0, 765.0]
[16.0, 112.0, 866.0, 750.0]
[32.0, 96.0, 883.0, 734.0]
[32.0, 112.0, 884.0, 751.0]
[32.0, 128.0, 885.0, 768.0]
[32.0, 96.0, 886.0, 736.0]
[0.0, 112.0, 855.0, 753.0]
[16.0, 96.0, 872.0, 738.0]
[0.0, 112.0, 857.0, 755.0]
[32.0, 96.0, 890.0, 740.0]
[32.0, 112.0, 891.0, 756.0]
[0.0, 96.0, 860.0, 741.0]
[0.0, 96.0, 861.0, 742.0]
[0.0, 96.0, 862.0, 742.0]
[16.0, 112.0, 879.0, 759.0]
[32.0, 96.0, 896.0, 744.0]
