[224.0, 0.0, 941.0, 538.0]
[240.0, 16.0, 958.0, 554.0]
[192.0, 32.0, 911.0, 571.0]
[128.0, 0.0, 848.0, 540.0]
[256.0, 80.0, 977.0, 621.0]
[176.0, 64.0, 898.0, 606.0]
[256.0, 32.0, 979.0, 574.0]
[288.0, 0.0, 1012.0, 543.0]
[144.0, 32.0, 869.0, 576.0]
[192.0, 64.0, 918.0, 608.0]
[288.0, 0.0, 1015.0, 545.0]
[144.0, 0.0, 872.0, 546.0]
[240.0, 0.0, 969.0, 547.0]
[144.0, 16.0, 874.0, 564.0]
[176.0, 32.0, 907.0, 580.0]
[256.0, 64.0, 988.0, 613.0]
[272.0, 0.0, 1005.0, 550.0]
[240.0, 0.0, 974.0, 550.0]
[288.0, 48.0, 1023.0, 599.0]
[176.0, 64.0, 912.0, 616.0]
[208.0, 64.0, 945.0, 617.0]
[224.0, 16.0, 962.0, 570.0]
[272.0, 32.0, 1011.0, 586.0]
[256.0, 80.0, 996.0, 635.0]
[256.0, 80.0, 997.0, 636.0]
[208.0, 80.0, 950.0, 636.0]
[192.0, 64.0, 935.0, 621.0]
[128.0, 32.0, 872.0, 590.0]
[192.0, 32.0, 937.0, 591.0]
[192.0, 48.0, 938.0, 608.0]
[272.0, 64.0, 1019.0, 624.0]
[208.0, 80.0, 956.0, 641.0]
[208.0, 48.0, 957.0, 610.0]
[272.0, 16.0, 1022.0, 578.0]
[224.0, 0.0, 975.0, 563.0]
[224.0, 64.0, 976.0, 628.0]
[176.0, 16.0, 929.0, 581.0]
[192.0, 0.0, 946.0, 566.0]
[224.0, 64.0, 979.0, 630.0]
[256.0, 64.0, 1012.0, 631.0]
[240.0, 80.0, 997.0, 648.0]
[256.0, 48.0, 1014.0, 616.0]
[128.0, 0.0, 887.0, 569.0]
[208.0, 64.0, 968.0, 634.0]
[224.0, 64.0, 985.0, 635.0]
[224.0, 48.0, 986.0, 620.0]
[208.0, 64.0, 971.0, 636.0]
[192.0, 32.0, 956.0, 605.0]
[208.0, 32.0, 973.0, 606.0]
[224.0, 48.0, 990.0, 622.0]
[256.0, 16.0, 1023.0, 591.0]
[240.0, 48.0, 1008.0, 624.0]
[160.0, 16.0, 929.0, 593.0]
[208.0, 48.0, 978.0, 626.0]
[128.0, 0.0, 899.0, 578.0]
[160.0, 0.0, 932.0, 579.0]
[240.0, 16.0, 1013.0, 596.0]
[240.0, 0.0, 1014.0, 580.0]
[240.0, 64.0, 1015.0, 645.0]
[224.0, 64.0, 1000.0, 646.0]
[192.0, 0.0, 969.0, 583.0]
[208.0, 80.0, 986.0, 664.0]
[160.0, 16.0, 939.0, 600.0]
[192.0, 48.0, 972.0, 633.0]
[176.0, 0.0, 957.0, 586.0]
[240.0, 32.0, 1022.0, 618.0]
[176.0, 32.0, 959.0, 619.0]
[224.0, 16.0, 1008.0, 604.0]
[224.0, 48.0, 1009.0, 637.0]
[208.0, 16.0, 994.0, 606.0]
[208.0, 48.0, 995.0, 638.0]
[176.0, 16.0, 964.0, 607.0]
[176.0, 0.0, 965.0, 592.0]
[224.0, 16.0, 1014.0, 608.0]
[144.0, 32.0, 935.0, 625.0]
[176.0, 64.0, 968.0, 658.0]
[208.0, 16.0, 1001.0, 611.0]
[176.0, 48.0, 970.0, 644.0]
[224.0, 0.0, 1019.0, 596.0]
[192.0, 64.0, 988.0, 661.0]
[224.0, 32.0, 1021.0, 630.0]
[176.0, 48.0, 974.0, 646.0]
[224.0, 0.0, 1023.0, 599.0]
[192.0, 48.0, 992.0, 648.0]
[176.0, 16.0, 977.0, 617.0]
[160.0, 0.0, 962.0, 602.0]
[160.0, 48.0, 963.0, 650.0]
[144.0, 32.0, 948.0, 635.0]
[192.0, 64.0, 997.0, 668.0]
[144.0, 32.0, 950.0, 636.0]
[176.0, 0.0, 983.0, 605.0]
[208.0, 0.0, 1016.0, 606.0]
[128.0, 16.0, 937.0, 623.0]
[128.0, 32.0, 938.0, 640.0]
[160.0, 16.0, 971.0, 624.0]
[128.0, 32.0, 940.0, 641.0]
[192.0, 0.0, 1005.0, 610.0]
[176.0, 16.0, 990.0, 626.0]
[160.0, 0.0, 975.0, 611.0]
[176.0, 48.0, 992.0, 660.0]
[128.0, 0.0, 945.0, 613.0]
[176.0, 32.0, 994.0, 646.0]
[160.0, 32.0, 979.0, 646.0]
[128.0, 32.0, 948.0, 647.0]
[128.0, 0.0, 949.0, 616.0]
[144.0, 0.0, 966.0, 616.0]
[128.0, 0.0, 951.0, 617.0]
[160.0, 0.0, 984.0, 618.0]
[192.0, 32.0, 1017.0, 651.0]
[176.0, 32.0, 1002.0, 652.0]
[192.0, 48.0, 1019.0, 668.0]
[192.0, 16.0, 1020.0, 637.0]
[192.0, 32.0, 1021.0, 654.0]
[160.0, 0.0, 990.0, 622.0]
[144.0, 32.0, 975.0, 655.0]
[144.0, 0.0, 976.0, 624.0]
[144.0, 0.0, 977.0, 625.0]
[160.0, 48.0, 994.0, 674.0]
[144.0, 0.0, 979.0, 626.0]
[160.0, 0.0, 996.0, 627.0]
[128.0, 16.0, 965.0, 644.0]
[176.0, 32.0, 1014.0, 660.0]
[176.0, 16.0, 1015.0, 645.0]
[176.0, 32.0, 1016.0, 662.0]
[176.0, 32.0, 1017.0, 663.0]
[128.0, 16.0, 970.0, 648.0]
[128.0, 0.0, 971.0, 632.0]
[128.0, 0.0, 972.0, 633.0]
[128.0, 0.0, 973.0, 634.0]
[128.0, 16.0, 974.0, 650.0]
[128.0, 16.0, 975.0, 651.0]
[176.0, 0.0, 1024.0, 636.0]
[144.0, 16.0, 993.0, 653.0]
[160.0, 16.0, 1010.0, 654.0]
[144.0, 0.0, 995.0, 638.0]
[144.0, 16.0, 996.0, 655.0]
[160.0, 32.0, 1013.0, 672.0]
[128.0, 16.0, 982.0, 656.0]
[160.0, 0.0, 1015.0, 641.0]
[128.0, 0.0, 984.0, 642.0]
[160.0, 0.0, 1017.0, 643.0]
[160.0, 0.0, 1018.0, 644.0]
[128.0, 0.0, 987.0, 644.0]
[160.0, 16.0, 1020.0, 661.0]
[128.0, 16.0, 989.0, 662.0]
[128.0, 16.0, 990.0, 662.0]
[128.0, 16.0, 991.0, 663.0]
[160.0, 16.0, 1024.0, 664.0]
[144.0, 16.0, 1009.0, 665.0]
