[64.0, 80.0, 781.0, 618.0]
[80.0, 96.0, 798.0, 634.0]
[80.0, 32.0, 799.0, 571.0]
[64.0, 48.0, 784.0, 588.0]
[80.0, 80.0, 801.0, 621.0]
[112.0, 80.0, 834.0, 622.0]
[48.0, 80.0, 771.0, 622.0]
[64.0, 48.0, 788.0, 591.0]
[80.0, 80.0, 805.0, 624.0]
[176.0, 64.0, 902.0, 608.0]
[32.0, 64.0, 759.0, 609.0]
[144.0, 80.0, 872.0, 626.0]
[176.0, 64.0, 905.0, 611.0]
[160.0, 48.0, 890.0, 596.0]
[128.0, 80.0, 859.0, 628.0]
[128.0, 64.0, 860.0, 613.0]
[48.0, 80.0, 781.0, 630.0]
[48.0, 80.0, 782.0, 630.0]
[128.0, 48.0, 863.0, 599.0]
[80.0, 64.0, 816.0, 616.0]
[144.0, 80.0, 881.0, 633.0]
[64.0, 64.0, 802.0, 618.0]
[144.0, 64.0, 883.0, 618.0]
[144.0, 64.0, 884.0, 619.0]
[144.0, 48.0, 885.0, 604.0]
[112.0, 48.0, 854.0, 604.0]
[96.0, 32.0, 839.0, 589.0]
[112.0, 64.0, 856.0, 622.0]
[64.0, 48.0, 809.0, 607.0]
[96.0, 32.0, 842.0, 592.0]
[80.0, 48.0, 827.0, 608.0]
[48.0, 32.0, 796.0, 593.0]
[48.0, 32.0, 797.0, 594.0]
[48.0, 32.0, 798.0, 594.0]
[80.0, 64.0, 831.0, 627.0]
[96.0, 48.0, 848.0, 612.0]
[96.0, 64.0, 849.0, 629.0]
[96.0, 64.0, 850.0, 630.0]
[112.0, 64.0, 867.0, 630.0]
[64.0, 32.0, 820.0, 599.0]
[112.0, 64.0, 869.0, 632.0]
[128.0, 32.0, 886.0, 600.0]
[48.0, 32.0, 807.0, 601.0]
[144.0, 32.0, 904.0, 602.0]
[80.0, 48.0, 841.0, 619.0]
[128.0, 64.0, 890.0, 636.0]
[112.0, 32.0, 875.0, 604.0]
[80.0, 32.0, 844.0, 605.0]
[64.0, 32.0, 829.0, 606.0]
[32.0, 48.0, 798.0, 622.0]
[112.0, 32.0, 879.0, 607.0]
[48.0, 48.0, 816.0, 624.0]
[144.0, 48.0, 913.0, 625.0]
[144.0, 48.0, 914.0, 626.0]
[112.0, 48.0, 883.0, 626.0]
[128.0, 32.0, 900.0, 611.0]
[128.0, 32.0, 901.0, 612.0]
[112.0, 48.0, 886.0, 628.0]
[64.0, 48.0, 839.0, 629.0]
[80.0, 32.0, 856.0, 614.0]
[80.0, 48.0, 857.0, 631.0]
[128.0, 32.0, 906.0, 616.0]
[32.0, 32.0, 811.0, 616.0]
[112.0, 32.0, 892.0, 617.0]
[80.0, 32.0, 861.0, 618.0]
[80.0, 32.0, 862.0, 618.0]
[112.0, 48.0, 895.0, 635.0]
[112.0, 48.0, 896.0, 636.0]
[64.0, 32.0, 849.0, 621.0]
[80.0, 32.0, 866.0, 622.0]
[48.0, 32.0, 835.0, 622.0]
