[224.0, 32.0, 965.0, 588.0]
[192.0, 96.0, 934.0, 652.0]
[240.0, 96.0, 983.0, 653.0]
[144.0, 48.0, 888.0, 606.0]
[80.0, 48.0, 825.0, 607.0]
[128.0, 48.0, 874.0, 608.0]
[240.0, 48.0, 987.0, 608.0]
[176.0, 64.0, 924.0, 625.0]
[160.0, 48.0, 909.0, 610.0]
[192.0, 64.0, 942.0, 626.0]
[96.0, 64.0, 847.0, 627.0]
[176.0, 80.0, 928.0, 644.0]
[208.0, 80.0, 961.0, 645.0]
[128.0, 32.0, 882.0, 598.0]
[64.0, 48.0, 819.0, 614.0]
[208.0, 32.0, 964.0, 599.0]
[96.0, 16.0, 853.0, 584.0]
[224.0, 96.0, 982.0, 664.0]
[240.0, 80.0, 999.0, 649.0]
[144.0, 80.0, 904.0, 650.0]
[192.0, 16.0, 953.0, 587.0]
[32.0, 80.0, 794.0, 652.0]
[192.0, 96.0, 955.0, 668.0]
[224.0, 48.0, 988.0, 621.0]
[192.0, 16.0, 957.0, 590.0]
[64.0, 64.0, 830.0, 638.0]
[96.0, 80.0, 863.0, 655.0]
[96.0, 16.0, 864.0, 592.0]
[128.0, 16.0, 897.0, 593.0]
[192.0, 48.0, 962.0, 626.0]
[64.0, 64.0, 835.0, 642.0]
[224.0, 64.0, 996.0, 643.0]
[80.0, 96.0, 853.0, 676.0]
[128.0, 32.0, 902.0, 612.0]
[144.0, 32.0, 919.0, 613.0]
[80.0, 32.0, 856.0, 614.0]
[176.0, 32.0, 953.0, 615.0]
[80.0, 96.0, 858.0, 680.0]
[80.0, 80.0, 859.0, 664.0]
[176.0, 32.0, 956.0, 617.0]
[192.0, 64.0, 973.0, 650.0]
[16.0, 48.0, 798.0, 634.0]
[96.0, 48.0, 879.0, 635.0]
[208.0, 16.0, 992.0, 604.0]
[176.0, 64.0, 961.0, 653.0]
[112.0, 32.0, 898.0, 622.0]
[32.0, 0.0, 819.0, 590.0]
[96.0, 16.0, 884.0, 607.0]
[128.0, 80.0, 917.0, 672.0]
[176.0, 16.0, 966.0, 608.0]
[192.0, 80.0, 983.0, 673.0]
[32.0, 64.0, 824.0, 658.0]
[16.0, 16.0, 809.0, 611.0]
[16.0, 64.0, 810.0, 660.0]
[0.0, 64.0, 795.0, 660.0]
[0.0, 32.0, 796.0, 629.0]
[208.0, 16.0, 1005.0, 614.0]
[192.0, 64.0, 990.0, 662.0]
[16.0, 64.0, 815.0, 663.0]
[96.0, 32.0, 896.0, 632.0]
[176.0, 64.0, 977.0, 665.0]
[48.0, 48.0, 850.0, 650.0]
[16.0, 16.0, 819.0, 618.0]
[64.0, 48.0, 868.0, 651.0]
[96.0, 16.0, 901.0, 620.0]
[0.0, 64.0, 806.0, 668.0]
[96.0, 0.0, 903.0, 605.0]
[176.0, 64.0, 984.0, 670.0]
[128.0, 48.0, 937.0, 655.0]
[176.0, 32.0, 986.0, 640.0]
[32.0, 0.0, 843.0, 608.0]
[96.0, 0.0, 908.0, 609.0]
[64.0, 0.0, 877.0, 610.0]
[48.0, 16.0, 862.0, 626.0]
[160.0, 0.0, 975.0, 611.0]
[0.0, 48.0, 816.0, 660.0]
[0.0, 16.0, 817.0, 629.0]
[0.0, 32.0, 818.0, 646.0]
[16.0, 0.0, 835.0, 614.0]
[64.0, 64.0, 884.0, 679.0]
[176.0, 48.0, 997.0, 664.0]
[80.0, 0.0, 902.0, 616.0]
[64.0, 0.0, 887.0, 617.0]
[80.0, 48.0, 904.0, 666.0]
[176.0, 48.0, 1001.0, 667.0]
[64.0, 0.0, 890.0, 620.0]
[128.0, 32.0, 955.0, 652.0]
[80.0, 0.0, 908.0, 621.0]
[96.0, 0.0, 925.0, 622.0]
[144.0, 48.0, 974.0, 670.0]
[192.0, 0.0, 1023.0, 623.0]
[160.0, 16.0, 992.0, 640.0]
[80.0, 0.0, 913.0, 625.0]
[160.0, 16.0, 994.0, 642.0]
[80.0, 32.0, 915.0, 658.0]
[160.0, 0.0, 996.0, 627.0]
[160.0, 16.0, 997.0, 644.0]
[144.0, 48.0, 982.0, 676.0]
[160.0, 0.0, 999.0, 629.0]
[128.0, 48.0, 968.0, 678.0]
[80.0, 16.0, 921.0, 647.0]
[16.0, 0.0, 858.0, 632.0]
[80.0, 0.0, 923.0, 632.0]
[176.0, 0.0, 1020.0, 633.0]
[64.0, 0.0, 909.0, 634.0]
[16.0, 0.0, 862.0, 634.0]
[112.0, 0.0, 959.0, 635.0]
[144.0, 32.0, 992.0, 668.0]
[0.0, 16.0, 849.0, 653.0]
[112.0, 0.0, 962.0, 638.0]
[112.0, 32.0, 963.0, 670.0]
[160.0, 32.0, 1012.0, 671.0]
[32.0, 32.0, 885.0, 672.0]
[32.0, 0.0, 886.0, 640.0]
[48.0, 0.0, 903.0, 641.0]
[128.0, 16.0, 984.0, 658.0]
[160.0, 16.0, 1017.0, 659.0]
[128.0, 32.0, 986.0, 676.0]
[32.0, 0.0, 891.0, 644.0]
[128.0, 32.0, 988.0, 677.0]
[160.0, 16.0, 1021.0, 662.0]
[32.0, 16.0, 894.0, 662.0]
[112.0, 0.0, 975.0, 647.0]
[80.0, 32.0, 944.0, 680.0]
[144.0, 32.0, 1009.0, 681.0]
[96.0, 32.0, 962.0, 682.0]
[16.0, 16.0, 883.0, 666.0]
[128.0, 16.0, 996.0, 667.0]
[96.0, 0.0, 965.0, 652.0]
[112.0, 0.0, 982.0, 652.0]
[64.0, 0.0, 935.0, 653.0]
[112.0, 0.0, 984.0, 654.0]
[0.0, 16.0, 873.0, 671.0]
[144.0, 0.0, 1018.0, 656.0]
[16.0, 16.0, 891.0, 672.0]
[96.0, 0.0, 972.0, 657.0]
[48.0, 0.0, 925.0, 658.0]
[64.0, 16.0, 942.0, 674.0]
[144.0, 0.0, 1023.0, 659.0]
[96.0, 16.0, 976.0, 676.0]
[112.0, 16.0, 993.0, 677.0]
[32.0, 0.0, 914.0, 662.0]
[128.0, 16.0, 1011.0, 678.0]
[48.0, 16.0, 932.0, 679.0]
[16.0, 0.0, 901.0, 664.0]
[80.0, 16.0, 966.0, 680.0]
[128.0, 16.0, 1015.0, 681.0]
[80.0, 16.0, 968.0, 682.0]
[64.0, 16.0, 953.0, 683.0]
[64.0, 0.0, 954.0, 668.0]
[96.0, 0.0, 987.0, 668.0]
[48.0, 0.0, 940.0, 669.0]
[0.0, 0.0, 893.0, 670.0]
[16.0, 0.0, 910.0, 670.0]
[64.0, 0.0, 959.0, 671.0]
[16.0, 0.0, 912.0, 672.0]
[80.0, 0.0, 977.0, 673.0]
[80.0, 0.0, 978.0, 674.0]
[96.0, 0.0, 995.0, 674.0]
[0.0, 0.0, 900.0, 675.0]
[112.0, 0.0, 1013.0, 676.0]
[64.0, 0.0, 966.0, 676.0]
[32.0, 0.0, 935.0, 677.0]
[112.0, 0.0, 1016.0, 678.0]
[64.0, 0.0, 969.0, 679.0]
[64.0, 0.0, 970.0, 680.0]
[112.0, 0.0, 1019.0, 680.0]
[0.0, 0.0, 908.0, 681.0]
[32.0, 0.0, 941.0, 682.0]
[48.0, 0.0, 958.0, 682.0]
[48.0, 0.0, 959.0, 683.0]
