[224.0, 48.0, 941.0, 586.0]
[224.0, 128.0, 942.0, 666.0]
[160.0, 144.0, 879.0, 683.0]
[128.0, 80.0, 848.0, 620.0]
[128.0, 96.0, 849.0, 637.0]
[176.0, 80.0, 898.0, 622.0]
[160.0, 0.0, 883.0, 542.0]
[176.0, 112.0, 900.0, 655.0]
[112.0, 112.0, 837.0, 656.0]
[192.0, 128.0, 918.0, 672.0]
[112.0, 32.0, 839.0, 577.0]
[272.0, 80.0, 1000.0, 626.0]
[192.0, 0.0, 921.0, 547.0]
[272.0, 48.0, 1002.0, 596.0]
[208.0, 32.0, 939.0, 580.0]
[240.0, 64.0, 972.0, 613.0]
[176.0, 16.0, 909.0, 566.0]
[256.0, 96.0, 990.0, 646.0]
[208.0, 16.0, 943.0, 567.0]
[160.0, 32.0, 896.0, 584.0]
[224.0, 80.0, 961.0, 633.0]
[112.0, 112.0, 850.0, 666.0]
[240.0, 64.0, 979.0, 618.0]
[192.0, 64.0, 932.0, 619.0]
[256.0, 64.0, 997.0, 620.0]
[176.0, 48.0, 918.0, 604.0]
[160.0, 112.0, 903.0, 669.0]
[208.0, 16.0, 952.0, 574.0]
[128.0, 96.0, 873.0, 655.0]
[160.0, 32.0, 906.0, 592.0]
[144.0, 112.0, 891.0, 672.0]
[192.0, 80.0, 940.0, 641.0]
[112.0, 112.0, 861.0, 674.0]
[144.0, 0.0, 894.0, 562.0]
[176.0, 48.0, 927.0, 611.0]
[144.0, 32.0, 896.0, 596.0]
[128.0, 48.0, 881.0, 613.0]
[160.0, 64.0, 914.0, 630.0]
[224.0, 80.0, 979.0, 646.0]
[128.0, 96.0, 884.0, 663.0]
[176.0, 96.0, 933.0, 664.0]
[128.0, 0.0, 886.0, 568.0]
[112.0, 16.0, 871.0, 585.0]
[192.0, 64.0, 952.0, 634.0]
[224.0, 48.0, 985.0, 619.0]
[224.0, 64.0, 986.0, 636.0]
[208.0, 48.0, 971.0, 620.0]
[256.0, 96.0, 1020.0, 669.0]
[240.0, 0.0, 1005.0, 574.0]
[176.0, 96.0, 942.0, 670.0]
[208.0, 32.0, 975.0, 607.0]
[128.0, 0.0, 896.0, 576.0]
[144.0, 16.0, 913.0, 593.0]
[192.0, 80.0, 962.0, 658.0]
[96.0, 32.0, 867.0, 610.0]
[144.0, 48.0, 916.0, 627.0]
[160.0, 48.0, 933.0, 628.0]
[176.0, 0.0, 950.0, 580.0]
[144.0, 96.0, 919.0, 677.0]
[144.0, 16.0, 920.0, 598.0]
[144.0, 80.0, 921.0, 663.0]
[112.0, 0.0, 890.0, 584.0]
[192.0, 64.0, 971.0, 648.0]
[112.0, 16.0, 892.0, 601.0]
[96.0, 48.0, 877.0, 634.0]
[224.0, 0.0, 1006.0, 586.0]
[96.0, 32.0, 879.0, 619.0]
[144.0, 0.0, 928.0, 588.0]
[192.0, 0.0, 977.0, 589.0]
[176.0, 64.0, 962.0, 654.0]
[80.0, 80.0, 867.0, 670.0]
[176.0, 16.0, 964.0, 607.0]
[128.0, 16.0, 917.0, 608.0]
[80.0, 16.0, 870.0, 608.0]
[160.0, 0.0, 951.0, 593.0]
[144.0, 0.0, 936.0, 594.0]
[80.0, 32.0, 873.0, 627.0]
[64.0, 16.0, 858.0, 612.0]
[176.0, 80.0, 971.0, 676.0]
[48.0, 64.0, 844.0, 661.0]
[112.0, 48.0, 909.0, 646.0]
[176.0, 80.0, 974.0, 678.0]
[96.0, 48.0, 895.0, 647.0]
[64.0, 80.0, 864.0, 680.0]
[176.0, 32.0, 977.0, 633.0]
[176.0, 0.0, 978.0, 602.0]
[80.0, 48.0, 883.0, 650.0]
[176.0, 16.0, 980.0, 619.0]
[144.0, 48.0, 949.0, 652.0]
[64.0, 48.0, 870.0, 652.0]
[128.0, 32.0, 935.0, 637.0]
[96.0, 64.0, 904.0, 670.0]
[48.0, 32.0, 857.0, 639.0]
[192.0, 0.0, 1002.0, 608.0]
[48.0, 48.0, 859.0, 656.0]
[128.0, 16.0, 940.0, 625.0]
[64.0, 64.0, 877.0, 674.0]
[144.0, 48.0, 958.0, 658.0]
[176.0, 32.0, 991.0, 643.0]
[96.0, 32.0, 912.0, 644.0]
[96.0, 16.0, 913.0, 629.0]
[80.0, 48.0, 898.0, 662.0]
[144.0, 0.0, 963.0, 614.0]
[32.0, 48.0, 852.0, 663.0]
[64.0, 48.0, 885.0, 664.0]
[192.0, 48.0, 1014.0, 664.0]
[192.0, 48.0, 1015.0, 665.0]
[32.0, 32.0, 856.0, 650.0]
[80.0, 48.0, 905.0, 667.0]
[192.0, 48.0, 1018.0, 668.0]
[128.0, 32.0, 955.0, 652.0]
[176.0, 16.0, 1004.0, 637.0]
[144.0, 16.0, 973.0, 638.0]
[192.0, 48.0, 1022.0, 670.0]
[112.0, 48.0, 943.0, 671.0]
[176.0, 32.0, 1008.0, 656.0]
[80.0, 32.0, 913.0, 657.0]
[64.0, 32.0, 898.0, 658.0]
[96.0, 32.0, 931.0, 658.0]
[48.0, 0.0, 884.0, 627.0]
[128.0, 48.0, 965.0, 676.0]
[48.0, 0.0, 886.0, 628.0]
[176.0, 16.0, 1015.0, 645.0]
[80.0, 0.0, 920.0, 630.0]
[128.0, 0.0, 969.0, 631.0]
[176.0, 16.0, 1018.0, 648.0]
[144.0, 16.0, 987.0, 648.0]
[144.0, 32.0, 988.0, 665.0]
[32.0, 0.0, 877.0, 634.0]
[32.0, 16.0, 878.0, 650.0]
[160.0, 32.0, 1007.0, 667.0]
[64.0, 0.0, 912.0, 636.0]
[32.0, 0.0, 881.0, 637.0]
[128.0, 0.0, 978.0, 638.0]
[64.0, 0.0, 915.0, 638.0]
[48.0, 16.0, 900.0, 655.0]
[48.0, 32.0, 901.0, 672.0]
[64.0, 16.0, 918.0, 656.0]
[16.0, 16.0, 871.0, 657.0]
[48.0, 16.0, 904.0, 658.0]
[160.0, 32.0, 1017.0, 675.0]
[144.0, 16.0, 1002.0, 660.0]
[16.0, 32.0, 875.0, 676.0]
[128.0, 32.0, 988.0, 677.0]
[160.0, 32.0, 1021.0, 678.0]
[64.0, 16.0, 926.0, 662.0]
[48.0, 16.0, 911.0, 663.0]
[80.0, 16.0, 944.0, 664.0]
[64.0, 32.0, 929.0, 681.0]
[48.0, 32.0, 914.0, 682.0]
[32.0, 0.0, 899.0, 650.0]
[64.0, 0.0, 932.0, 651.0]
[16.0, 0.0, 885.0, 652.0]
[128.0, 16.0, 998.0, 668.0]
[80.0, 16.0, 951.0, 669.0]
[32.0, 0.0, 904.0, 654.0]
[32.0, 0.0, 905.0, 655.0]
[0.0, 0.0, 874.0, 656.0]
[96.0, 0.0, 971.0, 656.0]
[96.0, 16.0, 972.0, 673.0]
[64.0, 0.0, 941.0, 658.0]
[0.0, 16.0, 878.0, 674.0]
[128.0, 0.0, 1007.0, 659.0]
[112.0, 0.0, 992.0, 660.0]
[16.0, 16.0, 897.0, 677.0]
[96.0, 16.0, 978.0, 678.0]
[48.0, 0.0, 931.0, 662.0]
[16.0, 16.0, 900.0, 679.0]
[128.0, 0.0, 1013.0, 664.0]
[128.0, 0.0, 1014.0, 664.0]
[112.0, 16.0, 999.0, 681.0]
[48.0, 16.0, 936.0, 682.0]
[80.0, 0.0, 969.0, 667.0]
[32.0, 0.0, 922.0, 668.0]
[128.0, 0.0, 1019.0, 668.0]
[112.0, 0.0, 1004.0, 669.0]
[16.0, 0.0, 909.0, 670.0]
[128.0, 0.0, 1022.0, 670.0]
[96.0, 0.0, 991.0, 671.0]
[32.0, 0.0, 928.0, 672.0]
[16.0, 0.0, 913.0, 673.0]
[80.0, 0.0, 978.0, 674.0]
[64.0, 0.0, 963.0, 674.0]
[64.0, 0.0, 964.0, 675.0]
[112.0, 0.0, 1013.0, 676.0]
[0.0, 0.0, 902.0, 676.0]
[0.0, 0.0, 903.0, 677.0]
