[192.0, 64.0, 909.0, 602.0]
[240.0, 32.0, 958.0, 570.0]
[208.0, 48.0, 927.0, 587.0]
[256.0, 64.0, 976.0, 604.0]
[240.0, 16.0, 961.0, 557.0]
[128.0, 0.0, 850.0, 542.0]
[272.0, 0.0, 995.0, 542.0]
[224.0, 48.0, 948.0, 591.0]
[224.0, 16.0, 949.0, 560.0]
[144.0, 32.0, 870.0, 576.0]
[160.0, 16.0, 887.0, 561.0]
[272.0, 16.0, 1000.0, 562.0]
[256.0, 80.0, 985.0, 627.0]
[272.0, 0.0, 1002.0, 548.0]
[256.0, 16.0, 987.0, 564.0]
[288.0, 16.0, 1020.0, 565.0]
[176.0, 32.0, 909.0, 582.0]
[288.0, 32.0, 1022.0, 582.0]
[224.0, 80.0, 959.0, 631.0]
[272.0, 16.0, 1008.0, 568.0]
[240.0, 0.0, 977.0, 553.0]
[224.0, 64.0, 962.0, 618.0]
[208.0, 32.0, 947.0, 586.0]
[208.0, 32.0, 948.0, 587.0]
[176.0, 16.0, 917.0, 572.0]
[240.0, 16.0, 982.0, 572.0]
[144.0, 48.0, 887.0, 605.0]
[192.0, 32.0, 936.0, 590.0]
[208.0, 32.0, 953.0, 591.0]
[256.0, 0.0, 1002.0, 560.0]
[192.0, 32.0, 939.0, 592.0]
[224.0, 80.0, 972.0, 641.0]
[160.0, 32.0, 909.0, 594.0]
[144.0, 48.0, 894.0, 610.0]
[240.0, 80.0, 991.0, 643.0]
[128.0, 0.0, 880.0, 564.0]
[144.0, 0.0, 897.0, 565.0]
[256.0, 0.0, 1010.0, 566.0]
[160.0, 48.0, 915.0, 614.0]
[192.0, 80.0, 948.0, 647.0]
[256.0, 16.0, 1013.0, 584.0]
[208.0, 80.0, 966.0, 648.0]
[192.0, 48.0, 951.0, 617.0]
[160.0, 48.0, 920.0, 618.0]
[176.0, 0.0, 937.0, 571.0]
[224.0, 0.0, 986.0, 572.0]
[144.0, 32.0, 907.0, 604.0]
[240.0, 0.0, 1004.0, 573.0]
[240.0, 32.0, 1005.0, 606.0]
[192.0, 32.0, 958.0, 606.0]
[176.0, 16.0, 943.0, 591.0]
[224.0, 80.0, 992.0, 656.0]
[160.0, 48.0, 929.0, 625.0]
[160.0, 32.0, 930.0, 610.0]
[160.0, 0.0, 931.0, 578.0]
[192.0, 32.0, 964.0, 611.0]
[192.0, 32.0, 965.0, 612.0]
[176.0, 0.0, 950.0, 580.0]
[224.0, 80.0, 999.0, 661.0]
[144.0, 48.0, 920.0, 630.0]
[176.0, 32.0, 953.0, 615.0]
[224.0, 64.0, 1002.0, 648.0]
[240.0, 32.0, 1019.0, 616.0]
[160.0, 16.0, 940.0, 601.0]
[208.0, 80.0, 989.0, 666.0]
[144.0, 32.0, 926.0, 618.0]
[208.0, 0.0, 991.0, 587.0]
[240.0, 0.0, 1024.0, 588.0]
[176.0, 16.0, 961.0, 605.0]
[144.0, 32.0, 930.0, 622.0]
[176.0, 0.0, 963.0, 590.0]
[160.0, 32.0, 948.0, 623.0]
[160.0, 32.0, 949.0, 624.0]
[128.0, 0.0, 918.0, 592.0]
[160.0, 48.0, 951.0, 641.0]
[208.0, 16.0, 1000.0, 610.0]
[192.0, 32.0, 985.0, 627.0]
[144.0, 16.0, 938.0, 612.0]
[128.0, 16.0, 923.0, 612.0]
[144.0, 0.0, 940.0, 597.0]
[144.0, 32.0, 941.0, 630.0]
[224.0, 48.0, 1022.0, 646.0]
[176.0, 64.0, 975.0, 663.0]
[224.0, 32.0, 1024.0, 632.0]
[128.0, 16.0, 929.0, 617.0]
[160.0, 16.0, 962.0, 618.0]
[192.0, 32.0, 995.0, 634.0]
[144.0, 0.0, 948.0, 603.0]
[208.0, 64.0, 1013.0, 668.0]
[128.0, 32.0, 934.0, 636.0]
[192.0, 0.0, 999.0, 605.0]
[160.0, 32.0, 968.0, 638.0]
[144.0, 16.0, 953.0, 623.0]
[192.0, 48.0, 1002.0, 656.0]
[176.0, 64.0, 987.0, 672.0]
[176.0, 64.0, 988.0, 673.0]
[176.0, 16.0, 989.0, 626.0]
[176.0, 32.0, 990.0, 642.0]
[176.0, 16.0, 991.0, 627.0]
[128.0, 32.0, 944.0, 644.0]
[176.0, 32.0, 993.0, 645.0]
[176.0, 48.0, 994.0, 662.0]
[128.0, 16.0, 947.0, 630.0]
[160.0, 48.0, 980.0, 663.0]
[160.0, 48.0, 981.0, 664.0]
[128.0, 0.0, 950.0, 616.0]
[176.0, 48.0, 999.0, 665.0]
[144.0, 48.0, 968.0, 666.0]
[160.0, 32.0, 985.0, 651.0]
[176.0, 0.0, 1002.0, 620.0]
[144.0, 32.0, 971.0, 652.0]
[144.0, 0.0, 972.0, 621.0]
[192.0, 48.0, 1021.0, 670.0]
[176.0, 0.0, 1006.0, 622.0]
[160.0, 48.0, 991.0, 671.0]
[176.0, 0.0, 1008.0, 624.0]
[176.0, 48.0, 1009.0, 673.0]
[176.0, 0.0, 1010.0, 626.0]
[144.0, 48.0, 979.0, 674.0]
[128.0, 0.0, 964.0, 627.0]
[128.0, 16.0, 965.0, 644.0]
[160.0, 48.0, 998.0, 676.0]
[144.0, 0.0, 983.0, 629.0]
[160.0, 32.0, 1000.0, 662.0]
[176.0, 16.0, 1017.0, 647.0]
[144.0, 16.0, 986.0, 648.0]
[144.0, 32.0, 987.0, 664.0]
[128.0, 0.0, 972.0, 633.0]
[176.0, 32.0, 1021.0, 666.0]
[176.0, 16.0, 1022.0, 650.0]
[160.0, 16.0, 1007.0, 651.0]
[160.0, 16.0, 1008.0, 652.0]
[160.0, 0.0, 1009.0, 637.0]
[144.0, 16.0, 994.0, 654.0]
[144.0, 32.0, 995.0, 670.0]
[160.0, 32.0, 1012.0, 671.0]
[144.0, 16.0, 997.0, 656.0]
[160.0, 0.0, 1014.0, 640.0]
[160.0, 0.0, 1015.0, 641.0]
[144.0, 0.0, 1000.0, 642.0]
[128.0, 0.0, 985.0, 643.0]
[144.0, 0.0, 1002.0, 644.0]
[160.0, 16.0, 1019.0, 660.0]
[144.0, 0.0, 1004.0, 645.0]
[144.0, 0.0, 1005.0, 646.0]
[144.0, 32.0, 1006.0, 678.0]
[160.0, 16.0, 1023.0, 663.0]
[128.0, 16.0, 992.0, 664.0]
[128.0, 0.0, 993.0, 649.0]
