[160.0, 48.0, 877.0, 586.0]
[128.0, 112.0, 846.0, 650.0]
[64.0, 64.0, 783.0, 603.0]
[64.0, 80.0, 784.0, 620.0]
[144.0, 80.0, 865.0, 621.0]
[176.0, 32.0, 898.0, 574.0]
[80.0, 112.0, 803.0, 654.0]
[96.0, 48.0, 820.0, 591.0]
[64.0, 80.0, 789.0, 624.0]
[80.0, 64.0, 806.0, 608.0]
[48.0, 16.0, 775.0, 561.0]
[64.0, 48.0, 792.0, 594.0]
[176.0, 80.0, 905.0, 627.0]
[64.0, 96.0, 794.0, 644.0]
[128.0, 96.0, 859.0, 644.0]
[192.0, 96.0, 924.0, 645.0]
[128.0, 32.0, 861.0, 582.0]
[160.0, 112.0, 894.0, 662.0]
[64.0, 64.0, 799.0, 615.0]
[160.0, 64.0, 896.0, 616.0]
[144.0, 48.0, 881.0, 601.0]
[96.0, 96.0, 834.0, 650.0]
[160.0, 32.0, 899.0, 586.0]
[144.0, 48.0, 884.0, 603.0]
[112.0, 0.0, 853.0, 556.0]
[32.0, 16.0, 774.0, 572.0]
[160.0, 80.0, 903.0, 637.0]
[160.0, 96.0, 904.0, 654.0]
[80.0, 80.0, 825.0, 639.0]
[32.0, 48.0, 778.0, 608.0]
[112.0, 80.0, 859.0, 640.0]
[192.0, 64.0, 940.0, 625.0]
[112.0, 48.0, 861.0, 610.0]
[192.0, 80.0, 942.0, 642.0]
[16.0, 80.0, 767.0, 643.0]
[48.0, 16.0, 800.0, 580.0]
[64.0, 0.0, 817.0, 565.0]
[96.0, 80.0, 850.0, 646.0]
[80.0, 112.0, 835.0, 678.0]
[192.0, 32.0, 948.0, 599.0]
[112.0, 0.0, 869.0, 568.0]
[144.0, 16.0, 902.0, 584.0]
[64.0, 0.0, 823.0, 569.0]
[0.0, 48.0, 760.0, 618.0]
[128.0, 0.0, 889.0, 571.0]
[160.0, 48.0, 922.0, 620.0]
[96.0, 48.0, 859.0, 620.0]
[64.0, 48.0, 828.0, 621.0]
[176.0, 48.0, 941.0, 622.0]
[16.0, 32.0, 782.0, 606.0]
[0.0, 48.0, 767.0, 623.0]
[112.0, 32.0, 880.0, 608.0]
[0.0, 64.0, 769.0, 641.0]
[32.0, 96.0, 802.0, 674.0]
[0.0, 16.0, 771.0, 594.0]
[64.0, 32.0, 836.0, 611.0]
[192.0, 32.0, 965.0, 612.0]
[16.0, 80.0, 790.0, 660.0]
[176.0, 16.0, 951.0, 597.0]
[64.0, 16.0, 840.0, 598.0]
[0.0, 0.0, 777.0, 583.0]
[48.0, 0.0, 826.0, 584.0]
[144.0, 48.0, 923.0, 632.0]
[32.0, 16.0, 812.0, 601.0]
[0.0, 32.0, 781.0, 618.0]
[144.0, 32.0, 926.0, 618.0]
[160.0, 96.0, 943.0, 683.0]
[32.0, 80.0, 816.0, 668.0]
[64.0, 32.0, 849.0, 621.0]
[64.0, 0.0, 850.0, 590.0]
[16.0, 80.0, 803.0, 670.0]
[64.0, 32.0, 852.0, 623.0]
[192.0, 64.0, 981.0, 656.0]
[0.0, 64.0, 790.0, 656.0]
[64.0, 0.0, 855.0, 593.0]
[16.0, 16.0, 808.0, 610.0]
[80.0, 0.0, 873.0, 595.0]
[64.0, 0.0, 858.0, 596.0]
[160.0, 80.0, 955.0, 676.0]
[128.0, 64.0, 924.0, 661.0]
[112.0, 0.0, 909.0, 598.0]
[80.0, 32.0, 878.0, 630.0]
[32.0, 80.0, 831.0, 679.0]
[16.0, 80.0, 816.0, 680.0]
[112.0, 32.0, 913.0, 633.0]
[96.0, 16.0, 898.0, 618.0]
[0.0, 64.0, 803.0, 666.0]
[192.0, 48.0, 996.0, 651.0]
[0.0, 64.0, 805.0, 668.0]
[144.0, 64.0, 950.0, 668.0]
[128.0, 64.0, 935.0, 669.0]
[112.0, 0.0, 920.0, 606.0]
[0.0, 32.0, 809.0, 639.0]
[32.0, 48.0, 842.0, 656.0]
[192.0, 48.0, 1003.0, 656.0]
[144.0, 32.0, 956.0, 641.0]
[128.0, 64.0, 941.0, 674.0]
[16.0, 16.0, 830.0, 626.0]
[0.0, 64.0, 815.0, 675.0]
[160.0, 48.0, 976.0, 660.0]
[16.0, 16.0, 833.0, 629.0]
[128.0, 64.0, 946.0, 678.0]
[160.0, 64.0, 979.0, 678.0]
[160.0, 16.0, 980.0, 631.0]
[48.0, 16.0, 869.0, 632.0]
[0.0, 16.0, 822.0, 632.0]
[96.0, 16.0, 919.0, 633.0]
[176.0, 32.0, 1000.0, 650.0]
[144.0, 16.0, 969.0, 635.0]
[80.0, 0.0, 906.0, 620.0]
[0.0, 48.0, 827.0, 668.0]
[160.0, 32.0, 988.0, 653.0]
[144.0, 32.0, 973.0, 654.0]
[80.0, 32.0, 910.0, 654.0]
[16.0, 48.0, 847.0, 671.0]
[16.0, 16.0, 848.0, 640.0]
[176.0, 48.0, 1009.0, 673.0]
[0.0, 48.0, 834.0, 674.0]
[64.0, 0.0, 899.0, 626.0]
[96.0, 0.0, 932.0, 627.0]
[48.0, 16.0, 885.0, 644.0]
[16.0, 48.0, 854.0, 676.0]
[48.0, 48.0, 887.0, 677.0]
[112.0, 0.0, 952.0, 630.0]
[48.0, 32.0, 889.0, 663.0]
[160.0, 48.0, 1002.0, 680.0]
[32.0, 48.0, 875.0, 680.0]
[112.0, 48.0, 956.0, 681.0]
[0.0, 0.0, 845.0, 634.0]
[160.0, 48.0, 1006.0, 682.0]
[128.0, 48.0, 975.0, 683.0]
[48.0, 16.0, 896.0, 652.0]
[96.0, 16.0, 945.0, 653.0]
[96.0, 0.0, 946.0, 638.0]
[64.0, 16.0, 915.0, 654.0]
[48.0, 16.0, 900.0, 655.0]
[16.0, 0.0, 869.0, 640.0]
[160.0, 32.0, 1014.0, 672.0]
[48.0, 16.0, 903.0, 657.0]
[96.0, 0.0, 952.0, 642.0]
[16.0, 0.0, 873.0, 643.0]
[112.0, 16.0, 970.0, 660.0]
[80.0, 0.0, 939.0, 644.0]
[48.0, 0.0, 908.0, 645.0]
[96.0, 0.0, 957.0, 646.0]
[16.0, 0.0, 878.0, 646.0]
[48.0, 32.0, 911.0, 679.0]
[128.0, 32.0, 992.0, 680.0]
[96.0, 16.0, 961.0, 665.0]
[112.0, 32.0, 978.0, 682.0]
[80.0, 16.0, 947.0, 666.0]
[48.0, 0.0, 916.0, 651.0]
[80.0, 0.0, 949.0, 652.0]
[0.0, 0.0, 870.0, 652.0]
[128.0, 16.0, 999.0, 669.0]
[32.0, 0.0, 904.0, 654.0]
[112.0, 0.0, 985.0, 655.0]
[48.0, 0.0, 922.0, 656.0]
[48.0, 0.0, 923.0, 656.0]
[0.0, 0.0, 876.0, 657.0]
[112.0, 0.0, 989.0, 658.0]
[32.0, 0.0, 910.0, 658.0]
[80.0, 16.0, 959.0, 675.0]
[96.0, 16.0, 976.0, 676.0]
[96.0, 16.0, 977.0, 677.0]
[112.0, 0.0, 994.0, 662.0]
[32.0, 0.0, 915.0, 662.0]
[48.0, 0.0, 932.0, 663.0]
[16.0, 16.0, 901.0, 680.0]
[96.0, 0.0, 982.0, 664.0]
[0.0, 0.0, 887.0, 665.0]
[32.0, 0.0, 920.0, 666.0]
[48.0, 0.0, 937.0, 667.0]
[80.0, 0.0, 970.0, 668.0]
[64.0, 0.0, 955.0, 668.0]
[16.0, 0.0, 908.0, 669.0]
[48.0, 0.0, 941.0, 670.0]
[112.0, 0.0, 1006.0, 670.0]
[64.0, 0.0, 959.0, 671.0]
[112.0, 0.0, 1008.0, 672.0]
[32.0, 0.0, 929.0, 673.0]
[16.0, 0.0, 914.0, 674.0]
[112.0, 0.0, 1011.0, 674.0]
[0.0, 0.0, 900.0, 675.0]
[96.0, 0.0, 997.0, 676.0]
[112.0, 0.0, 1014.0, 676.0]
[32.0, 0.0, 935.0, 677.0]
[0.0, 0.0, 904.0, 678.0]
[80.0, 0.0, 985.0, 679.0]
[48.0, 0.0, 954.0, 680.0]
[96.0, 0.0, 1003.0, 680.0]
[64.0, 0.0, 972.0, 681.0]
[48.0, 0.0, 957.0, 682.0]
[16.0, 0.0, 926.0, 682.0]
[112.0, 0.0, 1023.0, 683.0]
