[192.0, 80.0, 909.0, 618.0]
[160.0, 80.0, 878.0, 618.0]
[64.0, 96.0, 783.0, 635.0]
[272.0, 112.0, 992.0, 652.0]
[128.0, 112.0, 849.0, 653.0]
[128.0, 96.0, 850.0, 638.0]
[240.0, 112.0, 963.0, 654.0]
[256.0, 80.0, 980.0, 623.0]
[96.0, 112.0, 821.0, 656.0]
[32.0, 96.0, 758.0, 640.0]
[128.0, 80.0, 855.0, 625.0]
[176.0, 96.0, 904.0, 642.0]
[96.0, 96.0, 825.0, 643.0]
[48.0, 80.0, 778.0, 628.0]
[208.0, 80.0, 939.0, 628.0]
[80.0, 96.0, 812.0, 645.0]
[64.0, 64.0, 797.0, 614.0]
[48.0, 128.0, 782.0, 678.0]
[32.0, 96.0, 767.0, 647.0]
[208.0, 80.0, 944.0, 632.0]
[208.0, 128.0, 945.0, 681.0]
[240.0, 112.0, 978.0, 666.0]
[160.0, 96.0, 899.0, 650.0]
[96.0, 96.0, 836.0, 651.0]
[176.0, 80.0, 917.0, 636.0]
[16.0, 96.0, 758.0, 652.0]
[64.0, 80.0, 807.0, 637.0]
[256.0, 96.0, 1000.0, 654.0]
[32.0, 112.0, 777.0, 671.0]
[160.0, 80.0, 906.0, 640.0]
[144.0, 96.0, 891.0, 656.0]
[64.0, 64.0, 812.0, 625.0]
[240.0, 112.0, 989.0, 674.0]
[272.0, 80.0, 1022.0, 642.0]
[112.0, 64.0, 863.0, 627.0]
[128.0, 80.0, 880.0, 644.0]
[32.0, 96.0, 785.0, 661.0]
[32.0, 64.0, 786.0, 630.0]
[32.0, 112.0, 787.0, 678.0]
[160.0, 80.0, 916.0, 647.0]
[192.0, 80.0, 949.0, 648.0]
[80.0, 48.0, 838.0, 616.0]
[0.0, 96.0, 759.0, 665.0]
[176.0, 112.0, 936.0, 682.0]
[208.0, 64.0, 969.0, 635.0]
[208.0, 48.0, 970.0, 620.0]
[160.0, 80.0, 923.0, 652.0]
[80.0, 96.0, 844.0, 669.0]
[192.0, 64.0, 957.0, 638.0]
[64.0, 64.0, 830.0, 638.0]
[64.0, 48.0, 831.0, 623.0]
[16.0, 96.0, 784.0, 672.0]
[144.0, 32.0, 913.0, 609.0]
[32.0, 80.0, 802.0, 658.0]
[128.0, 80.0, 899.0, 658.0]
[208.0, 32.0, 980.0, 611.0]
[176.0, 80.0, 949.0, 660.0]
[160.0, 48.0, 934.0, 628.0]
[208.0, 64.0, 983.0, 645.0]
[48.0, 96.0, 824.0, 678.0]
[112.0, 80.0, 889.0, 663.0]
[64.0, 96.0, 842.0, 680.0]
[192.0, 32.0, 971.0, 616.0]
[64.0, 64.0, 844.0, 649.0]
[224.0, 64.0, 1005.0, 650.0]
[0.0, 96.0, 782.0, 682.0]
[32.0, 48.0, 815.0, 635.0]
[240.0, 64.0, 1024.0, 652.0]
[112.0, 80.0, 897.0, 669.0]
[16.0, 64.0, 802.0, 654.0]
[176.0, 48.0, 963.0, 638.0]
[224.0, 48.0, 1012.0, 639.0]
[144.0, 48.0, 933.0, 640.0]
[64.0, 48.0, 854.0, 640.0]
[96.0, 16.0, 887.0, 609.0]
[112.0, 80.0, 904.0, 674.0]
[0.0, 80.0, 793.0, 675.0]
[64.0, 64.0, 858.0, 660.0]
[224.0, 48.0, 1019.0, 644.0]
[16.0, 64.0, 812.0, 661.0]
[96.0, 80.0, 893.0, 678.0]
[64.0, 32.0, 862.0, 630.0]
[16.0, 80.0, 815.0, 679.0]
[176.0, 32.0, 976.0, 632.0]
[208.0, 80.0, 1009.0, 681.0]
[80.0, 32.0, 882.0, 634.0]
[80.0, 64.0, 883.0, 666.0]
[80.0, 64.0, 884.0, 667.0]
[80.0, 32.0, 885.0, 636.0]
[80.0, 32.0, 886.0, 636.0]
[80.0, 48.0, 887.0, 653.0]
[16.0, 64.0, 824.0, 670.0]
[160.0, 16.0, 969.0, 623.0]
[144.0, 32.0, 954.0, 640.0]
[128.0, 48.0, 939.0, 656.0]
[208.0, 48.0, 1020.0, 657.0]
[0.0, 48.0, 813.0, 658.0]
[112.0, 64.0, 926.0, 674.0]
[64.0, 16.0, 879.0, 627.0]
[192.0, 32.0, 1008.0, 644.0]
[128.0, 16.0, 945.0, 629.0]
[64.0, 64.0, 882.0, 678.0]
[128.0, 32.0, 947.0, 646.0]
[0.0, 64.0, 820.0, 679.0]
[48.0, 32.0, 869.0, 648.0]
[160.0, 64.0, 982.0, 680.0]
[32.0, 32.0, 855.0, 649.0]
[48.0, 48.0, 872.0, 666.0]
[64.0, 32.0, 889.0, 651.0]
[112.0, 0.0, 938.0, 620.0]
[96.0, 0.0, 923.0, 620.0]
[192.0, 48.0, 1020.0, 669.0]
[192.0, 16.0, 1021.0, 638.0]
[128.0, 32.0, 958.0, 654.0]
[96.0, 16.0, 927.0, 639.0]
[16.0, 32.0, 848.0, 656.0]
[80.0, 48.0, 913.0, 673.0]
[32.0, 0.0, 866.0, 626.0]
[176.0, 16.0, 1011.0, 642.0]
[144.0, 32.0, 980.0, 659.0]
[144.0, 0.0, 981.0, 628.0]
[48.0, 32.0, 886.0, 660.0]
[144.0, 0.0, 983.0, 629.0]
[128.0, 32.0, 968.0, 662.0]
[32.0, 16.0, 873.0, 647.0]
[128.0, 0.0, 970.0, 632.0]
[80.0, 0.0, 923.0, 632.0]
[0.0, 16.0, 844.0, 649.0]
[0.0, 32.0, 845.0, 666.0]
[112.0, 32.0, 958.0, 666.0]
[80.0, 48.0, 927.0, 683.0]
[80.0, 16.0, 928.0, 652.0]
[16.0, 32.0, 865.0, 669.0]
[0.0, 16.0, 850.0, 654.0]
[48.0, 0.0, 899.0, 638.0]
[32.0, 16.0, 884.0, 655.0]
[80.0, 0.0, 933.0, 640.0]
[16.0, 16.0, 870.0, 656.0]
[0.0, 0.0, 855.0, 641.0]
[128.0, 0.0, 984.0, 642.0]
[112.0, 32.0, 969.0, 675.0]
[48.0, 16.0, 906.0, 660.0]
[112.0, 0.0, 971.0, 644.0]
[96.0, 16.0, 956.0, 661.0]
[48.0, 32.0, 909.0, 678.0]
[64.0, 0.0, 926.0, 646.0]
[128.0, 32.0, 991.0, 679.0]
[0.0, 0.0, 864.0, 648.0]
[32.0, 16.0, 897.0, 665.0]
[32.0, 16.0, 898.0, 666.0]
[128.0, 32.0, 995.0, 682.0]
[16.0, 0.0, 884.0, 651.0]
[64.0, 16.0, 933.0, 668.0]
[16.0, 16.0, 886.0, 668.0]
[144.0, 0.0, 1015.0, 653.0]
[0.0, 16.0, 872.0, 670.0]
[32.0, 0.0, 905.0, 655.0]
[64.0, 0.0, 938.0, 656.0]
[16.0, 16.0, 891.0, 672.0]
[112.0, 0.0, 988.0, 657.0]
[48.0, 0.0, 925.0, 658.0]
[96.0, 0.0, 974.0, 658.0]
[80.0, 16.0, 959.0, 675.0]
[64.0, 0.0, 944.0, 660.0]
[128.0, 16.0, 1009.0, 677.0]
[112.0, 16.0, 994.0, 678.0]
[128.0, 16.0, 1011.0, 678.0]
[96.0, 0.0, 980.0, 663.0]
[16.0, 0.0, 901.0, 664.0]
[96.0, 16.0, 982.0, 680.0]
[48.0, 0.0, 935.0, 665.0]
[128.0, 16.0, 1016.0, 682.0]
[64.0, 0.0, 953.0, 667.0]
[32.0, 0.0, 922.0, 668.0]
[112.0, 0.0, 1003.0, 668.0]
[112.0, 0.0, 1004.0, 669.0]
[128.0, 0.0, 1021.0, 670.0]
[16.0, 0.0, 910.0, 670.0]
[112.0, 0.0, 1007.0, 671.0]
[128.0, 0.0, 1024.0, 672.0]
[32.0, 0.0, 929.0, 673.0]
[0.0, 0.0, 898.0, 674.0]
[16.0, 0.0, 915.0, 674.0]
[80.0, 0.0, 980.0, 675.0]
[80.0, 0.0, 981.0, 676.0]
[80.0, 0.0, 982.0, 676.0]
[112.0, 0.0, 1015.0, 677.0]
[16.0, 0.0, 920.0, 678.0]
[80.0, 0.0, 985.0, 679.0]
[0.0, 0.0, 906.0, 680.0]
[48.0, 0.0, 955.0, 680.0]
[96.0, 0.0, 1004.0, 681.0]
[48.0, 0.0, 957.0, 682.0]
[48.0, 0.0, 958.0, 682.0]
[64.0, 0.0, 975.0, 683.0]
