[32.0, 160.0, 570.0, 877.0]
[112.0, 112.0, 650.0, 830.0]
[32.0, 128.0, 571.0, 847.0]
[80.0, 160.0, 620.0, 880.0]
[112.0, 192.0, 653.0, 913.0]
[96.0, 144.0, 638.0, 866.0]
[64.0, 112.0, 606.0, 835.0]
[64.0, 144.0, 607.0, 868.0]
[64.0, 160.0, 608.0, 885.0]
[96.0, 192.0, 640.0, 918.0]
[48.0, 192.0, 593.0, 919.0]
[32.0, 160.0, 578.0, 888.0]
[48.0, 176.0, 595.0, 905.0]
[48.0, 160.0, 596.0, 890.0]
[32.0, 192.0, 580.0, 923.0]
[48.0, 32.0, 597.0, 764.0]
[96.0, 112.0, 646.0, 845.0]
[112.0, 32.0, 662.0, 766.0]
[80.0, 48.0, 631.0, 783.0]
[32.0, 16.0, 584.0, 752.0]
[96.0, 96.0, 649.0, 833.0]
[80.0, 16.0, 634.0, 754.0]
[80.0, 32.0, 634.0, 771.0]
[48.0, 128.0, 603.0, 868.0]
[48.0, 16.0, 604.0, 757.0]
[96.0, 176.0, 652.0, 918.0]
[96.0, 96.0, 653.0, 839.0]
[64.0, 64.0, 622.0, 808.0]
[16.0, 160.0, 575.0, 905.0]
[48.0, 112.0, 608.0, 858.0]
[64.0, 176.0, 624.0, 923.0]
[112.0, 112.0, 673.0, 860.0]
[16.0, 160.0, 578.0, 909.0]
[48.0, 160.0, 610.0, 910.0]
[48.0, 64.0, 611.0, 815.0]
[96.0, 48.0, 660.0, 800.0]
[32.0, 16.0, 597.0, 769.0]
[0.0, 64.0, 566.0, 818.0]
[80.0, 0.0, 646.0, 755.0]
[48.0, 128.0, 615.0, 884.0]
[64.0, 96.0, 632.0, 853.0]
[64.0, 0.0, 632.0, 758.0]
[112.0, 64.0, 681.0, 823.0]
[0.0, 32.0, 570.0, 792.0]
[16.0, 176.0, 587.0, 937.0]
[80.0, 80.0, 652.0, 842.0]
[16.0, 0.0, 588.0, 763.0]
[0.0, 112.0, 573.0, 876.0]
[32.0, 48.0, 606.0, 813.0]
[32.0, 128.0, 606.0, 894.0]
[80.0, 176.0, 655.0, 943.0]
[64.0, 160.0, 640.0, 928.0]
[32.0, 16.0, 609.0, 785.0]
[48.0, 96.0, 626.0, 866.0]
[80.0, 160.0, 658.0, 931.0]
[0.0, 112.0, 579.0, 884.0]
[16.0, 160.0, 596.0, 933.0]
[16.0, 112.0, 596.0, 886.0]
[32.0, 0.0, 613.0, 775.0]
[64.0, 112.0, 646.0, 888.0]
[48.0, 80.0, 631.0, 857.0]
[16.0, 16.0, 600.0, 794.0]
[64.0, 176.0, 648.0, 955.0]
[0.0, 144.0, 585.0, 924.0]
[32.0, 160.0, 618.0, 941.0]
[0.0, 64.0, 586.0, 846.0]
[32.0, 160.0, 619.0, 943.0]
[16.0, 96.0, 604.0, 880.0]
[64.0, 64.0, 653.0, 849.0]
[16.0, 160.0, 606.0, 946.0]
[80.0, 176.0, 670.0, 963.0]
[0.0, 112.0, 591.0, 900.0]
[48.0, 16.0, 640.0, 805.0]
[32.0, 64.0, 624.0, 854.0]
[0.0, 32.0, 593.0, 823.0]
[32.0, 0.0, 626.0, 792.0]
[48.0, 0.0, 643.0, 793.0]
[16.0, 112.0, 612.0, 906.0]
[48.0, 64.0, 644.0, 859.0]
[16.0, 80.0, 613.0, 876.0]
[0.0, 16.0, 598.0, 813.0]
[16.0, 176.0, 614.0, 974.0]
[64.0, 64.0, 663.0, 863.0]
[64.0, 0.0, 664.0, 800.0]
[0.0, 0.0, 601.0, 801.0]
[64.0, 0.0, 666.0, 802.0]
[64.0, 112.0, 666.0, 915.0]
[64.0, 64.0, 667.0, 868.0]
[16.0, 128.0, 620.0, 933.0]
[32.0, 128.0, 636.0, 934.0]
[16.0, 128.0, 621.0, 935.0]
[0.0, 80.0, 606.0, 888.0]
[0.0, 48.0, 607.0, 857.0]
[48.0, 48.0, 656.0, 858.0]
[32.0, 16.0, 640.0, 827.0]
[48.0, 144.0, 657.0, 956.0]
[32.0, 176.0, 642.0, 989.0]
[16.0, 64.0, 626.0, 878.0]
[32.0, 96.0, 643.0, 911.0]
[64.0, 64.0, 676.0, 880.0]
[48.0, 32.0, 661.0, 849.0]
[16.0, 48.0, 630.0, 866.0]
[32.0, 192.0, 646.0, 1011.0]
[64.0, 48.0, 679.0, 868.0]
[0.0, 128.0, 616.0, 949.0]
[32.0, 32.0, 648.0, 854.0]
[32.0, 32.0, 649.0, 855.0]
[0.0, 48.0, 618.0, 872.0]
[0.0, 96.0, 619.0, 921.0]
[0.0, 144.0, 620.0, 970.0]
[0.0, 128.0, 620.0, 955.0]
[48.0, 160.0, 669.0, 988.0]
[48.0, 96.0, 670.0, 925.0]
[32.0, 48.0, 654.0, 878.0]
[16.0, 112.0, 639.0, 943.0]
[48.0, 64.0, 672.0, 896.0]
[32.0, 80.0, 657.0, 913.0]
[16.0, 112.0, 642.0, 946.0]
[48.0, 96.0, 674.0, 931.0]
[48.0, 160.0, 675.0, 996.0]
[32.0, 80.0, 660.0, 917.0]
[16.0, 64.0, 644.0, 902.0]
[0.0, 0.0, 629.0, 839.0]
[32.0, 128.0, 662.0, 968.0]
[0.0, 0.0, 631.0, 841.0]
[16.0, 144.0, 648.0, 986.0]
[32.0, 48.0, 664.0, 891.0]
[48.0, 64.0, 681.0, 908.0]
[48.0, 112.0, 682.0, 957.0]
[48.0, 144.0, 682.0, 990.0]
[48.0, 80.0, 683.0, 927.0]
[0.0, 48.0, 636.0, 896.0]
[0.0, 112.0, 637.0, 961.0]
[16.0, 32.0, 654.0, 882.0]
[0.0, 128.0, 638.0, 979.0]
[0.0, 0.0, 639.0, 852.0]
[0.0, 16.0, 640.0, 869.0]
[32.0, 32.0, 672.0, 886.0]
[16.0, 144.0, 657.0, 999.0]
[32.0, 128.0, 674.0, 984.0]
[32.0, 0.0, 675.0, 857.0]
[16.0, 160.0, 660.0, 1018.0]
[0.0, 160.0, 644.0, 1019.0]
[0.0, 48.0, 645.0, 908.0]
[0.0, 32.0, 646.0, 893.0]
[0.0, 112.0, 646.0, 974.0]
[16.0, 80.0, 663.0, 943.0]
[0.0, 0.0, 648.0, 864.0]
[32.0, 48.0, 681.0, 913.0]
[16.0, 112.0, 666.0, 978.0]
[16.0, 16.0, 666.0, 883.0]
[16.0, 112.0, 667.0, 980.0]
[0.0, 0.0, 652.0, 869.0]
[32.0, 48.0, 684.0, 918.0]
[16.0, 16.0, 669.0, 887.0]
[16.0, 48.0, 670.0, 920.0]
[0.0, 32.0, 655.0, 905.0]
[16.0, 112.0, 672.0, 986.0]
[0.0, 80.0, 656.0, 955.0]
[16.0, 16.0, 673.0, 892.0]
[16.0, 48.0, 674.0, 925.0]
[0.0, 0.0, 658.0, 878.0]
[16.0, 48.0, 675.0, 927.0]
[0.0, 0.0, 660.0, 880.0]
[16.0, 112.0, 677.0, 993.0]
[16.0, 0.0, 678.0, 882.0]
[16.0, 64.0, 678.0, 947.0]
[0.0, 64.0, 663.0, 948.0]
[0.0, 64.0, 664.0, 949.0]
[16.0, 80.0, 680.0, 966.0]
[0.0, 48.0, 665.0, 935.0]
[0.0, 64.0, 666.0, 952.0]
[0.0, 96.0, 667.0, 985.0]
[16.0, 32.0, 684.0, 922.0]
[0.0, 64.0, 668.0, 955.0]
[0.0, 16.0, 669.0, 908.0]
[0.0, 112.0, 670.0, 1005.0]
[0.0, 64.0, 670.0, 958.0]
[0.0, 48.0, 671.0, 943.0]
[0.0, 96.0, 672.0, 992.0]
[0.0, 64.0, 673.0, 961.0]
[0.0, 0.0, 674.0, 898.0]
[0.0, 48.0, 674.0, 947.0]
[0.0, 64.0, 675.0, 964.0]
[0.0, 16.0, 676.0, 917.0]
[0.0, 0.0, 676.0, 902.0]
[0.0, 0.0, 677.0, 903.0]
[0.0, 48.0, 678.0, 952.0]
[0.0, 32.0, 679.0, 937.0]
[0.0, 32.0, 680.0, 938.0]
[0.0, 80.0, 680.0, 987.0]
[0.0, 32.0, 681.0, 940.0]
[0.0, 32.0, 682.0, 941.0]
[0.0, 96.0, 682.0, 1006.0]
[0.0, 80.0, 683.0, 991.0]
[0.0, 16.0, 684.0, 928.0]
