[48.0, 240.0, 765.0, 778.0]
[48.0, 352.0, 766.0, 890.0]
[32.0, 208.0, 751.0, 747.0]
[96.0, 320.0, 816.0, 860.0]
[80.0, 304.0, 801.0, 845.0]
[64.0, 208.0, 786.0, 750.0]
[64.0, 208.0, 787.0, 750.0]
[96.0, 224.0, 820.0, 767.0]
[64.0, 240.0, 789.0, 784.0]
[48.0, 336.0, 774.0, 880.0]
[16.0, 288.0, 743.0, 833.0]
[48.0, 352.0, 776.0, 898.0]
[96.0, 336.0, 825.0, 883.0]
[64.0, 240.0, 794.0, 788.0]
[32.0, 240.0, 763.0, 788.0]
[80.0, 304.0, 812.0, 853.0]
[48.0, 272.0, 781.0, 822.0]
[32.0, 320.0, 766.0, 870.0]
[80.0, 352.0, 815.0, 903.0]
[48.0, 336.0, 784.0, 888.0]
[64.0, 208.0, 801.0, 761.0]
[0.0, 304.0, 738.0, 858.0]
[0.0, 288.0, 739.0, 842.0]
[0.0, 224.0, 740.0, 779.0]
[48.0, 352.0, 789.0, 908.0]
[32.0, 368.0, 774.0, 924.0]
[48.0, 208.0, 791.0, 765.0]
[0.0, 304.0, 744.0, 862.0]
[64.0, 304.0, 809.0, 863.0]
[96.0, 336.0, 842.0, 896.0]
[32.0, 368.0, 779.0, 928.0]
[80.0, 208.0, 828.0, 769.0]
[80.0, 304.0, 829.0, 866.0]
[64.0, 336.0, 814.0, 898.0]
[96.0, 208.0, 847.0, 771.0]
[16.0, 352.0, 768.0, 916.0]
[64.0, 208.0, 817.0, 773.0]
[0.0, 256.0, 754.0, 822.0]
[48.0, 336.0, 803.0, 902.0]
[0.0, 336.0, 756.0, 903.0]
[96.0, 320.0, 853.0, 888.0]
[80.0, 208.0, 838.0, 776.0]
[80.0, 208.0, 839.0, 777.0]
[64.0, 336.0, 824.0, 906.0]
[0.0, 208.0, 761.0, 779.0]
[64.0, 176.0, 826.0, 748.0]
[16.0, 352.0, 779.0, 924.0]
[96.0, 304.0, 860.0, 877.0]
[112.0, 224.0, 877.0, 798.0]
[64.0, 224.0, 830.0, 798.0]
[48.0, 336.0, 815.0, 911.0]
[32.0, 256.0, 800.0, 832.0]
[112.0, 272.0, 881.0, 849.0]
[0.0, 320.0, 770.0, 898.0]
[16.0, 288.0, 787.0, 866.0]
[48.0, 176.0, 820.0, 755.0]
[64.0, 320.0, 837.0, 900.0]
[48.0, 240.0, 822.0, 820.0]
[64.0, 240.0, 839.0, 821.0]
[80.0, 288.0, 856.0, 870.0]
[16.0, 336.0, 793.0, 919.0]
[32.0, 192.0, 810.0, 776.0]
[32.0, 224.0, 811.0, 808.0]
[32.0, 320.0, 812.0, 905.0]
[112.0, 256.0, 893.0, 842.0]
[64.0, 240.0, 846.0, 826.0]
[80.0, 208.0, 863.0, 795.0]
[32.0, 256.0, 816.0, 844.0]
[48.0, 304.0, 833.0, 893.0]
[16.0, 304.0, 802.0, 894.0]
[64.0, 320.0, 851.0, 910.0]
[32.0, 272.0, 820.0, 863.0]
[16.0, 304.0, 805.0, 896.0]
[80.0, 336.0, 870.0, 928.0]
[32.0, 208.0, 823.0, 801.0]
[0.0, 288.0, 792.0, 882.0]
[16.0, 288.0, 809.0, 883.0]
[32.0, 304.0, 826.0, 900.0]
[0.0, 224.0, 795.0, 820.0]
[32.0, 256.0, 828.0, 853.0]
[32.0, 240.0, 829.0, 838.0]
[0.0, 320.0, 798.0, 918.0]
[96.0, 192.0, 895.0, 791.0]
[16.0, 192.0, 816.0, 792.0]
[80.0, 320.0, 881.0, 921.0]
[32.0, 192.0, 834.0, 794.0]
[48.0, 320.0, 851.0, 922.0]
[48.0, 288.0, 852.0, 891.0]
[0.0, 288.0, 805.0, 892.0]
[112.0, 224.0, 918.0, 828.0]
[96.0, 304.0, 903.0, 909.0]
[96.0, 288.0, 904.0, 894.0]
[0.0, 176.0, 809.0, 783.0]
[0.0, 208.0, 810.0, 816.0]
[0.0, 192.0, 811.0, 800.0]
[48.0, 288.0, 860.0, 897.0]
[48.0, 176.0, 861.0, 786.0]
[48.0, 240.0, 862.0, 850.0]
[80.0, 208.0, 895.0, 819.0]
[32.0, 192.0, 848.0, 804.0]
[0.0, 272.0, 817.0, 885.0]
[64.0, 304.0, 882.0, 918.0]
[64.0, 176.0, 883.0, 790.0]
[0.0, 160.0, 820.0, 775.0]
[32.0, 320.0, 853.0, 936.0]
[64.0, 240.0, 886.0, 856.0]
[64.0, 320.0, 887.0, 937.0]
[16.0, 208.0, 840.0, 826.0]
[0.0, 160.0, 825.0, 779.0]
[32.0, 320.0, 858.0, 940.0]
[96.0, 288.0, 923.0, 908.0]
[96.0, 224.0, 924.0, 845.0]
[32.0, 192.0, 861.0, 814.0]
[32.0, 192.0, 862.0, 814.0]
[48.0, 240.0, 879.0, 863.0]
[16.0, 160.0, 848.0, 784.0]
[0.0, 224.0, 833.0, 849.0]
[64.0, 224.0, 898.0, 850.0]
[96.0, 240.0, 931.0, 866.0]
[0.0, 160.0, 836.0, 787.0]
[32.0, 320.0, 869.0, 948.0]
[112.0, 224.0, 950.0, 852.0]
[96.0, 192.0, 935.0, 821.0]
[48.0, 240.0, 888.0, 870.0]
[32.0, 224.0, 873.0, 855.0]
[0.0, 256.0, 842.0, 888.0]
[80.0, 256.0, 923.0, 888.0]
[48.0, 288.0, 892.0, 921.0]
[16.0, 256.0, 861.0, 890.0]
[16.0, 272.0, 862.0, 906.0]
[48.0, 304.0, 895.0, 939.0]
[96.0, 240.0, 944.0, 876.0]
[0.0, 256.0, 849.0, 893.0]
[48.0, 320.0, 898.0, 958.0]
[0.0, 160.0, 851.0, 798.0]
[48.0, 272.0, 900.0, 911.0]
[32.0, 176.0, 885.0, 816.0]
[16.0, 272.0, 870.0, 912.0]
[0.0, 240.0, 855.0, 881.0]
[48.0, 176.0, 904.0, 818.0]
[16.0, 272.0, 873.0, 915.0]
[16.0, 304.0, 874.0, 948.0]
[80.0, 240.0, 939.0, 884.0]
[80.0, 192.0, 940.0, 837.0]
[112.0, 208.0, 973.0, 854.0]
[112.0, 256.0, 974.0, 902.0]
[32.0, 240.0, 895.0, 887.0]
[0.0, 272.0, 864.0, 920.0]
[64.0, 192.0, 929.0, 841.0]
[112.0, 240.0, 978.0, 890.0]
[96.0, 192.0, 963.0, 842.0]
[0.0, 160.0, 868.0, 811.0]
[80.0, 240.0, 949.0, 892.0]
[64.0, 208.0, 934.0, 860.0]
[80.0, 192.0, 951.0, 845.0]
[16.0, 304.0, 888.0, 958.0]
[64.0, 256.0, 937.0, 911.0]
[32.0, 288.0, 906.0, 944.0]
[16.0, 176.0, 891.0, 832.0]
[48.0, 288.0, 924.0, 945.0]
[80.0, 192.0, 957.0, 850.0]
[32.0, 256.0, 910.0, 914.0]
[0.0, 272.0, 879.0, 931.0]
[16.0, 160.0, 896.0, 820.0]
[48.0, 272.0, 929.0, 933.0]
[0.0, 160.0, 882.0, 822.0]
[64.0, 192.0, 947.0, 854.0]
[0.0, 288.0, 884.0, 951.0]
[48.0, 160.0, 933.0, 824.0]
[16.0, 224.0, 902.0, 888.0]
[16.0, 224.0, 903.0, 889.0]
[64.0, 256.0, 952.0, 922.0]
[32.0, 256.0, 921.0, 923.0]
[32.0, 272.0, 922.0, 940.0]
[32.0, 192.0, 923.0, 860.0]
[112.0, 208.0, 1004.0, 877.0]
[0.0, 224.0, 893.0, 894.0]
[32.0, 160.0, 926.0, 830.0]
[112.0, 208.0, 1007.0, 879.0]
[16.0, 224.0, 912.0, 896.0]
[16.0, 160.0, 913.0, 833.0]
[32.0, 240.0, 930.0, 914.0]
[0.0, 208.0, 899.0, 882.0]
[48.0, 192.0, 948.0, 867.0]
[32.0, 240.0, 933.0, 916.0]
[48.0, 224.0, 950.0, 900.0]
[64.0, 224.0, 967.0, 901.0]
[16.0, 208.0, 920.0, 886.0]
[0.0, 272.0, 905.0, 951.0]
[0.0, 208.0, 906.0, 888.0]
[80.0, 192.0, 987.0, 872.0]
[16.0, 192.0, 924.0, 873.0]
[0.0, 240.0, 909.0, 922.0]
[96.0, 208.0, 1006.0, 890.0]
[48.0, 240.0, 959.0, 923.0]
[0.0, 224.0, 912.0, 908.0]
[32.0, 224.0, 945.0, 909.0]
[64.0, 240.0, 978.0, 926.0]
[0.0, 272.0, 915.0, 958.0]
[0.0, 240.0, 916.0, 927.0]
[16.0, 192.0, 933.0, 880.0]
[64.0, 240.0, 982.0, 928.0]
[16.0, 256.0, 935.0, 945.0]
[32.0, 208.0, 952.0, 898.0]
[96.0, 208.0, 1017.0, 899.0]
[96.0, 192.0, 1018.0, 884.0]
[0.0, 272.0, 923.0, 964.0]
[48.0, 176.0, 972.0, 869.0]
[0.0, 256.0, 925.0, 950.0]
[0.0, 176.0, 926.0, 870.0]
[64.0, 240.0, 991.0, 935.0]
[48.0, 160.0, 976.0, 856.0]
[64.0, 240.0, 993.0, 937.0]
[16.0, 256.0, 946.0, 954.0]
[0.0, 256.0, 931.0, 954.0]
[0.0, 192.0, 932.0, 891.0]
[80.0, 192.0, 1013.0, 892.0]
[64.0, 176.0, 998.0, 876.0]
[32.0, 224.0, 967.0, 925.0]
[0.0, 160.0, 936.0, 862.0]
[48.0, 176.0, 985.0, 879.0]
[64.0, 224.0, 1002.0, 928.0]
[64.0, 240.0, 1003.0, 944.0]
[32.0, 176.0, 972.0, 881.0]
[48.0, 240.0, 989.0, 946.0]
[32.0, 240.0, 974.0, 946.0]
[64.0, 192.0, 1007.0, 899.0]
[32.0, 256.0, 976.0, 964.0]
[0.0, 208.0, 945.0, 917.0]
[64.0, 224.0, 1010.0, 934.0]
[32.0, 160.0, 979.0, 870.0]
[64.0, 192.0, 1012.0, 903.0]
[64.0, 224.0, 1013.0, 936.0]
[0.0, 160.0, 950.0, 872.0]
[0.0, 192.0, 951.0, 905.0]
[32.0, 240.0, 984.0, 954.0]
[48.0, 224.0, 1001.0, 939.0]
[48.0, 160.0, 1002.0, 876.0]
[0.0, 176.0, 955.0, 892.0]
[48.0, 224.0, 1004.0, 941.0]
[48.0, 240.0, 1005.0, 958.0]
[64.0, 208.0, 1022.0, 926.0]
[48.0, 208.0, 1007.0, 927.0]
[48.0, 160.0, 1008.0, 880.0]
[16.0, 160.0, 977.0, 881.0]
[0.0, 192.0, 962.0, 914.0]
[32.0, 192.0, 995.0, 914.0]
[16.0, 224.0, 980.0, 947.0]
[32.0, 176.0, 997.0, 900.0]
[48.0, 160.0, 1014.0, 884.0]
[16.0, 192.0, 983.0, 917.0]
[48.0, 224.0, 1016.0, 950.0]
[0.0, 160.0, 969.0, 887.0]
[16.0, 224.0, 986.0, 952.0]
[32.0, 176.0, 1003.0, 904.0]
[0.0, 208.0, 972.0, 937.0]
[32.0, 208.0, 1005.0, 938.0]
[48.0, 192.0, 1022.0, 922.0]
[16.0, 224.0, 991.0, 955.0]
[0.0, 208.0, 976.0, 940.0]
[16.0, 176.0, 993.0, 909.0]
[32.0, 192.0, 1010.0, 926.0]
[32.0, 192.0, 1011.0, 926.0]
[16.0, 224.0, 996.0, 959.0]
[0.0, 224.0, 981.0, 960.0]
[0.0, 224.0, 982.0, 960.0]
[32.0, 160.0, 1015.0, 897.0]
[32.0, 224.0, 1016.0, 962.0]
[0.0, 224.0, 985.0, 963.0]
[16.0, 160.0, 1002.0, 900.0]
[16.0, 176.0, 1003.0, 916.0]
[32.0, 208.0, 1020.0, 949.0]
[16.0, 160.0, 1005.0, 902.0]
[32.0, 160.0, 1022.0, 902.0]
[0.0, 208.0, 991.0, 951.0]
[16.0, 192.0, 1008.0, 936.0]
[0.0, 192.0, 993.0, 937.0]
[16.0, 160.0, 1010.0, 906.0]
[16.0, 160.0, 1011.0, 906.0]
[0.0, 160.0, 996.0, 907.0]
[0.0, 208.0, 997.0, 956.0]
[16.0, 208.0, 1014.0, 956.0]
[0.0, 192.0, 999.0, 941.0]
