[192.0, 32.0, 909.0, 570.0]
[192.0, 32.0, 910.0, 570.0]
[144.0, 32.0, 863.0, 571.0]
[256.0, 32.0, 976.0, 572.0]
[160.0, 16.0, 881.0, 557.0]
[176.0, 16.0, 898.0, 558.0]
[208.0, 16.0, 931.0, 558.0]
[144.0, 0.0, 868.0, 543.0]
[224.0, 16.0, 949.0, 560.0]
[160.0, 0.0, 886.0, 544.0]
[128.0, 16.0, 855.0, 561.0]
[256.0, 0.0, 984.0, 546.0]
[224.0, 16.0, 953.0, 563.0]
[176.0, 0.0, 906.0, 548.0]
[208.0, 16.0, 939.0, 564.0]
[256.0, 16.0, 988.0, 565.0]
[176.0, 0.0, 909.0, 550.0]
[176.0, 16.0, 910.0, 566.0]
[208.0, 16.0, 943.0, 567.0]
[208.0, 32.0, 944.0, 584.0]
[176.0, 0.0, 913.0, 553.0]
[160.0, 32.0, 898.0, 586.0]
[112.0, 0.0, 851.0, 554.0]
[224.0, 16.0, 964.0, 571.0]
[160.0, 16.0, 901.0, 572.0]
[160.0, 32.0, 902.0, 588.0]
[224.0, 0.0, 967.0, 557.0]
[192.0, 16.0, 936.0, 574.0]
[144.0, 32.0, 889.0, 591.0]
[208.0, 0.0, 954.0, 560.0]
[160.0, 0.0, 907.0, 560.0]
[224.0, 16.0, 972.0, 577.0]
[160.0, 0.0, 909.0, 562.0]
[112.0, 16.0, 862.0, 578.0]
[176.0, 16.0, 927.0, 579.0]
[208.0, 32.0, 960.0, 596.0]
[176.0, 16.0, 929.0, 581.0]
[160.0, 0.0, 914.0, 566.0]
[160.0, 32.0, 915.0, 598.0]
[112.0, 0.0, 868.0, 567.0]
[208.0, 0.0, 965.0, 568.0]
[160.0, 32.0, 918.0, 600.0]
[192.0, 32.0, 951.0, 601.0]
[144.0, 0.0, 904.0, 570.0]
[192.0, 0.0, 953.0, 571.0]
[144.0, 16.0, 906.0, 588.0]
[144.0, 16.0, 907.0, 588.0]
[128.0, 0.0, 892.0, 573.0]
[208.0, 32.0, 973.0, 606.0]
[144.0, 0.0, 910.0, 574.0]
[128.0, 32.0, 895.0, 607.0]
[160.0, 16.0, 928.0, 592.0]
[112.0, 0.0, 881.0, 577.0]
[176.0, 16.0, 946.0, 594.0]
[144.0, 16.0, 915.0, 594.0]
[144.0, 32.0, 916.0, 611.0]
[128.0, 16.0, 901.0, 596.0]
[192.0, 16.0, 966.0, 596.0]
[128.0, 32.0, 903.0, 613.0]
[144.0, 16.0, 920.0, 598.0]
[144.0, 0.0, 921.0, 583.0]
[128.0, 16.0, 906.0, 600.0]
[144.0, 16.0, 923.0, 600.0]
[176.0, 32.0, 956.0, 617.0]
[160.0, 16.0, 941.0, 602.0]
[128.0, 32.0, 910.0, 618.0]
[192.0, 32.0, 975.0, 619.0]
[208.0, 16.0, 992.0, 604.0]
[144.0, 32.0, 929.0, 621.0]
[128.0, 0.0, 914.0, 590.0]
[208.0, 16.0, 995.0, 606.0]
[208.0, 16.0, 996.0, 607.0]
[128.0, 16.0, 917.0, 608.0]
[144.0, 0.0, 934.0, 592.0]
[176.0, 0.0, 967.0, 593.0]
[160.0, 16.0, 952.0, 610.0]
[176.0, 32.0, 969.0, 627.0]
[144.0, 32.0, 938.0, 628.0]
[160.0, 0.0, 955.0, 596.0]
[144.0, 0.0, 940.0, 597.0]
[176.0, 32.0, 973.0, 630.0]
[192.0, 0.0, 990.0, 598.0]
[176.0, 0.0, 975.0, 599.0]
[144.0, 0.0, 944.0, 600.0]
[160.0, 32.0, 961.0, 633.0]
[144.0, 32.0, 946.0, 634.0]
[176.0, 16.0, 979.0, 618.0]
[160.0, 0.0, 964.0, 603.0]
[128.0, 16.0, 933.0, 620.0]
[128.0, 0.0, 934.0, 604.0]
[128.0, 0.0, 935.0, 605.0]
[176.0, 32.0, 984.0, 638.0]
[176.0, 32.0, 985.0, 639.0]
[128.0, 32.0, 938.0, 640.0]
[144.0, 0.0, 955.0, 608.0]
[176.0, 16.0, 988.0, 625.0]
[176.0, 16.0, 989.0, 626.0]
[160.0, 0.0, 974.0, 610.0]
[128.0, 0.0, 943.0, 611.0]
[128.0, 32.0, 944.0, 644.0]
[144.0, 32.0, 961.0, 645.0]
[160.0, 32.0, 978.0, 646.0]
[160.0, 16.0, 979.0, 630.0]
[144.0, 0.0, 964.0, 615.0]
[144.0, 32.0, 965.0, 648.0]
[160.0, 0.0, 982.0, 616.0]
[144.0, 32.0, 967.0, 649.0]
[160.0, 0.0, 984.0, 618.0]
[144.0, 32.0, 969.0, 651.0]
[128.0, 16.0, 954.0, 636.0]
[128.0, 16.0, 955.0, 636.0]
[128.0, 0.0, 956.0, 621.0]
[144.0, 32.0, 973.0, 654.0]
[144.0, 16.0, 974.0, 638.0]
[144.0, 32.0, 975.0, 655.0]
[128.0, 0.0, 960.0, 624.0]
[144.0, 32.0, 977.0, 657.0]
[144.0, 0.0, 978.0, 626.0]
[128.0, 16.0, 963.0, 642.0]
[144.0, 16.0, 980.0, 643.0]
[144.0, 32.0, 981.0, 660.0]
[144.0, 32.0, 982.0, 660.0]
[144.0, 16.0, 983.0, 645.0]
[144.0, 16.0, 984.0, 646.0]
[144.0, 16.0, 985.0, 647.0]
[144.0, 16.0, 986.0, 648.0]
[128.0, 16.0, 971.0, 648.0]
[128.0, 32.0, 972.0, 665.0]
[128.0, 0.0, 973.0, 634.0]
[144.0, 0.0, 990.0, 634.0]
[128.0, 32.0, 975.0, 667.0]
[128.0, 32.0, 976.0, 668.0]
[128.0, 0.0, 977.0, 637.0]
[128.0, 32.0, 978.0, 670.0]
[128.0, 32.0, 979.0, 670.0]
[128.0, 0.0, 980.0, 639.0]
[128.0, 32.0, 981.0, 672.0]
[128.0, 16.0, 982.0, 656.0]
[128.0, 0.0, 983.0, 641.0]
[128.0, 16.0, 984.0, 658.0]
[128.0, 0.0, 985.0, 643.0]
[128.0, 16.0, 986.0, 660.0]
[128.0, 0.0, 987.0, 644.0]
[128.0, 0.0, 988.0, 645.0]
