[288.0, 48.0, 1005.0, 586.0]
[240.0, 48.0, 958.0, 586.0]
[192.0, 64.0, 911.0, 603.0]
[208.0, 0.0, 928.0, 540.0]
[192.0, 64.0, 913.0, 605.0]
[288.0, 16.0, 1010.0, 558.0]
[208.0, 0.0, 931.0, 542.0]
[272.0, 32.0, 996.0, 575.0]
[208.0, 32.0, 933.0, 576.0]
[272.0, 96.0, 998.0, 640.0]
[208.0, 64.0, 935.0, 609.0]
[224.0, 32.0, 952.0, 578.0]
[176.0, 32.0, 905.0, 579.0]
[224.0, 48.0, 954.0, 596.0]
[208.0, 80.0, 939.0, 628.0]
[256.0, 96.0, 988.0, 645.0]
[272.0, 32.0, 1005.0, 582.0]
[208.0, 64.0, 942.0, 614.0]
[224.0, 80.0, 959.0, 631.0]
[176.0, 64.0, 912.0, 616.0]
[256.0, 16.0, 993.0, 569.0]
[176.0, 48.0, 914.0, 602.0]
[240.0, 0.0, 979.0, 554.0]
[192.0, 32.0, 932.0, 587.0]
[240.0, 96.0, 981.0, 652.0]
[272.0, 112.0, 1014.0, 668.0]
[224.0, 80.0, 967.0, 637.0]
[160.0, 32.0, 904.0, 590.0]
[224.0, 32.0, 969.0, 591.0]
[272.0, 0.0, 1018.0, 560.0]
[224.0, 80.0, 971.0, 640.0]
[160.0, 16.0, 908.0, 577.0]
[224.0, 80.0, 973.0, 642.0]
[240.0, 48.0, 990.0, 610.0]
[208.0, 32.0, 959.0, 595.0]
[272.0, 32.0, 1024.0, 596.0]
[224.0, 64.0, 977.0, 629.0]
[176.0, 48.0, 930.0, 614.0]
[160.0, 16.0, 915.0, 582.0]
[160.0, 16.0, 916.0, 583.0]
[192.0, 64.0, 949.0, 632.0]
[240.0, 32.0, 998.0, 600.0]
[256.0, 96.0, 1015.0, 665.0]
[192.0, 0.0, 952.0, 570.0]
[224.0, 0.0, 985.0, 571.0]
[176.0, 48.0, 938.0, 620.0]
[240.0, 48.0, 1003.0, 620.0]
[240.0, 48.0, 1004.0, 621.0]
[256.0, 16.0, 1021.0, 590.0]
[160.0, 16.0, 926.0, 590.0]
[240.0, 48.0, 1007.0, 623.0]
[224.0, 64.0, 992.0, 640.0]
[176.0, 64.0, 945.0, 641.0]
[160.0, 32.0, 930.0, 610.0]
[208.0, 16.0, 979.0, 594.0]
[160.0, 32.0, 932.0, 611.0]
[160.0, 48.0, 933.0, 628.0]
[192.0, 48.0, 966.0, 628.0]
[160.0, 48.0, 935.0, 629.0]
[176.0, 16.0, 952.0, 598.0]
[224.0, 0.0, 1001.0, 583.0]
[208.0, 64.0, 986.0, 648.0]
[160.0, 16.0, 939.0, 600.0]
[160.0, 16.0, 940.0, 601.0]
[192.0, 32.0, 973.0, 618.0]
[176.0, 16.0, 958.0, 602.0]
[192.0, 48.0, 975.0, 635.0]
[176.0, 0.0, 960.0, 588.0]
[160.0, 16.0, 945.0, 605.0]
[224.0, 0.0, 1010.0, 590.0]
[208.0, 32.0, 995.0, 622.0]
[160.0, 16.0, 948.0, 607.0]
[224.0, 0.0, 1013.0, 592.0]
[176.0, 48.0, 966.0, 640.0]
[160.0, 48.0, 951.0, 641.0]
[160.0, 32.0, 952.0, 626.0]
[208.0, 32.0, 1001.0, 627.0]
[192.0, 16.0, 986.0, 612.0]
[208.0, 16.0, 1003.0, 612.0]
[208.0, 16.0, 1004.0, 613.0]
[192.0, 48.0, 989.0, 646.0]
[144.0, 32.0, 942.0, 630.0]
[192.0, 16.0, 991.0, 615.0]
[192.0, 0.0, 992.0, 600.0]
[208.0, 32.0, 1009.0, 633.0]
[192.0, 32.0, 994.0, 634.0]
[176.0, 48.0, 979.0, 650.0]
[192.0, 48.0, 996.0, 651.0]
[192.0, 64.0, 997.0, 668.0]
[192.0, 32.0, 998.0, 636.0]
[176.0, 64.0, 983.0, 669.0]
[208.0, 32.0, 1016.0, 638.0]
[160.0, 0.0, 969.0, 607.0]
[176.0, 64.0, 986.0, 672.0]
[144.0, 16.0, 955.0, 624.0]
[208.0, 16.0, 1020.0, 625.0]
[192.0, 0.0, 1005.0, 610.0]
[208.0, 48.0, 1022.0, 658.0]
[208.0, 16.0, 1023.0, 627.0]
[208.0, 32.0, 1024.0, 644.0]
[160.0, 16.0, 977.0, 629.0]
[160.0, 0.0, 978.0, 614.0]
[176.0, 32.0, 995.0, 646.0]
[176.0, 48.0, 996.0, 663.0]
[128.0, 32.0, 949.0, 648.0]
[192.0, 0.0, 1014.0, 616.0]
[144.0, 0.0, 967.0, 617.0]
[144.0, 0.0, 968.0, 618.0]
[176.0, 16.0, 1001.0, 635.0]
[160.0, 32.0, 986.0, 652.0]
[128.0, 0.0, 955.0, 620.0]
[176.0, 32.0, 1004.0, 653.0]
[128.0, 32.0, 957.0, 654.0]
[176.0, 32.0, 1006.0, 654.0]
[176.0, 48.0, 1007.0, 671.0]
[160.0, 0.0, 992.0, 624.0]
[144.0, 0.0, 977.0, 625.0]
[160.0, 16.0, 994.0, 642.0]
[160.0, 48.0, 995.0, 674.0]
[176.0, 0.0, 1012.0, 627.0]
[128.0, 16.0, 965.0, 644.0]
[128.0, 32.0, 966.0, 660.0]
[176.0, 16.0, 1015.0, 645.0]
[160.0, 0.0, 1000.0, 630.0]
[144.0, 32.0, 985.0, 663.0]
[160.0, 0.0, 1002.0, 632.0]
[128.0, 16.0, 971.0, 648.0]
[176.0, 16.0, 1020.0, 649.0]
[144.0, 32.0, 989.0, 666.0]
[128.0, 16.0, 974.0, 650.0]
[144.0, 16.0, 991.0, 651.0]
[128.0, 16.0, 976.0, 652.0]
[160.0, 0.0, 1009.0, 637.0]
[128.0, 32.0, 978.0, 670.0]
[160.0, 32.0, 1011.0, 670.0]
[160.0, 16.0, 1012.0, 655.0]
[128.0, 32.0, 981.0, 672.0]
[128.0, 16.0, 982.0, 656.0]
[160.0, 16.0, 1015.0, 657.0]
[160.0, 16.0, 1016.0, 658.0]
[128.0, 16.0, 985.0, 659.0]
[128.0, 16.0, 986.0, 660.0]
[128.0, 16.0, 987.0, 660.0]
[160.0, 0.0, 1020.0, 645.0]
