[48.0, 32.0, 765.0, 570.0]
[112.0, 16.0, 830.0, 554.0]
[176.0, 0.0, 895.0, 539.0]
[192.0, 64.0, 912.0, 604.0]
[96.0, 128.0, 817.0, 669.0]
[176.0, 96.0, 898.0, 638.0]
[160.0, 0.0, 883.0, 542.0]
[96.0, 0.0, 820.0, 543.0]
[192.0, 64.0, 917.0, 608.0]
[208.0, 48.0, 934.0, 592.0]
[112.0, 0.0, 839.0, 545.0]
[64.0, 0.0, 792.0, 546.0]
[128.0, 0.0, 857.0, 547.0]
[192.0, 48.0, 922.0, 596.0]
[64.0, 80.0, 795.0, 628.0]
[64.0, 16.0, 796.0, 565.0]
[96.0, 112.0, 829.0, 662.0]
[32.0, 64.0, 766.0, 614.0]
[144.0, 0.0, 879.0, 551.0]
[176.0, 16.0, 912.0, 568.0]
[128.0, 32.0, 865.0, 585.0]
[112.0, 64.0, 850.0, 618.0]
[96.0, 80.0, 835.0, 634.0]
[144.0, 48.0, 884.0, 603.0]
[64.0, 16.0, 805.0, 572.0]
[96.0, 112.0, 838.0, 668.0]
[96.0, 0.0, 839.0, 557.0]
[0.0, 48.0, 744.0, 606.0]
[144.0, 0.0, 889.0, 559.0]
[112.0, 32.0, 858.0, 592.0]
[160.0, 64.0, 907.0, 624.0]
[192.0, 32.0, 940.0, 593.0]
[96.0, 16.0, 845.0, 578.0]
[112.0, 16.0, 862.0, 578.0]
[80.0, 64.0, 831.0, 627.0]
[144.0, 32.0, 896.0, 596.0]
[80.0, 112.0, 833.0, 677.0]
[112.0, 112.0, 866.0, 678.0]
[48.0, 80.0, 803.0, 646.0]
[112.0, 80.0, 868.0, 647.0]
[48.0, 48.0, 805.0, 616.0]
[0.0, 32.0, 758.0, 600.0]
[208.0, 32.0, 967.0, 601.0]
[192.0, 32.0, 952.0, 602.0]
[48.0, 32.0, 809.0, 603.0]
[80.0, 16.0, 842.0, 588.0]
[16.0, 80.0, 779.0, 652.0]
[80.0, 64.0, 844.0, 637.0]
[0.0, 64.0, 765.0, 638.0]
[80.0, 96.0, 846.0, 670.0]
[96.0, 96.0, 863.0, 671.0]
[176.0, 32.0, 944.0, 608.0]
[192.0, 48.0, 961.0, 625.0]
[96.0, 64.0, 866.0, 642.0]
[16.0, 0.0, 787.0, 578.0]
[0.0, 0.0, 772.0, 579.0]
[80.0, 96.0, 853.0, 676.0]
[96.0, 32.0, 870.0, 612.0]
[128.0, 16.0, 903.0, 597.0]
[144.0, 48.0, 920.0, 630.0]
[64.0, 80.0, 841.0, 663.0]
[16.0, 80.0, 794.0, 664.0]
[0.0, 16.0, 779.0, 600.0]
[160.0, 0.0, 940.0, 585.0]
[48.0, 16.0, 829.0, 602.0]
[144.0, 0.0, 926.0, 586.0]
[16.0, 0.0, 799.0, 587.0]
[80.0, 64.0, 864.0, 652.0]
[0.0, 64.0, 785.0, 653.0]
[48.0, 48.0, 834.0, 638.0]
[64.0, 32.0, 851.0, 622.0]
[0.0, 16.0, 788.0, 607.0]
[144.0, 48.0, 933.0, 640.0]
[160.0, 16.0, 950.0, 608.0]
[112.0, 64.0, 903.0, 657.0]
[128.0, 0.0, 920.0, 594.0]
[96.0, 64.0, 889.0, 659.0]
[0.0, 32.0, 794.0, 628.0]
[80.0, 16.0, 875.0, 612.0]
[64.0, 64.0, 860.0, 661.0]
[112.0, 48.0, 909.0, 646.0]
[48.0, 64.0, 846.0, 662.0]
[32.0, 32.0, 831.0, 631.0]
[16.0, 48.0, 816.0, 648.0]
[80.0, 32.0, 881.0, 633.0]
[160.0, 32.0, 962.0, 634.0]
[16.0, 64.0, 819.0, 666.0]
[160.0, 32.0, 964.0, 635.0]
[128.0, 32.0, 933.0, 636.0]
[16.0, 64.0, 822.0, 668.0]
[64.0, 0.0, 871.0, 605.0]
[0.0, 0.0, 808.0, 606.0]
[32.0, 16.0, 841.0, 623.0]
[48.0, 32.0, 858.0, 640.0]
[32.0, 32.0, 843.0, 640.0]
[0.0, 48.0, 812.0, 657.0]
[128.0, 0.0, 941.0, 610.0]
[0.0, 0.0, 814.0, 610.0]
[112.0, 32.0, 927.0, 643.0]
[16.0, 64.0, 832.0, 676.0]
[64.0, 48.0, 881.0, 661.0]
[64.0, 16.0, 882.0, 630.0]
[80.0, 48.0, 899.0, 662.0]
[32.0, 32.0, 852.0, 647.0]
[16.0, 48.0, 837.0, 664.0]
[96.0, 32.0, 918.0, 648.0]
[80.0, 48.0, 903.0, 665.0]
[16.0, 16.0, 840.0, 634.0]
[64.0, 0.0, 889.0, 619.0]
[32.0, 48.0, 858.0, 668.0]
[64.0, 0.0, 891.0, 620.0]
[80.0, 0.0, 908.0, 621.0]
[32.0, 16.0, 861.0, 638.0]
[112.0, 16.0, 942.0, 638.0]
[48.0, 16.0, 879.0, 639.0]
[64.0, 32.0, 896.0, 656.0]
[0.0, 32.0, 833.0, 657.0]
[48.0, 32.0, 882.0, 658.0]
[64.0, 32.0, 899.0, 658.0]
[64.0, 32.0, 900.0, 659.0]
[96.0, 0.0, 933.0, 628.0]
[96.0, 48.0, 934.0, 676.0]
[0.0, 16.0, 839.0, 645.0]
[0.0, 0.0, 840.0, 630.0]
[16.0, 32.0, 857.0, 663.0]
[64.0, 48.0, 906.0, 680.0]
[144.0, 0.0, 987.0, 632.0]
[128.0, 32.0, 972.0, 665.0]
[32.0, 32.0, 877.0, 666.0]
[16.0, 16.0, 862.0, 650.0]
[80.0, 32.0, 927.0, 667.0]
[144.0, 32.0, 992.0, 668.0]
[16.0, 0.0, 865.0, 637.0]
[16.0, 32.0, 866.0, 670.0]
[48.0, 16.0, 899.0, 654.0]
[80.0, 0.0, 932.0, 639.0]
[64.0, 0.0, 917.0, 640.0]
[80.0, 32.0, 934.0, 672.0]
[0.0, 16.0, 855.0, 657.0]
[16.0, 0.0, 872.0, 642.0]
[0.0, 32.0, 857.0, 675.0]
[96.0, 16.0, 954.0, 660.0]
[96.0, 32.0, 955.0, 676.0]
[112.0, 16.0, 972.0, 661.0]
[96.0, 16.0, 957.0, 662.0]
[32.0, 32.0, 894.0, 678.0]
[112.0, 16.0, 975.0, 663.0]
[0.0, 0.0, 864.0, 648.0]
[80.0, 32.0, 945.0, 681.0]
