[240.0, 224.0, 957.0, 762.0]
[64.0, 240.0, 782.0, 778.0]
[96.0, 208.0, 815.0, 747.0]
[208.0, 224.0, 928.0, 764.0]
[176.0, 208.0, 897.0, 749.0]
[208.0, 224.0, 930.0, 766.0]
[160.0, 240.0, 883.0, 782.0]
[208.0, 240.0, 932.0, 783.0]
[144.0, 208.0, 869.0, 752.0]
[32.0, 240.0, 758.0, 784.0]
[208.0, 208.0, 935.0, 753.0]
[64.0, 224.0, 792.0, 770.0]
[256.0, 208.0, 985.0, 755.0]
[32.0, 240.0, 762.0, 788.0]
[128.0, 192.0, 859.0, 740.0]
[112.0, 208.0, 844.0, 757.0]
[112.0, 224.0, 845.0, 774.0]
[32.0, 240.0, 766.0, 790.0]
[176.0, 240.0, 911.0, 791.0]
[192.0, 208.0, 928.0, 760.0]
[256.0, 224.0, 993.0, 777.0]
[176.0, 192.0, 914.0, 746.0]
[240.0, 224.0, 979.0, 778.0]
[80.0, 224.0, 820.0, 779.0]
[160.0, 224.0, 901.0, 780.0]
[176.0, 208.0, 918.0, 764.0]
[96.0, 224.0, 839.0, 781.0]
[128.0, 240.0, 872.0, 798.0]
[224.0, 240.0, 969.0, 799.0]
[224.0, 176.0, 970.0, 736.0]
[176.0, 240.0, 923.0, 800.0]
[96.0, 208.0, 844.0, 769.0]
[224.0, 176.0, 973.0, 738.0]
[48.0, 208.0, 798.0, 770.0]
[32.0, 240.0, 783.0, 803.0]
[160.0, 240.0, 912.0, 804.0]
[240.0, 192.0, 993.0, 757.0]
[48.0, 256.0, 802.0, 822.0]
[176.0, 208.0, 931.0, 774.0]
[64.0, 224.0, 820.0, 791.0]
[128.0, 240.0, 885.0, 808.0]
[80.0, 208.0, 838.0, 776.0]
[96.0, 208.0, 855.0, 777.0]
[32.0, 224.0, 792.0, 794.0]
[128.0, 224.0, 889.0, 795.0]
[80.0, 176.0, 842.0, 748.0]
[32.0, 192.0, 795.0, 764.0]
[96.0, 208.0, 860.0, 781.0]
[48.0, 192.0, 813.0, 766.0]
[96.0, 256.0, 862.0, 830.0]
[112.0, 192.0, 879.0, 767.0]
[128.0, 224.0, 896.0, 800.0]
[96.0, 208.0, 865.0, 785.0]
[112.0, 224.0, 882.0, 802.0]
[160.0, 192.0, 931.0, 770.0]
[64.0, 224.0, 836.0, 803.0]
[128.0, 192.0, 901.0, 772.0]
[128.0, 208.0, 902.0, 788.0]
[64.0, 176.0, 839.0, 757.0]
[80.0, 208.0, 856.0, 790.0]
[48.0, 224.0, 825.0, 807.0]
[176.0, 240.0, 954.0, 824.0]
[176.0, 160.0, 955.0, 744.0]
[64.0, 160.0, 844.0, 745.0]
[144.0, 240.0, 925.0, 826.0]
[64.0, 160.0, 846.0, 746.0]
[48.0, 256.0, 831.0, 843.0]
[192.0, 160.0, 976.0, 748.0]
[160.0, 192.0, 945.0, 781.0]
[208.0, 160.0, 994.0, 750.0]
[160.0, 192.0, 947.0, 782.0]
[64.0, 208.0, 852.0, 799.0]
[176.0, 224.0, 965.0, 816.0]
[112.0, 208.0, 902.0, 800.0]
[64.0, 144.0, 855.0, 737.0]
[112.0, 224.0, 904.0, 818.0]
[48.0, 208.0, 841.0, 803.0]
[80.0, 224.0, 874.0, 820.0]
[32.0, 192.0, 827.0, 788.0]
[144.0, 208.0, 940.0, 805.0]
[128.0, 224.0, 925.0, 822.0]
[96.0, 224.0, 894.0, 822.0]
[64.0, 144.0, 863.0, 743.0]
[160.0, 208.0, 960.0, 808.0]
[48.0, 160.0, 849.0, 761.0]
[80.0, 240.0, 882.0, 842.0]
[128.0, 208.0, 931.0, 810.0]
[96.0, 160.0, 900.0, 763.0]
[112.0, 176.0, 917.0, 780.0]
[32.0, 144.0, 838.0, 748.0]
[112.0, 160.0, 919.0, 765.0]
[80.0, 160.0, 888.0, 766.0]
[160.0, 176.0, 969.0, 783.0]
[176.0, 224.0, 986.0, 832.0]
[96.0, 144.0, 907.0, 752.0]
[96.0, 160.0, 908.0, 769.0]
[96.0, 176.0, 909.0, 786.0]
[176.0, 144.0, 990.0, 754.0]
[128.0, 144.0, 943.0, 755.0]
[144.0, 144.0, 960.0, 756.0]
[160.0, 224.0, 977.0, 837.0]
[80.0, 208.0, 898.0, 822.0]
[176.0, 144.0, 995.0, 758.0]
[160.0, 144.0, 980.0, 759.0]
[144.0, 144.0, 965.0, 760.0]
[96.0, 192.0, 918.0, 808.0]
[64.0, 128.0, 887.0, 745.0]
[160.0, 160.0, 984.0, 778.0]
[64.0, 128.0, 889.0, 747.0]
[96.0, 160.0, 922.0, 780.0]
[96.0, 160.0, 923.0, 780.0]
[144.0, 208.0, 972.0, 829.0]
[80.0, 144.0, 909.0, 766.0]
[160.0, 176.0, 990.0, 798.0]
[64.0, 128.0, 895.0, 751.0]
[80.0, 144.0, 912.0, 768.0]
[144.0, 224.0, 977.0, 849.0]
[32.0, 144.0, 866.0, 770.0]
[96.0, 160.0, 931.0, 786.0]
[128.0, 208.0, 964.0, 835.0]
[112.0, 160.0, 949.0, 788.0]
[144.0, 112.0, 982.0, 740.0]
[96.0, 144.0, 935.0, 773.0]
[96.0, 160.0, 936.0, 790.0]
[32.0, 144.0, 873.0, 775.0]
[80.0, 144.0, 922.0, 776.0]
[80.0, 160.0, 923.0, 792.0]
[32.0, 112.0, 876.0, 745.0]
[112.0, 192.0, 957.0, 826.0]
[32.0, 176.0, 878.0, 810.0]
[112.0, 112.0, 959.0, 747.0]
[64.0, 112.0, 912.0, 748.0]
[128.0, 160.0, 977.0, 797.0]
[128.0, 192.0, 978.0, 830.0]
[64.0, 192.0, 915.0, 830.0]
[128.0, 160.0, 980.0, 799.0]
[112.0, 176.0, 965.0, 816.0]
[112.0, 128.0, 966.0, 768.0]
[96.0, 112.0, 951.0, 753.0]
[112.0, 160.0, 968.0, 802.0]
[128.0, 128.0, 985.0, 771.0]
[32.0, 176.0, 890.0, 820.0]
[80.0, 176.0, 939.0, 820.0]
[96.0, 128.0, 956.0, 773.0]
[32.0, 144.0, 893.0, 790.0]
[128.0, 144.0, 990.0, 790.0]
[48.0, 96.0, 911.0, 743.0]
[32.0, 160.0, 896.0, 808.0]
[80.0, 96.0, 945.0, 745.0]
[80.0, 112.0, 946.0, 762.0]
[112.0, 192.0, 979.0, 842.0]
[80.0, 176.0, 948.0, 827.0]
[112.0, 144.0, 981.0, 796.0]
[48.0, 144.0, 918.0, 796.0]
[32.0, 160.0, 903.0, 813.0]
[80.0, 128.0, 952.0, 782.0]
[64.0, 160.0, 937.0, 815.0]
[80.0, 160.0, 954.0, 816.0]
[32.0, 192.0, 907.0, 848.0]
[112.0, 144.0, 988.0, 801.0]
[112.0, 96.0, 989.0, 754.0]
[64.0, 80.0, 942.0, 738.0]
[48.0, 128.0, 927.0, 787.0]
[96.0, 176.0, 976.0, 836.0]
[48.0, 160.0, 929.0, 821.0]
[96.0, 96.0, 978.0, 758.0]
[48.0, 128.0, 931.0, 790.0]
[48.0, 96.0, 932.0, 759.0]
[48.0, 96.0, 933.0, 760.0]
[80.0, 128.0, 966.0, 792.0]
[48.0, 96.0, 935.0, 761.0]
[80.0, 160.0, 968.0, 826.0]
[96.0, 176.0, 985.0, 843.0]
[80.0, 80.0, 970.0, 748.0]
[64.0, 128.0, 955.0, 796.0]
[48.0, 176.0, 940.0, 845.0]
[80.0, 112.0, 973.0, 782.0]
[48.0, 128.0, 942.0, 798.0]
[80.0, 144.0, 975.0, 815.0]
[64.0, 176.0, 960.0, 848.0]
[64.0, 160.0, 961.0, 833.0]
[48.0, 112.0, 946.0, 786.0]
[80.0, 96.0, 979.0, 770.0]
[64.0, 112.0, 964.0, 787.0]
[64.0, 96.0, 965.0, 772.0]
[48.0, 80.0, 950.0, 756.0]
[48.0, 160.0, 951.0, 837.0]
[48.0, 144.0, 952.0, 822.0]
[80.0, 112.0, 985.0, 791.0]
[48.0, 64.0, 954.0, 744.0]
[64.0, 80.0, 971.0, 760.0]
[48.0, 144.0, 956.0, 825.0]
[80.0, 96.0, 989.0, 778.0]
[64.0, 96.0, 974.0, 778.0]
[64.0, 112.0, 975.0, 795.0]
[64.0, 160.0, 976.0, 844.0]
[48.0, 128.0, 961.0, 813.0]
[48.0, 160.0, 962.0, 846.0]
[64.0, 112.0, 979.0, 798.0]
[64.0, 160.0, 980.0, 847.0]
[64.0, 96.0, 981.0, 784.0]
[48.0, 160.0, 966.0, 848.0]
[48.0, 128.0, 967.0, 817.0]
[64.0, 96.0, 984.0, 786.0]
[64.0, 80.0, 985.0, 771.0]
[64.0, 80.0, 986.0, 772.0]
[64.0, 144.0, 987.0, 836.0]
[48.0, 64.0, 972.0, 757.0]
[48.0, 128.0, 973.0, 822.0]
[48.0, 64.0, 974.0, 758.0]
[48.0, 48.0, 975.0, 743.0]
[48.0, 128.0, 976.0, 824.0]
[48.0, 80.0, 977.0, 777.0]
[48.0, 144.0, 978.0, 842.0]
[48.0, 48.0, 979.0, 746.0]
[48.0, 48.0, 980.0, 747.0]
[48.0, 64.0, 981.0, 764.0]
[48.0, 112.0, 982.0, 812.0]
[48.0, 48.0, 983.0, 749.0]
[48.0, 64.0, 984.0, 766.0]
