[240.0, 16.0, 957.0, 554.0]
[96.0, 0.0, 814.0, 538.0]
[176.0, 0.0, 895.0, 539.0]
[272.0, 32.0, 992.0, 572.0]
[224.0, 32.0, 945.0, 573.0]
[96.0, 32.0, 818.0, 574.0]
[112.0, 32.0, 835.0, 574.0]
[208.0, 32.0, 932.0, 575.0]
[96.0, 16.0, 821.0, 560.0]
[160.0, 16.0, 886.0, 560.0]
[176.0, 64.0, 903.0, 609.0]
[224.0, 64.0, 952.0, 610.0]
[128.0, 32.0, 857.0, 579.0]
[208.0, 64.0, 938.0, 612.0]
[128.0, 16.0, 859.0, 564.0]
[128.0, 64.0, 860.0, 613.0]
[240.0, 64.0, 973.0, 614.0]
[96.0, 0.0, 830.0, 550.0]
[224.0, 16.0, 959.0, 567.0]
[208.0, 32.0, 944.0, 584.0]
[80.0, 16.0, 817.0, 569.0]
[208.0, 16.0, 946.0, 570.0]
[112.0, 48.0, 851.0, 602.0]
[224.0, 48.0, 964.0, 603.0]
[176.0, 64.0, 917.0, 620.0]
[112.0, 32.0, 854.0, 588.0]
[112.0, 0.0, 855.0, 557.0]
[192.0, 0.0, 936.0, 558.0]
[272.0, 0.0, 1017.0, 559.0]
[240.0, 0.0, 986.0, 560.0]
[272.0, 0.0, 1019.0, 560.0]
[160.0, 32.0, 908.0, 593.0]
[160.0, 48.0, 909.0, 610.0]
[240.0, 32.0, 990.0, 594.0]
[160.0, 32.0, 911.0, 595.0]
[208.0, 0.0, 960.0, 564.0]
[256.0, 0.0, 1009.0, 565.0]
[192.0, 64.0, 946.0, 630.0]
[144.0, 0.0, 899.0, 566.0]
[256.0, 16.0, 1012.0, 583.0]
[128.0, 48.0, 885.0, 616.0]
[160.0, 32.0, 918.0, 600.0]
[240.0, 16.0, 999.0, 585.0]
[224.0, 0.0, 984.0, 570.0]
[176.0, 64.0, 937.0, 635.0]
[80.0, 16.0, 842.0, 588.0]
[112.0, 0.0, 875.0, 572.0]
[240.0, 0.0, 1004.0, 573.0]
[256.0, 0.0, 1021.0, 574.0]
[240.0, 0.0, 1006.0, 574.0]
[80.0, 0.0, 847.0, 575.0]
[192.0, 16.0, 960.0, 592.0]
[176.0, 16.0, 945.0, 593.0]
[160.0, 0.0, 930.0, 578.0]
[192.0, 16.0, 963.0, 594.0]
[128.0, 0.0, 900.0, 579.0]
[160.0, 64.0, 933.0, 644.0]
[96.0, 32.0, 870.0, 612.0]
[192.0, 0.0, 967.0, 581.0]
[192.0, 64.0, 968.0, 646.0]
[192.0, 16.0, 969.0, 599.0]
[96.0, 48.0, 874.0, 632.0]
[80.0, 16.0, 859.0, 600.0]
[208.0, 32.0, 988.0, 617.0]
[240.0, 0.0, 1021.0, 586.0]
[96.0, 16.0, 878.0, 602.0]
[240.0, 32.0, 1023.0, 619.0]
[192.0, 48.0, 976.0, 636.0]
[144.0, 64.0, 929.0, 653.0]
[80.0, 16.0, 866.0, 606.0]
[192.0, 32.0, 979.0, 622.0]
[208.0, 16.0, 996.0, 607.0]
[112.0, 48.0, 901.0, 640.0]
[160.0, 0.0, 950.0, 592.0]
[192.0, 48.0, 983.0, 641.0]
[80.0, 16.0, 872.0, 610.0]
[112.0, 48.0, 905.0, 643.0]
[112.0, 16.0, 906.0, 612.0]
[128.0, 0.0, 923.0, 596.0]
[128.0, 0.0, 924.0, 597.0]
[160.0, 16.0, 957.0, 614.0]
[96.0, 16.0, 894.0, 614.0]
[160.0, 64.0, 959.0, 663.0]
[80.0, 32.0, 880.0, 632.0]
[128.0, 16.0, 929.0, 617.0]
[176.0, 0.0, 978.0, 602.0]
[208.0, 16.0, 1011.0, 618.0]
[80.0, 16.0, 884.0, 619.0]
[96.0, 32.0, 901.0, 636.0]
[112.0, 0.0, 918.0, 604.0]
[176.0, 48.0, 983.0, 653.0]
[144.0, 64.0, 952.0, 670.0]
[208.0, 16.0, 1017.0, 623.0]
[80.0, 16.0, 890.0, 624.0]
[144.0, 64.0, 955.0, 672.0]
[96.0, 16.0, 908.0, 625.0]
[96.0, 16.0, 909.0, 626.0]
[128.0, 48.0, 942.0, 658.0]
[64.0, 0.0, 879.0, 611.0]
[192.0, 0.0, 1008.0, 612.0]
[176.0, 32.0, 993.0, 645.0]
[192.0, 16.0, 1010.0, 630.0]
[144.0, 48.0, 963.0, 662.0]
[176.0, 48.0, 996.0, 663.0]
[160.0, 0.0, 981.0, 616.0]
[112.0, 16.0, 934.0, 632.0]
[192.0, 0.0, 1015.0, 617.0]
[160.0, 64.0, 984.0, 682.0]
[80.0, 32.0, 905.0, 651.0]
[112.0, 48.0, 938.0, 668.0]
[128.0, 16.0, 955.0, 636.0]
[144.0, 48.0, 972.0, 669.0]
[96.0, 32.0, 925.0, 654.0]
[64.0, 16.0, 894.0, 638.0]
[192.0, 0.0, 1023.0, 623.0]
[112.0, 0.0, 944.0, 624.0]
[112.0, 48.0, 945.0, 673.0]
[96.0, 16.0, 930.0, 642.0]
[112.0, 0.0, 947.0, 626.0]
[64.0, 16.0, 900.0, 643.0]
[144.0, 48.0, 981.0, 676.0]
[112.0, 32.0, 950.0, 660.0]
[96.0, 32.0, 935.0, 661.0]
[96.0, 0.0, 936.0, 630.0]
[112.0, 32.0, 953.0, 663.0]
[96.0, 0.0, 938.0, 632.0]
[176.0, 32.0, 1019.0, 664.0]
[144.0, 32.0, 988.0, 665.0]
[160.0, 16.0, 1005.0, 650.0]
[160.0, 16.0, 1006.0, 650.0]
[112.0, 0.0, 959.0, 635.0]
[112.0, 32.0, 960.0, 668.0]
[144.0, 0.0, 993.0, 637.0]
[160.0, 32.0, 1010.0, 670.0]
[160.0, 0.0, 1011.0, 638.0]
[112.0, 0.0, 964.0, 639.0]
[80.0, 0.0, 933.0, 640.0]
[144.0, 16.0, 998.0, 656.0]
[80.0, 16.0, 935.0, 657.0]
[112.0, 16.0, 968.0, 658.0]
[112.0, 32.0, 969.0, 675.0]
[144.0, 16.0, 1002.0, 660.0]
[112.0, 16.0, 971.0, 660.0]
[80.0, 32.0, 940.0, 677.0]
[160.0, 0.0, 1021.0, 646.0]
[80.0, 32.0, 942.0, 678.0]
[128.0, 0.0, 991.0, 647.0]
[128.0, 32.0, 992.0, 680.0]
[112.0, 16.0, 977.0, 665.0]
[80.0, 16.0, 946.0, 666.0]
[144.0, 16.0, 1011.0, 666.0]
[144.0, 0.0, 1012.0, 651.0]
[80.0, 0.0, 949.0, 652.0]
[96.0, 16.0, 966.0, 668.0]
[112.0, 0.0, 983.0, 653.0]
[144.0, 0.0, 1016.0, 654.0]
[96.0, 16.0, 969.0, 671.0]
[128.0, 0.0, 1002.0, 656.0]
[128.0, 0.0, 1003.0, 656.0]
[112.0, 16.0, 988.0, 673.0]
[144.0, 16.0, 1021.0, 674.0]
[96.0, 16.0, 974.0, 674.0]
[80.0, 16.0, 959.0, 675.0]
[96.0, 16.0, 976.0, 676.0]
[112.0, 0.0, 993.0, 661.0]
[112.0, 0.0, 994.0, 662.0]
[128.0, 0.0, 1011.0, 662.0]
[112.0, 0.0, 996.0, 663.0]
[96.0, 0.0, 981.0, 664.0]
[112.0, 0.0, 998.0, 664.0]
[112.0, 16.0, 999.0, 681.0]
[96.0, 0.0, 984.0, 666.0]
[96.0, 0.0, 985.0, 667.0]
[128.0, 0.0, 1018.0, 668.0]
[80.0, 0.0, 971.0, 668.0]
[112.0, 0.0, 1004.0, 669.0]
[96.0, 0.0, 989.0, 670.0]
[80.0, 0.0, 974.0, 670.0]
[128.0, 0.0, 1023.0, 671.0]
[112.0, 0.0, 1008.0, 672.0]
[96.0, 0.0, 993.0, 673.0]
[112.0, 0.0, 1010.0, 674.0]
[96.0, 0.0, 995.0, 674.0]
[80.0, 0.0, 980.0, 675.0]
[112.0, 0.0, 1013.0, 676.0]
[112.0, 0.0, 1014.0, 676.0]
[112.0, 0.0, 1015.0, 677.0]
[112.0, 0.0, 1016.0, 678.0]
[96.0, 0.0, 1001.0, 679.0]
[80.0, 0.0, 986.0, 680.0]
[80.0, 0.0, 987.0, 680.0]
[112.0, 0.0, 1020.0, 681.0]
[96.0, 0.0, 1005.0, 682.0]
[80.0, 0.0, 990.0, 682.0]
[80.0, 0.0, 991.0, 683.0]
