[48.0, 32.0, 586.0, 749.0]
[16.0, 16.0, 554.0, 734.0]
[80.0, 80.0, 619.0, 799.0]
[64.0, 128.0, 604.0, 848.0]
[96.0, 0.0, 637.0, 721.0]
[16.0, 16.0, 558.0, 738.0]
[48.0, 64.0, 590.0, 787.0]
[48.0, 16.0, 591.0, 740.0]
[48.0, 80.0, 592.0, 805.0]
[32.0, 64.0, 576.0, 790.0]
[112.0, 16.0, 657.0, 743.0]
[0.0, 64.0, 546.0, 792.0]
[48.0, 16.0, 595.0, 745.0]
[48.0, 16.0, 596.0, 746.0]
[48.0, 80.0, 596.0, 811.0]
[112.0, 48.0, 661.0, 780.0]
[16.0, 48.0, 566.0, 781.0]
[48.0, 48.0, 598.0, 782.0]
[48.0, 16.0, 599.0, 751.0]
[80.0, 16.0, 632.0, 752.0]
[48.0, 64.0, 601.0, 801.0]
[80.0, 16.0, 634.0, 754.0]
[16.0, 32.0, 570.0, 771.0]
[96.0, 64.0, 651.0, 804.0]
[80.0, 32.0, 636.0, 773.0]
[32.0, 112.0, 588.0, 854.0]
[0.0, 0.0, 557.0, 743.0]
[32.0, 16.0, 590.0, 760.0]
[64.0, 64.0, 623.0, 809.0]
[48.0, 0.0, 608.0, 746.0]
[16.0, 0.0, 576.0, 747.0]
[112.0, 32.0, 673.0, 780.0]
[16.0, 64.0, 578.0, 813.0]
[0.0, 0.0, 562.0, 750.0]
[64.0, 64.0, 627.0, 815.0]
[32.0, 80.0, 596.0, 832.0]
[16.0, 0.0, 581.0, 753.0]
[0.0, 32.0, 566.0, 786.0]
[80.0, 16.0, 646.0, 771.0]
[64.0, 48.0, 631.0, 804.0]
[80.0, 32.0, 648.0, 789.0]
[16.0, 32.0, 584.0, 790.0]
[96.0, 16.0, 665.0, 775.0]
[0.0, 16.0, 570.0, 776.0]
[32.0, 48.0, 603.0, 809.0]
[64.0, 80.0, 636.0, 842.0]
[80.0, 48.0, 652.0, 811.0]
[16.0, 64.0, 589.0, 828.0]
[96.0, 16.0, 670.0, 781.0]
[32.0, 0.0, 606.0, 766.0]
[16.0, 96.0, 591.0, 863.0]
[64.0, 80.0, 640.0, 848.0]
[48.0, 64.0, 625.0, 833.0]
[32.0, 80.0, 610.0, 850.0]
[0.0, 32.0, 578.0, 803.0]
[0.0, 0.0, 579.0, 772.0]
[96.0, 48.0, 676.0, 821.0]
[32.0, 112.0, 612.0, 886.0]
[32.0, 80.0, 613.0, 855.0]
[32.0, 96.0, 614.0, 872.0]
[32.0, 48.0, 615.0, 825.0]
[64.0, 32.0, 648.0, 810.0]
[32.0, 112.0, 616.0, 891.0]
[16.0, 0.0, 601.0, 780.0]
[32.0, 112.0, 618.0, 893.0]
[0.0, 16.0, 586.0, 798.0]
[16.0, 96.0, 603.0, 879.0]
[80.0, 0.0, 668.0, 784.0]
[0.0, 48.0, 589.0, 833.0]
[16.0, 0.0, 606.0, 786.0]
[0.0, 48.0, 590.0, 835.0]
[48.0, 80.0, 639.0, 868.0]
[0.0, 0.0, 592.0, 789.0]
[16.0, 48.0, 608.0, 838.0]
[0.0, 16.0, 593.0, 807.0]
[16.0, 96.0, 610.0, 888.0]
[16.0, 32.0, 611.0, 825.0]
[48.0, 48.0, 644.0, 842.0]
[0.0, 0.0, 596.0, 795.0]
[64.0, 64.0, 661.0, 860.0]
[32.0, 64.0, 630.0, 861.0]
[0.0, 64.0, 598.0, 862.0]
[16.0, 16.0, 615.0, 815.0]
[64.0, 64.0, 664.0, 864.0]
[64.0, 48.0, 665.0, 849.0]
[0.0, 0.0, 602.0, 802.0]
[48.0, 0.0, 650.0, 803.0]
[16.0, 48.0, 619.0, 852.0]
[0.0, 16.0, 604.0, 821.0]
[0.0, 32.0, 604.0, 838.0]
[0.0, 16.0, 605.0, 823.0]
[48.0, 16.0, 654.0, 824.0]
[48.0, 16.0, 655.0, 825.0]
[48.0, 64.0, 656.0, 874.0]
[16.0, 16.0, 624.0, 827.0]
[64.0, 0.0, 673.0, 812.0]
[64.0, 48.0, 674.0, 861.0]
[0.0, 32.0, 610.0, 846.0]
[16.0, 32.0, 627.0, 847.0]
[64.0, 32.0, 676.0, 848.0]
[32.0, 64.0, 645.0, 881.0]
[48.0, 0.0, 662.0, 818.0]
[64.0, 32.0, 678.0, 851.0]
[0.0, 32.0, 615.0, 852.0]
[0.0, 80.0, 616.0, 901.0]
[0.0, 48.0, 616.0, 870.0]
[64.0, 32.0, 681.0, 855.0]
[0.0, 64.0, 618.0, 888.0]
[32.0, 64.0, 651.0, 889.0]
[32.0, 32.0, 652.0, 858.0]
[48.0, 16.0, 668.0, 843.0]
[32.0, 16.0, 653.0, 844.0]
[0.0, 0.0, 622.0, 829.0]
[0.0, 48.0, 622.0, 878.0]
[32.0, 64.0, 655.0, 895.0]
[0.0, 32.0, 624.0, 864.0]
[32.0, 0.0, 657.0, 833.0]
[32.0, 48.0, 658.0, 882.0]
[32.0, 48.0, 658.0, 883.0]
[48.0, 32.0, 675.0, 868.0]
[0.0, 16.0, 628.0, 853.0]
[48.0, 32.0, 676.0, 870.0]
[32.0, 0.0, 661.0, 839.0]
[32.0, 48.0, 662.0, 888.0]
[16.0, 32.0, 647.0, 873.0]
[32.0, 0.0, 664.0, 842.0]
[0.0, 32.0, 632.0, 875.0]
[32.0, 32.0, 665.0, 876.0]
[0.0, 0.0, 634.0, 845.0]
[16.0, 32.0, 650.0, 878.0]
[32.0, 16.0, 667.0, 863.0]
[32.0, 32.0, 668.0, 880.0]
[16.0, 32.0, 653.0, 881.0]
[32.0, 48.0, 670.0, 898.0]
[0.0, 0.0, 638.0, 851.0]
[16.0, 32.0, 655.0, 884.0]
[32.0, 32.0, 672.0, 885.0]
[32.0, 48.0, 672.0, 902.0]
[0.0, 32.0, 641.0, 887.0]
[32.0, 0.0, 674.0, 856.0]
[16.0, 0.0, 659.0, 857.0]
[16.0, 48.0, 660.0, 906.0]
[32.0, 16.0, 676.0, 875.0]
[32.0, 32.0, 677.0, 892.0]
[32.0, 0.0, 678.0, 861.0]
[32.0, 0.0, 678.0, 862.0]
[16.0, 32.0, 663.0, 895.0]
[0.0, 16.0, 648.0, 880.0]
