[32.0, 64.0, 749.0, 602.0]
[96.0, 64.0, 814.0, 602.0]
[48.0, 64.0, 767.0, 603.0]
[64.0, 16.0, 784.0, 556.0]
[112.0, 32.0, 833.0, 573.0]
[32.0, 16.0, 754.0, 558.0]
[112.0, 48.0, 835.0, 590.0]
[96.0, 0.0, 820.0, 543.0]
[96.0, 0.0, 821.0, 544.0]
[32.0, 32.0, 758.0, 576.0]
[144.0, 32.0, 871.0, 577.0]
[48.0, 32.0, 776.0, 578.0]
[16.0, 16.0, 745.0, 563.0]
[48.0, 48.0, 778.0, 596.0]
[16.0, 0.0, 747.0, 548.0]
[144.0, 16.0, 876.0, 565.0]
[80.0, 48.0, 813.0, 598.0]
[96.0, 48.0, 830.0, 598.0]
[32.0, 64.0, 767.0, 615.0]
[112.0, 0.0, 848.0, 552.0]
[0.0, 16.0, 737.0, 569.0]
[48.0, 16.0, 786.0, 570.0]
[80.0, 0.0, 819.0, 554.0]
[128.0, 0.0, 868.0, 555.0]
[128.0, 0.0, 869.0, 556.0]
[0.0, 32.0, 742.0, 588.0]
[48.0, 0.0, 791.0, 557.0]
[96.0, 32.0, 840.0, 590.0]
[112.0, 16.0, 857.0, 575.0]
[48.0, 16.0, 794.0, 576.0]
[48.0, 32.0, 795.0, 592.0]
[0.0, 0.0, 748.0, 561.0]
[48.0, 48.0, 797.0, 610.0]
[112.0, 16.0, 862.0, 578.0]
[16.0, 32.0, 767.0, 595.0]
[48.0, 64.0, 800.0, 628.0]
[80.0, 16.0, 833.0, 581.0]
[48.0, 64.0, 802.0, 630.0]
[16.0, 16.0, 771.0, 582.0]
[32.0, 64.0, 788.0, 631.0]
[64.0, 64.0, 821.0, 632.0]
[0.0, 16.0, 758.0, 584.0]
[32.0, 0.0, 791.0, 569.0]
[48.0, 32.0, 808.0, 602.0]
[64.0, 16.0, 825.0, 587.0]
[96.0, 32.0, 858.0, 604.0]
[32.0, 32.0, 795.0, 604.0]
[48.0, 32.0, 812.0, 605.0]
[16.0, 48.0, 781.0, 622.0]
[16.0, 16.0, 782.0, 590.0]
[64.0, 0.0, 831.0, 575.0]
[64.0, 32.0, 832.0, 608.0]
[48.0, 64.0, 817.0, 641.0]
[0.0, 32.0, 770.0, 610.0]
[80.0, 16.0, 851.0, 594.0]
[64.0, 32.0, 836.0, 611.0]
[80.0, 16.0, 853.0, 596.0]
[64.0, 48.0, 838.0, 628.0]
[64.0, 32.0, 839.0, 613.0]
[32.0, 16.0, 808.0, 598.0]
[0.0, 16.0, 777.0, 599.0]
[80.0, 16.0, 858.0, 600.0]
[48.0, 0.0, 827.0, 584.0]
[32.0, 32.0, 812.0, 617.0]
[32.0, 16.0, 813.0, 602.0]
[64.0, 0.0, 846.0, 586.0]
[64.0, 16.0, 847.0, 603.0]
[0.0, 16.0, 784.0, 604.0]
[80.0, 32.0, 865.0, 621.0]
[64.0, 16.0, 850.0, 606.0]
[64.0, 32.0, 851.0, 622.0]
[80.0, 16.0, 868.0, 607.0]
[16.0, 48.0, 805.0, 640.0]
[80.0, 16.0, 870.0, 608.0]
[48.0, 0.0, 839.0, 593.0]
[16.0, 0.0, 808.0, 594.0]
[64.0, 16.0, 857.0, 611.0]
[16.0, 16.0, 810.0, 612.0]
[0.0, 32.0, 795.0, 628.0]
[16.0, 32.0, 812.0, 629.0]
[32.0, 0.0, 829.0, 598.0]
[0.0, 16.0, 798.0, 614.0]
[64.0, 16.0, 863.0, 615.0]
[32.0, 32.0, 832.0, 632.0]
[32.0, 48.0, 833.0, 649.0]
[48.0, 16.0, 850.0, 618.0]
[16.0, 16.0, 819.0, 618.0]
[48.0, 32.0, 852.0, 635.0]
[48.0, 0.0, 853.0, 604.0]
[16.0, 32.0, 822.0, 636.0]
[16.0, 32.0, 823.0, 637.0]
[32.0, 16.0, 840.0, 622.0]
[16.0, 16.0, 825.0, 623.0]
[16.0, 0.0, 826.0, 608.0]
[0.0, 16.0, 811.0, 624.0]
[16.0, 0.0, 828.0, 609.0]
[48.0, 16.0, 861.0, 626.0]
[16.0, 0.0, 830.0, 610.0]
[48.0, 0.0, 863.0, 611.0]
[0.0, 0.0, 816.0, 612.0]
[16.0, 16.0, 833.0, 629.0]
[48.0, 16.0, 866.0, 630.0]
[48.0, 32.0, 867.0, 646.0]
[32.0, 16.0, 852.0, 631.0]
[16.0, 0.0, 837.0, 616.0]
[16.0, 16.0, 838.0, 632.0]
[16.0, 16.0, 839.0, 633.0]
[48.0, 32.0, 872.0, 650.0]
[16.0, 32.0, 841.0, 651.0]
[16.0, 16.0, 842.0, 636.0]
[0.0, 0.0, 827.0, 620.0]
[32.0, 32.0, 860.0, 653.0]
[16.0, 16.0, 845.0, 638.0]
[16.0, 16.0, 846.0, 638.0]
[32.0, 16.0, 863.0, 639.0]
