[160.0, 112.0, 775.0, 932.0]
[176.0, 112.0, 792.0, 933.0]
[144.0, 144.0, 760.0, 966.0]
[112.0, 144.0, 729.0, 967.0]
[144.0, 64.0, 762.0, 888.0]
[48.0, 48.0, 667.0, 873.0]
[144.0, 80.0, 764.0, 906.0]
[192.0, 144.0, 812.0, 971.0]
[80.0, 160.0, 701.0, 988.0]
[176.0, 64.0, 798.0, 893.0]
[80.0, 32.0, 702.0, 862.0]
[48.0, 160.0, 671.0, 991.0]
[160.0, 96.0, 784.0, 928.0]
[192.0, 80.0, 817.0, 913.0]
[80.0, 96.0, 706.0, 930.0]
[96.0, 144.0, 722.0, 979.0]
[112.0, 96.0, 739.0, 932.0]
[112.0, 32.0, 740.0, 869.0]
[192.0, 48.0, 820.0, 886.0]
[48.0, 112.0, 677.0, 951.0]
[64.0, 80.0, 694.0, 920.0]
[128.0, 64.0, 759.0, 905.0]
[32.0, 32.0, 664.0, 874.0]
[128.0, 80.0, 760.0, 923.0]
[144.0, 160.0, 777.0, 1004.0]
[48.0, 96.0, 682.0, 941.0]
[80.0, 112.0, 714.0, 958.0]
[32.0, 80.0, 667.0, 927.0]
[64.0, 96.0, 700.0, 944.0]
[32.0, 48.0, 669.0, 897.0]
[192.0, 96.0, 830.0, 946.0]
[80.0, 32.0, 718.0, 883.0]
[160.0, 96.0, 799.0, 948.0]
[112.0, 96.0, 752.0, 949.0]
[144.0, 144.0, 784.0, 998.0]
[64.0, 144.0, 705.0, 999.0]
[160.0, 96.0, 802.0, 952.0]
[192.0, 112.0, 835.0, 969.0]
[96.0, 128.0, 740.0, 986.0]
[144.0, 16.0, 788.0, 875.0]
[160.0, 0.0, 805.0, 860.0]
[80.0, 16.0, 726.0, 877.0]
[144.0, 80.0, 790.0, 942.0]
[16.0, 80.0, 663.0, 943.0]
[144.0, 80.0, 792.0, 944.0]
[48.0, 96.0, 697.0, 961.0]
[128.0, 80.0, 778.0, 946.0]
[176.0, 80.0, 826.0, 947.0]
[160.0, 64.0, 811.0, 932.0]
[64.0, 0.0, 716.0, 869.0]
[96.0, 80.0, 748.0, 950.0]
[16.0, 64.0, 669.0, 935.0]
[176.0, 96.0, 830.0, 968.0]
[128.0, 32.0, 783.0, 905.0]
[32.0, 48.0, 688.0, 922.0]
[32.0, 128.0, 688.0, 1003.0]
[96.0, 144.0, 753.0, 1020.0]
[80.0, 48.0, 738.0, 925.0]
[80.0, 16.0, 738.0, 894.0]
[112.0, 112.0, 771.0, 991.0]
[112.0, 0.0, 772.0, 880.0]
[80.0, 96.0, 741.0, 977.0]
[0.0, 112.0, 662.0, 994.0]
[32.0, 96.0, 694.0, 979.0]
[64.0, 128.0, 727.0, 1012.0]
[0.0, 80.0, 664.0, 965.0]
[32.0, 32.0, 696.0, 918.0]
[144.0, 80.0, 809.0, 967.0]
[48.0, 48.0, 714.0, 936.0]
[144.0, 128.0, 811.0, 1017.0]
[48.0, 32.0, 716.0, 922.0]
[32.0, 48.0, 700.0, 939.0]
[0.0, 64.0, 669.0, 956.0]
[144.0, 16.0, 814.0, 909.0]
[80.0, 96.0, 750.0, 990.0]
[64.0, 16.0, 735.0, 911.0]
[48.0, 96.0, 720.0, 992.0]
[32.0, 64.0, 705.0, 961.0]
[64.0, 96.0, 738.0, 994.0]
[80.0, 48.0, 754.0, 947.0]
[48.0, 48.0, 723.0, 948.0]
[160.0, 32.0, 836.0, 933.0]
[64.0, 64.0, 740.0, 966.0]
[112.0, 112.0, 789.0, 1015.0]
[48.0, 16.0, 726.0, 920.0]
[64.0, 16.0, 743.0, 921.0]
[176.0, 64.0, 856.0, 970.0]
[80.0, 16.0, 760.0, 923.0]
[192.0, 80.0, 873.0, 988.0]
[144.0, 16.0, 826.0, 925.0]
[0.0, 48.0, 682.0, 958.0]
[48.0, 96.0, 731.0, 1007.0]
[176.0, 80.0, 860.0, 992.0]
[0.0, 32.0, 685.0, 945.0]
[192.0, 64.0, 878.0, 978.0]
[176.0, 96.0, 862.0, 1011.0]
[176.0, 32.0, 863.0, 948.0]
[16.0, 32.0, 704.0, 949.0]
[64.0, 64.0, 752.0, 982.0]
[64.0, 32.0, 753.0, 951.0]
[176.0, 32.0, 866.0, 952.0]
[32.0, 48.0, 723.0, 969.0]
[128.0, 64.0, 820.0, 986.0]
[64.0, 32.0, 756.0, 955.0]
[192.0, 48.0, 885.0, 972.0]
[128.0, 32.0, 822.0, 957.0]
[144.0, 0.0, 838.0, 926.0]
[80.0, 16.0, 775.0, 943.0]
[64.0, 32.0, 760.0, 960.0]
[0.0, 16.0, 697.0, 945.0]
[16.0, 80.0, 714.0, 1010.0]
[48.0, 80.0, 746.0, 1011.0]
[0.0, 16.0, 699.0, 948.0]
[112.0, 64.0, 812.0, 997.0]
[96.0, 80.0, 796.0, 1014.0]
[128.0, 0.0, 829.0, 935.0]
[32.0, 64.0, 734.0, 1000.0]
[176.0, 48.0, 879.0, 985.0]
[0.0, 0.0, 704.0, 938.0]
[32.0, 32.0, 736.0, 971.0]
[16.0, 64.0, 721.0, 1004.0]
[128.0, 80.0, 834.0, 1021.0]
[32.0, 48.0, 738.0, 990.0]
[32.0, 80.0, 739.0, 1023.0]
[112.0, 64.0, 820.0, 1008.0]
[96.0, 32.0, 805.0, 977.0]
[32.0, 48.0, 742.0, 994.0]
[16.0, 48.0, 726.0, 995.0]
[80.0, 48.0, 791.0, 996.0]
[144.0, 16.0, 856.0, 965.0]
[96.0, 48.0, 808.0, 998.0]
[144.0, 64.0, 857.0, 1015.0]
[128.0, 16.0, 842.0, 968.0]
[160.0, 48.0, 875.0, 1001.0]
[176.0, 0.0, 892.0, 954.0]
[16.0, 32.0, 732.0, 987.0]
[96.0, 64.0, 813.0, 1020.0]
[128.0, 48.0, 846.0, 1005.0]
[80.0, 32.0, 798.0, 990.0]
[144.0, 0.0, 863.0, 959.0]
[96.0, 48.0, 816.0, 1008.0]
[0.0, 48.0, 721.0, 1009.0]
[96.0, 0.0, 818.0, 962.0]
[176.0, 32.0, 898.0, 995.0]
[112.0, 32.0, 835.0, 996.0]
[176.0, 48.0, 900.0, 1013.0]
[64.0, 32.0, 788.0, 998.0]
[64.0, 48.0, 789.0, 1015.0]
[96.0, 32.0, 822.0, 1000.0]
[80.0, 48.0, 807.0, 1017.0]
[144.0, 0.0, 872.0, 970.0]
[64.0, 16.0, 792.0, 987.0]
[32.0, 16.0, 761.0, 988.0]
[112.0, 32.0, 842.0, 1005.0]
[176.0, 0.0, 906.0, 974.0]
[144.0, 32.0, 875.0, 1007.0]
[16.0, 16.0, 748.0, 992.0]
[32.0, 32.0, 765.0, 1009.0]
[128.0, 0.0, 862.0, 978.0]
[176.0, 0.0, 910.0, 979.0]
[96.0, 32.0, 831.0, 1012.0]
[80.0, 32.0, 816.0, 1013.0]
[128.0, 0.0, 864.0, 982.0]
[176.0, 0.0, 913.0, 983.0]
[80.0, 32.0, 818.0, 1016.0]
[144.0, 0.0, 883.0, 985.0]
[112.0, 32.0, 852.0, 1018.0]
[64.0, 32.0, 804.0, 1019.0]
[16.0, 0.0, 757.0, 988.0]
[16.0, 16.0, 758.0, 1005.0]
[128.0, 16.0, 870.0, 1006.0]
[64.0, 16.0, 807.0, 1007.0]
[0.0, 32.0, 744.0, 1024.0]
[128.0, 16.0, 873.0, 1009.0]
[112.0, 0.0, 858.0, 994.0]
[96.0, 0.0, 842.0, 995.0]
[16.0, 0.0, 763.0, 996.0]
[32.0, 0.0, 780.0, 997.0]
[64.0, 16.0, 812.0, 1014.0]
[48.0, 16.0, 797.0, 1015.0]
[64.0, 16.0, 814.0, 1016.0]
[144.0, 16.0, 895.0, 1017.0]
[0.0, 0.0, 752.0, 1002.0]
[32.0, 16.0, 784.0, 1019.0]
[16.0, 16.0, 769.0, 1020.0]
[16.0, 16.0, 770.0, 1021.0]
[48.0, 16.0, 802.0, 1022.0]
[64.0, 0.0, 819.0, 1007.0]
[96.0, 0.0, 852.0, 1008.0]
[0.0, 0.0, 757.0, 1009.0]
[16.0, 0.0, 774.0, 1010.0]
[112.0, 0.0, 870.0, 1011.0]
[112.0, 0.0, 871.0, 1012.0]
[80.0, 0.0, 840.0, 1013.0]
[128.0, 0.0, 888.0, 1014.0]
[112.0, 0.0, 873.0, 1015.0]
[64.0, 0.0, 826.0, 1016.0]
[144.0, 0.0, 907.0, 1017.0]
[64.0, 0.0, 828.0, 1018.0]
[16.0, 0.0, 780.0, 1019.0]
[144.0, 0.0, 909.0, 1020.0]
[96.0, 0.0, 862.0, 1021.0]
[144.0, 0.0, 910.0, 1022.0]
[64.0, 0.0, 831.0, 1023.0]
[128.0, 0.0, 896.0, 1024.0]
