[80.0, 64.0, 797.0, 602.0]
[224.0, 48.0, 942.0, 586.0]
[192.0, 32.0, 911.0, 571.0]
[144.0, 64.0, 864.0, 604.0]
[192.0, 32.0, 913.0, 573.0]
[160.0, 32.0, 882.0, 574.0]
[208.0, 64.0, 931.0, 606.0]
[176.0, 32.0, 900.0, 575.0]
[128.0, 16.0, 853.0, 560.0]
[144.0, 48.0, 870.0, 592.0]
[240.0, 32.0, 967.0, 577.0]
[144.0, 16.0, 872.0, 562.0]
[192.0, 48.0, 921.0, 595.0]
[176.0, 64.0, 906.0, 612.0]
[224.0, 16.0, 955.0, 564.0]
[144.0, 32.0, 876.0, 581.0]
[48.0, 16.0, 781.0, 566.0]
[192.0, 64.0, 926.0, 614.0]
[192.0, 48.0, 927.0, 599.0]
[272.0, 48.0, 1008.0, 600.0]
[48.0, 64.0, 785.0, 617.0]
[240.0, 16.0, 978.0, 570.0]
[32.0, 48.0, 771.0, 602.0]
[208.0, 0.0, 948.0, 555.0]
[80.0, 16.0, 821.0, 572.0]
[192.0, 64.0, 934.0, 620.0]
[256.0, 32.0, 999.0, 589.0]
[144.0, 32.0, 888.0, 590.0]
[160.0, 48.0, 905.0, 607.0]
[208.0, 48.0, 954.0, 608.0]
[48.0, 16.0, 795.0, 576.0]
[144.0, 0.0, 892.0, 561.0]
[48.0, 0.0, 797.0, 562.0]
[32.0, 64.0, 782.0, 626.0]
[144.0, 16.0, 895.0, 579.0]
[160.0, 16.0, 912.0, 580.0]
[96.0, 16.0, 849.0, 581.0]
[64.0, 64.0, 818.0, 630.0]
[176.0, 32.0, 931.0, 598.0]
[64.0, 32.0, 820.0, 599.0]
[192.0, 16.0, 949.0, 584.0]
[192.0, 32.0, 950.0, 600.0]
[256.0, 48.0, 1015.0, 617.0]
[192.0, 48.0, 952.0, 618.0]
[160.0, 48.0, 921.0, 619.0]
[80.0, 32.0, 842.0, 604.0]
[176.0, 0.0, 939.0, 572.0]
[16.0, 48.0, 780.0, 621.0]
[64.0, 32.0, 829.0, 606.0]
[192.0, 64.0, 958.0, 638.0]
[144.0, 48.0, 911.0, 623.0]
[240.0, 0.0, 1008.0, 576.0]
[96.0, 32.0, 865.0, 609.0]
[16.0, 16.0, 786.0, 594.0]
[240.0, 0.0, 1011.0, 578.0]
[240.0, 16.0, 1012.0, 595.0]
[144.0, 16.0, 917.0, 596.0]
[0.0, 32.0, 774.0, 612.0]
[224.0, 32.0, 999.0, 613.0]
[96.0, 0.0, 872.0, 582.0]
[48.0, 16.0, 825.0, 599.0]
[64.0, 32.0, 842.0, 616.0]
[32.0, 0.0, 811.0, 584.0]
[128.0, 48.0, 908.0, 633.0]
[144.0, 48.0, 925.0, 634.0]
[80.0, 0.0, 862.0, 586.0]
[112.0, 16.0, 895.0, 603.0]
[144.0, 0.0, 928.0, 588.0]
[0.0, 0.0, 785.0, 589.0]
[160.0, 0.0, 946.0, 590.0]
[48.0, 16.0, 835.0, 606.0]
[96.0, 0.0, 884.0, 591.0]
[48.0, 32.0, 837.0, 624.0]
[208.0, 48.0, 998.0, 640.0]
[80.0, 48.0, 871.0, 641.0]
[32.0, 0.0, 824.0, 594.0]
[160.0, 0.0, 953.0, 595.0]
[160.0, 64.0, 954.0, 660.0]
[224.0, 48.0, 1019.0, 644.0]
[128.0, 32.0, 924.0, 629.0]
[16.0, 16.0, 813.0, 614.0]
[80.0, 16.0, 878.0, 614.0]
[96.0, 16.0, 895.0, 615.0]
[192.0, 32.0, 992.0, 632.0]
[80.0, 32.0, 881.0, 633.0]
[176.0, 0.0, 978.0, 602.0]
[176.0, 32.0, 979.0, 634.0]
[160.0, 32.0, 964.0, 635.0]
[96.0, 64.0, 901.0, 668.0]
[160.0, 64.0, 966.0, 668.0]
[176.0, 64.0, 983.0, 669.0]
[144.0, 48.0, 952.0, 654.0]
[16.0, 48.0, 825.0, 655.0]
[208.0, 32.0, 1018.0, 640.0]
[96.0, 64.0, 907.0, 672.0]
[128.0, 16.0, 940.0, 625.0]
[112.0, 32.0, 925.0, 642.0]
[112.0, 48.0, 926.0, 658.0]
[48.0, 32.0, 863.0, 643.0]
[96.0, 64.0, 912.0, 676.0]
[176.0, 64.0, 993.0, 677.0]
[32.0, 48.0, 850.0, 662.0]
[80.0, 16.0, 899.0, 630.0]
[192.0, 48.0, 1012.0, 663.0]
[176.0, 32.0, 997.0, 648.0]
[16.0, 16.0, 838.0, 632.0]
[0.0, 0.0, 823.0, 617.0]
[96.0, 0.0, 920.0, 618.0]
[64.0, 48.0, 889.0, 667.0]
[32.0, 0.0, 858.0, 620.0]
[128.0, 48.0, 955.0, 668.0]
[128.0, 32.0, 956.0, 653.0]
[48.0, 16.0, 877.0, 638.0]
[112.0, 48.0, 942.0, 670.0]
[160.0, 16.0, 991.0, 639.0]
[0.0, 32.0, 832.0, 656.0]
[0.0, 32.0, 833.0, 657.0]
[64.0, 0.0, 898.0, 626.0]
[0.0, 32.0, 835.0, 658.0]
[32.0, 0.0, 868.0, 627.0]
[48.0, 32.0, 885.0, 660.0]
[16.0, 16.0, 854.0, 644.0]
[128.0, 32.0, 967.0, 661.0]
[176.0, 0.0, 1016.0, 630.0]
[80.0, 16.0, 921.0, 647.0]
[16.0, 48.0, 858.0, 680.0]
[96.0, 16.0, 939.0, 648.0]
[128.0, 48.0, 972.0, 681.0]
[0.0, 16.0, 845.0, 650.0]
[144.0, 32.0, 990.0, 666.0]
[64.0, 32.0, 911.0, 667.0]
[144.0, 32.0, 992.0, 668.0]
[128.0, 0.0, 977.0, 637.0]
[128.0, 16.0, 978.0, 654.0]
[64.0, 16.0, 915.0, 654.0]
[144.0, 16.0, 996.0, 655.0]
[32.0, 16.0, 885.0, 656.0]
[48.0, 0.0, 902.0, 640.0]
[0.0, 32.0, 855.0, 673.0]
[128.0, 16.0, 984.0, 658.0]
[80.0, 16.0, 937.0, 659.0]
[16.0, 0.0, 874.0, 644.0]
[32.0, 32.0, 891.0, 676.0]
[32.0, 32.0, 892.0, 677.0]
[80.0, 0.0, 941.0, 646.0]
[112.0, 32.0, 974.0, 678.0]
[80.0, 16.0, 943.0, 663.0]
[32.0, 32.0, 896.0, 680.0]
[32.0, 16.0, 897.0, 665.0]
[144.0, 0.0, 1010.0, 650.0]
[96.0, 32.0, 963.0, 682.0]
[112.0, 32.0, 980.0, 683.0]
[64.0, 0.0, 933.0, 652.0]
[96.0, 16.0, 966.0, 668.0]
[144.0, 16.0, 1015.0, 669.0]
[80.0, 0.0, 952.0, 654.0]
[96.0, 16.0, 969.0, 671.0]
[48.0, 0.0, 922.0, 656.0]
[64.0, 16.0, 939.0, 672.0]
[96.0, 16.0, 972.0, 673.0]
[96.0, 16.0, 973.0, 674.0]
[80.0, 16.0, 958.0, 674.0]
[0.0, 0.0, 879.0, 659.0]
[32.0, 0.0, 912.0, 660.0]
[96.0, 16.0, 977.0, 677.0]
[112.0, 0.0, 994.0, 662.0]
[16.0, 16.0, 899.0, 678.0]
[0.0, 0.0, 884.0, 663.0]
[80.0, 16.0, 965.0, 680.0]
[16.0, 16.0, 902.0, 680.0]
[80.0, 16.0, 967.0, 681.0]
[128.0, 0.0, 1016.0, 666.0]
[64.0, 16.0, 953.0, 683.0]
[80.0, 0.0, 970.0, 668.0]
[128.0, 0.0, 1019.0, 668.0]
[128.0, 0.0, 1020.0, 669.0]
[80.0, 0.0, 973.0, 670.0]
[16.0, 0.0, 910.0, 670.0]
[96.0, 0.0, 991.0, 671.0]
[128.0, 0.0, 1024.0, 672.0]
[96.0, 0.0, 993.0, 673.0]
[0.0, 0.0, 898.0, 674.0]
[112.0, 0.0, 1011.0, 674.0]
[32.0, 0.0, 932.0, 675.0]
[48.0, 0.0, 949.0, 676.0]
[64.0, 0.0, 966.0, 676.0]
[112.0, 0.0, 1015.0, 677.0]
[112.0, 0.0, 1016.0, 678.0]
[64.0, 0.0, 969.0, 679.0]
[64.0, 0.0, 970.0, 680.0]
[32.0, 0.0, 939.0, 680.0]
[48.0, 0.0, 956.0, 681.0]
[32.0, 0.0, 941.0, 682.0]
[48.0, 0.0, 958.0, 682.0]
[80.0, 0.0, 991.0, 683.0]
