[64.0, 64.0, 781.0, 602.0]
[80.0, 32.0, 798.0, 570.0]
[48.0, 64.0, 767.0, 603.0]
[80.0, 80.0, 800.0, 620.0]
[32.0, 64.0, 753.0, 605.0]
[48.0, 0.0, 770.0, 542.0]
[144.0, 64.0, 867.0, 606.0]
[64.0, 16.0, 788.0, 559.0]
[112.0, 96.0, 837.0, 640.0]
[32.0, 48.0, 758.0, 592.0]
[64.0, 32.0, 791.0, 577.0]
[96.0, 0.0, 824.0, 546.0]
[128.0, 32.0, 857.0, 579.0]
[32.0, 64.0, 762.0, 612.0]
[128.0, 48.0, 859.0, 596.0]
[48.0, 16.0, 780.0, 565.0]
[48.0, 0.0, 781.0, 550.0]
[176.0, 16.0, 910.0, 566.0]
[96.0, 48.0, 831.0, 599.0]
[144.0, 64.0, 880.0, 616.0]
[144.0, 16.0, 881.0, 569.0]
[80.0, 80.0, 818.0, 634.0]
[64.0, 32.0, 803.0, 586.0]
[112.0, 32.0, 852.0, 587.0]
[64.0, 80.0, 805.0, 636.0]
[96.0, 16.0, 838.0, 572.0]
[48.0, 16.0, 791.0, 573.0]
[112.0, 32.0, 856.0, 590.0]
[32.0, 48.0, 777.0, 607.0]
[64.0, 32.0, 810.0, 592.0]
[32.0, 64.0, 779.0, 624.0]
[96.0, 48.0, 844.0, 609.0]
[160.0, 48.0, 909.0, 610.0]
[48.0, 64.0, 798.0, 626.0]
[128.0, 32.0, 879.0, 595.0]
[80.0, 16.0, 832.0, 580.0]
[128.0, 16.0, 881.0, 581.0]
[144.0, 32.0, 898.0, 598.0]
[96.0, 0.0, 851.0, 566.0]
[112.0, 48.0, 868.0, 615.0]
[48.0, 0.0, 805.0, 568.0]
[32.0, 48.0, 790.0, 616.0]
[128.0, 0.0, 887.0, 569.0]
[128.0, 0.0, 888.0, 570.0]
[96.0, 0.0, 857.0, 571.0]
[128.0, 16.0, 890.0, 588.0]
[80.0, 0.0, 843.0, 572.0]
[96.0, 80.0, 860.0, 653.0]
[128.0, 64.0, 893.0, 638.0]
[32.0, 80.0, 798.0, 654.0]
[96.0, 32.0, 863.0, 607.0]
[128.0, 16.0, 896.0, 592.0]
[48.0, 32.0, 817.0, 609.0]
[64.0, 80.0, 834.0, 658.0]
[64.0, 0.0, 835.0, 578.0]
[128.0, 64.0, 900.0, 643.0]
[128.0, 64.0, 901.0, 644.0]
[64.0, 64.0, 838.0, 644.0]
[112.0, 80.0, 887.0, 661.0]
[64.0, 80.0, 840.0, 662.0]
[128.0, 64.0, 905.0, 647.0]
[80.0, 80.0, 858.0, 664.0]
[48.0, 48.0, 827.0, 632.0]
[32.0, 80.0, 812.0, 665.0]
[64.0, 80.0, 845.0, 666.0]
[32.0, 32.0, 814.0, 618.0]
[80.0, 0.0, 863.0, 587.0]
[48.0, 48.0, 832.0, 636.0]
[80.0, 80.0, 865.0, 669.0]
[64.0, 16.0, 850.0, 606.0]
[64.0, 32.0, 851.0, 622.0]
[80.0, 16.0, 868.0, 607.0]
[80.0, 80.0, 869.0, 672.0]
[112.0, 64.0, 902.0, 656.0]
[80.0, 32.0, 871.0, 625.0]
[48.0, 48.0, 840.0, 642.0]
[80.0, 16.0, 873.0, 611.0]
[64.0, 48.0, 858.0, 644.0]
[32.0, 32.0, 827.0, 628.0]
[48.0, 0.0, 844.0, 597.0]
[112.0, 16.0, 909.0, 614.0]
[96.0, 16.0, 894.0, 614.0]
[64.0, 0.0, 863.0, 599.0]
[96.0, 64.0, 896.0, 664.0]
[80.0, 16.0, 881.0, 617.0]
[64.0, 48.0, 866.0, 650.0]
[96.0, 64.0, 899.0, 666.0]
[32.0, 0.0, 836.0, 603.0]
[32.0, 32.0, 837.0, 636.0]
[80.0, 16.0, 886.0, 620.0]
[96.0, 16.0, 903.0, 621.0]
[80.0, 16.0, 888.0, 622.0]
[32.0, 16.0, 841.0, 623.0]
[32.0, 32.0, 842.0, 640.0]
[64.0, 64.0, 875.0, 672.0]
[96.0, 0.0, 908.0, 609.0]
[80.0, 64.0, 893.0, 674.0]
[48.0, 0.0, 862.0, 610.0]
[48.0, 48.0, 863.0, 659.0]
[80.0, 48.0, 896.0, 660.0]
[64.0, 64.0, 881.0, 677.0]
[64.0, 48.0, 882.0, 662.0]
[48.0, 0.0, 867.0, 614.0]
[64.0, 48.0, 884.0, 663.0]
[48.0, 32.0, 869.0, 648.0]
[80.0, 0.0, 902.0, 616.0]
[32.0, 64.0, 855.0, 681.0]
[48.0, 0.0, 872.0, 618.0]
[80.0, 16.0, 905.0, 635.0]
[64.0, 16.0, 890.0, 636.0]
[32.0, 16.0, 859.0, 636.0]
[80.0, 32.0, 908.0, 653.0]
[64.0, 32.0, 893.0, 654.0]
[32.0, 48.0, 862.0, 670.0]
[32.0, 32.0, 863.0, 655.0]
[48.0, 48.0, 880.0, 672.0]
[32.0, 16.0, 865.0, 641.0]
[32.0, 0.0, 866.0, 626.0]
[32.0, 48.0, 867.0, 674.0]
[32.0, 32.0, 868.0, 659.0]
[32.0, 48.0, 869.0, 676.0]
[48.0, 32.0, 886.0, 660.0]
[64.0, 48.0, 903.0, 677.0]
[64.0, 48.0, 904.0, 678.0]
[64.0, 32.0, 905.0, 663.0]
[48.0, 16.0, 890.0, 648.0]
[48.0, 48.0, 891.0, 680.0]
[48.0, 16.0, 892.0, 649.0]
[48.0, 16.0, 893.0, 650.0]
[48.0, 48.0, 894.0, 682.0]
[48.0, 48.0, 895.0, 683.0]
[48.0, 32.0, 896.0, 668.0]
[48.0, 16.0, 897.0, 653.0]
[48.0, 32.0, 898.0, 670.0]
[48.0, 0.0, 899.0, 638.0]
[48.0, 32.0, 900.0, 671.0]
[48.0, 32.0, 901.0, 672.0]
[48.0, 32.0, 902.0, 672.0]
[48.0, 0.0, 903.0, 641.0]
[48.0, 32.0, 904.0, 674.0]
