[176.0, 48.0, 733.0, 791.0]
[144.0, 48.0, 702.0, 792.0]
[128.0, 64.0, 687.0, 809.0]
[96.0, 48.0, 656.0, 794.0]
[192.0, 64.0, 752.0, 811.0]
[48.0, 64.0, 609.0, 812.0]
[224.0, 48.0, 786.0, 797.0]
[96.0, 64.0, 658.0, 814.0]
[144.0, 48.0, 707.0, 799.0]
[96.0, 32.0, 660.0, 784.0]
[112.0, 32.0, 677.0, 785.0]
[96.0, 64.0, 662.0, 818.0]
[112.0, 64.0, 678.0, 819.0]
[96.0, 48.0, 663.0, 804.0]
[192.0, 48.0, 760.0, 805.0]
[176.0, 48.0, 744.0, 806.0]
[64.0, 48.0, 633.0, 807.0]
[208.0, 32.0, 778.0, 792.0]
[80.0, 32.0, 651.0, 793.0]
[80.0, 32.0, 652.0, 794.0]
[208.0, 64.0, 780.0, 827.0]
[144.0, 48.0, 717.0, 812.0]
[160.0, 32.0, 734.0, 797.0]
[176.0, 48.0, 750.0, 814.0]
[128.0, 16.0, 703.0, 783.0]
[208.0, 32.0, 784.0, 800.0]
[176.0, 48.0, 753.0, 817.0]
[176.0, 64.0, 754.0, 834.0]
[112.0, 32.0, 690.0, 803.0]
[176.0, 32.0, 755.0, 804.0]
[80.0, 16.0, 660.0, 789.0]
[112.0, 48.0, 692.0, 822.0]
[208.0, 32.0, 789.0, 807.0]
[160.0, 16.0, 742.0, 792.0]
[112.0, 32.0, 695.0, 809.0]
[144.0, 64.0, 728.0, 842.0]
[224.0, 32.0, 808.0, 811.0]
[224.0, 0.0, 809.0, 780.0]
[112.0, 32.0, 698.0, 813.0]
[128.0, 0.0, 714.0, 782.0]
[48.0, 16.0, 635.0, 799.0]
[192.0, 16.0, 780.0, 800.0]
[32.0, 16.0, 621.0, 801.0]
[112.0, 64.0, 702.0, 850.0]
[176.0, 32.0, 766.0, 819.0]
[160.0, 64.0, 751.0, 852.0]
[160.0, 16.0, 752.0, 805.0]
[80.0, 0.0, 672.0, 790.0]
[80.0, 64.0, 673.0, 855.0]
[112.0, 0.0, 706.0, 792.0]
[224.0, 16.0, 819.0, 809.0]
[192.0, 16.0, 788.0, 810.0]
[208.0, 32.0, 804.0, 827.0]
[192.0, 32.0, 789.0, 828.0]
[160.0, 16.0, 758.0, 813.0]
[144.0, 48.0, 742.0, 846.0]
[48.0, 48.0, 647.0, 847.0]
[176.0, 48.0, 776.0, 848.0]
[112.0, 0.0, 713.0, 801.0]
[32.0, 0.0, 634.0, 802.0]
[64.0, 64.0, 666.0, 867.0]
[208.0, 32.0, 811.0, 836.0]
[208.0, 0.0, 812.0, 805.0]
[208.0, 32.0, 812.0, 838.0]
[80.0, 48.0, 685.0, 855.0]
[112.0, 48.0, 718.0, 856.0]
[176.0, 16.0, 783.0, 825.0]
[48.0, 16.0, 656.0, 826.0]
[80.0, 48.0, 688.0, 859.0]
[144.0, 16.0, 753.0, 828.0]
[224.0, 16.0, 834.0, 829.0]
[64.0, 32.0, 674.0, 846.0]
[208.0, 0.0, 819.0, 815.0]
[208.0, 32.0, 820.0, 848.0]
[112.0, 48.0, 725.0, 865.0]
[96.0, 64.0, 710.0, 882.0]
[80.0, 48.0, 694.0, 867.0]
[208.0, 48.0, 823.0, 868.0]
[112.0, 32.0, 728.0, 853.0]
[192.0, 32.0, 808.0, 854.0]
[64.0, 48.0, 681.0, 871.0]
[144.0, 48.0, 762.0, 872.0]
[32.0, 64.0, 651.0, 889.0]
[208.0, 0.0, 828.0, 826.0]
[144.0, 0.0, 764.0, 827.0]
[192.0, 0.0, 813.0, 828.0]
[128.0, 48.0, 750.0, 877.0]
[96.0, 64.0, 718.0, 894.0]
[176.0, 32.0, 799.0, 863.0]
[96.0, 16.0, 720.0, 848.0]
[64.0, 48.0, 689.0, 881.0]
[32.0, 0.0, 658.0, 834.0]
[64.0, 16.0, 690.0, 851.0]
[144.0, 32.0, 771.0, 868.0]
[16.0, 16.0, 644.0, 853.0]
[176.0, 16.0, 804.0, 854.0]
[208.0, 0.0, 837.0, 839.0]
[32.0, 16.0, 662.0, 856.0]
[96.0, 64.0, 727.0, 905.0]
[16.0, 0.0, 648.0, 842.0]
[64.0, 48.0, 696.0, 891.0]
[160.0, 32.0, 793.0, 876.0]
[192.0, 32.0, 826.0, 877.0]
[32.0, 0.0, 666.0, 846.0]
[160.0, 64.0, 795.0, 911.0]
[16.0, 16.0, 652.0, 864.0]
[96.0, 0.0, 733.0, 849.0]
[144.0, 48.0, 782.0, 898.0]
[80.0, 32.0, 718.0, 883.0]
[80.0, 48.0, 719.0, 900.0]
[64.0, 32.0, 704.0, 885.0]
[64.0, 64.0, 704.0, 918.0]
[176.0, 16.0, 817.0, 871.0]
[48.0, 0.0, 690.0, 856.0]
[144.0, 16.0, 787.0, 873.0]
[80.0, 64.0, 724.0, 922.0]
[112.0, 16.0, 756.0, 875.0]
[96.0, 16.0, 741.0, 876.0]
[112.0, 32.0, 758.0, 893.0]
[144.0, 0.0, 790.0, 862.0]
[176.0, 0.0, 823.0, 863.0]
[48.0, 32.0, 696.0, 896.0]
[80.0, 32.0, 729.0, 897.0]
[96.0, 80.0, 746.0, 946.0]
[160.0, 32.0, 810.0, 899.0]
[112.0, 0.0, 763.0, 868.0]
[176.0, 16.0, 828.0, 885.0]
[128.0, 16.0, 780.0, 886.0]
[32.0, 32.0, 685.0, 903.0]
[96.0, 64.0, 750.0, 936.0]
[48.0, 64.0, 703.0, 937.0]
[112.0, 16.0, 768.0, 890.0]
[64.0, 32.0, 720.0, 907.0]
[32.0, 64.0, 689.0, 940.0]
[64.0, 16.0, 722.0, 893.0]
[160.0, 16.0, 818.0, 894.0]
[80.0, 32.0, 739.0, 911.0]
[32.0, 0.0, 692.0, 880.0]
[32.0, 48.0, 693.0, 929.0]
[96.0, 16.0, 758.0, 898.0]
[160.0, 48.0, 822.0, 931.0]
[112.0, 16.0, 775.0, 900.0]
[80.0, 64.0, 744.0, 949.0]
[160.0, 48.0, 824.0, 934.0]
[64.0, 64.0, 729.0, 951.0]
[112.0, 48.0, 778.0, 936.0]
[160.0, 16.0, 827.0, 905.0]
[144.0, 16.0, 812.0, 906.0]
[48.0, 16.0, 716.0, 907.0]
[48.0, 80.0, 717.0, 972.0]
[80.0, 0.0, 750.0, 893.0]
[80.0, 32.0, 750.0, 926.0]
[96.0, 80.0, 767.0, 975.0]
[48.0, 80.0, 720.0, 976.0]
[144.0, 16.0, 817.0, 913.0]
[96.0, 0.0, 770.0, 898.0]
[112.0, 48.0, 786.0, 947.0]
[48.0, 48.0, 723.0, 948.0]
[48.0, 64.0, 724.0, 965.0]
[32.0, 16.0, 708.0, 918.0]
[128.0, 16.0, 805.0, 919.0]
[112.0, 48.0, 790.0, 952.0]
[48.0, 0.0, 727.0, 905.0]
[128.0, 32.0, 808.0, 938.0]
[96.0, 48.0, 776.0, 955.0]
[48.0, 64.0, 729.0, 972.0]
[112.0, 0.0, 794.0, 909.0]
[64.0, 0.0, 746.0, 910.0]
[48.0, 64.0, 731.0, 975.0]
[80.0, 0.0, 764.0, 912.0]
[48.0, 16.0, 733.0, 929.0]
[48.0, 64.0, 734.0, 978.0]
[112.0, 32.0, 798.0, 947.0]
[48.0, 80.0, 735.0, 996.0]
[32.0, 48.0, 720.0, 965.0]
[144.0, 16.0, 832.0, 934.0]
[48.0, 48.0, 737.0, 967.0]
[112.0, 64.0, 802.0, 984.0]
[96.0, 32.0, 787.0, 953.0]
[16.0, 48.0, 708.0, 970.0]
[16.0, 16.0, 708.0, 939.0]
[112.0, 80.0, 805.0, 1004.0]
[48.0, 64.0, 742.0, 989.0]
[16.0, 32.0, 710.0, 958.0]
[96.0, 64.0, 791.0, 991.0]
[48.0, 64.0, 744.0, 992.0]
[128.0, 64.0, 825.0, 993.0]
[64.0, 32.0, 762.0, 962.0]
[48.0, 48.0, 746.0, 979.0]
[16.0, 0.0, 715.0, 932.0]
[32.0, 64.0, 732.0, 997.0]
[32.0, 64.0, 732.0, 998.0]
[64.0, 48.0, 765.0, 983.0]
[16.0, 32.0, 718.0, 968.0]
[112.0, 0.0, 815.0, 937.0]
[80.0, 48.0, 784.0, 986.0]
[80.0, 48.0, 784.0, 987.0]
[112.0, 16.0, 817.0, 956.0]
[80.0, 48.0, 786.0, 989.0]
[32.0, 64.0, 738.0, 1006.0]
[48.0, 48.0, 755.0, 991.0]
[32.0, 32.0, 740.0, 976.0]
[128.0, 32.0, 837.0, 977.0]
[128.0, 32.0, 838.0, 978.0]
[64.0, 16.0, 774.0, 963.0]
[48.0, 0.0, 759.0, 948.0]
[128.0, 0.0, 840.0, 949.0]
[16.0, 32.0, 728.0, 982.0]
[64.0, 0.0, 777.0, 951.0]
[64.0, 32.0, 778.0, 984.0]
[32.0, 16.0, 747.0, 969.0]
[32.0, 64.0, 748.0, 1018.0]
[32.0, 0.0, 748.0, 955.0]
[96.0, 0.0, 813.0, 956.0]
[16.0, 32.0, 734.0, 989.0]
[32.0, 0.0, 750.0, 958.0]
[96.0, 16.0, 815.0, 975.0]
[48.0, 64.0, 768.0, 1024.0]
[96.0, 48.0, 817.0, 1009.0]
[48.0, 48.0, 770.0, 1010.0]
[32.0, 32.0, 754.0, 995.0]
[48.0, 16.0, 771.0, 980.0]
[32.0, 48.0, 756.0, 1013.0]
[48.0, 16.0, 772.0, 982.0]
[32.0, 0.0, 757.0, 967.0]
[96.0, 32.0, 822.0, 1000.0]
[32.0, 16.0, 759.0, 985.0]
[80.0, 48.0, 808.0, 1018.0]
[112.0, 32.0, 840.0, 1003.0]
[64.0, 48.0, 793.0, 1020.0]
[112.0, 0.0, 842.0, 973.0]
[48.0, 32.0, 778.0, 1006.0]
[32.0, 32.0, 763.0, 1007.0]
[96.0, 0.0, 828.0, 976.0]
[16.0, 0.0, 749.0, 977.0]
[64.0, 0.0, 798.0, 978.0]
[16.0, 0.0, 750.0, 979.0]
[48.0, 16.0, 783.0, 996.0]
[16.0, 16.0, 752.0, 997.0]
[48.0, 16.0, 784.0, 998.0]
[96.0, 32.0, 833.0, 1015.0]
[48.0, 16.0, 786.0, 1000.0]
[16.0, 32.0, 755.0, 1017.0]
[80.0, 0.0, 820.0, 986.0]
[48.0, 32.0, 788.0, 1019.0]
[64.0, 0.0, 805.0, 988.0]
[48.0, 0.0, 790.0, 989.0]
[48.0, 32.0, 790.0, 1022.0]
[48.0, 16.0, 791.0, 1007.0]
[96.0, 16.0, 840.0, 1008.0]
[48.0, 16.0, 793.0, 1009.0]
[64.0, 16.0, 810.0, 1010.0]
[48.0, 16.0, 794.0, 1011.0]
[80.0, 16.0, 827.0, 1012.0]
[32.0, 0.0, 780.0, 997.0]
[64.0, 16.0, 812.0, 1014.0]
[16.0, 16.0, 765.0, 1015.0]
[80.0, 16.0, 830.0, 1016.0]
[32.0, 0.0, 783.0, 1001.0]
[16.0, 16.0, 768.0, 1018.0]
[32.0, 0.0, 784.0, 1003.0]
[80.0, 0.0, 833.0, 1004.0]
[80.0, 16.0, 834.0, 1021.0]
[48.0, 0.0, 802.0, 1006.0]
[80.0, 16.0, 835.0, 1023.0]
[16.0, 16.0, 772.0, 1024.0]
[64.0, 0.0, 821.0, 1009.0]
[32.0, 0.0, 790.0, 1010.0]
[80.0, 0.0, 838.0, 1011.0]
[64.0, 0.0, 823.0, 1012.0]
[64.0, 0.0, 824.0, 1013.0]
[16.0, 0.0, 776.0, 1014.0]
[16.0, 0.0, 777.0, 1015.0]
[48.0, 0.0, 810.0, 1016.0]
[32.0, 0.0, 795.0, 1017.0]
[16.0, 0.0, 780.0, 1018.0]
[48.0, 0.0, 812.0, 1019.0]
[64.0, 0.0, 829.0, 1020.0]
[48.0, 0.0, 814.0, 1021.0]
[16.0, 0.0, 782.0, 1022.0]
[48.0, 0.0, 815.0, 1023.0]
[16.0, 0.0, 784.0, 1024.0]
