[32.0, 96.0, 749.0, 634.0]
[32.0, 96.0, 750.0, 634.0]
[0.0, 96.0, 719.0, 635.0]
[112.0, 128.0, 832.0, 668.0]
[16.0, 80.0, 737.0, 621.0]
[80.0, 80.0, 802.0, 622.0]
[128.0, 112.0, 851.0, 654.0]
[96.0, 128.0, 820.0, 671.0]
[32.0, 128.0, 757.0, 672.0]
[16.0, 48.0, 742.0, 592.0]
[80.0, 80.0, 807.0, 625.0]
[16.0, 96.0, 744.0, 642.0]
[64.0, 64.0, 793.0, 611.0]
[80.0, 96.0, 810.0, 644.0]
[112.0, 112.0, 843.0, 660.0]
[48.0, 80.0, 780.0, 629.0]
[112.0, 112.0, 845.0, 662.0]
[32.0, 80.0, 766.0, 630.0]
[96.0, 112.0, 831.0, 663.0]
[64.0, 128.0, 800.0, 680.0]
[32.0, 112.0, 769.0, 665.0]
[16.0, 64.0, 754.0, 618.0]
[32.0, 96.0, 771.0, 650.0]
[0.0, 96.0, 740.0, 651.0]
[64.0, 80.0, 805.0, 636.0]
[16.0, 64.0, 758.0, 620.0]
[0.0, 112.0, 743.0, 669.0]
[0.0, 48.0, 744.0, 606.0]
[0.0, 48.0, 745.0, 607.0]
[32.0, 48.0, 778.0, 608.0]
[32.0, 64.0, 779.0, 624.0]
[48.0, 80.0, 796.0, 641.0]
[48.0, 64.0, 797.0, 626.0]
[64.0, 112.0, 814.0, 674.0]
[16.0, 80.0, 767.0, 643.0]
[48.0, 80.0, 800.0, 644.0]
[0.0, 96.0, 753.0, 661.0]
[16.0, 64.0, 770.0, 630.0]
[48.0, 64.0, 803.0, 630.0]
[48.0, 112.0, 804.0, 679.0]
[16.0, 64.0, 773.0, 632.0]
[80.0, 112.0, 838.0, 680.0]
[64.0, 96.0, 823.0, 665.0]
[48.0, 64.0, 808.0, 634.0]
[32.0, 96.0, 793.0, 667.0]
[0.0, 96.0, 762.0, 668.0]
[48.0, 96.0, 811.0, 668.0]
[48.0, 48.0, 812.0, 621.0]
[16.0, 48.0, 781.0, 622.0]
[64.0, 96.0, 830.0, 670.0]
[80.0, 80.0, 847.0, 655.0]
[48.0, 80.0, 816.0, 656.0]
[64.0, 96.0, 833.0, 673.0]
[16.0, 96.0, 786.0, 674.0]
[80.0, 96.0, 851.0, 674.0]
[64.0, 64.0, 836.0, 643.0]
[16.0, 96.0, 789.0, 676.0]
[48.0, 64.0, 822.0, 644.0]
[64.0, 96.0, 839.0, 677.0]
[48.0, 48.0, 824.0, 630.0]
[0.0, 96.0, 777.0, 679.0]
[64.0, 96.0, 842.0, 680.0]
[32.0, 48.0, 811.0, 632.0]
[16.0, 96.0, 796.0, 681.0]
[0.0, 64.0, 781.0, 650.0]
[0.0, 48.0, 782.0, 634.0]
[16.0, 80.0, 799.0, 667.0]
[16.0, 48.0, 800.0, 636.0]
[16.0, 80.0, 801.0, 669.0]
[0.0, 80.0, 786.0, 670.0]
[0.0, 48.0, 787.0, 638.0]
[32.0, 80.0, 820.0, 671.0]
[0.0, 64.0, 789.0, 656.0]
[16.0, 48.0, 806.0, 640.0]
[64.0, 64.0, 855.0, 657.0]
[64.0, 64.0, 856.0, 658.0]
[0.0, 64.0, 793.0, 659.0]
[0.0, 64.0, 794.0, 660.0]
[32.0, 80.0, 827.0, 676.0]
[32.0, 48.0, 828.0, 645.0]
[16.0, 48.0, 813.0, 646.0]
[16.0, 48.0, 814.0, 646.0]
[32.0, 48.0, 831.0, 647.0]
[0.0, 64.0, 800.0, 664.0]
[48.0, 64.0, 849.0, 665.0]
[0.0, 64.0, 802.0, 666.0]
[32.0, 48.0, 835.0, 650.0]
[0.0, 64.0, 804.0, 667.0]
[32.0, 64.0, 837.0, 668.0]
[16.0, 64.0, 822.0, 668.0]
[0.0, 48.0, 807.0, 653.0]
[0.0, 64.0, 808.0, 670.0]
[32.0, 64.0, 841.0, 671.0]
[0.0, 48.0, 810.0, 656.0]
[32.0, 64.0, 843.0, 672.0]
[32.0, 48.0, 844.0, 657.0]
[32.0, 48.0, 845.0, 658.0]
[32.0, 48.0, 846.0, 658.0]
