[128.0, 32.0, 845.0, 570.0]
[160.0, 48.0, 878.0, 586.0]
[272.0, 48.0, 991.0, 587.0]
[80.0, 64.0, 800.0, 604.0]
[176.0, 32.0, 897.0, 573.0]
[224.0, 16.0, 946.0, 558.0]
[128.0, 64.0, 851.0, 606.0]
[176.0, 64.0, 900.0, 607.0]
[160.0, 32.0, 885.0, 576.0]
[48.0, 48.0, 774.0, 592.0]
[192.0, 64.0, 919.0, 609.0]
[176.0, 32.0, 904.0, 578.0]
[272.0, 48.0, 1001.0, 595.0]
[80.0, 48.0, 810.0, 596.0]
[80.0, 32.0, 811.0, 580.0]
[128.0, 48.0, 860.0, 597.0]
[128.0, 16.0, 861.0, 566.0]
[240.0, 16.0, 974.0, 566.0]
[112.0, 16.0, 847.0, 567.0]
[192.0, 32.0, 928.0, 584.0]
[144.0, 64.0, 881.0, 617.0]
[240.0, 32.0, 978.0, 586.0]
[128.0, 16.0, 867.0, 570.0]
[160.0, 0.0, 900.0, 555.0]
[112.0, 48.0, 853.0, 604.0]
[64.0, 0.0, 806.0, 556.0]
[64.0, 48.0, 807.0, 605.0]
[144.0, 16.0, 888.0, 574.0]
[240.0, 48.0, 985.0, 607.0]
[112.0, 16.0, 858.0, 576.0]
[48.0, 0.0, 795.0, 560.0]
[112.0, 32.0, 860.0, 593.0]
[208.0, 32.0, 957.0, 594.0]
[32.0, 48.0, 782.0, 610.0]
[64.0, 32.0, 815.0, 595.0]
[176.0, 48.0, 928.0, 612.0]
[144.0, 64.0, 897.0, 629.0]
[96.0, 16.0, 850.0, 582.0]
[192.0, 48.0, 947.0, 614.0]
[176.0, 64.0, 932.0, 631.0]
[128.0, 48.0, 885.0, 616.0]
[224.0, 0.0, 982.0, 568.0]
[176.0, 64.0, 935.0, 633.0]
[48.0, 32.0, 808.0, 602.0]
[64.0, 64.0, 825.0, 635.0]
[80.0, 32.0, 842.0, 604.0]
[176.0, 16.0, 939.0, 588.0]
[112.0, 64.0, 876.0, 637.0]
[192.0, 32.0, 957.0, 606.0]
[112.0, 0.0, 878.0, 574.0]
[0.0, 16.0, 767.0, 591.0]
[208.0, 64.0, 976.0, 640.0]
[240.0, 0.0, 1009.0, 577.0]
[80.0, 16.0, 850.0, 594.0]
[224.0, 16.0, 995.0, 594.0]
[240.0, 16.0, 1012.0, 595.0]
[48.0, 0.0, 821.0, 580.0]
[32.0, 16.0, 806.0, 596.0]
[128.0, 64.0, 903.0, 645.0]
[112.0, 32.0, 888.0, 614.0]
[144.0, 32.0, 921.0, 615.0]
[240.0, 48.0, 1018.0, 632.0]
[48.0, 32.0, 827.0, 616.0]
[240.0, 32.0, 1020.0, 617.0]
[96.0, 16.0, 877.0, 602.0]
[64.0, 48.0, 846.0, 634.0]
[80.0, 32.0, 863.0, 619.0]
[144.0, 48.0, 928.0, 636.0]
[64.0, 0.0, 849.0, 589.0]
[80.0, 32.0, 866.0, 622.0]
[80.0, 16.0, 867.0, 606.0]
[64.0, 64.0, 852.0, 655.0]
[144.0, 0.0, 933.0, 592.0]
[48.0, 64.0, 838.0, 656.0]
[48.0, 32.0, 839.0, 625.0]
[176.0, 32.0, 968.0, 626.0]
[208.0, 32.0, 1001.0, 627.0]
[128.0, 32.0, 922.0, 628.0]
[176.0, 48.0, 971.0, 644.0]
[64.0, 32.0, 860.0, 629.0]
[208.0, 32.0, 1005.0, 630.0]
[224.0, 16.0, 1022.0, 614.0]
[32.0, 64.0, 831.0, 663.0]
[176.0, 32.0, 976.0, 632.0]
[64.0, 64.0, 865.0, 665.0]
[176.0, 32.0, 978.0, 634.0]
[16.0, 48.0, 819.0, 650.0]
[16.0, 0.0, 820.0, 603.0]
[160.0, 64.0, 965.0, 668.0]
[176.0, 32.0, 982.0, 636.0]
[144.0, 16.0, 951.0, 621.0]
[80.0, 32.0, 888.0, 638.0]
[32.0, 64.0, 841.0, 671.0]
[192.0, 16.0, 1002.0, 624.0]
[16.0, 48.0, 827.0, 656.0]
[176.0, 32.0, 988.0, 641.0]
[128.0, 32.0, 941.0, 642.0]
[208.0, 16.0, 1022.0, 626.0]
[48.0, 32.0, 863.0, 643.0]
[192.0, 16.0, 1008.0, 628.0]
[48.0, 48.0, 865.0, 661.0]
[160.0, 32.0, 978.0, 646.0]
[16.0, 48.0, 835.0, 662.0]
[48.0, 16.0, 868.0, 631.0]
[16.0, 32.0, 837.0, 648.0]
[176.0, 64.0, 998.0, 680.0]
[192.0, 0.0, 1015.0, 617.0]
[160.0, 48.0, 984.0, 666.0]
[0.0, 32.0, 825.0, 651.0]
[0.0, 32.0, 826.0, 652.0]
[144.0, 32.0, 971.0, 652.0]
[48.0, 48.0, 876.0, 669.0]
[64.0, 0.0, 893.0, 622.0]
[16.0, 32.0, 846.0, 654.0]
[32.0, 48.0, 863.0, 671.0]
[160.0, 0.0, 992.0, 624.0]
[176.0, 32.0, 1009.0, 657.0]
[80.0, 32.0, 914.0, 658.0]
[16.0, 32.0, 851.0, 658.0]
[32.0, 16.0, 868.0, 643.0]
[48.0, 0.0, 885.0, 628.0]
[16.0, 16.0, 854.0, 644.0]
[128.0, 32.0, 967.0, 661.0]
[48.0, 32.0, 888.0, 662.0]
[16.0, 0.0, 857.0, 631.0]
[80.0, 48.0, 922.0, 680.0]
[64.0, 16.0, 907.0, 648.0]
[112.0, 48.0, 956.0, 681.0]
[16.0, 32.0, 861.0, 666.0]
[16.0, 32.0, 862.0, 666.0]
[96.0, 0.0, 943.0, 635.0]
[16.0, 16.0, 864.0, 652.0]
[144.0, 32.0, 993.0, 669.0]
[96.0, 32.0, 946.0, 670.0]
[80.0, 32.0, 931.0, 670.0]
[112.0, 32.0, 964.0, 671.0]
[32.0, 16.0, 885.0, 656.0]
[64.0, 32.0, 918.0, 672.0]
[48.0, 32.0, 903.0, 673.0]
[80.0, 32.0, 936.0, 674.0]
[128.0, 0.0, 985.0, 643.0]
[112.0, 0.0, 970.0, 644.0]
[96.0, 32.0, 955.0, 676.0]
[128.0, 0.0, 988.0, 645.0]
[112.0, 16.0, 973.0, 662.0]
[96.0, 0.0, 958.0, 646.0]
[144.0, 0.0, 1007.0, 647.0]
[144.0, 32.0, 1008.0, 680.0]
[48.0, 0.0, 913.0, 649.0]
[48.0, 32.0, 914.0, 682.0]
[112.0, 16.0, 979.0, 666.0]
[0.0, 32.0, 868.0, 683.0]
[80.0, 16.0, 949.0, 668.0]
[0.0, 16.0, 870.0, 668.0]
[128.0, 16.0, 999.0, 669.0]
[48.0, 16.0, 920.0, 670.0]
[144.0, 0.0, 1017.0, 655.0]
[128.0, 0.0, 1002.0, 656.0]
[32.0, 16.0, 907.0, 672.0]
[32.0, 0.0, 908.0, 657.0]
[144.0, 16.0, 1021.0, 674.0]
[64.0, 16.0, 942.0, 674.0]
[32.0, 16.0, 911.0, 675.0]
[128.0, 0.0, 1008.0, 660.0]
[48.0, 16.0, 929.0, 677.0]
[0.0, 0.0, 882.0, 662.0]
[16.0, 0.0, 899.0, 662.0]
[32.0, 0.0, 916.0, 663.0]
[0.0, 0.0, 885.0, 664.0]
[96.0, 16.0, 982.0, 680.0]
[48.0, 0.0, 935.0, 665.0]
[80.0, 0.0, 968.0, 666.0]
[16.0, 0.0, 905.0, 667.0]
[80.0, 0.0, 970.0, 668.0]
[96.0, 0.0, 987.0, 668.0]
[128.0, 0.0, 1020.0, 669.0]
[64.0, 0.0, 957.0, 670.0]
[16.0, 0.0, 910.0, 670.0]
[112.0, 0.0, 1007.0, 671.0]
[16.0, 0.0, 912.0, 672.0]
[16.0, 0.0, 913.0, 673.0]
[48.0, 0.0, 946.0, 674.0]
[0.0, 0.0, 899.0, 674.0]
[112.0, 0.0, 1012.0, 675.0]
[112.0, 0.0, 1013.0, 676.0]
[96.0, 0.0, 998.0, 676.0]
[16.0, 0.0, 919.0, 677.0]
[112.0, 0.0, 1016.0, 678.0]
[64.0, 0.0, 969.0, 679.0]
[32.0, 0.0, 938.0, 680.0]
[16.0, 0.0, 923.0, 680.0]
[48.0, 0.0, 956.0, 681.0]
[48.0, 0.0, 957.0, 682.0]
[16.0, 0.0, 926.0, 682.0]
[112.0, 0.0, 1023.0, 683.0]
