[208.0, 128.0, 925.0, 666.0]
[96.0, 96.0, 814.0, 634.0]
[224.0, 96.0, 943.0, 635.0]
[48.0, 96.0, 768.0, 636.0]
[208.0, 64.0, 929.0, 605.0]
[208.0, 64.0, 930.0, 606.0]
[176.0, 80.0, 899.0, 622.0]
[112.0, 96.0, 836.0, 639.0]
[176.0, 128.0, 901.0, 672.0]
[256.0, 80.0, 982.0, 624.0]
[112.0, 64.0, 839.0, 609.0]
[64.0, 128.0, 792.0, 674.0]
[224.0, 112.0, 953.0, 659.0]
[160.0, 16.0, 890.0, 564.0]
[64.0, 96.0, 795.0, 644.0]
[112.0, 112.0, 844.0, 661.0]
[80.0, 64.0, 813.0, 614.0]
[80.0, 128.0, 814.0, 678.0]
[144.0, 16.0, 879.0, 567.0]
[128.0, 48.0, 864.0, 600.0]
[208.0, 128.0, 945.0, 681.0]
[96.0, 128.0, 834.0, 682.0]
[208.0, 64.0, 947.0, 618.0]
[144.0, 96.0, 884.0, 651.0]
[128.0, 112.0, 869.0, 668.0]
[128.0, 64.0, 870.0, 620.0]
[64.0, 64.0, 807.0, 621.0]
[32.0, 112.0, 776.0, 670.0]
[64.0, 80.0, 809.0, 639.0]
[32.0, 112.0, 778.0, 672.0]
[192.0, 48.0, 939.0, 608.0]
[192.0, 32.0, 940.0, 593.0]
[32.0, 96.0, 781.0, 658.0]
[64.0, 64.0, 814.0, 626.0]
[176.0, 112.0, 927.0, 675.0]
[192.0, 32.0, 944.0, 596.0]
[128.0, 16.0, 881.0, 581.0]
[224.0, 80.0, 978.0, 646.0]
[128.0, 80.0, 883.0, 646.0]
[32.0, 96.0, 788.0, 663.0]
[256.0, 80.0, 1013.0, 648.0]
[48.0, 96.0, 806.0, 664.0]
[80.0, 48.0, 839.0, 617.0]
[112.0, 64.0, 872.0, 634.0]
[64.0, 64.0, 825.0, 635.0]
[32.0, 80.0, 794.0, 652.0]
[64.0, 96.0, 827.0, 668.0]
[80.0, 16.0, 844.0, 589.0]
[80.0, 16.0, 845.0, 590.0]
[112.0, 48.0, 878.0, 622.0]
[64.0, 80.0, 831.0, 655.0]
[160.0, 64.0, 928.0, 640.0]
[160.0, 32.0, 929.0, 609.0]
[64.0, 64.0, 834.0, 642.0]
[144.0, 0.0, 915.0, 578.0]
[64.0, 64.0, 836.0, 643.0]
[48.0, 32.0, 821.0, 612.0]
[48.0, 64.0, 822.0, 644.0]
[64.0, 48.0, 839.0, 629.0]
[112.0, 64.0, 888.0, 646.0]
[80.0, 80.0, 857.0, 663.0]
[112.0, 32.0, 890.0, 616.0]
[48.0, 96.0, 827.0, 680.0]
[176.0, 16.0, 956.0, 601.0]
[160.0, 96.0, 941.0, 682.0]
[128.0, 0.0, 910.0, 586.0]
[64.0, 32.0, 847.0, 619.0]
[144.0, 48.0, 928.0, 636.0]
[128.0, 0.0, 913.0, 589.0]
[160.0, 32.0, 946.0, 622.0]
[192.0, 64.0, 979.0, 654.0]
[224.0, 80.0, 1012.0, 671.0]
[192.0, 48.0, 981.0, 640.0]
[224.0, 80.0, 1014.0, 672.0]
[32.0, 80.0, 823.0, 673.0]
[160.0, 80.0, 952.0, 674.0]
[112.0, 0.0, 905.0, 595.0]
[112.0, 16.0, 906.0, 612.0]
[96.0, 32.0, 891.0, 628.0]
[192.0, 64.0, 988.0, 661.0]
[160.0, 64.0, 957.0, 662.0]
[160.0, 0.0, 958.0, 598.0]
[144.0, 16.0, 943.0, 615.0]
[32.0, 64.0, 832.0, 664.0]
[96.0, 80.0, 897.0, 681.0]
[144.0, 32.0, 946.0, 634.0]
[48.0, 64.0, 851.0, 666.0]
[64.0, 16.0, 868.0, 619.0]
[80.0, 0.0, 885.0, 604.0]
[128.0, 0.0, 934.0, 604.0]
[80.0, 64.0, 887.0, 669.0]
[0.0, 48.0, 808.0, 654.0]
[208.0, 64.0, 1017.0, 671.0]
[128.0, 48.0, 938.0, 656.0]
[80.0, 48.0, 891.0, 656.0]
[112.0, 16.0, 924.0, 625.0]
[48.0, 48.0, 861.0, 658.0]
[80.0, 32.0, 894.0, 642.0]
[160.0, 16.0, 975.0, 627.0]
[80.0, 64.0, 896.0, 676.0]
[144.0, 64.0, 961.0, 677.0]
[48.0, 64.0, 866.0, 678.0]
[16.0, 64.0, 835.0, 678.0]
[160.0, 32.0, 980.0, 647.0]
[48.0, 64.0, 869.0, 680.0]
[128.0, 32.0, 950.0, 648.0]
[48.0, 48.0, 871.0, 665.0]
[32.0, 32.0, 856.0, 650.0]
[80.0, 64.0, 905.0, 683.0]
[32.0, 16.0, 858.0, 636.0]
[96.0, 0.0, 923.0, 620.0]
[16.0, 48.0, 844.0, 669.0]
[112.0, 32.0, 941.0, 654.0]
[112.0, 0.0, 942.0, 622.0]
[32.0, 48.0, 863.0, 671.0]
[32.0, 0.0, 864.0, 624.0]
[144.0, 16.0, 977.0, 641.0]
[144.0, 48.0, 978.0, 674.0]
[48.0, 32.0, 883.0, 658.0]
[64.0, 16.0, 900.0, 643.0]
[160.0, 16.0, 997.0, 644.0]
[0.0, 48.0, 838.0, 676.0]
[128.0, 32.0, 967.0, 661.0]
[48.0, 48.0, 888.0, 678.0]
[48.0, 16.0, 889.0, 647.0]
[176.0, 16.0, 1018.0, 648.0]
[144.0, 32.0, 987.0, 664.0]
[176.0, 48.0, 1020.0, 681.0]
[64.0, 32.0, 909.0, 666.0]
[0.0, 32.0, 846.0, 666.0]
[144.0, 0.0, 991.0, 635.0]
[160.0, 16.0, 1008.0, 652.0]
[160.0, 0.0, 1009.0, 637.0]
[96.0, 0.0, 946.0, 638.0]
[32.0, 32.0, 883.0, 670.0]
[96.0, 0.0, 948.0, 639.0]
[112.0, 32.0, 965.0, 672.0]
[96.0, 16.0, 950.0, 656.0]
[64.0, 16.0, 919.0, 657.0]
[16.0, 0.0, 872.0, 642.0]
[144.0, 16.0, 1001.0, 659.0]
[48.0, 32.0, 906.0, 676.0]
[64.0, 32.0, 923.0, 676.0]
[0.0, 16.0, 860.0, 661.0]
[0.0, 32.0, 861.0, 678.0]
[16.0, 32.0, 878.0, 678.0]
[0.0, 32.0, 863.0, 679.0]
[128.0, 16.0, 992.0, 664.0]
[0.0, 32.0, 865.0, 681.0]
[80.0, 16.0, 946.0, 666.0]
[16.0, 16.0, 883.0, 666.0]
[80.0, 0.0, 948.0, 651.0]
[64.0, 16.0, 933.0, 668.0]
[96.0, 16.0, 966.0, 668.0]
[112.0, 0.0, 983.0, 653.0]
[64.0, 16.0, 936.0, 670.0]
[112.0, 16.0, 985.0, 671.0]
[112.0, 16.0, 986.0, 672.0]
[48.0, 16.0, 923.0, 672.0]
[0.0, 0.0, 876.0, 657.0]
[128.0, 0.0, 1005.0, 658.0]
[48.0, 0.0, 926.0, 658.0]
[112.0, 0.0, 991.0, 659.0]
[144.0, 0.0, 1024.0, 660.0]
[64.0, 0.0, 945.0, 661.0]
[16.0, 0.0, 898.0, 662.0]
[32.0, 0.0, 915.0, 662.0]
[0.0, 0.0, 884.0, 663.0]
[112.0, 16.0, 997.0, 680.0]
[128.0, 16.0, 1014.0, 680.0]
[112.0, 0.0, 999.0, 665.0]
[112.0, 0.0, 1000.0, 666.0]
[64.0, 0.0, 953.0, 667.0]
[112.0, 0.0, 1002.0, 668.0]
[32.0, 0.0, 923.0, 668.0]
[112.0, 0.0, 1004.0, 669.0]
[80.0, 0.0, 973.0, 670.0]
[80.0, 0.0, 974.0, 670.0]
[96.0, 0.0, 991.0, 671.0]
[48.0, 0.0, 944.0, 672.0]
[80.0, 0.0, 977.0, 673.0]
[64.0, 0.0, 962.0, 674.0]
[32.0, 0.0, 931.0, 674.0]
[64.0, 0.0, 964.0, 675.0]
[112.0, 0.0, 1013.0, 676.0]
[80.0, 0.0, 982.0, 676.0]
[0.0, 0.0, 903.0, 677.0]
[80.0, 0.0, 984.0, 678.0]
[48.0, 0.0, 953.0, 679.0]
[0.0, 0.0, 906.0, 680.0]
[48.0, 0.0, 955.0, 680.0]
[96.0, 0.0, 1004.0, 681.0]
[112.0, 0.0, 1021.0, 682.0]
[80.0, 0.0, 990.0, 682.0]
[0.0, 0.0, 911.0, 683.0]
