[32.0, 160.0, 570.0, 877.0]
[112.0, 112.0, 650.0, 830.0]
[80.0, 160.0, 619.0, 879.0]
[96.0, 48.0, 636.0, 768.0]
[112.0, 160.0, 653.0, 881.0]
[48.0, 80.0, 590.0, 802.0]
[32.0, 112.0, 574.0, 835.0]
[128.0, 176.0, 671.0, 900.0]
[96.0, 80.0, 640.0, 805.0]
[96.0, 32.0, 640.0, 758.0]
[64.0, 160.0, 609.0, 887.0]
[32.0, 80.0, 578.0, 808.0]
[128.0, 64.0, 675.0, 793.0]
[64.0, 48.0, 612.0, 778.0]
[128.0, 80.0, 676.0, 811.0]
[112.0, 64.0, 661.0, 796.0]
[112.0, 176.0, 662.0, 909.0]
[80.0, 128.0, 630.0, 862.0]
[64.0, 160.0, 615.0, 895.0]
[64.0, 64.0, 616.0, 800.0]
[80.0, 128.0, 633.0, 865.0]
[128.0, 48.0, 682.0, 786.0]
[112.0, 16.0, 666.0, 755.0]
[112.0, 176.0, 667.0, 916.0]
[80.0, 80.0, 636.0, 821.0]
[80.0, 160.0, 636.0, 902.0]
[16.0, 112.0, 573.0, 855.0]
[128.0, 64.0, 686.0, 808.0]
[64.0, 16.0, 623.0, 761.0]
[96.0, 160.0, 656.0, 906.0]
[96.0, 112.0, 656.0, 859.0]
[32.0, 16.0, 593.0, 764.0]
[96.0, 32.0, 658.0, 781.0]
[64.0, 160.0, 626.0, 910.0]
[112.0, 80.0, 675.0, 831.0]
[0.0, 64.0, 564.0, 816.0]
[112.0, 80.0, 677.0, 833.0]
[128.0, 128.0, 694.0, 882.0]
[112.0, 96.0, 678.0, 851.0]
[112.0, 32.0, 679.0, 788.0]
[128.0, 112.0, 696.0, 869.0]
[112.0, 48.0, 680.0, 806.0]
[80.0, 16.0, 649.0, 775.0]
[112.0, 176.0, 682.0, 936.0]
[48.0, 128.0, 619.0, 889.0]
[96.0, 48.0, 668.0, 810.0]
[0.0, 112.0, 572.0, 875.0]
[32.0, 0.0, 605.0, 764.0]
[96.0, 112.0, 670.0, 877.0]
[128.0, 144.0, 702.0, 910.0]
[96.0, 144.0, 671.0, 911.0]
[48.0, 96.0, 624.0, 864.0]
[112.0, 64.0, 689.0, 833.0]
[16.0, 16.0, 594.0, 786.0]
[0.0, 80.0, 578.0, 851.0]
[80.0, 48.0, 659.0, 820.0]
[96.0, 64.0, 676.0, 837.0]
[32.0, 144.0, 612.0, 918.0]
[80.0, 16.0, 661.0, 791.0]
[64.0, 176.0, 646.0, 952.0]
[80.0, 48.0, 663.0, 825.0]
[16.0, 48.0, 600.0, 826.0]
[112.0, 64.0, 696.0, 843.0]
[64.0, 80.0, 649.0, 860.0]
[112.0, 96.0, 698.0, 877.0]
[0.0, 80.0, 586.0, 862.0]
[128.0, 80.0, 715.0, 863.0]
[16.0, 96.0, 604.0, 880.0]
[112.0, 96.0, 701.0, 881.0]
[48.0, 32.0, 638.0, 818.0]
[80.0, 112.0, 670.0, 899.0]
[112.0, 0.0, 703.0, 788.0]
[64.0, 128.0, 656.0, 917.0]
[0.0, 64.0, 592.0, 854.0]
[80.0, 96.0, 673.0, 887.0]
[64.0, 128.0, 658.0, 920.0]
[16.0, 80.0, 611.0, 873.0]
[112.0, 48.0, 708.0, 842.0]
[48.0, 16.0, 644.0, 811.0]
[32.0, 176.0, 629.0, 972.0]
[96.0, 144.0, 694.0, 941.0]
[48.0, 16.0, 646.0, 814.0]
[16.0, 160.0, 615.0, 959.0]
[48.0, 32.0, 648.0, 832.0]
[64.0, 128.0, 665.0, 929.0]
[96.0, 48.0, 698.0, 850.0]
[96.0, 32.0, 698.0, 835.0]
[64.0, 160.0, 667.0, 964.0]
[112.0, 64.0, 716.0, 869.0]
[80.0, 96.0, 684.0, 902.0]
[16.0, 64.0, 621.0, 871.0]
[32.0, 80.0, 638.0, 888.0]
[144.0, 80.0, 751.0, 889.0]
[32.0, 32.0, 640.0, 842.0]
[80.0, 64.0, 688.0, 875.0]
[112.0, 80.0, 721.0, 892.0]
[112.0, 64.0, 722.0, 877.0]
[80.0, 16.0, 690.0, 830.0]
[64.0, 176.0, 675.0, 991.0]
[128.0, 32.0, 740.0, 848.0]
[96.0, 80.0, 709.0, 897.0]
[64.0, 48.0, 678.0, 866.0]
[32.0, 48.0, 646.0, 867.0]
[32.0, 48.0, 647.0, 868.0]
[48.0, 128.0, 664.0, 949.0]
[64.0, 48.0, 680.0, 870.0]
[16.0, 160.0, 633.0, 983.0]
[112.0, 48.0, 730.0, 872.0]
[96.0, 128.0, 715.0, 953.0]
[112.0, 48.0, 732.0, 874.0]
[96.0, 32.0, 716.0, 859.0]
[0.0, 128.0, 621.0, 956.0]
[112.0, 80.0, 734.0, 909.0]
[128.0, 64.0, 750.0, 894.0]
[80.0, 64.0, 703.0, 895.0]
[112.0, 80.0, 736.0, 912.0]
[32.0, 0.0, 657.0, 833.0]
[80.0, 48.0, 706.0, 882.0]
[96.0, 64.0, 722.0, 899.0]
[48.0, 32.0, 675.0, 868.0]
[80.0, 112.0, 708.0, 949.0]
[16.0, 96.0, 644.0, 934.0]
[80.0, 32.0, 709.0, 871.0]
[48.0, 144.0, 678.0, 984.0]
[112.0, 0.0, 743.0, 841.0]
[32.0, 48.0, 664.0, 890.0]
[48.0, 64.0, 680.0, 907.0]
[96.0, 16.0, 729.0, 860.0]
[32.0, 96.0, 666.0, 941.0]
[16.0, 64.0, 650.0, 910.0]
[64.0, 128.0, 699.0, 975.0]
[16.0, 64.0, 652.0, 912.0]
[32.0, 128.0, 669.0, 977.0]
[0.0, 16.0, 638.0, 866.0]
[16.0, 48.0, 654.0, 899.0]
[32.0, 80.0, 671.0, 932.0]
[32.0, 32.0, 672.0, 885.0]
[32.0, 64.0, 672.0, 918.0]
[48.0, 112.0, 689.0, 967.0]
[32.0, 80.0, 674.0, 936.0]
[64.0, 32.0, 707.0, 889.0]
[80.0, 48.0, 724.0, 906.0]
[48.0, 128.0, 692.0, 987.0]
[0.0, 32.0, 645.0, 892.0]
[32.0, 64.0, 678.0, 925.0]
[0.0, 48.0, 646.0, 910.0]
[32.0, 80.0, 679.0, 943.0]
[80.0, 16.0, 728.0, 880.0]
[48.0, 144.0, 697.0, 1009.0]
[16.0, 144.0, 666.0, 1010.0]
[96.0, 16.0, 746.0, 883.0]
[16.0, 32.0, 667.0, 900.0]
[64.0, 128.0, 716.0, 997.0]
[16.0, 48.0, 668.0, 918.0]
[0.0, 144.0, 653.0, 1015.0]
[64.0, 0.0, 718.0, 872.0]
[32.0, 80.0, 687.0, 953.0]
[64.0, 0.0, 720.0, 874.0]
[16.0, 64.0, 672.0, 939.0]
[32.0, 96.0, 689.0, 972.0]
[80.0, 16.0, 738.0, 893.0]
[32.0, 128.0, 690.0, 1006.0]
[80.0, 96.0, 739.0, 975.0]
[32.0, 96.0, 692.0, 976.0]
[64.0, 48.0, 725.0, 929.0]
[48.0, 96.0, 710.0, 978.0]
[96.0, 64.0, 758.0, 947.0]
[96.0, 32.0, 759.0, 916.0]
[80.0, 32.0, 744.0, 917.0]
[64.0, 32.0, 728.0, 918.0]
[80.0, 16.0, 745.0, 903.0]
[16.0, 16.0, 682.0, 904.0]
[48.0, 0.0, 715.0, 889.0]
[0.0, 0.0, 668.0, 890.0]
[64.0, 32.0, 732.0, 923.0]
[96.0, 0.0, 765.0, 892.0]
[32.0, 80.0, 702.0, 973.0]
[32.0, 128.0, 702.0, 1022.0]
[32.0, 96.0, 703.0, 991.0]
[64.0, 112.0, 736.0, 1008.0]
[16.0, 32.0, 689.0, 929.0]
[32.0, 112.0, 706.0, 1010.0]
[48.0, 48.0, 722.0, 947.0]
[64.0, 16.0, 739.0, 916.0]
[0.0, 64.0, 676.0, 965.0]
[32.0, 32.0, 708.0, 934.0]
[64.0, 112.0, 741.0, 1015.0]
[64.0, 16.0, 742.0, 920.0]
[16.0, 112.0, 695.0, 1017.0]
[48.0, 80.0, 728.0, 986.0]
[0.0, 32.0, 680.0, 939.0]
[32.0, 80.0, 713.0, 988.0]
[64.0, 0.0, 746.0, 909.0]
[48.0, 80.0, 730.0, 990.0]
[48.0, 96.0, 731.0, 1007.0]
[64.0, 96.0, 748.0, 1008.0]
[48.0, 32.0, 733.0, 945.0]
[32.0, 48.0, 718.0, 962.0]
[0.0, 0.0, 686.0, 915.0]
[0.0, 16.0, 687.0, 932.0]
[32.0, 48.0, 720.0, 965.0]
[32.0, 0.0, 720.0, 918.0]
[16.0, 48.0, 705.0, 967.0]
[0.0, 64.0, 690.0, 984.0]
[48.0, 0.0, 739.0, 921.0]
[0.0, 80.0, 692.0, 1002.0]
[64.0, 80.0, 756.0, 1003.0]
[48.0, 16.0, 741.0, 940.0]
[48.0, 16.0, 742.0, 941.0]
[32.0, 32.0, 726.0, 958.0]
[16.0, 32.0, 711.0, 959.0]
[0.0, 80.0, 696.0, 1008.0]
[48.0, 16.0, 745.0, 945.0]
[48.0, 0.0, 746.0, 930.0]
[48.0, 32.0, 746.0, 963.0]
[64.0, 64.0, 763.0, 996.0]
[64.0, 16.0, 764.0, 949.0]
[64.0, 48.0, 764.0, 982.0]
[16.0, 80.0, 717.0, 1015.0]
[48.0, 32.0, 750.0, 968.0]
[0.0, 16.0, 703.0, 953.0]
[32.0, 16.0, 736.0, 954.0]
[16.0, 32.0, 720.0, 971.0]
[0.0, 64.0, 705.0, 1004.0]
[32.0, 64.0, 738.0, 1005.0]
[48.0, 48.0, 754.0, 990.0]
[0.0, 64.0, 707.0, 1007.0]
[16.0, 64.0, 724.0, 1008.0]
[0.0, 16.0, 709.0, 961.0]
[0.0, 48.0, 710.0, 994.0]
[32.0, 0.0, 742.0, 947.0]
[48.0, 16.0, 759.0, 964.0]
[0.0, 64.0, 712.0, 1013.0]
[0.0, 0.0, 712.0, 950.0]
[0.0, 32.0, 713.0, 983.0]
[48.0, 32.0, 762.0, 984.0]
[32.0, 0.0, 747.0, 953.0]
[32.0, 48.0, 748.0, 1002.0]
[32.0, 64.0, 748.0, 1019.0]
[0.0, 32.0, 717.0, 988.0]
[32.0, 64.0, 750.0, 1021.0]
[0.0, 0.0, 718.0, 958.0]
[0.0, 0.0, 719.0, 959.0]
[48.0, 32.0, 768.0, 992.0]
[0.0, 48.0, 721.0, 1009.0]
[16.0, 48.0, 738.0, 1010.0]
[16.0, 32.0, 738.0, 995.0]
[16.0, 48.0, 739.0, 1012.0]
[16.0, 32.0, 740.0, 997.0]
[32.0, 32.0, 756.0, 998.0]
[32.0, 0.0, 757.0, 967.0]
[16.0, 48.0, 742.0, 1016.0]
[16.0, 32.0, 743.0, 1001.0]
[32.0, 48.0, 760.0, 1018.0]
[0.0, 0.0, 728.0, 971.0]
[32.0, 48.0, 761.0, 1020.0]
[0.0, 16.0, 730.0, 989.0]
[0.0, 16.0, 730.0, 990.0]
[32.0, 0.0, 763.0, 975.0]
[32.0, 32.0, 764.0, 1008.0]
[0.0, 16.0, 733.0, 993.0]
[32.0, 32.0, 766.0, 1010.0]
[16.0, 16.0, 750.0, 995.0]
[0.0, 32.0, 735.0, 1012.0]
[0.0, 0.0, 736.0, 981.0]
[16.0, 16.0, 752.0, 998.0]
[0.0, 32.0, 737.0, 1015.0]
[16.0, 16.0, 754.0, 1000.0]
[0.0, 16.0, 739.0, 1001.0]
[16.0, 16.0, 756.0, 1002.0]
[16.0, 16.0, 756.0, 1003.0]
[16.0, 32.0, 757.0, 1020.0]
[16.0, 16.0, 758.0, 1005.0]
[16.0, 0.0, 758.0, 990.0]
[16.0, 0.0, 759.0, 991.0]
[16.0, 16.0, 760.0, 1008.0]
[16.0, 0.0, 761.0, 993.0]
[16.0, 0.0, 762.0, 994.0]
[16.0, 16.0, 762.0, 1011.0]
[0.0, 0.0, 747.0, 996.0]
[0.0, 0.0, 748.0, 997.0]
[16.0, 16.0, 764.0, 1014.0]
[16.0, 16.0, 765.0, 1015.0]
[0.0, 16.0, 750.0, 1016.0]
[0.0, 0.0, 751.0, 1001.0]
[0.0, 0.0, 752.0, 1002.0]
[16.0, 0.0, 768.0, 1003.0]
[0.0, 16.0, 753.0, 1020.0]
[0.0, 0.0, 754.0, 1005.0]
[0.0, 0.0, 754.0, 1006.0]
[0.0, 16.0, 755.0, 1023.0]
[0.0, 0.0, 756.0, 1008.0]
[0.0, 0.0, 757.0, 1009.0]
[0.0, 0.0, 758.0, 1010.0]
[0.0, 0.0, 758.0, 1011.0]
[0.0, 0.0, 759.0, 1012.0]
[0.0, 0.0, 760.0, 1013.0]
[0.0, 0.0, 760.0, 1014.0]
[0.0, 0.0, 761.0, 1015.0]
[0.0, 0.0, 762.0, 1016.0]
[0.0, 0.0, 763.0, 1017.0]
[0.0, 0.0, 764.0, 1018.0]
[0.0, 0.0, 764.0, 1019.0]
