[208.0, 112.0, 925.0, 650.0]
[160.0, 48.0, 878.0, 586.0]
[288.0, 64.0, 1007.0, 603.0]
[192.0, 96.0, 912.0, 636.0]
[272.0, 32.0, 993.0, 573.0]
[192.0, 112.0, 914.0, 654.0]
[224.0, 48.0, 947.0, 590.0]
[240.0, 80.0, 964.0, 623.0]
[272.0, 64.0, 997.0, 608.0]
[208.0, 48.0, 934.0, 592.0]
[112.0, 48.0, 839.0, 593.0]
[272.0, 64.0, 1000.0, 610.0]
[96.0, 48.0, 825.0, 595.0]
[144.0, 96.0, 874.0, 644.0]
[176.0, 16.0, 907.0, 564.0]
[224.0, 16.0, 956.0, 565.0]
[240.0, 48.0, 973.0, 598.0]
[96.0, 32.0, 830.0, 582.0]
[192.0, 32.0, 927.0, 583.0]
[112.0, 32.0, 848.0, 584.0]
[272.0, 48.0, 1009.0, 601.0]
[160.0, 64.0, 898.0, 618.0]
[80.0, 80.0, 819.0, 634.0]
[144.0, 112.0, 884.0, 667.0]
[240.0, 0.0, 981.0, 556.0]
[224.0, 80.0, 966.0, 636.0]
[176.0, 112.0, 919.0, 669.0]
[112.0, 96.0, 856.0, 654.0]
[240.0, 32.0, 985.0, 591.0]
[176.0, 80.0, 922.0, 640.0]
[240.0, 64.0, 987.0, 624.0]
[112.0, 96.0, 860.0, 657.0]
[272.0, 96.0, 1021.0, 658.0]
[192.0, 96.0, 942.0, 658.0]
[128.0, 64.0, 879.0, 627.0]
[128.0, 32.0, 880.0, 596.0]
[192.0, 16.0, 945.0, 581.0]
[176.0, 32.0, 930.0, 598.0]
[80.0, 64.0, 835.0, 630.0]
[160.0, 48.0, 916.0, 615.0]
[192.0, 80.0, 949.0, 648.0]
[96.0, 48.0, 854.0, 616.0]
[240.0, 48.0, 999.0, 617.0]
[96.0, 80.0, 856.0, 650.0]
[256.0, 96.0, 1017.0, 667.0]
[176.0, 112.0, 938.0, 684.0]
[128.0, 48.0, 891.0, 620.0]
[128.0, 16.0, 892.0, 589.0]
[240.0, 32.0, 1005.0, 606.0]
[80.0, 80.0, 846.0, 654.0]
[192.0, 96.0, 959.0, 671.0]
[96.0, 80.0, 864.0, 656.0]
[224.0, 32.0, 993.0, 609.0]
[192.0, 48.0, 962.0, 626.0]
[176.0, 16.0, 947.0, 594.0]
[192.0, 32.0, 964.0, 611.0]
[160.0, 80.0, 933.0, 660.0]
[240.0, 48.0, 1014.0, 628.0]
[96.0, 48.0, 871.0, 629.0]
[176.0, 16.0, 952.0, 598.0]
[128.0, 16.0, 905.0, 599.0]
[64.0, 32.0, 842.0, 616.0]
[144.0, 32.0, 923.0, 616.0]
[96.0, 48.0, 876.0, 633.0]
[224.0, 64.0, 1005.0, 650.0]
[176.0, 0.0, 958.0, 586.0]
[192.0, 96.0, 975.0, 683.0]
[176.0, 16.0, 960.0, 604.0]
[128.0, 0.0, 913.0, 589.0]
[80.0, 0.0, 866.0, 590.0]
[192.0, 0.0, 979.0, 590.0]
[96.0, 80.0, 884.0, 671.0]
[176.0, 48.0, 965.0, 640.0]
[176.0, 16.0, 966.0, 608.0]
[128.0, 96.0, 919.0, 689.0]
[112.0, 96.0, 904.0, 690.0]
[80.0, 48.0, 873.0, 643.0]
[176.0, 16.0, 970.0, 612.0]
[96.0, 48.0, 891.0, 644.0]
[128.0, 80.0, 924.0, 677.0]
[144.0, 64.0, 941.0, 662.0]
[192.0, 112.0, 990.0, 710.0]
[144.0, 64.0, 943.0, 663.0]
[224.0, 32.0, 1024.0, 632.0]
[80.0, 80.0, 881.0, 681.0]
[48.0, 16.0, 850.0, 618.0]
[128.0, 48.0, 931.0, 650.0]
[96.0, 80.0, 900.0, 683.0]
[128.0, 128.0, 933.0, 732.0]
[64.0, 64.0, 870.0, 668.0]
[80.0, 16.0, 887.0, 621.0]
[96.0, 48.0, 904.0, 654.0]
[48.0, 0.0, 857.0, 607.0]
[176.0, 16.0, 986.0, 624.0]
[208.0, 32.0, 1019.0, 640.0]
[176.0, 0.0, 988.0, 609.0]
[208.0, 32.0, 1021.0, 642.0]
[160.0, 128.0, 974.0, 738.0]
[96.0, 32.0, 911.0, 643.0]
[208.0, 80.0, 1024.0, 692.0]
[112.0, 96.0, 929.0, 709.0]
[176.0, 80.0, 994.0, 694.0]
[112.0, 96.0, 931.0, 710.0]
[144.0, 32.0, 964.0, 647.0]
[96.0, 96.0, 917.0, 712.0]
[48.0, 32.0, 870.0, 648.0]
[160.0, 112.0, 983.0, 729.0]
[144.0, 128.0, 968.0, 746.0]
[128.0, 32.0, 953.0, 651.0]
[80.0, 48.0, 906.0, 668.0]
[176.0, 32.0, 1003.0, 652.0]
[160.0, 80.0, 988.0, 701.0]
[128.0, 64.0, 957.0, 686.0]
[144.0, 96.0, 974.0, 718.0]
[16.0, 16.0, 847.0, 639.0]
[144.0, 64.0, 976.0, 688.0]
[128.0, 80.0, 961.0, 705.0]
[160.0, 48.0, 994.0, 674.0]
[96.0, 96.0, 931.0, 722.0]
[160.0, 48.0, 996.0, 675.0]
[96.0, 16.0, 933.0, 644.0]
[64.0, 32.0, 902.0, 660.0]
[112.0, 64.0, 951.0, 693.0]
[144.0, 80.0, 984.0, 710.0]
[32.0, 48.0, 873.0, 679.0]
[128.0, 64.0, 970.0, 696.0]
[64.0, 0.0, 907.0, 632.0]
[160.0, 80.0, 1004.0, 713.0]
[64.0, 80.0, 909.0, 714.0]
[16.0, 0.0, 862.0, 634.0]
[112.0, 64.0, 959.0, 699.0]
[64.0, 64.0, 912.0, 700.0]
[128.0, 48.0, 977.0, 685.0]
[80.0, 16.0, 930.0, 654.0]
[112.0, 0.0, 963.0, 638.0]
[128.0, 128.0, 980.0, 767.0]
[144.0, 64.0, 997.0, 704.0]
[144.0, 48.0, 998.0, 688.0]
[48.0, 64.0, 903.0, 705.0]
[64.0, 80.0, 920.0, 722.0]
[128.0, 80.0, 985.0, 723.0]
[96.0, 0.0, 954.0, 644.0]
[112.0, 0.0, 971.0, 644.0]
[96.0, 96.0, 956.0, 741.0]
[128.0, 96.0, 989.0, 742.0]
[16.0, 32.0, 878.0, 678.0]
[16.0, 16.0, 879.0, 663.0]
[80.0, 96.0, 944.0, 744.0]
[0.0, 0.0, 865.0, 649.0]
[112.0, 0.0, 978.0, 650.0]
[144.0, 80.0, 1011.0, 730.0]
[96.0, 16.0, 964.0, 667.0]
[32.0, 0.0, 901.0, 652.0]
[48.0, 16.0, 918.0, 668.0]
[48.0, 48.0, 919.0, 701.0]
[64.0, 64.0, 936.0, 718.0]
[112.0, 64.0, 985.0, 719.0]
[112.0, 0.0, 986.0, 656.0]
[96.0, 16.0, 971.0, 672.0]
[64.0, 48.0, 940.0, 705.0]
[112.0, 48.0, 989.0, 706.0]
[128.0, 80.0, 1006.0, 738.0]
[144.0, 16.0, 1023.0, 675.0]
[128.0, 32.0, 1008.0, 692.0]
[32.0, 64.0, 913.0, 725.0]
[80.0, 0.0, 962.0, 662.0]
[48.0, 64.0, 931.0, 726.0]
[80.0, 64.0, 964.0, 727.0]
[112.0, 64.0, 997.0, 728.0]
[96.0, 0.0, 982.0, 664.0]
[112.0, 64.0, 999.0, 729.0]
[0.0, 16.0, 888.0, 682.0]
[128.0, 0.0, 1017.0, 667.0]
[0.0, 16.0, 890.0, 684.0]
[48.0, 48.0, 939.0, 716.0]
[96.0, 96.0, 988.0, 765.0]
[48.0, 16.0, 941.0, 686.0]
[64.0, 32.0, 958.0, 702.0]
[80.0, 48.0, 975.0, 719.0]
[112.0, 96.0, 1008.0, 768.0]
[112.0, 32.0, 1009.0, 705.0]
[64.0, 64.0, 962.0, 738.0]
[64.0, 80.0, 963.0, 754.0]
[64.0, 48.0, 964.0, 723.0]
[32.0, 32.0, 933.0, 708.0]
[16.0, 0.0, 918.0, 676.0]
[96.0, 0.0, 999.0, 677.0]
[112.0, 64.0, 1016.0, 742.0]
[16.0, 16.0, 921.0, 695.0]
[64.0, 32.0, 970.0, 712.0]
[96.0, 16.0, 1003.0, 696.0]
[16.0, 16.0, 924.0, 697.0]
[64.0, 48.0, 973.0, 730.0]
[32.0, 0.0, 942.0, 682.0]
[48.0, 64.0, 959.0, 747.0]
[96.0, 64.0, 1008.0, 748.0]
[48.0, 16.0, 961.0, 701.0]
[80.0, 80.0, 994.0, 766.0]
[32.0, 16.0, 947.0, 702.0]
[96.0, 0.0, 1012.0, 687.0]
[32.0, 48.0, 949.0, 736.0]
[48.0, 16.0, 966.0, 704.0]
[32.0, 64.0, 951.0, 753.0]
[16.0, 0.0, 936.0, 690.0]
[16.0, 16.0, 937.0, 707.0]
[64.0, 80.0, 986.0, 772.0]
[96.0, 64.0, 1019.0, 756.0]
[48.0, 48.0, 972.0, 741.0]
[0.0, 0.0, 925.0, 694.0]
[64.0, 32.0, 990.0, 726.0]
[16.0, 0.0, 943.0, 695.0]
[0.0, 0.0, 928.0, 696.0]
[48.0, 32.0, 977.0, 729.0]
[64.0, 48.0, 994.0, 746.0]
[32.0, 0.0, 963.0, 698.0]
[64.0, 32.0, 996.0, 731.0]
[32.0, 32.0, 965.0, 732.0]
[48.0, 64.0, 982.0, 764.0]
[0.0, 0.0, 935.0, 701.0]
[48.0, 48.0, 984.0, 750.0]
[48.0, 0.0, 985.0, 703.0]
[32.0, 64.0, 970.0, 768.0]
[64.0, 32.0, 1003.0, 736.0]
[16.0, 48.0, 956.0, 753.0]
[48.0, 48.0, 989.0, 754.0]
[32.0, 0.0, 974.0, 706.0]
[16.0, 48.0, 959.0, 755.0]
[80.0, 48.0, 1024.0, 756.0]
[48.0, 16.0, 993.0, 725.0]
[64.0, 16.0, 1010.0, 726.0]
[64.0, 0.0, 1011.0, 710.0]
[64.0, 16.0, 1012.0, 727.0]
[64.0, 0.0, 1013.0, 712.0]
[64.0, 16.0, 1014.0, 728.0]
[64.0, 0.0, 1015.0, 713.0]
[64.0, 48.0, 1016.0, 762.0]
[64.0, 32.0, 1017.0, 747.0]
[64.0, 16.0, 1018.0, 732.0]
[48.0, 0.0, 1003.0, 716.0]
[48.0, 48.0, 1004.0, 765.0]
[16.0, 48.0, 973.0, 766.0]
[32.0, 0.0, 990.0, 718.0]
[48.0, 16.0, 1007.0, 735.0]
[32.0, 0.0, 992.0, 720.0]
[48.0, 48.0, 1009.0, 769.0]
[16.0, 32.0, 978.0, 754.0]
[32.0, 32.0, 995.0, 754.0]
[16.0, 0.0, 980.0, 723.0]
[48.0, 48.0, 1013.0, 772.0]
[32.0, 32.0, 998.0, 756.0]
[16.0, 0.0, 983.0, 725.0]
[48.0, 0.0, 1016.0, 726.0]
[16.0, 48.0, 985.0, 775.0]
[16.0, 0.0, 986.0, 728.0]
[48.0, 16.0, 1019.0, 744.0]
[16.0, 32.0, 988.0, 761.0]
[16.0, 0.0, 989.0, 730.0]
[16.0, 32.0, 990.0, 762.0]
[32.0, 16.0, 1007.0, 747.0]
[32.0, 32.0, 1008.0, 764.0]
[0.0, 0.0, 977.0, 733.0]
[0.0, 0.0, 978.0, 734.0]
[32.0, 32.0, 1011.0, 766.0]
[32.0, 16.0, 1012.0, 751.0]
[0.0, 16.0, 981.0, 752.0]
[16.0, 32.0, 998.0, 768.0]
[16.0, 32.0, 999.0, 769.0]
[16.0, 16.0, 1000.0, 754.0]
[0.0, 32.0, 985.0, 771.0]
[32.0, 16.0, 1018.0, 756.0]
[32.0, 16.0, 1019.0, 756.0]
[16.0, 0.0, 1004.0, 741.0]
[32.0, 32.0, 1021.0, 774.0]
[16.0, 0.0, 1006.0, 742.0]
[32.0, 16.0, 1023.0, 759.0]
[0.0, 0.0, 992.0, 744.0]
[16.0, 0.0, 1009.0, 745.0]
