[144.0, 64.0, 914.0, 642.0]
[112.0, 32.0, 883.0, 610.0]
[112.0, 112.0, 884.0, 691.0]
[96.0, 96.0, 869.0, 676.0]
[208.0, 64.0, 982.0, 644.0]
[80.0, 112.0, 855.0, 693.0]
[160.0, 128.0, 936.0, 710.0]
[48.0, 80.0, 825.0, 663.0]
[192.0, 96.0, 970.0, 680.0]
[160.0, 48.0, 939.0, 632.0]
[112.0, 80.0, 892.0, 665.0]
[160.0, 80.0, 941.0, 666.0]
[160.0, 80.0, 942.0, 666.0]
[112.0, 32.0, 895.0, 619.0]
[144.0, 48.0, 928.0, 636.0]
[176.0, 64.0, 961.0, 653.0]
[192.0, 64.0, 978.0, 654.0]
[64.0, 32.0, 851.0, 622.0]
[192.0, 128.0, 980.0, 719.0]
[176.0, 96.0, 965.0, 688.0]
[48.0, 128.0, 838.0, 720.0]
[192.0, 96.0, 983.0, 689.0]
[160.0, 16.0, 952.0, 610.0]
[192.0, 32.0, 985.0, 627.0]
[160.0, 96.0, 954.0, 692.0]
[16.0, 32.0, 811.0, 628.0]
[80.0, 112.0, 876.0, 709.0]
[32.0, 16.0, 829.0, 614.0]
[160.0, 48.0, 958.0, 646.0]
[128.0, 48.0, 927.0, 647.0]
[112.0, 80.0, 912.0, 680.0]
[80.0, 80.0, 881.0, 681.0]
[112.0, 96.0, 914.0, 698.0]
[160.0, 16.0, 963.0, 618.0]
[32.0, 112.0, 836.0, 715.0]
[144.0, 64.0, 949.0, 668.0]
[96.0, 48.0, 902.0, 652.0]
[192.0, 16.0, 999.0, 621.0]
[144.0, 32.0, 952.0, 638.0]
[64.0, 112.0, 873.0, 719.0]
[48.0, 0.0, 858.0, 608.0]
[128.0, 0.0, 939.0, 608.0]
[96.0, 16.0, 908.0, 625.0]
[160.0, 0.0, 973.0, 610.0]
[0.0, 80.0, 814.0, 690.0]
[208.0, 48.0, 1023.0, 659.0]
[192.0, 112.0, 1008.0, 724.0]
[80.0, 0.0, 897.0, 613.0]
[64.0, 80.0, 882.0, 694.0]
[160.0, 16.0, 979.0, 630.0]
[192.0, 16.0, 1012.0, 631.0]
[192.0, 112.0, 1013.0, 728.0]
[0.0, 48.0, 822.0, 664.0]
[48.0, 32.0, 871.0, 649.0]
[144.0, 0.0, 968.0, 618.0]
[48.0, 112.0, 873.0, 731.0]
[176.0, 96.0, 1002.0, 716.0]
[96.0, 32.0, 923.0, 652.0]
[16.0, 16.0, 844.0, 637.0]
[0.0, 64.0, 829.0, 686.0]
[16.0, 80.0, 846.0, 702.0]
[16.0, 112.0, 847.0, 735.0]
[160.0, 32.0, 992.0, 656.0]
[176.0, 96.0, 1009.0, 721.0]
[160.0, 96.0, 994.0, 722.0]
[160.0, 96.0, 995.0, 722.0]
[64.0, 0.0, 900.0, 627.0]
[96.0, 96.0, 933.0, 724.0]
[48.0, 32.0, 886.0, 660.0]
[112.0, 64.0, 951.0, 693.0]
[160.0, 80.0, 1000.0, 710.0]
[144.0, 64.0, 985.0, 695.0]
[176.0, 16.0, 1018.0, 648.0]
[176.0, 0.0, 1019.0, 632.0]
[32.0, 80.0, 876.0, 713.0]
[112.0, 96.0, 957.0, 730.0]
[160.0, 64.0, 1006.0, 698.0]
[160.0, 64.0, 1007.0, 699.0]
[48.0, 48.0, 896.0, 684.0]
[32.0, 0.0, 881.0, 637.0]
[16.0, 0.0, 866.0, 638.0]
[64.0, 64.0, 915.0, 702.0]
[48.0, 0.0, 900.0, 639.0]
[32.0, 96.0, 885.0, 736.0]
[96.0, 16.0, 950.0, 656.0]
[16.0, 48.0, 871.0, 689.0]
[16.0, 16.0, 872.0, 658.0]
[0.0, 32.0, 857.0, 675.0]
[16.0, 0.0, 874.0, 644.0]
[48.0, 80.0, 907.0, 724.0]
[144.0, 16.0, 1004.0, 661.0]
[16.0, 16.0, 877.0, 662.0]
[112.0, 80.0, 974.0, 726.0]
[144.0, 16.0, 1007.0, 663.0]
[144.0, 80.0, 1008.0, 728.0]
[128.0, 16.0, 993.0, 665.0]
[128.0, 32.0, 994.0, 682.0]
[48.0, 48.0, 915.0, 698.0]
[144.0, 0.0, 1012.0, 651.0]
[64.0, 16.0, 933.0, 668.0]
[32.0, 64.0, 902.0, 716.0]
[0.0, 80.0, 871.0, 733.0]
[64.0, 48.0, 936.0, 702.0]
[32.0, 0.0, 905.0, 655.0]
[112.0, 0.0, 986.0, 656.0]
[16.0, 16.0, 891.0, 672.0]
[96.0, 80.0, 972.0, 737.0]
[112.0, 0.0, 989.0, 658.0]
[64.0, 0.0, 942.0, 658.0]
[128.0, 16.0, 1007.0, 675.0]
[0.0, 32.0, 880.0, 692.0]
[48.0, 16.0, 929.0, 677.0]
[32.0, 48.0, 914.0, 710.0]
[80.0, 0.0, 963.0, 662.0]
[0.0, 16.0, 884.0, 679.0]
[16.0, 48.0, 901.0, 712.0]
[48.0, 48.0, 934.0, 712.0]
[96.0, 32.0, 983.0, 697.0]
[80.0, 64.0, 968.0, 730.0]
[32.0, 48.0, 921.0, 715.0]
[32.0, 48.0, 922.0, 716.0]
[128.0, 64.0, 1019.0, 732.0]
[80.0, 16.0, 972.0, 685.0]
[128.0, 64.0, 1021.0, 734.0]
[128.0, 32.0, 1022.0, 702.0]
[128.0, 64.0, 1023.0, 735.0]
[128.0, 48.0, 1024.0, 720.0]
[112.0, 48.0, 1009.0, 721.0]
[32.0, 64.0, 930.0, 738.0]
[64.0, 32.0, 963.0, 706.0]
[80.0, 0.0, 980.0, 675.0]
[80.0, 16.0, 981.0, 692.0]
[64.0, 0.0, 966.0, 676.0]
[32.0, 16.0, 935.0, 693.0]
[32.0, 16.0, 936.0, 694.0]
[96.0, 32.0, 1001.0, 711.0]
[48.0, 0.0, 954.0, 680.0]
[48.0, 0.0, 955.0, 680.0]
[32.0, 16.0, 940.0, 697.0]
[80.0, 16.0, 989.0, 698.0]
[80.0, 48.0, 990.0, 730.0]
[80.0, 48.0, 991.0, 731.0]
[0.0, 32.0, 912.0, 716.0]
[80.0, 48.0, 993.0, 733.0]
[32.0, 0.0, 946.0, 686.0]
[48.0, 32.0, 963.0, 718.0]
[16.0, 32.0, 932.0, 719.0]
[0.0, 32.0, 917.0, 720.0]
[96.0, 32.0, 1014.0, 720.0]
[96.0, 16.0, 1015.0, 705.0]
[48.0, 48.0, 968.0, 738.0]
[0.0, 0.0, 921.0, 691.0]
[16.0, 16.0, 938.0, 708.0]
[64.0, 16.0, 987.0, 708.0]
[48.0, 16.0, 972.0, 709.0]
[16.0, 16.0, 941.0, 710.0]
[80.0, 0.0, 1006.0, 694.0]
[16.0, 0.0, 943.0, 695.0]
[48.0, 32.0, 976.0, 728.0]
[64.0, 32.0, 993.0, 729.0]
[64.0, 16.0, 994.0, 714.0]
[48.0, 0.0, 979.0, 698.0]
[64.0, 32.0, 996.0, 731.0]
[48.0, 32.0, 981.0, 732.0]
[0.0, 0.0, 934.0, 700.0]
[16.0, 0.0, 951.0, 701.0]
[48.0, 32.0, 984.0, 734.0]
[32.0, 32.0, 969.0, 735.0]
[32.0, 32.0, 970.0, 736.0]
[64.0, 0.0, 1003.0, 704.0]
[48.0, 32.0, 988.0, 737.0]
[32.0, 0.0, 973.0, 706.0]
[32.0, 16.0, 974.0, 722.0]
[80.0, 16.0, 1023.0, 723.0]
[64.0, 16.0, 1008.0, 724.0]
[0.0, 0.0, 945.0, 709.0]
[16.0, 0.0, 962.0, 710.0]
[0.0, 16.0, 947.0, 726.0]
[48.0, 16.0, 996.0, 727.0]
[0.0, 16.0, 949.0, 728.0]
[64.0, 0.0, 1014.0, 712.0]
[48.0, 0.0, 999.0, 713.0]
[64.0, 16.0, 1016.0, 730.0]
[32.0, 16.0, 985.0, 731.0]
[64.0, 16.0, 1018.0, 732.0]
[0.0, 0.0, 955.0, 716.0]
[16.0, 0.0, 972.0, 717.0]
[0.0, 0.0, 957.0, 718.0]
[32.0, 0.0, 990.0, 718.0]
[32.0, 0.0, 991.0, 719.0]
[64.0, 16.0, 1024.0, 736.0]
[48.0, 0.0, 1009.0, 721.0]
[32.0, 16.0, 994.0, 738.0]
[16.0, 16.0, 979.0, 738.0]
[16.0, 0.0, 980.0, 723.0]
[48.0, 0.0, 1013.0, 724.0]
[32.0, 0.0, 998.0, 724.0]
[16.0, 0.0, 983.0, 725.0]
[0.0, 0.0, 968.0, 726.0]
[32.0, 0.0, 1001.0, 727.0]
[32.0, 0.0, 1002.0, 728.0]
[32.0, 0.0, 1003.0, 728.0]
[48.0, 0.0, 1020.0, 729.0]
[32.0, 0.0, 1005.0, 730.0]
[48.0, 0.0, 1022.0, 730.0]
[48.0, 0.0, 1023.0, 731.0]
[48.0, 0.0, 1024.0, 732.0]
[0.0, 0.0, 977.0, 733.0]
[16.0, 0.0, 994.0, 734.0]
[16.0, 0.0, 995.0, 734.0]
[16.0, 0.0, 996.0, 735.0]
[0.0, 0.0, 981.0, 736.0]
[0.0, 0.0, 982.0, 736.0]
[0.0, 0.0, 983.0, 737.0]
[0.0, 0.0, 984.0, 738.0]
