[112.0, 192.0, 829.0, 730.0]
[80.0, 224.0, 798.0, 762.0]
[32.0, 176.0, 751.0, 715.0]
[16.0, 176.0, 736.0, 716.0]
[32.0, 176.0, 753.0, 717.0]
[144.0, 192.0, 866.0, 734.0]
[128.0, 192.0, 851.0, 734.0]
[64.0, 192.0, 788.0, 735.0]
[96.0, 192.0, 821.0, 736.0]
[128.0, 176.0, 854.0, 720.0]
[48.0, 144.0, 775.0, 689.0]
[96.0, 176.0, 824.0, 722.0]
[64.0, 208.0, 793.0, 755.0]
[16.0, 192.0, 746.0, 740.0]
[96.0, 160.0, 827.0, 708.0]
[32.0, 192.0, 764.0, 741.0]
[80.0, 176.0, 813.0, 726.0]
[80.0, 208.0, 814.0, 758.0]
[80.0, 176.0, 815.0, 727.0]
[80.0, 128.0, 816.0, 680.0]
[32.0, 176.0, 769.0, 729.0]
[160.0, 192.0, 898.0, 746.0]
[0.0, 208.0, 739.0, 762.0]
[128.0, 208.0, 868.0, 763.0]
[32.0, 176.0, 773.0, 732.0]
[112.0, 192.0, 854.0, 748.0]
[160.0, 208.0, 903.0, 765.0]
[128.0, 176.0, 872.0, 734.0]
[80.0, 128.0, 825.0, 687.0]
[16.0, 176.0, 762.0, 736.0]
[16.0, 208.0, 763.0, 768.0]
[48.0, 160.0, 796.0, 721.0]
[16.0, 128.0, 765.0, 690.0]
[112.0, 144.0, 862.0, 706.0]
[48.0, 176.0, 799.0, 739.0]
[128.0, 192.0, 880.0, 756.0]
[96.0, 160.0, 849.0, 725.0]
[64.0, 144.0, 818.0, 710.0]
[16.0, 160.0, 771.0, 726.0]
[96.0, 144.0, 852.0, 711.0]
[16.0, 144.0, 773.0, 712.0]
[32.0, 128.0, 790.0, 696.0]
[16.0, 192.0, 775.0, 761.0]
[32.0, 112.0, 792.0, 682.0]
[144.0, 176.0, 905.0, 747.0]
[80.0, 192.0, 842.0, 764.0]
[48.0, 160.0, 811.0, 732.0]
[96.0, 144.0, 860.0, 717.0]
[64.0, 112.0, 829.0, 686.0]
[32.0, 144.0, 798.0, 718.0]
[16.0, 144.0, 783.0, 719.0]
[0.0, 176.0, 768.0, 752.0]
[32.0, 144.0, 801.0, 721.0]
[16.0, 128.0, 786.0, 706.0]
[64.0, 128.0, 835.0, 706.0]
[16.0, 160.0, 788.0, 739.0]
[64.0, 128.0, 837.0, 708.0]
[48.0, 160.0, 822.0, 740.0]
[64.0, 112.0, 839.0, 693.0]
[112.0, 160.0, 888.0, 742.0]
[64.0, 144.0, 841.0, 727.0]
[16.0, 112.0, 794.0, 696.0]
[32.0, 160.0, 811.0, 744.0]
[48.0, 144.0, 828.0, 729.0]
[0.0, 128.0, 781.0, 714.0]
[80.0, 176.0, 862.0, 762.0]
[96.0, 160.0, 879.0, 747.0]
[16.0, 176.0, 800.0, 764.0]
[64.0, 144.0, 849.0, 733.0]
[16.0, 160.0, 802.0, 750.0]
[16.0, 176.0, 803.0, 766.0]
[80.0, 160.0, 868.0, 751.0]
[16.0, 144.0, 805.0, 736.0]
[32.0, 144.0, 822.0, 736.0]
[0.0, 144.0, 791.0, 737.0]
[32.0, 144.0, 824.0, 738.0]
[32.0, 112.0, 825.0, 707.0]
[16.0, 160.0, 810.0, 756.0]
[16.0, 96.0, 811.0, 692.0]
[16.0, 160.0, 812.0, 757.0]
[48.0, 160.0, 845.0, 758.0]
[16.0, 128.0, 814.0, 726.0]
[16.0, 96.0, 815.0, 695.0]
[48.0, 96.0, 848.0, 696.0]
[0.0, 160.0, 801.0, 761.0]
[80.0, 144.0, 882.0, 746.0]
[0.0, 128.0, 803.0, 730.0]
[64.0, 144.0, 868.0, 747.0]
[80.0, 144.0, 885.0, 748.0]
[80.0, 128.0, 886.0, 732.0]
[32.0, 112.0, 839.0, 717.0]
[0.0, 128.0, 808.0, 734.0]
[64.0, 112.0, 873.0, 719.0]
[16.0, 96.0, 826.0, 704.0]
[32.0, 112.0, 843.0, 720.0]
[16.0, 112.0, 828.0, 721.0]
[0.0, 144.0, 813.0, 754.0]
[16.0, 128.0, 830.0, 738.0]
[16.0, 144.0, 831.0, 755.0]
[64.0, 112.0, 880.0, 724.0]
[16.0, 144.0, 833.0, 757.0]
[48.0, 128.0, 866.0, 742.0]
[48.0, 96.0, 867.0, 710.0]
[32.0, 112.0, 852.0, 727.0]
[0.0, 112.0, 821.0, 728.0]
[32.0, 128.0, 854.0, 744.0]
[16.0, 96.0, 839.0, 713.0]
[0.0, 96.0, 824.0, 714.0]
[64.0, 128.0, 889.0, 747.0]
[32.0, 144.0, 858.0, 764.0]
[16.0, 144.0, 843.0, 764.0]
[16.0, 96.0, 844.0, 717.0]
[16.0, 128.0, 845.0, 750.0]
[48.0, 144.0, 878.0, 766.0]
[32.0, 96.0, 863.0, 719.0]
[32.0, 128.0, 864.0, 752.0]
[32.0, 112.0, 865.0, 737.0]
[0.0, 96.0, 834.0, 722.0]
[0.0, 128.0, 835.0, 754.0]
[64.0, 112.0, 900.0, 739.0]
[48.0, 128.0, 885.0, 756.0]
[0.0, 128.0, 838.0, 756.0]
[64.0, 128.0, 903.0, 757.0]
[16.0, 96.0, 856.0, 726.0]
[16.0, 128.0, 857.0, 759.0]
[48.0, 128.0, 890.0, 760.0]
[16.0, 128.0, 859.0, 760.0]
[0.0, 128.0, 844.0, 761.0]
[0.0, 96.0, 845.0, 730.0]
[0.0, 96.0, 846.0, 730.0]
[32.0, 96.0, 879.0, 731.0]
[16.0, 128.0, 864.0, 764.0]
[0.0, 112.0, 849.0, 749.0]
[16.0, 128.0, 866.0, 766.0]
[0.0, 112.0, 851.0, 750.0]
[48.0, 128.0, 900.0, 767.0]
[16.0, 96.0, 869.0, 736.0]
[0.0, 112.0, 854.0, 752.0]
[16.0, 112.0, 871.0, 753.0]
[0.0, 112.0, 856.0, 754.0]
[16.0, 96.0, 873.0, 739.0]
[48.0, 96.0, 906.0, 740.0]
[32.0, 112.0, 891.0, 756.0]
[0.0, 96.0, 860.0, 741.0]
[0.0, 112.0, 861.0, 758.0]
[32.0, 96.0, 894.0, 742.0]
[32.0, 112.0, 895.0, 759.0]
[32.0, 112.0, 896.0, 760.0]
[0.0, 112.0, 865.0, 761.0]
