[112.0, 80.0, 853.0, 636.0]
[128.0, 32.0, 870.0, 588.0]
[240.0, 80.0, 983.0, 637.0]
[48.0, 32.0, 792.0, 590.0]
[208.0, 96.0, 953.0, 655.0]
[80.0, 48.0, 826.0, 608.0]
[80.0, 80.0, 827.0, 640.0]
[64.0, 80.0, 812.0, 641.0]
[128.0, 32.0, 877.0, 594.0]
[176.0, 80.0, 926.0, 642.0]
[144.0, 48.0, 895.0, 611.0]
[160.0, 32.0, 912.0, 596.0]
[192.0, 48.0, 945.0, 613.0]
[160.0, 48.0, 914.0, 614.0]
[48.0, 32.0, 803.0, 598.0]
[96.0, 80.0, 852.0, 647.0]
[144.0, 96.0, 901.0, 664.0]
[208.0, 64.0, 966.0, 632.0]
[224.0, 32.0, 983.0, 601.0]
[144.0, 80.0, 904.0, 650.0]
[208.0, 64.0, 969.0, 635.0]
[64.0, 32.0, 826.0, 604.0]
[208.0, 48.0, 971.0, 620.0]
[192.0, 32.0, 956.0, 605.0]
[16.0, 64.0, 781.0, 638.0]
[176.0, 80.0, 942.0, 654.0]
[208.0, 16.0, 975.0, 591.0]
[16.0, 80.0, 784.0, 656.0]
[224.0, 48.0, 993.0, 625.0]
[208.0, 48.0, 978.0, 626.0]
[128.0, 96.0, 899.0, 674.0]
[128.0, 96.0, 900.0, 675.0]
[16.0, 64.0, 789.0, 644.0]
[144.0, 0.0, 918.0, 580.0]
[192.0, 0.0, 967.0, 581.0]
[32.0, 48.0, 808.0, 630.0]
[64.0, 48.0, 841.0, 631.0]
[48.0, 64.0, 826.0, 648.0]
[192.0, 0.0, 971.0, 584.0]
[128.0, 96.0, 908.0, 681.0]
[144.0, 32.0, 925.0, 618.0]
[112.0, 0.0, 894.0, 586.0]
[128.0, 64.0, 911.0, 651.0]
[144.0, 48.0, 928.0, 636.0]
[128.0, 64.0, 913.0, 653.0]
[192.0, 64.0, 978.0, 654.0]
[128.0, 48.0, 915.0, 638.0]
[144.0, 0.0, 932.0, 591.0]
[96.0, 80.0, 885.0, 672.0]
[176.0, 32.0, 966.0, 624.0]
[16.0, 32.0, 807.0, 625.0]
[224.0, 64.0, 1016.0, 658.0]
[80.0, 80.0, 873.0, 675.0]
[64.0, 32.0, 858.0, 628.0]
[96.0, 48.0, 891.0, 644.0]
[160.0, 64.0, 956.0, 661.0]
[0.0, 32.0, 797.0, 630.0]
[48.0, 32.0, 846.0, 630.0]
[224.0, 64.0, 1023.0, 663.0]
[0.0, 48.0, 800.0, 648.0]
[32.0, 16.0, 833.0, 617.0]
[160.0, 64.0, 962.0, 666.0]
[0.0, 48.0, 803.0, 650.0]
[112.0, 48.0, 916.0, 651.0]
[48.0, 48.0, 853.0, 652.0]
[32.0, 0.0, 838.0, 604.0]
[112.0, 16.0, 919.0, 621.0]
[128.0, 0.0, 936.0, 606.0]
[192.0, 0.0, 1001.0, 607.0]
[0.0, 16.0, 810.0, 624.0]
[80.0, 64.0, 891.0, 672.0]
[96.0, 32.0, 908.0, 641.0]
[112.0, 64.0, 925.0, 674.0]
[144.0, 16.0, 958.0, 626.0]
[144.0, 48.0, 959.0, 659.0]
[128.0, 0.0, 944.0, 612.0]
[176.0, 32.0, 993.0, 645.0]
[64.0, 16.0, 882.0, 630.0]
[16.0, 64.0, 835.0, 678.0]
[48.0, 0.0, 868.0, 615.0]
[192.0, 64.0, 1013.0, 680.0]
[96.0, 16.0, 918.0, 632.0]
[16.0, 48.0, 839.0, 665.0]
[64.0, 64.0, 888.0, 682.0]
[64.0, 48.0, 889.0, 667.0]
[176.0, 48.0, 1002.0, 668.0]
[144.0, 32.0, 971.0, 652.0]
[96.0, 48.0, 924.0, 669.0]
[64.0, 32.0, 893.0, 654.0]
[96.0, 48.0, 926.0, 670.0]
[112.0, 48.0, 943.0, 671.0]
[32.0, 32.0, 864.0, 656.0]
[16.0, 48.0, 849.0, 673.0]
[96.0, 48.0, 930.0, 674.0]
[96.0, 16.0, 931.0, 642.0]
[80.0, 48.0, 916.0, 675.0]
[32.0, 48.0, 869.0, 676.0]
[160.0, 48.0, 998.0, 676.0]
[48.0, 16.0, 887.0, 645.0]
[144.0, 48.0, 984.0, 678.0]
[176.0, 48.0, 1017.0, 679.0]
[48.0, 16.0, 890.0, 648.0]
[0.0, 48.0, 843.0, 680.0]
[48.0, 16.0, 892.0, 649.0]
[0.0, 48.0, 845.0, 682.0]
[80.0, 48.0, 926.0, 682.0]
[0.0, 16.0, 847.0, 651.0]
[112.0, 16.0, 960.0, 652.0]
[48.0, 32.0, 897.0, 669.0]
[48.0, 16.0, 898.0, 654.0]
[112.0, 0.0, 963.0, 638.0]
[16.0, 16.0, 868.0, 655.0]
[160.0, 0.0, 1013.0, 640.0]
[128.0, 0.0, 982.0, 640.0]
[96.0, 16.0, 951.0, 657.0]
[160.0, 16.0, 1016.0, 658.0]
[32.0, 16.0, 889.0, 659.0]
[64.0, 16.0, 922.0, 660.0]
[80.0, 0.0, 939.0, 644.0]
[32.0, 0.0, 892.0, 645.0]
[64.0, 16.0, 925.0, 662.0]
[96.0, 0.0, 958.0, 646.0]
[112.0, 32.0, 975.0, 679.0]
[80.0, 16.0, 944.0, 664.0]
[48.0, 0.0, 913.0, 649.0]
[112.0, 16.0, 978.0, 666.0]
[144.0, 32.0, 1011.0, 682.0]
[80.0, 0.0, 948.0, 651.0]
[16.0, 16.0, 885.0, 668.0]
[112.0, 0.0, 982.0, 652.0]
[0.0, 16.0, 871.0, 669.0]
[112.0, 16.0, 984.0, 670.0]
[80.0, 0.0, 953.0, 655.0]
[96.0, 16.0, 970.0, 672.0]
[64.0, 0.0, 939.0, 656.0]
[16.0, 16.0, 892.0, 673.0]
[16.0, 16.0, 893.0, 674.0]
[16.0, 0.0, 894.0, 658.0]
[112.0, 16.0, 991.0, 675.0]
[32.0, 16.0, 912.0, 676.0]
[112.0, 16.0, 993.0, 677.0]
[0.0, 16.0, 882.0, 678.0]
[128.0, 0.0, 1011.0, 662.0]
[32.0, 16.0, 916.0, 679.0]
[112.0, 16.0, 997.0, 680.0]
[96.0, 0.0, 982.0, 664.0]
[64.0, 0.0, 951.0, 665.0]
[64.0, 0.0, 952.0, 666.0]
[0.0, 0.0, 889.0, 667.0]
[48.0, 0.0, 938.0, 668.0]
[48.0, 0.0, 939.0, 668.0]
[128.0, 0.0, 1020.0, 669.0]
[64.0, 0.0, 957.0, 670.0]
[16.0, 0.0, 910.0, 670.0]
[80.0, 0.0, 975.0, 671.0]
[112.0, 0.0, 1008.0, 672.0]
[16.0, 0.0, 913.0, 673.0]
[80.0, 0.0, 978.0, 674.0]
[48.0, 0.0, 947.0, 674.0]
[48.0, 0.0, 948.0, 675.0]
[96.0, 0.0, 997.0, 676.0]
[32.0, 0.0, 934.0, 676.0]
[96.0, 0.0, 999.0, 677.0]
[80.0, 0.0, 984.0, 678.0]
[96.0, 0.0, 1001.0, 679.0]
[64.0, 0.0, 970.0, 680.0]
[80.0, 0.0, 987.0, 680.0]
[32.0, 0.0, 940.0, 681.0]
[48.0, 0.0, 957.0, 682.0]
[80.0, 0.0, 990.0, 682.0]
[32.0, 0.0, 943.0, 683.0]
