[160.0, 32.0, 877.0, 570.0]
[32.0, 32.0, 750.0, 570.0]
[96.0, 32.0, 815.0, 571.0]
[96.0, 80.0, 816.0, 620.0]
[160.0, 32.0, 881.0, 573.0]
[80.0, 16.0, 802.0, 558.0]
[144.0, 48.0, 867.0, 590.0]
[96.0, 96.0, 820.0, 639.0]
[32.0, 0.0, 757.0, 544.0]
[64.0, 80.0, 790.0, 624.0]
[208.0, 48.0, 935.0, 593.0]
[16.0, 64.0, 744.0, 610.0]
[160.0, 96.0, 889.0, 643.0]
[32.0, 32.0, 762.0, 580.0]
[64.0, 48.0, 795.0, 596.0]
[112.0, 0.0, 844.0, 549.0]
[144.0, 80.0, 877.0, 630.0]
[112.0, 64.0, 846.0, 614.0]
[128.0, 64.0, 863.0, 615.0]
[16.0, 32.0, 752.0, 584.0]
[128.0, 64.0, 865.0, 617.0]
[160.0, 48.0, 898.0, 602.0]
[176.0, 80.0, 915.0, 634.0]
[32.0, 80.0, 772.0, 635.0]
[32.0, 32.0, 773.0, 588.0]
[176.0, 16.0, 918.0, 572.0]
[176.0, 48.0, 919.0, 605.0]
[0.0, 48.0, 744.0, 606.0]
[64.0, 0.0, 809.0, 559.0]
[48.0, 64.0, 794.0, 624.0]
[112.0, 32.0, 859.0, 592.0]
[128.0, 48.0, 876.0, 609.0]
[112.0, 32.0, 861.0, 594.0]
[112.0, 32.0, 862.0, 594.0]
[160.0, 32.0, 911.0, 595.0]
[112.0, 0.0, 864.0, 564.0]
[112.0, 32.0, 865.0, 597.0]
[80.0, 16.0, 834.0, 582.0]
[0.0, 48.0, 755.0, 614.0]
[96.0, 64.0, 852.0, 631.0]
[64.0, 80.0, 821.0, 648.0]
[208.0, 32.0, 966.0, 600.0]
[32.0, 0.0, 791.0, 569.0]
[48.0, 80.0, 808.0, 650.0]
[96.0, 96.0, 857.0, 667.0]
[0.0, 0.0, 762.0, 572.0]
[32.0, 16.0, 795.0, 588.0]
[16.0, 0.0, 780.0, 573.0]
[112.0, 16.0, 877.0, 590.0]
[192.0, 32.0, 958.0, 606.0]
[64.0, 32.0, 831.0, 607.0]
[48.0, 64.0, 816.0, 640.0]
[64.0, 16.0, 833.0, 593.0]
[176.0, 16.0, 946.0, 594.0]
[128.0, 80.0, 899.0, 658.0]
[48.0, 16.0, 820.0, 595.0]
[32.0, 16.0, 805.0, 596.0]
[128.0, 16.0, 902.0, 596.0]
[176.0, 32.0, 951.0, 613.0]
[176.0, 32.0, 952.0, 614.0]
[80.0, 0.0, 857.0, 583.0]
[112.0, 64.0, 890.0, 648.0]
[128.0, 32.0, 907.0, 616.0]
[0.0, 32.0, 780.0, 617.0]
[96.0, 16.0, 877.0, 602.0]
[96.0, 32.0, 878.0, 618.0]
[48.0, 64.0, 831.0, 651.0]
[112.0, 48.0, 896.0, 636.0]
[16.0, 32.0, 801.0, 621.0]
[64.0, 48.0, 850.0, 638.0]
[80.0, 48.0, 867.0, 638.0]
[160.0, 16.0, 948.0, 607.0]
[48.0, 0.0, 837.0, 592.0]
[32.0, 80.0, 822.0, 672.0]
[96.0, 48.0, 887.0, 641.0]
[128.0, 48.0, 920.0, 642.0]
[128.0, 0.0, 921.0, 595.0]
[0.0, 48.0, 794.0, 644.0]
[144.0, 48.0, 939.0, 644.0]
[96.0, 16.0, 892.0, 613.0]
[128.0, 64.0, 925.0, 662.0]
[16.0, 64.0, 814.0, 662.0]
[16.0, 0.0, 815.0, 599.0]
[32.0, 48.0, 832.0, 648.0]
[64.0, 64.0, 865.0, 665.0]
[112.0, 0.0, 914.0, 602.0]
[96.0, 16.0, 899.0, 618.0]
[16.0, 0.0, 820.0, 603.0]
[112.0, 0.0, 917.0, 604.0]
[128.0, 64.0, 934.0, 668.0]
[48.0, 32.0, 855.0, 637.0]
[48.0, 16.0, 856.0, 622.0]
[16.0, 64.0, 825.0, 671.0]
[64.0, 32.0, 874.0, 640.0]
[112.0, 48.0, 923.0, 656.0]
[0.0, 64.0, 812.0, 673.0]
[0.0, 64.0, 813.0, 674.0]
[128.0, 16.0, 942.0, 626.0]
[16.0, 16.0, 831.0, 627.0]
[112.0, 32.0, 928.0, 644.0]
[48.0, 32.0, 865.0, 645.0]
[64.0, 0.0, 882.0, 614.0]
[128.0, 32.0, 947.0, 646.0]
[96.0, 48.0, 916.0, 663.0]
[80.0, 16.0, 901.0, 632.0]
[16.0, 16.0, 838.0, 632.0]
[48.0, 48.0, 871.0, 665.0]
[16.0, 0.0, 840.0, 618.0]
[112.0, 16.0, 937.0, 635.0]
[0.0, 32.0, 826.0, 652.0]
[144.0, 0.0, 971.0, 620.0]
[16.0, 16.0, 844.0, 637.0]
[96.0, 0.0, 925.0, 622.0]
[48.0, 48.0, 878.0, 670.0]
[16.0, 16.0, 847.0, 639.0]
[32.0, 0.0, 864.0, 624.0]
[48.0, 16.0, 881.0, 641.0]
[0.0, 16.0, 834.0, 642.0]
[80.0, 48.0, 915.0, 674.0]
[64.0, 0.0, 900.0, 627.0]
[64.0, 0.0, 901.0, 628.0]
[144.0, 32.0, 982.0, 660.0]
[16.0, 16.0, 855.0, 645.0]
[16.0, 0.0, 856.0, 630.0]
[112.0, 32.0, 953.0, 663.0]
[48.0, 0.0, 890.0, 632.0]
[144.0, 16.0, 987.0, 648.0]
[32.0, 0.0, 876.0, 633.0]
[0.0, 0.0, 845.0, 634.0]
[96.0, 32.0, 942.0, 666.0]
[16.0, 0.0, 863.0, 635.0]
[112.0, 0.0, 960.0, 636.0]
[32.0, 32.0, 881.0, 669.0]
[96.0, 32.0, 946.0, 670.0]
[32.0, 0.0, 883.0, 638.0]
[128.0, 16.0, 980.0, 655.0]
[96.0, 32.0, 949.0, 672.0]
[80.0, 0.0, 934.0, 640.0]
[112.0, 0.0, 967.0, 641.0]
[32.0, 0.0, 888.0, 642.0]
[16.0, 16.0, 873.0, 659.0]
[32.0, 16.0, 890.0, 660.0]
[64.0, 16.0, 923.0, 660.0]
[48.0, 16.0, 908.0, 661.0]
