[160.0, 32.0, 894.0, 582.0]
[176.0, 32.0, 915.0, 586.0]
[176.0, 96.0, 918.0, 652.0]
[144.0, 48.0, 887.0, 605.0]
[176.0, 96.0, 920.0, 654.0]
[112.0, 64.0, 857.0, 623.0]
[96.0, 32.0, 843.0, 592.0]
[192.0, 32.0, 940.0, 593.0]
[176.0, 96.0, 925.0, 658.0]
[128.0, 96.0, 878.0, 658.0]
[224.0, 80.0, 975.0, 643.0]
[192.0, 64.0, 944.0, 628.0]
[80.0, 32.0, 833.0, 597.0]
[160.0, 16.0, 914.0, 582.0]
[48.0, 16.0, 803.0, 582.0]
[64.0, 64.0, 820.0, 631.0]
[192.0, 64.0, 949.0, 632.0]
[64.0, 96.0, 822.0, 664.0]
[192.0, 80.0, 951.0, 649.0]
[96.0, 32.0, 856.0, 602.0]
[64.0, 80.0, 825.0, 651.0]
[192.0, 16.0, 954.0, 588.0]
[128.0, 48.0, 891.0, 620.0]
[192.0, 64.0, 956.0, 637.0]
[96.0, 80.0, 861.0, 654.0]
[80.0, 16.0, 846.0, 590.0]
[112.0, 64.0, 879.0, 639.0]
[192.0, 48.0, 960.0, 624.0]
[48.0, 48.0, 817.0, 625.0]
[112.0, 16.0, 882.0, 594.0]
[128.0, 48.0, 899.0, 626.0]
[128.0, 80.0, 900.0, 659.0]
[128.0, 64.0, 901.0, 644.0]
[208.0, 48.0, 982.0, 628.0]
[48.0, 32.0, 823.0, 613.0]
[144.0, 32.0, 920.0, 614.0]
[192.0, 48.0, 969.0, 631.0]
[80.0, 32.0, 858.0, 616.0]
[144.0, 96.0, 923.0, 680.0]
[64.0, 0.0, 844.0, 585.0]
[48.0, 32.0, 829.0, 618.0]
[128.0, 16.0, 910.0, 602.0]
[48.0, 32.0, 831.0, 619.0]
[80.0, 96.0, 864.0, 684.0]
[128.0, 32.0, 913.0, 621.0]
[160.0, 48.0, 946.0, 638.0]
[192.0, 80.0, 979.0, 670.0]
[96.0, 16.0, 884.0, 607.0]
[96.0, 48.0, 885.0, 640.0]
[96.0, 96.0, 886.0, 688.0]
[144.0, 96.0, 935.0, 689.0]
[128.0, 0.0, 920.0, 594.0]
[144.0, 48.0, 937.0, 643.0]
[112.0, 64.0, 906.0, 660.0]
[112.0, 80.0, 907.0, 676.0]
[64.0, 32.0, 860.0, 629.0]
[96.0, 0.0, 893.0, 598.0]
[144.0, 0.0, 942.0, 598.0]
[112.0, 16.0, 911.0, 615.0]
[48.0, 16.0, 848.0, 616.0]
[176.0, 0.0, 977.0, 601.0]
[80.0, 16.0, 883.0, 618.0]
[112.0, 16.0, 916.0, 619.0]
[128.0, 80.0, 934.0, 684.0]
[128.0, 64.0, 935.0, 669.0]
[96.0, 32.0, 907.0, 640.0]
[96.0, 96.0, 910.0, 706.0]
