[0.0, 64.0, 717.0, 602.0]
[0.0, 16.0, 718.0, 554.0]
[64.0, 32.0, 783.0, 571.0]
[160.0, 32.0, 880.0, 572.0]
[0.0, 32.0, 721.0, 573.0]
[64.0, 96.0, 786.0, 638.0]
[112.0, 32.0, 835.0, 574.0]
[0.0, 48.0, 724.0, 591.0]
[64.0, 96.0, 789.0, 640.0]
[96.0, 112.0, 822.0, 656.0]
[80.0, 80.0, 807.0, 625.0]
[128.0, 0.0, 856.0, 546.0]
[16.0, 112.0, 745.0, 659.0]
[96.0, 64.0, 826.0, 612.0]
[32.0, 96.0, 763.0, 644.0]
[16.0, 64.0, 748.0, 613.0]
[96.0, 112.0, 829.0, 662.0]
[16.0, 64.0, 750.0, 614.0]
[80.0, 112.0, 815.0, 663.0]
[48.0, 16.0, 784.0, 568.0]
[32.0, 112.0, 769.0, 665.0]
[64.0, 48.0, 802.0, 602.0]
[48.0, 0.0, 787.0, 554.0]
[112.0, 96.0, 852.0, 651.0]
[112.0, 80.0, 853.0, 636.0]
[112.0, 32.0, 854.0, 588.0]
[80.0, 80.0, 823.0, 637.0]
[16.0, 48.0, 760.0, 606.0]
[16.0, 112.0, 761.0, 671.0]
[80.0, 48.0, 826.0, 608.0]
[32.0, 80.0, 779.0, 640.0]
[144.0, 64.0, 892.0, 625.0]
[144.0, 48.0, 893.0, 610.0]
[16.0, 16.0, 766.0, 578.0]
[112.0, 16.0, 863.0, 579.0]
[16.0, 0.0, 768.0, 564.0]
[16.0, 0.0, 769.0, 565.0]
[128.0, 32.0, 882.0, 598.0]
[112.0, 64.0, 867.0, 630.0]
[48.0, 80.0, 804.0, 647.0]
[64.0, 16.0, 821.0, 584.0]
[48.0, 16.0, 806.0, 584.0]
[48.0, 0.0, 807.0, 569.0]
[144.0, 64.0, 904.0, 634.0]
[48.0, 112.0, 809.0, 683.0]
[0.0, 80.0, 762.0, 652.0]
[112.0, 80.0, 875.0, 652.0]
[128.0, 48.0, 892.0, 621.0]
[16.0, 0.0, 781.0, 574.0]
[128.0, 48.0, 894.0, 622.0]
[96.0, 48.0, 863.0, 623.0]
[96.0, 64.0, 864.0, 640.0]
[112.0, 0.0, 881.0, 577.0]
[128.0, 0.0, 898.0, 578.0]
[80.0, 48.0, 851.0, 626.0]
[32.0, 32.0, 804.0, 611.0]
[80.0, 0.0, 853.0, 580.0]
[16.0, 16.0, 790.0, 596.0]
[112.0, 80.0, 887.0, 661.0]
[96.0, 80.0, 872.0, 662.0]
[80.0, 80.0, 857.0, 663.0]
[64.0, 64.0, 842.0, 648.0]
[64.0, 48.0, 843.0, 632.0]
[64.0, 48.0, 844.0, 633.0]
[96.0, 48.0, 877.0, 634.0]
[48.0, 64.0, 830.0, 650.0]
[112.0, 0.0, 895.0, 587.0]
[96.0, 32.0, 880.0, 620.0]
[80.0, 80.0, 865.0, 669.0]
[96.0, 0.0, 882.0, 590.0]
[64.0, 64.0, 851.0, 654.0]
[16.0, 48.0, 804.0, 639.0]
[96.0, 0.0, 885.0, 592.0]
[16.0, 64.0, 806.0, 656.0]
[0.0, 80.0, 791.0, 673.0]
[96.0, 32.0, 888.0, 626.0]
[0.0, 0.0, 793.0, 595.0]
[16.0, 48.0, 810.0, 644.0]
[80.0, 32.0, 875.0, 628.0]
[16.0, 112.0, 812.0, 709.0]
[16.0, 112.0, 813.0, 710.0]
[112.0, 32.0, 910.0, 630.0]
[128.0, 16.0, 927.0, 615.0]
[0.0, 32.0, 800.0, 632.0]
[32.0, 96.0, 833.0, 697.0]
[80.0, 16.0, 882.0, 618.0]
[32.0, 0.0, 835.0, 602.0]
[80.0, 16.0, 884.0, 619.0]
[80.0, 32.0, 885.0, 636.0]
[48.0, 32.0, 854.0, 636.0]
[0.0, 80.0, 807.0, 685.0]
[0.0, 16.0, 808.0, 622.0]
[0.0, 32.0, 809.0, 639.0]
[48.0, 80.0, 858.0, 688.0]
[64.0, 32.0, 875.0, 640.0]
[112.0, 32.0, 924.0, 641.0]
[0.0, 64.0, 813.0, 674.0]
[64.0, 64.0, 878.0, 674.0]
[96.0, 16.0, 911.0, 627.0]
[0.0, 0.0, 816.0, 612.0]
[64.0, 80.0, 881.0, 693.0]
[64.0, 48.0, 882.0, 662.0]
[112.0, 48.0, 931.0, 662.0]
[80.0, 32.0, 900.0, 647.0]
[80.0, 64.0, 901.0, 680.0]
[64.0, 0.0, 886.0, 616.0]
[32.0, 32.0, 855.0, 649.0]
[16.0, 96.0, 840.0, 714.0]
[80.0, 0.0, 905.0, 619.0]
[16.0, 16.0, 842.0, 636.0]
[32.0, 32.0, 859.0, 652.0]
[0.0, 48.0, 828.0, 669.0]
[48.0, 48.0, 877.0, 670.0]
[32.0, 16.0, 862.0, 638.0]
[64.0, 16.0, 895.0, 639.0]
[16.0, 32.0, 848.0, 656.0]
[112.0, 16.0, 945.0, 641.0]
[48.0, 0.0, 882.0, 626.0]
[0.0, 48.0, 835.0, 674.0]
[64.0, 0.0, 900.0, 627.0]
[16.0, 64.0, 853.0, 692.0]
[48.0, 48.0, 886.0, 676.0]
[0.0, 16.0, 839.0, 645.0]
[48.0, 16.0, 888.0, 646.0]
[16.0, 80.0, 857.0, 711.0]
[64.0, 48.0, 906.0, 680.0]
[32.0, 80.0, 875.0, 712.0]
[48.0, 80.0, 892.0, 713.0]
[48.0, 16.0, 893.0, 650.0]
[0.0, 16.0, 846.0, 650.0]
[64.0, 0.0, 911.0, 635.0]
[48.0, 16.0, 896.0, 652.0]
[16.0, 64.0, 865.0, 701.0]
[64.0, 48.0, 914.0, 686.0]
[48.0, 32.0, 899.0, 670.0]
[64.0, 0.0, 916.0, 639.0]
[80.0, 0.0, 933.0, 640.0]
[80.0, 48.0, 934.0, 688.0]
[16.0, 0.0, 871.0, 641.0]
[16.0, 0.0, 872.0, 642.0]
[16.0, 16.0, 873.0, 659.0]
[16.0, 32.0, 874.0, 676.0]
[64.0, 32.0, 923.0, 676.0]
[0.0, 0.0, 860.0, 645.0]
[0.0, 64.0, 861.0, 710.0]
[96.0, 32.0, 958.0, 678.0]
[48.0, 16.0, 911.0, 663.0]
[0.0, 64.0, 864.0, 712.0]
[32.0, 64.0, 897.0, 713.0]
[16.0, 32.0, 882.0, 682.0]
[80.0, 16.0, 947.0, 666.0]
[16.0, 16.0, 884.0, 667.0]
[32.0, 64.0, 901.0, 716.0]
[0.0, 0.0, 870.0, 652.0]
[32.0, 16.0, 903.0, 669.0]
[16.0, 32.0, 888.0, 686.0]
[64.0, 32.0, 937.0, 687.0]
[16.0, 16.0, 890.0, 672.0]
[0.0, 48.0, 875.0, 704.0]
[16.0, 48.0, 892.0, 705.0]
[16.0, 32.0, 893.0, 690.0]
[16.0, 32.0, 894.0, 690.0]
[0.0, 0.0, 879.0, 659.0]
[64.0, 16.0, 944.0, 676.0]
[32.0, 32.0, 913.0, 693.0]
[32.0, 0.0, 914.0, 662.0]
[64.0, 16.0, 947.0, 678.0]
[48.0, 0.0, 932.0, 663.0]
[32.0, 32.0, 917.0, 696.0]
[64.0, 16.0, 950.0, 680.0]
[16.0, 0.0, 903.0, 665.0]
[32.0, 16.0, 920.0, 682.0]
[48.0, 32.0, 937.0, 699.0]
[0.0, 0.0, 890.0, 668.0]
[0.0, 0.0, 891.0, 668.0]
[32.0, 0.0, 924.0, 669.0]
[64.0, 16.0, 957.0, 686.0]
[0.0, 16.0, 894.0, 686.0]
[16.0, 48.0, 911.0, 719.0]
[0.0, 32.0, 896.0, 704.0]
[32.0, 32.0, 929.0, 705.0]
[16.0, 32.0, 914.0, 706.0]
[0.0, 16.0, 899.0, 690.0]
[0.0, 32.0, 900.0, 707.0]
[16.0, 32.0, 917.0, 708.0]
[32.0, 32.0, 934.0, 708.0]
[48.0, 32.0, 951.0, 709.0]
[0.0, 0.0, 904.0, 678.0]
[0.0, 32.0, 905.0, 711.0]
[48.0, 32.0, 954.0, 712.0]
[0.0, 0.0, 907.0, 680.0]
[16.0, 32.0, 924.0, 713.0]
[16.0, 16.0, 925.0, 698.0]
[48.0, 16.0, 958.0, 698.0]
[16.0, 0.0, 927.0, 683.0]
[32.0, 16.0, 944.0, 700.0]
[16.0, 16.0, 929.0, 701.0]
[16.0, 16.0, 930.0, 702.0]
[16.0, 0.0, 931.0, 686.0]
[32.0, 32.0, 948.0, 719.0]
[0.0, 0.0, 917.0, 688.0]
[32.0, 16.0, 950.0, 704.0]
