[304.0, 16.0, 1021.0, 554.0]
[240.0, 64.0, 958.0, 602.0]
[224.0, 0.0, 943.0, 539.0]
[112.0, 16.0, 832.0, 556.0]
[96.0, 32.0, 817.0, 573.0]
[160.0, 32.0, 882.0, 574.0]
[128.0, 16.0, 851.0, 558.0]
[112.0, 0.0, 836.0, 543.0]
[224.0, 32.0, 949.0, 576.0]
[112.0, 16.0, 838.0, 560.0]
[256.0, 32.0, 983.0, 577.0]
[240.0, 32.0, 968.0, 578.0]
[256.0, 16.0, 985.0, 563.0]
[128.0, 48.0, 858.0, 596.0]
[128.0, 16.0, 859.0, 564.0]
[128.0, 48.0, 860.0, 597.0]
[192.0, 64.0, 925.0, 614.0]
[176.0, 16.0, 910.0, 566.0]
[272.0, 32.0, 1007.0, 583.0]
[224.0, 0.0, 960.0, 552.0]
[176.0, 48.0, 913.0, 601.0]
[112.0, 0.0, 850.0, 554.0]
[208.0, 16.0, 947.0, 570.0]
[160.0, 16.0, 900.0, 571.0]
[192.0, 80.0, 933.0, 636.0]
[144.0, 64.0, 886.0, 620.0]
[112.0, 48.0, 855.0, 605.0]
[256.0, 32.0, 1000.0, 590.0]
[160.0, 0.0, 905.0, 559.0]
[256.0, 32.0, 1002.0, 592.0]
[160.0, 48.0, 907.0, 608.0]
[128.0, 16.0, 876.0, 577.0]
[112.0, 48.0, 861.0, 610.0]
[144.0, 64.0, 894.0, 626.0]
[176.0, 0.0, 927.0, 563.0]
[176.0, 0.0, 928.0, 564.0]
[208.0, 48.0, 961.0, 613.0]
[160.0, 48.0, 914.0, 614.0]
[112.0, 32.0, 867.0, 598.0]
[208.0, 0.0, 964.0, 567.0]
[128.0, 32.0, 885.0, 600.0]
[208.0, 16.0, 966.0, 584.0]
[112.0, 16.0, 871.0, 585.0]
[208.0, 32.0, 968.0, 602.0]
[208.0, 64.0, 969.0, 635.0]
[112.0, 16.0, 874.0, 588.0]
[160.0, 64.0, 923.0, 636.0]
[192.0, 32.0, 956.0, 605.0]
[96.0, 16.0, 861.0, 590.0]
[176.0, 64.0, 942.0, 638.0]
[96.0, 16.0, 863.0, 591.0]
[160.0, 0.0, 928.0, 576.0]
[160.0, 16.0, 929.0, 593.0]
[224.0, 16.0, 994.0, 594.0]
[112.0, 0.0, 883.0, 578.0]
[224.0, 32.0, 996.0, 611.0]
[128.0, 48.0, 901.0, 628.0]
[128.0, 16.0, 902.0, 596.0]
[240.0, 0.0, 1015.0, 581.0]
[224.0, 16.0, 1000.0, 598.0]
[208.0, 48.0, 985.0, 631.0]
[224.0, 16.0, 1002.0, 600.0]
[112.0, 0.0, 891.0, 584.0]
[240.0, 0.0, 1020.0, 585.0]
[144.0, 16.0, 925.0, 602.0]
[240.0, 32.0, 1022.0, 618.0]
[128.0, 48.0, 911.0, 635.0]
[144.0, 0.0, 928.0, 588.0]
[112.0, 0.0, 897.0, 589.0]
[192.0, 48.0, 978.0, 638.0]
[80.0, 0.0, 867.0, 590.0]
[160.0, 0.0, 948.0, 591.0]
[208.0, 0.0, 997.0, 592.0]
[144.0, 16.0, 934.0, 608.0]
[80.0, 0.0, 871.0, 593.0]
[96.0, 32.0, 888.0, 626.0]
[96.0, 0.0, 889.0, 595.0]
[144.0, 32.0, 938.0, 628.0]
[128.0, 32.0, 923.0, 628.0]
[96.0, 32.0, 892.0, 629.0]
[176.0, 16.0, 973.0, 614.0]
[224.0, 32.0, 1022.0, 630.0]
[160.0, 16.0, 959.0, 615.0]
[176.0, 16.0, 976.0, 616.0]
[176.0, 16.0, 977.0, 617.0]
[80.0, 0.0, 882.0, 602.0]
[144.0, 0.0, 947.0, 602.0]
[128.0, 0.0, 932.0, 603.0]
[160.0, 16.0, 965.0, 620.0]
[208.0, 0.0, 1014.0, 604.0]
[80.0, 0.0, 887.0, 605.0]
[208.0, 0.0, 1016.0, 606.0]
[80.0, 0.0, 889.0, 607.0]
[96.0, 16.0, 906.0, 624.0]
[128.0, 0.0, 939.0, 608.0]
[192.0, 0.0, 1004.0, 609.0]
[96.0, 16.0, 909.0, 626.0]
[176.0, 0.0, 990.0, 610.0]
[192.0, 16.0, 1007.0, 627.0]
[176.0, 16.0, 992.0, 628.0]
