[80.0, 64.0, 797.0, 602.0]
[80.0, 96.0, 798.0, 634.0]
[112.0, 80.0, 831.0, 619.0]
[176.0, 112.0, 896.0, 652.0]
[192.0, 64.0, 913.0, 605.0]
[128.0, 32.0, 850.0, 574.0]
[32.0, 48.0, 755.0, 590.0]
[176.0, 80.0, 900.0, 623.0]
[112.0, 16.0, 837.0, 560.0]
[128.0, 112.0, 854.0, 656.0]
[48.0, 32.0, 775.0, 577.0]
[176.0, 64.0, 904.0, 610.0]
[128.0, 64.0, 857.0, 611.0]
[48.0, 48.0, 778.0, 596.0]
[64.0, 80.0, 795.0, 628.0]
[16.0, 32.0, 748.0, 581.0]
[176.0, 96.0, 909.0, 646.0]
[144.0, 112.0, 878.0, 662.0]
[128.0, 48.0, 863.0, 599.0]
[192.0, 64.0, 928.0, 616.0]
[80.0, 32.0, 817.0, 585.0]
[48.0, 80.0, 786.0, 634.0]
[112.0, 16.0, 851.0, 570.0]
[64.0, 80.0, 804.0, 635.0]
[80.0, 112.0, 821.0, 668.0]
[48.0, 48.0, 790.0, 604.0]
[48.0, 64.0, 791.0, 621.0]
[64.0, 80.0, 808.0, 638.0]
[160.0, 64.0, 905.0, 623.0]
[96.0, 64.0, 842.0, 624.0]
[16.0, 64.0, 763.0, 624.0]
[144.0, 80.0, 892.0, 641.0]
[0.0, 48.0, 749.0, 610.0]
[160.0, 112.0, 910.0, 674.0]
[112.0, 0.0, 863.0, 563.0]
[128.0, 96.0, 880.0, 660.0]
[128.0, 64.0, 881.0, 629.0]
[64.0, 48.0, 818.0, 614.0]
[112.0, 64.0, 867.0, 630.0]
[64.0, 0.0, 820.0, 567.0]
[48.0, 48.0, 805.0, 616.0]
[48.0, 48.0, 806.0, 616.0]
[192.0, 80.0, 951.0, 649.0]
[160.0, 96.0, 920.0, 666.0]
[176.0, 80.0, 937.0, 651.0]
[160.0, 48.0, 922.0, 620.0]
[64.0, 80.0, 827.0, 652.0]
[32.0, 16.0, 796.0, 589.0]
[144.0, 16.0, 909.0, 590.0]
[160.0, 64.0, 926.0, 638.0]
[112.0, 96.0, 879.0, 671.0]
[128.0, 16.0, 896.0, 592.0]
[160.0, 16.0, 929.0, 593.0]
[96.0, 32.0, 866.0, 610.0]
[96.0, 80.0, 867.0, 658.0]
[80.0, 64.0, 852.0, 643.0]
[176.0, 64.0, 949.0, 644.0]
[160.0, 96.0, 934.0, 676.0]
[160.0, 96.0, 935.0, 677.0]
[144.0, 64.0, 920.0, 646.0]
[176.0, 16.0, 953.0, 599.0]
[80.0, 96.0, 858.0, 680.0]
[32.0, 16.0, 811.0, 600.0]
[0.0, 80.0, 780.0, 665.0]
[0.0, 96.0, 781.0, 682.0]
[16.0, 32.0, 798.0, 618.0]
[128.0, 16.0, 911.0, 603.0]
[144.0, 64.0, 928.0, 652.0]
[160.0, 64.0, 945.0, 653.0]
[96.0, 64.0, 882.0, 654.0]
[96.0, 32.0, 883.0, 622.0]
[80.0, 16.0, 868.0, 607.0]
[32.0, 48.0, 821.0, 640.0]
[160.0, 80.0, 950.0, 672.0]
[160.0, 64.0, 951.0, 657.0]
[0.0, 64.0, 792.0, 658.0]
[176.0, 64.0, 969.0, 659.0]
[64.0, 16.0, 858.0, 612.0]
[32.0, 0.0, 827.0, 596.0]
[32.0, 64.0, 828.0, 661.0]
[16.0, 0.0, 813.0, 598.0]
[112.0, 80.0, 910.0, 678.0]
[144.0, 64.0, 943.0, 663.0]
[48.0, 48.0, 848.0, 648.0]
[32.0, 48.0, 833.0, 649.0]
[128.0, 64.0, 930.0, 666.0]
[176.0, 48.0, 979.0, 650.0]
[96.0, 64.0, 900.0, 667.0]
[32.0, 32.0, 837.0, 636.0]
[96.0, 16.0, 902.0, 620.0]
[0.0, 0.0, 807.0, 605.0]
[160.0, 32.0, 968.0, 638.0]
[144.0, 48.0, 953.0, 655.0]
[112.0, 48.0, 922.0, 656.0]
[64.0, 48.0, 875.0, 656.0]
[80.0, 16.0, 892.0, 625.0]
[64.0, 16.0, 877.0, 626.0]
[128.0, 64.0, 942.0, 674.0]
[144.0, 0.0, 959.0, 611.0]
[96.0, 0.0, 912.0, 612.0]
[48.0, 0.0, 865.0, 613.0]
[0.0, 64.0, 818.0, 678.0]
[112.0, 16.0, 931.0, 630.0]
[80.0, 16.0, 900.0, 631.0]
[48.0, 0.0, 869.0, 616.0]
[16.0, 64.0, 838.0, 680.0]
[192.0, 32.0, 1015.0, 649.0]
[64.0, 64.0, 888.0, 682.0]
[48.0, 16.0, 873.0, 635.0]
[64.0, 48.0, 890.0, 668.0]
[128.0, 0.0, 955.0, 620.0]
[160.0, 48.0, 988.0, 669.0]
[16.0, 0.0, 845.0, 622.0]
[32.0, 0.0, 862.0, 622.0]
[0.0, 0.0, 831.0, 623.0]
[96.0, 32.0, 928.0, 656.0]
[160.0, 0.0, 993.0, 625.0]
[16.0, 0.0, 850.0, 626.0]
[80.0, 48.0, 915.0, 674.0]
[128.0, 48.0, 964.0, 675.0]
[64.0, 48.0, 901.0, 676.0]
[48.0, 0.0, 886.0, 628.0]
[128.0, 16.0, 967.0, 645.0]
[16.0, 32.0, 856.0, 662.0]
[160.0, 16.0, 1001.0, 647.0]
[48.0, 48.0, 890.0, 680.0]
[176.0, 32.0, 1019.0, 664.0]
[144.0, 48.0, 988.0, 681.0]
[16.0, 32.0, 861.0, 666.0]
[128.0, 48.0, 974.0, 682.0]
[144.0, 48.0, 991.0, 683.0]
[80.0, 16.0, 928.0, 652.0]
[112.0, 16.0, 961.0, 653.0]
[16.0, 0.0, 866.0, 638.0]
[144.0, 0.0, 995.0, 638.0]
[0.0, 16.0, 852.0, 655.0]
[0.0, 0.0, 853.0, 640.0]
[64.0, 0.0, 918.0, 640.0]
[128.0, 16.0, 983.0, 657.0]
[160.0, 16.0, 1016.0, 658.0]
[160.0, 16.0, 1017.0, 659.0]
[64.0, 0.0, 922.0, 644.0]
[112.0, 32.0, 971.0, 676.0]
[64.0, 0.0, 924.0, 645.0]
[144.0, 0.0, 1005.0, 646.0]
[16.0, 16.0, 878.0, 662.0]
[32.0, 0.0, 895.0, 647.0]
[16.0, 32.0, 880.0, 680.0]
[32.0, 32.0, 897.0, 681.0]
[16.0, 0.0, 882.0, 650.0]
[32.0, 32.0, 899.0, 682.0]
[0.0, 16.0, 868.0, 667.0]
[64.0, 16.0, 933.0, 668.0]
[80.0, 0.0, 950.0, 652.0]
[48.0, 0.0, 919.0, 653.0]
[16.0, 16.0, 888.0, 670.0]
[0.0, 16.0, 873.0, 671.0]
[128.0, 0.0, 1002.0, 656.0]
[0.0, 16.0, 875.0, 672.0]
[144.0, 0.0, 1020.0, 657.0]
[96.0, 16.0, 973.0, 674.0]
[144.0, 16.0, 1022.0, 674.0]
[0.0, 16.0, 879.0, 675.0]
[32.0, 0.0, 912.0, 660.0]
[0.0, 0.0, 881.0, 661.0]
[48.0, 0.0, 930.0, 662.0]
[64.0, 16.0, 947.0, 678.0]
[48.0, 16.0, 932.0, 679.0]
[16.0, 16.0, 901.0, 680.0]
[96.0, 0.0, 982.0, 664.0]
[80.0, 0.0, 967.0, 665.0]
[112.0, 16.0, 1000.0, 682.0]
[64.0, 0.0, 953.0, 667.0]
[112.0, 0.0, 1002.0, 668.0]
[112.0, 0.0, 1003.0, 668.0]
[0.0, 0.0, 892.0, 669.0]
[0.0, 0.0, 893.0, 670.0]
[16.0, 0.0, 910.0, 670.0]
[48.0, 0.0, 943.0, 671.0]
[128.0, 0.0, 1024.0, 672.0]
[64.0, 0.0, 961.0, 673.0]
[64.0, 0.0, 962.0, 674.0]
[112.0, 0.0, 1011.0, 674.0]
[48.0, 0.0, 948.0, 675.0]
[16.0, 0.0, 917.0, 676.0]
[16.0, 0.0, 918.0, 676.0]
[80.0, 0.0, 983.0, 677.0]
[16.0, 0.0, 920.0, 678.0]
[32.0, 0.0, 937.0, 679.0]
[16.0, 0.0, 922.0, 680.0]
[48.0, 0.0, 955.0, 680.0]
[80.0, 0.0, 988.0, 681.0]
[16.0, 0.0, 925.0, 682.0]
[80.0, 0.0, 990.0, 682.0]
[0.0, 0.0, 911.0, 683.0]
