[16.0, 16.0, 733.0, 554.0]
[80.0, 80.0, 798.0, 618.0]
[16.0, 64.0, 735.0, 603.0]
[0.0, 0.0, 720.0, 540.0]
[128.0, 80.0, 849.0, 621.0]
[144.0, 0.0, 866.0, 542.0]
[80.0, 0.0, 803.0, 542.0]
[64.0, 80.0, 788.0, 623.0]
[112.0, 96.0, 837.0, 640.0]
[32.0, 112.0, 758.0, 656.0]
[160.0, 48.0, 887.0, 593.0]
[80.0, 32.0, 808.0, 578.0]
[144.0, 16.0, 873.0, 563.0]
[16.0, 64.0, 746.0, 612.0]
[0.0, 64.0, 731.0, 612.0]
[16.0, 32.0, 748.0, 581.0]
[144.0, 48.0, 877.0, 598.0]
[96.0, 16.0, 830.0, 566.0]
[80.0, 80.0, 815.0, 631.0]
[80.0, 48.0, 816.0, 600.0]
[128.0, 32.0, 865.0, 585.0]
[0.0, 80.0, 738.0, 634.0]
[32.0, 0.0, 771.0, 554.0]
[48.0, 64.0, 788.0, 619.0]
[64.0, 112.0, 805.0, 668.0]
[48.0, 16.0, 790.0, 572.0]
[0.0, 16.0, 743.0, 573.0]
[176.0, 32.0, 920.0, 590.0]
[144.0, 16.0, 889.0, 575.0]
[48.0, 16.0, 794.0, 576.0]
[32.0, 96.0, 779.0, 656.0]
[48.0, 80.0, 796.0, 641.0]
[32.0, 16.0, 781.0, 578.0]
[16.0, 96.0, 766.0, 658.0]
[48.0, 48.0, 799.0, 611.0]
[48.0, 80.0, 800.0, 644.0]
[32.0, 0.0, 785.0, 565.0]
[48.0, 80.0, 802.0, 646.0]
[48.0, 96.0, 803.0, 662.0]
[176.0, 32.0, 932.0, 599.0]
[64.0, 64.0, 821.0, 632.0]
[112.0, 0.0, 870.0, 568.0]
[64.0, 48.0, 823.0, 617.0]
[96.0, 64.0, 856.0, 634.0]
[48.0, 80.0, 809.0, 651.0]
[0.0, 80.0, 762.0, 652.0]
[48.0, 16.0, 811.0, 588.0]
[64.0, 0.0, 828.0, 573.0]
[48.0, 32.0, 813.0, 606.0]
[96.0, 32.0, 862.0, 606.0]
[48.0, 80.0, 815.0, 655.0]
[32.0, 0.0, 800.0, 576.0]
[144.0, 16.0, 913.0, 593.0]
[96.0, 16.0, 866.0, 594.0]
[16.0, 96.0, 787.0, 674.0]
[112.0, 0.0, 884.0, 579.0]
[96.0, 16.0, 869.0, 596.0]
[0.0, 64.0, 774.0, 644.0]
[128.0, 0.0, 903.0, 581.0]
[112.0, 16.0, 888.0, 598.0]
[80.0, 16.0, 857.0, 599.0]
[80.0, 16.0, 858.0, 600.0]
[16.0, 16.0, 795.0, 600.0]
[96.0, 16.0, 876.0, 601.0]
[16.0, 64.0, 797.0, 650.0]
[80.0, 16.0, 862.0, 602.0]
[16.0, 16.0, 799.0, 603.0]
[80.0, 16.0, 864.0, 604.0]
[80.0, 16.0, 865.0, 605.0]
[80.0, 0.0, 866.0, 590.0]
[0.0, 64.0, 787.0, 654.0]
[48.0, 48.0, 836.0, 639.0]
[144.0, 16.0, 933.0, 608.0]
[16.0, 0.0, 806.0, 592.0]
[112.0, 16.0, 903.0, 609.0]
[32.0, 80.0, 824.0, 674.0]
[32.0, 80.0, 825.0, 675.0]
[96.0, 48.0, 890.0, 644.0]
[16.0, 80.0, 811.0, 676.0]
[112.0, 0.0, 908.0, 597.0]
[48.0, 80.0, 845.0, 678.0]
[96.0, 32.0, 894.0, 630.0]
[80.0, 16.0, 879.0, 615.0]
[96.0, 48.0, 896.0, 648.0]
[32.0, 64.0, 833.0, 665.0]
[64.0, 48.0, 866.0, 650.0]
[32.0, 16.0, 835.0, 618.0]
[80.0, 64.0, 884.0, 667.0]
[0.0, 32.0, 805.0, 636.0]
[112.0, 16.0, 918.0, 620.0]
[128.0, 32.0, 935.0, 637.0]
[0.0, 48.0, 808.0, 654.0]
[128.0, 0.0, 937.0, 607.0]
[0.0, 16.0, 810.0, 624.0]
[0.0, 16.0, 811.0, 624.0]
[112.0, 16.0, 924.0, 625.0]
[112.0, 0.0, 925.0, 610.0]
[0.0, 16.0, 814.0, 626.0]
[0.0, 0.0, 815.0, 611.0]
[64.0, 16.0, 880.0, 628.0]
[128.0, 16.0, 945.0, 629.0]
[64.0, 64.0, 882.0, 678.0]
[0.0, 48.0, 819.0, 662.0]
[0.0, 48.0, 820.0, 663.0]
[0.0, 32.0, 821.0, 648.0]
[96.0, 32.0, 918.0, 648.0]
[0.0, 48.0, 823.0, 665.0]
[48.0, 16.0, 872.0, 634.0]
[0.0, 0.0, 825.0, 619.0]
[16.0, 16.0, 842.0, 636.0]
[80.0, 48.0, 907.0, 668.0]
[32.0, 32.0, 860.0, 653.0]
[16.0, 32.0, 845.0, 654.0]
[48.0, 0.0, 878.0, 622.0]
[16.0, 16.0, 847.0, 639.0]
[64.0, 48.0, 896.0, 672.0]
[32.0, 0.0, 865.0, 625.0]
[64.0, 16.0, 898.0, 642.0]
[80.0, 16.0, 915.0, 642.0]
[80.0, 16.0, 916.0, 643.0]
[96.0, 32.0, 933.0, 660.0]
[64.0, 48.0, 902.0, 676.0]
[48.0, 32.0, 887.0, 661.0]
[64.0, 32.0, 904.0, 662.0]
[80.0, 16.0, 921.0, 647.0]
[64.0, 32.0, 906.0, 664.0]
[48.0, 16.0, 891.0, 648.0]
[80.0, 48.0, 924.0, 681.0]
[48.0, 32.0, 893.0, 666.0]
[32.0, 32.0, 878.0, 666.0]
[32.0, 32.0, 879.0, 667.0]
[48.0, 32.0, 896.0, 668.0]
[64.0, 16.0, 913.0, 653.0]
[80.0, 32.0, 930.0, 670.0]
[0.0, 0.0, 851.0, 638.0]
[0.0, 0.0, 852.0, 639.0]
[32.0, 32.0, 885.0, 672.0]
[80.0, 16.0, 934.0, 656.0]
[64.0, 16.0, 919.0, 657.0]
[16.0, 32.0, 872.0, 674.0]
[64.0, 32.0, 921.0, 675.0]
[64.0, 32.0, 922.0, 676.0]
[0.0, 32.0, 859.0, 676.0]
[80.0, 32.0, 940.0, 677.0]
[32.0, 0.0, 893.0, 646.0]
[0.0, 32.0, 862.0, 678.0]
[48.0, 0.0, 911.0, 647.0]
[64.0, 16.0, 928.0, 664.0]
[32.0, 32.0, 897.0, 681.0]
[48.0, 0.0, 914.0, 650.0]
[16.0, 0.0, 883.0, 650.0]
[64.0, 0.0, 932.0, 651.0]
[16.0, 0.0, 885.0, 652.0]
[16.0, 0.0, 886.0, 652.0]
[0.0, 0.0, 871.0, 653.0]
[80.0, 0.0, 952.0, 654.0]
[80.0, 0.0, 953.0, 655.0]
[64.0, 0.0, 938.0, 656.0]
[0.0, 16.0, 875.0, 672.0]
[0.0, 16.0, 876.0, 673.0]
[0.0, 16.0, 877.0, 674.0]
[48.0, 0.0, 926.0, 658.0]
[64.0, 16.0, 943.0, 675.0]
[48.0, 0.0, 928.0, 660.0]
[32.0, 0.0, 913.0, 661.0]
[32.0, 16.0, 914.0, 678.0]
[0.0, 0.0, 883.0, 662.0]
[48.0, 16.0, 932.0, 679.0]
[16.0, 16.0, 901.0, 680.0]
[64.0, 16.0, 950.0, 680.0]
[0.0, 0.0, 887.0, 665.0]
[32.0, 16.0, 920.0, 682.0]
[32.0, 16.0, 921.0, 683.0]
[32.0, 0.0, 922.0, 668.0]
[16.0, 0.0, 907.0, 668.0]
[0.0, 0.0, 892.0, 669.0]
[48.0, 0.0, 941.0, 670.0]
[0.0, 0.0, 894.0, 670.0]
[0.0, 0.0, 895.0, 671.0]
[16.0, 0.0, 912.0, 672.0]
[32.0, 0.0, 929.0, 673.0]
[48.0, 0.0, 946.0, 674.0]
[16.0, 0.0, 915.0, 674.0]
[0.0, 0.0, 900.0, 675.0]
[32.0, 0.0, 933.0, 676.0]
[48.0, 0.0, 950.0, 676.0]
[0.0, 0.0, 903.0, 677.0]
[0.0, 0.0, 904.0, 678.0]
[0.0, 0.0, 905.0, 679.0]
[0.0, 0.0, 906.0, 680.0]
[0.0, 0.0, 907.0, 680.0]
[48.0, 0.0, 956.0, 681.0]
[0.0, 0.0, 909.0, 682.0]
[16.0, 0.0, 926.0, 682.0]
[16.0, 0.0, 927.0, 683.0]
