[144.0, 48.0, 929.0, 637.0]
[176.0, 80.0, 962.0, 670.0]
[80.0, 80.0, 867.0, 670.0]
[192.0, 48.0, 980.0, 639.0]
[48.0, 80.0, 837.0, 672.0]
[144.0, 112.0, 934.0, 704.0]
[176.0, 48.0, 967.0, 641.0]
[96.0, 80.0, 888.0, 674.0]
[64.0, 96.0, 857.0, 691.0]
[80.0, 144.0, 874.0, 740.0]
[32.0, 112.0, 827.0, 708.0]
[160.0, 112.0, 956.0, 709.0]
[64.0, 96.0, 861.0, 694.0]
[144.0, 48.0, 942.0, 646.0]
[192.0, 80.0, 991.0, 679.0]
[160.0, 64.0, 960.0, 664.0]
[176.0, 112.0, 977.0, 713.0]
[160.0, 80.0, 962.0, 682.0]
[112.0, 112.0, 915.0, 714.0]
[128.0, 32.0, 932.0, 635.0]
[64.0, 80.0, 869.0, 684.0]
[112.0, 96.0, 918.0, 700.0]
[80.0, 64.0, 887.0, 669.0]
[32.0, 96.0, 840.0, 702.0]
[96.0, 48.0, 905.0, 655.0]
[144.0, 96.0, 954.0, 704.0]
[128.0, 96.0, 939.0, 704.0]
[16.0, 32.0, 828.0, 641.0]
[176.0, 128.0, 989.0, 738.0]
[96.0, 96.0, 910.0, 706.0]
[112.0, 128.0, 927.0, 739.0]
[176.0, 112.0, 992.0, 724.0]
[176.0, 32.0, 993.0, 645.0]
[176.0, 64.0, 994.0, 678.0]
[48.0, 32.0, 867.0, 646.0]
[192.0, 64.0, 1012.0, 679.0]
[144.0, 48.0, 965.0, 664.0]
[64.0, 80.0, 886.0, 696.0]
[128.0, 112.0, 951.0, 729.0]
[80.0, 32.0, 904.0, 650.0]
[0.0, 48.0, 825.0, 667.0]
[160.0, 80.0, 986.0, 700.0]
[128.0, 80.0, 955.0, 700.0]
[48.0, 112.0, 876.0, 733.0]
[96.0, 32.0, 925.0, 654.0]
[48.0, 144.0, 878.0, 766.0]
[16.0, 80.0, 847.0, 703.0]
[176.0, 64.0, 1008.0, 688.0]
[32.0, 16.0, 865.0, 641.0]
[128.0, 128.0, 962.0, 754.0]
[144.0, 64.0, 979.0, 690.0]
[16.0, 96.0, 852.0, 723.0]
[176.0, 96.0, 1013.0, 724.0]
[144.0, 0.0, 982.0, 628.0]
[16.0, 32.0, 855.0, 661.0]
[96.0, 96.0, 936.0, 726.0]
[32.0, 112.0, 873.0, 743.0]
[80.0, 16.0, 922.0, 648.0]
[32.0, 16.0, 875.0, 648.0]
[80.0, 112.0, 924.0, 745.0]
[32.0, 80.0, 877.0, 714.0]
[80.0, 128.0, 926.0, 762.0]
[0.0, 32.0, 847.0, 667.0]
[32.0, 16.0, 880.0, 652.0]
[64.0, 64.0, 913.0, 701.0]
[48.0, 0.0, 898.0, 638.0]
[64.0, 0.0, 915.0, 638.0]
[96.0, 0.0, 948.0, 639.0]
[160.0, 96.0, 1013.0, 736.0]
[48.0, 112.0, 902.0, 752.0]
[144.0, 48.0, 999.0, 689.0]
[80.0, 48.0, 936.0, 690.0]
[160.0, 80.0, 1017.0, 723.0]
[96.0, 80.0, 954.0, 724.0]
[144.0, 64.0, 1003.0, 708.0]
[80.0, 0.0, 940.0, 645.0]
[160.0, 16.0, 1021.0, 662.0]
[64.0, 64.0, 926.0, 710.0]
[80.0, 48.0, 943.0, 695.0]
[144.0, 80.0, 1008.0, 728.0]
[80.0, 32.0, 945.0, 681.0]
[0.0, 96.0, 866.0, 746.0]
[112.0, 0.0, 979.0, 650.0]
[112.0, 112.0, 980.0, 763.0]
[48.0, 64.0, 917.0, 716.0]
[80.0, 0.0, 950.0, 652.0]
[128.0, 0.0, 999.0, 653.0]
[16.0, 0.0, 888.0, 654.0]
[128.0, 112.0, 1001.0, 767.0]
[16.0, 80.0, 890.0, 736.0]
[64.0, 32.0, 939.0, 688.0]
[64.0, 16.0, 940.0, 673.0]
[64.0, 0.0, 941.0, 658.0]
[128.0, 16.0, 1006.0, 674.0]
[80.0, 80.0, 959.0, 739.0]
[16.0, 32.0, 896.0, 692.0]
[48.0, 48.0, 929.0, 709.0]
[0.0, 64.0, 882.0, 726.0]
[80.0, 64.0, 963.0, 726.0]
[96.0, 16.0, 980.0, 679.0]
[48.0, 48.0, 933.0, 712.0]
[128.0, 32.0, 1014.0, 696.0]
[16.0, 16.0, 903.0, 681.0]
[16.0, 48.0, 904.0, 714.0]
[112.0, 80.0, 1001.0, 747.0]
[16.0, 96.0, 906.0, 764.0]
[112.0, 80.0, 1003.0, 748.0]
[128.0, 64.0, 1020.0, 733.0]
[112.0, 0.0, 1005.0, 670.0]
[48.0, 80.0, 942.0, 750.0]
[80.0, 32.0, 975.0, 703.0]
[128.0, 64.0, 1024.0, 736.0]
[80.0, 64.0, 977.0, 737.0]
[48.0, 48.0, 946.0, 722.0]
[32.0, 32.0, 931.0, 706.0]
[16.0, 64.0, 916.0, 739.0]
[80.0, 80.0, 981.0, 756.0]
[80.0, 0.0, 982.0, 676.0]
[32.0, 16.0, 935.0, 693.0]
[96.0, 80.0, 1000.0, 758.0]
[32.0, 0.0, 937.0, 679.0]
[32.0, 64.0, 938.0, 744.0]
[32.0, 0.0, 939.0, 680.0]
[112.0, 16.0, 1020.0, 697.0]
[32.0, 64.0, 941.0, 746.0]
[0.0, 0.0, 910.0, 682.0]
[0.0, 0.0, 911.0, 683.0]
[32.0, 0.0, 944.0, 684.0]
[16.0, 32.0, 929.0, 717.0]
[48.0, 80.0, 962.0, 766.0]
[16.0, 0.0, 931.0, 686.0]
[48.0, 80.0, 964.0, 767.0]
[16.0, 16.0, 933.0, 704.0]
[48.0, 16.0, 966.0, 704.0]
[16.0, 48.0, 935.0, 737.0]
[80.0, 0.0, 1000.0, 690.0]
[96.0, 0.0, 1017.0, 691.0]
[80.0, 32.0, 1002.0, 724.0]
[32.0, 48.0, 955.0, 740.0]
[0.0, 32.0, 924.0, 725.0]
[32.0, 32.0, 957.0, 726.0]
[0.0, 16.0, 926.0, 710.0]
[48.0, 16.0, 975.0, 711.0]
[80.0, 48.0, 1008.0, 744.0]
[32.0, 32.0, 961.0, 729.0]
[48.0, 64.0, 978.0, 762.0]
[64.0, 0.0, 995.0, 698.0]
[32.0, 48.0, 964.0, 747.0]
[48.0, 32.0, 981.0, 732.0]
[16.0, 32.0, 950.0, 732.0]
[16.0, 48.0, 951.0, 749.0]
[48.0, 0.0, 984.0, 702.0]
[0.0, 16.0, 937.0, 719.0]
[48.0, 16.0, 986.0, 720.0]
[64.0, 32.0, 1003.0, 736.0]
[48.0, 32.0, 988.0, 737.0]
[16.0, 32.0, 957.0, 738.0]
[64.0, 0.0, 1006.0, 706.0]
[32.0, 48.0, 975.0, 755.0]
[0.0, 0.0, 944.0, 708.0]
[32.0, 32.0, 977.0, 741.0]
[48.0, 32.0, 994.0, 742.0]
[16.0, 32.0, 963.0, 742.0]
[16.0, 0.0, 964.0, 711.0]
[0.0, 32.0, 949.0, 744.0]
[0.0, 16.0, 950.0, 728.0]
[16.0, 32.0, 967.0, 745.0]
[48.0, 48.0, 1000.0, 762.0]
[48.0, 0.0, 1001.0, 715.0]
[48.0, 0.0, 1002.0, 716.0]
[0.0, 16.0, 955.0, 732.0]
[48.0, 32.0, 1004.0, 749.0]
[48.0, 16.0, 1005.0, 734.0]
[32.0, 16.0, 990.0, 734.0]
[0.0, 0.0, 959.0, 719.0]
[48.0, 16.0, 1008.0, 736.0]
[48.0, 32.0, 1009.0, 753.0]
[16.0, 32.0, 978.0, 754.0]
[16.0, 32.0, 979.0, 754.0]
[32.0, 0.0, 996.0, 723.0]
[16.0, 0.0, 981.0, 724.0]
[0.0, 32.0, 966.0, 756.0]
[0.0, 0.0, 967.0, 725.0]
[16.0, 0.0, 984.0, 726.0]
[48.0, 16.0, 1017.0, 743.0]
[16.0, 32.0, 986.0, 760.0]
[48.0, 16.0, 1019.0, 744.0]
[48.0, 32.0, 1020.0, 761.0]
[0.0, 32.0, 973.0, 762.0]
[16.0, 32.0, 990.0, 762.0]
[0.0, 0.0, 975.0, 731.0]
[48.0, 0.0, 1024.0, 732.0]
[32.0, 32.0, 1009.0, 765.0]
[16.0, 16.0, 994.0, 750.0]
[16.0, 16.0, 995.0, 750.0]
[16.0, 32.0, 996.0, 767.0]
[16.0, 16.0, 997.0, 752.0]
[0.0, 0.0, 982.0, 736.0]
[16.0, 0.0, 999.0, 737.0]
[0.0, 16.0, 984.0, 754.0]
[32.0, 0.0, 1017.0, 739.0]
[32.0, 0.0, 1018.0, 740.0]
[0.0, 0.0, 987.0, 740.0]
[0.0, 16.0, 988.0, 757.0]
[32.0, 0.0, 1021.0, 742.0]
[16.0, 0.0, 1006.0, 742.0]
[16.0, 0.0, 1007.0, 743.0]
[16.0, 0.0, 1008.0, 744.0]
[16.0, 0.0, 1009.0, 745.0]
[0.0, 16.0, 994.0, 762.0]
[0.0, 0.0, 995.0, 746.0]
[16.0, 16.0, 1012.0, 763.0]
[0.0, 16.0, 997.0, 764.0]
[0.0, 16.0, 998.0, 764.0]
[16.0, 16.0, 1015.0, 765.0]
[0.0, 0.0, 1000.0, 750.0]
[16.0, 16.0, 1017.0, 767.0]
[0.0, 0.0, 1002.0, 752.0]
[16.0, 16.0, 1019.0, 768.0]
[16.0, 0.0, 1020.0, 753.0]
[16.0, 0.0, 1021.0, 754.0]
[16.0, 0.0, 1022.0, 754.0]
[0.0, 0.0, 1007.0, 755.0]
[0.0, 0.0, 1008.0, 756.0]
[0.0, 0.0, 1009.0, 757.0]
[0.0, 0.0, 1010.0, 758.0]
[0.0, 0.0, 1011.0, 758.0]
[0.0, 0.0, 1012.0, 759.0]
[0.0, 0.0, 1013.0, 760.0]
[0.0, 0.0, 1014.0, 760.0]
[0.0, 0.0, 1015.0, 761.0]
[0.0, 0.0, 1016.0, 762.0]
[0.0, 0.0, 1017.0, 763.0]
[0.0, 0.0, 1018.0, 764.0]
[0.0, 0.0, 1019.0, 764.0]
[0.0, 0.0, 1020.0, 765.0]
[0.0, 0.0, 1021.0, 766.0]
[0.0, 0.0, 1022.0, 766.0]
[0.0, 0.0, 1023.0, 767.0]
[0.0, 0.0, 1024.0, 768.0]
