[176.0, 0.0, 893.0, 538.0]
[192.0, 16.0, 910.0, 554.0]
[256.0, 32.0, 975.0, 571.0]
[208.0, 32.0, 928.0, 572.0]
[192.0, 48.0, 913.0, 589.0]
[208.0, 32.0, 930.0, 574.0]
[288.0, 0.0, 1011.0, 542.0]
[240.0, 0.0, 964.0, 543.0]
[224.0, 0.0, 949.0, 544.0]
[160.0, 16.0, 886.0, 560.0]
[256.0, 0.0, 983.0, 545.0]
[192.0, 32.0, 920.0, 578.0]
[240.0, 16.0, 969.0, 563.0]
[288.0, 32.0, 1018.0, 580.0]
[272.0, 32.0, 1003.0, 580.0]
[288.0, 32.0, 1020.0, 581.0]
[208.0, 48.0, 941.0, 598.0]
[176.0, 0.0, 910.0, 550.0]
[176.0, 0.0, 911.0, 551.0]
[224.0, 16.0, 960.0, 568.0]
[272.0, 32.0, 1009.0, 585.0]
[176.0, 0.0, 914.0, 554.0]
[240.0, 16.0, 979.0, 570.0]
[240.0, 32.0, 980.0, 587.0]
[240.0, 16.0, 981.0, 572.0]
[272.0, 32.0, 1014.0, 588.0]
[160.0, 0.0, 903.0, 557.0]
[256.0, 0.0, 1000.0, 558.0]
[224.0, 48.0, 969.0, 607.0]
[208.0, 48.0, 954.0, 608.0]
[208.0, 48.0, 955.0, 608.0]
[272.0, 16.0, 1020.0, 577.0]
[224.0, 32.0, 973.0, 594.0]
[176.0, 16.0, 926.0, 578.0]
[256.0, 0.0, 1007.0, 563.0]
[240.0, 0.0, 992.0, 564.0]
[208.0, 0.0, 961.0, 565.0]
[240.0, 16.0, 994.0, 582.0]
[176.0, 16.0, 931.0, 582.0]
[224.0, 32.0, 980.0, 599.0]
[208.0, 16.0, 965.0, 584.0]
[224.0, 32.0, 982.0, 600.0]
[176.0, 32.0, 935.0, 601.0]
[224.0, 0.0, 984.0, 570.0]
[256.0, 16.0, 1017.0, 587.0]
[176.0, 0.0, 938.0, 572.0]
[176.0, 16.0, 939.0, 588.0]
[224.0, 0.0, 988.0, 573.0]
[256.0, 32.0, 1021.0, 606.0]
[240.0, 32.0, 1006.0, 606.0]
[192.0, 16.0, 959.0, 591.0]
[240.0, 32.0, 1008.0, 608.0]
[192.0, 0.0, 961.0, 577.0]
[224.0, 32.0, 994.0, 610.0]
[176.0, 0.0, 947.0, 578.0]
[240.0, 0.0, 1012.0, 579.0]
[240.0, 16.0, 1013.0, 596.0]
[208.0, 48.0, 982.0, 628.0]
[240.0, 16.0, 1015.0, 597.0]
[208.0, 16.0, 984.0, 598.0]
[192.0, 16.0, 969.0, 599.0]
[176.0, 0.0, 954.0, 584.0]
[208.0, 48.0, 987.0, 632.0]
[240.0, 0.0, 1020.0, 585.0]
[192.0, 0.0, 973.0, 586.0]
[176.0, 0.0, 958.0, 586.0]
[176.0, 16.0, 959.0, 603.0]
[224.0, 32.0, 1008.0, 620.0]
[208.0, 16.0, 993.0, 605.0]
[192.0, 32.0, 978.0, 622.0]
[192.0, 0.0, 979.0, 590.0]
[192.0, 32.0, 980.0, 623.0]
[192.0, 16.0, 981.0, 608.0]
[192.0, 32.0, 982.0, 624.0]
[224.0, 16.0, 1015.0, 609.0]
[224.0, 0.0, 1016.0, 594.0]
[192.0, 0.0, 985.0, 595.0]
[176.0, 0.0, 970.0, 596.0]
[176.0, 32.0, 971.0, 628.0]
[224.0, 32.0, 1020.0, 629.0]
[192.0, 0.0, 989.0, 598.0]
[208.0, 0.0, 1006.0, 598.0]
[224.0, 0.0, 1023.0, 599.0]
[192.0, 0.0, 992.0, 600.0]
[208.0, 0.0, 1009.0, 601.0]
[192.0, 16.0, 994.0, 618.0]
[192.0, 0.0, 995.0, 602.0]
[208.0, 16.0, 1012.0, 619.0]
[192.0, 0.0, 997.0, 604.0]
[176.0, 32.0, 982.0, 636.0]
[192.0, 16.0, 999.0, 621.0]
[192.0, 32.0, 1000.0, 638.0]
[192.0, 0.0, 1001.0, 607.0]
[176.0, 32.0, 986.0, 640.0]
[176.0, 0.0, 987.0, 608.0]
[192.0, 16.0, 1004.0, 625.0]
[192.0, 0.0, 1005.0, 610.0]
[208.0, 16.0, 1022.0, 626.0]
[192.0, 0.0, 1007.0, 611.0]
[208.0, 0.0, 1024.0, 612.0]
