[208.0, 16.0, 925.0, 554.0]
[128.0, 64.0, 846.0, 602.0]
[112.0, 80.0, 831.0, 619.0]
[176.0, 48.0, 896.0, 588.0]
[112.0, 80.0, 833.0, 621.0]
[208.0, 64.0, 930.0, 606.0]
[160.0, 32.0, 883.0, 574.0]
[160.0, 48.0, 884.0, 591.0]
[80.0, 96.0, 805.0, 640.0]
[160.0, 80.0, 886.0, 624.0]
[96.0, 96.0, 823.0, 641.0]
[208.0, 96.0, 936.0, 642.0]
[160.0, 48.0, 889.0, 595.0]
[208.0, 32.0, 938.0, 580.0]
[192.0, 32.0, 923.0, 580.0]
[64.0, 96.0, 796.0, 645.0]
[224.0, 32.0, 957.0, 582.0]
[208.0, 112.0, 942.0, 662.0]
[208.0, 16.0, 943.0, 567.0]
[144.0, 96.0, 880.0, 648.0]
[160.0, 32.0, 897.0, 585.0]
[96.0, 80.0, 834.0, 634.0]
[80.0, 112.0, 819.0, 666.0]
[112.0, 16.0, 852.0, 571.0]
[96.0, 80.0, 837.0, 636.0]
[176.0, 64.0, 918.0, 620.0]
[160.0, 48.0, 903.0, 605.0]
[224.0, 80.0, 968.0, 638.0]
[224.0, 96.0, 969.0, 655.0]
[160.0, 48.0, 906.0, 608.0]
[144.0, 16.0, 891.0, 576.0]
[112.0, 16.0, 860.0, 577.0]
[176.0, 32.0, 925.0, 594.0]
[128.0, 96.0, 878.0, 658.0]
[192.0, 48.0, 943.0, 611.0]
[112.0, 16.0, 864.0, 580.0]
[144.0, 96.0, 897.0, 661.0]
[176.0, 32.0, 930.0, 598.0]
[160.0, 64.0, 915.0, 630.0]
[192.0, 64.0, 948.0, 631.0]
[80.0, 32.0, 837.0, 600.0]
[160.0, 80.0, 918.0, 648.0]
[176.0, 80.0, 935.0, 649.0]
[208.0, 16.0, 968.0, 586.0]
[80.0, 32.0, 841.0, 603.0]
[96.0, 48.0, 858.0, 620.0]
[208.0, 32.0, 971.0, 604.0]
[160.0, 32.0, 924.0, 605.0]
[192.0, 64.0, 957.0, 638.0]
[32.0, 64.0, 798.0, 638.0]
[32.0, 48.0, 799.0, 623.0]
[144.0, 32.0, 912.0, 608.0]
[192.0, 80.0, 961.0, 657.0]
[128.0, 48.0, 898.0, 626.0]
[192.0, 32.0, 963.0, 610.0]
[112.0, 32.0, 884.0, 611.0]
[176.0, 80.0, 949.0, 660.0]
[176.0, 64.0, 950.0, 644.0]
[64.0, 64.0, 839.0, 645.0]
[96.0, 32.0, 872.0, 614.0]
[176.0, 16.0, 953.0, 599.0]
[48.0, 80.0, 826.0, 664.0]
[128.0, 32.0, 907.0, 616.0]
[144.0, 64.0, 924.0, 649.0]
[96.0, 64.0, 877.0, 650.0]
[128.0, 16.0, 910.0, 602.0]
[32.0, 16.0, 815.0, 603.0]
[192.0, 48.0, 976.0, 636.0]
[80.0, 16.0, 865.0, 605.0]
[144.0, 16.0, 930.0, 606.0]
[224.0, 64.0, 1011.0, 654.0]
[48.0, 64.0, 836.0, 655.0]
[32.0, 16.0, 821.0, 608.0]
[192.0, 48.0, 982.0, 640.0]
[224.0, 32.0, 1015.0, 625.0]
[176.0, 48.0, 968.0, 642.0]
[176.0, 64.0, 969.0, 659.0]
[208.0, 32.0, 1002.0, 628.0]
[208.0, 48.0, 1003.0, 644.0]
[64.0, 48.0, 860.0, 645.0]
[128.0, 48.0, 925.0, 646.0]
[80.0, 32.0, 878.0, 630.0]
[96.0, 64.0, 895.0, 663.0]
[160.0, 32.0, 960.0, 632.0]
[32.0, 64.0, 833.0, 665.0]
[176.0, 64.0, 978.0, 666.0]
[16.0, 48.0, 819.0, 650.0]
[208.0, 32.0, 1012.0, 635.0]
[128.0, 48.0, 933.0, 652.0]
[48.0, 48.0, 854.0, 652.0]
[16.0, 48.0, 823.0, 653.0]
[144.0, 48.0, 952.0, 654.0]
[192.0, 48.0, 1001.0, 655.0]
[16.0, 32.0, 826.0, 640.0]
[32.0, 48.0, 843.0, 656.0]
[176.0, 48.0, 988.0, 657.0]
[176.0, 32.0, 989.0, 642.0]
[0.0, 32.0, 814.0, 642.0]
[80.0, 32.0, 895.0, 643.0]
[48.0, 32.0, 864.0, 644.0]
[96.0, 32.0, 913.0, 645.0]
[96.0, 32.0, 914.0, 646.0]
[0.0, 32.0, 819.0, 646.0]
[64.0, 48.0, 884.0, 663.0]
[144.0, 32.0, 965.0, 648.0]
[176.0, 48.0, 998.0, 664.0]
[144.0, 32.0, 967.0, 649.0]
[176.0, 32.0, 1000.0, 650.0]
[160.0, 32.0, 985.0, 651.0]
[48.0, 32.0, 874.0, 652.0]
[48.0, 32.0, 875.0, 652.0]
[0.0, 32.0, 828.0, 653.0]
[160.0, 32.0, 989.0, 654.0]
[128.0, 32.0, 958.0, 654.0]
[48.0, 32.0, 879.0, 655.0]
[192.0, 32.0, 1024.0, 656.0]
[96.0, 32.0, 929.0, 657.0]
[16.0, 32.0, 850.0, 658.0]
[64.0, 32.0, 899.0, 658.0]
[64.0, 32.0, 900.0, 659.0]
[176.0, 32.0, 1013.0, 660.0]
[128.0, 32.0, 966.0, 660.0]
[16.0, 32.0, 855.0, 661.0]
[176.0, 32.0, 1016.0, 662.0]
