[208.0, 80.0, 925.0, 618.0]
[176.0, 96.0, 894.0, 634.0]
[160.0, 96.0, 879.0, 635.0]
[176.0, 112.0, 896.0, 652.0]
[32.0, 112.0, 753.0, 653.0]
[128.0, 112.0, 850.0, 654.0]
[224.0, 96.0, 947.0, 638.0]
[208.0, 80.0, 932.0, 623.0]
[80.0, 96.0, 805.0, 640.0]
[208.0, 96.0, 934.0, 640.0]
[48.0, 80.0, 775.0, 625.0]
[176.0, 112.0, 904.0, 658.0]
[128.0, 80.0, 857.0, 627.0]
[176.0, 112.0, 906.0, 660.0]
[48.0, 80.0, 779.0, 628.0]
[176.0, 64.0, 908.0, 613.0]
[224.0, 128.0, 957.0, 678.0]
[224.0, 64.0, 958.0, 614.0]
[192.0, 80.0, 927.0, 631.0]
[176.0, 128.0, 912.0, 680.0]
[112.0, 96.0, 849.0, 649.0]
[160.0, 96.0, 898.0, 650.0]
[192.0, 128.0, 931.0, 682.0]
[96.0, 128.0, 836.0, 683.0]
[208.0, 64.0, 949.0, 620.0]
[96.0, 64.0, 838.0, 620.0]
[64.0, 64.0, 807.0, 621.0]
[256.0, 96.0, 1000.0, 654.0]
[208.0, 80.0, 953.0, 639.0]
[112.0, 96.0, 858.0, 656.0]
[256.0, 112.0, 1003.0, 672.0]
[96.0, 64.0, 844.0, 625.0]
[64.0, 80.0, 813.0, 642.0]
[64.0, 48.0, 814.0, 610.0]
[112.0, 80.0, 863.0, 643.0]
[64.0, 112.0, 816.0, 676.0]
[96.0, 96.0, 849.0, 661.0]
[96.0, 80.0, 850.0, 646.0]
[240.0, 96.0, 995.0, 662.0]
[96.0, 96.0, 852.0, 663.0]
[64.0, 48.0, 821.0, 616.0]
[224.0, 80.0, 982.0, 648.0]
[208.0, 80.0, 967.0, 649.0]
[224.0, 80.0, 984.0, 650.0]
[48.0, 80.0, 809.0, 651.0]
[80.0, 96.0, 842.0, 668.0]
[240.0, 64.0, 1003.0, 636.0]
[208.0, 64.0, 972.0, 637.0]
[128.0, 64.0, 893.0, 638.0]
[208.0, 96.0, 974.0, 670.0]
[0.0, 80.0, 767.0, 655.0]
[64.0, 80.0, 832.0, 656.0]
[176.0, 96.0, 945.0, 673.0]
[208.0, 64.0, 978.0, 642.0]
[240.0, 96.0, 1011.0, 674.0]
[192.0, 32.0, 964.0, 611.0]
[48.0, 96.0, 821.0, 676.0]
[208.0, 80.0, 982.0, 660.0]
[48.0, 80.0, 823.0, 661.0]
[48.0, 48.0, 824.0, 630.0]
[112.0, 64.0, 889.0, 647.0]
[0.0, 80.0, 778.0, 664.0]
[224.0, 96.0, 1003.0, 680.0]
[224.0, 80.0, 1004.0, 665.0]
[96.0, 48.0, 877.0, 634.0]
[96.0, 64.0, 878.0, 650.0]
[64.0, 80.0, 847.0, 667.0]
[224.0, 48.0, 1008.0, 636.0]
[144.0, 64.0, 929.0, 653.0]
[160.0, 64.0, 946.0, 654.0]
[208.0, 48.0, 995.0, 638.0]
[80.0, 64.0, 868.0, 655.0]
[96.0, 80.0, 885.0, 672.0]
[176.0, 48.0, 966.0, 640.0]
[16.0, 48.0, 807.0, 641.0]
[144.0, 64.0, 936.0, 658.0]
[112.0, 32.0, 905.0, 627.0]
[144.0, 80.0, 938.0, 676.0]
[144.0, 32.0, 939.0, 628.0]
[96.0, 48.0, 892.0, 645.0]
[64.0, 16.0, 861.0, 614.0]
[96.0, 48.0, 894.0, 646.0]
[16.0, 48.0, 815.0, 647.0]
[208.0, 48.0, 1008.0, 648.0]
[176.0, 64.0, 977.0, 665.0]
[64.0, 64.0, 866.0, 666.0]
[176.0, 80.0, 979.0, 682.0]
[32.0, 16.0, 836.0, 619.0]
[16.0, 32.0, 821.0, 636.0]
[16.0, 32.0, 822.0, 636.0]
[144.0, 64.0, 951.0, 669.0]
[112.0, 64.0, 920.0, 670.0]
[96.0, 16.0, 905.0, 623.0]
[96.0, 0.0, 906.0, 608.0]
[16.0, 64.0, 827.0, 672.0]
[64.0, 48.0, 876.0, 657.0]
[32.0, 32.0, 845.0, 642.0]
[80.0, 32.0, 894.0, 642.0]
[80.0, 0.0, 895.0, 611.0]
[112.0, 48.0, 928.0, 660.0]
[144.0, 64.0, 961.0, 677.0]
[176.0, 64.0, 994.0, 678.0]
[160.0, 16.0, 979.0, 630.0]
[48.0, 48.0, 868.0, 663.0]
[64.0, 64.0, 885.0, 680.0]
[64.0, 64.0, 886.0, 680.0]
[128.0, 48.0, 951.0, 665.0]
[176.0, 32.0, 1000.0, 650.0]
[16.0, 64.0, 841.0, 683.0]
[144.0, 48.0, 970.0, 668.0]
[160.0, 0.0, 987.0, 620.0]
[80.0, 0.0, 908.0, 621.0]
[32.0, 0.0, 861.0, 622.0]
[128.0, 0.0, 958.0, 622.0]
[96.0, 48.0, 927.0, 671.0]
[64.0, 0.0, 896.0, 624.0]
[80.0, 16.0, 913.0, 641.0]
[64.0, 48.0, 898.0, 674.0]
[80.0, 48.0, 915.0, 674.0]
[128.0, 48.0, 964.0, 675.0]
[176.0, 0.0, 1013.0, 628.0]
[96.0, 32.0, 934.0, 660.0]
[0.0, 48.0, 839.0, 677.0]
[144.0, 32.0, 984.0, 662.0]
[48.0, 32.0, 889.0, 663.0]
[16.0, 48.0, 858.0, 680.0]
[48.0, 48.0, 891.0, 680.0]
[32.0, 0.0, 876.0, 633.0]
[64.0, 32.0, 909.0, 666.0]
[96.0, 48.0, 942.0, 682.0]
[32.0, 32.0, 879.0, 667.0]
[160.0, 16.0, 1008.0, 652.0]
[80.0, 32.0, 929.0, 669.0]
[80.0, 16.0, 930.0, 654.0]
[16.0, 0.0, 867.0, 638.0]
[112.0, 0.0, 964.0, 639.0]
[64.0, 16.0, 917.0, 656.0]
[80.0, 32.0, 934.0, 672.0]
[64.0, 32.0, 919.0, 673.0]
[64.0, 32.0, 920.0, 674.0]
[64.0, 16.0, 921.0, 659.0]
[32.0, 0.0, 890.0, 644.0]
[112.0, 0.0, 971.0, 644.0]
[112.0, 16.0, 972.0, 661.0]
[64.0, 16.0, 925.0, 662.0]
[48.0, 32.0, 910.0, 678.0]
[160.0, 16.0, 1023.0, 663.0]
[144.0, 0.0, 1008.0, 648.0]
[80.0, 16.0, 945.0, 665.0]
[128.0, 0.0, 994.0, 650.0]
[16.0, 0.0, 883.0, 650.0]
[64.0, 32.0, 932.0, 683.0]
[80.0, 0.0, 949.0, 652.0]
[112.0, 0.0, 982.0, 652.0]
[128.0, 16.0, 999.0, 669.0]
[128.0, 0.0, 1000.0, 654.0]
[128.0, 16.0, 1001.0, 671.0]
[32.0, 0.0, 906.0, 656.0]
[48.0, 0.0, 923.0, 656.0]
[96.0, 16.0, 972.0, 673.0]
[144.0, 16.0, 1021.0, 674.0]
[16.0, 16.0, 894.0, 674.0]
[64.0, 0.0, 943.0, 659.0]
[32.0, 16.0, 912.0, 676.0]
[0.0, 16.0, 881.0, 677.0]
[80.0, 16.0, 962.0, 678.0]
[128.0, 0.0, 1011.0, 662.0]
[96.0, 0.0, 980.0, 663.0]
[0.0, 16.0, 885.0, 680.0]
[48.0, 0.0, 934.0, 664.0]
[128.0, 16.0, 1015.0, 681.0]
[128.0, 16.0, 1016.0, 682.0]
[128.0, 16.0, 1017.0, 683.0]
[16.0, 0.0, 906.0, 668.0]
[16.0, 0.0, 907.0, 668.0]
[0.0, 0.0, 892.0, 669.0]
[0.0, 0.0, 893.0, 670.0]
[48.0, 0.0, 942.0, 670.0]
[64.0, 0.0, 959.0, 671.0]
[16.0, 0.0, 912.0, 672.0]
[64.0, 0.0, 961.0, 673.0]
[64.0, 0.0, 962.0, 674.0]
[96.0, 0.0, 995.0, 674.0]
[64.0, 0.0, 964.0, 675.0]
[64.0, 0.0, 965.0, 676.0]
[64.0, 0.0, 966.0, 676.0]
[112.0, 0.0, 1015.0, 677.0]
[64.0, 0.0, 968.0, 678.0]
[64.0, 0.0, 969.0, 679.0]
[112.0, 0.0, 1018.0, 680.0]
[64.0, 0.0, 971.0, 680.0]
[64.0, 0.0, 972.0, 681.0]
[96.0, 0.0, 1005.0, 682.0]
[96.0, 0.0, 1006.0, 682.0]
[32.0, 0.0, 943.0, 683.0]
