[208.0, 32.0, 925.0, 570.0]
[256.0, 112.0, 974.0, 650.0]
[192.0, 112.0, 911.0, 651.0]
[288.0, 96.0, 1008.0, 636.0]
[240.0, 96.0, 961.0, 637.0]
[160.0, 48.0, 882.0, 590.0]
[288.0, 48.0, 1011.0, 590.0]
[192.0, 0.0, 916.0, 543.0]
[224.0, 64.0, 949.0, 608.0]
[272.0, 32.0, 998.0, 576.0]
[224.0, 64.0, 951.0, 609.0]
[192.0, 128.0, 920.0, 674.0]
[176.0, 32.0, 905.0, 579.0]
[240.0, 96.0, 970.0, 644.0]
[288.0, 128.0, 1019.0, 676.0]
[256.0, 16.0, 988.0, 565.0]
[208.0, 32.0, 941.0, 582.0]
[256.0, 48.0, 990.0, 598.0]
[176.0, 96.0, 911.0, 647.0]
[272.0, 96.0, 1008.0, 648.0]
[240.0, 48.0, 977.0, 601.0]
[240.0, 0.0, 978.0, 554.0]
[160.0, 32.0, 899.0, 586.0]
[192.0, 16.0, 932.0, 571.0]
[176.0, 128.0, 917.0, 684.0]
[240.0, 0.0, 982.0, 556.0]
[272.0, 64.0, 1015.0, 621.0]
[160.0, 48.0, 904.0, 606.0]
[144.0, 32.0, 889.0, 591.0]
[192.0, 96.0, 938.0, 656.0]
[240.0, 80.0, 987.0, 640.0]
[208.0, 32.0, 956.0, 593.0]
[176.0, 32.0, 925.0, 594.0]
[224.0, 48.0, 974.0, 610.0]
[272.0, 48.0, 1023.0, 611.0]
[256.0, 80.0, 1008.0, 644.0]
[144.0, 48.0, 897.0, 613.0]
[208.0, 96.0, 962.0, 662.0]
[128.0, 80.0, 883.0, 646.0]
[176.0, 112.0, 932.0, 679.0]
[208.0, 112.0, 965.0, 680.0]
[176.0, 16.0, 934.0, 584.0]
[240.0, 64.0, 999.0, 633.0]
[128.0, 32.0, 888.0, 602.0]
[256.0, 112.0, 1017.0, 683.0]
[256.0, 112.0, 1018.0, 684.0]
[128.0, 80.0, 891.0, 652.0]
[144.0, 80.0, 908.0, 653.0]
[128.0, 48.0, 893.0, 622.0]
[240.0, 96.0, 1006.0, 670.0]
[192.0, 80.0, 959.0, 655.0]
[208.0, 96.0, 976.0, 672.0]
[192.0, 16.0, 961.0, 593.0]
[176.0, 0.0, 946.0, 578.0]
[224.0, 80.0, 995.0, 658.0]
[192.0, 32.0, 964.0, 611.0]
[160.0, 96.0, 933.0, 676.0]
[208.0, 80.0, 982.0, 660.0]
[176.0, 16.0, 951.0, 597.0]
[144.0, 0.0, 920.0, 582.0]
[224.0, 80.0, 1001.0, 663.0]
[240.0, 48.0, 1018.0, 632.0]
[96.0, 64.0, 875.0, 648.0]
[96.0, 48.0, 876.0, 633.0]
[208.0, 96.0, 989.0, 682.0]
[112.0, 32.0, 894.0, 618.0]
[192.0, 48.0, 975.0, 635.0]
[240.0, 64.0, 1024.0, 652.0]
[112.0, 64.0, 897.0, 653.0]
[128.0, 0.0, 914.0, 590.0]
[144.0, 16.0, 931.0, 606.0]
[176.0, 32.0, 964.0, 623.0]
[128.0, 64.0, 917.0, 656.0]
[208.0, 48.0, 998.0, 640.0]
[224.0, 0.0, 1015.0, 593.0]
[176.0, 48.0, 968.0, 642.0]
[112.0, 48.0, 905.0, 643.0]
[176.0, 48.0, 970.0, 644.0]
[144.0, 32.0, 939.0, 628.0]
[224.0, 48.0, 1020.0, 645.0]
[208.0, 64.0, 1005.0, 662.0]
[208.0, 0.0, 1006.0, 598.0]
[112.0, 48.0, 911.0, 647.0]
[208.0, 16.0, 1008.0, 616.0]
[96.0, 16.0, 897.0, 617.0]
[144.0, 80.0, 946.0, 682.0]
[176.0, 16.0, 979.0, 618.0]
[208.0, 32.0, 1012.0, 635.0]
[192.0, 0.0, 997.0, 604.0]
[128.0, 64.0, 934.0, 668.0]
[192.0, 32.0, 999.0, 637.0]
[144.0, 16.0, 952.0, 622.0]
[160.0, 0.0, 969.0, 607.0]
[192.0, 48.0, 1002.0, 656.0]
[128.0, 16.0, 939.0, 624.0]
[144.0, 48.0, 956.0, 657.0]
[144.0, 48.0, 957.0, 658.0]
[128.0, 64.0, 942.0, 674.0]
[208.0, 48.0, 1023.0, 659.0]
[80.0, 32.0, 896.0, 644.0]
[176.0, 48.0, 993.0, 661.0]
[144.0, 48.0, 962.0, 662.0]
[80.0, 32.0, 899.0, 646.0]
[176.0, 32.0, 996.0, 647.0]
[128.0, 48.0, 949.0, 664.0]
[64.0, 32.0, 886.0, 648.0]
[144.0, 32.0, 967.0, 649.0]
[96.0, 64.0, 920.0, 682.0]
[80.0, 64.0, 905.0, 683.0]
[64.0, 32.0, 890.0, 652.0]
[144.0, 32.0, 971.0, 652.0]
[96.0, 16.0, 924.0, 637.0]
[144.0, 32.0, 973.0, 654.0]
[128.0, 16.0, 958.0, 638.0]
[112.0, 0.0, 943.0, 623.0]
[96.0, 0.0, 928.0, 624.0]
[112.0, 48.0, 945.0, 673.0]
[144.0, 32.0, 978.0, 658.0]
[80.0, 48.0, 915.0, 674.0]
[160.0, 16.0, 996.0, 643.0]
[176.0, 16.0, 1013.0, 644.0]
[80.0, 32.0, 918.0, 660.0]
[80.0, 48.0, 919.0, 677.0]
[112.0, 16.0, 952.0, 646.0]
[64.0, 16.0, 905.0, 647.0]
[176.0, 16.0, 1018.0, 648.0]
[48.0, 16.0, 891.0, 648.0]
[112.0, 16.0, 956.0, 649.0]
[80.0, 16.0, 925.0, 650.0]
[80.0, 48.0, 926.0, 682.0]
[144.0, 16.0, 991.0, 651.0]
[176.0, 48.0, 1024.0, 684.0]
[128.0, 16.0, 977.0, 653.0]
[112.0, 32.0, 962.0, 670.0]
[64.0, 0.0, 915.0, 638.0]
[96.0, 16.0, 948.0, 655.0]
[112.0, 0.0, 965.0, 640.0]
[112.0, 16.0, 966.0, 656.0]
[96.0, 0.0, 951.0, 641.0]
[80.0, 16.0, 936.0, 658.0]
[96.0, 32.0, 953.0, 675.0]
[64.0, 0.0, 922.0, 644.0]
[64.0, 16.0, 923.0, 660.0]
[128.0, 32.0, 988.0, 677.0]
[144.0, 32.0, 1005.0, 678.0]
[96.0, 0.0, 958.0, 646.0]
[112.0, 0.0, 975.0, 647.0]
[80.0, 16.0, 944.0, 664.0]
[128.0, 32.0, 993.0, 681.0]
[96.0, 0.0, 962.0, 650.0]
[80.0, 0.0, 947.0, 650.0]
[80.0, 0.0, 948.0, 651.0]
[80.0, 32.0, 949.0, 684.0]
[128.0, 0.0, 998.0, 652.0]
[128.0, 16.0, 999.0, 669.0]
[96.0, 16.0, 968.0, 670.0]
[32.0, 16.0, 905.0, 671.0]
[144.0, 16.0, 1018.0, 672.0]
[48.0, 16.0, 923.0, 672.0]
[96.0, 0.0, 972.0, 657.0]
[80.0, 0.0, 957.0, 658.0]
[128.0, 0.0, 1006.0, 658.0]
[48.0, 0.0, 927.0, 659.0]
[64.0, 16.0, 944.0, 676.0]
[96.0, 16.0, 977.0, 677.0]
[128.0, 0.0, 1010.0, 662.0]
[48.0, 16.0, 931.0, 678.0]
[32.0, 16.0, 916.0, 679.0]
[80.0, 16.0, 965.0, 680.0]
[32.0, 16.0, 918.0, 680.0]
[128.0, 16.0, 1015.0, 681.0]
[32.0, 16.0, 920.0, 682.0]
[32.0, 0.0, 921.0, 667.0]
[32.0, 0.0, 922.0, 668.0]
[80.0, 0.0, 971.0, 668.0]
[128.0, 0.0, 1020.0, 669.0]
[48.0, 0.0, 941.0, 670.0]
[80.0, 0.0, 974.0, 670.0]
[48.0, 0.0, 943.0, 671.0]
[48.0, 0.0, 944.0, 672.0]
[64.0, 0.0, 961.0, 673.0]
[48.0, 0.0, 946.0, 674.0]
[48.0, 0.0, 947.0, 674.0]
[48.0, 0.0, 948.0, 675.0]
[96.0, 0.0, 997.0, 676.0]
[80.0, 0.0, 982.0, 676.0]
[48.0, 0.0, 951.0, 677.0]
[80.0, 0.0, 984.0, 678.0]
[32.0, 0.0, 937.0, 679.0]
[48.0, 0.0, 954.0, 680.0]
[48.0, 0.0, 955.0, 680.0]
[64.0, 0.0, 972.0, 681.0]
[32.0, 0.0, 941.0, 682.0]
[80.0, 0.0, 990.0, 682.0]
[32.0, 0.0, 943.0, 683.0]
[48.0, 0.0, 960.0, 684.0]
