[144.0, 112.0, 861.0, 650.0]
[48.0, 80.0, 766.0, 618.0]
[176.0, 96.0, 895.0, 635.0]
[80.0, 80.0, 800.0, 620.0]
[144.0, 80.0, 865.0, 621.0]
[128.0, 128.0, 850.0, 670.0]
[96.0, 128.0, 819.0, 670.0]
[176.0, 112.0, 900.0, 655.0]
[96.0, 80.0, 821.0, 624.0]
[0.0, 112.0, 726.0, 656.0]
[80.0, 96.0, 807.0, 641.0]
[112.0, 128.0, 840.0, 674.0]
[32.0, 80.0, 761.0, 627.0]
[192.0, 128.0, 922.0, 676.0]
[112.0, 80.0, 843.0, 628.0]
[96.0, 80.0, 828.0, 629.0]
[160.0, 96.0, 893.0, 646.0]
[64.0, 80.0, 798.0, 630.0]
[96.0, 128.0, 831.0, 679.0]
[96.0, 64.0, 832.0, 616.0]
[160.0, 64.0, 897.0, 617.0]
[16.0, 128.0, 754.0, 682.0]
[32.0, 128.0, 771.0, 682.0]
[208.0, 112.0, 948.0, 667.0]
[112.0, 112.0, 853.0, 668.0]
[112.0, 112.0, 854.0, 668.0]
[208.0, 96.0, 951.0, 653.0]
[80.0, 80.0, 824.0, 638.0]
[16.0, 80.0, 761.0, 639.0]
[112.0, 80.0, 858.0, 640.0]
[16.0, 112.0, 763.0, 672.0]
[32.0, 64.0, 780.0, 625.0]
[160.0, 80.0, 909.0, 642.0]
[144.0, 64.0, 894.0, 626.0]
[160.0, 64.0, 911.0, 627.0]
[128.0, 80.0, 880.0, 644.0]
[96.0, 112.0, 849.0, 677.0]
[32.0, 64.0, 786.0, 630.0]
[80.0, 96.0, 835.0, 662.0]
[144.0, 112.0, 900.0, 679.0]
[16.0, 80.0, 773.0, 648.0]
[144.0, 112.0, 902.0, 680.0]
[160.0, 80.0, 919.0, 649.0]
[32.0, 112.0, 792.0, 682.0]
[48.0, 96.0, 809.0, 667.0]
[16.0, 112.0, 778.0, 684.0]
[192.0, 112.0, 955.0, 684.0]
[176.0, 80.0, 940.0, 653.0]
[64.0, 48.0, 829.0, 622.0]
[96.0, 48.0, 862.0, 622.0]
[160.0, 64.0, 927.0, 639.0]
[80.0, 48.0, 848.0, 624.0]
[176.0, 80.0, 945.0, 657.0]
[128.0, 80.0, 898.0, 658.0]
[32.0, 96.0, 803.0, 674.0]
[176.0, 80.0, 948.0, 659.0]
[144.0, 64.0, 917.0, 644.0]
[32.0, 96.0, 806.0, 676.0]
[112.0, 48.0, 887.0, 629.0]
[128.0, 64.0, 904.0, 646.0]
[80.0, 64.0, 857.0, 647.0]
[0.0, 96.0, 778.0, 680.0]
[0.0, 64.0, 779.0, 648.0]
[128.0, 80.0, 908.0, 665.0]
[80.0, 64.0, 861.0, 650.0]
[96.0, 32.0, 878.0, 618.0]
[0.0, 96.0, 783.0, 683.0]
[128.0, 64.0, 912.0, 652.0]
[16.0, 48.0, 801.0, 637.0]
[160.0, 64.0, 946.0, 654.0]
[128.0, 64.0, 915.0, 654.0]
[112.0, 80.0, 900.0, 671.0]
[64.0, 64.0, 853.0, 656.0]
[128.0, 64.0, 918.0, 656.0]
[96.0, 32.0, 887.0, 625.0]
[128.0, 48.0, 920.0, 642.0]
[48.0, 32.0, 841.0, 627.0]
[160.0, 64.0, 954.0, 660.0]
[64.0, 64.0, 859.0, 660.0]
[80.0, 64.0, 876.0, 661.0]
[48.0, 80.0, 845.0, 678.0]
[32.0, 80.0, 830.0, 678.0]
[48.0, 64.0, 847.0, 663.0]
[112.0, 64.0, 912.0, 664.0]
[144.0, 48.0, 945.0, 649.0]
[48.0, 64.0, 850.0, 666.0]
[32.0, 32.0, 835.0, 634.0]
[96.0, 80.0, 900.0, 683.0]
[112.0, 48.0, 917.0, 652.0]
[80.0, 32.0, 886.0, 636.0]
[32.0, 64.0, 839.0, 669.0]
[64.0, 48.0, 872.0, 654.0]
[0.0, 48.0, 809.0, 655.0]
[128.0, 64.0, 938.0, 672.0]
[32.0, 64.0, 843.0, 672.0]
[32.0, 64.0, 844.0, 673.0]
[48.0, 32.0, 861.0, 642.0]
[80.0, 16.0, 894.0, 626.0]
[80.0, 32.0, 895.0, 643.0]
[96.0, 32.0, 912.0, 644.0]
[80.0, 16.0, 897.0, 629.0]
[32.0, 16.0, 850.0, 630.0]
[0.0, 32.0, 819.0, 646.0]
[32.0, 48.0, 852.0, 663.0]
[96.0, 32.0, 917.0, 648.0]
[0.0, 64.0, 822.0, 680.0]
[64.0, 64.0, 887.0, 681.0]
[80.0, 16.0, 904.0, 634.0]
[32.0, 64.0, 857.0, 683.0]
[112.0, 32.0, 938.0, 652.0]
[32.0, 32.0, 859.0, 652.0]
[48.0, 0.0, 876.0, 621.0]
[16.0, 32.0, 845.0, 654.0]
[0.0, 32.0, 830.0, 654.0]
[48.0, 48.0, 879.0, 671.0]
[64.0, 48.0, 896.0, 672.0]
[80.0, 16.0, 913.0, 641.0]
[0.0, 32.0, 834.0, 658.0]
[48.0, 48.0, 883.0, 674.0]
[16.0, 32.0, 852.0, 659.0]
[32.0, 32.0, 869.0, 660.0]
[16.0, 48.0, 854.0, 676.0]
[48.0, 16.0, 887.0, 645.0]
[80.0, 48.0, 920.0, 678.0]
[80.0, 32.0, 921.0, 663.0]
[16.0, 16.0, 858.0, 648.0]
[0.0, 16.0, 843.0, 648.0]
[0.0, 48.0, 844.0, 681.0]
[48.0, 48.0, 893.0, 682.0]
[48.0, 48.0, 894.0, 682.0]
[16.0, 0.0, 863.0, 635.0]
[64.0, 0.0, 912.0, 636.0]
[96.0, 32.0, 945.0, 669.0]
[32.0, 32.0, 882.0, 670.0]
[32.0, 0.0, 883.0, 638.0]
[80.0, 32.0, 932.0, 671.0]
[48.0, 32.0, 901.0, 672.0]
[32.0, 0.0, 886.0, 640.0]
[64.0, 16.0, 919.0, 657.0]
[48.0, 32.0, 904.0, 674.0]
[80.0, 0.0, 937.0, 643.0]
[16.0, 0.0, 874.0, 644.0]
[48.0, 32.0, 907.0, 676.0]
[32.0, 32.0, 892.0, 677.0]
[0.0, 32.0, 861.0, 678.0]
[32.0, 16.0, 894.0, 662.0]
[16.0, 32.0, 879.0, 679.0]
[32.0, 16.0, 896.0, 664.0]
[64.0, 32.0, 929.0, 681.0]
[64.0, 32.0, 930.0, 682.0]
[16.0, 0.0, 883.0, 650.0]
[64.0, 32.0, 932.0, 683.0]
[32.0, 32.0, 901.0, 684.0]
[80.0, 0.0, 950.0, 652.0]
[64.0, 0.0, 935.0, 653.0]
[32.0, 0.0, 904.0, 654.0]
[32.0, 16.0, 905.0, 671.0]
[32.0, 16.0, 906.0, 672.0]
[32.0, 0.0, 907.0, 656.0]
[0.0, 16.0, 876.0, 673.0]
[16.0, 0.0, 893.0, 658.0]
[16.0, 16.0, 894.0, 674.0]
[64.0, 0.0, 943.0, 659.0]
[48.0, 0.0, 928.0, 660.0]
[0.0, 0.0, 881.0, 661.0]
[48.0, 16.0, 930.0, 678.0]
[48.0, 0.0, 931.0, 662.0]
[64.0, 16.0, 948.0, 679.0]
[32.0, 16.0, 917.0, 680.0]
[64.0, 16.0, 950.0, 680.0]
[64.0, 0.0, 951.0, 665.0]
[0.0, 16.0, 888.0, 682.0]
[64.0, 0.0, 953.0, 667.0]
[0.0, 0.0, 890.0, 668.0]
[16.0, 0.0, 907.0, 668.0]
[16.0, 0.0, 908.0, 669.0]
[0.0, 0.0, 893.0, 670.0]
[48.0, 0.0, 942.0, 670.0]
[0.0, 0.0, 895.0, 671.0]
[0.0, 0.0, 896.0, 672.0]
[32.0, 0.0, 929.0, 673.0]
[16.0, 0.0, 914.0, 674.0]
[48.0, 0.0, 947.0, 674.0]
[16.0, 0.0, 916.0, 675.0]
[16.0, 0.0, 917.0, 676.0]
[16.0, 0.0, 918.0, 676.0]
[32.0, 0.0, 935.0, 677.0]
[32.0, 0.0, 936.0, 678.0]
[0.0, 0.0, 905.0, 679.0]
[16.0, 0.0, 922.0, 680.0]
[32.0, 0.0, 939.0, 680.0]
[48.0, 0.0, 956.0, 681.0]
[16.0, 0.0, 925.0, 682.0]
[0.0, 0.0, 910.0, 682.0]
[16.0, 0.0, 927.0, 683.0]
[0.0, 0.0, 912.0, 684.0]
