[80.0, 208.0, 618.0, 925.0]
[80.0, 128.0, 618.0, 846.0]
[48.0, 208.0, 587.0, 927.0]
[32.0, 80.0, 572.0, 800.0]
[16.0, 176.0, 557.0, 897.0]
[32.0, 192.0, 574.0, 914.0]
[96.0, 224.0, 638.0, 947.0]
[112.0, 128.0, 655.0, 852.0]
[80.0, 80.0, 624.0, 805.0]
[80.0, 144.0, 624.0, 870.0]
[128.0, 176.0, 673.0, 903.0]
[128.0, 176.0, 674.0, 904.0]
[32.0, 192.0, 579.0, 921.0]
[128.0, 96.0, 676.0, 826.0]
[48.0, 112.0, 596.0, 843.0]
[32.0, 112.0, 581.0, 844.0]
[48.0, 224.0, 598.0, 957.0]
[96.0, 144.0, 646.0, 878.0]
[64.0, 144.0, 615.0, 879.0]
[16.0, 208.0, 568.0, 944.0]
[80.0, 64.0, 633.0, 801.0]
[96.0, 96.0, 650.0, 834.0]
[16.0, 128.0, 570.0, 867.0]
[64.0, 160.0, 619.0, 900.0]
[96.0, 192.0, 652.0, 933.0]
[64.0, 176.0, 620.0, 918.0]
[16.0, 160.0, 573.0, 903.0]
[80.0, 208.0, 638.0, 952.0]
[32.0, 160.0, 591.0, 905.0]
[80.0, 112.0, 640.0, 858.0]
[96.0, 208.0, 656.0, 955.0]
[80.0, 64.0, 641.0, 812.0]
[48.0, 224.0, 610.0, 973.0]
[96.0, 112.0, 658.0, 862.0]
[64.0, 80.0, 627.0, 831.0]
[32.0, 128.0, 596.0, 880.0]
[48.0, 160.0, 613.0, 913.0]
[96.0, 224.0, 662.0, 978.0]
[32.0, 144.0, 598.0, 899.0]
[16.0, 176.0, 583.0, 932.0]
[96.0, 160.0, 664.0, 917.0]
[16.0, 128.0, 584.0, 886.0]
[16.0, 128.0, 585.0, 887.0]
[48.0, 144.0, 618.0, 904.0]
[96.0, 48.0, 667.0, 809.0]
[64.0, 80.0, 636.0, 842.0]
[32.0, 128.0, 604.0, 891.0]
[64.0, 176.0, 637.0, 940.0]
[16.0, 128.0, 590.0, 893.0]
[48.0, 64.0, 622.0, 830.0]
[96.0, 192.0, 671.0, 959.0]
[96.0, 128.0, 672.0, 896.0]
[80.0, 160.0, 657.0, 929.0]
[32.0, 224.0, 610.0, 994.0]
[48.0, 32.0, 626.0, 803.0]
[32.0, 128.0, 611.0, 900.0]
[0.0, 176.0, 580.0, 949.0]
[48.0, 48.0, 628.0, 822.0]
[0.0, 112.0, 581.0, 887.0]
[64.0, 80.0, 646.0, 856.0]
[96.0, 96.0, 679.0, 873.0]
[0.0, 64.0, 584.0, 842.0]
[96.0, 112.0, 680.0, 891.0]
[64.0, 48.0, 649.0, 828.0]
[64.0, 208.0, 650.0, 989.0]
[16.0, 32.0, 602.0, 814.0]
[48.0, 48.0, 635.0, 831.0]
[48.0, 80.0, 636.0, 864.0]
[32.0, 208.0, 621.0, 993.0]
[80.0, 80.0, 670.0, 866.0]
[0.0, 112.0, 590.0, 899.0]
[16.0, 160.0, 607.0, 948.0]
[32.0, 208.0, 624.0, 997.0]
[32.0, 112.0, 624.0, 902.0]
[0.0, 64.0, 593.0, 855.0]
[16.0, 16.0, 610.0, 808.0]
[64.0, 144.0, 659.0, 937.0]
[48.0, 144.0, 644.0, 938.0]
[32.0, 112.0, 628.0, 907.0]
[0.0, 112.0, 597.0, 908.0]
[16.0, 208.0, 614.0, 1005.0]
[64.0, 192.0, 662.0, 990.0]
[48.0, 64.0, 647.0, 863.0]
[64.0, 192.0, 664.0, 992.0]
[16.0, 208.0, 617.0, 1009.0]
[16.0, 144.0, 618.0, 946.0]
[80.0, 176.0, 682.0, 979.0]
[64.0, 0.0, 667.0, 804.0]
[80.0, 96.0, 684.0, 901.0]
[48.0, 80.0, 652.0, 886.0]
[16.0, 112.0, 621.0, 919.0]
[32.0, 96.0, 638.0, 904.0]
[48.0, 0.0, 655.0, 809.0]
[64.0, 16.0, 672.0, 826.0]
[48.0, 0.0, 656.0, 811.0]
[16.0, 128.0, 625.0, 940.0]
[16.0, 128.0, 626.0, 941.0]
[48.0, 32.0, 658.0, 846.0]
[32.0, 80.0, 643.0, 895.0]
[16.0, 0.0, 628.0, 816.0]
[48.0, 0.0, 661.0, 817.0]
[16.0, 16.0, 630.0, 834.0]
[16.0, 112.0, 630.0, 931.0]
[48.0, 16.0, 663.0, 836.0]
[16.0, 144.0, 632.0, 965.0]
[16.0, 16.0, 632.0, 838.0]
[16.0, 32.0, 633.0, 855.0]
[0.0, 96.0, 618.0, 920.0]
[48.0, 32.0, 667.0, 857.0]
[16.0, 96.0, 636.0, 922.0]
[16.0, 160.0, 636.0, 987.0]
[32.0, 80.0, 653.0, 908.0]
[0.0, 192.0, 622.0, 1021.0]
[48.0, 32.0, 670.0, 862.0]
[48.0, 128.0, 671.0, 959.0]
[0.0, 96.0, 624.0, 928.0]
[16.0, 32.0, 641.0, 865.0]
[0.0, 160.0, 626.0, 994.0]
[48.0, 80.0, 674.0, 915.0]
[32.0, 0.0, 659.0, 836.0]
[32.0, 128.0, 660.0, 965.0]
[0.0, 112.0, 628.0, 950.0]
[16.0, 48.0, 645.0, 887.0]
[16.0, 48.0, 646.0, 888.0]
[48.0, 96.0, 679.0, 937.0]
[32.0, 32.0, 664.0, 874.0]
[0.0, 32.0, 632.0, 875.0]
[48.0, 32.0, 681.0, 876.0]
[0.0, 128.0, 634.0, 973.0]
[16.0, 16.0, 650.0, 862.0]
[0.0, 160.0, 635.0, 1007.0]
[0.0, 160.0, 636.0, 1008.0]
[32.0, 16.0, 669.0, 865.0]
[32.0, 128.0, 670.0, 978.0]
[16.0, 96.0, 654.0, 947.0]
[0.0, 160.0, 639.0, 1012.0]
[0.0, 128.0, 640.0, 981.0]
[16.0, 48.0, 656.0, 902.0]
[32.0, 80.0, 673.0, 935.0]
[32.0, 48.0, 674.0, 904.0]
[0.0, 112.0, 643.0, 969.0]
[32.0, 96.0, 676.0, 954.0]
[32.0, 96.0, 676.0, 955.0]
[16.0, 96.0, 661.0, 956.0]
[0.0, 16.0, 646.0, 877.0]
[0.0, 16.0, 646.0, 878.0]
[32.0, 80.0, 679.0, 943.0]
[0.0, 80.0, 648.0, 944.0]
[32.0, 32.0, 681.0, 897.0]
[0.0, 96.0, 650.0, 962.0]
[0.0, 80.0, 650.0, 947.0]
[0.0, 144.0, 651.0, 1012.0]
[0.0, 128.0, 652.0, 997.0]
[0.0, 128.0, 652.0, 998.0]
[0.0, 144.0, 653.0, 1015.0]
[16.0, 112.0, 670.0, 984.0]
[0.0, 112.0, 655.0, 985.0]
[0.0, 112.0, 656.0, 986.0]
[0.0, 128.0, 656.0, 1003.0]
[0.0, 16.0, 657.0, 892.0]
[0.0, 0.0, 658.0, 877.0]
[16.0, 64.0, 674.0, 942.0]
[16.0, 64.0, 675.0, 943.0]
[16.0, 144.0, 676.0, 1024.0]
[0.0, 64.0, 661.0, 945.0]
[0.0, 64.0, 662.0, 946.0]
[16.0, 64.0, 678.0, 947.0]
[0.0, 48.0, 663.0, 932.0]
[16.0, 96.0, 680.0, 981.0]
[16.0, 16.0, 680.0, 902.0]
[0.0, 48.0, 665.0, 935.0]
[16.0, 96.0, 682.0, 984.0]
[16.0, 48.0, 683.0, 937.0]
[0.0, 128.0, 668.0, 1018.0]
[16.0, 48.0, 684.0, 939.0]
[0.0, 16.0, 669.0, 908.0]
[0.0, 16.0, 670.0, 909.0]
[0.0, 16.0, 670.0, 910.0]
[0.0, 0.0, 671.0, 895.0]
[0.0, 32.0, 672.0, 928.0]
[0.0, 48.0, 673.0, 945.0]
[0.0, 48.0, 674.0, 946.0]
[0.0, 80.0, 674.0, 979.0]
[0.0, 32.0, 675.0, 932.0]
[0.0, 0.0, 676.0, 901.0]
[0.0, 16.0, 676.0, 918.0]
[0.0, 16.0, 677.0, 919.0]
[0.0, 0.0, 678.0, 904.0]
[0.0, 32.0, 679.0, 937.0]
[0.0, 32.0, 680.0, 938.0]
[0.0, 32.0, 680.0, 939.0]
[0.0, 0.0, 681.0, 908.0]
[0.0, 32.0, 682.0, 941.0]
[0.0, 112.0, 682.0, 1022.0]
[0.0, 0.0, 683.0, 911.0]
[0.0, 64.0, 684.0, 976.0]
