[32.0, 208.0, 570.0, 925.0]
[16.0, 64.0, 554.0, 782.0]
[64.0, 144.0, 603.0, 863.0]
[0.0, 112.0, 540.0, 832.0]
[48.0, 128.0, 589.0, 849.0]
[48.0, 176.0, 590.0, 898.0]
[48.0, 176.0, 590.0, 899.0]
[48.0, 64.0, 591.0, 788.0]
[48.0, 160.0, 592.0, 885.0]
[32.0, 128.0, 576.0, 854.0]
[48.0, 128.0, 593.0, 855.0]
[16.0, 64.0, 562.0, 792.0]
[16.0, 224.0, 563.0, 953.0]
[0.0, 208.0, 548.0, 938.0]
[0.0, 128.0, 548.0, 859.0]
[16.0, 32.0, 565.0, 764.0]
[32.0, 32.0, 582.0, 765.0]
[16.0, 64.0, 566.0, 798.0]
[32.0, 176.0, 583.0, 911.0]
[0.0, 160.0, 552.0, 896.0]
[16.0, 128.0, 569.0, 865.0]
[48.0, 32.0, 602.0, 770.0]
[16.0, 208.0, 570.0, 947.0]
[64.0, 128.0, 619.0, 868.0]
[16.0, 160.0, 572.0, 901.0]
[64.0, 48.0, 620.0, 790.0]
[0.0, 64.0, 557.0, 807.0]
[16.0, 160.0, 574.0, 904.0]
[0.0, 80.0, 559.0, 825.0]
[48.0, 144.0, 608.0, 890.0]
[64.0, 64.0, 624.0, 811.0]
[0.0, 144.0, 561.0, 892.0]
[16.0, 16.0, 578.0, 765.0]
[48.0, 96.0, 610.0, 846.0]
[32.0, 64.0, 595.0, 815.0]
[64.0, 128.0, 628.0, 880.0]
[48.0, 144.0, 613.0, 897.0]
[48.0, 128.0, 614.0, 882.0]
[48.0, 128.0, 614.0, 883.0]
[32.0, 128.0, 599.0, 884.0]
[0.0, 112.0, 568.0, 869.0]
[16.0, 144.0, 584.0, 902.0]
[16.0, 96.0, 585.0, 855.0]
[64.0, 80.0, 634.0, 840.0]
[16.0, 144.0, 587.0, 905.0]
[48.0, 160.0, 620.0, 922.0]
[48.0, 128.0, 620.0, 891.0]
[32.0, 96.0, 605.0, 860.0]
[16.0, 160.0, 590.0, 925.0]
[0.0, 80.0, 574.0, 846.0]
[16.0, 48.0, 591.0, 815.0]
[64.0, 48.0, 640.0, 816.0]
[0.0, 0.0, 577.0, 769.0]
[48.0, 64.0, 626.0, 834.0]
[0.0, 64.0, 578.0, 835.0]
[0.0, 128.0, 579.0, 900.0]
[48.0, 16.0, 628.0, 789.0]
[64.0, 112.0, 644.0, 886.0]
[32.0, 80.0, 613.0, 855.0]
[48.0, 112.0, 630.0, 888.0]
[32.0, 16.0, 615.0, 793.0]
[48.0, 144.0, 632.0, 922.0]
[48.0, 16.0, 632.0, 795.0]
[64.0, 80.0, 649.0, 860.0]
[32.0, 96.0, 618.0, 877.0]
[64.0, 48.0, 650.0, 830.0]
[16.0, 96.0, 603.0, 879.0]
[0.0, 16.0, 588.0, 800.0]
[64.0, 96.0, 653.0, 881.0]
[16.0, 32.0, 606.0, 818.0]
[16.0, 160.0, 606.0, 947.0]
[16.0, 128.0, 607.0, 916.0]
[16.0, 160.0, 608.0, 949.0]
[48.0, 112.0, 640.0, 902.0]
[16.0, 160.0, 609.0, 951.0]
[16.0, 32.0, 610.0, 824.0]
[48.0, 112.0, 643.0, 905.0]
[16.0, 64.0, 612.0, 858.0]
[0.0, 48.0, 596.0, 843.0]
[0.0, 96.0, 597.0, 892.0]
[16.0, 16.0, 614.0, 813.0]
[32.0, 0.0, 630.0, 798.0]
[0.0, 144.0, 599.0, 943.0]
[0.0, 144.0, 600.0, 944.0]
[32.0, 0.0, 633.0, 801.0]
[32.0, 128.0, 634.0, 930.0]
[16.0, 0.0, 618.0, 803.0]
[32.0, 16.0, 635.0, 820.0]
[0.0, 16.0, 604.0, 821.0]
[0.0, 48.0, 604.0, 854.0]
[48.0, 32.0, 653.0, 839.0]
[0.0, 32.0, 606.0, 840.0]
[16.0, 112.0, 623.0, 921.0]
[16.0, 48.0, 624.0, 858.0]
[64.0, 64.0, 672.0, 875.0]
[48.0, 64.0, 657.0, 876.0]
[16.0, 112.0, 626.0, 925.0]
[16.0, 32.0, 626.0, 846.0]
[32.0, 48.0, 643.0, 863.0]
[0.0, 112.0, 612.0, 928.0]
[16.0, 48.0, 629.0, 865.0]
[48.0, 16.0, 662.0, 834.0]
[0.0, 96.0, 614.0, 915.0]
[64.0, 80.0, 679.0, 900.0]
[48.0, 32.0, 664.0, 853.0]
[32.0, 48.0, 648.0, 870.0]
[32.0, 0.0, 649.0, 823.0]
[16.0, 128.0, 634.0, 952.0]
[32.0, 32.0, 651.0, 857.0]
[16.0, 16.0, 636.0, 842.0]
[48.0, 48.0, 668.0, 875.0]
[0.0, 32.0, 621.0, 860.0]
[48.0, 80.0, 670.0, 909.0]
[0.0, 48.0, 622.0, 878.0]
[16.0, 128.0, 639.0, 959.0]
[0.0, 32.0, 624.0, 864.0]
[32.0, 0.0, 657.0, 833.0]
[32.0, 64.0, 658.0, 898.0]
[16.0, 48.0, 642.0, 883.0]
[16.0, 64.0, 643.0, 900.0]
[0.0, 0.0, 628.0, 837.0]
[32.0, 64.0, 660.0, 902.0]
[16.0, 48.0, 645.0, 887.0]
[0.0, 32.0, 630.0, 872.0]
[16.0, 80.0, 647.0, 921.0]
[16.0, 32.0, 648.0, 874.0]
[16.0, 64.0, 648.0, 907.0]
[48.0, 64.0, 681.0, 908.0]
[32.0, 16.0, 666.0, 861.0]
[0.0, 48.0, 634.0, 894.0]
[0.0, 48.0, 635.0, 895.0]
[32.0, 64.0, 668.0, 912.0]
[32.0, 32.0, 669.0, 881.0]
[32.0, 96.0, 670.0, 946.0]
[32.0, 16.0, 670.0, 867.0]
[0.0, 64.0, 639.0, 916.0]
[16.0, 96.0, 656.0, 949.0]
[32.0, 96.0, 672.0, 950.0]
[16.0, 80.0, 657.0, 935.0]
[16.0, 0.0, 658.0, 856.0]
[16.0, 96.0, 659.0, 953.0]
[0.0, 32.0, 644.0, 890.0]
[16.0, 96.0, 660.0, 955.0]
[16.0, 48.0, 661.0, 908.0]
[16.0, 32.0, 662.0, 893.0]
[0.0, 80.0, 646.0, 942.0]
[16.0, 64.0, 663.0, 927.0]
[0.0, 48.0, 648.0, 912.0]
[16.0, 16.0, 665.0, 881.0]
[16.0, 80.0, 666.0, 946.0]
[16.0, 80.0, 666.0, 947.0]
[0.0, 64.0, 651.0, 932.0]
[0.0, 48.0, 652.0, 917.0]
[0.0, 32.0, 652.0, 902.0]
[0.0, 80.0, 653.0, 951.0]
[16.0, 80.0, 670.0, 952.0]
[16.0, 32.0, 671.0, 905.0]
[16.0, 80.0, 672.0, 954.0]
[0.0, 64.0, 656.0, 939.0]
[16.0, 80.0, 673.0, 956.0]
[16.0, 80.0, 674.0, 957.0]
[16.0, 0.0, 674.0, 878.0]
[16.0, 48.0, 675.0, 927.0]
[0.0, 0.0, 660.0, 880.0]
[0.0, 32.0, 661.0, 913.0]
[16.0, 64.0, 678.0, 946.0]
[0.0, 64.0, 662.0, 947.0]
[16.0, 32.0, 679.0, 916.0]
[16.0, 0.0, 680.0, 885.0]
[16.0, 16.0, 680.0, 902.0]
[0.0, 48.0, 665.0, 935.0]
[0.0, 0.0, 666.0, 888.0]
[16.0, 64.0, 683.0, 953.0]
[0.0, 64.0, 668.0, 954.0]
[0.0, 0.0, 668.0, 891.0]
[0.0, 64.0, 669.0, 956.0]
[0.0, 0.0, 670.0, 893.0]
[0.0, 48.0, 670.0, 942.0]
[0.0, 48.0, 671.0, 943.0]
[0.0, 32.0, 672.0, 928.0]
[0.0, 48.0, 673.0, 945.0]
[0.0, 0.0, 674.0, 898.0]
[0.0, 16.0, 674.0, 915.0]
[0.0, 16.0, 675.0, 916.0]
[0.0, 0.0, 676.0, 901.0]
[0.0, 32.0, 676.0, 934.0]
[0.0, 16.0, 677.0, 919.0]
[0.0, 16.0, 678.0, 920.0]
[0.0, 48.0, 679.0, 953.0]
[0.0, 0.0, 680.0, 906.0]
[0.0, 32.0, 680.0, 939.0]
[0.0, 16.0, 681.0, 924.0]
[0.0, 16.0, 682.0, 925.0]
[0.0, 16.0, 682.0, 926.0]
[0.0, 0.0, 683.0, 911.0]
