[160.0, 48.0, 901.0, 604.0]
[224.0, 48.0, 966.0, 604.0]
[224.0, 32.0, 967.0, 589.0]
[208.0, 64.0, 952.0, 622.0]
[112.0, 64.0, 857.0, 623.0]
[112.0, 48.0, 858.0, 608.0]
[64.0, 80.0, 811.0, 640.0]
[112.0, 48.0, 860.0, 609.0]
[224.0, 80.0, 973.0, 642.0]
[240.0, 48.0, 990.0, 610.0]
[144.0, 48.0, 895.0, 611.0]
[176.0, 48.0, 928.0, 612.0]
[224.0, 80.0, 977.0, 645.0]
[160.0, 80.0, 914.0, 646.0]
[128.0, 80.0, 883.0, 646.0]
[224.0, 64.0, 980.0, 631.0]
[160.0, 80.0, 917.0, 648.0]
[224.0, 16.0, 982.0, 584.0]
[96.0, 96.0, 855.0, 665.0]
[144.0, 96.0, 904.0, 666.0]
[80.0, 80.0, 841.0, 651.0]
[80.0, 96.0, 842.0, 668.0]
[224.0, 80.0, 987.0, 652.0]
[48.0, 32.0, 812.0, 605.0]
[32.0, 64.0, 797.0, 638.0]
[64.0, 80.0, 830.0, 654.0]
[224.0, 32.0, 991.0, 607.0]
[192.0, 32.0, 960.0, 608.0]
[208.0, 64.0, 977.0, 641.0]
[240.0, 32.0, 1010.0, 610.0]
[96.0, 96.0, 867.0, 674.0]
[144.0, 48.0, 916.0, 627.0]
[64.0, 16.0, 837.0, 596.0]
[16.0, 32.0, 790.0, 612.0]
[48.0, 80.0, 823.0, 661.0]
[64.0, 48.0, 840.0, 630.0]
[112.0, 0.0, 889.0, 583.0]
[192.0, 16.0, 970.0, 600.0]
[192.0, 16.0, 971.0, 600.0]
[160.0, 48.0, 940.0, 633.0]
[112.0, 32.0, 893.0, 618.0]
[128.0, 0.0, 910.0, 586.0]
[176.0, 80.0, 959.0, 667.0]
[224.0, 32.0, 1008.0, 620.0]
[32.0, 80.0, 817.0, 669.0]
[128.0, 48.0, 914.0, 638.0]
[224.0, 48.0, 1011.0, 638.0]
[144.0, 80.0, 932.0, 671.0]
[16.0, 16.0, 805.0, 608.0]
[16.0, 16.0, 806.0, 608.0]
[176.0, 48.0, 967.0, 641.0]
[176.0, 80.0, 968.0, 674.0]
[192.0, 80.0, 985.0, 675.0]
[160.0, 48.0, 954.0, 644.0]
[112.0, 48.0, 907.0, 644.0]
[48.0, 16.0, 844.0, 613.0]
[176.0, 16.0, 973.0, 614.0]
[112.0, 80.0, 910.0, 678.0]
[208.0, 64.0, 1007.0, 663.0]
[192.0, 80.0, 992.0, 680.0]
[160.0, 48.0, 961.0, 649.0]
[48.0, 48.0, 850.0, 650.0]
[144.0, 0.0, 947.0, 602.0]
[80.0, 48.0, 884.0, 651.0]
[48.0, 0.0, 853.0, 604.0]
[160.0, 16.0, 966.0, 620.0]
[128.0, 64.0, 935.0, 669.0]
[0.0, 48.0, 808.0, 654.0]
[112.0, 16.0, 921.0, 623.0]
[192.0, 32.0, 1002.0, 640.0]
[192.0, 64.0, 1003.0, 672.0]
[144.0, 48.0, 956.0, 657.0]
[48.0, 64.0, 861.0, 674.0]
[48.0, 64.0, 862.0, 674.0]
[176.0, 0.0, 991.0, 611.0]
[48.0, 0.0, 864.0, 612.0]
[32.0, 16.0, 849.0, 629.0]
[48.0, 48.0, 866.0, 662.0]
[16.0, 0.0, 835.0, 614.0]
[112.0, 16.0, 932.0, 631.0]
[176.0, 0.0, 997.0, 616.0]
[64.0, 48.0, 886.0, 664.0]
[32.0, 16.0, 855.0, 633.0]
[16.0, 64.0, 840.0, 682.0]
[32.0, 32.0, 857.0, 651.0]
[128.0, 0.0, 954.0, 620.0]
[64.0, 32.0, 891.0, 652.0]
[48.0, 32.0, 876.0, 653.0]
[192.0, 32.0, 1021.0, 654.0]
[160.0, 32.0, 990.0, 654.0]
[112.0, 48.0, 943.0, 671.0]
[128.0, 32.0, 960.0, 656.0]
[48.0, 0.0, 881.0, 625.0]
[0.0, 16.0, 834.0, 642.0]
[80.0, 32.0, 915.0, 658.0]
[144.0, 0.0, 980.0, 627.0]
[144.0, 32.0, 981.0, 660.0]
[32.0, 16.0, 870.0, 644.0]
[112.0, 32.0, 951.0, 661.0]
[48.0, 16.0, 888.0, 646.0]
[48.0, 0.0, 889.0, 631.0]
[176.0, 48.0, 1018.0, 680.0]
[112.0, 16.0, 955.0, 648.0]
[0.0, 16.0, 844.0, 649.0]
[0.0, 0.0, 845.0, 634.0]
[64.0, 32.0, 910.0, 666.0]
[160.0, 16.0, 1007.0, 651.0]
[96.0, 16.0, 944.0, 652.0]
[128.0, 16.0, 977.0, 653.0]
[144.0, 0.0, 994.0, 638.0]
[64.0, 32.0, 915.0, 670.0]
[80.0, 32.0, 932.0, 671.0]
[80.0, 16.0, 933.0, 656.0]
[96.0, 32.0, 950.0, 672.0]
[0.0, 0.0, 855.0, 641.0]
[144.0, 16.0, 1000.0, 658.0]
[64.0, 0.0, 921.0, 643.0]
[144.0, 32.0, 1002.0, 676.0]
[0.0, 32.0, 859.0, 676.0]
[80.0, 32.0, 940.0, 677.0]
[128.0, 32.0, 989.0, 678.0]
[64.0, 16.0, 926.0, 662.0]
[0.0, 32.0, 863.0, 679.0]
[32.0, 32.0, 896.0, 680.0]
[64.0, 0.0, 929.0, 649.0]
[0.0, 32.0, 866.0, 682.0]
[112.0, 0.0, 979.0, 650.0]
[48.0, 0.0, 916.0, 651.0]
[48.0, 0.0, 917.0, 652.0]
[48.0, 0.0, 918.0, 652.0]
[112.0, 0.0, 983.0, 653.0]
[32.0, 0.0, 904.0, 654.0]
[64.0, 16.0, 937.0, 671.0]
[0.0, 16.0, 874.0, 672.0]
[16.0, 16.0, 891.0, 672.0]
[0.0, 16.0, 876.0, 673.0]
[128.0, 0.0, 1005.0, 658.0]
[144.0, 0.0, 1022.0, 658.0]
[32.0, 16.0, 911.0, 675.0]
[32.0, 0.0, 912.0, 660.0]
[48.0, 16.0, 929.0, 677.0]
[80.0, 16.0, 962.0, 678.0]
[0.0, 16.0, 883.0, 678.0]
[16.0, 0.0, 900.0, 663.0]
[64.0, 0.0, 949.0, 664.0]
[48.0, 16.0, 934.0, 680.0]
[0.0, 0.0, 887.0, 665.0]
[128.0, 16.0, 1016.0, 682.0]
[112.0, 16.0, 1001.0, 683.0]
[16.0, 0.0, 906.0, 668.0]
[128.0, 0.0, 1019.0, 668.0]
[96.0, 0.0, 988.0, 669.0]
[16.0, 0.0, 909.0, 670.0]
[64.0, 0.0, 958.0, 670.0]
[64.0, 0.0, 959.0, 671.0]
[16.0, 0.0, 912.0, 672.0]
[112.0, 0.0, 1009.0, 673.0]
[0.0, 0.0, 898.0, 674.0]
[64.0, 0.0, 963.0, 674.0]
[80.0, 0.0, 980.0, 675.0]
[48.0, 0.0, 949.0, 676.0]
[16.0, 0.0, 918.0, 676.0]
[96.0, 0.0, 999.0, 677.0]
[80.0, 0.0, 984.0, 678.0]
[96.0, 0.0, 1001.0, 679.0]
[80.0, 0.0, 986.0, 680.0]
[64.0, 0.0, 971.0, 680.0]
[96.0, 0.0, 1004.0, 681.0]
[0.0, 0.0, 909.0, 682.0]
[96.0, 0.0, 1006.0, 682.0]
[48.0, 0.0, 959.0, 683.0]
