[48.0, 80.0, 785.0, 633.0]
[48.0, 112.0, 786.0, 666.0]
[64.0, 160.0, 803.0, 714.0]
[144.0, 80.0, 884.0, 635.0]
[64.0, 144.0, 805.0, 700.0]
[48.0, 112.0, 790.0, 668.0]
[80.0, 112.0, 823.0, 669.0]
[48.0, 80.0, 792.0, 638.0]
[48.0, 80.0, 793.0, 639.0]
[96.0, 80.0, 842.0, 640.0]
[80.0, 80.0, 827.0, 640.0]
[64.0, 80.0, 812.0, 641.0]
[112.0, 96.0, 861.0, 658.0]
[80.0, 80.0, 830.0, 642.0]
[48.0, 128.0, 799.0, 691.0]
[96.0, 32.0, 848.0, 596.0]
[32.0, 48.0, 785.0, 613.0]
[128.0, 32.0, 882.0, 598.0]
[160.0, 160.0, 915.0, 726.0]
[128.0, 64.0, 884.0, 631.0]
[64.0, 96.0, 821.0, 664.0]
[160.0, 96.0, 918.0, 664.0]
[144.0, 80.0, 903.0, 649.0]
[96.0, 64.0, 856.0, 634.0]
[112.0, 96.0, 873.0, 667.0]
[80.0, 48.0, 842.0, 620.0]
[64.0, 128.0, 827.0, 700.0]
[32.0, 112.0, 796.0, 685.0]
[144.0, 64.0, 909.0, 638.0]
[96.0, 144.0, 862.0, 718.0]
[80.0, 80.0, 847.0, 655.0]
[32.0, 64.0, 800.0, 640.0]
[80.0, 64.0, 849.0, 641.0]
[144.0, 32.0, 914.0, 610.0]
[48.0, 128.0, 819.0, 706.0]
[64.0, 160.0, 836.0, 739.0]
[96.0, 16.0, 869.0, 596.0]
[16.0, 144.0, 790.0, 724.0]
[160.0, 112.0, 935.0, 693.0]
[48.0, 144.0, 824.0, 726.0]
[112.0, 112.0, 889.0, 695.0]
[80.0, 64.0, 858.0, 648.0]
[80.0, 144.0, 859.0, 728.0]
[128.0, 96.0, 908.0, 681.0]
[48.0, 64.0, 829.0, 650.0]
[32.0, 128.0, 814.0, 714.0]
[64.0, 144.0, 847.0, 731.0]
[0.0, 144.0, 784.0, 732.0]
[160.0, 80.0, 945.0, 669.0]
[80.0, 32.0, 866.0, 622.0]
[96.0, 64.0, 883.0, 654.0]
[96.0, 96.0, 884.0, 687.0]
[64.0, 64.0, 853.0, 656.0]
[96.0, 112.0, 886.0, 704.0]
[96.0, 128.0, 887.0, 721.0]
[32.0, 64.0, 824.0, 658.0]
[16.0, 80.0, 809.0, 675.0]
[80.0, 48.0, 874.0, 644.0]
[64.0, 16.0, 859.0, 612.0]
[80.0, 0.0, 876.0, 597.0]
[16.0, 128.0, 813.0, 726.0]
[128.0, 80.0, 926.0, 678.0]
[144.0, 48.0, 943.0, 647.0]
[48.0, 96.0, 848.0, 696.0]
[64.0, 32.0, 865.0, 633.0]
[112.0, 128.0, 914.0, 730.0]
[96.0, 128.0, 899.0, 730.0]
[80.0, 176.0, 884.0, 779.0]
[64.0, 96.0, 869.0, 700.0]
[80.0, 128.0, 886.0, 732.0]
[80.0, 0.0, 887.0, 605.0]
[112.0, 128.0, 920.0, 734.0]
[112.0, 160.0, 921.0, 767.0]
[112.0, 160.0, 922.0, 768.0]
[32.0, 96.0, 843.0, 704.0]
[144.0, 80.0, 956.0, 689.0]
[160.0, 80.0, 973.0, 690.0]
[144.0, 128.0, 958.0, 738.0]
[32.0, 0.0, 847.0, 611.0]
[64.0, 176.0, 880.0, 788.0]
[0.0, 32.0, 817.0, 645.0]
[80.0, 160.0, 898.0, 774.0]
[112.0, 80.0, 931.0, 694.0]
[96.0, 80.0, 916.0, 695.0]
[48.0, 32.0, 869.0, 648.0]
[48.0, 80.0, 870.0, 696.0]
[144.0, 128.0, 967.0, 745.0]
[64.0, 48.0, 888.0, 666.0]
[64.0, 64.0, 889.0, 683.0]
[80.0, 112.0, 906.0, 732.0]
[80.0, 32.0, 907.0, 652.0]
[16.0, 128.0, 844.0, 749.0]
[32.0, 112.0, 861.0, 734.0]
[0.0, 0.0, 830.0, 622.0]
[0.0, 144.0, 831.0, 767.0]
[32.0, 160.0, 864.0, 784.0]
[32.0, 64.0, 865.0, 689.0]
[0.0, 48.0, 834.0, 674.0]
[128.0, 80.0, 963.0, 706.0]
[0.0, 96.0, 836.0, 723.0]
[64.0, 128.0, 901.0, 756.0]
[16.0, 32.0, 854.0, 660.0]
[48.0, 160.0, 887.0, 789.0]
[16.0, 0.0, 856.0, 630.0]
[16.0, 112.0, 857.0, 743.0]
[32.0, 48.0, 874.0, 680.0]
[160.0, 96.0, 1003.0, 728.0]
[128.0, 32.0, 972.0, 665.0]
[80.0, 0.0, 925.0, 634.0]
[128.0, 80.0, 974.0, 714.0]
[16.0, 80.0, 863.0, 715.0]
[112.0, 80.0, 960.0, 716.0]
[16.0, 64.0, 865.0, 701.0]
[144.0, 48.0, 994.0, 686.0]
[96.0, 64.0, 947.0, 702.0]
[16.0, 16.0, 868.0, 655.0]
[48.0, 16.0, 901.0, 656.0]
[80.0, 112.0, 934.0, 752.0]
[112.0, 80.0, 967.0, 721.0]
[16.0, 128.0, 872.0, 770.0]
[112.0, 80.0, 969.0, 723.0]
[0.0, 112.0, 858.0, 756.0]
[96.0, 112.0, 955.0, 756.0]
[96.0, 32.0, 956.0, 677.0]
[112.0, 48.0, 973.0, 694.0]
[64.0, 160.0, 926.0, 806.0]
[64.0, 96.0, 927.0, 743.0]
[16.0, 32.0, 880.0, 680.0]
[32.0, 16.0, 897.0, 665.0]
[64.0, 16.0, 930.0, 666.0]
[32.0, 16.0, 899.0, 666.0]
[80.0, 80.0, 948.0, 731.0]
[0.0, 64.0, 869.0, 716.0]
[64.0, 0.0, 934.0, 652.0]
[80.0, 48.0, 951.0, 701.0]
[0.0, 80.0, 872.0, 734.0]
[32.0, 112.0, 905.0, 767.0]
[0.0, 144.0, 874.0, 800.0]
[80.0, 128.0, 955.0, 784.0]
[112.0, 64.0, 988.0, 721.0]
[32.0, 0.0, 909.0, 658.0]
[48.0, 80.0, 926.0, 738.0]
[32.0, 144.0, 911.0, 803.0]
[128.0, 16.0, 1008.0, 676.0]
[16.0, 32.0, 897.0, 693.0]
[0.0, 96.0, 882.0, 758.0]
[16.0, 112.0, 899.0, 774.0]
[96.0, 48.0, 980.0, 711.0]
[112.0, 96.0, 997.0, 760.0]
[48.0, 16.0, 934.0, 680.0]
[16.0, 0.0, 903.0, 665.0]
[80.0, 16.0, 968.0, 682.0]
[16.0, 144.0, 905.0, 811.0]
[64.0, 112.0, 954.0, 780.0]
[128.0, 32.0, 1019.0, 700.0]
[0.0, 96.0, 892.0, 765.0]
[80.0, 128.0, 973.0, 798.0]
[80.0, 32.0, 974.0, 702.0]
[0.0, 16.0, 895.0, 687.0]
[0.0, 80.0, 896.0, 752.0]
[64.0, 128.0, 961.0, 801.0]
[80.0, 0.0, 978.0, 674.0]
[16.0, 112.0, 915.0, 786.0]
[16.0, 96.0, 916.0, 771.0]
[96.0, 96.0, 997.0, 772.0]
[80.0, 64.0, 982.0, 740.0]
[32.0, 96.0, 935.0, 773.0]
[32.0, 112.0, 936.0, 790.0]
[64.0, 128.0, 969.0, 807.0]
[64.0, 64.0, 970.0, 744.0]
[48.0, 32.0, 955.0, 712.0]
[16.0, 80.0, 924.0, 761.0]
[32.0, 80.0, 941.0, 762.0]
[80.0, 48.0, 990.0, 730.0]
[0.0, 112.0, 911.0, 795.0]
[16.0, 16.0, 928.0, 700.0]
[96.0, 80.0, 1009.0, 765.0]
[32.0, 0.0, 946.0, 686.0]
[0.0, 48.0, 915.0, 734.0]
[32.0, 64.0, 948.0, 751.0]
[0.0, 48.0, 917.0, 736.0]
[32.0, 48.0, 950.0, 736.0]
[48.0, 112.0, 967.0, 801.0]
[96.0, 48.0, 1016.0, 738.0]
[16.0, 80.0, 937.0, 771.0]
[80.0, 64.0, 1002.0, 756.0]
[96.0, 16.0, 1019.0, 708.0]
[64.0, 112.0, 988.0, 805.0]
[48.0, 16.0, 973.0, 710.0]
[16.0, 32.0, 942.0, 726.0]
[48.0, 128.0, 975.0, 823.0]
[48.0, 48.0, 976.0, 744.0]
[48.0, 0.0, 977.0, 697.0]
[80.0, 96.0, 1010.0, 794.0]
[0.0, 80.0, 931.0, 778.0]
[0.0, 64.0, 932.0, 763.0]
[80.0, 0.0, 1013.0, 700.0]
[48.0, 64.0, 982.0, 764.0]
[80.0, 32.0, 1015.0, 733.0]
[0.0, 48.0, 936.0, 750.0]
[48.0, 32.0, 985.0, 735.0]
[16.0, 80.0, 954.0, 784.0]
[16.0, 96.0, 955.0, 800.0]
[32.0, 80.0, 972.0, 785.0]
[0.0, 0.0, 941.0, 706.0]
[0.0, 16.0, 942.0, 722.0]
[32.0, 0.0, 975.0, 707.0]
[0.0, 0.0, 944.0, 708.0]
[48.0, 0.0, 993.0, 709.0]
[48.0, 0.0, 994.0, 710.0]
[0.0, 112.0, 947.0, 822.0]
[32.0, 48.0, 980.0, 759.0]
[48.0, 0.0, 997.0, 712.0]
[48.0, 80.0, 998.0, 792.0]
[32.0, 112.0, 983.0, 825.0]
[48.0, 112.0, 1000.0, 826.0]
[32.0, 32.0, 985.0, 747.0]
[32.0, 96.0, 986.0, 812.0]
[0.0, 0.0, 955.0, 716.0]
[64.0, 64.0, 1020.0, 781.0]
[64.0, 64.0, 1021.0, 782.0]
[16.0, 32.0, 974.0, 750.0]
[48.0, 80.0, 1007.0, 799.0]
[48.0, 16.0, 1008.0, 736.0]
[32.0, 64.0, 993.0, 785.0]
[16.0, 16.0, 978.0, 738.0]
[16.0, 64.0, 979.0, 786.0]
[16.0, 32.0, 980.0, 755.0]
[16.0, 64.0, 981.0, 788.0]
[0.0, 16.0, 966.0, 740.0]
[48.0, 64.0, 1015.0, 789.0]
[32.0, 80.0, 1000.0, 806.0]
[16.0, 32.0, 985.0, 759.0]
[48.0, 48.0, 1018.0, 776.0]
[48.0, 32.0, 1019.0, 760.0]
[48.0, 48.0, 1020.0, 777.0]
[16.0, 16.0, 989.0, 746.0]
[32.0, 96.0, 1006.0, 826.0]
[16.0, 80.0, 991.0, 811.0]
[16.0, 0.0, 992.0, 732.0]
[16.0, 80.0, 993.0, 813.0]
[16.0, 80.0, 994.0, 814.0]
[32.0, 80.0, 1011.0, 814.0]
[16.0, 16.0, 996.0, 751.0]
[16.0, 80.0, 997.0, 816.0]
[32.0, 32.0, 1014.0, 768.0]
[32.0, 80.0, 1015.0, 817.0]
[16.0, 32.0, 1000.0, 770.0]
[16.0, 64.0, 1001.0, 803.0]
[16.0, 48.0, 1002.0, 788.0]
[16.0, 80.0, 1003.0, 820.0]
[16.0, 48.0, 1004.0, 789.0]
[0.0, 32.0, 989.0, 774.0]
[32.0, 32.0, 1022.0, 774.0]
[0.0, 32.0, 991.0, 775.0]
[16.0, 80.0, 1008.0, 824.0]
[16.0, 80.0, 1009.0, 825.0]
[0.0, 32.0, 994.0, 778.0]
[16.0, 80.0, 1011.0, 826.0]
[0.0, 80.0, 996.0, 827.0]
[16.0, 32.0, 1013.0, 780.0]
[0.0, 16.0, 998.0, 764.0]
[16.0, 64.0, 1015.0, 813.0]
[0.0, 64.0, 1000.0, 814.0]
[0.0, 32.0, 1001.0, 783.0]
[0.0, 32.0, 1002.0, 784.0]
[16.0, 16.0, 1019.0, 768.0]
[16.0, 64.0, 1020.0, 817.0]
[16.0, 64.0, 1021.0, 818.0]
[0.0, 48.0, 1006.0, 802.0]
[16.0, 16.0, 1023.0, 771.0]
[16.0, 32.0, 1024.0, 788.0]
[0.0, 64.0, 1009.0, 821.0]
[0.0, 64.0, 1010.0, 822.0]
[0.0, 16.0, 1011.0, 774.0]
[0.0, 64.0, 1012.0, 823.0]
[0.0, 16.0, 1013.0, 776.0]
[0.0, 64.0, 1014.0, 824.0]
[0.0, 48.0, 1015.0, 809.0]
[0.0, 16.0, 1016.0, 778.0]
[0.0, 16.0, 1017.0, 779.0]
[0.0, 32.0, 1018.0, 796.0]
[0.0, 48.0, 1019.0, 812.0]
[0.0, 0.0, 1020.0, 765.0]
[0.0, 0.0, 1021.0, 766.0]
[0.0, 16.0, 1022.0, 782.0]
[0.0, 0.0, 1023.0, 767.0]
[0.0, 48.0, 1024.0, 816.0]
