[48.0, 112.0, 765.0, 650.0]
[112.0, 64.0, 830.0, 602.0]
[48.0, 128.0, 767.0, 667.0]
[64.0, 32.0, 784.0, 572.0]
[16.0, 128.0, 737.0, 669.0]
[80.0, 32.0, 802.0, 574.0]
[48.0, 48.0, 771.0, 590.0]
[48.0, 112.0, 772.0, 655.0]
[80.0, 128.0, 805.0, 672.0]
[64.0, 64.0, 790.0, 608.0]
[16.0, 80.0, 743.0, 625.0]
[144.0, 96.0, 872.0, 642.0]
[96.0, 64.0, 825.0, 611.0]
[96.0, 96.0, 826.0, 644.0]
[112.0, 112.0, 843.0, 660.0]
[80.0, 0.0, 812.0, 549.0]
[64.0, 32.0, 797.0, 582.0]
[96.0, 48.0, 830.0, 598.0]
[48.0, 112.0, 783.0, 663.0]
[64.0, 128.0, 800.0, 680.0]
[112.0, 48.0, 849.0, 601.0]
[16.0, 112.0, 754.0, 666.0]
[0.0, 16.0, 739.0, 570.0]
[112.0, 64.0, 852.0, 619.0]
[16.0, 0.0, 757.0, 556.0]
[112.0, 64.0, 854.0, 620.0]
[16.0, 48.0, 759.0, 605.0]
[144.0, 48.0, 888.0, 606.0]
[48.0, 32.0, 793.0, 591.0]
[80.0, 0.0, 826.0, 560.0]
[128.0, 32.0, 875.0, 592.0]
[48.0, 112.0, 796.0, 673.0]
[96.0, 96.0, 845.0, 658.0]
[128.0, 64.0, 878.0, 626.0]
[48.0, 0.0, 799.0, 563.0]
[80.0, 0.0, 832.0, 564.0]
[128.0, 48.0, 881.0, 613.0]
[32.0, 80.0, 786.0, 646.0]
[80.0, 0.0, 835.0, 566.0]
[48.0, 48.0, 804.0, 615.0]
[0.0, 16.0, 757.0, 584.0]
[16.0, 32.0, 774.0, 600.0]
[112.0, 96.0, 871.0, 665.0]
[112.0, 32.0, 872.0, 602.0]
[144.0, 48.0, 905.0, 619.0]
[0.0, 32.0, 762.0, 604.0]
[32.0, 16.0, 795.0, 588.0]
[0.0, 16.0, 764.0, 589.0]
[112.0, 32.0, 877.0, 606.0]
[80.0, 0.0, 846.0, 574.0]
[16.0, 64.0, 783.0, 639.0]
[48.0, 64.0, 816.0, 640.0]
[112.0, 0.0, 881.0, 577.0]
[128.0, 16.0, 898.0, 594.0]
[96.0, 48.0, 867.0, 626.0]
[16.0, 80.0, 788.0, 659.0]
[32.0, 96.0, 805.0, 676.0]
[0.0, 16.0, 774.0, 596.0]
[80.0, 48.0, 855.0, 629.0]
[64.0, 0.0, 840.0, 582.0]
[16.0, 96.0, 793.0, 679.0]
[48.0, 0.0, 826.0, 584.0]
[16.0, 32.0, 795.0, 616.0]
[128.0, 32.0, 908.0, 617.0]
[128.0, 80.0, 909.0, 666.0]
[112.0, 48.0, 894.0, 634.0]
[64.0, 96.0, 847.0, 683.0]
[96.0, 64.0, 880.0, 652.0]
[0.0, 64.0, 785.0, 653.0]
[96.0, 48.0, 882.0, 638.0]
[48.0, 64.0, 835.0, 654.0]
[64.0, 64.0, 852.0, 655.0]
[0.0, 0.0, 789.0, 592.0]
[48.0, 64.0, 838.0, 656.0]
[0.0, 32.0, 791.0, 625.0]
[32.0, 16.0, 824.0, 610.0]
[48.0, 48.0, 841.0, 643.0]
[16.0, 16.0, 810.0, 612.0]
[32.0, 32.0, 827.0, 628.0]
[112.0, 16.0, 908.0, 613.0]
[64.0, 80.0, 861.0, 678.0]
[96.0, 48.0, 894.0, 646.0]
[0.0, 64.0, 799.0, 663.0]
[80.0, 32.0, 880.0, 632.0]
[48.0, 16.0, 849.0, 617.0]
[112.0, 32.0, 914.0, 634.0]
[80.0, 16.0, 883.0, 618.0]
[16.0, 32.0, 820.0, 635.0]
[112.0, 32.0, 917.0, 636.0]
[128.0, 64.0, 934.0, 668.0]
[80.0, 64.0, 887.0, 669.0]
[64.0, 48.0, 872.0, 654.0]
[80.0, 32.0, 889.0, 639.0]
[128.0, 64.0, 938.0, 672.0]
[112.0, 32.0, 923.0, 640.0]
[96.0, 32.0, 908.0, 641.0]
[64.0, 16.0, 877.0, 626.0]
[112.0, 0.0, 926.0, 610.0]
[48.0, 0.0, 863.0, 611.0]
[64.0, 0.0, 880.0, 612.0]
[112.0, 0.0, 929.0, 613.0]
[32.0, 16.0, 850.0, 630.0]
[0.0, 48.0, 819.0, 662.0]
[112.0, 32.0, 932.0, 647.0]
[80.0, 32.0, 901.0, 648.0]
[80.0, 32.0, 902.0, 648.0]
[16.0, 48.0, 839.0, 665.0]
[80.0, 48.0, 904.0, 666.0]
[16.0, 16.0, 841.0, 635.0]
[48.0, 0.0, 874.0, 620.0]
[64.0, 16.0, 891.0, 636.0]
[128.0, 48.0, 956.0, 669.0]
[64.0, 48.0, 893.0, 670.0]
[64.0, 0.0, 894.0, 622.0]
[64.0, 16.0, 895.0, 639.0]
[0.0, 0.0, 832.0, 624.0]
[32.0, 0.0, 865.0, 625.0]
[16.0, 32.0, 850.0, 658.0]
[0.0, 0.0, 835.0, 626.0]
[0.0, 48.0, 836.0, 675.0]
[48.0, 48.0, 885.0, 676.0]
[16.0, 32.0, 854.0, 660.0]
[96.0, 48.0, 935.0, 677.0]
[64.0, 48.0, 904.0, 678.0]
[96.0, 48.0, 937.0, 679.0]
[112.0, 16.0, 954.0, 648.0]
[32.0, 48.0, 875.0, 680.0]
[16.0, 16.0, 860.0, 649.0]
[64.0, 32.0, 909.0, 666.0]
[112.0, 0.0, 958.0, 634.0]
[64.0, 16.0, 911.0, 651.0]
[80.0, 16.0, 928.0, 652.0]
[112.0, 0.0, 961.0, 637.0]
[48.0, 0.0, 898.0, 638.0]
[32.0, 0.0, 883.0, 638.0]
[112.0, 0.0, 964.0, 639.0]
[96.0, 16.0, 949.0, 656.0]
[32.0, 0.0, 886.0, 640.0]
[64.0, 32.0, 919.0, 673.0]
[64.0, 32.0, 920.0, 674.0]
[32.0, 32.0, 889.0, 675.0]
[0.0, 32.0, 858.0, 676.0]
[112.0, 0.0, 971.0, 644.0]
[48.0, 16.0, 908.0, 661.0]
[0.0, 32.0, 861.0, 678.0]
[112.0, 16.0, 974.0, 662.0]
[64.0, 32.0, 927.0, 679.0]
[96.0, 0.0, 960.0, 648.0]
[0.0, 32.0, 865.0, 681.0]
[112.0, 16.0, 978.0, 666.0]
[0.0, 0.0, 867.0, 650.0]
[16.0, 0.0, 884.0, 651.0]
[48.0, 0.0, 917.0, 652.0]
[0.0, 0.0, 870.0, 652.0]
[64.0, 0.0, 935.0, 653.0]
[32.0, 0.0, 904.0, 654.0]
[64.0, 16.0, 937.0, 671.0]
[112.0, 16.0, 986.0, 672.0]
[96.0, 16.0, 971.0, 672.0]
[80.0, 16.0, 956.0, 673.0]
[0.0, 16.0, 877.0, 674.0]
[0.0, 16.0, 878.0, 674.0]
[16.0, 0.0, 895.0, 659.0]
[64.0, 16.0, 944.0, 676.0]
[64.0, 16.0, 945.0, 677.0]
[16.0, 16.0, 898.0, 678.0]
[80.0, 16.0, 963.0, 678.0]
[80.0, 0.0, 964.0, 663.0]
[48.0, 16.0, 933.0, 680.0]
[80.0, 0.0, 966.0, 664.0]
[96.0, 0.0, 983.0, 665.0]
[64.0, 0.0, 952.0, 666.0]
[96.0, 0.0, 985.0, 667.0]
[48.0, 0.0, 938.0, 668.0]
[80.0, 0.0, 971.0, 668.0]
[32.0, 0.0, 924.0, 669.0]
[80.0, 0.0, 973.0, 670.0]
[48.0, 0.0, 942.0, 670.0]
[96.0, 0.0, 991.0, 671.0]
[80.0, 0.0, 976.0, 672.0]
[16.0, 0.0, 913.0, 673.0]
[0.0, 0.0, 898.0, 674.0]
[64.0, 0.0, 963.0, 674.0]
[0.0, 0.0, 900.0, 675.0]
[48.0, 0.0, 949.0, 676.0]
[32.0, 0.0, 934.0, 676.0]
[32.0, 0.0, 935.0, 677.0]
[48.0, 0.0, 952.0, 678.0]
[64.0, 0.0, 969.0, 679.0]
[48.0, 0.0, 954.0, 680.0]
[80.0, 0.0, 987.0, 680.0]
[32.0, 0.0, 940.0, 681.0]
[48.0, 0.0, 957.0, 682.0]
[48.0, 0.0, 958.0, 682.0]
[32.0, 0.0, 943.0, 683.0]
