[64.0, 192.0, 781.0, 730.0]
[128.0, 224.0, 846.0, 762.0]
[128.0, 192.0, 847.0, 731.0]
[112.0, 144.0, 832.0, 684.0]
[160.0, 128.0, 881.0, 669.0]
[64.0, 176.0, 786.0, 718.0]
[192.0, 176.0, 915.0, 718.0]
[256.0, 176.0, 980.0, 719.0]
[144.0, 144.0, 869.0, 688.0]
[208.0, 176.0, 934.0, 720.0]
[144.0, 160.0, 871.0, 705.0]
[80.0, 208.0, 808.0, 754.0]
[160.0, 192.0, 889.0, 739.0]
[240.0, 160.0, 970.0, 708.0]
[176.0, 144.0, 907.0, 692.0]
[160.0, 176.0, 892.0, 725.0]
[128.0, 96.0, 861.0, 646.0]
[208.0, 176.0, 942.0, 726.0]
[144.0, 160.0, 879.0, 711.0]
[64.0, 128.0, 800.0, 680.0]
[80.0, 144.0, 817.0, 697.0]
[64.0, 160.0, 802.0, 714.0]
[48.0, 160.0, 787.0, 714.0]
[208.0, 160.0, 948.0, 715.0]
[128.0, 112.0, 869.0, 668.0]
[176.0, 208.0, 918.0, 764.0]
[128.0, 128.0, 871.0, 685.0]
[128.0, 160.0, 872.0, 718.0]
[144.0, 176.0, 889.0, 735.0]
[176.0, 112.0, 922.0, 672.0]
[96.0, 112.0, 843.0, 672.0]
[128.0, 80.0, 876.0, 641.0]
[112.0, 128.0, 861.0, 690.0]
[80.0, 128.0, 830.0, 690.0]
[48.0, 176.0, 799.0, 739.0]
[112.0, 160.0, 864.0, 724.0]
[128.0, 80.0, 881.0, 645.0]
[112.0, 176.0, 866.0, 742.0]
[224.0, 144.0, 979.0, 710.0]
[64.0, 144.0, 820.0, 711.0]
[16.0, 160.0, 773.0, 728.0]
[128.0, 192.0, 886.0, 760.0]
[64.0, 176.0, 823.0, 745.0]
[64.0, 112.0, 824.0, 682.0]
[160.0, 160.0, 921.0, 731.0]
[208.0, 192.0, 970.0, 764.0]
[256.0, 160.0, 1019.0, 732.0]
[80.0, 112.0, 844.0, 685.0]
[96.0, 112.0, 861.0, 686.0]
[96.0, 176.0, 862.0, 750.0]
[208.0, 128.0, 975.0, 703.0]
[48.0, 176.0, 816.0, 752.0]
[240.0, 144.0, 1009.0, 721.0]
[192.0, 176.0, 962.0, 754.0]
[32.0, 176.0, 803.0, 754.0]
[48.0, 112.0, 820.0, 691.0]
[96.0, 144.0, 869.0, 724.0]
[144.0, 112.0, 918.0, 692.0]
[112.0, 96.0, 887.0, 677.0]
[64.0, 128.0, 840.0, 710.0]
[128.0, 112.0, 905.0, 695.0]
[128.0, 112.0, 906.0, 696.0]
[128.0, 112.0, 907.0, 696.0]
[48.0, 160.0, 828.0, 745.0]
[80.0, 160.0, 861.0, 746.0]
[144.0, 160.0, 926.0, 746.0]
[192.0, 128.0, 975.0, 715.0]
[176.0, 112.0, 960.0, 700.0]
[176.0, 144.0, 961.0, 733.0]
[128.0, 112.0, 914.0, 702.0]
[144.0, 96.0, 931.0, 686.0]
[48.0, 144.0, 836.0, 735.0]
[0.0, 144.0, 789.0, 736.0]
[32.0, 160.0, 822.0, 752.0]
[128.0, 112.0, 919.0, 705.0]
[160.0, 160.0, 952.0, 754.0]
[64.0, 144.0, 857.0, 739.0]
[80.0, 144.0, 874.0, 740.0]
[64.0, 160.0, 859.0, 756.0]
[0.0, 144.0, 796.0, 741.0]
[112.0, 64.0, 909.0, 662.0]
[48.0, 144.0, 846.0, 742.0]
[0.0, 160.0, 799.0, 759.0]
[112.0, 96.0, 912.0, 696.0]
[96.0, 144.0, 897.0, 745.0]
[80.0, 80.0, 882.0, 682.0]
[64.0, 144.0, 867.0, 746.0]
[144.0, 80.0, 948.0, 683.0]
[64.0, 96.0, 869.0, 700.0]
[112.0, 80.0, 918.0, 684.0]
[112.0, 112.0, 919.0, 717.0]
[112.0, 96.0, 920.0, 702.0]
[208.0, 112.0, 1017.0, 719.0]
[208.0, 144.0, 1018.0, 752.0]
[96.0, 80.0, 907.0, 688.0]
[16.0, 144.0, 828.0, 753.0]
[112.0, 80.0, 925.0, 690.0]
[128.0, 128.0, 942.0, 738.0]
[96.0, 112.0, 911.0, 723.0]
[96.0, 96.0, 912.0, 708.0]
[48.0, 112.0, 865.0, 725.0]
[96.0, 64.0, 914.0, 678.0]
[0.0, 128.0, 819.0, 742.0]
[96.0, 144.0, 916.0, 759.0]
[144.0, 96.0, 965.0, 712.0]
[48.0, 80.0, 870.0, 696.0]
[160.0, 112.0, 983.0, 729.0]
[64.0, 96.0, 888.0, 714.0]
[48.0, 112.0, 873.0, 731.0]
[64.0, 112.0, 890.0, 732.0]
[128.0, 64.0, 955.0, 684.0]
[144.0, 144.0, 972.0, 765.0]
[80.0, 64.0, 909.0, 686.0]
[32.0, 128.0, 862.0, 750.0]
[96.0, 112.0, 927.0, 735.0]
[192.0, 128.0, 1024.0, 752.0]
[144.0, 64.0, 977.0, 689.0]
[32.0, 112.0, 866.0, 738.0]
[160.0, 96.0, 995.0, 722.0]
[0.0, 128.0, 836.0, 755.0]
[32.0, 128.0, 869.0, 756.0]
[128.0, 112.0, 966.0, 740.0]
[144.0, 64.0, 983.0, 693.0]
[80.0, 64.0, 920.0, 694.0]
[112.0, 112.0, 953.0, 743.0]
[96.0, 80.0, 938.0, 712.0]
[16.0, 80.0, 859.0, 712.0]
[80.0, 64.0, 924.0, 697.0]
[144.0, 128.0, 989.0, 762.0]
[144.0, 96.0, 990.0, 730.0]
[96.0, 80.0, 943.0, 715.0]
[48.0, 96.0, 896.0, 732.0]
[16.0, 96.0, 865.0, 733.0]
[16.0, 96.0, 866.0, 734.0]
[96.0, 128.0, 947.0, 766.0]
[64.0, 128.0, 916.0, 767.0]
[96.0, 96.0, 949.0, 736.0]
[80.0, 80.0, 934.0, 720.0]
[96.0, 96.0, 951.0, 737.0]
[0.0, 96.0, 856.0, 738.0]
[160.0, 96.0, 1017.0, 739.0]
[32.0, 112.0, 890.0, 756.0]
[160.0, 96.0, 1019.0, 740.0]
[32.0, 80.0, 892.0, 725.0]
[0.0, 112.0, 861.0, 758.0]
[160.0, 96.0, 1022.0, 742.0]
[48.0, 96.0, 911.0, 743.0]
[160.0, 112.0, 1024.0, 760.0]
[80.0, 112.0, 945.0, 761.0]
[112.0, 112.0, 978.0, 762.0]
[96.0, 96.0, 963.0, 746.0]
[144.0, 96.0, 1012.0, 747.0]
[48.0, 64.0, 917.0, 716.0]
[128.0, 96.0, 998.0, 748.0]
[112.0, 64.0, 983.0, 717.0]
[48.0, 96.0, 920.0, 750.0]
[48.0, 80.0, 921.0, 735.0]
[112.0, 64.0, 986.0, 720.0]
[128.0, 64.0, 1003.0, 720.0]
[32.0, 80.0, 908.0, 737.0]
[96.0, 80.0, 973.0, 738.0]
[64.0, 80.0, 942.0, 738.0]
[48.0, 80.0, 927.0, 739.0]
[16.0, 64.0, 896.0, 724.0]
[80.0, 96.0, 961.0, 757.0]
[96.0, 96.0, 978.0, 758.0]
[16.0, 80.0, 899.0, 742.0]
[64.0, 80.0, 948.0, 743.0]
[64.0, 96.0, 949.0, 760.0]
[128.0, 64.0, 1014.0, 728.0]
[112.0, 64.0, 999.0, 729.0]
[48.0, 64.0, 936.0, 730.0]
[128.0, 96.0, 1017.0, 763.0]
[128.0, 48.0, 1018.0, 716.0]
[80.0, 80.0, 971.0, 748.0]
[32.0, 64.0, 924.0, 733.0]
[80.0, 80.0, 973.0, 750.0]
[112.0, 80.0, 1006.0, 750.0]
[64.0, 96.0, 959.0, 767.0]
[112.0, 64.0, 1008.0, 736.0]
[64.0, 64.0, 961.0, 737.0]
[80.0, 48.0, 978.0, 722.0]
[16.0, 80.0, 915.0, 754.0]
[112.0, 64.0, 1012.0, 739.0]
[32.0, 80.0, 933.0, 756.0]
[80.0, 80.0, 982.0, 756.0]
[0.0, 64.0, 903.0, 741.0]
[32.0, 64.0, 936.0, 742.0]
[48.0, 64.0, 953.0, 743.0]
[16.0, 64.0, 922.0, 744.0]
[64.0, 64.0, 971.0, 744.0]
[80.0, 80.0, 988.0, 761.0]
[16.0, 80.0, 925.0, 762.0]
[0.0, 48.0, 910.0, 730.0]
[0.0, 48.0, 911.0, 731.0]
[0.0, 64.0, 912.0, 748.0]
[0.0, 64.0, 913.0, 749.0]
[96.0, 48.0, 1010.0, 734.0]
[80.0, 48.0, 995.0, 734.0]
[48.0, 48.0, 964.0, 735.0]
[80.0, 80.0, 997.0, 768.0]
[0.0, 64.0, 918.0, 752.0]
