[176.0, 112.0, 893.0, 650.0]
[288.0, 48.0, 1006.0, 586.0]
[272.0, 128.0, 991.0, 667.0]
[304.0, 112.0, 1024.0, 652.0]
[256.0, 48.0, 977.0, 589.0]
[256.0, 128.0, 978.0, 670.0]
[208.0, 32.0, 931.0, 574.0]
[224.0, 16.0, 948.0, 559.0]
[256.0, 80.0, 981.0, 624.0]
[256.0, 80.0, 982.0, 624.0]
[176.0, 128.0, 903.0, 673.0]
[272.0, 48.0, 1000.0, 594.0]
[224.0, 32.0, 953.0, 579.0]
[176.0, 128.0, 906.0, 676.0]
[160.0, 112.0, 891.0, 660.0]
[160.0, 80.0, 892.0, 629.0]
[256.0, 0.0, 989.0, 550.0]
[176.0, 80.0, 910.0, 630.0]
[224.0, 48.0, 959.0, 599.0]
[224.0, 80.0, 960.0, 632.0]
[272.0, 80.0, 1009.0, 633.0]
[240.0, 0.0, 978.0, 554.0]
[224.0, 128.0, 963.0, 682.0]
[224.0, 64.0, 964.0, 619.0]
[256.0, 32.0, 997.0, 588.0]
[160.0, 80.0, 902.0, 636.0]
[208.0, 0.0, 951.0, 557.0]
[240.0, 112.0, 984.0, 670.0]
[176.0, 16.0, 921.0, 575.0]
[144.0, 64.0, 890.0, 624.0]
[192.0, 16.0, 939.0, 576.0]
[240.0, 96.0, 988.0, 657.0]
[176.0, 16.0, 925.0, 578.0]
[160.0, 16.0, 910.0, 578.0]
[224.0, 48.0, 975.0, 611.0]
[240.0, 80.0, 992.0, 644.0]
[192.0, 96.0, 945.0, 661.0]
[128.0, 80.0, 882.0, 646.0]
[208.0, 96.0, 963.0, 662.0]
[176.0, 112.0, 932.0, 679.0]
[144.0, 96.0, 901.0, 664.0]
[256.0, 48.0, 1014.0, 616.0]
[160.0, 96.0, 919.0, 665.0]
[176.0, 48.0, 936.0, 618.0]
[224.0, 0.0, 985.0, 571.0]
[144.0, 80.0, 906.0, 652.0]
[240.0, 64.0, 1003.0, 636.0]
[144.0, 16.0, 908.0, 589.0]
[128.0, 16.0, 893.0, 590.0]
[112.0, 80.0, 878.0, 654.0]
[192.0, 0.0, 959.0, 575.0]
[128.0, 80.0, 896.0, 656.0]
[160.0, 64.0, 929.0, 641.0]
[160.0, 0.0, 930.0, 578.0]
[208.0, 80.0, 979.0, 658.0]
[240.0, 80.0, 1012.0, 659.0]
[144.0, 0.0, 917.0, 580.0]
[176.0, 0.0, 950.0, 580.0]
[192.0, 32.0, 967.0, 613.0]
[192.0, 48.0, 968.0, 630.0]
[224.0, 48.0, 1001.0, 631.0]
[192.0, 0.0, 970.0, 584.0]
[96.0, 32.0, 875.0, 616.0]
[176.0, 32.0, 956.0, 617.0]
[192.0, 0.0, 973.0, 586.0]
[128.0, 16.0, 910.0, 602.0]
[160.0, 48.0, 943.0, 635.0]
[192.0, 0.0, 976.0, 588.0]
[160.0, 16.0, 945.0, 605.0]
[128.0, 0.0, 914.0, 590.0]
[224.0, 16.0, 1011.0, 606.0]
[112.0, 80.0, 900.0, 671.0]
[160.0, 16.0, 949.0, 608.0]
[176.0, 32.0, 966.0, 624.0]
[224.0, 16.0, 1015.0, 609.0]
[128.0, 80.0, 920.0, 674.0]
[128.0, 80.0, 921.0, 675.0]
[128.0, 64.0, 922.0, 660.0]
[208.0, 32.0, 1003.0, 628.0]
[224.0, 0.0, 1020.0, 597.0]
[176.0, 64.0, 973.0, 662.0]
[128.0, 0.0, 926.0, 598.0]
[144.0, 32.0, 943.0, 631.0]
[176.0, 16.0, 976.0, 616.0]
[192.0, 48.0, 993.0, 649.0]
[144.0, 80.0, 946.0, 682.0]
[112.0, 16.0, 915.0, 618.0]
[128.0, 48.0, 932.0, 651.0]
[144.0, 16.0, 949.0, 620.0]
[192.0, 32.0, 998.0, 636.0]
[208.0, 64.0, 1015.0, 669.0]
[112.0, 48.0, 920.0, 654.0]
[64.0, 32.0, 873.0, 639.0]
[208.0, 64.0, 1018.0, 672.0]
[192.0, 0.0, 1003.0, 608.0]
[96.0, 0.0, 908.0, 609.0]
[176.0, 0.0, 989.0, 610.0]
[80.0, 16.0, 894.0, 626.0]
[112.0, 32.0, 927.0, 643.0]
[128.0, 32.0, 944.0, 644.0]
[176.0, 32.0, 993.0, 645.0]
[144.0, 16.0, 962.0, 630.0]
[144.0, 16.0, 963.0, 630.0]
[144.0, 16.0, 964.0, 631.0]
[80.0, 64.0, 901.0, 680.0]
[96.0, 16.0, 918.0, 632.0]
[144.0, 0.0, 967.0, 617.0]
[144.0, 64.0, 968.0, 682.0]
[112.0, 16.0, 937.0, 635.0]
[176.0, 64.0, 1002.0, 684.0]
[176.0, 0.0, 1003.0, 620.0]
[192.0, 64.0, 1020.0, 685.0]
[96.0, 48.0, 925.0, 670.0]
[112.0, 32.0, 942.0, 654.0]
[80.0, 16.0, 911.0, 639.0]
[144.0, 32.0, 976.0, 656.0]
[80.0, 32.0, 913.0, 657.0]
[128.0, 16.0, 962.0, 642.0]
[96.0, 0.0, 931.0, 626.0]
[64.0, 16.0, 900.0, 643.0]
[176.0, 32.0, 1013.0, 660.0]
[64.0, 32.0, 902.0, 660.0]
[128.0, 16.0, 967.0, 645.0]
[160.0, 48.0, 1000.0, 678.0]
[160.0, 16.0, 1001.0, 647.0]
[64.0, 32.0, 906.0, 664.0]
[80.0, 0.0, 923.0, 632.0]
[128.0, 0.0, 972.0, 633.0]
[176.0, 32.0, 1021.0, 666.0]
[80.0, 32.0, 926.0, 666.0]
[176.0, 16.0, 1023.0, 651.0]
[128.0, 48.0, 976.0, 684.0]
[128.0, 32.0, 977.0, 669.0]
[48.0, 32.0, 898.0, 670.0]
[80.0, 32.0, 931.0, 670.0]
[144.0, 0.0, 996.0, 639.0]
[96.0, 0.0, 949.0, 640.0]
[48.0, 32.0, 902.0, 672.0]
[64.0, 0.0, 919.0, 641.0]
[96.0, 16.0, 952.0, 658.0]
[128.0, 0.0, 985.0, 643.0]
[48.0, 0.0, 906.0, 644.0]
[64.0, 0.0, 923.0, 644.0]
[96.0, 0.0, 956.0, 645.0]
[128.0, 16.0, 989.0, 662.0]
[160.0, 32.0, 1022.0, 678.0]
[144.0, 16.0, 1007.0, 663.0]
[160.0, 16.0, 1024.0, 664.0]
[128.0, 0.0, 993.0, 649.0]
[112.0, 32.0, 978.0, 682.0]
[96.0, 16.0, 963.0, 666.0]
[144.0, 0.0, 1012.0, 651.0]
[48.0, 0.0, 917.0, 652.0]
[64.0, 32.0, 934.0, 684.0]
[64.0, 32.0, 935.0, 685.0]
[144.0, 0.0, 1016.0, 654.0]
[144.0, 0.0, 1017.0, 655.0]
[80.0, 0.0, 954.0, 656.0]
[48.0, 16.0, 923.0, 672.0]
[112.0, 16.0, 988.0, 673.0]
[96.0, 0.0, 973.0, 658.0]
[96.0, 16.0, 974.0, 674.0]
[32.0, 0.0, 911.0, 659.0]
[32.0, 0.0, 912.0, 660.0]
[48.0, 16.0, 929.0, 677.0]
[64.0, 0.0, 946.0, 662.0]
[128.0, 16.0, 1011.0, 678.0]
[48.0, 16.0, 932.0, 679.0]
[112.0, 0.0, 997.0, 664.0]
[112.0, 0.0, 998.0, 664.0]
[64.0, 16.0, 951.0, 681.0]
[80.0, 0.0, 968.0, 666.0]
[80.0, 16.0, 969.0, 683.0]
[64.0, 16.0, 954.0, 684.0]
[32.0, 0.0, 923.0, 668.0]
[48.0, 16.0, 940.0, 685.0]
[48.0, 0.0, 941.0, 670.0]
[112.0, 0.0, 1006.0, 670.0]
[128.0, 0.0, 1023.0, 671.0]
[96.0, 0.0, 992.0, 672.0]
[96.0, 0.0, 993.0, 673.0]
[80.0, 0.0, 978.0, 674.0]
[96.0, 0.0, 995.0, 674.0]
[80.0, 0.0, 980.0, 675.0]
[64.0, 0.0, 965.0, 676.0]
[96.0, 0.0, 998.0, 676.0]
[64.0, 0.0, 967.0, 677.0]
[112.0, 0.0, 1016.0, 678.0]
[32.0, 0.0, 937.0, 679.0]
[32.0, 0.0, 938.0, 680.0]
[64.0, 0.0, 971.0, 680.0]
[80.0, 0.0, 988.0, 681.0]
[64.0, 0.0, 973.0, 682.0]
[112.0, 0.0, 1022.0, 682.0]
[48.0, 0.0, 959.0, 683.0]
[96.0, 0.0, 1008.0, 684.0]
[32.0, 0.0, 945.0, 685.0]
