[112.0, 0.0, 829.0, 538.0]
[224.0, 0.0, 942.0, 538.0]
[208.0, 64.0, 927.0, 603.0]
[176.0, 0.0, 896.0, 540.0]
[160.0, 0.0, 881.0, 541.0]
[288.0, 0.0, 1010.0, 542.0]
[160.0, 64.0, 883.0, 606.0]
[192.0, 64.0, 916.0, 607.0]
[256.0, 0.0, 981.0, 544.0]
[224.0, 32.0, 950.0, 576.0]
[272.0, 32.0, 999.0, 577.0]
[224.0, 0.0, 952.0, 546.0]
[96.0, 0.0, 825.0, 547.0]
[96.0, 32.0, 826.0, 580.0]
[256.0, 48.0, 987.0, 596.0]
[224.0, 16.0, 956.0, 565.0]
[160.0, 32.0, 893.0, 582.0]
[160.0, 32.0, 894.0, 582.0]
[112.0, 32.0, 847.0, 583.0]
[272.0, 0.0, 1008.0, 552.0]
[272.0, 48.0, 1009.0, 601.0]
[160.0, 48.0, 898.0, 602.0]
[192.0, 0.0, 931.0, 554.0]
[144.0, 16.0, 884.0, 571.0]
[176.0, 16.0, 917.0, 572.0]
[128.0, 64.0, 870.0, 620.0]
[240.0, 16.0, 983.0, 573.0]
[96.0, 0.0, 840.0, 558.0]
[192.0, 32.0, 937.0, 591.0]
[240.0, 0.0, 986.0, 560.0]
[192.0, 16.0, 939.0, 576.0]
[208.0, 16.0, 956.0, 577.0]
[240.0, 0.0, 989.0, 562.0]
[240.0, 16.0, 990.0, 578.0]
[208.0, 16.0, 959.0, 579.0]
[112.0, 0.0, 864.0, 564.0]
[112.0, 0.0, 865.0, 565.0]
[224.0, 48.0, 978.0, 614.0]
[256.0, 48.0, 1011.0, 614.0]
[208.0, 0.0, 964.0, 567.0]
[256.0, 16.0, 1013.0, 584.0]
[96.0, 0.0, 854.0, 568.0]
[96.0, 32.0, 855.0, 601.0]
[112.0, 48.0, 872.0, 618.0]
[128.0, 32.0, 889.0, 603.0]
[224.0, 32.0, 986.0, 604.0]
[192.0, 48.0, 955.0, 620.0]
[240.0, 16.0, 1004.0, 589.0]
[80.0, 16.0, 845.0, 590.0]
[192.0, 32.0, 958.0, 606.0]
[96.0, 32.0, 863.0, 607.0]
[176.0, 16.0, 944.0, 592.0]
[144.0, 16.0, 913.0, 593.0]
[176.0, 0.0, 946.0, 578.0]
[96.0, 32.0, 867.0, 610.0]
[240.0, 48.0, 1012.0, 627.0]
[144.0, 48.0, 917.0, 628.0]
[112.0, 0.0, 886.0, 580.0]
[224.0, 0.0, 999.0, 581.0]
[112.0, 0.0, 888.0, 582.0]
[176.0, 64.0, 953.0, 647.0]
[144.0, 16.0, 922.0, 600.0]
[144.0, 48.0, 923.0, 632.0]
[144.0, 32.0, 924.0, 617.0]
[160.0, 32.0, 941.0, 618.0]
[192.0, 64.0, 974.0, 650.0]
[176.0, 16.0, 959.0, 603.0]
[96.0, 16.0, 880.0, 604.0]
[192.0, 0.0, 977.0, 589.0]
[192.0, 32.0, 978.0, 622.0]
[160.0, 16.0, 947.0, 606.0]
[144.0, 64.0, 932.0, 655.0]
[160.0, 64.0, 949.0, 656.0]
[96.0, 32.0, 886.0, 624.0]
[176.0, 32.0, 967.0, 625.0]
[96.0, 32.0, 888.0, 626.0]
[208.0, 16.0, 1001.0, 611.0]
[144.0, 64.0, 938.0, 660.0]
[224.0, 48.0, 1019.0, 644.0]
[208.0, 0.0, 1004.0, 597.0]
[96.0, 48.0, 893.0, 646.0]
[176.0, 48.0, 974.0, 646.0]
[192.0, 48.0, 991.0, 647.0]
[192.0, 32.0, 992.0, 632.0]
[208.0, 48.0, 1009.0, 649.0]
[96.0, 0.0, 898.0, 602.0]
[208.0, 48.0, 1011.0, 650.0]
[128.0, 16.0, 932.0, 619.0]
[112.0, 0.0, 917.0, 604.0]
[208.0, 48.0, 1014.0, 652.0]
[160.0, 0.0, 967.0, 605.0]
[160.0, 32.0, 968.0, 638.0]
[176.0, 32.0, 985.0, 639.0]
[128.0, 0.0, 938.0, 608.0]
[208.0, 32.0, 1019.0, 640.0]
[96.0, 16.0, 908.0, 625.0]
[176.0, 0.0, 989.0, 610.0]
[144.0, 64.0, 958.0, 674.0]
[192.0, 48.0, 1007.0, 659.0]
[176.0, 16.0, 992.0, 628.0]
[176.0, 16.0, 993.0, 629.0]
[96.0, 32.0, 914.0, 646.0]
[128.0, 16.0, 947.0, 630.0]
[160.0, 32.0, 980.0, 647.0]
[96.0, 16.0, 917.0, 632.0]
[112.0, 16.0, 934.0, 632.0]
[96.0, 48.0, 919.0, 665.0]
[96.0, 16.0, 920.0, 634.0]
[192.0, 32.0, 1017.0, 651.0]
[112.0, 16.0, 938.0, 636.0]
[80.0, 0.0, 907.0, 620.0]
[176.0, 48.0, 1004.0, 669.0]
[80.0, 0.0, 909.0, 622.0]
[176.0, 0.0, 1006.0, 622.0]
[176.0, 16.0, 1007.0, 639.0]
[144.0, 48.0, 976.0, 672.0]
[160.0, 0.0, 993.0, 625.0]
[176.0, 48.0, 1010.0, 674.0]
[96.0, 0.0, 931.0, 626.0]
[80.0, 32.0, 916.0, 659.0]
[128.0, 32.0, 965.0, 660.0]
[144.0, 64.0, 982.0, 692.0]
[160.0, 48.0, 999.0, 677.0]
[128.0, 64.0, 968.0, 694.0]
[176.0, 0.0, 1017.0, 631.0]
[112.0, 0.0, 954.0, 632.0]
[176.0, 32.0, 1019.0, 664.0]
[112.0, 16.0, 956.0, 649.0]
[176.0, 16.0, 1021.0, 650.0]
[176.0, 0.0, 1022.0, 634.0]
[160.0, 32.0, 1007.0, 667.0]
[128.0, 32.0, 976.0, 668.0]
[144.0, 0.0, 993.0, 637.0]
[80.0, 0.0, 930.0, 638.0]
[80.0, 32.0, 931.0, 670.0]
[128.0, 48.0, 980.0, 687.0]
[96.0, 16.0, 949.0, 656.0]
[144.0, 16.0, 998.0, 656.0]
[112.0, 32.0, 967.0, 673.0]
[96.0, 16.0, 952.0, 658.0]
[112.0, 16.0, 969.0, 659.0]
[144.0, 48.0, 1002.0, 692.0]
[160.0, 16.0, 1019.0, 660.0]
[128.0, 48.0, 988.0, 693.0]
[80.0, 16.0, 941.0, 662.0]
[112.0, 48.0, 974.0, 694.0]
[128.0, 0.0, 991.0, 647.0]
[80.0, 32.0, 944.0, 680.0]
[144.0, 16.0, 1009.0, 665.0]
[128.0, 16.0, 994.0, 666.0]
[128.0, 32.0, 995.0, 682.0]
[112.0, 16.0, 980.0, 667.0]
[96.0, 16.0, 965.0, 668.0]
[144.0, 0.0, 1014.0, 652.0]
[96.0, 32.0, 967.0, 685.0]
[96.0, 16.0, 968.0, 670.0]
[96.0, 0.0, 969.0, 655.0]
[128.0, 0.0, 1002.0, 656.0]
[128.0, 0.0, 1003.0, 656.0]
[112.0, 16.0, 988.0, 673.0]
[112.0, 32.0, 989.0, 690.0]
[144.0, 32.0, 1022.0, 690.0]
[128.0, 32.0, 1007.0, 691.0]
[112.0, 48.0, 992.0, 708.0]
[128.0, 16.0, 1009.0, 677.0]
[112.0, 32.0, 994.0, 694.0]
[128.0, 0.0, 1011.0, 662.0]
[128.0, 16.0, 1012.0, 679.0]
[128.0, 16.0, 1013.0, 680.0]
[96.0, 16.0, 982.0, 680.0]
[96.0, 0.0, 983.0, 665.0]
[128.0, 32.0, 1016.0, 698.0]
[96.0, 0.0, 985.0, 667.0]
[112.0, 0.0, 1002.0, 668.0]
[80.0, 0.0, 971.0, 668.0]
[128.0, 0.0, 1020.0, 669.0]
[96.0, 16.0, 989.0, 686.0]
[128.0, 16.0, 1022.0, 686.0]
[96.0, 0.0, 991.0, 671.0]
[80.0, 32.0, 976.0, 704.0]
[80.0, 0.0, 977.0, 673.0]
[96.0, 32.0, 994.0, 706.0]
[96.0, 0.0, 995.0, 674.0]
[96.0, 0.0, 996.0, 675.0]
[96.0, 0.0, 997.0, 676.0]
[96.0, 0.0, 998.0, 676.0]
[112.0, 32.0, 1015.0, 709.0]
[96.0, 32.0, 1000.0, 710.0]
[80.0, 32.0, 985.0, 711.0]
[80.0, 32.0, 986.0, 712.0]
[80.0, 32.0, 987.0, 712.0]
[80.0, 16.0, 988.0, 697.0]
[112.0, 32.0, 1021.0, 714.0]
[96.0, 0.0, 1006.0, 682.0]
[112.0, 32.0, 1023.0, 715.0]
[96.0, 0.0, 1008.0, 684.0]
