[192.0, 64.0, 730.0, 781.0]
[304.0, 16.0, 842.0, 734.0]
[320.0, 96.0, 859.0, 815.0]
[304.0, 128.0, 844.0, 848.0]
[208.0, 112.0, 749.0, 833.0]
[208.0, 16.0, 750.0, 738.0]
[256.0, 16.0, 798.0, 739.0]
[192.0, 128.0, 735.0, 852.0]
[240.0, 96.0, 784.0, 821.0]
[192.0, 112.0, 736.0, 838.0]
[160.0, 80.0, 705.0, 807.0]
[304.0, 64.0, 850.0, 792.0]
[192.0, 128.0, 739.0, 857.0]
[272.0, 32.0, 820.0, 762.0]
[304.0, 80.0, 852.0, 811.0]
[176.0, 48.0, 725.0, 780.0]
[192.0, 32.0, 742.0, 765.0]
[240.0, 80.0, 790.0, 814.0]
[272.0, 32.0, 823.0, 767.0]
[192.0, 0.0, 744.0, 736.0]
[240.0, 64.0, 793.0, 801.0]
[256.0, 128.0, 810.0, 866.0]
[240.0, 112.0, 794.0, 851.0]
[304.0, 32.0, 859.0, 772.0]
[320.0, 32.0, 876.0, 773.0]
[160.0, 48.0, 716.0, 790.0]
[144.0, 64.0, 701.0, 807.0]
[208.0, 48.0, 766.0, 792.0]
[176.0, 64.0, 735.0, 809.0]
[272.0, 64.0, 832.0, 810.0]
[208.0, 96.0, 768.0, 843.0]
[240.0, 32.0, 801.0, 780.0]
[176.0, 64.0, 738.0, 813.0]
[272.0, 64.0, 834.0, 814.0]
[224.0, 16.0, 787.0, 767.0]
[224.0, 80.0, 788.0, 832.0]
[176.0, 96.0, 741.0, 849.0]
[240.0, 112.0, 806.0, 866.0]
[224.0, 32.0, 790.0, 787.0]
[240.0, 16.0, 807.0, 772.0]
[256.0, 48.0, 824.0, 805.0]
[256.0, 128.0, 824.0, 886.0]
[240.0, 112.0, 809.0, 871.0]
[224.0, 96.0, 794.0, 856.0]
[256.0, 0.0, 827.0, 761.0]
[208.0, 0.0, 780.0, 762.0]
[192.0, 32.0, 764.0, 795.0]
[192.0, 16.0, 765.0, 780.0]
[176.0, 112.0, 750.0, 877.0]
[224.0, 64.0, 798.0, 830.0]
[176.0, 64.0, 751.0, 831.0]
[128.0, 48.0, 704.0, 816.0]
[208.0, 80.0, 785.0, 849.0]
[176.0, 32.0, 754.0, 802.0]
[240.0, 0.0, 818.0, 771.0]
[288.0, 32.0, 867.0, 804.0]
[256.0, 128.0, 836.0, 901.0]
[160.0, 16.0, 740.0, 790.0]
[208.0, 128.0, 789.0, 903.0]
[192.0, 48.0, 774.0, 824.0]
[288.0, 0.0, 871.0, 777.0]
[256.0, 48.0, 840.0, 826.0]
[144.0, 32.0, 728.0, 811.0]
[176.0, 112.0, 761.0, 892.0]
[256.0, 16.0, 842.0, 797.0]
[240.0, 96.0, 826.0, 878.0]
[192.0, 48.0, 779.0, 831.0]
[176.0, 48.0, 764.0, 832.0]
[192.0, 112.0, 781.0, 897.0]
[144.0, 32.0, 734.0, 818.0]
[192.0, 0.0, 782.0, 787.0]
[256.0, 80.0, 847.0, 868.0]
[224.0, 48.0, 816.0, 837.0]
[208.0, 16.0, 800.0, 806.0]
[128.0, 32.0, 721.0, 823.0]
[144.0, 80.0, 738.0, 872.0]
[176.0, 32.0, 771.0, 825.0]
[256.0, 0.0, 852.0, 794.0]
[144.0, 16.0, 740.0, 811.0]
[144.0, 32.0, 741.0, 828.0]
[224.0, 0.0, 822.0, 797.0]
[240.0, 128.0, 838.0, 926.0]
[160.0, 48.0, 759.0, 847.0]
[176.0, 64.0, 776.0, 864.0]
[224.0, 80.0, 825.0, 881.0]
[224.0, 0.0, 826.0, 802.0]
[208.0, 48.0, 810.0, 851.0]
[256.0, 48.0, 859.0, 852.0]
[176.0, 80.0, 780.0, 885.0]
[240.0, 48.0, 844.0, 854.0]
[224.0, 112.0, 829.0, 919.0]
[144.0, 16.0, 750.0, 824.0]
[176.0, 96.0, 783.0, 905.0]
[272.0, 64.0, 880.0, 874.0]
[256.0, 64.0, 864.0, 875.0]
[272.0, 16.0, 881.0, 828.0]
[112.0, 32.0, 722.0, 845.0]
[192.0, 80.0, 802.0, 894.0]
[160.0, 48.0, 771.0, 863.0]
[192.0, 80.0, 804.0, 896.0]
[192.0, 48.0, 805.0, 865.0]
[192.0, 112.0, 806.0, 930.0]
[160.0, 96.0, 774.0, 915.0]
[192.0, 32.0, 807.0, 852.0]
[176.0, 32.0, 792.0, 853.0]
[224.0, 96.0, 840.0, 918.0]
[224.0, 16.0, 841.0, 839.0]
[208.0, 96.0, 826.0, 920.0]
[176.0, 80.0, 795.0, 905.0]
[192.0, 80.0, 812.0, 906.0]
[208.0, 32.0, 828.0, 859.0]
[144.0, 16.0, 765.0, 844.0]
[208.0, 96.0, 830.0, 925.0]
[176.0, 0.0, 798.0, 830.0]
[208.0, 128.0, 831.0, 959.0]
[240.0, 96.0, 864.0, 928.0]
[128.0, 16.0, 753.0, 849.0]
[160.0, 32.0, 786.0, 866.0]
[192.0, 48.0, 818.0, 883.0]
[144.0, 16.0, 771.0, 852.0]
[192.0, 48.0, 820.0, 885.0]
[176.0, 48.0, 804.0, 886.0]
[192.0, 32.0, 821.0, 871.0]
[144.0, 16.0, 774.0, 856.0]
[128.0, 0.0, 759.0, 841.0]
[128.0, 0.0, 760.0, 842.0]
[192.0, 96.0, 824.0, 939.0]
[144.0, 16.0, 777.0, 860.0]
[144.0, 64.0, 778.0, 909.0]
[160.0, 0.0, 794.0, 846.0]
[208.0, 64.0, 843.0, 911.0]
[176.0, 0.0, 812.0, 848.0]
[128.0, 48.0, 765.0, 897.0]
[192.0, 64.0, 830.0, 914.0]
[192.0, 16.0, 830.0, 867.0]
[192.0, 0.0, 831.0, 852.0]
[240.0, 32.0, 880.0, 885.0]
[176.0, 80.0, 816.0, 934.0]
[176.0, 112.0, 817.0, 967.0]
[192.0, 128.0, 834.0, 984.0]
[176.0, 112.0, 819.0, 969.0]
[176.0, 48.0, 820.0, 906.0]
[160.0, 32.0, 804.0, 891.0]
[144.0, 16.0, 789.0, 876.0]
[224.0, 96.0, 870.0, 957.0]
[192.0, 96.0, 838.0, 958.0]
[160.0, 64.0, 807.0, 927.0]
[192.0, 64.0, 840.0, 928.0]
[128.0, 32.0, 777.0, 897.0]
[224.0, 16.0, 874.0, 882.0]
[160.0, 80.0, 810.0, 947.0]
[128.0, 0.0, 779.0, 868.0]
[144.0, 64.0, 796.0, 933.0]
[208.0, 64.0, 860.0, 934.0]
[160.0, 48.0, 813.0, 919.0]
[144.0, 16.0, 798.0, 888.0]
[208.0, 0.0, 863.0, 873.0]
[144.0, 32.0, 800.0, 906.0]
[224.0, 48.0, 880.0, 923.0]
[192.0, 16.0, 849.0, 892.0]
[176.0, 80.0, 834.0, 957.0]
[144.0, 32.0, 802.0, 910.0]
[160.0, 80.0, 819.0, 959.0]
[160.0, 64.0, 820.0, 944.0]
[160.0, 64.0, 821.0, 945.0]
[192.0, 0.0, 854.0, 882.0]
[176.0, 0.0, 838.0, 883.0]
[112.0, 0.0, 775.0, 884.0]
[144.0, 16.0, 808.0, 901.0]
[160.0, 64.0, 824.0, 950.0]
[144.0, 32.0, 809.0, 919.0]
[144.0, 64.0, 810.0, 952.0]
[112.0, 16.0, 779.0, 905.0]
[144.0, 64.0, 812.0, 954.0]
[192.0, 80.0, 860.0, 971.0]
[192.0, 112.0, 861.0, 1004.0]
[144.0, 48.0, 814.0, 941.0]
[208.0, 32.0, 878.0, 926.0]
[128.0, 48.0, 799.0, 943.0]
[208.0, 64.0, 880.0, 960.0]
[192.0, 32.0, 865.0, 929.0]
[176.0, 0.0, 850.0, 898.0]
[160.0, 96.0, 834.0, 995.0]
[160.0, 96.0, 835.0, 996.0]
[176.0, 32.0, 852.0, 933.0]
[192.0, 0.0, 868.0, 902.0]
[176.0, 96.0, 853.0, 999.0]
[144.0, 32.0, 822.0, 936.0]
[176.0, 48.0, 855.0, 953.0]
[128.0, 0.0, 808.0, 906.0]
[144.0, 64.0, 824.0, 971.0]
[160.0, 0.0, 841.0, 908.0]
[144.0, 0.0, 826.0, 909.0]
[112.0, 16.0, 794.0, 926.0]
[160.0, 96.0, 843.0, 1007.0]
[160.0, 48.0, 844.0, 960.0]
[128.0, 0.0, 813.0, 913.0]
[176.0, 16.0, 862.0, 930.0]
[144.0, 32.0, 830.0, 947.0]
[192.0, 32.0, 879.0, 948.0]
[144.0, 80.0, 832.0, 997.0]
[144.0, 64.0, 832.0, 982.0]
[160.0, 48.0, 849.0, 967.0]
[128.0, 32.0, 818.0, 952.0]
[176.0, 0.0, 867.0, 921.0]
[112.0, 48.0, 804.0, 970.0]
[112.0, 48.0, 804.0, 971.0]
[144.0, 48.0, 837.0, 972.0]
[144.0, 32.0, 838.0, 957.0]
[144.0, 32.0, 838.0, 958.0]
[160.0, 32.0, 855.0, 959.0]
[176.0, 16.0, 872.0, 944.0]
[128.0, 32.0, 825.0, 961.0]
[144.0, 80.0, 842.0, 1010.0]
[112.0, 32.0, 810.0, 963.0]
[112.0, 16.0, 811.0, 948.0]
[176.0, 32.0, 876.0, 965.0]
[144.0, 32.0, 844.0, 966.0]
[144.0, 64.0, 845.0, 999.0]
[128.0, 16.0, 830.0, 952.0]
[160.0, 80.0, 863.0, 1017.0]
[128.0, 0.0, 832.0, 938.0]
[176.0, 48.0, 880.0, 987.0]
[144.0, 64.0, 849.0, 1004.0]
[144.0, 0.0, 850.0, 941.0]
[128.0, 48.0, 834.0, 990.0]
[112.0, 48.0, 819.0, 991.0]
[160.0, 32.0, 868.0, 976.0]
[160.0, 0.0, 869.0, 945.0]
[160.0, 16.0, 870.0, 962.0]
[128.0, 48.0, 838.0, 995.0]
[160.0, 32.0, 871.0, 980.0]
[128.0, 16.0, 840.0, 965.0]
[128.0, 48.0, 840.0, 998.0]
[144.0, 32.0, 857.0, 983.0]
[112.0, 0.0, 826.0, 952.0]
[144.0, 64.0, 859.0, 1017.0]
[112.0, 32.0, 828.0, 986.0]
[144.0, 64.0, 860.0, 1019.0]
[160.0, 32.0, 877.0, 988.0]
[160.0, 48.0, 878.0, 1005.0]
[144.0, 16.0, 862.0, 974.0]
[112.0, 48.0, 831.0, 1007.0]
[160.0, 0.0, 880.0, 960.0]
[144.0, 0.0, 865.0, 961.0]
[144.0, 32.0, 866.0, 994.0]
[112.0, 16.0, 834.0, 979.0]
[144.0, 32.0, 867.0, 996.0]
[144.0, 0.0, 868.0, 965.0]
[112.0, 32.0, 836.0, 998.0]
[128.0, 16.0, 853.0, 983.0]
[112.0, 16.0, 838.0, 984.0]
[144.0, 48.0, 871.0, 1017.0]
[128.0, 16.0, 856.0, 986.0]
[144.0, 0.0, 872.0, 971.0]
[128.0, 0.0, 857.0, 972.0]
[128.0, 32.0, 858.0, 1005.0]
[144.0, 16.0, 874.0, 990.0]
[112.0, 32.0, 843.0, 1007.0]
[112.0, 16.0, 844.0, 992.0]
[128.0, 16.0, 861.0, 993.0]
[144.0, 16.0, 878.0, 994.0]
[128.0, 16.0, 862.0, 995.0]
[144.0, 32.0, 879.0, 1012.0]
[128.0, 0.0, 864.0, 981.0]
[112.0, 16.0, 848.0, 998.0]
