[48.0, 32.0, 815.0, 607.0]
[208.0, 64.0, 976.0, 640.0]
[80.0, 64.0, 849.0, 641.0]
[176.0, 96.0, 946.0, 674.0]
[96.0, 32.0, 867.0, 610.0]
[128.0, 64.0, 900.0, 643.0]
[176.0, 32.0, 949.0, 612.0]
[112.0, 112.0, 886.0, 692.0]
[48.0, 112.0, 823.0, 693.0]
[208.0, 80.0, 984.0, 662.0]
[64.0, 48.0, 841.0, 631.0]
[208.0, 80.0, 986.0, 664.0]
[64.0, 48.0, 843.0, 632.0]
[176.0, 112.0, 956.0, 697.0]
[96.0, 32.0, 877.0, 618.0]
[112.0, 96.0, 894.0, 682.0]
[192.0, 96.0, 975.0, 683.0]
[64.0, 128.0, 848.0, 716.0]
[80.0, 96.0, 865.0, 685.0]
[80.0, 16.0, 866.0, 606.0]
[208.0, 96.0, 995.0, 686.0]
[112.0, 64.0, 900.0, 655.0]
[208.0, 48.0, 997.0, 640.0]
[144.0, 32.0, 934.0, 624.0]
[80.0, 112.0, 871.0, 705.0]
[80.0, 80.0, 872.0, 674.0]
[112.0, 128.0, 905.0, 723.0]
[192.0, 112.0, 986.0, 708.0]
[160.0, 32.0, 955.0, 628.0]
[144.0, 128.0, 940.0, 725.0]
[160.0, 128.0, 957.0, 726.0]
[128.0, 112.0, 926.0, 710.0]
[16.0, 32.0, 815.0, 631.0]
[112.0, 64.0, 912.0, 664.0]
[32.0, 96.0, 833.0, 697.0]
[96.0, 32.0, 898.0, 634.0]
[16.0, 96.0, 819.0, 698.0]
[112.0, 16.0, 916.0, 619.0]
[96.0, 48.0, 901.0, 652.0]
[160.0, 48.0, 966.0, 652.0]
[96.0, 0.0, 903.0, 605.0]
[160.0, 0.0, 968.0, 606.0]
[96.0, 64.0, 905.0, 671.0]
[32.0, 96.0, 842.0, 704.0]
[80.0, 32.0, 891.0, 640.0]
[112.0, 80.0, 924.0, 689.0]
[96.0, 48.0, 909.0, 658.0]
[48.0, 48.0, 862.0, 658.0]
[160.0, 16.0, 975.0, 627.0]
[48.0, 112.0, 864.0, 724.0]
[80.0, 48.0, 897.0, 661.0]
[32.0, 0.0, 850.0, 614.0]
[144.0, 16.0, 963.0, 630.0]
[176.0, 80.0, 996.0, 695.0]
[192.0, 32.0, 1013.0, 648.0]
[112.0, 16.0, 934.0, 632.0]
[48.0, 96.0, 871.0, 713.0]
[112.0, 0.0, 936.0, 618.0]
[192.0, 32.0, 1017.0, 651.0]
[0.0, 64.0, 826.0, 684.0]
[48.0, 32.0, 875.0, 652.0]
[112.0, 0.0, 940.0, 621.0]
[160.0, 64.0, 989.0, 686.0]
[0.0, 16.0, 830.0, 638.0]
[64.0, 64.0, 895.0, 687.0]
[112.0, 80.0, 944.0, 704.0]
[160.0, 0.0, 993.0, 625.0]
[32.0, 0.0, 866.0, 626.0]
[80.0, 64.0, 915.0, 690.0]
[32.0, 64.0, 868.0, 691.0]
[80.0, 64.0, 917.0, 692.0]
[32.0, 0.0, 870.0, 628.0]
[112.0, 0.0, 951.0, 629.0]
[176.0, 32.0, 1016.0, 662.0]
[112.0, 64.0, 953.0, 695.0]
[128.0, 80.0, 970.0, 712.0]
[16.0, 96.0, 859.0, 728.0]
[112.0, 96.0, 956.0, 729.0]
[128.0, 0.0, 973.0, 634.0]
[0.0, 80.0, 846.0, 714.0]
[48.0, 64.0, 895.0, 699.0]
[144.0, 0.0, 992.0, 636.0]
[128.0, 64.0, 977.0, 701.0]
[96.0, 48.0, 946.0, 686.0]
[48.0, 64.0, 899.0, 702.0]
[128.0, 48.0, 980.0, 687.0]
[64.0, 16.0, 917.0, 656.0]
[48.0, 48.0, 902.0, 688.0]
[32.0, 32.0, 887.0, 673.0]
[16.0, 64.0, 872.0, 706.0]
[0.0, 48.0, 857.0, 691.0]
[112.0, 16.0, 970.0, 660.0]
[112.0, 0.0, 971.0, 644.0]
[112.0, 16.0, 972.0, 661.0]
[144.0, 80.0, 1005.0, 726.0]
[96.0, 16.0, 958.0, 662.0]
[16.0, 16.0, 879.0, 663.0]
[112.0, 48.0, 976.0, 696.0]
[144.0, 0.0, 1009.0, 649.0]
[112.0, 0.0, 978.0, 650.0]
[96.0, 16.0, 963.0, 666.0]
[16.0, 32.0, 884.0, 683.0]
[128.0, 64.0, 997.0, 716.0]
[64.0, 32.0, 934.0, 684.0]
[32.0, 16.0, 903.0, 669.0]
[32.0, 0.0, 904.0, 654.0]
[96.0, 64.0, 969.0, 719.0]
[32.0, 0.0, 906.0, 656.0]
[48.0, 32.0, 923.0, 688.0]
[0.0, 48.0, 876.0, 705.0]
[0.0, 64.0, 877.0, 722.0]
[144.0, 32.0, 1022.0, 690.0]
[64.0, 64.0, 943.0, 723.0]
[112.0, 0.0, 992.0, 660.0]
[32.0, 32.0, 913.0, 693.0]
[16.0, 16.0, 898.0, 678.0]
[48.0, 32.0, 931.0, 694.0]
[112.0, 16.0, 996.0, 679.0]
[16.0, 0.0, 901.0, 664.0]
[128.0, 16.0, 1014.0, 680.0]
[128.0, 48.0, 1015.0, 713.0]
[112.0, 0.0, 1000.0, 666.0]
[0.0, 48.0, 889.0, 715.0]
[64.0, 0.0, 954.0, 668.0]
[32.0, 16.0, 923.0, 684.0]
[48.0, 48.0, 940.0, 717.0]
[0.0, 48.0, 893.0, 718.0]
[0.0, 0.0, 894.0, 670.0]
[64.0, 32.0, 959.0, 703.0]
[80.0, 0.0, 976.0, 672.0]
[32.0, 0.0, 929.0, 673.0]
[96.0, 32.0, 994.0, 706.0]
[64.0, 16.0, 963.0, 690.0]
[48.0, 32.0, 948.0, 707.0]
[16.0, 32.0, 917.0, 708.0]
[32.0, 16.0, 934.0, 692.0]
[96.0, 0.0, 999.0, 677.0]
[32.0, 16.0, 936.0, 694.0]
[64.0, 48.0, 969.0, 727.0]
[0.0, 48.0, 906.0, 728.0]
[32.0, 0.0, 939.0, 680.0]
[32.0, 32.0, 940.0, 713.0]
[96.0, 16.0, 1005.0, 698.0]
[80.0, 0.0, 990.0, 682.0]
[112.0, 16.0, 1023.0, 699.0]
[16.0, 32.0, 928.0, 716.0]
[96.0, 0.0, 1009.0, 685.0]
[80.0, 32.0, 994.0, 718.0]
[16.0, 32.0, 931.0, 718.0]
[80.0, 16.0, 996.0, 703.0]
[0.0, 32.0, 917.0, 720.0]
[80.0, 16.0, 998.0, 704.0]
[64.0, 32.0, 983.0, 721.0]
[48.0, 32.0, 968.0, 722.0]
[32.0, 0.0, 953.0, 691.0]
[96.0, 0.0, 1018.0, 692.0]
[0.0, 0.0, 923.0, 692.0]
[32.0, 0.0, 956.0, 693.0]
[96.0, 16.0, 1021.0, 710.0]
[0.0, 32.0, 926.0, 726.0]
[16.0, 32.0, 943.0, 727.0]
[64.0, 32.0, 992.0, 728.0]
[64.0, 0.0, 993.0, 697.0]
[64.0, 0.0, 994.0, 698.0]
[32.0, 16.0, 963.0, 714.0]
[0.0, 32.0, 932.0, 731.0]
[32.0, 16.0, 965.0, 716.0]
[80.0, 16.0, 1014.0, 716.0]
[48.0, 0.0, 983.0, 701.0]
[48.0, 0.0, 984.0, 702.0]
[0.0, 0.0, 937.0, 703.0]
[32.0, 16.0, 970.0, 720.0]
[48.0, 0.0, 987.0, 704.0]
[16.0, 16.0, 956.0, 721.0]
[32.0, 16.0, 973.0, 722.0]
[0.0, 16.0, 942.0, 722.0]
[48.0, 16.0, 991.0, 723.0]
[80.0, 16.0, 1024.0, 724.0]
[48.0, 0.0, 993.0, 709.0]
[48.0, 16.0, 994.0, 726.0]
[16.0, 16.0, 963.0, 726.0]
[64.0, 16.0, 1012.0, 727.0]
[0.0, 16.0, 949.0, 728.0]
[16.0, 16.0, 966.0, 728.0]
[48.0, 16.0, 999.0, 729.0]
[48.0, 16.0, 1000.0, 730.0]
[0.0, 16.0, 953.0, 731.0]
[0.0, 0.0, 954.0, 716.0]
[64.0, 0.0, 1019.0, 716.0]
[16.0, 0.0, 972.0, 717.0]
[16.0, 0.0, 973.0, 718.0]
[64.0, 0.0, 1022.0, 718.0]
[0.0, 0.0, 959.0, 719.0]
[32.0, 0.0, 992.0, 720.0]
[48.0, 0.0, 1009.0, 721.0]
[16.0, 0.0, 978.0, 722.0]
[16.0, 0.0, 979.0, 722.0]
[16.0, 0.0, 980.0, 723.0]
[16.0, 0.0, 981.0, 724.0]
[0.0, 0.0, 966.0, 724.0]
[48.0, 0.0, 1015.0, 725.0]
[16.0, 0.0, 984.0, 726.0]
[0.0, 0.0, 969.0, 727.0]
[48.0, 0.0, 1018.0, 728.0]
[48.0, 0.0, 1019.0, 728.0]
[32.0, 0.0, 1004.0, 729.0]
[32.0, 0.0, 1005.0, 730.0]
[32.0, 0.0, 1006.0, 730.0]
[32.0, 0.0, 1007.0, 731.0]
