[176.0, 96.0, 925.0, 658.0]
[64.0, 32.0, 814.0, 594.0]
[144.0, 48.0, 895.0, 611.0]
[208.0, 64.0, 960.0, 628.0]
[144.0, 32.0, 897.0, 597.0]
[112.0, 80.0, 866.0, 646.0]
[48.0, 96.0, 803.0, 662.0]
[208.0, 48.0, 964.0, 615.0]
[208.0, 96.0, 965.0, 664.0]
[192.0, 48.0, 950.0, 616.0]
[64.0, 96.0, 823.0, 665.0]
[112.0, 112.0, 872.0, 682.0]
[96.0, 64.0, 857.0, 635.0]
[32.0, 32.0, 794.0, 604.0]
[32.0, 48.0, 795.0, 620.0]
[176.0, 112.0, 940.0, 685.0]
[192.0, 80.0, 957.0, 654.0]
[208.0, 32.0, 974.0, 606.0]
[192.0, 48.0, 959.0, 623.0]
[32.0, 48.0, 800.0, 624.0]
[208.0, 64.0, 977.0, 641.0]
[208.0, 16.0, 978.0, 594.0]
[208.0, 96.0, 979.0, 674.0]
[96.0, 48.0, 868.0, 627.0]
[192.0, 96.0, 965.0, 676.0]
[48.0, 64.0, 822.0, 644.0]
[112.0, 32.0, 887.0, 613.0]
[192.0, 64.0, 968.0, 646.0]
[64.0, 32.0, 841.0, 615.0]
[160.0, 112.0, 938.0, 696.0]
[128.0, 16.0, 907.0, 600.0]
[144.0, 112.0, 924.0, 697.0]
[16.0, 80.0, 797.0, 666.0]
[96.0, 16.0, 878.0, 602.0]
[64.0, 96.0, 847.0, 683.0]
[16.0, 64.0, 800.0, 652.0]
[128.0, 64.0, 913.0, 653.0]
[144.0, 112.0, 930.0, 702.0]
[176.0, 32.0, 963.0, 622.0]
[64.0, 96.0, 852.0, 687.0]
[144.0, 48.0, 933.0, 640.0]
[128.0, 32.0, 918.0, 624.0]
[96.0, 96.0, 887.0, 689.0]
[160.0, 48.0, 952.0, 642.0]
[176.0, 96.0, 969.0, 691.0]
[128.0, 16.0, 922.0, 612.0]
[224.0, 64.0, 1019.0, 660.0]
[176.0, 16.0, 972.0, 613.0]
[48.0, 0.0, 845.0, 598.0]
[0.0, 64.0, 798.0, 662.0]
[224.0, 32.0, 1023.0, 631.0]
[128.0, 80.0, 928.0, 680.0]
[144.0, 48.0, 945.0, 649.0]
[144.0, 32.0, 946.0, 634.0]
[0.0, 32.0, 803.0, 634.0]
[48.0, 112.0, 852.0, 715.0]
[64.0, 16.0, 869.0, 620.0]
[192.0, 48.0, 998.0, 652.0]
[128.0, 64.0, 935.0, 669.0]
[16.0, 16.0, 824.0, 622.0]
[128.0, 96.0, 937.0, 703.0]
[176.0, 96.0, 986.0, 704.0]
[64.0, 80.0, 875.0, 688.0]
[128.0, 80.0, 940.0, 689.0]
[128.0, 16.0, 941.0, 626.0]
[64.0, 32.0, 878.0, 642.0]
[32.0, 0.0, 847.0, 611.0]
[96.0, 64.0, 912.0, 676.0]
[192.0, 48.0, 1009.0, 661.0]
[128.0, 112.0, 946.0, 726.0]
[192.0, 80.0, 1011.0, 694.0]
[160.0, 112.0, 980.0, 727.0]
[48.0, 32.0, 869.0, 648.0]
[128.0, 0.0, 950.0, 616.0]
[64.0, 112.0, 887.0, 729.0]
[16.0, 48.0, 840.0, 666.0]
[80.0, 32.0, 905.0, 651.0]
[0.0, 32.0, 826.0, 652.0]
[80.0, 16.0, 907.0, 636.0]
[16.0, 0.0, 844.0, 621.0]
[176.0, 48.0, 1005.0, 670.0]
[112.0, 16.0, 942.0, 638.0]
[16.0, 96.0, 847.0, 719.0]
[80.0, 48.0, 912.0, 672.0]
[48.0, 112.0, 881.0, 737.0]
[0.0, 64.0, 834.0, 690.0]
[128.0, 112.0, 963.0, 738.0]
[96.0, 80.0, 932.0, 707.0]
[144.0, 96.0, 981.0, 724.0]
[160.0, 16.0, 998.0, 644.0]
[0.0, 64.0, 839.0, 693.0]
[64.0, 64.0, 904.0, 694.0]
[96.0, 112.0, 937.0, 743.0]
[0.0, 48.0, 842.0, 680.0]
[48.0, 96.0, 891.0, 728.0]
[64.0, 96.0, 908.0, 729.0]
[16.0, 16.0, 861.0, 650.0]
[144.0, 0.0, 990.0, 634.0]
[144.0, 96.0, 991.0, 731.0]
[160.0, 48.0, 1008.0, 684.0]
[80.0, 0.0, 929.0, 637.0]
[112.0, 112.0, 962.0, 750.0]
[48.0, 64.0, 899.0, 702.0]
[160.0, 16.0, 1012.0, 655.0]
[64.0, 64.0, 917.0, 704.0]
[0.0, 0.0, 854.0, 640.0]
[64.0, 96.0, 919.0, 737.0]
[96.0, 32.0, 952.0, 674.0]
[80.0, 16.0, 937.0, 659.0]
[80.0, 16.0, 938.0, 660.0]
[32.0, 80.0, 891.0, 724.0]
[32.0, 96.0, 892.0, 741.0]
[0.0, 0.0, 861.0, 646.0]
[160.0, 48.0, 1022.0, 694.0]
[128.0, 112.0, 991.0, 759.0]
[160.0, 0.0, 1024.0, 648.0]
[16.0, 16.0, 881.0, 665.0]
[96.0, 96.0, 962.0, 746.0]
[96.0, 48.0, 963.0, 698.0]
[32.0, 64.0, 900.0, 715.0]
[80.0, 112.0, 949.0, 764.0]
[144.0, 16.0, 1014.0, 668.0]
[0.0, 16.0, 871.0, 669.0]
[96.0, 112.0, 968.0, 766.0]
[80.0, 48.0, 953.0, 703.0]
[16.0, 48.0, 890.0, 704.0]
[32.0, 32.0, 907.0, 688.0]
[64.0, 32.0, 940.0, 689.0]
[0.0, 16.0, 877.0, 674.0]
[144.0, 64.0, 1022.0, 722.0]
[48.0, 96.0, 927.0, 755.0]
[144.0, 64.0, 1024.0, 724.0]
[48.0, 96.0, 929.0, 757.0]
[112.0, 32.0, 994.0, 694.0]
[16.0, 48.0, 899.0, 710.0]
[80.0, 80.0, 964.0, 743.0]
[112.0, 96.0, 997.0, 760.0]
[64.0, 16.0, 950.0, 680.0]
[64.0, 64.0, 951.0, 729.0]
[112.0, 32.0, 1000.0, 698.0]
[64.0, 64.0, 953.0, 731.0]
[64.0, 96.0, 954.0, 764.0]
[96.0, 32.0, 987.0, 700.0]
[32.0, 32.0, 924.0, 701.0]
[128.0, 32.0, 1021.0, 702.0]
[80.0, 80.0, 974.0, 750.0]
[16.0, 80.0, 911.0, 751.0]
[64.0, 0.0, 960.0, 672.0]
[64.0, 64.0, 961.0, 737.0]
[16.0, 0.0, 914.0, 674.0]
[96.0, 64.0, 995.0, 738.0]
[16.0, 32.0, 916.0, 707.0]
[80.0, 16.0, 981.0, 692.0]
[48.0, 48.0, 950.0, 724.0]
[0.0, 32.0, 903.0, 709.0]
[80.0, 16.0, 984.0, 694.0]
[32.0, 48.0, 937.0, 727.0]
[32.0, 0.0, 938.0, 680.0]
[48.0, 16.0, 955.0, 696.0]
[96.0, 16.0, 1004.0, 697.0]
[96.0, 64.0, 1005.0, 746.0]
[16.0, 0.0, 926.0, 682.0]
[16.0, 0.0, 927.0, 683.0]
[0.0, 48.0, 912.0, 732.0]
[16.0, 64.0, 929.0, 749.0]
[80.0, 64.0, 994.0, 750.0]
[32.0, 32.0, 947.0, 718.0]
[96.0, 64.0, 1012.0, 751.0]
[48.0, 0.0, 965.0, 688.0]
[48.0, 16.0, 966.0, 704.0]
[32.0, 32.0, 951.0, 721.0]
[0.0, 64.0, 920.0, 754.0]
[16.0, 64.0, 937.0, 755.0]
[16.0, 32.0, 938.0, 724.0]
[96.0, 64.0, 1019.0, 756.0]
[64.0, 32.0, 988.0, 725.0]
[0.0, 32.0, 925.0, 726.0]
[48.0, 0.0, 974.0, 694.0]
[16.0, 48.0, 943.0, 743.0]
[32.0, 64.0, 960.0, 760.0]
[0.0, 0.0, 929.0, 697.0]
[16.0, 64.0, 946.0, 762.0]
[32.0, 0.0, 963.0, 698.0]
[0.0, 16.0, 932.0, 715.0]
[32.0, 64.0, 965.0, 764.0]
[64.0, 0.0, 998.0, 700.0]
[16.0, 16.0, 951.0, 717.0]
[0.0, 32.0, 936.0, 734.0]
[48.0, 64.0, 985.0, 767.0]
[80.0, 0.0, 1018.0, 704.0]
[0.0, 64.0, 939.0, 768.0]
[32.0, 0.0, 972.0, 705.0]
[48.0, 48.0, 989.0, 754.0]
[16.0, 48.0, 958.0, 754.0]
[32.0, 32.0, 975.0, 739.0]
[80.0, 48.0, 1024.0, 756.0]
[16.0, 48.0, 961.0, 757.0]
[64.0, 0.0, 1010.0, 710.0]
[48.0, 16.0, 995.0, 726.0]
[32.0, 16.0, 980.0, 727.0]
[64.0, 48.0, 1013.0, 760.0]
[16.0, 32.0, 966.0, 744.0]
[32.0, 16.0, 983.0, 729.0]
[16.0, 0.0, 968.0, 714.0]
[0.0, 16.0, 953.0, 731.0]
[32.0, 16.0, 986.0, 732.0]
[64.0, 48.0, 1019.0, 764.0]
[0.0, 0.0, 956.0, 717.0]
[16.0, 32.0, 973.0, 750.0]
[0.0, 16.0, 958.0, 734.0]
[16.0, 48.0, 975.0, 767.0]
[64.0, 0.0, 1024.0, 720.0]
[32.0, 32.0, 993.0, 753.0]
[16.0, 32.0, 978.0, 754.0]
[0.0, 16.0, 963.0, 738.0]
[32.0, 0.0, 996.0, 723.0]
[0.0, 0.0, 965.0, 724.0]
[48.0, 32.0, 1014.0, 756.0]
[48.0, 32.0, 1015.0, 757.0]
[48.0, 16.0, 1016.0, 742.0]
[0.0, 0.0, 969.0, 727.0]
[32.0, 0.0, 1002.0, 728.0]
[32.0, 32.0, 1003.0, 760.0]
[32.0, 32.0, 1004.0, 761.0]
[48.0, 32.0, 1021.0, 762.0]
[16.0, 16.0, 990.0, 746.0]
[0.0, 0.0, 975.0, 731.0]
[32.0, 16.0, 1008.0, 748.0]
[16.0, 0.0, 993.0, 733.0]
[32.0, 0.0, 1010.0, 734.0]
[16.0, 32.0, 995.0, 766.0]
[16.0, 32.0, 996.0, 767.0]
[32.0, 0.0, 1013.0, 736.0]
[16.0, 32.0, 998.0, 768.0]
[16.0, 16.0, 999.0, 753.0]
[32.0, 0.0, 1016.0, 738.0]
[16.0, 0.0, 1001.0, 739.0]
[32.0, 16.0, 1018.0, 756.0]
[16.0, 16.0, 1003.0, 756.0]
[16.0, 0.0, 1004.0, 741.0]
[32.0, 0.0, 1021.0, 742.0]
[0.0, 16.0, 990.0, 758.0]
[16.0, 0.0, 1007.0, 743.0]
[32.0, 0.0, 1024.0, 744.0]
[16.0, 0.0, 1009.0, 745.0]
[16.0, 0.0, 1010.0, 746.0]
[16.0, 0.0, 1011.0, 746.0]
[16.0, 0.0, 1012.0, 747.0]
[16.0, 16.0, 1013.0, 764.0]
[16.0, 0.0, 1014.0, 748.0]
[0.0, 16.0, 999.0, 765.0]
[0.0, 0.0, 1000.0, 750.0]
[0.0, 16.0, 1001.0, 767.0]
[0.0, 0.0, 1002.0, 752.0]
[0.0, 16.0, 1003.0, 768.0]
[0.0, 0.0, 1004.0, 753.0]
[16.0, 0.0, 1021.0, 754.0]
[0.0, 0.0, 1006.0, 754.0]
[16.0, 0.0, 1023.0, 755.0]
[0.0, 0.0, 1008.0, 756.0]
[0.0, 0.0, 1009.0, 757.0]
[0.0, 0.0, 1010.0, 758.0]
[0.0, 0.0, 1011.0, 758.0]
[0.0, 0.0, 1012.0, 759.0]
[0.0, 0.0, 1013.0, 760.0]
[0.0, 0.0, 1014.0, 760.0]
[0.0, 0.0, 1015.0, 761.0]
[0.0, 0.0, 1016.0, 762.0]
[0.0, 0.0, 1017.0, 763.0]
[0.0, 0.0, 1018.0, 764.0]
[0.0, 0.0, 1019.0, 764.0]
[0.0, 0.0, 1020.0, 765.0]
[0.0, 0.0, 1021.0, 766.0]
[0.0, 0.0, 1022.0, 766.0]
[0.0, 0.0, 1023.0, 767.0]
[0.0, 0.0, 1024.0, 768.0]
