[112.0, 80.0, 844.0, 629.0]
[80.0, 64.0, 813.0, 614.0]
[48.0, 128.0, 782.0, 678.0]
[128.0, 128.0, 863.0, 679.0]
[80.0, 144.0, 816.0, 696.0]
[64.0, 128.0, 801.0, 681.0]
[112.0, 96.0, 850.0, 650.0]
[48.0, 128.0, 787.0, 682.0]
[96.0, 144.0, 836.0, 699.0]
[80.0, 144.0, 821.0, 700.0]
[80.0, 48.0, 822.0, 604.0]
[112.0, 48.0, 855.0, 605.0]
[112.0, 64.0, 856.0, 622.0]
[96.0, 128.0, 841.0, 687.0]
[144.0, 144.0, 890.0, 704.0]
[144.0, 32.0, 891.0, 592.0]
[112.0, 96.0, 860.0, 657.0]
[64.0, 112.0, 813.0, 674.0]
[96.0, 48.0, 846.0, 610.0]
[64.0, 48.0, 815.0, 611.0]
[64.0, 48.0, 816.0, 612.0]
[112.0, 16.0, 865.0, 581.0]
[64.0, 48.0, 818.0, 614.0]
[64.0, 48.0, 819.0, 614.0]
[80.0, 64.0, 836.0, 631.0]
[48.0, 128.0, 805.0, 696.0]
[64.0, 48.0, 822.0, 616.0]
[112.0, 128.0, 871.0, 697.0]
[96.0, 48.0, 856.0, 618.0]
[96.0, 48.0, 857.0, 619.0]
[16.0, 80.0, 778.0, 652.0]
[48.0, 112.0, 811.0, 684.0]
[96.0, 32.0, 860.0, 605.0]
[16.0, 64.0, 781.0, 638.0]
[64.0, 96.0, 830.0, 670.0]
[144.0, 112.0, 911.0, 687.0]
[128.0, 0.0, 896.0, 576.0]
[0.0, 64.0, 769.0, 641.0]
[96.0, 128.0, 866.0, 706.0]
[48.0, 96.0, 819.0, 674.0]
[32.0, 32.0, 804.0, 611.0]
[112.0, 0.0, 885.0, 580.0]
[96.0, 64.0, 870.0, 644.0]
[144.0, 48.0, 919.0, 629.0]
[96.0, 112.0, 872.0, 694.0]
[96.0, 112.0, 873.0, 695.0]
[96.0, 32.0, 874.0, 616.0]
[160.0, 96.0, 939.0, 680.0]
[0.0, 112.0, 780.0, 697.0]
[96.0, 112.0, 877.0, 698.0]
[64.0, 64.0, 846.0, 650.0]
[80.0, 96.0, 863.0, 683.0]
[48.0, 144.0, 832.0, 732.0]
[48.0, 32.0, 833.0, 621.0]
[80.0, 16.0, 866.0, 606.0]
[96.0, 16.0, 883.0, 606.0]
[160.0, 80.0, 948.0, 671.0]
[48.0, 64.0, 837.0, 656.0]
[160.0, 80.0, 950.0, 672.0]
[32.0, 96.0, 823.0, 689.0]
[32.0, 48.0, 824.0, 642.0]
[16.0, 16.0, 809.0, 611.0]
[16.0, 128.0, 810.0, 724.0]
[128.0, 80.0, 923.0, 676.0]
[64.0, 112.0, 860.0, 709.0]
[48.0, 32.0, 845.0, 630.0]
[0.0, 80.0, 798.0, 678.0]
[80.0, 80.0, 879.0, 679.0]
[80.0, 128.0, 880.0, 728.0]
[96.0, 0.0, 897.0, 601.0]
[0.0, 80.0, 802.0, 682.0]
[0.0, 128.0, 803.0, 730.0]
[16.0, 16.0, 820.0, 619.0]
[160.0, 32.0, 965.0, 636.0]
[80.0, 32.0, 886.0, 636.0]
[48.0, 112.0, 855.0, 717.0]
[128.0, 48.0, 936.0, 654.0]
[112.0, 48.0, 921.0, 655.0]
[16.0, 16.0, 826.0, 624.0]
[144.0, 112.0, 955.0, 720.0]
[32.0, 112.0, 844.0, 721.0]
[96.0, 80.0, 909.0, 690.0]
[96.0, 0.0, 910.0, 610.0]
[160.0, 80.0, 975.0, 691.0]
[0.0, 64.0, 816.0, 676.0]
[80.0, 80.0, 897.0, 693.0]
[160.0, 32.0, 978.0, 646.0]
[112.0, 112.0, 931.0, 726.0]
[112.0, 16.0, 932.0, 631.0]
[64.0, 48.0, 885.0, 664.0]
[0.0, 80.0, 822.0, 696.0]
[0.0, 32.0, 823.0, 649.0]
[32.0, 48.0, 856.0, 666.0]
[112.0, 112.0, 937.0, 731.0]
[16.0, 112.0, 842.0, 732.0]
[64.0, 96.0, 891.0, 716.0]
[96.0, 80.0, 924.0, 701.0]
[128.0, 32.0, 957.0, 654.0]
[96.0, 64.0, 926.0, 686.0]
[16.0, 32.0, 847.0, 655.0]
[16.0, 96.0, 848.0, 720.0]
[144.0, 80.0, 977.0, 705.0]
[48.0, 32.0, 882.0, 658.0]
[16.0, 96.0, 851.0, 722.0]
[80.0, 0.0, 916.0, 627.0]
[96.0, 32.0, 933.0, 660.0]
[144.0, 96.0, 982.0, 724.0]
[144.0, 16.0, 983.0, 645.0]
[48.0, 48.0, 888.0, 678.0]
[0.0, 64.0, 841.0, 695.0]
[48.0, 16.0, 890.0, 648.0]
[48.0, 64.0, 891.0, 696.0]
[32.0, 0.0, 876.0, 633.0]
[48.0, 16.0, 893.0, 650.0]
[16.0, 80.0, 862.0, 714.0]
[80.0, 80.0, 927.0, 715.0]
[128.0, 96.0, 976.0, 732.0]
[0.0, 32.0, 849.0, 669.0]
[64.0, 48.0, 914.0, 686.0]
[0.0, 64.0, 851.0, 702.0]
[80.0, 80.0, 932.0, 719.0]
[160.0, 48.0, 1013.0, 688.0]
[80.0, 0.0, 934.0, 640.0]
[112.0, 16.0, 967.0, 657.0]
[16.0, 48.0, 872.0, 690.0]
[160.0, 48.0, 1017.0, 691.0]
[16.0, 64.0, 874.0, 708.0]
[64.0, 48.0, 923.0, 692.0]
[32.0, 80.0, 892.0, 725.0]
[48.0, 32.0, 909.0, 678.0]
[80.0, 48.0, 942.0, 694.0]
[48.0, 32.0, 911.0, 679.0]
[80.0, 80.0, 944.0, 728.0]
[112.0, 48.0, 977.0, 697.0]
[128.0, 48.0, 994.0, 698.0]
[96.0, 64.0, 963.0, 714.0]
[16.0, 16.0, 884.0, 667.0]
[32.0, 48.0, 901.0, 700.0]
[32.0, 0.0, 902.0, 652.0]
[144.0, 16.0, 1015.0, 669.0]
[80.0, 32.0, 952.0, 686.0]
[80.0, 48.0, 953.0, 703.0]
[112.0, 48.0, 986.0, 704.0]
[80.0, 32.0, 955.0, 688.0]
[80.0, 0.0, 956.0, 657.0]
[96.0, 48.0, 973.0, 706.0]
[16.0, 32.0, 894.0, 690.0]
[128.0, 32.0, 1007.0, 691.0]
[112.0, 0.0, 992.0, 660.0]
[128.0, 64.0, 1009.0, 725.0]
[96.0, 32.0, 978.0, 694.0]
[80.0, 16.0, 963.0, 678.0]
[32.0, 48.0, 916.0, 711.0]
[128.0, 64.0, 1013.0, 728.0]
[16.0, 48.0, 902.0, 712.0]
[48.0, 16.0, 935.0, 681.0]
[128.0, 32.0, 1016.0, 698.0]
[16.0, 0.0, 905.0, 667.0]
[32.0, 0.0, 922.0, 668.0]
[64.0, 64.0, 955.0, 732.0]
[32.0, 16.0, 924.0, 685.0]
[112.0, 0.0, 1005.0, 670.0]
[16.0, 48.0, 910.0, 718.0]
[128.0, 48.0, 1023.0, 719.0]
[48.0, 32.0, 944.0, 704.0]
[96.0, 32.0, 993.0, 705.0]
[32.0, 48.0, 930.0, 722.0]
[64.0, 48.0, 963.0, 722.0]
[16.0, 0.0, 916.0, 675.0]
[16.0, 0.0, 917.0, 676.0]
[64.0, 32.0, 966.0, 708.0]
[64.0, 0.0, 967.0, 677.0]
[80.0, 16.0, 984.0, 694.0]
[32.0, 48.0, 937.0, 727.0]
[16.0, 32.0, 922.0, 712.0]
[80.0, 32.0, 987.0, 712.0]
[0.0, 48.0, 908.0, 729.0]
[16.0, 32.0, 925.0, 714.0]
[80.0, 0.0, 990.0, 682.0]
[96.0, 0.0, 1007.0, 683.0]
[64.0, 16.0, 976.0, 700.0]
[48.0, 16.0, 961.0, 701.0]
[48.0, 16.0, 962.0, 702.0]
[16.0, 0.0, 931.0, 686.0]
[48.0, 32.0, 964.0, 719.0]
[48.0, 32.0, 965.0, 720.0]
[64.0, 16.0, 982.0, 704.0]
[96.0, 16.0, 1015.0, 705.0]
[16.0, 32.0, 936.0, 722.0]
[16.0, 32.0, 937.0, 723.0]
[32.0, 16.0, 954.0, 708.0]
[0.0, 0.0, 923.0, 692.0]
[96.0, 32.0, 1020.0, 725.0]
[32.0, 32.0, 957.0, 726.0]
[64.0, 16.0, 990.0, 710.0]
[48.0, 16.0, 975.0, 711.0]
[16.0, 32.0, 944.0, 728.0]
[64.0, 16.0, 993.0, 713.0]
[32.0, 32.0, 962.0, 730.0]
[64.0, 16.0, 995.0, 714.0]
[48.0, 0.0, 980.0, 699.0]
[32.0, 0.0, 965.0, 700.0]
[48.0, 16.0, 982.0, 716.0]
[16.0, 0.0, 951.0, 701.0]
[48.0, 0.0, 984.0, 702.0]
[80.0, 0.0, 1017.0, 703.0]
[48.0, 16.0, 986.0, 720.0]
[32.0, 16.0, 971.0, 720.0]
[48.0, 0.0, 988.0, 705.0]
[64.0, 16.0, 1005.0, 722.0]
[32.0, 16.0, 974.0, 722.0]
[0.0, 0.0, 943.0, 707.0]
[16.0, 0.0, 960.0, 708.0]
[48.0, 16.0, 993.0, 725.0]
[0.0, 0.0, 946.0, 710.0]
[32.0, 16.0, 979.0, 726.0]
[64.0, 0.0, 1012.0, 711.0]
[16.0, 16.0, 965.0, 728.0]
[48.0, 0.0, 998.0, 712.0]
[64.0, 0.0, 1015.0, 713.0]
[64.0, 16.0, 1016.0, 730.0]
[48.0, 0.0, 1001.0, 715.0]
[16.0, 16.0, 970.0, 732.0]
[48.0, 16.0, 1003.0, 732.0]
[64.0, 0.0, 1020.0, 717.0]
[16.0, 0.0, 973.0, 718.0]
[0.0, 0.0, 958.0, 718.0]
[0.0, 0.0, 959.0, 719.0]
[0.0, 0.0, 960.0, 720.0]
[0.0, 0.0, 961.0, 721.0]
[0.0, 0.0, 962.0, 722.0]
[32.0, 0.0, 995.0, 722.0]
[32.0, 0.0, 996.0, 723.0]
[48.0, 0.0, 1013.0, 724.0]
[48.0, 0.0, 1014.0, 724.0]
[32.0, 0.0, 999.0, 725.0]
[16.0, 0.0, 984.0, 726.0]
[48.0, 0.0, 1017.0, 727.0]
[16.0, 0.0, 986.0, 728.0]
[48.0, 0.0, 1019.0, 728.0]
[0.0, 0.0, 972.0, 729.0]
[32.0, 0.0, 1005.0, 730.0]
[16.0, 0.0, 990.0, 730.0]
[0.0, 0.0, 975.0, 731.0]
[0.0, 0.0, 976.0, 732.0]
