[272.0, 48.0, 989.0, 586.0]
[240.0, 96.0, 958.0, 634.0]
[208.0, 144.0, 927.0, 683.0]
[240.0, 80.0, 960.0, 620.0]
[256.0, 80.0, 977.0, 621.0]
[176.0, 80.0, 898.0, 622.0]
[288.0, 32.0, 1011.0, 574.0]
[272.0, 96.0, 996.0, 639.0]
[240.0, 96.0, 965.0, 640.0]
[272.0, 64.0, 998.0, 608.0]
[208.0, 96.0, 935.0, 641.0]
[240.0, 64.0, 968.0, 610.0]
[176.0, 112.0, 905.0, 659.0]
[192.0, 128.0, 922.0, 676.0]
[192.0, 64.0, 923.0, 612.0]
[272.0, 80.0, 1004.0, 629.0]
[256.0, 128.0, 989.0, 678.0]
[256.0, 64.0, 990.0, 614.0]
[272.0, 80.0, 1007.0, 631.0]
[176.0, 112.0, 912.0, 664.0]
[272.0, 80.0, 1009.0, 633.0]
[224.0, 64.0, 962.0, 618.0]
[256.0, 112.0, 995.0, 666.0]
[240.0, 16.0, 980.0, 571.0]
[208.0, 64.0, 949.0, 620.0]
[176.0, 64.0, 918.0, 620.0]
[224.0, 96.0, 967.0, 653.0]
[256.0, 80.0, 1000.0, 638.0]
[240.0, 32.0, 985.0, 591.0]
[224.0, 96.0, 970.0, 656.0]
[272.0, 64.0, 1019.0, 624.0]
[208.0, 64.0, 956.0, 625.0]
[176.0, 96.0, 925.0, 658.0]
[224.0, 32.0, 974.0, 594.0]
[192.0, 48.0, 943.0, 611.0]
[224.0, 16.0, 976.0, 580.0]
[240.0, 32.0, 993.0, 597.0]
[208.0, 48.0, 962.0, 614.0]
[240.0, 80.0, 995.0, 646.0]
[176.0, 96.0, 932.0, 663.0]
[256.0, 32.0, 1013.0, 600.0]
[192.0, 64.0, 950.0, 632.0]
[256.0, 16.0, 1015.0, 585.0]
[208.0, 80.0, 968.0, 650.0]
[208.0, 48.0, 969.0, 619.0]
[256.0, 80.0, 1018.0, 652.0]
[160.0, 80.0, 923.0, 652.0]
[224.0, 16.0, 988.0, 589.0]
[176.0, 48.0, 941.0, 622.0]
[240.0, 96.0, 1006.0, 670.0]
[240.0, 16.0, 1007.0, 591.0]
[208.0, 16.0, 976.0, 592.0]
[208.0, 48.0, 977.0, 625.0]
[224.0, 48.0, 994.0, 626.0]
[176.0, 80.0, 947.0, 658.0]
[208.0, 16.0, 980.0, 595.0]
[224.0, 96.0, 997.0, 676.0]
[208.0, 80.0, 982.0, 660.0]
[208.0, 32.0, 983.0, 613.0]
[208.0, 64.0, 984.0, 646.0]
[160.0, 64.0, 937.0, 647.0]
[208.0, 96.0, 986.0, 680.0]
[240.0, 48.0, 1019.0, 632.0]
[176.0, 32.0, 956.0, 617.0]
[208.0, 32.0, 989.0, 618.0]
[144.0, 80.0, 926.0, 666.0]
[160.0, 48.0, 943.0, 635.0]
[208.0, 32.0, 992.0, 620.0]
[208.0, 32.0, 993.0, 621.0]
[208.0, 32.0, 994.0, 622.0]
[176.0, 64.0, 963.0, 654.0]
[208.0, 32.0, 996.0, 623.0]
[144.0, 80.0, 933.0, 672.0]
[160.0, 64.0, 950.0, 656.0]
[208.0, 48.0, 999.0, 641.0]
[208.0, 32.0, 1000.0, 626.0]
[144.0, 48.0, 937.0, 643.0]
[128.0, 80.0, 922.0, 676.0]
[192.0, 64.0, 987.0, 660.0]
[176.0, 64.0, 972.0, 661.0]
[192.0, 64.0, 989.0, 662.0]
[144.0, 80.0, 942.0, 678.0]
[224.0, 48.0, 1023.0, 647.0]
[224.0, 16.0, 1024.0, 616.0]
[144.0, 80.0, 945.0, 681.0]
[160.0, 64.0, 962.0, 666.0]
[192.0, 32.0, 995.0, 634.0]
[192.0, 48.0, 996.0, 651.0]
[208.0, 16.0, 1013.0, 620.0]
[192.0, 16.0, 998.0, 620.0]
[208.0, 16.0, 1015.0, 621.0]
[160.0, 32.0, 968.0, 638.0]
[192.0, 32.0, 1001.0, 639.0]
[192.0, 64.0, 1002.0, 672.0]
[128.0, 64.0, 939.0, 672.0]
[192.0, 32.0, 1004.0, 641.0]
[160.0, 48.0, 973.0, 658.0]
[192.0, 48.0, 1006.0, 658.0]
[208.0, 32.0, 1023.0, 643.0]
[192.0, 16.0, 1008.0, 628.0]
[176.0, 48.0, 993.0, 661.0]
[160.0, 64.0, 978.0, 678.0]
[144.0, 32.0, 963.0, 646.0]
[144.0, 64.0, 964.0, 679.0]
[144.0, 32.0, 965.0, 648.0]
[160.0, 32.0, 982.0, 648.0]
[128.0, 48.0, 951.0, 665.0]
[192.0, 32.0, 1016.0, 650.0]
[176.0, 32.0, 1001.0, 651.0]
[176.0, 48.0, 1002.0, 668.0]
[128.0, 32.0, 955.0, 652.0]
[192.0, 32.0, 1020.0, 653.0]
[176.0, 32.0, 1005.0, 654.0]
[192.0, 32.0, 1022.0, 654.0]
[176.0, 32.0, 1007.0, 655.0]
[192.0, 16.0, 1024.0, 640.0]
[160.0, 32.0, 993.0, 657.0]
[144.0, 32.0, 978.0, 658.0]
[160.0, 16.0, 995.0, 642.0]
[144.0, 32.0, 980.0, 659.0]
[144.0, 32.0, 981.0, 660.0]
[176.0, 16.0, 1014.0, 644.0]
[128.0, 48.0, 967.0, 677.0]
[128.0, 32.0, 968.0, 662.0]
[128.0, 48.0, 969.0, 679.0]
[160.0, 32.0, 1002.0, 664.0]
[176.0, 32.0, 1019.0, 664.0]
[160.0, 32.0, 1004.0, 665.0]
[144.0, 16.0, 989.0, 650.0]
[160.0, 48.0, 1006.0, 682.0]
[176.0, 32.0, 1023.0, 667.0]
[128.0, 16.0, 976.0, 652.0]
[144.0, 32.0, 993.0, 669.0]
[144.0, 32.0, 994.0, 670.0]
[144.0, 16.0, 995.0, 654.0]
[144.0, 16.0, 996.0, 655.0]
[160.0, 32.0, 1013.0, 672.0]
[144.0, 16.0, 998.0, 656.0]
[144.0, 16.0, 999.0, 657.0]
[160.0, 16.0, 1016.0, 658.0]
[144.0, 16.0, 1001.0, 659.0]
[160.0, 16.0, 1018.0, 660.0]
[128.0, 32.0, 987.0, 676.0]
[144.0, 32.0, 1004.0, 677.0]
