[48.0, 112.0, 765.0, 650.0]
[80.0, 112.0, 798.0, 650.0]
[32.0, 128.0, 751.0, 667.0]
[16.0, 48.0, 736.0, 588.0]
[0.0, 64.0, 721.0, 605.0]
[128.0, 112.0, 850.0, 654.0]
[16.0, 128.0, 739.0, 670.0]
[0.0, 112.0, 724.0, 655.0]
[32.0, 80.0, 757.0, 624.0]
[64.0, 112.0, 790.0, 656.0]
[16.0, 96.0, 743.0, 641.0]
[48.0, 112.0, 776.0, 658.0]
[0.0, 48.0, 729.0, 595.0]
[48.0, 64.0, 778.0, 612.0]
[0.0, 48.0, 731.0, 596.0]
[32.0, 128.0, 764.0, 677.0]
[80.0, 80.0, 813.0, 630.0]
[0.0, 48.0, 734.0, 598.0]
[16.0, 96.0, 751.0, 647.0]
[64.0, 128.0, 800.0, 680.0]
[80.0, 80.0, 817.0, 633.0]
[32.0, 96.0, 770.0, 650.0]
[0.0, 64.0, 739.0, 618.0]
[64.0, 112.0, 804.0, 667.0]
[96.0, 112.0, 837.0, 668.0]
[80.0, 80.0, 822.0, 636.0]
[32.0, 96.0, 775.0, 653.0]
[48.0, 96.0, 792.0, 654.0]
[48.0, 96.0, 793.0, 655.0]
[0.0, 112.0, 746.0, 672.0]
[64.0, 80.0, 811.0, 640.0]
[32.0, 64.0, 780.0, 625.0]
[0.0, 112.0, 749.0, 674.0]
[80.0, 112.0, 830.0, 674.0]
[16.0, 48.0, 767.0, 611.0]
[48.0, 64.0, 800.0, 628.0]
[0.0, 96.0, 753.0, 661.0]
[96.0, 112.0, 850.0, 678.0]
[32.0, 96.0, 787.0, 662.0]
[32.0, 112.0, 788.0, 679.0]
[48.0, 112.0, 805.0, 680.0]
[80.0, 96.0, 838.0, 664.0]
[32.0, 96.0, 791.0, 665.0]
[16.0, 96.0, 776.0, 666.0]
[64.0, 64.0, 825.0, 635.0]
[64.0, 80.0, 826.0, 652.0]
[32.0, 80.0, 795.0, 652.0]
[48.0, 48.0, 812.0, 621.0]
[16.0, 64.0, 781.0, 638.0]
[64.0, 96.0, 830.0, 670.0]
[16.0, 64.0, 783.0, 639.0]
[64.0, 80.0, 832.0, 656.0]
[0.0, 80.0, 769.0, 657.0]
[32.0, 80.0, 802.0, 658.0]
[64.0, 64.0, 835.0, 642.0]
[32.0, 48.0, 804.0, 627.0]
[16.0, 96.0, 789.0, 676.0]
[32.0, 48.0, 806.0, 628.0]
[0.0, 80.0, 775.0, 661.0]
[16.0, 48.0, 792.0, 630.0]
[64.0, 64.0, 841.0, 647.0]
[32.0, 64.0, 810.0, 648.0]
[48.0, 96.0, 827.0, 680.0]
[32.0, 48.0, 812.0, 633.0]
[64.0, 80.0, 845.0, 666.0]
[16.0, 48.0, 798.0, 634.0]
[64.0, 80.0, 847.0, 667.0]
[48.0, 80.0, 832.0, 668.0]
[48.0, 80.0, 833.0, 669.0]
[32.0, 64.0, 818.0, 654.0]
[16.0, 64.0, 803.0, 654.0]
[32.0, 80.0, 820.0, 671.0]
[0.0, 64.0, 789.0, 656.0]
[16.0, 80.0, 806.0, 672.0]
[48.0, 48.0, 839.0, 641.0]
[48.0, 48.0, 840.0, 642.0]
[16.0, 80.0, 809.0, 675.0]
[32.0, 48.0, 826.0, 644.0]
[48.0, 48.0, 843.0, 644.0]
[16.0, 48.0, 812.0, 645.0]
[16.0, 80.0, 813.0, 678.0]
[48.0, 48.0, 846.0, 646.0]
[16.0, 80.0, 815.0, 679.0]
[48.0, 64.0, 848.0, 664.0]
[0.0, 64.0, 801.0, 665.0]
[0.0, 64.0, 802.0, 666.0]
[32.0, 64.0, 835.0, 666.0]
[32.0, 64.0, 836.0, 667.0]
[48.0, 64.0, 853.0, 668.0]
[32.0, 64.0, 838.0, 668.0]
[16.0, 48.0, 823.0, 653.0]
[32.0, 48.0, 840.0, 654.0]
[0.0, 48.0, 809.0, 655.0]
[32.0, 64.0, 842.0, 672.0]
[0.0, 48.0, 811.0, 656.0]
[0.0, 64.0, 812.0, 673.0]
[32.0, 64.0, 845.0, 674.0]
[16.0, 48.0, 830.0, 658.0]
