[96.0, 48.0, 813.0, 586.0]
[112.0, 48.0, 830.0, 586.0]
[144.0, 32.0, 863.0, 571.0]
[112.0, 32.0, 832.0, 572.0]
[144.0, 64.0, 865.0, 605.0]
[112.0, 16.0, 834.0, 558.0]
[96.0, 32.0, 819.0, 574.0]
[80.0, 32.0, 804.0, 575.0]
[208.0, 16.0, 933.0, 560.0]
[176.0, 16.0, 902.0, 560.0]
[240.0, 32.0, 967.0, 577.0]
[128.0, 48.0, 856.0, 594.0]
[112.0, 32.0, 841.0, 579.0]
[208.0, 48.0, 938.0, 596.0]
[112.0, 64.0, 843.0, 612.0]
[32.0, 16.0, 764.0, 565.0]
[272.0, 32.0, 1005.0, 582.0]
[272.0, 32.0, 1006.0, 582.0]
[192.0, 32.0, 927.0, 583.0]
[240.0, 48.0, 976.0, 600.0]
[192.0, 64.0, 929.0, 617.0]
[224.0, 48.0, 962.0, 602.0]
[32.0, 48.0, 771.0, 602.0]
[32.0, 64.0, 772.0, 619.0]
[144.0, 16.0, 885.0, 572.0]
[176.0, 48.0, 918.0, 604.0]
[176.0, 48.0, 919.0, 605.0]
[208.0, 32.0, 952.0, 590.0]
[16.0, 32.0, 761.0, 591.0]
[144.0, 48.0, 890.0, 608.0]
[80.0, 0.0, 827.0, 560.0]
[64.0, 32.0, 812.0, 593.0]
[96.0, 16.0, 845.0, 578.0]
[128.0, 32.0, 878.0, 594.0]
[64.0, 0.0, 815.0, 563.0]
[48.0, 0.0, 800.0, 564.0]
[208.0, 48.0, 961.0, 613.0]
[176.0, 48.0, 930.0, 614.0]
[256.0, 48.0, 1011.0, 614.0]
[80.0, 16.0, 836.0, 583.0]
[256.0, 16.0, 1013.0, 584.0]
[128.0, 64.0, 886.0, 632.0]
[32.0, 0.0, 791.0, 569.0]
[96.0, 64.0, 856.0, 634.0]
[192.0, 0.0, 953.0, 571.0]
[48.0, 0.0, 810.0, 572.0]
[48.0, 32.0, 811.0, 604.0]
[208.0, 48.0, 972.0, 621.0]
[96.0, 16.0, 861.0, 590.0]
[128.0, 64.0, 894.0, 638.0]
[128.0, 48.0, 895.0, 623.0]
[160.0, 48.0, 928.0, 624.0]
[112.0, 64.0, 881.0, 641.0]
[176.0, 16.0, 946.0, 594.0]
[192.0, 32.0, 963.0, 610.0]
[80.0, 64.0, 852.0, 643.0]
[96.0, 64.0, 869.0, 644.0]
[32.0, 0.0, 806.0, 580.0]
[96.0, 16.0, 871.0, 597.0]
[80.0, 0.0, 856.0, 582.0]
[0.0, 0.0, 777.0, 583.0]
[80.0, 16.0, 858.0, 600.0]
[48.0, 48.0, 827.0, 632.0]
[144.0, 16.0, 924.0, 601.0]
[128.0, 0.0, 909.0, 586.0]
[32.0, 48.0, 814.0, 634.0]
[80.0, 16.0, 863.0, 603.0]
[192.0, 0.0, 976.0, 588.0]
[112.0, 0.0, 897.0, 589.0]
[48.0, 48.0, 834.0, 638.0]
[192.0, 0.0, 979.0, 590.0]
[48.0, 16.0, 836.0, 607.0]
[112.0, 16.0, 901.0, 608.0]
[96.0, 16.0, 886.0, 608.0]
[208.0, 16.0, 999.0, 609.0]
[64.0, 0.0, 856.0, 594.0]
[160.0, 64.0, 953.0, 659.0]
[48.0, 0.0, 842.0, 596.0]
[48.0, 16.0, 843.0, 612.0]
[16.0, 32.0, 812.0, 629.0]
[192.0, 0.0, 989.0, 598.0]
[112.0, 16.0, 910.0, 614.0]
[80.0, 64.0, 879.0, 663.0]
[80.0, 16.0, 880.0, 616.0]
[160.0, 32.0, 961.0, 633.0]
[80.0, 64.0, 882.0, 666.0]
[208.0, 48.0, 1011.0, 650.0]
[64.0, 32.0, 868.0, 635.0]
[192.0, 64.0, 997.0, 668.0]
[208.0, 0.0, 1014.0, 604.0]
[64.0, 0.0, 871.0, 605.0]
[208.0, 48.0, 1016.0, 654.0]
[208.0, 48.0, 1017.0, 655.0]
[16.0, 32.0, 826.0, 640.0]
[48.0, 0.0, 859.0, 608.0]
[176.0, 0.0, 988.0, 609.0]
[64.0, 64.0, 877.0, 674.0]
[64.0, 16.0, 878.0, 626.0]
[96.0, 32.0, 911.0, 643.0]
[48.0, 48.0, 864.0, 660.0]
[192.0, 0.0, 1009.0, 613.0]
[0.0, 32.0, 818.0, 646.0]
[80.0, 16.0, 899.0, 630.0]
[128.0, 16.0, 948.0, 631.0]
[64.0, 32.0, 885.0, 648.0]
[48.0, 32.0, 870.0, 648.0]
[80.0, 48.0, 903.0, 665.0]
[128.0, 64.0, 952.0, 682.0]
[64.0, 0.0, 889.0, 619.0]
[32.0, 0.0, 858.0, 620.0]
[48.0, 0.0, 875.0, 620.0]
[144.0, 48.0, 972.0, 669.0]
[32.0, 32.0, 861.0, 654.0]
[192.0, 32.0, 1022.0, 654.0]
[64.0, 48.0, 895.0, 671.0]
[80.0, 32.0, 912.0, 656.0]
[32.0, 32.0, 865.0, 657.0]
[32.0, 48.0, 866.0, 674.0]
[176.0, 0.0, 1011.0, 626.0]
[128.0, 32.0, 964.0, 659.0]
[160.0, 48.0, 997.0, 676.0]
[96.0, 48.0, 934.0, 676.0]
[48.0, 48.0, 887.0, 677.0]
[16.0, 0.0, 856.0, 630.0]
[176.0, 0.0, 1017.0, 631.0]
[128.0, 32.0, 970.0, 664.0]
[128.0, 16.0, 971.0, 648.0]
[160.0, 48.0, 1004.0, 681.0]
[96.0, 16.0, 941.0, 650.0]
[112.0, 16.0, 958.0, 650.0]
[176.0, 16.0, 1023.0, 651.0]
[144.0, 16.0, 992.0, 652.0]
[144.0, 32.0, 993.0, 669.0]
[64.0, 0.0, 914.0, 638.0]
[48.0, 16.0, 899.0, 654.0]
[128.0, 0.0, 980.0, 639.0]
[16.0, 16.0, 869.0, 656.0]
[0.0, 16.0, 854.0, 656.0]
[144.0, 32.0, 999.0, 673.0]
[48.0, 16.0, 904.0, 658.0]
[96.0, 16.0, 953.0, 659.0]
[16.0, 0.0, 874.0, 644.0]
[160.0, 32.0, 1019.0, 676.0]
[96.0, 16.0, 956.0, 661.0]
[160.0, 16.0, 1021.0, 662.0]
[144.0, 16.0, 1006.0, 662.0]
[64.0, 32.0, 927.0, 679.0]
[48.0, 0.0, 912.0, 648.0]
[0.0, 16.0, 865.0, 665.0]
[80.0, 16.0, 946.0, 666.0]
[0.0, 16.0, 867.0, 666.0]
[0.0, 32.0, 868.0, 683.0]
[16.0, 16.0, 885.0, 668.0]
[112.0, 0.0, 982.0, 652.0]
[16.0, 0.0, 887.0, 653.0]
[0.0, 16.0, 872.0, 670.0]
[80.0, 0.0, 953.0, 655.0]
[64.0, 16.0, 938.0, 672.0]
[48.0, 16.0, 923.0, 672.0]
[16.0, 0.0, 892.0, 657.0]
[112.0, 16.0, 989.0, 674.0]
[16.0, 16.0, 894.0, 674.0]
[144.0, 0.0, 1023.0, 659.0]
[32.0, 16.0, 912.0, 676.0]
[0.0, 16.0, 881.0, 677.0]
[112.0, 0.0, 994.0, 662.0]
[96.0, 16.0, 979.0, 678.0]
[32.0, 0.0, 916.0, 663.0]
[16.0, 0.0, 901.0, 664.0]
[64.0, 0.0, 950.0, 664.0]
[112.0, 0.0, 999.0, 665.0]
[128.0, 0.0, 1016.0, 666.0]
[64.0, 0.0, 953.0, 667.0]
[64.0, 0.0, 954.0, 668.0]
[0.0, 0.0, 891.0, 668.0]
[96.0, 0.0, 988.0, 669.0]
[32.0, 0.0, 925.0, 670.0]
[48.0, 0.0, 942.0, 670.0]
[64.0, 0.0, 959.0, 671.0]
[16.0, 0.0, 912.0, 672.0]
[96.0, 0.0, 993.0, 673.0]
[32.0, 0.0, 930.0, 674.0]
[48.0, 0.0, 947.0, 674.0]
[64.0, 0.0, 964.0, 675.0]
[64.0, 0.0, 965.0, 676.0]
[112.0, 0.0, 1014.0, 676.0]
[96.0, 0.0, 999.0, 677.0]
[48.0, 0.0, 952.0, 678.0]
[48.0, 0.0, 953.0, 679.0]
[32.0, 0.0, 938.0, 680.0]
[96.0, 0.0, 1003.0, 680.0]
[112.0, 0.0, 1020.0, 681.0]
[112.0, 0.0, 1021.0, 682.0]
[16.0, 0.0, 926.0, 682.0]
[48.0, 0.0, 959.0, 683.0]
