[176.0, 64.0, 961.0, 653.0]
[160.0, 48.0, 946.0, 638.0]
[176.0, 48.0, 963.0, 638.0]
[64.0, 112.0, 852.0, 703.0]
[128.0, 48.0, 917.0, 640.0]
[192.0, 96.0, 982.0, 688.0]
[80.0, 32.0, 871.0, 625.0]
[176.0, 48.0, 968.0, 642.0]
[112.0, 80.0, 905.0, 675.0]
[192.0, 64.0, 986.0, 660.0]
[128.0, 96.0, 923.0, 692.0]
[48.0, 128.0, 844.0, 725.0]
[176.0, 32.0, 973.0, 630.0]
[32.0, 48.0, 830.0, 646.0]
[192.0, 48.0, 991.0, 647.0]
[80.0, 144.0, 880.0, 744.0]
[128.0, 48.0, 929.0, 649.0]
[80.0, 96.0, 882.0, 698.0]
[176.0, 112.0, 979.0, 714.0]
[160.0, 144.0, 964.0, 747.0]
[176.0, 16.0, 981.0, 620.0]
[192.0, 48.0, 998.0, 652.0]
[64.0, 48.0, 871.0, 653.0]
[160.0, 144.0, 968.0, 750.0]
[176.0, 48.0, 985.0, 655.0]
[160.0, 112.0, 970.0, 720.0]
[96.0, 32.0, 907.0, 640.0]
[160.0, 64.0, 972.0, 673.0]
[48.0, 96.0, 861.0, 706.0]
[128.0, 16.0, 942.0, 626.0]
[192.0, 96.0, 1007.0, 707.0]
[144.0, 80.0, 960.0, 692.0]
[16.0, 64.0, 833.0, 677.0]
[96.0, 64.0, 914.0, 678.0]
[64.0, 16.0, 883.0, 630.0]
[192.0, 80.0, 1012.0, 695.0]
[144.0, 32.0, 965.0, 648.0]
[32.0, 64.0, 854.0, 680.0]
[48.0, 16.0, 871.0, 633.0]
[80.0, 80.0, 904.0, 698.0]
[160.0, 16.0, 985.0, 635.0]
[160.0, 16.0, 986.0, 636.0]
[0.0, 96.0, 827.0, 716.0]
[96.0, 16.0, 924.0, 637.0]
[112.0, 96.0, 941.0, 718.0]
[192.0, 64.0, 1022.0, 686.0]
[128.0, 64.0, 959.0, 687.0]
[32.0, 80.0, 864.0, 704.0]
[128.0, 112.0, 961.0, 737.0]
[144.0, 16.0, 978.0, 642.0]
[112.0, 32.0, 947.0, 658.0]
[48.0, 64.0, 884.0, 691.0]
[160.0, 16.0, 997.0, 644.0]
[0.0, 32.0, 838.0, 660.0]
[112.0, 64.0, 951.0, 693.0]
[80.0, 128.0, 920.0, 758.0]
[64.0, 48.0, 905.0, 679.0]
[176.0, 16.0, 1018.0, 648.0]
[112.0, 128.0, 955.0, 760.0]
[128.0, 32.0, 972.0, 665.0]
[64.0, 96.0, 909.0, 730.0]
[16.0, 112.0, 862.0, 746.0]
[176.0, 112.0, 1023.0, 747.0]
[80.0, 32.0, 928.0, 668.0]
[64.0, 0.0, 913.0, 637.0]
[48.0, 64.0, 898.0, 702.0]
[64.0, 32.0, 915.0, 670.0]
[0.0, 16.0, 852.0, 655.0]
[112.0, 96.0, 965.0, 736.0]
[0.0, 48.0, 854.0, 688.0]
[80.0, 80.0, 935.0, 721.0]
[112.0, 16.0, 968.0, 658.0]
[160.0, 0.0, 1017.0, 643.0]
[160.0, 96.0, 1018.0, 740.0]
[80.0, 112.0, 939.0, 756.0]
[16.0, 48.0, 876.0, 693.0]
[144.0, 32.0, 1005.0, 678.0]
[16.0, 32.0, 878.0, 678.0]
[16.0, 64.0, 879.0, 711.0]
[64.0, 32.0, 928.0, 680.0]
[0.0, 64.0, 865.0, 713.0]
[96.0, 112.0, 962.0, 762.0]
[144.0, 80.0, 1011.0, 730.0]
[0.0, 16.0, 868.0, 667.0]
[16.0, 16.0, 885.0, 668.0]
[0.0, 96.0, 870.0, 748.0]
[96.0, 16.0, 967.0, 669.0]
[112.0, 96.0, 984.0, 750.0]
[112.0, 16.0, 985.0, 671.0]
[144.0, 80.0, 1018.0, 736.0]
[144.0, 112.0, 1019.0, 768.0]
[96.0, 48.0, 972.0, 705.0]
[112.0, 96.0, 989.0, 754.0]
[128.0, 64.0, 1006.0, 722.0]
[48.0, 32.0, 927.0, 691.0]
[48.0, 80.0, 928.0, 740.0]
[32.0, 64.0, 913.0, 725.0]
[128.0, 96.0, 1010.0, 758.0]
[16.0, 0.0, 899.0, 662.0]
[128.0, 80.0, 1012.0, 743.0]
[64.0, 16.0, 949.0, 680.0]
[16.0, 64.0, 902.0, 728.0]
[96.0, 48.0, 983.0, 713.0]
[112.0, 64.0, 1000.0, 730.0]
[48.0, 80.0, 937.0, 747.0]
[64.0, 96.0, 954.0, 764.0]
[112.0, 96.0, 1003.0, 764.0]
[0.0, 64.0, 892.0, 733.0]
[112.0, 48.0, 1005.0, 718.0]
[80.0, 16.0, 974.0, 686.0]
[80.0, 80.0, 975.0, 751.0]
[128.0, 0.0, 1024.0, 672.0]
[96.0, 0.0, 993.0, 673.0]
[112.0, 80.0, 1010.0, 754.0]
[16.0, 32.0, 915.0, 706.0]
[48.0, 32.0, 948.0, 707.0]
[64.0, 80.0, 965.0, 756.0]
[48.0, 48.0, 950.0, 724.0]
[0.0, 64.0, 903.0, 741.0]
[16.0, 64.0, 920.0, 742.0]
[48.0, 32.0, 953.0, 711.0]
[64.0, 80.0, 970.0, 760.0]
[0.0, 32.0, 907.0, 712.0]
[16.0, 64.0, 924.0, 745.0]
[64.0, 16.0, 973.0, 698.0]
[48.0, 0.0, 958.0, 682.0]
[96.0, 80.0, 1007.0, 763.0]
[0.0, 32.0, 912.0, 716.0]
[16.0, 64.0, 929.0, 749.0]
[32.0, 64.0, 946.0, 750.0]
[96.0, 64.0, 1011.0, 750.0]
[48.0, 0.0, 964.0, 687.0]
[64.0, 32.0, 981.0, 720.0]
[16.0, 0.0, 934.0, 688.0]
[96.0, 48.0, 1015.0, 737.0]
[64.0, 16.0, 984.0, 706.0]
[32.0, 16.0, 953.0, 707.0]
[64.0, 0.0, 986.0, 692.0]
[0.0, 16.0, 923.0, 708.0]
[80.0, 16.0, 1004.0, 709.0]
[32.0, 0.0, 957.0, 694.0]
[48.0, 32.0, 974.0, 726.0]
[16.0, 0.0, 943.0, 695.0]
[48.0, 64.0, 976.0, 760.0]
[80.0, 48.0, 1009.0, 745.0]
[16.0, 0.0, 946.0, 698.0]
[64.0, 48.0, 995.0, 746.0]
[0.0, 64.0, 932.0, 763.0]
[80.0, 16.0, 1013.0, 716.0]
[0.0, 48.0, 934.0, 748.0]
[80.0, 16.0, 1015.0, 717.0]
[16.0, 64.0, 952.0, 766.0]
[16.0, 16.0, 953.0, 719.0]
[32.0, 32.0, 970.0, 736.0]
[64.0, 32.0, 1003.0, 736.0]
[64.0, 0.0, 1004.0, 705.0]
[32.0, 16.0, 973.0, 722.0]
[0.0, 48.0, 942.0, 754.0]
[32.0, 48.0, 975.0, 755.0]
[48.0, 48.0, 992.0, 756.0]
[16.0, 0.0, 961.0, 709.0]
[0.0, 0.0, 946.0, 710.0]
[0.0, 32.0, 947.0, 742.0]
[48.0, 0.0, 996.0, 711.0]
[0.0, 32.0, 949.0, 744.0]
[48.0, 48.0, 998.0, 760.0]
[16.0, 16.0, 967.0, 729.0]
[32.0, 0.0, 984.0, 714.0]
[32.0, 0.0, 985.0, 715.0]
[64.0, 16.0, 1018.0, 732.0]
[32.0, 48.0, 987.0, 764.0]
[32.0, 0.0, 988.0, 717.0]
[32.0, 16.0, 989.0, 734.0]
[32.0, 32.0, 990.0, 750.0]
[64.0, 32.0, 1023.0, 751.0]
[48.0, 16.0, 1008.0, 736.0]
[16.0, 0.0, 977.0, 721.0]
[48.0, 0.0, 1010.0, 722.0]
[48.0, 32.0, 1011.0, 754.0]
[48.0, 32.0, 1012.0, 755.0]
[32.0, 0.0, 997.0, 724.0]
[0.0, 0.0, 966.0, 724.0]
[32.0, 32.0, 999.0, 757.0]
[0.0, 0.0, 968.0, 726.0]
[48.0, 32.0, 1017.0, 759.0]
[48.0, 32.0, 1018.0, 760.0]
[32.0, 16.0, 1003.0, 744.0]
[0.0, 16.0, 972.0, 745.0]
[0.0, 0.0, 973.0, 730.0]
[32.0, 16.0, 1006.0, 746.0]
[16.0, 16.0, 991.0, 747.0]
[16.0, 0.0, 992.0, 732.0]
[32.0, 0.0, 1009.0, 733.0]
[16.0, 32.0, 994.0, 766.0]
[0.0, 16.0, 979.0, 750.0]
[0.0, 32.0, 980.0, 767.0]
[0.0, 32.0, 981.0, 768.0]
[0.0, 0.0, 982.0, 736.0]
[16.0, 16.0, 999.0, 753.0]
[32.0, 16.0, 1016.0, 754.0]
[16.0, 0.0, 1001.0, 739.0]
[0.0, 16.0, 986.0, 756.0]
[32.0, 0.0, 1019.0, 740.0]
[32.0, 16.0, 1020.0, 757.0]
[16.0, 16.0, 1005.0, 758.0]
[0.0, 16.0, 990.0, 758.0]
[16.0, 16.0, 1007.0, 759.0]
[0.0, 16.0, 992.0, 760.0]
[0.0, 0.0, 993.0, 745.0]
[16.0, 0.0, 1010.0, 746.0]
[0.0, 16.0, 995.0, 762.0]
[16.0, 0.0, 1012.0, 747.0]
[0.0, 0.0, 997.0, 748.0]
[0.0, 0.0, 998.0, 748.0]
[0.0, 16.0, 999.0, 765.0]
[0.0, 16.0, 1000.0, 766.0]
[16.0, 0.0, 1017.0, 751.0]
[0.0, 16.0, 1002.0, 768.0]
[0.0, 0.0, 1003.0, 752.0]
[0.0, 0.0, 1004.0, 753.0]
[16.0, 0.0, 1021.0, 754.0]
[0.0, 0.0, 1006.0, 754.0]
[16.0, 0.0, 1023.0, 755.0]
[0.0, 0.0, 1008.0, 756.0]
[0.0, 0.0, 1009.0, 757.0]
[0.0, 0.0, 1010.0, 758.0]
[0.0, 0.0, 1011.0, 758.0]
[0.0, 0.0, 1012.0, 759.0]
[0.0, 0.0, 1013.0, 760.0]
[0.0, 0.0, 1014.0, 760.0]
[0.0, 0.0, 1015.0, 761.0]
[0.0, 0.0, 1016.0, 762.0]
[0.0, 0.0, 1017.0, 763.0]
[0.0, 0.0, 1018.0, 764.0]
[0.0, 0.0, 1019.0, 764.0]
[0.0, 0.0, 1020.0, 765.0]
[0.0, 0.0, 1021.0, 766.0]
[0.0, 0.0, 1022.0, 766.0]
[0.0, 0.0, 1023.0, 767.0]
[0.0, 0.0, 1024.0, 768.0]
