[128.0, 48.0, 845.0, 586.0]
[240.0, 32.0, 958.0, 570.0]
[112.0, 32.0, 831.0, 571.0]
[192.0, 32.0, 912.0, 572.0]
[272.0, 32.0, 993.0, 573.0]
[272.0, 32.0, 994.0, 574.0]
[144.0, 32.0, 867.0, 574.0]
[112.0, 16.0, 836.0, 559.0]
[112.0, 64.0, 837.0, 608.0]
[208.0, 16.0, 934.0, 560.0]
[112.0, 16.0, 839.0, 561.0]
[272.0, 32.0, 1000.0, 578.0]
[80.0, 48.0, 809.0, 595.0]
[160.0, 32.0, 890.0, 580.0]
[32.0, 16.0, 763.0, 564.0]
[144.0, 64.0, 876.0, 613.0]
[240.0, 64.0, 973.0, 614.0]
[256.0, 48.0, 990.0, 598.0]
[208.0, 32.0, 943.0, 583.0]
[176.0, 16.0, 912.0, 568.0]
[240.0, 64.0, 977.0, 617.0]
[32.0, 16.0, 770.0, 570.0]
[144.0, 16.0, 883.0, 570.0]
[128.0, 32.0, 868.0, 587.0]
[160.0, 64.0, 901.0, 620.0]
[96.0, 48.0, 838.0, 604.0]
[96.0, 0.0, 839.0, 557.0]
[208.0, 64.0, 952.0, 622.0]
[64.0, 64.0, 809.0, 623.0]
[64.0, 16.0, 810.0, 576.0]
[48.0, 0.0, 795.0, 560.0]
[64.0, 64.0, 812.0, 625.0]
[80.0, 0.0, 829.0, 562.0]
[192.0, 32.0, 942.0, 594.0]
[256.0, 32.0, 1007.0, 595.0]
[128.0, 16.0, 880.0, 580.0]
[16.0, 16.0, 769.0, 581.0]
[96.0, 16.0, 850.0, 582.0]
[112.0, 48.0, 867.0, 614.0]
[32.0, 64.0, 788.0, 631.0]
[192.0, 32.0, 949.0, 600.0]
[144.0, 64.0, 902.0, 632.0]
[32.0, 16.0, 791.0, 585.0]
[224.0, 32.0, 984.0, 602.0]
[96.0, 64.0, 857.0, 635.0]
[144.0, 48.0, 906.0, 620.0]
[96.0, 64.0, 859.0, 636.0]
[96.0, 16.0, 860.0, 589.0]
[176.0, 48.0, 941.0, 622.0]
[160.0, 16.0, 926.0, 590.0]
[32.0, 48.0, 799.0, 623.0]
[192.0, 32.0, 960.0, 608.0]
[240.0, 0.0, 1009.0, 577.0]
[32.0, 16.0, 802.0, 594.0]
[176.0, 64.0, 947.0, 642.0]
[224.0, 64.0, 996.0, 643.0]
[96.0, 0.0, 869.0, 580.0]
[96.0, 48.0, 870.0, 628.0]
[64.0, 0.0, 839.0, 581.0]
[0.0, 32.0, 776.0, 614.0]
[160.0, 48.0, 937.0, 631.0]
[80.0, 48.0, 858.0, 632.0]
[32.0, 16.0, 811.0, 600.0]
[128.0, 16.0, 908.0, 601.0]
[16.0, 48.0, 797.0, 634.0]
[0.0, 16.0, 782.0, 602.0]
[96.0, 32.0, 879.0, 619.0]
[48.0, 48.0, 832.0, 636.0]
[208.0, 16.0, 993.0, 605.0]
[16.0, 48.0, 802.0, 638.0]
[192.0, 32.0, 979.0, 622.0]
[112.0, 32.0, 900.0, 623.0]
[48.0, 0.0, 837.0, 592.0]
[144.0, 32.0, 934.0, 624.0]
[144.0, 32.0, 935.0, 625.0]
[32.0, 48.0, 824.0, 642.0]
[224.0, 0.0, 1017.0, 595.0]
[192.0, 16.0, 986.0, 612.0]
[48.0, 48.0, 843.0, 644.0]
[32.0, 32.0, 828.0, 629.0]
[96.0, 16.0, 893.0, 614.0]
[0.0, 16.0, 798.0, 614.0]
[224.0, 16.0, 1023.0, 615.0]
[96.0, 32.0, 896.0, 632.0]
[128.0, 48.0, 929.0, 649.0]
[16.0, 0.0, 818.0, 602.0]
[80.0, 48.0, 883.0, 650.0]
[160.0, 16.0, 964.0, 619.0]
[0.0, 16.0, 805.0, 620.0]
[144.0, 48.0, 950.0, 652.0]
[208.0, 16.0, 1015.0, 621.0]
[48.0, 32.0, 856.0, 638.0]
[48.0, 48.0, 857.0, 655.0]
[176.0, 16.0, 986.0, 624.0]
[128.0, 64.0, 939.0, 672.0]
[64.0, 0.0, 876.0, 609.0]
[176.0, 64.0, 989.0, 674.0]
[176.0, 48.0, 990.0, 658.0]
[64.0, 64.0, 879.0, 675.0]
[96.0, 32.0, 912.0, 644.0]
[112.0, 32.0, 929.0, 645.0]
[96.0, 48.0, 914.0, 662.0]
[96.0, 16.0, 915.0, 630.0]
[96.0, 16.0, 916.0, 631.0]
[64.0, 0.0, 885.0, 616.0]
[48.0, 32.0, 870.0, 648.0]
[112.0, 48.0, 935.0, 665.0]
[160.0, 16.0, 984.0, 634.0]
[16.0, 32.0, 841.0, 651.0]
[48.0, 48.0, 874.0, 668.0]
[192.0, 32.0, 1019.0, 652.0]
[96.0, 16.0, 924.0, 637.0]
[176.0, 0.0, 1005.0, 622.0]
[192.0, 0.0, 1022.0, 622.0]
[160.0, 32.0, 991.0, 655.0]
[80.0, 48.0, 912.0, 672.0]
[80.0, 0.0, 913.0, 625.0]
[144.0, 0.0, 978.0, 626.0]
[80.0, 0.0, 915.0, 626.0]
[64.0, 0.0, 900.0, 627.0]
[16.0, 16.0, 853.0, 644.0]
[80.0, 48.0, 918.0, 676.0]
[48.0, 32.0, 887.0, 661.0]
[48.0, 16.0, 888.0, 646.0]
[64.0, 48.0, 905.0, 679.0]
[144.0, 48.0, 986.0, 680.0]
[160.0, 0.0, 1003.0, 632.0]
[96.0, 0.0, 940.0, 633.0]
[176.0, 0.0, 1021.0, 634.0]
[160.0, 32.0, 1006.0, 666.0]
[96.0, 32.0, 943.0, 667.0]
[16.0, 32.0, 864.0, 668.0]
[64.0, 16.0, 913.0, 653.0]
[112.0, 16.0, 962.0, 654.0]
[32.0, 0.0, 883.0, 638.0]
[160.0, 0.0, 1012.0, 639.0]
[128.0, 16.0, 981.0, 656.0]
[96.0, 32.0, 950.0, 672.0]
[112.0, 32.0, 967.0, 673.0]
[64.0, 0.0, 920.0, 642.0]
[112.0, 16.0, 969.0, 659.0]
[80.0, 0.0, 938.0, 644.0]
[96.0, 32.0, 955.0, 676.0]
[144.0, 0.0, 1004.0, 645.0]
[32.0, 16.0, 893.0, 662.0]
[64.0, 32.0, 926.0, 678.0]
[80.0, 32.0, 943.0, 679.0]
[16.0, 0.0, 880.0, 648.0]
[112.0, 0.0, 977.0, 649.0]
[96.0, 0.0, 962.0, 650.0]
[96.0, 16.0, 963.0, 666.0]
[32.0, 0.0, 900.0, 651.0]
[80.0, 16.0, 949.0, 668.0]
[64.0, 32.0, 934.0, 684.0]
[80.0, 16.0, 951.0, 669.0]
[96.0, 0.0, 968.0, 654.0]
[64.0, 16.0, 937.0, 671.0]
[96.0, 16.0, 970.0, 672.0]
[112.0, 0.0, 987.0, 656.0]
[128.0, 0.0, 1004.0, 657.0]
[96.0, 16.0, 973.0, 674.0]
[64.0, 16.0, 942.0, 674.0]
[16.0, 16.0, 895.0, 675.0]
[128.0, 0.0, 1008.0, 660.0]
[32.0, 16.0, 913.0, 677.0]
[48.0, 16.0, 930.0, 678.0]
[80.0, 16.0, 963.0, 678.0]
[80.0, 0.0, 964.0, 663.0]
[48.0, 0.0, 933.0, 664.0]
[16.0, 0.0, 902.0, 664.0]
[112.0, 0.0, 999.0, 665.0]
[16.0, 0.0, 904.0, 666.0]
[16.0, 16.0, 905.0, 683.0]
[32.0, 16.0, 922.0, 684.0]
[112.0, 0.0, 1003.0, 668.0]
[128.0, 0.0, 1020.0, 669.0]
[128.0, 0.0, 1021.0, 670.0]
[80.0, 0.0, 974.0, 670.0]
[112.0, 0.0, 1007.0, 671.0]
[48.0, 0.0, 944.0, 672.0]
[32.0, 0.0, 929.0, 673.0]
[64.0, 0.0, 962.0, 674.0]
[80.0, 0.0, 979.0, 674.0]
[0.0, 0.0, 900.0, 675.0]
[0.0, 0.0, 901.0, 676.0]
[64.0, 0.0, 966.0, 676.0]
[0.0, 0.0, 903.0, 677.0]
[64.0, 0.0, 968.0, 678.0]
[96.0, 0.0, 1001.0, 679.0]
[96.0, 0.0, 1002.0, 680.0]
[112.0, 0.0, 1019.0, 680.0]
[48.0, 0.0, 956.0, 681.0]
[112.0, 0.0, 1021.0, 682.0]
[112.0, 0.0, 1022.0, 682.0]
[16.0, 0.0, 927.0, 683.0]
[48.0, 0.0, 960.0, 684.0]
