[32.0, 0.0, 749.0, 538.0]
[32.0, 0.0, 750.0, 538.0]
[0.0, 32.0, 719.0, 571.0]
[0.0, 16.0, 720.0, 556.0]
[48.0, 16.0, 769.0, 557.0]
[16.0, 16.0, 738.0, 558.0]
[48.0, 32.0, 771.0, 574.0]
[64.0, 16.0, 788.0, 559.0]
[16.0, 16.0, 741.0, 560.0]
[80.0, 48.0, 806.0, 592.0]
[64.0, 32.0, 791.0, 577.0]
[32.0, 0.0, 760.0, 546.0]
[64.0, 0.0, 793.0, 547.0]
[80.0, 16.0, 810.0, 564.0]
[0.0, 32.0, 731.0, 580.0]
[96.0, 16.0, 828.0, 565.0]
[32.0, 32.0, 765.0, 582.0]
[48.0, 16.0, 782.0, 566.0]
[80.0, 0.0, 815.0, 551.0]
[48.0, 16.0, 784.0, 568.0]
[32.0, 32.0, 769.0, 585.0]
[80.0, 32.0, 818.0, 586.0]
[80.0, 16.0, 819.0, 570.0]
[0.0, 16.0, 740.0, 571.0]
[48.0, 0.0, 789.0, 556.0]
[80.0, 32.0, 822.0, 588.0]
[16.0, 16.0, 759.0, 573.0]
[96.0, 0.0, 840.0, 558.0]
[16.0, 16.0, 761.0, 575.0]
[0.0, 0.0, 746.0, 560.0]
[16.0, 0.0, 763.0, 560.0]
[16.0, 16.0, 764.0, 577.0]
[64.0, 16.0, 813.0, 578.0]
[16.0, 16.0, 766.0, 578.0]
[32.0, 16.0, 783.0, 579.0]
[80.0, 16.0, 832.0, 580.0]
[16.0, 16.0, 769.0, 581.0]
[64.0, 0.0, 818.0, 566.0]
[0.0, 16.0, 755.0, 582.0]
[80.0, 16.0, 836.0, 583.0]
[80.0, 0.0, 837.0, 568.0]
[16.0, 16.0, 774.0, 584.0]
[64.0, 16.0, 823.0, 585.0]
[48.0, 0.0, 808.0, 570.0]
[16.0, 16.0, 777.0, 587.0]
[16.0, 16.0, 778.0, 588.0]
[32.0, 16.0, 795.0, 588.0]
[48.0, 0.0, 812.0, 573.0]
[0.0, 16.0, 765.0, 590.0]
[64.0, 0.0, 830.0, 574.0]
[0.0, 0.0, 767.0, 575.0]
[64.0, 0.0, 832.0, 576.0]
[48.0, 0.0, 817.0, 577.0]
[16.0, 0.0, 786.0, 578.0]
[64.0, 0.0, 835.0, 578.0]
[32.0, 0.0, 804.0, 579.0]
[32.0, 0.0, 805.0, 580.0]
[16.0, 0.0, 790.0, 580.0]
[16.0, 0.0, 791.0, 581.0]
[16.0, 0.0, 792.0, 582.0]
[0.0, 0.0, 777.0, 583.0]
[64.0, 0.0, 842.0, 584.0]
[48.0, 0.0, 827.0, 584.0]
[32.0, 0.0, 812.0, 585.0]
[48.0, 0.0, 829.0, 586.0]
[32.0, 0.0, 814.0, 586.0]
[16.0, 0.0, 799.0, 587.0]
[32.0, 0.0, 816.0, 588.0]
[32.0, 0.0, 817.0, 589.0]
[32.0, 0.0, 818.0, 590.0]
[16.0, 0.0, 803.0, 590.0]
[0.0, 0.0, 788.0, 591.0]
[0.0, 0.0, 789.0, 592.0]
[32.0, 0.0, 822.0, 592.0]
