[0.0, 32.0, 717.0, 570.0]
[48.0, 64.0, 766.0, 602.0]
[64.0, 128.0, 783.0, 667.0]
[32.0, 96.0, 752.0, 636.0]
[32.0, 80.0, 753.0, 621.0]
[96.0, 80.0, 818.0, 622.0]
[48.0, 16.0, 771.0, 558.0]
[0.0, 64.0, 724.0, 607.0]
[80.0, 112.0, 805.0, 656.0]
[32.0, 128.0, 758.0, 672.0]
[112.0, 128.0, 839.0, 673.0]
[0.0, 48.0, 728.0, 594.0]
[96.0, 112.0, 825.0, 659.0]
[64.0, 96.0, 794.0, 644.0]
[96.0, 0.0, 827.0, 548.0]
[128.0, 16.0, 860.0, 565.0]
[96.0, 32.0, 829.0, 582.0]
[48.0, 0.0, 782.0, 550.0]
[16.0, 64.0, 751.0, 615.0]
[128.0, 64.0, 864.0, 616.0]
[64.0, 96.0, 801.0, 649.0]
[112.0, 16.0, 850.0, 570.0]
[32.0, 64.0, 771.0, 618.0]
[48.0, 64.0, 788.0, 619.0]
[16.0, 48.0, 757.0, 604.0]
[144.0, 64.0, 886.0, 620.0]
[64.0, 32.0, 807.0, 589.0]
[112.0, 32.0, 856.0, 590.0]
[0.0, 32.0, 745.0, 591.0]
[48.0, 64.0, 794.0, 624.0]
[128.0, 48.0, 875.0, 608.0]
[0.0, 16.0, 748.0, 577.0]
[16.0, 96.0, 765.0, 658.0]
[80.0, 48.0, 830.0, 610.0]
[128.0, 32.0, 879.0, 595.0]
[32.0, 32.0, 784.0, 596.0]
[16.0, 32.0, 769.0, 597.0]
[112.0, 32.0, 866.0, 598.0]
[32.0, 0.0, 787.0, 566.0]
[112.0, 112.0, 868.0, 679.0]
[112.0, 80.0, 869.0, 648.0]
[32.0, 32.0, 790.0, 600.0]
[32.0, 32.0, 791.0, 601.0]
[16.0, 48.0, 776.0, 618.0]
[32.0, 96.0, 793.0, 667.0]
[64.0, 32.0, 826.0, 604.0]
[128.0, 96.0, 891.0, 668.0]
[96.0, 48.0, 860.0, 621.0]
[48.0, 0.0, 813.0, 574.0]
[0.0, 48.0, 766.0, 622.0]
[32.0, 0.0, 799.0, 575.0]
[128.0, 48.0, 896.0, 624.0]
[32.0, 64.0, 801.0, 641.0]
[128.0, 32.0, 898.0, 610.0]
[32.0, 0.0, 803.0, 578.0]
[144.0, 32.0, 916.0, 611.0]
[128.0, 80.0, 901.0, 660.0]
[48.0, 96.0, 822.0, 676.0]
[128.0, 32.0, 903.0, 613.0]
[0.0, 16.0, 776.0, 598.0]
[48.0, 64.0, 825.0, 647.0]
[112.0, 64.0, 890.0, 648.0]
[16.0, 32.0, 795.0, 616.0]
[32.0, 96.0, 812.0, 681.0]
[16.0, 80.0, 797.0, 666.0]
[64.0, 32.0, 846.0, 618.0]
[112.0, 80.0, 895.0, 667.0]
[64.0, 48.0, 848.0, 636.0]
[32.0, 16.0, 817.0, 605.0]
[0.0, 0.0, 786.0, 590.0]
[0.0, 64.0, 787.0, 654.0]
[144.0, 48.0, 932.0, 639.0]
[48.0, 0.0, 837.0, 592.0]
[16.0, 48.0, 806.0, 640.0]
[96.0, 80.0, 887.0, 673.0]
[128.0, 64.0, 920.0, 658.0]
[16.0, 48.0, 809.0, 643.0]
[32.0, 16.0, 826.0, 612.0]
[0.0, 32.0, 795.0, 628.0]
[32.0, 64.0, 828.0, 661.0]
[48.0, 48.0, 845.0, 646.0]
[96.0, 16.0, 894.0, 614.0]
[32.0, 16.0, 831.0, 615.0]
[16.0, 16.0, 816.0, 616.0]
[32.0, 16.0, 833.0, 617.0]
[32.0, 80.0, 834.0, 682.0]
[32.0, 0.0, 835.0, 602.0]
[80.0, 80.0, 884.0, 683.0]
[64.0, 0.0, 869.0, 604.0]
[96.0, 64.0, 902.0, 668.0]
[48.0, 48.0, 855.0, 653.0]
[32.0, 48.0, 840.0, 654.0]
[64.0, 64.0, 873.0, 671.0]
[112.0, 48.0, 922.0, 656.0]
[32.0, 48.0, 843.0, 656.0]
[48.0, 16.0, 860.0, 625.0]
[80.0, 64.0, 893.0, 674.0]
[128.0, 16.0, 942.0, 626.0]
[128.0, 64.0, 943.0, 675.0]
[32.0, 64.0, 848.0, 676.0]
[144.0, 48.0, 961.0, 661.0]
[96.0, 32.0, 914.0, 646.0]
[80.0, 32.0, 899.0, 646.0]
[64.0, 0.0, 884.0, 615.0]
[128.0, 16.0, 949.0, 632.0]
[0.0, 0.0, 822.0, 616.0]
[112.0, 32.0, 935.0, 649.0]
[64.0, 0.0, 888.0, 618.0]
[80.0, 64.0, 905.0, 683.0]
[128.0, 48.0, 954.0, 668.0]
[48.0, 16.0, 875.0, 636.0]
[48.0, 32.0, 876.0, 653.0]
[96.0, 32.0, 925.0, 654.0]
[112.0, 16.0, 942.0, 638.0]
[0.0, 48.0, 831.0, 671.0]
[64.0, 48.0, 896.0, 672.0]
[80.0, 48.0, 913.0, 673.0]
[112.0, 16.0, 946.0, 642.0]
[128.0, 32.0, 963.0, 658.0]
[64.0, 0.0, 900.0, 627.0]
[48.0, 48.0, 885.0, 676.0]
[128.0, 16.0, 966.0, 644.0]
[32.0, 16.0, 871.0, 645.0]
[0.0, 16.0, 840.0, 646.0]
[64.0, 0.0, 905.0, 631.0]
[80.0, 32.0, 922.0, 664.0]
[16.0, 0.0, 859.0, 632.0]
[112.0, 32.0, 956.0, 665.0]
[64.0, 32.0, 909.0, 666.0]
[16.0, 32.0, 862.0, 666.0]
[96.0, 48.0, 943.0, 683.0]
[64.0, 32.0, 912.0, 668.0]
[32.0, 0.0, 881.0, 637.0]
[48.0, 32.0, 898.0, 670.0]
[0.0, 0.0, 851.0, 638.0]
[80.0, 16.0, 932.0, 655.0]
[80.0, 0.0, 933.0, 640.0]
[16.0, 0.0, 870.0, 640.0]
[128.0, 32.0, 983.0, 673.0]
[32.0, 32.0, 888.0, 674.0]
[48.0, 32.0, 905.0, 675.0]
[112.0, 0.0, 970.0, 644.0]
[48.0, 16.0, 907.0, 660.0]
[48.0, 0.0, 908.0, 645.0]
[80.0, 16.0, 941.0, 662.0]
[96.0, 0.0, 958.0, 646.0]
[64.0, 16.0, 927.0, 663.0]
[80.0, 0.0, 944.0, 648.0]
[64.0, 0.0, 929.0, 649.0]
[112.0, 32.0, 978.0, 682.0]
[80.0, 32.0, 947.0, 682.0]
[48.0, 32.0, 916.0, 683.0]
[64.0, 16.0, 933.0, 668.0]
[0.0, 16.0, 870.0, 668.0]
[16.0, 16.0, 887.0, 669.0]
[96.0, 0.0, 968.0, 654.0]
[48.0, 16.0, 921.0, 671.0]
[64.0, 16.0, 938.0, 672.0]
[16.0, 16.0, 891.0, 672.0]
[16.0, 0.0, 892.0, 657.0]
[80.0, 0.0, 957.0, 658.0]
[32.0, 0.0, 910.0, 658.0]
[32.0, 0.0, 911.0, 659.0]
[96.0, 0.0, 976.0, 660.0]
[16.0, 16.0, 897.0, 677.0]
[16.0, 16.0, 898.0, 678.0]
[16.0, 16.0, 899.0, 678.0]
[32.0, 16.0, 916.0, 679.0]
[80.0, 16.0, 965.0, 680.0]
[16.0, 0.0, 902.0, 664.0]
[96.0, 0.0, 983.0, 665.0]
[16.0, 16.0, 904.0, 682.0]
[48.0, 0.0, 937.0, 667.0]
[48.0, 0.0, 938.0, 668.0]
[64.0, 0.0, 955.0, 668.0]
[64.0, 0.0, 956.0, 669.0]
[32.0, 0.0, 925.0, 670.0]
[64.0, 0.0, 958.0, 670.0]
[96.0, 0.0, 991.0, 671.0]
[32.0, 0.0, 928.0, 672.0]
[32.0, 0.0, 929.0, 673.0]
[32.0, 0.0, 930.0, 674.0]
[32.0, 0.0, 931.0, 674.0]
[80.0, 0.0, 980.0, 675.0]
[16.0, 0.0, 917.0, 676.0]
[64.0, 0.0, 966.0, 676.0]
[80.0, 0.0, 983.0, 677.0]
[16.0, 0.0, 920.0, 678.0]
[16.0, 0.0, 921.0, 679.0]
[0.0, 0.0, 906.0, 680.0]
[16.0, 0.0, 923.0, 680.0]
[32.0, 0.0, 940.0, 681.0]
[16.0, 0.0, 925.0, 682.0]
[48.0, 0.0, 958.0, 682.0]
[64.0, 0.0, 975.0, 683.0]
