[48.0, 32.0, 765.0, 570.0]
[224.0, 32.0, 942.0, 570.0]
[256.0, 16.0, 975.0, 555.0]
[176.0, 64.0, 896.0, 604.0]
[160.0, 48.0, 881.0, 589.0]
[128.0, 48.0, 850.0, 590.0]
[176.0, 16.0, 899.0, 558.0]
[128.0, 32.0, 852.0, 575.0]
[272.0, 48.0, 997.0, 592.0]
[96.0, 64.0, 822.0, 608.0]
[96.0, 48.0, 823.0, 593.0]
[208.0, 32.0, 936.0, 578.0]
[80.0, 16.0, 809.0, 563.0]
[224.0, 32.0, 954.0, 580.0]
[96.0, 64.0, 827.0, 612.0]
[80.0, 48.0, 812.0, 597.0]
[64.0, 16.0, 797.0, 566.0]
[240.0, 16.0, 974.0, 566.0]
[80.0, 64.0, 815.0, 615.0]
[128.0, 48.0, 864.0, 600.0]
[64.0, 48.0, 801.0, 601.0]
[256.0, 48.0, 994.0, 602.0]
[112.0, 64.0, 851.0, 618.0]
[208.0, 48.0, 948.0, 603.0]
[224.0, 32.0, 965.0, 588.0]
[240.0, 64.0, 982.0, 620.0]
[128.0, 16.0, 871.0, 573.0]
[48.0, 16.0, 792.0, 574.0]
[160.0, 16.0, 905.0, 575.0]
[128.0, 64.0, 874.0, 624.0]
[192.0, 0.0, 939.0, 560.0]
[224.0, 32.0, 972.0, 593.0]
[80.0, 48.0, 829.0, 610.0]
[192.0, 32.0, 942.0, 594.0]
[240.0, 48.0, 991.0, 611.0]
[128.0, 48.0, 880.0, 612.0]
[160.0, 16.0, 913.0, 581.0]
[144.0, 48.0, 898.0, 614.0]
[64.0, 0.0, 819.0, 566.0]
[64.0, 32.0, 820.0, 599.0]
[64.0, 48.0, 821.0, 616.0]
[224.0, 32.0, 982.0, 600.0]
[112.0, 64.0, 871.0, 633.0]
[64.0, 64.0, 824.0, 634.0]
[16.0, 0.0, 777.0, 571.0]
[96.0, 48.0, 858.0, 620.0]
[160.0, 64.0, 923.0, 636.0]
[240.0, 32.0, 1004.0, 605.0]
[64.0, 48.0, 829.0, 622.0]
[16.0, 0.0, 782.0, 574.0]
[32.0, 16.0, 799.0, 591.0]
[80.0, 16.0, 848.0, 592.0]
[160.0, 64.0, 929.0, 641.0]
[0.0, 16.0, 770.0, 594.0]
[224.0, 0.0, 995.0, 578.0]
[176.0, 64.0, 948.0, 643.0]
[224.0, 32.0, 997.0, 612.0]
[240.0, 0.0, 1014.0, 580.0]
[32.0, 32.0, 807.0, 613.0]
[32.0, 0.0, 808.0, 582.0]
[64.0, 0.0, 841.0, 583.0]
[80.0, 64.0, 858.0, 648.0]
[80.0, 0.0, 859.0, 584.0]
[48.0, 32.0, 828.0, 617.0]
[128.0, 16.0, 909.0, 602.0]
[16.0, 32.0, 798.0, 618.0]
[192.0, 48.0, 975.0, 635.0]
[32.0, 48.0, 816.0, 636.0]
[128.0, 48.0, 913.0, 637.0]
[0.0, 32.0, 786.0, 622.0]
[144.0, 32.0, 931.0, 622.0]
[80.0, 0.0, 868.0, 591.0]
[16.0, 0.0, 805.0, 592.0]
[64.0, 0.0, 854.0, 592.0]
[48.0, 0.0, 839.0, 593.0]
[192.0, 16.0, 984.0, 610.0]
[80.0, 16.0, 873.0, 611.0]
[0.0, 32.0, 794.0, 628.0]
[160.0, 48.0, 955.0, 644.0]
[96.0, 16.0, 892.0, 613.0]
[112.0, 0.0, 909.0, 598.0]
[96.0, 32.0, 894.0, 630.0]
[64.0, 0.0, 863.0, 599.0]
[32.0, 48.0, 832.0, 648.0]
[160.0, 64.0, 961.0, 665.0]
[160.0, 48.0, 962.0, 650.0]
[32.0, 32.0, 835.0, 634.0]
[64.0, 64.0, 868.0, 667.0]
[48.0, 64.0, 853.0, 668.0]
[16.0, 16.0, 822.0, 620.0]
[96.0, 32.0, 903.0, 637.0]
[128.0, 16.0, 936.0, 622.0]
[112.0, 0.0, 921.0, 607.0]
[80.0, 32.0, 890.0, 640.0]
[64.0, 48.0, 875.0, 656.0]
[208.0, 0.0, 1020.0, 609.0]
[96.0, 0.0, 909.0, 610.0]
[96.0, 32.0, 910.0, 642.0]
[0.0, 0.0, 815.0, 611.0]
[160.0, 48.0, 976.0, 660.0]
[192.0, 16.0, 1009.0, 629.0]
[176.0, 48.0, 994.0, 662.0]
[0.0, 16.0, 819.0, 630.0]
[160.0, 0.0, 980.0, 615.0]
[144.0, 0.0, 965.0, 616.0]
[48.0, 0.0, 870.0, 616.0]
[64.0, 16.0, 887.0, 633.0]
[128.0, 16.0, 952.0, 634.0]
[96.0, 48.0, 921.0, 667.0]
[112.0, 0.0, 938.0, 620.0]
[192.0, 32.0, 1019.0, 652.0]
[128.0, 16.0, 956.0, 637.0]
[160.0, 16.0, 989.0, 638.0]
[128.0, 48.0, 958.0, 670.0]
[48.0, 16.0, 879.0, 639.0]
[32.0, 0.0, 864.0, 624.0]
[112.0, 16.0, 945.0, 641.0]
[128.0, 0.0, 962.0, 626.0]
[80.0, 16.0, 915.0, 642.0]
[128.0, 32.0, 964.0, 659.0]
[176.0, 32.0, 1013.0, 660.0]
[96.0, 16.0, 934.0, 644.0]
[160.0, 32.0, 999.0, 661.0]
[112.0, 32.0, 952.0, 662.0]
[64.0, 16.0, 905.0, 647.0]
[32.0, 32.0, 874.0, 664.0]
[64.0, 32.0, 907.0, 664.0]
[48.0, 0.0, 892.0, 633.0]
[96.0, 32.0, 941.0, 666.0]
[144.0, 32.0, 990.0, 666.0]
[144.0, 16.0, 991.0, 651.0]
[0.0, 16.0, 848.0, 652.0]
[64.0, 32.0, 913.0, 669.0]
[48.0, 16.0, 898.0, 654.0]
[128.0, 16.0, 979.0, 654.0]
[112.0, 16.0, 964.0, 655.0]
[96.0, 0.0, 949.0, 640.0]
[96.0, 16.0, 950.0, 656.0]
[48.0, 0.0, 903.0, 641.0]
[144.0, 0.0, 1000.0, 642.0]
[16.0, 0.0, 873.0, 643.0]
[160.0, 0.0, 1018.0, 644.0]
[96.0, 0.0, 955.0, 644.0]
[96.0, 16.0, 956.0, 661.0]
[144.0, 16.0, 1005.0, 662.0]
[128.0, 0.0, 990.0, 646.0]
[32.0, 0.0, 895.0, 647.0]
[144.0, 0.0, 1008.0, 648.0]
[16.0, 16.0, 881.0, 665.0]
[48.0, 16.0, 914.0, 666.0]
[0.0, 0.0, 867.0, 650.0]
[80.0, 16.0, 948.0, 667.0]
[64.0, 0.0, 933.0, 652.0]
[112.0, 0.0, 982.0, 652.0]
[144.0, 0.0, 1015.0, 653.0]
[32.0, 0.0, 904.0, 654.0]
[64.0, 16.0, 937.0, 671.0]
[112.0, 0.0, 986.0, 656.0]
[48.0, 0.0, 923.0, 656.0]
[32.0, 0.0, 908.0, 657.0]
[96.0, 0.0, 973.0, 658.0]
[112.0, 0.0, 990.0, 658.0]
[96.0, 0.0, 975.0, 659.0]
[128.0, 0.0, 1008.0, 660.0]
[128.0, 0.0, 1009.0, 661.0]
[128.0, 0.0, 1010.0, 662.0]
[128.0, 0.0, 1011.0, 662.0]
[96.0, 0.0, 980.0, 663.0]
[112.0, 0.0, 997.0, 664.0]
[48.0, 0.0, 934.0, 664.0]
[0.0, 0.0, 887.0, 665.0]
[16.0, 0.0, 904.0, 666.0]
[16.0, 0.0, 905.0, 667.0]
[64.0, 0.0, 954.0, 668.0]
[128.0, 0.0, 1019.0, 668.0]
[128.0, 0.0, 1020.0, 669.0]
[128.0, 0.0, 1021.0, 670.0]
[0.0, 0.0, 894.0, 670.0]
[64.0, 0.0, 959.0, 671.0]
