[144.0, 128.0, 861.0, 666.0]
[176.0, 112.0, 894.0, 650.0]
[160.0, 80.0, 879.0, 619.0]
[272.0, 96.0, 992.0, 636.0]
[256.0, 64.0, 977.0, 605.0]
[160.0, 80.0, 882.0, 622.0]
[160.0, 112.0, 883.0, 654.0]
[240.0, 48.0, 964.0, 591.0]
[176.0, 80.0, 901.0, 624.0]
[160.0, 48.0, 886.0, 592.0]
[160.0, 80.0, 887.0, 625.0]
[160.0, 16.0, 888.0, 562.0]
[240.0, 80.0, 969.0, 627.0]
[208.0, 112.0, 938.0, 660.0]
[176.0, 16.0, 907.0, 564.0]
[240.0, 64.0, 972.0, 613.0]
[144.0, 32.0, 877.0, 582.0]
[176.0, 112.0, 910.0, 662.0]
[240.0, 16.0, 975.0, 567.0]
[208.0, 80.0, 944.0, 632.0]
[272.0, 32.0, 1009.0, 585.0]
[256.0, 32.0, 994.0, 586.0]
[96.0, 96.0, 835.0, 650.0]
[144.0, 32.0, 884.0, 587.0]
[128.0, 32.0, 869.0, 588.0]
[144.0, 112.0, 886.0, 668.0]
[208.0, 128.0, 951.0, 685.0]
[128.0, 48.0, 872.0, 606.0]
[112.0, 112.0, 857.0, 671.0]
[240.0, 80.0, 986.0, 640.0]
[160.0, 128.0, 907.0, 688.0]
[224.0, 96.0, 972.0, 657.0]
[240.0, 48.0, 989.0, 610.0]
[256.0, 80.0, 1006.0, 642.0]
[160.0, 96.0, 911.0, 659.0]
[160.0, 32.0, 912.0, 596.0]
[176.0, 48.0, 929.0, 613.0]
[240.0, 112.0, 994.0, 678.0]
[192.0, 32.0, 947.0, 598.0]
[96.0, 96.0, 852.0, 663.0]
[176.0, 48.0, 933.0, 616.0]
[96.0, 16.0, 854.0, 584.0]
[112.0, 96.0, 871.0, 665.0]
[112.0, 16.0, 872.0, 586.0]
[192.0, 80.0, 953.0, 651.0]
[224.0, 48.0, 986.0, 620.0]
[208.0, 64.0, 971.0, 636.0]
[240.0, 112.0, 1004.0, 685.0]
[128.0, 96.0, 893.0, 670.0]
[176.0, 112.0, 942.0, 686.0]
[64.0, 32.0, 831.0, 607.0]
[128.0, 16.0, 896.0, 592.0]
[144.0, 112.0, 913.0, 689.0]
[224.0, 80.0, 994.0, 658.0]
[208.0, 80.0, 979.0, 658.0]
[64.0, 80.0, 836.0, 659.0]
[144.0, 0.0, 917.0, 580.0]
[176.0, 48.0, 950.0, 628.0]
[64.0, 32.0, 839.0, 613.0]
[240.0, 48.0, 1016.0, 630.0]
[144.0, 80.0, 921.0, 663.0]
[80.0, 32.0, 858.0, 616.0]
[208.0, 64.0, 987.0, 648.0]
[160.0, 0.0, 940.0, 585.0]
[208.0, 0.0, 989.0, 586.0]
[224.0, 80.0, 1006.0, 666.0]
[176.0, 96.0, 959.0, 683.0]
[240.0, 96.0, 1024.0, 684.0]
[112.0, 64.0, 897.0, 653.0]
[80.0, 64.0, 866.0, 654.0]
[128.0, 32.0, 915.0, 622.0]
[128.0, 32.0, 916.0, 623.0]
[176.0, 48.0, 965.0, 640.0]
[96.0, 96.0, 886.0, 688.0]
[96.0, 96.0, 887.0, 689.0]
[176.0, 16.0, 968.0, 610.0]
[144.0, 80.0, 937.0, 675.0]
[208.0, 80.0, 1002.0, 676.0]
[64.0, 64.0, 859.0, 660.0]
[224.0, 80.0, 1020.0, 677.0]
[96.0, 16.0, 893.0, 614.0]
[192.0, 48.0, 990.0, 646.0]
[224.0, 0.0, 1023.0, 599.0]
[48.0, 48.0, 848.0, 648.0]
[128.0, 16.0, 929.0, 617.0]
[208.0, 48.0, 1010.0, 650.0]
[176.0, 64.0, 979.0, 666.0]
[64.0, 80.0, 868.0, 683.0]
[160.0, 16.0, 965.0, 620.0]
[160.0, 64.0, 966.0, 668.0]
[96.0, 80.0, 903.0, 685.0]
[176.0, 0.0, 984.0, 606.0]
[192.0, 16.0, 1001.0, 623.0]
[80.0, 80.0, 890.0, 688.0]
[144.0, 32.0, 955.0, 640.0]
[80.0, 48.0, 892.0, 657.0]
[64.0, 48.0, 877.0, 658.0]
[112.0, 64.0, 926.0, 674.0]
[160.0, 64.0, 975.0, 675.0]
[96.0, 0.0, 912.0, 612.0]
[112.0, 48.0, 929.0, 661.0]
[96.0, 48.0, 914.0, 662.0]
[192.0, 0.0, 1011.0, 614.0]
[80.0, 32.0, 900.0, 647.0]
[48.0, 16.0, 869.0, 632.0]
[144.0, 32.0, 966.0, 648.0]
[176.0, 64.0, 999.0, 681.0]
[192.0, 0.0, 1016.0, 618.0]
[64.0, 0.0, 889.0, 619.0]
[176.0, 64.0, 1002.0, 684.0]
[192.0, 0.0, 1019.0, 620.0]
[64.0, 16.0, 892.0, 637.0]
[64.0, 0.0, 893.0, 622.0]
[112.0, 32.0, 942.0, 654.0]
[32.0, 0.0, 863.0, 623.0]
[192.0, 48.0, 1024.0, 672.0]
[32.0, 16.0, 865.0, 641.0]
[32.0, 16.0, 866.0, 642.0]
[32.0, 0.0, 867.0, 626.0]
[80.0, 0.0, 916.0, 627.0]
[16.0, 48.0, 853.0, 676.0]
[144.0, 16.0, 982.0, 644.0]
[112.0, 16.0, 951.0, 645.0]
[160.0, 0.0, 1000.0, 630.0]
[80.0, 0.0, 921.0, 631.0]
[112.0, 16.0, 954.0, 648.0]
[80.0, 32.0, 923.0, 664.0]
[160.0, 32.0, 1004.0, 665.0]
[144.0, 16.0, 989.0, 650.0]
[128.0, 16.0, 974.0, 650.0]
[0.0, 32.0, 847.0, 667.0]
[80.0, 48.0, 928.0, 684.0]
[32.0, 32.0, 881.0, 669.0]
[128.0, 48.0, 978.0, 686.0]
[0.0, 32.0, 851.0, 670.0]
[32.0, 48.0, 884.0, 687.0]
[32.0, 32.0, 885.0, 672.0]
[128.0, 32.0, 982.0, 672.0]
[80.0, 16.0, 935.0, 657.0]
[160.0, 0.0, 1016.0, 642.0]
[96.0, 16.0, 953.0, 659.0]
[16.0, 32.0, 874.0, 676.0]
[96.0, 32.0, 955.0, 676.0]
[112.0, 16.0, 972.0, 661.0]
[0.0, 16.0, 861.0, 662.0]
[48.0, 16.0, 910.0, 662.0]
[16.0, 16.0, 879.0, 663.0]
[16.0, 16.0, 880.0, 664.0]
[128.0, 16.0, 993.0, 665.0]
[112.0, 16.0, 978.0, 666.0]
[80.0, 0.0, 947.0, 650.0]
[64.0, 16.0, 932.0, 667.0]
[0.0, 32.0, 869.0, 684.0]
[128.0, 32.0, 998.0, 684.0]
[112.0, 0.0, 983.0, 653.0]
[144.0, 0.0, 1016.0, 654.0]
[112.0, 16.0, 985.0, 671.0]
[144.0, 32.0, 1018.0, 688.0]
[112.0, 16.0, 987.0, 672.0]
[144.0, 32.0, 1020.0, 689.0]
[128.0, 0.0, 1005.0, 658.0]
[64.0, 0.0, 942.0, 658.0]
[112.0, 16.0, 991.0, 675.0]
[48.0, 0.0, 928.0, 660.0]
[48.0, 16.0, 929.0, 677.0]
[112.0, 16.0, 994.0, 678.0]
[48.0, 16.0, 931.0, 678.0]
[112.0, 16.0, 996.0, 679.0]
[64.0, 16.0, 949.0, 680.0]
[16.0, 0.0, 902.0, 664.0]
[80.0, 16.0, 967.0, 681.0]
[128.0, 0.0, 1016.0, 666.0]
[80.0, 16.0, 969.0, 683.0]
[48.0, 16.0, 938.0, 684.0]
[0.0, 16.0, 891.0, 684.0]
[32.0, 16.0, 924.0, 685.0]
[128.0, 16.0, 1021.0, 686.0]
[0.0, 0.0, 894.0, 670.0]
[32.0, 16.0, 927.0, 687.0]
[80.0, 16.0, 976.0, 688.0]
[80.0, 16.0, 977.0, 689.0]
[64.0, 0.0, 962.0, 674.0]
[64.0, 0.0, 963.0, 674.0]
[64.0, 0.0, 964.0, 675.0]
[96.0, 0.0, 997.0, 676.0]
[32.0, 0.0, 934.0, 676.0]
[80.0, 0.0, 983.0, 677.0]
[32.0, 0.0, 936.0, 678.0]
[64.0, 0.0, 969.0, 679.0]
[80.0, 0.0, 986.0, 680.0]
[16.0, 0.0, 923.0, 680.0]
[32.0, 0.0, 940.0, 681.0]
[80.0, 0.0, 989.0, 682.0]
[112.0, 0.0, 1022.0, 682.0]
[80.0, 0.0, 991.0, 683.0]
[80.0, 0.0, 992.0, 684.0]
[32.0, 0.0, 945.0, 685.0]
[64.0, 0.0, 978.0, 686.0]
[48.0, 0.0, 963.0, 686.0]
[80.0, 0.0, 996.0, 687.0]
[48.0, 0.0, 965.0, 688.0]
[96.0, 0.0, 1014.0, 688.0]
[80.0, 0.0, 999.0, 689.0]
