[16.0, 144.0, 733.0, 682.0]
[112.0, 80.0, 830.0, 618.0]
[128.0, 80.0, 847.0, 619.0]
[192.0, 128.0, 912.0, 668.0]
[80.0, 80.0, 801.0, 621.0]
[112.0, 128.0, 834.0, 670.0]
[32.0, 128.0, 755.0, 670.0]
[176.0, 80.0, 900.0, 623.0]
[176.0, 80.0, 901.0, 624.0]
[176.0, 96.0, 902.0, 640.0]
[128.0, 128.0, 855.0, 673.0]
[112.0, 96.0, 840.0, 642.0]
[224.0, 112.0, 953.0, 659.0]
[192.0, 112.0, 922.0, 660.0]
[128.0, 80.0, 859.0, 628.0]
[64.0, 96.0, 796.0, 645.0]
[80.0, 80.0, 813.0, 630.0]
[208.0, 112.0, 942.0, 662.0]
[112.0, 96.0, 847.0, 647.0]
[64.0, 128.0, 800.0, 680.0]
[160.0, 80.0, 897.0, 633.0]
[192.0, 128.0, 930.0, 682.0]
[64.0, 80.0, 803.0, 634.0]
[192.0, 96.0, 932.0, 651.0]
[128.0, 112.0, 869.0, 668.0]
[128.0, 112.0, 870.0, 668.0]
[64.0, 112.0, 807.0, 669.0]
[80.0, 80.0, 824.0, 638.0]
[80.0, 96.0, 825.0, 655.0]
[160.0, 112.0, 906.0, 672.0]
[208.0, 96.0, 955.0, 656.0]
[128.0, 64.0, 876.0, 625.0]
[128.0, 112.0, 877.0, 674.0]
[64.0, 112.0, 814.0, 674.0]
[128.0, 64.0, 879.0, 627.0]
[144.0, 80.0, 896.0, 644.0]
[16.0, 80.0, 769.0, 645.0]
[96.0, 96.0, 850.0, 662.0]
[32.0, 96.0, 787.0, 662.0]
[16.0, 96.0, 772.0, 663.0]
[80.0, 80.0, 837.0, 648.0]
[160.0, 80.0, 918.0, 648.0]
[160.0, 64.0, 919.0, 633.0]
[160.0, 80.0, 920.0, 650.0]
[64.0, 48.0, 825.0, 619.0]
[112.0, 96.0, 874.0, 668.0]
[112.0, 80.0, 875.0, 652.0]
[80.0, 48.0, 844.0, 621.0]
[16.0, 80.0, 781.0, 654.0]
[48.0, 80.0, 814.0, 654.0]
[128.0, 96.0, 895.0, 671.0]
[96.0, 96.0, 864.0, 672.0]
[160.0, 96.0, 929.0, 673.0]
[96.0, 64.0, 866.0, 642.0]
[96.0, 96.0, 867.0, 674.0]
[48.0, 64.0, 820.0, 643.0]
[96.0, 48.0, 869.0, 628.0]
[64.0, 48.0, 838.0, 628.0]
[0.0, 96.0, 775.0, 677.0]
[32.0, 48.0, 808.0, 630.0]
[112.0, 48.0, 889.0, 631.0]
[96.0, 48.0, 874.0, 632.0]
[32.0, 80.0, 811.0, 664.0]
[80.0, 64.0, 860.0, 649.0]
[112.0, 32.0, 893.0, 618.0]
[16.0, 80.0, 798.0, 666.0]
[112.0, 64.0, 895.0, 651.0]
[112.0, 80.0, 896.0, 668.0]
[48.0, 48.0, 833.0, 637.0]
[64.0, 32.0, 850.0, 622.0]
[32.0, 32.0, 819.0, 622.0]
[112.0, 64.0, 900.0, 655.0]
[32.0, 48.0, 821.0, 640.0]
[80.0, 32.0, 870.0, 624.0]
[32.0, 32.0, 823.0, 625.0]
[112.0, 64.0, 904.0, 658.0]
[32.0, 80.0, 825.0, 675.0]
[128.0, 48.0, 922.0, 644.0]
[144.0, 80.0, 939.0, 676.0]
[64.0, 80.0, 860.0, 677.0]
[112.0, 32.0, 909.0, 630.0]
[96.0, 32.0, 894.0, 630.0]
[112.0, 48.0, 911.0, 647.0]
[64.0, 64.0, 864.0, 664.0]
[32.0, 48.0, 833.0, 649.0]
[128.0, 64.0, 930.0, 666.0]
[32.0, 48.0, 835.0, 650.0]
[64.0, 32.0, 868.0, 635.0]
[0.0, 64.0, 805.0, 668.0]
[80.0, 32.0, 886.0, 636.0]
[144.0, 48.0, 951.0, 653.0]
[144.0, 64.0, 952.0, 670.0]
[80.0, 16.0, 889.0, 623.0]
[112.0, 64.0, 922.0, 672.0]
[32.0, 16.0, 843.0, 624.0]
[16.0, 48.0, 828.0, 657.0]
[128.0, 64.0, 941.0, 674.0]
[112.0, 48.0, 926.0, 658.0]
[128.0, 64.0, 943.0, 675.0]
[48.0, 48.0, 864.0, 660.0]
[48.0, 48.0, 865.0, 661.0]
[0.0, 64.0, 818.0, 678.0]
[32.0, 32.0, 851.0, 646.0]
[80.0, 64.0, 900.0, 679.0]
[80.0, 32.0, 901.0, 648.0]
[64.0, 48.0, 886.0, 664.0]
[64.0, 0.0, 887.0, 617.0]
[48.0, 64.0, 872.0, 682.0]
[64.0, 32.0, 889.0, 651.0]
[64.0, 32.0, 890.0, 652.0]
[96.0, 32.0, 923.0, 652.0]
[16.0, 32.0, 844.0, 653.0]
[48.0, 32.0, 877.0, 654.0]
[64.0, 0.0, 894.0, 622.0]
[32.0, 48.0, 863.0, 671.0]
[0.0, 32.0, 832.0, 656.0]
[32.0, 16.0, 865.0, 641.0]
[96.0, 48.0, 930.0, 674.0]
[32.0, 16.0, 867.0, 642.0]
[64.0, 48.0, 900.0, 675.0]
[96.0, 32.0, 933.0, 660.0]
[0.0, 16.0, 838.0, 644.0]
[64.0, 48.0, 903.0, 677.0]
[80.0, 16.0, 920.0, 646.0]
[64.0, 0.0, 905.0, 631.0]
[0.0, 16.0, 842.0, 648.0]
[64.0, 32.0, 907.0, 664.0]
[64.0, 0.0, 908.0, 633.0]
[32.0, 0.0, 877.0, 634.0]
[64.0, 32.0, 910.0, 666.0]
[16.0, 0.0, 863.0, 635.0]
[48.0, 32.0, 896.0, 668.0]
[32.0, 16.0, 881.0, 653.0]
[32.0, 16.0, 882.0, 654.0]
[96.0, 16.0, 947.0, 654.0]
[96.0, 16.0, 948.0, 655.0]
[48.0, 16.0, 901.0, 656.0]
[32.0, 32.0, 886.0, 672.0]
[80.0, 16.0, 935.0, 657.0]
[96.0, 32.0, 952.0, 674.0]
[80.0, 0.0, 937.0, 643.0]
[48.0, 32.0, 906.0, 676.0]
[80.0, 16.0, 939.0, 660.0]
[16.0, 32.0, 876.0, 677.0]
[80.0, 16.0, 941.0, 662.0]
[16.0, 0.0, 878.0, 646.0]
[80.0, 32.0, 943.0, 679.0]
[16.0, 32.0, 880.0, 680.0]
[0.0, 16.0, 865.0, 665.0]
[48.0, 0.0, 914.0, 650.0]
[32.0, 0.0, 899.0, 650.0]
[80.0, 16.0, 948.0, 667.0]
[48.0, 0.0, 917.0, 652.0]
[16.0, 0.0, 886.0, 652.0]
[0.0, 16.0, 871.0, 669.0]
[16.0, 0.0, 888.0, 654.0]
[16.0, 0.0, 889.0, 655.0]
[32.0, 16.0, 906.0, 672.0]
[64.0, 0.0, 939.0, 656.0]
[0.0, 0.0, 876.0, 657.0]
[16.0, 16.0, 893.0, 674.0]
[64.0, 16.0, 942.0, 674.0]
[48.0, 0.0, 927.0, 659.0]
[48.0, 0.0, 928.0, 660.0]
[48.0, 16.0, 929.0, 677.0]
[32.0, 0.0, 914.0, 662.0]
[32.0, 16.0, 915.0, 678.0]
[16.0, 16.0, 900.0, 679.0]
[64.0, 0.0, 949.0, 664.0]
[48.0, 0.0, 934.0, 664.0]
[32.0, 0.0, 919.0, 665.0]
[64.0, 16.0, 952.0, 682.0]
[0.0, 0.0, 889.0, 667.0]
[32.0, 0.0, 922.0, 668.0]
[32.0, 0.0, 923.0, 668.0]
[48.0, 0.0, 940.0, 669.0]
[0.0, 0.0, 893.0, 670.0]
[48.0, 0.0, 942.0, 670.0]
[48.0, 0.0, 943.0, 671.0]
[32.0, 0.0, 928.0, 672.0]
[32.0, 0.0, 929.0, 673.0]
[48.0, 0.0, 946.0, 674.0]
[16.0, 0.0, 915.0, 674.0]
[32.0, 0.0, 932.0, 675.0]
[32.0, 0.0, 933.0, 676.0]
[48.0, 0.0, 950.0, 676.0]
[16.0, 0.0, 919.0, 677.0]
[16.0, 0.0, 920.0, 678.0]
[48.0, 0.0, 953.0, 679.0]
[0.0, 0.0, 906.0, 680.0]
[48.0, 0.0, 955.0, 680.0]
[32.0, 0.0, 940.0, 681.0]
[0.0, 0.0, 909.0, 682.0]
[32.0, 0.0, 942.0, 682.0]
