[112.0, 80.0, 853.0, 636.0]
[48.0, 48.0, 790.0, 604.0]
[80.0, 64.0, 823.0, 621.0]
[144.0, 96.0, 888.0, 654.0]
[192.0, 48.0, 937.0, 607.0]
[144.0, 96.0, 890.0, 656.0]
[64.0, 48.0, 811.0, 608.0]
[160.0, 96.0, 908.0, 657.0]
[192.0, 48.0, 941.0, 610.0]
[112.0, 64.0, 862.0, 626.0]
[224.0, 32.0, 975.0, 595.0]
[32.0, 64.0, 784.0, 628.0]
[96.0, 96.0, 849.0, 661.0]
[176.0, 80.0, 930.0, 646.0]
[80.0, 96.0, 835.0, 662.0]
[192.0, 48.0, 948.0, 615.0]
[80.0, 16.0, 837.0, 584.0]
[64.0, 80.0, 822.0, 648.0]
[128.0, 32.0, 887.0, 601.0]
[240.0, 48.0, 1000.0, 618.0]
[64.0, 96.0, 825.0, 667.0]
[112.0, 32.0, 874.0, 604.0]
[144.0, 16.0, 907.0, 588.0]
[144.0, 64.0, 908.0, 637.0]
[176.0, 48.0, 941.0, 622.0]
[192.0, 32.0, 958.0, 606.0]
[80.0, 64.0, 847.0, 639.0]
[32.0, 48.0, 800.0, 624.0]
[64.0, 80.0, 833.0, 657.0]
[64.0, 16.0, 834.0, 594.0]
[64.0, 16.0, 835.0, 594.0]
[240.0, 64.0, 1012.0, 643.0]
[64.0, 32.0, 837.0, 612.0]
[144.0, 80.0, 918.0, 660.0]
[144.0, 80.0, 919.0, 661.0]
[32.0, 48.0, 808.0, 630.0]
[160.0, 16.0, 937.0, 599.0]
[224.0, 48.0, 1002.0, 632.0]
[112.0, 80.0, 891.0, 664.0]
[64.0, 96.0, 844.0, 681.0]
[128.0, 64.0, 909.0, 650.0]
[208.0, 96.0, 990.0, 682.0]
[80.0, 80.0, 863.0, 667.0]
[192.0, 64.0, 976.0, 652.0]
[80.0, 64.0, 865.0, 653.0]
[144.0, 16.0, 930.0, 606.0]
[32.0, 48.0, 819.0, 638.0]
[208.0, 64.0, 996.0, 655.0]
[192.0, 16.0, 981.0, 608.0]
[208.0, 32.0, 998.0, 624.0]
[32.0, 64.0, 823.0, 657.0]
[160.0, 48.0, 952.0, 642.0]
[48.0, 32.0, 841.0, 627.0]
[144.0, 80.0, 938.0, 676.0]
[64.0, 0.0, 859.0, 596.0]
[160.0, 32.0, 956.0, 629.0]
[48.0, 32.0, 845.0, 630.0]
[48.0, 16.0, 846.0, 614.0]
[64.0, 32.0, 863.0, 631.0]
[80.0, 80.0, 880.0, 680.0]
[48.0, 32.0, 849.0, 633.0]
[176.0, 48.0, 978.0, 650.0]
[112.0, 64.0, 915.0, 666.0]
[48.0, 48.0, 852.0, 651.0]
[0.0, 64.0, 805.0, 668.0]
[96.0, 16.0, 902.0, 620.0]
[144.0, 0.0, 951.0, 605.0]
[176.0, 0.0, 984.0, 606.0]
[160.0, 64.0, 969.0, 671.0]
[192.0, 16.0, 1002.0, 624.0]
[144.0, 32.0, 955.0, 640.0]
[48.0, 16.0, 860.0, 625.0]
[0.0, 64.0, 813.0, 674.0]
[112.0, 64.0, 926.0, 674.0]
[48.0, 0.0, 863.0, 611.0]
[48.0, 64.0, 864.0, 676.0]
[176.0, 48.0, 993.0, 661.0]
[80.0, 64.0, 898.0, 678.0]
[64.0, 32.0, 883.0, 646.0]
[176.0, 16.0, 996.0, 631.0]
[160.0, 16.0, 981.0, 632.0]
[128.0, 64.0, 950.0, 680.0]
[144.0, 0.0, 967.0, 617.0]
[192.0, 16.0, 1016.0, 634.0]
[80.0, 0.0, 905.0, 619.0]
[192.0, 32.0, 1018.0, 652.0]
[32.0, 16.0, 859.0, 636.0]
[112.0, 48.0, 940.0, 669.0]
[80.0, 16.0, 909.0, 638.0]
[48.0, 32.0, 878.0, 654.0]
[144.0, 48.0, 975.0, 671.0]
[0.0, 16.0, 832.0, 640.0]
[96.0, 32.0, 929.0, 657.0]
[176.0, 16.0, 1010.0, 642.0]
[32.0, 32.0, 867.0, 658.0]
[160.0, 16.0, 996.0, 643.0]
[64.0, 32.0, 901.0, 660.0]
[112.0, 0.0, 950.0, 628.0]
[112.0, 0.0, 951.0, 629.0]
[64.0, 48.0, 904.0, 678.0]
[128.0, 32.0, 969.0, 663.0]
[128.0, 32.0, 970.0, 664.0]
[128.0, 16.0, 971.0, 648.0]
[48.0, 32.0, 892.0, 665.0]
[96.0, 16.0, 941.0, 650.0]
[0.0, 32.0, 846.0, 666.0]
[0.0, 48.0, 847.0, 683.0]
[128.0, 32.0, 976.0, 668.0]
[48.0, 16.0, 897.0, 653.0]
[112.0, 16.0, 962.0, 654.0]
[144.0, 16.0, 995.0, 654.0]
[48.0, 16.0, 900.0, 655.0]
[144.0, 0.0, 997.0, 640.0]
[80.0, 0.0, 934.0, 640.0]
[16.0, 16.0, 871.0, 657.0]
[144.0, 0.0, 1000.0, 642.0]
[96.0, 0.0, 953.0, 643.0]
[128.0, 32.0, 986.0, 676.0]
[112.0, 16.0, 971.0, 660.0]
[112.0, 16.0, 972.0, 661.0]
[80.0, 32.0, 941.0, 678.0]
[112.0, 16.0, 974.0, 662.0]
[144.0, 32.0, 1007.0, 679.0]
[0.0, 32.0, 864.0, 680.0]
[80.0, 32.0, 945.0, 681.0]
[128.0, 0.0, 994.0, 650.0]
[144.0, 16.0, 1011.0, 666.0]
[0.0, 16.0, 868.0, 667.0]
[0.0, 16.0, 869.0, 668.0]
[112.0, 0.0, 982.0, 652.0]
[96.0, 0.0, 967.0, 653.0]
[32.0, 0.0, 904.0, 654.0]
[16.0, 0.0, 889.0, 655.0]
[48.0, 16.0, 922.0, 672.0]
[80.0, 16.0, 955.0, 672.0]
[96.0, 16.0, 972.0, 673.0]
[16.0, 0.0, 893.0, 658.0]
[48.0, 0.0, 926.0, 658.0]
[32.0, 0.0, 911.0, 659.0]
[32.0, 0.0, 912.0, 660.0]
[96.0, 0.0, 977.0, 661.0]
[64.0, 0.0, 946.0, 662.0]
[16.0, 0.0, 899.0, 662.0]
[32.0, 0.0, 916.0, 663.0]
[48.0, 0.0, 933.0, 664.0]
[112.0, 0.0, 998.0, 664.0]
[112.0, 0.0, 999.0, 665.0]
[112.0, 0.0, 1000.0, 666.0]
[32.0, 0.0, 921.0, 667.0]
[128.0, 0.0, 1018.0, 668.0]
[96.0, 0.0, 987.0, 668.0]
[96.0, 0.0, 988.0, 669.0]
[128.0, 0.0, 1021.0, 670.0]
[96.0, 0.0, 990.0, 670.0]
[96.0, 0.0, 991.0, 671.0]
[96.0, 0.0, 992.0, 672.0]
[16.0, 0.0, 913.0, 673.0]
[80.0, 0.0, 978.0, 674.0]
[96.0, 0.0, 995.0, 674.0]
[48.0, 0.0, 948.0, 675.0]
[112.0, 0.0, 1013.0, 676.0]
[96.0, 0.0, 998.0, 676.0]
[48.0, 0.0, 951.0, 677.0]
[48.0, 0.0, 952.0, 678.0]
[16.0, 0.0, 921.0, 679.0]
[0.0, 0.0, 906.0, 680.0]
[80.0, 0.0, 987.0, 680.0]
[48.0, 0.0, 956.0, 681.0]
[48.0, 0.0, 957.0, 682.0]
[16.0, 0.0, 926.0, 682.0]
[16.0, 0.0, 927.0, 683.0]
