[304.0, 48.0, 1021.0, 586.0]
[240.0, 0.0, 958.0, 538.0]
[304.0, 48.0, 1023.0, 587.0]
[144.0, 32.0, 864.0, 572.0]
[240.0, 64.0, 961.0, 605.0]
[144.0, 0.0, 866.0, 542.0]
[176.0, 32.0, 899.0, 574.0]
[272.0, 16.0, 996.0, 559.0]
[208.0, 32.0, 933.0, 576.0]
[240.0, 0.0, 966.0, 544.0]
[256.0, 16.0, 983.0, 561.0]
[160.0, 32.0, 888.0, 578.0]
[192.0, 64.0, 921.0, 611.0]
[176.0, 32.0, 906.0, 580.0]
[224.0, 16.0, 955.0, 564.0]
[224.0, 16.0, 956.0, 565.0]
[256.0, 0.0, 989.0, 550.0]
[272.0, 32.0, 1006.0, 582.0]
[256.0, 32.0, 991.0, 583.0]
[288.0, 48.0, 1024.0, 600.0]
[208.0, 64.0, 945.0, 617.0]
[144.0, 0.0, 882.0, 554.0]
[240.0, 16.0, 979.0, 570.0]
[240.0, 0.0, 980.0, 555.0]
[272.0, 0.0, 1013.0, 556.0]
[144.0, 0.0, 886.0, 556.0]
[176.0, 0.0, 919.0, 557.0]
[208.0, 32.0, 952.0, 590.0]
[256.0, 32.0, 1001.0, 591.0]
[272.0, 32.0, 1018.0, 592.0]
[192.0, 0.0, 939.0, 560.0]
[272.0, 48.0, 1020.0, 609.0]
[144.0, 16.0, 893.0, 578.0]
[272.0, 0.0, 1022.0, 562.0]
[176.0, 16.0, 927.0, 579.0]
[272.0, 32.0, 1024.0, 596.0]
[144.0, 32.0, 897.0, 597.0]
[144.0, 32.0, 898.0, 598.0]
[240.0, 16.0, 995.0, 582.0]
[224.0, 64.0, 980.0, 631.0]
[224.0, 64.0, 981.0, 632.0]
[176.0, 0.0, 934.0, 568.0]
[176.0, 16.0, 935.0, 585.0]
[160.0, 0.0, 920.0, 570.0]
[240.0, 32.0, 1001.0, 603.0]
[192.0, 48.0, 954.0, 620.0]
[224.0, 0.0, 987.0, 572.0]
[192.0, 0.0, 956.0, 573.0]
[144.0, 32.0, 909.0, 606.0]
[256.0, 0.0, 1022.0, 574.0]
[208.0, 64.0, 975.0, 639.0]
[256.0, 32.0, 1024.0, 608.0]
[160.0, 16.0, 929.0, 593.0]
[208.0, 32.0, 978.0, 610.0]
[208.0, 16.0, 979.0, 594.0]
[160.0, 32.0, 932.0, 611.0]
[208.0, 16.0, 981.0, 596.0]
[208.0, 32.0, 982.0, 612.0]
[144.0, 32.0, 919.0, 613.0]
[208.0, 32.0, 984.0, 614.0]
[224.0, 64.0, 1001.0, 647.0]
[176.0, 48.0, 954.0, 632.0]
[224.0, 64.0, 1003.0, 648.0]
[176.0, 48.0, 956.0, 633.0]
[192.0, 32.0, 973.0, 618.0]
[144.0, 16.0, 926.0, 602.0]
[176.0, 0.0, 959.0, 587.0]
[176.0, 0.0, 960.0, 588.0]
[160.0, 16.0, 945.0, 605.0]
[224.0, 0.0, 1010.0, 590.0]
[144.0, 0.0, 931.0, 590.0]
[224.0, 16.0, 1012.0, 607.0]
[160.0, 32.0, 949.0, 624.0]
[176.0, 16.0, 966.0, 608.0]
[176.0, 48.0, 967.0, 641.0]
[192.0, 16.0, 984.0, 610.0]
[192.0, 0.0, 985.0, 595.0]
[144.0, 0.0, 938.0, 596.0]
[208.0, 32.0, 1003.0, 628.0]
[208.0, 32.0, 1004.0, 629.0]
[224.0, 48.0, 1021.0, 646.0]
[176.0, 32.0, 974.0, 630.0]
[208.0, 32.0, 1007.0, 631.0]
[160.0, 32.0, 960.0, 632.0]
[144.0, 0.0, 945.0, 601.0]
[144.0, 0.0, 946.0, 602.0]
[144.0, 0.0, 947.0, 602.0]
[176.0, 32.0, 980.0, 635.0]
[192.0, 16.0, 997.0, 620.0]
[192.0, 0.0, 998.0, 604.0]
[208.0, 48.0, 1015.0, 653.0]
[160.0, 0.0, 968.0, 606.0]
[192.0, 48.0, 1001.0, 655.0]
[160.0, 0.0, 970.0, 608.0]
[144.0, 0.0, 955.0, 608.0]
[208.0, 48.0, 1020.0, 657.0]
[208.0, 0.0, 1021.0, 610.0]
[208.0, 32.0, 1022.0, 642.0]
[208.0, 32.0, 1023.0, 643.0]
[176.0, 16.0, 992.0, 628.0]
[176.0, 16.0, 993.0, 629.0]
[176.0, 16.0, 994.0, 630.0]
[192.0, 32.0, 1011.0, 646.0]
[192.0, 32.0, 1012.0, 647.0]
[192.0, 32.0, 1013.0, 648.0]
[144.0, 32.0, 966.0, 648.0]
[192.0, 16.0, 1015.0, 633.0]
[176.0, 32.0, 1000.0, 650.0]
[176.0, 16.0, 1001.0, 635.0]
[144.0, 32.0, 970.0, 652.0]
[192.0, 16.0, 1019.0, 636.0]
[160.0, 16.0, 988.0, 637.0]
[144.0, 0.0, 973.0, 622.0]
[192.0, 16.0, 1022.0, 638.0]
[160.0, 32.0, 991.0, 655.0]
[160.0, 16.0, 992.0, 640.0]
[160.0, 0.0, 993.0, 625.0]
[176.0, 32.0, 1010.0, 658.0]
[160.0, 32.0, 995.0, 658.0]
[160.0, 32.0, 996.0, 659.0]
[176.0, 32.0, 1013.0, 660.0]
[176.0, 0.0, 1014.0, 628.0]
[176.0, 32.0, 1015.0, 661.0]
[160.0, 0.0, 1000.0, 630.0]
[144.0, 0.0, 985.0, 631.0]
