[32.0, 32.0, 749.0, 570.0]
[64.0, 16.0, 782.0, 554.0]
[160.0, 0.0, 879.0, 539.0]
[144.0, 32.0, 864.0, 572.0]
[176.0, 0.0, 897.0, 541.0]
[64.0, 32.0, 786.0, 574.0]
[48.0, 0.0, 771.0, 542.0]
[112.0, 0.0, 836.0, 543.0]
[96.0, 0.0, 821.0, 544.0]
[64.0, 0.0, 790.0, 544.0]
[128.0, 16.0, 855.0, 561.0]
[176.0, 0.0, 904.0, 546.0]
[64.0, 0.0, 793.0, 547.0]
[144.0, 16.0, 874.0, 564.0]
[112.0, 16.0, 843.0, 564.0]
[160.0, 16.0, 892.0, 565.0]
[80.0, 0.0, 813.0, 550.0]
[112.0, 0.0, 846.0, 550.0]
[48.0, 16.0, 783.0, 567.0]
[48.0, 0.0, 784.0, 552.0]
[64.0, 0.0, 801.0, 553.0]
[32.0, 0.0, 770.0, 554.0]
[144.0, 0.0, 883.0, 554.0]
[32.0, 0.0, 772.0, 555.0]
[128.0, 16.0, 869.0, 572.0]
[112.0, 0.0, 854.0, 556.0]
[128.0, 16.0, 871.0, 573.0]
[48.0, 16.0, 792.0, 574.0]
[160.0, 0.0, 905.0, 559.0]
[80.0, 16.0, 826.0, 576.0]
[64.0, 0.0, 811.0, 560.0]
[80.0, 0.0, 828.0, 561.0]
[48.0, 0.0, 797.0, 562.0]
[128.0, 0.0, 878.0, 562.0]
[64.0, 0.0, 815.0, 563.0]
[112.0, 0.0, 864.0, 564.0]
[64.0, 0.0, 817.0, 565.0]
[48.0, 0.0, 802.0, 566.0]
[32.0, 0.0, 787.0, 566.0]
[80.0, 0.0, 836.0, 567.0]
[32.0, 0.0, 789.0, 568.0]
[112.0, 0.0, 870.0, 568.0]
[80.0, 0.0, 839.0, 569.0]
[48.0, 0.0, 808.0, 570.0]
[64.0, 0.0, 825.0, 571.0]
[144.0, 0.0, 906.0, 572.0]
[80.0, 0.0, 843.0, 572.0]
[96.0, 0.0, 860.0, 573.0]
[32.0, 0.0, 797.0, 574.0]
[64.0, 0.0, 830.0, 574.0]
[144.0, 0.0, 911.0, 575.0]
[32.0, 0.0, 800.0, 576.0]
