[32.0, 192.0, 570.0, 909.0]
[64.0, 160.0, 602.0, 878.0]
[32.0, 208.0, 571.0, 927.0]
[0.0, 128.0, 540.0, 848.0]
[48.0, 192.0, 589.0, 913.0]
[0.0, 160.0, 542.0, 882.0]
[16.0, 176.0, 558.0, 899.0]
[0.0, 144.0, 543.0, 868.0]
[0.0, 208.0, 544.0, 933.0]
[48.0, 128.0, 592.0, 854.0]
[16.0, 128.0, 561.0, 855.0]
[32.0, 256.0, 578.0, 984.0]
[32.0, 80.0, 579.0, 809.0]
[32.0, 128.0, 580.0, 858.0]
[0.0, 160.0, 548.0, 891.0]
[64.0, 160.0, 613.0, 892.0]
[64.0, 192.0, 614.0, 925.0]
[32.0, 160.0, 582.0, 894.0]
[0.0, 80.0, 551.0, 815.0]
[0.0, 192.0, 552.0, 928.0]
[16.0, 272.0, 569.0, 1009.0]
[48.0, 160.0, 602.0, 898.0]
[16.0, 144.0, 570.0, 883.0]
[32.0, 240.0, 587.0, 980.0]
[16.0, 96.0, 572.0, 837.0]
[48.0, 160.0, 604.0, 902.0]
[0.0, 224.0, 557.0, 967.0]
[16.0, 208.0, 574.0, 952.0]
[0.0, 224.0, 559.0, 969.0]
[32.0, 96.0, 592.0, 842.0]
[48.0, 112.0, 608.0, 859.0]
[48.0, 192.0, 609.0, 940.0]
[0.0, 144.0, 562.0, 893.0]
[16.0, 128.0, 578.0, 878.0]
[48.0, 128.0, 611.0, 879.0]
[32.0, 256.0, 596.0, 1008.0]
[16.0, 112.0, 581.0, 865.0]
[32.0, 96.0, 598.0, 850.0]
[32.0, 176.0, 598.0, 931.0]
[48.0, 160.0, 615.0, 916.0]
[64.0, 144.0, 632.0, 901.0]
[48.0, 192.0, 616.0, 950.0]
[16.0, 144.0, 585.0, 903.0]
[16.0, 96.0, 586.0, 856.0]
[0.0, 176.0, 571.0, 937.0]
[16.0, 240.0, 588.0, 1002.0]
[16.0, 208.0, 588.0, 971.0]
[16.0, 80.0, 589.0, 844.0]
[32.0, 176.0, 606.0, 941.0]
[64.0, 192.0, 638.0, 958.0]
[0.0, 256.0, 575.0, 1023.0]
[32.0, 208.0, 608.0, 976.0]
[16.0, 192.0, 593.0, 961.0]
[32.0, 208.0, 610.0, 978.0]
[64.0, 128.0, 642.0, 899.0]
[32.0, 208.0, 611.0, 980.0]
[32.0, 112.0, 612.0, 885.0]
[32.0, 192.0, 612.0, 966.0]
[64.0, 160.0, 645.0, 935.0]
[0.0, 224.0, 582.0, 1000.0]
[32.0, 176.0, 615.0, 953.0]
[16.0, 160.0, 600.0, 938.0]
[32.0, 96.0, 616.0, 875.0]
[16.0, 240.0, 601.0, 1020.0]
[0.0, 112.0, 586.0, 893.0]
[32.0, 128.0, 618.0, 910.0]
[0.0, 80.0, 587.0, 863.0]
[32.0, 160.0, 620.0, 944.0]
[48.0, 160.0, 637.0, 945.0]
[16.0, 160.0, 606.0, 946.0]
[64.0, 144.0, 654.0, 931.0]
[16.0, 208.0, 607.0, 996.0]
[0.0, 112.0, 592.0, 901.0]
[0.0, 192.0, 592.0, 982.0]
[64.0, 192.0, 657.0, 983.0]
[0.0, 96.0, 594.0, 888.0]
[32.0, 160.0, 627.0, 953.0]
[0.0, 192.0, 596.0, 986.0]
[0.0, 224.0, 596.0, 1019.0]
[16.0, 208.0, 613.0, 1004.0]
[48.0, 176.0, 646.0, 973.0]
[48.0, 128.0, 646.0, 926.0]
[64.0, 160.0, 663.0, 959.0]
[16.0, 224.0, 616.0, 1024.0]
[16.0, 144.0, 617.0, 945.0]
[16.0, 192.0, 618.0, 994.0]
[48.0, 160.0, 650.0, 963.0]
[32.0, 128.0, 635.0, 932.0]
[64.0, 176.0, 668.0, 981.0]
[16.0, 80.0, 620.0, 886.0]
[32.0, 112.0, 637.0, 919.0]
[0.0, 176.0, 606.0, 984.0]
[0.0, 176.0, 607.0, 985.0]
[32.0, 96.0, 640.0, 906.0]
[32.0, 112.0, 640.0, 923.0]
[16.0, 112.0, 625.0, 924.0]
[0.0, 208.0, 610.0, 1021.0]
[32.0, 176.0, 642.0, 990.0]
[32.0, 208.0, 643.0, 1023.0]
[0.0, 112.0, 612.0, 928.0]
[0.0, 112.0, 613.0, 929.0]
[0.0, 96.0, 614.0, 914.0]
[0.0, 144.0, 614.0, 963.0]
[32.0, 192.0, 647.0, 1012.0]
[16.0, 160.0, 632.0, 981.0]
[32.0, 80.0, 648.0, 902.0]
[0.0, 64.0, 617.0, 887.0]
[32.0, 80.0, 650.0, 904.0]
[0.0, 96.0, 619.0, 921.0]
[32.0, 112.0, 652.0, 938.0]
[48.0, 112.0, 668.0, 939.0]
[16.0, 144.0, 637.0, 972.0]
[48.0, 96.0, 670.0, 925.0]
[48.0, 128.0, 670.0, 958.0]
[32.0, 112.0, 655.0, 943.0]
[32.0, 192.0, 656.0, 1024.0]
[0.0, 128.0, 625.0, 961.0]
[0.0, 96.0, 626.0, 930.0]
[32.0, 176.0, 658.0, 1011.0]
[0.0, 128.0, 627.0, 964.0]
[32.0, 176.0, 660.0, 1013.0]
[16.0, 176.0, 644.0, 1014.0]
[0.0, 144.0, 629.0, 983.0]
[32.0, 176.0, 662.0, 1016.0]
[0.0, 96.0, 631.0, 937.0]
[48.0, 144.0, 680.0, 986.0]
[32.0, 96.0, 664.0, 939.0]
[48.0, 112.0, 681.0, 956.0]
[0.0, 160.0, 634.0, 1005.0]
[0.0, 112.0, 634.0, 958.0]
[32.0, 128.0, 667.0, 975.0]
[0.0, 96.0, 636.0, 944.0]
[0.0, 144.0, 637.0, 993.0]
[32.0, 144.0, 670.0, 994.0]
[0.0, 160.0, 638.0, 1011.0]
[0.0, 144.0, 639.0, 996.0]
[32.0, 128.0, 672.0, 981.0]
[16.0, 80.0, 656.0, 934.0]
[32.0, 96.0, 673.0, 951.0]
[0.0, 144.0, 642.0, 1000.0]
[16.0, 160.0, 659.0, 1017.0]
[0.0, 96.0, 644.0, 954.0]
[32.0, 160.0, 676.0, 1019.0]
[16.0, 144.0, 661.0, 1004.0]
[16.0, 80.0, 662.0, 941.0]
[16.0, 80.0, 662.0, 942.0]
[16.0, 144.0, 663.0, 1007.0]
[16.0, 112.0, 664.0, 976.0]
[32.0, 128.0, 681.0, 993.0]
[0.0, 80.0, 650.0, 946.0]
[16.0, 144.0, 666.0, 1011.0]
[0.0, 96.0, 651.0, 964.0]
[0.0, 96.0, 652.0, 965.0]
[16.0, 112.0, 668.0, 982.0]
[16.0, 96.0, 669.0, 967.0]
[16.0, 80.0, 670.0, 952.0]
[0.0, 96.0, 655.0, 969.0]
[16.0, 80.0, 672.0, 954.0]
[16.0, 144.0, 672.0, 1019.0]
[0.0, 80.0, 657.0, 956.0]
[0.0, 96.0, 658.0, 973.0]
[16.0, 96.0, 674.0, 974.0]
[16.0, 80.0, 675.0, 959.0]
[16.0, 80.0, 676.0, 960.0]
[16.0, 80.0, 677.0, 961.0]
[0.0, 80.0, 662.0, 962.0]
[0.0, 80.0, 662.0, 963.0]
[16.0, 128.0, 679.0, 1012.0]
[16.0, 80.0, 680.0, 965.0]
[0.0, 128.0, 664.0, 1014.0]
[16.0, 128.0, 681.0, 1015.0]
[0.0, 96.0, 666.0, 984.0]
[0.0, 80.0, 667.0, 969.0]
[0.0, 96.0, 668.0, 986.0]
[0.0, 96.0, 668.0, 987.0]
[0.0, 112.0, 669.0, 1004.0]
[0.0, 96.0, 670.0, 989.0]
[0.0, 112.0, 670.0, 1006.0]
[0.0, 128.0, 671.0, 1023.0]
[0.0, 80.0, 672.0, 976.0]
[0.0, 96.0, 673.0, 993.0]
[0.0, 96.0, 674.0, 994.0]
[0.0, 80.0, 674.0, 979.0]
[0.0, 112.0, 675.0, 1012.0]
[0.0, 80.0, 676.0, 981.0]
[0.0, 112.0, 676.0, 1014.0]
[0.0, 96.0, 677.0, 999.0]
[0.0, 112.0, 678.0, 1016.0]
[0.0, 112.0, 679.0, 1017.0]
[0.0, 112.0, 680.0, 1018.0]
[0.0, 112.0, 680.0, 1019.0]
[0.0, 96.0, 681.0, 1004.0]
[0.0, 80.0, 682.0, 989.0]
[0.0, 80.0, 682.0, 990.0]
[0.0, 96.0, 683.0, 1007.0]
