[176.0, 144.0, 925.0, 706.0]
[48.0, 128.0, 798.0, 690.0]
[160.0, 112.0, 911.0, 675.0]
[64.0, 160.0, 816.0, 724.0]
[176.0, 112.0, 929.0, 677.0]
[48.0, 96.0, 802.0, 662.0]
[80.0, 112.0, 835.0, 678.0]
[80.0, 112.0, 836.0, 679.0]
[80.0, 160.0, 837.0, 728.0]
[160.0, 112.0, 918.0, 680.0]
[32.0, 128.0, 791.0, 697.0]
[48.0, 176.0, 808.0, 746.0]
[96.0, 144.0, 857.0, 715.0]
[160.0, 128.0, 922.0, 700.0]
[144.0, 160.0, 907.0, 732.0]
[144.0, 112.0, 908.0, 685.0]
[128.0, 176.0, 893.0, 750.0]
[48.0, 176.0, 814.0, 750.0]
[80.0, 112.0, 847.0, 687.0]
[192.0, 80.0, 960.0, 656.0]
[192.0, 160.0, 961.0, 737.0]
[192.0, 128.0, 962.0, 706.0]
[112.0, 112.0, 883.0, 690.0]
[176.0, 160.0, 948.0, 739.0]
[96.0, 176.0, 869.0, 756.0]
[144.0, 160.0, 918.0, 740.0]
[208.0, 128.0, 983.0, 709.0]
[192.0, 128.0, 968.0, 710.0]
[96.0, 160.0, 873.0, 743.0]
[192.0, 144.0, 970.0, 728.0]
[80.0, 80.0, 859.0, 664.0]
[208.0, 160.0, 988.0, 745.0]
[64.0, 112.0, 845.0, 698.0]
[208.0, 144.0, 990.0, 730.0]
[32.0, 112.0, 815.0, 699.0]
[208.0, 80.0, 992.0, 668.0]
[208.0, 144.0, 993.0, 733.0]
[176.0, 112.0, 962.0, 702.0]
[0.0, 128.0, 787.0, 718.0]
[208.0, 160.0, 996.0, 751.0]
[96.0, 144.0, 885.0, 736.0]
[128.0, 144.0, 918.0, 736.0]
[160.0, 144.0, 951.0, 737.0]
[192.0, 128.0, 984.0, 722.0]
[112.0, 160.0, 905.0, 755.0]
[160.0, 160.0, 954.0, 756.0]
[32.0, 96.0, 827.0, 692.0]
[208.0, 96.0, 1004.0, 693.0]
[16.0, 144.0, 813.0, 742.0]
[64.0, 112.0, 862.0, 710.0]
[208.0, 80.0, 1007.0, 679.0]
[16.0, 160.0, 816.0, 760.0]
[64.0, 112.0, 865.0, 713.0]
[48.0, 160.0, 850.0, 762.0]
[112.0, 144.0, 915.0, 746.0]
[48.0, 96.0, 852.0, 699.0]
[32.0, 144.0, 837.0, 748.0]
[0.0, 96.0, 806.0, 700.0]
[192.0, 144.0, 999.0, 749.0]
[144.0, 96.0, 952.0, 702.0]
[176.0, 144.0, 985.0, 751.0]
[64.0, 80.0, 874.0, 688.0]
[144.0, 96.0, 955.0, 704.0]
[208.0, 80.0, 1020.0, 689.0]
[32.0, 64.0, 845.0, 674.0]
[160.0, 112.0, 974.0, 722.0]
[80.0, 128.0, 895.0, 739.0]
[208.0, 128.0, 1024.0, 740.0]
[64.0, 96.0, 881.0, 709.0]
[80.0, 96.0, 898.0, 710.0]
[32.0, 144.0, 851.0, 758.0]
[128.0, 128.0, 948.0, 743.0]
[112.0, 96.0, 933.0, 712.0]
[96.0, 64.0, 918.0, 680.0]
[48.0, 64.0, 871.0, 681.0]
[48.0, 48.0, 872.0, 666.0]
[144.0, 32.0, 969.0, 651.0]
[80.0, 112.0, 906.0, 732.0]
[128.0, 32.0, 955.0, 652.0]
[48.0, 80.0, 876.0, 701.0]
[96.0, 64.0, 925.0, 686.0]
[48.0, 128.0, 878.0, 750.0]
[176.0, 48.0, 1007.0, 671.0]
[16.0, 128.0, 848.0, 752.0]
[48.0, 128.0, 881.0, 753.0]
[144.0, 64.0, 978.0, 690.0]
[48.0, 128.0, 883.0, 754.0]
[80.0, 80.0, 916.0, 707.0]
[16.0, 112.0, 853.0, 740.0]
[144.0, 128.0, 982.0, 756.0]
[176.0, 48.0, 1015.0, 677.0]
[0.0, 80.0, 840.0, 710.0]
[96.0, 80.0, 937.0, 711.0]
[16.0, 48.0, 858.0, 680.0]
[64.0, 32.0, 907.0, 664.0]
[96.0, 80.0, 940.0, 713.0]
[144.0, 32.0, 989.0, 666.0]
[48.0, 128.0, 894.0, 762.0]
[112.0, 32.0, 959.0, 667.0]
[48.0, 16.0, 896.0, 652.0]
[80.0, 16.0, 929.0, 653.0]
[0.0, 112.0, 850.0, 750.0]
[48.0, 64.0, 899.0, 702.0]
[32.0, 64.0, 884.0, 703.0]
[112.0, 64.0, 965.0, 704.0]
[64.0, 112.0, 918.0, 752.0]
[48.0, 64.0, 903.0, 705.0]
[144.0, 96.0, 1000.0, 738.0]
[80.0, 96.0, 937.0, 739.0]
[112.0, 80.0, 970.0, 724.0]
[16.0, 112.0, 875.0, 756.0]
[32.0, 64.0, 892.0, 709.0]
[0.0, 96.0, 861.0, 742.0]
[48.0, 96.0, 910.0, 742.0]
[160.0, 64.0, 1023.0, 711.0]
[64.0, 80.0, 928.0, 728.0]
[112.0, 64.0, 977.0, 713.0]
[112.0, 80.0, 978.0, 730.0]
[80.0, 80.0, 947.0, 730.0]
[80.0, 64.0, 948.0, 715.0]
[96.0, 32.0, 965.0, 684.0]
[48.0, 96.0, 918.0, 748.0]
[112.0, 16.0, 983.0, 669.0]
[128.0, 80.0, 1000.0, 734.0]
[48.0, 16.0, 921.0, 671.0]
[96.0, 96.0, 970.0, 752.0]
[112.0, 64.0, 987.0, 720.0]
[0.0, 48.0, 876.0, 705.0]
[112.0, 96.0, 989.0, 754.0]
[0.0, 80.0, 878.0, 738.0]
[16.0, 64.0, 895.0, 723.0]
[32.0, 48.0, 912.0, 708.0]
[32.0, 16.0, 913.0, 677.0]
[16.0, 48.0, 898.0, 710.0]
[48.0, 96.0, 931.0, 758.0]
[0.0, 16.0, 884.0, 679.0]
[128.0, 80.0, 1013.0, 744.0]
[32.0, 96.0, 918.0, 760.0]
[112.0, 32.0, 999.0, 697.0]
[96.0, 48.0, 984.0, 714.0]
[32.0, 96.0, 921.0, 763.0]
[48.0, 0.0, 938.0, 668.0]
[112.0, 32.0, 1003.0, 700.0]
[112.0, 64.0, 1004.0, 733.0]
[80.0, 48.0, 973.0, 718.0]
[48.0, 64.0, 942.0, 734.0]
[32.0, 16.0, 927.0, 687.0]
[112.0, 32.0, 1008.0, 704.0]
[0.0, 32.0, 897.0, 705.0]
[48.0, 64.0, 946.0, 738.0]
[64.0, 48.0, 963.0, 722.0]
[112.0, 32.0, 1012.0, 707.0]
[96.0, 0.0, 997.0, 676.0]
[64.0, 0.0, 966.0, 676.0]
[16.0, 0.0, 919.0, 677.0]
[64.0, 16.0, 968.0, 694.0]
[96.0, 64.0, 1001.0, 743.0]
[0.0, 64.0, 906.0, 744.0]
[16.0, 80.0, 923.0, 760.0]
[16.0, 32.0, 924.0, 713.0]
[32.0, 0.0, 941.0, 682.0]
[0.0, 0.0, 910.0, 682.0]
[80.0, 80.0, 991.0, 763.0]
[80.0, 32.0, 992.0, 716.0]
[16.0, 16.0, 929.0, 701.0]
[16.0, 32.0, 930.0, 718.0]
[48.0, 32.0, 963.0, 718.0]
[48.0, 48.0, 964.0, 735.0]
[0.0, 80.0, 917.0, 768.0]
[32.0, 32.0, 950.0, 720.0]
[48.0, 64.0, 967.0, 753.0]
[32.0, 32.0, 952.0, 722.0]
[32.0, 32.0, 953.0, 723.0]
[96.0, 0.0, 1018.0, 692.0]
[16.0, 48.0, 939.0, 740.0]
[64.0, 16.0, 988.0, 709.0]
[32.0, 64.0, 957.0, 758.0]
[48.0, 48.0, 974.0, 742.0]
[16.0, 64.0, 943.0, 759.0]
[96.0, 64.0, 1024.0, 760.0]
[16.0, 0.0, 945.0, 697.0]
[16.0, 16.0, 946.0, 714.0]
[16.0, 48.0, 947.0, 746.0]
[80.0, 48.0, 1012.0, 747.0]
[32.0, 48.0, 965.0, 748.0]
[16.0, 48.0, 950.0, 748.0]
[16.0, 0.0, 951.0, 701.0]
[0.0, 64.0, 936.0, 766.0]
[80.0, 64.0, 1017.0, 767.0]
[64.0, 16.0, 1002.0, 720.0]
[32.0, 32.0, 971.0, 736.0]
[32.0, 32.0, 972.0, 737.0]
[48.0, 0.0, 989.0, 706.0]
[48.0, 16.0, 990.0, 722.0]
[32.0, 48.0, 975.0, 755.0]
[80.0, 48.0, 1024.0, 756.0]
[16.0, 0.0, 961.0, 709.0]
[64.0, 0.0, 1010.0, 710.0]
[32.0, 16.0, 979.0, 726.0]
[16.0, 16.0, 964.0, 727.0]
[64.0, 48.0, 1013.0, 760.0]
[16.0, 48.0, 966.0, 760.0]
[64.0, 0.0, 1015.0, 713.0]
[64.0, 0.0, 1016.0, 714.0]
[16.0, 32.0, 969.0, 747.0]
[64.0, 32.0, 1018.0, 748.0]
[32.0, 16.0, 987.0, 732.0]
[64.0, 48.0, 1020.0, 765.0]
[16.0, 16.0, 973.0, 734.0]
[0.0, 48.0, 958.0, 766.0]
[32.0, 48.0, 991.0, 767.0]
[16.0, 48.0, 976.0, 768.0]
[16.0, 32.0, 977.0, 753.0]
[48.0, 16.0, 1010.0, 738.0]
[0.0, 16.0, 963.0, 738.0]
[32.0, 16.0, 996.0, 739.0]
[48.0, 16.0, 1013.0, 740.0]
[32.0, 32.0, 998.0, 756.0]
[32.0, 0.0, 999.0, 725.0]
[48.0, 0.0, 1016.0, 726.0]
[0.0, 32.0, 969.0, 759.0]
[32.0, 16.0, 1002.0, 744.0]
[48.0, 16.0, 1019.0, 744.0]
[16.0, 32.0, 988.0, 761.0]
[16.0, 0.0, 989.0, 730.0]
[0.0, 16.0, 974.0, 746.0]
[32.0, 32.0, 1007.0, 763.0]
[16.0, 32.0, 992.0, 764.0]
[16.0, 32.0, 993.0, 765.0]
[16.0, 32.0, 994.0, 766.0]
[16.0, 32.0, 995.0, 766.0]
[32.0, 16.0, 1012.0, 751.0]
[16.0, 32.0, 997.0, 768.0]
[32.0, 16.0, 1014.0, 752.0]
[16.0, 16.0, 999.0, 753.0]
[16.0, 16.0, 1000.0, 754.0]
[16.0, 0.0, 1001.0, 739.0]
[32.0, 16.0, 1018.0, 756.0]
[32.0, 16.0, 1019.0, 756.0]
[32.0, 0.0, 1020.0, 741.0]
[32.0, 16.0, 1021.0, 758.0]
[16.0, 16.0, 1006.0, 758.0]
[0.0, 0.0, 991.0, 743.0]
[16.0, 0.0, 1008.0, 744.0]
[16.0, 16.0, 1009.0, 761.0]
[0.0, 0.0, 994.0, 746.0]
[0.0, 16.0, 995.0, 762.0]
[0.0, 16.0, 996.0, 763.0]
[0.0, 16.0, 997.0, 764.0]
[16.0, 16.0, 1014.0, 764.0]
[16.0, 16.0, 1015.0, 765.0]
[16.0, 0.0, 1016.0, 750.0]
[0.0, 16.0, 1001.0, 767.0]
[16.0, 16.0, 1018.0, 768.0]
[16.0, 16.0, 1019.0, 768.0]
[0.0, 0.0, 1004.0, 753.0]
[16.0, 0.0, 1021.0, 754.0]
[16.0, 0.0, 1022.0, 754.0]
[0.0, 0.0, 1007.0, 755.0]
[0.0, 0.0, 1008.0, 756.0]
[0.0, 0.0, 1009.0, 757.0]
[0.0, 0.0, 1010.0, 758.0]
[0.0, 0.0, 1011.0, 758.0]
[0.0, 0.0, 1012.0, 759.0]
[0.0, 0.0, 1013.0, 760.0]
[0.0, 0.0, 1014.0, 760.0]
[0.0, 0.0, 1015.0, 761.0]
[0.0, 0.0, 1016.0, 762.0]
[0.0, 0.0, 1017.0, 763.0]
[0.0, 0.0, 1018.0, 764.0]
[0.0, 0.0, 1019.0, 764.0]
[0.0, 0.0, 1020.0, 765.0]
[0.0, 0.0, 1021.0, 766.0]
[0.0, 0.0, 1022.0, 766.0]
[0.0, 0.0, 1023.0, 767.0]
[0.0, 0.0, 1024.0, 768.0]
