[208.0, 0.0, 925.0, 538.0]
[208.0, 32.0, 926.0, 570.0]
[128.0, 32.0, 847.0, 571.0]
[128.0, 32.0, 848.0, 572.0]
[240.0, 32.0, 961.0, 573.0]
[192.0, 16.0, 914.0, 558.0]
[240.0, 0.0, 963.0, 542.0]
[240.0, 0.0, 964.0, 543.0]
[272.0, 0.0, 997.0, 544.0]
[112.0, 16.0, 838.0, 560.0]
[272.0, 0.0, 999.0, 545.0]
[272.0, 0.0, 1000.0, 546.0]
[160.0, 0.0, 889.0, 547.0]
[224.0, 0.0, 954.0, 548.0]
[144.0, 0.0, 875.0, 548.0]
[160.0, 16.0, 892.0, 565.0]
[112.0, 16.0, 845.0, 566.0]
[256.0, 16.0, 990.0, 566.0]
[256.0, 16.0, 991.0, 567.0]
[224.0, 16.0, 960.0, 568.0]
[224.0, 16.0, 961.0, 569.0]
[192.0, 16.0, 930.0, 570.0]
[128.0, 0.0, 867.0, 554.0]
[128.0, 16.0, 868.0, 571.0]
[224.0, 16.0, 965.0, 572.0]
[192.0, 0.0, 934.0, 556.0]
[128.0, 16.0, 871.0, 573.0]
[256.0, 0.0, 1000.0, 558.0]
[208.0, 16.0, 953.0, 575.0]
[160.0, 16.0, 906.0, 576.0]
[160.0, 16.0, 907.0, 576.0]
[224.0, 0.0, 972.0, 561.0]
[112.0, 0.0, 861.0, 562.0]
[208.0, 0.0, 958.0, 562.0]
[144.0, 0.0, 895.0, 563.0]
[208.0, 0.0, 960.0, 564.0]
[112.0, 0.0, 865.0, 565.0]
[128.0, 0.0, 882.0, 566.0]
[192.0, 0.0, 947.0, 566.0]
[240.0, 0.0, 996.0, 567.0]
[208.0, 0.0, 965.0, 568.0]
[128.0, 0.0, 886.0, 568.0]
[224.0, 0.0, 983.0, 569.0]
[160.0, 0.0, 920.0, 570.0]
[160.0, 0.0, 921.0, 571.0]
[144.0, 0.0, 906.0, 572.0]
[144.0, 0.0, 907.0, 572.0]
[224.0, 0.0, 988.0, 573.0]
[224.0, 0.0, 989.0, 574.0]
[176.0, 0.0, 942.0, 574.0]
[192.0, 0.0, 959.0, 575.0]
[112.0, 0.0, 880.0, 576.0]
