[64.0, 192.0, 781.0, 730.0]
[224.0, 192.0, 942.0, 730.0]
[80.0, 160.0, 799.0, 699.0]
[208.0, 176.0, 928.0, 716.0]
[208.0, 192.0, 929.0, 733.0]
[48.0, 224.0, 770.0, 766.0]
[32.0, 144.0, 755.0, 686.0]
[144.0, 144.0, 868.0, 687.0]
[96.0, 224.0, 821.0, 768.0]
[192.0, 176.0, 918.0, 720.0]
[160.0, 160.0, 887.0, 705.0]
[64.0, 176.0, 792.0, 722.0]
[176.0, 176.0, 905.0, 723.0]
[160.0, 208.0, 890.0, 756.0]
[80.0, 128.0, 811.0, 676.0]
[144.0, 176.0, 876.0, 725.0]
[144.0, 208.0, 877.0, 758.0]
[128.0, 144.0, 862.0, 694.0]
[192.0, 144.0, 927.0, 695.0]
[224.0, 160.0, 960.0, 712.0]
[80.0, 176.0, 817.0, 729.0]
[96.0, 176.0, 834.0, 730.0]
[112.0, 128.0, 851.0, 682.0]
[112.0, 160.0, 852.0, 715.0]
[208.0, 160.0, 949.0, 716.0]
[16.0, 128.0, 758.0, 684.0]
[64.0, 128.0, 807.0, 685.0]
[128.0, 160.0, 872.0, 718.0]
[0.0, 144.0, 745.0, 703.0]
[144.0, 144.0, 890.0, 704.0]
[144.0, 176.0, 891.0, 736.0]
[64.0, 128.0, 812.0, 689.0]
[112.0, 144.0, 861.0, 706.0]
[16.0, 128.0, 766.0, 690.0]
[64.0, 160.0, 815.0, 723.0]
[16.0, 128.0, 768.0, 692.0]
[176.0, 144.0, 929.0, 709.0]
[176.0, 160.0, 930.0, 726.0]
[48.0, 160.0, 803.0, 726.0]
[0.0, 128.0, 756.0, 695.0]
[144.0, 144.0, 901.0, 712.0]
[176.0, 192.0, 934.0, 760.0]
[128.0, 96.0, 887.0, 665.0]
[192.0, 144.0, 952.0, 714.0]
[144.0, 160.0, 905.0, 731.0]
[64.0, 176.0, 826.0, 748.0]
[0.0, 128.0, 763.0, 700.0]
[32.0, 192.0, 796.0, 765.0]
[0.0, 144.0, 765.0, 718.0]
[96.0, 128.0, 862.0, 702.0]
[0.0, 128.0, 767.0, 703.0]
[96.0, 96.0, 864.0, 672.0]
[144.0, 144.0, 913.0, 721.0]
[80.0, 128.0, 850.0, 706.0]
[80.0, 176.0, 851.0, 754.0]
[48.0, 112.0, 820.0, 691.0]
[96.0, 144.0, 869.0, 724.0]
[48.0, 96.0, 822.0, 676.0]
[80.0, 176.0, 855.0, 757.0]
[144.0, 176.0, 920.0, 758.0]
[112.0, 176.0, 889.0, 759.0]
[16.0, 128.0, 794.0, 712.0]
[144.0, 128.0, 923.0, 712.0]
[48.0, 128.0, 828.0, 713.0]
[208.0, 144.0, 989.0, 730.0]
[160.0, 144.0, 942.0, 730.0]
[64.0, 176.0, 847.0, 763.0]
[144.0, 176.0, 928.0, 764.0]
[48.0, 112.0, 833.0, 701.0]
[112.0, 128.0, 898.0, 718.0]
[16.0, 160.0, 803.0, 750.0]
[64.0, 176.0, 852.0, 767.0]
[208.0, 144.0, 997.0, 736.0]
[48.0, 80.0, 838.0, 672.0]
[0.0, 144.0, 791.0, 737.0]
[176.0, 144.0, 968.0, 738.0]
[160.0, 128.0, 953.0, 723.0]
[16.0, 112.0, 810.0, 708.0]
[48.0, 96.0, 843.0, 692.0]
[32.0, 144.0, 828.0, 741.0]
[144.0, 160.0, 941.0, 758.0]
[48.0, 160.0, 846.0, 758.0]
[64.0, 80.0, 863.0, 679.0]
[64.0, 64.0, 864.0, 664.0]
[80.0, 112.0, 881.0, 713.0]
[112.0, 80.0, 914.0, 682.0]
[128.0, 112.0, 931.0, 714.0]
[176.0, 128.0, 980.0, 731.0]
[32.0, 128.0, 837.0, 732.0]
[32.0, 80.0, 838.0, 684.0]
[96.0, 160.0, 903.0, 765.0]
[48.0, 112.0, 856.0, 718.0]
[128.0, 96.0, 937.0, 703.0]
[128.0, 144.0, 938.0, 752.0]
[80.0, 96.0, 891.0, 704.0]
[128.0, 96.0, 940.0, 705.0]
[128.0, 144.0, 941.0, 754.0]
[48.0, 80.0, 862.0, 690.0]
[16.0, 80.0, 831.0, 691.0]
[16.0, 144.0, 832.0, 756.0]
[80.0, 48.0, 897.0, 661.0]
[64.0, 144.0, 882.0, 758.0]
[64.0, 112.0, 883.0, 726.0]
[32.0, 144.0, 852.0, 759.0]
[48.0, 112.0, 869.0, 728.0]
[128.0, 112.0, 950.0, 728.0]
[80.0, 48.0, 903.0, 665.0]
[48.0, 80.0, 872.0, 698.0]
[80.0, 80.0, 905.0, 699.0]
[80.0, 80.0, 906.0, 700.0]
[160.0, 112.0, 987.0, 732.0]
[96.0, 80.0, 924.0, 701.0]
[32.0, 128.0, 861.0, 750.0]
[80.0, 96.0, 910.0, 718.0]
[48.0, 144.0, 879.0, 767.0]
[64.0, 48.0, 896.0, 672.0]
[0.0, 64.0, 833.0, 689.0]
[0.0, 96.0, 834.0, 722.0]
[128.0, 80.0, 963.0, 706.0]
[32.0, 64.0, 868.0, 691.0]
[64.0, 96.0, 901.0, 724.0]
[0.0, 64.0, 838.0, 692.0]
[64.0, 96.0, 903.0, 725.0]
[32.0, 48.0, 872.0, 678.0]
[32.0, 112.0, 873.0, 743.0]
[0.0, 128.0, 842.0, 760.0]
[144.0, 112.0, 987.0, 744.0]
[128.0, 128.0, 972.0, 761.0]
[128.0, 96.0, 973.0, 730.0]
[32.0, 128.0, 878.0, 762.0]
[128.0, 128.0, 975.0, 763.0]
[16.0, 112.0, 864.0, 748.0]
[48.0, 48.0, 897.0, 685.0]
[80.0, 112.0, 930.0, 750.0]
[96.0, 112.0, 947.0, 750.0]
[48.0, 128.0, 900.0, 767.0]
[32.0, 48.0, 885.0, 688.0]
[48.0, 96.0, 902.0, 736.0]
[48.0, 64.0, 903.0, 705.0]
[0.0, 112.0, 856.0, 754.0]
[80.0, 48.0, 937.0, 691.0]
[32.0, 112.0, 890.0, 756.0]
[144.0, 96.0, 1003.0, 740.0]
[80.0, 112.0, 940.0, 757.0]
[16.0, 64.0, 877.0, 710.0]
[32.0, 48.0, 894.0, 694.0]
[16.0, 48.0, 879.0, 695.0]
[128.0, 96.0, 992.0, 744.0]
[80.0, 96.0, 945.0, 745.0]
[128.0, 96.0, 994.0, 746.0]
[80.0, 96.0, 947.0, 746.0]
[16.0, 80.0, 884.0, 731.0]
[48.0, 64.0, 917.0, 716.0]
[48.0, 96.0, 918.0, 748.0]
[64.0, 48.0, 935.0, 701.0]
[48.0, 80.0, 920.0, 734.0]
[112.0, 112.0, 985.0, 767.0]
[80.0, 80.0, 954.0, 736.0]
[80.0, 112.0, 955.0, 768.0]
[0.0, 80.0, 876.0, 737.0]
[80.0, 64.0, 957.0, 722.0]
[16.0, 96.0, 894.0, 754.0]
[16.0, 48.0, 895.0, 707.0]
[32.0, 64.0, 912.0, 724.0]
[16.0, 96.0, 897.0, 757.0]
[96.0, 80.0, 978.0, 742.0]
[0.0, 64.0, 883.0, 726.0]
[96.0, 96.0, 980.0, 759.0]
[32.0, 64.0, 917.0, 728.0]
[0.0, 80.0, 886.0, 744.0]
[32.0, 96.0, 919.0, 761.0]
[32.0, 48.0, 920.0, 714.0]
[112.0, 96.0, 1001.0, 763.0]
[80.0, 64.0, 970.0, 732.0]
[16.0, 96.0, 907.0, 764.0]
[32.0, 64.0, 924.0, 733.0]
[112.0, 80.0, 1005.0, 750.0]
[48.0, 48.0, 942.0, 718.0]
[16.0, 96.0, 911.0, 767.0]
[80.0, 48.0, 976.0, 720.0]
[32.0, 80.0, 929.0, 753.0]
[16.0, 32.0, 914.0, 706.0]
[96.0, 64.0, 995.0, 738.0]
[80.0, 64.0, 980.0, 739.0]
[16.0, 80.0, 917.0, 756.0]
[64.0, 48.0, 966.0, 724.0]
[64.0, 64.0, 967.0, 741.0]
[64.0, 64.0, 968.0, 742.0]
[64.0, 48.0, 969.0, 727.0]
[48.0, 48.0, 954.0, 728.0]
[96.0, 80.0, 1003.0, 760.0]
[16.0, 16.0, 924.0, 697.0]
[64.0, 64.0, 973.0, 746.0]
[0.0, 16.0, 910.0, 698.0]
[48.0, 64.0, 959.0, 747.0]
[0.0, 48.0, 912.0, 732.0]
[0.0, 32.0, 913.0, 717.0]
[32.0, 16.0, 946.0, 702.0]
[48.0, 32.0, 963.0, 718.0]
[32.0, 64.0, 948.0, 751.0]
[0.0, 64.0, 917.0, 752.0]
[16.0, 32.0, 934.0, 720.0]
[16.0, 48.0, 935.0, 737.0]
[16.0, 16.0, 936.0, 706.0]
[32.0, 48.0, 953.0, 739.0]
[16.0, 32.0, 938.0, 724.0]
[48.0, 48.0, 971.0, 740.0]
[64.0, 64.0, 988.0, 757.0]
[32.0, 64.0, 957.0, 758.0]
[16.0, 32.0, 942.0, 726.0]
[80.0, 64.0, 1007.0, 759.0]
[16.0, 48.0, 944.0, 744.0]
[80.0, 48.0, 1009.0, 745.0]
[48.0, 32.0, 978.0, 730.0]
[64.0, 64.0, 995.0, 762.0]
[16.0, 64.0, 948.0, 763.0]
[32.0, 64.0, 965.0, 764.0]
[0.0, 32.0, 934.0, 732.0]
[64.0, 32.0, 999.0, 733.0]
[48.0, 64.0, 984.0, 766.0]
[48.0, 16.0, 985.0, 719.0]
[48.0, 64.0, 986.0, 768.0]
[0.0, 48.0, 939.0, 752.0]
[32.0, 16.0, 972.0, 721.0]
[64.0, 48.0, 1005.0, 754.0]
[32.0, 16.0, 974.0, 722.0]
[32.0, 16.0, 975.0, 723.0]
[32.0, 32.0, 976.0, 740.0]
[48.0, 48.0, 993.0, 757.0]
[16.0, 32.0, 962.0, 742.0]
[64.0, 48.0, 1011.0, 758.0]
[16.0, 16.0, 964.0, 727.0]
[48.0, 32.0, 997.0, 744.0]
[48.0, 32.0, 998.0, 744.0]
[48.0, 32.0, 999.0, 745.0]
[32.0, 48.0, 984.0, 762.0]
[16.0, 32.0, 969.0, 747.0]
[0.0, 48.0, 954.0, 764.0]
[32.0, 32.0, 987.0, 748.0]
[0.0, 16.0, 956.0, 733.0]
[32.0, 48.0, 989.0, 766.0]
[16.0, 48.0, 974.0, 766.0]
[48.0, 32.0, 1007.0, 751.0]
[48.0, 16.0, 1008.0, 736.0]
[0.0, 16.0, 961.0, 737.0]
[32.0, 32.0, 994.0, 754.0]
[32.0, 32.0, 995.0, 754.0]
[0.0, 32.0, 964.0, 755.0]
[32.0, 32.0, 997.0, 756.0]
[16.0, 32.0, 982.0, 756.0]
[32.0, 32.0, 999.0, 757.0]
