[224.0, 96.0, 941.0, 634.0]
[144.0, 112.0, 862.0, 650.0]
[272.0, 32.0, 991.0, 571.0]
[208.0, 48.0, 928.0, 588.0]
[240.0, 32.0, 961.0, 573.0]
[240.0, 80.0, 962.0, 622.0]
[176.0, 48.0, 899.0, 590.0]
[288.0, 112.0, 1012.0, 655.0]
[288.0, 80.0, 1013.0, 624.0]
[256.0, 80.0, 982.0, 624.0]
[144.0, 96.0, 871.0, 641.0]
[272.0, 64.0, 1000.0, 610.0]
[208.0, 64.0, 937.0, 611.0]
[192.0, 64.0, 922.0, 612.0]
[192.0, 48.0, 923.0, 596.0]
[240.0, 48.0, 972.0, 597.0]
[208.0, 112.0, 941.0, 662.0]
[208.0, 112.0, 942.0, 662.0]
[288.0, 128.0, 1023.0, 679.0]
[272.0, 80.0, 1008.0, 632.0]
[272.0, 32.0, 1009.0, 585.0]
[224.0, 64.0, 962.0, 618.0]
[208.0, 64.0, 947.0, 618.0]
[272.0, 96.0, 1012.0, 651.0]
[144.0, 80.0, 885.0, 636.0]
[208.0, 112.0, 950.0, 668.0]
[192.0, 112.0, 935.0, 669.0]
[176.0, 112.0, 920.0, 670.0]
[240.0, 64.0, 985.0, 623.0]
[144.0, 112.0, 890.0, 672.0]
[240.0, 16.0, 987.0, 576.0]
[144.0, 48.0, 892.0, 609.0]
[144.0, 64.0, 893.0, 626.0]
[224.0, 96.0, 974.0, 658.0]
[272.0, 96.0, 1023.0, 659.0]
[128.0, 96.0, 880.0, 660.0]
[240.0, 80.0, 993.0, 645.0]
[160.0, 48.0, 914.0, 614.0]
[240.0, 48.0, 995.0, 614.0]
[176.0, 112.0, 932.0, 679.0]
[96.0, 80.0, 853.0, 648.0]
[176.0, 80.0, 934.0, 648.0]
[240.0, 64.0, 999.0, 633.0]
[128.0, 96.0, 888.0, 666.0]
[256.0, 80.0, 1017.0, 651.0]
[256.0, 32.0, 1018.0, 604.0]
[176.0, 16.0, 939.0, 588.0]
[240.0, 32.0, 1004.0, 605.0]
[192.0, 16.0, 957.0, 590.0]
[144.0, 80.0, 910.0, 654.0]
[192.0, 48.0, 959.0, 623.0]
[240.0, 96.0, 1008.0, 672.0]
[176.0, 64.0, 945.0, 641.0]
[224.0, 48.0, 994.0, 626.0]
[240.0, 80.0, 1011.0, 658.0]
[240.0, 80.0, 1012.0, 659.0]
[160.0, 16.0, 933.0, 596.0]
[144.0, 32.0, 918.0, 612.0]
[160.0, 32.0, 935.0, 613.0]
[192.0, 80.0, 968.0, 662.0]
[80.0, 80.0, 857.0, 663.0]
[224.0, 16.0, 1002.0, 600.0]
[160.0, 80.0, 939.0, 664.0]
[240.0, 48.0, 1020.0, 633.0]
[208.0, 64.0, 989.0, 650.0]
[208.0, 48.0, 990.0, 634.0]
[176.0, 16.0, 959.0, 603.0]
[240.0, 16.0, 1024.0, 604.0]
[208.0, 16.0, 993.0, 605.0]
[224.0, 64.0, 1010.0, 654.0]
[112.0, 80.0, 899.0, 670.0]
[144.0, 16.0, 932.0, 607.0]
[192.0, 0.0, 981.0, 592.0]
[176.0, 80.0, 966.0, 672.0]
[224.0, 0.0, 1015.0, 593.0]
[96.0, 48.0, 888.0, 642.0]
[144.0, 64.0, 937.0, 659.0]
[160.0, 16.0, 954.0, 612.0]
[112.0, 80.0, 907.0, 676.0]
[224.0, 48.0, 1020.0, 645.0]
[144.0, 32.0, 941.0, 630.0]
[192.0, 0.0, 990.0, 598.0]
[224.0, 32.0, 1023.0, 631.0]
[128.0, 80.0, 928.0, 680.0]
[208.0, 16.0, 1009.0, 617.0]
[144.0, 48.0, 946.0, 650.0]
[144.0, 48.0, 947.0, 650.0]
[96.0, 64.0, 900.0, 667.0]
[128.0, 48.0, 933.0, 652.0]
[128.0, 32.0, 934.0, 636.0]
[192.0, 64.0, 999.0, 669.0]
[208.0, 48.0, 1016.0, 654.0]
[96.0, 32.0, 905.0, 639.0]
[176.0, 16.0, 986.0, 624.0]
[160.0, 16.0, 971.0, 624.0]
[128.0, 32.0, 940.0, 641.0]
[144.0, 64.0, 957.0, 674.0]
[160.0, 32.0, 974.0, 642.0]
[128.0, 48.0, 943.0, 659.0]
[96.0, 48.0, 912.0, 660.0]
[128.0, 0.0, 945.0, 613.0]
[80.0, 64.0, 898.0, 678.0]
[112.0, 64.0, 931.0, 678.0]
[80.0, 48.0, 900.0, 663.0]
[112.0, 16.0, 933.0, 632.0]
[176.0, 32.0, 998.0, 648.0]
[80.0, 64.0, 903.0, 681.0]
[176.0, 64.0, 1000.0, 682.0]
[192.0, 32.0, 1017.0, 651.0]
[128.0, 0.0, 954.0, 620.0]
[176.0, 48.0, 1003.0, 668.0]
[112.0, 48.0, 940.0, 669.0]
[144.0, 16.0, 973.0, 638.0]
[160.0, 0.0, 990.0, 622.0]
[96.0, 32.0, 927.0, 655.0]
[160.0, 32.0, 992.0, 656.0]
[144.0, 0.0, 977.0, 625.0]
[144.0, 48.0, 978.0, 674.0]
[160.0, 0.0, 995.0, 626.0]
[144.0, 32.0, 980.0, 659.0]
[112.0, 16.0, 949.0, 644.0]
[80.0, 48.0, 918.0, 676.0]
[96.0, 16.0, 935.0, 645.0]
[176.0, 48.0, 1016.0, 678.0]
[96.0, 16.0, 937.0, 647.0]
[160.0, 16.0, 1002.0, 648.0]
[96.0, 48.0, 939.0, 680.0]
[176.0, 0.0, 1020.0, 633.0]
[112.0, 48.0, 957.0, 682.0]
[176.0, 48.0, 1022.0, 682.0]
[80.0, 32.0, 927.0, 667.0]
[144.0, 0.0, 992.0, 636.0]
[144.0, 0.0, 993.0, 637.0]
[96.0, 16.0, 946.0, 654.0]
[144.0, 16.0, 995.0, 654.0]
[128.0, 32.0, 980.0, 671.0]
[160.0, 32.0, 1013.0, 672.0]
[144.0, 32.0, 998.0, 672.0]
[112.0, 0.0, 967.0, 641.0]
[160.0, 0.0, 1016.0, 642.0]
[96.0, 0.0, 953.0, 643.0]
[112.0, 0.0, 970.0, 644.0]
[144.0, 0.0, 1003.0, 644.0]
[144.0, 32.0, 1004.0, 677.0]
[144.0, 32.0, 1005.0, 678.0]
[96.0, 16.0, 958.0, 662.0]
[144.0, 32.0, 1007.0, 679.0]
[144.0, 16.0, 1008.0, 664.0]
[128.0, 16.0, 993.0, 665.0]
[144.0, 32.0, 1010.0, 682.0]
[128.0, 32.0, 995.0, 682.0]
[96.0, 32.0, 964.0, 683.0]
[128.0, 0.0, 997.0, 652.0]
[112.0, 0.0, 982.0, 652.0]
[128.0, 0.0, 999.0, 653.0]
[144.0, 0.0, 1016.0, 654.0]
[80.0, 16.0, 953.0, 671.0]
[80.0, 16.0, 954.0, 672.0]
[96.0, 16.0, 971.0, 672.0]
[128.0, 16.0, 1004.0, 673.0]
[112.0, 16.0, 989.0, 674.0]
[96.0, 0.0, 974.0, 658.0]
[128.0, 16.0, 1007.0, 675.0]
[144.0, 16.0, 1024.0, 676.0]
[128.0, 16.0, 1009.0, 677.0]
[112.0, 0.0, 994.0, 662.0]
[96.0, 16.0, 979.0, 678.0]
[128.0, 0.0, 1012.0, 663.0]
[112.0, 0.0, 997.0, 664.0]
[112.0, 0.0, 998.0, 664.0]
[128.0, 0.0, 1015.0, 665.0]
[96.0, 16.0, 984.0, 682.0]
[96.0, 16.0, 985.0, 683.0]
[80.0, 0.0, 970.0, 668.0]
[128.0, 0.0, 1019.0, 668.0]
[128.0, 0.0, 1020.0, 669.0]
[96.0, 0.0, 989.0, 670.0]
[96.0, 0.0, 990.0, 670.0]
[80.0, 0.0, 975.0, 671.0]
[80.0, 0.0, 976.0, 672.0]
[80.0, 0.0, 977.0, 673.0]
[112.0, 0.0, 1010.0, 674.0]
[96.0, 0.0, 995.0, 674.0]
[80.0, 0.0, 980.0, 675.0]
[80.0, 0.0, 981.0, 676.0]
[80.0, 0.0, 982.0, 676.0]
[96.0, 0.0, 999.0, 677.0]
[80.0, 0.0, 984.0, 678.0]
[96.0, 0.0, 1001.0, 679.0]
[112.0, 0.0, 1018.0, 680.0]
[112.0, 0.0, 1019.0, 680.0]
[80.0, 0.0, 988.0, 681.0]
[112.0, 0.0, 1021.0, 682.0]
[96.0, 0.0, 1006.0, 682.0]
[96.0, 0.0, 1007.0, 683.0]
