[160.0, 48.0, 877.0, 586.0]
[256.0, 48.0, 974.0, 586.0]
[256.0, 32.0, 975.0, 571.0]
[80.0, 48.0, 800.0, 588.0]
[96.0, 32.0, 817.0, 573.0]
[32.0, 32.0, 754.0, 574.0]
[160.0, 32.0, 883.0, 574.0]
[96.0, 48.0, 820.0, 591.0]
[64.0, 64.0, 789.0, 608.0]
[160.0, 48.0, 886.0, 592.0]
[256.0, 32.0, 983.0, 577.0]
[80.0, 48.0, 808.0, 594.0]
[64.0, 64.0, 793.0, 611.0]
[16.0, 48.0, 746.0, 596.0]
[224.0, 64.0, 955.0, 612.0]
[144.0, 32.0, 876.0, 581.0]
[112.0, 32.0, 845.0, 582.0]
[224.0, 48.0, 958.0, 598.0]
[256.0, 32.0, 991.0, 583.0]
[160.0, 32.0, 896.0, 584.0]
[96.0, 16.0, 833.0, 569.0]
[96.0, 64.0, 834.0, 618.0]
[224.0, 64.0, 963.0, 618.0]
[176.0, 48.0, 916.0, 603.0]
[16.0, 32.0, 757.0, 588.0]
[160.0, 0.0, 902.0, 556.0]
[160.0, 32.0, 903.0, 589.0]
[208.0, 32.0, 952.0, 590.0]
[112.0, 64.0, 857.0, 623.0]
[80.0, 48.0, 826.0, 608.0]
[240.0, 64.0, 987.0, 624.0]
[208.0, 16.0, 956.0, 577.0]
[96.0, 0.0, 845.0, 562.0]
[176.0, 0.0, 926.0, 562.0]
[144.0, 16.0, 895.0, 579.0]
[16.0, 32.0, 768.0, 596.0]
[112.0, 48.0, 865.0, 613.0]
[144.0, 64.0, 898.0, 630.0]
[160.0, 16.0, 915.0, 582.0]
[208.0, 32.0, 964.0, 599.0]
[240.0, 16.0, 997.0, 584.0]
[96.0, 0.0, 854.0, 568.0]
[64.0, 48.0, 823.0, 617.0]
[80.0, 16.0, 840.0, 586.0]
[144.0, 0.0, 905.0, 571.0]
[32.0, 0.0, 794.0, 572.0]
[80.0, 64.0, 843.0, 636.0]
[32.0, 0.0, 796.0, 573.0]
[64.0, 0.0, 829.0, 574.0]
[112.0, 16.0, 878.0, 590.0]
[144.0, 32.0, 911.0, 607.0]
[48.0, 16.0, 816.0, 592.0]
[224.0, 16.0, 993.0, 593.0]
[32.0, 48.0, 802.0, 626.0]
[208.0, 0.0, 979.0, 578.0]
[32.0, 32.0, 804.0, 611.0]
[192.0, 64.0, 965.0, 644.0]
[96.0, 48.0, 870.0, 628.0]
[80.0, 16.0, 855.0, 597.0]
[16.0, 48.0, 792.0, 630.0]
[224.0, 48.0, 1001.0, 631.0]
[144.0, 32.0, 922.0, 616.0]
[96.0, 0.0, 875.0, 584.0]
[160.0, 48.0, 940.0, 633.0]
[160.0, 32.0, 941.0, 618.0]
[240.0, 16.0, 1022.0, 602.0]
[32.0, 32.0, 815.0, 619.0]
[224.0, 0.0, 1008.0, 588.0]
[80.0, 64.0, 865.0, 653.0]
[192.0, 64.0, 978.0, 654.0]
[32.0, 32.0, 819.0, 622.0]
[160.0, 64.0, 948.0, 655.0]
[48.0, 32.0, 837.0, 624.0]
[144.0, 64.0, 934.0, 656.0]
[112.0, 48.0, 903.0, 641.0]
[0.0, 0.0, 792.0, 594.0]
[112.0, 16.0, 905.0, 611.0]
[32.0, 64.0, 826.0, 660.0]
[80.0, 64.0, 875.0, 660.0]
[224.0, 16.0, 1020.0, 613.0]
[64.0, 32.0, 861.0, 630.0]
[192.0, 64.0, 990.0, 662.0]
[176.0, 16.0, 975.0, 615.0]
[112.0, 0.0, 912.0, 600.0]
[96.0, 48.0, 897.0, 649.0]
[128.0, 48.0, 930.0, 650.0]
[128.0, 48.0, 931.0, 650.0]
[80.0, 0.0, 884.0, 603.0]
[144.0, 0.0, 949.0, 604.0]
[48.0, 16.0, 854.0, 620.0]
[192.0, 16.0, 999.0, 621.0]
[144.0, 16.0, 952.0, 622.0]
[128.0, 16.0, 937.0, 623.0]
[48.0, 32.0, 858.0, 640.0]
[192.0, 16.0, 1003.0, 624.0]
[80.0, 64.0, 892.0, 673.0]
[192.0, 32.0, 1005.0, 642.0]
[48.0, 0.0, 862.0, 610.0]
[32.0, 16.0, 847.0, 627.0]
[192.0, 48.0, 1008.0, 660.0]
[192.0, 16.0, 1009.0, 629.0]
[128.0, 0.0, 946.0, 614.0]
[192.0, 0.0, 1011.0, 614.0]
[176.0, 48.0, 996.0, 663.0]
[176.0, 32.0, 997.0, 648.0]
[176.0, 48.0, 998.0, 664.0]
[176.0, 16.0, 999.0, 633.0]
[112.0, 48.0, 936.0, 666.0]
[128.0, 16.0, 953.0, 635.0]
[80.0, 32.0, 906.0, 652.0]
[112.0, 32.0, 939.0, 652.0]
[144.0, 16.0, 972.0, 637.0]
[48.0, 48.0, 877.0, 670.0]
[144.0, 16.0, 974.0, 638.0]
[48.0, 32.0, 879.0, 655.0]
[144.0, 16.0, 976.0, 640.0]
[112.0, 16.0, 945.0, 641.0]
[128.0, 32.0, 962.0, 658.0]
[16.0, 16.0, 851.0, 642.0]
[32.0, 32.0, 868.0, 659.0]
[112.0, 0.0, 949.0, 628.0]
[176.0, 32.0, 1014.0, 660.0]
[64.0, 32.0, 903.0, 661.0]
[112.0, 32.0, 952.0, 662.0]
[112.0, 0.0, 953.0, 631.0]
[176.0, 32.0, 1018.0, 664.0]
[0.0, 32.0, 843.0, 664.0]
[80.0, 0.0, 924.0, 633.0]
[112.0, 32.0, 957.0, 666.0]
[160.0, 0.0, 1006.0, 634.0]
[96.0, 48.0, 943.0, 683.0]
[96.0, 0.0, 944.0, 636.0]
[144.0, 32.0, 993.0, 669.0]
[144.0, 0.0, 994.0, 638.0]
[80.0, 32.0, 931.0, 670.0]
[0.0, 32.0, 852.0, 671.0]
[16.0, 0.0, 869.0, 640.0]
[0.0, 0.0, 854.0, 640.0]
[64.0, 16.0, 919.0, 657.0]
[0.0, 0.0, 856.0, 642.0]
[112.0, 0.0, 969.0, 643.0]
[64.0, 16.0, 922.0, 660.0]
[96.0, 0.0, 955.0, 644.0]
[96.0, 16.0, 956.0, 661.0]
[32.0, 32.0, 893.0, 678.0]
[96.0, 16.0, 958.0, 662.0]
[48.0, 0.0, 911.0, 647.0]
[112.0, 0.0, 976.0, 648.0]
[64.0, 16.0, 929.0, 665.0]
[48.0, 32.0, 914.0, 682.0]
[144.0, 16.0, 1011.0, 666.0]
[32.0, 0.0, 900.0, 651.0]
[96.0, 16.0, 965.0, 668.0]
[96.0, 16.0, 966.0, 668.0]
[32.0, 0.0, 903.0, 653.0]
[128.0, 16.0, 1000.0, 670.0]
[16.0, 0.0, 889.0, 655.0]
[128.0, 16.0, 1002.0, 672.0]
[32.0, 16.0, 907.0, 672.0]
[128.0, 0.0, 1004.0, 657.0]
[64.0, 16.0, 941.0, 674.0]
[128.0, 0.0, 1006.0, 658.0]
[48.0, 16.0, 927.0, 675.0]
[144.0, 0.0, 1024.0, 660.0]
[80.0, 0.0, 961.0, 661.0]
[32.0, 0.0, 914.0, 662.0]
[80.0, 0.0, 963.0, 662.0]
[128.0, 0.0, 1012.0, 663.0]
[0.0, 0.0, 885.0, 664.0]
[112.0, 0.0, 998.0, 664.0]
[64.0, 16.0, 951.0, 681.0]
[128.0, 0.0, 1016.0, 666.0]
[0.0, 16.0, 889.0, 683.0]
[32.0, 0.0, 922.0, 668.0]
[80.0, 0.0, 971.0, 668.0]
[112.0, 0.0, 1004.0, 669.0]
[96.0, 0.0, 989.0, 670.0]
[16.0, 0.0, 910.0, 670.0]
[48.0, 0.0, 943.0, 671.0]
[48.0, 0.0, 944.0, 672.0]
[48.0, 0.0, 945.0, 673.0]
[48.0, 0.0, 946.0, 674.0]
[96.0, 0.0, 995.0, 674.0]
[48.0, 0.0, 948.0, 675.0]
[0.0, 0.0, 901.0, 676.0]
[48.0, 0.0, 950.0, 676.0]
[80.0, 0.0, 983.0, 677.0]
[96.0, 0.0, 1000.0, 678.0]
[96.0, 0.0, 1001.0, 679.0]
[112.0, 0.0, 1018.0, 680.0]
[112.0, 0.0, 1019.0, 680.0]
[96.0, 0.0, 1004.0, 681.0]
[16.0, 0.0, 925.0, 682.0]
[64.0, 0.0, 974.0, 682.0]
[96.0, 0.0, 1007.0, 683.0]
