[144.0, 240.0, 682.0, 957.0]
[64.0, 208.0, 602.0, 926.0]
[112.0, 112.0, 651.0, 831.0]
[80.0, 160.0, 620.0, 880.0]
[112.0, 208.0, 653.0, 929.0]
[144.0, 208.0, 686.0, 930.0]
[128.0, 256.0, 670.0, 979.0]
[128.0, 160.0, 671.0, 884.0]
[48.0, 160.0, 592.0, 885.0]
[128.0, 160.0, 672.0, 886.0]
[128.0, 96.0, 673.0, 823.0]
[80.0, 208.0, 626.0, 936.0]
[64.0, 144.0, 611.0, 873.0]
[96.0, 128.0, 644.0, 858.0]
[144.0, 144.0, 692.0, 875.0]
[192.0, 144.0, 741.0, 876.0]
[96.0, 256.0, 646.0, 989.0]
[96.0, 144.0, 646.0, 878.0]
[112.0, 192.0, 663.0, 927.0]
[144.0, 96.0, 696.0, 832.0]
[64.0, 144.0, 617.0, 881.0]
[144.0, 224.0, 698.0, 962.0]
[192.0, 160.0, 746.0, 899.0]
[80.0, 64.0, 635.0, 804.0]
[128.0, 80.0, 684.0, 821.0]
[112.0, 112.0, 668.0, 854.0]
[112.0, 80.0, 669.0, 823.0]
[144.0, 176.0, 702.0, 920.0]
[160.0, 96.0, 719.0, 841.0]
[144.0, 112.0, 704.0, 858.0]
[32.0, 176.0, 592.0, 923.0]
[96.0, 144.0, 657.0, 892.0]
[112.0, 128.0, 674.0, 877.0]
[96.0, 192.0, 658.0, 942.0]
[112.0, 256.0, 675.0, 1007.0]
[112.0, 224.0, 676.0, 976.0]
[32.0, 112.0, 597.0, 865.0]
[64.0, 160.0, 630.0, 914.0]
[48.0, 160.0, 614.0, 915.0]
[64.0, 96.0, 631.0, 852.0]
[112.0, 208.0, 680.0, 965.0]
[96.0, 48.0, 664.0, 806.0]
[64.0, 48.0, 633.0, 807.0]
[48.0, 128.0, 618.0, 888.0]
[48.0, 96.0, 619.0, 857.0]
[144.0, 160.0, 716.0, 922.0]
[80.0, 112.0, 652.0, 875.0]
[80.0, 112.0, 653.0, 876.0]
[64.0, 224.0, 638.0, 989.0]
[32.0, 144.0, 606.0, 910.0]
[64.0, 176.0, 639.0, 943.0]
[64.0, 128.0, 640.0, 896.0]
[144.0, 160.0, 721.0, 929.0]
[96.0, 0.0, 674.0, 770.0]
[144.0, 176.0, 722.0, 947.0]
[160.0, 96.0, 739.0, 868.0]
[80.0, 96.0, 660.0, 869.0]
[96.0, 208.0, 676.0, 982.0]
[80.0, 192.0, 661.0, 967.0]
[128.0, 96.0, 710.0, 872.0]
[128.0, 128.0, 711.0, 905.0]
[48.0, 96.0, 632.0, 874.0]
[144.0, 192.0, 728.0, 971.0]
[80.0, 160.0, 665.0, 940.0]
[48.0, 144.0, 634.0, 925.0]
[144.0, 80.0, 730.0, 862.0]
[48.0, 192.0, 635.0, 975.0]
[48.0, 144.0, 636.0, 928.0]
[64.0, 176.0, 653.0, 961.0]
[128.0, 176.0, 718.0, 962.0]
[160.0, 80.0, 750.0, 867.0]
[96.0, 208.0, 687.0, 996.0]
[64.0, 112.0, 656.0, 901.0]
[96.0, 192.0, 688.0, 982.0]
[64.0, 160.0, 657.0, 951.0]
[80.0, 208.0, 674.0, 1000.0]
[144.0, 64.0, 739.0, 857.0]
[48.0, 144.0, 644.0, 938.0]
[128.0, 112.0, 724.0, 907.0]
[112.0, 192.0, 709.0, 988.0]
[80.0, 0.0, 678.0, 797.0]
[144.0, 96.0, 742.0, 894.0]
[32.0, 64.0, 631.0, 863.0]
[0.0, 112.0, 600.0, 912.0]
[48.0, 192.0, 649.0, 993.0]
[64.0, 0.0, 666.0, 802.0]
[16.0, 80.0, 618.0, 883.0]
[160.0, 144.0, 763.0, 948.0]
[96.0, 48.0, 700.0, 853.0]
[48.0, 112.0, 652.0, 918.0]
[96.0, 128.0, 701.0, 935.0]
[0.0, 80.0, 606.0, 888.0]
[64.0, 48.0, 671.0, 857.0]
[32.0, 176.0, 640.0, 986.0]
[64.0, 48.0, 672.0, 859.0]
[48.0, 16.0, 657.0, 828.0]
[80.0, 192.0, 690.0, 1005.0]
[112.0, 96.0, 722.0, 910.0]
[96.0, 112.0, 707.0, 927.0]
[16.0, 64.0, 628.0, 880.0]
[80.0, 128.0, 693.0, 945.0]
[48.0, 80.0, 662.0, 898.0]
[96.0, 192.0, 710.0, 1011.0]
[48.0, 0.0, 663.0, 820.0]
[96.0, 112.0, 712.0, 933.0]
[48.0, 144.0, 664.0, 966.0]
[144.0, 144.0, 761.0, 967.0]
[16.0, 112.0, 634.0, 936.0]
[112.0, 128.0, 731.0, 953.0]
[96.0, 192.0, 716.0, 1018.0]
[128.0, 32.0, 748.0, 859.0]
[144.0, 128.0, 765.0, 956.0]
[64.0, 32.0, 686.0, 861.0]
[32.0, 176.0, 654.0, 1006.0]
[128.0, 160.0, 751.0, 991.0]
[0.0, 144.0, 624.0, 976.0]
[48.0, 48.0, 673.0, 881.0]
[128.0, 144.0, 754.0, 978.0]
[112.0, 144.0, 738.0, 979.0]
[32.0, 80.0, 659.0, 916.0]
[48.0, 96.0, 676.0, 933.0]
[16.0, 96.0, 644.0, 934.0]
[96.0, 64.0, 725.0, 903.0]
[128.0, 128.0, 758.0, 968.0]
[48.0, 0.0, 679.0, 841.0]
[32.0, 144.0, 664.0, 986.0]
[112.0, 48.0, 744.0, 891.0]
[16.0, 80.0, 649.0, 924.0]
[48.0, 48.0, 682.0, 893.0]
[64.0, 112.0, 698.0, 958.0]
[112.0, 144.0, 747.0, 991.0]
[80.0, 32.0, 716.0, 880.0]
[128.0, 80.0, 765.0, 929.0]
[32.0, 80.0, 670.0, 930.0]
[32.0, 0.0, 670.0, 851.0]
[96.0, 0.0, 735.0, 852.0]
[32.0, 64.0, 672.0, 917.0]
[32.0, 16.0, 672.0, 870.0]
[112.0, 96.0, 753.0, 951.0]
[0.0, 96.0, 642.0, 952.0]
[80.0, 128.0, 723.0, 985.0]
[112.0, 96.0, 756.0, 954.0]
[96.0, 16.0, 740.0, 875.0]
[96.0, 48.0, 741.0, 908.0]
[96.0, 16.0, 742.0, 877.0]
[16.0, 144.0, 662.0, 1006.0]
[80.0, 128.0, 727.0, 991.0]
[80.0, 16.0, 728.0, 880.0]
[16.0, 96.0, 665.0, 961.0]
[16.0, 32.0, 666.0, 898.0]
[0.0, 144.0, 650.0, 1011.0]
[96.0, 16.0, 747.0, 884.0]
[32.0, 16.0, 684.0, 885.0]
[96.0, 112.0, 748.0, 982.0]
[32.0, 144.0, 685.0, 1015.0]
[32.0, 48.0, 686.0, 920.0]
[48.0, 32.0, 703.0, 905.0]
[96.0, 112.0, 752.0, 986.0]
[32.0, 80.0, 688.0, 955.0]
[32.0, 96.0, 689.0, 972.0]
[16.0, 0.0, 674.0, 877.0]
[32.0, 112.0, 690.0, 990.0]
[0.0, 16.0, 659.0, 895.0]
[48.0, 112.0, 708.0, 992.0]
[48.0, 32.0, 709.0, 913.0]
[48.0, 16.0, 710.0, 898.0]
[80.0, 80.0, 742.0, 963.0]
[96.0, 64.0, 759.0, 948.0]
[0.0, 0.0, 664.0, 885.0]
[80.0, 128.0, 744.0, 1014.0]
[0.0, 96.0, 665.0, 983.0]
[80.0, 16.0, 746.0, 904.0]
[32.0, 0.0, 699.0, 889.0]
[0.0, 128.0, 668.0, 1018.0]
[16.0, 80.0, 684.0, 971.0]
[80.0, 80.0, 749.0, 972.0]
[48.0, 16.0, 718.0, 909.0]
[48.0, 96.0, 718.0, 990.0]
[96.0, 128.0, 767.0, 1023.0]
[48.0, 128.0, 720.0, 1024.0]
[16.0, 48.0, 689.0, 945.0]
[32.0, 0.0, 706.0, 898.0]
[48.0, 16.0, 722.0, 915.0]
[16.0, 16.0, 691.0, 916.0]
[32.0, 96.0, 708.0, 997.0]
[48.0, 96.0, 724.0, 998.0]
[80.0, 80.0, 757.0, 983.0]
[16.0, 0.0, 694.0, 904.0]
[0.0, 32.0, 679.0, 937.0]
[0.0, 64.0, 680.0, 970.0]
[80.0, 80.0, 760.0, 987.0]
[0.0, 0.0, 681.0, 908.0]
[0.0, 0.0, 682.0, 909.0]
[80.0, 64.0, 762.0, 974.0]
[16.0, 112.0, 699.0, 1023.0]
[80.0, 112.0, 764.0, 1024.0]
[32.0, 32.0, 717.0, 945.0]
[80.0, 80.0, 766.0, 994.0]
[48.0, 96.0, 734.0, 1011.0]
[0.0, 96.0, 687.0, 1012.0]
[48.0, 32.0, 736.0, 949.0]
[16.0, 96.0, 704.0, 1014.0]
