[112.0, 96.0, 829.0, 634.0]
[48.0, 16.0, 766.0, 554.0]
[96.0, 96.0, 815.0, 635.0]
[128.0, 96.0, 848.0, 636.0]
[32.0, 80.0, 753.0, 621.0]
[16.0, 96.0, 738.0, 638.0]
[128.0, 32.0, 851.0, 574.0]
[64.0, 64.0, 788.0, 607.0]
[0.0, 16.0, 725.0, 560.0]
[32.0, 80.0, 758.0, 624.0]
[80.0, 0.0, 807.0, 545.0]
[80.0, 80.0, 808.0, 626.0]
[144.0, 96.0, 873.0, 643.0]
[48.0, 16.0, 778.0, 564.0]
[64.0, 80.0, 795.0, 628.0]
[16.0, 96.0, 748.0, 645.0]
[160.0, 32.0, 893.0, 582.0]
[96.0, 64.0, 830.0, 614.0]
[64.0, 48.0, 799.0, 599.0]
[112.0, 80.0, 848.0, 632.0]
[0.0, 16.0, 737.0, 569.0]
[128.0, 64.0, 866.0, 618.0]
[128.0, 80.0, 867.0, 634.0]
[64.0, 80.0, 804.0, 635.0]
[64.0, 16.0, 805.0, 572.0]
[80.0, 16.0, 822.0, 572.0]
[96.0, 80.0, 839.0, 637.0]
[48.0, 80.0, 792.0, 638.0]
[128.0, 64.0, 873.0, 623.0]
[144.0, 16.0, 890.0, 576.0]
[80.0, 0.0, 827.0, 560.0]
[112.0, 48.0, 860.0, 609.0]
[96.0, 32.0, 845.0, 594.0]
[48.0, 48.0, 798.0, 610.0]
[64.0, 48.0, 815.0, 611.0]
[128.0, 80.0, 880.0, 644.0]
[16.0, 48.0, 769.0, 613.0]
[48.0, 64.0, 802.0, 630.0]
[32.0, 48.0, 787.0, 614.0]
[128.0, 16.0, 884.0, 583.0]
[0.0, 0.0, 757.0, 568.0]
[32.0, 48.0, 790.0, 616.0]
[96.0, 32.0, 855.0, 601.0]
[96.0, 16.0, 856.0, 586.0]
[144.0, 16.0, 905.0, 587.0]
[80.0, 32.0, 842.0, 604.0]
[144.0, 64.0, 907.0, 636.0]
[64.0, 48.0, 828.0, 621.0]
[112.0, 48.0, 877.0, 622.0]
[112.0, 16.0, 878.0, 590.0]
[144.0, 48.0, 911.0, 623.0]
[0.0, 48.0, 768.0, 624.0]
[128.0, 32.0, 897.0, 609.0]
[48.0, 64.0, 818.0, 642.0]
[80.0, 48.0, 851.0, 626.0]
[0.0, 16.0, 772.0, 595.0]
[32.0, 64.0, 805.0, 644.0]
[160.0, 48.0, 934.0, 628.0]
[64.0, 64.0, 839.0, 645.0]
[144.0, 16.0, 920.0, 598.0]
[160.0, 48.0, 937.0, 631.0]
[48.0, 16.0, 826.0, 600.0]
[128.0, 48.0, 907.0, 632.0]
[16.0, 32.0, 796.0, 617.0]
[128.0, 0.0, 909.0, 586.0]
[32.0, 0.0, 814.0, 586.0]
[32.0, 0.0, 815.0, 587.0]
[144.0, 48.0, 928.0, 636.0]
[48.0, 16.0, 833.0, 605.0]
[32.0, 64.0, 818.0, 654.0]
[0.0, 16.0, 787.0, 606.0]
[96.0, 0.0, 884.0, 591.0]
[64.0, 16.0, 853.0, 608.0]
[144.0, 32.0, 934.0, 624.0]
[64.0, 32.0, 855.0, 625.0]
[48.0, 16.0, 840.0, 610.0]
[112.0, 32.0, 905.0, 627.0]
[16.0, 48.0, 810.0, 644.0]
[32.0, 0.0, 827.0, 596.0]
[64.0, 16.0, 860.0, 613.0]
[48.0, 0.0, 845.0, 598.0]
[80.0, 16.0, 878.0, 614.0]
[0.0, 48.0, 799.0, 647.0]
[112.0, 16.0, 912.0, 616.0]
[80.0, 32.0, 881.0, 633.0]
[80.0, 48.0, 882.0, 650.0]
[48.0, 48.0, 851.0, 650.0]
[80.0, 0.0, 884.0, 603.0]
[96.0, 0.0, 901.0, 604.0]
[32.0, 32.0, 838.0, 636.0]
[16.0, 48.0, 823.0, 653.0]
[48.0, 48.0, 856.0, 654.0]
[48.0, 32.0, 857.0, 639.0]
[96.0, 16.0, 906.0, 624.0]
[80.0, 0.0, 891.0, 608.0]
[112.0, 32.0, 924.0, 641.0]
[112.0, 16.0, 925.0, 626.0]
[16.0, 32.0, 830.0, 642.0]
[48.0, 16.0, 863.0, 627.0]
[144.0, 32.0, 960.0, 644.0]
[32.0, 16.0, 849.0, 629.0]
[32.0, 16.0, 850.0, 630.0]
[80.0, 0.0, 899.0, 614.0]
[16.0, 32.0, 836.0, 647.0]
[64.0, 0.0, 885.0, 616.0]
[32.0, 0.0, 854.0, 616.0]
[112.0, 16.0, 935.0, 633.0]
[0.0, 0.0, 824.0, 618.0]
[64.0, 32.0, 889.0, 651.0]
[16.0, 16.0, 842.0, 636.0]
[96.0, 16.0, 923.0, 636.0]
[96.0, 16.0, 924.0, 637.0]
[0.0, 16.0, 829.0, 638.0]
[128.0, 0.0, 958.0, 622.0]
[64.0, 0.0, 895.0, 623.0]
[16.0, 0.0, 848.0, 624.0]
[48.0, 0.0, 881.0, 625.0]
[48.0, 16.0, 882.0, 642.0]
[80.0, 16.0, 915.0, 642.0]
[0.0, 0.0, 836.0, 627.0]
[96.0, 0.0, 933.0, 628.0]
[80.0, 16.0, 918.0, 644.0]
[128.0, 16.0, 967.0, 645.0]
[96.0, 0.0, 936.0, 630.0]
[64.0, 0.0, 905.0, 631.0]
[80.0, 0.0, 922.0, 632.0]
[128.0, 0.0, 971.0, 632.0]
[128.0, 16.0, 972.0, 649.0]
[64.0, 16.0, 909.0, 650.0]
[80.0, 0.0, 926.0, 634.0]
[112.0, 0.0, 959.0, 635.0]
[96.0, 0.0, 944.0, 636.0]
[112.0, 0.0, 961.0, 637.0]
[48.0, 0.0, 898.0, 638.0]
[80.0, 16.0, 931.0, 654.0]
[32.0, 0.0, 884.0, 639.0]
[32.0, 0.0, 885.0, 640.0]
[64.0, 0.0, 918.0, 640.0]
[80.0, 0.0, 935.0, 641.0]
[96.0, 0.0, 952.0, 642.0]
[48.0, 0.0, 905.0, 643.0]
[112.0, 0.0, 970.0, 644.0]
[0.0, 0.0, 859.0, 644.0]
[64.0, 0.0, 924.0, 645.0]
[16.0, 0.0, 877.0, 646.0]
[112.0, 0.0, 974.0, 646.0]
[80.0, 0.0, 943.0, 647.0]
[32.0, 0.0, 896.0, 648.0]
[32.0, 0.0, 897.0, 649.0]
[80.0, 0.0, 946.0, 650.0]
[96.0, 0.0, 963.0, 650.0]
[48.0, 0.0, 916.0, 651.0]
[48.0, 0.0, 917.0, 652.0]
[32.0, 0.0, 902.0, 652.0]
[32.0, 0.0, 903.0, 653.0]
[64.0, 0.0, 936.0, 654.0]
