[176.0, 0.0, 893.0, 538.0]
[144.0, 64.0, 862.0, 602.0]
[176.0, 0.0, 895.0, 539.0]
[208.0, 16.0, 928.0, 556.0]
[192.0, 0.0, 913.0, 541.0]
[176.0, 48.0, 898.0, 590.0]
[160.0, 0.0, 883.0, 542.0]
[16.0, 16.0, 740.0, 559.0]
[160.0, 32.0, 885.0, 576.0]
[48.0, 64.0, 774.0, 608.0]
[176.0, 64.0, 903.0, 609.0]
[48.0, 64.0, 776.0, 610.0]
[80.0, 16.0, 809.0, 563.0]
[48.0, 0.0, 778.0, 548.0]
[144.0, 48.0, 875.0, 596.0]
[160.0, 16.0, 892.0, 565.0]
[160.0, 48.0, 893.0, 598.0]
[96.0, 0.0, 830.0, 550.0]
[32.0, 32.0, 767.0, 583.0]
[128.0, 48.0, 864.0, 600.0]
[32.0, 16.0, 769.0, 569.0]
[144.0, 16.0, 882.0, 570.0]
[176.0, 32.0, 915.0, 586.0]
[176.0, 16.0, 916.0, 571.0]
[16.0, 48.0, 757.0, 604.0]
[160.0, 0.0, 902.0, 556.0]
[160.0, 32.0, 903.0, 589.0]
[192.0, 32.0, 936.0, 590.0]
[48.0, 16.0, 793.0, 575.0]
[96.0, 32.0, 842.0, 592.0]
[48.0, 16.0, 795.0, 576.0]
[48.0, 64.0, 796.0, 625.0]
[144.0, 0.0, 893.0, 562.0]
[160.0, 32.0, 910.0, 594.0]
[48.0, 64.0, 799.0, 627.0]
[32.0, 48.0, 784.0, 612.0]
[192.0, 32.0, 945.0, 597.0]
[48.0, 0.0, 802.0, 566.0]
[80.0, 16.0, 835.0, 582.0]
[144.0, 48.0, 900.0, 615.0]
[192.0, 32.0, 949.0, 600.0]
[48.0, 64.0, 806.0, 632.0]
[32.0, 32.0, 791.0, 601.0]
[0.0, 0.0, 760.0, 570.0]
[32.0, 0.0, 793.0, 571.0]
[64.0, 0.0, 826.0, 572.0]
[64.0, 16.0, 827.0, 588.0]
[96.0, 32.0, 860.0, 605.0]
[176.0, 32.0, 941.0, 606.0]
[64.0, 16.0, 830.0, 590.0]
[80.0, 64.0, 847.0, 639.0]
[80.0, 64.0, 848.0, 640.0]
[160.0, 16.0, 929.0, 593.0]
[96.0, 16.0, 866.0, 594.0]
[96.0, 0.0, 867.0, 578.0]
[112.0, 0.0, 884.0, 579.0]
[96.0, 16.0, 869.0, 596.0]
[0.0, 0.0, 774.0, 580.0]
[48.0, 16.0, 823.0, 597.0]
[128.0, 0.0, 904.0, 582.0]
[112.0, 32.0, 889.0, 615.0]
[128.0, 0.0, 906.0, 584.0]
[112.0, 0.0, 891.0, 584.0]
[64.0, 64.0, 844.0, 649.0]
[128.0, 0.0, 909.0, 586.0]
[128.0, 16.0, 910.0, 602.0]
[0.0, 0.0, 783.0, 587.0]
[16.0, 32.0, 800.0, 620.0]
[96.0, 48.0, 881.0, 637.0]
[160.0, 0.0, 946.0, 590.0]
[80.0, 64.0, 867.0, 654.0]
[48.0, 16.0, 836.0, 607.0]
[64.0, 16.0, 853.0, 608.0]
[128.0, 0.0, 918.0, 592.0]
[16.0, 48.0, 807.0, 641.0]
[144.0, 16.0, 936.0, 610.0]
[128.0, 16.0, 921.0, 611.0]
[32.0, 0.0, 826.0, 596.0]
[32.0, 48.0, 827.0, 644.0]
[64.0, 32.0, 860.0, 629.0]
[48.0, 64.0, 845.0, 662.0]
[48.0, 48.0, 846.0, 646.0]
[64.0, 16.0, 863.0, 615.0]
[144.0, 32.0, 944.0, 632.0]
[112.0, 0.0, 913.0, 601.0]
[112.0, 32.0, 914.0, 634.0]
[112.0, 32.0, 915.0, 634.0]
[96.0, 64.0, 900.0, 667.0]
[0.0, 16.0, 805.0, 620.0]
[64.0, 16.0, 870.0, 620.0]
[64.0, 64.0, 871.0, 669.0]
[96.0, 16.0, 904.0, 622.0]
[112.0, 48.0, 921.0, 655.0]
[0.0, 0.0, 810.0, 608.0]
[0.0, 32.0, 811.0, 640.0]
[32.0, 0.0, 844.0, 609.0]
[32.0, 32.0, 845.0, 642.0]
[112.0, 16.0, 926.0, 626.0]
[16.0, 0.0, 831.0, 611.0]
[16.0, 32.0, 832.0, 644.0]
[16.0, 16.0, 833.0, 629.0]
[112.0, 16.0, 930.0, 630.0]
[64.0, 64.0, 883.0, 678.0]
[0.0, 16.0, 820.0, 631.0]
[64.0, 0.0, 885.0, 616.0]
[48.0, 32.0, 870.0, 648.0]
[16.0, 0.0, 839.0, 617.0]
[96.0, 32.0, 920.0, 650.0]
[80.0, 48.0, 905.0, 667.0]
[64.0, 16.0, 890.0, 636.0]
[96.0, 16.0, 923.0, 636.0]
[16.0, 32.0, 844.0, 653.0]
[32.0, 16.0, 861.0, 638.0]
[48.0, 32.0, 878.0, 654.0]
[0.0, 16.0, 831.0, 639.0]
[128.0, 0.0, 960.0, 624.0]
[96.0, 16.0, 929.0, 641.0]
[0.0, 16.0, 834.0, 642.0]
[112.0, 32.0, 947.0, 658.0]
[96.0, 0.0, 932.0, 627.0]
[96.0, 32.0, 933.0, 660.0]
[64.0, 48.0, 902.0, 676.0]
[0.0, 16.0, 839.0, 645.0]
[80.0, 0.0, 920.0, 630.0]
[80.0, 48.0, 921.0, 679.0]
[112.0, 0.0, 954.0, 632.0]
[64.0, 16.0, 907.0, 648.0]
[0.0, 16.0, 844.0, 649.0]
[32.0, 0.0, 877.0, 634.0]
[80.0, 16.0, 926.0, 650.0]
[96.0, 32.0, 943.0, 667.0]
[16.0, 32.0, 864.0, 668.0]
[80.0, 0.0, 929.0, 637.0]
[16.0, 16.0, 866.0, 654.0]
[96.0, 32.0, 947.0, 670.0]
[48.0, 16.0, 900.0, 655.0]
[48.0, 32.0, 901.0, 672.0]
[0.0, 32.0, 854.0, 672.0]
[16.0, 16.0, 871.0, 657.0]
[80.0, 0.0, 936.0, 642.0]
[32.0, 16.0, 889.0, 659.0]
[16.0, 16.0, 874.0, 660.0]
[48.0, 0.0, 907.0, 644.0]
[0.0, 32.0, 860.0, 677.0]
[80.0, 16.0, 941.0, 662.0]
[0.0, 0.0, 862.0, 646.0]
[32.0, 16.0, 895.0, 663.0]
[64.0, 0.0, 928.0, 648.0]
[48.0, 32.0, 913.0, 681.0]
[16.0, 16.0, 882.0, 666.0]
[64.0, 0.0, 931.0, 650.0]
[16.0, 16.0, 884.0, 667.0]
[0.0, 0.0, 869.0, 652.0]
[16.0, 16.0, 886.0, 668.0]
[80.0, 16.0, 951.0, 669.0]
[80.0, 0.0, 952.0, 654.0]
[48.0, 0.0, 921.0, 655.0]
[48.0, 16.0, 922.0, 672.0]
[32.0, 16.0, 907.0, 672.0]
[64.0, 16.0, 940.0, 673.0]
[48.0, 0.0, 925.0, 658.0]
[16.0, 16.0, 894.0, 674.0]
[64.0, 16.0, 943.0, 675.0]
[64.0, 16.0, 944.0, 676.0]
[16.0, 16.0, 897.0, 677.0]
[64.0, 0.0, 946.0, 662.0]
[64.0, 0.0, 947.0, 662.0]
[64.0, 16.0, 948.0, 679.0]
[0.0, 16.0, 885.0, 680.0]
[0.0, 16.0, 886.0, 680.0]
[16.0, 0.0, 903.0, 665.0]
[64.0, 0.0, 952.0, 666.0]
[48.0, 0.0, 937.0, 667.0]
[64.0, 0.0, 954.0, 668.0]
[16.0, 0.0, 907.0, 668.0]
[16.0, 0.0, 908.0, 669.0]
[64.0, 0.0, 957.0, 670.0]
[32.0, 0.0, 926.0, 670.0]
[48.0, 0.0, 943.0, 671.0]
[32.0, 0.0, 928.0, 672.0]
[48.0, 0.0, 945.0, 673.0]
[32.0, 0.0, 930.0, 674.0]
[0.0, 0.0, 899.0, 674.0]
[32.0, 0.0, 932.0, 675.0]
[32.0, 0.0, 933.0, 676.0]
[0.0, 0.0, 902.0, 676.0]
[16.0, 0.0, 919.0, 677.0]
[32.0, 0.0, 936.0, 678.0]
[48.0, 0.0, 953.0, 679.0]
[48.0, 0.0, 954.0, 680.0]
[16.0, 0.0, 923.0, 680.0]
[48.0, 0.0, 956.0, 681.0]
[0.0, 0.0, 909.0, 682.0]
[32.0, 0.0, 942.0, 682.0]
[16.0, 0.0, 927.0, 683.0]
