[144.0, 96.0, 861.0, 634.0]
[48.0, 96.0, 766.0, 634.0]
[80.0, 144.0, 799.0, 683.0]
[80.0, 128.0, 800.0, 668.0]
[0.0, 48.0, 721.0, 589.0]
[80.0, 128.0, 802.0, 670.0]
[48.0, 96.0, 771.0, 638.0]
[0.0, 16.0, 724.0, 559.0]
[96.0, 64.0, 821.0, 608.0]
[16.0, 16.0, 742.0, 560.0]
[16.0, 48.0, 743.0, 593.0]
[128.0, 64.0, 856.0, 610.0]
[80.0, 128.0, 809.0, 675.0]
[80.0, 48.0, 810.0, 596.0]
[32.0, 0.0, 763.0, 548.0]
[0.0, 80.0, 732.0, 629.0]
[64.0, 32.0, 797.0, 582.0]
[0.0, 48.0, 734.0, 598.0]
[64.0, 80.0, 799.0, 631.0]
[48.0, 96.0, 784.0, 648.0]
[96.0, 0.0, 833.0, 553.0]
[112.0, 64.0, 850.0, 618.0]
[96.0, 96.0, 835.0, 650.0]
[80.0, 128.0, 820.0, 683.0]
[16.0, 80.0, 757.0, 636.0]
[64.0, 48.0, 806.0, 604.0]
[144.0, 96.0, 887.0, 653.0]
[32.0, 112.0, 776.0, 670.0]
[48.0, 48.0, 793.0, 607.0]
[80.0, 112.0, 826.0, 672.0]
[96.0, 96.0, 843.0, 656.0]
[48.0, 0.0, 796.0, 561.0]
[0.0, 112.0, 749.0, 674.0]
[96.0, 80.0, 846.0, 642.0]
[96.0, 48.0, 847.0, 611.0]
[48.0, 0.0, 800.0, 564.0]
[32.0, 112.0, 785.0, 677.0]
[80.0, 112.0, 834.0, 678.0]
[64.0, 96.0, 819.0, 662.0]
[16.0, 16.0, 772.0, 583.0]
[96.0, 32.0, 853.0, 600.0]
[96.0, 64.0, 854.0, 632.0]
[48.0, 0.0, 807.0, 569.0]
[0.0, 16.0, 760.0, 586.0]
[16.0, 112.0, 777.0, 683.0]
[80.0, 0.0, 842.0, 572.0]
[16.0, 0.0, 779.0, 572.0]
[128.0, 32.0, 892.0, 605.0]
[80.0, 96.0, 845.0, 670.0]
[0.0, 32.0, 766.0, 606.0]
[96.0, 32.0, 863.0, 607.0]
[32.0, 96.0, 800.0, 672.0]
[112.0, 96.0, 881.0, 673.0]
[16.0, 16.0, 786.0, 594.0]
[16.0, 96.0, 787.0, 674.0]
[96.0, 64.0, 868.0, 643.0]
[112.0, 80.0, 885.0, 660.0]
[16.0, 32.0, 790.0, 612.0]
[32.0, 32.0, 807.0, 613.0]
[32.0, 48.0, 808.0, 630.0]
[112.0, 16.0, 889.0, 599.0]
[0.0, 0.0, 778.0, 584.0]
[0.0, 0.0, 779.0, 584.0]
[112.0, 48.0, 892.0, 633.0]
[16.0, 96.0, 797.0, 682.0]
[80.0, 32.0, 862.0, 618.0]
[32.0, 96.0, 815.0, 683.0]
[48.0, 48.0, 832.0, 636.0]
[48.0, 64.0, 833.0, 653.0]
[16.0, 64.0, 802.0, 654.0]
[16.0, 48.0, 803.0, 638.0]
[16.0, 16.0, 804.0, 607.0]
[16.0, 16.0, 805.0, 608.0]
[32.0, 32.0, 822.0, 624.0]
[144.0, 64.0, 935.0, 657.0]
[80.0, 16.0, 872.0, 610.0]
[144.0, 48.0, 937.0, 643.0]
[128.0, 16.0, 922.0, 612.0]
[96.0, 48.0, 891.0, 644.0]
[96.0, 80.0, 892.0, 677.0]
[16.0, 0.0, 813.0, 598.0]
[112.0, 48.0, 910.0, 646.0]
[48.0, 80.0, 847.0, 679.0]
[64.0, 0.0, 864.0, 600.0]
[128.0, 32.0, 929.0, 633.0]
[112.0, 32.0, 914.0, 634.0]
[80.0, 64.0, 883.0, 666.0]
[112.0, 0.0, 916.0, 603.0]
[128.0, 32.0, 933.0, 636.0]
[0.0, 32.0, 806.0, 636.0]
[80.0, 16.0, 887.0, 621.0]
[112.0, 32.0, 920.0, 638.0]
[96.0, 16.0, 905.0, 623.0]
[96.0, 64.0, 906.0, 672.0]
[128.0, 48.0, 939.0, 656.0]
[48.0, 48.0, 860.0, 657.0]
[16.0, 48.0, 829.0, 658.0]
[96.0, 32.0, 910.0, 642.0]
[48.0, 64.0, 863.0, 675.0]
[0.0, 0.0, 816.0, 612.0]
[64.0, 0.0, 881.0, 613.0]
[48.0, 64.0, 866.0, 678.0]
[96.0, 16.0, 915.0, 630.0]
[0.0, 64.0, 820.0, 679.0]
[32.0, 0.0, 853.0, 616.0]
[80.0, 16.0, 902.0, 632.0]
[48.0, 48.0, 871.0, 665.0]
[80.0, 16.0, 904.0, 634.0]
[0.0, 64.0, 825.0, 683.0]
[128.0, 16.0, 954.0, 636.0]
[80.0, 32.0, 907.0, 652.0]
[112.0, 0.0, 940.0, 621.0]
[64.0, 32.0, 893.0, 654.0]
[80.0, 48.0, 910.0, 670.0]
[48.0, 16.0, 879.0, 639.0]
[48.0, 48.0, 880.0, 672.0]
[80.0, 16.0, 913.0, 641.0]
[112.0, 48.0, 946.0, 674.0]
[16.0, 0.0, 851.0, 626.0]
[16.0, 0.0, 852.0, 627.0]
[0.0, 32.0, 837.0, 660.0]
[112.0, 32.0, 950.0, 660.0]
[112.0, 16.0, 951.0, 645.0]
[64.0, 16.0, 904.0, 646.0]
[16.0, 16.0, 857.0, 647.0]
[64.0, 48.0, 906.0, 680.0]
[48.0, 16.0, 891.0, 648.0]
[96.0, 0.0, 940.0, 633.0]
[0.0, 16.0, 845.0, 650.0]
[16.0, 48.0, 862.0, 682.0]
[0.0, 16.0, 847.0, 651.0]
[112.0, 32.0, 960.0, 668.0]
[0.0, 32.0, 849.0, 669.0]
[96.0, 16.0, 946.0, 654.0]
[16.0, 32.0, 867.0, 670.0]
[0.0, 0.0, 852.0, 639.0]
[80.0, 32.0, 933.0, 672.0]
[80.0, 16.0, 934.0, 656.0]
[16.0, 16.0, 871.0, 657.0]
[16.0, 32.0, 872.0, 674.0]
[128.0, 16.0, 985.0, 659.0]
[80.0, 32.0, 938.0, 676.0]
[16.0, 0.0, 875.0, 644.0]
[0.0, 0.0, 860.0, 645.0]
[48.0, 0.0, 909.0, 646.0]
[32.0, 16.0, 894.0, 662.0]
[48.0, 32.0, 911.0, 679.0]
[112.0, 16.0, 976.0, 664.0]
[32.0, 16.0, 897.0, 665.0]
[32.0, 0.0, 898.0, 650.0]
[64.0, 32.0, 931.0, 682.0]
[0.0, 0.0, 868.0, 651.0]
[64.0, 0.0, 933.0, 652.0]
[112.0, 0.0, 982.0, 652.0]
[48.0, 16.0, 919.0, 669.0]
[32.0, 16.0, 904.0, 670.0]
[96.0, 0.0, 969.0, 655.0]
[16.0, 0.0, 890.0, 656.0]
[64.0, 16.0, 939.0, 672.0]
[0.0, 16.0, 876.0, 673.0]
[64.0, 16.0, 941.0, 674.0]
[48.0, 16.0, 926.0, 674.0]
[0.0, 0.0, 879.0, 659.0]
[0.0, 16.0, 880.0, 676.0]
[48.0, 0.0, 929.0, 661.0]
[48.0, 0.0, 930.0, 662.0]
[32.0, 16.0, 915.0, 678.0]
[0.0, 0.0, 884.0, 663.0]
[0.0, 16.0, 885.0, 680.0]
[96.0, 16.0, 982.0, 680.0]
[96.0, 16.0, 983.0, 681.0]
[16.0, 0.0, 904.0, 666.0]
[32.0, 16.0, 921.0, 683.0]
[0.0, 0.0, 890.0, 668.0]
[32.0, 0.0, 923.0, 668.0]
[0.0, 0.0, 892.0, 669.0]
[96.0, 0.0, 989.0, 670.0]
[16.0, 0.0, 910.0, 670.0]
[80.0, 0.0, 975.0, 671.0]
[48.0, 0.0, 944.0, 672.0]
[96.0, 0.0, 993.0, 673.0]
[0.0, 0.0, 898.0, 674.0]
[16.0, 0.0, 915.0, 674.0]
[64.0, 0.0, 964.0, 675.0]
[48.0, 0.0, 949.0, 676.0]
[48.0, 0.0, 950.0, 676.0]
[32.0, 0.0, 935.0, 677.0]
[0.0, 0.0, 904.0, 678.0]
[64.0, 0.0, 969.0, 679.0]
[0.0, 0.0, 906.0, 680.0]
[16.0, 0.0, 923.0, 680.0]
[0.0, 0.0, 908.0, 681.0]
[32.0, 0.0, 941.0, 682.0]
[48.0, 0.0, 958.0, 682.0]
[32.0, 0.0, 943.0, 683.0]
