[176.0, 64.0, 893.0, 602.0]
[192.0, 32.0, 910.0, 570.0]
[128.0, 48.0, 847.0, 587.0]
[96.0, 32.0, 816.0, 572.0]
[80.0, 64.0, 801.0, 605.0]
[176.0, 64.0, 898.0, 606.0]
[208.0, 32.0, 931.0, 574.0]
[160.0, 32.0, 884.0, 575.0]
[160.0, 64.0, 885.0, 608.0]
[48.0, 16.0, 774.0, 560.0]
[0.0, 0.0, 727.0, 545.0]
[208.0, 0.0, 936.0, 546.0]
[144.0, 32.0, 873.0, 579.0]
[96.0, 64.0, 826.0, 612.0]
[64.0, 32.0, 795.0, 580.0]
[32.0, 48.0, 764.0, 597.0]
[32.0, 0.0, 765.0, 550.0]
[144.0, 32.0, 878.0, 582.0]
[160.0, 32.0, 895.0, 583.0]
[16.0, 48.0, 752.0, 600.0]
[32.0, 48.0, 769.0, 601.0]
[80.0, 48.0, 818.0, 602.0]
[192.0, 16.0, 931.0, 570.0]
[160.0, 64.0, 900.0, 619.0]
[96.0, 32.0, 837.0, 588.0]
[208.0, 16.0, 950.0, 572.0]
[160.0, 32.0, 903.0, 589.0]
[176.0, 32.0, 920.0, 590.0]
[32.0, 48.0, 777.0, 607.0]
[32.0, 32.0, 778.0, 592.0]
[160.0, 0.0, 907.0, 560.0]
[128.0, 64.0, 876.0, 625.0]
[112.0, 32.0, 861.0, 594.0]
[64.0, 16.0, 814.0, 578.0]
[48.0, 48.0, 799.0, 611.0]
[144.0, 48.0, 896.0, 612.0]
[80.0, 32.0, 833.0, 597.0]
[64.0, 16.0, 818.0, 582.0]
[80.0, 0.0, 835.0, 566.0]
[160.0, 0.0, 916.0, 567.0]
[112.0, 0.0, 869.0, 568.0]
[192.0, 0.0, 950.0, 568.0]
[192.0, 0.0, 951.0, 569.0]
[144.0, 48.0, 904.0, 618.0]
[0.0, 32.0, 761.0, 603.0]
[80.0, 32.0, 842.0, 604.0]
[112.0, 0.0, 875.0, 572.0]
[32.0, 16.0, 796.0, 589.0]
[80.0, 16.0, 845.0, 590.0]
[96.0, 0.0, 862.0, 574.0]
[160.0, 16.0, 927.0, 591.0]
[144.0, 16.0, 912.0, 592.0]
[48.0, 0.0, 817.0, 577.0]
[176.0, 0.0, 946.0, 578.0]
[48.0, 0.0, 819.0, 578.0]
[112.0, 32.0, 884.0, 611.0]
[64.0, 32.0, 837.0, 612.0]
[0.0, 32.0, 774.0, 612.0]
[80.0, 16.0, 855.0, 597.0]
[176.0, 32.0, 952.0, 614.0]
[80.0, 64.0, 857.0, 647.0]
[0.0, 0.0, 778.0, 584.0]
[16.0, 16.0, 795.0, 600.0]
[128.0, 32.0, 908.0, 617.0]
[80.0, 32.0, 861.0, 618.0]
[96.0, 32.0, 878.0, 618.0]
[96.0, 16.0, 879.0, 603.0]
[128.0, 0.0, 912.0, 588.0]
[32.0, 0.0, 817.0, 589.0]
[160.0, 32.0, 946.0, 622.0]
[144.0, 0.0, 931.0, 590.0]
[80.0, 64.0, 868.0, 655.0]
[128.0, 0.0, 917.0, 592.0]
[16.0, 0.0, 806.0, 592.0]
[112.0, 16.0, 903.0, 609.0]
[144.0, 32.0, 936.0, 626.0]
[64.0, 64.0, 857.0, 659.0]
[160.0, 16.0, 954.0, 612.0]
[80.0, 32.0, 875.0, 628.0]
[80.0, 48.0, 876.0, 645.0]
[64.0, 16.0, 861.0, 614.0]
[0.0, 16.0, 798.0, 614.0]
[96.0, 48.0, 895.0, 647.0]
[96.0, 64.0, 896.0, 664.0]
[144.0, 0.0, 945.0, 601.0]
[96.0, 32.0, 898.0, 634.0]
[128.0, 32.0, 931.0, 634.0]
[112.0, 16.0, 916.0, 619.0]
[80.0, 0.0, 885.0, 604.0]
[0.0, 32.0, 806.0, 636.0]
[144.0, 32.0, 951.0, 637.0]
[0.0, 16.0, 808.0, 622.0]
[16.0, 0.0, 825.0, 607.0]
[96.0, 16.0, 906.0, 624.0]
[48.0, 48.0, 859.0, 656.0]
[48.0, 0.0, 860.0, 609.0]
[32.0, 32.0, 845.0, 642.0]
[48.0, 32.0, 862.0, 642.0]
[32.0, 32.0, 847.0, 643.0]
[96.0, 16.0, 912.0, 628.0]
[80.0, 64.0, 897.0, 677.0]
[80.0, 32.0, 898.0, 646.0]
[64.0, 48.0, 883.0, 662.0]
[80.0, 32.0, 900.0, 647.0]
[0.0, 0.0, 821.0, 616.0]
[48.0, 48.0, 870.0, 664.0]
[96.0, 0.0, 919.0, 617.0]
[112.0, 16.0, 936.0, 634.0]
[112.0, 16.0, 937.0, 635.0]
[80.0, 16.0, 906.0, 636.0]
[112.0, 0.0, 939.0, 620.0]
[16.0, 32.0, 844.0, 653.0]
[48.0, 16.0, 877.0, 638.0]
[96.0, 48.0, 926.0, 670.0]
[112.0, 0.0, 943.0, 623.0]
[16.0, 0.0, 848.0, 624.0]
[64.0, 16.0, 897.0, 641.0]
[0.0, 16.0, 834.0, 642.0]
[48.0, 48.0, 883.0, 674.0]
[64.0, 48.0, 900.0, 675.0]
[112.0, 32.0, 949.0, 660.0]
[96.0, 0.0, 934.0, 628.0]
[16.0, 48.0, 855.0, 677.0]
[16.0, 16.0, 856.0, 646.0]
[16.0, 32.0, 857.0, 663.0]
[0.0, 0.0, 842.0, 632.0]
[96.0, 32.0, 939.0, 664.0]
[0.0, 0.0, 844.0, 633.0]
[48.0, 0.0, 893.0, 634.0]
[112.0, 16.0, 958.0, 650.0]
[48.0, 0.0, 895.0, 635.0]
[32.0, 16.0, 880.0, 652.0]
[0.0, 32.0, 849.0, 669.0]
[96.0, 0.0, 946.0, 638.0]
[96.0, 32.0, 947.0, 670.0]
[80.0, 0.0, 932.0, 639.0]
[96.0, 32.0, 949.0, 672.0]
[48.0, 16.0, 902.0, 656.0]
[0.0, 0.0, 855.0, 641.0]
[0.0, 32.0, 856.0, 674.0]
[80.0, 0.0, 937.0, 643.0]
[80.0, 0.0, 938.0, 644.0]
[48.0, 32.0, 907.0, 676.0]
[64.0, 16.0, 924.0, 661.0]
[0.0, 16.0, 861.0, 662.0]
[48.0, 16.0, 910.0, 662.0]
[48.0, 16.0, 911.0, 663.0]
[48.0, 0.0, 912.0, 648.0]
[80.0, 16.0, 945.0, 665.0]
[64.0, 0.0, 930.0, 650.0]
[48.0, 0.0, 915.0, 650.0]
[0.0, 0.0, 868.0, 651.0]
[0.0, 16.0, 869.0, 668.0]
[64.0, 16.0, 934.0, 668.0]
[0.0, 0.0, 871.0, 653.0]
[48.0, 16.0, 920.0, 670.0]
[32.0, 0.0, 905.0, 655.0]
[0.0, 16.0, 874.0, 672.0]
[32.0, 16.0, 907.0, 672.0]
[64.0, 16.0, 940.0, 673.0]
[64.0, 16.0, 941.0, 674.0]
[80.0, 0.0, 958.0, 658.0]
[16.0, 0.0, 895.0, 659.0]
[64.0, 0.0, 944.0, 660.0]
[0.0, 16.0, 881.0, 677.0]
[64.0, 16.0, 946.0, 678.0]
[0.0, 0.0, 883.0, 662.0]
[48.0, 0.0, 932.0, 663.0]
[0.0, 0.0, 885.0, 664.0]
[0.0, 16.0, 886.0, 680.0]
[48.0, 0.0, 935.0, 665.0]
[64.0, 16.0, 952.0, 682.0]
[32.0, 0.0, 921.0, 667.0]
[0.0, 0.0, 890.0, 668.0]
[64.0, 0.0, 955.0, 668.0]
[32.0, 0.0, 924.0, 669.0]
[0.0, 0.0, 893.0, 670.0]
[16.0, 0.0, 910.0, 670.0]
[0.0, 0.0, 895.0, 671.0]
[16.0, 0.0, 912.0, 672.0]
[48.0, 0.0, 945.0, 673.0]
[32.0, 0.0, 930.0, 674.0]
[32.0, 0.0, 931.0, 674.0]
[48.0, 0.0, 948.0, 675.0]
[0.0, 0.0, 901.0, 676.0]
[32.0, 0.0, 934.0, 676.0]
[16.0, 0.0, 919.0, 677.0]
[48.0, 0.0, 952.0, 678.0]
[0.0, 0.0, 905.0, 679.0]
[32.0, 0.0, 938.0, 680.0]
[16.0, 0.0, 923.0, 680.0]
[16.0, 0.0, 924.0, 681.0]
[16.0, 0.0, 925.0, 682.0]
[32.0, 0.0, 942.0, 682.0]
[0.0, 0.0, 911.0, 683.0]
