[112.0, 112.0, 829.0, 650.0]
[48.0, 112.0, 766.0, 650.0]
[208.0, 96.0, 927.0, 635.0]
[240.0, 80.0, 960.0, 620.0]
[160.0, 96.0, 881.0, 637.0]
[128.0, 96.0, 850.0, 638.0]
[128.0, 80.0, 851.0, 622.0]
[64.0, 80.0, 788.0, 623.0]
[160.0, 96.0, 885.0, 640.0]
[128.0, 80.0, 854.0, 624.0]
[112.0, 80.0, 839.0, 625.0]
[96.0, 112.0, 824.0, 658.0]
[192.0, 80.0, 921.0, 627.0]
[16.0, 96.0, 746.0, 644.0]
[112.0, 112.0, 843.0, 660.0]
[240.0, 80.0, 972.0, 629.0]
[48.0, 80.0, 781.0, 630.0]
[80.0, 128.0, 814.0, 678.0]
[48.0, 112.0, 783.0, 663.0]
[240.0, 112.0, 976.0, 664.0]
[144.0, 80.0, 881.0, 633.0]
[48.0, 80.0, 786.0, 634.0]
[96.0, 64.0, 835.0, 618.0]
[128.0, 96.0, 868.0, 651.0]
[80.0, 64.0, 821.0, 620.0]
[48.0, 80.0, 790.0, 636.0]
[128.0, 96.0, 871.0, 653.0]
[16.0, 80.0, 760.0, 638.0]
[112.0, 112.0, 857.0, 671.0]
[160.0, 80.0, 906.0, 640.0]
[192.0, 96.0, 939.0, 656.0]
[144.0, 112.0, 892.0, 673.0]
[16.0, 80.0, 765.0, 642.0]
[48.0, 80.0, 798.0, 642.0]
[144.0, 80.0, 895.0, 643.0]
[48.0, 64.0, 800.0, 628.0]
[96.0, 80.0, 849.0, 645.0]
[176.0, 48.0, 930.0, 614.0]
[16.0, 80.0, 771.0, 646.0]
[96.0, 96.0, 852.0, 663.0]
[96.0, 96.0, 853.0, 664.0]
[64.0, 112.0, 822.0, 680.0]
[208.0, 80.0, 967.0, 649.0]
[64.0, 112.0, 824.0, 682.0]
[32.0, 64.0, 793.0, 635.0]
[160.0, 64.0, 922.0, 636.0]
[240.0, 96.0, 1003.0, 668.0]
[192.0, 96.0, 956.0, 669.0]
[80.0, 80.0, 845.0, 654.0]
[112.0, 64.0, 878.0, 638.0]
[224.0, 80.0, 991.0, 655.0]
[64.0, 64.0, 832.0, 640.0]
[176.0, 96.0, 945.0, 673.0]
[16.0, 96.0, 786.0, 674.0]
[32.0, 64.0, 803.0, 642.0]
[128.0, 48.0, 900.0, 627.0]
[96.0, 96.0, 869.0, 676.0]
[160.0, 48.0, 934.0, 628.0]
[208.0, 80.0, 983.0, 661.0]
[128.0, 48.0, 904.0, 630.0]
[144.0, 48.0, 921.0, 631.0]
[192.0, 32.0, 970.0, 616.0]
[64.0, 48.0, 843.0, 632.0]
[208.0, 32.0, 988.0, 617.0]
[0.0, 96.0, 781.0, 682.0]
[32.0, 64.0, 814.0, 650.0]
[208.0, 96.0, 991.0, 683.0]
[48.0, 80.0, 832.0, 668.0]
[160.0, 80.0, 945.0, 669.0]
[208.0, 80.0, 994.0, 670.0]
[208.0, 64.0, 995.0, 654.0]
[80.0, 48.0, 868.0, 639.0]
[224.0, 80.0, 1013.0, 672.0]
[48.0, 80.0, 838.0, 672.0]
[112.0, 48.0, 903.0, 641.0]
[112.0, 80.0, 904.0, 674.0]
[176.0, 16.0, 969.0, 611.0]
[144.0, 16.0, 938.0, 612.0]
[112.0, 32.0, 907.0, 628.0]
[64.0, 48.0, 860.0, 645.0]
[48.0, 32.0, 845.0, 630.0]
[64.0, 64.0, 862.0, 662.0]
[208.0, 48.0, 1007.0, 647.0]
[144.0, 32.0, 944.0, 632.0]
[32.0, 80.0, 833.0, 681.0]
[128.0, 32.0, 930.0, 634.0]
[144.0, 48.0, 947.0, 650.0]
[112.0, 48.0, 916.0, 651.0]
[48.0, 16.0, 853.0, 620.0]
[112.0, 16.0, 918.0, 620.0]
[32.0, 64.0, 839.0, 669.0]
[32.0, 32.0, 840.0, 638.0]
[160.0, 64.0, 969.0, 671.0]
[160.0, 16.0, 970.0, 624.0]
[160.0, 32.0, 971.0, 640.0]
[32.0, 64.0, 844.0, 673.0]
[160.0, 16.0, 973.0, 626.0]
[80.0, 0.0, 894.0, 610.0]
[144.0, 0.0, 959.0, 611.0]
[32.0, 16.0, 848.0, 628.0]
[32.0, 64.0, 849.0, 677.0]
[192.0, 32.0, 1010.0, 646.0]
[80.0, 16.0, 899.0, 630.0]
[32.0, 16.0, 852.0, 631.0]
[80.0, 32.0, 901.0, 648.0]
[112.0, 0.0, 934.0, 616.0]
[96.0, 64.0, 919.0, 681.0]
[144.0, 48.0, 968.0, 666.0]
[48.0, 48.0, 873.0, 667.0]
[32.0, 32.0, 858.0, 652.0]
[160.0, 48.0, 987.0, 668.0]
[80.0, 48.0, 908.0, 669.0]
[64.0, 16.0, 893.0, 638.0]
[64.0, 32.0, 894.0, 654.0]
[16.0, 32.0, 847.0, 655.0]
[0.0, 32.0, 832.0, 656.0]
[16.0, 0.0, 849.0, 625.0]
[48.0, 16.0, 882.0, 642.0]
[112.0, 0.0, 947.0, 626.0]
[48.0, 16.0, 884.0, 643.0]
[176.0, 32.0, 1013.0, 660.0]
[160.0, 0.0, 998.0, 628.0]
[80.0, 0.0, 919.0, 629.0]
[80.0, 16.0, 920.0, 646.0]
[176.0, 32.0, 1017.0, 663.0]
[96.0, 32.0, 938.0, 664.0]
[64.0, 32.0, 907.0, 664.0]
[176.0, 32.0, 1020.0, 665.0]
[160.0, 16.0, 1005.0, 650.0]
[16.0, 48.0, 862.0, 682.0]
[32.0, 32.0, 879.0, 667.0]
[16.0, 32.0, 864.0, 668.0]
[0.0, 32.0, 849.0, 669.0]
[144.0, 32.0, 994.0, 670.0]
[16.0, 0.0, 867.0, 638.0]
[128.0, 16.0, 980.0, 655.0]
[96.0, 32.0, 949.0, 672.0]
[0.0, 16.0, 854.0, 656.0]
[96.0, 32.0, 951.0, 673.0]
[48.0, 16.0, 904.0, 658.0]
[160.0, 16.0, 1017.0, 659.0]
[48.0, 16.0, 906.0, 660.0]
[96.0, 32.0, 955.0, 676.0]
[128.0, 16.0, 988.0, 661.0]
[128.0, 32.0, 989.0, 678.0]
[128.0, 16.0, 990.0, 662.0]
[32.0, 16.0, 895.0, 663.0]
[16.0, 32.0, 880.0, 680.0]
[16.0, 32.0, 881.0, 681.0]
[112.0, 0.0, 978.0, 650.0]
[32.0, 32.0, 899.0, 682.0]
[48.0, 32.0, 916.0, 683.0]
[96.0, 16.0, 965.0, 668.0]
[80.0, 0.0, 950.0, 652.0]
[96.0, 0.0, 967.0, 653.0]
[16.0, 0.0, 888.0, 654.0]
[144.0, 16.0, 1017.0, 671.0]
[16.0, 16.0, 890.0, 672.0]
[48.0, 0.0, 923.0, 656.0]
[144.0, 0.0, 1020.0, 657.0]
[128.0, 0.0, 1005.0, 658.0]
[144.0, 0.0, 1022.0, 658.0]
[16.0, 0.0, 895.0, 659.0]
[128.0, 0.0, 1008.0, 660.0]
[48.0, 16.0, 929.0, 677.0]
[48.0, 16.0, 930.0, 678.0]
[32.0, 0.0, 915.0, 662.0]
[48.0, 16.0, 932.0, 679.0]
[64.0, 0.0, 949.0, 664.0]
[32.0, 16.0, 918.0, 680.0]
[96.0, 16.0, 983.0, 681.0]
[96.0, 0.0, 984.0, 666.0]
[16.0, 0.0, 905.0, 667.0]
[0.0, 0.0, 890.0, 668.0]
[0.0, 0.0, 891.0, 668.0]
[0.0, 0.0, 892.0, 669.0]
[48.0, 0.0, 941.0, 670.0]
[96.0, 0.0, 990.0, 670.0]
[80.0, 0.0, 975.0, 671.0]
[96.0, 0.0, 992.0, 672.0]
[96.0, 0.0, 993.0, 673.0]
[112.0, 0.0, 1010.0, 674.0]
[32.0, 0.0, 931.0, 674.0]
[48.0, 0.0, 948.0, 675.0]
[16.0, 0.0, 917.0, 676.0]
[32.0, 0.0, 934.0, 676.0]
[112.0, 0.0, 1015.0, 677.0]
[0.0, 0.0, 904.0, 678.0]
[64.0, 0.0, 969.0, 679.0]
[48.0, 0.0, 954.0, 680.0]
[96.0, 0.0, 1003.0, 680.0]
[32.0, 0.0, 940.0, 681.0]
[96.0, 0.0, 1005.0, 682.0]
[112.0, 0.0, 1022.0, 682.0]
[80.0, 0.0, 991.0, 683.0]
