[96.0, 96.0, 634.0, 813.0]
[48.0, 48.0, 586.0, 766.0]
[48.0, 48.0, 587.0, 767.0]
[80.0, 16.0, 620.0, 736.0]
[80.0, 32.0, 621.0, 753.0]
[80.0, 144.0, 622.0, 866.0]
[112.0, 16.0, 654.0, 739.0]
[128.0, 80.0, 671.0, 804.0]
[48.0, 32.0, 592.0, 757.0]
[80.0, 96.0, 624.0, 822.0]
[112.0, 80.0, 657.0, 807.0]
[64.0, 112.0, 610.0, 840.0]
[48.0, 160.0, 595.0, 889.0]
[128.0, 32.0, 676.0, 762.0]
[0.0, 112.0, 548.0, 843.0]
[0.0, 80.0, 549.0, 812.0]
[128.0, 32.0, 678.0, 765.0]
[48.0, 96.0, 598.0, 830.0]
[16.0, 16.0, 567.0, 751.0]
[96.0, 32.0, 648.0, 768.0]
[48.0, 96.0, 601.0, 833.0]
[128.0, 96.0, 682.0, 834.0]
[64.0, 112.0, 618.0, 851.0]
[32.0, 64.0, 587.0, 804.0]
[32.0, 48.0, 588.0, 789.0]
[32.0, 64.0, 588.0, 806.0]
[64.0, 128.0, 621.0, 871.0]
[64.0, 160.0, 622.0, 904.0]
[80.0, 32.0, 639.0, 777.0]
[144.0, 64.0, 704.0, 810.0]
[64.0, 64.0, 624.0, 811.0]
[16.0, 112.0, 577.0, 860.0]
[0.0, 16.0, 562.0, 765.0]
[128.0, 64.0, 690.0, 814.0]
[32.0, 32.0, 595.0, 783.0]
[128.0, 32.0, 692.0, 784.0]
[0.0, 96.0, 565.0, 849.0]
[48.0, 32.0, 614.0, 786.0]
[0.0, 96.0, 566.0, 851.0]
[112.0, 16.0, 679.0, 772.0]
[80.0, 16.0, 648.0, 773.0]
[0.0, 16.0, 568.0, 774.0]
[112.0, 96.0, 681.0, 855.0]
[0.0, 32.0, 570.0, 792.0]
[128.0, 48.0, 699.0, 809.0]
[112.0, 32.0, 684.0, 794.0]
[112.0, 32.0, 684.0, 795.0]
[16.0, 112.0, 589.0, 876.0]
[48.0, 32.0, 622.0, 797.0]
[64.0, 32.0, 638.0, 798.0]
[48.0, 96.0, 623.0, 863.0]
[32.0, 112.0, 608.0, 880.0]
[80.0, 0.0, 657.0, 769.0]
[96.0, 48.0, 674.0, 818.0]
[64.0, 0.0, 642.0, 771.0]
[0.0, 112.0, 579.0, 884.0]
[48.0, 128.0, 628.0, 901.0]
[128.0, 64.0, 708.0, 838.0]
[112.0, 0.0, 693.0, 775.0]
[32.0, 144.0, 614.0, 920.0]
[0.0, 128.0, 583.0, 905.0]
[16.0, 128.0, 600.0, 906.0]
[80.0, 96.0, 664.0, 875.0]
[128.0, 48.0, 713.0, 828.0]
[32.0, 144.0, 618.0, 925.0]
[48.0, 160.0, 634.0, 942.0]
[32.0, 144.0, 619.0, 927.0]
[0.0, 96.0, 588.0, 880.0]
[96.0, 16.0, 685.0, 801.0]
[64.0, 112.0, 654.0, 898.0]
[64.0, 112.0, 654.0, 899.0]
[128.0, 48.0, 719.0, 836.0]
[80.0, 32.0, 672.0, 821.0]
[96.0, 32.0, 688.0, 822.0]
[16.0, 48.0, 609.0, 839.0]
[112.0, 32.0, 706.0, 824.0]
[96.0, 0.0, 691.0, 793.0]
[16.0, 16.0, 612.0, 810.0]
[48.0, 80.0, 644.0, 875.0]
[96.0, 0.0, 693.0, 796.0]
[0.0, 0.0, 598.0, 797.0]
[32.0, 80.0, 630.0, 878.0]
[0.0, 48.0, 599.0, 847.0]
[32.0, 112.0, 632.0, 912.0]
[80.0, 64.0, 681.0, 865.0]
[48.0, 0.0, 650.0, 802.0]
[96.0, 48.0, 698.0, 851.0]
[112.0, 16.0, 715.0, 820.0]
[112.0, 48.0, 716.0, 853.0]
[64.0, 64.0, 668.0, 870.0]
[48.0, 16.0, 653.0, 823.0]
[80.0, 16.0, 686.0, 824.0]
[0.0, 128.0, 607.0, 937.0]
[0.0, 48.0, 608.0, 858.0]
[96.0, 16.0, 704.0, 827.0]
[0.0, 16.0, 609.0, 828.0]
[48.0, 96.0, 658.0, 909.0]
[112.0, 32.0, 722.0, 846.0]
[16.0, 16.0, 627.0, 831.0]
[64.0, 64.0, 676.0, 880.0]
[32.0, 32.0, 645.0, 849.0]
[16.0, 80.0, 630.0, 898.0]
[64.0, 32.0, 678.0, 851.0]
[48.0, 48.0, 663.0, 868.0]
[64.0, 64.0, 680.0, 885.0]
[80.0, 80.0, 696.0, 902.0]
[48.0, 64.0, 665.0, 887.0]
[0.0, 48.0, 618.0, 872.0]
[80.0, 16.0, 699.0, 841.0]
[48.0, 80.0, 668.0, 906.0]
[0.0, 32.0, 620.0, 859.0]
[48.0, 32.0, 669.0, 860.0]
[16.0, 128.0, 638.0, 957.0]
[32.0, 0.0, 654.0, 830.0]
[32.0, 48.0, 655.0, 879.0]
[32.0, 112.0, 656.0, 944.0]
[16.0, 96.0, 641.0, 929.0]
[96.0, 16.0, 722.0, 850.0]
[80.0, 32.0, 706.0, 867.0]
[64.0, 96.0, 691.0, 932.0]
[48.0, 48.0, 676.0, 885.0]
[48.0, 0.0, 676.0, 838.0]
[32.0, 96.0, 661.0, 935.0]
[80.0, 32.0, 710.0, 872.0]
[48.0, 96.0, 679.0, 937.0]
[0.0, 128.0, 632.0, 970.0]
[0.0, 48.0, 632.0, 891.0]
[64.0, 0.0, 697.0, 844.0]
[0.0, 96.0, 634.0, 941.0]
[48.0, 32.0, 682.0, 878.0]
[0.0, 16.0, 635.0, 863.0]
[48.0, 48.0, 684.0, 896.0]
[32.0, 32.0, 669.0, 881.0]
[16.0, 64.0, 654.0, 914.0]
[80.0, 0.0, 718.0, 851.0]
[32.0, 96.0, 671.0, 948.0]
[48.0, 16.0, 688.0, 869.0]
[64.0, 0.0, 704.0, 854.0]
[48.0, 96.0, 689.0, 951.0]
[16.0, 0.0, 658.0, 856.0]
[64.0, 16.0, 707.0, 873.0]
[32.0, 80.0, 676.0, 938.0]
[64.0, 32.0, 708.0, 891.0]
[32.0, 80.0, 677.0, 940.0]
[64.0, 16.0, 710.0, 877.0]
[0.0, 64.0, 646.0, 926.0]
[16.0, 96.0, 663.0, 959.0]
[48.0, 16.0, 696.0, 880.0]
[0.0, 16.0, 649.0, 881.0]
[16.0, 16.0, 666.0, 882.0]
[16.0, 64.0, 666.0, 931.0]
[32.0, 64.0, 683.0, 932.0]
[48.0, 16.0, 700.0, 885.0]
[32.0, 48.0, 684.0, 918.0]
[32.0, 96.0, 685.0, 967.0]
[0.0, 16.0, 654.0, 888.0]
[0.0, 16.0, 655.0, 889.0]
[64.0, 0.0, 720.0, 874.0]
[0.0, 96.0, 656.0, 971.0]
[0.0, 96.0, 657.0, 972.0]
[48.0, 32.0, 706.0, 909.0]
[48.0, 0.0, 706.0, 878.0]
[0.0, 0.0, 659.0, 879.0]
[0.0, 80.0, 660.0, 960.0]
[32.0, 48.0, 693.0, 929.0]
[48.0, 48.0, 710.0, 930.0]
[0.0, 48.0, 662.0, 931.0]
[0.0, 0.0, 663.0, 884.0]
[0.0, 32.0, 664.0, 917.0]
[0.0, 48.0, 664.0, 934.0]
[48.0, 32.0, 713.0, 919.0]
[16.0, 0.0, 682.0, 888.0]
[16.0, 80.0, 683.0, 969.0]
[0.0, 64.0, 668.0, 954.0]
[32.0, 0.0, 700.0, 891.0]
[16.0, 32.0, 685.0, 924.0]
[16.0, 32.0, 686.0, 925.0]
[0.0, 80.0, 670.0, 974.0]
[16.0, 32.0, 687.0, 927.0]
[16.0, 64.0, 688.0, 960.0]
[48.0, 0.0, 721.0, 897.0]
[48.0, 0.0, 722.0, 898.0]
[48.0, 16.0, 722.0, 915.0]
[16.0, 64.0, 691.0, 964.0]
[32.0, 16.0, 708.0, 917.0]
[16.0, 0.0, 692.0, 902.0]
[0.0, 0.0, 677.0, 903.0]
[0.0, 16.0, 678.0, 920.0]
[0.0, 48.0, 679.0, 953.0]
[32.0, 32.0, 712.0, 938.0]
[0.0, 64.0, 680.0, 971.0]
[0.0, 0.0, 681.0, 908.0]
[32.0, 64.0, 714.0, 973.0]
[0.0, 16.0, 682.0, 926.0]
[32.0, 16.0, 715.0, 927.0]
[32.0, 0.0, 716.0, 912.0]
[32.0, 0.0, 717.0, 913.0]
[16.0, 32.0, 702.0, 946.0]
[16.0, 16.0, 702.0, 931.0]
[0.0, 16.0, 687.0, 932.0]
[0.0, 48.0, 688.0, 965.0]
[32.0, 0.0, 720.0, 918.0]
[32.0, 48.0, 721.0, 967.0]
[32.0, 16.0, 722.0, 936.0]
[32.0, 32.0, 723.0, 953.0]
[32.0, 0.0, 724.0, 922.0]
[16.0, 16.0, 708.0, 939.0]
[16.0, 32.0, 709.0, 956.0]
[16.0, 0.0, 710.0, 925.0]
[16.0, 32.0, 710.0, 958.0]
[0.0, 32.0, 695.0, 959.0]
[16.0, 32.0, 712.0, 960.0]
[16.0, 48.0, 713.0, 977.0]
[16.0, 16.0, 714.0, 946.0]
[16.0, 32.0, 714.0, 963.0]
[0.0, 48.0, 699.0, 980.0]
[16.0, 16.0, 716.0, 949.0]
[16.0, 16.0, 716.0, 950.0]
[16.0, 16.0, 717.0, 951.0]
[16.0, 16.0, 718.0, 952.0]
[16.0, 32.0, 719.0, 969.0]
[0.0, 32.0, 704.0, 970.0]
[0.0, 32.0, 704.0, 971.0]
