[112.0, 64.0, 829.0, 602.0]
[96.0, 64.0, 814.0, 602.0]
[240.0, 64.0, 959.0, 603.0]
[112.0, 32.0, 832.0, 572.0]
[224.0, 32.0, 945.0, 573.0]
[128.0, 48.0, 850.0, 590.0]
[32.0, 48.0, 755.0, 590.0]
[160.0, 32.0, 884.0, 575.0]
[208.0, 16.0, 933.0, 560.0]
[240.0, 48.0, 966.0, 592.0]
[224.0, 16.0, 951.0, 561.0]
[128.0, 32.0, 856.0, 578.0]
[192.0, 48.0, 921.0, 595.0]
[160.0, 32.0, 890.0, 580.0]
[112.0, 64.0, 843.0, 612.0]
[112.0, 64.0, 844.0, 613.0]
[144.0, 64.0, 877.0, 614.0]
[144.0, 64.0, 878.0, 614.0]
[192.0, 16.0, 927.0, 567.0]
[176.0, 32.0, 912.0, 584.0]
[112.0, 64.0, 849.0, 617.0]
[96.0, 48.0, 834.0, 602.0]
[128.0, 48.0, 867.0, 602.0]
[256.0, 32.0, 996.0, 587.0]
[112.0, 32.0, 853.0, 588.0]
[128.0, 0.0, 870.0, 556.0]
[160.0, 64.0, 903.0, 621.0]
[256.0, 16.0, 1000.0, 574.0]
[48.0, 0.0, 793.0, 559.0]
[112.0, 16.0, 858.0, 576.0]
[176.0, 32.0, 923.0, 592.0]
[32.0, 16.0, 780.0, 577.0]
[208.0, 64.0, 957.0, 626.0]
[96.0, 32.0, 846.0, 594.0]
[240.0, 32.0, 991.0, 595.0]
[112.0, 48.0, 864.0, 612.0]
[144.0, 0.0, 897.0, 565.0]
[256.0, 16.0, 1010.0, 582.0]
[224.0, 48.0, 979.0, 614.0]
[240.0, 48.0, 996.0, 615.0]
[192.0, 64.0, 949.0, 632.0]
[48.0, 48.0, 806.0, 616.0]
[80.0, 64.0, 839.0, 633.0]
[48.0, 48.0, 808.0, 618.0]
[48.0, 32.0, 809.0, 603.0]
[96.0, 48.0, 858.0, 620.0]
[144.0, 64.0, 907.0, 636.0]
[224.0, 16.0, 988.0, 589.0]
[224.0, 16.0, 989.0, 590.0]
[32.0, 48.0, 798.0, 622.0]
[192.0, 48.0, 959.0, 623.0]
[160.0, 16.0, 928.0, 592.0]
[144.0, 0.0, 913.0, 577.0]
[48.0, 0.0, 818.0, 578.0]
[128.0, 64.0, 899.0, 642.0]
[48.0, 0.0, 820.0, 579.0]
[64.0, 0.0, 837.0, 580.0]
[144.0, 16.0, 918.0, 596.0]
[192.0, 32.0, 967.0, 613.0]
[80.0, 32.0, 856.0, 614.0]
[192.0, 16.0, 969.0, 599.0]
[160.0, 16.0, 938.0, 600.0]
[192.0, 16.0, 971.0, 600.0]
[96.0, 32.0, 876.0, 617.0]
[176.0, 16.0, 957.0, 602.0]
[0.0, 16.0, 782.0, 602.0]
[144.0, 64.0, 927.0, 651.0]
[192.0, 16.0, 976.0, 604.0]
[32.0, 16.0, 817.0, 605.0]
[32.0, 64.0, 818.0, 654.0]
[128.0, 32.0, 915.0, 622.0]
[208.0, 32.0, 996.0, 623.0]
[0.0, 0.0, 789.0, 592.0]
[176.0, 48.0, 966.0, 640.0]
[96.0, 0.0, 887.0, 593.0]
[208.0, 32.0, 1000.0, 626.0]
[224.0, 48.0, 1017.0, 643.0]
[32.0, 16.0, 826.0, 612.0]
[112.0, 48.0, 907.0, 644.0]
[176.0, 0.0, 972.0, 597.0]
[112.0, 48.0, 909.0, 646.0]
[176.0, 0.0, 974.0, 598.0]
[64.0, 48.0, 863.0, 647.0]
[192.0, 16.0, 992.0, 616.0]
[144.0, 48.0, 945.0, 649.0]
[80.0, 32.0, 882.0, 634.0]
[176.0, 48.0, 979.0, 650.0]
[192.0, 64.0, 996.0, 667.0]
[192.0, 0.0, 997.0, 604.0]
[112.0, 0.0, 918.0, 604.0]
[0.0, 32.0, 807.0, 637.0]
[128.0, 64.0, 936.0, 670.0]
[0.0, 0.0, 809.0, 607.0]
[80.0, 48.0, 890.0, 656.0]
[112.0, 48.0, 923.0, 656.0]
[112.0, 0.0, 924.0, 609.0]
[32.0, 48.0, 845.0, 658.0]
[80.0, 64.0, 894.0, 674.0]
[16.0, 32.0, 831.0, 643.0]
[192.0, 16.0, 1008.0, 628.0]
[128.0, 0.0, 945.0, 613.0]
[144.0, 48.0, 962.0, 662.0]
[96.0, 64.0, 915.0, 678.0]
[96.0, 16.0, 916.0, 631.0]
[32.0, 16.0, 853.0, 632.0]
[48.0, 48.0, 870.0, 664.0]
[128.0, 64.0, 951.0, 681.0]
[112.0, 64.0, 936.0, 682.0]
[160.0, 48.0, 985.0, 667.0]
[64.0, 48.0, 890.0, 668.0]
[80.0, 48.0, 907.0, 668.0]
[16.0, 32.0, 844.0, 653.0]
[128.0, 48.0, 957.0, 670.0]
[0.0, 0.0, 830.0, 622.0]
[80.0, 48.0, 911.0, 671.0]
[16.0, 16.0, 848.0, 640.0]
[80.0, 16.0, 913.0, 641.0]
[0.0, 32.0, 834.0, 658.0]
[16.0, 48.0, 851.0, 674.0]
[144.0, 16.0, 980.0, 643.0]
[64.0, 48.0, 901.0, 676.0]
[176.0, 0.0, 1014.0, 628.0]
[32.0, 48.0, 871.0, 677.0]
[112.0, 0.0, 952.0, 630.0]
[160.0, 48.0, 1001.0, 679.0]
[16.0, 48.0, 858.0, 680.0]
[144.0, 32.0, 987.0, 664.0]
[32.0, 32.0, 876.0, 665.0]
[80.0, 0.0, 925.0, 634.0]
[16.0, 16.0, 862.0, 650.0]
[16.0, 16.0, 863.0, 651.0]
[16.0, 0.0, 864.0, 636.0]
[160.0, 0.0, 1009.0, 637.0]
[64.0, 16.0, 914.0, 654.0]
[80.0, 32.0, 931.0, 670.0]
[80.0, 0.0, 932.0, 639.0]
[160.0, 32.0, 1013.0, 672.0]
[96.0, 0.0, 950.0, 640.0]
[112.0, 32.0, 967.0, 673.0]
[32.0, 32.0, 888.0, 674.0]
[80.0, 32.0, 937.0, 675.0]
[160.0, 0.0, 1018.0, 644.0]
[128.0, 16.0, 987.0, 660.0]
[64.0, 0.0, 924.0, 645.0]
[80.0, 16.0, 941.0, 662.0]
[112.0, 32.0, 974.0, 678.0]
[144.0, 32.0, 1007.0, 679.0]
[32.0, 32.0, 896.0, 680.0]
[64.0, 0.0, 929.0, 649.0]
[96.0, 16.0, 962.0, 666.0]
[16.0, 16.0, 883.0, 666.0]
[32.0, 32.0, 900.0, 683.0]
[0.0, 16.0, 869.0, 668.0]
[16.0, 0.0, 886.0, 652.0]
[64.0, 0.0, 935.0, 653.0]
[64.0, 16.0, 936.0, 670.0]
[112.0, 16.0, 985.0, 671.0]
[0.0, 0.0, 874.0, 656.0]
[144.0, 0.0, 1019.0, 656.0]
[32.0, 0.0, 908.0, 657.0]
[80.0, 0.0, 957.0, 658.0]
[64.0, 0.0, 942.0, 658.0]
[32.0, 16.0, 911.0, 675.0]
[64.0, 16.0, 944.0, 676.0]
[112.0, 16.0, 993.0, 677.0]
[112.0, 0.0, 994.0, 662.0]
[96.0, 16.0, 979.0, 678.0]
[0.0, 16.0, 884.0, 679.0]
[32.0, 16.0, 917.0, 680.0]
[80.0, 0.0, 966.0, 664.0]
[0.0, 16.0, 887.0, 681.0]
[0.0, 0.0, 888.0, 666.0]
[32.0, 16.0, 921.0, 683.0]
[16.0, 0.0, 906.0, 668.0]
[96.0, 0.0, 987.0, 668.0]
[112.0, 0.0, 1004.0, 669.0]
[112.0, 0.0, 1005.0, 670.0]
[112.0, 0.0, 1006.0, 670.0]
[64.0, 0.0, 959.0, 671.0]
[112.0, 0.0, 1008.0, 672.0]
[48.0, 0.0, 945.0, 673.0]
[112.0, 0.0, 1010.0, 674.0]
[96.0, 0.0, 995.0, 674.0]
[48.0, 0.0, 948.0, 675.0]
[96.0, 0.0, 997.0, 676.0]
[48.0, 0.0, 950.0, 676.0]
[96.0, 0.0, 999.0, 677.0]
[112.0, 0.0, 1016.0, 678.0]
[32.0, 0.0, 937.0, 679.0]
[64.0, 0.0, 970.0, 680.0]
[0.0, 0.0, 907.0, 680.0]
[80.0, 0.0, 988.0, 681.0]
[80.0, 0.0, 989.0, 682.0]
[64.0, 0.0, 974.0, 682.0]
[96.0, 0.0, 1007.0, 683.0]
