[288.0, 32.0, 1005.0, 570.0]
[304.0, 16.0, 1022.0, 554.0]
[256.0, 32.0, 975.0, 571.0]
[272.0, 16.0, 992.0, 556.0]
[240.0, 0.0, 961.0, 541.0]
[288.0, 32.0, 1010.0, 574.0]
[240.0, 0.0, 963.0, 542.0]
[288.0, 16.0, 1012.0, 559.0]
[256.0, 16.0, 981.0, 560.0]
[240.0, 16.0, 966.0, 560.0]
[256.0, 16.0, 983.0, 561.0]
[256.0, 16.0, 984.0, 562.0]
[256.0, 0.0, 985.0, 547.0]
[256.0, 16.0, 986.0, 564.0]
[272.0, 0.0, 1003.0, 548.0]
[240.0, 16.0, 972.0, 565.0]
[240.0, 16.0, 973.0, 566.0]
[256.0, 16.0, 990.0, 566.0]
[288.0, 16.0, 1023.0, 567.0]
[272.0, 16.0, 1008.0, 568.0]
[240.0, 0.0, 977.0, 553.0]
[272.0, 16.0, 1010.0, 570.0]
[256.0, 16.0, 995.0, 570.0]
[256.0, 16.0, 996.0, 571.0]
[256.0, 16.0, 997.0, 572.0]
[256.0, 0.0, 998.0, 556.0]
[256.0, 16.0, 999.0, 573.0]
[272.0, 0.0, 1016.0, 558.0]
[240.0, 16.0, 985.0, 575.0]
[272.0, 0.0, 1018.0, 560.0]
[272.0, 16.0, 1019.0, 576.0]
[272.0, 0.0, 1020.0, 561.0]
