[64.0, 0.0, 781.0, 538.0]
[224.0, 48.0, 942.0, 586.0]
[176.0, 16.0, 895.0, 555.0]
[96.0, 96.0, 816.0, 636.0]
[128.0, 64.0, 849.0, 605.0]
[0.0, 64.0, 722.0, 606.0]
[192.0, 48.0, 915.0, 590.0]
[96.0, 32.0, 820.0, 575.0]
[208.0, 64.0, 933.0, 608.0]
[192.0, 16.0, 918.0, 560.0]
[192.0, 16.0, 919.0, 561.0]
[16.0, 32.0, 744.0, 578.0]
[32.0, 80.0, 761.0, 627.0]
[80.0, 0.0, 810.0, 548.0]
[0.0, 48.0, 731.0, 596.0]
[160.0, 0.0, 892.0, 549.0]
[96.0, 64.0, 829.0, 614.0]
[0.0, 32.0, 734.0, 582.0]
[176.0, 32.0, 911.0, 583.0]
[112.0, 32.0, 848.0, 584.0]
[48.0, 16.0, 785.0, 569.0]
[64.0, 0.0, 802.0, 554.0]
[144.0, 80.0, 883.0, 634.0]
[176.0, 48.0, 916.0, 603.0]
[96.0, 48.0, 837.0, 604.0]
[96.0, 16.0, 838.0, 572.0]
[160.0, 64.0, 903.0, 621.0]
[64.0, 96.0, 808.0, 654.0]
[224.0, 32.0, 969.0, 591.0]
[192.0, 0.0, 938.0, 560.0]
[32.0, 16.0, 779.0, 576.0]
[112.0, 16.0, 860.0, 577.0]
[64.0, 80.0, 813.0, 642.0]
[32.0, 0.0, 782.0, 562.0]
[112.0, 80.0, 863.0, 643.0]
[16.0, 16.0, 768.0, 580.0]
[16.0, 80.0, 769.0, 645.0]
[80.0, 0.0, 834.0, 566.0]
[80.0, 32.0, 835.0, 598.0]
[64.0, 96.0, 820.0, 663.0]
[144.0, 64.0, 901.0, 632.0]
[96.0, 16.0, 854.0, 584.0]
[208.0, 16.0, 967.0, 585.0]
[32.0, 0.0, 792.0, 570.0]
[80.0, 48.0, 841.0, 619.0]
[176.0, 32.0, 938.0, 604.0]
[160.0, 0.0, 923.0, 572.0]
[160.0, 48.0, 924.0, 621.0]
[176.0, 0.0, 941.0, 574.0]
[0.0, 48.0, 766.0, 622.0]
[160.0, 0.0, 927.0, 575.0]
[80.0, 64.0, 848.0, 640.0]
[48.0, 16.0, 817.0, 593.0]
[144.0, 48.0, 914.0, 626.0]
[80.0, 64.0, 851.0, 642.0]
[0.0, 0.0, 772.0, 579.0]
[64.0, 0.0, 837.0, 580.0]
[16.0, 80.0, 790.0, 660.0]
[32.0, 32.0, 807.0, 613.0]
[96.0, 48.0, 872.0, 630.0]
[48.0, 64.0, 825.0, 647.0]
[96.0, 48.0, 874.0, 632.0]
[112.0, 32.0, 891.0, 616.0]
[176.0, 0.0, 956.0, 585.0]
[160.0, 48.0, 941.0, 634.0]
[208.0, 32.0, 990.0, 618.0]
[64.0, 16.0, 847.0, 603.0]
[128.0, 16.0, 912.0, 604.0]
[16.0, 80.0, 801.0, 669.0]
[96.0, 32.0, 882.0, 622.0]
[0.0, 48.0, 787.0, 638.0]
[96.0, 32.0, 884.0, 623.0]
[176.0, 32.0, 965.0, 624.0]
[128.0, 48.0, 918.0, 640.0]
[80.0, 48.0, 871.0, 641.0]
[16.0, 32.0, 808.0, 626.0]
[112.0, 64.0, 905.0, 659.0]
[96.0, 16.0, 890.0, 612.0]
[192.0, 0.0, 987.0, 596.0]
[112.0, 16.0, 908.0, 613.0]
[160.0, 48.0, 957.0, 646.0]
[96.0, 0.0, 894.0, 598.0]
[80.0, 0.0, 879.0, 599.0]
[80.0, 0.0, 880.0, 600.0]
[80.0, 64.0, 881.0, 665.0]
[192.0, 0.0, 994.0, 602.0]
[96.0, 32.0, 899.0, 634.0]
[16.0, 64.0, 820.0, 667.0]
[48.0, 0.0, 853.0, 604.0]
[160.0, 0.0, 966.0, 604.0]
[128.0, 32.0, 935.0, 637.0]
[96.0, 32.0, 904.0, 638.0]
[112.0, 32.0, 921.0, 639.0]
[48.0, 64.0, 858.0, 672.0]
[112.0, 64.0, 923.0, 672.0]
[48.0, 32.0, 860.0, 641.0]
[64.0, 16.0, 877.0, 626.0]
[112.0, 16.0, 926.0, 626.0]
[96.0, 16.0, 911.0, 627.0]
[32.0, 0.0, 848.0, 612.0]
[176.0, 32.0, 993.0, 645.0]
[0.0, 48.0, 818.0, 662.0]
[128.0, 64.0, 947.0, 678.0]
[64.0, 16.0, 884.0, 631.0]
[96.0, 32.0, 917.0, 648.0]
[160.0, 32.0, 982.0, 648.0]
[16.0, 32.0, 839.0, 649.0]
[32.0, 32.0, 856.0, 650.0]
[80.0, 48.0, 905.0, 667.0]
[160.0, 0.0, 986.0, 620.0]
[0.0, 0.0, 827.0, 620.0]
[128.0, 48.0, 956.0, 669.0]
[112.0, 16.0, 941.0, 638.0]
[160.0, 32.0, 990.0, 654.0]
[112.0, 48.0, 943.0, 671.0]
[48.0, 16.0, 880.0, 640.0]
[0.0, 48.0, 833.0, 673.0]
[96.0, 48.0, 930.0, 674.0]
[128.0, 16.0, 963.0, 642.0]
[112.0, 32.0, 948.0, 659.0]
[144.0, 32.0, 981.0, 660.0]
[48.0, 48.0, 886.0, 676.0]
[16.0, 48.0, 855.0, 677.0]
[160.0, 0.0, 1000.0, 630.0]
[64.0, 48.0, 905.0, 679.0]
[32.0, 16.0, 874.0, 648.0]
[48.0, 16.0, 891.0, 648.0]
[80.0, 32.0, 924.0, 665.0]
[144.0, 0.0, 989.0, 634.0]
[32.0, 0.0, 878.0, 634.0]
[32.0, 32.0, 879.0, 667.0]
[0.0, 32.0, 848.0, 668.0]
[32.0, 16.0, 881.0, 653.0]
[64.0, 16.0, 914.0, 654.0]
[0.0, 32.0, 851.0, 670.0]
[0.0, 16.0, 852.0, 655.0]
[112.0, 16.0, 965.0, 656.0]
[144.0, 16.0, 998.0, 656.0]
[96.0, 32.0, 951.0, 673.0]
[112.0, 16.0, 968.0, 658.0]
[96.0, 0.0, 953.0, 643.0]
[32.0, 0.0, 890.0, 644.0]
[144.0, 0.0, 1003.0, 644.0]
[64.0, 16.0, 924.0, 661.0]
[48.0, 0.0, 909.0, 646.0]
[64.0, 0.0, 926.0, 646.0]
[32.0, 16.0, 895.0, 663.0]
[64.0, 32.0, 928.0, 680.0]
[112.0, 16.0, 977.0, 665.0]
[112.0, 16.0, 978.0, 666.0]
[32.0, 0.0, 899.0, 650.0]
[96.0, 0.0, 964.0, 651.0]
[112.0, 0.0, 981.0, 652.0]
[0.0, 16.0, 870.0, 668.0]
[0.0, 0.0, 871.0, 653.0]
[112.0, 16.0, 984.0, 670.0]
[16.0, 16.0, 889.0, 671.0]
[16.0, 0.0, 890.0, 656.0]
[96.0, 16.0, 971.0, 672.0]
[32.0, 0.0, 908.0, 657.0]
[0.0, 0.0, 877.0, 658.0]
[112.0, 16.0, 990.0, 674.0]
[80.0, 0.0, 959.0, 659.0]
[0.0, 0.0, 880.0, 660.0]
[16.0, 16.0, 897.0, 677.0]
[48.0, 16.0, 930.0, 678.0]
[112.0, 16.0, 995.0, 678.0]
[32.0, 16.0, 916.0, 679.0]
[112.0, 0.0, 997.0, 664.0]
[96.0, 0.0, 982.0, 664.0]
[80.0, 16.0, 967.0, 681.0]
[32.0, 0.0, 920.0, 666.0]
[80.0, 0.0, 969.0, 667.0]
[16.0, 0.0, 906.0, 668.0]
[16.0, 0.0, 907.0, 668.0]
[16.0, 0.0, 908.0, 669.0]
[32.0, 0.0, 925.0, 670.0]
[80.0, 0.0, 974.0, 670.0]
[96.0, 0.0, 991.0, 671.0]
[96.0, 0.0, 992.0, 672.0]
[16.0, 0.0, 913.0, 673.0]
[64.0, 0.0, 962.0, 674.0]
[96.0, 0.0, 995.0, 674.0]
[96.0, 0.0, 996.0, 675.0]
[64.0, 0.0, 965.0, 676.0]
[48.0, 0.0, 950.0, 676.0]
[96.0, 0.0, 999.0, 677.0]
[32.0, 0.0, 936.0, 678.0]
[64.0, 0.0, 969.0, 679.0]
[0.0, 0.0, 906.0, 680.0]
[96.0, 0.0, 1003.0, 680.0]
[96.0, 0.0, 1004.0, 681.0]
[64.0, 0.0, 973.0, 682.0]
[32.0, 0.0, 942.0, 682.0]
