[16.0, 16.0, 733.0, 554.0]
[16.0, 48.0, 734.0, 586.0]
[16.0, 32.0, 735.0, 571.0]
[32.0, 0.0, 752.0, 540.0]
[48.0, 0.0, 769.0, 541.0]
[0.0, 64.0, 722.0, 606.0]
[48.0, 144.0, 771.0, 686.0]
[80.0, 48.0, 804.0, 591.0]
[80.0, 96.0, 805.0, 640.0]
[48.0, 16.0, 774.0, 560.0]
[32.0, 48.0, 759.0, 593.0]
[96.0, 64.0, 824.0, 610.0]
[16.0, 80.0, 745.0, 627.0]
[32.0, 80.0, 762.0, 628.0]
[96.0, 48.0, 827.0, 596.0]
[96.0, 96.0, 828.0, 645.0]
[16.0, 16.0, 749.0, 566.0]
[32.0, 32.0, 766.0, 582.0]
[0.0, 80.0, 735.0, 631.0]
[48.0, 32.0, 784.0, 584.0]
[96.0, 80.0, 833.0, 633.0]
[16.0, 48.0, 754.0, 602.0]
[16.0, 128.0, 755.0, 682.0]
[0.0, 112.0, 740.0, 667.0]
[80.0, 16.0, 821.0, 572.0]
[80.0, 48.0, 822.0, 604.0]
[64.0, 16.0, 807.0, 573.0]
[80.0, 32.0, 824.0, 590.0]
[32.0, 32.0, 777.0, 591.0]
[32.0, 48.0, 778.0, 608.0]
[16.0, 128.0, 763.0, 688.0]
[80.0, 80.0, 828.0, 641.0]
[64.0, 32.0, 813.0, 594.0]
[16.0, 0.0, 766.0, 562.0]
[0.0, 64.0, 751.0, 627.0]
[48.0, 48.0, 800.0, 612.0]
[0.0, 128.0, 753.0, 693.0]
[0.0, 32.0, 754.0, 598.0]
[32.0, 112.0, 787.0, 678.0]
[80.0, 32.0, 836.0, 599.0]
[32.0, 112.0, 789.0, 680.0]
[32.0, 32.0, 790.0, 600.0]
[96.0, 64.0, 855.0, 633.0]
[16.0, 32.0, 776.0, 602.0]
[80.0, 16.0, 841.0, 587.0]
[0.0, 112.0, 762.0, 684.0]
[16.0, 32.0, 779.0, 604.0]
[48.0, 0.0, 812.0, 573.0]
[48.0, 112.0, 813.0, 686.0]
[64.0, 112.0, 830.0, 686.0]
[48.0, 80.0, 815.0, 655.0]
[16.0, 32.0, 784.0, 608.0]
[32.0, 0.0, 801.0, 577.0]
[16.0, 80.0, 786.0, 658.0]
[0.0, 32.0, 771.0, 610.0]
[0.0, 32.0, 772.0, 611.0]
[32.0, 0.0, 805.0, 580.0]
[16.0, 80.0, 790.0, 660.0]
[80.0, 32.0, 855.0, 613.0]
[64.0, 64.0, 840.0, 646.0]
[48.0, 0.0, 825.0, 583.0]
[48.0, 32.0, 826.0, 616.0]
[0.0, 48.0, 779.0, 632.0]
[96.0, 64.0, 876.0, 649.0]
[0.0, 0.0, 781.0, 586.0]
[96.0, 64.0, 878.0, 650.0]
[32.0, 80.0, 815.0, 667.0]
[48.0, 48.0, 832.0, 636.0]
[0.0, 48.0, 785.0, 637.0]
[64.0, 48.0, 850.0, 638.0]
[80.0, 80.0, 867.0, 670.0]
[0.0, 48.0, 788.0, 639.0]
[48.0, 80.0, 837.0, 672.0]
[96.0, 64.0, 886.0, 656.0]
[0.0, 64.0, 791.0, 657.0]
[16.0, 32.0, 808.0, 626.0]
[48.0, 48.0, 841.0, 643.0]
[16.0, 48.0, 810.0, 644.0]
[80.0, 64.0, 875.0, 660.0]
[80.0, 48.0, 876.0, 645.0]
[48.0, 16.0, 845.0, 614.0]
[96.0, 48.0, 894.0, 646.0]
[0.0, 96.0, 799.0, 695.0]
[48.0, 64.0, 848.0, 664.0]
[48.0, 0.0, 849.0, 601.0]
[16.0, 64.0, 818.0, 666.0]
[64.0, 0.0, 867.0, 602.0]
[96.0, 32.0, 900.0, 635.0]
[32.0, 48.0, 837.0, 652.0]
[32.0, 64.0, 838.0, 668.0]
[32.0, 96.0, 839.0, 701.0]
[32.0, 32.0, 840.0, 638.0]
[32.0, 48.0, 841.0, 655.0]
[0.0, 64.0, 810.0, 672.0]
[64.0, 48.0, 875.0, 656.0]
[16.0, 80.0, 828.0, 689.0]
[0.0, 48.0, 813.0, 658.0]
[64.0, 32.0, 878.0, 642.0]
[80.0, 48.0, 895.0, 659.0]
[48.0, 80.0, 864.0, 692.0]
[32.0, 64.0, 849.0, 677.0]
[16.0, 48.0, 834.0, 662.0]
[16.0, 80.0, 835.0, 694.0]
[32.0, 48.0, 852.0, 663.0]
[32.0, 64.0, 853.0, 680.0]
[16.0, 80.0, 838.0, 696.0]
[64.0, 48.0, 887.0, 665.0]
[48.0, 16.0, 872.0, 634.0]
[32.0, 64.0, 857.0, 683.0]
[80.0, 48.0, 906.0, 668.0]
[0.0, 80.0, 827.0, 700.0]
[0.0, 48.0, 828.0, 669.0]
[0.0, 64.0, 829.0, 686.0]
[48.0, 32.0, 878.0, 654.0]
[32.0, 16.0, 863.0, 639.0]
[0.0, 32.0, 832.0, 656.0]
[64.0, 0.0, 897.0, 625.0]
[48.0, 64.0, 882.0, 690.0]
[80.0, 16.0, 915.0, 642.0]
[16.0, 16.0, 852.0, 643.0]
[32.0, 64.0, 869.0, 692.0]
[64.0, 32.0, 902.0, 660.0]
[32.0, 64.0, 871.0, 693.0]
[48.0, 64.0, 888.0, 694.0]
[48.0, 48.0, 889.0, 679.0]
[16.0, 0.0, 858.0, 632.0]
[16.0, 16.0, 859.0, 648.0]
[16.0, 0.0, 860.0, 633.0]
[0.0, 32.0, 845.0, 666.0]
[64.0, 48.0, 910.0, 682.0]
[64.0, 32.0, 911.0, 667.0]
[16.0, 64.0, 864.0, 700.0]
[32.0, 0.0, 881.0, 637.0]
[80.0, 16.0, 930.0, 654.0]
[48.0, 48.0, 899.0, 686.0]
[0.0, 0.0, 852.0, 639.0]
[32.0, 64.0, 885.0, 704.0]
[16.0, 16.0, 870.0, 656.0]
[0.0, 48.0, 855.0, 689.0]
[64.0, 0.0, 920.0, 642.0]
[16.0, 0.0, 873.0, 643.0]
[32.0, 32.0, 890.0, 676.0]
[0.0, 16.0, 859.0, 660.0]
[32.0, 0.0, 892.0, 645.0]
[48.0, 48.0, 909.0, 694.0]
[0.0, 32.0, 862.0, 678.0]
[32.0, 48.0, 895.0, 695.0]
[32.0, 0.0, 896.0, 648.0]
[48.0, 48.0, 913.0, 697.0]
[48.0, 16.0, 914.0, 666.0]
[32.0, 48.0, 899.0, 698.0]
[64.0, 32.0, 932.0, 683.0]
[48.0, 0.0, 917.0, 652.0]
[16.0, 0.0, 886.0, 652.0]
[32.0, 32.0, 903.0, 685.0]
[16.0, 16.0, 888.0, 670.0]
[0.0, 32.0, 873.0, 687.0]
[0.0, 0.0, 874.0, 656.0]
[0.0, 48.0, 875.0, 704.0]
[32.0, 0.0, 908.0, 657.0]
[48.0, 32.0, 925.0, 690.0]
[32.0, 32.0, 910.0, 690.0]
[48.0, 32.0, 927.0, 691.0]
[16.0, 0.0, 896.0, 660.0]
[16.0, 16.0, 897.0, 677.0]
[32.0, 0.0, 914.0, 662.0]
[0.0, 16.0, 883.0, 678.0]
[0.0, 16.0, 884.0, 679.0]
[16.0, 16.0, 901.0, 680.0]
[0.0, 0.0, 886.0, 664.0]
[0.0, 32.0, 887.0, 697.0]
[48.0, 32.0, 936.0, 698.0]
[0.0, 16.0, 889.0, 683.0]
[0.0, 32.0, 890.0, 700.0]
[48.0, 16.0, 939.0, 684.0]
[32.0, 0.0, 924.0, 669.0]
[32.0, 0.0, 925.0, 670.0]
[32.0, 0.0, 926.0, 670.0]
[16.0, 16.0, 911.0, 687.0]
[32.0, 0.0, 928.0, 672.0]
