[80.0, 96.0, 892.0, 705.0]
[144.0, 176.0, 957.0, 786.0]
[64.0, 64.0, 878.0, 674.0]
[128.0, 80.0, 943.0, 691.0]
[48.0, 32.0, 864.0, 644.0]
[128.0, 112.0, 945.0, 725.0]
[48.0, 176.0, 866.0, 790.0]
[64.0, 96.0, 883.0, 710.0]
[144.0, 96.0, 964.0, 711.0]
[128.0, 80.0, 949.0, 696.0]
[160.0, 128.0, 982.0, 744.0]
[64.0, 32.0, 887.0, 649.0]
[96.0, 160.0, 920.0, 778.0]
[48.0, 80.0, 873.0, 699.0]
[144.0, 112.0, 970.0, 732.0]
[128.0, 48.0, 955.0, 668.0]
[32.0, 80.0, 860.0, 701.0]
[160.0, 48.0, 989.0, 670.0]
[112.0, 176.0, 942.0, 798.0]
[48.0, 96.0, 879.0, 719.0]
[80.0, 48.0, 912.0, 672.0]
[96.0, 144.0, 929.0, 769.0]
[144.0, 32.0, 978.0, 658.0]
[144.0, 80.0, 979.0, 706.0]
[32.0, 80.0, 868.0, 707.0]
[48.0, 112.0, 885.0, 740.0]
[160.0, 48.0, 998.0, 676.0]
[16.0, 32.0, 855.0, 661.0]
[48.0, 48.0, 888.0, 678.0]
[96.0, 64.0, 937.0, 695.0]
[48.0, 48.0, 890.0, 680.0]
[144.0, 80.0, 987.0, 712.0]
[128.0, 144.0, 972.0, 777.0]
[144.0, 16.0, 989.0, 650.0]
[80.0, 96.0, 926.0, 730.0]
[160.0, 80.0, 1007.0, 715.0]
[112.0, 144.0, 960.0, 780.0]
[48.0, 48.0, 897.0, 685.0]
[64.0, 160.0, 914.0, 798.0]
[144.0, 48.0, 995.0, 686.0]
[48.0, 48.0, 900.0, 687.0]
[16.0, 128.0, 869.0, 768.0]
[144.0, 32.0, 998.0, 672.0]
[80.0, 112.0, 935.0, 753.0]
[48.0, 48.0, 904.0, 690.0]
[48.0, 176.0, 905.0, 819.0]
[128.0, 64.0, 986.0, 708.0]
[160.0, 80.0, 1019.0, 724.0]
[16.0, 64.0, 876.0, 709.0]
[16.0, 96.0, 877.0, 742.0]
[144.0, 48.0, 1006.0, 694.0]
[32.0, 80.0, 895.0, 727.0]
[112.0, 160.0, 976.0, 808.0]
[32.0, 64.0, 897.0, 713.0]
[32.0, 64.0, 898.0, 714.0]
[32.0, 0.0, 899.0, 650.0]
[96.0, 144.0, 964.0, 795.0]
[48.0, 144.0, 917.0, 796.0]
[144.0, 112.0, 1014.0, 764.0]
[128.0, 80.0, 999.0, 733.0]
[144.0, 112.0, 1016.0, 766.0]
[0.0, 48.0, 873.0, 703.0]
[112.0, 48.0, 986.0, 704.0]
[96.0, 32.0, 971.0, 688.0]
[128.0, 32.0, 1004.0, 689.0]
[128.0, 32.0, 1005.0, 690.0]
[0.0, 144.0, 878.0, 802.0]
[80.0, 80.0, 959.0, 739.0]
[64.0, 160.0, 944.0, 820.0]
[48.0, 64.0, 929.0, 725.0]
[80.0, 48.0, 962.0, 710.0]
[128.0, 64.0, 1011.0, 726.0]
[80.0, 0.0, 964.0, 663.0]
[48.0, 48.0, 933.0, 712.0]
[32.0, 112.0, 918.0, 776.0]
[0.0, 96.0, 887.0, 761.0]
[32.0, 32.0, 920.0, 698.0]
[32.0, 48.0, 921.0, 715.0]
[0.0, 64.0, 890.0, 732.0]
[128.0, 112.0, 1019.0, 780.0]
[96.0, 0.0, 988.0, 669.0]
[80.0, 48.0, 973.0, 718.0]
[128.0, 112.0, 1022.0, 782.0]
[96.0, 0.0, 991.0, 671.0]
[0.0, 80.0, 896.0, 752.0]
[0.0, 32.0, 897.0, 705.0]
[16.0, 112.0, 914.0, 786.0]
[96.0, 96.0, 995.0, 770.0]
[64.0, 144.0, 964.0, 819.0]
[112.0, 96.0, 1013.0, 772.0]
[96.0, 80.0, 998.0, 756.0]
[48.0, 128.0, 951.0, 805.0]
[32.0, 80.0, 936.0, 758.0]
[0.0, 16.0, 905.0, 695.0]
[112.0, 96.0, 1018.0, 776.0]
[16.0, 112.0, 923.0, 792.0]
[48.0, 16.0, 956.0, 697.0]
[64.0, 112.0, 973.0, 794.0]
[80.0, 128.0, 990.0, 810.0]
[64.0, 128.0, 975.0, 811.0]
[16.0, 48.0, 928.0, 732.0]
[16.0, 96.0, 929.0, 781.0]
[96.0, 64.0, 1010.0, 750.0]
[32.0, 64.0, 947.0, 750.0]
[64.0, 112.0, 980.0, 799.0]
[48.0, 32.0, 965.0, 720.0]
[48.0, 48.0, 966.0, 736.0]
[64.0, 0.0, 983.0, 689.0]
[80.0, 32.0, 1000.0, 722.0]
[80.0, 80.0, 1001.0, 771.0]
[48.0, 48.0, 970.0, 740.0]
[0.0, 0.0, 923.0, 692.0]
[96.0, 112.0, 1020.0, 805.0]
[16.0, 48.0, 941.0, 742.0]
[48.0, 32.0, 974.0, 726.0]
[80.0, 96.0, 1007.0, 791.0]
[48.0, 96.0, 976.0, 792.0]
[0.0, 64.0, 929.0, 761.0]
[0.0, 112.0, 930.0, 810.0]
[0.0, 16.0, 931.0, 714.0]
[64.0, 80.0, 996.0, 779.0]
[16.0, 64.0, 949.0, 764.0]
[64.0, 64.0, 998.0, 764.0]
[32.0, 64.0, 967.0, 765.0]
[32.0, 48.0, 968.0, 750.0]
[0.0, 0.0, 937.0, 703.0]
[64.0, 112.0, 1002.0, 816.0]
[48.0, 64.0, 987.0, 768.0]
[16.0, 16.0, 956.0, 721.0]
[48.0, 80.0, 989.0, 786.0]
[64.0, 96.0, 1006.0, 802.0]
[80.0, 32.0, 1023.0, 739.0]
[48.0, 112.0, 992.0, 820.0]
[16.0, 64.0, 961.0, 773.0]
[0.0, 0.0, 946.0, 710.0]
[0.0, 48.0, 947.0, 758.0]
[0.0, 48.0, 948.0, 759.0]
[48.0, 96.0, 997.0, 808.0]
[32.0, 32.0, 982.0, 744.0]
[64.0, 32.0, 1015.0, 745.0]
[0.0, 80.0, 952.0, 794.0]
[48.0, 0.0, 1001.0, 715.0]
[16.0, 80.0, 970.0, 796.0]
[16.0, 32.0, 971.0, 748.0]
[64.0, 16.0, 1020.0, 733.0]
[64.0, 32.0, 1021.0, 750.0]
[64.0, 0.0, 1022.0, 718.0]
[16.0, 0.0, 975.0, 719.0]
[32.0, 48.0, 992.0, 768.0]
[48.0, 0.0, 1009.0, 721.0]
[0.0, 32.0, 962.0, 754.0]
[48.0, 80.0, 1011.0, 802.0]
[48.0, 16.0, 1012.0, 739.0]
[0.0, 0.0, 965.0, 724.0]
[0.0, 32.0, 966.0, 756.0]
[0.0, 64.0, 967.0, 789.0]
[48.0, 16.0, 1016.0, 742.0]
[48.0, 48.0, 1017.0, 775.0]
[16.0, 32.0, 986.0, 760.0]
[16.0, 16.0, 987.0, 744.0]
[32.0, 32.0, 1004.0, 761.0]
[48.0, 64.0, 1021.0, 794.0]
[48.0, 0.0, 1022.0, 730.0]
[0.0, 48.0, 975.0, 779.0]
[0.0, 0.0, 976.0, 732.0]
[0.0, 0.0, 977.0, 733.0]
[32.0, 0.0, 1010.0, 734.0]
[16.0, 16.0, 995.0, 750.0]
[0.0, 16.0, 980.0, 751.0]
[0.0, 64.0, 981.0, 800.0]
[16.0, 48.0, 998.0, 784.0]
[16.0, 48.0, 999.0, 785.0]
[16.0, 80.0, 1000.0, 818.0]
[0.0, 64.0, 985.0, 803.0]
[0.0, 48.0, 986.0, 788.0]
[32.0, 48.0, 1019.0, 788.0]
[32.0, 32.0, 1020.0, 773.0]
[16.0, 64.0, 1005.0, 806.0]
[0.0, 48.0, 990.0, 790.0]
[16.0, 0.0, 1007.0, 743.0]
[0.0, 48.0, 992.0, 792.0]
[0.0, 32.0, 993.0, 777.0]
[0.0, 32.0, 994.0, 778.0]
[16.0, 48.0, 1011.0, 794.0]
[16.0, 0.0, 1012.0, 747.0]
[0.0, 32.0, 997.0, 780.0]
[16.0, 0.0, 1014.0, 748.0]
[16.0, 64.0, 1015.0, 813.0]
[16.0, 0.0, 1016.0, 750.0]
[16.0, 16.0, 1017.0, 767.0]
[0.0, 48.0, 1002.0, 800.0]
[0.0, 0.0, 1003.0, 752.0]
[0.0, 64.0, 1004.0, 817.0]
[0.0, 48.0, 1005.0, 802.0]
[0.0, 16.0, 1006.0, 770.0]
[0.0, 0.0, 1007.0, 755.0]
[16.0, 0.0, 1024.0, 756.0]
[0.0, 16.0, 1009.0, 773.0]
[0.0, 48.0, 1010.0, 806.0]
[0.0, 0.0, 1011.0, 758.0]
[0.0, 0.0, 1012.0, 759.0]
[0.0, 0.0, 1013.0, 760.0]
[0.0, 48.0, 1014.0, 808.0]
[0.0, 32.0, 1015.0, 793.0]
[0.0, 32.0, 1016.0, 794.0]
[0.0, 48.0, 1017.0, 811.0]
[0.0, 16.0, 1018.0, 780.0]
[0.0, 32.0, 1019.0, 796.0]
[0.0, 16.0, 1020.0, 781.0]
[0.0, 16.0, 1021.0, 782.0]
[0.0, 32.0, 1022.0, 798.0]
[0.0, 16.0, 1023.0, 783.0]
[0.0, 32.0, 1024.0, 800.0]
