[48.0, 128.0, 586.0, 845.0]
[64.0, 144.0, 602.0, 862.0]
[64.0, 240.0, 603.0, 959.0]
[32.0, 176.0, 572.0, 896.0]
[16.0, 256.0, 557.0, 977.0]
[32.0, 208.0, 574.0, 930.0]
[16.0, 144.0, 558.0, 867.0]
[32.0, 144.0, 575.0, 868.0]
[64.0, 160.0, 608.0, 885.0]
[16.0, 144.0, 560.0, 870.0]
[48.0, 144.0, 593.0, 871.0]
[64.0, 192.0, 610.0, 920.0]
[48.0, 48.0, 595.0, 777.0]
[64.0, 224.0, 612.0, 954.0]
[48.0, 112.0, 596.0, 843.0]
[64.0, 160.0, 613.0, 892.0]
[64.0, 240.0, 614.0, 973.0]
[32.0, 96.0, 582.0, 830.0]
[32.0, 128.0, 583.0, 863.0]
[32.0, 240.0, 584.0, 976.0]
[64.0, 96.0, 617.0, 833.0]
[64.0, 160.0, 618.0, 898.0]
[48.0, 32.0, 602.0, 771.0]
[32.0, 80.0, 587.0, 820.0]
[48.0, 192.0, 604.0, 933.0]
[64.0, 144.0, 620.0, 886.0]
[32.0, 192.0, 589.0, 935.0]
[48.0, 32.0, 606.0, 776.0]
[0.0, 224.0, 559.0, 969.0]
[48.0, 192.0, 608.0, 938.0]
[0.0, 160.0, 560.0, 907.0]
[16.0, 208.0, 577.0, 956.0]
[32.0, 0.0, 594.0, 749.0]
[32.0, 176.0, 594.0, 926.0]
[0.0, 208.0, 563.0, 959.0]
[32.0, 224.0, 596.0, 976.0]
[48.0, 80.0, 613.0, 833.0]
[64.0, 32.0, 630.0, 786.0]
[48.0, 192.0, 614.0, 947.0]
[64.0, 32.0, 631.0, 788.0]
[32.0, 48.0, 600.0, 805.0]
[32.0, 208.0, 600.0, 966.0]
[64.0, 208.0, 633.0, 967.0]
[64.0, 96.0, 634.0, 856.0]
[64.0, 192.0, 635.0, 953.0]
[32.0, 0.0, 604.0, 762.0]
[16.0, 0.0, 588.0, 763.0]
[48.0, 208.0, 621.0, 972.0]
[16.0, 240.0, 590.0, 1005.0]
[16.0, 96.0, 590.0, 862.0]
[32.0, 240.0, 607.0, 1007.0]
[48.0, 16.0, 624.0, 784.0]
[0.0, 32.0, 577.0, 801.0]
[32.0, 64.0, 610.0, 834.0]
[0.0, 192.0, 578.0, 963.0]
[48.0, 64.0, 627.0, 836.0]
[0.0, 192.0, 580.0, 965.0]
[32.0, 240.0, 612.0, 1014.0]
[48.0, 192.0, 629.0, 967.0]
[64.0, 192.0, 646.0, 968.0]
[0.0, 16.0, 583.0, 793.0]
[0.0, 64.0, 584.0, 842.0]
[16.0, 64.0, 600.0, 843.0]
[32.0, 64.0, 617.0, 844.0]
[0.0, 128.0, 586.0, 909.0]
[16.0, 128.0, 602.0, 910.0]
[48.0, 64.0, 635.0, 847.0]
[16.0, 0.0, 604.0, 784.0]
[32.0, 64.0, 621.0, 849.0]
[0.0, 64.0, 590.0, 850.0]
[64.0, 96.0, 654.0, 883.0]
[32.0, 80.0, 623.0, 868.0]
[48.0, 80.0, 640.0, 869.0]
[64.0, 96.0, 656.0, 886.0]
[0.0, 144.0, 593.0, 935.0]
[64.0, 128.0, 658.0, 920.0]
[32.0, 144.0, 627.0, 937.0]
[0.0, 192.0, 596.0, 986.0]
[16.0, 144.0, 612.0, 939.0]
[48.0, 176.0, 645.0, 972.0]
[32.0, 96.0, 630.0, 893.0]
[48.0, 160.0, 646.0, 958.0]
[0.0, 64.0, 599.0, 863.0]
[64.0, 64.0, 664.0, 864.0]
[0.0, 96.0, 601.0, 897.0]
[48.0, 176.0, 650.0, 978.0]
[16.0, 192.0, 618.0, 995.0]
[0.0, 48.0, 603.0, 852.0]
[16.0, 16.0, 620.0, 821.0]
[16.0, 16.0, 620.0, 822.0]
[48.0, 48.0, 653.0, 855.0]
[16.0, 160.0, 622.0, 968.0]
[64.0, 32.0, 671.0, 841.0]
[16.0, 176.0, 624.0, 986.0]
[16.0, 144.0, 624.0, 955.0]
[32.0, 80.0, 641.0, 892.0]
[0.0, 208.0, 610.0, 1021.0]
[16.0, 16.0, 626.0, 830.0]
[16.0, 96.0, 627.0, 911.0]
[64.0, 32.0, 676.0, 848.0]
[0.0, 0.0, 613.0, 817.0]
[32.0, 160.0, 646.0, 978.0]
[16.0, 144.0, 630.0, 963.0]
[16.0, 192.0, 631.0, 1012.0]
[0.0, 0.0, 616.0, 821.0]
[64.0, 96.0, 680.0, 918.0]
[32.0, 64.0, 649.0, 887.0]
[32.0, 160.0, 650.0, 984.0]
[32.0, 192.0, 651.0, 1017.0]
[48.0, 80.0, 668.0, 906.0]
[32.0, 48.0, 652.0, 875.0]
[0.0, 160.0, 621.0, 988.0]
[0.0, 160.0, 622.0, 989.0]
[16.0, 144.0, 638.0, 974.0]
[16.0, 80.0, 639.0, 911.0]
[16.0, 64.0, 640.0, 896.0]
[48.0, 32.0, 673.0, 865.0]
[0.0, 96.0, 626.0, 930.0]
[0.0, 96.0, 626.0, 931.0]
[0.0, 96.0, 627.0, 932.0]
[16.0, 128.0, 644.0, 965.0]
[32.0, 32.0, 660.0, 870.0]
[0.0, 112.0, 629.0, 951.0]
[32.0, 144.0, 662.0, 984.0]
[48.0, 96.0, 679.0, 937.0]
[0.0, 48.0, 632.0, 890.0]
[32.0, 80.0, 664.0, 923.0]
[0.0, 160.0, 633.0, 1004.0]
[32.0, 128.0, 666.0, 973.0]
[32.0, 80.0, 666.0, 926.0]
[16.0, 32.0, 651.0, 879.0]
[16.0, 64.0, 652.0, 912.0]
[16.0, 96.0, 653.0, 945.0]
[32.0, 96.0, 670.0, 946.0]
[16.0, 128.0, 654.0, 979.0]
[16.0, 48.0, 655.0, 900.0]
[16.0, 80.0, 656.0, 933.0]
[0.0, 32.0, 640.0, 886.0]
[16.0, 0.0, 657.0, 855.0]
[0.0, 80.0, 642.0, 936.0]
[32.0, 128.0, 675.0, 985.0]
[32.0, 48.0, 676.0, 906.0]
[0.0, 0.0, 644.0, 859.0]
[16.0, 0.0, 661.0, 860.0]
[0.0, 160.0, 646.0, 1021.0]
[0.0, 32.0, 646.0, 894.0]
[32.0, 80.0, 679.0, 943.0]
[32.0, 112.0, 680.0, 976.0]
[16.0, 32.0, 665.0, 897.0]
[0.0, 16.0, 650.0, 882.0]
[0.0, 48.0, 650.0, 915.0]
[0.0, 144.0, 651.0, 1012.0]
[0.0, 128.0, 652.0, 997.0]
[16.0, 144.0, 668.0, 1014.0]
[0.0, 112.0, 653.0, 983.0]
[16.0, 96.0, 670.0, 968.0]
[0.0, 96.0, 655.0, 969.0]
[16.0, 64.0, 672.0, 938.0]
[16.0, 16.0, 672.0, 891.0]
[0.0, 96.0, 657.0, 972.0]
[0.0, 80.0, 658.0, 957.0]
[16.0, 32.0, 674.0, 910.0]
[0.0, 48.0, 659.0, 927.0]
[16.0, 112.0, 676.0, 992.0]
[0.0, 128.0, 661.0, 1009.0]
[0.0, 112.0, 662.0, 994.0]
[16.0, 96.0, 678.0, 979.0]
[0.0, 128.0, 663.0, 1012.0]
[16.0, 16.0, 680.0, 901.0]
[0.0, 48.0, 664.0, 934.0]
[16.0, 16.0, 681.0, 903.0]
[16.0, 128.0, 682.0, 1016.0]
[0.0, 96.0, 667.0, 985.0]
[0.0, 112.0, 668.0, 1002.0]
[0.0, 80.0, 668.0, 971.0]
[0.0, 64.0, 669.0, 956.0]
[0.0, 32.0, 670.0, 925.0]
[0.0, 32.0, 670.0, 926.0]
[0.0, 32.0, 671.0, 927.0]
[0.0, 128.0, 672.0, 1024.0]
[0.0, 112.0, 673.0, 1009.0]
[0.0, 96.0, 674.0, 994.0]
[0.0, 64.0, 674.0, 963.0]
[0.0, 64.0, 675.0, 964.0]
[0.0, 112.0, 676.0, 1013.0]
[0.0, 64.0, 676.0, 966.0]
[0.0, 48.0, 677.0, 951.0]
[0.0, 16.0, 678.0, 920.0]
[0.0, 64.0, 679.0, 969.0]
[0.0, 0.0, 680.0, 906.0]
[0.0, 16.0, 680.0, 923.0]
[0.0, 112.0, 681.0, 1020.0]
[0.0, 96.0, 682.0, 1005.0]
[0.0, 48.0, 682.0, 958.0]
[0.0, 80.0, 683.0, 991.0]
