[64.0, 112.0, 781.0, 650.0]
[96.0, 48.0, 814.0, 586.0]
[112.0, 144.0, 831.0, 683.0]
[0.0, 80.0, 720.0, 620.0]
[80.0, 80.0, 801.0, 621.0]
[48.0, 64.0, 770.0, 606.0]
[208.0, 80.0, 931.0, 622.0]
[96.0, 112.0, 820.0, 655.0]
[160.0, 96.0, 885.0, 640.0]
[160.0, 80.0, 886.0, 624.0]
[128.0, 48.0, 855.0, 593.0]
[64.0, 80.0, 792.0, 626.0]
[160.0, 48.0, 889.0, 595.0]
[64.0, 64.0, 794.0, 612.0]
[128.0, 112.0, 859.0, 660.0]
[112.0, 112.0, 844.0, 661.0]
[192.0, 80.0, 925.0, 630.0]
[144.0, 64.0, 878.0, 614.0]
[80.0, 64.0, 815.0, 615.0]
[112.0, 48.0, 848.0, 600.0]
[64.0, 112.0, 801.0, 665.0]
[0.0, 80.0, 738.0, 634.0]
[16.0, 64.0, 755.0, 618.0]
[96.0, 32.0, 836.0, 587.0]
[16.0, 64.0, 757.0, 620.0]
[16.0, 64.0, 758.0, 620.0]
[32.0, 96.0, 775.0, 653.0]
[80.0, 96.0, 824.0, 654.0]
[32.0, 96.0, 777.0, 655.0]
[96.0, 112.0, 842.0, 672.0]
[64.0, 96.0, 811.0, 656.0]
[32.0, 32.0, 780.0, 593.0]
[192.0, 96.0, 941.0, 658.0]
[96.0, 64.0, 846.0, 626.0]
[160.0, 80.0, 911.0, 643.0]
[144.0, 112.0, 896.0, 676.0]
[64.0, 32.0, 817.0, 597.0]
[144.0, 112.0, 898.0, 678.0]
[32.0, 48.0, 787.0, 614.0]
[16.0, 64.0, 772.0, 631.0]
[0.0, 112.0, 757.0, 680.0]
[192.0, 64.0, 950.0, 632.0]
[16.0, 80.0, 775.0, 649.0]
[192.0, 96.0, 952.0, 666.0]
[16.0, 80.0, 777.0, 651.0]
[144.0, 96.0, 906.0, 668.0]
[112.0, 16.0, 875.0, 588.0]
[48.0, 32.0, 812.0, 605.0]
[160.0, 64.0, 925.0, 638.0]
[176.0, 96.0, 942.0, 670.0]
[0.0, 48.0, 767.0, 623.0]
[160.0, 80.0, 928.0, 656.0]
[176.0, 48.0, 945.0, 625.0]
[192.0, 96.0, 962.0, 674.0]
[112.0, 32.0, 883.0, 610.0]
[48.0, 96.0, 820.0, 675.0]
[64.0, 48.0, 837.0, 628.0]
[144.0, 32.0, 918.0, 612.0]
[48.0, 80.0, 823.0, 661.0]
[32.0, 96.0, 808.0, 678.0]
[64.0, 96.0, 841.0, 679.0]
[16.0, 64.0, 794.0, 648.0]
[64.0, 80.0, 843.0, 664.0]
[160.0, 32.0, 940.0, 617.0]
[80.0, 48.0, 861.0, 634.0]
[160.0, 64.0, 942.0, 650.0]
[0.0, 64.0, 783.0, 651.0]
[32.0, 80.0, 816.0, 668.0]
[48.0, 48.0, 833.0, 637.0]
[112.0, 64.0, 898.0, 654.0]
[176.0, 64.0, 963.0, 654.0]
[32.0, 64.0, 820.0, 655.0]
[32.0, 80.0, 821.0, 672.0]
[48.0, 16.0, 838.0, 608.0]
[80.0, 48.0, 871.0, 641.0]
[16.0, 16.0, 808.0, 610.0]
[48.0, 32.0, 841.0, 627.0]
[112.0, 64.0, 906.0, 660.0]
[48.0, 80.0, 843.0, 676.0]
[0.0, 16.0, 796.0, 613.0]
[16.0, 32.0, 813.0, 630.0]
[0.0, 64.0, 798.0, 662.0]
[64.0, 80.0, 863.0, 679.0]
[48.0, 32.0, 848.0, 632.0]
[16.0, 0.0, 817.0, 601.0]
[64.0, 0.0, 866.0, 602.0]
[64.0, 48.0, 867.0, 650.0]
[64.0, 16.0, 868.0, 619.0]
[96.0, 64.0, 901.0, 668.0]
[96.0, 64.0, 902.0, 668.0]
[0.0, 16.0, 807.0, 621.0]
[80.0, 16.0, 888.0, 622.0]
[0.0, 32.0, 809.0, 639.0]
[96.0, 0.0, 906.0, 608.0]
[80.0, 16.0, 891.0, 624.0]
[128.0, 64.0, 940.0, 673.0]
[128.0, 16.0, 941.0, 626.0]
[32.0, 32.0, 846.0, 642.0]
[112.0, 48.0, 927.0, 659.0]
[144.0, 32.0, 960.0, 644.0]
[32.0, 16.0, 849.0, 629.0]
[96.0, 0.0, 914.0, 614.0]
[0.0, 16.0, 819.0, 630.0]
[176.0, 64.0, 996.0, 679.0]
[16.0, 32.0, 837.0, 648.0]
[32.0, 32.0, 854.0, 648.0]
[48.0, 64.0, 871.0, 681.0]
[160.0, 48.0, 984.0, 666.0]
[0.0, 64.0, 825.0, 683.0]
[64.0, 16.0, 890.0, 636.0]
[128.0, 48.0, 955.0, 668.0]
[128.0, 16.0, 956.0, 637.0]
[144.0, 16.0, 973.0, 638.0]
[32.0, 48.0, 862.0, 670.0]
[0.0, 16.0, 831.0, 639.0]
[96.0, 0.0, 928.0, 624.0]
[80.0, 32.0, 913.0, 657.0]
[80.0, 0.0, 914.0, 626.0]
[144.0, 48.0, 979.0, 674.0]
[128.0, 0.0, 964.0, 627.0]
[0.0, 0.0, 837.0, 628.0]
[96.0, 0.0, 934.0, 628.0]
[144.0, 32.0, 983.0, 661.0]
[0.0, 16.0, 840.0, 646.0]
[112.0, 32.0, 953.0, 663.0]
[80.0, 0.0, 922.0, 632.0]
[80.0, 16.0, 923.0, 648.0]
[0.0, 16.0, 844.0, 649.0]
[64.0, 16.0, 909.0, 650.0]
[32.0, 32.0, 878.0, 666.0]
[0.0, 48.0, 847.0, 683.0]
[64.0, 0.0, 912.0, 636.0]
[96.0, 0.0, 945.0, 637.0]
[48.0, 0.0, 898.0, 638.0]
[64.0, 16.0, 915.0, 654.0]
[32.0, 0.0, 884.0, 639.0]
[96.0, 16.0, 949.0, 656.0]
[144.0, 32.0, 998.0, 672.0]
[0.0, 0.0, 855.0, 641.0]
[112.0, 32.0, 968.0, 674.0]
[32.0, 0.0, 889.0, 643.0]
[128.0, 32.0, 986.0, 676.0]
[32.0, 16.0, 891.0, 660.0]
[128.0, 0.0, 988.0, 645.0]
[48.0, 32.0, 909.0, 678.0]
[32.0, 0.0, 894.0, 646.0]
[112.0, 0.0, 975.0, 647.0]
[80.0, 32.0, 944.0, 680.0]
[16.0, 16.0, 881.0, 665.0]
[32.0, 16.0, 898.0, 666.0]
[16.0, 32.0, 883.0, 682.0]
[96.0, 32.0, 964.0, 683.0]
[48.0, 16.0, 917.0, 668.0]
[96.0, 16.0, 966.0, 668.0]
[96.0, 0.0, 967.0, 653.0]
[96.0, 16.0, 968.0, 670.0]
[80.0, 16.0, 953.0, 671.0]
[96.0, 0.0, 970.0, 656.0]
[80.0, 16.0, 955.0, 672.0]
[0.0, 0.0, 876.0, 657.0]
[112.0, 16.0, 989.0, 674.0]
[32.0, 16.0, 910.0, 674.0]
[96.0, 0.0, 975.0, 659.0]
[48.0, 0.0, 928.0, 660.0]
[112.0, 16.0, 993.0, 677.0]
[48.0, 0.0, 930.0, 662.0]
[112.0, 0.0, 995.0, 662.0]
[112.0, 0.0, 996.0, 663.0]
[48.0, 0.0, 933.0, 664.0]
[32.0, 16.0, 918.0, 680.0]
[112.0, 16.0, 999.0, 681.0]
[48.0, 0.0, 936.0, 666.0]
[16.0, 0.0, 905.0, 667.0]
[16.0, 0.0, 906.0, 668.0]
[0.0, 0.0, 891.0, 668.0]
[80.0, 0.0, 972.0, 669.0]
[0.0, 0.0, 893.0, 670.0]
[16.0, 0.0, 910.0, 670.0]
[0.0, 0.0, 895.0, 671.0]
[0.0, 0.0, 896.0, 672.0]
[96.0, 0.0, 993.0, 673.0]
[16.0, 0.0, 914.0, 674.0]
[0.0, 0.0, 899.0, 674.0]
[0.0, 0.0, 900.0, 675.0]
[96.0, 0.0, 997.0, 676.0]
[64.0, 0.0, 966.0, 676.0]
[96.0, 0.0, 999.0, 677.0]
[96.0, 0.0, 1000.0, 678.0]
[32.0, 0.0, 937.0, 679.0]
[64.0, 0.0, 970.0, 680.0]
[32.0, 0.0, 939.0, 680.0]
[32.0, 0.0, 940.0, 681.0]
[0.0, 0.0, 909.0, 682.0]
[96.0, 0.0, 1006.0, 682.0]
[16.0, 0.0, 927.0, 683.0]
