[192.0, 16.0, 909.0, 554.0]
[176.0, 64.0, 894.0, 602.0]
[96.0, 48.0, 815.0, 587.0]
[176.0, 64.0, 896.0, 604.0]
[96.0, 48.0, 817.0, 589.0]
[176.0, 48.0, 898.0, 590.0]
[192.0, 0.0, 915.0, 542.0]
[128.0, 64.0, 852.0, 607.0]
[144.0, 48.0, 869.0, 592.0]
[80.0, 48.0, 806.0, 592.0]
[128.0, 16.0, 855.0, 561.0]
[192.0, 16.0, 920.0, 562.0]
[144.0, 48.0, 873.0, 595.0]
[80.0, 48.0, 810.0, 596.0]
[160.0, 64.0, 891.0, 612.0]
[208.0, 32.0, 940.0, 581.0]
[144.0, 64.0, 877.0, 614.0]
[48.0, 0.0, 782.0, 550.0]
[112.0, 80.0, 847.0, 631.0]
[144.0, 96.0, 880.0, 648.0]
[48.0, 32.0, 785.0, 585.0]
[128.0, 64.0, 866.0, 618.0]
[64.0, 0.0, 803.0, 554.0]
[64.0, 96.0, 804.0, 651.0]
[144.0, 0.0, 885.0, 556.0]
[64.0, 32.0, 806.0, 588.0]
[32.0, 80.0, 775.0, 637.0]
[192.0, 16.0, 936.0, 574.0]
[160.0, 80.0, 905.0, 639.0]
[176.0, 32.0, 922.0, 592.0]
[160.0, 32.0, 907.0, 592.0]
[112.0, 32.0, 860.0, 593.0]
[16.0, 16.0, 765.0, 578.0]
[64.0, 64.0, 814.0, 626.0]
[176.0, 32.0, 927.0, 595.0]
[80.0, 48.0, 832.0, 612.0]
[48.0, 80.0, 801.0, 645.0]
[32.0, 64.0, 786.0, 630.0]
[16.0, 80.0, 771.0, 646.0]
[0.0, 0.0, 756.0, 567.0]
[96.0, 0.0, 853.0, 568.0]
[80.0, 16.0, 838.0, 584.0]
[112.0, 80.0, 871.0, 649.0]
[80.0, 80.0, 840.0, 650.0]
[128.0, 64.0, 889.0, 635.0]
[64.0, 0.0, 826.0, 572.0]
[96.0, 96.0, 859.0, 668.0]
[128.0, 48.0, 892.0, 621.0]
[176.0, 48.0, 941.0, 622.0]
[64.0, 16.0, 830.0, 590.0]
[160.0, 32.0, 927.0, 607.0]
[0.0, 48.0, 768.0, 624.0]
[64.0, 0.0, 833.0, 577.0]
[32.0, 64.0, 802.0, 642.0]
[32.0, 48.0, 803.0, 626.0]
[96.0, 64.0, 868.0, 643.0]
[0.0, 64.0, 773.0, 644.0]
[48.0, 48.0, 822.0, 628.0]
[80.0, 64.0, 855.0, 645.0]
[96.0, 80.0, 872.0, 662.0]
[176.0, 48.0, 953.0, 631.0]
[32.0, 16.0, 810.0, 600.0]
[0.0, 16.0, 779.0, 600.0]
[144.0, 64.0, 924.0, 649.0]
[128.0, 80.0, 909.0, 666.0]
[16.0, 32.0, 798.0, 618.0]
[160.0, 16.0, 943.0, 603.0]
[96.0, 0.0, 880.0, 588.0]
[160.0, 32.0, 945.0, 621.0]
[16.0, 64.0, 802.0, 654.0]
[112.0, 0.0, 899.0, 590.0]
[48.0, 32.0, 836.0, 623.0]
[96.0, 64.0, 885.0, 656.0]
[80.0, 0.0, 870.0, 592.0]
[0.0, 64.0, 791.0, 657.0]
[32.0, 0.0, 824.0, 594.0]
[32.0, 16.0, 825.0, 611.0]
[48.0, 80.0, 842.0, 676.0]
[64.0, 0.0, 859.0, 596.0]
[32.0, 16.0, 828.0, 613.0]
[80.0, 80.0, 877.0, 678.0]
[96.0, 16.0, 894.0, 614.0]
[80.0, 32.0, 879.0, 631.0]
[80.0, 64.0, 880.0, 664.0]
[112.0, 0.0, 913.0, 601.0]
[96.0, 48.0, 898.0, 650.0]
[16.0, 64.0, 819.0, 666.0]
[96.0, 80.0, 900.0, 683.0]
[80.0, 0.0, 885.0, 604.0]
[112.0, 64.0, 918.0, 668.0]
[160.0, 16.0, 967.0, 621.0]
[160.0, 16.0, 968.0, 622.0]
[144.0, 48.0, 953.0, 655.0]
[112.0, 16.0, 922.0, 624.0]
[48.0, 64.0, 859.0, 672.0]
[32.0, 64.0, 844.0, 673.0]
[128.0, 32.0, 941.0, 642.0]
[32.0, 64.0, 846.0, 674.0]
[32.0, 0.0, 847.0, 611.0]
[64.0, 48.0, 880.0, 660.0]
[96.0, 16.0, 913.0, 629.0]
[128.0, 48.0, 946.0, 662.0]
[16.0, 48.0, 835.0, 662.0]
[32.0, 64.0, 852.0, 679.0]
[80.0, 48.0, 901.0, 664.0]
[96.0, 16.0, 918.0, 632.0]
[96.0, 32.0, 919.0, 649.0]
[64.0, 32.0, 888.0, 650.0]
[128.0, 0.0, 953.0, 619.0]
[32.0, 16.0, 858.0, 636.0]
[16.0, 16.0, 843.0, 636.0]
[112.0, 32.0, 940.0, 653.0]
[144.0, 48.0, 973.0, 670.0]
[112.0, 32.0, 942.0, 654.0]
[160.0, 0.0, 991.0, 623.0]
[32.0, 48.0, 864.0, 672.0]
[80.0, 16.0, 913.0, 641.0]
[48.0, 32.0, 882.0, 658.0]
[48.0, 48.0, 883.0, 674.0]
[128.0, 48.0, 964.0, 675.0]
[16.0, 0.0, 853.0, 628.0]
[48.0, 0.0, 886.0, 628.0]
[160.0, 16.0, 999.0, 645.0]
[112.0, 0.0, 952.0, 630.0]
[128.0, 48.0, 969.0, 679.0]
[16.0, 16.0, 858.0, 648.0]
[0.0, 0.0, 843.0, 632.0]
[32.0, 16.0, 876.0, 649.0]
[112.0, 16.0, 957.0, 650.0]
[32.0, 48.0, 878.0, 682.0]
[0.0, 48.0, 847.0, 683.0]
[64.0, 16.0, 912.0, 652.0]
[128.0, 16.0, 977.0, 653.0]
[48.0, 16.0, 898.0, 654.0]
[144.0, 32.0, 995.0, 670.0]
[80.0, 16.0, 932.0, 655.0]
[96.0, 0.0, 949.0, 640.0]
[64.0, 32.0, 918.0, 672.0]
[64.0, 32.0, 919.0, 673.0]
[16.0, 16.0, 872.0, 658.0]
[144.0, 16.0, 1001.0, 659.0]
[128.0, 16.0, 986.0, 660.0]
[32.0, 0.0, 891.0, 644.0]
[80.0, 32.0, 940.0, 677.0]
[64.0, 32.0, 925.0, 678.0]
[0.0, 16.0, 862.0, 662.0]
[112.0, 16.0, 975.0, 663.0]
[0.0, 16.0, 864.0, 664.0]
[16.0, 16.0, 881.0, 665.0]
[48.0, 32.0, 914.0, 682.0]
[48.0, 16.0, 915.0, 666.0]
[16.0, 32.0, 884.0, 683.0]
[32.0, 0.0, 901.0, 652.0]
[0.0, 0.0, 870.0, 652.0]
[48.0, 16.0, 919.0, 669.0]
[48.0, 16.0, 920.0, 670.0]
[64.0, 16.0, 937.0, 671.0]
[48.0, 16.0, 922.0, 672.0]
[128.0, 0.0, 1003.0, 656.0]
[128.0, 0.0, 1004.0, 657.0]
[48.0, 0.0, 925.0, 658.0]
[0.0, 0.0, 878.0, 658.0]
[48.0, 16.0, 927.0, 675.0]
[80.0, 0.0, 960.0, 660.0]
[80.0, 0.0, 961.0, 661.0]
[96.0, 0.0, 978.0, 662.0]
[112.0, 0.0, 995.0, 662.0]
[16.0, 0.0, 900.0, 663.0]
[32.0, 0.0, 917.0, 664.0]
[32.0, 16.0, 918.0, 680.0]
[64.0, 16.0, 951.0, 681.0]
[80.0, 16.0, 968.0, 682.0]
[32.0, 16.0, 921.0, 683.0]
[80.0, 0.0, 970.0, 668.0]
[96.0, 0.0, 987.0, 668.0]
[80.0, 0.0, 972.0, 669.0]
[48.0, 0.0, 941.0, 670.0]
[0.0, 0.0, 894.0, 670.0]
[48.0, 0.0, 943.0, 671.0]
[32.0, 0.0, 928.0, 672.0]
[0.0, 0.0, 897.0, 673.0]
[16.0, 0.0, 914.0, 674.0]
[48.0, 0.0, 947.0, 674.0]
[32.0, 0.0, 932.0, 675.0]
[32.0, 0.0, 933.0, 676.0]
[64.0, 0.0, 966.0, 676.0]
[0.0, 0.0, 903.0, 677.0]
[80.0, 0.0, 984.0, 678.0]
[80.0, 0.0, 985.0, 679.0]
[64.0, 0.0, 970.0, 680.0]
[16.0, 0.0, 923.0, 680.0]
[48.0, 0.0, 956.0, 681.0]
[32.0, 0.0, 941.0, 682.0]
[16.0, 0.0, 926.0, 682.0]
[16.0, 0.0, 927.0, 683.0]
