[208.0, 16.0, 925.0, 554.0]
[80.0, 64.0, 798.0, 602.0]
[96.0, 96.0, 815.0, 635.0]
[208.0, 80.0, 928.0, 620.0]
[224.0, 32.0, 945.0, 573.0]
[224.0, 96.0, 946.0, 638.0]
[96.0, 16.0, 819.0, 558.0]
[160.0, 96.0, 884.0, 639.0]
[176.0, 80.0, 901.0, 624.0]
[208.0, 96.0, 934.0, 640.0]
[176.0, 64.0, 903.0, 609.0]
[112.0, 112.0, 840.0, 658.0]
[176.0, 16.0, 905.0, 563.0]
[192.0, 32.0, 922.0, 580.0]
[160.0, 16.0, 891.0, 564.0]
[80.0, 48.0, 812.0, 597.0]
[176.0, 48.0, 909.0, 598.0]
[96.0, 64.0, 830.0, 614.0]
[192.0, 32.0, 927.0, 583.0]
[176.0, 96.0, 912.0, 648.0]
[208.0, 80.0, 945.0, 633.0]
[128.0, 96.0, 866.0, 650.0]
[208.0, 16.0, 947.0, 570.0]
[176.0, 80.0, 916.0, 635.0]
[192.0, 80.0, 933.0, 636.0]
[112.0, 32.0, 854.0, 588.0]
[176.0, 64.0, 919.0, 621.0]
[192.0, 16.0, 936.0, 574.0]
[96.0, 48.0, 841.0, 607.0]
[64.0, 48.0, 810.0, 608.0]
[96.0, 96.0, 843.0, 656.0]
[96.0, 96.0, 844.0, 657.0]
[160.0, 80.0, 909.0, 642.0]
[160.0, 80.0, 910.0, 642.0]
[80.0, 64.0, 831.0, 627.0]
[80.0, 48.0, 832.0, 612.0]
[192.0, 80.0, 945.0, 645.0]
[144.0, 64.0, 898.0, 630.0]
[128.0, 16.0, 883.0, 582.0]
[144.0, 48.0, 900.0, 615.0]
[48.0, 48.0, 805.0, 616.0]
[192.0, 32.0, 950.0, 600.0]
[160.0, 96.0, 919.0, 665.0]
[96.0, 32.0, 856.0, 602.0]
[128.0, 16.0, 889.0, 587.0]
[208.0, 32.0, 970.0, 604.0]
[176.0, 80.0, 939.0, 652.0]
[80.0, 48.0, 844.0, 621.0]
[128.0, 48.0, 893.0, 622.0]
[224.0, 32.0, 990.0, 606.0]
[192.0, 16.0, 959.0, 591.0]
[64.0, 32.0, 832.0, 608.0]
[208.0, 32.0, 977.0, 609.0]
[192.0, 32.0, 962.0, 610.0]
[176.0, 64.0, 947.0, 642.0]
[96.0, 64.0, 868.0, 643.0]
[64.0, 32.0, 837.0, 612.0]
[224.0, 64.0, 998.0, 644.0]
[160.0, 64.0, 935.0, 645.0]
[48.0, 16.0, 824.0, 598.0]
[192.0, 16.0, 969.0, 599.0]
[64.0, 48.0, 842.0, 632.0]
[96.0, 80.0, 875.0, 664.0]
[160.0, 32.0, 940.0, 617.0]
[160.0, 16.0, 941.0, 602.0]
[64.0, 16.0, 846.0, 602.0]
[208.0, 64.0, 991.0, 651.0]
[32.0, 32.0, 816.0, 620.0]
[128.0, 32.0, 913.0, 621.0]
[208.0, 48.0, 994.0, 638.0]
[96.0, 48.0, 883.0, 638.0]
[128.0, 64.0, 916.0, 655.0]
[128.0, 32.0, 917.0, 624.0]
[224.0, 48.0, 1014.0, 640.0]
[32.0, 32.0, 823.0, 625.0]
[112.0, 48.0, 904.0, 642.0]
[32.0, 48.0, 825.0, 643.0]
[192.0, 64.0, 986.0, 660.0]
[96.0, 32.0, 891.0, 628.0]
[192.0, 64.0, 988.0, 661.0]
[208.0, 32.0, 1005.0, 630.0]
[16.0, 48.0, 814.0, 646.0]
[160.0, 32.0, 959.0, 631.0]
[16.0, 48.0, 816.0, 648.0]
[48.0, 64.0, 849.0, 665.0]
[64.0, 32.0, 866.0, 634.0]
[128.0, 48.0, 931.0, 650.0]
[176.0, 32.0, 980.0, 635.0]
[80.0, 48.0, 885.0, 652.0]
[16.0, 32.0, 822.0, 636.0]
[16.0, 48.0, 823.0, 653.0]
[128.0, 32.0, 936.0, 638.0]
[48.0, 48.0, 857.0, 655.0]
[16.0, 48.0, 826.0, 656.0]
[128.0, 48.0, 939.0, 656.0]
[208.0, 32.0, 1020.0, 641.0]
[192.0, 48.0, 1005.0, 658.0]
[80.0, 32.0, 894.0, 642.0]
[112.0, 32.0, 927.0, 643.0]
[16.0, 32.0, 832.0, 644.0]
[112.0, 32.0, 929.0, 645.0]
[192.0, 48.0, 1010.0, 662.0]
[0.0, 32.0, 819.0, 646.0]
[16.0, 48.0, 836.0, 663.0]
[48.0, 32.0, 869.0, 648.0]
[64.0, 32.0, 886.0, 648.0]
[96.0, 32.0, 919.0, 649.0]
[48.0, 32.0, 872.0, 650.0]
[0.0, 32.0, 825.0, 651.0]
[48.0, 32.0, 874.0, 652.0]
[0.0, 32.0, 827.0, 652.0]
[144.0, 32.0, 972.0, 653.0]
[144.0, 32.0, 973.0, 654.0]
[128.0, 32.0, 958.0, 654.0]
[112.0, 32.0, 943.0, 655.0]
[144.0, 32.0, 976.0, 656.0]
[128.0, 32.0, 961.0, 657.0]
[144.0, 32.0, 978.0, 658.0]
[48.0, 32.0, 883.0, 658.0]
[48.0, 32.0, 884.0, 659.0]
[96.0, 32.0, 933.0, 660.0]
[80.0, 32.0, 918.0, 660.0]
[176.0, 32.0, 1015.0, 661.0]
[80.0, 32.0, 920.0, 662.0]
