[160.0, 64.0, 877.0, 602.0]
[112.0, 80.0, 830.0, 618.0]
[112.0, 48.0, 831.0, 587.0]
[48.0, 64.0, 768.0, 604.0]
[48.0, 64.0, 769.0, 605.0]
[64.0, 128.0, 786.0, 670.0]
[32.0, 80.0, 755.0, 622.0]
[128.0, 96.0, 852.0, 639.0]
[128.0, 48.0, 853.0, 592.0]
[96.0, 64.0, 822.0, 608.0]
[144.0, 48.0, 871.0, 593.0]
[160.0, 64.0, 888.0, 610.0]
[176.0, 128.0, 905.0, 675.0]
[176.0, 112.0, 906.0, 660.0]
[48.0, 64.0, 779.0, 612.0]
[48.0, 112.0, 780.0, 661.0]
[64.0, 112.0, 797.0, 662.0]
[160.0, 112.0, 894.0, 662.0]
[160.0, 112.0, 895.0, 663.0]
[112.0, 112.0, 848.0, 664.0]
[80.0, 48.0, 817.0, 601.0]
[112.0, 64.0, 850.0, 618.0]
[112.0, 80.0, 851.0, 634.0]
[80.0, 48.0, 820.0, 603.0]
[64.0, 80.0, 805.0, 636.0]
[160.0, 112.0, 902.0, 668.0]
[80.0, 112.0, 823.0, 669.0]
[160.0, 96.0, 904.0, 654.0]
[160.0, 32.0, 905.0, 591.0]
[128.0, 32.0, 874.0, 592.0]
[128.0, 64.0, 875.0, 624.0]
[112.0, 112.0, 860.0, 673.0]
[128.0, 32.0, 877.0, 594.0]
[144.0, 48.0, 894.0, 610.0]
[112.0, 64.0, 863.0, 627.0]
[64.0, 48.0, 816.0, 612.0]
[32.0, 112.0, 785.0, 677.0]
[48.0, 80.0, 802.0, 646.0]
[128.0, 64.0, 883.0, 630.0]
[48.0, 64.0, 804.0, 631.0]
[144.0, 96.0, 901.0, 664.0]
[64.0, 32.0, 822.0, 600.0]
[96.0, 64.0, 855.0, 633.0]
[112.0, 16.0, 872.0, 586.0]
[64.0, 16.0, 825.0, 587.0]
[112.0, 48.0, 874.0, 620.0]
[128.0, 16.0, 891.0, 588.0]
[80.0, 48.0, 844.0, 621.0]
[80.0, 48.0, 845.0, 622.0]
[96.0, 32.0, 862.0, 606.0]
[32.0, 48.0, 799.0, 623.0]
[128.0, 64.0, 896.0, 640.0]
[128.0, 80.0, 897.0, 657.0]
[112.0, 32.0, 882.0, 610.0]
[80.0, 80.0, 851.0, 658.0]
[80.0, 16.0, 852.0, 595.0]
[32.0, 64.0, 805.0, 644.0]
[128.0, 96.0, 902.0, 676.0]
[64.0, 32.0, 839.0, 613.0]
[128.0, 80.0, 904.0, 662.0]
[32.0, 64.0, 809.0, 647.0]
[128.0, 48.0, 906.0, 632.0]
[80.0, 32.0, 859.0, 616.0]
[128.0, 16.0, 908.0, 601.0]
[96.0, 16.0, 877.0, 602.0]
[96.0, 32.0, 878.0, 618.0]
[112.0, 48.0, 895.0, 635.0]
[32.0, 80.0, 816.0, 668.0]
[32.0, 16.0, 817.0, 605.0]
[96.0, 0.0, 882.0, 590.0]
[112.0, 80.0, 899.0, 670.0]
[48.0, 48.0, 836.0, 639.0]
[80.0, 48.0, 869.0, 640.0]
[96.0, 48.0, 886.0, 640.0]
[96.0, 16.0, 887.0, 609.0]
[48.0, 0.0, 840.0, 594.0]
[112.0, 80.0, 905.0, 675.0]
[80.0, 64.0, 874.0, 660.0]
[112.0, 16.0, 907.0, 612.0]
[64.0, 80.0, 860.0, 677.0]
[96.0, 64.0, 893.0, 662.0]
[96.0, 0.0, 894.0, 598.0]
[32.0, 64.0, 831.0, 663.0]
[64.0, 0.0, 864.0, 600.0]
[80.0, 64.0, 881.0, 665.0]
[64.0, 16.0, 866.0, 618.0]
[96.0, 48.0, 899.0, 650.0]
[96.0, 16.0, 900.0, 619.0]
[64.0, 32.0, 869.0, 636.0]
[32.0, 0.0, 838.0, 604.0]
[80.0, 16.0, 887.0, 621.0]
[64.0, 32.0, 872.0, 638.0]
[48.0, 0.0, 857.0, 607.0]
[96.0, 48.0, 906.0, 656.0]
[48.0, 48.0, 859.0, 656.0]
[48.0, 64.0, 860.0, 673.0]
[80.0, 0.0, 893.0, 610.0]
[48.0, 64.0, 862.0, 674.0]
[64.0, 32.0, 879.0, 643.0]
[64.0, 0.0, 880.0, 612.0]
[64.0, 48.0, 881.0, 661.0]
[64.0, 32.0, 882.0, 646.0]
[80.0, 48.0, 899.0, 662.0]
[64.0, 32.0, 884.0, 647.0]
[64.0, 0.0, 885.0, 616.0]
[64.0, 32.0, 886.0, 648.0]
[48.0, 48.0, 871.0, 665.0]
[48.0, 48.0, 872.0, 666.0]
[48.0, 48.0, 873.0, 667.0]
[64.0, 32.0, 890.0, 652.0]
[48.0, 48.0, 875.0, 668.0]
[48.0, 48.0, 876.0, 669.0]
[64.0, 32.0, 893.0, 654.0]
[48.0, 32.0, 878.0, 654.0]
[64.0, 0.0, 895.0, 623.0]
[64.0, 0.0, 896.0, 624.0]
[64.0, 0.0, 897.0, 625.0]
[48.0, 16.0, 882.0, 642.0]
[48.0, 48.0, 883.0, 674.0]
[48.0, 0.0, 884.0, 627.0]
[64.0, 48.0, 901.0, 676.0]
[48.0, 0.0, 886.0, 628.0]
[48.0, 0.0, 887.0, 629.0]
[48.0, 32.0, 888.0, 662.0]
[48.0, 16.0, 889.0, 647.0]
[48.0, 16.0, 890.0, 648.0]
[48.0, 32.0, 891.0, 664.0]
[48.0, 0.0, 892.0, 633.0]
[48.0, 0.0, 893.0, 634.0]
[48.0, 16.0, 894.0, 650.0]
[48.0, 16.0, 895.0, 651.0]
[48.0, 32.0, 896.0, 668.0]
[48.0, 16.0, 897.0, 653.0]
[48.0, 0.0, 898.0, 638.0]
[48.0, 32.0, 899.0, 670.0]
[48.0, 0.0, 900.0, 639.0]
