[0.0, 48.0, 717.0, 586.0]
[32.0, 16.0, 750.0, 554.0]
[144.0, 48.0, 863.0, 587.0]
[96.0, 80.0, 816.0, 620.0]
[64.0, 0.0, 785.0, 541.0]
[48.0, 80.0, 770.0, 622.0]
[112.0, 16.0, 835.0, 558.0]
[144.0, 80.0, 868.0, 623.0]
[128.0, 96.0, 853.0, 640.0]
[112.0, 48.0, 838.0, 592.0]
[64.0, 64.0, 791.0, 609.0]
[144.0, 80.0, 872.0, 626.0]
[160.0, 0.0, 889.0, 547.0]
[96.0, 16.0, 826.0, 564.0]
[48.0, 64.0, 779.0, 612.0]
[32.0, 96.0, 764.0, 645.0]
[144.0, 0.0, 877.0, 550.0]
[32.0, 96.0, 766.0, 646.0]
[128.0, 16.0, 863.0, 567.0]
[128.0, 96.0, 864.0, 648.0]
[32.0, 48.0, 769.0, 601.0]
[96.0, 64.0, 834.0, 618.0]
[80.0, 0.0, 819.0, 554.0]
[0.0, 16.0, 740.0, 571.0]
[128.0, 16.0, 869.0, 572.0]
[16.0, 32.0, 758.0, 588.0]
[16.0, 64.0, 759.0, 621.0]
[112.0, 80.0, 856.0, 638.0]
[112.0, 64.0, 857.0, 623.0]
[192.0, 32.0, 938.0, 592.0]
[128.0, 48.0, 875.0, 608.0]
[64.0, 64.0, 812.0, 625.0]
[112.0, 0.0, 861.0, 562.0]
[80.0, 96.0, 830.0, 658.0]
[144.0, 48.0, 895.0, 611.0]
[160.0, 64.0, 912.0, 628.0]
[176.0, 0.0, 929.0, 565.0]
[32.0, 64.0, 786.0, 630.0]
[0.0, 0.0, 755.0, 566.0]
[176.0, 16.0, 932.0, 583.0]
[64.0, 80.0, 821.0, 648.0]
[48.0, 32.0, 806.0, 600.0]
[112.0, 32.0, 871.0, 601.0]
[128.0, 16.0, 888.0, 586.0]
[16.0, 80.0, 777.0, 651.0]
[96.0, 0.0, 858.0, 572.0]
[64.0, 64.0, 827.0, 636.0]
[160.0, 32.0, 924.0, 605.0]
[160.0, 0.0, 925.0, 574.0]
[96.0, 96.0, 862.0, 670.0]
[128.0, 32.0, 895.0, 607.0]
[160.0, 16.0, 928.0, 592.0]
[128.0, 80.0, 897.0, 657.0]
[64.0, 64.0, 834.0, 642.0]
[128.0, 64.0, 899.0, 642.0]
[112.0, 16.0, 884.0, 595.0]
[32.0, 48.0, 805.0, 628.0]
[112.0, 16.0, 886.0, 596.0]
[0.0, 16.0, 775.0, 597.0]
[112.0, 80.0, 888.0, 662.0]
[112.0, 48.0, 889.0, 631.0]
[48.0, 64.0, 826.0, 648.0]
[32.0, 0.0, 811.0, 584.0]
[32.0, 0.0, 812.0, 585.0]
[144.0, 16.0, 925.0, 602.0]
[208.0, 16.0, 990.0, 602.0]
[192.0, 32.0, 975.0, 619.0]
[48.0, 48.0, 832.0, 636.0]
[16.0, 48.0, 801.0, 637.0]
[112.0, 16.0, 898.0, 606.0]
[96.0, 80.0, 883.0, 670.0]
[0.0, 16.0, 788.0, 607.0]
[176.0, 48.0, 965.0, 640.0]
[192.0, 32.0, 982.0, 624.0]
[96.0, 80.0, 887.0, 673.0]
[48.0, 32.0, 840.0, 626.0]
[64.0, 96.0, 857.0, 691.0]
[144.0, 0.0, 938.0, 596.0]
[80.0, 64.0, 875.0, 660.0]
[32.0, 80.0, 828.0, 677.0]
[96.0, 64.0, 893.0, 662.0]
[160.0, 32.0, 958.0, 630.0]
[160.0, 48.0, 959.0, 647.0]
[64.0, 32.0, 864.0, 632.0]
[144.0, 48.0, 945.0, 649.0]
[48.0, 16.0, 850.0, 618.0]
[96.0, 64.0, 899.0, 666.0]
[0.0, 32.0, 804.0, 635.0]
[96.0, 0.0, 901.0, 604.0]
[112.0, 0.0, 918.0, 604.0]
[96.0, 0.0, 903.0, 605.0]
[96.0, 16.0, 904.0, 622.0]
[32.0, 32.0, 841.0, 639.0]
[192.0, 32.0, 1002.0, 640.0]
[112.0, 16.0, 923.0, 624.0]
[144.0, 0.0, 956.0, 609.0]
[144.0, 0.0, 957.0, 610.0]
[16.0, 0.0, 830.0, 610.0]
[48.0, 64.0, 863.0, 675.0]
[64.0, 16.0, 880.0, 628.0]
[160.0, 0.0, 977.0, 613.0]
[32.0, 48.0, 850.0, 662.0]
[96.0, 96.0, 915.0, 710.0]
[176.0, 0.0, 996.0, 615.0]
[160.0, 16.0, 981.0, 632.0]
[48.0, 64.0, 870.0, 680.0]
[0.0, 0.0, 823.0, 617.0]
[32.0, 16.0, 856.0, 634.0]
[128.0, 16.0, 953.0, 635.0]
[128.0, 0.0, 954.0, 620.0]
[0.0, 16.0, 827.0, 636.0]
[80.0, 32.0, 908.0, 653.0]
[80.0, 96.0, 909.0, 718.0]
[0.0, 64.0, 830.0, 686.0]
[128.0, 64.0, 959.0, 687.0]
[32.0, 96.0, 864.0, 720.0]
[16.0, 64.0, 849.0, 689.0]
[16.0, 16.0, 850.0, 642.0]
[64.0, 0.0, 899.0, 626.0]
[80.0, 48.0, 916.0, 675.0]
[64.0, 96.0, 901.0, 724.0]
[144.0, 32.0, 982.0, 660.0]
[32.0, 16.0, 871.0, 645.0]
[80.0, 0.0, 920.0, 630.0]
[144.0, 32.0, 985.0, 663.0]
[48.0, 32.0, 890.0, 664.0]
[0.0, 80.0, 843.0, 712.0]
[0.0, 32.0, 844.0, 665.0]
[96.0, 64.0, 941.0, 698.0]
[80.0, 0.0, 926.0, 634.0]
[64.0, 0.0, 911.0, 635.0]
[48.0, 0.0, 896.0, 636.0]
[48.0, 80.0, 897.0, 717.0]
[96.0, 48.0, 946.0, 686.0]
[128.0, 48.0, 979.0, 686.0]
[112.0, 64.0, 964.0, 703.0]
[16.0, 32.0, 869.0, 672.0]
[80.0, 32.0, 934.0, 672.0]
[0.0, 0.0, 855.0, 641.0]
[80.0, 80.0, 936.0, 722.0]
[16.0, 16.0, 873.0, 659.0]
[80.0, 32.0, 938.0, 676.0]
[0.0, 0.0, 859.0, 644.0]
[80.0, 64.0, 940.0, 709.0]
[16.0, 80.0, 877.0, 726.0]
[112.0, 48.0, 974.0, 694.0]
[112.0, 48.0, 975.0, 695.0]
[48.0, 32.0, 912.0, 680.0]
[80.0, 0.0, 945.0, 649.0]
[80.0, 48.0, 946.0, 698.0]
[16.0, 16.0, 883.0, 666.0]
[16.0, 80.0, 884.0, 731.0]
[16.0, 64.0, 885.0, 716.0]
[112.0, 0.0, 982.0, 652.0]
[32.0, 80.0, 903.0, 733.0]
[0.0, 16.0, 872.0, 670.0]
[64.0, 16.0, 937.0, 671.0]
[32.0, 32.0, 906.0, 688.0]
[0.0, 48.0, 875.0, 704.0]
[0.0, 48.0, 876.0, 705.0]
[80.0, 16.0, 957.0, 674.0]
[0.0, 0.0, 878.0, 658.0]
[16.0, 80.0, 895.0, 739.0]
[32.0, 80.0, 912.0, 740.0]
[16.0, 0.0, 897.0, 661.0]
[96.0, 16.0, 978.0, 678.0]
[112.0, 0.0, 995.0, 662.0]
[0.0, 32.0, 884.0, 695.0]
[0.0, 64.0, 885.0, 728.0]
[48.0, 32.0, 934.0, 696.0]
[16.0, 80.0, 903.0, 745.0]
[112.0, 0.0, 1000.0, 666.0]
[0.0, 32.0, 889.0, 699.0]
[96.0, 32.0, 986.0, 700.0]
[32.0, 16.0, 923.0, 684.0]
[16.0, 32.0, 908.0, 701.0]
[96.0, 16.0, 989.0, 686.0]
[32.0, 16.0, 926.0, 686.0]
[16.0, 48.0, 911.0, 719.0]
[0.0, 16.0, 896.0, 688.0]
[48.0, 64.0, 945.0, 737.0]
[32.0, 48.0, 930.0, 722.0]
[32.0, 48.0, 931.0, 722.0]
[16.0, 64.0, 916.0, 739.0]
[32.0, 48.0, 933.0, 724.0]
[48.0, 16.0, 950.0, 692.0]
[48.0, 48.0, 951.0, 725.0]
[16.0, 48.0, 920.0, 726.0]
[32.0, 64.0, 937.0, 743.0]
[96.0, 0.0, 1002.0, 680.0]
[96.0, 16.0, 1003.0, 696.0]
[16.0, 32.0, 924.0, 713.0]
[0.0, 48.0, 909.0, 730.0]
[16.0, 16.0, 926.0, 698.0]
[16.0, 0.0, 927.0, 683.0]
[64.0, 16.0, 976.0, 700.0]
[64.0, 16.0, 977.0, 701.0]
[16.0, 48.0, 930.0, 734.0]
[16.0, 0.0, 931.0, 686.0]
[64.0, 48.0, 980.0, 735.0]
[80.0, 0.0, 997.0, 688.0]
[0.0, 16.0, 918.0, 704.0]
[32.0, 48.0, 951.0, 737.0]
[80.0, 0.0, 1000.0, 690.0]
[64.0, 48.0, 985.0, 739.0]
[16.0, 32.0, 938.0, 724.0]
[80.0, 16.0, 1003.0, 708.0]
[48.0, 16.0, 972.0, 709.0]
[48.0, 32.0, 973.0, 726.0]
[16.0, 16.0, 942.0, 710.0]
[32.0, 32.0, 959.0, 727.0]
[32.0, 16.0, 960.0, 712.0]
[48.0, 16.0, 977.0, 713.0]
[16.0, 32.0, 946.0, 730.0]
[48.0, 48.0, 979.0, 746.0]
[16.0, 16.0, 948.0, 715.0]
[32.0, 32.0, 965.0, 732.0]
[48.0, 48.0, 982.0, 748.0]
[0.0, 32.0, 935.0, 733.0]
[64.0, 16.0, 1000.0, 718.0]
[16.0, 32.0, 953.0, 735.0]
[32.0, 32.0, 970.0, 736.0]
[64.0, 0.0, 1003.0, 704.0]
[64.0, 32.0, 1004.0, 737.0]
[0.0, 32.0, 941.0, 738.0]
[16.0, 32.0, 958.0, 738.0]
[48.0, 16.0, 991.0, 723.0]
[0.0, 0.0, 944.0, 708.0]
[32.0, 32.0, 977.0, 741.0]
[32.0, 0.0, 978.0, 710.0]
[0.0, 16.0, 947.0, 726.0]
[0.0, 16.0, 948.0, 727.0]
[0.0, 32.0, 949.0, 744.0]
[16.0, 0.0, 966.0, 712.0]
[0.0, 0.0, 951.0, 713.0]
[0.0, 0.0, 952.0, 714.0]
[0.0, 0.0, 953.0, 715.0]
[48.0, 16.0, 1002.0, 732.0]
[32.0, 0.0, 987.0, 716.0]
[0.0, 32.0, 956.0, 749.0]
[16.0, 16.0, 973.0, 734.0]
[32.0, 0.0, 990.0, 718.0]
[48.0, 0.0, 1007.0, 719.0]
[48.0, 16.0, 1008.0, 736.0]
[32.0, 32.0, 993.0, 753.0]
[48.0, 0.0, 1010.0, 722.0]
[32.0, 32.0, 995.0, 754.0]
[0.0, 32.0, 964.0, 755.0]
[0.0, 16.0, 965.0, 740.0]
[16.0, 32.0, 982.0, 756.0]
[32.0, 16.0, 999.0, 741.0]
