[64.0, 128.0, 781.0, 666.0]
[160.0, 80.0, 878.0, 618.0]
[128.0, 112.0, 847.0, 651.0]
[16.0, 128.0, 736.0, 668.0]
[16.0, 112.0, 737.0, 653.0]
[144.0, 96.0, 866.0, 638.0]
[16.0, 112.0, 739.0, 654.0]
[160.0, 128.0, 884.0, 671.0]
[80.0, 112.0, 805.0, 656.0]
[192.0, 112.0, 918.0, 656.0]
[64.0, 112.0, 791.0, 657.0]
[128.0, 112.0, 856.0, 658.0]
[32.0, 128.0, 761.0, 675.0]
[96.0, 128.0, 826.0, 676.0]
[16.0, 112.0, 747.0, 660.0]
[16.0, 112.0, 748.0, 661.0]
[80.0, 80.0, 813.0, 630.0]
[160.0, 80.0, 894.0, 630.0]
[96.0, 80.0, 831.0, 631.0]
[16.0, 128.0, 752.0, 680.0]
[96.0, 64.0, 833.0, 617.0]
[32.0, 112.0, 770.0, 666.0]
[208.0, 96.0, 947.0, 650.0]
[144.0, 64.0, 884.0, 619.0]
[176.0, 80.0, 917.0, 636.0]
[128.0, 112.0, 870.0, 668.0]
[128.0, 80.0, 871.0, 637.0]
[64.0, 96.0, 808.0, 654.0]
[48.0, 112.0, 793.0, 671.0]
[64.0, 80.0, 810.0, 640.0]
[80.0, 64.0, 827.0, 624.0]
[144.0, 96.0, 892.0, 657.0]
[80.0, 64.0, 829.0, 626.0]
[80.0, 64.0, 830.0, 626.0]
[144.0, 112.0, 895.0, 675.0]
[128.0, 64.0, 880.0, 628.0]
[128.0, 96.0, 881.0, 661.0]
[112.0, 64.0, 866.0, 630.0]
[144.0, 96.0, 899.0, 662.0]
[128.0, 96.0, 884.0, 663.0]
[96.0, 48.0, 853.0, 616.0]
[16.0, 96.0, 774.0, 664.0]
[144.0, 80.0, 903.0, 649.0]
[48.0, 64.0, 808.0, 634.0]
[48.0, 80.0, 809.0, 651.0]
[32.0, 80.0, 794.0, 652.0]
[112.0, 96.0, 875.0, 668.0]
[0.0, 96.0, 764.0, 669.0]
[176.0, 96.0, 941.0, 670.0]
[96.0, 96.0, 862.0, 670.0]
[64.0, 96.0, 831.0, 671.0]
[96.0, 48.0, 864.0, 624.0]
[128.0, 48.0, 897.0, 625.0]
[64.0, 80.0, 834.0, 658.0]
[32.0, 48.0, 803.0, 626.0]
[112.0, 64.0, 884.0, 643.0]
[128.0, 80.0, 901.0, 660.0]
[128.0, 80.0, 902.0, 660.0]
[160.0, 80.0, 935.0, 661.0]
[128.0, 48.0, 904.0, 630.0]
[96.0, 64.0, 873.0, 647.0]
[144.0, 64.0, 922.0, 648.0]
[112.0, 64.0, 891.0, 648.0]
[48.0, 32.0, 828.0, 617.0]
[64.0, 64.0, 845.0, 650.0]
[80.0, 96.0, 862.0, 682.0]
[0.0, 96.0, 783.0, 683.0]
[48.0, 48.0, 832.0, 636.0]
[48.0, 80.0, 833.0, 669.0]
[0.0, 64.0, 786.0, 654.0]
[144.0, 80.0, 931.0, 670.0]
[144.0, 64.0, 932.0, 655.0]
[128.0, 80.0, 917.0, 672.0]
[16.0, 64.0, 806.0, 656.0]
[160.0, 80.0, 951.0, 673.0]
[0.0, 64.0, 792.0, 658.0]
[80.0, 64.0, 873.0, 659.0]
[16.0, 48.0, 810.0, 644.0]
[96.0, 48.0, 891.0, 644.0]
[16.0, 80.0, 812.0, 677.0]
[32.0, 48.0, 829.0, 646.0]
[112.0, 64.0, 910.0, 662.0]
[32.0, 80.0, 831.0, 679.0]
[48.0, 64.0, 848.0, 664.0]
[32.0, 64.0, 833.0, 665.0]
[64.0, 80.0, 866.0, 682.0]
[96.0, 48.0, 899.0, 650.0]
[112.0, 80.0, 916.0, 683.0]
[112.0, 48.0, 917.0, 652.0]
[48.0, 64.0, 854.0, 668.0]
[128.0, 48.0, 935.0, 653.0]
[48.0, 48.0, 856.0, 654.0]
[80.0, 16.0, 889.0, 623.0]
[80.0, 32.0, 890.0, 640.0]
[48.0, 48.0, 859.0, 656.0]
[80.0, 16.0, 892.0, 625.0]
[112.0, 48.0, 925.0, 658.0]
[32.0, 32.0, 846.0, 642.0]
[144.0, 48.0, 959.0, 659.0]
[64.0, 32.0, 880.0, 644.0]
[0.0, 64.0, 817.0, 677.0]
[96.0, 48.0, 914.0, 662.0]
[96.0, 16.0, 915.0, 630.0]
[16.0, 64.0, 836.0, 679.0]
[64.0, 48.0, 885.0, 664.0]
[32.0, 64.0, 854.0, 680.0]
[112.0, 48.0, 935.0, 665.0]
[96.0, 16.0, 920.0, 634.0]
[128.0, 32.0, 953.0, 651.0]
[0.0, 48.0, 826.0, 668.0]
[112.0, 48.0, 939.0, 668.0]
[80.0, 48.0, 908.0, 669.0]
[16.0, 48.0, 845.0, 670.0]
[128.0, 32.0, 958.0, 654.0]
[48.0, 32.0, 879.0, 655.0]
[96.0, 16.0, 928.0, 640.0]
[0.0, 32.0, 833.0, 657.0]
[48.0, 16.0, 882.0, 642.0]
[64.0, 0.0, 899.0, 626.0]
[48.0, 16.0, 884.0, 643.0]
[16.0, 16.0, 853.0, 644.0]
[64.0, 16.0, 902.0, 644.0]
[64.0, 16.0, 903.0, 645.0]
[80.0, 48.0, 920.0, 678.0]
[64.0, 32.0, 905.0, 663.0]
[80.0, 48.0, 922.0, 680.0]
[32.0, 16.0, 875.0, 648.0]
[64.0, 16.0, 908.0, 649.0]
[0.0, 48.0, 845.0, 682.0]
[0.0, 32.0, 846.0, 666.0]
[16.0, 32.0, 863.0, 667.0]
[64.0, 16.0, 912.0, 652.0]
[48.0, 16.0, 897.0, 653.0]
[32.0, 0.0, 882.0, 638.0]
[96.0, 16.0, 947.0, 654.0]
[16.0, 16.0, 868.0, 655.0]
[64.0, 0.0, 917.0, 640.0]
[64.0, 16.0, 918.0, 656.0]
[48.0, 0.0, 903.0, 641.0]
[64.0, 32.0, 920.0, 674.0]
[80.0, 16.0, 937.0, 659.0]
[64.0, 0.0, 922.0, 644.0]
[0.0, 32.0, 859.0, 676.0]
[64.0, 16.0, 924.0, 661.0]
[16.0, 16.0, 877.0, 662.0]
[96.0, 16.0, 958.0, 662.0]
[48.0, 16.0, 911.0, 663.0]
[16.0, 32.0, 880.0, 680.0]
[48.0, 32.0, 913.0, 681.0]
[48.0, 16.0, 914.0, 666.0]
[16.0, 0.0, 883.0, 650.0]
[48.0, 16.0, 916.0, 667.0]
[0.0, 16.0, 869.0, 668.0]
[16.0, 0.0, 886.0, 652.0]
[48.0, 16.0, 919.0, 669.0]
[32.0, 16.0, 904.0, 670.0]
[32.0, 16.0, 905.0, 671.0]
[0.0, 16.0, 874.0, 672.0]
[48.0, 16.0, 923.0, 672.0]
[48.0, 16.0, 924.0, 673.0]
[16.0, 0.0, 893.0, 658.0]
[16.0, 0.0, 894.0, 658.0]
[32.0, 0.0, 911.0, 659.0]
[16.0, 16.0, 896.0, 676.0]
[16.0, 16.0, 897.0, 677.0]
[0.0, 0.0, 882.0, 662.0]
[32.0, 0.0, 915.0, 662.0]
[48.0, 0.0, 932.0, 663.0]
[16.0, 0.0, 901.0, 664.0]
[16.0, 0.0, 902.0, 664.0]
[48.0, 0.0, 935.0, 665.0]
[16.0, 0.0, 904.0, 666.0]
[64.0, 0.0, 953.0, 667.0]
[32.0, 0.0, 922.0, 668.0]
[64.0, 0.0, 955.0, 668.0]
[32.0, 0.0, 924.0, 669.0]
[32.0, 0.0, 925.0, 670.0]
[16.0, 0.0, 910.0, 670.0]
[32.0, 0.0, 927.0, 671.0]
[16.0, 0.0, 912.0, 672.0]
[0.0, 0.0, 897.0, 673.0]
[16.0, 0.0, 914.0, 674.0]
[32.0, 0.0, 931.0, 674.0]
[48.0, 0.0, 948.0, 675.0]
[0.0, 0.0, 901.0, 676.0]
[16.0, 0.0, 918.0, 676.0]
[48.0, 0.0, 951.0, 677.0]
[16.0, 0.0, 920.0, 678.0]
[16.0, 0.0, 921.0, 679.0]
[0.0, 0.0, 906.0, 680.0]
[16.0, 0.0, 923.0, 680.0]
[0.0, 0.0, 908.0, 681.0]
[0.0, 0.0, 909.0, 682.0]
[32.0, 0.0, 942.0, 682.0]
[16.0, 0.0, 927.0, 683.0]
