[64.0, 128.0, 602.0, 845.0]
[64.0, 240.0, 602.0, 958.0]
[48.0, 192.0, 587.0, 911.0]
[48.0, 192.0, 588.0, 912.0]
[48.0, 208.0, 589.0, 929.0]
[32.0, 80.0, 574.0, 802.0]
[48.0, 96.0, 590.0, 819.0]
[64.0, 96.0, 607.0, 820.0]
[32.0, 64.0, 576.0, 789.0]
[48.0, 192.0, 592.0, 918.0]
[48.0, 112.0, 593.0, 839.0]
[32.0, 80.0, 578.0, 808.0]
[64.0, 176.0, 611.0, 905.0]
[32.0, 272.0, 580.0, 1002.0]
[48.0, 224.0, 596.0, 955.0]
[32.0, 240.0, 581.0, 972.0]
[32.0, 192.0, 582.0, 925.0]
[32.0, 80.0, 582.0, 814.0]
[32.0, 192.0, 583.0, 927.0]
[64.0, 96.0, 616.0, 832.0]
[64.0, 48.0, 617.0, 785.0]
[32.0, 32.0, 586.0, 770.0]
[48.0, 224.0, 602.0, 963.0]
[48.0, 224.0, 603.0, 964.0]
[32.0, 64.0, 588.0, 805.0]
[64.0, 256.0, 620.0, 998.0]
[48.0, 272.0, 605.0, 1015.0]
[64.0, 80.0, 622.0, 824.0]
[32.0, 32.0, 591.0, 777.0]
[16.0, 144.0, 576.0, 890.0]
[32.0, 256.0, 592.0, 1003.0]
[32.0, 96.0, 593.0, 844.0]
[32.0, 272.0, 594.0, 1021.0]
[0.0, 144.0, 562.0, 894.0]
[64.0, 144.0, 627.0, 895.0]
[0.0, 224.0, 564.0, 976.0]
[48.0, 256.0, 613.0, 1009.0]
[16.0, 224.0, 582.0, 978.0]
[32.0, 80.0, 598.0, 835.0]
[16.0, 112.0, 583.0, 868.0]
[32.0, 160.0, 600.0, 917.0]
[64.0, 224.0, 632.0, 982.0]
[16.0, 224.0, 585.0, 983.0]
[80.0, 48.0, 650.0, 808.0]
[0.0, 128.0, 571.0, 889.0]
[32.0, 96.0, 604.0, 858.0]
[0.0, 208.0, 572.0, 971.0]
[48.0, 192.0, 621.0, 956.0]
[16.0, 224.0, 590.0, 989.0]
[32.0, 128.0, 606.0, 894.0]
[64.0, 176.0, 639.0, 943.0]
[16.0, 208.0, 592.0, 976.0]
[48.0, 80.0, 625.0, 849.0]
[64.0, 128.0, 642.0, 898.0]
[80.0, 112.0, 658.0, 883.0]
[16.0, 96.0, 595.0, 868.0]
[80.0, 128.0, 660.0, 901.0]
[32.0, 96.0, 612.0, 870.0]
[64.0, 112.0, 645.0, 887.0]
[64.0, 96.0, 646.0, 872.0]
[16.0, 0.0, 599.0, 777.0]
[0.0, 192.0, 584.0, 970.0]
[64.0, 32.0, 648.0, 811.0]
[64.0, 48.0, 649.0, 828.0]
[0.0, 192.0, 586.0, 973.0]
[32.0, 112.0, 618.0, 894.0]
[48.0, 208.0, 635.0, 991.0]
[48.0, 48.0, 636.0, 832.0]
[64.0, 32.0, 653.0, 817.0]
[0.0, 0.0, 590.0, 786.0]
[80.0, 144.0, 670.0, 931.0]
[0.0, 224.0, 591.0, 1012.0]
[48.0, 208.0, 640.0, 997.0]
[32.0, 48.0, 624.0, 838.0]
[80.0, 192.0, 673.0, 983.0]
[48.0, 32.0, 642.0, 824.0]
[0.0, 16.0, 595.0, 809.0]
[32.0, 32.0, 628.0, 826.0]
[32.0, 112.0, 628.0, 907.0]
[0.0, 96.0, 597.0, 892.0]
[64.0, 208.0, 662.0, 1005.0]
[48.0, 192.0, 646.0, 990.0]
[16.0, 48.0, 615.0, 847.0]
[16.0, 144.0, 616.0, 944.0]
[80.0, 176.0, 681.0, 977.0]
[0.0, 96.0, 602.0, 898.0]
[16.0, 112.0, 618.0, 915.0]
[0.0, 96.0, 603.0, 900.0]
[16.0, 96.0, 620.0, 901.0]
[32.0, 0.0, 636.0, 806.0]
[64.0, 112.0, 669.0, 919.0]
[64.0, 176.0, 670.0, 984.0]
[80.0, 48.0, 687.0, 857.0]
[0.0, 112.0, 608.0, 922.0]
[16.0, 64.0, 624.0, 875.0]
[16.0, 176.0, 625.0, 988.0]
[0.0, 160.0, 610.0, 973.0]
[16.0, 160.0, 626.0, 974.0]
[48.0, 96.0, 659.0, 911.0]
[64.0, 144.0, 676.0, 960.0]
[48.0, 176.0, 661.0, 993.0]
[48.0, 128.0, 662.0, 946.0]
[48.0, 192.0, 662.0, 1011.0]
[0.0, 112.0, 615.0, 932.0]
[0.0, 192.0, 616.0, 1013.0]
[0.0, 0.0, 616.0, 822.0]
[32.0, 80.0, 649.0, 903.0]
[64.0, 128.0, 682.0, 952.0]
[32.0, 160.0, 651.0, 985.0]
[48.0, 32.0, 668.0, 858.0]
[0.0, 112.0, 620.0, 939.0]
[48.0, 16.0, 669.0, 844.0]
[48.0, 48.0, 670.0, 877.0]
[32.0, 48.0, 654.0, 878.0]
[48.0, 144.0, 671.0, 975.0]
[64.0, 80.0, 688.0, 912.0]
[48.0, 160.0, 673.0, 993.0]
[48.0, 0.0, 674.0, 834.0]
[48.0, 80.0, 674.0, 915.0]
[48.0, 48.0, 675.0, 884.0]
[32.0, 176.0, 660.0, 1013.0]
[48.0, 176.0, 676.0, 1014.0]
[32.0, 144.0, 661.0, 983.0]
[0.0, 0.0, 630.0, 840.0]
[32.0, 16.0, 663.0, 857.0]
[48.0, 160.0, 680.0, 1002.0]
[16.0, 128.0, 648.0, 971.0]
[64.0, 128.0, 697.0, 972.0]
[64.0, 128.0, 698.0, 973.0]
[32.0, 96.0, 666.0, 942.0]
[32.0, 48.0, 667.0, 895.0]
[16.0, 48.0, 652.0, 896.0]
[48.0, 48.0, 685.0, 897.0]
[16.0, 32.0, 654.0, 882.0]
[32.0, 32.0, 670.0, 883.0]
[48.0, 96.0, 687.0, 948.0]
[16.0, 32.0, 656.0, 885.0]
[64.0, 16.0, 704.0, 870.0]
[48.0, 32.0, 689.0, 887.0]
[48.0, 64.0, 690.0, 920.0]
[16.0, 64.0, 659.0, 921.0]
[32.0, 128.0, 676.0, 986.0]
[64.0, 80.0, 708.0, 939.0]
[16.0, 64.0, 661.0, 924.0]
[0.0, 0.0, 646.0, 861.0]
[16.0, 96.0, 662.0, 958.0]
[16.0, 32.0, 663.0, 895.0]
[48.0, 48.0, 696.0, 912.0]
[48.0, 48.0, 697.0, 913.0]
[0.0, 112.0, 650.0, 978.0]
[16.0, 32.0, 666.0, 899.0]
[64.0, 80.0, 715.0, 948.0]
[64.0, 128.0, 716.0, 997.0]
[48.0, 64.0, 700.0, 934.0]
[64.0, 16.0, 717.0, 887.0]
[48.0, 32.0, 702.0, 904.0]
[80.0, 48.0, 735.0, 921.0]
[64.0, 48.0, 720.0, 922.0]
[32.0, 112.0, 688.0, 987.0]
[0.0, 80.0, 657.0, 956.0]
[64.0, 112.0, 722.0, 989.0]
[16.0, 80.0, 674.0, 958.0]
[80.0, 64.0, 739.0, 943.0]
[48.0, 64.0, 708.0, 944.0]
[32.0, 80.0, 693.0, 961.0]
[0.0, 32.0, 662.0, 914.0]
[0.0, 112.0, 662.0, 995.0]
[32.0, 48.0, 695.0, 932.0]
[0.0, 96.0, 664.0, 981.0]
[64.0, 32.0, 728.0, 918.0]
[48.0, 16.0, 713.0, 903.0]
[64.0, 112.0, 730.0, 1000.0]
[0.0, 16.0, 667.0, 905.0]
[16.0, 0.0, 684.0, 890.0]
[48.0, 96.0, 716.0, 987.0]
[32.0, 64.0, 701.0, 956.0]
[48.0, 64.0, 718.0, 957.0]
[64.0, 64.0, 734.0, 958.0]
[64.0, 64.0, 735.0, 959.0]
[48.0, 112.0, 720.0, 1008.0]
[0.0, 0.0, 673.0, 897.0]
[0.0, 32.0, 674.0, 930.0]
[48.0, 48.0, 722.0, 947.0]
[32.0, 16.0, 707.0, 916.0]
[0.0, 48.0, 676.0, 949.0]
[80.0, 80.0, 756.0, 982.0]
[16.0, 112.0, 693.0, 1015.0]
[16.0, 64.0, 694.0, 968.0]
[48.0, 0.0, 727.0, 905.0]
[48.0, 64.0, 728.0, 970.0]
[16.0, 112.0, 696.0, 1019.0]
[48.0, 80.0, 729.0, 988.0]
[48.0, 96.0, 730.0, 1005.0]
[64.0, 16.0, 746.0, 926.0]
[0.0, 112.0, 683.0, 1023.0]
[0.0, 32.0, 684.0, 944.0]
[0.0, 48.0, 685.0, 961.0]
[48.0, 0.0, 734.0, 914.0]
[0.0, 80.0, 686.0, 995.0]
[0.0, 64.0, 687.0, 980.0]
[48.0, 16.0, 736.0, 933.0]
[32.0, 80.0, 720.0, 998.0]
[16.0, 0.0, 705.0, 919.0]
[0.0, 64.0, 690.0, 984.0]
[0.0, 0.0, 691.0, 921.0]
[32.0, 16.0, 724.0, 938.0]
[16.0, 48.0, 708.0, 971.0]
[0.0, 64.0, 693.0, 988.0]
[32.0, 64.0, 726.0, 989.0]
[16.0, 48.0, 710.0, 974.0]
[16.0, 64.0, 711.0, 991.0]
[16.0, 32.0, 712.0, 960.0]
[48.0, 16.0, 745.0, 945.0]
[48.0, 32.0, 746.0, 962.0]
[16.0, 32.0, 714.0, 963.0]
[16.0, 0.0, 715.0, 932.0]
[0.0, 0.0, 700.0, 933.0]
[48.0, 48.0, 748.0, 982.0]
[32.0, 48.0, 733.0, 983.0]
[0.0, 80.0, 702.0, 1016.0]
[48.0, 32.0, 751.0, 969.0]
[64.0, 48.0, 768.0, 986.0]
[48.0, 0.0, 752.0, 939.0]
[48.0, 32.0, 753.0, 972.0]
[0.0, 80.0, 706.0, 1021.0]
[0.0, 48.0, 706.0, 990.0]
[16.0, 32.0, 723.0, 975.0]
[16.0, 48.0, 724.0, 992.0]
[32.0, 64.0, 741.0, 1009.0]
[16.0, 64.0, 726.0, 1010.0]
[32.0, 0.0, 742.0, 947.0]
[0.0, 32.0, 711.0, 980.0]
[48.0, 16.0, 760.0, 965.0]
[0.0, 16.0, 712.0, 966.0]
[48.0, 48.0, 761.0, 999.0]
[0.0, 64.0, 714.0, 1016.0]
[0.0, 48.0, 715.0, 1001.0]
[48.0, 48.0, 764.0, 1002.0]
[0.0, 0.0, 716.0, 955.0]
[0.0, 48.0, 717.0, 1004.0]
[16.0, 48.0, 734.0, 1005.0]
[32.0, 32.0, 750.0, 990.0]
[0.0, 16.0, 719.0, 975.0]
[32.0, 64.0, 752.0, 1024.0]
[16.0, 0.0, 737.0, 961.0]
[16.0, 16.0, 738.0, 978.0]
[32.0, 16.0, 754.0, 979.0]
[16.0, 48.0, 739.0, 1012.0]
[32.0, 0.0, 756.0, 965.0]
[32.0, 0.0, 756.0, 966.0]
[16.0, 48.0, 741.0, 1015.0]
[16.0, 32.0, 742.0, 1000.0]
[0.0, 48.0, 727.0, 1017.0]
[16.0, 48.0, 744.0, 1018.0]
[16.0, 16.0, 744.0, 987.0]
[0.0, 16.0, 729.0, 988.0]
[0.0, 0.0, 730.0, 973.0]
[0.0, 16.0, 730.0, 990.0]
[0.0, 48.0, 731.0, 1023.0]
[16.0, 32.0, 748.0, 1008.0]
[32.0, 32.0, 765.0, 1009.0]
[32.0, 16.0, 766.0, 994.0]
[16.0, 0.0, 750.0, 979.0]
[32.0, 16.0, 767.0, 996.0]
[32.0, 16.0, 768.0, 997.0]
[16.0, 0.0, 752.0, 982.0]
[16.0, 16.0, 753.0, 999.0]
[0.0, 16.0, 738.0, 1000.0]
[0.0, 32.0, 739.0, 1017.0]
[16.0, 32.0, 756.0, 1018.0]
[0.0, 32.0, 740.0, 1019.0]
[0.0, 32.0, 741.0, 1020.0]
[16.0, 16.0, 758.0, 1005.0]
[0.0, 16.0, 742.0, 1006.0]
[0.0, 16.0, 743.0, 1007.0]
[0.0, 16.0, 744.0, 1008.0]
[0.0, 0.0, 745.0, 993.0]
[0.0, 16.0, 746.0, 1010.0]
[16.0, 0.0, 762.0, 995.0]
[0.0, 16.0, 747.0, 1012.0]
[0.0, 0.0, 748.0, 997.0]
[0.0, 0.0, 748.0, 998.0]
[16.0, 16.0, 765.0, 1015.0]
[16.0, 16.0, 766.0, 1016.0]
[16.0, 16.0, 767.0, 1017.0]
[0.0, 16.0, 752.0, 1018.0]
[0.0, 0.0, 752.0, 1003.0]
[0.0, 16.0, 753.0, 1020.0]
[0.0, 0.0, 754.0, 1005.0]
[0.0, 0.0, 754.0, 1006.0]
[0.0, 16.0, 755.0, 1023.0]
[0.0, 16.0, 756.0, 1024.0]
[0.0, 0.0, 757.0, 1009.0]
[0.0, 0.0, 758.0, 1010.0]
[0.0, 0.0, 758.0, 1011.0]
[0.0, 0.0, 759.0, 1012.0]
[0.0, 0.0, 760.0, 1013.0]
[0.0, 0.0, 760.0, 1014.0]
