[96.0, 32.0, 813.0, 570.0]
[48.0, 16.0, 766.0, 554.0]
[32.0, 0.0, 751.0, 539.0]
[112.0, 0.0, 832.0, 540.0]
[48.0, 0.0, 769.0, 541.0]
[32.0, 32.0, 754.0, 574.0]
[112.0, 16.0, 835.0, 558.0]
[16.0, 0.0, 740.0, 543.0]
[16.0, 0.0, 741.0, 544.0]
[96.0, 0.0, 822.0, 544.0]
[16.0, 16.0, 743.0, 561.0]
[96.0, 32.0, 824.0, 578.0]
[64.0, 0.0, 793.0, 547.0]
[112.0, 0.0, 842.0, 548.0]
[112.0, 0.0, 843.0, 548.0]
[64.0, 16.0, 796.0, 565.0]
[80.0, 0.0, 813.0, 550.0]
[16.0, 0.0, 750.0, 550.0]
[16.0, 0.0, 751.0, 551.0]
[16.0, 16.0, 752.0, 568.0]
[96.0, 0.0, 833.0, 553.0]
[48.0, 0.0, 786.0, 554.0]
[80.0, 0.0, 819.0, 554.0]
[32.0, 0.0, 772.0, 555.0]
[80.0, 0.0, 821.0, 556.0]
[16.0, 0.0, 758.0, 556.0]
[32.0, 16.0, 775.0, 573.0]
[16.0, 0.0, 760.0, 558.0]
[32.0, 0.0, 777.0, 559.0]
[64.0, 16.0, 810.0, 576.0]
[80.0, 16.0, 827.0, 576.0]
[96.0, 16.0, 844.0, 577.0]
[80.0, 0.0, 829.0, 562.0]
[48.0, 0.0, 798.0, 562.0]
[48.0, 0.0, 799.0, 563.0]
[80.0, 0.0, 832.0, 564.0]
[16.0, 0.0, 769.0, 565.0]
[48.0, 0.0, 802.0, 566.0]
[32.0, 0.0, 787.0, 566.0]
[32.0, 0.0, 788.0, 567.0]
[16.0, 0.0, 773.0, 568.0]
[64.0, 0.0, 822.0, 568.0]
[80.0, 0.0, 839.0, 569.0]
[32.0, 0.0, 792.0, 570.0]
[16.0, 0.0, 777.0, 571.0]
[48.0, 0.0, 810.0, 572.0]
[32.0, 0.0, 795.0, 572.0]
[48.0, 0.0, 812.0, 573.0]
[64.0, 0.0, 829.0, 574.0]
[32.0, 0.0, 798.0, 574.0]
[16.0, 0.0, 783.0, 575.0]
[16.0, 0.0, 784.0, 576.0]
[64.0, 0.0, 833.0, 577.0]
[64.0, 0.0, 834.0, 578.0]
[16.0, 0.0, 787.0, 578.0]
