[112.0, 32.0, 829.0, 570.0]
[16.0, 32.0, 734.0, 570.0]
[128.0, 80.0, 847.0, 619.0]
[192.0, 32.0, 912.0, 572.0]
[192.0, 32.0, 913.0, 573.0]
[144.0, 96.0, 866.0, 638.0]
[48.0, 64.0, 771.0, 606.0]
[160.0, 48.0, 884.0, 591.0]
[32.0, 16.0, 757.0, 560.0]
[64.0, 16.0, 790.0, 560.0]
[176.0, 48.0, 903.0, 593.0]
[64.0, 32.0, 792.0, 578.0]
[160.0, 0.0, 889.0, 547.0]
[96.0, 48.0, 826.0, 596.0]
[176.0, 32.0, 907.0, 580.0]
[176.0, 80.0, 908.0, 629.0]
[64.0, 80.0, 797.0, 630.0]
[144.0, 96.0, 878.0, 646.0]
[128.0, 96.0, 863.0, 647.0]
[128.0, 0.0, 864.0, 552.0]
[48.0, 0.0, 785.0, 553.0]
[112.0, 32.0, 850.0, 586.0]
[112.0, 80.0, 851.0, 634.0]
[80.0, 16.0, 820.0, 571.0]
[80.0, 64.0, 821.0, 620.0]
[32.0, 96.0, 774.0, 652.0]
[208.0, 48.0, 951.0, 605.0]
[32.0, 96.0, 776.0, 654.0]
[176.0, 32.0, 921.0, 591.0]
[16.0, 48.0, 762.0, 608.0]
[192.0, 64.0, 939.0, 624.0]
[16.0, 16.0, 764.0, 577.0]
[112.0, 16.0, 861.0, 578.0]
[128.0, 64.0, 878.0, 626.0]
[48.0, 32.0, 799.0, 595.0]
[160.0, 0.0, 912.0, 564.0]
[80.0, 64.0, 833.0, 629.0]
[192.0, 16.0, 946.0, 582.0]
[0.0, 48.0, 755.0, 614.0]
[80.0, 32.0, 836.0, 599.0]
[176.0, 64.0, 933.0, 632.0]
[16.0, 80.0, 774.0, 648.0]
[176.0, 80.0, 935.0, 649.0]
[32.0, 64.0, 792.0, 634.0]
[80.0, 64.0, 841.0, 635.0]
[176.0, 80.0, 938.0, 652.0]
[128.0, 80.0, 891.0, 652.0]
[144.0, 16.0, 908.0, 589.0]
[144.0, 64.0, 909.0, 638.0]
[0.0, 80.0, 766.0, 654.0]
[16.0, 0.0, 783.0, 575.0]
[16.0, 16.0, 784.0, 592.0]
[32.0, 80.0, 801.0, 657.0]
[208.0, 48.0, 978.0, 626.0]
[128.0, 80.0, 899.0, 658.0]
[144.0, 64.0, 916.0, 643.0]
[176.0, 0.0, 949.0, 580.0]
[16.0, 80.0, 790.0, 660.0]
[32.0, 48.0, 807.0, 629.0]
[16.0, 32.0, 792.0, 614.0]
[208.0, 32.0, 985.0, 615.0]
[16.0, 16.0, 794.0, 600.0]
[32.0, 16.0, 811.0, 600.0]
[144.0, 64.0, 924.0, 649.0]
[0.0, 16.0, 781.0, 602.0]
[48.0, 0.0, 830.0, 586.0]
[64.0, 32.0, 847.0, 619.0]
[112.0, 64.0, 896.0, 652.0]
[16.0, 32.0, 801.0, 621.0]
[32.0, 0.0, 818.0, 590.0]
[0.0, 48.0, 787.0, 638.0]
[0.0, 0.0, 788.0, 591.0]
[0.0, 0.0, 789.0, 592.0]
[208.0, 32.0, 998.0, 624.0]
[80.0, 16.0, 871.0, 609.0]
[144.0, 0.0, 936.0, 594.0]
[128.0, 48.0, 921.0, 643.0]
[144.0, 64.0, 938.0, 660.0]
[112.0, 48.0, 907.0, 644.0]
[144.0, 16.0, 940.0, 613.0]
[16.0, 16.0, 813.0, 614.0]
[48.0, 0.0, 846.0, 598.0]
[0.0, 48.0, 799.0, 647.0]
[16.0, 0.0, 816.0, 600.0]
[176.0, 32.0, 977.0, 633.0]
[0.0, 32.0, 802.0, 634.0]
[192.0, 32.0, 995.0, 634.0]
[32.0, 32.0, 836.0, 635.0]
[160.0, 0.0, 965.0, 604.0]
[96.0, 48.0, 902.0, 652.0]
[48.0, 16.0, 855.0, 621.0]
[96.0, 0.0, 904.0, 606.0]
[0.0, 16.0, 809.0, 623.0]
[144.0, 48.0, 954.0, 656.0]
[160.0, 32.0, 971.0, 640.0]
[160.0, 32.0, 972.0, 641.0]
[144.0, 0.0, 957.0, 610.0]
[128.0, 32.0, 942.0, 642.0]
[112.0, 48.0, 927.0, 659.0]
[176.0, 16.0, 992.0, 628.0]
[144.0, 32.0, 961.0, 645.0]
[128.0, 0.0, 946.0, 614.0]
[192.0, 16.0, 1011.0, 630.0]
[64.0, 16.0, 884.0, 631.0]
[192.0, 32.0, 1013.0, 648.0]
[32.0, 16.0, 854.0, 632.0]
[192.0, 32.0, 1015.0, 649.0]
[128.0, 16.0, 952.0, 634.0]
[16.0, 16.0, 841.0, 635.0]
[64.0, 0.0, 890.0, 620.0]
[64.0, 0.0, 891.0, 620.0]
[96.0, 16.0, 924.0, 637.0]
[128.0, 32.0, 957.0, 654.0]
[112.0, 32.0, 942.0, 654.0]
[96.0, 32.0, 927.0, 655.0]
[48.0, 32.0, 880.0, 656.0]
[0.0, 0.0, 833.0, 625.0]
[144.0, 32.0, 978.0, 658.0]
[128.0, 0.0, 963.0, 626.0]
[64.0, 32.0, 900.0, 659.0]
[96.0, 0.0, 933.0, 628.0]
[176.0, 0.0, 1014.0, 628.0]
[128.0, 0.0, 967.0, 629.0]
[144.0, 16.0, 984.0, 646.0]
[64.0, 0.0, 905.0, 631.0]
[16.0, 16.0, 858.0, 648.0]
[112.0, 0.0, 955.0, 632.0]
[96.0, 0.0, 940.0, 633.0]
[80.0, 16.0, 925.0, 650.0]
[16.0, 0.0, 862.0, 634.0]
[16.0, 16.0, 863.0, 651.0]
[0.0, 16.0, 848.0, 652.0]
[64.0, 0.0, 913.0, 637.0]
[64.0, 0.0, 914.0, 638.0]
[32.0, 16.0, 883.0, 654.0]
[64.0, 0.0, 916.0, 639.0]
[160.0, 16.0, 1013.0, 656.0]
[128.0, 16.0, 982.0, 656.0]
[0.0, 16.0, 855.0, 657.0]
[96.0, 0.0, 952.0, 642.0]
[128.0, 0.0, 985.0, 643.0]
[112.0, 16.0, 970.0, 660.0]
[64.0, 0.0, 923.0, 644.0]
[128.0, 0.0, 988.0, 645.0]
[160.0, 0.0, 1021.0, 646.0]
[0.0, 0.0, 862.0, 646.0]
[48.0, 0.0, 911.0, 647.0]
[128.0, 0.0, 992.0, 648.0]
[32.0, 0.0, 897.0, 649.0]
[32.0, 0.0, 898.0, 650.0]
[64.0, 0.0, 931.0, 650.0]
[32.0, 0.0, 900.0, 651.0]
[32.0, 0.0, 901.0, 652.0]
[144.0, 0.0, 1014.0, 652.0]
[32.0, 0.0, 903.0, 653.0]
[96.0, 0.0, 968.0, 654.0]
[144.0, 0.0, 1017.0, 655.0]
[64.0, 0.0, 938.0, 656.0]
[48.0, 0.0, 923.0, 656.0]
[64.0, 0.0, 940.0, 657.0]
[144.0, 0.0, 1021.0, 658.0]
[80.0, 0.0, 958.0, 658.0]
[0.0, 0.0, 879.0, 659.0]
[16.0, 0.0, 896.0, 660.0]
