[176.0, 48.0, 893.0, 586.0]
[32.0, 32.0, 750.0, 570.0]
[176.0, 32.0, 895.0, 571.0]
[160.0, 48.0, 880.0, 588.0]
[272.0, 48.0, 993.0, 589.0]
[128.0, 16.0, 850.0, 558.0]
[176.0, 64.0, 899.0, 606.0]
[144.0, 32.0, 868.0, 575.0]
[48.0, 48.0, 773.0, 592.0]
[112.0, 16.0, 838.0, 560.0]
[128.0, 48.0, 855.0, 593.0]
[160.0, 32.0, 888.0, 578.0]
[192.0, 64.0, 921.0, 611.0]
[80.0, 64.0, 810.0, 612.0]
[96.0, 16.0, 827.0, 564.0]
[144.0, 16.0, 876.0, 565.0]
[176.0, 16.0, 909.0, 566.0]
[208.0, 48.0, 942.0, 598.0]
[160.0, 32.0, 895.0, 583.0]
[192.0, 32.0, 928.0, 584.0]
[240.0, 32.0, 977.0, 585.0]
[128.0, 16.0, 866.0, 570.0]
[256.0, 48.0, 995.0, 602.0]
[80.0, 0.0, 820.0, 555.0]
[48.0, 48.0, 789.0, 604.0]
[224.0, 16.0, 966.0, 572.0]
[128.0, 0.0, 871.0, 557.0]
[64.0, 0.0, 808.0, 558.0]
[192.0, 48.0, 937.0, 607.0]
[48.0, 16.0, 794.0, 576.0]
[176.0, 16.0, 923.0, 576.0]
[208.0, 0.0, 956.0, 561.0]
[144.0, 16.0, 893.0, 578.0]
[128.0, 48.0, 878.0, 610.0]
[208.0, 32.0, 959.0, 595.0]
[96.0, 16.0, 848.0, 580.0]
[224.0, 64.0, 977.0, 629.0]
[112.0, 32.0, 866.0, 598.0]
[64.0, 48.0, 819.0, 614.0]
[64.0, 64.0, 820.0, 631.0]
[176.0, 32.0, 933.0, 600.0]
[112.0, 64.0, 870.0, 632.0]
[224.0, 64.0, 983.0, 633.0]
[160.0, 32.0, 920.0, 602.0]
[160.0, 64.0, 921.0, 635.0]
[64.0, 64.0, 826.0, 636.0]
[192.0, 48.0, 955.0, 620.0]
[208.0, 64.0, 972.0, 637.0]
[64.0, 48.0, 829.0, 622.0]
[208.0, 16.0, 974.0, 590.0]
[80.0, 32.0, 847.0, 607.0]
[128.0, 48.0, 896.0, 624.0]
[160.0, 32.0, 929.0, 609.0]
[32.0, 32.0, 802.0, 610.0]
[144.0, 48.0, 915.0, 626.0]
[112.0, 0.0, 884.0, 579.0]
[80.0, 64.0, 853.0, 644.0]
[48.0, 0.0, 822.0, 580.0]
[32.0, 16.0, 807.0, 597.0]
[16.0, 48.0, 792.0, 630.0]
[16.0, 16.0, 793.0, 599.0]
[192.0, 48.0, 970.0, 632.0]
[192.0, 16.0, 971.0, 600.0]
[64.0, 0.0, 844.0, 585.0]
[96.0, 32.0, 877.0, 618.0]
[160.0, 0.0, 942.0, 586.0]
[192.0, 0.0, 975.0, 587.0]
[80.0, 32.0, 864.0, 620.0]
[16.0, 48.0, 801.0, 637.0]
[192.0, 0.0, 978.0, 590.0]
[176.0, 0.0, 963.0, 590.0]
[32.0, 32.0, 820.0, 623.0]
[48.0, 64.0, 837.0, 656.0]
[80.0, 32.0, 870.0, 624.0]
[144.0, 48.0, 935.0, 641.0]
[176.0, 0.0, 968.0, 594.0]
[112.0, 0.0, 905.0, 595.0]
[160.0, 0.0, 954.0, 596.0]
[80.0, 64.0, 875.0, 660.0]
[176.0, 32.0, 972.0, 629.0]
[64.0, 48.0, 861.0, 646.0]
[48.0, 64.0, 846.0, 662.0]
[48.0, 0.0, 847.0, 599.0]
[48.0, 32.0, 848.0, 632.0]
[96.0, 0.0, 897.0, 601.0]
[128.0, 32.0, 930.0, 634.0]
[176.0, 48.0, 979.0, 650.0]
[0.0, 0.0, 804.0, 603.0]
[192.0, 32.0, 997.0, 636.0]
[32.0, 64.0, 838.0, 668.0]
[112.0, 64.0, 919.0, 669.0]
[144.0, 16.0, 952.0, 622.0]
[64.0, 48.0, 873.0, 655.0]
[96.0, 0.0, 906.0, 608.0]
[80.0, 16.0, 891.0, 624.0]
[160.0, 0.0, 972.0, 609.0]
[176.0, 48.0, 989.0, 658.0]
[144.0, 16.0, 958.0, 626.0]
[128.0, 64.0, 943.0, 675.0]
[128.0, 0.0, 944.0, 612.0]
[96.0, 64.0, 913.0, 677.0]
[32.0, 64.0, 850.0, 678.0]
[48.0, 32.0, 867.0, 646.0]
[112.0, 0.0, 932.0, 615.0]
[128.0, 0.0, 949.0, 616.0]
[112.0, 16.0, 934.0, 632.0]
[128.0, 64.0, 951.0, 681.0]
[96.0, 0.0, 920.0, 618.0]
[32.0, 0.0, 857.0, 619.0]
[192.0, 32.0, 1018.0, 652.0]
[160.0, 16.0, 987.0, 636.0]
[0.0, 0.0, 828.0, 621.0]
[96.0, 32.0, 925.0, 654.0]
[96.0, 48.0, 926.0, 670.0]
[64.0, 48.0, 895.0, 671.0]
[96.0, 16.0, 928.0, 640.0]
[80.0, 16.0, 913.0, 641.0]
[176.0, 16.0, 1010.0, 642.0]
[96.0, 16.0, 931.0, 642.0]
[112.0, 16.0, 948.0, 643.0]
[48.0, 48.0, 885.0, 676.0]
[112.0, 0.0, 950.0, 628.0]
[96.0, 32.0, 935.0, 661.0]
[160.0, 16.0, 1000.0, 646.0]
[96.0, 16.0, 937.0, 647.0]
[80.0, 16.0, 922.0, 648.0]
[16.0, 0.0, 859.0, 632.0]
[64.0, 16.0, 908.0, 649.0]
[48.0, 48.0, 893.0, 682.0]
[144.0, 48.0, 990.0, 682.0]
[128.0, 48.0, 975.0, 683.0]
[48.0, 0.0, 896.0, 636.0]
[144.0, 0.0, 993.0, 637.0]
[112.0, 0.0, 962.0, 638.0]
[64.0, 16.0, 915.0, 654.0]
[144.0, 32.0, 996.0, 671.0]
[0.0, 0.0, 853.0, 640.0]
[0.0, 0.0, 854.0, 640.0]
[16.0, 0.0, 871.0, 641.0]
[96.0, 32.0, 952.0, 674.0]
[128.0, 16.0, 985.0, 659.0]
[16.0, 16.0, 874.0, 660.0]
[160.0, 32.0, 1019.0, 676.0]
[160.0, 16.0, 1020.0, 661.0]
[16.0, 16.0, 877.0, 662.0]
[128.0, 16.0, 990.0, 662.0]
[16.0, 16.0, 879.0, 663.0]
[32.0, 32.0, 896.0, 680.0]
[144.0, 0.0, 1009.0, 649.0]
[128.0, 16.0, 994.0, 666.0]
[48.0, 16.0, 915.0, 666.0]
[48.0, 16.0, 916.0, 667.0]
[80.0, 0.0, 949.0, 652.0]
[48.0, 0.0, 918.0, 652.0]
[16.0, 16.0, 887.0, 669.0]
[64.0, 0.0, 936.0, 654.0]
[0.0, 16.0, 873.0, 671.0]
[48.0, 0.0, 922.0, 656.0]
[80.0, 0.0, 955.0, 656.0]
[32.0, 0.0, 908.0, 657.0]
[144.0, 0.0, 1021.0, 658.0]
[96.0, 0.0, 974.0, 658.0]
[64.0, 0.0, 943.0, 659.0]
[0.0, 16.0, 880.0, 676.0]
[112.0, 0.0, 993.0, 661.0]
[128.0, 0.0, 1010.0, 662.0]
[96.0, 0.0, 979.0, 662.0]
[112.0, 16.0, 996.0, 679.0]
[32.0, 16.0, 917.0, 680.0]
[0.0, 16.0, 886.0, 680.0]
[96.0, 16.0, 983.0, 681.0]
[80.0, 0.0, 968.0, 666.0]
[32.0, 0.0, 921.0, 667.0]
[80.0, 0.0, 970.0, 668.0]
[80.0, 0.0, 971.0, 668.0]
[64.0, 0.0, 956.0, 669.0]
[16.0, 0.0, 909.0, 670.0]
[112.0, 0.0, 1006.0, 670.0]
[112.0, 0.0, 1007.0, 671.0]
[16.0, 0.0, 912.0, 672.0]
[64.0, 0.0, 961.0, 673.0]
[80.0, 0.0, 978.0, 674.0]
[32.0, 0.0, 931.0, 674.0]
[32.0, 0.0, 932.0, 675.0]
[64.0, 0.0, 965.0, 676.0]
[32.0, 0.0, 934.0, 676.0]
[0.0, 0.0, 903.0, 677.0]
[80.0, 0.0, 984.0, 678.0]
[32.0, 0.0, 937.0, 679.0]
[96.0, 0.0, 1002.0, 680.0]
[80.0, 0.0, 987.0, 680.0]
[80.0, 0.0, 988.0, 681.0]
[64.0, 0.0, 973.0, 682.0]
[48.0, 0.0, 958.0, 682.0]
[16.0, 0.0, 927.0, 683.0]
