[112.0, 32.0, 829.0, 570.0]
[128.0, 48.0, 846.0, 586.0]
[160.0, 64.0, 879.0, 603.0]
[144.0, 96.0, 864.0, 636.0]
[64.0, 128.0, 785.0, 669.0]
[160.0, 80.0, 882.0, 622.0]
[48.0, 64.0, 771.0, 606.0]
[80.0, 96.0, 804.0, 639.0]
[176.0, 32.0, 901.0, 576.0]
[112.0, 96.0, 838.0, 640.0]
[144.0, 96.0, 871.0, 641.0]
[128.0, 128.0, 856.0, 674.0]
[96.0, 80.0, 825.0, 627.0]
[80.0, 80.0, 810.0, 628.0]
[96.0, 32.0, 827.0, 580.0]
[176.0, 128.0, 908.0, 677.0]
[32.0, 96.0, 765.0, 646.0]
[160.0, 112.0, 894.0, 662.0]
[176.0, 80.0, 911.0, 631.0]
[48.0, 112.0, 784.0, 664.0]
[48.0, 96.0, 785.0, 649.0]
[144.0, 32.0, 882.0, 586.0]
[16.0, 112.0, 755.0, 666.0]
[128.0, 16.0, 868.0, 571.0]
[16.0, 64.0, 757.0, 620.0]
[16.0, 48.0, 758.0, 604.0]
[112.0, 112.0, 855.0, 669.0]
[80.0, 128.0, 824.0, 686.0]
[128.0, 112.0, 873.0, 671.0]
[144.0, 32.0, 890.0, 592.0]
[160.0, 32.0, 907.0, 592.0]
[16.0, 112.0, 764.0, 673.0]
[64.0, 112.0, 813.0, 674.0]
[48.0, 112.0, 798.0, 674.0]
[48.0, 32.0, 799.0, 595.0]
[144.0, 96.0, 896.0, 660.0]
[32.0, 96.0, 785.0, 661.0]
[176.0, 64.0, 930.0, 630.0]
[96.0, 0.0, 851.0, 566.0]
[160.0, 16.0, 916.0, 583.0]
[160.0, 32.0, 917.0, 600.0]
[128.0, 96.0, 886.0, 664.0]
[112.0, 64.0, 871.0, 633.0]
[176.0, 64.0, 936.0, 634.0]
[80.0, 64.0, 841.0, 635.0]
[112.0, 96.0, 874.0, 668.0]
[80.0, 48.0, 843.0, 620.0]
[32.0, 128.0, 796.0, 701.0]
[96.0, 112.0, 861.0, 686.0]
[144.0, 48.0, 910.0, 622.0]
[96.0, 48.0, 863.0, 623.0]
[48.0, 64.0, 816.0, 640.0]
[128.0, 48.0, 897.0, 625.0]
[112.0, 96.0, 882.0, 674.0]
[32.0, 16.0, 803.0, 594.0]
[112.0, 32.0, 884.0, 611.0]
[128.0, 0.0, 901.0, 580.0]
[48.0, 16.0, 822.0, 596.0]
[32.0, 128.0, 807.0, 709.0]
[112.0, 0.0, 888.0, 582.0]
[48.0, 128.0, 825.0, 711.0]
[96.0, 96.0, 874.0, 680.0]
[144.0, 0.0, 923.0, 584.0]
[64.0, 128.0, 844.0, 713.0]
[32.0, 112.0, 813.0, 698.0]
[16.0, 32.0, 798.0, 618.0]
[112.0, 96.0, 895.0, 683.0]
[112.0, 16.0, 896.0, 604.0]
[16.0, 0.0, 801.0, 589.0]
[160.0, 48.0, 946.0, 638.0]
[112.0, 112.0, 899.0, 702.0]
[96.0, 32.0, 884.0, 623.0]
[112.0, 16.0, 901.0, 608.0]
[48.0, 64.0, 838.0, 656.0]
[112.0, 80.0, 903.0, 673.0]
[128.0, 64.0, 920.0, 658.0]
[32.0, 96.0, 825.0, 691.0]
[144.0, 80.0, 938.0, 676.0]
[112.0, 96.0, 907.0, 692.0]
[160.0, 16.0, 956.0, 613.0]
[48.0, 96.0, 845.0, 694.0]
[64.0, 128.0, 862.0, 726.0]
[80.0, 112.0, 879.0, 711.0]
[48.0, 96.0, 848.0, 696.0]
[16.0, 0.0, 817.0, 601.0]
[80.0, 128.0, 882.0, 730.0]
[64.0, 64.0, 867.0, 666.0]
[144.0, 32.0, 948.0, 635.0]
[48.0, 128.0, 853.0, 732.0]
[16.0, 48.0, 822.0, 652.0]
[96.0, 80.0, 903.0, 685.0]
[16.0, 48.0, 824.0, 654.0]
[96.0, 96.0, 905.0, 703.0]
[64.0, 144.0, 874.0, 752.0]
[96.0, 96.0, 907.0, 704.0]
[32.0, 16.0, 844.0, 625.0]
[128.0, 64.0, 941.0, 674.0]
[160.0, 64.0, 974.0, 674.0]
[144.0, 80.0, 959.0, 691.0]
[176.0, 32.0, 992.0, 644.0]
[80.0, 80.0, 897.0, 693.0]
[112.0, 96.0, 930.0, 710.0]
[64.0, 48.0, 883.0, 662.0]
[32.0, 64.0, 852.0, 679.0]
[48.0, 80.0, 869.0, 696.0]
[16.0, 16.0, 838.0, 632.0]
[112.0, 112.0, 935.0, 729.0]
[16.0, 80.0, 840.0, 698.0]
[48.0, 32.0, 873.0, 651.0]
[80.0, 96.0, 906.0, 716.0]
[16.0, 64.0, 843.0, 684.0]
[0.0, 0.0, 828.0, 621.0]
[32.0, 112.0, 861.0, 734.0]
[96.0, 80.0, 926.0, 702.0]
[128.0, 48.0, 959.0, 671.0]
[112.0, 112.0, 944.0, 736.0]
[144.0, 0.0, 977.0, 625.0]
[16.0, 0.0, 850.0, 626.0]
[96.0, 80.0, 931.0, 706.0]
[0.0, 48.0, 836.0, 675.0]
[64.0, 64.0, 901.0, 692.0]
[128.0, 48.0, 966.0, 676.0]
[48.0, 128.0, 887.0, 757.0]
[112.0, 0.0, 952.0, 630.0]
[0.0, 32.0, 841.0, 663.0]
[48.0, 128.0, 890.0, 760.0]
[32.0, 112.0, 875.0, 744.0]
[0.0, 0.0, 844.0, 633.0]
[48.0, 80.0, 893.0, 714.0]
[16.0, 0.0, 862.0, 634.0]
[32.0, 112.0, 879.0, 747.0]
[128.0, 16.0, 976.0, 652.0]
[112.0, 16.0, 961.0, 653.0]
[64.0, 0.0, 914.0, 638.0]
[32.0, 80.0, 883.0, 718.0]
[48.0, 112.0, 900.0, 751.0]
[112.0, 64.0, 965.0, 704.0]
[112.0, 80.0, 966.0, 720.0]
[112.0, 64.0, 967.0, 705.0]
[48.0, 112.0, 904.0, 754.0]
[128.0, 80.0, 985.0, 723.0]
[80.0, 0.0, 938.0, 644.0]
[32.0, 96.0, 891.0, 740.0]
[80.0, 80.0, 940.0, 725.0]
[80.0, 112.0, 941.0, 758.0]
[144.0, 48.0, 1006.0, 694.0]
[112.0, 80.0, 975.0, 727.0]
[48.0, 96.0, 912.0, 744.0]
[48.0, 32.0, 913.0, 681.0]
[112.0, 0.0, 978.0, 650.0]
[48.0, 16.0, 915.0, 666.0]
[16.0, 32.0, 884.0, 683.0]
[16.0, 48.0, 885.0, 700.0]
[64.0, 64.0, 934.0, 716.0]
[112.0, 80.0, 983.0, 733.0]
[0.0, 80.0, 872.0, 734.0]
[0.0, 64.0, 873.0, 719.0]
[112.0, 48.0, 986.0, 704.0]
[16.0, 48.0, 891.0, 704.0]
[144.0, 0.0, 1020.0, 657.0]
[144.0, 0.0, 1021.0, 658.0]
[32.0, 64.0, 910.0, 722.0]
[112.0, 48.0, 991.0, 707.0]
[48.0, 48.0, 928.0, 708.0]
[16.0, 64.0, 897.0, 725.0]
[64.0, 32.0, 946.0, 694.0]
[128.0, 64.0, 1011.0, 726.0]
[48.0, 80.0, 932.0, 743.0]
[32.0, 16.0, 917.0, 680.0]
[112.0, 64.0, 998.0, 728.0]
[32.0, 80.0, 919.0, 745.0]
[112.0, 16.0, 1000.0, 682.0]
[0.0, 32.0, 889.0, 699.0]
[64.0, 80.0, 954.0, 748.0]
[64.0, 0.0, 955.0, 668.0]
[80.0, 32.0, 972.0, 701.0]
[80.0, 80.0, 973.0, 750.0]
[16.0, 80.0, 910.0, 750.0]
[0.0, 80.0, 895.0, 751.0]
[96.0, 64.0, 992.0, 736.0]
[112.0, 64.0, 1009.0, 737.0]
[0.0, 16.0, 898.0, 690.0]
[64.0, 64.0, 963.0, 738.0]
[80.0, 64.0, 980.0, 739.0]
[32.0, 16.0, 933.0, 692.0]
[32.0, 48.0, 934.0, 724.0]
[32.0, 48.0, 935.0, 725.0]
[0.0, 16.0, 904.0, 694.0]
[0.0, 16.0, 905.0, 695.0]
[16.0, 64.0, 922.0, 744.0]
[96.0, 0.0, 1003.0, 680.0]
[48.0, 80.0, 956.0, 761.0]
[16.0, 0.0, 925.0, 682.0]
[16.0, 64.0, 926.0, 746.0]
[112.0, 32.0, 1023.0, 715.0]
[112.0, 32.0, 1024.0, 716.0]
[0.0, 48.0, 913.0, 733.0]
[96.0, 32.0, 1010.0, 718.0]
[16.0, 48.0, 931.0, 734.0]
[96.0, 48.0, 1012.0, 735.0]
[16.0, 80.0, 933.0, 768.0]
[96.0, 32.0, 1014.0, 720.0]
[64.0, 64.0, 983.0, 753.0]
[96.0, 64.0, 1016.0, 754.0]
[48.0, 32.0, 969.0, 723.0]
[16.0, 32.0, 938.0, 724.0]
[96.0, 16.0, 1019.0, 708.0]
[0.0, 16.0, 924.0, 709.0]
[64.0, 16.0, 989.0, 710.0]
[64.0, 64.0, 990.0, 758.0]
[32.0, 48.0, 959.0, 743.0]
[0.0, 0.0, 928.0, 696.0]
[80.0, 48.0, 1009.0, 745.0]
[64.0, 0.0, 994.0, 698.0]
[48.0, 32.0, 979.0, 730.0]
[48.0, 16.0, 980.0, 715.0]
[16.0, 64.0, 949.0, 764.0]
[80.0, 16.0, 1014.0, 716.0]
[16.0, 32.0, 951.0, 733.0]
[32.0, 16.0, 968.0, 718.0]
[0.0, 16.0, 937.0, 719.0]
[48.0, 32.0, 986.0, 736.0]
[0.0, 0.0, 939.0, 704.0]
[16.0, 16.0, 956.0, 721.0]
[0.0, 16.0, 941.0, 722.0]
[0.0, 0.0, 942.0, 706.0]
[48.0, 48.0, 991.0, 755.0]
[80.0, 0.0, 1024.0, 708.0]
[32.0, 48.0, 977.0, 757.0]
[0.0, 48.0, 946.0, 758.0]
[48.0, 0.0, 995.0, 710.0]
[0.0, 16.0, 948.0, 727.0]
[64.0, 16.0, 1013.0, 728.0]
[16.0, 16.0, 966.0, 728.0]
[16.0, 0.0, 967.0, 713.0]
[48.0, 32.0, 1000.0, 746.0]
[0.0, 0.0, 953.0, 715.0]
[64.0, 0.0, 1018.0, 716.0]
[64.0, 48.0, 1019.0, 764.0]
[0.0, 16.0, 956.0, 733.0]
[48.0, 48.0, 1005.0, 766.0]
[32.0, 48.0, 990.0, 766.0]
[48.0, 32.0, 1007.0, 751.0]
[48.0, 32.0, 1008.0, 752.0]
[48.0, 0.0, 1009.0, 721.0]
[32.0, 16.0, 994.0, 738.0]
[16.0, 0.0, 979.0, 722.0]
[48.0, 16.0, 1012.0, 739.0]
[16.0, 32.0, 981.0, 756.0]
[48.0, 0.0, 1014.0, 724.0]
[32.0, 16.0, 999.0, 741.0]
[32.0, 0.0, 1000.0, 726.0]
[48.0, 32.0, 1017.0, 759.0]
[16.0, 32.0, 986.0, 760.0]
[0.0, 0.0, 971.0, 728.0]
[48.0, 0.0, 1020.0, 729.0]
[0.0, 16.0, 973.0, 746.0]
[0.0, 32.0, 974.0, 762.0]
[0.0, 0.0, 975.0, 731.0]
[16.0, 0.0, 992.0, 732.0]
[16.0, 0.0, 993.0, 733.0]
[0.0, 0.0, 978.0, 734.0]
[32.0, 0.0, 1011.0, 734.0]
[16.0, 16.0, 996.0, 751.0]
[32.0, 32.0, 1013.0, 768.0]
[32.0, 32.0, 1014.0, 768.0]
[16.0, 0.0, 999.0, 737.0]
[0.0, 16.0, 984.0, 754.0]
[0.0, 16.0, 985.0, 755.0]
[0.0, 16.0, 986.0, 756.0]
[16.0, 16.0, 1003.0, 756.0]
[32.0, 16.0, 1020.0, 757.0]
[16.0, 0.0, 1005.0, 742.0]
[16.0, 16.0, 1006.0, 758.0]
[0.0, 0.0, 991.0, 743.0]
[32.0, 0.0, 1024.0, 744.0]
[16.0, 16.0, 1009.0, 761.0]
[16.0, 16.0, 1010.0, 762.0]
[16.0, 0.0, 1011.0, 746.0]
[16.0, 16.0, 1012.0, 763.0]
[0.0, 0.0, 997.0, 748.0]
[16.0, 16.0, 1014.0, 764.0]
[0.0, 16.0, 999.0, 765.0]
[0.0, 0.0, 1000.0, 750.0]
[16.0, 16.0, 1017.0, 767.0]
[16.0, 16.0, 1018.0, 768.0]
[0.0, 0.0, 1003.0, 752.0]
[16.0, 0.0, 1020.0, 753.0]
[0.0, 0.0, 1005.0, 754.0]
[0.0, 0.0, 1006.0, 754.0]
[0.0, 0.0, 1007.0, 755.0]
[0.0, 0.0, 1008.0, 756.0]
[0.0, 0.0, 1009.0, 757.0]
[0.0, 0.0, 1010.0, 758.0]
[0.0, 0.0, 1011.0, 758.0]
[0.0, 0.0, 1012.0, 759.0]
[0.0, 0.0, 1013.0, 760.0]
[0.0, 0.0, 1014.0, 760.0]
[0.0, 0.0, 1015.0, 761.0]
[0.0, 0.0, 1016.0, 762.0]
[0.0, 0.0, 1017.0, 763.0]
[0.0, 0.0, 1018.0, 764.0]
[0.0, 0.0, 1019.0, 764.0]
