[96.0, 80.0, 813.0, 618.0]
[48.0, 112.0, 766.0, 650.0]
[224.0, 80.0, 943.0, 619.0]
[112.0, 112.0, 832.0, 652.0]
[208.0, 80.0, 929.0, 621.0]
[144.0, 80.0, 866.0, 622.0]
[112.0, 112.0, 835.0, 654.0]
[240.0, 112.0, 964.0, 655.0]
[208.0, 112.0, 933.0, 656.0]
[32.0, 112.0, 758.0, 656.0]
[192.0, 112.0, 919.0, 657.0]
[80.0, 112.0, 808.0, 658.0]
[32.0, 112.0, 761.0, 659.0]
[64.0, 112.0, 794.0, 660.0]
[48.0, 112.0, 779.0, 660.0]
[240.0, 80.0, 972.0, 629.0]
[48.0, 64.0, 781.0, 614.0]
[48.0, 96.0, 782.0, 646.0]
[224.0, 96.0, 959.0, 647.0]
[192.0, 128.0, 928.0, 680.0]
[144.0, 112.0, 881.0, 665.0]
[64.0, 112.0, 802.0, 666.0]
[128.0, 112.0, 867.0, 666.0]
[192.0, 64.0, 932.0, 619.0]
[48.0, 64.0, 789.0, 620.0]
[176.0, 96.0, 918.0, 652.0]
[128.0, 64.0, 871.0, 621.0]
[128.0, 96.0, 872.0, 654.0]
[32.0, 96.0, 777.0, 655.0]
[32.0, 80.0, 778.0, 640.0]
[64.0, 112.0, 811.0, 672.0]
[256.0, 96.0, 1004.0, 657.0]
[192.0, 96.0, 941.0, 658.0]
[176.0, 80.0, 926.0, 642.0]
[128.0, 48.0, 879.0, 611.0]
[0.0, 80.0, 752.0, 644.0]
[128.0, 112.0, 881.0, 677.0]
[80.0, 112.0, 834.0, 678.0]
[48.0, 64.0, 803.0, 630.0]
[16.0, 80.0, 772.0, 647.0]
[176.0, 80.0, 933.0, 648.0]
[96.0, 48.0, 854.0, 616.0]
[160.0, 96.0, 919.0, 665.0]
[48.0, 112.0, 808.0, 682.0]
[96.0, 64.0, 857.0, 635.0]
[64.0, 96.0, 826.0, 668.0]
[208.0, 96.0, 971.0, 668.0]
[144.0, 80.0, 908.0, 653.0]
[64.0, 96.0, 829.0, 670.0]
[64.0, 48.0, 830.0, 622.0]
[128.0, 64.0, 895.0, 639.0]
[32.0, 64.0, 800.0, 640.0]
[32.0, 64.0, 801.0, 641.0]
[224.0, 64.0, 994.0, 642.0]
[176.0, 96.0, 947.0, 674.0]
[16.0, 80.0, 788.0, 659.0]
[192.0, 64.0, 965.0, 644.0]
[224.0, 80.0, 998.0, 660.0]
[64.0, 80.0, 839.0, 661.0]
[240.0, 80.0, 1016.0, 662.0]
[112.0, 96.0, 889.0, 679.0]
[144.0, 64.0, 922.0, 648.0]
[192.0, 48.0, 971.0, 632.0]
[80.0, 48.0, 860.0, 633.0]
[96.0, 48.0, 877.0, 634.0]
[96.0, 64.0, 878.0, 650.0]
[224.0, 48.0, 1007.0, 635.0]
[64.0, 80.0, 848.0, 668.0]
[112.0, 64.0, 897.0, 653.0]
[144.0, 80.0, 930.0, 670.0]
[64.0, 32.0, 851.0, 622.0]
[80.0, 48.0, 868.0, 639.0]
[112.0, 48.0, 901.0, 640.0]
[224.0, 80.0, 1014.0, 672.0]
[0.0, 80.0, 791.0, 673.0]
[160.0, 48.0, 952.0, 642.0]
[80.0, 64.0, 873.0, 659.0]
[160.0, 32.0, 954.0, 628.0]
[96.0, 48.0, 891.0, 644.0]
[16.0, 64.0, 812.0, 661.0]
[144.0, 32.0, 941.0, 630.0]
[144.0, 16.0, 942.0, 614.0]
[208.0, 64.0, 1007.0, 663.0]
[96.0, 64.0, 896.0, 664.0]
[176.0, 64.0, 977.0, 665.0]
[192.0, 80.0, 994.0, 682.0]
[160.0, 32.0, 963.0, 634.0]
[176.0, 32.0, 980.0, 635.0]
[64.0, 64.0, 869.0, 668.0]
[144.0, 48.0, 950.0, 652.0]
[192.0, 32.0, 999.0, 637.0]
[64.0, 32.0, 872.0, 638.0]
[64.0, 48.0, 873.0, 655.0]
[80.0, 64.0, 890.0, 672.0]
[16.0, 64.0, 827.0, 672.0]
[16.0, 32.0, 828.0, 641.0]
[32.0, 32.0, 845.0, 642.0]
[112.0, 0.0, 926.0, 610.0]
[0.0, 32.0, 815.0, 643.0]
[80.0, 0.0, 896.0, 612.0]
[192.0, 16.0, 1009.0, 629.0]
[192.0, 48.0, 1010.0, 662.0]
[160.0, 0.0, 979.0, 614.0]
[192.0, 16.0, 1012.0, 631.0]
[64.0, 64.0, 885.0, 680.0]
[80.0, 64.0, 902.0, 680.0]
[48.0, 64.0, 871.0, 681.0]
[0.0, 48.0, 824.0, 666.0]
[112.0, 16.0, 937.0, 635.0]
[160.0, 32.0, 986.0, 652.0]
[144.0, 32.0, 971.0, 652.0]
[16.0, 48.0, 844.0, 669.0]
[48.0, 0.0, 877.0, 622.0]
[144.0, 48.0, 974.0, 670.0]
[64.0, 16.0, 895.0, 639.0]
[144.0, 0.0, 976.0, 624.0]
[64.0, 16.0, 897.0, 641.0]
[16.0, 0.0, 850.0, 626.0]
[48.0, 32.0, 883.0, 658.0]
[96.0, 32.0, 932.0, 659.0]
[96.0, 0.0, 933.0, 628.0]
[32.0, 16.0, 870.0, 644.0]
[32.0, 32.0, 871.0, 661.0]
[144.0, 32.0, 984.0, 662.0]
[112.0, 32.0, 953.0, 663.0]
[48.0, 48.0, 890.0, 680.0]
[48.0, 48.0, 891.0, 680.0]
[16.0, 16.0, 860.0, 649.0]
[128.0, 48.0, 973.0, 682.0]
[0.0, 48.0, 846.0, 682.0]
[96.0, 48.0, 943.0, 683.0]
[16.0, 16.0, 864.0, 652.0]
[48.0, 16.0, 897.0, 653.0]
[96.0, 16.0, 946.0, 654.0]
[0.0, 32.0, 851.0, 670.0]
[48.0, 32.0, 900.0, 671.0]
[112.0, 0.0, 965.0, 640.0]
[112.0, 32.0, 966.0, 672.0]
[48.0, 16.0, 903.0, 657.0]
[128.0, 32.0, 984.0, 674.0]
[80.0, 0.0, 937.0, 643.0]
[0.0, 32.0, 858.0, 676.0]
[0.0, 16.0, 859.0, 660.0]
[80.0, 16.0, 940.0, 661.0]
[144.0, 0.0, 1005.0, 646.0]
[64.0, 0.0, 926.0, 646.0]
[128.0, 32.0, 991.0, 679.0]
[112.0, 0.0, 976.0, 648.0]
[80.0, 32.0, 945.0, 681.0]
[48.0, 16.0, 914.0, 666.0]
[48.0, 32.0, 915.0, 682.0]
[112.0, 16.0, 980.0, 667.0]
[64.0, 0.0, 933.0, 652.0]
[80.0, 0.0, 950.0, 652.0]
[96.0, 0.0, 967.0, 653.0]
[144.0, 16.0, 1016.0, 670.0]
[16.0, 16.0, 889.0, 671.0]
[32.0, 0.0, 906.0, 656.0]
[64.0, 16.0, 939.0, 672.0]
[96.0, 0.0, 972.0, 657.0]
[96.0, 16.0, 973.0, 674.0]
[16.0, 16.0, 894.0, 674.0]
[16.0, 0.0, 895.0, 659.0]
[48.0, 16.0, 928.0, 676.0]
[80.0, 0.0, 961.0, 661.0]
[96.0, 0.0, 978.0, 662.0]
[128.0, 16.0, 1011.0, 678.0]
[96.0, 0.0, 980.0, 663.0]
[16.0, 0.0, 901.0, 664.0]
[96.0, 0.0, 982.0, 664.0]
[48.0, 16.0, 935.0, 681.0]
[96.0, 0.0, 984.0, 666.0]
[96.0, 0.0, 985.0, 667.0]
[64.0, 0.0, 954.0, 668.0]
[48.0, 0.0, 939.0, 668.0]
[80.0, 0.0, 972.0, 669.0]
[112.0, 0.0, 1005.0, 670.0]
[16.0, 0.0, 910.0, 670.0]
[48.0, 0.0, 943.0, 671.0]
[64.0, 0.0, 960.0, 672.0]
[96.0, 0.0, 993.0, 673.0]
[48.0, 0.0, 946.0, 674.0]
[16.0, 0.0, 915.0, 674.0]
[96.0, 0.0, 996.0, 675.0]
[32.0, 0.0, 933.0, 676.0]
[80.0, 0.0, 982.0, 676.0]
[32.0, 0.0, 935.0, 677.0]
[48.0, 0.0, 952.0, 678.0]
[112.0, 0.0, 1017.0, 679.0]
[32.0, 0.0, 938.0, 680.0]
[48.0, 0.0, 955.0, 680.0]
[112.0, 0.0, 1020.0, 681.0]
[80.0, 0.0, 989.0, 682.0]
[48.0, 0.0, 958.0, 682.0]
[16.0, 0.0, 927.0, 683.0]
