[16.0, 128.0, 733.0, 666.0]
[32.0, 64.0, 750.0, 602.0]
[112.0, 80.0, 831.0, 619.0]
[96.0, 112.0, 816.0, 652.0]
[16.0, 32.0, 737.0, 573.0]
[64.0, 96.0, 786.0, 638.0]
[96.0, 112.0, 819.0, 654.0]
[32.0, 128.0, 756.0, 671.0]
[64.0, 128.0, 789.0, 672.0]
[64.0, 112.0, 790.0, 656.0]
[64.0, 32.0, 791.0, 577.0]
[0.0, 0.0, 728.0, 546.0]
[112.0, 48.0, 841.0, 595.0]
[32.0, 96.0, 762.0, 644.0]
[80.0, 112.0, 811.0, 660.0]
[64.0, 16.0, 796.0, 565.0]
[64.0, 16.0, 797.0, 566.0]
[16.0, 16.0, 750.0, 566.0]
[16.0, 32.0, 751.0, 583.0]
[96.0, 96.0, 832.0, 648.0]
[64.0, 16.0, 801.0, 569.0]
[80.0, 32.0, 818.0, 586.0]
[16.0, 64.0, 755.0, 618.0]
[32.0, 80.0, 772.0, 635.0]
[16.0, 16.0, 757.0, 572.0]
[112.0, 48.0, 854.0, 604.0]
[48.0, 80.0, 791.0, 637.0]
[0.0, 112.0, 744.0, 670.0]
[32.0, 48.0, 777.0, 607.0]
[16.0, 32.0, 762.0, 592.0]
[16.0, 0.0, 763.0, 560.0]
[32.0, 32.0, 780.0, 593.0]
[16.0, 16.0, 765.0, 578.0]
[48.0, 48.0, 798.0, 610.0]
[32.0, 96.0, 783.0, 659.0]
[48.0, 112.0, 800.0, 676.0]
[32.0, 112.0, 785.0, 677.0]
[64.0, 64.0, 818.0, 630.0]
[96.0, 48.0, 851.0, 614.0]
[0.0, 80.0, 756.0, 647.0]
[16.0, 16.0, 773.0, 584.0]
[64.0, 32.0, 822.0, 600.0]
[80.0, 32.0, 839.0, 601.0]
[32.0, 96.0, 792.0, 666.0]
[32.0, 64.0, 793.0, 635.0]
[16.0, 32.0, 778.0, 604.0]
[80.0, 96.0, 843.0, 668.0]
[0.0, 32.0, 764.0, 605.0]
[0.0, 48.0, 765.0, 622.0]
[80.0, 32.0, 846.0, 606.0]
[64.0, 80.0, 831.0, 655.0]
[64.0, 16.0, 832.0, 592.0]
[32.0, 64.0, 801.0, 641.0]
[32.0, 16.0, 802.0, 594.0]
[64.0, 32.0, 835.0, 610.0]
[32.0, 0.0, 804.0, 579.0]
[32.0, 32.0, 805.0, 612.0]
[64.0, 80.0, 838.0, 660.0]
[64.0, 80.0, 839.0, 661.0]
[64.0, 32.0, 840.0, 614.0]
[48.0, 80.0, 825.0, 663.0]
[32.0, 0.0, 810.0, 584.0]
[48.0, 64.0, 827.0, 648.0]
[32.0, 64.0, 812.0, 649.0]
[16.0, 64.0, 797.0, 650.0]
[64.0, 32.0, 846.0, 618.0]
[0.0, 80.0, 783.0, 667.0]
[16.0, 32.0, 800.0, 620.0]
[64.0, 16.0, 849.0, 605.0]
[48.0, 48.0, 834.0, 638.0]
[32.0, 80.0, 819.0, 670.0]
[48.0, 80.0, 836.0, 671.0]
[0.0, 48.0, 789.0, 640.0]
[0.0, 32.0, 790.0, 624.0]
[48.0, 64.0, 839.0, 657.0]
[64.0, 64.0, 856.0, 658.0]
[0.0, 80.0, 793.0, 675.0]
[48.0, 64.0, 842.0, 660.0]
[0.0, 80.0, 795.0, 676.0]
[0.0, 80.0, 796.0, 677.0]
[16.0, 64.0, 813.0, 662.0]
[48.0, 48.0, 846.0, 646.0]
[16.0, 32.0, 815.0, 631.0]
[32.0, 0.0, 832.0, 600.0]
[48.0, 48.0, 849.0, 649.0]
[0.0, 48.0, 802.0, 650.0]
[48.0, 16.0, 851.0, 618.0]
[0.0, 80.0, 804.0, 683.0]
[16.0, 16.0, 821.0, 620.0]
[16.0, 64.0, 822.0, 668.0]
[48.0, 48.0, 855.0, 653.0]
[0.0, 64.0, 808.0, 670.0]
[0.0, 0.0, 809.0, 607.0]
[32.0, 64.0, 842.0, 672.0]
[16.0, 32.0, 827.0, 640.0]
[32.0, 16.0, 844.0, 625.0]
[16.0, 32.0, 829.0, 642.0]
[32.0, 32.0, 846.0, 642.0]
[0.0, 48.0, 815.0, 659.0]
[16.0, 48.0, 832.0, 660.0]
