[128.0, 32.0, 845.0, 570.0]
[112.0, 48.0, 830.0, 586.0]
[144.0, 48.0, 863.0, 587.0]
[112.0, 0.0, 832.0, 540.0]
[32.0, 0.0, 753.0, 541.0]
[192.0, 16.0, 914.0, 558.0]
[64.0, 32.0, 787.0, 574.0]
[64.0, 0.0, 788.0, 543.0]
[48.0, 80.0, 773.0, 624.0]
[176.0, 0.0, 902.0, 544.0]
[80.0, 0.0, 807.0, 545.0]
[16.0, 32.0, 744.0, 578.0]
[96.0, 96.0, 825.0, 643.0]
[80.0, 64.0, 810.0, 612.0]
[144.0, 80.0, 875.0, 628.0]
[192.0, 32.0, 924.0, 581.0]
[0.0, 32.0, 733.0, 582.0]
[112.0, 16.0, 846.0, 566.0]
[144.0, 16.0, 879.0, 567.0]
[32.0, 16.0, 768.0, 568.0]
[144.0, 16.0, 881.0, 569.0]
[80.0, 64.0, 818.0, 618.0]
[16.0, 48.0, 755.0, 602.0]
[48.0, 96.0, 788.0, 651.0]
[176.0, 48.0, 917.0, 604.0]
[64.0, 16.0, 806.0, 572.0]
[96.0, 80.0, 839.0, 637.0]
[64.0, 32.0, 808.0, 590.0]
[208.0, 48.0, 953.0, 607.0]
[112.0, 48.0, 858.0, 608.0]
[32.0, 80.0, 779.0, 640.0]
[224.0, 32.0, 972.0, 593.0]
[128.0, 16.0, 877.0, 578.0]
[96.0, 16.0, 846.0, 578.0]
[80.0, 32.0, 831.0, 595.0]
[176.0, 48.0, 928.0, 612.0]
[160.0, 48.0, 913.0, 613.0]
[0.0, 0.0, 754.0, 566.0]
[0.0, 32.0, 755.0, 598.0]
[16.0, 64.0, 772.0, 631.0]
[0.0, 48.0, 757.0, 616.0]
[96.0, 0.0, 854.0, 568.0]
[16.0, 32.0, 775.0, 601.0]
[0.0, 64.0, 760.0, 634.0]
[16.0, 16.0, 777.0, 587.0]
[80.0, 80.0, 842.0, 652.0]
[160.0, 48.0, 923.0, 620.0]
[160.0, 48.0, 924.0, 621.0]
[128.0, 32.0, 893.0, 606.0]
[0.0, 0.0, 766.0, 574.0]
[128.0, 64.0, 895.0, 639.0]
[112.0, 64.0, 880.0, 640.0]
[48.0, 64.0, 817.0, 641.0]
[80.0, 48.0, 850.0, 626.0]
[176.0, 64.0, 947.0, 642.0]
[80.0, 80.0, 852.0, 659.0]
[144.0, 48.0, 917.0, 628.0]
[80.0, 48.0, 854.0, 628.0]
[128.0, 32.0, 903.0, 613.0]
[80.0, 80.0, 856.0, 662.0]
[160.0, 48.0, 937.0, 631.0]
[176.0, 0.0, 954.0, 584.0]
[96.0, 64.0, 875.0, 648.0]
[144.0, 48.0, 924.0, 633.0]
[64.0, 32.0, 845.0, 618.0]
[80.0, 0.0, 862.0, 586.0]
[96.0, 80.0, 879.0, 667.0]
[0.0, 48.0, 784.0, 636.0]
[112.0, 80.0, 897.0, 669.0]
[32.0, 48.0, 818.0, 638.0]
[48.0, 48.0, 835.0, 638.0]
[160.0, 0.0, 948.0, 591.0]
[144.0, 48.0, 933.0, 640.0]
[176.0, 0.0, 966.0, 592.0]
[64.0, 0.0, 855.0, 593.0]
[32.0, 48.0, 824.0, 642.0]
[96.0, 32.0, 889.0, 627.0]
[176.0, 16.0, 970.0, 612.0]
[144.0, 32.0, 939.0, 628.0]
[16.0, 32.0, 812.0, 629.0]
[176.0, 0.0, 973.0, 598.0]
[64.0, 80.0, 862.0, 678.0]
[32.0, 48.0, 831.0, 647.0]
[128.0, 48.0, 928.0, 648.0]
[176.0, 16.0, 977.0, 617.0]
[16.0, 48.0, 818.0, 650.0]
[128.0, 0.0, 931.0, 602.0]
[80.0, 32.0, 884.0, 635.0]
[192.0, 0.0, 997.0, 604.0]
[32.0, 0.0, 838.0, 604.0]
[144.0, 0.0, 951.0, 605.0]
[128.0, 16.0, 936.0, 622.0]
[144.0, 16.0, 953.0, 623.0]
[160.0, 0.0, 970.0, 608.0]
[144.0, 0.0, 955.0, 608.0]
[144.0, 0.0, 956.0, 609.0]
[16.0, 16.0, 829.0, 626.0]
[128.0, 0.0, 942.0, 610.0]
[128.0, 32.0, 943.0, 643.0]
[128.0, 0.0, 944.0, 612.0]
[48.0, 48.0, 865.0, 661.0]
[48.0, 16.0, 866.0, 630.0]
[48.0, 48.0, 867.0, 662.0]
[48.0, 0.0, 868.0, 615.0]
[16.0, 16.0, 837.0, 632.0]
[48.0, 32.0, 870.0, 648.0]
[32.0, 48.0, 855.0, 665.0]
[96.0, 64.0, 920.0, 682.0]
[16.0, 64.0, 841.0, 683.0]
[64.0, 16.0, 890.0, 636.0]
[128.0, 0.0, 955.0, 620.0]
[16.0, 32.0, 844.0, 653.0]
[160.0, 16.0, 989.0, 638.0]
[0.0, 0.0, 830.0, 622.0]
[32.0, 0.0, 863.0, 623.0]
[64.0, 16.0, 896.0, 640.0]
[144.0, 32.0, 977.0, 657.0]
[0.0, 48.0, 834.0, 674.0]
[16.0, 48.0, 851.0, 674.0]
[16.0, 0.0, 852.0, 627.0]
[96.0, 0.0, 933.0, 628.0]
[80.0, 16.0, 918.0, 644.0]
[144.0, 32.0, 983.0, 661.0]
[0.0, 48.0, 840.0, 678.0]
[96.0, 32.0, 937.0, 663.0]
[0.0, 16.0, 842.0, 648.0]
[96.0, 16.0, 939.0, 648.0]
[32.0, 16.0, 876.0, 649.0]
[128.0, 0.0, 973.0, 634.0]
[128.0, 48.0, 974.0, 682.0]
[96.0, 32.0, 943.0, 667.0]
[112.0, 16.0, 960.0, 652.0]
[112.0, 16.0, 961.0, 653.0]
[96.0, 16.0, 946.0, 654.0]
[0.0, 0.0, 851.0, 638.0]
[0.0, 16.0, 852.0, 655.0]
[48.0, 16.0, 901.0, 656.0]
[48.0, 32.0, 902.0, 672.0]
[128.0, 32.0, 983.0, 673.0]
[64.0, 16.0, 920.0, 658.0]
[32.0, 16.0, 889.0, 659.0]
[80.0, 0.0, 938.0, 644.0]
[48.0, 32.0, 907.0, 676.0]
[112.0, 32.0, 972.0, 677.0]
[112.0, 32.0, 973.0, 678.0]
[0.0, 32.0, 862.0, 678.0]
[32.0, 0.0, 895.0, 647.0]
[0.0, 0.0, 864.0, 648.0]
[64.0, 0.0, 929.0, 649.0]
[48.0, 32.0, 914.0, 682.0]
[64.0, 16.0, 931.0, 666.0]
[16.0, 32.0, 884.0, 683.0]
[112.0, 16.0, 981.0, 668.0]
[96.0, 16.0, 966.0, 668.0]
[16.0, 16.0, 887.0, 669.0]
[112.0, 0.0, 984.0, 654.0]
[128.0, 0.0, 1001.0, 655.0]
[80.0, 16.0, 954.0, 672.0]
[96.0, 16.0, 971.0, 672.0]
[128.0, 16.0, 1004.0, 673.0]
[96.0, 16.0, 973.0, 674.0]
[32.0, 0.0, 910.0, 658.0]
[32.0, 16.0, 911.0, 675.0]
[32.0, 16.0, 912.0, 676.0]
[112.0, 16.0, 993.0, 677.0]
[112.0, 0.0, 994.0, 662.0]
[112.0, 16.0, 995.0, 678.0]
[112.0, 0.0, 996.0, 663.0]
[16.0, 16.0, 901.0, 680.0]
[64.0, 0.0, 950.0, 664.0]
[96.0, 16.0, 983.0, 681.0]
[32.0, 16.0, 920.0, 682.0]
[16.0, 16.0, 905.0, 683.0]
[80.0, 0.0, 970.0, 668.0]
[96.0, 0.0, 987.0, 668.0]
[64.0, 0.0, 956.0, 669.0]
[64.0, 0.0, 957.0, 670.0]
[112.0, 0.0, 1006.0, 670.0]
[48.0, 0.0, 943.0, 671.0]
[96.0, 0.0, 992.0, 672.0]
[32.0, 0.0, 929.0, 673.0]
[64.0, 0.0, 962.0, 674.0]
[32.0, 0.0, 931.0, 674.0]
[32.0, 0.0, 932.0, 675.0]
[48.0, 0.0, 949.0, 676.0]
[16.0, 0.0, 918.0, 676.0]
[80.0, 0.0, 983.0, 677.0]
[80.0, 0.0, 984.0, 678.0]
[64.0, 0.0, 969.0, 679.0]
[80.0, 0.0, 986.0, 680.0]
[32.0, 0.0, 939.0, 680.0]
[96.0, 0.0, 1004.0, 681.0]
[0.0, 0.0, 909.0, 682.0]
[16.0, 0.0, 926.0, 682.0]
[16.0, 0.0, 927.0, 683.0]
