[32.0, 288.0, 570.0, 1005.0]
[112.0, 240.0, 650.0, 958.0]
[64.0, 272.0, 603.0, 991.0]
[0.0, 272.0, 540.0, 992.0]
[80.0, 224.0, 621.0, 945.0]
[80.0, 224.0, 622.0, 946.0]
[96.0, 256.0, 638.0, 979.0]
[128.0, 224.0, 671.0, 948.0]
[144.0, 256.0, 688.0, 981.0]
[80.0, 208.0, 624.0, 934.0]
[112.0, 288.0, 657.0, 1015.0]
[144.0, 240.0, 690.0, 968.0]
[48.0, 224.0, 595.0, 953.0]
[0.0, 256.0, 548.0, 986.0]
[112.0, 256.0, 660.0, 987.0]
[48.0, 224.0, 597.0, 956.0]
[80.0, 192.0, 630.0, 925.0]
[32.0, 240.0, 582.0, 974.0]
[96.0, 288.0, 647.0, 1023.0]
[48.0, 192.0, 600.0, 928.0]
[112.0, 208.0, 665.0, 945.0]
[32.0, 208.0, 586.0, 946.0]
[0.0, 256.0, 554.0, 995.0]
[64.0, 256.0, 619.0, 996.0]
[32.0, 256.0, 588.0, 997.0]
[96.0, 272.0, 652.0, 1014.0]
[112.0, 224.0, 669.0, 967.0]
[96.0, 240.0, 654.0, 984.0]
[96.0, 192.0, 655.0, 937.0]
[16.0, 240.0, 576.0, 986.0]
[16.0, 272.0, 576.0, 1019.0]
[80.0, 256.0, 641.0, 1004.0]
[96.0, 272.0, 658.0, 1021.0]
[112.0, 272.0, 674.0, 1022.0]
[96.0, 192.0, 659.0, 943.0]
[80.0, 272.0, 644.0, 1024.0]
[48.0, 256.0, 613.0, 1009.0]
[128.0, 240.0, 694.0, 994.0]
[64.0, 208.0, 630.0, 963.0]
[64.0, 176.0, 631.0, 932.0]
[32.0, 208.0, 600.0, 965.0]
[80.0, 192.0, 648.0, 950.0]
[48.0, 176.0, 617.0, 935.0]
[112.0, 224.0, 682.0, 984.0]
[128.0, 224.0, 699.0, 985.0]
[96.0, 176.0, 668.0, 938.0]
[0.0, 224.0, 572.0, 987.0]
[16.0, 224.0, 589.0, 988.0]
[112.0, 208.0, 686.0, 973.0]
[48.0, 208.0, 622.0, 974.0]
[112.0, 240.0, 687.0, 1007.0]
[80.0, 160.0, 656.0, 928.0]
[64.0, 224.0, 641.0, 993.0]
[64.0, 224.0, 642.0, 994.0]
[0.0, 208.0, 578.0, 979.0]
[64.0, 160.0, 643.0, 932.0]
[64.0, 208.0, 644.0, 981.0]
[0.0, 240.0, 580.0, 1014.0]
[112.0, 240.0, 693.0, 1015.0]
[32.0, 160.0, 614.0, 936.0]
[96.0, 192.0, 679.0, 969.0]
[32.0, 240.0, 616.0, 1018.0]
[48.0, 208.0, 632.0, 987.0]
[64.0, 224.0, 649.0, 1004.0]
[64.0, 176.0, 650.0, 957.0]
[32.0, 240.0, 618.0, 1022.0]
[64.0, 192.0, 651.0, 975.0]
[112.0, 208.0, 700.0, 992.0]
[16.0, 224.0, 605.0, 1009.0]
[96.0, 176.0, 686.0, 962.0]
[96.0, 192.0, 686.0, 979.0]
[80.0, 160.0, 671.0, 948.0]
[32.0, 160.0, 624.0, 949.0]
[48.0, 192.0, 640.0, 982.0]
[48.0, 192.0, 641.0, 983.0]
[80.0, 176.0, 674.0, 968.0]
[48.0, 224.0, 643.0, 1017.0]
[64.0, 224.0, 660.0, 1018.0]
[96.0, 224.0, 692.0, 1019.0]
[80.0, 160.0, 677.0, 956.0]
[48.0, 176.0, 646.0, 973.0]
[32.0, 192.0, 630.0, 990.0]
[16.0, 224.0, 615.0, 1023.0]
[32.0, 160.0, 632.0, 960.0]
[16.0, 160.0, 617.0, 961.0]
[64.0, 160.0, 666.0, 962.0]
[80.0, 160.0, 682.0, 963.0]
[48.0, 160.0, 651.0, 964.0]
[64.0, 192.0, 668.0, 997.0]
[16.0, 192.0, 620.0, 998.0]
[32.0, 208.0, 637.0, 1015.0]
[48.0, 160.0, 654.0, 968.0]
[0.0, 208.0, 607.0, 1017.0]
[64.0, 176.0, 672.0, 986.0]
[16.0, 208.0, 624.0, 1019.0]
[32.0, 160.0, 641.0, 972.0]
[32.0, 176.0, 642.0, 989.0]
[32.0, 192.0, 642.0, 1006.0]
[0.0, 208.0, 611.0, 1023.0]
[48.0, 176.0, 660.0, 992.0]
[64.0, 176.0, 677.0, 993.0]
[32.0, 176.0, 646.0, 994.0]
[16.0, 160.0, 630.0, 979.0]
[80.0, 176.0, 695.0, 996.0]
[16.0, 192.0, 632.0, 1013.0]
[16.0, 160.0, 632.0, 982.0]
[0.0, 192.0, 617.0, 1015.0]
[48.0, 160.0, 666.0, 984.0]
[32.0, 176.0, 651.0, 1001.0]
[64.0, 176.0, 684.0, 1002.0]
[48.0, 160.0, 668.0, 987.0]
