[32.0, 96.0, 749.0, 634.0]
[176.0, 96.0, 894.0, 634.0]
[176.0, 112.0, 895.0, 651.0]
[48.0, 96.0, 768.0, 636.0]
[224.0, 112.0, 945.0, 653.0]
[224.0, 80.0, 946.0, 622.0]
[112.0, 80.0, 835.0, 622.0]
[256.0, 64.0, 980.0, 607.0]
[256.0, 80.0, 981.0, 624.0]
[240.0, 80.0, 966.0, 624.0]
[256.0, 112.0, 983.0, 657.0]
[192.0, 80.0, 920.0, 626.0]
[256.0, 64.0, 985.0, 611.0]
[144.0, 96.0, 874.0, 644.0]
[64.0, 64.0, 795.0, 612.0]
[80.0, 96.0, 812.0, 645.0]
[112.0, 80.0, 845.0, 630.0]
[208.0, 80.0, 942.0, 630.0]
[256.0, 96.0, 991.0, 647.0]
[176.0, 80.0, 912.0, 632.0]
[128.0, 96.0, 865.0, 649.0]
[160.0, 80.0, 898.0, 634.0]
[160.0, 80.0, 899.0, 634.0]
[112.0, 112.0, 852.0, 667.0]
[208.0, 80.0, 949.0, 636.0]
[128.0, 112.0, 870.0, 668.0]
[240.0, 80.0, 983.0, 637.0]
[48.0, 80.0, 792.0, 638.0]
[64.0, 96.0, 809.0, 655.0]
[192.0, 80.0, 938.0, 640.0]
[160.0, 112.0, 907.0, 672.0]
[176.0, 48.0, 924.0, 609.0]
[208.0, 112.0, 957.0, 674.0]
[32.0, 64.0, 782.0, 626.0]
[48.0, 80.0, 799.0, 643.0]
[176.0, 96.0, 928.0, 660.0]
[224.0, 96.0, 977.0, 661.0]
[224.0, 64.0, 978.0, 630.0]
[96.0, 112.0, 851.0, 678.0]
[32.0, 96.0, 788.0, 663.0]
[176.0, 80.0, 933.0, 648.0]
[208.0, 64.0, 966.0, 632.0]
[16.0, 80.0, 775.0, 649.0]
[192.0, 64.0, 952.0, 634.0]
[96.0, 96.0, 857.0, 667.0]
[128.0, 64.0, 890.0, 636.0]
[176.0, 96.0, 939.0, 668.0]
[160.0, 64.0, 924.0, 637.0]
[144.0, 80.0, 909.0, 654.0]
[144.0, 32.0, 910.0, 606.0]
[64.0, 32.0, 831.0, 607.0]
[32.0, 48.0, 800.0, 624.0]
[160.0, 112.0, 929.0, 689.0]
[160.0, 80.0, 930.0, 658.0]
[208.0, 112.0, 979.0, 690.0]
[48.0, 80.0, 820.0, 659.0]
[112.0, 96.0, 885.0, 676.0]
[112.0, 64.0, 886.0, 644.0]
[112.0, 80.0, 887.0, 661.0]
[96.0, 96.0, 872.0, 678.0]
[96.0, 64.0, 873.0, 647.0]
[144.0, 64.0, 922.0, 648.0]
[112.0, 112.0, 891.0, 696.0]
[32.0, 112.0, 812.0, 697.0]
[144.0, 32.0, 925.0, 618.0]
[128.0, 16.0, 910.0, 602.0]
[48.0, 64.0, 831.0, 651.0]
[224.0, 80.0, 1008.0, 668.0]
[144.0, 96.0, 929.0, 685.0]
[208.0, 112.0, 994.0, 702.0]
[112.0, 112.0, 899.0, 702.0]
[96.0, 16.0, 884.0, 607.0]
[176.0, 80.0, 965.0, 672.0]
[80.0, 48.0, 870.0, 640.0]
[128.0, 112.0, 919.0, 705.0]
[144.0, 64.0, 936.0, 658.0]
[208.0, 80.0, 1001.0, 675.0]
[144.0, 80.0, 938.0, 676.0]
[64.0, 16.0, 859.0, 612.0]
[224.0, 48.0, 1020.0, 645.0]
[64.0, 32.0, 861.0, 630.0]
[32.0, 112.0, 830.0, 710.0]
[144.0, 16.0, 943.0, 615.0]
[0.0, 64.0, 800.0, 664.0]
[160.0, 80.0, 961.0, 681.0]
[48.0, 32.0, 850.0, 634.0]
[112.0, 64.0, 915.0, 666.0]
[112.0, 64.0, 916.0, 667.0]
[48.0, 32.0, 853.0, 636.0]
[96.0, 48.0, 902.0, 652.0]
[48.0, 112.0, 855.0, 717.0]
[48.0, 16.0, 856.0, 622.0]
[192.0, 112.0, 1001.0, 719.0]
[16.0, 48.0, 826.0, 656.0]
[160.0, 32.0, 971.0, 640.0]
[176.0, 80.0, 988.0, 689.0]
[80.0, 32.0, 893.0, 642.0]
[64.0, 16.0, 878.0, 626.0]
[48.0, 112.0, 863.0, 723.0]
[48.0, 32.0, 864.0, 644.0]
[48.0, 96.0, 865.0, 709.0]
[80.0, 48.0, 898.0, 662.0]
[0.0, 64.0, 819.0, 678.0]
[64.0, 64.0, 884.0, 679.0]
[160.0, 16.0, 981.0, 632.0]
[128.0, 48.0, 950.0, 664.0]
[160.0, 32.0, 983.0, 649.0]
[48.0, 48.0, 872.0, 666.0]
[80.0, 0.0, 905.0, 619.0]
[112.0, 80.0, 938.0, 700.0]
[64.0, 96.0, 891.0, 716.0]
[112.0, 16.0, 940.0, 637.0]
[128.0, 48.0, 957.0, 670.0]
[176.0, 80.0, 1006.0, 702.0]
[0.0, 32.0, 831.0, 655.0]
[32.0, 16.0, 864.0, 640.0]
[128.0, 48.0, 961.0, 673.0]
[32.0, 0.0, 866.0, 626.0]
[16.0, 32.0, 851.0, 658.0]
[160.0, 64.0, 996.0, 691.0]
[96.0, 32.0, 933.0, 660.0]
[128.0, 16.0, 966.0, 644.0]
[64.0, 96.0, 903.0, 725.0]
[176.0, 96.0, 1016.0, 726.0]
[96.0, 96.0, 937.0, 727.0]
[128.0, 80.0, 970.0, 712.0]
[64.0, 80.0, 907.0, 712.0]
[32.0, 16.0, 876.0, 649.0]
[160.0, 32.0, 1005.0, 666.0]
[0.0, 64.0, 846.0, 698.0]
[176.0, 0.0, 1023.0, 635.0]
[48.0, 80.0, 896.0, 716.0]
[48.0, 48.0, 897.0, 685.0]
[144.0, 64.0, 994.0, 702.0]
[144.0, 16.0, 995.0, 654.0]
[160.0, 48.0, 1012.0, 687.0]
[96.0, 64.0, 949.0, 704.0]
[112.0, 0.0, 966.0, 640.0]
[0.0, 16.0, 855.0, 657.0]
[160.0, 0.0, 1016.0, 642.0]
[144.0, 48.0, 1001.0, 691.0]
[112.0, 16.0, 970.0, 660.0]
[16.0, 80.0, 875.0, 724.0]
[64.0, 16.0, 924.0, 661.0]
[80.0, 64.0, 941.0, 710.0]
[160.0, 0.0, 1022.0, 646.0]
[160.0, 0.0, 1023.0, 647.0]
[112.0, 48.0, 976.0, 696.0]
[48.0, 16.0, 913.0, 665.0]
[80.0, 48.0, 946.0, 698.0]
[96.0, 48.0, 963.0, 698.0]
[112.0, 64.0, 980.0, 715.0]
[128.0, 48.0, 997.0, 700.0]
[64.0, 64.0, 934.0, 716.0]
[48.0, 48.0, 919.0, 701.0]
[64.0, 32.0, 936.0, 686.0]
[64.0, 64.0, 937.0, 719.0]
[144.0, 64.0, 1018.0, 720.0]
[128.0, 32.0, 1003.0, 688.0]
[64.0, 0.0, 940.0, 657.0]
[16.0, 16.0, 893.0, 674.0]
[48.0, 0.0, 926.0, 658.0]
[128.0, 0.0, 1007.0, 659.0]
[96.0, 0.0, 976.0, 660.0]
[48.0, 32.0, 929.0, 693.0]
[64.0, 64.0, 946.0, 726.0]
[64.0, 64.0, 947.0, 726.0]
[32.0, 48.0, 916.0, 711.0]
[32.0, 64.0, 917.0, 728.0]
[64.0, 32.0, 950.0, 696.0]
[112.0, 16.0, 999.0, 681.0]
[112.0, 16.0, 1000.0, 682.0]
[64.0, 0.0, 953.0, 667.0]
[16.0, 48.0, 906.0, 716.0]
[80.0, 16.0, 971.0, 684.0]
[96.0, 0.0, 988.0, 669.0]
[64.0, 48.0, 957.0, 718.0]
[128.0, 16.0, 1022.0, 686.0]
[80.0, 48.0, 975.0, 719.0]
[16.0, 32.0, 912.0, 704.0]
[16.0, 32.0, 913.0, 705.0]
[16.0, 16.0, 914.0, 690.0]
[80.0, 48.0, 979.0, 722.0]
[48.0, 48.0, 948.0, 723.0]
[16.0, 32.0, 917.0, 708.0]
[48.0, 16.0, 950.0, 692.0]
[16.0, 0.0, 919.0, 677.0]
[64.0, 0.0, 968.0, 678.0]
[64.0, 32.0, 969.0, 711.0]
[112.0, 48.0, 1018.0, 728.0]
[64.0, 0.0, 971.0, 680.0]
[80.0, 0.0, 988.0, 681.0]
[0.0, 16.0, 909.0, 698.0]
[64.0, 32.0, 974.0, 714.0]
[64.0, 16.0, 975.0, 699.0]
[80.0, 16.0, 992.0, 700.0]
[96.0, 32.0, 1009.0, 717.0]
[16.0, 32.0, 930.0, 718.0]
[0.0, 16.0, 915.0, 702.0]
[32.0, 0.0, 948.0, 687.0]
[96.0, 16.0, 1013.0, 704.0]
[64.0, 32.0, 982.0, 720.0]
[96.0, 32.0, 1015.0, 721.0]
[16.0, 16.0, 936.0, 706.0]
[64.0, 16.0, 985.0, 707.0]
[0.0, 32.0, 922.0, 724.0]
[80.0, 32.0, 1003.0, 724.0]
[0.0, 0.0, 924.0, 693.0]
[48.0, 0.0, 973.0, 694.0]
[80.0, 32.0, 1006.0, 726.0]
[80.0, 32.0, 1007.0, 727.0]
[32.0, 16.0, 960.0, 712.0]
[64.0, 16.0, 993.0, 713.0]
[80.0, 16.0, 1010.0, 714.0]
[16.0, 0.0, 947.0, 698.0]
[16.0, 0.0, 948.0, 699.0]
[80.0, 0.0, 1013.0, 700.0]
[16.0, 0.0, 950.0, 700.0]
[32.0, 0.0, 967.0, 701.0]
[48.0, 0.0, 984.0, 702.0]
[64.0, 16.0, 1001.0, 719.0]
[80.0, 0.0, 1018.0, 704.0]
[32.0, 16.0, 971.0, 720.0]
[16.0, 16.0, 956.0, 721.0]
[16.0, 16.0, 957.0, 722.0]
[16.0, 16.0, 958.0, 722.0]
[0.0, 16.0, 943.0, 723.0]
[48.0, 0.0, 992.0, 708.0]
[16.0, 16.0, 961.0, 725.0]
[16.0, 0.0, 962.0, 710.0]
[32.0, 0.0, 979.0, 710.0]
[16.0, 16.0, 964.0, 727.0]
[0.0, 16.0, 949.0, 728.0]
[48.0, 16.0, 998.0, 728.0]
[32.0, 0.0, 983.0, 713.0]
[0.0, 0.0, 952.0, 714.0]
[0.0, 0.0, 953.0, 715.0]
[16.0, 0.0, 970.0, 716.0]
[64.0, 0.0, 1019.0, 716.0]
[48.0, 0.0, 1004.0, 717.0]
[0.0, 0.0, 957.0, 718.0]
[16.0, 0.0, 974.0, 718.0]
[64.0, 0.0, 1023.0, 719.0]
[16.0, 0.0, 976.0, 720.0]
[32.0, 0.0, 993.0, 721.0]
[0.0, 0.0, 962.0, 722.0]
[16.0, 0.0, 979.0, 722.0]
[16.0, 0.0, 980.0, 723.0]
[0.0, 0.0, 965.0, 724.0]
[0.0, 0.0, 966.0, 724.0]
[48.0, 0.0, 1015.0, 725.0]
[48.0, 0.0, 1016.0, 726.0]
[48.0, 0.0, 1017.0, 727.0]
[16.0, 0.0, 986.0, 728.0]
[0.0, 0.0, 971.0, 728.0]
