[144.0, 96.0, 784.0, 949.0]
[192.0, 112.0, 832.0, 966.0]
[128.0, 64.0, 769.0, 919.0]
[160.0, 112.0, 802.0, 968.0]
[48.0, 96.0, 691.0, 953.0]
[48.0, 96.0, 692.0, 954.0]
[112.0, 128.0, 756.0, 987.0]
[96.0, 112.0, 741.0, 972.0]
[96.0, 128.0, 742.0, 989.0]
[48.0, 64.0, 694.0, 926.0]
[144.0, 112.0, 791.0, 975.0]
[32.0, 64.0, 680.0, 928.0]
[128.0, 96.0, 777.0, 961.0]
[48.0, 96.0, 698.0, 962.0]
[48.0, 80.0, 698.0, 947.0]
[32.0, 112.0, 683.0, 980.0]
[96.0, 80.0, 748.0, 949.0]
[80.0, 112.0, 732.0, 982.0]
[128.0, 64.0, 781.0, 935.0]
[64.0, 32.0, 718.0, 904.0]
[80.0, 32.0, 735.0, 905.0]
[176.0, 64.0, 832.0, 938.0]
[48.0, 48.0, 704.0, 923.0]
[128.0, 80.0, 785.0, 956.0]
[128.0, 80.0, 786.0, 957.0]
[48.0, 64.0, 706.0, 942.0]
[128.0, 80.0, 787.0, 959.0]
[224.0, 112.0, 884.0, 992.0]
[160.0, 128.0, 821.0, 1009.0]
[80.0, 96.0, 742.0, 978.0]
[208.0, 64.0, 870.0, 947.0]
[192.0, 48.0, 855.0, 932.0]
[128.0, 128.0, 792.0, 1013.0]
[64.0, 32.0, 728.0, 918.0]
[224.0, 96.0, 889.0, 983.0]
[112.0, 112.0, 778.0, 1000.0]
[32.0, 16.0, 699.0, 905.0]
[48.0, 128.0, 716.0, 1018.0]
[64.0, 80.0, 732.0, 971.0]
[176.0, 48.0, 845.0, 940.0]
[160.0, 32.0, 830.0, 925.0]
[144.0, 80.0, 814.0, 974.0]
[48.0, 80.0, 719.0, 975.0]
[144.0, 32.0, 816.0, 928.0]
[16.0, 48.0, 689.0, 945.0]
[144.0, 48.0, 818.0, 946.0]
[16.0, 96.0, 690.0, 995.0]
[144.0, 112.0, 819.0, 1012.0]
[80.0, 32.0, 756.0, 933.0]
[160.0, 80.0, 836.0, 982.0]
[32.0, 80.0, 709.0, 983.0]
[128.0, 112.0, 806.0, 1016.0]
[48.0, 64.0, 727.0, 969.0]
[64.0, 0.0, 744.0, 906.0]
[48.0, 96.0, 728.0, 1003.0]
[208.0, 16.0, 889.0, 924.0]
[144.0, 96.0, 826.0, 1005.0]
[80.0, 112.0, 762.0, 1022.0]
[176.0, 96.0, 859.0, 1007.0]
[128.0, 48.0, 812.0, 960.0]
[16.0, 96.0, 701.0, 1009.0]
[64.0, 96.0, 750.0, 1010.0]
[112.0, 0.0, 798.0, 915.0]
[16.0, 0.0, 703.0, 916.0]
[160.0, 32.0, 848.0, 949.0]
[208.0, 64.0, 896.0, 982.0]
[160.0, 48.0, 849.0, 967.0]
[16.0, 80.0, 706.0, 1000.0]
[112.0, 48.0, 803.0, 969.0]
[112.0, 32.0, 804.0, 954.0]
[208.0, 96.0, 900.0, 1019.0]
[144.0, 0.0, 837.0, 924.0]
[48.0, 96.0, 742.0, 1021.0]
[0.0, 48.0, 694.0, 974.0]
[80.0, 32.0, 775.0, 959.0]
[0.0, 80.0, 696.0, 1008.0]
[176.0, 80.0, 873.0, 1009.0]
[48.0, 80.0, 746.0, 1010.0]
[144.0, 80.0, 842.0, 1011.0]
[112.0, 80.0, 811.0, 1012.0]
[80.0, 32.0, 780.0, 965.0]
[48.0, 32.0, 748.0, 966.0]
[48.0, 0.0, 749.0, 935.0]
[112.0, 80.0, 814.0, 1016.0]
[160.0, 64.0, 863.0, 1001.0]
[128.0, 80.0, 832.0, 1018.0]
[16.0, 80.0, 720.0, 1019.0]
[0.0, 48.0, 705.0, 988.0]
[176.0, 80.0, 882.0, 1021.0]
[16.0, 32.0, 722.0, 974.0]
[176.0, 16.0, 883.0, 959.0]
[64.0, 48.0, 772.0, 992.0]
[64.0, 32.0, 773.0, 977.0]
[144.0, 48.0, 854.0, 994.0]
[64.0, 0.0, 774.0, 947.0]
[160.0, 16.0, 871.0, 964.0]
[160.0, 48.0, 872.0, 997.0]
[160.0, 64.0, 872.0, 1014.0]
[48.0, 32.0, 761.0, 983.0]
[64.0, 32.0, 778.0, 984.0]
[192.0, 48.0, 907.0, 1001.0]
[32.0, 48.0, 748.0, 1002.0]
[64.0, 16.0, 780.0, 971.0]
[128.0, 64.0, 845.0, 1020.0]
[96.0, 0.0, 814.0, 957.0]
[0.0, 64.0, 718.0, 1022.0]
[64.0, 64.0, 783.0, 1023.0]
[32.0, 16.0, 752.0, 976.0]
[128.0, 16.0, 849.0, 977.0]
[96.0, 16.0, 818.0, 978.0]
[0.0, 48.0, 722.0, 1011.0]
[64.0, 32.0, 787.0, 996.0]
[176.0, 48.0, 900.0, 1013.0]
[32.0, 16.0, 756.0, 982.0]
[64.0, 32.0, 789.0, 999.0]
[80.0, 48.0, 806.0, 1016.0]
[48.0, 32.0, 775.0, 1001.0]
[0.0, 16.0, 728.0, 986.0]
[128.0, 0.0, 856.0, 971.0]
[112.0, 48.0, 841.0, 1020.0]
[64.0, 0.0, 794.0, 973.0]
[16.0, 0.0, 746.0, 974.0]
[0.0, 0.0, 731.0, 975.0]
[32.0, 48.0, 764.0, 1024.0]
[48.0, 16.0, 781.0, 993.0]
[48.0, 0.0, 782.0, 978.0]
[96.0, 32.0, 830.0, 1011.0]
[64.0, 32.0, 799.0, 1012.0]
[16.0, 32.0, 752.0, 1013.0]
[96.0, 16.0, 832.0, 998.0]
[160.0, 16.0, 897.0, 999.0]
[160.0, 16.0, 898.0, 1000.0]
[80.0, 32.0, 819.0, 1017.0]
[80.0, 0.0, 820.0, 986.0]
[32.0, 32.0, 772.0, 1019.0]
[96.0, 16.0, 837.0, 1004.0]
[160.0, 32.0, 902.0, 1021.0]
[0.0, 0.0, 742.0, 990.0]
[80.0, 32.0, 823.0, 1023.0]
[96.0, 0.0, 840.0, 992.0]
[0.0, 16.0, 745.0, 1009.0]
[160.0, 0.0, 906.0, 994.0]
[16.0, 16.0, 762.0, 1011.0]
[128.0, 0.0, 875.0, 996.0]
[144.0, 16.0, 892.0, 1013.0]
[16.0, 16.0, 764.0, 1014.0]
[16.0, 16.0, 765.0, 1015.0]
[32.0, 16.0, 782.0, 1016.0]
[64.0, 16.0, 815.0, 1017.0]
[16.0, 0.0, 768.0, 1002.0]
[64.0, 16.0, 816.0, 1019.0]
[80.0, 0.0, 833.0, 1004.0]
[128.0, 0.0, 882.0, 1005.0]
[128.0, 16.0, 882.0, 1022.0]
[16.0, 0.0, 771.0, 1007.0]
[48.0, 0.0, 804.0, 1008.0]
[64.0, 0.0, 821.0, 1009.0]
[64.0, 0.0, 822.0, 1010.0]
[64.0, 0.0, 822.0, 1011.0]
[0.0, 0.0, 759.0, 1012.0]
[16.0, 0.0, 776.0, 1013.0]
[0.0, 0.0, 760.0, 1014.0]
[80.0, 0.0, 841.0, 1015.0]
[96.0, 0.0, 858.0, 1016.0]
[96.0, 0.0, 859.0, 1017.0]
[64.0, 0.0, 828.0, 1018.0]
[96.0, 0.0, 860.0, 1019.0]
[96.0, 0.0, 861.0, 1020.0]
[128.0, 0.0, 894.0, 1021.0]
[16.0, 0.0, 782.0, 1022.0]
[16.0, 0.0, 783.0, 1023.0]
[80.0, 0.0, 848.0, 1024.0]
