[224.0, 48.0, 965.0, 604.0]
[144.0, 80.0, 886.0, 636.0]
[80.0, 48.0, 823.0, 605.0]
[240.0, 48.0, 984.0, 606.0]
[96.0, 96.0, 841.0, 655.0]
[144.0, 80.0, 890.0, 640.0]
[112.0, 48.0, 859.0, 608.0]
[160.0, 80.0, 908.0, 641.0]
[96.0, 64.0, 845.0, 626.0]
[176.0, 80.0, 926.0, 642.0]
[112.0, 48.0, 863.0, 611.0]
[128.0, 80.0, 880.0, 644.0]
[176.0, 48.0, 929.0, 613.0]
[208.0, 64.0, 962.0, 630.0]
[192.0, 96.0, 947.0, 662.0]
[144.0, 16.0, 900.0, 583.0]
[96.0, 48.0, 853.0, 616.0]
[192.0, 80.0, 950.0, 648.0]
[48.0, 32.0, 807.0, 601.0]
[128.0, 16.0, 888.0, 586.0]
[32.0, 64.0, 793.0, 635.0]
[112.0, 32.0, 874.0, 604.0]
[192.0, 16.0, 955.0, 588.0]
[48.0, 96.0, 812.0, 669.0]
[112.0, 80.0, 877.0, 654.0]
[208.0, 64.0, 974.0, 638.0]
[160.0, 64.0, 927.0, 639.0]
[80.0, 64.0, 848.0, 640.0]
[208.0, 48.0, 977.0, 625.0]
[64.0, 16.0, 834.0, 594.0]
[240.0, 32.0, 1011.0, 610.0]
[176.0, 64.0, 948.0, 643.0]
[192.0, 16.0, 965.0, 596.0]
[128.0, 64.0, 902.0, 644.0]
[96.0, 32.0, 871.0, 613.0]
[64.0, 64.0, 840.0, 646.0]
[96.0, 80.0, 873.0, 663.0]
[64.0, 0.0, 842.0, 584.0]
[128.0, 64.0, 907.0, 648.0]
[32.0, 64.0, 812.0, 649.0]
[176.0, 96.0, 957.0, 682.0]
[208.0, 16.0, 990.0, 602.0]
[192.0, 16.0, 975.0, 603.0]
[64.0, 32.0, 848.0, 620.0]
[112.0, 16.0, 897.0, 605.0]
[128.0, 0.0, 914.0, 590.0]
[176.0, 0.0, 963.0, 590.0]
[112.0, 0.0, 900.0, 591.0]
[224.0, 64.0, 1013.0, 656.0]
[80.0, 64.0, 870.0, 656.0]
[64.0, 16.0, 855.0, 609.0]
[176.0, 64.0, 968.0, 658.0]
[224.0, 32.0, 1017.0, 627.0]
[160.0, 16.0, 954.0, 612.0]
[192.0, 80.0, 987.0, 676.0]
[48.0, 64.0, 844.0, 661.0]
[224.0, 48.0, 1021.0, 646.0]
[80.0, 32.0, 878.0, 630.0]
[176.0, 32.0, 975.0, 631.0]
[48.0, 80.0, 848.0, 680.0]
[32.0, 64.0, 833.0, 665.0]
[176.0, 0.0, 978.0, 602.0]
[112.0, 32.0, 915.0, 634.0]
[128.0, 64.0, 932.0, 667.0]
[112.0, 48.0, 917.0, 652.0]
[32.0, 32.0, 838.0, 636.0]
[192.0, 16.0, 999.0, 621.0]
[64.0, 16.0, 872.0, 622.0]
[0.0, 48.0, 809.0, 655.0]
[112.0, 0.0, 922.0, 608.0]
[32.0, 0.0, 843.0, 608.0]
[176.0, 16.0, 988.0, 625.0]
[16.0, 48.0, 829.0, 658.0]
[48.0, 32.0, 862.0, 642.0]
[112.0, 0.0, 927.0, 611.0]
[48.0, 64.0, 864.0, 676.0]
[80.0, 32.0, 897.0, 645.0]
[16.0, 0.0, 834.0, 614.0]
[32.0, 0.0, 851.0, 614.0]
[160.0, 48.0, 980.0, 663.0]
[0.0, 32.0, 821.0, 648.0]
[80.0, 48.0, 902.0, 664.0]
[0.0, 64.0, 823.0, 681.0]
[0.0, 64.0, 824.0, 682.0]
[96.0, 48.0, 921.0, 667.0]
[48.0, 0.0, 874.0, 620.0]
[176.0, 64.0, 1003.0, 684.0]
[48.0, 0.0, 876.0, 621.0]
[144.0, 0.0, 973.0, 622.0]
[96.0, 0.0, 926.0, 622.0]
[0.0, 16.0, 831.0, 639.0]
[0.0, 0.0, 832.0, 624.0]
[144.0, 16.0, 977.0, 641.0]
[144.0, 0.0, 978.0, 626.0]
[144.0, 32.0, 979.0, 658.0]
[64.0, 32.0, 900.0, 659.0]
[16.0, 16.0, 853.0, 644.0]
[128.0, 0.0, 966.0, 628.0]
[160.0, 0.0, 999.0, 629.0]
[160.0, 32.0, 1000.0, 662.0]
[112.0, 0.0, 953.0, 631.0]
[112.0, 32.0, 954.0, 664.0]
[176.0, 48.0, 1019.0, 680.0]
[16.0, 0.0, 860.0, 633.0]
[112.0, 0.0, 957.0, 634.0]
[0.0, 48.0, 846.0, 682.0]
[80.0, 16.0, 927.0, 651.0]
[160.0, 16.0, 1008.0, 652.0]
[48.0, 16.0, 897.0, 653.0]
[80.0, 16.0, 930.0, 654.0]
[96.0, 32.0, 947.0, 670.0]
[160.0, 0.0, 1012.0, 639.0]
[160.0, 32.0, 1013.0, 672.0]
[0.0, 16.0, 854.0, 656.0]
[96.0, 0.0, 951.0, 641.0]
[0.0, 32.0, 856.0, 674.0]
[112.0, 16.0, 969.0, 659.0]
[0.0, 32.0, 858.0, 676.0]
[80.0, 0.0, 939.0, 644.0]
[96.0, 32.0, 956.0, 677.0]
[160.0, 32.0, 1021.0, 678.0]
[112.0, 16.0, 974.0, 662.0]
[32.0, 16.0, 895.0, 663.0]
[48.0, 32.0, 912.0, 680.0]
[0.0, 0.0, 865.0, 649.0]
[112.0, 0.0, 978.0, 650.0]
[32.0, 0.0, 899.0, 650.0]
[96.0, 16.0, 964.0, 667.0]
[64.0, 16.0, 933.0, 668.0]
[96.0, 0.0, 966.0, 652.0]
[32.0, 16.0, 903.0, 669.0]
[16.0, 16.0, 888.0, 670.0]
[16.0, 0.0, 889.0, 655.0]
[144.0, 16.0, 1018.0, 672.0]
[32.0, 16.0, 907.0, 672.0]
[128.0, 16.0, 1004.0, 673.0]
[96.0, 0.0, 973.0, 658.0]
[80.0, 0.0, 958.0, 658.0]
[80.0, 16.0, 959.0, 675.0]
[32.0, 0.0, 912.0, 660.0]
[80.0, 16.0, 961.0, 677.0]
[64.0, 16.0, 946.0, 678.0]
[32.0, 0.0, 915.0, 662.0]
[64.0, 0.0, 948.0, 663.0]
[16.0, 16.0, 901.0, 680.0]
[64.0, 0.0, 950.0, 664.0]
[32.0, 0.0, 919.0, 665.0]
[64.0, 16.0, 952.0, 682.0]
[80.0, 16.0, 969.0, 683.0]
[64.0, 16.0, 954.0, 684.0]
[128.0, 0.0, 1019.0, 668.0]
[128.0, 0.0, 1020.0, 669.0]
[112.0, 0.0, 1005.0, 670.0]
[32.0, 0.0, 926.0, 670.0]
[80.0, 0.0, 975.0, 671.0]
[64.0, 0.0, 960.0, 672.0]
[48.0, 0.0, 945.0, 673.0]
[80.0, 0.0, 978.0, 674.0]
[0.0, 0.0, 899.0, 674.0]
[48.0, 0.0, 948.0, 675.0]
[16.0, 0.0, 917.0, 676.0]
[64.0, 0.0, 966.0, 676.0]
[48.0, 0.0, 951.0, 677.0]
[0.0, 0.0, 904.0, 678.0]
[112.0, 0.0, 1017.0, 679.0]
[96.0, 0.0, 1002.0, 680.0]
[0.0, 0.0, 907.0, 680.0]
[48.0, 0.0, 956.0, 681.0]
[0.0, 0.0, 909.0, 682.0]
[64.0, 0.0, 974.0, 682.0]
[0.0, 0.0, 911.0, 683.0]
[48.0, 0.0, 960.0, 684.0]
