[128.0, 96.0, 845.0, 634.0]
[160.0, 96.0, 878.0, 634.0]
[192.0, 96.0, 911.0, 635.0]
[256.0, 64.0, 976.0, 604.0]
[208.0, 0.0, 929.0, 541.0]
[208.0, 112.0, 930.0, 654.0]
[256.0, 48.0, 979.0, 590.0]
[176.0, 96.0, 900.0, 639.0]
[192.0, 128.0, 917.0, 672.0]
[112.0, 80.0, 838.0, 624.0]
[192.0, 0.0, 919.0, 545.0]
[160.0, 16.0, 888.0, 562.0]
[176.0, 32.0, 905.0, 579.0]
[240.0, 128.0, 970.0, 676.0]
[176.0, 64.0, 907.0, 612.0]
[128.0, 96.0, 860.0, 645.0]
[176.0, 112.0, 909.0, 662.0]
[144.0, 32.0, 878.0, 582.0]
[272.0, 32.0, 1007.0, 583.0]
[224.0, 64.0, 960.0, 616.0]
[128.0, 32.0, 865.0, 585.0]
[192.0, 96.0, 930.0, 650.0]
[208.0, 96.0, 947.0, 650.0]
[208.0, 0.0, 948.0, 555.0]
[176.0, 128.0, 917.0, 684.0]
[160.0, 128.0, 902.0, 684.0]
[272.0, 80.0, 1015.0, 637.0]
[192.0, 64.0, 936.0, 622.0]
[208.0, 64.0, 953.0, 623.0]
[176.0, 64.0, 922.0, 624.0]
[112.0, 96.0, 859.0, 656.0]
[96.0, 64.0, 844.0, 625.0]
[192.0, 48.0, 941.0, 610.0]
[240.0, 112.0, 990.0, 674.0]
[256.0, 48.0, 1007.0, 611.0]
[240.0, 16.0, 992.0, 580.0]
[256.0, 80.0, 1009.0, 645.0]
[256.0, 32.0, 1010.0, 598.0]
[192.0, 16.0, 947.0, 582.0]
[208.0, 64.0, 964.0, 631.0]
[112.0, 32.0, 869.0, 600.0]
[80.0, 32.0, 838.0, 600.0]
[208.0, 112.0, 967.0, 681.0]
[176.0, 96.0, 936.0, 666.0]
[208.0, 112.0, 969.0, 683.0]
[224.0, 32.0, 986.0, 604.0]
[144.0, 48.0, 907.0, 620.0]
[128.0, 48.0, 892.0, 621.0]
[224.0, 64.0, 989.0, 638.0]
[256.0, 16.0, 1022.0, 590.0]
[96.0, 80.0, 863.0, 655.0]
[208.0, 80.0, 976.0, 656.0]
[96.0, 48.0, 865.0, 625.0]
[144.0, 80.0, 914.0, 658.0]
[192.0, 64.0, 963.0, 642.0]
[96.0, 32.0, 868.0, 611.0]
[224.0, 80.0, 997.0, 660.0]
[96.0, 96.0, 870.0, 676.0]
[224.0, 32.0, 999.0, 613.0]
[112.0, 0.0, 888.0, 582.0]
[208.0, 96.0, 985.0, 679.0]
[144.0, 80.0, 922.0, 664.0]
[128.0, 48.0, 907.0, 632.0]
[240.0, 48.0, 1020.0, 633.0]
[224.0, 80.0, 1005.0, 666.0]
[112.0, 32.0, 894.0, 618.0]
[176.0, 96.0, 959.0, 683.0]
[192.0, 0.0, 976.0, 588.0]
[208.0, 0.0, 993.0, 589.0]
[160.0, 32.0, 946.0, 622.0]
[208.0, 96.0, 995.0, 686.0]
[80.0, 64.0, 868.0, 655.0]
[128.0, 48.0, 917.0, 640.0]
[192.0, 0.0, 982.0, 592.0]
[64.0, 80.0, 855.0, 673.0]
[160.0, 64.0, 952.0, 658.0]
[80.0, 16.0, 873.0, 611.0]
[224.0, 0.0, 1018.0, 596.0]
[80.0, 16.0, 875.0, 612.0]
[144.0, 80.0, 940.0, 677.0]
[160.0, 48.0, 957.0, 646.0]
[224.0, 64.0, 1022.0, 662.0]
[144.0, 64.0, 943.0, 663.0]
[48.0, 32.0, 848.0, 632.0]
[160.0, 64.0, 961.0, 665.0]
[112.0, 32.0, 914.0, 634.0]
[208.0, 64.0, 1011.0, 666.0]
[48.0, 32.0, 852.0, 635.0]
[208.0, 64.0, 1013.0, 668.0]
[144.0, 32.0, 950.0, 636.0]
[96.0, 64.0, 903.0, 669.0]
[48.0, 64.0, 856.0, 670.0]
[176.0, 32.0, 985.0, 639.0]
[208.0, 64.0, 1018.0, 672.0]
[192.0, 0.0, 1003.0, 608.0]
[80.0, 48.0, 892.0, 657.0]
[64.0, 0.0, 877.0, 610.0]
[48.0, 32.0, 862.0, 642.0]
[208.0, 16.0, 1023.0, 627.0]
[112.0, 32.0, 928.0, 644.0]
[80.0, 0.0, 897.0, 613.0]
[112.0, 32.0, 930.0, 646.0]
[32.0, 48.0, 851.0, 662.0]
[48.0, 64.0, 868.0, 679.0]
[160.0, 0.0, 981.0, 616.0]
[112.0, 64.0, 934.0, 680.0]
[176.0, 0.0, 999.0, 617.0]
[144.0, 48.0, 968.0, 666.0]
[192.0, 64.0, 1017.0, 683.0]
[176.0, 0.0, 1002.0, 620.0]
[48.0, 64.0, 875.0, 684.0]
[144.0, 0.0, 972.0, 621.0]
[112.0, 32.0, 941.0, 654.0]
[112.0, 32.0, 942.0, 654.0]
[80.0, 48.0, 911.0, 671.0]
[48.0, 32.0, 880.0, 656.0]
[64.0, 16.0, 897.0, 641.0]
[48.0, 48.0, 882.0, 674.0]
[128.0, 48.0, 963.0, 674.0]
[80.0, 32.0, 916.0, 659.0]
[160.0, 32.0, 997.0, 660.0]
[128.0, 48.0, 966.0, 676.0]
[112.0, 32.0, 951.0, 661.0]
[96.0, 32.0, 936.0, 662.0]
[32.0, 0.0, 873.0, 631.0]
[48.0, 32.0, 890.0, 664.0]
[144.0, 48.0, 987.0, 680.0]
[80.0, 48.0, 924.0, 681.0]
[160.0, 0.0, 1005.0, 634.0]
[160.0, 0.0, 1006.0, 634.0]
[128.0, 32.0, 975.0, 667.0]
[128.0, 48.0, 976.0, 684.0]
[112.0, 32.0, 961.0, 669.0]
[144.0, 0.0, 994.0, 638.0]
[128.0, 48.0, 979.0, 686.0]
[112.0, 48.0, 964.0, 687.0]
[144.0, 0.0, 997.0, 640.0]
[80.0, 0.0, 934.0, 640.0]
[80.0, 16.0, 935.0, 657.0]
[112.0, 32.0, 968.0, 674.0]
[16.0, 0.0, 873.0, 643.0]
[16.0, 16.0, 874.0, 660.0]
[80.0, 16.0, 939.0, 660.0]
[96.0, 32.0, 956.0, 677.0]
[144.0, 0.0, 1005.0, 646.0]
[64.0, 0.0, 926.0, 646.0]
[80.0, 32.0, 943.0, 679.0]
[112.0, 0.0, 976.0, 648.0]
[16.0, 16.0, 881.0, 665.0]
[144.0, 32.0, 1010.0, 682.0]
[144.0, 32.0, 1011.0, 682.0]
[112.0, 16.0, 980.0, 667.0]
[112.0, 0.0, 981.0, 652.0]
[16.0, 32.0, 886.0, 684.0]
[0.0, 32.0, 871.0, 685.0]
[112.0, 32.0, 984.0, 686.0]
[64.0, 0.0, 937.0, 655.0]
[32.0, 0.0, 906.0, 656.0]
[64.0, 16.0, 939.0, 672.0]
[112.0, 16.0, 988.0, 673.0]
[48.0, 16.0, 925.0, 674.0]
[64.0, 0.0, 942.0, 658.0]
[64.0, 16.0, 943.0, 675.0]
[48.0, 0.0, 928.0, 660.0]
[128.0, 0.0, 1009.0, 661.0]
[16.0, 16.0, 898.0, 678.0]
[16.0, 16.0, 899.0, 678.0]
[64.0, 0.0, 948.0, 663.0]
[0.0, 0.0, 885.0, 664.0]
[128.0, 16.0, 1014.0, 680.0]
[96.0, 0.0, 983.0, 665.0]
[96.0, 16.0, 984.0, 682.0]
[16.0, 0.0, 905.0, 667.0]
[80.0, 16.0, 970.0, 684.0]
[0.0, 0.0, 891.0, 668.0]
[128.0, 0.0, 1020.0, 669.0]
[0.0, 0.0, 893.0, 670.0]
[64.0, 16.0, 958.0, 686.0]
[96.0, 16.0, 991.0, 687.0]
[48.0, 0.0, 944.0, 672.0]
[0.0, 0.0, 897.0, 673.0]
[16.0, 0.0, 914.0, 674.0]
[16.0, 0.0, 915.0, 674.0]
[64.0, 0.0, 964.0, 675.0]
[32.0, 0.0, 933.0, 676.0]
[32.0, 0.0, 934.0, 676.0]
[16.0, 0.0, 919.0, 677.0]
[96.0, 0.0, 1000.0, 678.0]
