[112.0, 32.0, 829.0, 570.0]
[48.0, 96.0, 766.0, 634.0]
[176.0, 112.0, 895.0, 651.0]
[144.0, 48.0, 864.0, 588.0]
[192.0, 96.0, 913.0, 637.0]
[128.0, 80.0, 850.0, 622.0]
[32.0, 80.0, 755.0, 622.0]
[176.0, 64.0, 900.0, 607.0]
[48.0, 80.0, 773.0, 624.0]
[144.0, 16.0, 870.0, 560.0]
[192.0, 64.0, 919.0, 609.0]
[176.0, 80.0, 904.0, 626.0]
[160.0, 16.0, 889.0, 563.0]
[192.0, 32.0, 922.0, 580.0]
[80.0, 48.0, 811.0, 596.0]
[192.0, 48.0, 924.0, 597.0]
[48.0, 64.0, 781.0, 614.0]
[64.0, 16.0, 798.0, 566.0]
[112.0, 32.0, 847.0, 583.0]
[160.0, 96.0, 896.0, 648.0]
[176.0, 80.0, 913.0, 633.0]
[112.0, 16.0, 850.0, 570.0]
[32.0, 64.0, 771.0, 618.0]
[144.0, 48.0, 884.0, 603.0]
[48.0, 16.0, 789.0, 572.0]
[48.0, 80.0, 790.0, 636.0]
[176.0, 80.0, 919.0, 637.0]
[176.0, 48.0, 920.0, 606.0]
[32.0, 96.0, 777.0, 655.0]
[16.0, 32.0, 762.0, 592.0]
[160.0, 16.0, 907.0, 576.0]
[80.0, 112.0, 828.0, 673.0]
[32.0, 96.0, 781.0, 658.0]
[16.0, 80.0, 766.0, 642.0]
[112.0, 0.0, 863.0, 563.0]
[96.0, 0.0, 848.0, 564.0]
[32.0, 32.0, 785.0, 597.0]
[144.0, 0.0, 898.0, 566.0]
[64.0, 112.0, 819.0, 678.0]
[0.0, 48.0, 756.0, 615.0]
[128.0, 16.0, 885.0, 584.0]
[48.0, 96.0, 806.0, 664.0]
[144.0, 48.0, 903.0, 617.0]
[32.0, 0.0, 792.0, 570.0]
[64.0, 64.0, 825.0, 635.0]
[64.0, 64.0, 826.0, 636.0]
[16.0, 48.0, 779.0, 620.0]
[16.0, 32.0, 780.0, 605.0]
[48.0, 48.0, 813.0, 622.0]
[128.0, 16.0, 894.0, 590.0]
[64.0, 0.0, 831.0, 575.0]
[112.0, 96.0, 880.0, 672.0]
[128.0, 96.0, 897.0, 673.0]
[16.0, 0.0, 786.0, 578.0]
[0.0, 16.0, 771.0, 594.0]
[144.0, 48.0, 916.0, 627.0]
[112.0, 64.0, 885.0, 644.0]
[64.0, 64.0, 838.0, 644.0]
[48.0, 16.0, 823.0, 597.0]
[128.0, 0.0, 904.0, 582.0]
[16.0, 80.0, 793.0, 663.0]
[48.0, 32.0, 826.0, 616.0]
[128.0, 64.0, 907.0, 648.0]
[160.0, 32.0, 940.0, 617.0]
[112.0, 80.0, 893.0, 666.0]
[160.0, 64.0, 942.0, 650.0]
[112.0, 96.0, 895.0, 683.0]
[160.0, 48.0, 944.0, 636.0]
[112.0, 80.0, 897.0, 669.0]
[0.0, 64.0, 786.0, 654.0]
[0.0, 32.0, 787.0, 622.0]
[144.0, 16.0, 932.0, 607.0]
[32.0, 32.0, 821.0, 624.0]
[128.0, 0.0, 918.0, 592.0]
[112.0, 64.0, 903.0, 657.0]
[80.0, 64.0, 872.0, 658.0]
[112.0, 48.0, 905.0, 643.0]
[128.0, 64.0, 922.0, 660.0]
[192.0, 32.0, 987.0, 628.0]
[128.0, 80.0, 924.0, 677.0]
[48.0, 64.0, 845.0, 662.0]
[16.0, 0.0, 814.0, 598.0]
[160.0, 32.0, 959.0, 631.0]
[64.0, 0.0, 864.0, 600.0]
[16.0, 16.0, 817.0, 617.0]
[176.0, 16.0, 978.0, 618.0]
[112.0, 0.0, 915.0, 602.0]
[160.0, 32.0, 964.0, 635.0]
[176.0, 48.0, 981.0, 652.0]
[192.0, 48.0, 998.0, 652.0]
[160.0, 0.0, 967.0, 605.0]
[128.0, 64.0, 936.0, 670.0]
[112.0, 32.0, 921.0, 639.0]
[176.0, 48.0, 986.0, 656.0]
[32.0, 16.0, 843.0, 624.0]
[176.0, 32.0, 988.0, 641.0]
[176.0, 64.0, 989.0, 674.0]
[64.0, 32.0, 878.0, 642.0]
[144.0, 0.0, 959.0, 611.0]
[144.0, 0.0, 960.0, 612.0]
[48.0, 48.0, 865.0, 661.0]
[64.0, 48.0, 882.0, 662.0]
[128.0, 64.0, 947.0, 678.0]
[144.0, 64.0, 964.0, 679.0]
[160.0, 64.0, 981.0, 680.0]
[32.0, 32.0, 854.0, 648.0]
[96.0, 48.0, 919.0, 665.0]
[32.0, 32.0, 856.0, 650.0]
[96.0, 0.0, 921.0, 619.0]
[144.0, 0.0, 970.0, 620.0]
[16.0, 48.0, 843.0, 668.0]
[64.0, 32.0, 892.0, 653.0]
[0.0, 32.0, 829.0, 654.0]
[16.0, 16.0, 846.0, 638.0]
[96.0, 32.0, 927.0, 655.0]
[80.0, 48.0, 912.0, 672.0]
[112.0, 32.0, 945.0, 657.0]
[96.0, 16.0, 930.0, 642.0]
[160.0, 16.0, 995.0, 642.0]
[32.0, 48.0, 868.0, 675.0]
[32.0, 48.0, 869.0, 676.0]
[160.0, 32.0, 998.0, 660.0]
[160.0, 48.0, 999.0, 677.0]
[80.0, 16.0, 920.0, 646.0]
[112.0, 16.0, 953.0, 647.0]
[16.0, 16.0, 858.0, 648.0]
[0.0, 32.0, 843.0, 664.0]
[96.0, 48.0, 940.0, 681.0]
[112.0, 32.0, 957.0, 666.0]
[0.0, 16.0, 846.0, 650.0]
[96.0, 0.0, 943.0, 635.0]
[160.0, 0.0, 1008.0, 636.0]
[112.0, 0.0, 961.0, 637.0]
[144.0, 16.0, 994.0, 654.0]
[160.0, 32.0, 1011.0, 670.0]
[0.0, 16.0, 852.0, 655.0]
[128.0, 0.0, 981.0, 640.0]
[64.0, 16.0, 918.0, 656.0]
[0.0, 32.0, 855.0, 673.0]
[160.0, 32.0, 1016.0, 674.0]
[128.0, 16.0, 985.0, 659.0]
[128.0, 32.0, 986.0, 676.0]
[80.0, 0.0, 939.0, 644.0]
[96.0, 16.0, 956.0, 661.0]
[16.0, 32.0, 877.0, 678.0]
[96.0, 16.0, 958.0, 662.0]
[48.0, 32.0, 911.0, 679.0]
[48.0, 16.0, 912.0, 664.0]
[16.0, 16.0, 881.0, 665.0]
[32.0, 32.0, 898.0, 682.0]
[128.0, 32.0, 995.0, 682.0]
[16.0, 0.0, 884.0, 651.0]
[16.0, 0.0, 885.0, 652.0]
[16.0, 16.0, 886.0, 668.0]
[16.0, 0.0, 887.0, 653.0]
[16.0, 16.0, 888.0, 670.0]
[32.0, 0.0, 905.0, 655.0]
[80.0, 0.0, 954.0, 656.0]
[16.0, 0.0, 891.0, 656.0]
[96.0, 0.0, 972.0, 657.0]
[32.0, 16.0, 909.0, 674.0]
[80.0, 16.0, 958.0, 674.0]
[128.0, 16.0, 1007.0, 675.0]
[32.0, 0.0, 912.0, 660.0]
[16.0, 0.0, 897.0, 661.0]
[80.0, 16.0, 962.0, 678.0]
[48.0, 16.0, 931.0, 678.0]
[128.0, 16.0, 1012.0, 679.0]
[48.0, 16.0, 933.0, 680.0]
[128.0, 16.0, 1014.0, 680.0]
[64.0, 0.0, 951.0, 665.0]
[0.0, 0.0, 888.0, 666.0]
[16.0, 0.0, 905.0, 667.0]
[48.0, 0.0, 938.0, 668.0]
[96.0, 0.0, 987.0, 668.0]
[80.0, 0.0, 972.0, 669.0]
[48.0, 0.0, 941.0, 670.0]
[80.0, 0.0, 974.0, 670.0]
[80.0, 0.0, 975.0, 671.0]
[16.0, 0.0, 912.0, 672.0]
[0.0, 0.0, 897.0, 673.0]
[48.0, 0.0, 946.0, 674.0]
[48.0, 0.0, 947.0, 674.0]
[80.0, 0.0, 980.0, 675.0]
[112.0, 0.0, 1013.0, 676.0]
[96.0, 0.0, 998.0, 676.0]
[96.0, 0.0, 999.0, 677.0]
[96.0, 0.0, 1000.0, 678.0]
[96.0, 0.0, 1001.0, 679.0]
[48.0, 0.0, 954.0, 680.0]
[96.0, 0.0, 1003.0, 680.0]
[80.0, 0.0, 988.0, 681.0]
[112.0, 0.0, 1021.0, 682.0]
[112.0, 0.0, 1022.0, 682.0]
[112.0, 0.0, 1023.0, 683.0]
