[144.0, 16.0, 861.0, 554.0]
[48.0, 32.0, 766.0, 570.0]
[144.0, 16.0, 863.0, 555.0]
[112.0, 32.0, 832.0, 572.0]
[80.0, 0.0, 801.0, 541.0]
[176.0, 0.0, 898.0, 542.0]
[128.0, 32.0, 851.0, 574.0]
[32.0, 0.0, 756.0, 543.0]
[160.0, 0.0, 885.0, 544.0]
[80.0, 32.0, 806.0, 576.0]
[112.0, 0.0, 839.0, 545.0]
[144.0, 0.0, 872.0, 546.0]
[128.0, 32.0, 857.0, 579.0]
[144.0, 16.0, 874.0, 564.0]
[144.0, 16.0, 875.0, 564.0]
[64.0, 0.0, 796.0, 549.0]
[112.0, 32.0, 845.0, 582.0]
[80.0, 16.0, 814.0, 566.0]
[128.0, 32.0, 863.0, 583.0]
[144.0, 0.0, 880.0, 552.0]
[160.0, 0.0, 897.0, 553.0]
[96.0, 0.0, 834.0, 554.0]
[128.0, 32.0, 867.0, 586.0]
[64.0, 16.0, 804.0, 571.0]
[96.0, 16.0, 837.0, 572.0]
[32.0, 0.0, 774.0, 556.0]
[64.0, 16.0, 807.0, 573.0]
[64.0, 0.0, 808.0, 558.0]
[32.0, 32.0, 777.0, 591.0]
[144.0, 32.0, 890.0, 592.0]
[160.0, 0.0, 907.0, 560.0]
[112.0, 32.0, 860.0, 593.0]
[112.0, 16.0, 861.0, 578.0]
[96.0, 16.0, 846.0, 578.0]
[128.0, 16.0, 879.0, 579.0]
[160.0, 32.0, 912.0, 596.0]
[144.0, 32.0, 897.0, 597.0]
[96.0, 0.0, 850.0, 566.0]
[80.0, 16.0, 835.0, 582.0]
[144.0, 0.0, 900.0, 567.0]
[144.0, 0.0, 901.0, 568.0]
[96.0, 0.0, 854.0, 568.0]
[32.0, 0.0, 791.0, 569.0]
[80.0, 0.0, 840.0, 570.0]
[48.0, 32.0, 809.0, 603.0]
[144.0, 32.0, 906.0, 604.0]
[64.0, 32.0, 827.0, 604.0]
[80.0, 16.0, 844.0, 589.0]
[32.0, 0.0, 797.0, 574.0]
[128.0, 0.0, 894.0, 574.0]
[128.0, 0.0, 895.0, 575.0]
[48.0, 16.0, 816.0, 592.0]
[128.0, 16.0, 897.0, 593.0]
[128.0, 32.0, 898.0, 610.0]
[96.0, 16.0, 867.0, 594.0]
[112.0, 32.0, 884.0, 611.0]
[112.0, 32.0, 885.0, 612.0]
[112.0, 16.0, 886.0, 596.0]
[48.0, 32.0, 823.0, 613.0]
[128.0, 0.0, 904.0, 582.0]
[48.0, 0.0, 825.0, 583.0]
[80.0, 32.0, 858.0, 616.0]
[112.0, 16.0, 891.0, 600.0]
[112.0, 0.0, 892.0, 585.0]
[32.0, 0.0, 813.0, 586.0]
[32.0, 16.0, 814.0, 602.0]
[96.0, 32.0, 879.0, 619.0]
[96.0, 16.0, 880.0, 604.0]
[96.0, 16.0, 881.0, 605.0]
[48.0, 32.0, 834.0, 622.0]
[64.0, 16.0, 851.0, 606.0]
[32.0, 0.0, 820.0, 591.0]
[64.0, 32.0, 853.0, 624.0]
[80.0, 0.0, 870.0, 592.0]
[96.0, 0.0, 887.0, 593.0]
[32.0, 32.0, 824.0, 626.0]
[32.0, 0.0, 825.0, 595.0]
[80.0, 32.0, 874.0, 628.0]
[112.0, 16.0, 907.0, 612.0]
[80.0, 0.0, 876.0, 597.0]
[80.0, 32.0, 877.0, 630.0]
[80.0, 16.0, 878.0, 614.0]
[80.0, 0.0, 879.0, 599.0]
[112.0, 32.0, 912.0, 632.0]
[80.0, 32.0, 881.0, 633.0]
[48.0, 16.0, 850.0, 618.0]
[112.0, 0.0, 915.0, 602.0]
[96.0, 16.0, 900.0, 619.0]
[64.0, 32.0, 869.0, 636.0]
[48.0, 16.0, 854.0, 620.0]
[32.0, 0.0, 839.0, 605.0]
[48.0, 0.0, 856.0, 606.0]
[80.0, 16.0, 889.0, 623.0]
[64.0, 16.0, 874.0, 624.0]
[48.0, 32.0, 859.0, 640.0]
[64.0, 0.0, 876.0, 609.0]
[96.0, 32.0, 909.0, 642.0]
[32.0, 32.0, 846.0, 642.0]
[48.0, 0.0, 863.0, 611.0]
[80.0, 16.0, 896.0, 628.0]
[80.0, 16.0, 897.0, 629.0]
[80.0, 16.0, 898.0, 630.0]
[96.0, 16.0, 915.0, 630.0]
[96.0, 16.0, 916.0, 631.0]
[64.0, 0.0, 885.0, 616.0]
[96.0, 16.0, 918.0, 632.0]
[80.0, 16.0, 903.0, 633.0]
[80.0, 16.0, 904.0, 634.0]
[64.0, 32.0, 889.0, 651.0]
[64.0, 0.0, 890.0, 620.0]
[64.0, 16.0, 891.0, 636.0]
[80.0, 16.0, 908.0, 637.0]
[48.0, 32.0, 877.0, 654.0]
[32.0, 16.0, 862.0, 638.0]
[80.0, 32.0, 911.0, 655.0]
[32.0, 32.0, 864.0, 656.0]
[64.0, 0.0, 897.0, 625.0]
[64.0, 32.0, 898.0, 658.0]
[48.0, 0.0, 883.0, 626.0]
[48.0, 16.0, 884.0, 643.0]
[32.0, 16.0, 869.0, 644.0]
[64.0, 16.0, 902.0, 644.0]
[64.0, 0.0, 903.0, 629.0]
[64.0, 16.0, 904.0, 646.0]
[64.0, 0.0, 905.0, 631.0]
[32.0, 0.0, 874.0, 632.0]
[32.0, 0.0, 875.0, 632.0]
[32.0, 0.0, 876.0, 633.0]
[32.0, 0.0, 877.0, 634.0]
[32.0, 32.0, 878.0, 666.0]
[48.0, 16.0, 895.0, 651.0]
[32.0, 32.0, 880.0, 668.0]
[48.0, 16.0, 897.0, 653.0]
[48.0, 16.0, 898.0, 654.0]
[32.0, 16.0, 883.0, 654.0]
[48.0, 0.0, 900.0, 639.0]
[32.0, 16.0, 885.0, 656.0]
[32.0, 16.0, 886.0, 656.0]
[32.0, 16.0, 887.0, 657.0]
[48.0, 16.0, 904.0, 658.0]
[32.0, 16.0, 889.0, 659.0]
[32.0, 16.0, 890.0, 660.0]
[32.0, 32.0, 891.0, 676.0]
[48.0, 16.0, 908.0, 661.0]
[32.0, 16.0, 893.0, 662.0]
[32.0, 0.0, 894.0, 646.0]
[32.0, 32.0, 895.0, 679.0]
[32.0, 16.0, 896.0, 664.0]
[32.0, 16.0, 897.0, 665.0]
[32.0, 16.0, 898.0, 666.0]
[32.0, 0.0, 899.0, 650.0]
[32.0, 16.0, 900.0, 667.0]
[32.0, 16.0, 901.0, 668.0]
