[128.0, 160.0, 892.0, 733.0]
[48.0, 144.0, 813.0, 718.0]
[64.0, 128.0, 830.0, 702.0]
[64.0, 144.0, 831.0, 719.0]
[176.0, 192.0, 944.0, 768.0]
[128.0, 112.0, 897.0, 689.0]
[192.0, 112.0, 962.0, 690.0]
[48.0, 128.0, 819.0, 706.0]
[144.0, 160.0, 916.0, 739.0]
[160.0, 96.0, 933.0, 676.0]
[192.0, 160.0, 966.0, 740.0]
[48.0, 160.0, 823.0, 741.0]
[80.0, 144.0, 856.0, 726.0]
[112.0, 96.0, 889.0, 679.0]
[48.0, 160.0, 826.0, 744.0]
[128.0, 112.0, 907.0, 696.0]
[128.0, 192.0, 908.0, 777.0]
[144.0, 96.0, 925.0, 682.0]
[176.0, 96.0, 958.0, 682.0]
[192.0, 176.0, 975.0, 763.0]
[208.0, 144.0, 992.0, 732.0]
[128.0, 128.0, 913.0, 717.0]
[112.0, 192.0, 898.0, 782.0]
[176.0, 80.0, 963.0, 670.0]
[112.0, 192.0, 900.0, 783.0]
[32.0, 160.0, 821.0, 752.0]
[192.0, 80.0, 982.0, 672.0]
[16.0, 144.0, 807.0, 737.0]
[128.0, 112.0, 920.0, 706.0]
[144.0, 80.0, 937.0, 675.0]
[192.0, 112.0, 986.0, 708.0]
[128.0, 80.0, 923.0, 676.0]
[64.0, 144.0, 860.0, 741.0]
[160.0, 176.0, 957.0, 774.0]
[144.0, 128.0, 942.0, 726.0]
[208.0, 96.0, 1007.0, 695.0]
[112.0, 80.0, 912.0, 680.0]
[128.0, 192.0, 929.0, 793.0]
[128.0, 192.0, 930.0, 794.0]
[144.0, 96.0, 947.0, 698.0]
[48.0, 128.0, 852.0, 731.0]
[144.0, 160.0, 949.0, 764.0]
[128.0, 128.0, 934.0, 732.0]
[112.0, 112.0, 919.0, 717.0]
[80.0, 176.0, 888.0, 782.0]
[80.0, 80.0, 889.0, 687.0]
[0.0, 144.0, 810.0, 752.0]
[112.0, 64.0, 923.0, 672.0]
[160.0, 160.0, 972.0, 769.0]
[64.0, 96.0, 877.0, 706.0]
[48.0, 176.0, 862.0, 786.0]
[112.0, 96.0, 927.0, 707.0]
[96.0, 112.0, 912.0, 724.0]
[16.0, 160.0, 833.0, 773.0]
[96.0, 96.0, 914.0, 710.0]
[80.0, 144.0, 899.0, 758.0]
[32.0, 144.0, 852.0, 759.0]
[48.0, 176.0, 869.0, 792.0]
[96.0, 80.0, 918.0, 696.0]
[80.0, 80.0, 903.0, 697.0]
[64.0, 64.0, 888.0, 682.0]
[16.0, 176.0, 841.0, 795.0]
[64.0, 112.0, 890.0, 732.0]
[128.0, 80.0, 955.0, 700.0]
[48.0, 80.0, 876.0, 701.0]
[128.0, 96.0, 957.0, 718.0]
[0.0, 80.0, 830.0, 702.0]
[64.0, 80.0, 895.0, 703.0]
[176.0, 144.0, 1008.0, 768.0]
[144.0, 96.0, 977.0, 721.0]
[48.0, 128.0, 882.0, 754.0]
[32.0, 112.0, 867.0, 738.0]
[0.0, 128.0, 836.0, 755.0]
[176.0, 160.0, 1013.0, 788.0]
[48.0, 64.0, 886.0, 692.0]
[112.0, 112.0, 951.0, 741.0]
[160.0, 80.0, 1000.0, 710.0]
[128.0, 128.0, 969.0, 759.0]
[64.0, 96.0, 906.0, 728.0]
[128.0, 128.0, 971.0, 760.0]
[48.0, 144.0, 892.0, 777.0]
[0.0, 144.0, 845.0, 778.0]
[112.0, 32.0, 958.0, 666.0]
[0.0, 64.0, 847.0, 699.0]
[112.0, 112.0, 960.0, 748.0]
[128.0, 48.0, 977.0, 685.0]
[128.0, 160.0, 978.0, 798.0]
[128.0, 96.0, 979.0, 734.0]
[32.0, 48.0, 884.0, 687.0]
[32.0, 144.0, 885.0, 784.0]
[48.0, 32.0, 902.0, 672.0]
[48.0, 64.0, 903.0, 705.0]
[16.0, 48.0, 872.0, 690.0]
[80.0, 80.0, 937.0, 723.0]
[160.0, 64.0, 1018.0, 708.0]
[96.0, 80.0, 955.0, 724.0]
[16.0, 64.0, 876.0, 709.0]
[16.0, 64.0, 877.0, 710.0]
[64.0, 32.0, 926.0, 678.0]
[80.0, 64.0, 943.0, 711.0]
[0.0, 128.0, 864.0, 776.0]
[128.0, 32.0, 993.0, 681.0]
[112.0, 16.0, 978.0, 666.0]
[80.0, 64.0, 947.0, 714.0]
[0.0, 112.0, 868.0, 763.0]
[128.0, 32.0, 997.0, 684.0]
[144.0, 64.0, 1014.0, 716.0]
[80.0, 64.0, 951.0, 717.0]
[16.0, 64.0, 888.0, 718.0]
[16.0, 96.0, 889.0, 751.0]
[80.0, 96.0, 954.0, 752.0]
[48.0, 80.0, 923.0, 736.0]
[16.0, 48.0, 892.0, 705.0]
[112.0, 96.0, 989.0, 754.0]
[16.0, 64.0, 894.0, 722.0]
[80.0, 16.0, 959.0, 675.0]
[80.0, 80.0, 960.0, 740.0]
[16.0, 64.0, 897.0, 725.0]
[128.0, 80.0, 1010.0, 742.0]
[96.0, 32.0, 979.0, 694.0]
[80.0, 96.0, 964.0, 759.0]
[80.0, 128.0, 965.0, 792.0]
[0.0, 112.0, 886.0, 776.0]
[48.0, 16.0, 935.0, 681.0]
[80.0, 48.0, 968.0, 714.0]
[96.0, 32.0, 985.0, 699.0]
[32.0, 80.0, 922.0, 748.0]
[80.0, 64.0, 971.0, 732.0]
[16.0, 32.0, 908.0, 701.0]
[96.0, 16.0, 989.0, 686.0]
[112.0, 96.0, 1006.0, 766.0]
[96.0, 64.0, 991.0, 735.0]
[16.0, 64.0, 912.0, 736.0]
[0.0, 80.0, 897.0, 753.0]
[32.0, 16.0, 930.0, 690.0]
[16.0, 112.0, 915.0, 786.0]
[96.0, 32.0, 996.0, 707.0]
[16.0, 64.0, 917.0, 740.0]
[48.0, 32.0, 950.0, 708.0]
[64.0, 0.0, 967.0, 677.0]
[96.0, 32.0, 1000.0, 710.0]
[32.0, 80.0, 937.0, 759.0]
[80.0, 96.0, 986.0, 776.0]
[112.0, 112.0, 1019.0, 792.0]
[48.0, 96.0, 956.0, 777.0]
[32.0, 32.0, 941.0, 714.0]
[0.0, 80.0, 910.0, 762.0]
[32.0, 64.0, 943.0, 747.0]
[80.0, 64.0, 992.0, 748.0]
[32.0, 32.0, 945.0, 717.0]
[80.0, 64.0, 994.0, 750.0]
[96.0, 48.0, 1011.0, 734.0]
[0.0, 64.0, 916.0, 751.0]
[96.0, 32.0, 1013.0, 720.0]
[16.0, 48.0, 934.0, 736.0]
[96.0, 96.0, 1015.0, 785.0]
[80.0, 80.0, 1000.0, 770.0]
[0.0, 64.0, 921.0, 755.0]
[32.0, 16.0, 954.0, 708.0]
[48.0, 80.0, 971.0, 772.0]
[64.0, 64.0, 988.0, 757.0]
[0.0, 0.0, 925.0, 694.0]
[80.0, 16.0, 1006.0, 710.0]
[48.0, 0.0, 975.0, 695.0]
[96.0, 16.0, 1024.0, 712.0]
[0.0, 48.0, 929.0, 745.0]
[32.0, 0.0, 962.0, 698.0]
[0.0, 96.0, 931.0, 794.0]
[16.0, 64.0, 948.0, 763.0]
[48.0, 0.0, 981.0, 700.0]
[32.0, 80.0, 966.0, 780.0]
[32.0, 0.0, 967.0, 701.0]
[80.0, 80.0, 1016.0, 782.0]
[16.0, 64.0, 953.0, 767.0]
[16.0, 48.0, 954.0, 752.0]
[64.0, 32.0, 1003.0, 736.0]
[0.0, 16.0, 940.0, 721.0]
[0.0, 16.0, 941.0, 722.0]
[80.0, 16.0, 1022.0, 722.0]
[64.0, 48.0, 1007.0, 755.0]
[64.0, 48.0, 1008.0, 756.0]
[48.0, 64.0, 993.0, 773.0]
[0.0, 48.0, 946.0, 758.0]
[0.0, 0.0, 947.0, 710.0]
[32.0, 0.0, 980.0, 711.0]
[64.0, 80.0, 1013.0, 792.0]
[16.0, 0.0, 966.0, 712.0]
[0.0, 0.0, 951.0, 713.0]
[16.0, 80.0, 968.0, 794.0]
[0.0, 80.0, 953.0, 795.0]
[64.0, 80.0, 1018.0, 796.0]
[32.0, 16.0, 987.0, 732.0]
[16.0, 16.0, 972.0, 733.0]
[48.0, 64.0, 1005.0, 782.0]
[32.0, 80.0, 990.0, 798.0]
[48.0, 32.0, 1007.0, 751.0]
[16.0, 16.0, 976.0, 736.0]
[16.0, 0.0, 977.0, 721.0]
[0.0, 32.0, 962.0, 754.0]
[32.0, 64.0, 995.0, 786.0]
[32.0, 16.0, 996.0, 739.0]
[0.0, 48.0, 965.0, 772.0]
[48.0, 32.0, 1014.0, 756.0]
[16.0, 32.0, 983.0, 757.0]
[48.0, 48.0, 1016.0, 774.0]
[0.0, 64.0, 969.0, 791.0]
[16.0, 64.0, 986.0, 792.0]
[16.0, 48.0, 987.0, 776.0]
[32.0, 64.0, 1004.0, 793.0]
[0.0, 32.0, 973.0, 762.0]
[16.0, 64.0, 990.0, 794.0]
[0.0, 0.0, 975.0, 731.0]
[48.0, 48.0, 1024.0, 780.0]
[32.0, 16.0, 1009.0, 749.0]
[32.0, 48.0, 1010.0, 782.0]
[0.0, 16.0, 979.0, 750.0]
[32.0, 16.0, 1012.0, 751.0]
[32.0, 48.0, 1013.0, 784.0]
[16.0, 0.0, 998.0, 736.0]
[32.0, 48.0, 1015.0, 785.0]
[16.0, 0.0, 1000.0, 738.0]
[0.0, 48.0, 985.0, 787.0]
[0.0, 0.0, 986.0, 740.0]
[16.0, 48.0, 1003.0, 788.0]
[0.0, 48.0, 988.0, 789.0]
[32.0, 32.0, 1021.0, 774.0]
[0.0, 0.0, 990.0, 742.0]
[0.0, 48.0, 991.0, 791.0]
[32.0, 16.0, 1024.0, 760.0]
[0.0, 48.0, 993.0, 793.0]
[0.0, 0.0, 994.0, 746.0]
[0.0, 16.0, 995.0, 762.0]
[16.0, 0.0, 1012.0, 747.0]
[16.0, 48.0, 1013.0, 796.0]
[0.0, 16.0, 998.0, 764.0]
[16.0, 32.0, 1015.0, 781.0]
[0.0, 48.0, 1000.0, 798.0]
[16.0, 16.0, 1017.0, 767.0]
[0.0, 32.0, 1002.0, 784.0]
[0.0, 0.0, 1003.0, 752.0]
[0.0, 32.0, 1004.0, 785.0]
[0.0, 32.0, 1005.0, 786.0]
[0.0, 32.0, 1006.0, 786.0]
[0.0, 0.0, 1007.0, 755.0]
[16.0, 32.0, 1024.0, 788.0]
[0.0, 0.0, 1009.0, 757.0]
[0.0, 16.0, 1010.0, 774.0]
[0.0, 0.0, 1011.0, 758.0]
[0.0, 0.0, 1012.0, 759.0]
[0.0, 0.0, 1013.0, 760.0]
[0.0, 16.0, 1014.0, 776.0]
[0.0, 0.0, 1015.0, 761.0]
[0.0, 0.0, 1016.0, 762.0]
[0.0, 32.0, 1017.0, 795.0]
[0.0, 0.0, 1018.0, 764.0]
[0.0, 0.0, 1019.0, 764.0]
[0.0, 0.0, 1020.0, 765.0]
[0.0, 0.0, 1021.0, 766.0]
[0.0, 0.0, 1022.0, 766.0]
[0.0, 16.0, 1023.0, 783.0]
[0.0, 16.0, 1024.0, 784.0]
