[176.0, 48.0, 893.0, 586.0]
[48.0, 48.0, 766.0, 586.0]
[208.0, 48.0, 927.0, 587.0]
[112.0, 48.0, 832.0, 588.0]
[80.0, 32.0, 801.0, 573.0]
[128.0, 48.0, 850.0, 590.0]
[112.0, 48.0, 835.0, 590.0]
[128.0, 16.0, 852.0, 559.0]
[224.0, 16.0, 949.0, 560.0]
[128.0, 32.0, 854.0, 576.0]
[96.0, 48.0, 823.0, 593.0]
[80.0, 16.0, 808.0, 562.0]
[128.0, 64.0, 857.0, 611.0]
[176.0, 48.0, 906.0, 596.0]
[48.0, 16.0, 779.0, 564.0]
[224.0, 64.0, 956.0, 613.0]
[160.0, 64.0, 893.0, 614.0]
[48.0, 48.0, 782.0, 598.0]
[112.0, 64.0, 847.0, 615.0]
[64.0, 16.0, 800.0, 568.0]
[48.0, 16.0, 785.0, 569.0]
[160.0, 32.0, 898.0, 586.0]
[128.0, 48.0, 867.0, 602.0]
[160.0, 0.0, 900.0, 555.0]
[128.0, 16.0, 869.0, 572.0]
[192.0, 64.0, 934.0, 620.0]
[32.0, 48.0, 775.0, 605.0]
[192.0, 0.0, 936.0, 558.0]
[48.0, 64.0, 793.0, 623.0]
[16.0, 48.0, 762.0, 608.0]
[128.0, 16.0, 875.0, 576.0]
[32.0, 48.0, 780.0, 609.0]
[16.0, 32.0, 765.0, 594.0]
[192.0, 32.0, 942.0, 594.0]
[160.0, 48.0, 911.0, 611.0]
[144.0, 16.0, 896.0, 580.0]
[256.0, 16.0, 1009.0, 581.0]
[32.0, 32.0, 786.0, 598.0]
[224.0, 0.0, 979.0, 566.0]
[192.0, 0.0, 948.0, 567.0]
[176.0, 32.0, 933.0, 600.0]
[0.0, 32.0, 758.0, 600.0]
[128.0, 16.0, 887.0, 585.0]
[208.0, 16.0, 968.0, 586.0]
[80.0, 32.0, 841.0, 603.0]
[240.0, 0.0, 1002.0, 572.0]
[48.0, 64.0, 811.0, 636.0]
[240.0, 32.0, 1004.0, 605.0]
[48.0, 48.0, 813.0, 622.0]
[16.0, 16.0, 782.0, 590.0]
[144.0, 16.0, 911.0, 591.0]
[64.0, 32.0, 832.0, 608.0]
[112.0, 16.0, 881.0, 593.0]
[48.0, 32.0, 818.0, 610.0]
[48.0, 0.0, 819.0, 578.0]
[16.0, 32.0, 788.0, 611.0]
[80.0, 32.0, 853.0, 612.0]
[96.0, 0.0, 870.0, 580.0]
[96.0, 32.0, 871.0, 613.0]
[160.0, 48.0, 936.0, 630.0]
[112.0, 32.0, 889.0, 615.0]
[224.0, 48.0, 1002.0, 632.0]
[208.0, 48.0, 987.0, 632.0]
[64.0, 16.0, 844.0, 601.0]
[64.0, 16.0, 845.0, 602.0]
[64.0, 32.0, 846.0, 618.0]
[16.0, 32.0, 799.0, 619.0]
[144.0, 32.0, 928.0, 620.0]
[48.0, 0.0, 833.0, 589.0]
[80.0, 0.0, 866.0, 590.0]
[80.0, 48.0, 867.0, 638.0]
[160.0, 32.0, 948.0, 623.0]
[224.0, 48.0, 1013.0, 640.0]
[208.0, 16.0, 998.0, 608.0]
[64.0, 32.0, 855.0, 625.0]
[96.0, 48.0, 888.0, 642.0]
[112.0, 64.0, 905.0, 659.0]
[96.0, 64.0, 890.0, 660.0]
[96.0, 0.0, 891.0, 596.0]
[144.0, 64.0, 940.0, 661.0]
[48.0, 32.0, 845.0, 630.0]
[144.0, 64.0, 942.0, 662.0]
[176.0, 32.0, 975.0, 631.0]
[80.0, 32.0, 880.0, 632.0]
[64.0, 32.0, 865.0, 633.0]
[48.0, 32.0, 850.0, 634.0]
[192.0, 16.0, 995.0, 618.0]
[16.0, 0.0, 820.0, 603.0]
[16.0, 16.0, 821.0, 620.0]
[160.0, 0.0, 966.0, 604.0]
[112.0, 48.0, 919.0, 653.0]
[16.0, 16.0, 824.0, 622.0]
[160.0, 64.0, 969.0, 671.0]
[208.0, 32.0, 1018.0, 640.0]
[32.0, 48.0, 843.0, 656.0]
[128.0, 0.0, 940.0, 609.0]
[64.0, 48.0, 877.0, 658.0]
[16.0, 16.0, 830.0, 626.0]
[176.0, 64.0, 991.0, 675.0]
[96.0, 64.0, 912.0, 676.0]
[96.0, 64.0, 913.0, 677.0]
[64.0, 0.0, 882.0, 614.0]
[0.0, 0.0, 819.0, 614.0]
[64.0, 0.0, 884.0, 615.0]
[0.0, 0.0, 821.0, 616.0]
[112.0, 64.0, 934.0, 680.0]
[80.0, 48.0, 903.0, 665.0]
[128.0, 32.0, 952.0, 650.0]
[48.0, 48.0, 873.0, 667.0]
[64.0, 16.0, 890.0, 636.0]
[48.0, 48.0, 875.0, 668.0]
[48.0, 32.0, 876.0, 653.0]
[64.0, 48.0, 893.0, 670.0]
[32.0, 16.0, 862.0, 638.0]
[32.0, 0.0, 863.0, 623.0]
[64.0, 48.0, 896.0, 672.0]
[176.0, 0.0, 1009.0, 625.0]
[48.0, 48.0, 882.0, 674.0]
[112.0, 48.0, 947.0, 674.0]
[160.0, 0.0, 996.0, 627.0]
[176.0, 32.0, 1013.0, 660.0]
[16.0, 48.0, 854.0, 676.0]
[144.0, 32.0, 983.0, 661.0]
[0.0, 16.0, 840.0, 646.0]
[64.0, 16.0, 905.0, 647.0]
[0.0, 32.0, 842.0, 664.0]
[176.0, 16.0, 1019.0, 648.0]
[64.0, 0.0, 908.0, 633.0]
[128.0, 0.0, 973.0, 634.0]
[48.0, 16.0, 894.0, 650.0]
[0.0, 32.0, 847.0, 667.0]
[160.0, 16.0, 1008.0, 652.0]
[48.0, 32.0, 897.0, 669.0]
[160.0, 16.0, 1010.0, 654.0]
[0.0, 32.0, 851.0, 670.0]
[112.0, 32.0, 964.0, 671.0]
[128.0, 32.0, 981.0, 672.0]
[64.0, 32.0, 918.0, 672.0]
[48.0, 16.0, 903.0, 657.0]
[112.0, 16.0, 968.0, 658.0]
[32.0, 16.0, 889.0, 659.0]
[160.0, 32.0, 1018.0, 676.0]
[64.0, 16.0, 923.0, 660.0]
[128.0, 16.0, 988.0, 661.0]
[48.0, 32.0, 909.0, 678.0]
[160.0, 16.0, 1022.0, 662.0]
[160.0, 32.0, 1023.0, 679.0]
[80.0, 32.0, 944.0, 680.0]
[0.0, 16.0, 865.0, 665.0]
[0.0, 16.0, 866.0, 666.0]
[48.0, 32.0, 915.0, 682.0]
[16.0, 16.0, 884.0, 667.0]
[16.0, 16.0, 885.0, 668.0]
[96.0, 16.0, 966.0, 668.0]
[64.0, 0.0, 935.0, 653.0]
[144.0, 16.0, 1016.0, 670.0]
[16.0, 0.0, 889.0, 655.0]
[0.0, 16.0, 874.0, 672.0]
[0.0, 16.0, 875.0, 672.0]
[0.0, 0.0, 876.0, 657.0]
[144.0, 0.0, 1021.0, 658.0]
[64.0, 16.0, 942.0, 674.0]
[80.0, 16.0, 959.0, 675.0]
[144.0, 16.0, 1024.0, 676.0]
[80.0, 16.0, 961.0, 677.0]
[32.0, 0.0, 914.0, 662.0]
[32.0, 16.0, 915.0, 678.0]
[112.0, 16.0, 996.0, 679.0]
[128.0, 16.0, 1013.0, 680.0]
[80.0, 0.0, 966.0, 664.0]
[48.0, 0.0, 935.0, 665.0]
[64.0, 16.0, 952.0, 682.0]
[96.0, 0.0, 985.0, 667.0]
[96.0, 0.0, 986.0, 668.0]
[128.0, 0.0, 1019.0, 668.0]
[128.0, 0.0, 1020.0, 669.0]
[96.0, 0.0, 989.0, 670.0]
[112.0, 0.0, 1006.0, 670.0]
[64.0, 0.0, 959.0, 671.0]
[80.0, 0.0, 976.0, 672.0]
[112.0, 0.0, 1009.0, 673.0]
[112.0, 0.0, 1010.0, 674.0]
[64.0, 0.0, 963.0, 674.0]
[96.0, 0.0, 996.0, 675.0]
[96.0, 0.0, 997.0, 676.0]
[112.0, 0.0, 1014.0, 676.0]
[16.0, 0.0, 919.0, 677.0]
[16.0, 0.0, 920.0, 678.0]
[16.0, 0.0, 921.0, 679.0]
[96.0, 0.0, 1002.0, 680.0]
[96.0, 0.0, 1003.0, 680.0]
[48.0, 0.0, 956.0, 681.0]
[80.0, 0.0, 989.0, 682.0]
[112.0, 0.0, 1022.0, 682.0]
[112.0, 0.0, 1023.0, 683.0]
