[224.0, 96.0, 941.0, 634.0]
[80.0, 128.0, 798.0, 666.0]
[160.0, 96.0, 879.0, 635.0]
[48.0, 64.0, 768.0, 604.0]
[224.0, 96.0, 945.0, 637.0]
[0.0, 96.0, 722.0, 638.0]
[192.0, 112.0, 915.0, 654.0]
[80.0, 48.0, 804.0, 591.0]
[112.0, 96.0, 837.0, 640.0]
[32.0, 96.0, 758.0, 640.0]
[208.0, 112.0, 935.0, 657.0]
[144.0, 64.0, 872.0, 610.0]
[64.0, 112.0, 793.0, 659.0]
[64.0, 80.0, 794.0, 628.0]
[224.0, 96.0, 955.0, 644.0]
[48.0, 80.0, 780.0, 629.0]
[176.0, 96.0, 909.0, 646.0]
[128.0, 128.0, 862.0, 678.0]
[144.0, 48.0, 879.0, 599.0]
[144.0, 80.0, 880.0, 632.0]
[96.0, 80.0, 833.0, 633.0]
[48.0, 112.0, 786.0, 666.0]
[128.0, 32.0, 867.0, 586.0]
[64.0, 80.0, 804.0, 635.0]
[128.0, 112.0, 869.0, 668.0]
[112.0, 96.0, 854.0, 652.0]
[96.0, 32.0, 839.0, 589.0]
[96.0, 80.0, 840.0, 638.0]
[48.0, 96.0, 793.0, 655.0]
[48.0, 80.0, 794.0, 640.0]
[16.0, 112.0, 763.0, 672.0]
[96.0, 32.0, 844.0, 593.0]
[64.0, 80.0, 813.0, 642.0]
[80.0, 112.0, 830.0, 674.0]
[32.0, 112.0, 783.0, 675.0]
[160.0, 48.0, 912.0, 612.0]
[0.0, 96.0, 753.0, 661.0]
[96.0, 32.0, 850.0, 598.0]
[16.0, 96.0, 771.0, 662.0]
[64.0, 64.0, 820.0, 631.0]
[144.0, 64.0, 901.0, 632.0]
[112.0, 64.0, 870.0, 632.0]
[48.0, 64.0, 807.0, 633.0]
[192.0, 96.0, 952.0, 666.0]
[112.0, 32.0, 873.0, 603.0]
[96.0, 32.0, 858.0, 604.0]
[80.0, 48.0, 843.0, 620.0]
[112.0, 48.0, 876.0, 621.0]
[96.0, 96.0, 861.0, 670.0]
[16.0, 64.0, 782.0, 638.0]
[80.0, 80.0, 847.0, 655.0]
[64.0, 32.0, 832.0, 608.0]
[96.0, 32.0, 865.0, 609.0]
[0.0, 96.0, 770.0, 674.0]
[112.0, 16.0, 883.0, 594.0]
[144.0, 80.0, 916.0, 659.0]
[128.0, 80.0, 901.0, 660.0]
[112.0, 96.0, 886.0, 676.0]
[96.0, 64.0, 871.0, 645.0]
[0.0, 80.0, 776.0, 662.0]
[48.0, 96.0, 825.0, 679.0]
[160.0, 80.0, 938.0, 664.0]
[176.0, 96.0, 955.0, 680.0]
[16.0, 48.0, 796.0, 633.0]
[112.0, 32.0, 893.0, 618.0]
[192.0, 64.0, 974.0, 650.0]
[0.0, 96.0, 783.0, 683.0]
[160.0, 80.0, 944.0, 668.0]
[64.0, 64.0, 849.0, 653.0]
[64.0, 16.0, 850.0, 606.0]
[128.0, 16.0, 915.0, 606.0]
[160.0, 32.0, 948.0, 623.0]
[32.0, 64.0, 821.0, 656.0]
[144.0, 32.0, 934.0, 624.0]
[0.0, 80.0, 791.0, 673.0]
[64.0, 0.0, 856.0, 594.0]
[160.0, 32.0, 953.0, 627.0]
[48.0, 48.0, 842.0, 644.0]
[96.0, 16.0, 891.0, 612.0]
[48.0, 16.0, 844.0, 613.0]
[144.0, 80.0, 941.0, 678.0]
[0.0, 64.0, 798.0, 662.0]
[80.0, 0.0, 879.0, 599.0]
[64.0, 32.0, 864.0, 632.0]
[16.0, 64.0, 817.0, 665.0]
[16.0, 16.0, 818.0, 618.0]
[80.0, 80.0, 883.0, 682.0]
[96.0, 64.0, 900.0, 667.0]
[160.0, 32.0, 965.0, 636.0]
[32.0, 0.0, 838.0, 604.0]
[112.0, 0.0, 919.0, 605.0]
[16.0, 64.0, 824.0, 670.0]
[128.0, 48.0, 937.0, 655.0]
[48.0, 48.0, 858.0, 656.0]
[128.0, 64.0, 939.0, 672.0]
[64.0, 32.0, 876.0, 641.0]
[160.0, 32.0, 973.0, 642.0]
[80.0, 0.0, 894.0, 610.0]
[128.0, 64.0, 943.0, 675.0]
[64.0, 64.0, 880.0, 676.0]
[16.0, 32.0, 833.0, 645.0]
[176.0, 48.0, 994.0, 662.0]
[80.0, 0.0, 899.0, 614.0]
[128.0, 48.0, 948.0, 663.0]
[128.0, 32.0, 949.0, 648.0]
[128.0, 48.0, 950.0, 664.0]
[144.0, 48.0, 967.0, 665.0]
[48.0, 0.0, 872.0, 618.0]
[32.0, 32.0, 857.0, 651.0]
[48.0, 0.0, 874.0, 620.0]
[64.0, 16.0, 891.0, 636.0]
[16.0, 32.0, 844.0, 653.0]
[128.0, 48.0, 957.0, 670.0]
[112.0, 32.0, 942.0, 654.0]
[144.0, 16.0, 975.0, 639.0]
[112.0, 16.0, 944.0, 640.0]
[48.0, 16.0, 881.0, 641.0]
[64.0, 0.0, 898.0, 626.0]
[128.0, 48.0, 963.0, 674.0]
[64.0, 48.0, 900.0, 675.0]
[96.0, 32.0, 933.0, 660.0]
[64.0, 48.0, 902.0, 676.0]
[0.0, 16.0, 839.0, 645.0]
[64.0, 0.0, 904.0, 630.0]
[64.0, 48.0, 905.0, 679.0]
[80.0, 32.0, 922.0, 664.0]
[48.0, 48.0, 891.0, 680.0]
[96.0, 0.0, 940.0, 633.0]
[112.0, 32.0, 957.0, 666.0]
[112.0, 48.0, 958.0, 682.0]
[48.0, 16.0, 895.0, 651.0]
[128.0, 48.0, 976.0, 684.0]
[112.0, 0.0, 961.0, 637.0]
[96.0, 16.0, 946.0, 654.0]
[144.0, 32.0, 995.0, 670.0]
[128.0, 16.0, 980.0, 655.0]
[32.0, 16.0, 885.0, 656.0]
[64.0, 16.0, 918.0, 656.0]
[128.0, 16.0, 983.0, 657.0]
[32.0, 32.0, 888.0, 674.0]
[80.0, 0.0, 937.0, 643.0]
[48.0, 16.0, 906.0, 660.0]
[80.0, 0.0, 939.0, 644.0]
[64.0, 16.0, 924.0, 661.0]
[96.0, 16.0, 957.0, 662.0]
[0.0, 0.0, 862.0, 646.0]
[80.0, 16.0, 943.0, 663.0]
[16.0, 16.0, 880.0, 664.0]
[64.0, 32.0, 929.0, 681.0]
[112.0, 32.0, 978.0, 682.0]
[64.0, 16.0, 931.0, 666.0]
[96.0, 0.0, 964.0, 651.0]
[48.0, 0.0, 917.0, 652.0]
[128.0, 32.0, 998.0, 684.0]
[16.0, 0.0, 887.0, 653.0]
[96.0, 16.0, 968.0, 670.0]
[96.0, 16.0, 969.0, 671.0]
[0.0, 0.0, 874.0, 656.0]
[32.0, 0.0, 907.0, 656.0]
[64.0, 16.0, 940.0, 673.0]
[96.0, 16.0, 973.0, 674.0]
[0.0, 16.0, 878.0, 674.0]
[64.0, 0.0, 943.0, 659.0]
[48.0, 0.0, 928.0, 660.0]
[80.0, 0.0, 961.0, 661.0]
[112.0, 16.0, 994.0, 678.0]
[48.0, 16.0, 931.0, 678.0]
[16.0, 0.0, 900.0, 663.0]
[80.0, 0.0, 965.0, 664.0]
[96.0, 0.0, 982.0, 664.0]
[0.0, 16.0, 887.0, 681.0]
[64.0, 16.0, 952.0, 682.0]
[32.0, 16.0, 921.0, 683.0]
[80.0, 16.0, 970.0, 684.0]
[80.0, 0.0, 971.0, 668.0]
[112.0, 0.0, 1004.0, 669.0]
[64.0, 0.0, 957.0, 670.0]
[80.0, 0.0, 974.0, 670.0]
[64.0, 0.0, 959.0, 671.0]
[48.0, 0.0, 944.0, 672.0]
[64.0, 0.0, 961.0, 673.0]
[48.0, 0.0, 946.0, 674.0]
[64.0, 0.0, 963.0, 674.0]
[32.0, 0.0, 932.0, 675.0]
[32.0, 0.0, 933.0, 676.0]
[96.0, 0.0, 998.0, 676.0]
[64.0, 0.0, 967.0, 677.0]
[32.0, 0.0, 936.0, 678.0]
[32.0, 0.0, 937.0, 679.0]
[48.0, 0.0, 954.0, 680.0]
[0.0, 0.0, 907.0, 680.0]
[64.0, 0.0, 972.0, 681.0]
[80.0, 0.0, 989.0, 682.0]
[16.0, 0.0, 926.0, 682.0]
[64.0, 0.0, 975.0, 683.0]
[0.0, 0.0, 912.0, 684.0]
