[240.0, 48.0, 957.0, 586.0]
[192.0, 64.0, 910.0, 602.0]
[240.0, 0.0, 959.0, 539.0]
[176.0, 16.0, 896.0, 556.0]
[176.0, 0.0, 897.0, 541.0]
[128.0, 48.0, 850.0, 590.0]
[160.0, 16.0, 883.0, 558.0]
[240.0, 80.0, 964.0, 623.0]
[176.0, 48.0, 901.0, 592.0]
[160.0, 16.0, 886.0, 560.0]
[224.0, 32.0, 951.0, 577.0]
[256.0, 16.0, 984.0, 562.0]
[112.0, 16.0, 841.0, 563.0]
[96.0, 32.0, 826.0, 580.0]
[256.0, 32.0, 987.0, 580.0]
[208.0, 32.0, 940.0, 581.0]
[112.0, 64.0, 845.0, 614.0]
[128.0, 0.0, 862.0, 550.0]
[160.0, 80.0, 895.0, 631.0]
[224.0, 32.0, 960.0, 584.0]
[176.0, 64.0, 913.0, 617.0]
[240.0, 16.0, 978.0, 570.0]
[224.0, 80.0, 963.0, 634.0]
[176.0, 48.0, 916.0, 603.0]
[192.0, 16.0, 933.0, 572.0]
[192.0, 64.0, 934.0, 620.0]
[80.0, 48.0, 823.0, 605.0]
[96.0, 0.0, 840.0, 558.0]
[160.0, 32.0, 905.0, 591.0]
[112.0, 16.0, 858.0, 576.0]
[96.0, 16.0, 843.0, 576.0]
[224.0, 32.0, 972.0, 593.0]
[208.0, 80.0, 957.0, 642.0]
[96.0, 64.0, 846.0, 626.0]
[112.0, 48.0, 863.0, 611.0]
[176.0, 48.0, 928.0, 612.0]
[128.0, 48.0, 881.0, 613.0]
[192.0, 32.0, 946.0, 598.0]
[256.0, 64.0, 1011.0, 630.0]
[224.0, 48.0, 980.0, 615.0]
[128.0, 48.0, 885.0, 616.0]
[144.0, 0.0, 902.0, 568.0]
[256.0, 64.0, 1015.0, 633.0]
[240.0, 16.0, 1000.0, 586.0]
[160.0, 80.0, 921.0, 651.0]
[64.0, 16.0, 826.0, 588.0]
[144.0, 48.0, 907.0, 620.0]
[208.0, 16.0, 972.0, 589.0]
[96.0, 0.0, 861.0, 574.0]
[208.0, 80.0, 974.0, 654.0]
[96.0, 16.0, 863.0, 591.0]
[192.0, 16.0, 960.0, 592.0]
[144.0, 64.0, 913.0, 641.0]
[176.0, 64.0, 946.0, 642.0]
[64.0, 32.0, 835.0, 610.0]
[128.0, 64.0, 900.0, 643.0]
[176.0, 48.0, 949.0, 628.0]
[240.0, 64.0, 1014.0, 644.0]
[128.0, 16.0, 903.0, 597.0]
[80.0, 16.0, 856.0, 598.0]
[240.0, 32.0, 1017.0, 615.0]
[192.0, 0.0, 970.0, 584.0]
[176.0, 32.0, 955.0, 616.0]
[64.0, 0.0, 844.0, 585.0]
[240.0, 32.0, 1021.0, 618.0]
[208.0, 0.0, 990.0, 586.0]
[240.0, 16.0, 1023.0, 603.0]
[80.0, 0.0, 864.0, 588.0]
[144.0, 48.0, 929.0, 637.0]
[96.0, 32.0, 882.0, 622.0]
[64.0, 0.0, 851.0, 590.0]
[160.0, 16.0, 948.0, 607.0]
[64.0, 0.0, 853.0, 592.0]
[112.0, 64.0, 902.0, 656.0]
[96.0, 16.0, 887.0, 609.0]
[144.0, 48.0, 936.0, 642.0]
[48.0, 32.0, 841.0, 627.0]
[80.0, 16.0, 874.0, 612.0]
[160.0, 48.0, 955.0, 644.0]
[128.0, 48.0, 924.0, 645.0]
[160.0, 64.0, 957.0, 662.0]
[64.0, 48.0, 862.0, 646.0]
[112.0, 0.0, 911.0, 599.0]
[128.0, 64.0, 928.0, 664.0]
[64.0, 0.0, 865.0, 601.0]
[144.0, 32.0, 946.0, 634.0]
[128.0, 0.0, 931.0, 602.0]
[208.0, 0.0, 1012.0, 603.0]
[144.0, 0.0, 949.0, 604.0]
[176.0, 48.0, 982.0, 652.0]
[176.0, 48.0, 983.0, 653.0]
[96.0, 16.0, 904.0, 622.0]
[128.0, 32.0, 937.0, 639.0]
[80.0, 32.0, 890.0, 640.0]
[192.0, 32.0, 1003.0, 640.0]
[208.0, 32.0, 1020.0, 641.0]
[208.0, 0.0, 1021.0, 610.0]
[64.0, 48.0, 878.0, 658.0]
[48.0, 32.0, 863.0, 643.0]
[192.0, 32.0, 1008.0, 644.0]
[96.0, 0.0, 913.0, 613.0]
[176.0, 16.0, 994.0, 630.0]
[144.0, 32.0, 963.0, 646.0]
[96.0, 48.0, 916.0, 663.0]
[64.0, 16.0, 885.0, 632.0]
[144.0, 16.0, 966.0, 632.0]
[112.0, 0.0, 935.0, 617.0]
[160.0, 16.0, 984.0, 634.0]
[80.0, 32.0, 905.0, 651.0]
[144.0, 16.0, 970.0, 636.0]
[112.0, 0.0, 939.0, 620.0]
[144.0, 16.0, 972.0, 637.0]
[64.0, 0.0, 893.0, 622.0]
[96.0, 32.0, 926.0, 654.0]
[144.0, 32.0, 975.0, 655.0]
[112.0, 16.0, 944.0, 640.0]
[160.0, 16.0, 993.0, 641.0]
[112.0, 16.0, 946.0, 642.0]
[176.0, 16.0, 1011.0, 642.0]
[128.0, 32.0, 964.0, 659.0]
[176.0, 16.0, 1013.0, 644.0]
[144.0, 32.0, 982.0, 660.0]
[112.0, 0.0, 951.0, 629.0]
[32.0, 0.0, 872.0, 630.0]
[128.0, 0.0, 969.0, 631.0]
[48.0, 0.0, 890.0, 632.0]
[96.0, 0.0, 939.0, 632.0]
[48.0, 32.0, 892.0, 665.0]
[128.0, 16.0, 973.0, 650.0]
[112.0, 32.0, 958.0, 666.0]
[144.0, 0.0, 991.0, 635.0]
[176.0, 0.0, 1024.0, 636.0]
[128.0, 0.0, 977.0, 637.0]
[32.0, 0.0, 882.0, 638.0]
[80.0, 16.0, 931.0, 654.0]
[48.0, 16.0, 900.0, 655.0]
[32.0, 16.0, 885.0, 656.0]
[64.0, 16.0, 918.0, 656.0]
[64.0, 0.0, 919.0, 641.0]
[112.0, 16.0, 968.0, 658.0]
[128.0, 16.0, 985.0, 659.0]
[128.0, 0.0, 986.0, 644.0]
[144.0, 0.0, 1003.0, 644.0]
[64.0, 0.0, 924.0, 645.0]
[48.0, 0.0, 909.0, 646.0]
[32.0, 0.0, 894.0, 646.0]
[144.0, 16.0, 1007.0, 663.0]
[112.0, 0.0, 976.0, 648.0]
[64.0, 16.0, 929.0, 665.0]
[96.0, 16.0, 962.0, 666.0]
[80.0, 16.0, 947.0, 666.0]
[32.0, 0.0, 900.0, 651.0]
[80.0, 0.0, 949.0, 652.0]
[64.0, 0.0, 934.0, 652.0]
[48.0, 0.0, 919.0, 653.0]
[112.0, 0.0, 984.0, 654.0]
[112.0, 0.0, 985.0, 655.0]
[64.0, 0.0, 938.0, 656.0]
[80.0, 0.0, 955.0, 656.0]
[96.0, 0.0, 972.0, 657.0]
[80.0, 0.0, 957.0, 658.0]
[64.0, 0.0, 942.0, 658.0]
[80.0, 0.0, 959.0, 659.0]
[32.0, 0.0, 912.0, 660.0]
[112.0, 0.0, 993.0, 661.0]
[112.0, 0.0, 994.0, 662.0]
[112.0, 0.0, 995.0, 662.0]
[80.0, 0.0, 964.0, 663.0]
[48.0, 0.0, 933.0, 664.0]
[112.0, 0.0, 998.0, 664.0]
[32.0, 0.0, 919.0, 665.0]
[32.0, 0.0, 920.0, 666.0]
