[160.0, 48.0, 909.0, 610.0]
[64.0, 48.0, 814.0, 610.0]
[48.0, 32.0, 799.0, 595.0]
[48.0, 96.0, 800.0, 660.0]
[176.0, 32.0, 929.0, 597.0]
[160.0, 48.0, 914.0, 614.0]
[176.0, 32.0, 931.0, 598.0]
[128.0, 48.0, 884.0, 615.0]
[96.0, 48.0, 853.0, 616.0]
[144.0, 48.0, 902.0, 616.0]
[192.0, 80.0, 951.0, 649.0]
[128.0, 112.0, 888.0, 682.0]
[160.0, 32.0, 921.0, 603.0]
[96.0, 112.0, 858.0, 684.0]
[208.0, 48.0, 971.0, 620.0]
[48.0, 80.0, 812.0, 653.0]
[48.0, 112.0, 813.0, 686.0]
[128.0, 48.0, 894.0, 622.0]
[192.0, 64.0, 959.0, 639.0]
[144.0, 80.0, 912.0, 656.0]
[160.0, 80.0, 929.0, 657.0]
[160.0, 64.0, 930.0, 642.0]
[128.0, 112.0, 899.0, 690.0]
[16.0, 80.0, 788.0, 659.0]
[112.0, 64.0, 885.0, 644.0]
[64.0, 16.0, 838.0, 596.0]
[32.0, 80.0, 807.0, 661.0]
[80.0, 32.0, 856.0, 614.0]
[224.0, 48.0, 1001.0, 631.0]
[80.0, 64.0, 858.0, 648.0]
[112.0, 96.0, 891.0, 680.0]
[96.0, 16.0, 876.0, 601.0]
[176.0, 16.0, 957.0, 602.0]
[144.0, 16.0, 926.0, 602.0]
[112.0, 96.0, 895.0, 683.0]
[192.0, 112.0, 976.0, 700.0]
[128.0, 32.0, 913.0, 621.0]
[48.0, 48.0, 834.0, 638.0]
[128.0, 96.0, 915.0, 686.0]
[160.0, 96.0, 948.0, 687.0]
[160.0, 0.0, 949.0, 592.0]
[144.0, 32.0, 934.0, 624.0]
[32.0, 96.0, 823.0, 689.0]
[176.0, 48.0, 968.0, 642.0]
[144.0, 16.0, 937.0, 611.0]
[208.0, 16.0, 1002.0, 612.0]
[64.0, 48.0, 859.0, 644.0]
[80.0, 64.0, 876.0, 661.0]
[112.0, 48.0, 909.0, 646.0]
[96.0, 0.0, 894.0, 598.0]
[144.0, 0.0, 943.0, 599.0]
[144.0, 32.0, 944.0, 632.0]
[48.0, 64.0, 849.0, 665.0]
[64.0, 32.0, 866.0, 634.0]
[64.0, 112.0, 867.0, 714.0]
[208.0, 64.0, 1012.0, 667.0]
[48.0, 96.0, 853.0, 700.0]
[0.0, 80.0, 806.0, 684.0]
[32.0, 48.0, 839.0, 653.0]
[80.0, 96.0, 888.0, 702.0]
[96.0, 0.0, 905.0, 607.0]
[192.0, 96.0, 1002.0, 704.0]
[48.0, 112.0, 859.0, 720.0]
[64.0, 80.0, 876.0, 689.0]
[128.0, 0.0, 941.0, 610.0]
[112.0, 64.0, 926.0, 674.0]
[48.0, 48.0, 863.0, 659.0]
[192.0, 0.0, 1008.0, 612.0]
[112.0, 32.0, 929.0, 645.0]
[64.0, 48.0, 882.0, 662.0]
[160.0, 0.0, 979.0, 614.0]
[80.0, 96.0, 900.0, 711.0]
[144.0, 64.0, 965.0, 680.0]
[0.0, 32.0, 822.0, 648.0]
[64.0, 96.0, 887.0, 713.0]
[48.0, 64.0, 872.0, 682.0]
[96.0, 112.0, 921.0, 731.0]
[48.0, 32.0, 874.0, 652.0]
[192.0, 32.0, 1019.0, 652.0]
[112.0, 80.0, 940.0, 701.0]
[144.0, 64.0, 973.0, 686.0]
[32.0, 64.0, 862.0, 686.0]
[0.0, 32.0, 831.0, 655.0]
[160.0, 16.0, 992.0, 640.0]
[144.0, 112.0, 977.0, 737.0]
[32.0, 48.0, 866.0, 674.0]
[160.0, 64.0, 995.0, 690.0]
[96.0, 96.0, 932.0, 723.0]
[160.0, 48.0, 997.0, 676.0]
[160.0, 48.0, 998.0, 676.0]
[128.0, 64.0, 967.0, 693.0]
[32.0, 48.0, 872.0, 678.0]
[80.0, 0.0, 921.0, 631.0]
[48.0, 96.0, 890.0, 728.0]
[32.0, 0.0, 875.0, 632.0]
[176.0, 80.0, 1020.0, 713.0]
[128.0, 16.0, 973.0, 650.0]
[160.0, 48.0, 1006.0, 682.0]
[96.0, 48.0, 943.0, 683.0]
[176.0, 32.0, 1024.0, 668.0]
[144.0, 0.0, 993.0, 637.0]
[32.0, 80.0, 882.0, 718.0]
[16.0, 0.0, 867.0, 638.0]
[96.0, 32.0, 948.0, 671.0]
[80.0, 64.0, 933.0, 704.0]
[96.0, 0.0, 950.0, 640.0]
[144.0, 32.0, 999.0, 673.0]
[64.0, 16.0, 920.0, 658.0]
[144.0, 96.0, 1001.0, 739.0]
[0.0, 80.0, 858.0, 724.0]
[32.0, 80.0, 891.0, 724.0]
[0.0, 48.0, 860.0, 693.0]
[0.0, 48.0, 861.0, 694.0]
[112.0, 16.0, 974.0, 662.0]
[160.0, 80.0, 1023.0, 727.0]
[96.0, 64.0, 960.0, 712.0]
[112.0, 32.0, 977.0, 681.0]
[112.0, 64.0, 978.0, 714.0]
[112.0, 48.0, 979.0, 698.0]
[112.0, 64.0, 980.0, 715.0]
[80.0, 64.0, 949.0, 716.0]
[128.0, 64.0, 998.0, 716.0]
[112.0, 32.0, 983.0, 685.0]
[64.0, 64.0, 936.0, 718.0]
[16.0, 16.0, 889.0, 671.0]
[96.0, 80.0, 970.0, 736.0]
[0.0, 16.0, 875.0, 672.0]
[112.0, 96.0, 988.0, 753.0]
[128.0, 80.0, 1005.0, 738.0]
[32.0, 96.0, 910.0, 754.0]
[112.0, 32.0, 991.0, 691.0]
[0.0, 64.0, 880.0, 724.0]
[16.0, 96.0, 897.0, 757.0]
[16.0, 80.0, 898.0, 742.0]
[32.0, 0.0, 915.0, 662.0]
[96.0, 16.0, 980.0, 679.0]
[96.0, 64.0, 981.0, 728.0]
[0.0, 48.0, 886.0, 712.0]
[48.0, 64.0, 935.0, 729.0]
[112.0, 80.0, 1000.0, 746.0]
[128.0, 32.0, 1017.0, 699.0]
[112.0, 64.0, 1002.0, 732.0]
[32.0, 0.0, 923.0, 668.0]
[16.0, 48.0, 908.0, 717.0]
[16.0, 48.0, 909.0, 718.0]
[64.0, 16.0, 958.0, 686.0]
[0.0, 80.0, 895.0, 751.0]
[48.0, 80.0, 944.0, 752.0]
[112.0, 16.0, 1009.0, 689.0]
[80.0, 48.0, 978.0, 722.0]
[48.0, 48.0, 947.0, 722.0]
[48.0, 48.0, 948.0, 723.0]
[80.0, 48.0, 981.0, 724.0]
[0.0, 80.0, 902.0, 756.0]
[32.0, 80.0, 935.0, 757.0]
[32.0, 64.0, 936.0, 742.0]
[112.0, 80.0, 1017.0, 759.0]
[32.0, 0.0, 938.0, 680.0]
[80.0, 80.0, 987.0, 760.0]
[112.0, 48.0, 1020.0, 729.0]
[64.0, 64.0, 973.0, 746.0]
[16.0, 16.0, 926.0, 698.0]
[32.0, 16.0, 943.0, 699.0]
[80.0, 32.0, 992.0, 716.0]
[32.0, 80.0, 945.0, 765.0]
[80.0, 16.0, 994.0, 702.0]
[32.0, 48.0, 947.0, 734.0]
[96.0, 64.0, 1012.0, 751.0]
[64.0, 0.0, 981.0, 688.0]
[16.0, 16.0, 934.0, 704.0]
[48.0, 64.0, 967.0, 753.0]
[0.0, 0.0, 920.0, 690.0]
[48.0, 16.0, 969.0, 707.0]
[64.0, 64.0, 986.0, 756.0]
[0.0, 0.0, 923.0, 692.0]
[96.0, 64.0, 1020.0, 757.0]
[0.0, 32.0, 925.0, 726.0]
[64.0, 16.0, 990.0, 710.0]
[32.0, 48.0, 959.0, 743.0]
[32.0, 64.0, 960.0, 760.0]
[48.0, 48.0, 977.0, 745.0]
[32.0, 64.0, 962.0, 762.0]
[16.0, 0.0, 947.0, 698.0]
[32.0, 16.0, 964.0, 715.0]
[16.0, 16.0, 949.0, 716.0]
[32.0, 0.0, 966.0, 700.0]
[80.0, 64.0, 1015.0, 765.0]
[64.0, 16.0, 1000.0, 718.0]
[32.0, 0.0, 969.0, 703.0]
[64.0, 16.0, 1002.0, 720.0]
[64.0, 64.0, 1003.0, 768.0]
[48.0, 48.0, 988.0, 753.0]
[32.0, 16.0, 973.0, 722.0]
[80.0, 0.0, 1022.0, 706.0]
[80.0, 48.0, 1023.0, 755.0]
[0.0, 16.0, 944.0, 724.0]
[0.0, 32.0, 945.0, 741.0]
[0.0, 48.0, 946.0, 758.0]
[32.0, 32.0, 979.0, 742.0]
[32.0, 16.0, 980.0, 727.0]
[16.0, 0.0, 965.0, 712.0]
[64.0, 0.0, 1014.0, 712.0]
[0.0, 32.0, 951.0, 745.0]
[0.0, 16.0, 952.0, 730.0]
[32.0, 16.0, 985.0, 731.0]
[16.0, 48.0, 970.0, 764.0]
[48.0, 32.0, 1003.0, 748.0]
[64.0, 0.0, 1020.0, 717.0]
[64.0, 48.0, 1021.0, 766.0]
[32.0, 0.0, 990.0, 718.0]
[32.0, 48.0, 991.0, 767.0]
[16.0, 48.0, 976.0, 768.0]
[16.0, 32.0, 977.0, 753.0]
[0.0, 16.0, 962.0, 738.0]
[48.0, 32.0, 1011.0, 754.0]
[48.0, 0.0, 1012.0, 723.0]
[32.0, 16.0, 997.0, 740.0]
[32.0, 0.0, 998.0, 724.0]
[48.0, 32.0, 1015.0, 757.0]
[0.0, 32.0, 968.0, 758.0]
[16.0, 32.0, 985.0, 759.0]
[16.0, 0.0, 986.0, 728.0]
[32.0, 0.0, 1003.0, 728.0]
[16.0, 0.0, 988.0, 729.0]
[0.0, 32.0, 973.0, 762.0]
[32.0, 32.0, 1006.0, 762.0]
[32.0, 16.0, 1007.0, 747.0]
[48.0, 32.0, 1024.0, 764.0]
[16.0, 16.0, 993.0, 749.0]
[16.0, 32.0, 994.0, 766.0]
[32.0, 16.0, 1011.0, 750.0]
[16.0, 16.0, 996.0, 751.0]
[16.0, 16.0, 997.0, 752.0]
[16.0, 32.0, 998.0, 768.0]
[32.0, 16.0, 1015.0, 753.0]
[16.0, 0.0, 1000.0, 738.0]
[0.0, 16.0, 985.0, 755.0]
[16.0, 0.0, 1002.0, 740.0]
[0.0, 16.0, 987.0, 756.0]
[0.0, 16.0, 988.0, 757.0]
[16.0, 16.0, 1005.0, 758.0]
[16.0, 0.0, 1006.0, 742.0]
[0.0, 16.0, 991.0, 759.0]
[32.0, 16.0, 1024.0, 760.0]
[0.0, 0.0, 993.0, 745.0]
[0.0, 16.0, 994.0, 762.0]
[16.0, 0.0, 1011.0, 746.0]
[0.0, 0.0, 996.0, 747.0]
[0.0, 0.0, 997.0, 748.0]
[16.0, 16.0, 1014.0, 764.0]
[0.0, 0.0, 999.0, 749.0]
[0.0, 0.0, 1000.0, 750.0]
[0.0, 0.0, 1001.0, 751.0]
[16.0, 0.0, 1018.0, 752.0]
[16.0, 0.0, 1019.0, 752.0]
[0.0, 0.0, 1004.0, 753.0]
[0.0, 0.0, 1005.0, 754.0]
[16.0, 0.0, 1022.0, 754.0]
[0.0, 0.0, 1007.0, 755.0]
[0.0, 0.0, 1008.0, 756.0]
[0.0, 0.0, 1009.0, 757.0]
[0.0, 0.0, 1010.0, 758.0]
[0.0, 0.0, 1011.0, 758.0]
[0.0, 0.0, 1012.0, 759.0]
[0.0, 0.0, 1013.0, 760.0]
[0.0, 0.0, 1014.0, 760.0]
[0.0, 0.0, 1015.0, 761.0]
[0.0, 0.0, 1016.0, 762.0]
[0.0, 0.0, 1017.0, 763.0]
[0.0, 0.0, 1018.0, 764.0]
[0.0, 0.0, 1019.0, 764.0]
[0.0, 0.0, 1020.0, 765.0]
[0.0, 0.0, 1021.0, 766.0]
[0.0, 0.0, 1022.0, 766.0]
[0.0, 0.0, 1023.0, 767.0]
[0.0, 0.0, 1024.0, 768.0]
