[64.0, 256.0, 602.0, 973.0]
[32.0, 48.0, 570.0, 766.0]
[48.0, 240.0, 587.0, 959.0]
[64.0, 80.0, 604.0, 800.0]
[32.0, 32.0, 573.0, 753.0]
[16.0, 112.0, 558.0, 834.0]
[32.0, 192.0, 574.0, 915.0]
[48.0, 32.0, 591.0, 756.0]
[48.0, 32.0, 592.0, 757.0]
[16.0, 144.0, 560.0, 870.0]
[48.0, 48.0, 593.0, 775.0]
[16.0, 144.0, 562.0, 872.0]
[48.0, 112.0, 595.0, 841.0]
[32.0, 96.0, 580.0, 826.0]
[32.0, 128.0, 580.0, 859.0]
[64.0, 48.0, 613.0, 780.0]
[32.0, 272.0, 582.0, 1005.0]
[16.0, 160.0, 566.0, 894.0]
[48.0, 64.0, 599.0, 799.0]
[16.0, 32.0, 568.0, 768.0]
[48.0, 144.0, 601.0, 881.0]
[16.0, 224.0, 570.0, 962.0]
[16.0, 32.0, 570.0, 771.0]
[48.0, 272.0, 603.0, 1012.0]
[32.0, 160.0, 588.0, 901.0]
[32.0, 240.0, 588.0, 982.0]
[32.0, 224.0, 589.0, 967.0]
[0.0, 96.0, 558.0, 840.0]
[32.0, 240.0, 591.0, 985.0]
[48.0, 240.0, 608.0, 986.0]
[48.0, 112.0, 608.0, 859.0]
[48.0, 112.0, 609.0, 860.0]
[16.0, 176.0, 578.0, 925.0]
[48.0, 128.0, 610.0, 878.0]
[48.0, 176.0, 611.0, 927.0]
[32.0, 16.0, 596.0, 768.0]
[16.0, 176.0, 581.0, 929.0]
[32.0, 144.0, 598.0, 898.0]
[48.0, 176.0, 614.0, 931.0]
[64.0, 96.0, 631.0, 852.0]
[64.0, 112.0, 632.0, 869.0]
[32.0, 16.0, 600.0, 774.0]
[0.0, 32.0, 569.0, 791.0]
[48.0, 192.0, 618.0, 952.0]
[32.0, 208.0, 603.0, 969.0]
[64.0, 224.0, 636.0, 986.0]
[64.0, 224.0, 636.0, 987.0]
[64.0, 64.0, 637.0, 828.0]
[32.0, 176.0, 606.0, 941.0]
[32.0, 64.0, 606.0, 830.0]
[32.0, 176.0, 607.0, 943.0]
[48.0, 48.0, 624.0, 816.0]
[0.0, 240.0, 577.0, 1009.0]
[48.0, 16.0, 626.0, 786.0]
[48.0, 208.0, 626.0, 979.0]
[32.0, 16.0, 611.0, 788.0]
[16.0, 80.0, 596.0, 853.0]
[32.0, 112.0, 612.0, 886.0]
[64.0, 48.0, 645.0, 823.0]
[48.0, 240.0, 630.0, 1016.0]
[48.0, 80.0, 631.0, 857.0]
[32.0, 48.0, 616.0, 826.0]
[32.0, 176.0, 616.0, 955.0]
[32.0, 192.0, 617.0, 972.0]
[16.0, 0.0, 602.0, 781.0]
[64.0, 64.0, 650.0, 846.0]
[48.0, 224.0, 635.0, 1007.0]
[16.0, 128.0, 604.0, 912.0]
[32.0, 128.0, 621.0, 913.0]
[16.0, 224.0, 606.0, 1010.0]
[48.0, 160.0, 638.0, 947.0]
[48.0, 160.0, 639.0, 948.0]
[64.0, 176.0, 656.0, 965.0]
[64.0, 128.0, 656.0, 918.0]
[48.0, 160.0, 641.0, 951.0]
[64.0, 192.0, 658.0, 984.0]
[32.0, 112.0, 627.0, 905.0]
[16.0, 112.0, 612.0, 906.0]
[64.0, 64.0, 660.0, 859.0]
[32.0, 128.0, 629.0, 924.0]
[0.0, 112.0, 598.0, 909.0]
[16.0, 0.0, 614.0, 798.0]
[32.0, 16.0, 631.0, 815.0]
[0.0, 192.0, 600.0, 992.0]
[48.0, 208.0, 649.0, 1009.0]
[0.0, 176.0, 602.0, 978.0]
[16.0, 176.0, 618.0, 979.0]
[32.0, 48.0, 635.0, 852.0]
[32.0, 208.0, 636.0, 1013.0]
[0.0, 48.0, 604.0, 854.0]
[48.0, 144.0, 653.0, 951.0]
[64.0, 96.0, 670.0, 904.0]
[0.0, 112.0, 607.0, 921.0]
[64.0, 96.0, 672.0, 906.0]
[32.0, 48.0, 640.0, 859.0]
[16.0, 144.0, 625.0, 956.0]
[32.0, 208.0, 642.0, 1021.0]
[16.0, 176.0, 626.0, 990.0]
[32.0, 192.0, 643.0, 1007.0]
[0.0, 80.0, 612.0, 896.0]
[48.0, 16.0, 661.0, 833.0]
[0.0, 176.0, 614.0, 994.0]
[48.0, 48.0, 662.0, 867.0]
[64.0, 64.0, 679.0, 884.0]
[16.0, 96.0, 632.0, 917.0]
[64.0, 176.0, 680.0, 998.0]
[32.0, 192.0, 649.0, 1015.0]
[32.0, 32.0, 650.0, 856.0]
[64.0, 48.0, 683.0, 873.0]
[48.0, 64.0, 668.0, 890.0]
[32.0, 0.0, 652.0, 827.0]
[48.0, 96.0, 669.0, 924.0]
[16.0, 0.0, 638.0, 829.0]
[48.0, 192.0, 670.0, 1022.0]
[16.0, 32.0, 639.0, 863.0]
[16.0, 160.0, 640.0, 992.0]
[48.0, 112.0, 673.0, 945.0]
[48.0, 144.0, 674.0, 978.0]
[48.0, 160.0, 674.0, 995.0]
[48.0, 16.0, 675.0, 852.0]
[0.0, 0.0, 628.0, 837.0]
[16.0, 64.0, 644.0, 902.0]
[0.0, 48.0, 629.0, 887.0]
[16.0, 144.0, 646.0, 984.0]
[48.0, 48.0, 679.0, 889.0]
[32.0, 176.0, 664.0, 1018.0]
[32.0, 80.0, 664.0, 923.0]
[0.0, 16.0, 633.0, 860.0]
[16.0, 48.0, 650.0, 893.0]
[32.0, 96.0, 666.0, 942.0]
[16.0, 16.0, 651.0, 863.0]
[16.0, 160.0, 652.0, 1008.0]
[16.0, 144.0, 653.0, 993.0]
[16.0, 16.0, 654.0, 866.0]
[0.0, 96.0, 638.0, 947.0]
[16.0, 96.0, 655.0, 948.0]
[16.0, 144.0, 656.0, 997.0]
[32.0, 160.0, 672.0, 1014.0]
[16.0, 48.0, 657.0, 903.0]
[32.0, 16.0, 674.0, 872.0]
[0.0, 112.0, 643.0, 969.0]
[16.0, 0.0, 660.0, 858.0]
[16.0, 128.0, 660.0, 987.0]
[32.0, 144.0, 677.0, 1004.0]
[0.0, 128.0, 646.0, 989.0]
[0.0, 160.0, 646.0, 1022.0]
[0.0, 112.0, 647.0, 975.0]
[32.0, 0.0, 680.0, 864.0]
[16.0, 32.0, 665.0, 897.0]
[32.0, 128.0, 682.0, 994.0]
[32.0, 16.0, 682.0, 883.0]
[16.0, 48.0, 667.0, 916.0]
[0.0, 128.0, 652.0, 997.0]
[16.0, 80.0, 668.0, 950.0]
[16.0, 80.0, 669.0, 951.0]
[0.0, 48.0, 654.0, 920.0]
[16.0, 144.0, 671.0, 1017.0]
[16.0, 32.0, 672.0, 906.0]
[16.0, 144.0, 672.0, 1019.0]
[16.0, 48.0, 673.0, 924.0]
[16.0, 80.0, 674.0, 957.0]
[16.0, 80.0, 674.0, 958.0]
[16.0, 64.0, 675.0, 943.0]
[16.0, 0.0, 676.0, 880.0]
[16.0, 64.0, 677.0, 945.0]
[16.0, 80.0, 678.0, 962.0]
[0.0, 16.0, 662.0, 899.0]
[0.0, 112.0, 663.0, 996.0]
[0.0, 16.0, 664.0, 901.0]
[16.0, 32.0, 680.0, 918.0]
[0.0, 96.0, 665.0, 983.0]
[16.0, 16.0, 682.0, 904.0]
[16.0, 32.0, 683.0, 921.0]
[0.0, 64.0, 668.0, 954.0]
[0.0, 16.0, 668.0, 907.0]
[0.0, 0.0, 669.0, 892.0]
[0.0, 64.0, 670.0, 957.0]
[0.0, 128.0, 670.0, 1022.0]
[0.0, 48.0, 671.0, 943.0]
[0.0, 64.0, 672.0, 960.0]
[0.0, 80.0, 673.0, 977.0]
[0.0, 48.0, 674.0, 946.0]
[0.0, 16.0, 674.0, 915.0]
[0.0, 48.0, 675.0, 948.0]
[0.0, 32.0, 676.0, 933.0]
[0.0, 32.0, 676.0, 934.0]
[0.0, 48.0, 677.0, 951.0]
[0.0, 64.0, 678.0, 968.0]
[0.0, 48.0, 679.0, 953.0]
[0.0, 80.0, 680.0, 986.0]
[0.0, 112.0, 680.0, 1019.0]
[0.0, 96.0, 681.0, 1004.0]
[0.0, 112.0, 682.0, 1021.0]
[0.0, 16.0, 682.0, 926.0]
[0.0, 0.0, 683.0, 911.0]
