[32.0, 144.0, 594.0, 893.0]
[48.0, 64.0, 610.0, 814.0]
[32.0, 96.0, 595.0, 847.0]
[96.0, 80.0, 660.0, 832.0]
[64.0, 192.0, 629.0, 945.0]
[48.0, 96.0, 614.0, 850.0]
[32.0, 80.0, 598.0, 835.0]
[96.0, 80.0, 663.0, 836.0]
[96.0, 48.0, 664.0, 805.0]
[112.0, 192.0, 680.0, 950.0]
[48.0, 64.0, 617.0, 823.0]
[32.0, 208.0, 602.0, 968.0]
[112.0, 192.0, 683.0, 953.0]
[96.0, 32.0, 668.0, 794.0]
[64.0, 192.0, 636.0, 955.0]
[112.0, 128.0, 685.0, 892.0]
[48.0, 112.0, 622.0, 877.0]
[64.0, 160.0, 638.0, 926.0]
[112.0, 160.0, 687.0, 927.0]
[48.0, 224.0, 624.0, 992.0]
[96.0, 96.0, 673.0, 865.0]
[64.0, 176.0, 642.0, 946.0]
[64.0, 32.0, 642.0, 803.0]
[80.0, 224.0, 659.0, 996.0]
[64.0, 128.0, 644.0, 901.0]
[32.0, 128.0, 612.0, 902.0]
[80.0, 224.0, 661.0, 999.0]
[80.0, 128.0, 662.0, 904.0]
[48.0, 128.0, 631.0, 905.0]
[64.0, 224.0, 648.0, 1002.0]
[48.0, 96.0, 632.0, 875.0]
[80.0, 160.0, 665.0, 940.0]
[64.0, 48.0, 650.0, 829.0]
[32.0, 16.0, 618.0, 798.0]
[80.0, 208.0, 667.0, 991.0]
[32.0, 112.0, 620.0, 896.0]
[48.0, 176.0, 637.0, 961.0]
[32.0, 192.0, 622.0, 978.0]
[112.0, 144.0, 702.0, 931.0]
[16.0, 112.0, 607.0, 900.0]
[80.0, 16.0, 672.0, 805.0]
[48.0, 208.0, 640.0, 998.0]
[16.0, 80.0, 609.0, 871.0]
[0.0, 160.0, 594.0, 952.0]
[16.0, 96.0, 611.0, 889.0]
[112.0, 64.0, 708.0, 858.0]
[96.0, 32.0, 692.0, 827.0]
[32.0, 224.0, 629.0, 1020.0]
[96.0, 160.0, 694.0, 957.0]
[16.0, 192.0, 614.0, 990.0]
[32.0, 112.0, 631.0, 911.0]
[16.0, 48.0, 616.0, 848.0]
[16.0, 96.0, 617.0, 897.0]
[16.0, 96.0, 618.0, 898.0]
[32.0, 144.0, 634.0, 947.0]
[16.0, 176.0, 619.0, 980.0]
[64.0, 128.0, 668.0, 933.0]
[64.0, 32.0, 668.0, 838.0]
[16.0, 80.0, 621.0, 887.0]
[112.0, 96.0, 718.0, 904.0]
[0.0, 192.0, 607.0, 1001.0]
[80.0, 128.0, 688.0, 938.0]
[0.0, 80.0, 608.0, 891.0]
[48.0, 144.0, 657.0, 956.0]
[96.0, 16.0, 706.0, 829.0]
[32.0, 112.0, 642.0, 926.0]
[96.0, 192.0, 707.0, 1007.0]
[96.0, 64.0, 708.0, 880.0]
[32.0, 160.0, 645.0, 977.0]
[96.0, 144.0, 710.0, 962.0]
[96.0, 160.0, 710.0, 979.0]
[48.0, 144.0, 663.0, 964.0]
[80.0, 16.0, 696.0, 837.0]
[16.0, 160.0, 632.0, 982.0]
[96.0, 96.0, 713.0, 919.0]
[96.0, 112.0, 714.0, 936.0]
[64.0, 160.0, 683.0, 985.0]
[0.0, 96.0, 620.0, 922.0]
[16.0, 96.0, 636.0, 923.0]
[80.0, 16.0, 701.0, 844.0]
[48.0, 192.0, 670.0, 1021.0]
[64.0, 16.0, 686.0, 846.0]
[80.0, 144.0, 703.0, 975.0]
[32.0, 128.0, 656.0, 960.0]
[96.0, 16.0, 721.0, 849.0]
[80.0, 64.0, 706.0, 898.0]
[32.0, 64.0, 658.0, 899.0]
[16.0, 0.0, 643.0, 836.0]
[32.0, 176.0, 660.0, 1013.0]
[64.0, 144.0, 692.0, 982.0]
[80.0, 128.0, 709.0, 967.0]
[80.0, 48.0, 710.0, 888.0]
[48.0, 128.0, 679.0, 969.0]
[64.0, 176.0, 696.0, 1018.0]
[32.0, 128.0, 664.0, 971.0]
[80.0, 0.0, 713.0, 844.0]
[0.0, 64.0, 634.0, 909.0]
[48.0, 32.0, 682.0, 878.0]
[64.0, 160.0, 699.0, 1007.0]
[32.0, 160.0, 668.0, 1008.0]
[0.0, 48.0, 637.0, 897.0]
[64.0, 0.0, 702.0, 850.0]
[64.0, 160.0, 702.0, 1011.0]
[80.0, 48.0, 719.0, 900.0]
[64.0, 32.0, 704.0, 885.0]
[96.0, 32.0, 736.0, 886.0]
[64.0, 144.0, 705.0, 999.0]
[0.0, 0.0, 642.0, 856.0]
[32.0, 80.0, 675.0, 937.0]
[16.0, 80.0, 660.0, 938.0]
[64.0, 128.0, 708.0, 987.0]
[32.0, 96.0, 677.0, 956.0]
[0.0, 48.0, 646.0, 909.0]
[0.0, 144.0, 646.0, 1006.0]
[32.0, 16.0, 679.0, 879.0]
[0.0, 0.0, 648.0, 864.0]
[112.0, 64.0, 761.0, 929.0]
[96.0, 32.0, 746.0, 898.0]
[96.0, 32.0, 746.0, 899.0]
[32.0, 16.0, 683.0, 884.0]
[16.0, 144.0, 668.0, 1013.0]
[16.0, 96.0, 668.0, 966.0]
[32.0, 0.0, 685.0, 871.0]
[96.0, 48.0, 750.0, 920.0]
[48.0, 0.0, 703.0, 873.0]
[80.0, 96.0, 736.0, 970.0]
[16.0, 48.0, 672.0, 923.0]
[48.0, 32.0, 705.0, 908.0]
[0.0, 96.0, 658.0, 973.0]
[96.0, 80.0, 754.0, 958.0]
[80.0, 32.0, 739.0, 911.0]
[80.0, 32.0, 740.0, 912.0]
[64.0, 96.0, 725.0, 977.0]
[16.0, 64.0, 678.0, 946.0]
[0.0, 112.0, 662.0, 995.0]
[64.0, 64.0, 727.0, 948.0]
[64.0, 80.0, 728.0, 965.0]
[64.0, 80.0, 728.0, 966.0]
[96.0, 80.0, 761.0, 967.0]
[64.0, 96.0, 730.0, 984.0]
[48.0, 80.0, 715.0, 969.0]
[32.0, 128.0, 700.0, 1018.0]
[64.0, 128.0, 732.0, 1019.0]
[16.0, 96.0, 685.0, 988.0]
[0.0, 48.0, 670.0, 941.0]
[48.0, 80.0, 718.0, 974.0]
[16.0, 0.0, 687.0, 895.0]
[48.0, 96.0, 720.0, 992.0]
[64.0, 96.0, 737.0, 993.0]
[64.0, 112.0, 738.0, 1010.0]
[0.0, 16.0, 674.0, 915.0]
[64.0, 0.0, 739.0, 900.0]
[32.0, 16.0, 708.0, 917.0]
[0.0, 0.0, 676.0, 902.0]
[16.0, 0.0, 693.0, 903.0]
[64.0, 32.0, 742.0, 936.0]
[32.0, 64.0, 711.0, 969.0]
[0.0, 48.0, 680.0, 954.0]
[80.0, 0.0, 760.0, 907.0]
[48.0, 96.0, 729.0, 1004.0]
[80.0, 112.0, 762.0, 1021.0]
[0.0, 80.0, 682.0, 990.0]
[0.0, 80.0, 683.0, 991.0]
[16.0, 48.0, 700.0, 960.0]
[0.0, 64.0, 685.0, 977.0]
[0.0, 80.0, 686.0, 994.0]
[0.0, 0.0, 686.0, 915.0]
[80.0, 0.0, 767.0, 916.0]
[64.0, 16.0, 752.0, 933.0]
[80.0, 16.0, 768.0, 934.0]
[48.0, 48.0, 737.0, 967.0]
[48.0, 64.0, 738.0, 984.0]
[0.0, 48.0, 691.0, 969.0]
[64.0, 64.0, 756.0, 986.0]
[16.0, 16.0, 708.0, 939.0]
[32.0, 48.0, 725.0, 972.0]
[16.0, 96.0, 710.0, 1021.0]
[32.0, 0.0, 726.0, 926.0]
[32.0, 48.0, 727.0, 975.0]
[48.0, 16.0, 744.0, 944.0]
[48.0, 16.0, 745.0, 945.0]
[32.0, 80.0, 730.0, 1010.0]
[64.0, 64.0, 762.0, 995.0]
[32.0, 32.0, 731.0, 964.0]
[48.0, 0.0, 748.0, 933.0]
[64.0, 16.0, 764.0, 950.0]
[48.0, 0.0, 749.0, 935.0]
[32.0, 48.0, 734.0, 984.0]
[32.0, 64.0, 735.0, 1001.0]
[0.0, 48.0, 704.0, 986.0]
[64.0, 32.0, 768.0, 971.0]
[48.0, 0.0, 753.0, 940.0]
[32.0, 16.0, 738.0, 957.0]
[32.0, 64.0, 738.0, 1006.0]
[16.0, 64.0, 723.0, 1007.0]
[16.0, 0.0, 724.0, 944.0]
[0.0, 48.0, 709.0, 993.0]
[48.0, 32.0, 758.0, 978.0]
[48.0, 48.0, 758.0, 995.0]
[0.0, 32.0, 711.0, 980.0]
[32.0, 16.0, 744.0, 965.0]
[48.0, 32.0, 760.0, 982.0]
[48.0, 16.0, 761.0, 967.0]
[32.0, 0.0, 746.0, 952.0]
[0.0, 32.0, 715.0, 985.0]
[48.0, 16.0, 764.0, 970.0]
[0.0, 48.0, 716.0, 1003.0]
[48.0, 16.0, 765.0, 972.0]
[32.0, 32.0, 750.0, 989.0]
[48.0, 32.0, 766.0, 990.0]
[48.0, 32.0, 767.0, 991.0]
[48.0, 32.0, 768.0, 992.0]
[16.0, 16.0, 737.0, 977.0]
[32.0, 48.0, 754.0, 1010.0]
[32.0, 16.0, 754.0, 979.0]
[16.0, 0.0, 739.0, 964.0]
[0.0, 32.0, 724.0, 997.0]
[0.0, 0.0, 724.0, 966.0]
[0.0, 0.0, 725.0, 967.0]
[16.0, 0.0, 742.0, 968.0]
[32.0, 32.0, 759.0, 1001.0]
[16.0, 48.0, 744.0, 1018.0]
[0.0, 32.0, 728.0, 1003.0]
[32.0, 16.0, 761.0, 988.0]
[32.0, 32.0, 762.0, 1005.0]
[32.0, 0.0, 762.0, 974.0]
[16.0, 32.0, 747.0, 1007.0]
[0.0, 16.0, 732.0, 992.0]
[32.0, 16.0, 765.0, 993.0]
[32.0, 32.0, 766.0, 1010.0]
[16.0, 32.0, 750.0, 1011.0]
[16.0, 32.0, 751.0, 1012.0]
[0.0, 16.0, 736.0, 997.0]
[32.0, 32.0, 768.0, 1014.0]
[16.0, 0.0, 753.0, 983.0]
[16.0, 16.0, 754.0, 1000.0]
[16.0, 16.0, 755.0, 1001.0]
[0.0, 16.0, 740.0, 1002.0]
[0.0, 16.0, 740.0, 1003.0]
[16.0, 32.0, 757.0, 1020.0]
[16.0, 0.0, 758.0, 989.0]
[0.0, 16.0, 742.0, 1006.0]
[16.0, 32.0, 759.0, 1023.0]
[0.0, 0.0, 744.0, 992.0]
[0.0, 16.0, 745.0, 1009.0]
[16.0, 0.0, 762.0, 994.0]
[0.0, 0.0, 746.0, 995.0]
[16.0, 16.0, 763.0, 1012.0]
[0.0, 0.0, 748.0, 997.0]
[16.0, 16.0, 764.0, 1014.0]
[0.0, 16.0, 749.0, 1015.0]
[0.0, 16.0, 750.0, 1016.0]
[0.0, 16.0, 751.0, 1017.0]
[0.0, 0.0, 752.0, 1002.0]
[0.0, 0.0, 752.0, 1003.0]
[0.0, 16.0, 753.0, 1020.0]
[0.0, 16.0, 754.0, 1021.0]
[0.0, 0.0, 754.0, 1006.0]
[0.0, 16.0, 755.0, 1023.0]
[0.0, 16.0, 756.0, 1024.0]
[0.0, 0.0, 757.0, 1009.0]
[0.0, 0.0, 758.0, 1010.0]
[0.0, 0.0, 758.0, 1011.0]
[0.0, 0.0, 759.0, 1012.0]
[0.0, 0.0, 760.0, 1013.0]
[0.0, 0.0, 760.0, 1014.0]
[0.0, 0.0, 761.0, 1015.0]
[0.0, 0.0, 762.0, 1016.0]
[0.0, 0.0, 763.0, 1017.0]
[0.0, 0.0, 764.0, 1018.0]
[0.0, 0.0, 764.0, 1019.0]
[0.0, 0.0, 765.0, 1020.0]
[0.0, 0.0, 766.0, 1021.0]
[0.0, 0.0, 766.0, 1022.0]
[0.0, 0.0, 767.0, 1023.0]
[0.0, 0.0, 768.0, 1024.0]
