[16.0, 80.0, 554.0, 797.0]
[96.0, 208.0, 634.0, 926.0]
[0.0, 128.0, 539.0, 847.0]
[96.0, 144.0, 636.0, 864.0]
[80.0, 80.0, 621.0, 801.0]
[48.0, 192.0, 590.0, 914.0]
[32.0, 160.0, 574.0, 883.0]
[16.0, 80.0, 559.0, 804.0]
[64.0, 176.0, 608.0, 901.0]
[96.0, 112.0, 640.0, 838.0]
[80.0, 192.0, 625.0, 919.0]
[112.0, 144.0, 658.0, 872.0]
[64.0, 112.0, 611.0, 841.0]
[64.0, 64.0, 612.0, 794.0]
[48.0, 144.0, 596.0, 875.0]
[32.0, 48.0, 581.0, 780.0]
[80.0, 224.0, 630.0, 957.0]
[48.0, 96.0, 598.0, 830.0]
[64.0, 128.0, 615.0, 863.0]
[80.0, 224.0, 632.0, 960.0]
[112.0, 176.0, 665.0, 913.0]
[16.0, 224.0, 570.0, 962.0]
[16.0, 112.0, 570.0, 851.0]
[64.0, 240.0, 619.0, 980.0]
[32.0, 80.0, 588.0, 821.0]
[96.0, 160.0, 652.0, 902.0]
[80.0, 112.0, 637.0, 855.0]
[0.0, 208.0, 558.0, 952.0]
[0.0, 176.0, 559.0, 921.0]
[16.0, 144.0, 576.0, 890.0]
[16.0, 112.0, 576.0, 859.0]
[64.0, 224.0, 625.0, 972.0]
[80.0, 192.0, 642.0, 941.0]
[64.0, 64.0, 626.0, 814.0]
[16.0, 96.0, 579.0, 847.0]
[32.0, 176.0, 596.0, 928.0]
[48.0, 128.0, 613.0, 881.0]
[32.0, 96.0, 598.0, 850.0]
[0.0, 128.0, 566.0, 883.0]
[32.0, 192.0, 599.0, 948.0]
[48.0, 192.0, 616.0, 949.0]
[0.0, 128.0, 568.0, 886.0]
[0.0, 224.0, 569.0, 983.0]
[16.0, 48.0, 586.0, 808.0]
[16.0, 80.0, 587.0, 841.0]
[64.0, 144.0, 636.0, 906.0]
[80.0, 96.0, 652.0, 859.0]
[80.0, 80.0, 653.0, 844.0]
[96.0, 96.0, 670.0, 861.0]
[32.0, 240.0, 606.0, 1006.0]
[80.0, 160.0, 655.0, 927.0]
[16.0, 96.0, 592.0, 864.0]
[80.0, 64.0, 657.0, 833.0]
[64.0, 160.0, 642.0, 930.0]
[48.0, 32.0, 626.0, 803.0]
[16.0, 64.0, 595.0, 836.0]
[0.0, 80.0, 580.0, 853.0]
[16.0, 16.0, 596.0, 790.0]
[48.0, 64.0, 629.0, 839.0]
[16.0, 128.0, 598.0, 904.0]
[48.0, 96.0, 631.0, 873.0]
[96.0, 160.0, 680.0, 938.0]
[16.0, 224.0, 600.0, 1003.0]
[48.0, 80.0, 633.0, 860.0]
[0.0, 176.0, 586.0, 957.0]
[32.0, 144.0, 618.0, 926.0]
[0.0, 192.0, 587.0, 975.0]
[16.0, 144.0, 604.0, 928.0]
[0.0, 176.0, 589.0, 961.0]
[80.0, 64.0, 670.0, 850.0]
[32.0, 80.0, 622.0, 867.0]
[64.0, 96.0, 655.0, 884.0]
[64.0, 176.0, 656.0, 965.0]
[0.0, 96.0, 592.0, 886.0]
[80.0, 144.0, 673.0, 935.0]
[16.0, 128.0, 610.0, 920.0]
[64.0, 192.0, 659.0, 985.0]
[80.0, 160.0, 676.0, 954.0]
[48.0, 48.0, 644.0, 843.0]
[32.0, 192.0, 629.0, 988.0]
[0.0, 144.0, 598.0, 941.0]
[48.0, 32.0, 646.0, 830.0]
[16.0, 0.0, 615.0, 799.0]
[48.0, 128.0, 648.0, 928.0]
[48.0, 160.0, 649.0, 961.0]
[80.0, 96.0, 682.0, 898.0]
[48.0, 112.0, 650.0, 915.0]
[80.0, 80.0, 683.0, 884.0]
[0.0, 0.0, 604.0, 805.0]
[48.0, 192.0, 652.0, 998.0]
[16.0, 176.0, 621.0, 983.0]
[16.0, 16.0, 622.0, 824.0]
[48.0, 96.0, 655.0, 905.0]
[48.0, 64.0, 656.0, 874.0]
[64.0, 128.0, 672.0, 939.0]
[32.0, 16.0, 641.0, 828.0]
[16.0, 48.0, 626.0, 861.0]
[16.0, 96.0, 626.0, 910.0]
[64.0, 80.0, 675.0, 895.0]
[48.0, 16.0, 660.0, 832.0]
[0.0, 0.0, 613.0, 817.0]
[0.0, 80.0, 614.0, 898.0]
[48.0, 80.0, 662.0, 899.0]
[32.0, 16.0, 647.0, 836.0]
[16.0, 48.0, 632.0, 869.0]
[32.0, 0.0, 648.0, 822.0]
[64.0, 128.0, 681.0, 951.0]
[32.0, 0.0, 650.0, 824.0]
[64.0, 48.0, 683.0, 873.0]
[48.0, 80.0, 668.0, 906.0]
[48.0, 16.0, 668.0, 843.0]
[32.0, 16.0, 653.0, 844.0]
[32.0, 80.0, 654.0, 909.0]
[32.0, 192.0, 654.0, 1022.0]
[48.0, 96.0, 671.0, 927.0]
[0.0, 48.0, 624.0, 880.0]
[32.0, 48.0, 657.0, 881.0]
[0.0, 176.0, 626.0, 1010.0]
[16.0, 0.0, 642.0, 835.0]
[0.0, 16.0, 627.0, 852.0]
[0.0, 0.0, 628.0, 837.0]
[32.0, 16.0, 660.0, 854.0]
[32.0, 96.0, 661.0, 935.0]
[0.0, 0.0, 630.0, 840.0]
[16.0, 112.0, 647.0, 953.0]
[16.0, 144.0, 648.0, 986.0]
[48.0, 112.0, 680.0, 955.0]
[48.0, 160.0, 681.0, 1004.0]
[16.0, 0.0, 650.0, 845.0]
[48.0, 64.0, 682.0, 910.0]
[16.0, 16.0, 651.0, 863.0]
[16.0, 112.0, 652.0, 960.0]
[16.0, 0.0, 653.0, 849.0]
[32.0, 112.0, 670.0, 962.0]
[32.0, 160.0, 670.0, 1011.0]
[0.0, 48.0, 639.0, 900.0]
[16.0, 96.0, 656.0, 949.0]
[16.0, 0.0, 656.0, 854.0]
[32.0, 0.0, 673.0, 855.0]
[16.0, 32.0, 658.0, 888.0]
[16.0, 16.0, 659.0, 873.0]
[0.0, 96.0, 644.0, 954.0]
[32.0, 48.0, 676.0, 907.0]
[32.0, 144.0, 677.0, 1004.0]
[0.0, 112.0, 646.0, 973.0]
[0.0, 48.0, 646.0, 910.0]
[32.0, 48.0, 679.0, 911.0]
[16.0, 0.0, 664.0, 864.0]
[32.0, 16.0, 681.0, 881.0]
[0.0, 64.0, 650.0, 930.0]
[32.0, 128.0, 682.0, 995.0]
[16.0, 32.0, 667.0, 900.0]
[16.0, 0.0, 668.0, 869.0]
[0.0, 48.0, 652.0, 918.0]
[0.0, 80.0, 653.0, 951.0]
[0.0, 16.0, 654.0, 888.0]
[0.0, 64.0, 655.0, 937.0]
[16.0, 144.0, 672.0, 1018.0]
[16.0, 48.0, 672.0, 923.0]
[16.0, 0.0, 673.0, 876.0]
[16.0, 128.0, 674.0, 1005.0]
[16.0, 32.0, 674.0, 910.0]
[16.0, 0.0, 675.0, 879.0]
[16.0, 48.0, 676.0, 928.0]
[0.0, 128.0, 661.0, 1009.0]
[0.0, 80.0, 662.0, 962.0]
[0.0, 96.0, 662.0, 979.0]
[16.0, 64.0, 679.0, 948.0]
[0.0, 32.0, 664.0, 917.0]
[16.0, 64.0, 680.0, 950.0]
[0.0, 96.0, 665.0, 983.0]
[16.0, 64.0, 682.0, 952.0]
[0.0, 16.0, 667.0, 905.0]
[0.0, 96.0, 668.0, 986.0]
[0.0, 112.0, 668.0, 1003.0]
[0.0, 48.0, 669.0, 940.0]
[0.0, 48.0, 670.0, 941.0]
[0.0, 112.0, 670.0, 1006.0]
[0.0, 96.0, 671.0, 991.0]
[0.0, 64.0, 672.0, 960.0]
[0.0, 32.0, 673.0, 929.0]
[0.0, 16.0, 674.0, 914.0]
[0.0, 96.0, 674.0, 995.0]
[0.0, 16.0, 675.0, 916.0]
[0.0, 32.0, 676.0, 933.0]
[0.0, 112.0, 676.0, 1014.0]
[0.0, 112.0, 677.0, 1015.0]
[0.0, 48.0, 678.0, 952.0]
[0.0, 0.0, 679.0, 905.0]
[0.0, 64.0, 680.0, 970.0]
[0.0, 32.0, 680.0, 939.0]
[0.0, 96.0, 681.0, 1004.0]
[0.0, 64.0, 682.0, 973.0]
[0.0, 112.0, 682.0, 1022.0]
[0.0, 48.0, 683.0, 959.0]
