[96.0, 64.0, 837.0, 620.0]
[48.0, 48.0, 790.0, 604.0]
[192.0, 96.0, 935.0, 653.0]
[176.0, 32.0, 920.0, 590.0]
[224.0, 64.0, 969.0, 623.0]
[144.0, 32.0, 890.0, 592.0]
[192.0, 48.0, 939.0, 608.0]
[128.0, 96.0, 876.0, 657.0]
[64.0, 32.0, 813.0, 594.0]
[176.0, 64.0, 926.0, 626.0]
[208.0, 80.0, 959.0, 643.0]
[144.0, 96.0, 896.0, 660.0]
[112.0, 48.0, 865.0, 613.0]
[176.0, 32.0, 930.0, 598.0]
[128.0, 64.0, 883.0, 630.0]
[96.0, 64.0, 852.0, 631.0]
[80.0, 16.0, 837.0, 584.0]
[64.0, 80.0, 822.0, 648.0]
[160.0, 32.0, 919.0, 601.0]
[192.0, 32.0, 952.0, 602.0]
[240.0, 32.0, 1001.0, 603.0]
[32.0, 32.0, 794.0, 604.0]
[224.0, 96.0, 987.0, 668.0]
[112.0, 32.0, 876.0, 605.0]
[16.0, 32.0, 781.0, 606.0]
[240.0, 80.0, 1006.0, 654.0]
[160.0, 48.0, 927.0, 623.0]
[112.0, 48.0, 880.0, 624.0]
[240.0, 48.0, 1009.0, 625.0]
[224.0, 32.0, 994.0, 610.0]
[144.0, 64.0, 915.0, 642.0]
[80.0, 16.0, 852.0, 595.0]
[192.0, 32.0, 965.0, 612.0]
[112.0, 80.0, 886.0, 660.0]
[160.0, 96.0, 935.0, 677.0]
[160.0, 80.0, 936.0, 662.0]
[192.0, 96.0, 969.0, 679.0]
[192.0, 96.0, 970.0, 680.0]
[208.0, 80.0, 987.0, 664.0]
[0.0, 48.0, 780.0, 633.0]
[32.0, 16.0, 813.0, 602.0]
[64.0, 48.0, 846.0, 634.0]
[96.0, 32.0, 879.0, 619.0]
[224.0, 48.0, 1008.0, 636.0]
[16.0, 48.0, 801.0, 637.0]
[32.0, 80.0, 818.0, 670.0]
[176.0, 48.0, 963.0, 638.0]
[224.0, 16.0, 1012.0, 607.0]
[80.0, 64.0, 869.0, 656.0]
[192.0, 80.0, 982.0, 672.0]
[224.0, 64.0, 1015.0, 657.0]
[192.0, 80.0, 984.0, 674.0]
[176.0, 64.0, 969.0, 659.0]
[48.0, 48.0, 842.0, 644.0]
[64.0, 32.0, 859.0, 628.0]
[32.0, 16.0, 828.0, 613.0]
[64.0, 48.0, 861.0, 646.0]
[176.0, 64.0, 974.0, 662.0]
[144.0, 80.0, 943.0, 679.0]
[80.0, 16.0, 880.0, 616.0]
[128.0, 80.0, 929.0, 681.0]
[176.0, 16.0, 978.0, 618.0]
[32.0, 16.0, 835.0, 618.0]
[208.0, 48.0, 1012.0, 651.0]
[16.0, 32.0, 821.0, 636.0]
[192.0, 32.0, 998.0, 636.0]
[16.0, 0.0, 823.0, 605.0]
[144.0, 64.0, 952.0, 670.0]
[176.0, 32.0, 985.0, 639.0]
[96.0, 64.0, 906.0, 672.0]
[128.0, 0.0, 939.0, 608.0]
[64.0, 48.0, 876.0, 657.0]
[160.0, 0.0, 973.0, 610.0]
[80.0, 48.0, 894.0, 658.0]
[128.0, 32.0, 943.0, 643.0]
[96.0, 32.0, 912.0, 644.0]
[192.0, 48.0, 1009.0, 661.0]
[48.0, 0.0, 866.0, 614.0]
[32.0, 0.0, 851.0, 614.0]
[128.0, 64.0, 948.0, 679.0]
[160.0, 16.0, 981.0, 632.0]
[16.0, 32.0, 838.0, 648.0]
[192.0, 0.0, 1015.0, 617.0]
[48.0, 64.0, 872.0, 682.0]
[80.0, 64.0, 905.0, 683.0]
[192.0, 32.0, 1018.0, 652.0]
[192.0, 32.0, 1019.0, 652.0]
[128.0, 32.0, 956.0, 653.0]
[0.0, 0.0, 829.0, 622.0]
[80.0, 16.0, 910.0, 638.0]
[0.0, 48.0, 831.0, 671.0]
[176.0, 16.0, 1008.0, 640.0]
[48.0, 48.0, 881.0, 673.0]
[0.0, 16.0, 834.0, 642.0]
[48.0, 0.0, 883.0, 626.0]
[0.0, 48.0, 836.0, 675.0]
[112.0, 16.0, 949.0, 644.0]
[64.0, 32.0, 902.0, 660.0]
[32.0, 32.0, 871.0, 661.0]
[48.0, 32.0, 888.0, 662.0]
[64.0, 48.0, 905.0, 679.0]
[80.0, 0.0, 922.0, 632.0]
[0.0, 32.0, 843.0, 664.0]
[0.0, 0.0, 844.0, 633.0]
[16.0, 32.0, 861.0, 666.0]
[160.0, 48.0, 1006.0, 682.0]
[80.0, 48.0, 927.0, 683.0]
[96.0, 0.0, 944.0, 636.0]
[96.0, 16.0, 945.0, 653.0]
[160.0, 0.0, 1010.0, 638.0]
[96.0, 0.0, 947.0, 638.0]
[16.0, 32.0, 868.0, 671.0]
[48.0, 0.0, 901.0, 640.0]
[160.0, 16.0, 1014.0, 656.0]
[0.0, 0.0, 855.0, 641.0]
[16.0, 32.0, 872.0, 674.0]
[128.0, 16.0, 985.0, 659.0]
[96.0, 16.0, 954.0, 660.0]
[128.0, 16.0, 987.0, 660.0]
[64.0, 32.0, 924.0, 677.0]
[32.0, 0.0, 893.0, 646.0]
[16.0, 32.0, 878.0, 678.0]
[128.0, 0.0, 991.0, 647.0]
[96.0, 16.0, 960.0, 664.0]
[112.0, 16.0, 977.0, 665.0]
[16.0, 32.0, 882.0, 682.0]
[32.0, 0.0, 899.0, 650.0]
[64.0, 32.0, 932.0, 683.0]
[48.0, 0.0, 917.0, 652.0]
[80.0, 0.0, 950.0, 652.0]
[80.0, 0.0, 951.0, 653.0]
[80.0, 16.0, 952.0, 670.0]
[32.0, 16.0, 905.0, 671.0]
[32.0, 16.0, 906.0, 672.0]
[144.0, 0.0, 1019.0, 656.0]
[96.0, 16.0, 972.0, 673.0]
[80.0, 0.0, 957.0, 658.0]
[32.0, 16.0, 910.0, 674.0]
[80.0, 0.0, 959.0, 659.0]
[32.0, 0.0, 912.0, 660.0]
[64.0, 0.0, 945.0, 661.0]
[112.0, 16.0, 994.0, 678.0]
[80.0, 16.0, 963.0, 678.0]
[48.0, 16.0, 932.0, 679.0]
[16.0, 0.0, 901.0, 664.0]
[64.0, 0.0, 950.0, 664.0]
[32.0, 16.0, 919.0, 681.0]
[64.0, 16.0, 952.0, 682.0]
[0.0, 16.0, 889.0, 683.0]
[48.0, 0.0, 938.0, 668.0]
[48.0, 0.0, 939.0, 668.0]
[112.0, 0.0, 1004.0, 669.0]
[16.0, 0.0, 909.0, 670.0]
[80.0, 0.0, 974.0, 670.0]
[32.0, 0.0, 927.0, 671.0]
[128.0, 0.0, 1024.0, 672.0]
[0.0, 0.0, 897.0, 673.0]
[80.0, 0.0, 978.0, 674.0]
[96.0, 0.0, 995.0, 674.0]
[80.0, 0.0, 980.0, 675.0]
[80.0, 0.0, 981.0, 676.0]
[112.0, 0.0, 1014.0, 676.0]
[32.0, 0.0, 935.0, 677.0]
[0.0, 0.0, 904.0, 678.0]
[96.0, 0.0, 1001.0, 679.0]
[112.0, 0.0, 1018.0, 680.0]
[0.0, 0.0, 907.0, 680.0]
[48.0, 0.0, 956.0, 681.0]
[16.0, 0.0, 925.0, 682.0]
[112.0, 0.0, 1022.0, 682.0]
[0.0, 0.0, 911.0, 683.0]
