[128.0, 64.0, 845.0, 602.0]
[160.0, 80.0, 878.0, 618.0]
[0.0, 112.0, 719.0, 651.0]
[0.0, 112.0, 720.0, 652.0]
[144.0, 64.0, 865.0, 605.0]
[64.0, 160.0, 786.0, 702.0]
[96.0, 80.0, 819.0, 622.0]
[16.0, 96.0, 740.0, 639.0]
[160.0, 144.0, 885.0, 688.0]
[48.0, 64.0, 774.0, 608.0]
[192.0, 112.0, 919.0, 657.0]
[160.0, 160.0, 888.0, 706.0]
[112.0, 112.0, 841.0, 659.0]
[112.0, 64.0, 842.0, 612.0]
[176.0, 128.0, 907.0, 676.0]
[32.0, 144.0, 764.0, 693.0]
[224.0, 96.0, 957.0, 646.0]
[64.0, 80.0, 798.0, 630.0]
[80.0, 112.0, 815.0, 663.0]
[128.0, 112.0, 864.0, 664.0]
[144.0, 144.0, 881.0, 697.0]
[192.0, 144.0, 930.0, 698.0]
[112.0, 160.0, 851.0, 714.0]
[112.0, 80.0, 852.0, 635.0]
[128.0, 64.0, 869.0, 620.0]
[176.0, 112.0, 918.0, 668.0]
[96.0, 128.0, 839.0, 685.0]
[96.0, 128.0, 840.0, 686.0]
[16.0, 96.0, 761.0, 655.0]
[224.0, 112.0, 970.0, 672.0]
[0.0, 80.0, 747.0, 640.0]
[80.0, 160.0, 828.0, 721.0]
[160.0, 112.0, 909.0, 674.0]
[160.0, 48.0, 910.0, 610.0]
[224.0, 96.0, 975.0, 659.0]
[96.0, 96.0, 848.0, 660.0]
[80.0, 48.0, 833.0, 613.0]
[128.0, 48.0, 882.0, 614.0]
[112.0, 144.0, 867.0, 710.0]
[96.0, 64.0, 852.0, 631.0]
[16.0, 80.0, 773.0, 648.0]
[160.0, 48.0, 918.0, 616.0]
[128.0, 48.0, 887.0, 617.0]
[192.0, 112.0, 952.0, 682.0]
[192.0, 96.0, 953.0, 667.0]
[16.0, 80.0, 778.0, 652.0]
[48.0, 32.0, 811.0, 604.0]
[64.0, 32.0, 828.0, 605.0]
[64.0, 80.0, 829.0, 654.0]
[80.0, 160.0, 846.0, 734.0]
[176.0, 112.0, 943.0, 687.0]
[160.0, 96.0, 928.0, 672.0]
[80.0, 32.0, 849.0, 609.0]
[176.0, 128.0, 946.0, 706.0]
[96.0, 160.0, 867.0, 738.0]
[48.0, 160.0, 820.0, 739.0]
[48.0, 48.0, 821.0, 628.0]
[80.0, 112.0, 854.0, 692.0]
[208.0, 80.0, 983.0, 661.0]
[80.0, 144.0, 856.0, 726.0]
[112.0, 48.0, 889.0, 631.0]
[160.0, 80.0, 938.0, 664.0]
[176.0, 112.0, 955.0, 696.0]
[144.0, 144.0, 924.0, 729.0]
[16.0, 144.0, 797.0, 730.0]
[64.0, 32.0, 846.0, 618.0]
[192.0, 96.0, 975.0, 683.0]
[16.0, 32.0, 800.0, 620.0]
[0.0, 128.0, 785.0, 717.0]
[144.0, 96.0, 930.0, 686.0]
[176.0, 64.0, 963.0, 654.0]
[32.0, 96.0, 820.0, 687.0]
[64.0, 16.0, 853.0, 608.0]
[48.0, 32.0, 838.0, 624.0]
[48.0, 80.0, 839.0, 673.0]
[32.0, 80.0, 824.0, 674.0]
[112.0, 96.0, 905.0, 691.0]
[128.0, 80.0, 922.0, 676.0]
[128.0, 80.0, 923.0, 676.0]
[32.0, 32.0, 828.0, 629.0]
[112.0, 32.0, 909.0, 630.0]
[0.0, 64.0, 798.0, 662.0]
[32.0, 32.0, 831.0, 631.0]
[64.0, 64.0, 864.0, 664.0]
[96.0, 160.0, 897.0, 761.0]
[16.0, 128.0, 818.0, 730.0]
[48.0, 16.0, 851.0, 618.0]
[48.0, 32.0, 852.0, 635.0]
[48.0, 144.0, 853.0, 748.0]
[192.0, 80.0, 998.0, 684.0]
[32.0, 96.0, 839.0, 701.0]
[176.0, 80.0, 984.0, 686.0]
[64.0, 0.0, 873.0, 607.0]
[64.0, 160.0, 874.0, 768.0]
[32.0, 128.0, 843.0, 736.0]
[0.0, 64.0, 812.0, 673.0]
[176.0, 64.0, 989.0, 674.0]
[32.0, 32.0, 846.0, 642.0]
[16.0, 16.0, 831.0, 627.0]
[144.0, 64.0, 960.0, 676.0]
[32.0, 96.0, 849.0, 709.0]
[64.0, 48.0, 882.0, 662.0]
[64.0, 112.0, 883.0, 726.0]
[16.0, 64.0, 836.0, 679.0]
[176.0, 80.0, 997.0, 696.0]
[64.0, 0.0, 886.0, 616.0]
[64.0, 48.0, 887.0, 665.0]
[16.0, 112.0, 840.0, 730.0]
[64.0, 0.0, 889.0, 619.0]
[32.0, 128.0, 858.0, 748.0]
[64.0, 32.0, 891.0, 652.0]
[112.0, 32.0, 940.0, 653.0]
[16.0, 32.0, 845.0, 654.0]
[64.0, 64.0, 894.0, 686.0]
[16.0, 96.0, 847.0, 719.0]
[48.0, 32.0, 880.0, 656.0]
[0.0, 128.0, 833.0, 753.0]
[128.0, 16.0, 962.0, 642.0]
[96.0, 0.0, 931.0, 626.0]
[96.0, 16.0, 932.0, 643.0]
[32.0, 80.0, 869.0, 708.0]
[112.0, 128.0, 950.0, 756.0]
[96.0, 48.0, 935.0, 677.0]
[160.0, 96.0, 1000.0, 726.0]
[64.0, 80.0, 905.0, 711.0]
[144.0, 64.0, 986.0, 696.0]
[128.0, 16.0, 971.0, 648.0]
[128.0, 32.0, 972.0, 665.0]
[80.0, 32.0, 925.0, 666.0]
[0.0, 112.0, 846.0, 746.0]
[160.0, 96.0, 1007.0, 731.0]
[0.0, 48.0, 848.0, 684.0]
[64.0, 80.0, 913.0, 717.0]
[32.0, 0.0, 882.0, 638.0]
[128.0, 16.0, 979.0, 654.0]
[0.0, 128.0, 852.0, 767.0]
[96.0, 128.0, 949.0, 768.0]
[48.0, 112.0, 902.0, 752.0]
[96.0, 32.0, 951.0, 673.0]
[96.0, 112.0, 952.0, 754.0]
[128.0, 96.0, 985.0, 739.0]
[32.0, 96.0, 890.0, 740.0]
[64.0, 0.0, 923.0, 644.0]
[16.0, 96.0, 876.0, 741.0]
[16.0, 96.0, 877.0, 742.0]
[80.0, 96.0, 942.0, 742.0]
[16.0, 80.0, 879.0, 727.0]
[128.0, 96.0, 992.0, 744.0]
[112.0, 48.0, 977.0, 697.0]
[32.0, 48.0, 898.0, 698.0]
[96.0, 96.0, 963.0, 746.0]
[32.0, 16.0, 900.0, 667.0]
[48.0, 64.0, 917.0, 716.0]
[32.0, 112.0, 902.0, 764.0]
[64.0, 0.0, 935.0, 653.0]
[80.0, 16.0, 952.0, 670.0]
[80.0, 32.0, 953.0, 687.0]
[48.0, 48.0, 922.0, 704.0]
[128.0, 64.0, 1003.0, 720.0]
[16.0, 48.0, 892.0, 705.0]
[80.0, 0.0, 957.0, 658.0]
[128.0, 80.0, 1006.0, 738.0]
[48.0, 80.0, 927.0, 739.0]
[48.0, 48.0, 928.0, 708.0]
[16.0, 80.0, 897.0, 741.0]
[128.0, 96.0, 1010.0, 758.0]
[80.0, 32.0, 963.0, 694.0]
[64.0, 64.0, 948.0, 727.0]
[32.0, 64.0, 917.0, 728.0]
[80.0, 16.0, 966.0, 680.0]
[48.0, 32.0, 935.0, 697.0]
[16.0, 0.0, 904.0, 666.0]
[64.0, 16.0, 953.0, 683.0]
[64.0, 0.0, 954.0, 668.0]
[16.0, 16.0, 907.0, 684.0]
[112.0, 80.0, 1004.0, 749.0]
[0.0, 48.0, 893.0, 718.0]
[32.0, 16.0, 926.0, 686.0]
[48.0, 96.0, 943.0, 767.0]
[16.0, 0.0, 912.0, 672.0]
[64.0, 32.0, 961.0, 705.0]
[96.0, 80.0, 994.0, 754.0]
[80.0, 16.0, 979.0, 690.0]
[64.0, 64.0, 964.0, 739.0]
[64.0, 48.0, 965.0, 724.0]
[32.0, 80.0, 934.0, 756.0]
[48.0, 64.0, 951.0, 741.0]
[80.0, 64.0, 984.0, 742.0]
[32.0, 0.0, 937.0, 679.0]
[96.0, 0.0, 1002.0, 680.0]
[0.0, 16.0, 907.0, 696.0]
[0.0, 48.0, 908.0, 729.0]
[16.0, 0.0, 925.0, 682.0]
[48.0, 80.0, 958.0, 762.0]
[80.0, 0.0, 991.0, 683.0]
[48.0, 0.0, 960.0, 684.0]
[32.0, 32.0, 945.0, 717.0]
[96.0, 0.0, 1010.0, 686.0]
[80.0, 32.0, 995.0, 718.0]
[32.0, 16.0, 948.0, 703.0]
[48.0, 16.0, 965.0, 704.0]
[32.0, 0.0, 950.0, 688.0]
[32.0, 32.0, 951.0, 721.0]
[64.0, 16.0, 984.0, 706.0]
[32.0, 64.0, 953.0, 755.0]
[0.0, 48.0, 922.0, 740.0]
[0.0, 48.0, 923.0, 740.0]
[80.0, 32.0, 1004.0, 725.0]
[48.0, 32.0, 973.0, 726.0]
[64.0, 32.0, 990.0, 726.0]
[16.0, 16.0, 943.0, 711.0]
[0.0, 0.0, 928.0, 696.0]
[16.0, 16.0, 945.0, 713.0]
[32.0, 48.0, 962.0, 746.0]
[48.0, 64.0, 979.0, 762.0]
[32.0, 48.0, 964.0, 747.0]
[64.0, 48.0, 997.0, 748.0]
[64.0, 48.0, 998.0, 748.0]
[48.0, 16.0, 983.0, 717.0]
[64.0, 0.0, 1000.0, 702.0]
[16.0, 16.0, 953.0, 719.0]
[48.0, 48.0, 986.0, 752.0]
[0.0, 0.0, 939.0, 704.0]
[64.0, 48.0, 1004.0, 753.0]
[16.0, 16.0, 957.0, 722.0]
[48.0, 32.0, 990.0, 738.0]
[64.0, 16.0, 1007.0, 723.0]
[48.0, 48.0, 992.0, 756.0]
[48.0, 32.0, 993.0, 741.0]
[48.0, 32.0, 994.0, 742.0]
[16.0, 0.0, 963.0, 710.0]
[16.0, 16.0, 964.0, 727.0]
[0.0, 32.0, 949.0, 744.0]
[32.0, 48.0, 982.0, 760.0]
[0.0, 48.0, 951.0, 761.0]
[32.0, 32.0, 984.0, 746.0]
[32.0, 16.0, 985.0, 731.0]
[16.0, 0.0, 970.0, 716.0]
[16.0, 48.0, 971.0, 764.0]
[0.0, 48.0, 956.0, 765.0]
[32.0, 48.0, 989.0, 766.0]
[16.0, 48.0, 974.0, 766.0]
[16.0, 48.0, 975.0, 767.0]
[0.0, 0.0, 960.0, 720.0]
[48.0, 16.0, 1009.0, 737.0]
[32.0, 32.0, 994.0, 754.0]
[48.0, 16.0, 1011.0, 738.0]
[0.0, 16.0, 964.0, 739.0]
[32.0, 0.0, 997.0, 724.0]
[32.0, 0.0, 998.0, 724.0]
[0.0, 32.0, 967.0, 757.0]
[0.0, 32.0, 968.0, 758.0]
