[96.0, 144.0, 813.0, 682.0]
[80.0, 160.0, 798.0, 698.0]
[64.0, 112.0, 783.0, 651.0]
[80.0, 64.0, 800.0, 604.0]
[64.0, 80.0, 785.0, 621.0]
[48.0, 32.0, 770.0, 574.0]
[80.0, 192.0, 803.0, 734.0]
[48.0, 176.0, 772.0, 719.0]
[96.0, 192.0, 821.0, 736.0]
[32.0, 160.0, 758.0, 704.0]
[64.0, 112.0, 791.0, 657.0]
[48.0, 64.0, 776.0, 610.0]
[64.0, 144.0, 793.0, 691.0]
[96.0, 160.0, 826.0, 708.0]
[48.0, 128.0, 779.0, 676.0]
[32.0, 96.0, 764.0, 645.0]
[80.0, 160.0, 813.0, 710.0]
[32.0, 80.0, 766.0, 630.0]
[80.0, 176.0, 815.0, 727.0]
[64.0, 96.0, 800.0, 648.0]
[32.0, 80.0, 769.0, 633.0]
[96.0, 144.0, 834.0, 698.0]
[80.0, 96.0, 819.0, 650.0]
[48.0, 176.0, 788.0, 731.0]
[16.0, 64.0, 757.0, 620.0]
[32.0, 176.0, 774.0, 732.0]
[96.0, 80.0, 839.0, 637.0]
[16.0, 176.0, 760.0, 734.0]
[16.0, 160.0, 761.0, 719.0]
[96.0, 128.0, 842.0, 688.0]
[16.0, 160.0, 763.0, 720.0]
[64.0, 80.0, 812.0, 641.0]
[32.0, 128.0, 781.0, 690.0]
[64.0, 112.0, 814.0, 674.0]
[48.0, 112.0, 799.0, 675.0]
[80.0, 32.0, 832.0, 596.0]
[96.0, 160.0, 849.0, 725.0]
[0.0, 112.0, 754.0, 678.0]
[80.0, 112.0, 835.0, 678.0]
[48.0, 112.0, 804.0, 679.0]
[32.0, 0.0, 789.0, 568.0]
[32.0, 80.0, 790.0, 648.0]
[0.0, 48.0, 759.0, 617.0]
[48.0, 160.0, 808.0, 730.0]
[16.0, 48.0, 777.0, 619.0]
[0.0, 64.0, 762.0, 636.0]
[0.0, 80.0, 763.0, 652.0]
[80.0, 144.0, 844.0, 717.0]
[80.0, 48.0, 845.0, 622.0]
[48.0, 176.0, 814.0, 750.0]
[80.0, 96.0, 847.0, 671.0]
[48.0, 176.0, 816.0, 752.0]
[64.0, 160.0, 833.0, 737.0]
[16.0, 16.0, 786.0, 594.0]
[0.0, 80.0, 771.0, 658.0]
[80.0, 64.0, 852.0, 643.0]
[64.0, 144.0, 837.0, 724.0]
[64.0, 80.0, 838.0, 660.0]
[32.0, 112.0, 807.0, 693.0]
[48.0, 96.0, 824.0, 678.0]
[16.0, 160.0, 793.0, 743.0]
[32.0, 96.0, 810.0, 680.0]
[32.0, 144.0, 811.0, 728.0]
[80.0, 80.0, 860.0, 665.0]
[32.0, 112.0, 813.0, 698.0]
[0.0, 32.0, 782.0, 618.0]
[80.0, 160.0, 863.0, 747.0]
[16.0, 176.0, 800.0, 764.0]
[64.0, 128.0, 849.0, 717.0]
[48.0, 32.0, 834.0, 622.0]
[80.0, 128.0, 867.0, 718.0]
[0.0, 0.0, 788.0, 591.0]
[64.0, 112.0, 853.0, 704.0]
[80.0, 112.0, 870.0, 704.0]
[80.0, 48.0, 871.0, 641.0]
[0.0, 32.0, 792.0, 626.0]
[80.0, 128.0, 873.0, 723.0]
[64.0, 128.0, 858.0, 724.0]
[96.0, 144.0, 891.0, 740.0]
[48.0, 32.0, 844.0, 629.0]
[16.0, 128.0, 813.0, 726.0]
[16.0, 96.0, 814.0, 694.0]
[0.0, 128.0, 799.0, 727.0]
[64.0, 0.0, 864.0, 600.0]
[80.0, 160.0, 881.0, 761.0]
[80.0, 32.0, 882.0, 634.0]
[80.0, 128.0, 883.0, 730.0]
[16.0, 80.0, 820.0, 683.0]
[96.0, 144.0, 901.0, 748.0]
[32.0, 64.0, 838.0, 668.0]
[48.0, 16.0, 855.0, 621.0]
[96.0, 80.0, 904.0, 686.0]
[0.0, 64.0, 809.0, 671.0]
[80.0, 144.0, 890.0, 752.0]
[48.0, 112.0, 859.0, 720.0]
[16.0, 128.0, 828.0, 737.0]
[32.0, 64.0, 845.0, 674.0]
[48.0, 96.0, 862.0, 706.0]
[0.0, 80.0, 815.0, 691.0]
[96.0, 96.0, 912.0, 708.0]
[32.0, 64.0, 849.0, 677.0]
[0.0, 48.0, 818.0, 662.0]
[64.0, 0.0, 883.0, 614.0]
[64.0, 112.0, 884.0, 727.0]
[96.0, 48.0, 917.0, 664.0]
[16.0, 128.0, 838.0, 744.0]
[96.0, 32.0, 919.0, 649.0]
[80.0, 112.0, 904.0, 730.0]
[0.0, 64.0, 825.0, 683.0]
[80.0, 64.0, 906.0, 684.0]
[80.0, 16.0, 907.0, 636.0]
[80.0, 112.0, 908.0, 733.0]
[96.0, 112.0, 925.0, 734.0]
[32.0, 112.0, 862.0, 734.0]
[96.0, 48.0, 927.0, 671.0]
[96.0, 112.0, 928.0, 736.0]
[16.0, 64.0, 849.0, 689.0]
[80.0, 16.0, 914.0, 642.0]
[32.0, 0.0, 867.0, 626.0]
[32.0, 32.0, 868.0, 659.0]
[48.0, 112.0, 885.0, 740.0]
[32.0, 128.0, 870.0, 756.0]
[96.0, 32.0, 935.0, 661.0]
[16.0, 64.0, 856.0, 694.0]
[48.0, 96.0, 889.0, 727.0]
[0.0, 112.0, 842.0, 744.0]
[0.0, 32.0, 843.0, 664.0]
[0.0, 0.0, 844.0, 633.0]
[64.0, 80.0, 909.0, 714.0]
[80.0, 48.0, 926.0, 682.0]
[0.0, 64.0, 847.0, 699.0]
[64.0, 96.0, 912.0, 732.0]
[48.0, 128.0, 897.0, 765.0]
[32.0, 0.0, 882.0, 638.0]
[16.0, 32.0, 867.0, 670.0]
[16.0, 96.0, 868.0, 735.0]
[16.0, 64.0, 869.0, 704.0]
[16.0, 48.0, 870.0, 688.0]
[0.0, 16.0, 855.0, 657.0]
[16.0, 80.0, 872.0, 722.0]
[32.0, 0.0, 889.0, 643.0]
[64.0, 48.0, 922.0, 692.0]
[48.0, 80.0, 907.0, 724.0]
[48.0, 96.0, 908.0, 741.0]
[64.0, 48.0, 925.0, 694.0]
[80.0, 96.0, 942.0, 742.0]
[16.0, 32.0, 879.0, 679.0]
[0.0, 0.0, 864.0, 648.0]
[48.0, 64.0, 913.0, 713.0]
[80.0, 16.0, 946.0, 666.0]
[48.0, 16.0, 915.0, 666.0]
[16.0, 80.0, 884.0, 731.0]
[0.0, 16.0, 869.0, 668.0]
[0.0, 32.0, 870.0, 684.0]
[80.0, 32.0, 951.0, 685.0]
[80.0, 32.0, 952.0, 686.0]
[0.0, 48.0, 873.0, 703.0]
[64.0, 112.0, 938.0, 768.0]
[80.0, 96.0, 955.0, 752.0]
[48.0, 32.0, 924.0, 689.0]
[64.0, 32.0, 941.0, 690.0]
[64.0, 96.0, 942.0, 754.0]
[64.0, 64.0, 943.0, 723.0]
[96.0, 32.0, 976.0, 692.0]
[64.0, 64.0, 945.0, 725.0]
[32.0, 16.0, 914.0, 678.0]
[0.0, 80.0, 883.0, 742.0]
[96.0, 32.0, 980.0, 695.0]
[80.0, 64.0, 965.0, 728.0]
[32.0, 32.0, 918.0, 696.0]
[0.0, 0.0, 887.0, 665.0]
[16.0, 0.0, 904.0, 666.0]
[48.0, 64.0, 937.0, 731.0]
[80.0, 80.0, 970.0, 748.0]
[48.0, 0.0, 939.0, 668.0]
[96.0, 64.0, 988.0, 733.0]
[16.0, 64.0, 909.0, 734.0]
[16.0, 64.0, 910.0, 734.0]
[80.0, 48.0, 975.0, 719.0]
[64.0, 32.0, 960.0, 704.0]
[48.0, 0.0, 945.0, 673.0]
[16.0, 80.0, 914.0, 754.0]
[64.0, 64.0, 963.0, 738.0]
[0.0, 32.0, 900.0, 707.0]
[16.0, 32.0, 917.0, 708.0]
[80.0, 16.0, 982.0, 692.0]
[48.0, 0.0, 951.0, 677.0]
[16.0, 0.0, 920.0, 678.0]
[0.0, 80.0, 905.0, 759.0]
[32.0, 32.0, 938.0, 712.0]
[64.0, 0.0, 971.0, 680.0]
[80.0, 48.0, 988.0, 729.0]
[48.0, 48.0, 957.0, 730.0]
[32.0, 16.0, 942.0, 698.0]
[0.0, 32.0, 911.0, 715.0]
[80.0, 80.0, 992.0, 764.0]
[0.0, 0.0, 913.0, 685.0]
[16.0, 64.0, 930.0, 750.0]
[48.0, 32.0, 963.0, 718.0]
[48.0, 80.0, 964.0, 767.0]
[48.0, 32.0, 965.0, 720.0]
[16.0, 16.0, 934.0, 704.0]
[0.0, 16.0, 919.0, 705.0]
[64.0, 16.0, 984.0, 706.0]
[80.0, 16.0, 1001.0, 707.0]
[16.0, 0.0, 938.0, 692.0]
[64.0, 48.0, 987.0, 740.0]
[80.0, 64.0, 1004.0, 757.0]
[80.0, 64.0, 1005.0, 758.0]
[64.0, 16.0, 990.0, 710.0]
[0.0, 16.0, 927.0, 711.0]
[64.0, 16.0, 992.0, 712.0]
[16.0, 48.0, 945.0, 745.0]
[48.0, 48.0, 978.0, 746.0]
[64.0, 48.0, 995.0, 746.0]
[64.0, 64.0, 996.0, 763.0]
[80.0, 32.0, 1013.0, 732.0]
[64.0, 16.0, 998.0, 716.0]
[0.0, 48.0, 935.0, 749.0]
[16.0, 48.0, 952.0, 750.0]
[16.0, 64.0, 953.0, 767.0]
[32.0, 32.0, 970.0, 736.0]
[64.0, 0.0, 1003.0, 704.0]
[0.0, 0.0, 940.0, 705.0]
[16.0, 16.0, 957.0, 722.0]
[0.0, 48.0, 942.0, 754.0]
[64.0, 32.0, 1007.0, 739.0]
[64.0, 48.0, 1008.0, 756.0]
[64.0, 0.0, 1009.0, 709.0]
[32.0, 0.0, 978.0, 710.0]
[48.0, 48.0, 995.0, 758.0]
[48.0, 0.0, 996.0, 711.0]
[0.0, 16.0, 949.0, 728.0]
[64.0, 48.0, 1014.0, 760.0]
[16.0, 0.0, 967.0, 713.0]
[0.0, 16.0, 952.0, 730.0]
[32.0, 32.0, 985.0, 747.0]
[16.0, 48.0, 970.0, 764.0]
[48.0, 32.0, 1003.0, 748.0]
[48.0, 32.0, 1004.0, 749.0]
[48.0, 48.0, 1005.0, 766.0]
[48.0, 16.0, 1006.0, 734.0]
[48.0, 0.0, 1007.0, 719.0]
[16.0, 48.0, 976.0, 768.0]
[32.0, 32.0, 993.0, 753.0]
[16.0, 32.0, 978.0, 754.0]
[16.0, 16.0, 979.0, 738.0]
[32.0, 32.0, 996.0, 755.0]
[0.0, 0.0, 965.0, 724.0]
[32.0, 16.0, 998.0, 740.0]
[48.0, 0.0, 1015.0, 725.0]
[32.0, 16.0, 1000.0, 742.0]
[32.0, 32.0, 1001.0, 759.0]
[16.0, 16.0, 986.0, 744.0]
[0.0, 0.0, 971.0, 728.0]
[32.0, 0.0, 1004.0, 729.0]
[48.0, 0.0, 1021.0, 730.0]
[48.0, 16.0, 1022.0, 746.0]
[0.0, 32.0, 975.0, 763.0]
[32.0, 32.0, 1008.0, 764.0]
[0.0, 32.0, 977.0, 765.0]
[0.0, 32.0, 978.0, 766.0]
[0.0, 16.0, 979.0, 750.0]
[32.0, 16.0, 1012.0, 751.0]
[0.0, 0.0, 981.0, 736.0]
[32.0, 0.0, 1014.0, 736.0]
[16.0, 0.0, 999.0, 737.0]
[0.0, 0.0, 984.0, 738.0]
[0.0, 0.0, 985.0, 739.0]
[16.0, 16.0, 1002.0, 756.0]
[32.0, 0.0, 1019.0, 740.0]
[16.0, 0.0, 1004.0, 741.0]
[32.0, 16.0, 1021.0, 758.0]
[32.0, 16.0, 1022.0, 758.0]
[32.0, 16.0, 1023.0, 759.0]
[0.0, 0.0, 992.0, 744.0]
[0.0, 0.0, 993.0, 745.0]
[0.0, 0.0, 994.0, 746.0]
[0.0, 16.0, 995.0, 762.0]
[0.0, 16.0, 996.0, 763.0]
[16.0, 0.0, 1013.0, 748.0]
[0.0, 0.0, 998.0, 748.0]
[0.0, 0.0, 999.0, 749.0]
[0.0, 0.0, 1000.0, 750.0]
[0.0, 16.0, 1001.0, 767.0]
[16.0, 16.0, 1018.0, 768.0]
[16.0, 0.0, 1019.0, 752.0]
[16.0, 0.0, 1020.0, 753.0]
[16.0, 0.0, 1021.0, 754.0]
[16.0, 0.0, 1022.0, 754.0]
[0.0, 0.0, 1007.0, 755.0]
[0.0, 0.0, 1008.0, 756.0]
[0.0, 0.0, 1009.0, 757.0]
[0.0, 0.0, 1010.0, 758.0]
[0.0, 0.0, 1011.0, 758.0]
[0.0, 0.0, 1012.0, 759.0]
[0.0, 0.0, 1013.0, 760.0]
[0.0, 0.0, 1014.0, 760.0]
