[112.0, 256.0, 650.0, 973.0]
[128.0, 144.0, 666.0, 862.0]
[96.0, 192.0, 635.0, 911.0]
[144.0, 240.0, 684.0, 960.0]
[48.0, 208.0, 589.0, 929.0]
[48.0, 128.0, 590.0, 850.0]
[96.0, 288.0, 638.0, 1011.0]
[96.0, 80.0, 639.0, 804.0]
[96.0, 176.0, 640.0, 901.0]
[112.0, 208.0, 656.0, 934.0]
[112.0, 144.0, 657.0, 871.0]
[128.0, 272.0, 674.0, 1000.0]
[96.0, 192.0, 643.0, 921.0]
[128.0, 144.0, 676.0, 874.0]
[64.0, 256.0, 612.0, 987.0]
[64.0, 208.0, 613.0, 940.0]
[80.0, 224.0, 630.0, 957.0]
[128.0, 272.0, 678.0, 1006.0]
[96.0, 224.0, 647.0, 959.0]
[128.0, 96.0, 680.0, 832.0]
[48.0, 144.0, 601.0, 881.0]
[112.0, 240.0, 666.0, 978.0]
[32.0, 240.0, 586.0, 979.0]
[64.0, 128.0, 619.0, 868.0]
[96.0, 160.0, 652.0, 901.0]
[112.0, 224.0, 668.0, 966.0]
[80.0, 208.0, 637.0, 951.0]
[96.0, 208.0, 654.0, 952.0]
[96.0, 176.0, 655.0, 921.0]
[32.0, 240.0, 592.0, 986.0]
[96.0, 128.0, 656.0, 875.0]
[112.0, 160.0, 673.0, 908.0]
[64.0, 160.0, 626.0, 909.0]
[48.0, 192.0, 610.0, 942.0]
[96.0, 96.0, 659.0, 847.0]
[96.0, 192.0, 660.0, 944.0]
[96.0, 80.0, 661.0, 833.0]
[96.0, 112.0, 662.0, 866.0]
[64.0, 240.0, 630.0, 995.0]
[64.0, 112.0, 631.0, 868.0]
[32.0, 240.0, 600.0, 997.0]
[96.0, 64.0, 664.0, 822.0]
[96.0, 256.0, 665.0, 1015.0]
[112.0, 112.0, 682.0, 872.0]
[64.0, 224.0, 635.0, 985.0]
[16.0, 224.0, 588.0, 986.0]
[80.0, 112.0, 652.0, 875.0]
[80.0, 208.0, 653.0, 972.0]
[32.0, 160.0, 606.0, 925.0]
[96.0, 80.0, 670.0, 846.0]
[80.0, 144.0, 655.0, 911.0]
[48.0, 160.0, 624.0, 928.0]
[96.0, 160.0, 673.0, 929.0]
[96.0, 48.0, 674.0, 818.0]
[80.0, 80.0, 658.0, 851.0]
[96.0, 144.0, 675.0, 916.0]
[96.0, 208.0, 676.0, 981.0]
[80.0, 208.0, 660.0, 982.0]
[80.0, 96.0, 661.0, 871.0]
[48.0, 96.0, 630.0, 872.0]
[96.0, 240.0, 679.0, 1017.0]
[32.0, 208.0, 616.0, 986.0]
[48.0, 64.0, 632.0, 843.0]
[96.0, 176.0, 681.0, 956.0]
[16.0, 112.0, 602.0, 893.0]
[16.0, 160.0, 602.0, 942.0]
[96.0, 176.0, 683.0, 959.0]
[48.0, 80.0, 636.0, 864.0]
[16.0, 112.0, 605.0, 897.0]
[32.0, 192.0, 622.0, 978.0]
[0.0, 128.0, 590.0, 915.0]
[64.0, 160.0, 655.0, 948.0]
[48.0, 192.0, 640.0, 981.0]
[80.0, 112.0, 672.0, 902.0]
[64.0, 64.0, 657.0, 855.0]
[32.0, 208.0, 626.0, 1000.0]
[48.0, 224.0, 643.0, 1017.0]
[80.0, 192.0, 676.0, 986.0]
[32.0, 160.0, 628.0, 955.0]
[64.0, 128.0, 661.0, 924.0]
[32.0, 64.0, 630.0, 861.0]
[64.0, 96.0, 662.0, 894.0]
[48.0, 160.0, 647.0, 959.0]
[16.0, 112.0, 616.0, 912.0]
[32.0, 112.0, 633.0, 913.0]
[0.0, 176.0, 602.0, 978.0]
[16.0, 112.0, 618.0, 915.0]
[0.0, 128.0, 603.0, 932.0]
[64.0, 112.0, 668.0, 917.0]
[80.0, 48.0, 684.0, 854.0]
[48.0, 48.0, 653.0, 855.0]
[64.0, 144.0, 670.0, 952.0]
[16.0, 176.0, 623.0, 985.0]
[16.0, 208.0, 624.0, 1018.0]
[48.0, 144.0, 656.0, 955.0]
[16.0, 160.0, 625.0, 972.0]
[48.0, 64.0, 658.0, 877.0]
[0.0, 96.0, 610.0, 910.0]
[32.0, 64.0, 643.0, 879.0]
[64.0, 160.0, 676.0, 976.0]
[48.0, 128.0, 661.0, 945.0]
[32.0, 176.0, 646.0, 994.0]
[16.0, 128.0, 630.0, 947.0]
[16.0, 112.0, 631.0, 932.0]
[32.0, 128.0, 648.0, 949.0]
[16.0, 64.0, 632.0, 886.0]
[64.0, 128.0, 681.0, 951.0]
[0.0, 160.0, 618.0, 984.0]
[64.0, 176.0, 683.0, 1001.0]
[64.0, 80.0, 684.0, 906.0]
[0.0, 80.0, 620.0, 907.0]
[16.0, 128.0, 637.0, 956.0]
[32.0, 112.0, 654.0, 941.0]
[16.0, 160.0, 638.0, 990.0]
[16.0, 128.0, 639.0, 959.0]
[16.0, 64.0, 640.0, 896.0]
[16.0, 48.0, 641.0, 881.0]
[48.0, 64.0, 674.0, 898.0]
[48.0, 128.0, 674.0, 963.0]
[48.0, 80.0, 675.0, 916.0]
[32.0, 160.0, 660.0, 997.0]
[48.0, 160.0, 676.0, 998.0]
[32.0, 48.0, 661.0, 887.0]
[0.0, 144.0, 630.0, 984.0]
[48.0, 32.0, 679.0, 873.0]
[48.0, 96.0, 680.0, 938.0]
[32.0, 64.0, 664.0, 907.0]
[0.0, 128.0, 633.0, 972.0]
[32.0, 128.0, 666.0, 973.0]
[48.0, 176.0, 682.0, 1022.0]
[48.0, 32.0, 683.0, 879.0]
[0.0, 176.0, 636.0, 1024.0]
[16.0, 144.0, 653.0, 993.0]
[16.0, 48.0, 654.0, 898.0]
[0.0, 144.0, 638.0, 995.0]
[32.0, 144.0, 671.0, 996.0]
[32.0, 160.0, 672.0, 1013.0]
[16.0, 32.0, 656.0, 886.0]
[0.0, 144.0, 641.0, 999.0]
[32.0, 48.0, 674.0, 904.0]
[32.0, 80.0, 675.0, 937.0]
[0.0, 144.0, 644.0, 1002.0]
[32.0, 160.0, 676.0, 1019.0]
[0.0, 96.0, 645.0, 956.0]
[0.0, 48.0, 646.0, 909.0]
[16.0, 32.0, 662.0, 894.0]
[16.0, 48.0, 663.0, 911.0]
[32.0, 112.0, 680.0, 976.0]
[0.0, 32.0, 649.0, 897.0]
[32.0, 96.0, 682.0, 962.0]
[16.0, 128.0, 666.0, 995.0]
[0.0, 32.0, 651.0, 900.0]
[32.0, 32.0, 684.0, 901.0]
[16.0, 144.0, 668.0, 1014.0]
[0.0, 96.0, 653.0, 967.0]
[16.0, 80.0, 670.0, 952.0]
[0.0, 144.0, 655.0, 1017.0]
[16.0, 112.0, 672.0, 986.0]
[16.0, 112.0, 672.0, 987.0]
[0.0, 96.0, 657.0, 972.0]
[0.0, 48.0, 658.0, 925.0]
[16.0, 48.0, 674.0, 926.0]
[16.0, 48.0, 675.0, 927.0]
[16.0, 144.0, 676.0, 1024.0]
[16.0, 128.0, 677.0, 1009.0]
[0.0, 128.0, 662.0, 1010.0]
[0.0, 64.0, 662.0, 947.0]
[0.0, 80.0, 663.0, 964.0]
[0.0, 112.0, 664.0, 997.0]
[16.0, 96.0, 680.0, 982.0]
[16.0, 80.0, 681.0, 967.0]
[16.0, 96.0, 682.0, 984.0]
[0.0, 32.0, 667.0, 921.0]
[16.0, 80.0, 684.0, 970.0]
[16.0, 96.0, 684.0, 987.0]
[0.0, 96.0, 669.0, 988.0]
[0.0, 96.0, 670.0, 989.0]
[0.0, 112.0, 670.0, 1006.0]
[0.0, 128.0, 671.0, 1023.0]
[0.0, 112.0, 672.0, 1008.0]
[0.0, 64.0, 673.0, 961.0]
[0.0, 112.0, 674.0, 1010.0]
[0.0, 64.0, 674.0, 963.0]
[0.0, 64.0, 675.0, 964.0]
[0.0, 80.0, 676.0, 981.0]
[0.0, 80.0, 676.0, 982.0]
[0.0, 48.0, 677.0, 951.0]
[0.0, 32.0, 678.0, 936.0]
[0.0, 64.0, 679.0, 969.0]
[0.0, 96.0, 680.0, 1002.0]
[0.0, 112.0, 680.0, 1019.0]
[0.0, 32.0, 681.0, 940.0]
[0.0, 80.0, 682.0, 989.0]
[0.0, 32.0, 682.0, 942.0]
[0.0, 48.0, 683.0, 959.0]
[0.0, 96.0, 684.0, 1008.0]
