[32.0, 96.0, 749.0, 634.0]
[128.0, 64.0, 846.0, 602.0]
[128.0, 96.0, 847.0, 635.0]
[128.0, 96.0, 848.0, 636.0]
[128.0, 80.0, 849.0, 621.0]
[80.0, 48.0, 802.0, 590.0]
[112.0, 48.0, 835.0, 590.0]
[176.0, 48.0, 900.0, 591.0]
[112.0, 112.0, 837.0, 656.0]
[112.0, 32.0, 838.0, 576.0]
[96.0, 48.0, 823.0, 593.0]
[32.0, 48.0, 760.0, 594.0]
[64.0, 16.0, 793.0, 563.0]
[16.0, 80.0, 746.0, 628.0]
[64.0, 96.0, 795.0, 644.0]
[48.0, 64.0, 780.0, 613.0]
[16.0, 48.0, 749.0, 598.0]
[32.0, 64.0, 766.0, 614.0]
[80.0, 16.0, 815.0, 567.0]
[32.0, 64.0, 768.0, 616.0]
[96.0, 112.0, 833.0, 665.0]
[160.0, 80.0, 898.0, 634.0]
[128.0, 96.0, 867.0, 650.0]
[144.0, 112.0, 884.0, 667.0]
[144.0, 64.0, 885.0, 620.0]
[112.0, 32.0, 854.0, 588.0]
[32.0, 112.0, 775.0, 669.0]
[96.0, 96.0, 840.0, 654.0]
[176.0, 64.0, 921.0, 623.0]
[0.0, 96.0, 746.0, 656.0]
[176.0, 64.0, 923.0, 624.0]
[128.0, 64.0, 876.0, 625.0]
[16.0, 32.0, 765.0, 594.0]
[176.0, 80.0, 926.0, 642.0]
[0.0, 96.0, 751.0, 659.0]
[80.0, 112.0, 832.0, 676.0]
[176.0, 80.0, 929.0, 645.0]
[48.0, 64.0, 802.0, 630.0]
[32.0, 16.0, 787.0, 582.0]
[96.0, 112.0, 852.0, 679.0]
[64.0, 96.0, 821.0, 664.0]
[192.0, 32.0, 950.0, 600.0]
[144.0, 64.0, 903.0, 633.0]
[32.0, 80.0, 792.0, 650.0]
[48.0, 80.0, 809.0, 651.0]
[128.0, 32.0, 890.0, 604.0]
[16.0, 80.0, 779.0, 652.0]
[128.0, 64.0, 892.0, 637.0]
[112.0, 48.0, 877.0, 622.0]
[128.0, 0.0, 894.0, 574.0]
[160.0, 16.0, 927.0, 591.0]
[64.0, 96.0, 832.0, 672.0]
[192.0, 32.0, 961.0, 609.0]
[32.0, 32.0, 802.0, 610.0]
[160.0, 0.0, 931.0, 578.0]
[80.0, 48.0, 852.0, 627.0]
[128.0, 96.0, 901.0, 676.0]
[112.0, 64.0, 886.0, 644.0]
[112.0, 96.0, 887.0, 677.0]
[16.0, 16.0, 792.0, 598.0]
[0.0, 32.0, 777.0, 615.0]
[144.0, 48.0, 922.0, 632.0]
[144.0, 48.0, 923.0, 632.0]
[32.0, 96.0, 812.0, 681.0]
[144.0, 32.0, 925.0, 618.0]
[48.0, 96.0, 830.0, 682.0]
[64.0, 16.0, 847.0, 603.0]
[16.0, 32.0, 800.0, 620.0]
[96.0, 16.0, 881.0, 605.0]
[0.0, 48.0, 786.0, 638.0]
[144.0, 64.0, 931.0, 654.0]
[144.0, 64.0, 932.0, 655.0]
[64.0, 32.0, 853.0, 624.0]
[96.0, 64.0, 886.0, 656.0]
[144.0, 32.0, 935.0, 625.0]
[160.0, 48.0, 952.0, 642.0]
[0.0, 80.0, 793.0, 675.0]
[112.0, 0.0, 906.0, 596.0]
[0.0, 0.0, 795.0, 596.0]
[176.0, 32.0, 972.0, 629.0]
[80.0, 64.0, 877.0, 662.0]
[32.0, 64.0, 830.0, 662.0]
[128.0, 32.0, 927.0, 631.0]
[128.0, 80.0, 928.0, 680.0]
[0.0, 16.0, 801.0, 617.0]
[80.0, 0.0, 882.0, 602.0]
[112.0, 80.0, 915.0, 682.0]
[48.0, 80.0, 852.0, 683.0]
[112.0, 0.0, 917.0, 604.0]
[112.0, 16.0, 918.0, 620.0]
[32.0, 64.0, 839.0, 669.0]
[32.0, 32.0, 840.0, 638.0]
[96.0, 48.0, 905.0, 655.0]
[64.0, 0.0, 874.0, 608.0]
[176.0, 48.0, 987.0, 656.0]
[0.0, 48.0, 812.0, 657.0]
[32.0, 32.0, 845.0, 642.0]
[32.0, 64.0, 846.0, 674.0]
[144.0, 32.0, 959.0, 643.0]
[192.0, 48.0, 1008.0, 660.0]
[96.0, 0.0, 913.0, 613.0]
[128.0, 0.0, 946.0, 614.0]
[48.0, 48.0, 867.0, 662.0]
[144.0, 0.0, 964.0, 615.0]
[160.0, 16.0, 981.0, 632.0]
[0.0, 0.0, 822.0, 616.0]
[176.0, 48.0, 999.0, 665.0]
[16.0, 48.0, 840.0, 666.0]
[128.0, 16.0, 953.0, 635.0]
[144.0, 32.0, 970.0, 652.0]
[32.0, 0.0, 859.0, 620.0]
[112.0, 32.0, 940.0, 653.0]
[112.0, 0.0, 941.0, 622.0]
[48.0, 32.0, 878.0, 654.0]
[80.0, 32.0, 911.0, 655.0]
[144.0, 32.0, 976.0, 656.0]
[80.0, 32.0, 913.0, 657.0]
[160.0, 48.0, 994.0, 674.0]
[144.0, 0.0, 979.0, 626.0]
[0.0, 48.0, 836.0, 675.0]
[128.0, 32.0, 965.0, 660.0]
[160.0, 16.0, 998.0, 644.0]
[80.0, 32.0, 919.0, 661.0]
[128.0, 0.0, 968.0, 630.0]
[112.0, 48.0, 953.0, 679.0]
[16.0, 0.0, 858.0, 632.0]
[48.0, 16.0, 891.0, 648.0]
[96.0, 32.0, 940.0, 665.0]
[0.0, 0.0, 845.0, 634.0]
[112.0, 0.0, 958.0, 634.0]
[96.0, 16.0, 943.0, 651.0]
[32.0, 32.0, 880.0, 668.0]
[144.0, 16.0, 993.0, 653.0]
[80.0, 16.0, 930.0, 654.0]
[64.0, 16.0, 915.0, 654.0]
[96.0, 0.0, 948.0, 639.0]
[64.0, 32.0, 917.0, 672.0]
[128.0, 0.0, 982.0, 640.0]
[80.0, 16.0, 935.0, 657.0]
[16.0, 32.0, 872.0, 674.0]
[144.0, 16.0, 1001.0, 659.0]
[96.0, 32.0, 954.0, 676.0]
[128.0, 32.0, 987.0, 676.0]
[0.0, 0.0, 860.0, 645.0]
[144.0, 0.0, 1005.0, 646.0]
[144.0, 0.0, 1006.0, 646.0]
[96.0, 0.0, 959.0, 647.0]
[32.0, 0.0, 896.0, 648.0]
[80.0, 0.0, 945.0, 649.0]
[48.0, 0.0, 914.0, 650.0]
[16.0, 16.0, 883.0, 666.0]
[0.0, 16.0, 868.0, 667.0]
[32.0, 0.0, 901.0, 652.0]
[96.0, 16.0, 966.0, 668.0]
[128.0, 16.0, 999.0, 669.0]
[48.0, 16.0, 920.0, 670.0]
[80.0, 16.0, 953.0, 671.0]
[0.0, 16.0, 874.0, 672.0]
[96.0, 0.0, 971.0, 656.0]
[0.0, 16.0, 876.0, 673.0]
[64.0, 0.0, 941.0, 658.0]
[16.0, 0.0, 894.0, 658.0]
[112.0, 16.0, 991.0, 675.0]
[112.0, 0.0, 992.0, 660.0]
[96.0, 16.0, 977.0, 677.0]
[32.0, 0.0, 914.0, 662.0]
[48.0, 0.0, 931.0, 662.0]
[0.0, 16.0, 884.0, 679.0]
[48.0, 16.0, 933.0, 680.0]
[0.0, 16.0, 886.0, 680.0]
[16.0, 16.0, 903.0, 681.0]
[48.0, 0.0, 936.0, 666.0]
[16.0, 16.0, 905.0, 683.0]
[80.0, 0.0, 970.0, 668.0]
[32.0, 0.0, 923.0, 668.0]
[96.0, 0.0, 988.0, 669.0]
[112.0, 0.0, 1005.0, 670.0]
[96.0, 0.0, 990.0, 670.0]
[48.0, 0.0, 943.0, 671.0]
[80.0, 0.0, 976.0, 672.0]
[80.0, 0.0, 977.0, 673.0]
[32.0, 0.0, 930.0, 674.0]
[96.0, 0.0, 995.0, 674.0]
[112.0, 0.0, 1012.0, 675.0]
[32.0, 0.0, 933.0, 676.0]
[112.0, 0.0, 1014.0, 676.0]
[16.0, 0.0, 919.0, 677.0]
[0.0, 0.0, 904.0, 678.0]
[80.0, 0.0, 985.0, 679.0]
[48.0, 0.0, 954.0, 680.0]
[32.0, 0.0, 939.0, 680.0]
[64.0, 0.0, 972.0, 681.0]
[112.0, 0.0, 1021.0, 682.0]
[0.0, 0.0, 910.0, 682.0]
[32.0, 0.0, 943.0, 683.0]
