[96.0, 64.0, 653.0, 807.0]
[48.0, 48.0, 606.0, 792.0]
[112.0, 64.0, 671.0, 809.0]
[192.0, 64.0, 752.0, 810.0]
[96.0, 48.0, 656.0, 795.0]
[160.0, 64.0, 721.0, 812.0]
[64.0, 48.0, 626.0, 797.0]
[48.0, 48.0, 610.0, 798.0]
[224.0, 48.0, 787.0, 799.0]
[240.0, 32.0, 804.0, 784.0]
[64.0, 48.0, 629.0, 801.0]
[48.0, 64.0, 614.0, 818.0]
[144.0, 48.0, 710.0, 803.0]
[64.0, 64.0, 631.0, 820.0]
[96.0, 64.0, 664.0, 821.0]
[224.0, 64.0, 792.0, 822.0]
[208.0, 64.0, 777.0, 823.0]
[256.0, 48.0, 826.0, 808.0]
[176.0, 32.0, 747.0, 793.0]
[224.0, 64.0, 796.0, 826.0]
[64.0, 64.0, 636.0, 827.0]
[64.0, 48.0, 637.0, 812.0]
[240.0, 64.0, 814.0, 829.0]
[64.0, 16.0, 638.0, 782.0]
[144.0, 48.0, 719.0, 815.0]
[160.0, 48.0, 736.0, 816.0]
[208.0, 48.0, 785.0, 817.0]
[224.0, 16.0, 802.0, 786.0]
[176.0, 32.0, 754.0, 803.0]
[144.0, 16.0, 723.0, 788.0]
[192.0, 16.0, 772.0, 789.0]
[64.0, 32.0, 644.0, 806.0]
[32.0, 32.0, 613.0, 807.0]
[112.0, 16.0, 694.0, 792.0]
[80.0, 64.0, 663.0, 841.0]
[128.0, 32.0, 712.0, 810.0]
[128.0, 64.0, 712.0, 843.0]
[240.0, 48.0, 825.0, 828.0]
[48.0, 0.0, 634.0, 781.0]
[160.0, 32.0, 746.0, 814.0]
[224.0, 48.0, 811.0, 831.0]
[112.0, 48.0, 700.0, 832.0]
[144.0, 16.0, 733.0, 801.0]
[32.0, 16.0, 622.0, 802.0]
[48.0, 32.0, 638.0, 819.0]
[80.0, 48.0, 671.0, 836.0]
[144.0, 64.0, 736.0, 853.0]
[32.0, 16.0, 624.0, 806.0]
[48.0, 48.0, 641.0, 839.0]
[96.0, 0.0, 690.0, 792.0]
[160.0, 64.0, 755.0, 857.0]
[144.0, 0.0, 740.0, 794.0]
[176.0, 32.0, 772.0, 827.0]
[176.0, 64.0, 773.0, 860.0]
[80.0, 16.0, 678.0, 813.0]
[208.0, 48.0, 806.0, 846.0]
[208.0, 0.0, 807.0, 799.0]
[192.0, 32.0, 792.0, 832.0]
[160.0, 32.0, 761.0, 833.0]
[208.0, 16.0, 810.0, 818.0]
[160.0, 32.0, 762.0, 835.0]
[144.0, 32.0, 747.0, 836.0]
[176.0, 16.0, 780.0, 821.0]
[80.0, 16.0, 684.0, 822.0]
[160.0, 32.0, 765.0, 839.0]
[96.0, 32.0, 702.0, 840.0]
[80.0, 0.0, 687.0, 809.0]
[80.0, 16.0, 688.0, 826.0]
[160.0, 32.0, 768.0, 843.0]
[80.0, 32.0, 689.0, 844.0]
[80.0, 48.0, 690.0, 861.0]
[16.0, 16.0, 626.0, 830.0]
[176.0, 0.0, 787.0, 815.0]
[112.0, 0.0, 724.0, 816.0]
[176.0, 0.0, 789.0, 817.0]
[64.0, 64.0, 678.0, 882.0]
[112.0, 48.0, 726.0, 867.0]
[224.0, 0.0, 839.0, 820.0]
[192.0, 32.0, 808.0, 853.0]
[128.0, 16.0, 744.0, 838.0]
[128.0, 32.0, 745.0, 855.0]
[144.0, 32.0, 762.0, 856.0]
[192.0, 48.0, 811.0, 873.0]
[48.0, 16.0, 668.0, 842.0]
[64.0, 0.0, 684.0, 827.0]
[80.0, 48.0, 701.0, 876.0]
[112.0, 16.0, 734.0, 845.0]
[64.0, 32.0, 686.0, 862.0]
[112.0, 0.0, 735.0, 831.0]
[112.0, 16.0, 736.0, 848.0]
[208.0, 0.0, 833.0, 833.0]
[48.0, 0.0, 674.0, 834.0]
[64.0, 32.0, 690.0, 867.0]
[128.0, 16.0, 755.0, 852.0]
[64.0, 32.0, 692.0, 869.0]
[208.0, 0.0, 836.0, 838.0]
[32.0, 48.0, 661.0, 887.0]
[80.0, 48.0, 710.0, 888.0]
[48.0, 32.0, 679.0, 873.0]
[208.0, 0.0, 840.0, 842.0]
[208.0, 16.0, 840.0, 859.0]
[80.0, 32.0, 713.0, 876.0]
[112.0, 64.0, 746.0, 909.0]
[144.0, 16.0, 778.0, 862.0]
[160.0, 48.0, 795.0, 895.0]
[16.0, 16.0, 652.0, 864.0]
[128.0, 64.0, 765.0, 913.0]
[112.0, 80.0, 750.0, 930.0]
[80.0, 0.0, 718.0, 851.0]
[144.0, 48.0, 783.0, 900.0]
[112.0, 32.0, 752.0, 885.0]
[192.0, 0.0, 832.0, 854.0]
[80.0, 16.0, 721.0, 871.0]
[32.0, 48.0, 674.0, 904.0]
[48.0, 16.0, 691.0, 873.0]
[96.0, 0.0, 740.0, 858.0]
[160.0, 16.0, 804.0, 875.0]
[176.0, 48.0, 821.0, 908.0]
[128.0, 32.0, 774.0, 893.0]
[128.0, 32.0, 774.0, 894.0]
[192.0, 0.0, 839.0, 863.0]
[48.0, 64.0, 696.0, 928.0]
[144.0, 48.0, 793.0, 913.0]
[48.0, 32.0, 698.0, 898.0]
[160.0, 32.0, 810.0, 899.0]
[64.0, 32.0, 715.0, 900.0]
[48.0, 32.0, 700.0, 901.0]
[144.0, 64.0, 796.0, 934.0]
[128.0, 32.0, 781.0, 903.0]
[64.0, 64.0, 718.0, 936.0]
[64.0, 80.0, 719.0, 953.0]
[112.0, 0.0, 768.0, 874.0]
[112.0, 80.0, 768.0, 955.0]
[32.0, 64.0, 689.0, 940.0]
[96.0, 32.0, 754.0, 909.0]
[64.0, 64.0, 722.0, 942.0]
[16.0, 48.0, 675.0, 927.0]
[64.0, 16.0, 724.0, 896.0]
[112.0, 16.0, 773.0, 897.0]
[176.0, 16.0, 838.0, 898.0]
[48.0, 64.0, 710.0, 947.0]
[128.0, 48.0, 791.0, 932.0]
[48.0, 64.0, 712.0, 949.0]
[176.0, 0.0, 840.0, 886.0]
[128.0, 16.0, 793.0, 903.0]
[48.0, 48.0, 714.0, 936.0]
[96.0, 32.0, 763.0, 921.0]
[16.0, 16.0, 684.0, 906.0]
[144.0, 48.0, 812.0, 939.0]
[48.0, 32.0, 717.0, 924.0]
[96.0, 0.0, 766.0, 893.0]
[16.0, 48.0, 686.0, 942.0]
[80.0, 0.0, 751.0, 895.0]
[128.0, 80.0, 800.0, 976.0]
[64.0, 48.0, 737.0, 945.0]
[80.0, 0.0, 754.0, 898.0]
[112.0, 16.0, 786.0, 915.0]
[144.0, 64.0, 819.0, 964.0]
[112.0, 0.0, 788.0, 901.0]
[32.0, 16.0, 708.0, 918.0]
[112.0, 32.0, 789.0, 935.0]
[64.0, 16.0, 742.0, 920.0]
[128.0, 64.0, 807.0, 969.0]
[32.0, 16.0, 712.0, 922.0]
[32.0, 16.0, 712.0, 923.0]
[48.0, 64.0, 729.0, 972.0]
[144.0, 0.0, 826.0, 909.0]
[64.0, 80.0, 746.0, 990.0]
[112.0, 48.0, 795.0, 959.0]
[160.0, 16.0, 844.0, 928.0]
[96.0, 80.0, 781.0, 993.0]
[32.0, 0.0, 718.0, 914.0]
[32.0, 64.0, 718.0, 979.0]
[32.0, 64.0, 719.0, 980.0]
[112.0, 48.0, 800.0, 965.0]
[144.0, 16.0, 832.0, 934.0]
[96.0, 0.0, 785.0, 919.0]
[112.0, 64.0, 802.0, 984.0]
[48.0, 48.0, 739.0, 969.0]
[32.0, 64.0, 724.0, 986.0]
[112.0, 48.0, 804.0, 971.0]
[48.0, 32.0, 741.0, 956.0]
[96.0, 80.0, 790.0, 1005.0]
[48.0, 64.0, 742.0, 990.0]
[112.0, 48.0, 807.0, 975.0]
[64.0, 0.0, 760.0, 928.0]
[96.0, 64.0, 793.0, 993.0]
[48.0, 64.0, 746.0, 994.0]
[48.0, 32.0, 746.0, 963.0]
[80.0, 0.0, 779.0, 932.0]
[32.0, 32.0, 732.0, 965.0]
[32.0, 48.0, 732.0, 982.0]
[64.0, 16.0, 765.0, 951.0]
[80.0, 16.0, 782.0, 952.0]
[48.0, 48.0, 751.0, 985.0]
[32.0, 16.0, 736.0, 954.0]
[112.0, 64.0, 816.0, 1003.0]
[16.0, 48.0, 721.0, 988.0]
[112.0, 16.0, 818.0, 957.0]
[96.0, 48.0, 802.0, 990.0]
[80.0, 32.0, 787.0, 975.0]
[16.0, 0.0, 724.0, 944.0]
[16.0, 0.0, 725.0, 945.0]
[128.0, 16.0, 838.0, 962.0]
[128.0, 48.0, 838.0, 995.0]
[32.0, 16.0, 743.0, 964.0]
[80.0, 48.0, 792.0, 997.0]
[128.0, 32.0, 840.0, 982.0]
[112.0, 16.0, 825.0, 967.0]
[48.0, 0.0, 762.0, 952.0]
[64.0, 64.0, 779.0, 1017.0]
[48.0, 32.0, 764.0, 986.0]
[128.0, 16.0, 844.0, 971.0]
[112.0, 32.0, 829.0, 988.0]
[80.0, 16.0, 798.0, 973.0]
[48.0, 64.0, 766.0, 1022.0]
[32.0, 32.0, 751.0, 991.0]
[16.0, 0.0, 736.0, 960.0]
[112.0, 0.0, 833.0, 961.0]
[80.0, 0.0, 802.0, 962.0]
[64.0, 48.0, 786.0, 1011.0]
[48.0, 32.0, 771.0, 996.0]
[96.0, 32.0, 820.0, 997.0]
[64.0, 48.0, 788.0, 1014.0]
[48.0, 48.0, 773.0, 1015.0]
[32.0, 48.0, 758.0, 1016.0]
[64.0, 16.0, 791.0, 985.0]
[112.0, 0.0, 840.0, 970.0]
[16.0, 32.0, 744.0, 1003.0]
[80.0, 32.0, 809.0, 1004.0]
[80.0, 16.0, 810.0, 989.0]
[32.0, 0.0, 762.0, 974.0]
[80.0, 32.0, 811.0, 1007.0]
[16.0, 48.0, 748.0, 1024.0]
[80.0, 16.0, 813.0, 993.0]
[96.0, 16.0, 830.0, 994.0]
[96.0, 16.0, 830.0, 995.0]
[96.0, 0.0, 831.0, 980.0]
[48.0, 0.0, 784.0, 981.0]
[96.0, 0.0, 832.0, 982.0]
[80.0, 32.0, 817.0, 1015.0]
[80.0, 32.0, 818.0, 1016.0]
[80.0, 16.0, 819.0, 1001.0]
[96.0, 32.0, 836.0, 1018.0]
[32.0, 16.0, 772.0, 1003.0]
[32.0, 16.0, 773.0, 1004.0]
[32.0, 0.0, 774.0, 989.0]
[48.0, 32.0, 790.0, 1022.0]
[16.0, 0.0, 759.0, 991.0]
[32.0, 32.0, 776.0, 1024.0]
[32.0, 0.0, 777.0, 993.0]
[80.0, 16.0, 826.0, 1010.0]
[80.0, 0.0, 826.0, 995.0]
[16.0, 16.0, 763.0, 1012.0]
[64.0, 0.0, 812.0, 997.0]
[16.0, 16.0, 764.0, 1014.0]
[16.0, 16.0, 765.0, 1015.0]
[32.0, 16.0, 782.0, 1016.0]
[48.0, 0.0, 799.0, 1001.0]
[64.0, 0.0, 816.0, 1002.0]
[64.0, 16.0, 816.0, 1019.0]
[64.0, 16.0, 817.0, 1020.0]
[32.0, 16.0, 786.0, 1021.0]
[48.0, 0.0, 802.0, 1006.0]
[32.0, 0.0, 787.0, 1007.0]
[32.0, 16.0, 788.0, 1024.0]
[16.0, 0.0, 773.0, 1009.0]
[64.0, 0.0, 822.0, 1010.0]
[16.0, 0.0, 774.0, 1011.0]
[32.0, 0.0, 791.0, 1012.0]
[48.0, 0.0, 808.0, 1013.0]
[16.0, 0.0, 776.0, 1014.0]
[64.0, 0.0, 825.0, 1015.0]
[48.0, 0.0, 810.0, 1016.0]
[48.0, 0.0, 811.0, 1017.0]
[32.0, 0.0, 796.0, 1018.0]
[16.0, 0.0, 780.0, 1019.0]
[48.0, 0.0, 813.0, 1020.0]
[64.0, 0.0, 830.0, 1021.0]
[48.0, 0.0, 814.0, 1022.0]
[64.0, 0.0, 831.0, 1023.0]
[48.0, 0.0, 816.0, 1024.0]
