[48.0, 160.0, 770.0, 702.0]
[64.0, 64.0, 787.0, 606.0]
[64.0, 48.0, 788.0, 591.0]
[48.0, 160.0, 773.0, 704.0]
[80.0, 160.0, 806.0, 704.0]
[80.0, 160.0, 807.0, 705.0]
[64.0, 176.0, 792.0, 722.0]
[80.0, 48.0, 809.0, 595.0]
[48.0, 144.0, 778.0, 692.0]
[48.0, 80.0, 779.0, 628.0]
[32.0, 176.0, 764.0, 725.0]
[64.0, 208.0, 797.0, 758.0]
[80.0, 208.0, 814.0, 758.0]
[32.0, 48.0, 767.0, 599.0]
[48.0, 208.0, 784.0, 760.0]
[48.0, 208.0, 785.0, 761.0]
[32.0, 80.0, 770.0, 634.0]
[32.0, 144.0, 771.0, 698.0]
[48.0, 160.0, 788.0, 715.0]
[80.0, 32.0, 821.0, 588.0]
[32.0, 96.0, 774.0, 652.0]
[64.0, 128.0, 807.0, 685.0]
[48.0, 208.0, 792.0, 766.0]
[48.0, 144.0, 793.0, 703.0]
[64.0, 112.0, 810.0, 672.0]
[48.0, 176.0, 795.0, 736.0]
[48.0, 112.0, 796.0, 673.0]
[16.0, 96.0, 765.0, 658.0]
[16.0, 96.0, 766.0, 658.0]
[48.0, 192.0, 799.0, 755.0]
[64.0, 64.0, 816.0, 628.0]
[80.0, 64.0, 833.0, 629.0]
[80.0, 192.0, 834.0, 758.0]
[48.0, 112.0, 803.0, 678.0]
[80.0, 192.0, 836.0, 759.0]
[32.0, 96.0, 789.0, 664.0]
[80.0, 112.0, 838.0, 680.0]
[32.0, 192.0, 791.0, 761.0]
[32.0, 192.0, 792.0, 762.0]
[32.0, 96.0, 793.0, 667.0]
[48.0, 160.0, 810.0, 732.0]
[0.0, 64.0, 763.0, 636.0]
[16.0, 64.0, 780.0, 637.0]
[64.0, 144.0, 829.0, 718.0]
[80.0, 48.0, 846.0, 622.0]
[16.0, 96.0, 783.0, 671.0]
[16.0, 64.0, 784.0, 640.0]
[80.0, 80.0, 849.0, 657.0]
[48.0, 192.0, 818.0, 770.0]
[0.0, 64.0, 771.0, 642.0]
[80.0, 128.0, 852.0, 707.0]
[96.0, 96.0, 869.0, 676.0]
[32.0, 96.0, 806.0, 676.0]
[0.0, 128.0, 775.0, 709.0]
[64.0, 64.0, 840.0, 646.0]
[32.0, 128.0, 809.0, 711.0]
[16.0, 80.0, 794.0, 664.0]
[16.0, 128.0, 795.0, 712.0]
[80.0, 112.0, 860.0, 697.0]
[16.0, 80.0, 797.0, 666.0]
[96.0, 112.0, 878.0, 698.0]
[64.0, 48.0, 847.0, 635.0]
[0.0, 176.0, 784.0, 764.0]
[16.0, 144.0, 801.0, 733.0]
[48.0, 176.0, 834.0, 766.0]
[16.0, 128.0, 803.0, 718.0]
[32.0, 96.0, 820.0, 687.0]
[64.0, 160.0, 853.0, 752.0]
[80.0, 48.0, 870.0, 640.0]
[80.0, 64.0, 871.0, 657.0]
[32.0, 32.0, 824.0, 626.0]
[0.0, 176.0, 793.0, 771.0]
[16.0, 80.0, 810.0, 676.0]
[16.0, 80.0, 811.0, 676.0]
[64.0, 112.0, 860.0, 709.0]
[64.0, 64.0, 861.0, 662.0]
[64.0, 96.0, 862.0, 694.0]
[32.0, 128.0, 831.0, 727.0]
[0.0, 48.0, 800.0, 648.0]
[64.0, 64.0, 865.0, 665.0]
[96.0, 128.0, 898.0, 730.0]
[48.0, 80.0, 851.0, 682.0]
[64.0, 128.0, 868.0, 731.0]
[0.0, 112.0, 805.0, 716.0]
[0.0, 160.0, 806.0, 764.0]
[64.0, 128.0, 871.0, 733.0]
[64.0, 48.0, 872.0, 654.0]
[32.0, 0.0, 841.0, 607.0]
[16.0, 48.0, 826.0, 656.0]
[64.0, 128.0, 875.0, 736.0]
[96.0, 128.0, 908.0, 737.0]
[80.0, 112.0, 893.0, 722.0]
[32.0, 16.0, 846.0, 626.0]
[0.0, 112.0, 815.0, 723.0]
[0.0, 32.0, 816.0, 644.0]
[16.0, 176.0, 833.0, 789.0]
[16.0, 96.0, 834.0, 710.0]
[32.0, 112.0, 851.0, 726.0]
[96.0, 64.0, 916.0, 679.0]
[64.0, 80.0, 885.0, 696.0]
[96.0, 32.0, 918.0, 648.0]
[64.0, 64.0, 887.0, 681.0]
[0.0, 32.0, 824.0, 650.0]
[80.0, 144.0, 905.0, 763.0]
[64.0, 144.0, 890.0, 764.0]
[0.0, 160.0, 827.0, 780.0]
[64.0, 144.0, 892.0, 765.0]
[80.0, 80.0, 909.0, 702.0]
[96.0, 32.0, 926.0, 654.0]
[80.0, 144.0, 911.0, 767.0]
[0.0, 48.0, 832.0, 672.0]
[80.0, 80.0, 913.0, 705.0]
[96.0, 32.0, 930.0, 658.0]
[16.0, 80.0, 851.0, 706.0]
[0.0, 32.0, 836.0, 659.0]
[80.0, 96.0, 917.0, 724.0]
[80.0, 128.0, 918.0, 756.0]
[80.0, 48.0, 919.0, 677.0]
[16.0, 32.0, 856.0, 662.0]
[48.0, 48.0, 889.0, 679.0]
[32.0, 0.0, 874.0, 632.0]
[64.0, 96.0, 907.0, 728.0]
[32.0, 112.0, 876.0, 745.0]
[64.0, 48.0, 909.0, 682.0]
[48.0, 112.0, 894.0, 746.0]
[64.0, 64.0, 911.0, 699.0]
[0.0, 96.0, 848.0, 732.0]
[80.0, 64.0, 929.0, 701.0]
[16.0, 0.0, 866.0, 638.0]
[64.0, 80.0, 915.0, 718.0]
[32.0, 32.0, 884.0, 671.0]
[32.0, 0.0, 885.0, 640.0]
[96.0, 32.0, 950.0, 672.0]
[16.0, 64.0, 871.0, 705.0]
[48.0, 64.0, 904.0, 706.0]
[64.0, 144.0, 921.0, 787.0]
[0.0, 0.0, 858.0, 644.0]
[0.0, 128.0, 859.0, 772.0]
[96.0, 80.0, 956.0, 725.0]
[80.0, 96.0, 941.0, 742.0]
[96.0, 32.0, 958.0, 678.0]
[80.0, 96.0, 943.0, 743.0]
[16.0, 32.0, 880.0, 680.0]
[32.0, 48.0, 897.0, 697.0]
[32.0, 16.0, 898.0, 666.0]
[32.0, 48.0, 899.0, 698.0]
[48.0, 32.0, 916.0, 683.0]
[48.0, 32.0, 917.0, 684.0]
[16.0, 48.0, 886.0, 700.0]
[0.0, 0.0, 871.0, 653.0]
[32.0, 16.0, 904.0, 670.0]
[32.0, 48.0, 905.0, 703.0]
[48.0, 48.0, 922.0, 704.0]
[0.0, 48.0, 875.0, 704.0]
[48.0, 48.0, 924.0, 705.0]
[48.0, 80.0, 925.0, 738.0]
[80.0, 48.0, 958.0, 706.0]
[32.0, 128.0, 911.0, 787.0]
[0.0, 16.0, 880.0, 676.0]
[48.0, 128.0, 929.0, 789.0]
[16.0, 64.0, 898.0, 726.0]
[80.0, 112.0, 963.0, 774.0]
[48.0, 0.0, 932.0, 663.0]
[96.0, 96.0, 981.0, 760.0]
[32.0, 128.0, 918.0, 792.0]
[16.0, 64.0, 903.0, 729.0]
[0.0, 96.0, 888.0, 762.0]
[0.0, 0.0, 889.0, 667.0]
[80.0, 64.0, 970.0, 732.0]
[0.0, 32.0, 891.0, 700.0]
[64.0, 32.0, 956.0, 701.0]
[32.0, 0.0, 925.0, 670.0]
[32.0, 0.0, 926.0, 670.0]
[48.0, 0.0, 943.0, 671.0]
[0.0, 112.0, 896.0, 784.0]
[32.0, 0.0, 929.0, 673.0]
[32.0, 112.0, 930.0, 786.0]
[48.0, 48.0, 947.0, 722.0]
[32.0, 64.0, 932.0, 739.0]
[80.0, 96.0, 981.0, 772.0]
[96.0, 32.0, 998.0, 708.0]
[64.0, 48.0, 967.0, 725.0]
[96.0, 64.0, 1000.0, 742.0]
[64.0, 32.0, 969.0, 711.0]
[80.0, 32.0, 986.0, 712.0]
[48.0, 96.0, 955.0, 776.0]
[16.0, 32.0, 924.0, 713.0]
[80.0, 16.0, 989.0, 698.0]
[16.0, 32.0, 926.0, 714.0]
[0.0, 80.0, 911.0, 763.0]
[96.0, 48.0, 1008.0, 732.0]
[48.0, 32.0, 961.0, 717.0]
[48.0, 16.0, 962.0, 702.0]
[48.0, 48.0, 963.0, 734.0]
[96.0, 48.0, 1012.0, 735.0]
[16.0, 16.0, 933.0, 704.0]
[32.0, 48.0, 950.0, 736.0]
[16.0, 64.0, 935.0, 753.0]
[0.0, 32.0, 920.0, 722.0]
[16.0, 96.0, 937.0, 787.0]
[48.0, 48.0, 970.0, 740.0]
[0.0, 96.0, 923.0, 788.0]
[96.0, 48.0, 1020.0, 741.0]
[0.0, 16.0, 925.0, 710.0]
[32.0, 64.0, 958.0, 758.0]
[48.0, 80.0, 975.0, 775.0]
[48.0, 96.0, 976.0, 792.0]
[48.0, 48.0, 977.0, 745.0]
[0.0, 80.0, 930.0, 778.0]
[48.0, 0.0, 979.0, 698.0]
[0.0, 64.0, 932.0, 763.0]
[16.0, 0.0, 949.0, 700.0]
[64.0, 16.0, 998.0, 716.0]
[80.0, 16.0, 1015.0, 717.0]
[16.0, 32.0, 952.0, 734.0]
[0.0, 0.0, 937.0, 703.0]
[0.0, 0.0, 938.0, 704.0]
[80.0, 48.0, 1019.0, 752.0]
[16.0, 0.0, 956.0, 705.0]
[16.0, 64.0, 957.0, 770.0]
[80.0, 16.0, 1022.0, 722.0]
[16.0, 16.0, 959.0, 723.0]
[48.0, 32.0, 992.0, 740.0]
[64.0, 64.0, 1009.0, 773.0]
[16.0, 32.0, 962.0, 742.0]
[32.0, 48.0, 979.0, 758.0]
[16.0, 0.0, 964.0, 711.0]
[0.0, 64.0, 949.0, 776.0]
[16.0, 16.0, 966.0, 728.0]
[16.0, 64.0, 967.0, 777.0]
[32.0, 64.0, 984.0, 778.0]
[32.0, 64.0, 985.0, 779.0]
[0.0, 48.0, 954.0, 764.0]
[48.0, 0.0, 1003.0, 716.0]
[16.0, 16.0, 972.0, 733.0]
[64.0, 16.0, 1021.0, 734.0]
[0.0, 48.0, 958.0, 766.0]
[48.0, 32.0, 1007.0, 751.0]
[48.0, 0.0, 1008.0, 720.0]
[16.0, 0.0, 977.0, 721.0]
[16.0, 32.0, 978.0, 754.0]
[48.0, 16.0, 1011.0, 738.0]
[16.0, 32.0, 980.0, 755.0]
[16.0, 0.0, 981.0, 724.0]
[16.0, 16.0, 982.0, 740.0]
[16.0, 16.0, 983.0, 741.0]
[32.0, 32.0, 1000.0, 758.0]
[32.0, 64.0, 1001.0, 791.0]
[16.0, 0.0, 986.0, 728.0]
[32.0, 0.0, 1003.0, 728.0]
[48.0, 0.0, 1020.0, 729.0]
[48.0, 32.0, 1021.0, 762.0]
[16.0, 32.0, 990.0, 762.0]
[32.0, 32.0, 1007.0, 763.0]
[32.0, 0.0, 1008.0, 732.0]
[32.0, 0.0, 1009.0, 733.0]
[32.0, 0.0, 1010.0, 734.0]
[0.0, 16.0, 979.0, 750.0]
[16.0, 48.0, 996.0, 783.0]
[32.0, 48.0, 1013.0, 784.0]
[16.0, 48.0, 998.0, 784.0]
[16.0, 32.0, 999.0, 769.0]
[0.0, 0.0, 984.0, 738.0]
[16.0, 16.0, 1001.0, 755.0]
[0.0, 16.0, 986.0, 756.0]
[0.0, 16.0, 987.0, 756.0]
[16.0, 32.0, 1004.0, 773.0]
[32.0, 0.0, 1021.0, 742.0]
[0.0, 16.0, 990.0, 758.0]
[0.0, 0.0, 991.0, 743.0]
[0.0, 16.0, 992.0, 760.0]
[0.0, 16.0, 993.0, 761.0]
[0.0, 32.0, 994.0, 778.0]
[16.0, 16.0, 1011.0, 762.0]
[16.0, 0.0, 1012.0, 747.0]
[16.0, 32.0, 1013.0, 780.0]
[16.0, 0.0, 1014.0, 748.0]
[0.0, 32.0, 999.0, 781.0]
[16.0, 32.0, 1016.0, 782.0]
[0.0, 0.0, 1001.0, 751.0]
[0.0, 0.0, 1002.0, 752.0]
[16.0, 0.0, 1019.0, 752.0]
[0.0, 0.0, 1004.0, 753.0]
[16.0, 32.0, 1021.0, 786.0]
[0.0, 16.0, 1006.0, 770.0]
[0.0, 32.0, 1007.0, 787.0]
[0.0, 32.0, 1008.0, 788.0]
[0.0, 32.0, 1009.0, 789.0]
[0.0, 0.0, 1010.0, 758.0]
[0.0, 32.0, 1011.0, 790.0]
[0.0, 16.0, 1012.0, 775.0]
[0.0, 16.0, 1013.0, 776.0]
[0.0, 32.0, 1014.0, 792.0]
[0.0, 0.0, 1015.0, 761.0]
[0.0, 16.0, 1016.0, 778.0]
[0.0, 16.0, 1017.0, 779.0]
[0.0, 16.0, 1018.0, 780.0]
[0.0, 0.0, 1019.0, 764.0]
[0.0, 0.0, 1020.0, 765.0]
[0.0, 16.0, 1021.0, 782.0]
[0.0, 0.0, 1022.0, 766.0]
[0.0, 0.0, 1023.0, 767.0]
[0.0, 0.0, 1024.0, 768.0]
