[32.0, 80.0, 749.0, 618.0]
[16.0, 112.0, 734.0, 650.0]
[128.0, 144.0, 847.0, 683.0]
[16.0, 128.0, 736.0, 668.0]
[96.0, 96.0, 817.0, 637.0]
[16.0, 64.0, 738.0, 606.0]
[64.0, 96.0, 787.0, 638.0]
[64.0, 96.0, 788.0, 639.0]
[48.0, 112.0, 773.0, 656.0]
[16.0, 80.0, 742.0, 624.0]
[80.0, 112.0, 807.0, 657.0]
[32.0, 128.0, 760.0, 674.0]
[0.0, 80.0, 729.0, 627.0]
[64.0, 64.0, 794.0, 612.0]
[64.0, 96.0, 795.0, 644.0]
[80.0, 80.0, 812.0, 629.0]
[16.0, 128.0, 749.0, 678.0]
[80.0, 112.0, 814.0, 662.0]
[80.0, 112.0, 815.0, 663.0]
[48.0, 80.0, 784.0, 632.0]
[0.0, 96.0, 737.0, 649.0]
[80.0, 112.0, 818.0, 666.0]
[32.0, 48.0, 771.0, 602.0]
[32.0, 128.0, 772.0, 683.0]
[64.0, 64.0, 805.0, 620.0]
[32.0, 80.0, 774.0, 636.0]
[32.0, 96.0, 775.0, 653.0]
[80.0, 96.0, 824.0, 654.0]
[48.0, 112.0, 793.0, 671.0]
[16.0, 64.0, 762.0, 624.0]
[32.0, 80.0, 779.0, 640.0]
[48.0, 112.0, 796.0, 673.0]
[80.0, 96.0, 829.0, 658.0]
[16.0, 64.0, 766.0, 626.0]
[80.0, 96.0, 831.0, 659.0]
[32.0, 80.0, 784.0, 644.0]
[0.0, 96.0, 753.0, 661.0]
[16.0, 48.0, 770.0, 614.0]
[32.0, 80.0, 787.0, 646.0]
[16.0, 112.0, 772.0, 679.0]
[48.0, 112.0, 805.0, 680.0]
[64.0, 112.0, 822.0, 680.0]
[16.0, 80.0, 775.0, 649.0]
[0.0, 64.0, 760.0, 634.0]
[16.0, 112.0, 777.0, 683.0]
[32.0, 80.0, 794.0, 652.0]
[16.0, 48.0, 779.0, 620.0]
[64.0, 96.0, 828.0, 669.0]
[64.0, 64.0, 829.0, 638.0]
[16.0, 48.0, 782.0, 622.0]
[80.0, 80.0, 847.0, 655.0]
[16.0, 96.0, 784.0, 672.0]
[48.0, 96.0, 817.0, 673.0]
[32.0, 80.0, 802.0, 658.0]
[64.0, 96.0, 835.0, 674.0]
[32.0, 80.0, 804.0, 659.0]
[80.0, 80.0, 853.0, 660.0]
[16.0, 96.0, 790.0, 676.0]
[80.0, 96.0, 855.0, 677.0]
[48.0, 96.0, 824.0, 678.0]
[64.0, 96.0, 841.0, 679.0]
[0.0, 64.0, 778.0, 648.0]
[32.0, 64.0, 811.0, 648.0]
[0.0, 48.0, 780.0, 633.0]
[64.0, 96.0, 845.0, 682.0]
[32.0, 80.0, 814.0, 666.0]
[48.0, 48.0, 831.0, 635.0]
[48.0, 64.0, 832.0, 652.0]
[16.0, 64.0, 801.0, 653.0]
[48.0, 64.0, 834.0, 654.0]
[48.0, 64.0, 835.0, 654.0]
[16.0, 64.0, 804.0, 655.0]
[64.0, 80.0, 853.0, 672.0]
[32.0, 48.0, 822.0, 640.0]
[48.0, 64.0, 839.0, 657.0]
[0.0, 48.0, 792.0, 642.0]
[32.0, 80.0, 825.0, 675.0]
[64.0, 64.0, 858.0, 660.0]
[16.0, 80.0, 811.0, 676.0]
[0.0, 80.0, 796.0, 677.0]
[0.0, 48.0, 797.0, 646.0]
[32.0, 48.0, 830.0, 646.0]
[32.0, 64.0, 831.0, 663.0]
[0.0, 48.0, 800.0, 648.0]
[48.0, 48.0, 849.0, 649.0]
[48.0, 80.0, 850.0, 682.0]
[16.0, 80.0, 819.0, 682.0]
[32.0, 80.0, 836.0, 683.0]
[48.0, 64.0, 853.0, 668.0]
[16.0, 48.0, 822.0, 652.0]
[32.0, 48.0, 839.0, 653.0]
[48.0, 48.0, 856.0, 654.0]
[32.0, 48.0, 841.0, 655.0]
[32.0, 64.0, 842.0, 672.0]
[0.0, 48.0, 811.0, 656.0]
[32.0, 64.0, 844.0, 673.0]
[32.0, 48.0, 845.0, 658.0]
[0.0, 48.0, 814.0, 658.0]
[16.0, 64.0, 831.0, 675.0]
[32.0, 64.0, 848.0, 676.0]
