[208.0, 64.0, 925.0, 602.0]
[48.0, 112.0, 766.0, 650.0]
[208.0, 80.0, 927.0, 619.0]
[192.0, 64.0, 912.0, 604.0]
[48.0, 80.0, 769.0, 621.0]
[112.0, 16.0, 834.0, 558.0]
[160.0, 32.0, 883.0, 574.0]
[160.0, 112.0, 884.0, 655.0]
[32.0, 96.0, 757.0, 640.0]
[160.0, 48.0, 886.0, 592.0]
[96.0, 64.0, 823.0, 609.0]
[64.0, 48.0, 792.0, 594.0]
[160.0, 16.0, 889.0, 563.0]
[0.0, 48.0, 730.0, 596.0]
[176.0, 80.0, 907.0, 628.0]
[128.0, 64.0, 860.0, 613.0]
[80.0, 112.0, 813.0, 662.0]
[64.0, 80.0, 798.0, 630.0]
[96.0, 96.0, 831.0, 647.0]
[112.0, 16.0, 848.0, 568.0]
[160.0, 64.0, 897.0, 617.0]
[80.0, 112.0, 818.0, 666.0]
[32.0, 80.0, 771.0, 634.0]
[192.0, 96.0, 932.0, 651.0]
[128.0, 16.0, 869.0, 572.0]
[48.0, 112.0, 790.0, 668.0]
[176.0, 32.0, 919.0, 589.0]
[208.0, 80.0, 952.0, 638.0]
[96.0, 16.0, 841.0, 575.0]
[208.0, 64.0, 954.0, 624.0]
[96.0, 16.0, 843.0, 576.0]
[16.0, 64.0, 764.0, 625.0]
[96.0, 32.0, 845.0, 594.0]
[16.0, 48.0, 766.0, 610.0]
[80.0, 16.0, 831.0, 579.0]
[32.0, 96.0, 784.0, 660.0]
[176.0, 96.0, 929.0, 661.0]
[176.0, 32.0, 930.0, 598.0]
[64.0, 16.0, 819.0, 582.0]
[80.0, 96.0, 836.0, 663.0]
[128.0, 96.0, 885.0, 664.0]
[96.0, 96.0, 854.0, 664.0]
[192.0, 32.0, 951.0, 601.0]
[80.0, 32.0, 840.0, 602.0]
[32.0, 16.0, 793.0, 587.0]
[128.0, 0.0, 890.0, 572.0]
[0.0, 64.0, 763.0, 636.0]
[16.0, 64.0, 780.0, 637.0]
[96.0, 80.0, 861.0, 654.0]
[176.0, 48.0, 942.0, 622.0]
[0.0, 48.0, 767.0, 623.0]
[80.0, 96.0, 848.0, 672.0]
[48.0, 80.0, 817.0, 657.0]
[96.0, 64.0, 866.0, 642.0]
[64.0, 80.0, 835.0, 658.0]
[32.0, 80.0, 804.0, 659.0]
[64.0, 80.0, 837.0, 660.0]
[128.0, 80.0, 902.0, 660.0]
[80.0, 32.0, 855.0, 613.0]
[64.0, 96.0, 840.0, 678.0]
[160.0, 16.0, 937.0, 599.0]
[112.0, 96.0, 890.0, 680.0]
[32.0, 16.0, 811.0, 600.0]
[128.0, 96.0, 908.0, 681.0]
[128.0, 32.0, 909.0, 618.0]
[48.0, 96.0, 830.0, 682.0]
[48.0, 48.0, 831.0, 635.0]
[0.0, 0.0, 784.0, 588.0]
[128.0, 32.0, 913.0, 621.0]
[128.0, 16.0, 914.0, 606.0]
[160.0, 0.0, 947.0, 590.0]
[112.0, 0.0, 900.0, 591.0]
[80.0, 32.0, 869.0, 624.0]
[48.0, 64.0, 838.0, 656.0]
[160.0, 48.0, 951.0, 641.0]
[0.0, 64.0, 792.0, 658.0]
[16.0, 32.0, 809.0, 627.0]
[48.0, 32.0, 842.0, 628.0]
[96.0, 80.0, 891.0, 676.0]
[32.0, 32.0, 828.0, 629.0]
[16.0, 80.0, 813.0, 678.0]
[32.0, 0.0, 830.0, 598.0]
[80.0, 48.0, 879.0, 647.0]
[64.0, 64.0, 864.0, 664.0]
[0.0, 16.0, 801.0, 617.0]
[0.0, 16.0, 802.0, 618.0]
[96.0, 80.0, 899.0, 682.0]
[48.0, 0.0, 852.0, 603.0]
[144.0, 48.0, 949.0, 652.0]
[32.0, 0.0, 838.0, 604.0]
[128.0, 48.0, 935.0, 653.0]
[32.0, 32.0, 840.0, 638.0]
[80.0, 32.0, 889.0, 639.0]
[112.0, 32.0, 922.0, 640.0]
[128.0, 0.0, 939.0, 608.0]
[0.0, 16.0, 812.0, 625.0]
[16.0, 0.0, 829.0, 610.0]
[128.0, 0.0, 942.0, 610.0]
[16.0, 48.0, 831.0, 659.0]
[112.0, 64.0, 928.0, 676.0]
[32.0, 64.0, 849.0, 677.0]
[48.0, 32.0, 866.0, 646.0]
[32.0, 32.0, 851.0, 646.0]
[32.0, 0.0, 852.0, 615.0]
[80.0, 64.0, 901.0, 680.0]
[0.0, 16.0, 822.0, 632.0]
[32.0, 16.0, 855.0, 633.0]
[112.0, 0.0, 936.0, 618.0]
[80.0, 0.0, 905.0, 619.0]
[64.0, 0.0, 890.0, 620.0]
[16.0, 32.0, 843.0, 652.0]
[112.0, 48.0, 940.0, 669.0]
[64.0, 0.0, 893.0, 622.0]
[112.0, 0.0, 942.0, 622.0]
[48.0, 0.0, 879.0, 623.0]
[128.0, 16.0, 960.0, 640.0]
[32.0, 16.0, 865.0, 641.0]
[32.0, 32.0, 866.0, 658.0]
[64.0, 0.0, 899.0, 626.0]
[112.0, 32.0, 948.0, 659.0]
[64.0, 48.0, 901.0, 676.0]
[80.0, 0.0, 918.0, 628.0]
[112.0, 16.0, 951.0, 645.0]
[16.0, 32.0, 856.0, 662.0]
[32.0, 48.0, 873.0, 679.0]
[112.0, 16.0, 954.0, 648.0]
[112.0, 32.0, 955.0, 664.0]
[96.0, 16.0, 940.0, 649.0]
[80.0, 32.0, 925.0, 666.0]
[48.0, 32.0, 894.0, 666.0]
[64.0, 32.0, 911.0, 667.0]
[0.0, 16.0, 848.0, 652.0]
[16.0, 32.0, 865.0, 669.0]
[0.0, 16.0, 850.0, 654.0]
[80.0, 32.0, 931.0, 670.0]
[80.0, 0.0, 932.0, 639.0]
[64.0, 16.0, 917.0, 656.0]
[0.0, 0.0, 854.0, 640.0]
[0.0, 16.0, 855.0, 657.0]
[16.0, 0.0, 872.0, 642.0]
[96.0, 32.0, 953.0, 675.0]
[16.0, 16.0, 874.0, 660.0]
[0.0, 32.0, 859.0, 676.0]
[0.0, 16.0, 860.0, 661.0]
[80.0, 32.0, 941.0, 678.0]
[0.0, 32.0, 862.0, 678.0]
[96.0, 16.0, 959.0, 663.0]
[48.0, 0.0, 912.0, 648.0]
[0.0, 0.0, 865.0, 649.0]
[80.0, 0.0, 946.0, 650.0]
[16.0, 32.0, 883.0, 682.0]
[80.0, 0.0, 948.0, 651.0]
[32.0, 16.0, 901.0, 668.0]
[32.0, 0.0, 902.0, 652.0]
[64.0, 16.0, 935.0, 669.0]
[0.0, 16.0, 872.0, 670.0]
[0.0, 0.0, 873.0, 655.0]
[16.0, 0.0, 890.0, 656.0]
[0.0, 16.0, 875.0, 672.0]
[48.0, 0.0, 924.0, 657.0]
[48.0, 16.0, 925.0, 674.0]
[48.0, 16.0, 926.0, 674.0]
[32.0, 0.0, 911.0, 659.0]
[48.0, 16.0, 928.0, 676.0]
[64.0, 0.0, 945.0, 661.0]
[48.0, 16.0, 930.0, 678.0]
[16.0, 16.0, 899.0, 678.0]
[16.0, 16.0, 900.0, 679.0]
[16.0, 0.0, 901.0, 664.0]
[0.0, 0.0, 886.0, 664.0]
[64.0, 0.0, 951.0, 665.0]
[64.0, 0.0, 952.0, 666.0]
[48.0, 0.0, 937.0, 667.0]
[16.0, 0.0, 906.0, 668.0]
[64.0, 0.0, 955.0, 668.0]
[64.0, 0.0, 956.0, 669.0]
[16.0, 0.0, 909.0, 670.0]
[16.0, 0.0, 910.0, 670.0]
[0.0, 0.0, 895.0, 671.0]
[48.0, 0.0, 944.0, 672.0]
[48.0, 0.0, 945.0, 673.0]
[0.0, 0.0, 898.0, 674.0]
[48.0, 0.0, 947.0, 674.0]
[0.0, 0.0, 900.0, 675.0]
[32.0, 0.0, 933.0, 676.0]
[48.0, 0.0, 950.0, 676.0]
[0.0, 0.0, 903.0, 677.0]
[0.0, 0.0, 904.0, 678.0]
[0.0, 0.0, 905.0, 679.0]
[0.0, 0.0, 906.0, 680.0]
[16.0, 0.0, 923.0, 680.0]
[16.0, 0.0, 924.0, 681.0]
[32.0, 0.0, 941.0, 682.0]
[16.0, 0.0, 926.0, 682.0]
[0.0, 0.0, 911.0, 683.0]
