[32.0, 192.0, 749.0, 730.0]
[16.0, 176.0, 734.0, 714.0]
[144.0, 176.0, 863.0, 715.0]
[32.0, 224.0, 752.0, 764.0]
[64.0, 192.0, 785.0, 733.0]
[160.0, 144.0, 882.0, 686.0]
[176.0, 144.0, 899.0, 686.0]
[224.0, 176.0, 948.0, 719.0]
[160.0, 208.0, 885.0, 752.0]
[192.0, 160.0, 918.0, 704.0]
[48.0, 160.0, 775.0, 705.0]
[80.0, 208.0, 808.0, 754.0]
[32.0, 144.0, 761.0, 691.0]
[16.0, 208.0, 746.0, 756.0]
[96.0, 176.0, 827.0, 724.0]
[160.0, 192.0, 892.0, 741.0]
[16.0, 160.0, 749.0, 710.0]
[192.0, 160.0, 926.0, 710.0]
[144.0, 208.0, 879.0, 759.0]
[48.0, 192.0, 784.0, 744.0]
[32.0, 160.0, 769.0, 713.0]
[64.0, 192.0, 802.0, 746.0]
[192.0, 144.0, 931.0, 698.0]
[0.0, 176.0, 740.0, 731.0]
[112.0, 192.0, 853.0, 748.0]
[0.0, 160.0, 742.0, 716.0]
[64.0, 160.0, 807.0, 717.0]
[96.0, 128.0, 840.0, 686.0]
[64.0, 112.0, 809.0, 671.0]
[0.0, 192.0, 746.0, 752.0]
[32.0, 160.0, 779.0, 720.0]
[0.0, 192.0, 748.0, 753.0]
[128.0, 176.0, 877.0, 738.0]
[0.0, 192.0, 750.0, 754.0]
[0.0, 144.0, 751.0, 707.0]
[160.0, 128.0, 912.0, 692.0]
[32.0, 144.0, 785.0, 709.0]
[144.0, 176.0, 898.0, 742.0]
[160.0, 144.0, 915.0, 710.0]
[112.0, 176.0, 868.0, 743.0]
[32.0, 144.0, 789.0, 712.0]
[112.0, 144.0, 870.0, 712.0]
[96.0, 192.0, 855.0, 761.0]
[112.0, 144.0, 872.0, 714.0]
[32.0, 128.0, 793.0, 699.0]
[80.0, 128.0, 842.0, 700.0]
[160.0, 144.0, 923.0, 716.0]
[64.0, 144.0, 828.0, 717.0]
[128.0, 96.0, 893.0, 670.0]
[32.0, 192.0, 798.0, 766.0]
[16.0, 144.0, 783.0, 719.0]
[128.0, 96.0, 896.0, 672.0]
[224.0, 160.0, 993.0, 737.0]
[112.0, 176.0, 882.0, 754.0]
[160.0, 160.0, 931.0, 738.0]
[48.0, 128.0, 820.0, 707.0]
[16.0, 144.0, 789.0, 724.0]
[128.0, 112.0, 902.0, 692.0]
[48.0, 128.0, 823.0, 709.0]
[112.0, 80.0, 888.0, 662.0]
[144.0, 112.0, 921.0, 695.0]
[16.0, 144.0, 794.0, 728.0]
[112.0, 128.0, 891.0, 712.0]
[176.0, 128.0, 956.0, 713.0]
[80.0, 160.0, 861.0, 746.0]
[128.0, 176.0, 910.0, 762.0]
[32.0, 128.0, 815.0, 715.0]
[80.0, 96.0, 864.0, 684.0]
[80.0, 144.0, 865.0, 733.0]
[0.0, 128.0, 786.0, 718.0]
[48.0, 80.0, 835.0, 670.0]
[96.0, 176.0, 884.0, 767.0]
[64.0, 112.0, 853.0, 704.0]
[176.0, 144.0, 966.0, 736.0]
[96.0, 96.0, 887.0, 689.0]
[96.0, 96.0, 888.0, 690.0]
[48.0, 144.0, 841.0, 739.0]
[176.0, 128.0, 970.0, 724.0]
[80.0, 96.0, 875.0, 692.0]
[80.0, 160.0, 876.0, 757.0]
[0.0, 128.0, 797.0, 726.0]
[0.0, 112.0, 798.0, 710.0]
[48.0, 160.0, 847.0, 759.0]
[48.0, 64.0, 848.0, 664.0]
[64.0, 112.0, 865.0, 713.0]
[48.0, 144.0, 850.0, 746.0]
[96.0, 80.0, 899.0, 682.0]
[96.0, 144.0, 900.0, 747.0]
[16.0, 160.0, 821.0, 764.0]
[32.0, 64.0, 838.0, 668.0]
[48.0, 64.0, 855.0, 669.0]
[128.0, 144.0, 936.0, 750.0]
[48.0, 160.0, 857.0, 767.0]
[96.0, 96.0, 906.0, 704.0]
[32.0, 160.0, 843.0, 768.0]
[64.0, 64.0, 876.0, 673.0]
[64.0, 96.0, 877.0, 706.0]
[80.0, 80.0, 894.0, 690.0]
[80.0, 64.0, 895.0, 675.0]
[96.0, 96.0, 912.0, 708.0]
[144.0, 112.0, 961.0, 725.0]
[0.0, 96.0, 818.0, 710.0]
[80.0, 64.0, 899.0, 678.0]
[128.0, 128.0, 948.0, 743.0]
[64.0, 112.0, 885.0, 728.0]
[176.0, 128.0, 998.0, 744.0]
[16.0, 96.0, 839.0, 713.0]
[96.0, 144.0, 920.0, 762.0]
[112.0, 144.0, 937.0, 763.0]
[16.0, 112.0, 842.0, 732.0]
[128.0, 96.0, 955.0, 716.0]
[48.0, 144.0, 876.0, 765.0]
[0.0, 80.0, 829.0, 702.0]
[128.0, 144.0, 958.0, 766.0]
[32.0, 128.0, 863.0, 751.0]
[80.0, 128.0, 912.0, 752.0]
[96.0, 96.0, 929.0, 721.0]
[64.0, 128.0, 898.0, 754.0]
[160.0, 128.0, 995.0, 754.0]
[32.0, 112.0, 868.0, 739.0]
[16.0, 128.0, 853.0, 756.0]
[48.0, 64.0, 886.0, 692.0]
[32.0, 128.0, 871.0, 757.0]
[16.0, 64.0, 856.0, 694.0]
[160.0, 112.0, 1001.0, 743.0]
[16.0, 80.0, 858.0, 712.0]
[48.0, 64.0, 891.0, 696.0]
[16.0, 128.0, 860.0, 761.0]
[80.0, 96.0, 925.0, 730.0]
[64.0, 112.0, 910.0, 746.0]
[144.0, 112.0, 991.0, 747.0]
[48.0, 96.0, 896.0, 732.0]
[0.0, 128.0, 849.0, 765.0]
[144.0, 112.0, 994.0, 750.0]
[96.0, 112.0, 947.0, 750.0]
[128.0, 112.0, 980.0, 751.0]
[64.0, 64.0, 917.0, 704.0]
[0.0, 112.0, 854.0, 752.0]
[112.0, 96.0, 967.0, 737.0]
[112.0, 96.0, 968.0, 738.0]
[64.0, 80.0, 921.0, 723.0]
[80.0, 48.0, 938.0, 692.0]
[32.0, 64.0, 891.0, 708.0]
[80.0, 80.0, 940.0, 725.0]
[0.0, 80.0, 861.0, 726.0]
[0.0, 64.0, 862.0, 710.0]
[16.0, 64.0, 879.0, 711.0]
[64.0, 80.0, 928.0, 728.0]
[80.0, 80.0, 945.0, 729.0]
[48.0, 32.0, 914.0, 682.0]
[0.0, 64.0, 867.0, 714.0]
[80.0, 64.0, 948.0, 715.0]
[128.0, 96.0, 997.0, 748.0]
[0.0, 64.0, 870.0, 716.0]
[80.0, 96.0, 951.0, 749.0]
[80.0, 64.0, 952.0, 718.0]
[16.0, 32.0, 889.0, 687.0]
[64.0, 32.0, 938.0, 688.0]
[48.0, 112.0, 923.0, 768.0]
[112.0, 80.0, 988.0, 737.0]
[48.0, 96.0, 925.0, 754.0]
[48.0, 80.0, 926.0, 738.0]
[48.0, 80.0, 927.0, 739.0]
[16.0, 96.0, 896.0, 756.0]
[32.0, 32.0, 913.0, 693.0]
[64.0, 48.0, 946.0, 710.0]
[112.0, 80.0, 995.0, 742.0]
[80.0, 80.0, 964.0, 743.0]
[32.0, 96.0, 917.0, 760.0]
[0.0, 80.0, 886.0, 744.0]
[0.0, 48.0, 887.0, 713.0]
[64.0, 80.0, 952.0, 746.0]
[48.0, 64.0, 937.0, 731.0]
[0.0, 96.0, 890.0, 764.0]
[80.0, 96.0, 971.0, 764.0]
[96.0, 64.0, 988.0, 733.0]
[16.0, 64.0, 909.0, 734.0]
[48.0, 80.0, 942.0, 750.0]
[112.0, 80.0, 1007.0, 751.0]
[32.0, 80.0, 928.0, 752.0]
[64.0, 48.0, 961.0, 721.0]
[32.0, 64.0, 930.0, 738.0]
[32.0, 32.0, 931.0, 706.0]
[80.0, 64.0, 980.0, 739.0]
[32.0, 64.0, 933.0, 740.0]
[48.0, 48.0, 950.0, 724.0]
[64.0, 48.0, 967.0, 725.0]
[48.0, 48.0, 952.0, 726.0]
[0.0, 32.0, 905.0, 711.0]
[48.0, 32.0, 954.0, 712.0]
[48.0, 64.0, 955.0, 744.0]
[0.0, 80.0, 908.0, 761.0]
[80.0, 80.0, 989.0, 762.0]
[0.0, 48.0, 910.0, 730.0]
[32.0, 32.0, 943.0, 715.0]
[16.0, 48.0, 928.0, 732.0]
[48.0, 48.0, 961.0, 733.0]
[96.0, 64.0, 1010.0, 750.0]
[64.0, 32.0, 979.0, 718.0]
[32.0, 32.0, 948.0, 719.0]
[0.0, 64.0, 917.0, 752.0]
[64.0, 32.0, 982.0, 720.0]
[32.0, 48.0, 951.0, 737.0]
[0.0, 32.0, 920.0, 722.0]
[16.0, 32.0, 937.0, 723.0]
[0.0, 64.0, 922.0, 756.0]
[32.0, 32.0, 955.0, 724.0]
[32.0, 32.0, 956.0, 725.0]
[64.0, 32.0, 989.0, 726.0]
[64.0, 48.0, 990.0, 742.0]
[32.0, 16.0, 959.0, 711.0]
[32.0, 64.0, 960.0, 760.0]
[32.0, 16.0, 961.0, 713.0]
[16.0, 16.0, 946.0, 714.0]
[16.0, 64.0, 947.0, 762.0]
[0.0, 16.0, 932.0, 715.0]
[16.0, 32.0, 949.0, 732.0]
[64.0, 64.0, 998.0, 764.0]
[64.0, 32.0, 999.0, 733.0]
[32.0, 16.0, 968.0, 718.0]
[32.0, 16.0, 969.0, 719.0]
[16.0, 48.0, 954.0, 752.0]
[48.0, 16.0, 987.0, 720.0]
[64.0, 48.0, 1004.0, 753.0]
[0.0, 48.0, 941.0, 754.0]
[32.0, 16.0, 974.0, 722.0]
[48.0, 16.0, 991.0, 723.0]
[16.0, 48.0, 960.0, 756.0]
[16.0, 16.0, 961.0, 725.0]
[0.0, 48.0, 946.0, 758.0]
[48.0, 16.0, 995.0, 726.0]
[16.0, 32.0, 964.0, 743.0]
[48.0, 16.0, 997.0, 728.0]
[48.0, 48.0, 998.0, 760.0]
[48.0, 48.0, 999.0, 761.0]
[32.0, 32.0, 984.0, 746.0]
[0.0, 48.0, 953.0, 763.0]
[48.0, 48.0, 1002.0, 764.0]
[0.0, 32.0, 955.0, 748.0]
[0.0, 16.0, 956.0, 733.0]
[32.0, 32.0, 989.0, 750.0]
[48.0, 16.0, 1006.0, 734.0]
[48.0, 16.0, 1007.0, 735.0]
[0.0, 32.0, 960.0, 752.0]
[32.0, 32.0, 993.0, 753.0]
[0.0, 32.0, 962.0, 754.0]
[16.0, 32.0, 979.0, 754.0]
[32.0, 16.0, 996.0, 739.0]
[0.0, 16.0, 965.0, 740.0]
[0.0, 32.0, 966.0, 756.0]
[32.0, 32.0, 999.0, 757.0]
