[144.0, 64.0, 861.0, 602.0]
[176.0, 48.0, 894.0, 586.0]
[96.0, 80.0, 815.0, 619.0]
[112.0, 96.0, 832.0, 636.0]
[64.0, 96.0, 785.0, 637.0]
[176.0, 64.0, 898.0, 606.0]
[128.0, 48.0, 851.0, 590.0]
[80.0, 96.0, 804.0, 639.0]
[160.0, 32.0, 885.0, 576.0]
[32.0, 64.0, 758.0, 608.0]
[96.0, 16.0, 823.0, 561.0]
[48.0, 64.0, 776.0, 610.0]
[112.0, 16.0, 841.0, 563.0]
[192.0, 32.0, 922.0, 580.0]
[48.0, 32.0, 779.0, 580.0]
[128.0, 112.0, 860.0, 661.0]
[112.0, 80.0, 845.0, 630.0]
[16.0, 96.0, 750.0, 646.0]
[160.0, 64.0, 895.0, 615.0]
[176.0, 80.0, 912.0, 632.0]
[64.0, 16.0, 801.0, 569.0]
[176.0, 32.0, 914.0, 586.0]
[128.0, 16.0, 867.0, 570.0]
[48.0, 128.0, 788.0, 683.0]
[176.0, 112.0, 917.0, 668.0]
[176.0, 16.0, 918.0, 572.0]
[160.0, 48.0, 903.0, 605.0]
[48.0, 96.0, 792.0, 654.0]
[176.0, 32.0, 921.0, 591.0]
[128.0, 48.0, 874.0, 608.0]
[64.0, 0.0, 811.0, 560.0]
[112.0, 0.0, 860.0, 561.0]
[112.0, 64.0, 861.0, 626.0]
[16.0, 48.0, 766.0, 610.0]
[80.0, 80.0, 831.0, 643.0]
[80.0, 96.0, 832.0, 660.0]
[80.0, 80.0, 833.0, 645.0]
[48.0, 64.0, 802.0, 630.0]
[176.0, 48.0, 931.0, 614.0]
[32.0, 32.0, 788.0, 599.0]
[112.0, 80.0, 869.0, 648.0]
[64.0, 112.0, 822.0, 680.0]
[96.0, 48.0, 855.0, 617.0]
[144.0, 32.0, 904.0, 602.0]
[128.0, 64.0, 889.0, 635.0]
[128.0, 48.0, 890.0, 620.0]
[176.0, 96.0, 939.0, 668.0]
[96.0, 96.0, 860.0, 669.0]
[176.0, 64.0, 941.0, 638.0]
[16.0, 64.0, 782.0, 638.0]
[64.0, 80.0, 831.0, 655.0]
[48.0, 16.0, 816.0, 592.0]
[32.0, 0.0, 801.0, 577.0]
[32.0, 32.0, 802.0, 610.0]
[192.0, 64.0, 963.0, 642.0]
[16.0, 80.0, 788.0, 659.0]
[96.0, 0.0, 869.0, 580.0]
[96.0, 16.0, 870.0, 596.0]
[64.0, 32.0, 839.0, 613.0]
[32.0, 64.0, 808.0, 646.0]
[48.0, 16.0, 825.0, 599.0]
[64.0, 48.0, 842.0, 632.0]
[192.0, 32.0, 971.0, 616.0]
[64.0, 80.0, 844.0, 665.0]
[112.0, 96.0, 893.0, 682.0]
[144.0, 16.0, 926.0, 602.0]
[160.0, 0.0, 943.0, 587.0]
[0.0, 0.0, 784.0, 588.0]
[32.0, 48.0, 817.0, 637.0]
[112.0, 64.0, 898.0, 654.0]
[80.0, 80.0, 867.0, 670.0]
[16.0, 0.0, 804.0, 591.0]
[48.0, 48.0, 837.0, 640.0]
[96.0, 64.0, 886.0, 656.0]
[48.0, 64.0, 839.0, 657.0]
[48.0, 64.0, 840.0, 658.0]
[16.0, 0.0, 809.0, 595.0]
[32.0, 80.0, 826.0, 676.0]
[32.0, 16.0, 827.0, 612.0]
[0.0, 48.0, 796.0, 645.0]
[0.0, 80.0, 797.0, 678.0]
[64.0, 80.0, 862.0, 678.0]
[48.0, 16.0, 847.0, 615.0]
[32.0, 0.0, 832.0, 600.0]
[192.0, 48.0, 993.0, 649.0]
[0.0, 80.0, 802.0, 682.0]
[112.0, 80.0, 915.0, 682.0]
[32.0, 48.0, 836.0, 651.0]
[144.0, 64.0, 949.0, 668.0]
[144.0, 16.0, 950.0, 620.0]
[192.0, 32.0, 999.0, 637.0]
[48.0, 16.0, 856.0, 622.0]
[48.0, 48.0, 857.0, 655.0]
[144.0, 32.0, 954.0, 640.0]
[16.0, 32.0, 827.0, 640.0]
[144.0, 0.0, 956.0, 609.0]
[0.0, 32.0, 813.0, 642.0]
[144.0, 16.0, 958.0, 626.0]
[32.0, 16.0, 847.0, 627.0]
[48.0, 32.0, 864.0, 644.0]
[0.0, 16.0, 817.0, 629.0]
[64.0, 0.0, 882.0, 614.0]
[192.0, 32.0, 1011.0, 646.0]
[48.0, 64.0, 868.0, 679.0]
[128.0, 0.0, 949.0, 616.0]
[80.0, 64.0, 902.0, 680.0]
[64.0, 64.0, 887.0, 681.0]
[160.0, 48.0, 984.0, 666.0]
[0.0, 64.0, 825.0, 683.0]
[48.0, 16.0, 874.0, 636.0]
[160.0, 32.0, 987.0, 652.0]
[64.0, 32.0, 892.0, 653.0]
[128.0, 16.0, 957.0, 638.0]
[32.0, 0.0, 862.0, 622.0]
[80.0, 0.0, 911.0, 623.0]
[0.0, 32.0, 832.0, 656.0]
[80.0, 32.0, 913.0, 657.0]
[144.0, 32.0, 978.0, 658.0]
[16.0, 32.0, 851.0, 658.0]
[112.0, 16.0, 948.0, 643.0]
[0.0, 32.0, 837.0, 660.0]
[112.0, 48.0, 950.0, 676.0]
[64.0, 48.0, 903.0, 677.0]
[96.0, 0.0, 936.0, 630.0]
[160.0, 48.0, 1001.0, 679.0]
[16.0, 48.0, 858.0, 680.0]
[32.0, 32.0, 875.0, 664.0]
[112.0, 16.0, 956.0, 649.0]
[32.0, 32.0, 877.0, 666.0]
[144.0, 32.0, 990.0, 666.0]
[160.0, 32.0, 1007.0, 667.0]
[0.0, 32.0, 848.0, 668.0]
[0.0, 16.0, 849.0, 653.0]
[0.0, 32.0, 850.0, 670.0]
[16.0, 16.0, 867.0, 654.0]
[48.0, 0.0, 900.0, 639.0]
[16.0, 32.0, 869.0, 672.0]
[96.0, 32.0, 950.0, 672.0]
[48.0, 32.0, 903.0, 673.0]
[16.0, 32.0, 872.0, 674.0]
[96.0, 16.0, 953.0, 659.0]
[64.0, 32.0, 922.0, 676.0]
[80.0, 32.0, 939.0, 676.0]
[64.0, 16.0, 924.0, 661.0]
[32.0, 16.0, 893.0, 662.0]
[144.0, 32.0, 1006.0, 678.0]
[96.0, 0.0, 959.0, 647.0]
[32.0, 0.0, 896.0, 648.0]
[80.0, 16.0, 945.0, 665.0]
[64.0, 0.0, 930.0, 650.0]
[128.0, 16.0, 995.0, 666.0]
[80.0, 0.0, 948.0, 651.0]
[0.0, 16.0, 869.0, 668.0]
[112.0, 0.0, 982.0, 652.0]
[32.0, 0.0, 903.0, 653.0]
[32.0, 0.0, 904.0, 654.0]
[80.0, 0.0, 953.0, 655.0]
[16.0, 0.0, 890.0, 656.0]
[128.0, 0.0, 1003.0, 656.0]
[128.0, 0.0, 1004.0, 657.0]
[112.0, 16.0, 989.0, 674.0]
[96.0, 0.0, 974.0, 658.0]
[48.0, 0.0, 927.0, 659.0]
[48.0, 16.0, 928.0, 676.0]
[0.0, 16.0, 881.0, 677.0]
[16.0, 0.0, 898.0, 662.0]
[32.0, 16.0, 915.0, 678.0]
[128.0, 16.0, 1012.0, 679.0]
[112.0, 16.0, 997.0, 680.0]
[128.0, 16.0, 1014.0, 680.0]
[112.0, 0.0, 999.0, 665.0]
[16.0, 0.0, 904.0, 666.0]
[112.0, 16.0, 1001.0, 683.0]
[32.0, 0.0, 922.0, 668.0]
[64.0, 0.0, 955.0, 668.0]
[64.0, 0.0, 956.0, 669.0]
[32.0, 0.0, 925.0, 670.0]
[48.0, 0.0, 942.0, 670.0]
[64.0, 0.0, 959.0, 671.0]
[16.0, 0.0, 912.0, 672.0]
[64.0, 0.0, 961.0, 673.0]
[0.0, 0.0, 898.0, 674.0]
[0.0, 0.0, 899.0, 674.0]
[80.0, 0.0, 980.0, 675.0]
[64.0, 0.0, 965.0, 676.0]
[64.0, 0.0, 966.0, 676.0]
[32.0, 0.0, 935.0, 677.0]
[0.0, 0.0, 904.0, 678.0]
[64.0, 0.0, 969.0, 679.0]
[112.0, 0.0, 1018.0, 680.0]
[48.0, 0.0, 955.0, 680.0]
[32.0, 0.0, 940.0, 681.0]
[32.0, 0.0, 941.0, 682.0]
[96.0, 0.0, 1006.0, 682.0]
[64.0, 0.0, 975.0, 683.0]
