[208.0, 144.0, 925.0, 682.0]
[80.0, 128.0, 798.0, 666.0]
[112.0, 144.0, 831.0, 683.0]
[272.0, 128.0, 992.0, 668.0]
[96.0, 128.0, 817.0, 669.0]
[112.0, 112.0, 834.0, 654.0]
[96.0, 128.0, 819.0, 670.0]
[144.0, 112.0, 868.0, 655.0]
[128.0, 112.0, 853.0, 656.0]
[160.0, 112.0, 886.0, 656.0]
[176.0, 96.0, 903.0, 641.0]
[144.0, 96.0, 872.0, 642.0]
[240.0, 96.0, 969.0, 643.0]
[96.0, 96.0, 826.0, 644.0]
[160.0, 112.0, 891.0, 660.0]
[112.0, 128.0, 844.0, 677.0]
[176.0, 128.0, 909.0, 678.0]
[192.0, 112.0, 926.0, 662.0]
[80.0, 112.0, 815.0, 663.0]
[208.0, 96.0, 944.0, 648.0]
[128.0, 128.0, 865.0, 681.0]
[240.0, 96.0, 978.0, 650.0]
[192.0, 128.0, 931.0, 682.0]
[128.0, 128.0, 868.0, 683.0]
[32.0, 112.0, 773.0, 668.0]
[128.0, 112.0, 870.0, 668.0]
[256.0, 112.0, 999.0, 669.0]
[80.0, 112.0, 824.0, 670.0]
[224.0, 112.0, 969.0, 671.0]
[96.0, 80.0, 842.0, 640.0]
[48.0, 80.0, 795.0, 640.0]
[80.0, 80.0, 828.0, 641.0]
[176.0, 96.0, 925.0, 658.0]
[240.0, 112.0, 990.0, 674.0]
[208.0, 96.0, 959.0, 659.0]
[48.0, 112.0, 800.0, 676.0]
[208.0, 96.0, 961.0, 661.0]
[160.0, 112.0, 914.0, 678.0]
[176.0, 112.0, 931.0, 678.0]
[48.0, 80.0, 804.0, 647.0]
[160.0, 112.0, 917.0, 680.0]
[128.0, 112.0, 886.0, 680.0]
[240.0, 96.0, 999.0, 665.0]
[176.0, 80.0, 936.0, 650.0]
[176.0, 96.0, 937.0, 667.0]
[144.0, 80.0, 906.0, 652.0]
[32.0, 80.0, 795.0, 652.0]
[208.0, 96.0, 972.0, 669.0]
[48.0, 80.0, 813.0, 654.0]
[224.0, 96.0, 990.0, 670.0]
[160.0, 64.0, 927.0, 639.0]
[80.0, 96.0, 848.0, 672.0]
[160.0, 96.0, 929.0, 673.0]
[80.0, 96.0, 850.0, 674.0]
[208.0, 80.0, 979.0, 658.0]
[64.0, 80.0, 836.0, 659.0]
[112.0, 96.0, 885.0, 676.0]
[208.0, 64.0, 982.0, 644.0]
[192.0, 80.0, 967.0, 661.0]
[16.0, 80.0, 792.0, 662.0]
[224.0, 96.0, 1001.0, 679.0]
[192.0, 64.0, 970.0, 648.0]
[112.0, 80.0, 891.0, 664.0]
[96.0, 96.0, 876.0, 681.0]
[80.0, 64.0, 861.0, 650.0]
[96.0, 64.0, 878.0, 650.0]
[80.0, 96.0, 863.0, 683.0]
[176.0, 64.0, 960.0, 652.0]
[96.0, 64.0, 881.0, 653.0]
[144.0, 48.0, 930.0, 638.0]
[96.0, 48.0, 883.0, 638.0]
[160.0, 80.0, 948.0, 671.0]
[176.0, 48.0, 965.0, 640.0]
[160.0, 64.0, 950.0, 656.0]
[192.0, 48.0, 983.0, 641.0]
[48.0, 80.0, 840.0, 674.0]
[160.0, 64.0, 953.0, 659.0]
[64.0, 48.0, 858.0, 644.0]
[16.0, 64.0, 811.0, 660.0]
[192.0, 48.0, 988.0, 645.0]
[160.0, 64.0, 957.0, 662.0]
[96.0, 48.0, 894.0, 646.0]
[192.0, 48.0, 991.0, 647.0]
[192.0, 80.0, 992.0, 680.0]
[64.0, 64.0, 865.0, 665.0]
[112.0, 80.0, 914.0, 682.0]
[48.0, 64.0, 851.0, 666.0]
[64.0, 48.0, 868.0, 651.0]
[48.0, 48.0, 853.0, 652.0]
[112.0, 48.0, 918.0, 652.0]
[176.0, 48.0, 983.0, 653.0]
[176.0, 48.0, 984.0, 654.0]
[128.0, 32.0, 937.0, 639.0]
[160.0, 64.0, 970.0, 672.0]
[80.0, 32.0, 891.0, 640.0]
[144.0, 64.0, 956.0, 673.0]
[64.0, 64.0, 877.0, 674.0]
[144.0, 48.0, 958.0, 658.0]
[128.0, 48.0, 943.0, 659.0]
[64.0, 48.0, 880.0, 660.0]
[112.0, 64.0, 929.0, 677.0]
[80.0, 64.0, 898.0, 678.0]
[96.0, 32.0, 915.0, 646.0]
[32.0, 48.0, 852.0, 663.0]
[144.0, 64.0, 965.0, 680.0]
[128.0, 64.0, 950.0, 680.0]
[112.0, 48.0, 935.0, 665.0]
[160.0, 48.0, 984.0, 666.0]
[64.0, 64.0, 889.0, 683.0]
[176.0, 48.0, 1002.0, 668.0]
[32.0, 32.0, 859.0, 652.0]
[48.0, 48.0, 876.0, 669.0]
[144.0, 16.0, 973.0, 638.0]
[128.0, 32.0, 958.0, 654.0]
[32.0, 48.0, 863.0, 671.0]
[144.0, 48.0, 976.0, 672.0]
[80.0, 32.0, 913.0, 657.0]
[64.0, 16.0, 898.0, 642.0]
[80.0, 16.0, 915.0, 642.0]
[128.0, 32.0, 964.0, 659.0]
[128.0, 48.0, 965.0, 676.0]
[32.0, 48.0, 870.0, 676.0]
[112.0, 48.0, 951.0, 677.0]
[112.0, 48.0, 952.0, 678.0]
[16.0, 48.0, 857.0, 679.0]
[64.0, 32.0, 906.0, 664.0]
[160.0, 32.0, 1003.0, 664.0]
[128.0, 16.0, 972.0, 649.0]
[112.0, 32.0, 957.0, 666.0]
[96.0, 16.0, 942.0, 650.0]
[64.0, 48.0, 911.0, 683.0]
[96.0, 32.0, 944.0, 668.0]
[80.0, 16.0, 929.0, 653.0]
[80.0, 32.0, 930.0, 670.0]
[128.0, 0.0, 979.0, 638.0]
[16.0, 16.0, 868.0, 655.0]
[80.0, 0.0, 933.0, 640.0]
[128.0, 16.0, 982.0, 656.0]
[16.0, 16.0, 871.0, 657.0]
[128.0, 16.0, 984.0, 658.0]
[96.0, 16.0, 953.0, 659.0]
[64.0, 0.0, 922.0, 644.0]
[32.0, 32.0, 891.0, 676.0]
[16.0, 16.0, 876.0, 661.0]
[112.0, 0.0, 973.0, 646.0]
[80.0, 0.0, 942.0, 646.0]
[112.0, 0.0, 975.0, 647.0]
[16.0, 32.0, 880.0, 680.0]
[144.0, 32.0, 1009.0, 681.0]
[112.0, 32.0, 978.0, 682.0]
[112.0, 32.0, 979.0, 682.0]
[80.0, 32.0, 948.0, 683.0]
[128.0, 0.0, 997.0, 652.0]
[64.0, 16.0, 934.0, 668.0]
[96.0, 0.0, 967.0, 653.0]
[96.0, 0.0, 968.0, 654.0]
[32.0, 16.0, 905.0, 671.0]
[96.0, 16.0, 970.0, 672.0]
[32.0, 16.0, 907.0, 672.0]
[48.0, 0.0, 924.0, 657.0]
[128.0, 0.0, 1005.0, 658.0]
[48.0, 0.0, 926.0, 658.0]
[128.0, 16.0, 1007.0, 675.0]
[112.0, 0.0, 992.0, 660.0]
[16.0, 0.0, 897.0, 661.0]
[96.0, 16.0, 978.0, 678.0]
[16.0, 0.0, 899.0, 662.0]
[96.0, 16.0, 980.0, 679.0]
[112.0, 0.0, 997.0, 664.0]
[16.0, 0.0, 902.0, 664.0]
[80.0, 16.0, 967.0, 681.0]
[64.0, 16.0, 952.0, 682.0]
[112.0, 16.0, 1001.0, 683.0]
[96.0, 0.0, 986.0, 668.0]
[16.0, 0.0, 907.0, 668.0]
[32.0, 0.0, 924.0, 669.0]
[64.0, 0.0, 957.0, 670.0]
[80.0, 0.0, 974.0, 670.0]
[64.0, 0.0, 959.0, 671.0]
[64.0, 0.0, 960.0, 672.0]
[48.0, 0.0, 945.0, 673.0]
[48.0, 0.0, 946.0, 674.0]
[32.0, 0.0, 931.0, 674.0]
[64.0, 0.0, 964.0, 675.0]
[32.0, 0.0, 933.0, 676.0]
[32.0, 0.0, 934.0, 676.0]
[32.0, 0.0, 935.0, 677.0]
[80.0, 0.0, 984.0, 678.0]
[32.0, 0.0, 937.0, 679.0]
[96.0, 0.0, 1002.0, 680.0]
[48.0, 0.0, 955.0, 680.0]
[80.0, 0.0, 988.0, 681.0]
[48.0, 0.0, 957.0, 682.0]
[96.0, 0.0, 1006.0, 682.0]
[32.0, 0.0, 943.0, 683.0]
