[272.0, 128.0, 989.0, 666.0]
[208.0, 64.0, 926.0, 602.0]
[176.0, 112.0, 895.0, 651.0]
[208.0, 96.0, 928.0, 636.0]
[240.0, 96.0, 961.0, 637.0]
[240.0, 48.0, 962.0, 590.0]
[176.0, 80.0, 899.0, 622.0]
[240.0, 128.0, 964.0, 671.0]
[256.0, 96.0, 981.0, 640.0]
[240.0, 96.0, 966.0, 640.0]
[272.0, 80.0, 999.0, 625.0]
[272.0, 96.0, 1000.0, 642.0]
[240.0, 16.0, 969.0, 563.0]
[224.0, 96.0, 954.0, 644.0]
[192.0, 128.0, 923.0, 676.0]
[256.0, 48.0, 988.0, 597.0]
[192.0, 64.0, 925.0, 614.0]
[208.0, 128.0, 942.0, 678.0]
[256.0, 48.0, 991.0, 599.0]
[208.0, 112.0, 944.0, 664.0]
[256.0, 80.0, 993.0, 633.0]
[240.0, 112.0, 978.0, 666.0]
[176.0, 80.0, 915.0, 634.0]
[240.0, 48.0, 980.0, 603.0]
[208.0, 32.0, 949.0, 588.0]
[272.0, 32.0, 1014.0, 588.0]
[256.0, 32.0, 999.0, 589.0]
[272.0, 112.0, 1016.0, 670.0]
[240.0, 48.0, 985.0, 607.0]
[192.0, 32.0, 938.0, 592.0]
[192.0, 32.0, 939.0, 592.0]
[256.0, 96.0, 1004.0, 657.0]
[208.0, 64.0, 957.0, 626.0]
[192.0, 64.0, 942.0, 626.0]
[176.0, 64.0, 927.0, 627.0]
[176.0, 96.0, 928.0, 660.0]
[240.0, 16.0, 993.0, 581.0]
[192.0, 32.0, 946.0, 598.0]
[192.0, 64.0, 947.0, 630.0]
[256.0, 32.0, 1012.0, 599.0]
[224.0, 48.0, 981.0, 616.0]
[192.0, 16.0, 950.0, 584.0]
[208.0, 32.0, 967.0, 601.0]
[208.0, 64.0, 968.0, 634.0]
[256.0, 80.0, 1017.0, 651.0]
[256.0, 32.0, 1018.0, 604.0]
[240.0, 96.0, 1003.0, 668.0]
[240.0, 32.0, 1004.0, 605.0]
[224.0, 32.0, 989.0, 606.0]
[256.0, 64.0, 1022.0, 638.0]
[256.0, 96.0, 1023.0, 671.0]
[240.0, 16.0, 1008.0, 592.0]
[224.0, 96.0, 993.0, 673.0]
[192.0, 48.0, 962.0, 626.0]
[176.0, 16.0, 947.0, 594.0]
[224.0, 64.0, 996.0, 643.0]
[192.0, 80.0, 965.0, 660.0]
[192.0, 16.0, 966.0, 596.0]
[176.0, 96.0, 951.0, 677.0]
[192.0, 96.0, 968.0, 678.0]
[192.0, 80.0, 969.0, 663.0]
[208.0, 16.0, 986.0, 600.0]
[240.0, 64.0, 1019.0, 648.0]
[240.0, 48.0, 1020.0, 633.0]
[208.0, 64.0, 989.0, 650.0]
[240.0, 32.0, 1022.0, 618.0]
[192.0, 16.0, 975.0, 603.0]
[224.0, 0.0, 1008.0, 588.0]
[208.0, 16.0, 993.0, 605.0]
[192.0, 32.0, 978.0, 622.0]
[208.0, 0.0, 995.0, 590.0]
[224.0, 32.0, 1012.0, 623.0]
[176.0, 16.0, 965.0, 608.0]
[176.0, 0.0, 966.0, 592.0]
[208.0, 48.0, 999.0, 641.0]
[224.0, 48.0, 1016.0, 642.0]
[176.0, 16.0, 969.0, 611.0]
[224.0, 64.0, 1018.0, 660.0]
[192.0, 48.0, 987.0, 644.0]
[208.0, 80.0, 1004.0, 677.0]
[208.0, 64.0, 1005.0, 662.0]
[224.0, 0.0, 1022.0, 598.0]
[176.0, 64.0, 975.0, 663.0]
[208.0, 48.0, 1008.0, 648.0]
[192.0, 64.0, 993.0, 665.0]
[176.0, 16.0, 978.0, 618.0]
[208.0, 0.0, 1011.0, 602.0]
[176.0, 48.0, 980.0, 651.0]
[176.0, 16.0, 981.0, 620.0]
[192.0, 64.0, 998.0, 668.0]
[176.0, 32.0, 983.0, 637.0]
[192.0, 32.0, 1000.0, 638.0]
[192.0, 64.0, 1001.0, 671.0]
[176.0, 16.0, 986.0, 624.0]
[208.0, 32.0, 1019.0, 640.0]
[176.0, 16.0, 988.0, 625.0]
