[96.0, 176.0, 634.0, 893.0]
[80.0, 304.0, 618.0, 1022.0]
[128.0, 240.0, 667.0, 959.0]
[64.0, 256.0, 604.0, 976.0]
[96.0, 240.0, 637.0, 961.0]
[32.0, 288.0, 574.0, 1010.0]
[112.0, 256.0, 654.0, 979.0]
[0.0, 272.0, 543.0, 996.0]
[80.0, 224.0, 624.0, 949.0]
[32.0, 208.0, 576.0, 934.0]
[0.0, 192.0, 545.0, 919.0]
[96.0, 176.0, 642.0, 904.0]
[64.0, 192.0, 611.0, 921.0]
[64.0, 208.0, 612.0, 938.0]
[48.0, 224.0, 596.0, 955.0]
[80.0, 256.0, 629.0, 988.0]
[48.0, 176.0, 598.0, 909.0]
[64.0, 160.0, 614.0, 894.0]
[128.0, 224.0, 679.0, 959.0]
[112.0, 208.0, 664.0, 944.0]
[48.0, 192.0, 601.0, 929.0]
[64.0, 160.0, 618.0, 898.0]
[0.0, 272.0, 554.0, 1011.0]
[16.0, 256.0, 571.0, 996.0]
[48.0, 160.0, 604.0, 901.0]
[112.0, 256.0, 668.0, 998.0]
[0.0, 192.0, 557.0, 935.0]
[64.0, 208.0, 622.0, 952.0]
[80.0, 128.0, 639.0, 873.0]
[64.0, 240.0, 624.0, 986.0]
[80.0, 272.0, 640.0, 1019.0]
[32.0, 272.0, 593.0, 1020.0]
[112.0, 224.0, 674.0, 973.0]
[96.0, 240.0, 658.0, 990.0]
[80.0, 224.0, 643.0, 975.0]
[48.0, 272.0, 612.0, 1024.0]
[80.0, 176.0, 645.0, 929.0]
[48.0, 144.0, 614.0, 898.0]
[144.0, 224.0, 710.0, 979.0]
[80.0, 176.0, 647.0, 932.0]
[16.0, 240.0, 584.0, 997.0]
[32.0, 192.0, 600.0, 950.0]
[64.0, 224.0, 633.0, 983.0]
[0.0, 240.0, 570.0, 1000.0]
[64.0, 256.0, 635.0, 1017.0]
[64.0, 128.0, 636.0, 890.0]
[128.0, 192.0, 700.0, 955.0]
[96.0, 240.0, 669.0, 1004.0]
[96.0, 144.0, 670.0, 909.0]
[64.0, 208.0, 638.0, 974.0]
[112.0, 192.0, 687.0, 959.0]
[32.0, 160.0, 608.0, 928.0]
[96.0, 224.0, 673.0, 993.0]
[96.0, 192.0, 674.0, 962.0]
[48.0, 112.0, 626.0, 883.0]
[80.0, 224.0, 659.0, 996.0]
[32.0, 192.0, 612.0, 965.0]
[112.0, 208.0, 692.0, 982.0]
[80.0, 176.0, 661.0, 951.0]
[16.0, 144.0, 598.0, 920.0]
[0.0, 224.0, 583.0, 1001.0]
[16.0, 208.0, 600.0, 986.0]
[32.0, 128.0, 616.0, 907.0]
[80.0, 160.0, 665.0, 940.0]
[0.0, 208.0, 586.0, 989.0]
[48.0, 176.0, 634.0, 958.0]
[32.0, 144.0, 619.0, 927.0]
[80.0, 128.0, 668.0, 912.0]
[48.0, 128.0, 637.0, 913.0]
[0.0, 176.0, 590.0, 962.0]
[128.0, 224.0, 718.0, 1011.0]
[16.0, 144.0, 607.0, 932.0]
[112.0, 176.0, 704.0, 965.0]
[128.0, 176.0, 720.0, 966.0]
[128.0, 192.0, 721.0, 983.0]
[0.0, 192.0, 594.0, 984.0]
[32.0, 224.0, 627.0, 1017.0]
[0.0, 192.0, 596.0, 986.0]
[64.0, 224.0, 660.0, 1019.0]
[64.0, 112.0, 661.0, 908.0]
[128.0, 208.0, 726.0, 1005.0]
[0.0, 224.0, 598.0, 1022.0]
[64.0, 208.0, 663.0, 1007.0]
[16.0, 96.0, 616.0, 896.0]
[96.0, 144.0, 697.0, 945.0]
[80.0, 160.0, 682.0, 962.0]
[0.0, 144.0, 602.0, 947.0]
[64.0, 112.0, 667.0, 916.0]
[128.0, 192.0, 732.0, 997.0]
[48.0, 208.0, 652.0, 1014.0]
[16.0, 144.0, 621.0, 951.0]
[80.0, 208.0, 686.0, 1016.0]
[96.0, 144.0, 703.0, 953.0]
[32.0, 64.0, 640.0, 874.0]
[16.0, 80.0, 624.0, 891.0]
[16.0, 176.0, 625.0, 988.0]
[112.0, 160.0, 722.0, 973.0]
[48.0, 112.0, 658.0, 926.0]
[96.0, 160.0, 707.0, 975.0]
[64.0, 96.0, 676.0, 912.0]
[0.0, 112.0, 613.0, 929.0]
[96.0, 160.0, 710.0, 978.0]
[16.0, 176.0, 630.0, 995.0]
[80.0, 112.0, 695.0, 932.0]
[80.0, 160.0, 696.0, 981.0]
[32.0, 176.0, 648.0, 998.0]
[0.0, 160.0, 617.0, 983.0]
[64.0, 96.0, 682.0, 920.0]
[32.0, 80.0, 651.0, 905.0]
[112.0, 160.0, 732.0, 986.0]
[48.0, 64.0, 668.0, 891.0]
[32.0, 64.0, 653.0, 892.0]
[64.0, 96.0, 686.0, 925.0]
[32.0, 128.0, 654.0, 958.0]
[48.0, 160.0, 671.0, 991.0]
[80.0, 160.0, 704.0, 992.0]
[112.0, 144.0, 737.0, 977.0]
[0.0, 144.0, 626.0, 978.0]
[0.0, 144.0, 626.0, 979.0]
[32.0, 48.0, 659.0, 884.0]
[64.0, 96.0, 692.0, 933.0]
[16.0, 80.0, 644.0, 918.0]
[96.0, 160.0, 725.0, 999.0]
[64.0, 160.0, 694.0, 1000.0]
[0.0, 128.0, 631.0, 969.0]
[16.0, 112.0, 648.0, 954.0]
[96.0, 160.0, 728.0, 1003.0]
[48.0, 160.0, 681.0, 1004.0]
[0.0, 160.0, 634.0, 1005.0]
[96.0, 144.0, 730.0, 990.0]
[48.0, 176.0, 683.0, 1023.0]
[0.0, 96.0, 636.0, 944.0]
[0.0, 64.0, 637.0, 913.0]
[32.0, 160.0, 670.0, 1010.0]
[16.0, 64.0, 654.0, 915.0]
[96.0, 160.0, 735.0, 1012.0]
[80.0, 160.0, 720.0, 1013.0]
[64.0, 112.0, 704.0, 966.0]
[80.0, 160.0, 721.0, 1015.0]
[64.0, 144.0, 706.0, 1000.0]
[0.0, 96.0, 643.0, 953.0]
[64.0, 160.0, 708.0, 1018.0]
[16.0, 144.0, 660.0, 1003.0]
[64.0, 80.0, 709.0, 940.0]
[16.0, 48.0, 662.0, 909.0]
[96.0, 160.0, 742.0, 1022.0]
[0.0, 128.0, 647.0, 991.0]
[48.0, 144.0, 696.0, 1008.0]
[0.0, 112.0, 649.0, 977.0]
[16.0, 64.0, 666.0, 930.0]
[48.0, 64.0, 698.0, 931.0]
[48.0, 128.0, 699.0, 996.0]
[16.0, 144.0, 668.0, 1013.0]
[64.0, 96.0, 716.0, 966.0]
[64.0, 112.0, 717.0, 983.0]
[80.0, 128.0, 734.0, 1000.0]
[32.0, 112.0, 687.0, 985.0]
[0.0, 144.0, 656.0, 1018.0]
[16.0, 128.0, 672.0, 1003.0]
[32.0, 112.0, 689.0, 988.0]
[16.0, 80.0, 674.0, 957.0]
[0.0, 128.0, 658.0, 1006.0]
[0.0, 80.0, 659.0, 959.0]
[16.0, 128.0, 676.0, 1008.0]
[0.0, 96.0, 661.0, 977.0]
[32.0, 64.0, 694.0, 946.0]
[48.0, 80.0, 710.0, 963.0]
[0.0, 80.0, 663.0, 964.0]
[0.0, 112.0, 664.0, 997.0]
[80.0, 128.0, 744.0, 1014.0]
[32.0, 48.0, 697.0, 935.0]
[32.0, 64.0, 698.0, 952.0]
[0.0, 48.0, 667.0, 937.0]
[48.0, 112.0, 716.0, 1002.0]
[64.0, 96.0, 732.0, 987.0]
[16.0, 112.0, 685.0, 1004.0]
[32.0, 96.0, 702.0, 989.0]
[0.0, 80.0, 670.0, 974.0]
[16.0, 48.0, 687.0, 943.0]
[64.0, 128.0, 736.0, 1024.0]
[32.0, 96.0, 705.0, 993.0]
[64.0, 96.0, 738.0, 994.0]
[0.0, 112.0, 674.0, 1011.0]
[64.0, 112.0, 739.0, 1012.0]
[32.0, 80.0, 708.0, 981.0]
[64.0, 96.0, 740.0, 998.0]
[0.0, 48.0, 677.0, 951.0]
[16.0, 112.0, 694.0, 1016.0]
[32.0, 96.0, 711.0, 1001.0]
[0.0, 112.0, 680.0, 1018.0]
[32.0, 80.0, 712.0, 987.0]
[32.0, 48.0, 713.0, 956.0]
[16.0, 112.0, 698.0, 1021.0]
[16.0, 112.0, 698.0, 1022.0]
[48.0, 80.0, 731.0, 991.0]
[0.0, 48.0, 684.0, 960.0]
[0.0, 32.0, 685.0, 945.0]
[48.0, 64.0, 734.0, 978.0]
[0.0, 80.0, 686.0, 995.0]
[0.0, 32.0, 687.0, 948.0]
[48.0, 80.0, 736.0, 997.0]
[32.0, 48.0, 720.0, 966.0]
[16.0, 32.0, 705.0, 951.0]
[32.0, 48.0, 722.0, 968.0]
[16.0, 96.0, 707.0, 1017.0]
[16.0, 96.0, 708.0, 1018.0]
[32.0, 64.0, 724.0, 987.0]
[16.0, 64.0, 709.0, 988.0]
[16.0, 80.0, 710.0, 1005.0]
[16.0, 48.0, 710.0, 974.0]
[32.0, 64.0, 727.0, 991.0]
[48.0, 96.0, 744.0, 1024.0]
[32.0, 48.0, 729.0, 977.0]
[0.0, 32.0, 698.0, 962.0]
[16.0, 32.0, 714.0, 963.0]
[32.0, 48.0, 731.0, 980.0]
[0.0, 80.0, 700.0, 1013.0]
[32.0, 64.0, 732.0, 998.0]
[0.0, 32.0, 701.0, 967.0]
[32.0, 80.0, 734.0, 1016.0]
[0.0, 64.0, 703.0, 1001.0]
[16.0, 32.0, 720.0, 970.0]
[0.0, 64.0, 704.0, 1003.0]
[16.0, 48.0, 721.0, 988.0]
[16.0, 48.0, 722.0, 989.0]
[16.0, 48.0, 722.0, 990.0]
[0.0, 32.0, 707.0, 975.0]
[16.0, 80.0, 724.0, 1024.0]
[0.0, 64.0, 709.0, 1009.0]
[32.0, 48.0, 742.0, 994.0]
[0.0, 48.0, 710.0, 995.0]
[0.0, 64.0, 711.0, 1012.0]
[16.0, 32.0, 728.0, 981.0]
[32.0, 64.0, 744.0, 1014.0]
[0.0, 48.0, 713.0, 999.0]
[16.0, 32.0, 730.0, 984.0]
[0.0, 64.0, 715.0, 1017.0]
