[160.0, 16.0, 877.0, 554.0]
[64.0, 32.0, 782.0, 570.0]
[112.0, 0.0, 831.0, 539.0]
[176.0, 48.0, 896.0, 588.0]
[160.0, 48.0, 881.0, 589.0]
[80.0, 16.0, 802.0, 558.0]
[112.0, 32.0, 835.0, 574.0]
[176.0, 64.0, 900.0, 607.0]
[112.0, 80.0, 837.0, 624.0]
[64.0, 16.0, 790.0, 560.0]
[64.0, 64.0, 791.0, 609.0]
[32.0, 80.0, 760.0, 626.0]
[176.0, 80.0, 905.0, 627.0]
[80.0, 32.0, 810.0, 580.0]
[112.0, 16.0, 843.0, 564.0]
[144.0, 0.0, 876.0, 549.0]
[64.0, 80.0, 797.0, 630.0]
[112.0, 0.0, 846.0, 550.0]
[32.0, 0.0, 767.0, 551.0]
[0.0, 32.0, 736.0, 584.0]
[176.0, 48.0, 913.0, 601.0]
[160.0, 64.0, 898.0, 618.0]
[96.0, 80.0, 835.0, 634.0]
[176.0, 16.0, 916.0, 571.0]
[128.0, 16.0, 869.0, 572.0]
[176.0, 32.0, 918.0, 588.0]
[176.0, 16.0, 919.0, 573.0]
[0.0, 48.0, 744.0, 606.0]
[96.0, 0.0, 841.0, 559.0]
[48.0, 64.0, 794.0, 624.0]
[96.0, 64.0, 843.0, 624.0]
[128.0, 64.0, 876.0, 625.0]
[64.0, 96.0, 813.0, 658.0]
[160.0, 64.0, 910.0, 626.0]
[96.0, 64.0, 847.0, 627.0]
[160.0, 0.0, 912.0, 564.0]
[0.0, 32.0, 753.0, 597.0]
[96.0, 32.0, 850.0, 598.0]
[112.0, 32.0, 867.0, 598.0]
[32.0, 64.0, 788.0, 631.0]
[192.0, 16.0, 949.0, 584.0]
[64.0, 48.0, 822.0, 616.0]
[64.0, 0.0, 823.0, 569.0]
[48.0, 96.0, 808.0, 666.0]
[0.0, 48.0, 761.0, 619.0]
[64.0, 16.0, 826.0, 588.0]
[96.0, 32.0, 859.0, 604.0]
[112.0, 64.0, 876.0, 637.0]
[160.0, 64.0, 925.0, 638.0]
[80.0, 64.0, 846.0, 638.0]
[0.0, 48.0, 767.0, 623.0]
[144.0, 48.0, 912.0, 624.0]
[64.0, 16.0, 833.0, 593.0]
[0.0, 16.0, 770.0, 594.0]
[64.0, 0.0, 835.0, 578.0]
[128.0, 64.0, 900.0, 643.0]
[112.0, 32.0, 885.0, 612.0]
[96.0, 64.0, 870.0, 644.0]
[16.0, 0.0, 791.0, 581.0]
[32.0, 0.0, 808.0, 582.0]
[144.0, 0.0, 921.0, 583.0]
[160.0, 16.0, 938.0, 600.0]
[128.0, 48.0, 907.0, 632.0]
[96.0, 32.0, 876.0, 617.0]
[112.0, 48.0, 893.0, 634.0]
[144.0, 64.0, 926.0, 650.0]
[80.0, 16.0, 863.0, 603.0]
[80.0, 48.0, 864.0, 636.0]
[144.0, 32.0, 929.0, 621.0]
[112.0, 64.0, 898.0, 654.0]
[144.0, 32.0, 931.0, 622.0]
[32.0, 80.0, 820.0, 671.0]
[128.0, 48.0, 917.0, 640.0]
[160.0, 48.0, 950.0, 640.0]
[16.0, 16.0, 807.0, 609.0]
[48.0, 16.0, 840.0, 610.0]
[160.0, 16.0, 953.0, 611.0]
[112.0, 32.0, 906.0, 628.0]
[144.0, 0.0, 939.0, 596.0]
[16.0, 48.0, 812.0, 645.0]
[48.0, 16.0, 845.0, 614.0]
[32.0, 48.0, 830.0, 646.0]
[32.0, 32.0, 831.0, 631.0]
[16.0, 0.0, 816.0, 600.0]
[96.0, 48.0, 897.0, 649.0]
[160.0, 0.0, 962.0, 602.0]
[144.0, 16.0, 947.0, 618.0]
[160.0, 32.0, 964.0, 635.0]
[16.0, 48.0, 821.0, 652.0]
[144.0, 48.0, 950.0, 652.0]
[112.0, 32.0, 919.0, 637.0]
[32.0, 64.0, 840.0, 670.0]
[48.0, 48.0, 857.0, 655.0]
[32.0, 0.0, 842.0, 608.0]
[64.0, 32.0, 875.0, 640.0]
[32.0, 32.0, 844.0, 641.0]
[128.0, 48.0, 941.0, 658.0]
[48.0, 32.0, 862.0, 642.0]
[160.0, 0.0, 975.0, 611.0]
[80.0, 32.0, 896.0, 644.0]
[0.0, 48.0, 817.0, 661.0]
[160.0, 16.0, 978.0, 630.0]
[128.0, 0.0, 947.0, 614.0]
[0.0, 48.0, 820.0, 663.0]
[48.0, 16.0, 869.0, 632.0]
[16.0, 32.0, 838.0, 648.0]
[112.0, 32.0, 935.0, 649.0]
[32.0, 48.0, 856.0, 666.0]
[48.0, 48.0, 873.0, 667.0]
[0.0, 16.0, 826.0, 636.0]
[16.0, 0.0, 843.0, 620.0]
[64.0, 32.0, 892.0, 653.0]
[112.0, 48.0, 941.0, 670.0]
[32.0, 16.0, 862.0, 638.0]
[112.0, 48.0, 943.0, 671.0]
[144.0, 32.0, 976.0, 656.0]
[128.0, 48.0, 961.0, 673.0]
[112.0, 0.0, 946.0, 626.0]
[64.0, 48.0, 899.0, 674.0]
[0.0, 16.0, 836.0, 643.0]
[144.0, 32.0, 981.0, 660.0]
[0.0, 32.0, 838.0, 660.0]
[16.0, 16.0, 855.0, 645.0]
[48.0, 0.0, 888.0, 630.0]
[144.0, 0.0, 985.0, 631.0]
[16.0, 16.0, 858.0, 648.0]
[64.0, 32.0, 907.0, 664.0]
[0.0, 0.0, 844.0, 633.0]
[112.0, 32.0, 957.0, 666.0]
[48.0, 0.0, 894.0, 634.0]
[112.0, 16.0, 959.0, 651.0]
[0.0, 0.0, 848.0, 636.0]
[128.0, 0.0, 977.0, 637.0]
[48.0, 0.0, 898.0, 638.0]
[80.0, 16.0, 931.0, 654.0]
[128.0, 16.0, 980.0, 655.0]
[16.0, 32.0, 869.0, 672.0]
[80.0, 32.0, 934.0, 672.0]
[16.0, 16.0, 871.0, 657.0]
[128.0, 0.0, 984.0, 642.0]
[48.0, 16.0, 905.0, 659.0]
[32.0, 16.0, 890.0, 660.0]
[112.0, 16.0, 971.0, 660.0]
[48.0, 0.0, 908.0, 645.0]
