[144.0, 96.0, 861.0, 634.0]
[128.0, 176.0, 846.0, 714.0]
[128.0, 80.0, 847.0, 619.0]
[96.0, 160.0, 816.0, 700.0]
[128.0, 128.0, 849.0, 669.0]
[128.0, 112.0, 850.0, 654.0]
[80.0, 176.0, 803.0, 718.0]
[80.0, 144.0, 804.0, 687.0]
[112.0, 160.0, 837.0, 704.0]
[112.0, 96.0, 838.0, 640.0]
[96.0, 80.0, 823.0, 625.0]
[80.0, 176.0, 808.0, 722.0]
[96.0, 32.0, 825.0, 579.0]
[80.0, 128.0, 810.0, 676.0]
[80.0, 112.0, 811.0, 660.0]
[80.0, 32.0, 812.0, 581.0]
[80.0, 112.0, 813.0, 662.0]
[128.0, 48.0, 862.0, 598.0]
[112.0, 128.0, 847.0, 679.0]
[64.0, 64.0, 800.0, 616.0]
[80.0, 144.0, 817.0, 697.0]
[64.0, 144.0, 802.0, 698.0]
[96.0, 176.0, 835.0, 730.0]
[128.0, 64.0, 868.0, 619.0]
[128.0, 64.0, 869.0, 620.0]
[112.0, 160.0, 854.0, 716.0]
[112.0, 144.0, 855.0, 701.0]
[48.0, 128.0, 792.0, 686.0]
[80.0, 176.0, 825.0, 735.0]
[80.0, 192.0, 826.0, 752.0]
[64.0, 144.0, 811.0, 704.0]
[48.0, 144.0, 796.0, 705.0]
[144.0, 64.0, 893.0, 626.0]
[128.0, 32.0, 878.0, 594.0]
[128.0, 96.0, 879.0, 659.0]
[64.0, 80.0, 816.0, 644.0]
[80.0, 160.0, 833.0, 725.0]
[128.0, 32.0, 882.0, 598.0]
[80.0, 128.0, 835.0, 694.0]
[112.0, 112.0, 868.0, 679.0]
[96.0, 144.0, 853.0, 712.0]
[80.0, 96.0, 838.0, 664.0]
[128.0, 160.0, 887.0, 729.0]
[128.0, 112.0, 888.0, 682.0]
[144.0, 64.0, 905.0, 635.0]
[80.0, 160.0, 842.0, 732.0]
[112.0, 96.0, 875.0, 668.0]
[144.0, 48.0, 908.0, 621.0]
[128.0, 96.0, 893.0, 670.0]
[32.0, 112.0, 798.0, 686.0]
[128.0, 80.0, 895.0, 655.0]
[96.0, 32.0, 864.0, 608.0]
[32.0, 128.0, 801.0, 705.0]
[32.0, 48.0, 802.0, 626.0]
[48.0, 48.0, 819.0, 626.0]
[144.0, 96.0, 916.0, 675.0]
[80.0, 64.0, 853.0, 644.0]
[112.0, 16.0, 886.0, 596.0]
[144.0, 144.0, 919.0, 725.0]
[112.0, 64.0, 888.0, 646.0]
[112.0, 144.0, 889.0, 727.0]
[32.0, 160.0, 810.0, 744.0]
[48.0, 128.0, 827.0, 712.0]
[112.0, 80.0, 892.0, 665.0]
[80.0, 112.0, 861.0, 698.0]
[144.0, 48.0, 926.0, 634.0]
[144.0, 32.0, 927.0, 619.0]
[64.0, 96.0, 848.0, 684.0]
[48.0, 160.0, 833.0, 749.0]
[16.0, 96.0, 802.0, 686.0]
[32.0, 16.0, 819.0, 606.0]
[64.0, 112.0, 852.0, 703.0]
[0.0, 128.0, 789.0, 720.0]
[128.0, 64.0, 918.0, 656.0]
[128.0, 160.0, 919.0, 753.0]
[32.0, 64.0, 824.0, 658.0]
[144.0, 96.0, 937.0, 691.0]
[48.0, 16.0, 842.0, 612.0]
[80.0, 96.0, 875.0, 692.0]
[112.0, 80.0, 908.0, 677.0]
[96.0, 16.0, 893.0, 614.0]
[96.0, 64.0, 894.0, 662.0]
[96.0, 96.0, 895.0, 695.0]
[144.0, 112.0, 944.0, 712.0]
[48.0, 128.0, 849.0, 729.0]
[96.0, 112.0, 898.0, 714.0]
[144.0, 96.0, 947.0, 698.0]
[144.0, 112.0, 948.0, 715.0]
[96.0, 48.0, 901.0, 652.0]
[0.0, 64.0, 806.0, 668.0]
[96.0, 144.0, 903.0, 749.0]
[128.0, 16.0, 936.0, 622.0]
[64.0, 112.0, 873.0, 719.0]
[16.0, 128.0, 826.0, 736.0]
[48.0, 144.0, 859.0, 752.0]
[0.0, 80.0, 812.0, 689.0]
[0.0, 48.0, 813.0, 658.0]
[112.0, 128.0, 926.0, 738.0]
[16.0, 32.0, 831.0, 643.0]
[64.0, 144.0, 880.0, 756.0]
[96.0, 16.0, 913.0, 629.0]
[128.0, 96.0, 946.0, 710.0]
[48.0, 16.0, 867.0, 630.0]
[112.0, 48.0, 932.0, 663.0]
[32.0, 32.0, 853.0, 648.0]
[16.0, 32.0, 838.0, 648.0]
[128.0, 32.0, 951.0, 649.0]
[144.0, 96.0, 968.0, 714.0]
[16.0, 112.0, 841.0, 731.0]
[80.0, 32.0, 906.0, 652.0]
[112.0, 112.0, 939.0, 732.0]
[128.0, 80.0, 956.0, 701.0]
[32.0, 80.0, 861.0, 702.0]
[0.0, 16.0, 830.0, 638.0]
[96.0, 48.0, 927.0, 671.0]
[96.0, 80.0, 928.0, 704.0]
[0.0, 16.0, 833.0, 641.0]
[64.0, 112.0, 898.0, 738.0]
[112.0, 64.0, 947.0, 690.0]
[32.0, 64.0, 868.0, 691.0]
[80.0, 80.0, 917.0, 708.0]
[32.0, 112.0, 870.0, 740.0]
[32.0, 112.0, 871.0, 741.0]
[144.0, 32.0, 984.0, 662.0]
[96.0, 80.0, 937.0, 711.0]
[128.0, 16.0, 970.0, 648.0]
[112.0, 96.0, 955.0, 728.0]
[32.0, 80.0, 876.0, 713.0]
[144.0, 64.0, 989.0, 698.0]
[64.0, 80.0, 910.0, 714.0]
[128.0, 16.0, 975.0, 651.0]
[16.0, 64.0, 864.0, 700.0]
[80.0, 96.0, 929.0, 733.0]
[112.0, 48.0, 962.0, 686.0]
[48.0, 32.0, 899.0, 670.0]
[64.0, 80.0, 916.0, 719.0]
[128.0, 48.0, 981.0, 688.0]
[96.0, 96.0, 950.0, 736.0]
[112.0, 96.0, 967.0, 737.0]
[16.0, 32.0, 872.0, 674.0]
[112.0, 80.0, 969.0, 723.0]
[128.0, 112.0, 986.0, 756.0]
[144.0, 48.0, 1003.0, 692.0]
[128.0, 32.0, 988.0, 677.0]
[112.0, 96.0, 973.0, 742.0]
[16.0, 32.0, 878.0, 678.0]
[128.0, 48.0, 991.0, 695.0]
[112.0, 64.0, 976.0, 712.0]
[64.0, 48.0, 929.0, 697.0]
[96.0, 96.0, 962.0, 746.0]
[128.0, 32.0, 995.0, 682.0]
[0.0, 96.0, 868.0, 747.0]
[64.0, 48.0, 933.0, 700.0]
[32.0, 48.0, 902.0, 700.0]
[16.0, 16.0, 887.0, 669.0]
[128.0, 16.0, 1000.0, 670.0]
[16.0, 48.0, 889.0, 703.0]
[32.0, 32.0, 906.0, 688.0]
[80.0, 64.0, 955.0, 720.0]
[32.0, 16.0, 908.0, 673.0]
[80.0, 32.0, 957.0, 690.0]
[48.0, 32.0, 926.0, 690.0]
[144.0, 48.0, 1023.0, 707.0]
[128.0, 64.0, 1008.0, 724.0]
[128.0, 80.0, 1009.0, 741.0]
[96.0, 32.0, 978.0, 694.0]
[112.0, 32.0, 995.0, 694.0]
[96.0, 64.0, 980.0, 727.0]
[32.0, 48.0, 917.0, 712.0]
[128.0, 64.0, 1014.0, 728.0]
[96.0, 48.0, 983.0, 713.0]
[112.0, 16.0, 1000.0, 682.0]
[96.0, 16.0, 985.0, 683.0]
[64.0, 64.0, 954.0, 732.0]
[96.0, 32.0, 987.0, 700.0]
[0.0, 32.0, 892.0, 701.0]
[112.0, 80.0, 1005.0, 750.0]
[64.0, 64.0, 958.0, 734.0]
[0.0, 32.0, 895.0, 703.0]
[128.0, 48.0, 1024.0, 720.0]
[96.0, 64.0, 993.0, 737.0]
[64.0, 80.0, 962.0, 754.0]
[64.0, 16.0, 963.0, 690.0]
[32.0, 32.0, 932.0, 707.0]
[0.0, 64.0, 901.0, 740.0]
[32.0, 16.0, 934.0, 692.0]
[112.0, 48.0, 1015.0, 725.0]
[48.0, 64.0, 952.0, 742.0]
[16.0, 48.0, 921.0, 727.0]
[0.0, 64.0, 906.0, 744.0]
[0.0, 64.0, 907.0, 744.0]
[96.0, 32.0, 1004.0, 713.0]
[112.0, 64.0, 1021.0, 746.0]
[48.0, 32.0, 958.0, 714.0]
[48.0, 32.0, 959.0, 715.0]
[96.0, 32.0, 1008.0, 716.0]
[32.0, 64.0, 945.0, 749.0]
[64.0, 48.0, 978.0, 734.0]
[0.0, 32.0, 915.0, 718.0]
[80.0, 64.0, 996.0, 751.0]
[96.0, 16.0, 1013.0, 704.0]
[16.0, 48.0, 934.0, 736.0]
[48.0, 48.0, 967.0, 737.0]
[64.0, 16.0, 984.0, 706.0]
[48.0, 16.0, 969.0, 707.0]
[80.0, 48.0, 1002.0, 740.0]
[80.0, 16.0, 1003.0, 708.0]
[64.0, 32.0, 988.0, 725.0]
[96.0, 16.0, 1021.0, 710.0]
[64.0, 32.0, 990.0, 726.0]
[48.0, 16.0, 975.0, 711.0]
[0.0, 16.0, 928.0, 712.0]
[32.0, 32.0, 961.0, 729.0]
[32.0, 32.0, 962.0, 730.0]
[80.0, 32.0, 1011.0, 730.0]
[16.0, 48.0, 948.0, 747.0]
[80.0, 48.0, 1013.0, 748.0]
[48.0, 32.0, 982.0, 732.0]
[16.0, 32.0, 951.0, 733.0]
[16.0, 32.0, 952.0, 734.0]
[16.0, 32.0, 953.0, 735.0]
[48.0, 16.0, 986.0, 720.0]
[32.0, 32.0, 971.0, 736.0]
[64.0, 32.0, 1004.0, 737.0]
[80.0, 32.0, 1021.0, 738.0]
[48.0, 32.0, 990.0, 738.0]
[0.0, 32.0, 943.0, 739.0]
[0.0, 32.0, 944.0, 740.0]
[0.0, 32.0, 945.0, 741.0]
[0.0, 32.0, 946.0, 742.0]
[48.0, 32.0, 995.0, 742.0]
[16.0, 32.0, 964.0, 743.0]
[32.0, 32.0, 981.0, 744.0]
[16.0, 32.0, 966.0, 744.0]
[0.0, 32.0, 951.0, 745.0]
[64.0, 32.0, 1016.0, 746.0]
[32.0, 32.0, 985.0, 747.0]
[48.0, 32.0, 1002.0, 748.0]
[32.0, 32.0, 987.0, 748.0]
[0.0, 32.0, 956.0, 749.0]
