[144.0, 16.0, 861.0, 554.0]
[112.0, 0.0, 830.0, 538.0]
[96.0, 16.0, 815.0, 555.0]
[128.0, 80.0, 848.0, 620.0]
[32.0, 16.0, 753.0, 557.0]
[80.0, 80.0, 802.0, 622.0]
[48.0, 64.0, 771.0, 606.0]
[128.0, 48.0, 852.0, 591.0]
[64.0, 0.0, 789.0, 544.0]
[48.0, 48.0, 774.0, 592.0]
[192.0, 16.0, 919.0, 561.0]
[32.0, 0.0, 760.0, 546.0]
[32.0, 80.0, 761.0, 627.0]
[64.0, 0.0, 794.0, 548.0]
[176.0, 96.0, 907.0, 644.0]
[64.0, 16.0, 796.0, 565.0]
[80.0, 96.0, 813.0, 646.0]
[128.0, 32.0, 862.0, 582.0]
[112.0, 16.0, 847.0, 567.0]
[64.0, 32.0, 800.0, 584.0]
[32.0, 96.0, 769.0, 649.0]
[176.0, 32.0, 914.0, 586.0]
[32.0, 0.0, 771.0, 554.0]
[80.0, 0.0, 820.0, 555.0]
[144.0, 80.0, 885.0, 636.0]
[176.0, 16.0, 918.0, 572.0]
[112.0, 96.0, 855.0, 653.0]
[96.0, 32.0, 840.0, 590.0]
[160.0, 64.0, 905.0, 623.0]
[128.0, 32.0, 874.0, 592.0]
[144.0, 0.0, 891.0, 560.0]
[64.0, 64.0, 812.0, 625.0]
[128.0, 32.0, 877.0, 594.0]
[112.0, 32.0, 862.0, 594.0]
[112.0, 48.0, 863.0, 611.0]
[64.0, 48.0, 816.0, 612.0]
[48.0, 80.0, 801.0, 645.0]
[128.0, 64.0, 882.0, 630.0]
[144.0, 0.0, 899.0, 566.0]
[80.0, 16.0, 836.0, 583.0]
[64.0, 16.0, 821.0, 584.0]
[144.0, 96.0, 902.0, 664.0]
[32.0, 96.0, 791.0, 665.0]
[48.0, 0.0, 808.0, 570.0]
[160.0, 32.0, 921.0, 603.0]
[48.0, 64.0, 810.0, 636.0]
[112.0, 16.0, 875.0, 588.0]
[96.0, 96.0, 860.0, 669.0]
[48.0, 96.0, 813.0, 670.0]
[96.0, 48.0, 862.0, 622.0]
[96.0, 64.0, 863.0, 639.0]
[32.0, 16.0, 800.0, 592.0]
[80.0, 96.0, 849.0, 673.0]
[144.0, 16.0, 914.0, 594.0]
[32.0, 0.0, 803.0, 578.0]
[112.0, 96.0, 884.0, 675.0]
[112.0, 48.0, 885.0, 628.0]
[112.0, 64.0, 886.0, 644.0]
[80.0, 64.0, 855.0, 645.0]
[48.0, 48.0, 824.0, 630.0]
[80.0, 0.0, 857.0, 583.0]
[48.0, 80.0, 826.0, 664.0]
[48.0, 80.0, 827.0, 664.0]
[48.0, 48.0, 828.0, 633.0]
[96.0, 64.0, 877.0, 650.0]
[112.0, 64.0, 894.0, 650.0]
[80.0, 0.0, 863.0, 587.0]
[48.0, 16.0, 832.0, 604.0]
[112.0, 32.0, 897.0, 621.0]
[96.0, 32.0, 882.0, 622.0]
[96.0, 0.0, 883.0, 590.0]
[80.0, 16.0, 868.0, 607.0]
[112.0, 16.0, 901.0, 608.0]
[80.0, 0.0, 870.0, 592.0]
[80.0, 16.0, 871.0, 609.0]
[96.0, 0.0, 888.0, 594.0]
[48.0, 80.0, 841.0, 675.0]
[80.0, 16.0, 874.0, 612.0]
[32.0, 64.0, 827.0, 660.0]
[48.0, 80.0, 844.0, 677.0]
[96.0, 64.0, 893.0, 662.0]
[48.0, 80.0, 846.0, 678.0]
[80.0, 32.0, 879.0, 631.0]
[80.0, 16.0, 880.0, 616.0]
[32.0, 32.0, 833.0, 633.0]
[64.0, 80.0, 866.0, 682.0]
[96.0, 96.0, 899.0, 698.0]
[112.0, 64.0, 916.0, 667.0]
[112.0, 64.0, 917.0, 668.0]
[112.0, 32.0, 918.0, 636.0]
[48.0, 0.0, 855.0, 605.0]
[64.0, 48.0, 872.0, 654.0]
[80.0, 32.0, 889.0, 639.0]
[64.0, 64.0, 874.0, 672.0]
[96.0, 0.0, 907.0, 608.0]
[48.0, 16.0, 860.0, 625.0]
[96.0, 16.0, 909.0, 626.0]
[32.0, 0.0, 846.0, 610.0]
[32.0, 48.0, 847.0, 659.0]
[48.0, 80.0, 864.0, 692.0]
[64.0, 0.0, 881.0, 613.0]
[32.0, 0.0, 850.0, 614.0]
[96.0, 32.0, 915.0, 646.0]
[32.0, 64.0, 852.0, 679.0]
[32.0, 0.0, 853.0, 616.0]
[80.0, 64.0, 902.0, 680.0]
[32.0, 0.0, 855.0, 617.0]
[32.0, 64.0, 856.0, 682.0]
[32.0, 48.0, 857.0, 667.0]
[80.0, 32.0, 906.0, 652.0]
[64.0, 0.0, 891.0, 620.0]
[32.0, 0.0, 860.0, 621.0]
[80.0, 48.0, 909.0, 670.0]
[64.0, 48.0, 894.0, 670.0]
[80.0, 32.0, 911.0, 655.0]
[64.0, 0.0, 896.0, 624.0]
[80.0, 0.0, 913.0, 625.0]
[80.0, 48.0, 914.0, 674.0]
[80.0, 32.0, 915.0, 658.0]
[64.0, 0.0, 900.0, 627.0]
[64.0, 64.0, 901.0, 692.0]
[32.0, 32.0, 870.0, 660.0]
[64.0, 64.0, 903.0, 693.0]
[48.0, 48.0, 888.0, 678.0]
[48.0, 16.0, 889.0, 647.0]
[32.0, 64.0, 874.0, 696.0]
[64.0, 48.0, 907.0, 680.0]
[32.0, 48.0, 876.0, 681.0]
[64.0, 32.0, 909.0, 666.0]
[32.0, 16.0, 878.0, 650.0]
[64.0, 32.0, 911.0, 667.0]
[32.0, 0.0, 880.0, 636.0]
[32.0, 32.0, 881.0, 669.0]
[32.0, 48.0, 882.0, 686.0]
[48.0, 0.0, 899.0, 638.0]
[48.0, 0.0, 900.0, 639.0]
[32.0, 32.0, 885.0, 672.0]
[48.0, 16.0, 902.0, 656.0]
[48.0, 16.0, 903.0, 657.0]
[48.0, 0.0, 904.0, 642.0]
[32.0, 48.0, 889.0, 691.0]
[48.0, 0.0, 906.0, 644.0]
[32.0, 16.0, 891.0, 660.0]
[48.0, 48.0, 908.0, 693.0]
[48.0, 32.0, 909.0, 678.0]
[32.0, 0.0, 894.0, 646.0]
[32.0, 32.0, 895.0, 679.0]
[48.0, 32.0, 912.0, 680.0]
[32.0, 48.0, 897.0, 697.0]
[32.0, 0.0, 898.0, 650.0]
[32.0, 0.0, 899.0, 650.0]
[32.0, 32.0, 900.0, 683.0]
[32.0, 0.0, 901.0, 652.0]
[32.0, 0.0, 902.0, 652.0]
