[64.0, 64.0, 781.0, 602.0]
[176.0, 48.0, 894.0, 586.0]
[64.0, 0.0, 783.0, 539.0]
[48.0, 32.0, 768.0, 572.0]
[176.0, 0.0, 897.0, 541.0]
[176.0, 32.0, 898.0, 574.0]
[16.0, 48.0, 739.0, 590.0]
[112.0, 48.0, 836.0, 591.0]
[80.0, 32.0, 805.0, 576.0]
[48.0, 16.0, 774.0, 560.0]
[176.0, 48.0, 903.0, 593.0]
[16.0, 16.0, 744.0, 562.0]
[112.0, 48.0, 841.0, 595.0]
[80.0, 48.0, 810.0, 596.0]
[32.0, 0.0, 763.0, 548.0]
[32.0, 32.0, 764.0, 581.0]
[208.0, 0.0, 941.0, 550.0]
[80.0, 0.0, 814.0, 550.0]
[16.0, 48.0, 751.0, 599.0]
[16.0, 48.0, 752.0, 600.0]
[112.0, 32.0, 849.0, 585.0]
[16.0, 0.0, 754.0, 554.0]
[0.0, 0.0, 739.0, 554.0]
[208.0, 32.0, 948.0, 587.0]
[64.0, 48.0, 805.0, 604.0]
[112.0, 32.0, 854.0, 588.0]
[208.0, 0.0, 951.0, 557.0]
[112.0, 16.0, 856.0, 574.0]
[112.0, 0.0, 857.0, 559.0]
[96.0, 64.0, 842.0, 624.0]
[112.0, 64.0, 859.0, 624.0]
[128.0, 48.0, 876.0, 609.0]
[48.0, 0.0, 797.0, 562.0]
[112.0, 32.0, 862.0, 594.0]
[112.0, 0.0, 863.0, 563.0]
[80.0, 48.0, 832.0, 612.0]
[80.0, 0.0, 833.0, 565.0]
[16.0, 16.0, 770.0, 582.0]
[0.0, 16.0, 755.0, 582.0]
[160.0, 48.0, 916.0, 615.0]
[176.0, 16.0, 933.0, 584.0]
[48.0, 32.0, 806.0, 600.0]
[160.0, 48.0, 919.0, 617.0]
[96.0, 0.0, 856.0, 570.0]
[96.0, 16.0, 857.0, 587.0]
[144.0, 0.0, 906.0, 572.0]
[32.0, 32.0, 795.0, 604.0]
[48.0, 48.0, 812.0, 621.0]
[64.0, 16.0, 829.0, 590.0]
[128.0, 32.0, 894.0, 606.0]
[160.0, 16.0, 927.0, 591.0]
[80.0, 16.0, 848.0, 592.0]
[144.0, 16.0, 913.0, 593.0]
[48.0, 16.0, 818.0, 594.0]
[48.0, 16.0, 819.0, 594.0]
[80.0, 48.0, 852.0, 627.0]
[16.0, 48.0, 789.0, 628.0]
[96.0, 32.0, 870.0, 612.0]
[144.0, 48.0, 919.0, 629.0]
[96.0, 48.0, 872.0, 630.0]
[160.0, 16.0, 937.0, 599.0]
[80.0, 32.0, 858.0, 616.0]
[0.0, 16.0, 779.0, 600.0]
[160.0, 16.0, 940.0, 601.0]
[128.0, 0.0, 909.0, 586.0]
[112.0, 32.0, 894.0, 618.0]
[80.0, 0.0, 863.0, 587.0]
[32.0, 16.0, 816.0, 604.0]
[128.0, 16.0, 913.0, 605.0]
[96.0, 64.0, 882.0, 654.0]
[128.0, 32.0, 915.0, 622.0]
[80.0, 64.0, 868.0, 655.0]
[0.0, 32.0, 789.0, 624.0]
[16.0, 16.0, 806.0, 608.0]
[112.0, 64.0, 903.0, 657.0]
[32.0, 16.0, 824.0, 610.0]
[128.0, 16.0, 921.0, 611.0]
[16.0, 48.0, 810.0, 644.0]
[80.0, 0.0, 875.0, 596.0]
[64.0, 16.0, 860.0, 613.0]
[64.0, 64.0, 861.0, 662.0]
[160.0, 0.0, 958.0, 598.0]
[0.0, 16.0, 799.0, 615.0]
[32.0, 32.0, 832.0, 632.0]
[128.0, 32.0, 929.0, 633.0]
[64.0, 64.0, 866.0, 666.0]
[96.0, 16.0, 899.0, 618.0]
[96.0, 0.0, 900.0, 603.0]
[80.0, 64.0, 885.0, 668.0]
[64.0, 48.0, 870.0, 652.0]
[96.0, 16.0, 903.0, 621.0]
[96.0, 32.0, 904.0, 638.0]
[64.0, 16.0, 873.0, 623.0]
[16.0, 48.0, 826.0, 656.0]
[80.0, 16.0, 891.0, 624.0]
[0.0, 0.0, 812.0, 609.0]
[0.0, 0.0, 813.0, 610.0]
[32.0, 16.0, 846.0, 626.0]
[0.0, 32.0, 815.0, 643.0]
[112.0, 48.0, 928.0, 660.0]
[32.0, 48.0, 849.0, 661.0]
[80.0, 64.0, 898.0, 678.0]
[48.0, 32.0, 867.0, 646.0]
[48.0, 48.0, 868.0, 663.0]
[16.0, 48.0, 837.0, 664.0]
[0.0, 16.0, 822.0, 632.0]
[16.0, 32.0, 839.0, 649.0]
[96.0, 16.0, 920.0, 634.0]
[16.0, 48.0, 841.0, 667.0]
[48.0, 16.0, 874.0, 636.0]
[16.0, 0.0, 843.0, 620.0]
[128.0, 0.0, 956.0, 621.0]
[112.0, 16.0, 941.0, 638.0]
[64.0, 32.0, 894.0, 654.0]
[32.0, 0.0, 863.0, 623.0]
[0.0, 0.0, 832.0, 624.0]
[96.0, 16.0, 929.0, 641.0]
[96.0, 0.0, 930.0, 626.0]
[16.0, 32.0, 851.0, 658.0]
[32.0, 32.0, 868.0, 659.0]
[16.0, 32.0, 853.0, 660.0]
[16.0, 48.0, 854.0, 676.0]
[64.0, 16.0, 903.0, 645.0]
[112.0, 32.0, 952.0, 662.0]
[16.0, 32.0, 857.0, 663.0]
[64.0, 16.0, 906.0, 648.0]
[64.0, 16.0, 907.0, 648.0]
[80.0, 48.0, 924.0, 681.0]
[32.0, 16.0, 877.0, 650.0]
[64.0, 0.0, 910.0, 634.0]
[96.0, 0.0, 943.0, 635.0]
[0.0, 16.0, 848.0, 652.0]
[0.0, 0.0, 849.0, 637.0]
[96.0, 0.0, 946.0, 638.0]
[80.0, 0.0, 931.0, 638.0]
[0.0, 32.0, 852.0, 671.0]
[48.0, 16.0, 901.0, 656.0]
[96.0, 16.0, 950.0, 656.0]
[48.0, 32.0, 903.0, 673.0]
[48.0, 16.0, 904.0, 658.0]
[80.0, 32.0, 937.0, 675.0]
[80.0, 16.0, 938.0, 660.0]
[48.0, 16.0, 907.0, 660.0]
[32.0, 32.0, 892.0, 677.0]
[48.0, 32.0, 909.0, 678.0]
[16.0, 0.0, 878.0, 646.0]
[96.0, 0.0, 959.0, 647.0]
[64.0, 0.0, 928.0, 648.0]
[80.0, 0.0, 945.0, 649.0]
[64.0, 32.0, 930.0, 682.0]
[64.0, 0.0, 931.0, 650.0]
[48.0, 32.0, 916.0, 683.0]
[16.0, 16.0, 885.0, 668.0]
[16.0, 16.0, 886.0, 668.0]
[0.0, 0.0, 871.0, 653.0]
[0.0, 0.0, 872.0, 654.0]
[48.0, 0.0, 921.0, 655.0]
[16.0, 0.0, 890.0, 656.0]
[48.0, 0.0, 923.0, 656.0]
[0.0, 0.0, 876.0, 657.0]
[64.0, 0.0, 941.0, 658.0]
[32.0, 16.0, 910.0, 674.0]
[48.0, 0.0, 927.0, 659.0]
[32.0, 16.0, 912.0, 676.0]
[48.0, 16.0, 929.0, 677.0]
[0.0, 16.0, 882.0, 678.0]
[32.0, 0.0, 915.0, 662.0]
[16.0, 16.0, 900.0, 679.0]
[32.0, 0.0, 917.0, 664.0]
[16.0, 0.0, 902.0, 664.0]
[64.0, 16.0, 951.0, 681.0]
[0.0, 0.0, 888.0, 666.0]
[48.0, 0.0, 937.0, 667.0]
[48.0, 0.0, 938.0, 668.0]
[16.0, 0.0, 907.0, 668.0]
[0.0, 0.0, 892.0, 669.0]
[16.0, 0.0, 909.0, 670.0]
[32.0, 0.0, 926.0, 670.0]
[32.0, 0.0, 927.0, 671.0]
[16.0, 0.0, 912.0, 672.0]
[32.0, 0.0, 929.0, 673.0]
[48.0, 0.0, 946.0, 674.0]
[32.0, 0.0, 931.0, 674.0]
[32.0, 0.0, 932.0, 675.0]
[48.0, 0.0, 949.0, 676.0]
[32.0, 0.0, 934.0, 676.0]
[0.0, 0.0, 903.0, 677.0]
[0.0, 0.0, 904.0, 678.0]
[16.0, 0.0, 921.0, 679.0]
[0.0, 0.0, 906.0, 680.0]
[16.0, 0.0, 923.0, 680.0]
[0.0, 0.0, 908.0, 681.0]
[32.0, 0.0, 941.0, 682.0]
[16.0, 0.0, 926.0, 682.0]
[32.0, 0.0, 943.0, 683.0]
