[144.0, 48.0, 929.0, 637.0]
[192.0, 32.0, 978.0, 622.0]
[128.0, 112.0, 915.0, 702.0]
[80.0, 48.0, 868.0, 639.0]
[64.0, 32.0, 853.0, 624.0]
[64.0, 112.0, 854.0, 704.0]
[128.0, 64.0, 919.0, 657.0]
[48.0, 128.0, 840.0, 722.0]
[160.0, 96.0, 953.0, 691.0]
[112.0, 48.0, 906.0, 644.0]
[128.0, 48.0, 923.0, 644.0]
[32.0, 96.0, 828.0, 693.0]
[32.0, 80.0, 829.0, 678.0]
[32.0, 112.0, 830.0, 710.0]
[176.0, 144.0, 975.0, 743.0]
[32.0, 96.0, 832.0, 696.0]
[96.0, 128.0, 897.0, 729.0]
[160.0, 80.0, 962.0, 682.0]
[160.0, 128.0, 963.0, 730.0]
[176.0, 112.0, 980.0, 715.0]
[160.0, 64.0, 965.0, 668.0]
[80.0, 32.0, 886.0, 636.0]
[160.0, 96.0, 967.0, 701.0]
[128.0, 144.0, 936.0, 750.0]
[32.0, 48.0, 841.0, 655.0]
[192.0, 128.0, 1002.0, 736.0]
[112.0, 64.0, 923.0, 672.0]
[64.0, 96.0, 876.0, 705.0]
[96.0, 16.0, 909.0, 626.0]
[192.0, 96.0, 1006.0, 706.0]
[144.0, 144.0, 959.0, 755.0]
[16.0, 128.0, 832.0, 740.0]
[160.0, 32.0, 977.0, 645.0]
[32.0, 16.0, 850.0, 630.0]
[48.0, 48.0, 867.0, 662.0]
[32.0, 32.0, 852.0, 647.0]
[48.0, 48.0, 869.0, 664.0]
[96.0, 128.0, 918.0, 744.0]
[176.0, 16.0, 999.0, 633.0]
[48.0, 16.0, 872.0, 634.0]
[176.0, 32.0, 1001.0, 651.0]
[64.0, 16.0, 890.0, 636.0]
[192.0, 32.0, 1019.0, 652.0]
[96.0, 16.0, 924.0, 637.0]
[0.0, 64.0, 829.0, 686.0]
[16.0, 32.0, 846.0, 654.0]
[176.0, 80.0, 1007.0, 703.0]
[0.0, 80.0, 832.0, 704.0]
[64.0, 48.0, 897.0, 673.0]
[176.0, 80.0, 1010.0, 706.0]
[160.0, 16.0, 995.0, 642.0]
[16.0, 112.0, 852.0, 739.0]
[0.0, 112.0, 837.0, 740.0]
[128.0, 80.0, 966.0, 708.0]
[112.0, 128.0, 951.0, 757.0]
[0.0, 48.0, 840.0, 678.0]
[112.0, 16.0, 953.0, 647.0]
[80.0, 96.0, 922.0, 728.0]
[96.0, 0.0, 939.0, 632.0]
[96.0, 64.0, 940.0, 697.0]
[80.0, 32.0, 925.0, 666.0]
[16.0, 16.0, 862.0, 650.0]
[64.0, 48.0, 911.0, 683.0]
[16.0, 112.0, 864.0, 748.0]
[48.0, 48.0, 897.0, 685.0]
[0.0, 96.0, 850.0, 734.0]
[48.0, 32.0, 899.0, 670.0]
[80.0, 96.0, 932.0, 735.0]
[160.0, 48.0, 1013.0, 688.0]
[16.0, 128.0, 870.0, 768.0]
[128.0, 96.0, 983.0, 737.0]
[16.0, 16.0, 872.0, 658.0]
[128.0, 64.0, 985.0, 707.0]
[64.0, 48.0, 922.0, 692.0]
[96.0, 112.0, 955.0, 756.0]
[16.0, 64.0, 876.0, 709.0]
[48.0, 112.0, 909.0, 758.0]
[96.0, 80.0, 958.0, 726.0]
[112.0, 16.0, 975.0, 663.0]
[112.0, 112.0, 976.0, 760.0]
[64.0, 16.0, 929.0, 665.0]
[48.0, 48.0, 914.0, 698.0]
[80.0, 112.0, 947.0, 762.0]
[80.0, 32.0, 948.0, 683.0]
[64.0, 48.0, 933.0, 700.0]
[0.0, 112.0, 870.0, 764.0]
[80.0, 112.0, 951.0, 765.0]
[64.0, 112.0, 936.0, 766.0]
[0.0, 48.0, 873.0, 703.0]
[16.0, 64.0, 890.0, 720.0]
[0.0, 64.0, 875.0, 720.0]
[80.0, 80.0, 956.0, 737.0]
[32.0, 64.0, 909.0, 722.0]
[112.0, 64.0, 990.0, 722.0]
[80.0, 48.0, 959.0, 707.0]
[32.0, 80.0, 912.0, 740.0]
[16.0, 80.0, 897.0, 741.0]
[32.0, 0.0, 914.0, 662.0]
[0.0, 32.0, 883.0, 694.0]
[128.0, 64.0, 1012.0, 727.0]
[0.0, 64.0, 885.0, 728.0]
[32.0, 64.0, 918.0, 728.0]
[96.0, 16.0, 983.0, 681.0]
[128.0, 64.0, 1016.0, 730.0]
[32.0, 48.0, 921.0, 715.0]
[96.0, 0.0, 986.0, 668.0]
[32.0, 48.0, 923.0, 716.0]
[96.0, 64.0, 988.0, 733.0]
[32.0, 16.0, 925.0, 686.0]
[64.0, 80.0, 958.0, 750.0]
[16.0, 16.0, 911.0, 687.0]
[16.0, 48.0, 912.0, 720.0]
[48.0, 48.0, 945.0, 721.0]
[0.0, 64.0, 898.0, 738.0]
[16.0, 48.0, 915.0, 722.0]
[64.0, 32.0, 964.0, 707.0]
[64.0, 32.0, 965.0, 708.0]
[48.0, 0.0, 950.0, 676.0]
[80.0, 48.0, 983.0, 725.0]
[80.0, 64.0, 984.0, 742.0]
[112.0, 0.0, 1017.0, 679.0]
[80.0, 16.0, 986.0, 696.0]
[96.0, 64.0, 1003.0, 744.0]
[96.0, 32.0, 1004.0, 713.0]
[0.0, 0.0, 909.0, 682.0]
[96.0, 64.0, 1006.0, 746.0]
[0.0, 0.0, 911.0, 683.0]
[32.0, 64.0, 944.0, 748.0]
[48.0, 48.0, 961.0, 733.0]
[64.0, 80.0, 978.0, 766.0]
[16.0, 80.0, 931.0, 766.0]
[32.0, 16.0, 948.0, 703.0]
[64.0, 48.0, 981.0, 736.0]
[32.0, 16.0, 950.0, 704.0]
[48.0, 32.0, 967.0, 721.0]
[64.0, 32.0, 984.0, 722.0]
[64.0, 32.0, 985.0, 723.0]
[16.0, 32.0, 938.0, 724.0]
[96.0, 16.0, 1019.0, 708.0]
[0.0, 32.0, 924.0, 725.0]
[80.0, 0.0, 1005.0, 694.0]
[0.0, 32.0, 926.0, 726.0]
[48.0, 32.0, 975.0, 727.0]
[0.0, 48.0, 928.0, 744.0]
[64.0, 48.0, 993.0, 745.0]
[48.0, 16.0, 978.0, 714.0]
[80.0, 32.0, 1011.0, 730.0]
[64.0, 32.0, 996.0, 731.0]
[16.0, 48.0, 949.0, 748.0]
[48.0, 32.0, 982.0, 732.0]
[64.0, 64.0, 999.0, 765.0]
[32.0, 48.0, 968.0, 750.0]
[0.0, 32.0, 937.0, 735.0]
[80.0, 16.0, 1018.0, 720.0]
[16.0, 48.0, 955.0, 752.0]
[32.0, 16.0, 972.0, 721.0]
[32.0, 16.0, 973.0, 722.0]
[80.0, 32.0, 1022.0, 738.0]
[16.0, 32.0, 959.0, 739.0]
[32.0, 0.0, 976.0, 708.0]
[64.0, 0.0, 1009.0, 709.0]
[0.0, 0.0, 946.0, 710.0]
[32.0, 16.0, 979.0, 726.0]
[16.0, 32.0, 964.0, 743.0]
[0.0, 16.0, 949.0, 728.0]
[64.0, 48.0, 1014.0, 760.0]
[0.0, 16.0, 951.0, 729.0]
[0.0, 16.0, 952.0, 730.0]
[64.0, 16.0, 1017.0, 731.0]
[32.0, 16.0, 986.0, 732.0]
[16.0, 16.0, 971.0, 732.0]
[48.0, 16.0, 1004.0, 733.0]
[0.0, 16.0, 957.0, 734.0]
[0.0, 16.0, 958.0, 734.0]
[16.0, 0.0, 975.0, 719.0]
[48.0, 48.0, 1008.0, 768.0]
[0.0, 16.0, 961.0, 737.0]
[48.0, 0.0, 1010.0, 722.0]
[0.0, 32.0, 963.0, 754.0]
[48.0, 0.0, 1012.0, 723.0]
[32.0, 16.0, 997.0, 740.0]
[0.0, 16.0, 966.0, 740.0]
[32.0, 16.0, 999.0, 741.0]
[0.0, 16.0, 968.0, 742.0]
[16.0, 16.0, 985.0, 743.0]
[16.0, 32.0, 986.0, 760.0]
[16.0, 32.0, 987.0, 760.0]
[16.0, 32.0, 988.0, 761.0]
[48.0, 16.0, 1021.0, 746.0]
[32.0, 16.0, 1006.0, 746.0]
[48.0, 16.0, 1023.0, 747.0]
[48.0, 32.0, 1024.0, 764.0]
[16.0, 16.0, 993.0, 749.0]
[16.0, 0.0, 994.0, 734.0]
[32.0, 0.0, 1011.0, 734.0]
[32.0, 0.0, 1012.0, 735.0]
[32.0, 16.0, 1013.0, 752.0]
[16.0, 0.0, 998.0, 736.0]
[16.0, 0.0, 999.0, 737.0]
[16.0, 16.0, 1000.0, 754.0]
[16.0, 0.0, 1001.0, 739.0]
[16.0, 0.0, 1002.0, 740.0]
[32.0, 0.0, 1019.0, 740.0]
[0.0, 16.0, 988.0, 757.0]
[16.0, 16.0, 1005.0, 758.0]
[32.0, 0.0, 1022.0, 742.0]
[16.0, 16.0, 1007.0, 759.0]
[0.0, 0.0, 992.0, 744.0]
[16.0, 16.0, 1009.0, 761.0]
[0.0, 16.0, 994.0, 762.0]
[0.0, 16.0, 995.0, 762.0]
[16.0, 0.0, 1012.0, 747.0]
[16.0, 16.0, 1013.0, 764.0]
[0.0, 0.0, 998.0, 748.0]
[16.0, 16.0, 1015.0, 765.0]
[16.0, 16.0, 1016.0, 766.0]
[0.0, 16.0, 1001.0, 767.0]
[16.0, 16.0, 1018.0, 768.0]
[16.0, 16.0, 1019.0, 768.0]
[0.0, 0.0, 1004.0, 753.0]
[0.0, 0.0, 1005.0, 754.0]
[0.0, 0.0, 1006.0, 754.0]
[0.0, 0.0, 1007.0, 755.0]
[0.0, 0.0, 1008.0, 756.0]
[0.0, 0.0, 1009.0, 757.0]
[0.0, 0.0, 1010.0, 758.0]
[0.0, 0.0, 1011.0, 758.0]
[0.0, 0.0, 1012.0, 759.0]
[0.0, 0.0, 1013.0, 760.0]
[0.0, 0.0, 1014.0, 760.0]
[0.0, 0.0, 1015.0, 761.0]
[0.0, 0.0, 1016.0, 762.0]
[0.0, 0.0, 1017.0, 763.0]
[0.0, 0.0, 1018.0, 764.0]
[0.0, 0.0, 1019.0, 764.0]
[0.0, 0.0, 1020.0, 765.0]
[0.0, 0.0, 1021.0, 766.0]
[0.0, 0.0, 1022.0, 766.0]
[0.0, 0.0, 1023.0, 767.0]
[0.0, 0.0, 1024.0, 768.0]
