[176.0, 80.0, 814.0, 930.0]
[208.0, 48.0, 846.0, 899.0]
[96.0, 64.0, 735.0, 916.0]
[96.0, 96.0, 736.0, 949.0]
[192.0, 48.0, 832.0, 902.0]
[80.0, 112.0, 721.0, 967.0]
[144.0, 112.0, 786.0, 968.0]
[160.0, 96.0, 803.0, 953.0]
[48.0, 64.0, 692.0, 922.0]
[224.0, 112.0, 868.0, 971.0]
[160.0, 48.0, 805.0, 908.0]
[48.0, 96.0, 694.0, 957.0]
[192.0, 128.0, 838.0, 990.0]
[80.0, 48.0, 727.0, 911.0]
[96.0, 128.0, 744.0, 992.0]
[176.0, 48.0, 825.0, 913.0]
[32.0, 96.0, 682.0, 962.0]
[176.0, 128.0, 826.0, 995.0]
[144.0, 112.0, 795.0, 980.0]
[112.0, 112.0, 764.0, 981.0]
[208.0, 80.0, 860.0, 950.0]
[176.0, 128.0, 829.0, 999.0]
[96.0, 128.0, 750.0, 1000.0]
[224.0, 80.0, 879.0, 953.0]
[128.0, 80.0, 784.0, 954.0]
[96.0, 16.0, 752.0, 891.0]
[176.0, 96.0, 833.0, 972.0]
[80.0, 64.0, 738.0, 941.0]
[48.0, 32.0, 706.0, 910.0]
[32.0, 112.0, 691.0, 991.0]
[16.0, 80.0, 676.0, 960.0]
[176.0, 48.0, 837.0, 929.0]
[144.0, 128.0, 806.0, 1010.0]
[208.0, 16.0, 870.0, 899.0]
[32.0, 16.0, 695.0, 900.0]
[96.0, 80.0, 760.0, 965.0]
[176.0, 128.0, 840.0, 1014.0]
[128.0, 48.0, 793.0, 935.0]
[80.0, 32.0, 746.0, 920.0]
[144.0, 112.0, 811.0, 1001.0]
[32.0, 80.0, 700.0, 970.0]
[208.0, 80.0, 876.0, 971.0]
[16.0, 32.0, 685.0, 924.0]
[96.0, 48.0, 766.0, 941.0]
[80.0, 16.0, 750.0, 910.0]
[96.0, 64.0, 767.0, 959.0]
[160.0, 16.0, 832.0, 912.0]
[160.0, 112.0, 833.0, 1009.0]
[192.0, 16.0, 866.0, 914.0]
[48.0, 48.0, 722.0, 947.0]
[64.0, 16.0, 739.0, 916.0]
[80.0, 32.0, 756.0, 933.0]
[16.0, 64.0, 692.0, 966.0]
[16.0, 64.0, 693.0, 967.0]
[144.0, 48.0, 822.0, 952.0]
[80.0, 64.0, 759.0, 969.0]
[128.0, 48.0, 808.0, 954.0]
[96.0, 16.0, 776.0, 923.0]
[32.0, 80.0, 713.0, 988.0]
[208.0, 64.0, 890.0, 973.0]
[96.0, 48.0, 778.0, 958.0]
[192.0, 112.0, 875.0, 1023.0]
[176.0, 48.0, 860.0, 960.0]
[16.0, 80.0, 701.0, 993.0]
[160.0, 16.0, 846.0, 930.0]
[176.0, 96.0, 862.0, 1011.0]
[112.0, 64.0, 799.0, 980.0]
[192.0, 80.0, 880.0, 997.0]
[48.0, 0.0, 736.0, 918.0]
[208.0, 80.0, 897.0, 999.0]
[144.0, 0.0, 834.0, 920.0]
[160.0, 96.0, 851.0, 1017.0]
[144.0, 80.0, 836.0, 1002.0]
[112.0, 96.0, 804.0, 1019.0]
[144.0, 96.0, 837.0, 1020.0]
[192.0, 64.0, 886.0, 989.0]
[96.0, 16.0, 790.0, 942.0]
[208.0, 64.0, 903.0, 991.0]
[112.0, 48.0, 808.0, 976.0]
[96.0, 64.0, 793.0, 993.0]
[160.0, 64.0, 858.0, 994.0]
[224.0, 64.0, 922.0, 995.0]
[96.0, 48.0, 795.0, 980.0]
[224.0, 32.0, 924.0, 965.0]
[64.0, 80.0, 764.0, 1014.0]
[80.0, 64.0, 781.0, 999.0]
[96.0, 0.0, 798.0, 936.0]
[192.0, 0.0, 895.0, 937.0]
[80.0, 64.0, 784.0, 1002.0]
[208.0, 48.0, 912.0, 987.0]
[176.0, 16.0, 881.0, 956.0]
[160.0, 0.0, 866.0, 941.0]
[0.0, 48.0, 706.0, 990.0]
[32.0, 48.0, 739.0, 991.0]
[80.0, 48.0, 788.0, 992.0]
[80.0, 64.0, 789.0, 1009.0]
[176.0, 32.0, 886.0, 978.0]
[192.0, 16.0, 902.0, 963.0]
[224.0, 48.0, 935.0, 996.0]
[144.0, 0.0, 856.0, 949.0]
[96.0, 32.0, 808.0, 982.0]
[80.0, 16.0, 793.0, 967.0]
[48.0, 48.0, 762.0, 1000.0]
[80.0, 16.0, 795.0, 969.0]
[48.0, 64.0, 764.0, 1018.0]
[144.0, 0.0, 860.0, 955.0]
[48.0, 64.0, 765.0, 1020.0]
[192.0, 32.0, 910.0, 989.0]
[16.0, 16.0, 734.0, 974.0]
[48.0, 16.0, 767.0, 975.0]
[144.0, 48.0, 864.0, 1008.0]
[64.0, 0.0, 785.0, 961.0]
[0.0, 32.0, 722.0, 994.0]
[176.0, 48.0, 898.0, 1011.0]
[160.0, 16.0, 883.0, 980.0]
[64.0, 16.0, 788.0, 981.0]
[208.0, 32.0, 932.0, 998.0]
[208.0, 16.0, 933.0, 983.0]
[32.0, 48.0, 758.0, 1016.0]
[0.0, 16.0, 727.0, 985.0]
[0.0, 32.0, 728.0, 1002.0]
[192.0, 16.0, 920.0, 987.0]
[160.0, 48.0, 889.0, 1020.0]
[208.0, 32.0, 938.0, 1005.0]
[160.0, 32.0, 890.0, 1006.0]
[64.0, 0.0, 795.0, 975.0]
[16.0, 32.0, 748.0, 1008.0]
[96.0, 32.0, 829.0, 1009.0]
[80.0, 0.0, 814.0, 978.0]
[208.0, 16.0, 942.0, 995.0]
[112.0, 0.0, 847.0, 980.0]
[208.0, 0.0, 944.0, 981.0]
[128.0, 32.0, 864.0, 1014.0]
[64.0, 16.0, 801.0, 999.0]
[128.0, 32.0, 866.0, 1016.0]
[176.0, 32.0, 915.0, 1017.0]
[144.0, 0.0, 884.0, 986.0]
[96.0, 16.0, 836.0, 1003.0]
[144.0, 0.0, 885.0, 988.0]
[128.0, 32.0, 870.0, 1021.0]
[48.0, 32.0, 790.0, 1022.0]
[64.0, 0.0, 807.0, 991.0]
[128.0, 32.0, 872.0, 1024.0]
[0.0, 0.0, 745.0, 993.0]
[112.0, 16.0, 858.0, 1010.0]
[144.0, 16.0, 890.0, 1011.0]
[128.0, 0.0, 875.0, 996.0]
[64.0, 16.0, 812.0, 1013.0]
[128.0, 0.0, 876.0, 998.0]
[0.0, 0.0, 749.0, 999.0]
[192.0, 16.0, 942.0, 1016.0]
[64.0, 16.0, 815.0, 1017.0]
[96.0, 0.0, 848.0, 1002.0]
[176.0, 16.0, 928.0, 1019.0]
[128.0, 16.0, 881.0, 1020.0]
[192.0, 16.0, 946.0, 1021.0]
[16.0, 0.0, 770.0, 1006.0]
[48.0, 0.0, 803.0, 1007.0]
[112.0, 16.0, 868.0, 1024.0]
[128.0, 0.0, 885.0, 1009.0]
[0.0, 0.0, 758.0, 1010.0]
[32.0, 0.0, 790.0, 1011.0]
[0.0, 0.0, 759.0, 1012.0]
[144.0, 0.0, 904.0, 1013.0]
[176.0, 0.0, 936.0, 1014.0]
[32.0, 0.0, 793.0, 1015.0]
[160.0, 0.0, 922.0, 1016.0]
[128.0, 0.0, 891.0, 1017.0]
[80.0, 0.0, 844.0, 1018.0]
[144.0, 0.0, 908.0, 1019.0]
[176.0, 0.0, 941.0, 1020.0]
[80.0, 0.0, 846.0, 1021.0]
[64.0, 0.0, 830.0, 1022.0]
[0.0, 0.0, 767.0, 1023.0]
[96.0, 0.0, 864.0, 1024.0]
