[192.0, 48.0, 933.0, 604.0]
[208.0, 96.0, 950.0, 652.0]
[144.0, 96.0, 887.0, 653.0]
[128.0, 80.0, 872.0, 638.0]
[240.0, 48.0, 985.0, 607.0]
[48.0, 80.0, 794.0, 640.0]
[144.0, 80.0, 891.0, 640.0]
[160.0, 80.0, 908.0, 641.0]
[112.0, 32.0, 861.0, 594.0]
[240.0, 64.0, 990.0, 626.0]
[160.0, 80.0, 911.0, 643.0]
[32.0, 48.0, 784.0, 612.0]
[48.0, 32.0, 801.0, 597.0]
[96.0, 48.0, 850.0, 614.0]
[80.0, 32.0, 835.0, 598.0]
[48.0, 96.0, 804.0, 663.0]
[64.0, 64.0, 821.0, 632.0]
[240.0, 48.0, 998.0, 616.0]
[96.0, 64.0, 855.0, 633.0]
[96.0, 80.0, 856.0, 650.0]
[160.0, 96.0, 921.0, 667.0]
[144.0, 48.0, 906.0, 620.0]
[128.0, 32.0, 891.0, 604.0]
[128.0, 80.0, 892.0, 653.0]
[240.0, 80.0, 1005.0, 654.0]
[208.0, 96.0, 974.0, 670.0]
[128.0, 96.0, 895.0, 671.0]
[160.0, 32.0, 928.0, 608.0]
[48.0, 48.0, 817.0, 625.0]
[32.0, 64.0, 802.0, 642.0]
[96.0, 64.0, 867.0, 642.0]
[48.0, 16.0, 820.0, 595.0]
[128.0, 64.0, 901.0, 644.0]
[48.0, 0.0, 822.0, 580.0]
[64.0, 32.0, 839.0, 613.0]
[160.0, 64.0, 936.0, 646.0]
[80.0, 32.0, 857.0, 615.0]
[96.0, 80.0, 874.0, 664.0]
[48.0, 48.0, 827.0, 632.0]
[16.0, 16.0, 796.0, 601.0]
[96.0, 80.0, 877.0, 666.0]
[224.0, 32.0, 1006.0, 618.0]
[112.0, 96.0, 895.0, 683.0]
[112.0, 32.0, 896.0, 620.0]
[176.0, 16.0, 961.0, 605.0]
[80.0, 48.0, 866.0, 638.0]
[48.0, 80.0, 835.0, 670.0]
[160.0, 16.0, 948.0, 607.0]
[144.0, 0.0, 933.0, 592.0]
[144.0, 64.0, 934.0, 656.0]
[48.0, 16.0, 839.0, 609.0]
[96.0, 32.0, 888.0, 626.0]
[128.0, 80.0, 921.0, 675.0]
[32.0, 64.0, 826.0, 660.0]
[112.0, 0.0, 907.0, 596.0]
[48.0, 64.0, 844.0, 661.0]
[192.0, 64.0, 989.0, 662.0]
[176.0, 48.0, 974.0, 646.0]
[176.0, 16.0, 975.0, 615.0]
[80.0, 80.0, 880.0, 680.0]
[96.0, 32.0, 897.0, 633.0]
[128.0, 16.0, 930.0, 618.0]
[48.0, 64.0, 851.0, 666.0]
[160.0, 80.0, 964.0, 683.0]
[128.0, 0.0, 933.0, 604.0]
[176.0, 16.0, 982.0, 620.0]
[96.0, 48.0, 903.0, 653.0]
[112.0, 16.0, 920.0, 622.0]
[128.0, 16.0, 937.0, 623.0]
[128.0, 32.0, 938.0, 640.0]
[0.0, 64.0, 811.0, 672.0]
[96.0, 32.0, 908.0, 641.0]
[16.0, 16.0, 829.0, 626.0]
[80.0, 32.0, 894.0, 642.0]
[16.0, 16.0, 831.0, 627.0]
[144.0, 16.0, 960.0, 628.0]
[96.0, 16.0, 913.0, 629.0]
[48.0, 48.0, 866.0, 662.0]
[176.0, 64.0, 995.0, 678.0]
[112.0, 16.0, 932.0, 631.0]
[48.0, 64.0, 869.0, 680.0]
[32.0, 0.0, 854.0, 616.0]
[160.0, 32.0, 983.0, 649.0]
[96.0, 0.0, 920.0, 618.0]
[64.0, 0.0, 889.0, 619.0]
[16.0, 16.0, 842.0, 636.0]
[144.0, 32.0, 971.0, 652.0]
[176.0, 0.0, 1004.0, 621.0]
[160.0, 0.0, 989.0, 622.0]
[160.0, 48.0, 990.0, 670.0]
[176.0, 32.0, 1007.0, 655.0]
[192.0, 48.0, 1024.0, 672.0]
[144.0, 48.0, 977.0, 673.0]
[64.0, 0.0, 898.0, 626.0]
[144.0, 48.0, 979.0, 674.0]
[48.0, 32.0, 884.0, 659.0]
[48.0, 48.0, 885.0, 676.0]
[32.0, 16.0, 870.0, 644.0]
[128.0, 48.0, 967.0, 677.0]
[144.0, 32.0, 984.0, 662.0]
[16.0, 0.0, 857.0, 631.0]
[128.0, 32.0, 970.0, 664.0]
[0.0, 48.0, 843.0, 680.0]
[48.0, 0.0, 892.0, 633.0]
[112.0, 48.0, 957.0, 682.0]
[16.0, 16.0, 862.0, 650.0]
[96.0, 16.0, 943.0, 651.0]
[160.0, 32.0, 1008.0, 668.0]
[112.0, 0.0, 961.0, 637.0]
[112.0, 32.0, 962.0, 670.0]
[160.0, 0.0, 1011.0, 638.0]
[48.0, 32.0, 900.0, 671.0]
[144.0, 16.0, 997.0, 656.0]
[144.0, 16.0, 998.0, 656.0]
[0.0, 16.0, 855.0, 657.0]
[96.0, 0.0, 952.0, 642.0]
[112.0, 0.0, 969.0, 643.0]
[48.0, 0.0, 906.0, 644.0]
[32.0, 16.0, 891.0, 660.0]
[32.0, 32.0, 892.0, 677.0]
[0.0, 16.0, 861.0, 662.0]
[32.0, 0.0, 894.0, 646.0]
[16.0, 32.0, 879.0, 679.0]
[32.0, 16.0, 896.0, 664.0]
[96.0, 0.0, 961.0, 649.0]
[96.0, 32.0, 962.0, 682.0]
[80.0, 0.0, 947.0, 650.0]
[80.0, 32.0, 948.0, 683.0]
[144.0, 0.0, 1013.0, 652.0]
[128.0, 16.0, 998.0, 668.0]
[128.0, 0.0, 999.0, 653.0]
[64.0, 16.0, 936.0, 670.0]
[48.0, 16.0, 921.0, 671.0]
[144.0, 16.0, 1018.0, 672.0]
[0.0, 16.0, 875.0, 672.0]
[16.0, 16.0, 892.0, 673.0]
[144.0, 16.0, 1021.0, 674.0]
[64.0, 16.0, 942.0, 674.0]
[144.0, 0.0, 1023.0, 659.0]
[112.0, 0.0, 992.0, 660.0]
[128.0, 0.0, 1009.0, 661.0]
[80.0, 0.0, 962.0, 662.0]
[80.0, 16.0, 963.0, 678.0]
[64.0, 16.0, 948.0, 679.0]
[128.0, 0.0, 1013.0, 664.0]
[112.0, 0.0, 998.0, 664.0]
[0.0, 0.0, 887.0, 665.0]
[0.0, 0.0, 888.0, 666.0]
[0.0, 16.0, 889.0, 683.0]
[128.0, 0.0, 1018.0, 668.0]
[96.0, 0.0, 987.0, 668.0]
[48.0, 0.0, 940.0, 669.0]
[16.0, 0.0, 909.0, 670.0]
[64.0, 0.0, 958.0, 670.0]
[96.0, 0.0, 991.0, 671.0]
[128.0, 0.0, 1024.0, 672.0]
[96.0, 0.0, 993.0, 673.0]
[0.0, 0.0, 898.0, 674.0]
[80.0, 0.0, 979.0, 674.0]
[96.0, 0.0, 996.0, 675.0]
[80.0, 0.0, 981.0, 676.0]
[0.0, 0.0, 902.0, 676.0]
[0.0, 0.0, 903.0, 677.0]
[48.0, 0.0, 952.0, 678.0]
[64.0, 0.0, 969.0, 679.0]
[0.0, 0.0, 906.0, 680.0]
[64.0, 0.0, 971.0, 680.0]
[64.0, 0.0, 972.0, 681.0]
[80.0, 0.0, 989.0, 682.0]
[0.0, 0.0, 910.0, 682.0]
[0.0, 0.0, 911.0, 683.0]
