[32.0, 64.0, 570.0, 781.0]
[128.0, 112.0, 666.0, 830.0]
[80.0, 128.0, 619.0, 847.0]
[0.0, 144.0, 540.0, 864.0]
[96.0, 96.0, 637.0, 817.0]
[16.0, 96.0, 558.0, 818.0]
[96.0, 48.0, 638.0, 771.0]
[32.0, 32.0, 575.0, 756.0]
[48.0, 96.0, 592.0, 821.0]
[96.0, 160.0, 640.0, 886.0]
[64.0, 64.0, 609.0, 791.0]
[112.0, 112.0, 658.0, 840.0]
[128.0, 112.0, 675.0, 841.0]
[128.0, 128.0, 676.0, 858.0]
[48.0, 160.0, 596.0, 891.0]
[16.0, 48.0, 565.0, 780.0]
[16.0, 96.0, 566.0, 829.0]
[32.0, 80.0, 582.0, 814.0]
[64.0, 128.0, 615.0, 863.0]
[128.0, 48.0, 680.0, 784.0]
[80.0, 80.0, 633.0, 817.0]
[112.0, 48.0, 666.0, 786.0]
[0.0, 64.0, 554.0, 803.0]
[96.0, 48.0, 651.0, 788.0]
[32.0, 160.0, 588.0, 901.0]
[112.0, 160.0, 668.0, 902.0]
[80.0, 112.0, 637.0, 855.0]
[80.0, 176.0, 638.0, 920.0]
[80.0, 128.0, 639.0, 873.0]
[64.0, 80.0, 624.0, 826.0]
[48.0, 48.0, 608.0, 795.0]
[48.0, 32.0, 609.0, 780.0]
[0.0, 144.0, 562.0, 893.0]
[32.0, 32.0, 594.0, 782.0]
[48.0, 16.0, 611.0, 767.0]
[96.0, 48.0, 660.0, 800.0]
[48.0, 16.0, 613.0, 769.0]
[48.0, 96.0, 614.0, 850.0]
[80.0, 112.0, 646.0, 867.0]
[32.0, 16.0, 599.0, 772.0]
[112.0, 112.0, 680.0, 869.0]
[16.0, 144.0, 584.0, 902.0]
[0.0, 96.0, 569.0, 855.0]
[96.0, 16.0, 666.0, 776.0]
[32.0, 64.0, 603.0, 825.0]
[0.0, 32.0, 572.0, 794.0]
[64.0, 16.0, 636.0, 779.0]
[16.0, 96.0, 589.0, 860.0]
[48.0, 48.0, 622.0, 813.0]
[64.0, 128.0, 638.0, 894.0]
[80.0, 144.0, 655.0, 911.0]
[64.0, 0.0, 640.0, 768.0]
[80.0, 64.0, 657.0, 833.0]
[32.0, 96.0, 610.0, 866.0]
[96.0, 16.0, 674.0, 787.0]
[64.0, 64.0, 643.0, 836.0]
[64.0, 16.0, 644.0, 789.0]
[32.0, 176.0, 612.0, 950.0]
[48.0, 64.0, 629.0, 839.0]
[64.0, 48.0, 646.0, 824.0]
[16.0, 0.0, 599.0, 777.0]
[96.0, 160.0, 680.0, 938.0]
[48.0, 16.0, 632.0, 795.0]
[48.0, 16.0, 633.0, 796.0]
[0.0, 48.0, 586.0, 829.0]
[80.0, 112.0, 666.0, 894.0]
[32.0, 112.0, 619.0, 895.0]
[64.0, 0.0, 652.0, 784.0]
[0.0, 112.0, 589.0, 897.0]
[64.0, 96.0, 654.0, 882.0]
[32.0, 112.0, 622.0, 899.0]
[64.0, 48.0, 655.0, 836.0]
[64.0, 96.0, 656.0, 885.0]
[80.0, 32.0, 672.0, 822.0]
[64.0, 0.0, 657.0, 791.0]
[64.0, 0.0, 658.0, 792.0]
[80.0, 0.0, 675.0, 793.0]
[16.0, 96.0, 612.0, 890.0]
[32.0, 32.0, 628.0, 827.0]
[32.0, 80.0, 629.0, 876.0]
[80.0, 128.0, 678.0, 925.0]
[64.0, 160.0, 662.0, 958.0]
[48.0, 0.0, 647.0, 799.0]
[64.0, 0.0, 664.0, 800.0]
[32.0, 96.0, 633.0, 897.0]
[16.0, 48.0, 618.0, 850.0]
[16.0, 48.0, 618.0, 851.0]
[32.0, 32.0, 635.0, 836.0]
[32.0, 96.0, 636.0, 901.0]
[16.0, 64.0, 620.0, 870.0]
[48.0, 80.0, 653.0, 887.0]
[16.0, 112.0, 622.0, 920.0]
[32.0, 32.0, 639.0, 841.0]
[32.0, 96.0, 640.0, 906.0]
[16.0, 64.0, 624.0, 875.0]
[64.0, 144.0, 673.0, 956.0]
[0.0, 64.0, 610.0, 877.0]
[0.0, 112.0, 610.0, 926.0]
[16.0, 80.0, 627.0, 895.0]
[64.0, 80.0, 676.0, 896.0]
[0.0, 16.0, 613.0, 833.0]
[32.0, 80.0, 646.0, 898.0]
[64.0, 48.0, 678.0, 867.0]
[16.0, 32.0, 631.0, 852.0]
[64.0, 144.0, 680.0, 965.0]
[0.0, 128.0, 616.0, 950.0]
[32.0, 80.0, 649.0, 903.0]
[0.0, 128.0, 618.0, 952.0]
[16.0, 0.0, 635.0, 825.0]
[32.0, 144.0, 652.0, 970.0]
[48.0, 128.0, 668.0, 955.0]
[32.0, 64.0, 653.0, 892.0]
[16.0, 16.0, 638.0, 845.0]
[16.0, 144.0, 638.0, 974.0]
[32.0, 176.0, 655.0, 1007.0]
[32.0, 48.0, 656.0, 880.0]
[0.0, 112.0, 625.0, 945.0]
[48.0, 16.0, 674.0, 850.0]
[16.0, 64.0, 642.0, 899.0]
[32.0, 96.0, 659.0, 932.0]
[16.0, 160.0, 644.0, 997.0]
[16.0, 80.0, 644.0, 918.0]
[16.0, 112.0, 645.0, 951.0]
[32.0, 144.0, 662.0, 984.0]
[48.0, 128.0, 679.0, 969.0]
[0.0, 0.0, 632.0, 842.0]
[48.0, 64.0, 680.0, 907.0]
[32.0, 64.0, 665.0, 908.0]
[0.0, 80.0, 634.0, 925.0]
[16.0, 80.0, 650.0, 926.0]
[32.0, 96.0, 667.0, 943.0]
[32.0, 32.0, 668.0, 880.0]
[0.0, 32.0, 637.0, 881.0]
[0.0, 144.0, 638.0, 994.0]
[32.0, 160.0, 670.0, 1011.0]
[32.0, 96.0, 671.0, 948.0]
[32.0, 128.0, 672.0, 981.0]
[0.0, 32.0, 640.0, 886.0]
[0.0, 0.0, 641.0, 855.0]
[32.0, 48.0, 674.0, 904.0]
[16.0, 144.0, 659.0, 1001.0]
[0.0, 32.0, 644.0, 890.0]
[0.0, 144.0, 644.0, 1003.0]
[32.0, 160.0, 677.0, 1020.0]
[16.0, 48.0, 662.0, 909.0]
[16.0, 32.0, 662.0, 894.0]
[16.0, 96.0, 663.0, 959.0]
[16.0, 0.0, 664.0, 864.0]
[16.0, 96.0, 665.0, 961.0]
[16.0, 144.0, 666.0, 1010.0]
[0.0, 128.0, 650.0, 995.0]
[16.0, 48.0, 667.0, 916.0]
[0.0, 48.0, 652.0, 917.0]
[0.0, 16.0, 652.0, 886.0]
[0.0, 80.0, 653.0, 951.0]
[16.0, 128.0, 670.0, 1000.0]
[16.0, 112.0, 671.0, 985.0]
[0.0, 64.0, 656.0, 938.0]
[16.0, 32.0, 672.0, 907.0]
[0.0, 0.0, 657.0, 876.0]
[16.0, 80.0, 674.0, 957.0]
[0.0, 80.0, 658.0, 958.0]
[0.0, 96.0, 659.0, 975.0]
[0.0, 96.0, 660.0, 976.0]
[16.0, 112.0, 677.0, 993.0]
[16.0, 128.0, 678.0, 1010.0]
[0.0, 128.0, 662.0, 1011.0]
[16.0, 128.0, 679.0, 1012.0]
[0.0, 16.0, 664.0, 901.0]
[0.0, 64.0, 664.0, 950.0]
[0.0, 112.0, 665.0, 999.0]
[0.0, 32.0, 666.0, 920.0]
[0.0, 0.0, 667.0, 889.0]
[0.0, 96.0, 668.0, 986.0]
[0.0, 80.0, 668.0, 971.0]
[0.0, 80.0, 669.0, 972.0]
[0.0, 96.0, 670.0, 989.0]
[0.0, 16.0, 670.0, 910.0]
[0.0, 0.0, 671.0, 895.0]
[0.0, 48.0, 672.0, 944.0]
[0.0, 96.0, 673.0, 993.0]
[0.0, 16.0, 674.0, 914.0]
[0.0, 96.0, 674.0, 995.0]
[0.0, 48.0, 675.0, 948.0]
[0.0, 96.0, 676.0, 997.0]
[0.0, 96.0, 676.0, 998.0]
