[192.0, 48.0, 909.0, 586.0]
[32.0, 48.0, 750.0, 586.0]
[256.0, 64.0, 975.0, 603.0]
[96.0, 32.0, 816.0, 572.0]
[192.0, 16.0, 913.0, 557.0]
[144.0, 48.0, 866.0, 590.0]
[112.0, 64.0, 835.0, 606.0]
[112.0, 64.0, 836.0, 607.0]
[192.0, 16.0, 917.0, 560.0]
[144.0, 32.0, 870.0, 576.0]
[80.0, 16.0, 807.0, 561.0]
[80.0, 48.0, 808.0, 594.0]
[48.0, 32.0, 777.0, 579.0]
[224.0, 32.0, 954.0, 580.0]
[64.0, 16.0, 795.0, 564.0]
[96.0, 16.0, 828.0, 565.0]
[160.0, 16.0, 893.0, 566.0]
[80.0, 32.0, 814.0, 582.0]
[144.0, 32.0, 879.0, 583.0]
[224.0, 48.0, 960.0, 600.0]
[112.0, 64.0, 849.0, 617.0]
[64.0, 16.0, 802.0, 570.0]
[80.0, 64.0, 819.0, 618.0]
[224.0, 32.0, 964.0, 587.0]
[48.0, 16.0, 789.0, 572.0]
[240.0, 0.0, 982.0, 556.0]
[128.0, 48.0, 871.0, 605.0]
[192.0, 64.0, 936.0, 622.0]
[256.0, 16.0, 1001.0, 575.0]
[256.0, 48.0, 1002.0, 608.0]
[64.0, 0.0, 811.0, 560.0]
[192.0, 0.0, 940.0, 561.0]
[112.0, 48.0, 861.0, 610.0]
[144.0, 0.0, 894.0, 562.0]
[208.0, 64.0, 959.0, 627.0]
[64.0, 48.0, 816.0, 612.0]
[0.0, 32.0, 753.0, 597.0]
[256.0, 32.0, 1010.0, 598.0]
[128.0, 0.0, 883.0, 566.0]
[192.0, 0.0, 948.0, 567.0]
[224.0, 48.0, 981.0, 616.0]
[48.0, 48.0, 806.0, 616.0]
[176.0, 0.0, 935.0, 569.0]
[192.0, 16.0, 952.0, 586.0]
[112.0, 16.0, 873.0, 587.0]
[48.0, 32.0, 810.0, 604.0]
[64.0, 48.0, 827.0, 620.0]
[128.0, 64.0, 892.0, 637.0]
[16.0, 0.0, 781.0, 574.0]
[208.0, 16.0, 974.0, 590.0]
[64.0, 32.0, 831.0, 607.0]
[240.0, 32.0, 1008.0, 608.0]
[112.0, 48.0, 881.0, 625.0]
[32.0, 16.0, 802.0, 594.0]
[64.0, 64.0, 835.0, 642.0]
[128.0, 32.0, 900.0, 611.0]
[128.0, 16.0, 901.0, 596.0]
[176.0, 16.0, 950.0, 596.0]
[80.0, 0.0, 855.0, 581.0]
[48.0, 0.0, 824.0, 582.0]
[160.0, 0.0, 937.0, 583.0]
[160.0, 64.0, 938.0, 648.0]
[48.0, 64.0, 827.0, 648.0]
[16.0, 32.0, 796.0, 617.0]
[192.0, 0.0, 973.0, 586.0]
[64.0, 16.0, 846.0, 602.0]
[224.0, 32.0, 1007.0, 619.0]
[48.0, 32.0, 832.0, 620.0]
[128.0, 64.0, 913.0, 653.0]
[64.0, 64.0, 850.0, 654.0]
[96.0, 0.0, 883.0, 590.0]
[176.0, 48.0, 964.0, 639.0]
[144.0, 32.0, 933.0, 624.0]
[16.0, 32.0, 806.0, 624.0]
[160.0, 16.0, 951.0, 609.0]
[128.0, 32.0, 920.0, 626.0]
[176.0, 64.0, 969.0, 659.0]
[48.0, 64.0, 842.0, 660.0]
[176.0, 16.0, 971.0, 612.0]
[32.0, 16.0, 828.0, 613.0]
[64.0, 32.0, 861.0, 630.0]
[64.0, 0.0, 862.0, 598.0]
[0.0, 32.0, 799.0, 631.0]
[32.0, 16.0, 832.0, 616.0]
[32.0, 16.0, 833.0, 617.0]
[112.0, 48.0, 914.0, 650.0]
[32.0, 32.0, 835.0, 634.0]
[208.0, 0.0, 1012.0, 603.0]
[128.0, 48.0, 933.0, 652.0]
[128.0, 32.0, 934.0, 636.0]
[48.0, 48.0, 855.0, 653.0]
[208.0, 32.0, 1016.0, 638.0]
[0.0, 16.0, 809.0, 623.0]
[32.0, 0.0, 842.0, 608.0]
[48.0, 16.0, 859.0, 624.0]
[80.0, 48.0, 892.0, 657.0]
[160.0, 64.0, 973.0, 674.0]
[64.0, 48.0, 878.0, 658.0]
[16.0, 32.0, 831.0, 643.0]
[96.0, 0.0, 912.0, 612.0]
[176.0, 32.0, 993.0, 645.0]
[160.0, 48.0, 978.0, 662.0]
[128.0, 64.0, 947.0, 678.0]
[160.0, 32.0, 980.0, 647.0]
[128.0, 0.0, 949.0, 616.0]
[32.0, 48.0, 854.0, 664.0]
[32.0, 0.0, 855.0, 617.0]
[96.0, 0.0, 920.0, 618.0]
[80.0, 16.0, 905.0, 635.0]
[64.0, 0.0, 890.0, 620.0]
[0.0, 16.0, 827.0, 636.0]
[96.0, 0.0, 924.0, 621.0]
[128.0, 32.0, 957.0, 654.0]
[16.0, 0.0, 846.0, 622.0]
[0.0, 0.0, 831.0, 623.0]
[96.0, 0.0, 928.0, 624.0]
[80.0, 16.0, 913.0, 641.0]
[0.0, 32.0, 834.0, 658.0]
[112.0, 48.0, 947.0, 674.0]
[176.0, 0.0, 1012.0, 627.0]
[144.0, 0.0, 981.0, 628.0]
[96.0, 16.0, 934.0, 644.0]
[144.0, 0.0, 983.0, 629.0]
[160.0, 48.0, 1000.0, 678.0]
[96.0, 16.0, 937.0, 647.0]
[16.0, 0.0, 858.0, 632.0]
[80.0, 16.0, 923.0, 648.0]
[64.0, 0.0, 908.0, 633.0]
[160.0, 48.0, 1005.0, 682.0]
[144.0, 48.0, 990.0, 682.0]
[80.0, 32.0, 927.0, 667.0]
[48.0, 0.0, 896.0, 636.0]
[0.0, 16.0, 849.0, 653.0]
[80.0, 32.0, 930.0, 670.0]
[32.0, 0.0, 883.0, 638.0]
[160.0, 32.0, 1012.0, 671.0]
[16.0, 0.0, 869.0, 640.0]
[0.0, 0.0, 854.0, 640.0]
[64.0, 0.0, 919.0, 641.0]
[48.0, 16.0, 904.0, 658.0]
[16.0, 32.0, 873.0, 675.0]
[64.0, 16.0, 922.0, 660.0]
[80.0, 32.0, 939.0, 676.0]
[96.0, 32.0, 956.0, 677.0]
[16.0, 32.0, 877.0, 678.0]
[32.0, 16.0, 894.0, 662.0]
[144.0, 32.0, 1007.0, 679.0]
[16.0, 32.0, 880.0, 680.0]
[0.0, 16.0, 865.0, 665.0]
[48.0, 16.0, 914.0, 666.0]
[32.0, 32.0, 899.0, 682.0]
[96.0, 16.0, 964.0, 667.0]
[48.0, 16.0, 917.0, 668.0]
[112.0, 16.0, 982.0, 668.0]
[0.0, 0.0, 871.0, 653.0]
[0.0, 16.0, 872.0, 670.0]
[128.0, 16.0, 1001.0, 671.0]
[80.0, 16.0, 954.0, 672.0]
[64.0, 16.0, 939.0, 672.0]
[32.0, 16.0, 908.0, 673.0]
[64.0, 0.0, 941.0, 658.0]
[32.0, 0.0, 910.0, 658.0]
[96.0, 0.0, 975.0, 659.0]
[96.0, 0.0, 976.0, 660.0]
[64.0, 0.0, 945.0, 661.0]
[0.0, 16.0, 882.0, 678.0]
[0.0, 0.0, 883.0, 662.0]
[80.0, 0.0, 964.0, 663.0]
[16.0, 16.0, 901.0, 680.0]
[0.0, 16.0, 886.0, 680.0]
[16.0, 16.0, 903.0, 681.0]
[16.0, 16.0, 904.0, 682.0]
[0.0, 16.0, 889.0, 683.0]
[16.0, 0.0, 906.0, 668.0]
[32.0, 0.0, 923.0, 668.0]
[128.0, 0.0, 1020.0, 669.0]
[16.0, 0.0, 909.0, 670.0]
[128.0, 0.0, 1022.0, 670.0]
[80.0, 0.0, 975.0, 671.0]
[112.0, 0.0, 1008.0, 672.0]
[80.0, 0.0, 977.0, 673.0]
[32.0, 0.0, 930.0, 674.0]
[0.0, 0.0, 899.0, 674.0]
[32.0, 0.0, 932.0, 675.0]
[16.0, 0.0, 917.0, 676.0]
[16.0, 0.0, 918.0, 676.0]
[96.0, 0.0, 999.0, 677.0]
[0.0, 0.0, 904.0, 678.0]
[96.0, 0.0, 1001.0, 679.0]
[0.0, 0.0, 906.0, 680.0]
[80.0, 0.0, 987.0, 680.0]
[32.0, 0.0, 940.0, 681.0]
[96.0, 0.0, 1005.0, 682.0]
[64.0, 0.0, 974.0, 682.0]
[48.0, 0.0, 959.0, 683.0]
