[128.0, 64.0, 845.0, 602.0]
[128.0, 32.0, 846.0, 570.0]
[16.0, 32.0, 735.0, 571.0]
[96.0, 16.0, 816.0, 556.0]
[176.0, 80.0, 897.0, 621.0]
[64.0, 16.0, 786.0, 558.0]
[208.0, 64.0, 931.0, 606.0]
[64.0, 64.0, 788.0, 607.0]
[208.0, 48.0, 933.0, 592.0]
[96.0, 0.0, 822.0, 544.0]
[144.0, 80.0, 871.0, 625.0]
[224.0, 48.0, 952.0, 594.0]
[160.0, 16.0, 889.0, 563.0]
[192.0, 16.0, 922.0, 564.0]
[112.0, 32.0, 843.0, 580.0]
[160.0, 32.0, 892.0, 581.0]
[80.0, 80.0, 813.0, 630.0]
[224.0, 48.0, 958.0, 598.0]
[208.0, 32.0, 943.0, 583.0]
[32.0, 80.0, 768.0, 632.0]
[48.0, 32.0, 785.0, 585.0]
[0.0, 32.0, 738.0, 586.0]
[160.0, 64.0, 899.0, 618.0]
[80.0, 16.0, 820.0, 571.0]
[80.0, 16.0, 821.0, 572.0]
[0.0, 16.0, 742.0, 572.0]
[224.0, 32.0, 967.0, 589.0]
[32.0, 64.0, 776.0, 622.0]
[112.0, 96.0, 857.0, 655.0]
[112.0, 0.0, 858.0, 560.0]
[16.0, 64.0, 763.0, 624.0]
[0.0, 48.0, 748.0, 609.0]
[16.0, 32.0, 765.0, 594.0]
[128.0, 80.0, 878.0, 642.0]
[64.0, 0.0, 815.0, 563.0]
[112.0, 80.0, 864.0, 644.0]
[96.0, 0.0, 849.0, 565.0]
[160.0, 0.0, 914.0, 566.0]
[0.0, 48.0, 755.0, 614.0]
[208.0, 32.0, 964.0, 599.0]
[128.0, 16.0, 885.0, 584.0]
[160.0, 80.0, 918.0, 648.0]
[224.0, 32.0, 983.0, 601.0]
[16.0, 16.0, 776.0, 586.0]
[144.0, 32.0, 905.0, 603.0]
[112.0, 32.0, 874.0, 604.0]
[48.0, 96.0, 811.0, 668.0]
[80.0, 96.0, 844.0, 669.0]
[64.0, 16.0, 829.0, 590.0]
[80.0, 64.0, 846.0, 638.0]
[80.0, 48.0, 847.0, 623.0]
[128.0, 96.0, 896.0, 672.0]
[80.0, 32.0, 849.0, 609.0]
[128.0, 80.0, 898.0, 658.0]
[32.0, 16.0, 803.0, 594.0]
[176.0, 0.0, 948.0, 579.0]
[16.0, 0.0, 789.0, 580.0]
[64.0, 48.0, 838.0, 628.0]
[112.0, 96.0, 887.0, 677.0]
[16.0, 16.0, 792.0, 598.0]
[64.0, 16.0, 841.0, 599.0]
[112.0, 64.0, 890.0, 648.0]
[80.0, 16.0, 859.0, 600.0]
[160.0, 64.0, 940.0, 649.0]
[16.0, 0.0, 797.0, 586.0]
[64.0, 64.0, 846.0, 650.0]
[112.0, 48.0, 895.0, 635.0]
[32.0, 48.0, 816.0, 636.0]
[16.0, 32.0, 801.0, 621.0]
[16.0, 64.0, 802.0, 654.0]
[0.0, 48.0, 787.0, 638.0]
[144.0, 64.0, 932.0, 655.0]
[192.0, 0.0, 981.0, 592.0]
[96.0, 16.0, 886.0, 608.0]
[96.0, 48.0, 887.0, 641.0]
[64.0, 48.0, 856.0, 642.0]
[112.0, 48.0, 905.0, 643.0]
[32.0, 64.0, 826.0, 660.0]
[0.0, 64.0, 795.0, 660.0]
[112.0, 16.0, 908.0, 613.0]
[112.0, 80.0, 909.0, 678.0]
[112.0, 0.0, 910.0, 598.0]
[176.0, 32.0, 975.0, 631.0]
[176.0, 16.0, 976.0, 616.0]
[48.0, 32.0, 849.0, 633.0]
[48.0, 48.0, 850.0, 650.0]
[16.0, 16.0, 819.0, 618.0]
[128.0, 32.0, 932.0, 635.0]
[176.0, 32.0, 981.0, 636.0]
[96.0, 64.0, 902.0, 668.0]
[112.0, 32.0, 919.0, 637.0]
[32.0, 64.0, 840.0, 670.0]
[96.0, 48.0, 905.0, 655.0]
[128.0, 0.0, 938.0, 608.0]
[16.0, 0.0, 827.0, 608.0]
[64.0, 64.0, 876.0, 673.0]
[112.0, 48.0, 925.0, 658.0]
[112.0, 64.0, 926.0, 674.0]
[160.0, 0.0, 975.0, 611.0]
[16.0, 64.0, 832.0, 676.0]
[160.0, 0.0, 977.0, 613.0]
[112.0, 32.0, 930.0, 646.0]
[176.0, 0.0, 995.0, 614.0]
[48.0, 64.0, 868.0, 679.0]
[0.0, 32.0, 821.0, 648.0]
[80.0, 16.0, 902.0, 632.0]
[80.0, 48.0, 903.0, 665.0]
[80.0, 48.0, 904.0, 666.0]
[144.0, 48.0, 969.0, 667.0]
[16.0, 16.0, 842.0, 636.0]
[32.0, 0.0, 859.0, 620.0]
[0.0, 48.0, 828.0, 669.0]
[48.0, 32.0, 877.0, 654.0]
[32.0, 32.0, 862.0, 654.0]
[16.0, 32.0, 847.0, 655.0]
[112.0, 48.0, 944.0, 672.0]
[80.0, 48.0, 913.0, 673.0]
[48.0, 16.0, 882.0, 642.0]
[112.0, 0.0, 947.0, 626.0]
[112.0, 16.0, 948.0, 643.0]
[80.0, 16.0, 917.0, 644.0]
[16.0, 48.0, 854.0, 676.0]
[112.0, 0.0, 951.0, 629.0]
[16.0, 48.0, 856.0, 678.0]
[112.0, 32.0, 953.0, 663.0]
[32.0, 16.0, 874.0, 648.0]
[64.0, 0.0, 907.0, 632.0]
[144.0, 32.0, 988.0, 665.0]
[32.0, 0.0, 877.0, 634.0]
[80.0, 0.0, 926.0, 634.0]
[64.0, 0.0, 911.0, 635.0]
[48.0, 0.0, 896.0, 636.0]
[16.0, 32.0, 865.0, 669.0]
[96.0, 32.0, 946.0, 670.0]
[128.0, 16.0, 979.0, 654.0]
[48.0, 16.0, 900.0, 655.0]
[144.0, 0.0, 997.0, 640.0]
[48.0, 0.0, 902.0, 640.0]
[112.0, 16.0, 967.0, 657.0]
[0.0, 32.0, 856.0, 674.0]
[0.0, 32.0, 857.0, 675.0]
[80.0, 16.0, 938.0, 660.0]
[32.0, 0.0, 891.0, 644.0]
[112.0, 32.0, 972.0, 677.0]
[128.0, 16.0, 989.0, 662.0]
[112.0, 16.0, 974.0, 662.0]
[16.0, 0.0, 879.0, 647.0]
[128.0, 0.0, 992.0, 648.0]
[0.0, 16.0, 865.0, 665.0]
[80.0, 0.0, 946.0, 650.0]
[0.0, 0.0, 867.0, 650.0]
[96.0, 16.0, 964.0, 667.0]
[112.0, 0.0, 981.0, 652.0]
[16.0, 0.0, 886.0, 652.0]
[32.0, 0.0, 903.0, 653.0]
[112.0, 0.0, 984.0, 654.0]
[16.0, 16.0, 889.0, 671.0]
[32.0, 16.0, 906.0, 672.0]
[80.0, 0.0, 955.0, 656.0]
[96.0, 0.0, 972.0, 657.0]
[48.0, 16.0, 925.0, 674.0]
[80.0, 0.0, 958.0, 658.0]
[64.0, 16.0, 943.0, 675.0]
[32.0, 16.0, 912.0, 676.0]
[96.0, 0.0, 977.0, 661.0]
[112.0, 16.0, 994.0, 678.0]
[80.0, 0.0, 963.0, 662.0]
[64.0, 0.0, 948.0, 663.0]
[112.0, 0.0, 997.0, 664.0]
[32.0, 0.0, 918.0, 664.0]
[80.0, 0.0, 967.0, 665.0]
[0.0, 0.0, 888.0, 666.0]
[96.0, 0.0, 985.0, 667.0]
[80.0, 0.0, 970.0, 668.0]
[32.0, 0.0, 923.0, 668.0]
[16.0, 0.0, 908.0, 669.0]
[16.0, 0.0, 909.0, 670.0]
[80.0, 0.0, 974.0, 670.0]
[16.0, 0.0, 911.0, 671.0]
[96.0, 0.0, 992.0, 672.0]
[48.0, 0.0, 945.0, 673.0]
[96.0, 0.0, 994.0, 674.0]
[16.0, 0.0, 915.0, 674.0]
[80.0, 0.0, 980.0, 675.0]
[80.0, 0.0, 981.0, 676.0]
[32.0, 0.0, 934.0, 676.0]
[16.0, 0.0, 919.0, 677.0]
[80.0, 0.0, 984.0, 678.0]
[64.0, 0.0, 969.0, 679.0]
