[112.0, 32.0, 829.0, 570.0]
[0.0, 48.0, 718.0, 586.0]
[16.0, 96.0, 735.0, 635.0]
[16.0, 48.0, 736.0, 588.0]
[0.0, 0.0, 721.0, 541.0]
[96.0, 48.0, 818.0, 590.0]
[112.0, 96.0, 835.0, 638.0]
[16.0, 16.0, 740.0, 559.0]
[96.0, 16.0, 821.0, 560.0]
[48.0, 64.0, 774.0, 608.0]
[16.0, 96.0, 743.0, 641.0]
[112.0, 16.0, 840.0, 562.0]
[96.0, 0.0, 825.0, 547.0]
[112.0, 48.0, 842.0, 596.0]
[112.0, 0.0, 843.0, 548.0]
[128.0, 48.0, 860.0, 597.0]
[64.0, 0.0, 797.0, 550.0]
[16.0, 32.0, 750.0, 582.0]
[64.0, 64.0, 799.0, 615.0]
[64.0, 96.0, 800.0, 648.0]
[96.0, 16.0, 833.0, 569.0]
[32.0, 0.0, 770.0, 554.0]
[32.0, 32.0, 771.0, 586.0]
[112.0, 64.0, 852.0, 619.0]
[64.0, 0.0, 805.0, 556.0]
[16.0, 64.0, 758.0, 620.0]
[80.0, 96.0, 823.0, 653.0]
[80.0, 80.0, 824.0, 638.0]
[32.0, 48.0, 777.0, 607.0]
[64.0, 0.0, 810.0, 560.0]
[96.0, 16.0, 843.0, 576.0]
[48.0, 32.0, 796.0, 593.0]
[0.0, 32.0, 749.0, 594.0]
[80.0, 0.0, 830.0, 562.0]
[64.0, 32.0, 815.0, 595.0]
[64.0, 80.0, 816.0, 644.0]
[48.0, 16.0, 801.0, 581.0]
[48.0, 80.0, 802.0, 646.0]
[0.0, 32.0, 755.0, 598.0]
[64.0, 96.0, 820.0, 663.0]
[16.0, 16.0, 773.0, 584.0]
[64.0, 96.0, 822.0, 664.0]
[0.0, 48.0, 759.0, 617.0]
[48.0, 16.0, 808.0, 586.0]
[32.0, 32.0, 793.0, 603.0]
[32.0, 16.0, 794.0, 588.0]
[64.0, 16.0, 827.0, 588.0]
[16.0, 16.0, 780.0, 589.0]
[80.0, 80.0, 845.0, 654.0]
[64.0, 80.0, 830.0, 654.0]
[64.0, 80.0, 831.0, 655.0]
[64.0, 32.0, 832.0, 608.0]
[64.0, 80.0, 833.0, 657.0]
[0.0, 16.0, 770.0, 594.0]
[32.0, 96.0, 803.0, 674.0]
[64.0, 64.0, 836.0, 643.0]
[64.0, 48.0, 837.0, 628.0]
[48.0, 16.0, 822.0, 596.0]
[32.0, 96.0, 807.0, 677.0]
[32.0, 64.0, 808.0, 646.0]
[16.0, 16.0, 793.0, 599.0]
[0.0, 48.0, 778.0, 632.0]
[32.0, 32.0, 811.0, 616.0]
[16.0, 80.0, 796.0, 665.0]
[16.0, 32.0, 797.0, 618.0]
[32.0, 16.0, 814.0, 602.0]
[32.0, 48.0, 815.0, 635.0]
[48.0, 16.0, 832.0, 604.0]
[48.0, 0.0, 833.0, 589.0]
[0.0, 16.0, 786.0, 606.0]
[0.0, 16.0, 787.0, 606.0]
[16.0, 48.0, 804.0, 639.0]
[48.0, 48.0, 837.0, 640.0]
[64.0, 64.0, 854.0, 656.0]
[16.0, 48.0, 807.0, 641.0]
[0.0, 32.0, 792.0, 626.0]
[16.0, 48.0, 809.0, 643.0]
[64.0, 48.0, 858.0, 644.0]
[32.0, 16.0, 827.0, 612.0]
[48.0, 16.0, 844.0, 613.0]
[16.0, 80.0, 813.0, 678.0]
[32.0, 48.0, 830.0, 646.0]
[48.0, 16.0, 847.0, 615.0]
[32.0, 32.0, 832.0, 632.0]
[48.0, 32.0, 849.0, 633.0]
[16.0, 0.0, 818.0, 602.0]
[32.0, 32.0, 835.0, 634.0]
[16.0, 64.0, 820.0, 667.0]
[48.0, 0.0, 853.0, 604.0]
[48.0, 32.0, 854.0, 636.0]
[16.0, 48.0, 823.0, 653.0]
[32.0, 48.0, 840.0, 654.0]
[16.0, 48.0, 825.0, 655.0]
[48.0, 48.0, 858.0, 656.0]
[32.0, 16.0, 843.0, 624.0]
[32.0, 16.0, 844.0, 625.0]
[32.0, 32.0, 845.0, 642.0]
[0.0, 48.0, 814.0, 658.0]
[0.0, 16.0, 815.0, 627.0]
