[240.0, 64.0, 957.0, 602.0]
[208.0, 64.0, 926.0, 602.0]
[32.0, 32.0, 751.0, 571.0]
[144.0, 32.0, 864.0, 572.0]
[256.0, 64.0, 977.0, 605.0]
[80.0, 32.0, 802.0, 574.0]
[48.0, 16.0, 771.0, 558.0]
[80.0, 16.0, 804.0, 559.0]
[32.0, 32.0, 757.0, 576.0]
[80.0, 16.0, 806.0, 560.0]
[112.0, 32.0, 839.0, 577.0]
[224.0, 48.0, 952.0, 594.0]
[32.0, 48.0, 761.0, 595.0]
[128.0, 32.0, 858.0, 580.0]
[128.0, 16.0, 859.0, 564.0]
[128.0, 48.0, 860.0, 597.0]
[160.0, 64.0, 893.0, 614.0]
[64.0, 16.0, 798.0, 566.0]
[256.0, 48.0, 991.0, 599.0]
[160.0, 48.0, 896.0, 600.0]
[176.0, 32.0, 913.0, 585.0]
[256.0, 32.0, 994.0, 586.0]
[48.0, 48.0, 787.0, 602.0]
[256.0, 16.0, 996.0, 571.0]
[64.0, 32.0, 805.0, 588.0]
[176.0, 64.0, 918.0, 620.0]
[128.0, 64.0, 871.0, 621.0]
[32.0, 16.0, 776.0, 574.0]
[176.0, 48.0, 921.0, 607.0]
[48.0, 64.0, 794.0, 624.0]
[224.0, 0.0, 971.0, 560.0]
[96.0, 0.0, 844.0, 561.0]
[224.0, 32.0, 973.0, 594.0]
[112.0, 48.0, 862.0, 610.0]
[112.0, 64.0, 863.0, 627.0]
[112.0, 48.0, 864.0, 612.0]
[240.0, 16.0, 993.0, 581.0]
[32.0, 0.0, 786.0, 566.0]
[32.0, 48.0, 787.0, 614.0]
[176.0, 48.0, 932.0, 615.0]
[192.0, 16.0, 949.0, 584.0]
[240.0, 48.0, 998.0, 616.0]
[96.0, 48.0, 855.0, 617.0]
[224.0, 0.0, 984.0, 570.0]
[240.0, 16.0, 1001.0, 587.0]
[128.0, 0.0, 890.0, 572.0]
[96.0, 16.0, 859.0, 588.0]
[160.0, 0.0, 924.0, 573.0]
[64.0, 0.0, 829.0, 574.0]
[96.0, 16.0, 862.0, 590.0]
[48.0, 64.0, 815.0, 639.0]
[240.0, 48.0, 1008.0, 624.0]
[16.0, 16.0, 785.0, 593.0]
[224.0, 0.0, 994.0, 578.0]
[48.0, 64.0, 819.0, 642.0]
[160.0, 32.0, 932.0, 611.0]
[144.0, 0.0, 917.0, 580.0]
[224.0, 16.0, 998.0, 596.0]
[176.0, 16.0, 951.0, 597.0]
[48.0, 16.0, 824.0, 598.0]
[48.0, 16.0, 825.0, 599.0]
[208.0, 48.0, 986.0, 632.0]
[64.0, 0.0, 843.0, 584.0]
[160.0, 0.0, 940.0, 585.0]
[176.0, 64.0, 957.0, 650.0]
[112.0, 32.0, 894.0, 618.0]
[192.0, 16.0, 975.0, 603.0]
[224.0, 32.0, 1008.0, 620.0]
[64.0, 32.0, 849.0, 621.0]
[224.0, 32.0, 1010.0, 622.0]
[48.0, 64.0, 835.0, 654.0]
[208.0, 0.0, 996.0, 591.0]
[48.0, 64.0, 837.0, 656.0]
[96.0, 64.0, 886.0, 656.0]
[208.0, 16.0, 999.0, 609.0]
[64.0, 48.0, 856.0, 642.0]
[224.0, 32.0, 1017.0, 627.0]
[224.0, 16.0, 1018.0, 612.0]
[48.0, 48.0, 843.0, 644.0]
[224.0, 16.0, 1020.0, 613.0]
[16.0, 0.0, 813.0, 598.0]
[64.0, 16.0, 862.0, 614.0]
[160.0, 48.0, 959.0, 647.0]
[176.0, 32.0, 976.0, 632.0]
[144.0, 64.0, 945.0, 665.0]
[32.0, 64.0, 834.0, 666.0]
[112.0, 64.0, 915.0, 666.0]
[160.0, 48.0, 964.0, 651.0]
[48.0, 0.0, 853.0, 604.0]
[192.0, 48.0, 998.0, 652.0]
[32.0, 32.0, 839.0, 637.0]
[64.0, 0.0, 872.0, 606.0]
[48.0, 64.0, 857.0, 671.0]
[48.0, 48.0, 858.0, 656.0]
[0.0, 0.0, 811.0, 608.0]
[128.0, 16.0, 940.0, 625.0]
[32.0, 48.0, 845.0, 658.0]
[80.0, 0.0, 894.0, 610.0]
[208.0, 0.0, 1023.0, 611.0]
[0.0, 32.0, 816.0, 644.0]
[80.0, 32.0, 897.0, 645.0]
[80.0, 0.0, 898.0, 614.0]
[160.0, 16.0, 979.0, 630.0]
[160.0, 0.0, 980.0, 615.0]
[128.0, 64.0, 949.0, 680.0]
[160.0, 64.0, 982.0, 680.0]
[80.0, 32.0, 903.0, 649.0]
[176.0, 32.0, 1000.0, 650.0]
[0.0, 16.0, 825.0, 635.0]
[176.0, 16.0, 1002.0, 636.0]
[96.0, 48.0, 923.0, 668.0]
[112.0, 48.0, 940.0, 669.0]
[112.0, 0.0, 941.0, 622.0]
[144.0, 48.0, 974.0, 670.0]
[144.0, 0.0, 975.0, 623.0]
[0.0, 48.0, 832.0, 672.0]
[160.0, 0.0, 993.0, 625.0]
[48.0, 16.0, 882.0, 642.0]
[80.0, 16.0, 915.0, 642.0]
[0.0, 48.0, 836.0, 675.0]
[48.0, 32.0, 885.0, 660.0]
[176.0, 0.0, 1014.0, 628.0]
[16.0, 16.0, 855.0, 645.0]
[32.0, 16.0, 872.0, 646.0]
[16.0, 0.0, 857.0, 631.0]
[0.0, 16.0, 842.0, 648.0]
[16.0, 32.0, 859.0, 664.0]
[96.0, 0.0, 940.0, 633.0]
[112.0, 32.0, 957.0, 666.0]
[48.0, 0.0, 894.0, 634.0]
[160.0, 0.0, 1007.0, 635.0]
[96.0, 16.0, 944.0, 652.0]
[144.0, 16.0, 993.0, 653.0]
[80.0, 32.0, 930.0, 670.0]
[64.0, 16.0, 915.0, 654.0]
[32.0, 16.0, 884.0, 655.0]
[64.0, 0.0, 917.0, 640.0]
[112.0, 32.0, 966.0, 672.0]
[48.0, 0.0, 903.0, 641.0]
[0.0, 32.0, 856.0, 674.0]
[96.0, 0.0, 953.0, 643.0]
[112.0, 32.0, 970.0, 676.0]
[112.0, 32.0, 971.0, 676.0]
[96.0, 16.0, 956.0, 661.0]
[112.0, 32.0, 973.0, 678.0]
[0.0, 32.0, 862.0, 678.0]
[64.0, 0.0, 927.0, 647.0]
[128.0, 32.0, 992.0, 680.0]
[32.0, 32.0, 897.0, 681.0]
[144.0, 32.0, 1010.0, 682.0]
[96.0, 16.0, 963.0, 666.0]
[112.0, 16.0, 980.0, 667.0]
[112.0, 0.0, 981.0, 652.0]
[0.0, 0.0, 870.0, 652.0]
[96.0, 0.0, 967.0, 653.0]
[80.0, 16.0, 952.0, 670.0]
[32.0, 0.0, 905.0, 655.0]
[80.0, 0.0, 954.0, 656.0]
[32.0, 16.0, 907.0, 672.0]
[112.0, 16.0, 988.0, 673.0]
[32.0, 16.0, 909.0, 674.0]
[48.0, 0.0, 926.0, 658.0]
[112.0, 0.0, 991.0, 659.0]
[64.0, 0.0, 944.0, 660.0]
[48.0, 0.0, 929.0, 661.0]
[128.0, 0.0, 1010.0, 662.0]
[48.0, 0.0, 931.0, 662.0]
[64.0, 16.0, 948.0, 679.0]
[32.0, 16.0, 917.0, 680.0]
[112.0, 0.0, 998.0, 664.0]
[128.0, 0.0, 1015.0, 665.0]
[128.0, 0.0, 1016.0, 666.0]
[64.0, 0.0, 953.0, 667.0]
[128.0, 0.0, 1018.0, 668.0]
[16.0, 0.0, 907.0, 668.0]
[64.0, 0.0, 956.0, 669.0]
[128.0, 0.0, 1021.0, 670.0]
[0.0, 0.0, 894.0, 670.0]
[64.0, 0.0, 959.0, 671.0]
[112.0, 0.0, 1008.0, 672.0]
[96.0, 0.0, 993.0, 673.0]
[48.0, 0.0, 946.0, 674.0]
[32.0, 0.0, 931.0, 674.0]
[0.0, 0.0, 900.0, 675.0]
[32.0, 0.0, 933.0, 676.0]
[32.0, 0.0, 934.0, 676.0]
[112.0, 0.0, 1015.0, 677.0]
[16.0, 0.0, 920.0, 678.0]
[64.0, 0.0, 969.0, 679.0]
[48.0, 0.0, 954.0, 680.0]
[16.0, 0.0, 923.0, 680.0]
[32.0, 0.0, 940.0, 681.0]
[48.0, 0.0, 957.0, 682.0]
[32.0, 0.0, 942.0, 682.0]
[64.0, 0.0, 975.0, 683.0]
