[192.0, 32.0, 968.0, 614.0]
[48.0, 64.0, 825.0, 647.0]
[176.0, 48.0, 954.0, 632.0]
[96.0, 128.0, 875.0, 712.0]
[80.0, 32.0, 860.0, 617.0]
[96.0, 64.0, 877.0, 650.0]
[144.0, 64.0, 926.0, 650.0]
[48.0, 48.0, 831.0, 635.0]
[176.0, 112.0, 960.0, 700.0]
[144.0, 48.0, 929.0, 637.0]
[128.0, 96.0, 914.0, 686.0]
[160.0, 112.0, 947.0, 702.0]
[64.0, 112.0, 852.0, 703.0]
[112.0, 96.0, 901.0, 688.0]
[144.0, 128.0, 934.0, 720.0]
[208.0, 32.0, 999.0, 625.0]
[160.0, 80.0, 952.0, 674.0]
[64.0, 128.0, 857.0, 723.0]
[128.0, 128.0, 922.0, 724.0]
[176.0, 112.0, 971.0, 708.0]
[80.0, 96.0, 876.0, 693.0]
[80.0, 80.0, 877.0, 678.0]
[96.0, 96.0, 894.0, 694.0]
[160.0, 96.0, 959.0, 695.0]
[176.0, 16.0, 976.0, 616.0]
[192.0, 112.0, 993.0, 713.0]
[32.0, 80.0, 834.0, 682.0]
[128.0, 128.0, 931.0, 730.0]
[160.0, 16.0, 964.0, 619.0]
[192.0, 32.0, 997.0, 636.0]
[48.0, 112.0, 854.0, 716.0]
[128.0, 48.0, 935.0, 653.0]
[16.0, 112.0, 824.0, 718.0]
[32.0, 64.0, 841.0, 671.0]
[48.0, 32.0, 858.0, 640.0]
[96.0, 64.0, 907.0, 672.0]
[128.0, 32.0, 940.0, 641.0]
[48.0, 112.0, 861.0, 722.0]
[128.0, 48.0, 942.0, 658.0]
[128.0, 96.0, 943.0, 707.0]
[16.0, 32.0, 832.0, 644.0]
[16.0, 112.0, 833.0, 725.0]
[96.0, 48.0, 914.0, 662.0]
[32.0, 32.0, 851.0, 646.0]
[64.0, 96.0, 884.0, 711.0]
[128.0, 128.0, 949.0, 744.0]
[176.0, 64.0, 998.0, 680.0]
[64.0, 32.0, 887.0, 649.0]
[160.0, 112.0, 984.0, 730.0]
[144.0, 32.0, 969.0, 651.0]
[48.0, 16.0, 874.0, 636.0]
[64.0, 64.0, 891.0, 684.0]
[32.0, 48.0, 860.0, 669.0]
[128.0, 96.0, 957.0, 718.0]
[176.0, 16.0, 1006.0, 638.0]
[16.0, 80.0, 847.0, 703.0]
[128.0, 48.0, 960.0, 672.0]
[48.0, 96.0, 881.0, 721.0]
[0.0, 80.0, 834.0, 706.0]
[160.0, 96.0, 995.0, 722.0]
[48.0, 112.0, 884.0, 739.0]
[64.0, 0.0, 901.0, 628.0]
[112.0, 112.0, 950.0, 740.0]
[160.0, 32.0, 999.0, 661.0]
[176.0, 80.0, 1016.0, 710.0]
[16.0, 112.0, 857.0, 743.0]
[160.0, 48.0, 1002.0, 680.0]
[32.0, 0.0, 875.0, 632.0]
[80.0, 48.0, 924.0, 681.0]
[96.0, 48.0, 941.0, 682.0]
[112.0, 16.0, 958.0, 650.0]
[96.0, 64.0, 943.0, 699.0]
[96.0, 64.0, 944.0, 700.0]
[160.0, 0.0, 1009.0, 637.0]
[160.0, 64.0, 1010.0, 702.0]
[0.0, 16.0, 851.0, 654.0]
[96.0, 64.0, 948.0, 703.0]
[112.0, 64.0, 965.0, 704.0]
[0.0, 96.0, 854.0, 736.0]
[128.0, 0.0, 983.0, 641.0]
[96.0, 16.0, 952.0, 658.0]
[80.0, 80.0, 937.0, 723.0]
[32.0, 96.0, 890.0, 740.0]
[0.0, 48.0, 859.0, 692.0]
[0.0, 48.0, 860.0, 693.0]
[96.0, 80.0, 957.0, 726.0]
[16.0, 48.0, 878.0, 694.0]
[0.0, 16.0, 863.0, 663.0]
[32.0, 0.0, 896.0, 648.0]
[144.0, 80.0, 1009.0, 729.0]
[80.0, 80.0, 946.0, 730.0]
[32.0, 96.0, 899.0, 746.0]
[96.0, 16.0, 964.0, 667.0]
[144.0, 16.0, 1013.0, 668.0]
[128.0, 80.0, 998.0, 732.0]
[48.0, 16.0, 919.0, 669.0]
[0.0, 0.0, 872.0, 654.0]
[96.0, 48.0, 969.0, 703.0]
[32.0, 64.0, 906.0, 720.0]
[112.0, 48.0, 987.0, 704.0]
[96.0, 80.0, 972.0, 737.0]
[128.0, 48.0, 1005.0, 706.0]
[32.0, 0.0, 910.0, 658.0]
[64.0, 32.0, 943.0, 691.0]
[0.0, 0.0, 880.0, 660.0]
[80.0, 0.0, 961.0, 661.0]
[64.0, 64.0, 946.0, 726.0]
[16.0, 0.0, 899.0, 662.0]
[128.0, 48.0, 1012.0, 711.0]
[96.0, 32.0, 981.0, 696.0]
[128.0, 48.0, 1014.0, 712.0]
[128.0, 80.0, 1015.0, 745.0]
[16.0, 0.0, 904.0, 666.0]
[96.0, 80.0, 985.0, 747.0]
[48.0, 0.0, 938.0, 668.0]
[96.0, 48.0, 987.0, 716.0]
[48.0, 0.0, 940.0, 669.0]
[48.0, 32.0, 941.0, 702.0]
[0.0, 32.0, 894.0, 702.0]
[128.0, 64.0, 1023.0, 735.0]
[32.0, 16.0, 928.0, 688.0]
[48.0, 0.0, 945.0, 673.0]
[96.0, 32.0, 994.0, 706.0]
[16.0, 48.0, 915.0, 722.0]
[48.0, 48.0, 948.0, 723.0]
[0.0, 32.0, 901.0, 708.0]
[16.0, 16.0, 918.0, 692.0]
[32.0, 48.0, 935.0, 725.0]
[48.0, 64.0, 952.0, 742.0]
[96.0, 48.0, 1001.0, 727.0]
[32.0, 16.0, 938.0, 696.0]
[48.0, 32.0, 955.0, 712.0]
[48.0, 64.0, 956.0, 745.0]
[32.0, 48.0, 941.0, 730.0]
[96.0, 48.0, 1006.0, 730.0]
[32.0, 48.0, 943.0, 731.0]
[64.0, 64.0, 976.0, 748.0]
[64.0, 16.0, 977.0, 701.0]
[0.0, 16.0, 914.0, 702.0]
[96.0, 32.0, 1011.0, 718.0]
[32.0, 0.0, 948.0, 687.0]
[32.0, 0.0, 949.0, 688.0]
[32.0, 48.0, 950.0, 736.0]
[64.0, 16.0, 983.0, 705.0]
[64.0, 16.0, 984.0, 706.0]
[80.0, 0.0, 1001.0, 691.0]
[32.0, 32.0, 954.0, 724.0]
[16.0, 0.0, 939.0, 692.0]
[96.0, 16.0, 1020.0, 709.0]
[48.0, 16.0, 973.0, 710.0]
[32.0, 48.0, 958.0, 742.0]
[0.0, 16.0, 927.0, 711.0]
[64.0, 0.0, 992.0, 696.0]
[48.0, 0.0, 977.0, 697.0]
[32.0, 32.0, 962.0, 730.0]
[64.0, 0.0, 995.0, 698.0]
[64.0, 48.0, 996.0, 747.0]
[32.0, 0.0, 965.0, 700.0]
[0.0, 16.0, 934.0, 716.0]
[0.0, 16.0, 935.0, 717.0]
[80.0, 32.0, 1016.0, 734.0]
[16.0, 0.0, 953.0, 703.0]
[80.0, 16.0, 1018.0, 720.0]
[64.0, 16.0, 1003.0, 720.0]
[48.0, 32.0, 988.0, 737.0]
[32.0, 32.0, 973.0, 738.0]
[80.0, 0.0, 1022.0, 706.0]
[16.0, 32.0, 959.0, 739.0]
[16.0, 32.0, 960.0, 740.0]
[0.0, 16.0, 945.0, 725.0]
[16.0, 32.0, 962.0, 742.0]
[0.0, 16.0, 947.0, 726.0]
[32.0, 16.0, 980.0, 727.0]
[32.0, 16.0, 981.0, 728.0]
[32.0, 0.0, 982.0, 712.0]
[32.0, 16.0, 983.0, 729.0]
[0.0, 16.0, 952.0, 730.0]
[32.0, 0.0, 985.0, 715.0]
[64.0, 0.0, 1018.0, 716.0]
[48.0, 32.0, 1003.0, 748.0]
[16.0, 0.0, 972.0, 717.0]
[0.0, 0.0, 957.0, 718.0]
[48.0, 0.0, 1006.0, 718.0]
[16.0, 16.0, 975.0, 735.0]
[48.0, 0.0, 1008.0, 720.0]
[0.0, 16.0, 961.0, 737.0]
[16.0, 16.0, 978.0, 738.0]
[0.0, 16.0, 963.0, 738.0]
[32.0, 0.0, 996.0, 723.0]
[48.0, 16.0, 1013.0, 740.0]
[0.0, 0.0, 966.0, 724.0]
[0.0, 0.0, 967.0, 725.0]
[32.0, 0.0, 1000.0, 726.0]
[0.0, 0.0, 969.0, 727.0]
[0.0, 0.0, 970.0, 728.0]
[16.0, 0.0, 987.0, 728.0]
[16.0, 16.0, 988.0, 745.0]
[32.0, 16.0, 1005.0, 746.0]
[48.0, 16.0, 1022.0, 746.0]
[48.0, 16.0, 1023.0, 747.0]
[32.0, 0.0, 1008.0, 732.0]
[0.0, 0.0, 977.0, 733.0]
[32.0, 0.0, 1010.0, 734.0]
[32.0, 0.0, 1011.0, 734.0]
[16.0, 0.0, 996.0, 735.0]
[0.0, 0.0, 981.0, 736.0]
[32.0, 0.0, 1014.0, 736.0]
[0.0, 0.0, 983.0, 737.0]
[16.0, 0.0, 1000.0, 738.0]
[16.0, 0.0, 1001.0, 739.0]
[16.0, 0.0, 1002.0, 740.0]
[0.0, 0.0, 987.0, 740.0]
[0.0, 0.0, 988.0, 741.0]
[16.0, 0.0, 1005.0, 742.0]
[32.0, 0.0, 1022.0, 742.0]
[0.0, 0.0, 991.0, 743.0]
[16.0, 0.0, 1008.0, 744.0]
[16.0, 0.0, 1009.0, 745.0]
[16.0, 0.0, 1010.0, 746.0]
[16.0, 0.0, 1011.0, 746.0]
[0.0, 0.0, 996.0, 747.0]
[16.0, 0.0, 1013.0, 748.0]
[0.0, 0.0, 998.0, 748.0]
