[64.0, 112.0, 668.0, 918.0]
[96.0, 160.0, 701.0, 967.0]
[64.0, 48.0, 670.0, 856.0]
[48.0, 80.0, 655.0, 889.0]
[144.0, 128.0, 752.0, 938.0]
[48.0, 176.0, 656.0, 987.0]
[96.0, 80.0, 705.0, 892.0]
[112.0, 96.0, 722.0, 909.0]
[128.0, 48.0, 738.0, 862.0]
[128.0, 80.0, 739.0, 895.0]
[112.0, 48.0, 724.0, 864.0]
[80.0, 32.0, 693.0, 849.0]
[80.0, 96.0, 694.0, 914.0]
[128.0, 32.0, 742.0, 851.0]
[48.0, 80.0, 663.0, 900.0]
[80.0, 128.0, 696.0, 949.0]
[144.0, 176.0, 760.0, 998.0]
[176.0, 144.0, 793.0, 967.0]
[64.0, 176.0, 682.0, 1000.0]
[64.0, 160.0, 683.0, 985.0]
[64.0, 48.0, 684.0, 874.0]
[128.0, 64.0, 748.0, 891.0]
[128.0, 96.0, 749.0, 924.0]
[112.0, 48.0, 734.0, 877.0]
[128.0, 160.0, 750.0, 990.0]
[16.0, 48.0, 639.0, 879.0]
[112.0, 96.0, 736.0, 928.0]
[144.0, 144.0, 769.0, 977.0]
[112.0, 80.0, 738.0, 914.0]
[176.0, 112.0, 802.0, 947.0]
[144.0, 112.0, 771.0, 948.0]
[144.0, 96.0, 772.0, 933.0]
[16.0, 128.0, 644.0, 966.0]
[160.0, 160.0, 789.0, 999.0]
[48.0, 160.0, 678.0, 1000.0]
[112.0, 96.0, 743.0, 937.0]
[144.0, 160.0, 776.0, 1002.0]
[16.0, 112.0, 648.0, 955.0]
[160.0, 48.0, 793.0, 892.0]
[32.0, 80.0, 666.0, 925.0]
[48.0, 112.0, 682.0, 958.0]
[144.0, 16.0, 779.0, 863.0]
[96.0, 96.0, 732.0, 944.0]
[160.0, 144.0, 797.0, 993.0]
[160.0, 112.0, 798.0, 962.0]
[112.0, 0.0, 750.0, 851.0]
[16.0, 96.0, 655.0, 948.0]
[80.0, 48.0, 720.0, 901.0]
[16.0, 64.0, 656.0, 918.0]
[128.0, 112.0, 769.0, 967.0]
[128.0, 96.0, 770.0, 952.0]
[80.0, 128.0, 723.0, 985.0]
[96.0, 144.0, 740.0, 1002.0]
[80.0, 48.0, 724.0, 907.0]
[64.0, 144.0, 709.0, 1004.0]
[96.0, 128.0, 742.0, 989.0]
[144.0, 80.0, 790.0, 942.0]
[96.0, 112.0, 743.0, 975.0]
[176.0, 96.0, 824.0, 960.0]
[80.0, 48.0, 729.0, 913.0]
[144.0, 80.0, 794.0, 946.0]
[48.0, 16.0, 698.0, 883.0]
[16.0, 64.0, 667.0, 932.0]
[64.0, 32.0, 716.0, 901.0]
[96.0, 80.0, 748.0, 950.0]
[0.0, 80.0, 653.0, 951.0]
[144.0, 80.0, 798.0, 952.0]
[112.0, 32.0, 767.0, 905.0]
[32.0, 144.0, 688.0, 1018.0]
[112.0, 128.0, 768.0, 1003.0]
[160.0, 16.0, 817.0, 892.0]
[96.0, 0.0, 754.0, 877.0]
[144.0, 144.0, 802.0, 1022.0]
[112.0, 96.0, 771.0, 975.0]
[128.0, 16.0, 788.0, 896.0]
[80.0, 32.0, 741.0, 913.0]
[176.0, 96.0, 838.0, 978.0]
[32.0, 32.0, 694.0, 915.0]
[176.0, 64.0, 839.0, 948.0]
[144.0, 128.0, 808.0, 1013.0]
[96.0, 64.0, 760.0, 950.0]
[48.0, 96.0, 713.0, 983.0]
[48.0, 0.0, 714.0, 888.0]
[144.0, 32.0, 811.0, 921.0]
[128.0, 80.0, 796.0, 970.0]
[176.0, 96.0, 844.0, 987.0]
[48.0, 128.0, 717.0, 1020.0]
[64.0, 80.0, 734.0, 973.0]
[32.0, 48.0, 702.0, 942.0]
[144.0, 112.0, 815.0, 1007.0]
[96.0, 112.0, 768.0, 1008.0]
[16.0, 16.0, 689.0, 913.0]
[176.0, 48.0, 850.0, 946.0]
[0.0, 80.0, 674.0, 979.0]
[112.0, 112.0, 787.0, 1012.0]
[144.0, 0.0, 820.0, 901.0]
[96.0, 16.0, 772.0, 918.0]
[144.0, 0.0, 821.0, 903.0]
[0.0, 64.0, 678.0, 968.0]
[128.0, 64.0, 807.0, 969.0]
[144.0, 112.0, 824.0, 1018.0]
[0.0, 32.0, 680.0, 939.0]
[96.0, 96.0, 777.0, 1004.0]
[32.0, 64.0, 714.0, 973.0]
[96.0, 112.0, 778.0, 1022.0]
[64.0, 80.0, 747.0, 991.0]
[160.0, 16.0, 844.0, 928.0]
[0.0, 32.0, 685.0, 945.0]
[96.0, 16.0, 782.0, 930.0]
[16.0, 64.0, 702.0, 979.0]
[0.0, 0.0, 687.0, 916.0]
[128.0, 96.0, 816.0, 1013.0]
[144.0, 80.0, 832.0, 998.0]
[144.0, 48.0, 833.0, 967.0]
[144.0, 0.0, 834.0, 920.0]
[112.0, 16.0, 803.0, 937.0]
[16.0, 80.0, 708.0, 1002.0]
[32.0, 96.0, 724.0, 1019.0]
[144.0, 48.0, 837.0, 972.0]
[64.0, 96.0, 758.0, 1021.0]
[128.0, 64.0, 822.0, 990.0]
[16.0, 48.0, 711.0, 975.0]
[16.0, 16.0, 712.0, 944.0]
[64.0, 80.0, 761.0, 1009.0]
[0.0, 64.0, 698.0, 994.0]
[160.0, 32.0, 858.0, 963.0]
[64.0, 16.0, 763.0, 948.0]
[64.0, 32.0, 764.0, 965.0]
[128.0, 48.0, 828.0, 982.0]
[0.0, 48.0, 701.0, 983.0]
[48.0, 64.0, 750.0, 1000.0]
[80.0, 32.0, 783.0, 969.0]
[112.0, 0.0, 816.0, 938.0]
[112.0, 32.0, 816.0, 971.0]
[80.0, 48.0, 785.0, 988.0]
[176.0, 32.0, 882.0, 973.0]
[160.0, 48.0, 866.0, 990.0]
[160.0, 16.0, 867.0, 959.0]
[112.0, 80.0, 820.0, 1024.0]
[112.0, 48.0, 821.0, 993.0]
[112.0, 48.0, 822.0, 994.0]
[80.0, 48.0, 790.0, 995.0]
[144.0, 64.0, 855.0, 1012.0]
[80.0, 16.0, 792.0, 965.0]
[0.0, 64.0, 712.0, 1014.0]
[0.0, 48.0, 713.0, 999.0]
[96.0, 32.0, 810.0, 984.0]
[128.0, 48.0, 843.0, 1001.0]
[48.0, 16.0, 764.0, 970.0]
[96.0, 0.0, 812.0, 955.0]
[80.0, 64.0, 797.0, 1020.0]
[64.0, 64.0, 782.0, 1021.0]
[96.0, 64.0, 814.0, 1022.0]
[16.0, 0.0, 735.0, 959.0]
[160.0, 16.0, 880.0, 976.0]
[0.0, 32.0, 721.0, 993.0]
[0.0, 0.0, 722.0, 962.0]
[160.0, 16.0, 882.0, 979.0]
[112.0, 32.0, 835.0, 996.0]
[128.0, 0.0, 852.0, 965.0]
[112.0, 0.0, 836.0, 966.0]
[80.0, 48.0, 805.0, 1015.0]
[64.0, 0.0, 790.0, 968.0]
[0.0, 32.0, 727.0, 1001.0]
[112.0, 48.0, 840.0, 1018.0]
[128.0, 48.0, 856.0, 1019.0]
[128.0, 32.0, 857.0, 1004.0]
[64.0, 0.0, 794.0, 973.0]
[112.0, 0.0, 842.0, 974.0]
[128.0, 32.0, 859.0, 1007.0]
[16.0, 32.0, 748.0, 1008.0]
[80.0, 0.0, 813.0, 977.0]
[0.0, 32.0, 734.0, 1010.0]
[48.0, 0.0, 782.0, 979.0]
[128.0, 32.0, 863.0, 1012.0]
[80.0, 16.0, 816.0, 997.0]
[112.0, 32.0, 848.0, 1014.0]
[32.0, 16.0, 769.0, 999.0]
[128.0, 32.0, 866.0, 1016.0]
[48.0, 32.0, 787.0, 1017.0]
[16.0, 32.0, 756.0, 1018.0]
[128.0, 32.0, 868.0, 1019.0]
[80.0, 16.0, 821.0, 1004.0]
[48.0, 16.0, 790.0, 1005.0]
[32.0, 32.0, 774.0, 1022.0]
[48.0, 32.0, 791.0, 1023.0]
[0.0, 16.0, 744.0, 1008.0]
[112.0, 16.0, 857.0, 1009.0]
[128.0, 16.0, 874.0, 1010.0]
[16.0, 16.0, 762.0, 1011.0]
[96.0, 0.0, 843.0, 996.0]
[0.0, 0.0, 748.0, 997.0]
[32.0, 16.0, 780.0, 1014.0]
[0.0, 0.0, 749.0, 999.0]
[16.0, 0.0, 766.0, 1000.0]
[96.0, 16.0, 847.0, 1017.0]
[112.0, 0.0, 864.0, 1002.0]
[48.0, 0.0, 800.0, 1003.0]
[0.0, 0.0, 753.0, 1004.0]
[48.0, 16.0, 802.0, 1021.0]
[32.0, 16.0, 786.0, 1022.0]
[64.0, 0.0, 819.0, 1007.0]
[32.0, 16.0, 788.0, 1024.0]
[16.0, 0.0, 773.0, 1009.0]
[16.0, 0.0, 774.0, 1010.0]
[80.0, 0.0, 838.0, 1011.0]
[128.0, 0.0, 887.0, 1012.0]
[112.0, 0.0, 872.0, 1013.0]
[48.0, 0.0, 808.0, 1014.0]
[64.0, 0.0, 825.0, 1015.0]
[32.0, 0.0, 794.0, 1016.0]
[32.0, 0.0, 795.0, 1017.0]
[112.0, 0.0, 876.0, 1018.0]
[32.0, 0.0, 796.0, 1019.0]
[0.0, 0.0, 765.0, 1020.0]
[48.0, 0.0, 814.0, 1021.0]
[64.0, 0.0, 830.0, 1022.0]
[80.0, 0.0, 847.0, 1023.0]
[112.0, 0.0, 880.0, 1024.0]
