[32.0, 48.0, 749.0, 586.0]
[144.0, 48.0, 862.0, 586.0]
[176.0, 80.0, 895.0, 619.0]
[112.0, 16.0, 832.0, 556.0]
[144.0, 48.0, 865.0, 589.0]
[96.0, 64.0, 818.0, 606.0]
[144.0, 96.0, 867.0, 638.0]
[80.0, 48.0, 804.0, 591.0]
[48.0, 96.0, 773.0, 640.0]
[32.0, 16.0, 758.0, 560.0]
[64.0, 64.0, 791.0, 609.0]
[96.0, 64.0, 824.0, 610.0]
[160.0, 32.0, 889.0, 579.0]
[112.0, 0.0, 842.0, 548.0]
[112.0, 64.0, 843.0, 612.0]
[144.0, 64.0, 876.0, 613.0]
[80.0, 96.0, 813.0, 646.0]
[144.0, 80.0, 878.0, 630.0]
[80.0, 80.0, 815.0, 631.0]
[64.0, 48.0, 800.0, 600.0]
[176.0, 0.0, 913.0, 553.0]
[80.0, 16.0, 818.0, 570.0]
[144.0, 0.0, 883.0, 554.0]
[128.0, 16.0, 868.0, 571.0]
[96.0, 16.0, 837.0, 572.0]
[144.0, 48.0, 886.0, 604.0]
[32.0, 0.0, 775.0, 557.0]
[112.0, 80.0, 856.0, 638.0]
[144.0, 80.0, 889.0, 639.0]
[96.0, 80.0, 842.0, 640.0]
[128.0, 64.0, 875.0, 624.0]
[48.0, 16.0, 796.0, 577.0]
[128.0, 32.0, 877.0, 594.0]
[96.0, 0.0, 846.0, 562.0]
[32.0, 0.0, 783.0, 563.0]
[128.0, 64.0, 880.0, 628.0]
[144.0, 16.0, 897.0, 581.0]
[96.0, 16.0, 850.0, 582.0]
[64.0, 16.0, 819.0, 582.0]
[64.0, 80.0, 820.0, 647.0]
[48.0, 48.0, 805.0, 616.0]
[96.0, 32.0, 854.0, 600.0]
[64.0, 64.0, 823.0, 633.0]
[112.0, 32.0, 872.0, 602.0]
[80.0, 16.0, 841.0, 587.0]
[48.0, 64.0, 810.0, 636.0]
[80.0, 0.0, 843.0, 572.0]
[32.0, 80.0, 796.0, 653.0]
[32.0, 48.0, 797.0, 622.0]
[96.0, 80.0, 862.0, 654.0]
[96.0, 32.0, 863.0, 607.0]
[144.0, 0.0, 912.0, 576.0]
[64.0, 64.0, 833.0, 641.0]
[128.0, 48.0, 898.0, 626.0]
[80.0, 48.0, 851.0, 626.0]
[128.0, 80.0, 900.0, 659.0]
[48.0, 32.0, 821.0, 612.0]
[112.0, 80.0, 886.0, 660.0]
[112.0, 16.0, 887.0, 597.0]
[96.0, 80.0, 872.0, 662.0]
[128.0, 16.0, 905.0, 599.0]
[64.0, 80.0, 842.0, 664.0]
[32.0, 0.0, 811.0, 584.0]
[32.0, 64.0, 812.0, 649.0]
[112.0, 80.0, 893.0, 666.0]
[32.0, 0.0, 814.0, 586.0]
[64.0, 32.0, 847.0, 619.0]
[48.0, 32.0, 832.0, 620.0]
[96.0, 16.0, 881.0, 605.0]
[48.0, 48.0, 834.0, 638.0]
[64.0, 16.0, 851.0, 606.0]
[96.0, 48.0, 884.0, 639.0]
[80.0, 64.0, 869.0, 656.0]
[48.0, 0.0, 838.0, 592.0]
[96.0, 16.0, 887.0, 609.0]
[96.0, 32.0, 888.0, 626.0]
[96.0, 32.0, 889.0, 627.0]
[32.0, 64.0, 826.0, 660.0]
[80.0, 48.0, 875.0, 644.0]
[96.0, 48.0, 892.0, 645.0]
[80.0, 48.0, 877.0, 646.0]
[32.0, 80.0, 830.0, 678.0]
[96.0, 16.0, 895.0, 615.0]
[96.0, 80.0, 896.0, 680.0]
[80.0, 64.0, 881.0, 665.0]
[64.0, 0.0, 866.0, 602.0]
[80.0, 32.0, 883.0, 634.0]
[48.0, 16.0, 852.0, 619.0]
[96.0, 32.0, 901.0, 636.0]
[32.0, 0.0, 838.0, 604.0]
[96.0, 48.0, 903.0, 653.0]
[48.0, 32.0, 856.0, 638.0]
[48.0, 32.0, 857.0, 639.0]
[48.0, 64.0, 858.0, 672.0]
[64.0, 0.0, 875.0, 608.0]
[32.0, 16.0, 844.0, 625.0]
[48.0, 16.0, 861.0, 626.0]
[48.0, 64.0, 862.0, 674.0]
[64.0, 48.0, 879.0, 659.0]
[48.0, 0.0, 864.0, 612.0]
[32.0, 64.0, 849.0, 677.0]
[32.0, 0.0, 850.0, 614.0]
[64.0, 32.0, 883.0, 646.0]
[48.0, 48.0, 868.0, 663.0]
[64.0, 16.0, 885.0, 632.0]
[64.0, 32.0, 886.0, 648.0]
[64.0, 64.0, 887.0, 681.0]
[48.0, 64.0, 872.0, 682.0]
[32.0, 48.0, 857.0, 667.0]
[64.0, 48.0, 890.0, 668.0]
[64.0, 0.0, 891.0, 620.0]
[64.0, 0.0, 892.0, 621.0]
[64.0, 48.0, 893.0, 670.0]
[32.0, 48.0, 862.0, 670.0]
[32.0, 32.0, 863.0, 655.0]
[48.0, 32.0, 880.0, 656.0]
[48.0, 16.0, 881.0, 641.0]
[48.0, 32.0, 882.0, 658.0]
[32.0, 0.0, 867.0, 626.0]
[64.0, 32.0, 900.0, 659.0]
[64.0, 48.0, 901.0, 676.0]
[32.0, 0.0, 870.0, 628.0]
[64.0, 32.0, 903.0, 661.0]
[64.0, 0.0, 904.0, 630.0]
[64.0, 48.0, 905.0, 679.0]
[48.0, 48.0, 890.0, 680.0]
[48.0, 32.0, 891.0, 664.0]
[48.0, 48.0, 892.0, 681.0]
[48.0, 16.0, 893.0, 650.0]
[48.0, 16.0, 894.0, 650.0]
[48.0, 48.0, 895.0, 683.0]
[48.0, 16.0, 896.0, 652.0]
[48.0, 32.0, 897.0, 669.0]
[48.0, 0.0, 898.0, 638.0]
[48.0, 32.0, 899.0, 670.0]
[48.0, 0.0, 900.0, 639.0]
[48.0, 16.0, 901.0, 656.0]
[48.0, 0.0, 902.0, 640.0]
[48.0, 0.0, 903.0, 641.0]
[48.0, 32.0, 904.0, 674.0]
