[96.0, 96.0, 813.0, 634.0]
[128.0, 32.0, 846.0, 570.0]
[160.0, 48.0, 879.0, 587.0]
[144.0, 96.0, 864.0, 636.0]
[176.0, 64.0, 897.0, 605.0]
[96.0, 80.0, 818.0, 622.0]
[144.0, 64.0, 867.0, 606.0]
[80.0, 112.0, 804.0, 655.0]
[160.0, 96.0, 885.0, 640.0]
[112.0, 80.0, 838.0, 624.0]
[48.0, 96.0, 775.0, 641.0]
[64.0, 48.0, 792.0, 594.0]
[112.0, 48.0, 841.0, 595.0]
[128.0, 48.0, 858.0, 596.0]
[32.0, 32.0, 763.0, 580.0]
[64.0, 80.0, 796.0, 629.0]
[128.0, 32.0, 861.0, 582.0]
[160.0, 112.0, 894.0, 662.0]
[32.0, 96.0, 767.0, 647.0]
[64.0, 64.0, 800.0, 616.0]
[96.0, 96.0, 833.0, 649.0]
[176.0, 32.0, 914.0, 586.0]
[16.0, 48.0, 755.0, 602.0]
[144.0, 128.0, 884.0, 683.0]
[80.0, 0.0, 821.0, 556.0]
[32.0, 64.0, 774.0, 620.0]
[112.0, 32.0, 855.0, 589.0]
[64.0, 80.0, 808.0, 638.0]
[128.0, 32.0, 873.0, 591.0]
[176.0, 96.0, 922.0, 656.0]
[144.0, 112.0, 891.0, 672.0]
[192.0, 64.0, 940.0, 625.0]
[128.0, 16.0, 877.0, 578.0]
[160.0, 96.0, 910.0, 658.0]
[96.0, 0.0, 847.0, 563.0]
[192.0, 64.0, 944.0, 628.0]
[112.0, 0.0, 865.0, 565.0]
[112.0, 96.0, 866.0, 662.0]
[16.0, 32.0, 771.0, 598.0]
[144.0, 80.0, 900.0, 647.0]
[128.0, 80.0, 885.0, 648.0]
[192.0, 48.0, 950.0, 616.0]
[32.0, 48.0, 791.0, 617.0]
[48.0, 48.0, 808.0, 618.0]
[80.0, 48.0, 841.0, 619.0]
[32.0, 0.0, 794.0, 572.0]
[16.0, 64.0, 779.0, 636.0]
[0.0, 64.0, 764.0, 637.0]
[0.0, 16.0, 765.0, 590.0]
[112.0, 48.0, 878.0, 622.0]
[192.0, 80.0, 959.0, 655.0]
[112.0, 48.0, 880.0, 624.0]
[160.0, 80.0, 929.0, 657.0]
[192.0, 80.0, 962.0, 658.0]
[176.0, 80.0, 947.0, 658.0]
[32.0, 80.0, 804.0, 659.0]
[160.0, 16.0, 933.0, 596.0]
[192.0, 80.0, 966.0, 660.0]
[96.0, 16.0, 871.0, 597.0]
[16.0, 80.0, 792.0, 662.0]
[192.0, 48.0, 969.0, 631.0]
[32.0, 64.0, 810.0, 648.0]
[64.0, 16.0, 843.0, 600.0]
[0.0, 48.0, 780.0, 633.0]
[128.0, 80.0, 909.0, 666.0]
[96.0, 32.0, 878.0, 618.0]
[16.0, 80.0, 799.0, 667.0]
[112.0, 64.0, 896.0, 652.0]
[0.0, 48.0, 785.0, 637.0]
[112.0, 80.0, 898.0, 670.0]
[0.0, 64.0, 787.0, 654.0]
[96.0, 32.0, 884.0, 623.0]
[96.0, 64.0, 885.0, 656.0]
[96.0, 16.0, 886.0, 608.0]
[0.0, 80.0, 791.0, 673.0]
[0.0, 32.0, 792.0, 626.0]
[192.0, 64.0, 985.0, 659.0]
[48.0, 48.0, 842.0, 644.0]
[0.0, 0.0, 795.0, 596.0]
[112.0, 0.0, 908.0, 597.0]
[128.0, 16.0, 925.0, 614.0]
[80.0, 48.0, 878.0, 646.0]
[32.0, 64.0, 831.0, 663.0]
[128.0, 16.0, 928.0, 616.0]
[80.0, 16.0, 881.0, 617.0]
[160.0, 0.0, 962.0, 602.0]
[32.0, 48.0, 835.0, 650.0]
[176.0, 32.0, 980.0, 635.0]
[80.0, 48.0, 885.0, 652.0]
[128.0, 0.0, 934.0, 604.0]
[112.0, 64.0, 919.0, 669.0]
[128.0, 32.0, 936.0, 638.0]
[64.0, 16.0, 873.0, 623.0]
[80.0, 0.0, 890.0, 608.0]
[128.0, 48.0, 939.0, 656.0]
[64.0, 16.0, 876.0, 625.0]
[80.0, 64.0, 893.0, 674.0]
[160.0, 64.0, 974.0, 674.0]
[80.0, 16.0, 895.0, 627.0]
[192.0, 32.0, 1008.0, 644.0]
[96.0, 32.0, 913.0, 645.0]
[32.0, 64.0, 850.0, 678.0]
[16.0, 48.0, 835.0, 662.0]
[176.0, 32.0, 996.0, 647.0]
[0.0, 32.0, 821.0, 648.0]
[32.0, 32.0, 854.0, 648.0]
[80.0, 64.0, 903.0, 681.0]
[16.0, 16.0, 840.0, 634.0]
[48.0, 16.0, 873.0, 635.0]
[112.0, 0.0, 938.0, 620.0]
[16.0, 64.0, 843.0, 684.0]
[16.0, 48.0, 844.0, 669.0]
[144.0, 48.0, 973.0, 670.0]
[144.0, 32.0, 974.0, 654.0]
[64.0, 32.0, 895.0, 655.0]
[160.0, 32.0, 992.0, 656.0]
[96.0, 0.0, 929.0, 625.0]
[96.0, 0.0, 930.0, 626.0]
[144.0, 0.0, 979.0, 626.0]
[160.0, 16.0, 996.0, 643.0]
[80.0, 16.0, 917.0, 644.0]
[144.0, 16.0, 982.0, 644.0]
[160.0, 16.0, 999.0, 645.0]
[112.0, 16.0, 952.0, 646.0]
[160.0, 48.0, 1001.0, 679.0]
[160.0, 0.0, 1002.0, 632.0]
[32.0, 32.0, 875.0, 664.0]
[144.0, 32.0, 988.0, 665.0]
[64.0, 16.0, 909.0, 650.0]
[160.0, 0.0, 1006.0, 634.0]
[96.0, 0.0, 943.0, 635.0]
[80.0, 0.0, 928.0, 636.0]
[64.0, 32.0, 913.0, 669.0]
[160.0, 16.0, 1010.0, 654.0]
[128.0, 16.0, 979.0, 654.0]
[64.0, 32.0, 916.0, 671.0]
[144.0, 16.0, 997.0, 656.0]
[112.0, 0.0, 966.0, 640.0]
[16.0, 32.0, 871.0, 673.0]
[16.0, 32.0, 872.0, 674.0]
[0.0, 0.0, 857.0, 643.0]
[16.0, 16.0, 874.0, 660.0]
[0.0, 0.0, 859.0, 644.0]
[80.0, 0.0, 940.0, 645.0]
[112.0, 16.0, 973.0, 662.0]
[0.0, 0.0, 862.0, 646.0]
[160.0, 32.0, 1023.0, 679.0]
[0.0, 0.0, 864.0, 648.0]
[64.0, 16.0, 929.0, 665.0]
[32.0, 16.0, 898.0, 666.0]
[48.0, 16.0, 915.0, 666.0]
[144.0, 0.0, 1012.0, 651.0]
[16.0, 16.0, 885.0, 668.0]
[144.0, 32.0, 1014.0, 684.0]
[0.0, 0.0, 871.0, 653.0]
[0.0, 16.0, 872.0, 670.0]
[48.0, 16.0, 921.0, 671.0]
[96.0, 0.0, 970.0, 656.0]
[0.0, 16.0, 875.0, 672.0]
[128.0, 16.0, 1004.0, 673.0]
[48.0, 0.0, 925.0, 658.0]
[112.0, 0.0, 990.0, 658.0]
[80.0, 16.0, 959.0, 675.0]
[16.0, 16.0, 896.0, 676.0]
[128.0, 16.0, 1009.0, 677.0]
[96.0, 0.0, 978.0, 662.0]
[80.0, 16.0, 963.0, 678.0]
[80.0, 16.0, 964.0, 679.0]
[80.0, 16.0, 965.0, 680.0]
[32.0, 16.0, 918.0, 680.0]
[128.0, 16.0, 1015.0, 681.0]
[96.0, 16.0, 984.0, 682.0]
[80.0, 0.0, 969.0, 667.0]
[80.0, 0.0, 970.0, 668.0]
[48.0, 0.0, 939.0, 668.0]
[128.0, 0.0, 1020.0, 669.0]
[48.0, 0.0, 941.0, 670.0]
[112.0, 0.0, 1006.0, 670.0]
[32.0, 0.0, 927.0, 671.0]
[32.0, 0.0, 928.0, 672.0]
[32.0, 0.0, 929.0, 673.0]
[64.0, 0.0, 962.0, 674.0]
[112.0, 0.0, 1011.0, 674.0]
[80.0, 0.0, 980.0, 675.0]
[96.0, 0.0, 997.0, 676.0]
[32.0, 0.0, 934.0, 676.0]
[80.0, 0.0, 983.0, 677.0]
[96.0, 0.0, 1000.0, 678.0]
[112.0, 0.0, 1017.0, 679.0]
[96.0, 0.0, 1002.0, 680.0]
[48.0, 0.0, 955.0, 680.0]
[80.0, 0.0, 988.0, 681.0]
[80.0, 0.0, 989.0, 682.0]
[32.0, 0.0, 942.0, 682.0]
[0.0, 0.0, 911.0, 683.0]
[64.0, 0.0, 976.0, 684.0]
