[0.0, 80.0, 717.0, 618.0]
[80.0, 144.0, 798.0, 682.0]
[0.0, 112.0, 719.0, 651.0]
[16.0, 112.0, 736.0, 652.0]
[112.0, 80.0, 833.0, 621.0]
[32.0, 128.0, 754.0, 670.0]
[112.0, 112.0, 835.0, 654.0]
[80.0, 64.0, 804.0, 607.0]
[80.0, 112.0, 805.0, 656.0]
[64.0, 96.0, 790.0, 640.0]
[96.0, 96.0, 823.0, 641.0]
[144.0, 48.0, 872.0, 594.0]
[192.0, 128.0, 921.0, 675.0]
[0.0, 96.0, 730.0, 644.0]
[64.0, 48.0, 795.0, 596.0]
[96.0, 80.0, 828.0, 629.0]
[192.0, 128.0, 925.0, 678.0]
[96.0, 96.0, 830.0, 646.0]
[48.0, 112.0, 783.0, 663.0]
[128.0, 80.0, 864.0, 632.0]
[64.0, 80.0, 801.0, 633.0]
[176.0, 48.0, 914.0, 602.0]
[96.0, 96.0, 835.0, 650.0]
[160.0, 48.0, 900.0, 603.0]
[16.0, 64.0, 757.0, 620.0]
[32.0, 96.0, 774.0, 652.0]
[112.0, 96.0, 855.0, 653.0]
[224.0, 96.0, 968.0, 654.0]
[128.0, 80.0, 873.0, 639.0]
[80.0, 112.0, 826.0, 672.0]
[80.0, 80.0, 827.0, 640.0]
[0.0, 80.0, 748.0, 641.0]
[80.0, 112.0, 829.0, 674.0]
[48.0, 80.0, 798.0, 642.0]
[160.0, 80.0, 911.0, 643.0]
[192.0, 80.0, 944.0, 644.0]
[16.0, 96.0, 769.0, 661.0]
[192.0, 80.0, 946.0, 646.0]
[32.0, 32.0, 787.0, 598.0]
[64.0, 48.0, 820.0, 615.0]
[48.0, 96.0, 805.0, 664.0]
[160.0, 112.0, 918.0, 680.0]
[208.0, 96.0, 967.0, 665.0]
[0.0, 112.0, 760.0, 682.0]
[32.0, 96.0, 793.0, 667.0]
[224.0, 80.0, 986.0, 652.0]
[96.0, 64.0, 859.0, 636.0]
[64.0, 48.0, 828.0, 621.0]
[80.0, 64.0, 845.0, 638.0]
[48.0, 48.0, 814.0, 622.0]
[192.0, 96.0, 959.0, 671.0]
[32.0, 48.0, 800.0, 624.0]
[176.0, 48.0, 945.0, 625.0]
[176.0, 96.0, 946.0, 674.0]
[80.0, 64.0, 851.0, 642.0]
[144.0, 64.0, 916.0, 643.0]
[96.0, 96.0, 869.0, 676.0]
[144.0, 96.0, 918.0, 676.0]
[80.0, 16.0, 855.0, 597.0]
[16.0, 80.0, 792.0, 662.0]
[96.0, 80.0, 873.0, 663.0]
[32.0, 80.0, 810.0, 664.0]
[48.0, 32.0, 827.0, 616.0]
[80.0, 32.0, 860.0, 617.0]
[48.0, 16.0, 829.0, 602.0]
[128.0, 80.0, 910.0, 666.0]
[64.0, 32.0, 847.0, 619.0]
[176.0, 64.0, 960.0, 652.0]
[16.0, 64.0, 801.0, 653.0]
[192.0, 64.0, 978.0, 654.0]
[0.0, 64.0, 787.0, 654.0]
[64.0, 0.0, 852.0, 591.0]
[112.0, 0.0, 901.0, 592.0]
[80.0, 80.0, 870.0, 672.0]
[112.0, 16.0, 903.0, 609.0]
[160.0, 32.0, 952.0, 626.0]
[16.0, 80.0, 809.0, 675.0]
[112.0, 80.0, 906.0, 676.0]
[0.0, 80.0, 795.0, 676.0]
[32.0, 0.0, 828.0, 597.0]
[32.0, 0.0, 829.0, 598.0]
[0.0, 32.0, 798.0, 630.0]
[0.0, 16.0, 799.0, 615.0]
[32.0, 0.0, 832.0, 600.0]
[32.0, 32.0, 833.0, 633.0]
[0.0, 64.0, 802.0, 666.0]
[16.0, 32.0, 819.0, 634.0]
[176.0, 80.0, 980.0, 683.0]
[0.0, 16.0, 805.0, 620.0]
[160.0, 32.0, 966.0, 636.0]
[96.0, 0.0, 903.0, 605.0]
[64.0, 32.0, 872.0, 638.0]
[48.0, 0.0, 857.0, 607.0]
[128.0, 64.0, 938.0, 672.0]
[128.0, 32.0, 939.0, 640.0]
[160.0, 64.0, 972.0, 673.0]
[64.0, 0.0, 877.0, 610.0]
[32.0, 32.0, 846.0, 642.0]
[48.0, 48.0, 863.0, 659.0]
[32.0, 32.0, 848.0, 644.0]
[112.0, 64.0, 929.0, 677.0]
[96.0, 48.0, 914.0, 662.0]
[112.0, 16.0, 931.0, 630.0]
[32.0, 0.0, 852.0, 615.0]
[64.0, 64.0, 885.0, 680.0]
[144.0, 48.0, 966.0, 664.0]
[112.0, 48.0, 935.0, 665.0]
[64.0, 16.0, 888.0, 634.0]
[112.0, 16.0, 937.0, 635.0]
[48.0, 16.0, 874.0, 636.0]
[96.0, 32.0, 923.0, 652.0]
[48.0, 32.0, 876.0, 653.0]
[32.0, 32.0, 861.0, 654.0]
[80.0, 16.0, 910.0, 638.0]
[80.0, 16.0, 911.0, 639.0]
[160.0, 48.0, 992.0, 672.0]
[128.0, 32.0, 961.0, 657.0]
[48.0, 48.0, 882.0, 674.0]
[0.0, 16.0, 835.0, 642.0]
[0.0, 0.0, 836.0, 627.0]
[32.0, 32.0, 869.0, 660.0]
[80.0, 32.0, 918.0, 660.0]
[48.0, 16.0, 887.0, 645.0]
[48.0, 0.0, 888.0, 630.0]
[0.0, 48.0, 841.0, 679.0]
[0.0, 32.0, 842.0, 664.0]
[80.0, 48.0, 923.0, 680.0]
[96.0, 48.0, 940.0, 681.0]
[144.0, 48.0, 989.0, 682.0]
[96.0, 16.0, 942.0, 650.0]
[80.0, 0.0, 927.0, 635.0]
[96.0, 16.0, 944.0, 652.0]
[80.0, 0.0, 929.0, 637.0]
[112.0, 0.0, 962.0, 638.0]
[0.0, 0.0, 851.0, 638.0]
[128.0, 16.0, 980.0, 655.0]
[16.0, 0.0, 869.0, 640.0]
[64.0, 16.0, 918.0, 656.0]
[0.0, 32.0, 855.0, 673.0]
[64.0, 0.0, 920.0, 642.0]
[128.0, 16.0, 985.0, 659.0]
[32.0, 32.0, 890.0, 676.0]
[32.0, 0.0, 891.0, 644.0]
[0.0, 0.0, 860.0, 645.0]
[80.0, 32.0, 941.0, 678.0]
[32.0, 16.0, 894.0, 662.0]
[96.0, 16.0, 959.0, 663.0]
[0.0, 0.0, 864.0, 648.0]
[48.0, 16.0, 913.0, 665.0]
[0.0, 16.0, 866.0, 666.0]
[0.0, 0.0, 867.0, 650.0]
[80.0, 0.0, 948.0, 651.0]
[16.0, 0.0, 885.0, 652.0]
[64.0, 0.0, 934.0, 652.0]
[96.0, 16.0, 967.0, 669.0]
[96.0, 16.0, 968.0, 670.0]
[0.0, 0.0, 873.0, 655.0]
[16.0, 0.0, 890.0, 656.0]
[16.0, 16.0, 891.0, 672.0]
[16.0, 16.0, 892.0, 673.0]
[16.0, 0.0, 893.0, 658.0]
[80.0, 0.0, 958.0, 658.0]
[16.0, 0.0, 895.0, 659.0]
[16.0, 16.0, 896.0, 676.0]
[48.0, 16.0, 929.0, 677.0]
[48.0, 0.0, 930.0, 662.0]
[64.0, 0.0, 947.0, 662.0]
[64.0, 16.0, 948.0, 679.0]
[0.0, 16.0, 885.0, 680.0]
[96.0, 16.0, 982.0, 680.0]
[16.0, 16.0, 903.0, 681.0]
[112.0, 16.0, 1000.0, 682.0]
[80.0, 0.0, 969.0, 667.0]
[80.0, 0.0, 970.0, 668.0]
[96.0, 0.0, 987.0, 668.0]
[112.0, 0.0, 1004.0, 669.0]
[16.0, 0.0, 909.0, 670.0]
[64.0, 0.0, 958.0, 670.0]
[0.0, 0.0, 895.0, 671.0]
[96.0, 0.0, 992.0, 672.0]
[16.0, 0.0, 913.0, 673.0]
[48.0, 0.0, 946.0, 674.0]
[32.0, 0.0, 931.0, 674.0]
[48.0, 0.0, 948.0, 675.0]
[16.0, 0.0, 917.0, 676.0]
[0.0, 0.0, 902.0, 676.0]
[96.0, 0.0, 999.0, 677.0]
[64.0, 0.0, 968.0, 678.0]
[96.0, 0.0, 1001.0, 679.0]
[32.0, 0.0, 938.0, 680.0]
[48.0, 0.0, 955.0, 680.0]
[0.0, 0.0, 908.0, 681.0]
[64.0, 0.0, 973.0, 682.0]
[96.0, 0.0, 1006.0, 682.0]
[0.0, 0.0, 911.0, 683.0]
