[144.0, 32.0, 861.0, 570.0]
[80.0, 48.0, 798.0, 586.0]
[112.0, 32.0, 831.0, 571.0]
[224.0, 48.0, 944.0, 588.0]
[96.0, 48.0, 817.0, 589.0]
[272.0, 48.0, 994.0, 590.0]
[112.0, 48.0, 835.0, 590.0]
[192.0, 48.0, 916.0, 591.0]
[208.0, 16.0, 933.0, 560.0]
[48.0, 32.0, 774.0, 576.0]
[144.0, 16.0, 871.0, 561.0]
[128.0, 64.0, 856.0, 610.0]
[240.0, 32.0, 969.0, 579.0]
[176.0, 16.0, 906.0, 564.0]
[176.0, 32.0, 907.0, 580.0]
[32.0, 32.0, 764.0, 581.0]
[208.0, 64.0, 941.0, 614.0]
[240.0, 32.0, 974.0, 582.0]
[256.0, 16.0, 991.0, 567.0]
[240.0, 16.0, 976.0, 568.0]
[112.0, 64.0, 849.0, 617.0]
[224.0, 48.0, 962.0, 602.0]
[208.0, 48.0, 947.0, 602.0]
[160.0, 32.0, 900.0, 587.0]
[176.0, 0.0, 917.0, 556.0]
[128.0, 0.0, 870.0, 556.0]
[256.0, 16.0, 999.0, 573.0]
[208.0, 0.0, 952.0, 558.0]
[192.0, 48.0, 937.0, 607.0]
[208.0, 64.0, 954.0, 624.0]
[128.0, 0.0, 875.0, 560.0]
[48.0, 32.0, 796.0, 593.0]
[96.0, 32.0, 845.0, 594.0]
[32.0, 32.0, 782.0, 594.0]
[64.0, 32.0, 815.0, 595.0]
[32.0, 64.0, 784.0, 628.0]
[160.0, 48.0, 913.0, 613.0]
[96.0, 0.0, 850.0, 566.0]
[208.0, 16.0, 963.0, 582.0]
[96.0, 48.0, 852.0, 615.0]
[240.0, 32.0, 997.0, 600.0]
[16.0, 32.0, 774.0, 600.0]
[192.0, 64.0, 951.0, 633.0]
[128.0, 64.0, 888.0, 634.0]
[128.0, 16.0, 889.0, 587.0]
[240.0, 16.0, 1002.0, 588.0]
[192.0, 16.0, 955.0, 588.0]
[80.0, 48.0, 844.0, 621.0]
[128.0, 48.0, 893.0, 622.0]
[240.0, 0.0, 1006.0, 574.0]
[96.0, 48.0, 863.0, 623.0]
[112.0, 32.0, 880.0, 608.0]
[48.0, 32.0, 817.0, 609.0]
[240.0, 0.0, 1010.0, 578.0]
[32.0, 16.0, 803.0, 594.0]
[160.0, 0.0, 932.0, 579.0]
[224.0, 16.0, 997.0, 596.0]
[160.0, 0.0, 934.0, 580.0]
[96.0, 0.0, 871.0, 581.0]
[96.0, 16.0, 872.0, 598.0]
[176.0, 32.0, 953.0, 615.0]
[208.0, 48.0, 986.0, 632.0]
[240.0, 48.0, 1019.0, 632.0]
[192.0, 0.0, 972.0, 585.0]
[128.0, 16.0, 909.0, 602.0]
[192.0, 64.0, 974.0, 650.0]
[96.0, 64.0, 879.0, 651.0]
[112.0, 16.0, 896.0, 604.0]
[80.0, 64.0, 865.0, 653.0]
[128.0, 32.0, 914.0, 622.0]
[176.0, 0.0, 963.0, 590.0]
[0.0, 0.0, 788.0, 591.0]
[144.0, 64.0, 933.0, 656.0]
[96.0, 0.0, 886.0, 592.0]
[80.0, 0.0, 871.0, 593.0]
[144.0, 48.0, 936.0, 642.0]
[16.0, 0.0, 809.0, 595.0]
[128.0, 0.0, 922.0, 596.0]
[96.0, 32.0, 891.0, 628.0]
[96.0, 16.0, 892.0, 613.0]
[80.0, 16.0, 877.0, 614.0]
[224.0, 0.0, 1022.0, 598.0]
[192.0, 0.0, 991.0, 599.0]
[32.0, 32.0, 832.0, 632.0]
[128.0, 16.0, 929.0, 617.0]
[208.0, 32.0, 1010.0, 634.0]
[48.0, 64.0, 851.0, 666.0]
[176.0, 16.0, 980.0, 619.0]
[144.0, 0.0, 949.0, 604.0]
[176.0, 48.0, 982.0, 652.0]
[64.0, 32.0, 871.0, 637.0]
[192.0, 16.0, 1000.0, 622.0]
[48.0, 32.0, 857.0, 639.0]
[192.0, 16.0, 1002.0, 624.0]
[96.0, 48.0, 907.0, 656.0]
[0.0, 32.0, 812.0, 641.0]
[64.0, 16.0, 877.0, 626.0]
[144.0, 32.0, 958.0, 642.0]
[48.0, 64.0, 863.0, 675.0]
[16.0, 16.0, 832.0, 628.0]
[96.0, 32.0, 913.0, 645.0]
[192.0, 32.0, 1010.0, 646.0]
[112.0, 16.0, 931.0, 630.0]
[64.0, 64.0, 884.0, 679.0]
[144.0, 32.0, 965.0, 648.0]
[128.0, 64.0, 950.0, 680.0]
[80.0, 48.0, 903.0, 665.0]
[192.0, 16.0, 1016.0, 634.0]
[48.0, 32.0, 873.0, 651.0]
[144.0, 16.0, 970.0, 636.0]
[192.0, 16.0, 1019.0, 636.0]
[128.0, 32.0, 956.0, 653.0]
[112.0, 48.0, 941.0, 670.0]
[160.0, 32.0, 990.0, 654.0]
[176.0, 32.0, 1007.0, 655.0]
[192.0, 0.0, 1024.0, 624.0]
[48.0, 48.0, 881.0, 673.0]
[64.0, 16.0, 898.0, 642.0]
[112.0, 48.0, 947.0, 674.0]
[32.0, 0.0, 868.0, 627.0]
[32.0, 16.0, 869.0, 644.0]
[32.0, 0.0, 870.0, 628.0]
[32.0, 16.0, 871.0, 645.0]
[112.0, 0.0, 952.0, 630.0]
[112.0, 32.0, 953.0, 663.0]
[96.0, 32.0, 938.0, 664.0]
[160.0, 16.0, 1003.0, 648.0]
[96.0, 16.0, 940.0, 649.0]
[48.0, 32.0, 893.0, 666.0]
[160.0, 0.0, 1006.0, 634.0]
[80.0, 32.0, 927.0, 667.0]
[32.0, 16.0, 880.0, 652.0]
[64.0, 0.0, 913.0, 637.0]
[144.0, 0.0, 994.0, 638.0]
[80.0, 16.0, 931.0, 654.0]
[112.0, 0.0, 964.0, 639.0]
[48.0, 0.0, 901.0, 640.0]
[160.0, 32.0, 1014.0, 672.0]
[64.0, 32.0, 919.0, 673.0]
[112.0, 16.0, 968.0, 658.0]
[0.0, 32.0, 857.0, 675.0]
[16.0, 0.0, 874.0, 644.0]
[0.0, 16.0, 859.0, 660.0]
[160.0, 0.0, 1020.0, 645.0]
[144.0, 0.0, 1005.0, 646.0]
[0.0, 0.0, 862.0, 646.0]
[96.0, 0.0, 959.0, 647.0]
[64.0, 0.0, 928.0, 648.0]
[32.0, 32.0, 897.0, 681.0]
[0.0, 16.0, 866.0, 666.0]
[48.0, 32.0, 915.0, 682.0]
[112.0, 16.0, 980.0, 667.0]
[0.0, 16.0, 869.0, 668.0]
[48.0, 0.0, 918.0, 652.0]
[16.0, 0.0, 887.0, 653.0]
[112.0, 16.0, 984.0, 670.0]
[128.0, 0.0, 1001.0, 655.0]
[144.0, 16.0, 1018.0, 672.0]
[144.0, 16.0, 1019.0, 672.0]
[16.0, 0.0, 892.0, 657.0]
[32.0, 16.0, 909.0, 674.0]
[112.0, 0.0, 990.0, 658.0]
[64.0, 16.0, 943.0, 675.0]
[48.0, 0.0, 928.0, 660.0]
[48.0, 16.0, 929.0, 677.0]
[64.0, 0.0, 946.0, 662.0]
[64.0, 16.0, 947.0, 678.0]
[128.0, 16.0, 1012.0, 679.0]
[32.0, 16.0, 917.0, 680.0]
[0.0, 0.0, 886.0, 664.0]
[16.0, 16.0, 903.0, 681.0]
[32.0, 16.0, 920.0, 682.0]
[16.0, 0.0, 905.0, 667.0]
[96.0, 0.0, 986.0, 668.0]
[80.0, 0.0, 971.0, 668.0]
[48.0, 0.0, 940.0, 669.0]
[32.0, 0.0, 925.0, 670.0]
[32.0, 0.0, 926.0, 670.0]
[96.0, 0.0, 991.0, 671.0]
[32.0, 0.0, 928.0, 672.0]
[96.0, 0.0, 993.0, 673.0]
[112.0, 0.0, 1010.0, 674.0]
[80.0, 0.0, 979.0, 674.0]
[96.0, 0.0, 996.0, 675.0]
[112.0, 0.0, 1013.0, 676.0]
[0.0, 0.0, 902.0, 676.0]
[16.0, 0.0, 919.0, 677.0]
[64.0, 0.0, 968.0, 678.0]
[48.0, 0.0, 953.0, 679.0]
[32.0, 0.0, 938.0, 680.0]
[48.0, 0.0, 955.0, 680.0]
[64.0, 0.0, 972.0, 681.0]
[48.0, 0.0, 957.0, 682.0]
[32.0, 0.0, 942.0, 682.0]
[16.0, 0.0, 927.0, 683.0]
