[96.0, 16.0, 813.0, 554.0]
[208.0, 0.0, 926.0, 538.0]
[64.0, 32.0, 783.0, 571.0]
[224.0, 32.0, 944.0, 572.0]
[176.0, 0.0, 897.0, 541.0]
[176.0, 32.0, 898.0, 574.0]
[256.0, 16.0, 979.0, 558.0]
[192.0, 0.0, 916.0, 543.0]
[64.0, 16.0, 789.0, 560.0]
[240.0, 32.0, 966.0, 576.0]
[208.0, 16.0, 935.0, 561.0]
[160.0, 16.0, 888.0, 562.0]
[176.0, 16.0, 905.0, 563.0]
[64.0, 16.0, 794.0, 564.0]
[240.0, 16.0, 971.0, 564.0]
[160.0, 16.0, 892.0, 565.0]
[112.0, 0.0, 845.0, 550.0]
[160.0, 16.0, 894.0, 566.0]
[208.0, 0.0, 943.0, 551.0]
[144.0, 16.0, 880.0, 568.0]
[128.0, 16.0, 865.0, 569.0]
[80.0, 0.0, 818.0, 554.0]
[48.0, 0.0, 787.0, 554.0]
[96.0, 0.0, 836.0, 555.0]
[112.0, 16.0, 853.0, 572.0]
[96.0, 16.0, 838.0, 572.0]
[112.0, 16.0, 855.0, 573.0]
[224.0, 16.0, 968.0, 574.0]
[128.0, 0.0, 873.0, 559.0]
[112.0, 0.0, 858.0, 560.0]
[96.0, 16.0, 843.0, 576.0]
[128.0, 0.0, 876.0, 561.0]
[160.0, 0.0, 909.0, 562.0]
[160.0, 0.0, 910.0, 562.0]
[48.0, 0.0, 799.0, 563.0]
[64.0, 0.0, 816.0, 564.0]
[96.0, 0.0, 849.0, 565.0]
[224.0, 0.0, 978.0, 566.0]
[128.0, 0.0, 883.0, 566.0]
[48.0, 0.0, 804.0, 567.0]
[96.0, 0.0, 853.0, 568.0]
[80.0, 0.0, 838.0, 568.0]
[192.0, 0.0, 951.0, 569.0]
[112.0, 0.0, 872.0, 570.0]
[224.0, 0.0, 985.0, 571.0]
[160.0, 0.0, 922.0, 572.0]
[208.0, 0.0, 971.0, 572.0]
[80.0, 0.0, 844.0, 573.0]
[176.0, 0.0, 941.0, 574.0]
[128.0, 0.0, 894.0, 574.0]
[128.0, 0.0, 895.0, 575.0]
[96.0, 0.0, 864.0, 576.0]
