[144.0, 288.0, 682.0, 1005.0]
[16.0, 272.0, 554.0, 990.0]
[128.0, 192.0, 667.0, 911.0]
[48.0, 256.0, 588.0, 976.0]
[128.0, 256.0, 669.0, 977.0]
[48.0, 256.0, 590.0, 978.0]
[96.0, 240.0, 638.0, 963.0]
[96.0, 272.0, 639.0, 996.0]
[32.0, 288.0, 576.0, 1013.0]
[96.0, 176.0, 640.0, 902.0]
[128.0, 272.0, 673.0, 999.0]
[64.0, 208.0, 610.0, 936.0]
[96.0, 176.0, 643.0, 905.0]
[112.0, 176.0, 660.0, 906.0]
[112.0, 224.0, 660.0, 955.0]
[64.0, 208.0, 613.0, 940.0]
[64.0, 192.0, 614.0, 925.0]
[16.0, 256.0, 566.0, 990.0]
[112.0, 272.0, 663.0, 1007.0]
[128.0, 272.0, 680.0, 1008.0]
[96.0, 240.0, 649.0, 977.0]
[80.0, 208.0, 634.0, 946.0]
[96.0, 176.0, 650.0, 915.0]
[64.0, 240.0, 619.0, 980.0]
[80.0, 208.0, 636.0, 949.0]
[16.0, 240.0, 572.0, 982.0]
[96.0, 176.0, 653.0, 919.0]
[64.0, 192.0, 622.0, 936.0]
[64.0, 256.0, 623.0, 1001.0]
[32.0, 240.0, 592.0, 986.0]
[32.0, 224.0, 592.0, 971.0]
[16.0, 256.0, 577.0, 1004.0]
[80.0, 160.0, 642.0, 909.0]
[80.0, 224.0, 642.0, 974.0]
[96.0, 160.0, 659.0, 911.0]
[64.0, 192.0, 628.0, 944.0]
[64.0, 256.0, 629.0, 1009.0]
[96.0, 224.0, 662.0, 978.0]
[48.0, 224.0, 614.0, 979.0]
[80.0, 224.0, 647.0, 980.0]
[64.0, 192.0, 632.0, 949.0]
[112.0, 192.0, 680.0, 950.0]
[32.0, 224.0, 601.0, 983.0]
[80.0, 160.0, 650.0, 920.0]
[112.0, 240.0, 683.0, 1001.0]
[80.0, 256.0, 652.0, 1018.0]
[80.0, 208.0, 652.0, 971.0]
[48.0, 256.0, 621.0, 1020.0]
[32.0, 208.0, 606.0, 973.0]
[16.0, 240.0, 590.0, 1006.0]
[80.0, 192.0, 655.0, 959.0]
[32.0, 192.0, 608.0, 960.0]
[48.0, 240.0, 625.0, 1009.0]
[64.0, 192.0, 642.0, 962.0]
[16.0, 208.0, 594.0, 979.0]
[96.0, 176.0, 675.0, 948.0]
[16.0, 208.0, 596.0, 981.0]
[80.0, 144.0, 660.0, 918.0]
[48.0, 160.0, 629.0, 935.0]
[48.0, 160.0, 630.0, 936.0]
[32.0, 176.0, 615.0, 953.0]
[64.0, 240.0, 648.0, 1018.0]
[32.0, 240.0, 616.0, 1019.0]
[48.0, 176.0, 633.0, 956.0]
[64.0, 176.0, 650.0, 957.0]
[16.0, 240.0, 602.0, 1022.0]
[16.0, 192.0, 603.0, 975.0]
[32.0, 176.0, 620.0, 960.0]
[64.0, 208.0, 653.0, 993.0]
[48.0, 208.0, 638.0, 994.0]
[16.0, 208.0, 606.0, 995.0]
[80.0, 160.0, 671.0, 948.0]
[48.0, 192.0, 640.0, 981.0]
[80.0, 192.0, 672.0, 982.0]
[32.0, 224.0, 625.0, 1015.0]
[80.0, 208.0, 674.0, 1000.0]
[48.0, 144.0, 643.0, 937.0]
[48.0, 208.0, 644.0, 1002.0]
[80.0, 128.0, 676.0, 923.0]
[80.0, 176.0, 677.0, 972.0]
[32.0, 208.0, 630.0, 1005.0]
[80.0, 192.0, 678.0, 990.0]
[16.0, 192.0, 615.0, 991.0]
[48.0, 224.0, 648.0, 1024.0]
[80.0, 176.0, 681.0, 977.0]
[64.0, 160.0, 666.0, 962.0]
[16.0, 208.0, 618.0, 1011.0]
[80.0, 128.0, 683.0, 932.0]
[64.0, 160.0, 668.0, 965.0]
[48.0, 176.0, 652.0, 982.0]
[64.0, 192.0, 669.0, 999.0]
[32.0, 192.0, 638.0, 1000.0]
[32.0, 176.0, 639.0, 985.0]
[32.0, 160.0, 640.0, 970.0]
[16.0, 208.0, 624.0, 1019.0]
[16.0, 176.0, 625.0, 988.0]
[48.0, 176.0, 658.0, 989.0]
[32.0, 192.0, 642.0, 1006.0]
[64.0, 208.0, 675.0, 1023.0]
[32.0, 144.0, 644.0, 960.0]
[64.0, 144.0, 677.0, 961.0]
[64.0, 128.0, 678.0, 946.0]
[64.0, 128.0, 678.0, 947.0]
[64.0, 144.0, 679.0, 964.0]
[64.0, 144.0, 680.0, 965.0]
[32.0, 176.0, 648.0, 998.0]
[64.0, 192.0, 681.0, 1015.0]
[32.0, 144.0, 650.0, 968.0]
[64.0, 176.0, 683.0, 1001.0]
[48.0, 176.0, 668.0, 1002.0]
[48.0, 144.0, 668.0, 971.0]
[16.0, 192.0, 637.0, 1020.0]
[32.0, 176.0, 654.0, 1005.0]
[48.0, 160.0, 670.0, 990.0]
[48.0, 192.0, 671.0, 1023.0]
[16.0, 176.0, 640.0, 1008.0]
[16.0, 176.0, 641.0, 1009.0]
[16.0, 176.0, 642.0, 1010.0]
[16.0, 144.0, 642.0, 979.0]
[16.0, 176.0, 643.0, 1012.0]
[32.0, 128.0, 660.0, 965.0]
[48.0, 144.0, 676.0, 982.0]
[48.0, 176.0, 677.0, 1015.0]
[48.0, 144.0, 678.0, 984.0]
[16.0, 144.0, 647.0, 985.0]
[48.0, 144.0, 680.0, 986.0]
[16.0, 176.0, 648.0, 1019.0]
[16.0, 144.0, 649.0, 988.0]
[16.0, 144.0, 650.0, 989.0]
[16.0, 176.0, 650.0, 1022.0]
[16.0, 128.0, 651.0, 975.0]
[32.0, 128.0, 668.0, 976.0]
[32.0, 128.0, 669.0, 977.0]
[16.0, 160.0, 654.0, 1010.0]
[16.0, 160.0, 654.0, 1011.0]
[16.0, 144.0, 655.0, 996.0]
[32.0, 144.0, 672.0, 997.0]
[32.0, 128.0, 672.0, 982.0]
[16.0, 144.0, 657.0, 999.0]
[16.0, 144.0, 658.0, 1000.0]
[16.0, 160.0, 659.0, 1017.0]
[32.0, 128.0, 676.0, 986.0]
[16.0, 128.0, 660.0, 987.0]
[16.0, 160.0, 661.0, 1020.0]
