[48.0, 0.0, 765.0, 538.0]
[160.0, 16.0, 878.0, 554.0]
[64.0, 32.0, 783.0, 571.0]
[144.0, 32.0, 864.0, 572.0]
[144.0, 0.0, 865.0, 541.0]
[64.0, 0.0, 786.0, 542.0]
[48.0, 0.0, 771.0, 542.0]
[48.0, 16.0, 772.0, 559.0]
[128.0, 16.0, 853.0, 560.0]
[144.0, 32.0, 870.0, 576.0]
[112.0, 32.0, 839.0, 577.0]
[144.0, 32.0, 872.0, 578.0]
[80.0, 32.0, 809.0, 579.0]
[80.0, 0.0, 810.0, 548.0]
[32.0, 16.0, 763.0, 564.0]
[48.0, 32.0, 780.0, 581.0]
[160.0, 16.0, 893.0, 566.0]
[128.0, 32.0, 862.0, 582.0]
[112.0, 0.0, 847.0, 551.0]
[96.0, 0.0, 832.0, 552.0]
[176.0, 16.0, 913.0, 569.0]
[176.0, 16.0, 914.0, 570.0]
[112.0, 16.0, 851.0, 570.0]
[144.0, 32.0, 884.0, 587.0]
[80.0, 0.0, 821.0, 556.0]
[128.0, 0.0, 870.0, 556.0]
[160.0, 16.0, 903.0, 573.0]
[48.0, 0.0, 792.0, 558.0]
[128.0, 16.0, 873.0, 575.0]
[160.0, 16.0, 906.0, 576.0]
[64.0, 32.0, 811.0, 592.0]
[32.0, 32.0, 780.0, 593.0]
[80.0, 32.0, 829.0, 594.0]
[128.0, 0.0, 878.0, 562.0]
[144.0, 0.0, 895.0, 563.0]
[80.0, 0.0, 832.0, 564.0]
[80.0, 32.0, 833.0, 597.0]
[144.0, 16.0, 898.0, 582.0]
[144.0, 16.0, 899.0, 582.0]
[144.0, 16.0, 900.0, 583.0]
[128.0, 32.0, 885.0, 600.0]
[128.0, 16.0, 886.0, 584.0]
[96.0, 32.0, 855.0, 601.0]
[112.0, 32.0, 872.0, 602.0]
[144.0, 0.0, 905.0, 571.0]
[112.0, 0.0, 874.0, 572.0]
[80.0, 0.0, 843.0, 572.0]
[144.0, 16.0, 908.0, 589.0]
[32.0, 16.0, 797.0, 590.0]
[64.0, 32.0, 830.0, 606.0]
[64.0, 16.0, 831.0, 591.0]
[64.0, 32.0, 832.0, 608.0]
[48.0, 16.0, 817.0, 593.0]
[112.0, 0.0, 882.0, 578.0]
[112.0, 32.0, 883.0, 610.0]
[128.0, 32.0, 900.0, 611.0]
[128.0, 0.0, 901.0, 580.0]
[96.0, 0.0, 870.0, 580.0]
[64.0, 0.0, 839.0, 581.0]
[32.0, 32.0, 808.0, 614.0]
[64.0, 0.0, 841.0, 583.0]
[112.0, 32.0, 890.0, 616.0]
[64.0, 16.0, 843.0, 600.0]
[64.0, 16.0, 844.0, 601.0]
[32.0, 32.0, 813.0, 618.0]
[96.0, 0.0, 878.0, 586.0]
[80.0, 16.0, 863.0, 603.0]
[32.0, 16.0, 816.0, 604.0]
[112.0, 16.0, 897.0, 605.0]
[48.0, 0.0, 834.0, 590.0]
[96.0, 0.0, 883.0, 590.0]
[112.0, 32.0, 900.0, 623.0]
[80.0, 16.0, 869.0, 608.0]
[80.0, 32.0, 870.0, 624.0]
[80.0, 16.0, 871.0, 609.0]
[32.0, 32.0, 824.0, 626.0]
[80.0, 16.0, 873.0, 611.0]
[112.0, 0.0, 906.0, 596.0]
[32.0, 0.0, 827.0, 596.0]
[32.0, 0.0, 828.0, 597.0]
[64.0, 32.0, 861.0, 630.0]
[32.0, 0.0, 830.0, 598.0]
[96.0, 16.0, 895.0, 615.0]
[64.0, 16.0, 864.0, 616.0]
[48.0, 16.0, 849.0, 617.0]
[48.0, 0.0, 850.0, 602.0]
[64.0, 16.0, 867.0, 618.0]
[80.0, 0.0, 884.0, 603.0]
[80.0, 16.0, 885.0, 620.0]
[96.0, 32.0, 902.0, 636.0]
[96.0, 0.0, 903.0, 605.0]
[48.0, 0.0, 856.0, 606.0]
[64.0, 16.0, 873.0, 623.0]
[32.0, 0.0, 842.0, 608.0]
[48.0, 32.0, 859.0, 640.0]
[80.0, 16.0, 892.0, 625.0]
[80.0, 16.0, 893.0, 626.0]
[32.0, 16.0, 846.0, 626.0]
[64.0, 32.0, 879.0, 643.0]
[64.0, 32.0, 880.0, 644.0]
[32.0, 16.0, 849.0, 629.0]
[80.0, 0.0, 898.0, 614.0]
[80.0, 0.0, 899.0, 614.0]
[64.0, 16.0, 884.0, 631.0]
[32.0, 16.0, 853.0, 632.0]
[48.0, 32.0, 870.0, 648.0]
[64.0, 0.0, 887.0, 617.0]
[32.0, 0.0, 856.0, 618.0]
[64.0, 16.0, 889.0, 635.0]
[80.0, 16.0, 906.0, 636.0]
[48.0, 32.0, 875.0, 652.0]
[32.0, 16.0, 860.0, 637.0]
[48.0, 0.0, 877.0, 622.0]
[48.0, 0.0, 878.0, 622.0]
[32.0, 0.0, 863.0, 623.0]
[48.0, 0.0, 880.0, 624.0]
[64.0, 0.0, 897.0, 625.0]
[64.0, 0.0, 898.0, 626.0]
[48.0, 32.0, 883.0, 658.0]
[64.0, 16.0, 900.0, 643.0]
[64.0, 0.0, 901.0, 628.0]
[64.0, 16.0, 902.0, 644.0]
[64.0, 0.0, 903.0, 629.0]
[48.0, 32.0, 888.0, 662.0]
[32.0, 16.0, 873.0, 647.0]
[64.0, 0.0, 906.0, 632.0]
[48.0, 32.0, 891.0, 664.0]
[48.0, 0.0, 892.0, 633.0]
[48.0, 32.0, 893.0, 666.0]
[48.0, 16.0, 894.0, 650.0]
[32.0, 0.0, 879.0, 635.0]
[48.0, 32.0, 896.0, 668.0]
[48.0, 0.0, 897.0, 637.0]
[48.0, 32.0, 898.0, 670.0]
[48.0, 0.0, 899.0, 638.0]
[48.0, 32.0, 900.0, 671.0]
[48.0, 16.0, 901.0, 656.0]
[48.0, 16.0, 902.0, 656.0]
[48.0, 0.0, 903.0, 641.0]
[48.0, 16.0, 904.0, 658.0]
[48.0, 16.0, 905.0, 659.0]
