[256.0, 32.0, 973.0, 570.0]
[304.0, 0.0, 1022.0, 538.0]
[240.0, 0.0, 959.0, 539.0]
[240.0, 16.0, 960.0, 556.0]
[240.0, 16.0, 961.0, 557.0]
[272.0, 32.0, 994.0, 574.0]
[272.0, 0.0, 995.0, 542.0]
[240.0, 0.0, 964.0, 543.0]
[288.0, 16.0, 1013.0, 560.0]
[288.0, 16.0, 1014.0, 560.0]
[288.0, 0.0, 1015.0, 545.0]
[288.0, 0.0, 1016.0, 546.0]
[256.0, 0.0, 985.0, 547.0]
[272.0, 16.0, 1002.0, 564.0]
[272.0, 16.0, 1003.0, 564.0]
[240.0, 0.0, 972.0, 549.0]
[256.0, 16.0, 989.0, 566.0]
[288.0, 16.0, 1022.0, 566.0]
[240.0, 16.0, 975.0, 567.0]
[272.0, 0.0, 1008.0, 552.0]
[240.0, 16.0, 977.0, 569.0]
[256.0, 16.0, 994.0, 570.0]
[272.0, 0.0, 1011.0, 554.0]
[272.0, 16.0, 1012.0, 571.0]
[272.0, 16.0, 1013.0, 572.0]
[272.0, 16.0, 1014.0, 572.0]
[272.0, 0.0, 1015.0, 557.0]
[256.0, 16.0, 1000.0, 574.0]
[256.0, 0.0, 1001.0, 559.0]
[240.0, 16.0, 986.0, 576.0]
[272.0, 16.0, 1019.0, 576.0]
[272.0, 0.0, 1020.0, 561.0]
