[240.0, 80.0, 981.0, 636.0]
[80.0, 48.0, 822.0, 604.0]
[176.0, 48.0, 919.0, 605.0]
[160.0, 80.0, 904.0, 638.0]
[208.0, 48.0, 953.0, 607.0]
[144.0, 32.0, 890.0, 592.0]
[112.0, 48.0, 859.0, 608.0]
[160.0, 64.0, 908.0, 625.0]
[112.0, 32.0, 861.0, 594.0]
[192.0, 32.0, 942.0, 594.0]
[176.0, 48.0, 927.0, 611.0]
[96.0, 32.0, 848.0, 596.0]
[160.0, 96.0, 913.0, 661.0]
[48.0, 32.0, 802.0, 598.0]
[64.0, 96.0, 819.0, 662.0]
[128.0, 16.0, 884.0, 583.0]
[160.0, 96.0, 917.0, 664.0]
[112.0, 32.0, 870.0, 600.0]
[48.0, 48.0, 807.0, 617.0]
[96.0, 32.0, 856.0, 602.0]
[144.0, 48.0, 905.0, 619.0]
[96.0, 48.0, 858.0, 620.0]
[240.0, 80.0, 1003.0, 652.0]
[160.0, 48.0, 924.0, 621.0]
[64.0, 96.0, 829.0, 670.0]
[48.0, 64.0, 814.0, 638.0]
[160.0, 32.0, 927.0, 607.0]
[112.0, 16.0, 880.0, 592.0]
[48.0, 16.0, 817.0, 593.0]
[208.0, 80.0, 978.0, 658.0]
[176.0, 32.0, 947.0, 610.0]
[208.0, 48.0, 980.0, 627.0]
[32.0, 16.0, 805.0, 596.0]
[48.0, 32.0, 822.0, 612.0]
[176.0, 64.0, 951.0, 645.0]
[192.0, 48.0, 968.0, 630.0]
[80.0, 64.0, 857.0, 647.0]
[64.0, 48.0, 842.0, 632.0]
[160.0, 32.0, 939.0, 616.0]
[208.0, 0.0, 988.0, 585.0]
[16.0, 64.0, 797.0, 650.0]
[144.0, 0.0, 926.0, 586.0]
[112.0, 16.0, 895.0, 603.0]
[32.0, 16.0, 816.0, 604.0]
[144.0, 0.0, 929.0, 589.0]
[64.0, 48.0, 850.0, 638.0]
[160.0, 80.0, 947.0, 670.0]
[144.0, 80.0, 932.0, 671.0]
[16.0, 16.0, 805.0, 608.0]
[48.0, 64.0, 838.0, 656.0]
[160.0, 64.0, 951.0, 657.0]
[160.0, 80.0, 952.0, 674.0]
[192.0, 32.0, 985.0, 627.0]
[144.0, 48.0, 938.0, 644.0]
[176.0, 64.0, 971.0, 660.0]
[48.0, 48.0, 844.0, 645.0]
[144.0, 48.0, 941.0, 646.0]
[32.0, 32.0, 830.0, 630.0]
[208.0, 64.0, 1007.0, 663.0]
[192.0, 16.0, 992.0, 616.0]
[176.0, 80.0, 977.0, 681.0]
[176.0, 16.0, 978.0, 618.0]
[144.0, 32.0, 947.0, 634.0]
[48.0, 80.0, 852.0, 683.0]
[80.0, 0.0, 885.0, 604.0]
[192.0, 64.0, 998.0, 668.0]
[48.0, 32.0, 855.0, 637.0]
[80.0, 16.0, 888.0, 622.0]
[160.0, 32.0, 969.0, 639.0]
[48.0, 32.0, 858.0, 640.0]
[144.0, 48.0, 955.0, 656.0]
[96.0, 48.0, 908.0, 657.0]
[144.0, 16.0, 957.0, 626.0]
[96.0, 32.0, 910.0, 642.0]
[64.0, 48.0, 879.0, 659.0]
[128.0, 64.0, 944.0, 676.0]
[32.0, 48.0, 849.0, 661.0]
[128.0, 64.0, 946.0, 678.0]
[96.0, 16.0, 915.0, 630.0]
[96.0, 64.0, 916.0, 679.0]
[0.0, 48.0, 821.0, 664.0]
[16.0, 32.0, 838.0, 648.0]
[144.0, 16.0, 967.0, 633.0]
[80.0, 32.0, 904.0, 650.0]
[80.0, 16.0, 905.0, 635.0]
[144.0, 0.0, 970.0, 620.0]
[192.0, 16.0, 1019.0, 636.0]
[48.0, 0.0, 876.0, 621.0]
[176.0, 0.0, 1005.0, 622.0]
[160.0, 48.0, 990.0, 670.0]
[96.0, 0.0, 927.0, 623.0]
[128.0, 16.0, 960.0, 640.0]
[32.0, 48.0, 865.0, 673.0]
[128.0, 0.0, 962.0, 626.0]
[128.0, 0.0, 963.0, 626.0]
[128.0, 0.0, 964.0, 627.0]
[96.0, 0.0, 933.0, 628.0]
[16.0, 16.0, 854.0, 644.0]
[80.0, 32.0, 919.0, 661.0]
[80.0, 32.0, 920.0, 662.0]
[16.0, 0.0, 857.0, 631.0]
[16.0, 16.0, 858.0, 648.0]
[32.0, 32.0, 875.0, 664.0]
[48.0, 0.0, 892.0, 633.0]
[144.0, 16.0, 989.0, 650.0]
[176.0, 32.0, 1022.0, 666.0]
[96.0, 0.0, 943.0, 635.0]
[48.0, 0.0, 896.0, 636.0]
[64.0, 32.0, 913.0, 669.0]
[80.0, 0.0, 930.0, 638.0]
[80.0, 0.0, 931.0, 638.0]
[48.0, 16.0, 900.0, 655.0]
[96.0, 32.0, 949.0, 672.0]
[32.0, 0.0, 886.0, 640.0]
[96.0, 16.0, 951.0, 657.0]
[32.0, 16.0, 888.0, 658.0]
[144.0, 0.0, 1001.0, 643.0]
[16.0, 0.0, 874.0, 644.0]
[144.0, 32.0, 1003.0, 676.0]
[112.0, 32.0, 972.0, 677.0]
[144.0, 32.0, 1005.0, 678.0]
[64.0, 0.0, 926.0, 646.0]
[160.0, 32.0, 1023.0, 679.0]
[32.0, 0.0, 896.0, 648.0]
[80.0, 16.0, 945.0, 665.0]
[128.0, 32.0, 994.0, 682.0]
[48.0, 0.0, 915.0, 650.0]
[48.0, 16.0, 916.0, 667.0]
[112.0, 0.0, 981.0, 652.0]
[144.0, 16.0, 1014.0, 668.0]
[112.0, 16.0, 983.0, 669.0]
[80.0, 16.0, 952.0, 670.0]
[80.0, 16.0, 953.0, 671.0]
[128.0, 16.0, 1002.0, 672.0]
[48.0, 0.0, 923.0, 656.0]
[0.0, 16.0, 876.0, 673.0]
[144.0, 16.0, 1021.0, 674.0]
[32.0, 16.0, 910.0, 674.0]
[96.0, 16.0, 975.0, 675.0]
[96.0, 16.0, 976.0, 676.0]
[0.0, 0.0, 881.0, 661.0]
[48.0, 0.0, 930.0, 662.0]
[32.0, 0.0, 915.0, 662.0]
[48.0, 0.0, 932.0, 663.0]
[16.0, 16.0, 901.0, 680.0]
[96.0, 0.0, 982.0, 664.0]
[96.0, 0.0, 983.0, 665.0]
[48.0, 16.0, 936.0, 682.0]
[64.0, 16.0, 953.0, 683.0]
[80.0, 0.0, 970.0, 668.0]
[48.0, 0.0, 939.0, 668.0]
[96.0, 0.0, 988.0, 669.0]
[80.0, 0.0, 973.0, 670.0]
[0.0, 0.0, 894.0, 670.0]
[112.0, 0.0, 1007.0, 671.0]
[80.0, 0.0, 976.0, 672.0]
[0.0, 0.0, 897.0, 673.0]
[0.0, 0.0, 898.0, 674.0]
[96.0, 0.0, 995.0, 674.0]
[48.0, 0.0, 948.0, 675.0]
[0.0, 0.0, 901.0, 676.0]
[32.0, 0.0, 934.0, 676.0]
[32.0, 0.0, 935.0, 677.0]
[64.0, 0.0, 968.0, 678.0]
[32.0, 0.0, 937.0, 679.0]
[16.0, 0.0, 922.0, 680.0]
[112.0, 0.0, 1019.0, 680.0]
[80.0, 0.0, 988.0, 681.0]
[32.0, 0.0, 941.0, 682.0]
[112.0, 0.0, 1022.0, 682.0]
[48.0, 0.0, 959.0, 683.0]
