[176.0, 16.0, 893.0, 554.0]
[32.0, 0.0, 750.0, 538.0]
[176.0, 0.0, 895.0, 539.0]
[128.0, 80.0, 848.0, 620.0]
[48.0, 64.0, 769.0, 605.0]
[160.0, 32.0, 882.0, 574.0]
[176.0, 16.0, 899.0, 558.0]
[48.0, 96.0, 772.0, 639.0]
[144.0, 48.0, 869.0, 592.0]
[128.0, 64.0, 854.0, 608.0]
[32.0, 16.0, 759.0, 561.0]
[112.0, 64.0, 840.0, 610.0]
[160.0, 16.0, 889.0, 563.0]
[112.0, 80.0, 842.0, 628.0]
[160.0, 16.0, 891.0, 564.0]
[128.0, 0.0, 860.0, 549.0]
[144.0, 80.0, 877.0, 630.0]
[160.0, 16.0, 894.0, 566.0]
[96.0, 64.0, 831.0, 615.0]
[128.0, 80.0, 864.0, 632.0]
[128.0, 64.0, 865.0, 617.0]
[128.0, 48.0, 866.0, 602.0]
[128.0, 16.0, 867.0, 570.0]
[96.0, 0.0, 836.0, 555.0]
[160.0, 48.0, 901.0, 604.0]
[96.0, 0.0, 838.0, 556.0]
[128.0, 16.0, 871.0, 573.0]
[32.0, 80.0, 776.0, 638.0]
[96.0, 48.0, 841.0, 607.0]
[112.0, 64.0, 858.0, 624.0]
[112.0, 80.0, 859.0, 640.0]
[48.0, 32.0, 796.0, 593.0]
[48.0, 64.0, 797.0, 626.0]
[160.0, 80.0, 910.0, 642.0]
[144.0, 80.0, 895.0, 643.0]
[64.0, 64.0, 816.0, 628.0]
[96.0, 32.0, 849.0, 597.0]
[64.0, 80.0, 818.0, 646.0]
[48.0, 16.0, 803.0, 582.0]
[144.0, 80.0, 900.0, 647.0]
[80.0, 0.0, 837.0, 568.0]
[128.0, 48.0, 886.0, 616.0]
[32.0, 16.0, 791.0, 585.0]
[80.0, 80.0, 840.0, 650.0]
[112.0, 48.0, 873.0, 619.0]
[32.0, 80.0, 794.0, 652.0]
[96.0, 16.0, 859.0, 588.0]
[48.0, 32.0, 812.0, 605.0]
[96.0, 16.0, 861.0, 590.0]
[112.0, 64.0, 878.0, 638.0]
[48.0, 80.0, 815.0, 655.0]
[112.0, 80.0, 880.0, 656.0]
[144.0, 64.0, 913.0, 641.0]
[128.0, 64.0, 898.0, 642.0]
[80.0, 32.0, 851.0, 610.0]
[80.0, 16.0, 852.0, 595.0]
[80.0, 64.0, 853.0, 644.0]
[48.0, 0.0, 822.0, 580.0]
[80.0, 32.0, 855.0, 613.0]
[32.0, 0.0, 808.0, 582.0]
[32.0, 0.0, 809.0, 583.0]
[112.0, 0.0, 890.0, 584.0]
[128.0, 64.0, 907.0, 648.0]
[32.0, 32.0, 812.0, 617.0]
[112.0, 0.0, 893.0, 586.0]
[32.0, 32.0, 814.0, 618.0]
[48.0, 48.0, 831.0, 635.0]
[48.0, 0.0, 832.0, 588.0]
[96.0, 80.0, 881.0, 669.0]
[96.0, 48.0, 882.0, 638.0]
[64.0, 16.0, 851.0, 606.0]
[112.0, 0.0, 900.0, 591.0]
[80.0, 0.0, 869.0, 592.0]
[80.0, 80.0, 870.0, 672.0]
[32.0, 16.0, 823.0, 609.0]
[64.0, 64.0, 856.0, 658.0]
[112.0, 32.0, 905.0, 627.0]
[96.0, 16.0, 890.0, 612.0]
[48.0, 0.0, 843.0, 596.0]
[96.0, 48.0, 892.0, 645.0]
[80.0, 80.0, 877.0, 678.0]
[80.0, 64.0, 878.0, 662.0]
[112.0, 0.0, 911.0, 599.0]
[64.0, 80.0, 864.0, 680.0]
[64.0, 80.0, 865.0, 681.0]
[64.0, 64.0, 866.0, 666.0]
[64.0, 48.0, 867.0, 650.0]
[32.0, 80.0, 836.0, 683.0]
[48.0, 64.0, 853.0, 668.0]
[48.0, 16.0, 854.0, 620.0]
[64.0, 48.0, 871.0, 653.0]
[32.0, 64.0, 840.0, 670.0]
[32.0, 48.0, 841.0, 655.0]
[80.0, 48.0, 890.0, 656.0]
[48.0, 16.0, 859.0, 624.0]
[96.0, 32.0, 908.0, 641.0]
[64.0, 16.0, 877.0, 626.0]
[32.0, 32.0, 846.0, 642.0]
[48.0, 64.0, 863.0, 675.0]
[64.0, 64.0, 880.0, 676.0]
[80.0, 16.0, 897.0, 629.0]
[48.0, 64.0, 866.0, 678.0]
[32.0, 48.0, 851.0, 662.0]
[32.0, 0.0, 852.0, 615.0]
[80.0, 0.0, 901.0, 616.0]
[48.0, 0.0, 870.0, 616.0]
[32.0, 48.0, 855.0, 665.0]
[48.0, 32.0, 872.0, 650.0]
[64.0, 32.0, 889.0, 651.0]
[32.0, 48.0, 858.0, 668.0]
[48.0, 16.0, 875.0, 636.0]
[48.0, 48.0, 876.0, 669.0]
[48.0, 16.0, 877.0, 638.0]
[48.0, 16.0, 878.0, 638.0]
[64.0, 0.0, 895.0, 623.0]
[48.0, 0.0, 880.0, 624.0]
[32.0, 48.0, 865.0, 673.0]
[48.0, 48.0, 882.0, 674.0]
[48.0, 48.0, 883.0, 674.0]
[64.0, 0.0, 900.0, 627.0]
[32.0, 0.0, 869.0, 628.0]
[32.0, 0.0, 870.0, 628.0]
[32.0, 48.0, 871.0, 677.0]
[64.0, 48.0, 904.0, 678.0]
[64.0, 32.0, 905.0, 663.0]
[64.0, 48.0, 906.0, 680.0]
[48.0, 0.0, 891.0, 632.0]
[48.0, 16.0, 892.0, 649.0]
[48.0, 16.0, 893.0, 650.0]
[48.0, 48.0, 894.0, 682.0]
[48.0, 0.0, 895.0, 635.0]
[48.0, 16.0, 896.0, 652.0]
[48.0, 32.0, 897.0, 669.0]
[48.0, 16.0, 898.0, 654.0]
[48.0, 16.0, 899.0, 654.0]
[48.0, 32.0, 900.0, 671.0]
[48.0, 16.0, 901.0, 656.0]
[48.0, 32.0, 902.0, 672.0]
[48.0, 16.0, 903.0, 657.0]
[48.0, 16.0, 904.0, 658.0]
