[128.0, 32.0, 845.0, 570.0]
[32.0, 16.0, 750.0, 554.0]
[192.0, 0.0, 911.0, 539.0]
[80.0, 16.0, 800.0, 556.0]
[0.0, 32.0, 721.0, 573.0]
[48.0, 0.0, 770.0, 542.0]
[32.0, 0.0, 755.0, 542.0]
[32.0, 32.0, 756.0, 575.0]
[96.0, 16.0, 821.0, 560.0]
[32.0, 0.0, 758.0, 544.0]
[0.0, 32.0, 727.0, 577.0]
[64.0, 0.0, 792.0, 546.0]
[0.0, 16.0, 729.0, 563.0]
[80.0, 16.0, 810.0, 564.0]
[192.0, 0.0, 923.0, 548.0]
[96.0, 0.0, 828.0, 549.0]
[144.0, 0.0, 877.0, 550.0]
[16.0, 0.0, 750.0, 550.0]
[208.0, 0.0, 943.0, 551.0]
[96.0, 0.0, 832.0, 552.0]
[96.0, 16.0, 833.0, 569.0]
[80.0, 16.0, 818.0, 570.0]
[16.0, 16.0, 755.0, 570.0]
[0.0, 0.0, 740.0, 555.0]
[0.0, 16.0, 741.0, 572.0]
[192.0, 0.0, 934.0, 556.0]
[128.0, 16.0, 871.0, 573.0]
[80.0, 0.0, 824.0, 558.0]
[80.0, 16.0, 825.0, 575.0]
[80.0, 16.0, 826.0, 576.0]
[128.0, 16.0, 875.0, 576.0]
[80.0, 16.0, 828.0, 577.0]
[80.0, 0.0, 829.0, 562.0]
[208.0, 0.0, 958.0, 562.0]
[112.0, 0.0, 863.0, 563.0]
[144.0, 0.0, 896.0, 564.0]
[16.0, 0.0, 769.0, 565.0]
[16.0, 0.0, 770.0, 566.0]
[0.0, 0.0, 755.0, 566.0]
[208.0, 0.0, 964.0, 567.0]
[176.0, 0.0, 933.0, 568.0]
[112.0, 0.0, 870.0, 568.0]
[208.0, 0.0, 967.0, 569.0]
[112.0, 0.0, 872.0, 570.0]
[144.0, 0.0, 905.0, 571.0]
[80.0, 0.0, 842.0, 572.0]
[48.0, 0.0, 811.0, 572.0]
[32.0, 0.0, 796.0, 573.0]
[192.0, 0.0, 957.0, 574.0]
[96.0, 0.0, 862.0, 574.0]
[144.0, 0.0, 911.0, 575.0]
[64.0, 0.0, 832.0, 576.0]
[48.0, 0.0, 817.0, 577.0]
