[240.0, 80.0, 981.0, 636.0]
[96.0, 96.0, 838.0, 652.0]
[48.0, 32.0, 791.0, 589.0]
[224.0, 64.0, 968.0, 622.0]
[64.0, 64.0, 809.0, 623.0]
[80.0, 96.0, 826.0, 656.0]
[208.0, 80.0, 955.0, 640.0]
[112.0, 64.0, 860.0, 625.0]
[192.0, 80.0, 941.0, 642.0]
[128.0, 48.0, 878.0, 610.0]
[144.0, 64.0, 895.0, 627.0]
[48.0, 64.0, 800.0, 628.0]
[112.0, 80.0, 865.0, 645.0]
[112.0, 32.0, 866.0, 598.0]
[64.0, 48.0, 819.0, 614.0]
[128.0, 32.0, 884.0, 599.0]
[80.0, 48.0, 837.0, 616.0]
[208.0, 96.0, 966.0, 664.0]
[240.0, 64.0, 999.0, 633.0]
[112.0, 48.0, 872.0, 618.0]
[112.0, 64.0, 873.0, 635.0]
[48.0, 48.0, 810.0, 620.0]
[208.0, 48.0, 971.0, 620.0]
[128.0, 96.0, 892.0, 669.0]
[96.0, 96.0, 861.0, 670.0]
[160.0, 80.0, 926.0, 654.0]
[160.0, 48.0, 927.0, 623.0]
[176.0, 80.0, 944.0, 656.0]
[32.0, 32.0, 801.0, 609.0]
[240.0, 64.0, 1010.0, 642.0]
[64.0, 80.0, 835.0, 658.0]
[192.0, 48.0, 964.0, 627.0]
[80.0, 48.0, 853.0, 628.0]
[80.0, 64.0, 854.0, 644.0]
[128.0, 80.0, 903.0, 661.0]
[16.0, 32.0, 792.0, 614.0]
[48.0, 96.0, 825.0, 679.0]
[80.0, 96.0, 858.0, 680.0]
[144.0, 96.0, 923.0, 680.0]
[32.0, 80.0, 812.0, 665.0]
[96.0, 0.0, 877.0, 586.0]
[224.0, 64.0, 1006.0, 650.0]
[240.0, 64.0, 1023.0, 651.0]
[208.0, 48.0, 992.0, 636.0]
[192.0, 48.0, 977.0, 637.0]
[80.0, 32.0, 866.0, 622.0]
[112.0, 48.0, 899.0, 638.0]
[48.0, 0.0, 836.0, 591.0]
[192.0, 64.0, 981.0, 656.0]
[64.0, 32.0, 854.0, 624.0]
[224.0, 32.0, 1015.0, 625.0]
[64.0, 16.0, 856.0, 610.0]
[160.0, 0.0, 953.0, 595.0]
[112.0, 16.0, 906.0, 612.0]
[0.0, 32.0, 795.0, 628.0]
[16.0, 64.0, 812.0, 661.0]
[144.0, 16.0, 941.0, 614.0]
[144.0, 64.0, 942.0, 662.0]
[208.0, 64.0, 1007.0, 663.0]
[32.0, 64.0, 832.0, 664.0]
[160.0, 32.0, 961.0, 633.0]
[80.0, 64.0, 882.0, 666.0]
[96.0, 80.0, 899.0, 682.0]
[16.0, 48.0, 820.0, 651.0]
[16.0, 16.0, 821.0, 620.0]
[112.0, 16.0, 918.0, 620.0]
[96.0, 16.0, 903.0, 621.0]
[96.0, 0.0, 904.0, 606.0]
[176.0, 16.0, 985.0, 623.0]
[48.0, 0.0, 858.0, 608.0]
[112.0, 16.0, 923.0, 624.0]
[48.0, 48.0, 860.0, 657.0]
[80.0, 64.0, 893.0, 674.0]
[80.0, 0.0, 894.0, 610.0]
[192.0, 32.0, 1007.0, 643.0]
[128.0, 64.0, 944.0, 676.0]
[80.0, 64.0, 897.0, 677.0]
[144.0, 32.0, 962.0, 646.0]
[48.0, 16.0, 867.0, 630.0]
[112.0, 64.0, 932.0, 679.0]
[144.0, 32.0, 965.0, 648.0]
[144.0, 48.0, 966.0, 664.0]
[80.0, 16.0, 903.0, 633.0]
[144.0, 48.0, 968.0, 666.0]
[160.0, 64.0, 985.0, 683.0]
[192.0, 32.0, 1018.0, 652.0]
[128.0, 32.0, 955.0, 652.0]
[64.0, 0.0, 892.0, 621.0]
[176.0, 16.0, 1005.0, 638.0]
[16.0, 48.0, 846.0, 670.0]
[128.0, 48.0, 959.0, 671.0]
[32.0, 16.0, 864.0, 640.0]
[48.0, 48.0, 881.0, 673.0]
[160.0, 0.0, 994.0, 626.0]
[80.0, 16.0, 915.0, 642.0]
[0.0, 0.0, 836.0, 627.0]
[80.0, 48.0, 917.0, 676.0]
[176.0, 0.0, 1014.0, 628.0]
[64.0, 48.0, 903.0, 677.0]
[176.0, 48.0, 1016.0, 678.0]
[128.0, 0.0, 969.0, 631.0]
[80.0, 16.0, 922.0, 648.0]
[80.0, 48.0, 923.0, 680.0]
[48.0, 0.0, 892.0, 633.0]
[0.0, 0.0, 845.0, 634.0]
[64.0, 48.0, 910.0, 682.0]
[144.0, 32.0, 991.0, 667.0]
[176.0, 32.0, 1024.0, 668.0]
[32.0, 32.0, 881.0, 669.0]
[64.0, 16.0, 914.0, 654.0]
[96.0, 32.0, 947.0, 670.0]
[96.0, 0.0, 948.0, 639.0]
[16.0, 16.0, 869.0, 656.0]
[32.0, 0.0, 886.0, 640.0]
[144.0, 0.0, 999.0, 641.0]
[96.0, 0.0, 952.0, 642.0]
[16.0, 16.0, 873.0, 659.0]
[128.0, 32.0, 986.0, 676.0]
[112.0, 32.0, 971.0, 676.0]
[64.0, 0.0, 924.0, 645.0]
[128.0, 0.0, 989.0, 646.0]
[80.0, 16.0, 942.0, 662.0]
[128.0, 32.0, 991.0, 679.0]
[48.0, 32.0, 912.0, 680.0]
[128.0, 32.0, 993.0, 681.0]
[0.0, 0.0, 866.0, 650.0]
[112.0, 0.0, 979.0, 650.0]
[128.0, 0.0, 996.0, 651.0]
[48.0, 0.0, 917.0, 652.0]
[80.0, 0.0, 950.0, 652.0]
[0.0, 0.0, 871.0, 653.0]
[32.0, 0.0, 904.0, 654.0]
[32.0, 0.0, 905.0, 655.0]
[0.0, 0.0, 874.0, 656.0]
[112.0, 16.0, 987.0, 672.0]
[144.0, 0.0, 1020.0, 657.0]
[80.0, 0.0, 957.0, 658.0]
[48.0, 0.0, 926.0, 658.0]
[48.0, 16.0, 927.0, 675.0]
[144.0, 0.0, 1024.0, 660.0]
[128.0, 16.0, 1009.0, 677.0]
[48.0, 16.0, 930.0, 678.0]
[48.0, 0.0, 931.0, 662.0]
[0.0, 0.0, 884.0, 663.0]
[64.0, 0.0, 949.0, 664.0]
[0.0, 0.0, 886.0, 664.0]
[64.0, 16.0, 951.0, 681.0]
[0.0, 0.0, 888.0, 666.0]
[128.0, 0.0, 1017.0, 667.0]
[80.0, 0.0, 970.0, 668.0]
[80.0, 0.0, 971.0, 668.0]
[128.0, 0.0, 1020.0, 669.0]
[96.0, 0.0, 989.0, 670.0]
[32.0, 0.0, 926.0, 670.0]
[0.0, 0.0, 895.0, 671.0]
[48.0, 0.0, 944.0, 672.0]
[48.0, 0.0, 945.0, 673.0]
[48.0, 0.0, 946.0, 674.0]
[0.0, 0.0, 899.0, 674.0]
[80.0, 0.0, 980.0, 675.0]
[64.0, 0.0, 965.0, 676.0]
[80.0, 0.0, 982.0, 676.0]
[48.0, 0.0, 951.0, 677.0]
[48.0, 0.0, 952.0, 678.0]
[0.0, 0.0, 905.0, 679.0]
[80.0, 0.0, 986.0, 680.0]
[16.0, 0.0, 923.0, 680.0]
[64.0, 0.0, 972.0, 681.0]
[96.0, 0.0, 1005.0, 682.0]
[80.0, 0.0, 990.0, 682.0]
[0.0, 0.0, 911.0, 683.0]
