[16.0, 256.0, 554.0, 973.0]
[32.0, 160.0, 570.0, 878.0]
[0.0, 96.0, 539.0, 815.0]
[32.0, 48.0, 572.0, 768.0]
[0.0, 160.0, 541.0, 881.0]
[16.0, 48.0, 558.0, 770.0]
[0.0, 176.0, 542.0, 899.0]
[32.0, 176.0, 575.0, 900.0]
[32.0, 32.0, 576.0, 757.0]
[16.0, 48.0, 560.0, 774.0]
[32.0, 256.0, 577.0, 983.0]
[16.0, 224.0, 562.0, 952.0]
[32.0, 240.0, 579.0, 969.0]
[0.0, 192.0, 548.0, 922.0]
[0.0, 224.0, 548.0, 955.0]
[16.0, 176.0, 565.0, 908.0]
[0.0, 64.0, 550.0, 797.0]
[0.0, 192.0, 550.0, 926.0]
[16.0, 208.0, 567.0, 943.0]
[32.0, 144.0, 584.0, 880.0]
[32.0, 176.0, 585.0, 913.0]
[32.0, 144.0, 586.0, 882.0]
[32.0, 32.0, 586.0, 771.0]
[0.0, 176.0, 555.0, 916.0]
[32.0, 160.0, 588.0, 901.0]
[0.0, 192.0, 556.0, 934.0]
[0.0, 80.0, 557.0, 823.0]
[16.0, 176.0, 574.0, 920.0]
[32.0, 64.0, 591.0, 809.0]
[16.0, 208.0, 576.0, 954.0]
[32.0, 80.0, 592.0, 827.0]
[32.0, 208.0, 593.0, 956.0]
[32.0, 32.0, 594.0, 781.0]
[16.0, 208.0, 578.0, 958.0]
[32.0, 176.0, 595.0, 927.0]
[0.0, 208.0, 564.0, 960.0]
[0.0, 160.0, 565.0, 913.0]
[32.0, 112.0, 598.0, 866.0]
[32.0, 128.0, 598.0, 883.0]
[32.0, 240.0, 599.0, 996.0]
[0.0, 112.0, 568.0, 869.0]
[0.0, 96.0, 568.0, 854.0]
[32.0, 224.0, 601.0, 983.0]
[0.0, 64.0, 570.0, 824.0]
[32.0, 64.0, 603.0, 825.0]
[32.0, 160.0, 604.0, 922.0]
[0.0, 32.0, 572.0, 795.0]
[0.0, 240.0, 573.0, 1004.0]
[0.0, 192.0, 574.0, 957.0]
[16.0, 240.0, 590.0, 1006.0]
[0.0, 208.0, 575.0, 975.0]
[32.0, 80.0, 608.0, 848.0]
[0.0, 208.0, 577.0, 977.0]
[0.0, 224.0, 578.0, 994.0]
[16.0, 144.0, 594.0, 915.0]
[16.0, 48.0, 595.0, 820.0]
[32.0, 112.0, 612.0, 885.0]
[16.0, 224.0, 596.0, 998.0]
[16.0, 176.0, 597.0, 951.0]
[0.0, 96.0, 582.0, 872.0]
[16.0, 112.0, 599.0, 889.0]
[0.0, 176.0, 584.0, 954.0]
[0.0, 32.0, 584.0, 811.0]
[16.0, 144.0, 601.0, 924.0]
[32.0, 80.0, 618.0, 861.0]
[32.0, 192.0, 618.0, 974.0]
[16.0, 112.0, 603.0, 895.0]
[32.0, 176.0, 620.0, 960.0]
[0.0, 160.0, 589.0, 945.0]
[16.0, 112.0, 606.0, 898.0]
[16.0, 192.0, 606.0, 979.0]
[32.0, 176.0, 623.0, 964.0]
[32.0, 192.0, 624.0, 981.0]
[32.0, 64.0, 624.0, 854.0]
[32.0, 112.0, 625.0, 903.0]
[16.0, 80.0, 610.0, 872.0]
[0.0, 96.0, 595.0, 889.0]
[16.0, 208.0, 612.0, 1002.0]
[16.0, 64.0, 612.0, 859.0]
[0.0, 16.0, 597.0, 812.0]
[16.0, 144.0, 614.0, 941.0]
[0.0, 16.0, 598.0, 814.0]
[16.0, 32.0, 615.0, 831.0]
[16.0, 208.0, 616.0, 1008.0]
[16.0, 160.0, 617.0, 961.0]
[32.0, 80.0, 634.0, 882.0]
[16.0, 144.0, 618.0, 947.0]
[0.0, 80.0, 603.0, 884.0]
[0.0, 128.0, 604.0, 933.0]
[16.0, 128.0, 620.0, 934.0]
[0.0, 64.0, 605.0, 871.0]
[16.0, 96.0, 622.0, 904.0]
[16.0, 32.0, 623.0, 841.0]
[32.0, 144.0, 640.0, 954.0]
[32.0, 112.0, 640.0, 923.0]
[16.0, 48.0, 625.0, 860.0]
[16.0, 48.0, 626.0, 861.0]
[32.0, 96.0, 642.0, 910.0]
[32.0, 48.0, 643.0, 863.0]
[0.0, 160.0, 612.0, 976.0]
[16.0, 48.0, 629.0, 865.0]
[0.0, 96.0, 614.0, 914.0]
[16.0, 96.0, 630.0, 915.0]
[16.0, 96.0, 631.0, 916.0]
[16.0, 176.0, 632.0, 997.0]
[0.0, 160.0, 616.0, 982.0]
[32.0, 96.0, 649.0, 919.0]
[32.0, 48.0, 650.0, 872.0]
[0.0, 80.0, 619.0, 905.0]
[0.0, 144.0, 620.0, 970.0]
[0.0, 48.0, 620.0, 875.0]
[16.0, 48.0, 637.0, 876.0]
[16.0, 64.0, 638.0, 893.0]
[0.0, 112.0, 622.0, 942.0]
[0.0, 48.0, 623.0, 879.0]
[16.0, 144.0, 640.0, 976.0]
[0.0, 144.0, 625.0, 977.0]
[0.0, 144.0, 626.0, 978.0]
[0.0, 80.0, 626.0, 915.0]
[16.0, 96.0, 643.0, 932.0]
[32.0, 112.0, 660.0, 949.0]
[32.0, 80.0, 660.0, 918.0]
[32.0, 48.0, 661.0, 887.0]
[32.0, 64.0, 662.0, 904.0]
[0.0, 32.0, 631.0, 873.0]
[0.0, 96.0, 632.0, 938.0]
[16.0, 160.0, 648.0, 1003.0]
[0.0, 112.0, 633.0, 956.0]
[0.0, 64.0, 634.0, 909.0]
[16.0, 80.0, 650.0, 926.0]
[16.0, 160.0, 651.0, 1007.0]
[16.0, 128.0, 652.0, 976.0]
[16.0, 80.0, 653.0, 929.0]
[32.0, 48.0, 670.0, 898.0]
[0.0, 48.0, 638.0, 899.0]
[16.0, 80.0, 655.0, 932.0]
[32.0, 112.0, 672.0, 965.0]
[0.0, 64.0, 640.0, 918.0]
[32.0, 80.0, 673.0, 935.0]
[16.0, 144.0, 658.0, 1000.0]
[16.0, 128.0, 659.0, 985.0]
[16.0, 48.0, 660.0, 906.0]
[32.0, 128.0, 676.0, 987.0]
[16.0, 64.0, 661.0, 924.0]
[0.0, 48.0, 646.0, 909.0]
[0.0, 144.0, 646.0, 1006.0]
[0.0, 16.0, 647.0, 879.0]
[16.0, 32.0, 664.0, 896.0]
[32.0, 112.0, 681.0, 977.0]
[32.0, 128.0, 682.0, 994.0]
[32.0, 128.0, 682.0, 995.0]
[16.0, 80.0, 667.0, 948.0]
[0.0, 80.0, 652.0, 949.0]
[32.0, 80.0, 684.0, 950.0]
[0.0, 80.0, 653.0, 951.0]
[16.0, 128.0, 670.0, 1000.0]
[0.0, 16.0, 655.0, 889.0]
[0.0, 112.0, 656.0, 986.0]
[0.0, 32.0, 656.0, 907.0]
[0.0, 16.0, 657.0, 892.0]
[16.0, 32.0, 674.0, 909.0]
[0.0, 64.0, 658.0, 942.0]
[16.0, 128.0, 675.0, 1007.0]
[0.0, 112.0, 660.0, 992.0]
[0.0, 96.0, 661.0, 977.0]
[16.0, 112.0, 678.0, 994.0]
[0.0, 64.0, 662.0, 947.0]
[0.0, 48.0, 663.0, 932.0]
[16.0, 32.0, 680.0, 917.0]
[16.0, 112.0, 680.0, 998.0]
[0.0, 32.0, 665.0, 919.0]
[0.0, 96.0, 666.0, 984.0]
[0.0, 64.0, 667.0, 953.0]
[0.0, 96.0, 668.0, 986.0]
[0.0, 32.0, 668.0, 923.0]
[0.0, 48.0, 669.0, 940.0]
[0.0, 32.0, 670.0, 925.0]
[0.0, 112.0, 670.0, 1006.0]
[0.0, 32.0, 671.0, 927.0]
[0.0, 64.0, 672.0, 960.0]
[0.0, 48.0, 673.0, 945.0]
[0.0, 80.0, 674.0, 978.0]
[0.0, 80.0, 674.0, 979.0]
[0.0, 48.0, 675.0, 948.0]
[0.0, 96.0, 676.0, 997.0]
[0.0, 96.0, 676.0, 998.0]
[0.0, 32.0, 677.0, 935.0]
[0.0, 80.0, 678.0, 984.0]
[0.0, 64.0, 679.0, 969.0]
[0.0, 48.0, 680.0, 954.0]
[0.0, 96.0, 680.0, 1003.0]
[0.0, 32.0, 681.0, 940.0]
[0.0, 48.0, 682.0, 957.0]
[0.0, 32.0, 682.0, 942.0]
[0.0, 48.0, 683.0, 959.0]
[0.0, 80.0, 684.0, 992.0]
