[48.0, 0.0, 586.0, 717.0]
[32.0, 80.0, 570.0, 798.0]
[16.0, 64.0, 555.0, 783.0]
[32.0, 0.0, 572.0, 720.0]
[32.0, 64.0, 573.0, 785.0]
[16.0, 32.0, 558.0, 754.0]
[0.0, 112.0, 542.0, 835.0]
[32.0, 64.0, 575.0, 788.0]
[0.0, 80.0, 544.0, 805.0]
[0.0, 32.0, 544.0, 758.0]
[16.0, 64.0, 561.0, 791.0]
[48.0, 64.0, 594.0, 792.0]
[64.0, 64.0, 611.0, 793.0]
[0.0, 48.0, 548.0, 778.0]
[0.0, 64.0, 548.0, 795.0]
[32.0, 96.0, 581.0, 828.0]
[16.0, 128.0, 566.0, 861.0]
[48.0, 80.0, 598.0, 814.0]
[64.0, 32.0, 615.0, 767.0]
[16.0, 48.0, 568.0, 784.0]
[32.0, 32.0, 585.0, 769.0]
[16.0, 16.0, 570.0, 754.0]
[0.0, 16.0, 554.0, 755.0]
[64.0, 32.0, 619.0, 772.0]
[16.0, 48.0, 572.0, 789.0]
[16.0, 16.0, 572.0, 758.0]
[0.0, 32.0, 557.0, 775.0]
[32.0, 128.0, 590.0, 872.0]
[48.0, 0.0, 607.0, 745.0]
[16.0, 80.0, 576.0, 826.0]
[16.0, 64.0, 576.0, 811.0]
[16.0, 64.0, 577.0, 812.0]
[0.0, 64.0, 562.0, 813.0]
[16.0, 128.0, 578.0, 878.0]
[48.0, 32.0, 611.0, 783.0]
[0.0, 32.0, 564.0, 784.0]
[16.0, 112.0, 581.0, 865.0]
[0.0, 96.0, 566.0, 850.0]
[48.0, 0.0, 614.0, 755.0]
[16.0, 48.0, 583.0, 804.0]
[16.0, 80.0, 584.0, 837.0]
[64.0, 48.0, 632.0, 806.0]
[48.0, 48.0, 617.0, 807.0]
[32.0, 112.0, 602.0, 872.0]
[0.0, 96.0, 571.0, 857.0]
[32.0, 64.0, 604.0, 826.0]
[48.0, 32.0, 620.0, 795.0]
[0.0, 48.0, 573.0, 812.0]
[32.0, 96.0, 606.0, 861.0]
[32.0, 112.0, 606.0, 878.0]
[16.0, 0.0, 591.0, 767.0]
[48.0, 80.0, 624.0, 848.0]
[0.0, 16.0, 577.0, 785.0]
[16.0, 16.0, 594.0, 786.0]
[32.0, 32.0, 610.0, 803.0]
[32.0, 96.0, 611.0, 868.0]
[0.0, 32.0, 580.0, 805.0]
[0.0, 0.0, 580.0, 774.0]
[0.0, 48.0, 581.0, 823.0]
[0.0, 64.0, 582.0, 840.0]
[0.0, 48.0, 583.0, 825.0]
[32.0, 96.0, 616.0, 874.0]
[16.0, 16.0, 600.0, 795.0]
[0.0, 80.0, 585.0, 860.0]
[0.0, 16.0, 586.0, 797.0]
[48.0, 64.0, 634.0, 846.0]
[32.0, 64.0, 619.0, 847.0]
[0.0, 64.0, 588.0, 848.0]
[48.0, 16.0, 637.0, 801.0]
[32.0, 80.0, 622.0, 866.0]
[32.0, 48.0, 622.0, 835.0]
[0.0, 80.0, 591.0, 868.0]
[48.0, 16.0, 640.0, 805.0]
[0.0, 16.0, 592.0, 806.0]
[48.0, 48.0, 641.0, 839.0]
[0.0, 48.0, 594.0, 840.0]
[16.0, 16.0, 611.0, 809.0]
[32.0, 64.0, 628.0, 858.0]
[0.0, 64.0, 596.0, 859.0]
[16.0, 0.0, 613.0, 796.0]
[32.0, 32.0, 630.0, 829.0]
[32.0, 48.0, 630.0, 846.0]
[0.0, 16.0, 599.0, 815.0]
[16.0, 0.0, 616.0, 800.0]
[16.0, 0.0, 617.0, 801.0]
[32.0, 64.0, 634.0, 866.0]
[32.0, 32.0, 634.0, 835.0]
[0.0, 64.0, 603.0, 868.0]
[48.0, 16.0, 652.0, 821.0]
[32.0, 16.0, 636.0, 822.0]
[0.0, 32.0, 605.0, 839.0]
[0.0, 0.0, 606.0, 808.0]
[32.0, 0.0, 639.0, 809.0]
[0.0, 64.0, 608.0, 874.0]
[16.0, 48.0, 624.0, 859.0]
[0.0, 32.0, 609.0, 844.0]
[32.0, 48.0, 642.0, 861.0]
[32.0, 32.0, 642.0, 846.0]
[16.0, 16.0, 627.0, 831.0]
[16.0, 32.0, 628.0, 848.0]
[32.0, 48.0, 645.0, 865.0]
[16.0, 0.0, 630.0, 818.0]
[16.0, 16.0, 630.0, 835.0]
[0.0, 0.0, 615.0, 820.0]
[0.0, 0.0, 616.0, 821.0]
[32.0, 0.0, 648.0, 822.0]
[16.0, 32.0, 633.0, 855.0]
[32.0, 48.0, 650.0, 872.0]
[0.0, 32.0, 619.0, 857.0]
[0.0, 48.0, 620.0, 874.0]
[16.0, 16.0, 636.0, 843.0]
[32.0, 0.0, 653.0, 828.0]
[32.0, 16.0, 654.0, 845.0]
[0.0, 16.0, 622.0, 846.0]
[16.0, 0.0, 639.0, 831.0]
[0.0, 0.0, 624.0, 832.0]
[16.0, 32.0, 641.0, 865.0]
[0.0, 16.0, 626.0, 850.0]
[16.0, 16.0, 642.0, 851.0]
[0.0, 16.0, 627.0, 852.0]
