[64.0, 48.0, 803.0, 602.0]
[224.0, 80.0, 964.0, 635.0]
[224.0, 96.0, 965.0, 652.0]
[160.0, 32.0, 902.0, 588.0]
[176.0, 80.0, 919.0, 637.0]
[224.0, 80.0, 968.0, 638.0]
[112.0, 48.0, 857.0, 607.0]
[224.0, 48.0, 970.0, 608.0]
[64.0, 96.0, 811.0, 656.0]
[192.0, 80.0, 940.0, 641.0]
[96.0, 80.0, 845.0, 642.0]
[144.0, 64.0, 894.0, 626.0]
[48.0, 48.0, 799.0, 611.0]
[192.0, 96.0, 944.0, 660.0]
[48.0, 80.0, 801.0, 645.0]
[192.0, 16.0, 946.0, 582.0]
[128.0, 96.0, 883.0, 662.0]
[176.0, 32.0, 932.0, 599.0]
[64.0, 96.0, 821.0, 664.0]
[80.0, 16.0, 838.0, 584.0]
[128.0, 64.0, 887.0, 633.0]
[224.0, 16.0, 984.0, 586.0]
[176.0, 96.0, 937.0, 667.0]
[208.0, 48.0, 970.0, 620.0]
[48.0, 32.0, 811.0, 604.0]
[176.0, 32.0, 940.0, 605.0]
[224.0, 48.0, 989.0, 622.0]
[208.0, 32.0, 974.0, 606.0]
[32.0, 64.0, 799.0, 639.0]
[112.0, 96.0, 880.0, 672.0]
[64.0, 48.0, 833.0, 625.0]
[144.0, 32.0, 914.0, 610.0]
[240.0, 48.0, 1011.0, 626.0]
[128.0, 32.0, 900.0, 611.0]
[64.0, 32.0, 837.0, 612.0]
[208.0, 80.0, 982.0, 660.0]
[16.0, 80.0, 791.0, 661.0]
[96.0, 16.0, 872.0, 598.0]
[208.0, 64.0, 985.0, 647.0]
[112.0, 64.0, 890.0, 648.0]
[240.0, 48.0, 1019.0, 632.0]
[64.0, 48.0, 844.0, 633.0]
[144.0, 16.0, 925.0, 602.0]
[32.0, 32.0, 814.0, 618.0]
[16.0, 48.0, 799.0, 635.0]
[48.0, 64.0, 832.0, 652.0]
[144.0, 0.0, 929.0, 589.0]
[144.0, 80.0, 930.0, 670.0]
[224.0, 80.0, 1011.0, 670.0]
[0.0, 64.0, 788.0, 655.0]
[96.0, 64.0, 885.0, 656.0]
[112.0, 0.0, 902.0, 592.0]
[80.0, 48.0, 871.0, 641.0]
[64.0, 16.0, 856.0, 610.0]
[64.0, 16.0, 857.0, 611.0]
[176.0, 48.0, 970.0, 644.0]
[64.0, 16.0, 859.0, 612.0]
[96.0, 80.0, 892.0, 677.0]
[208.0, 48.0, 1005.0, 646.0]
[64.0, 32.0, 862.0, 630.0]
[160.0, 16.0, 959.0, 615.0]
[144.0, 64.0, 944.0, 664.0]
[48.0, 16.0, 849.0, 617.0]
[128.0, 16.0, 930.0, 618.0]
[32.0, 32.0, 835.0, 634.0]
[0.0, 32.0, 804.0, 635.0]
[144.0, 16.0, 949.0, 620.0]
[160.0, 16.0, 966.0, 620.0]
[64.0, 64.0, 871.0, 669.0]
[192.0, 0.0, 1000.0, 606.0]
[64.0, 32.0, 873.0, 639.0]
[0.0, 48.0, 810.0, 656.0]
[192.0, 0.0, 1003.0, 608.0]
[80.0, 16.0, 892.0, 625.0]
[0.0, 0.0, 813.0, 610.0]
[32.0, 64.0, 846.0, 674.0]
[32.0, 0.0, 847.0, 611.0]
[32.0, 64.0, 848.0, 676.0]
[16.0, 16.0, 833.0, 629.0]
[144.0, 32.0, 962.0, 646.0]
[128.0, 32.0, 947.0, 646.0]
[112.0, 64.0, 932.0, 679.0]
[80.0, 32.0, 901.0, 648.0]
[128.0, 16.0, 950.0, 632.0]
[112.0, 48.0, 935.0, 665.0]
[32.0, 48.0, 856.0, 666.0]
[144.0, 0.0, 969.0, 619.0]
[0.0, 32.0, 826.0, 652.0]
[192.0, 16.0, 1019.0, 636.0]
[64.0, 48.0, 892.0, 669.0]
[192.0, 0.0, 1021.0, 622.0]
[48.0, 32.0, 878.0, 654.0]
[144.0, 16.0, 975.0, 639.0]
[112.0, 48.0, 944.0, 672.0]
[64.0, 0.0, 897.0, 625.0]
[32.0, 0.0, 866.0, 626.0]
[144.0, 0.0, 979.0, 626.0]
[160.0, 0.0, 996.0, 627.0]
[48.0, 16.0, 885.0, 644.0]
[176.0, 16.0, 1014.0, 644.0]
[64.0, 0.0, 903.0, 629.0]
[144.0, 16.0, 984.0, 646.0]
[160.0, 16.0, 1001.0, 647.0]
[176.0, 16.0, 1018.0, 648.0]
[176.0, 0.0, 1019.0, 632.0]
[160.0, 0.0, 1004.0, 633.0]
[16.0, 16.0, 861.0, 650.0]
[112.0, 32.0, 958.0, 666.0]
[80.0, 32.0, 927.0, 667.0]
[16.0, 0.0, 864.0, 636.0]
[128.0, 16.0, 977.0, 653.0]
[48.0, 0.0, 898.0, 638.0]
[96.0, 16.0, 947.0, 654.0]
[0.0, 32.0, 852.0, 671.0]
[64.0, 16.0, 917.0, 656.0]
[0.0, 32.0, 854.0, 672.0]
[112.0, 16.0, 967.0, 657.0]
[16.0, 32.0, 872.0, 674.0]
[0.0, 0.0, 857.0, 643.0]
[16.0, 16.0, 874.0, 660.0]
[0.0, 0.0, 859.0, 644.0]
[48.0, 0.0, 908.0, 645.0]
[144.0, 32.0, 1005.0, 678.0]
[32.0, 0.0, 894.0, 646.0]
[144.0, 0.0, 1007.0, 647.0]
[112.0, 16.0, 976.0, 664.0]
[128.0, 0.0, 993.0, 649.0]
[112.0, 16.0, 978.0, 666.0]
[128.0, 16.0, 995.0, 666.0]
[112.0, 16.0, 980.0, 667.0]
[96.0, 16.0, 965.0, 668.0]
[0.0, 16.0, 870.0, 668.0]
[48.0, 16.0, 919.0, 669.0]
[16.0, 0.0, 888.0, 654.0]
[16.0, 0.0, 889.0, 655.0]
[112.0, 0.0, 986.0, 656.0]
[16.0, 16.0, 891.0, 672.0]
[48.0, 0.0, 924.0, 657.0]
[16.0, 16.0, 893.0, 674.0]
[16.0, 0.0, 894.0, 658.0]
[48.0, 16.0, 927.0, 675.0]
[112.0, 16.0, 992.0, 676.0]
[128.0, 0.0, 1009.0, 661.0]
[32.0, 16.0, 914.0, 678.0]
[16.0, 0.0, 899.0, 662.0]
[0.0, 16.0, 884.0, 679.0]
[32.0, 0.0, 917.0, 664.0]
[80.0, 0.0, 966.0, 664.0]
[64.0, 0.0, 951.0, 665.0]
[32.0, 0.0, 920.0, 666.0]
[32.0, 0.0, 921.0, 667.0]
[80.0, 0.0, 970.0, 668.0]
[16.0, 0.0, 907.0, 668.0]
[32.0, 0.0, 924.0, 669.0]
[80.0, 0.0, 973.0, 670.0]
[112.0, 0.0, 1006.0, 670.0]
[112.0, 0.0, 1007.0, 671.0]
[16.0, 0.0, 912.0, 672.0]
[80.0, 0.0, 977.0, 673.0]
[64.0, 0.0, 962.0, 674.0]
[16.0, 0.0, 915.0, 674.0]
[48.0, 0.0, 948.0, 675.0]
[64.0, 0.0, 965.0, 676.0]
[48.0, 0.0, 950.0, 676.0]
[112.0, 0.0, 1015.0, 677.0]
[32.0, 0.0, 936.0, 678.0]
[32.0, 0.0, 937.0, 679.0]
