[48.0, 80.0, 765.0, 618.0]
[176.0, 96.0, 894.0, 634.0]
[128.0, 80.0, 847.0, 619.0]
[112.0, 48.0, 832.0, 588.0]
[176.0, 80.0, 897.0, 621.0]
[64.0, 96.0, 786.0, 638.0]
[160.0, 112.0, 883.0, 654.0]
[64.0, 80.0, 788.0, 623.0]
[192.0, 48.0, 917.0, 592.0]
[176.0, 32.0, 902.0, 576.0]
[176.0, 32.0, 903.0, 577.0]
[80.0, 80.0, 808.0, 626.0]
[64.0, 96.0, 793.0, 643.0]
[160.0, 32.0, 890.0, 580.0]
[128.0, 32.0, 859.0, 580.0]
[32.0, 96.0, 764.0, 645.0]
[128.0, 80.0, 861.0, 630.0]
[64.0, 80.0, 798.0, 630.0]
[80.0, 64.0, 815.0, 615.0]
[64.0, 16.0, 800.0, 568.0]
[176.0, 64.0, 913.0, 617.0]
[144.0, 16.0, 882.0, 570.0]
[16.0, 48.0, 755.0, 602.0]
[32.0, 16.0, 772.0, 571.0]
[96.0, 96.0, 837.0, 652.0]
[80.0, 112.0, 822.0, 668.0]
[80.0, 32.0, 823.0, 589.0]
[80.0, 96.0, 824.0, 654.0]
[80.0, 80.0, 825.0, 639.0]
[48.0, 64.0, 794.0, 624.0]
[16.0, 16.0, 763.0, 576.0]
[32.0, 112.0, 780.0, 673.0]
[144.0, 112.0, 893.0, 674.0]
[144.0, 64.0, 894.0, 626.0]
[160.0, 80.0, 911.0, 643.0]
[128.0, 96.0, 880.0, 660.0]
[176.0, 32.0, 929.0, 597.0]
[192.0, 32.0, 946.0, 598.0]
[176.0, 64.0, 931.0, 630.0]
[144.0, 112.0, 900.0, 679.0]
[48.0, 32.0, 805.0, 600.0]
[32.0, 112.0, 790.0, 680.0]
[64.0, 112.0, 823.0, 681.0]
[128.0, 48.0, 888.0, 618.0]
[192.0, 48.0, 953.0, 619.0]
[0.0, 32.0, 762.0, 604.0]
[192.0, 32.0, 955.0, 604.0]
[48.0, 64.0, 812.0, 637.0]
[112.0, 48.0, 877.0, 622.0]
[64.0, 80.0, 830.0, 654.0]
[80.0, 48.0, 847.0, 623.0]
[128.0, 80.0, 896.0, 656.0]
[112.0, 16.0, 881.0, 593.0]
[0.0, 96.0, 770.0, 674.0]
[176.0, 32.0, 947.0, 610.0]
[16.0, 48.0, 788.0, 627.0]
[48.0, 64.0, 821.0, 644.0]
[160.0, 16.0, 934.0, 596.0]
[16.0, 80.0, 791.0, 661.0]
[160.0, 48.0, 936.0, 630.0]
[96.0, 64.0, 873.0, 647.0]
[144.0, 0.0, 922.0, 584.0]
[16.0, 32.0, 795.0, 616.0]
[192.0, 32.0, 972.0, 617.0]
[80.0, 0.0, 861.0, 586.0]
[192.0, 64.0, 974.0, 650.0]
[32.0, 32.0, 815.0, 619.0]
[144.0, 32.0, 928.0, 620.0]
[160.0, 48.0, 945.0, 637.0]
[192.0, 32.0, 978.0, 622.0]
[96.0, 0.0, 883.0, 590.0]
[48.0, 0.0, 836.0, 591.0]
[16.0, 80.0, 805.0, 672.0]
[0.0, 64.0, 790.0, 656.0]
[64.0, 64.0, 855.0, 657.0]
[64.0, 48.0, 856.0, 642.0]
[144.0, 48.0, 937.0, 643.0]
[32.0, 64.0, 826.0, 660.0]
[144.0, 32.0, 939.0, 628.0]
[80.0, 32.0, 876.0, 629.0]
[144.0, 0.0, 941.0, 598.0]
[32.0, 32.0, 830.0, 630.0]
[32.0, 0.0, 831.0, 599.0]
[16.0, 0.0, 816.0, 600.0]
[160.0, 80.0, 961.0, 681.0]
[176.0, 16.0, 978.0, 618.0]
[64.0, 48.0, 867.0, 650.0]
[64.0, 80.0, 868.0, 683.0]
[0.0, 0.0, 805.0, 604.0]
[176.0, 16.0, 982.0, 620.0]
[64.0, 48.0, 871.0, 653.0]
[80.0, 32.0, 888.0, 638.0]
[192.0, 48.0, 1001.0, 655.0]
[0.0, 32.0, 810.0, 640.0]
[16.0, 48.0, 827.0, 656.0]
[128.0, 64.0, 940.0, 673.0]
[48.0, 0.0, 861.0, 610.0]
[32.0, 16.0, 846.0, 626.0]
[16.0, 64.0, 831.0, 675.0]
[144.0, 16.0, 960.0, 628.0]
[0.0, 64.0, 817.0, 677.0]
[128.0, 0.0, 946.0, 614.0]
[176.0, 16.0, 995.0, 630.0]
[144.0, 32.0, 964.0, 647.0]
[128.0, 64.0, 949.0, 680.0]
[80.0, 16.0, 902.0, 632.0]
[64.0, 64.0, 887.0, 681.0]
[80.0, 48.0, 904.0, 666.0]
[32.0, 48.0, 857.0, 667.0]
[32.0, 16.0, 858.0, 636.0]
[112.0, 48.0, 939.0, 668.0]
[32.0, 32.0, 860.0, 653.0]
[64.0, 0.0, 893.0, 622.0]
[144.0, 16.0, 974.0, 638.0]
[176.0, 48.0, 1007.0, 671.0]
[80.0, 48.0, 912.0, 672.0]
[144.0, 0.0, 977.0, 625.0]
[160.0, 32.0, 994.0, 658.0]
[96.0, 0.0, 931.0, 626.0]
[80.0, 16.0, 916.0, 643.0]
[32.0, 0.0, 869.0, 628.0]
[128.0, 16.0, 966.0, 644.0]
[176.0, 32.0, 1015.0, 661.0]
[160.0, 48.0, 1000.0, 678.0]
[80.0, 16.0, 921.0, 647.0]
[144.0, 32.0, 986.0, 664.0]
[144.0, 16.0, 987.0, 648.0]
[16.0, 0.0, 860.0, 633.0]
[96.0, 16.0, 941.0, 650.0]
[80.0, 48.0, 926.0, 682.0]
[0.0, 32.0, 847.0, 667.0]
[160.0, 16.0, 1008.0, 652.0]
[48.0, 0.0, 897.0, 637.0]
[96.0, 16.0, 946.0, 654.0]
[32.0, 32.0, 883.0, 670.0]
[128.0, 32.0, 980.0, 671.0]
[144.0, 0.0, 997.0, 640.0]
[128.0, 16.0, 982.0, 656.0]
[112.0, 32.0, 967.0, 673.0]
[32.0, 32.0, 888.0, 674.0]
[32.0, 32.0, 889.0, 675.0]
[0.0, 32.0, 858.0, 676.0]
[112.0, 16.0, 971.0, 660.0]
[80.0, 0.0, 940.0, 645.0]
[64.0, 16.0, 925.0, 662.0]
[32.0, 0.0, 894.0, 646.0]
[144.0, 32.0, 1007.0, 679.0]
[144.0, 32.0, 1008.0, 680.0]
[144.0, 32.0, 1009.0, 681.0]
[16.0, 32.0, 882.0, 682.0]
[112.0, 16.0, 979.0, 666.0]
[64.0, 16.0, 932.0, 667.0]
[96.0, 16.0, 965.0, 668.0]
[32.0, 16.0, 902.0, 668.0]
[80.0, 16.0, 951.0, 669.0]
[64.0, 0.0, 936.0, 654.0]
[80.0, 16.0, 953.0, 671.0]
[96.0, 0.0, 970.0, 656.0]
[128.0, 0.0, 1003.0, 656.0]
[48.0, 0.0, 924.0, 657.0]
[48.0, 0.0, 925.0, 658.0]
[0.0, 0.0, 878.0, 658.0]
[0.0, 0.0, 879.0, 659.0]
[96.0, 16.0, 976.0, 676.0]
[64.0, 16.0, 945.0, 677.0]
[80.0, 16.0, 962.0, 678.0]
[48.0, 16.0, 931.0, 678.0]
[128.0, 16.0, 1012.0, 679.0]
[80.0, 16.0, 965.0, 680.0]
[112.0, 16.0, 998.0, 680.0]
[64.0, 16.0, 951.0, 681.0]
[0.0, 0.0, 888.0, 666.0]
[112.0, 0.0, 1001.0, 667.0]
[48.0, 0.0, 938.0, 668.0]
[128.0, 0.0, 1019.0, 668.0]
[112.0, 0.0, 1004.0, 669.0]
[16.0, 0.0, 909.0, 670.0]
[48.0, 0.0, 942.0, 670.0]
[16.0, 0.0, 911.0, 671.0]
[96.0, 0.0, 992.0, 672.0]
[112.0, 0.0, 1009.0, 673.0]
[64.0, 0.0, 962.0, 674.0]
[96.0, 0.0, 995.0, 674.0]
[96.0, 0.0, 996.0, 675.0]
[80.0, 0.0, 981.0, 676.0]
[48.0, 0.0, 950.0, 676.0]
[80.0, 0.0, 983.0, 677.0]
[48.0, 0.0, 952.0, 678.0]
[96.0, 0.0, 1001.0, 679.0]
[80.0, 0.0, 986.0, 680.0]
[0.0, 0.0, 907.0, 680.0]
[0.0, 0.0, 908.0, 681.0]
[32.0, 0.0, 941.0, 682.0]
[112.0, 0.0, 1022.0, 682.0]
[32.0, 0.0, 943.0, 683.0]
