[64.0, 32.0, 781.0, 570.0]
[32.0, 16.0, 750.0, 554.0]
[80.0, 0.0, 799.0, 539.0]
[96.0, 16.0, 816.0, 556.0]
[48.0, 0.0, 769.0, 541.0]
[48.0, 32.0, 770.0, 574.0]
[48.0, 16.0, 771.0, 558.0]
[112.0, 32.0, 836.0, 575.0]
[176.0, 32.0, 901.0, 576.0]
[112.0, 0.0, 838.0, 544.0]
[112.0, 16.0, 839.0, 561.0]
[128.0, 0.0, 856.0, 546.0]
[80.0, 16.0, 809.0, 563.0]
[144.0, 32.0, 874.0, 580.0]
[64.0, 16.0, 795.0, 564.0]
[128.0, 0.0, 860.0, 549.0]
[48.0, 0.0, 781.0, 550.0]
[80.0, 32.0, 814.0, 582.0]
[80.0, 32.0, 815.0, 583.0]
[160.0, 0.0, 896.0, 552.0]
[64.0, 0.0, 801.0, 553.0]
[80.0, 32.0, 818.0, 586.0]
[64.0, 32.0, 803.0, 586.0]
[96.0, 16.0, 836.0, 571.0]
[80.0, 16.0, 821.0, 572.0]
[48.0, 0.0, 790.0, 556.0]
[64.0, 32.0, 807.0, 589.0]
[144.0, 0.0, 888.0, 558.0]
[32.0, 32.0, 777.0, 591.0]
[48.0, 0.0, 794.0, 560.0]
[160.0, 0.0, 907.0, 560.0]
[160.0, 0.0, 908.0, 561.0]
[128.0, 16.0, 877.0, 578.0]
[96.0, 0.0, 846.0, 562.0]
[112.0, 32.0, 863.0, 595.0]
[32.0, 16.0, 784.0, 580.0]
[48.0, 0.0, 801.0, 565.0]
[48.0, 32.0, 802.0, 598.0]
[128.0, 0.0, 883.0, 566.0]
[112.0, 0.0, 868.0, 567.0]
[96.0, 0.0, 853.0, 568.0]
[80.0, 0.0, 838.0, 568.0]
[128.0, 0.0, 887.0, 569.0]
[48.0, 0.0, 808.0, 570.0]
[128.0, 0.0, 889.0, 571.0]
[80.0, 0.0, 842.0, 572.0]
[112.0, 16.0, 875.0, 588.0]
[32.0, 0.0, 796.0, 573.0]
[64.0, 32.0, 829.0, 606.0]
[112.0, 0.0, 878.0, 574.0]
[48.0, 0.0, 815.0, 575.0]
[128.0, 0.0, 896.0, 576.0]
[32.0, 16.0, 801.0, 593.0]
[128.0, 0.0, 898.0, 578.0]
[48.0, 32.0, 819.0, 610.0]
[48.0, 0.0, 820.0, 579.0]
[128.0, 16.0, 901.0, 596.0]
[64.0, 32.0, 838.0, 612.0]
[112.0, 16.0, 887.0, 597.0]
[48.0, 0.0, 824.0, 582.0]
[32.0, 16.0, 809.0, 599.0]
[80.0, 32.0, 858.0, 616.0]
[64.0, 32.0, 843.0, 616.0]
[64.0, 16.0, 844.0, 601.0]
[128.0, 16.0, 909.0, 602.0]
[32.0, 16.0, 814.0, 602.0]
[80.0, 0.0, 863.0, 587.0]
[48.0, 0.0, 832.0, 588.0]
[64.0, 16.0, 849.0, 605.0]
[48.0, 16.0, 834.0, 606.0]
[48.0, 16.0, 835.0, 606.0]
[48.0, 32.0, 836.0, 623.0]
[112.0, 16.0, 901.0, 608.0]
[112.0, 16.0, 902.0, 608.0]
[64.0, 16.0, 855.0, 609.0]
[96.0, 0.0, 888.0, 594.0]
[96.0, 32.0, 889.0, 627.0]
[48.0, 32.0, 842.0, 628.0]
[32.0, 0.0, 827.0, 596.0]
[32.0, 0.0, 828.0, 597.0]
[32.0, 0.0, 829.0, 598.0]
[112.0, 0.0, 910.0, 598.0]
[80.0, 16.0, 879.0, 615.0]
[64.0, 0.0, 864.0, 600.0]
[80.0, 32.0, 881.0, 633.0]
[64.0, 16.0, 866.0, 618.0]
[48.0, 32.0, 851.0, 634.0]
[32.0, 16.0, 836.0, 619.0]
[96.0, 0.0, 901.0, 604.0]
[96.0, 32.0, 902.0, 636.0]
[32.0, 16.0, 839.0, 621.0]
[48.0, 16.0, 856.0, 622.0]
[32.0, 0.0, 841.0, 607.0]
[48.0, 32.0, 858.0, 640.0]
[32.0, 0.0, 843.0, 608.0]
[48.0, 32.0, 860.0, 641.0]
[48.0, 16.0, 861.0, 626.0]
[80.0, 32.0, 894.0, 642.0]
[80.0, 16.0, 895.0, 627.0]
[80.0, 0.0, 896.0, 612.0]
[32.0, 16.0, 849.0, 629.0]
[80.0, 32.0, 898.0, 646.0]
[64.0, 32.0, 883.0, 646.0]
[80.0, 0.0, 900.0, 615.0]
[80.0, 32.0, 901.0, 648.0]
[80.0, 32.0, 902.0, 648.0]
[80.0, 16.0, 903.0, 633.0]
[64.0, 16.0, 888.0, 634.0]
[64.0, 32.0, 889.0, 651.0]
[48.0, 0.0, 874.0, 620.0]
[64.0, 16.0, 891.0, 636.0]
[32.0, 16.0, 860.0, 637.0]
[32.0, 0.0, 861.0, 622.0]
[48.0, 32.0, 878.0, 654.0]
[32.0, 0.0, 863.0, 623.0]
[64.0, 0.0, 896.0, 624.0]
[48.0, 0.0, 881.0, 625.0]
[48.0, 32.0, 882.0, 658.0]
[48.0, 32.0, 883.0, 658.0]
[48.0, 0.0, 884.0, 627.0]
[32.0, 0.0, 869.0, 628.0]
[32.0, 0.0, 870.0, 628.0]
[64.0, 16.0, 903.0, 645.0]
[48.0, 16.0, 888.0, 646.0]
[48.0, 32.0, 889.0, 663.0]
[64.0, 0.0, 906.0, 632.0]
[48.0, 32.0, 891.0, 664.0]
[48.0, 16.0, 892.0, 649.0]
[48.0, 0.0, 893.0, 634.0]
[48.0, 16.0, 894.0, 650.0]
[48.0, 0.0, 895.0, 635.0]
[48.0, 16.0, 896.0, 652.0]
[48.0, 32.0, 897.0, 669.0]
[48.0, 0.0, 898.0, 638.0]
[48.0, 16.0, 899.0, 654.0]
[48.0, 0.0, 900.0, 639.0]
[48.0, 16.0, 901.0, 656.0]
[48.0, 0.0, 902.0, 640.0]
[48.0, 16.0, 903.0, 657.0]
[48.0, 0.0, 904.0, 642.0]
