[96.0, 32.0, 813.0, 570.0]
[32.0, 32.0, 750.0, 570.0]
[80.0, 32.0, 799.0, 571.0]
[160.0, 0.0, 880.0, 540.0]
[0.0, 16.0, 721.0, 557.0]
[80.0, 32.0, 802.0, 574.0]
[32.0, 32.0, 755.0, 574.0]
[208.0, 0.0, 932.0, 543.0]
[48.0, 16.0, 773.0, 560.0]
[144.0, 16.0, 870.0, 560.0]
[112.0, 0.0, 839.0, 545.0]
[48.0, 0.0, 776.0, 546.0]
[208.0, 16.0, 937.0, 563.0]
[224.0, 0.0, 954.0, 548.0]
[192.0, 16.0, 923.0, 564.0]
[48.0, 16.0, 780.0, 565.0]
[112.0, 0.0, 845.0, 550.0]
[224.0, 0.0, 958.0, 550.0]
[16.0, 16.0, 751.0, 567.0]
[0.0, 16.0, 736.0, 568.0]
[176.0, 16.0, 913.0, 569.0]
[48.0, 16.0, 786.0, 570.0]
[176.0, 0.0, 915.0, 554.0]
[144.0, 16.0, 884.0, 571.0]
[144.0, 0.0, 885.0, 556.0]
[80.0, 16.0, 822.0, 572.0]
[0.0, 16.0, 743.0, 573.0]
[160.0, 16.0, 904.0, 574.0]
[208.0, 16.0, 953.0, 575.0]
[96.0, 0.0, 842.0, 560.0]
[208.0, 0.0, 955.0, 560.0]
[80.0, 0.0, 828.0, 561.0]
[80.0, 0.0, 829.0, 562.0]
[96.0, 0.0, 846.0, 562.0]
[80.0, 0.0, 831.0, 563.0]
[32.0, 0.0, 784.0, 564.0]
[144.0, 0.0, 897.0, 565.0]
[160.0, 0.0, 914.0, 566.0]
[128.0, 0.0, 883.0, 566.0]
[80.0, 0.0, 836.0, 567.0]
[48.0, 0.0, 805.0, 568.0]
[128.0, 0.0, 886.0, 568.0]
[32.0, 0.0, 791.0, 569.0]
[64.0, 0.0, 824.0, 570.0]
[96.0, 0.0, 857.0, 571.0]
[48.0, 0.0, 810.0, 572.0]
[64.0, 0.0, 827.0, 572.0]
[32.0, 0.0, 796.0, 573.0]
[64.0, 0.0, 829.0, 574.0]
[96.0, 0.0, 862.0, 574.0]
[80.0, 0.0, 847.0, 575.0]
