[80.0, 48.0, 821.0, 604.0]
[112.0, 32.0, 854.0, 588.0]
[208.0, 64.0, 951.0, 621.0]
[144.0, 80.0, 888.0, 638.0]
[240.0, 64.0, 985.0, 623.0]
[224.0, 80.0, 970.0, 640.0]
[224.0, 32.0, 971.0, 592.0]
[240.0, 32.0, 988.0, 593.0]
[208.0, 80.0, 957.0, 642.0]
[224.0, 48.0, 974.0, 610.0]
[112.0, 96.0, 863.0, 659.0]
[80.0, 96.0, 832.0, 660.0]
[144.0, 32.0, 897.0, 597.0]
[48.0, 32.0, 802.0, 598.0]
[128.0, 48.0, 883.0, 614.0]
[144.0, 80.0, 900.0, 647.0]
[176.0, 32.0, 933.0, 600.0]
[96.0, 48.0, 854.0, 616.0]
[144.0, 64.0, 903.0, 633.0]
[224.0, 80.0, 984.0, 650.0]
[208.0, 96.0, 969.0, 667.0]
[48.0, 32.0, 810.0, 604.0]
[208.0, 96.0, 971.0, 668.0]
[64.0, 64.0, 828.0, 637.0]
[96.0, 48.0, 861.0, 622.0]
[64.0, 96.0, 830.0, 670.0]
[64.0, 80.0, 831.0, 655.0]
[208.0, 96.0, 976.0, 672.0]
[208.0, 96.0, 977.0, 673.0]
[192.0, 80.0, 962.0, 658.0]
[96.0, 96.0, 867.0, 674.0]
[64.0, 96.0, 836.0, 675.0]
[176.0, 48.0, 949.0, 628.0]
[176.0, 32.0, 950.0, 612.0]
[176.0, 96.0, 951.0, 677.0]
[160.0, 48.0, 936.0, 630.0]
[176.0, 0.0, 953.0, 583.0]
[112.0, 96.0, 890.0, 680.0]
[112.0, 64.0, 891.0, 648.0]
[16.0, 48.0, 796.0, 633.0]
[80.0, 48.0, 861.0, 634.0]
[112.0, 48.0, 894.0, 634.0]
[112.0, 16.0, 895.0, 603.0]
[48.0, 0.0, 832.0, 588.0]
[192.0, 80.0, 977.0, 669.0]
[16.0, 80.0, 802.0, 670.0]
[0.0, 48.0, 787.0, 638.0]
[176.0, 0.0, 964.0, 591.0]
[224.0, 64.0, 1013.0, 656.0]
[16.0, 16.0, 806.0, 608.0]
[176.0, 16.0, 967.0, 609.0]
[176.0, 64.0, 968.0, 658.0]
[48.0, 0.0, 841.0, 595.0]
[96.0, 16.0, 890.0, 612.0]
[48.0, 16.0, 843.0, 612.0]
[32.0, 64.0, 828.0, 661.0]
[80.0, 16.0, 877.0, 614.0]
[96.0, 48.0, 894.0, 646.0]
[160.0, 0.0, 959.0, 599.0]
[224.0, 16.0, 1024.0, 616.0]
[80.0, 16.0, 881.0, 617.0]
[144.0, 16.0, 946.0, 618.0]
[128.0, 80.0, 931.0, 682.0]
[48.0, 32.0, 852.0, 635.0]
[112.0, 64.0, 917.0, 668.0]
[208.0, 0.0, 1014.0, 604.0]
[80.0, 48.0, 887.0, 653.0]
[16.0, 48.0, 824.0, 654.0]
[208.0, 48.0, 1017.0, 655.0]
[112.0, 0.0, 922.0, 608.0]
[32.0, 48.0, 843.0, 656.0]
[128.0, 32.0, 940.0, 641.0]
[0.0, 32.0, 813.0, 642.0]
[32.0, 32.0, 846.0, 642.0]
[96.0, 64.0, 911.0, 675.0]
[128.0, 48.0, 944.0, 660.0]
[80.0, 32.0, 897.0, 645.0]
[176.0, 16.0, 994.0, 630.0]
[16.0, 32.0, 835.0, 646.0]
[112.0, 32.0, 932.0, 647.0]
[80.0, 0.0, 901.0, 616.0]
[32.0, 16.0, 854.0, 632.0]
[192.0, 32.0, 1015.0, 649.0]
[176.0, 0.0, 1000.0, 618.0]
[144.0, 48.0, 969.0, 667.0]
[80.0, 0.0, 906.0, 620.0]
[112.0, 48.0, 939.0, 668.0]
[64.0, 48.0, 892.0, 669.0]
[176.0, 16.0, 1005.0, 638.0]
[0.0, 16.0, 830.0, 638.0]
[48.0, 32.0, 879.0, 655.0]
[64.0, 0.0, 896.0, 624.0]
[48.0, 48.0, 881.0, 673.0]
[128.0, 16.0, 962.0, 642.0]
[96.0, 16.0, 931.0, 642.0]
[144.0, 16.0, 980.0, 643.0]
[80.0, 48.0, 917.0, 676.0]
[128.0, 16.0, 966.0, 644.0]
[144.0, 48.0, 983.0, 677.0]
[0.0, 48.0, 840.0, 678.0]
[160.0, 0.0, 1001.0, 631.0]
[128.0, 16.0, 970.0, 648.0]
[144.0, 16.0, 987.0, 648.0]
[48.0, 48.0, 892.0, 681.0]
[48.0, 16.0, 893.0, 650.0]
[96.0, 16.0, 942.0, 650.0]
[112.0, 0.0, 959.0, 635.0]
[112.0, 16.0, 960.0, 652.0]
[160.0, 16.0, 1009.0, 653.0]
[144.0, 32.0, 994.0, 670.0]
[128.0, 0.0, 979.0, 638.0]
[32.0, 0.0, 884.0, 639.0]
[160.0, 16.0, 1013.0, 656.0]
[112.0, 32.0, 966.0, 672.0]
[128.0, 0.0, 983.0, 641.0]
[80.0, 0.0, 936.0, 642.0]
[16.0, 0.0, 873.0, 643.0]
[144.0, 0.0, 1002.0, 644.0]
[64.0, 32.0, 923.0, 676.0]
[0.0, 32.0, 860.0, 677.0]
[16.0, 0.0, 877.0, 646.0]
[144.0, 0.0, 1006.0, 646.0]
[160.0, 16.0, 1023.0, 663.0]
[16.0, 16.0, 880.0, 664.0]
[32.0, 32.0, 897.0, 681.0]
[32.0, 32.0, 898.0, 682.0]
[112.0, 16.0, 979.0, 666.0]
[144.0, 0.0, 1012.0, 651.0]
[80.0, 16.0, 949.0, 668.0]
[32.0, 16.0, 902.0, 668.0]
[48.0, 0.0, 919.0, 653.0]
[80.0, 16.0, 952.0, 670.0]
[80.0, 0.0, 953.0, 655.0]
[112.0, 0.0, 986.0, 656.0]
[64.0, 16.0, 939.0, 672.0]
[112.0, 16.0, 988.0, 673.0]
[16.0, 16.0, 893.0, 674.0]
[128.0, 0.0, 1006.0, 658.0]
[48.0, 16.0, 927.0, 675.0]
[144.0, 16.0, 1024.0, 676.0]
[96.0, 0.0, 977.0, 661.0]
[32.0, 16.0, 914.0, 678.0]
[128.0, 0.0, 1011.0, 662.0]
[128.0, 16.0, 1012.0, 679.0]
[64.0, 16.0, 949.0, 680.0]
[80.0, 0.0, 966.0, 664.0]
[48.0, 16.0, 935.0, 681.0]
[0.0, 16.0, 888.0, 682.0]
[128.0, 16.0, 1017.0, 683.0]
[16.0, 0.0, 906.0, 668.0]
[32.0, 0.0, 923.0, 668.0]
[0.0, 0.0, 892.0, 669.0]
[112.0, 0.0, 1005.0, 670.0]
[96.0, 0.0, 990.0, 670.0]
[128.0, 0.0, 1023.0, 671.0]
[112.0, 0.0, 1008.0, 672.0]
[96.0, 0.0, 993.0, 673.0]
[32.0, 0.0, 930.0, 674.0]
[48.0, 0.0, 947.0, 674.0]
[48.0, 0.0, 948.0, 675.0]
[32.0, 0.0, 933.0, 676.0]
[16.0, 0.0, 918.0, 676.0]
[80.0, 0.0, 983.0, 677.0]
[0.0, 0.0, 904.0, 678.0]
[112.0, 0.0, 1017.0, 679.0]
[16.0, 0.0, 922.0, 680.0]
[80.0, 0.0, 987.0, 680.0]
[16.0, 0.0, 924.0, 681.0]
[16.0, 0.0, 925.0, 682.0]
[64.0, 0.0, 974.0, 682.0]
[16.0, 0.0, 927.0, 683.0]
