[32.0, 80.0, 749.0, 618.0]
[128.0, 112.0, 846.0, 650.0]
[48.0, 112.0, 767.0, 651.0]
[48.0, 112.0, 768.0, 652.0]
[64.0, 112.0, 785.0, 653.0]
[64.0, 80.0, 786.0, 622.0]
[208.0, 96.0, 931.0, 638.0]
[96.0, 112.0, 820.0, 655.0]
[128.0, 32.0, 853.0, 576.0]
[128.0, 16.0, 854.0, 560.0]
[80.0, 16.0, 807.0, 561.0]
[48.0, 16.0, 776.0, 562.0]
[0.0, 48.0, 729.0, 595.0]
[144.0, 32.0, 874.0, 580.0]
[48.0, 112.0, 779.0, 660.0]
[16.0, 96.0, 748.0, 645.0]
[144.0, 48.0, 877.0, 598.0]
[16.0, 48.0, 750.0, 598.0]
[32.0, 112.0, 767.0, 663.0]
[192.0, 80.0, 928.0, 632.0]
[80.0, 80.0, 817.0, 633.0]
[96.0, 64.0, 834.0, 618.0]
[0.0, 80.0, 739.0, 634.0]
[128.0, 112.0, 868.0, 667.0]
[64.0, 112.0, 805.0, 668.0]
[192.0, 32.0, 934.0, 588.0]
[144.0, 112.0, 887.0, 669.0]
[48.0, 48.0, 792.0, 606.0]
[16.0, 64.0, 761.0, 623.0]
[208.0, 64.0, 954.0, 624.0]
[48.0, 32.0, 795.0, 592.0]
[48.0, 96.0, 796.0, 657.0]
[96.0, 96.0, 845.0, 658.0]
[128.0, 16.0, 878.0, 578.0]
[32.0, 64.0, 783.0, 627.0]
[144.0, 80.0, 896.0, 644.0]
[16.0, 32.0, 769.0, 597.0]
[192.0, 32.0, 946.0, 598.0]
[144.0, 112.0, 899.0, 678.0]
[96.0, 64.0, 852.0, 631.0]
[176.0, 80.0, 933.0, 648.0]
[64.0, 32.0, 822.0, 600.0]
[128.0, 112.0, 887.0, 681.0]
[96.0, 0.0, 856.0, 570.0]
[96.0, 48.0, 857.0, 619.0]
[160.0, 48.0, 922.0, 620.0]
[48.0, 48.0, 811.0, 620.0]
[176.0, 32.0, 940.0, 605.0]
[64.0, 96.0, 829.0, 670.0]
[144.0, 48.0, 910.0, 622.0]
[128.0, 16.0, 895.0, 591.0]
[96.0, 0.0, 864.0, 576.0]
[176.0, 64.0, 945.0, 641.0]
[48.0, 64.0, 818.0, 642.0]
[32.0, 64.0, 803.0, 642.0]
[0.0, 64.0, 772.0, 643.0]
[48.0, 64.0, 821.0, 644.0]
[64.0, 32.0, 838.0, 612.0]
[160.0, 0.0, 935.0, 581.0]
[32.0, 32.0, 808.0, 614.0]
[32.0, 0.0, 809.0, 583.0]
[64.0, 80.0, 842.0, 664.0]
[112.0, 0.0, 891.0, 584.0]
[64.0, 80.0, 844.0, 665.0]
[80.0, 32.0, 861.0, 618.0]
[64.0, 16.0, 846.0, 602.0]
[96.0, 32.0, 879.0, 619.0]
[112.0, 0.0, 896.0, 588.0]
[32.0, 32.0, 817.0, 621.0]
[0.0, 32.0, 786.0, 622.0]
[160.0, 80.0, 947.0, 670.0]
[0.0, 64.0, 788.0, 655.0]
[80.0, 80.0, 869.0, 672.0]
[128.0, 32.0, 918.0, 624.0]
[32.0, 32.0, 823.0, 625.0]
[112.0, 0.0, 904.0, 594.0]
[48.0, 0.0, 841.0, 595.0]
[160.0, 80.0, 954.0, 676.0]
[32.0, 80.0, 827.0, 676.0]
[32.0, 64.0, 828.0, 661.0]
[0.0, 0.0, 797.0, 598.0]
[112.0, 48.0, 910.0, 646.0]
[32.0, 16.0, 831.0, 615.0]
[144.0, 64.0, 944.0, 664.0]
[128.0, 80.0, 929.0, 681.0]
[32.0, 0.0, 834.0, 602.0]
[80.0, 32.0, 883.0, 634.0]
[80.0, 64.0, 884.0, 667.0]
[16.0, 0.0, 821.0, 604.0]
[0.0, 32.0, 806.0, 636.0]
[144.0, 48.0, 951.0, 653.0]
[48.0, 16.0, 856.0, 622.0]
[96.0, 16.0, 905.0, 623.0]
[112.0, 16.0, 922.0, 624.0]
[96.0, 16.0, 907.0, 624.0]
[16.0, 64.0, 828.0, 673.0]
[128.0, 16.0, 941.0, 626.0]
[112.0, 48.0, 926.0, 658.0]
[0.0, 32.0, 815.0, 643.0]
[32.0, 0.0, 848.0, 612.0]
[32.0, 48.0, 849.0, 661.0]
[0.0, 64.0, 818.0, 678.0]
[112.0, 48.0, 931.0, 662.0]
[80.0, 64.0, 900.0, 679.0]
[64.0, 16.0, 885.0, 632.0]
[16.0, 0.0, 838.0, 616.0]
[0.0, 16.0, 823.0, 633.0]
[128.0, 0.0, 952.0, 618.0]
[32.0, 0.0, 857.0, 619.0]
[48.0, 48.0, 874.0, 668.0]
[48.0, 16.0, 875.0, 636.0]
[64.0, 0.0, 892.0, 621.0]
[96.0, 16.0, 925.0, 638.0]
[48.0, 0.0, 878.0, 622.0]
[48.0, 32.0, 879.0, 655.0]
[16.0, 0.0, 848.0, 624.0]
[32.0, 48.0, 865.0, 673.0]
[32.0, 48.0, 866.0, 674.0]
[48.0, 16.0, 883.0, 642.0]
[80.0, 48.0, 916.0, 675.0]
[0.0, 48.0, 837.0, 676.0]
[80.0, 32.0, 918.0, 660.0]
[32.0, 48.0, 871.0, 677.0]
[64.0, 16.0, 904.0, 646.0]
[96.0, 16.0, 937.0, 647.0]
[32.0, 16.0, 874.0, 648.0]
[48.0, 32.0, 891.0, 664.0]
[80.0, 16.0, 924.0, 649.0]
[112.0, 32.0, 957.0, 666.0]
[48.0, 32.0, 894.0, 666.0]
[0.0, 0.0, 847.0, 635.0]
[80.0, 16.0, 928.0, 652.0]
[0.0, 32.0, 849.0, 669.0]
[80.0, 32.0, 930.0, 670.0]
[48.0, 16.0, 899.0, 654.0]
[32.0, 0.0, 884.0, 639.0]
[80.0, 16.0, 933.0, 656.0]
[80.0, 16.0, 934.0, 656.0]
[48.0, 0.0, 903.0, 641.0]
[0.0, 0.0, 856.0, 642.0]
[0.0, 32.0, 857.0, 675.0]
[48.0, 32.0, 906.0, 676.0]
[80.0, 32.0, 939.0, 676.0]
[64.0, 32.0, 924.0, 677.0]
[64.0, 16.0, 925.0, 662.0]
[48.0, 0.0, 910.0, 646.0]
[64.0, 16.0, 927.0, 663.0]
[32.0, 32.0, 896.0, 680.0]
[16.0, 16.0, 881.0, 665.0]
[16.0, 0.0, 882.0, 650.0]
[32.0, 16.0, 899.0, 666.0]
[64.0, 16.0, 932.0, 667.0]
[64.0, 16.0, 933.0, 668.0]
[32.0, 0.0, 902.0, 652.0]
[0.0, 0.0, 871.0, 653.0]
[48.0, 0.0, 920.0, 654.0]
[64.0, 16.0, 937.0, 671.0]
[64.0, 0.0, 938.0, 656.0]
[32.0, 16.0, 907.0, 672.0]
[64.0, 16.0, 940.0, 673.0]
[32.0, 0.0, 909.0, 658.0]
[32.0, 0.0, 910.0, 658.0]
[32.0, 0.0, 911.0, 659.0]
[0.0, 0.0, 880.0, 660.0]
[32.0, 16.0, 913.0, 677.0]
[0.0, 16.0, 882.0, 678.0]
[0.0, 0.0, 883.0, 662.0]
[32.0, 16.0, 916.0, 679.0]
[48.0, 0.0, 933.0, 664.0]
[64.0, 16.0, 950.0, 680.0]
[64.0, 0.0, 951.0, 665.0]
[48.0, 0.0, 936.0, 666.0]
[32.0, 0.0, 921.0, 667.0]
[32.0, 0.0, 922.0, 668.0]
[64.0, 0.0, 955.0, 668.0]
[16.0, 0.0, 908.0, 669.0]
[48.0, 0.0, 941.0, 670.0]
[0.0, 0.0, 894.0, 670.0]
[0.0, 0.0, 895.0, 671.0]
[0.0, 0.0, 896.0, 672.0]
[48.0, 0.0, 945.0, 673.0]
[48.0, 0.0, 946.0, 674.0]
[32.0, 0.0, 931.0, 674.0]
[0.0, 0.0, 900.0, 675.0]
[48.0, 0.0, 949.0, 676.0]
[0.0, 0.0, 902.0, 676.0]
[16.0, 0.0, 919.0, 677.0]
[16.0, 0.0, 920.0, 678.0]
[32.0, 0.0, 937.0, 679.0]
[48.0, 0.0, 954.0, 680.0]
[0.0, 0.0, 907.0, 680.0]
[32.0, 0.0, 940.0, 681.0]
