[48.0, 112.0, 953.0, 791.0]
[48.0, 192.0, 954.0, 872.0]
[48.0, 192.0, 955.0, 872.0]
[64.0, 208.0, 972.0, 889.0]
[48.0, 256.0, 957.0, 938.0]
[48.0, 256.0, 958.0, 938.0]
[64.0, 160.0, 975.0, 843.0]
[48.0, 192.0, 960.0, 876.0]
[64.0, 160.0, 977.0, 845.0]
[32.0, 192.0, 946.0, 878.0]
[48.0, 48.0, 963.0, 734.0]
[48.0, 176.0, 964.0, 863.0]
[48.0, 176.0, 965.0, 864.0]
[48.0, 240.0, 966.0, 928.0]
[64.0, 144.0, 983.0, 833.0]
[48.0, 128.0, 968.0, 818.0]
[32.0, 128.0, 953.0, 819.0]
[48.0, 224.0, 970.0, 916.0]
[32.0, 272.0, 955.0, 964.0]
[64.0, 48.0, 988.0, 741.0]
[48.0, 32.0, 973.0, 726.0]
[64.0, 128.0, 990.0, 822.0]
[48.0, 192.0, 975.0, 887.0]
[32.0, 176.0, 960.0, 872.0]
[64.0, 48.0, 993.0, 745.0]
[80.0, 48.0, 1010.0, 746.0]
[64.0, 80.0, 995.0, 778.0]
[64.0, 208.0, 996.0, 907.0]
[80.0, 144.0, 1013.0, 844.0]
[16.0, 128.0, 950.0, 828.0]
[64.0, 192.0, 999.0, 893.0]
[32.0, 48.0, 968.0, 750.0]
[80.0, 240.0, 1017.0, 943.0]
[80.0, 160.0, 1018.0, 864.0]
[48.0, 64.0, 987.0, 768.0]
[48.0, 112.0, 988.0, 817.0]
[80.0, 160.0, 1021.0, 866.0]
[32.0, 288.0, 974.0, 994.0]
[80.0, 160.0, 1023.0, 867.0]
[0.0, 160.0, 944.0, 868.0]
[0.0, 176.0, 945.0, 885.0]
[32.0, 192.0, 978.0, 902.0]
[32.0, 160.0, 979.0, 870.0]
[32.0, 176.0, 980.0, 887.0]
[16.0, 208.0, 965.0, 920.0]
[16.0, 144.0, 966.0, 856.0]
[16.0, 240.0, 967.0, 953.0]
[0.0, 240.0, 952.0, 954.0]
[64.0, 256.0, 1017.0, 971.0]
[0.0, 144.0, 954.0, 860.0]
[16.0, 272.0, 971.0, 988.0]
[64.0, 272.0, 1020.0, 989.0]
[48.0, 32.0, 1005.0, 750.0]
[0.0, 112.0, 958.0, 830.0]
[16.0, 32.0, 975.0, 751.0]
[64.0, 272.0, 1024.0, 992.0]
[16.0, 176.0, 977.0, 897.0]
[16.0, 112.0, 978.0, 834.0]
[48.0, 176.0, 1011.0, 898.0]
[48.0, 48.0, 1012.0, 771.0]
[16.0, 48.0, 981.0, 772.0]
[48.0, 48.0, 1014.0, 772.0]
[0.0, 144.0, 967.0, 869.0]
[0.0, 160.0, 968.0, 886.0]
[48.0, 96.0, 1017.0, 823.0]
[32.0, 32.0, 1002.0, 760.0]
[32.0, 256.0, 1003.0, 984.0]
[32.0, 240.0, 1004.0, 969.0]
[32.0, 272.0, 1005.0, 1002.0]
[16.0, 112.0, 990.0, 842.0]
[16.0, 128.0, 991.0, 859.0]
[32.0, 128.0, 1008.0, 860.0]
[0.0, 208.0, 977.0, 941.0]
[32.0, 112.0, 1010.0, 846.0]
[32.0, 176.0, 1011.0, 910.0]
[0.0, 80.0, 980.0, 815.0]
[0.0, 272.0, 981.0, 1008.0]
[0.0, 112.0, 982.0, 848.0]
[32.0, 32.0, 1015.0, 769.0]
[0.0, 64.0, 984.0, 802.0]
[16.0, 32.0, 1001.0, 771.0]
[16.0, 240.0, 1002.0, 980.0]
[0.0, 32.0, 987.0, 772.0]
[0.0, 192.0, 988.0, 933.0]
[32.0, 80.0, 1021.0, 822.0]
[16.0, 144.0, 1006.0, 886.0]
[16.0, 192.0, 1007.0, 935.0]
[0.0, 96.0, 992.0, 840.0]
[16.0, 64.0, 1009.0, 809.0]
[0.0, 64.0, 994.0, 810.0]
[16.0, 208.0, 1011.0, 954.0]
[0.0, 64.0, 996.0, 811.0]
[0.0, 176.0, 997.0, 924.0]
[16.0, 128.0, 1014.0, 876.0]
[0.0, 64.0, 999.0, 813.0]
[0.0, 208.0, 1000.0, 958.0]
[16.0, 96.0, 1017.0, 847.0]
[16.0, 224.0, 1018.0, 976.0]
[16.0, 224.0, 1019.0, 976.0]
[16.0, 128.0, 1020.0, 881.0]
[0.0, 32.0, 1005.0, 786.0]
[0.0, 208.0, 1006.0, 962.0]
[16.0, 128.0, 1023.0, 883.0]
[0.0, 192.0, 1008.0, 948.0]
[0.0, 160.0, 1009.0, 917.0]
[0.0, 16.0, 1010.0, 774.0]
[0.0, 48.0, 1011.0, 806.0]
[0.0, 144.0, 1012.0, 903.0]
[0.0, 112.0, 1013.0, 872.0]
[0.0, 208.0, 1014.0, 968.0]
[0.0, 208.0, 1015.0, 969.0]
[0.0, 208.0, 1016.0, 970.0]
[0.0, 144.0, 1017.0, 907.0]
[0.0, 16.0, 1018.0, 780.0]
[0.0, 128.0, 1019.0, 892.0]
[0.0, 144.0, 1020.0, 909.0]
[0.0, 240.0, 1021.0, 1006.0]
[0.0, 128.0, 1022.0, 894.0]
[0.0, 48.0, 1023.0, 815.0]
[0.0, 48.0, 1024.0, 816.0]
