[48.0, 96.0, 789.0, 652.0]
[144.0, 32.0, 886.0, 588.0]
[112.0, 64.0, 855.0, 621.0]
[144.0, 32.0, 888.0, 590.0]
[208.0, 32.0, 953.0, 591.0]
[128.0, 64.0, 874.0, 624.0]
[96.0, 32.0, 843.0, 592.0]
[112.0, 64.0, 860.0, 625.0]
[240.0, 80.0, 989.0, 642.0]
[176.0, 80.0, 926.0, 642.0]
[192.0, 64.0, 943.0, 627.0]
[240.0, 80.0, 992.0, 644.0]
[80.0, 48.0, 833.0, 613.0]
[64.0, 48.0, 818.0, 614.0]
[96.0, 16.0, 851.0, 582.0]
[192.0, 96.0, 948.0, 663.0]
[112.0, 48.0, 869.0, 616.0]
[160.0, 48.0, 918.0, 616.0]
[64.0, 96.0, 823.0, 665.0]
[144.0, 48.0, 904.0, 618.0]
[112.0, 64.0, 873.0, 635.0]
[224.0, 64.0, 986.0, 636.0]
[112.0, 96.0, 875.0, 668.0]
[208.0, 80.0, 972.0, 653.0]
[144.0, 64.0, 909.0, 638.0]
[224.0, 32.0, 990.0, 606.0]
[64.0, 96.0, 831.0, 671.0]
[64.0, 48.0, 832.0, 624.0]
[96.0, 96.0, 865.0, 673.0]
[32.0, 16.0, 802.0, 594.0]
[192.0, 48.0, 963.0, 626.0]
[112.0, 80.0, 884.0, 659.0]
[112.0, 80.0, 885.0, 660.0]
[144.0, 32.0, 918.0, 612.0]
[48.0, 96.0, 823.0, 677.0]
[208.0, 48.0, 984.0, 630.0]
[112.0, 64.0, 889.0, 647.0]
[192.0, 64.0, 970.0, 648.0]
[128.0, 16.0, 907.0, 600.0]
[208.0, 64.0, 988.0, 649.0]
[160.0, 80.0, 941.0, 666.0]
[208.0, 0.0, 990.0, 586.0]
[96.0, 32.0, 879.0, 619.0]
[32.0, 80.0, 816.0, 668.0]
[16.0, 64.0, 801.0, 653.0]
[32.0, 64.0, 818.0, 654.0]
[112.0, 0.0, 899.0, 590.0]
[208.0, 0.0, 996.0, 591.0]
[112.0, 32.0, 901.0, 624.0]
[0.0, 48.0, 790.0, 640.0]
[128.0, 64.0, 919.0, 657.0]
[32.0, 48.0, 824.0, 642.0]
[144.0, 80.0, 937.0, 675.0]
[192.0, 80.0, 986.0, 676.0]
[64.0, 0.0, 859.0, 596.0]
[48.0, 48.0, 844.0, 645.0]
[176.0, 32.0, 973.0, 630.0]
[208.0, 16.0, 1006.0, 614.0]
[32.0, 64.0, 831.0, 663.0]
[80.0, 64.0, 880.0, 664.0]
[80.0, 80.0, 881.0, 681.0]
[160.0, 0.0, 962.0, 602.0]
[64.0, 64.0, 867.0, 666.0]
[128.0, 16.0, 932.0, 619.0]
[64.0, 32.0, 869.0, 636.0]
[96.0, 16.0, 902.0, 620.0]
[176.0, 32.0, 983.0, 637.0]
[192.0, 32.0, 1000.0, 638.0]
[192.0, 16.0, 1001.0, 623.0]
[208.0, 48.0, 1018.0, 656.0]
[16.0, 0.0, 827.0, 608.0]
[112.0, 0.0, 924.0, 609.0]
[208.0, 48.0, 1021.0, 658.0]
[144.0, 48.0, 958.0, 658.0]
[0.0, 48.0, 815.0, 659.0]
[16.0, 64.0, 832.0, 676.0]
[80.0, 0.0, 897.0, 613.0]
[176.0, 32.0, 994.0, 646.0]
[16.0, 0.0, 835.0, 614.0]
[0.0, 48.0, 820.0, 663.0]
[64.0, 48.0, 885.0, 664.0]
[96.0, 64.0, 918.0, 680.0]
[80.0, 16.0, 903.0, 633.0]
[192.0, 48.0, 1016.0, 666.0]
[176.0, 48.0, 1001.0, 667.0]
[80.0, 48.0, 906.0, 668.0]
[112.0, 16.0, 939.0, 636.0]
[176.0, 48.0, 1004.0, 669.0]
[112.0, 16.0, 941.0, 638.0]
[176.0, 48.0, 1006.0, 670.0]
[160.0, 32.0, 991.0, 655.0]
[16.0, 16.0, 848.0, 640.0]
[96.0, 48.0, 929.0, 673.0]
[96.0, 0.0, 930.0, 626.0]
[80.0, 48.0, 915.0, 674.0]
[96.0, 16.0, 932.0, 643.0]
[0.0, 48.0, 837.0, 676.0]
[32.0, 48.0, 870.0, 676.0]
[176.0, 0.0, 1015.0, 629.0]
[32.0, 48.0, 872.0, 678.0]
[48.0, 48.0, 889.0, 679.0]
[32.0, 16.0, 874.0, 648.0]
[16.0, 16.0, 859.0, 648.0]
[80.0, 48.0, 924.0, 681.0]
[160.0, 0.0, 1005.0, 634.0]
[112.0, 0.0, 958.0, 634.0]
[32.0, 0.0, 879.0, 635.0]
[160.0, 32.0, 1008.0, 668.0]
[0.0, 0.0, 849.0, 637.0]
[128.0, 0.0, 978.0, 638.0]
[112.0, 32.0, 963.0, 670.0]
[0.0, 16.0, 852.0, 655.0]
[48.0, 16.0, 901.0, 656.0]
[32.0, 0.0, 886.0, 640.0]
[80.0, 32.0, 935.0, 673.0]
[128.0, 0.0, 984.0, 642.0]
[128.0, 16.0, 985.0, 659.0]
[128.0, 0.0, 986.0, 644.0]
[16.0, 16.0, 875.0, 660.0]
[32.0, 16.0, 892.0, 661.0]
[96.0, 32.0, 957.0, 678.0]
[96.0, 32.0, 958.0, 678.0]
[160.0, 32.0, 1023.0, 679.0]
[112.0, 16.0, 976.0, 664.0]
[80.0, 32.0, 945.0, 681.0]
[144.0, 0.0, 1010.0, 650.0]
[80.0, 16.0, 947.0, 666.0]
[128.0, 32.0, 996.0, 683.0]
[0.0, 0.0, 869.0, 652.0]
[144.0, 16.0, 1014.0, 668.0]
[64.0, 16.0, 935.0, 669.0]
[0.0, 0.0, 872.0, 654.0]
[0.0, 0.0, 873.0, 655.0]
[48.0, 0.0, 922.0, 656.0]
[48.0, 16.0, 923.0, 672.0]
[32.0, 16.0, 908.0, 673.0]
[32.0, 0.0, 909.0, 658.0]
[16.0, 16.0, 894.0, 674.0]
[64.0, 16.0, 943.0, 675.0]
[80.0, 0.0, 960.0, 660.0]
[16.0, 0.0, 897.0, 661.0]
[112.0, 16.0, 994.0, 678.0]
[128.0, 16.0, 1011.0, 678.0]
[48.0, 0.0, 932.0, 663.0]
[64.0, 16.0, 949.0, 680.0]
[80.0, 0.0, 966.0, 664.0]
[16.0, 16.0, 903.0, 681.0]
[16.0, 16.0, 904.0, 682.0]
[48.0, 0.0, 937.0, 667.0]
[0.0, 0.0, 890.0, 668.0]
[0.0, 0.0, 891.0, 668.0]
[128.0, 0.0, 1020.0, 669.0]
[0.0, 0.0, 893.0, 670.0]
[128.0, 0.0, 1022.0, 670.0]
[32.0, 0.0, 927.0, 671.0]
[112.0, 0.0, 1008.0, 672.0]
[48.0, 0.0, 945.0, 673.0]
[48.0, 0.0, 946.0, 674.0]
[112.0, 0.0, 1011.0, 674.0]
[112.0, 0.0, 1012.0, 675.0]
[80.0, 0.0, 981.0, 676.0]
[64.0, 0.0, 966.0, 676.0]
[48.0, 0.0, 951.0, 677.0]
[112.0, 0.0, 1016.0, 678.0]
[112.0, 0.0, 1017.0, 679.0]
[64.0, 0.0, 970.0, 680.0]
[80.0, 0.0, 987.0, 680.0]
[16.0, 0.0, 924.0, 681.0]
[64.0, 0.0, 973.0, 682.0]
[0.0, 0.0, 910.0, 682.0]
[48.0, 0.0, 959.0, 683.0]
