[96.0, 32.0, 813.0, 570.0]
[144.0, 64.0, 862.0, 602.0]
[192.0, 32.0, 911.0, 571.0]
[176.0, 112.0, 896.0, 652.0]
[128.0, 96.0, 849.0, 637.0]
[208.0, 32.0, 930.0, 574.0]
[80.0, 48.0, 803.0, 590.0]
[144.0, 112.0, 868.0, 655.0]
[208.0, 112.0, 933.0, 656.0]
[224.0, 64.0, 950.0, 608.0]
[176.0, 64.0, 903.0, 609.0]
[192.0, 64.0, 920.0, 610.0]
[208.0, 48.0, 937.0, 595.0]
[208.0, 32.0, 938.0, 580.0]
[128.0, 32.0, 859.0, 580.0]
[96.0, 96.0, 828.0, 645.0]
[176.0, 80.0, 909.0, 630.0]
[208.0, 80.0, 942.0, 630.0]
[160.0, 64.0, 895.0, 615.0]
[192.0, 48.0, 928.0, 600.0]
[112.0, 16.0, 849.0, 569.0]
[112.0, 16.0, 850.0, 570.0]
[112.0, 64.0, 851.0, 618.0]
[112.0, 16.0, 852.0, 571.0]
[144.0, 48.0, 885.0, 604.0]
[176.0, 16.0, 918.0, 572.0]
[80.0, 80.0, 823.0, 637.0]
[128.0, 16.0, 872.0, 574.0]
[80.0, 80.0, 825.0, 639.0]
[128.0, 16.0, 874.0, 576.0]
[96.0, 48.0, 843.0, 608.0]
[96.0, 80.0, 844.0, 641.0]
[160.0, 32.0, 909.0, 594.0]
[112.0, 80.0, 862.0, 642.0]
[192.0, 64.0, 943.0, 627.0]
[48.0, 48.0, 800.0, 612.0]
[80.0, 96.0, 833.0, 661.0]
[160.0, 16.0, 914.0, 582.0]
[96.0, 64.0, 851.0, 630.0]
[64.0, 80.0, 820.0, 647.0]
[112.0, 64.0, 869.0, 632.0]
[128.0, 96.0, 886.0, 664.0]
[176.0, 32.0, 935.0, 601.0]
[192.0, 96.0, 952.0, 666.0]
[128.0, 64.0, 889.0, 635.0]
[208.0, 16.0, 970.0, 588.0]
[208.0, 32.0, 971.0, 604.0]
[48.0, 16.0, 812.0, 589.0]
[80.0, 64.0, 845.0, 638.0]
[160.0, 32.0, 926.0, 606.0]
[80.0, 16.0, 847.0, 591.0]
[80.0, 80.0, 848.0, 656.0]
[32.0, 32.0, 801.0, 609.0]
[192.0, 48.0, 962.0, 626.0]
[96.0, 64.0, 867.0, 642.0]
[112.0, 80.0, 884.0, 659.0]
[176.0, 64.0, 949.0, 644.0]
[208.0, 16.0, 982.0, 596.0]
[32.0, 48.0, 807.0, 629.0]
[160.0, 80.0, 936.0, 662.0]
[128.0, 16.0, 905.0, 599.0]
[128.0, 80.0, 906.0, 664.0]
[48.0, 64.0, 827.0, 648.0]
[176.0, 16.0, 956.0, 601.0]
[192.0, 32.0, 973.0, 618.0]
[96.0, 48.0, 878.0, 634.0]
[80.0, 32.0, 863.0, 619.0]
[208.0, 48.0, 992.0, 636.0]
[80.0, 48.0, 865.0, 637.0]
[144.0, 48.0, 930.0, 638.0]
[144.0, 64.0, 931.0, 654.0]
[128.0, 48.0, 916.0, 639.0]
[48.0, 64.0, 837.0, 656.0]
[80.0, 48.0, 870.0, 640.0]
[176.0, 64.0, 967.0, 657.0]
[16.0, 32.0, 808.0, 626.0]
[112.0, 64.0, 905.0, 659.0]
[80.0, 48.0, 874.0, 644.0]
[80.0, 64.0, 875.0, 660.0]
[144.0, 48.0, 940.0, 645.0]
[112.0, 64.0, 909.0, 662.0]
[64.0, 32.0, 862.0, 630.0]
[32.0, 64.0, 831.0, 663.0]
[64.0, 48.0, 864.0, 648.0]
[0.0, 32.0, 801.0, 633.0]
[176.0, 32.0, 978.0, 634.0]
[192.0, 32.0, 995.0, 634.0]
[144.0, 32.0, 948.0, 635.0]
[112.0, 48.0, 917.0, 652.0]
[160.0, 48.0, 966.0, 652.0]
[0.0, 32.0, 807.0, 637.0]
[96.0, 32.0, 904.0, 638.0]
[80.0, 32.0, 889.0, 639.0]
[64.0, 32.0, 874.0, 640.0]
[0.0, 48.0, 811.0, 656.0]
[80.0, 32.0, 892.0, 641.0]
[32.0, 48.0, 845.0, 658.0]
[0.0, 32.0, 814.0, 642.0]
[176.0, 48.0, 991.0, 659.0]
[96.0, 48.0, 912.0, 660.0]
[160.0, 32.0, 977.0, 645.0]
[80.0, 32.0, 898.0, 646.0]
[192.0, 48.0, 1011.0, 662.0]
[176.0, 32.0, 996.0, 647.0]
[144.0, 48.0, 965.0, 664.0]
[80.0, 32.0, 902.0, 648.0]
[96.0, 32.0, 919.0, 649.0]
[64.0, 32.0, 888.0, 650.0]
[176.0, 32.0, 1001.0, 651.0]
[144.0, 32.0, 970.0, 652.0]
[48.0, 32.0, 875.0, 652.0]
[128.0, 32.0, 956.0, 653.0]
[176.0, 32.0, 1005.0, 654.0]
[176.0, 32.0, 1006.0, 654.0]
[96.0, 32.0, 927.0, 655.0]
[112.0, 32.0, 944.0, 656.0]
[128.0, 32.0, 961.0, 657.0]
[80.0, 32.0, 914.0, 658.0]
[96.0, 32.0, 931.0, 658.0]
[48.0, 32.0, 884.0, 659.0]
[96.0, 32.0, 933.0, 660.0]
[64.0, 32.0, 902.0, 660.0]
[128.0, 32.0, 967.0, 661.0]
[176.0, 32.0, 1016.0, 662.0]
