[96.0, 112.0, 813.0, 650.0]
[80.0, 32.0, 798.0, 570.0]
[32.0, 48.0, 751.0, 587.0]
[128.0, 128.0, 848.0, 668.0]
[80.0, 112.0, 801.0, 653.0]
[64.0, 96.0, 786.0, 638.0]
[16.0, 112.0, 739.0, 654.0]
[112.0, 96.0, 836.0, 639.0]
[128.0, 96.0, 853.0, 640.0]
[0.0, 80.0, 726.0, 624.0]
[16.0, 80.0, 743.0, 625.0]
[112.0, 128.0, 840.0, 674.0]
[80.0, 80.0, 809.0, 627.0]
[48.0, 64.0, 778.0, 612.0]
[80.0, 32.0, 811.0, 580.0]
[80.0, 32.0, 812.0, 581.0]
[32.0, 128.0, 765.0, 678.0]
[48.0, 80.0, 782.0, 630.0]
[48.0, 112.0, 783.0, 663.0]
[16.0, 128.0, 752.0, 680.0]
[16.0, 80.0, 753.0, 633.0]
[48.0, 32.0, 786.0, 586.0]
[32.0, 112.0, 771.0, 666.0]
[16.0, 32.0, 756.0, 587.0]
[0.0, 48.0, 741.0, 604.0]
[0.0, 64.0, 742.0, 620.0]
[32.0, 96.0, 775.0, 653.0]
[64.0, 80.0, 808.0, 638.0]
[0.0, 48.0, 745.0, 607.0]
[0.0, 112.0, 746.0, 672.0]
[32.0, 48.0, 779.0, 608.0]
[32.0, 80.0, 780.0, 641.0]
[32.0, 48.0, 781.0, 610.0]
[112.0, 96.0, 862.0, 658.0]
[0.0, 64.0, 751.0, 627.0]
[32.0, 48.0, 784.0, 612.0]
[64.0, 112.0, 817.0, 677.0]
[32.0, 48.0, 786.0, 614.0]
[0.0, 32.0, 755.0, 598.0]
[48.0, 80.0, 804.0, 647.0]
[64.0, 32.0, 821.0, 600.0]
[80.0, 16.0, 838.0, 584.0]
[48.0, 0.0, 807.0, 569.0]
[48.0, 32.0, 808.0, 602.0]
[64.0, 32.0, 825.0, 603.0]
[48.0, 16.0, 810.0, 588.0]
[80.0, 48.0, 843.0, 620.0]
[96.0, 48.0, 860.0, 621.0]
[96.0, 32.0, 861.0, 606.0]
[64.0, 32.0, 830.0, 606.0]
[48.0, 96.0, 815.0, 671.0]
[32.0, 80.0, 800.0, 656.0]
[80.0, 64.0, 849.0, 641.0]
[48.0, 0.0, 818.0, 578.0]
[48.0, 48.0, 819.0, 626.0]
[0.0, 48.0, 772.0, 627.0]
[32.0, 64.0, 805.0, 644.0]
[32.0, 48.0, 806.0, 628.0]
[16.0, 64.0, 791.0, 645.0]
[32.0, 80.0, 808.0, 662.0]
[32.0, 32.0, 809.0, 615.0]
[0.0, 16.0, 778.0, 600.0]
[64.0, 16.0, 843.0, 600.0]
[48.0, 32.0, 828.0, 617.0]
[32.0, 96.0, 813.0, 682.0]
[32.0, 32.0, 814.0, 618.0]
[32.0, 16.0, 815.0, 603.0]
[0.0, 32.0, 784.0, 620.0]
[48.0, 64.0, 833.0, 653.0]
[0.0, 48.0, 786.0, 638.0]
[16.0, 0.0, 803.0, 590.0]
[0.0, 80.0, 788.0, 671.0]
[64.0, 32.0, 853.0, 624.0]
[0.0, 48.0, 790.0, 640.0]
[48.0, 64.0, 839.0, 657.0]
[48.0, 0.0, 840.0, 594.0]
[16.0, 16.0, 809.0, 611.0]
[64.0, 48.0, 858.0, 644.0]
[0.0, 0.0, 795.0, 596.0]
[64.0, 48.0, 860.0, 645.0]
[32.0, 32.0, 829.0, 630.0]
[16.0, 32.0, 814.0, 630.0]
[32.0, 32.0, 831.0, 631.0]
[32.0, 0.0, 832.0, 600.0]
[16.0, 16.0, 817.0, 617.0]
[0.0, 80.0, 802.0, 682.0]
[48.0, 80.0, 851.0, 682.0]
[32.0, 32.0, 836.0, 635.0]
[48.0, 16.0, 853.0, 620.0]
[48.0, 16.0, 854.0, 620.0]
[48.0, 64.0, 855.0, 669.0]
[16.0, 16.0, 824.0, 622.0]
[16.0, 64.0, 825.0, 671.0]
[0.0, 0.0, 810.0, 608.0]
[32.0, 0.0, 843.0, 608.0]
[16.0, 64.0, 828.0, 673.0]
[32.0, 64.0, 845.0, 674.0]
[16.0, 0.0, 830.0, 610.0]
[16.0, 32.0, 831.0, 643.0]
[16.0, 32.0, 832.0, 644.0]
