[128.0, 32.0, 869.0, 588.0]
[192.0, 80.0, 934.0, 636.0]
[176.0, 48.0, 919.0, 605.0]
[224.0, 64.0, 968.0, 622.0]
[48.0, 64.0, 793.0, 623.0]
[96.0, 32.0, 842.0, 592.0]
[112.0, 80.0, 859.0, 640.0]
[64.0, 80.0, 812.0, 641.0]
[176.0, 96.0, 925.0, 658.0]
[160.0, 48.0, 910.0, 610.0]
[80.0, 64.0, 831.0, 627.0]
[240.0, 48.0, 992.0, 612.0]
[144.0, 32.0, 897.0, 597.0]
[64.0, 64.0, 818.0, 630.0]
[144.0, 64.0, 899.0, 630.0]
[208.0, 48.0, 964.0, 615.0]
[48.0, 48.0, 805.0, 616.0]
[112.0, 16.0, 870.0, 584.0]
[64.0, 32.0, 823.0, 601.0]
[224.0, 80.0, 984.0, 650.0]
[128.0, 48.0, 889.0, 619.0]
[160.0, 80.0, 922.0, 652.0]
[128.0, 96.0, 891.0, 668.0]
[192.0, 80.0, 956.0, 653.0]
[32.0, 48.0, 797.0, 622.0]
[64.0, 48.0, 830.0, 622.0]
[16.0, 48.0, 783.0, 623.0]
[96.0, 80.0, 864.0, 656.0]
[224.0, 64.0, 993.0, 641.0]
[16.0, 80.0, 786.0, 658.0]
[192.0, 32.0, 963.0, 610.0]
[96.0, 80.0, 868.0, 659.0]
[64.0, 96.0, 837.0, 676.0]
[240.0, 48.0, 1014.0, 628.0]
[144.0, 64.0, 919.0, 645.0]
[64.0, 64.0, 840.0, 646.0]
[64.0, 0.0, 841.0, 583.0]
[64.0, 16.0, 842.0, 600.0]
[160.0, 80.0, 939.0, 664.0]
[240.0, 32.0, 1020.0, 617.0]
[16.0, 32.0, 797.0, 618.0]
[160.0, 32.0, 942.0, 618.0]
[128.0, 48.0, 911.0, 635.0]
[224.0, 48.0, 1008.0, 636.0]
[128.0, 32.0, 913.0, 621.0]
[128.0, 48.0, 914.0, 638.0]
[224.0, 80.0, 1011.0, 670.0]
[192.0, 32.0, 980.0, 623.0]
[160.0, 0.0, 949.0, 592.0]
[144.0, 16.0, 934.0, 608.0]
[48.0, 16.0, 839.0, 609.0]
[160.0, 80.0, 952.0, 674.0]
[80.0, 80.0, 873.0, 675.0]
[160.0, 80.0, 954.0, 676.0]
[64.0, 80.0, 859.0, 676.0]
[176.0, 64.0, 972.0, 661.0]
[144.0, 80.0, 941.0, 678.0]
[144.0, 32.0, 942.0, 630.0]
[96.0, 32.0, 895.0, 631.0]
[192.0, 80.0, 992.0, 680.0]
[144.0, 16.0, 945.0, 617.0]
[80.0, 80.0, 882.0, 682.0]
[48.0, 48.0, 851.0, 650.0]
[208.0, 32.0, 1012.0, 635.0]
[80.0, 32.0, 885.0, 636.0]
[112.0, 0.0, 918.0, 604.0]
[160.0, 48.0, 967.0, 653.0]
[64.0, 16.0, 872.0, 622.0]
[192.0, 64.0, 1001.0, 671.0]
[96.0, 48.0, 906.0, 656.0]
[176.0, 16.0, 987.0, 624.0]
[176.0, 48.0, 988.0, 657.0]
[48.0, 16.0, 861.0, 626.0]
[80.0, 48.0, 894.0, 658.0]
[112.0, 64.0, 927.0, 675.0]
[96.0, 48.0, 912.0, 660.0]
[192.0, 16.0, 1009.0, 629.0]
[128.0, 16.0, 946.0, 630.0]
[112.0, 16.0, 931.0, 630.0]
[16.0, 32.0, 836.0, 647.0]
[64.0, 16.0, 885.0, 632.0]
[80.0, 16.0, 902.0, 632.0]
[48.0, 32.0, 871.0, 649.0]
[64.0, 48.0, 888.0, 666.0]
[192.0, 48.0, 1017.0, 667.0]
[80.0, 48.0, 906.0, 668.0]
[128.0, 0.0, 955.0, 620.0]
[16.0, 0.0, 844.0, 621.0]
[176.0, 16.0, 1005.0, 638.0]
[112.0, 16.0, 942.0, 638.0]
[48.0, 32.0, 879.0, 655.0]
[128.0, 0.0, 960.0, 624.0]
[160.0, 0.0, 993.0, 625.0]
[64.0, 32.0, 898.0, 658.0]
[160.0, 32.0, 995.0, 658.0]
[144.0, 48.0, 980.0, 675.0]
[16.0, 0.0, 853.0, 628.0]
[128.0, 48.0, 966.0, 676.0]
[176.0, 48.0, 1015.0, 677.0]
[0.0, 0.0, 840.0, 630.0]
[80.0, 32.0, 921.0, 663.0]
[48.0, 48.0, 890.0, 680.0]
[32.0, 48.0, 875.0, 680.0]
[128.0, 32.0, 972.0, 665.0]
[16.0, 16.0, 861.0, 650.0]
[160.0, 0.0, 1006.0, 634.0]
[128.0, 32.0, 975.0, 667.0]
[48.0, 32.0, 896.0, 668.0]
[48.0, 16.0, 897.0, 653.0]
[32.0, 16.0, 882.0, 654.0]
[16.0, 16.0, 867.0, 654.0]
[160.0, 0.0, 1012.0, 639.0]
[16.0, 16.0, 869.0, 656.0]
[48.0, 32.0, 902.0, 672.0]
[48.0, 16.0, 903.0, 657.0]
[32.0, 16.0, 888.0, 658.0]
[128.0, 32.0, 985.0, 675.0]
[144.0, 0.0, 1002.0, 644.0]
[144.0, 16.0, 1003.0, 660.0]
[16.0, 0.0, 876.0, 645.0]
[64.0, 0.0, 925.0, 646.0]
[128.0, 0.0, 990.0, 646.0]
[32.0, 0.0, 895.0, 647.0]
[16.0, 32.0, 880.0, 680.0]
[64.0, 32.0, 929.0, 681.0]
[16.0, 32.0, 882.0, 682.0]
[128.0, 32.0, 995.0, 682.0]
[80.0, 16.0, 948.0, 667.0]
[144.0, 0.0, 1013.0, 652.0]
[48.0, 0.0, 918.0, 652.0]
[0.0, 16.0, 871.0, 669.0]
[128.0, 16.0, 1000.0, 670.0]
[80.0, 0.0, 953.0, 655.0]
[32.0, 0.0, 906.0, 656.0]
[32.0, 0.0, 907.0, 656.0]
[32.0, 16.0, 908.0, 673.0]
[0.0, 16.0, 877.0, 674.0]
[128.0, 16.0, 1006.0, 674.0]
[112.0, 0.0, 991.0, 659.0]
[144.0, 0.0, 1024.0, 660.0]
[128.0, 0.0, 1009.0, 661.0]
[112.0, 16.0, 994.0, 678.0]
[64.0, 16.0, 947.0, 678.0]
[64.0, 16.0, 948.0, 679.0]
[80.0, 0.0, 965.0, 664.0]
[80.0, 0.0, 966.0, 664.0]
[80.0, 0.0, 967.0, 665.0]
[16.0, 16.0, 904.0, 682.0]
[80.0, 0.0, 969.0, 667.0]
[128.0, 0.0, 1018.0, 668.0]
[16.0, 0.0, 907.0, 668.0]
[128.0, 0.0, 1020.0, 669.0]
[80.0, 0.0, 973.0, 670.0]
[16.0, 0.0, 910.0, 670.0]
[48.0, 0.0, 943.0, 671.0]
[48.0, 0.0, 944.0, 672.0]
[96.0, 0.0, 993.0, 673.0]
[16.0, 0.0, 914.0, 674.0]
[64.0, 0.0, 963.0, 674.0]
[0.0, 0.0, 900.0, 675.0]
[48.0, 0.0, 949.0, 676.0]
[0.0, 0.0, 902.0, 676.0]
[0.0, 0.0, 903.0, 677.0]
[96.0, 0.0, 1000.0, 678.0]
[96.0, 0.0, 1001.0, 679.0]
[32.0, 0.0, 938.0, 680.0]
[0.0, 0.0, 907.0, 680.0]
[112.0, 0.0, 1020.0, 681.0]
[96.0, 0.0, 1005.0, 682.0]
[48.0, 0.0, 958.0, 682.0]
[112.0, 0.0, 1023.0, 683.0]
