[224.0, 0.0, 941.0, 538.0]
[192.0, 16.0, 910.0, 554.0]
[240.0, 0.0, 959.0, 539.0]
[112.0, 16.0, 832.0, 556.0]
[192.0, 16.0, 913.0, 557.0]
[80.0, 0.0, 802.0, 542.0]
[192.0, 16.0, 915.0, 558.0]
[208.0, 0.0, 932.0, 543.0]
[80.0, 0.0, 805.0, 544.0]
[144.0, 0.0, 870.0, 544.0]
[192.0, 0.0, 919.0, 545.0]
[80.0, 0.0, 808.0, 546.0]
[128.0, 0.0, 857.0, 547.0]
[96.0, 0.0, 826.0, 548.0]
[240.0, 0.0, 971.0, 548.0]
[144.0, 0.0, 876.0, 549.0]
[112.0, 0.0, 845.0, 550.0]
[192.0, 0.0, 926.0, 550.0]
[144.0, 0.0, 879.0, 551.0]
[112.0, 0.0, 848.0, 552.0]
[176.0, 0.0, 913.0, 553.0]
[112.0, 0.0, 850.0, 554.0]
[208.0, 0.0, 947.0, 554.0]
[112.0, 0.0, 852.0, 555.0]
[128.0, 0.0, 869.0, 556.0]
[224.0, 0.0, 966.0, 556.0]
[176.0, 0.0, 919.0, 557.0]
[176.0, 0.0, 920.0, 558.0]
