[208.0, 96.0, 949.0, 652.0]
[224.0, 48.0, 966.0, 604.0]
[176.0, 64.0, 919.0, 621.0]
[144.0, 32.0, 888.0, 590.0]
[64.0, 64.0, 809.0, 623.0]
[144.0, 48.0, 890.0, 608.0]
[96.0, 96.0, 843.0, 656.0]
[128.0, 32.0, 876.0, 593.0]
[112.0, 80.0, 861.0, 642.0]
[240.0, 48.0, 990.0, 610.0]
[160.0, 80.0, 911.0, 643.0]
[48.0, 48.0, 800.0, 612.0]
[64.0, 64.0, 817.0, 629.0]
[224.0, 32.0, 978.0, 598.0]
[208.0, 48.0, 963.0, 614.0]
[208.0, 48.0, 964.0, 615.0]
[240.0, 64.0, 997.0, 632.0]
[224.0, 64.0, 982.0, 632.0]
[64.0, 64.0, 823.0, 633.0]
[224.0, 16.0, 984.0, 586.0]
[160.0, 80.0, 921.0, 651.0]
[32.0, 80.0, 794.0, 652.0]
[128.0, 96.0, 891.0, 668.0]
[64.0, 16.0, 828.0, 589.0]
[192.0, 32.0, 957.0, 606.0]
[128.0, 48.0, 894.0, 622.0]
[176.0, 96.0, 943.0, 671.0]
[128.0, 16.0, 896.0, 592.0]
[32.0, 32.0, 801.0, 609.0]
[240.0, 64.0, 1010.0, 642.0]
[176.0, 16.0, 947.0, 594.0]
[192.0, 96.0, 964.0, 675.0]
[64.0, 32.0, 837.0, 612.0]
[192.0, 16.0, 966.0, 596.0]
[80.0, 48.0, 855.0, 629.0]
[48.0, 0.0, 824.0, 582.0]
[16.0, 80.0, 793.0, 663.0]
[32.0, 48.0, 810.0, 632.0]
[64.0, 64.0, 843.0, 648.0]
[144.0, 48.0, 924.0, 633.0]
[112.0, 48.0, 893.0, 634.0]
[96.0, 96.0, 878.0, 682.0]
[144.0, 64.0, 927.0, 651.0]
[240.0, 48.0, 1024.0, 636.0]
[192.0, 48.0, 977.0, 637.0]
[16.0, 16.0, 802.0, 606.0]
[160.0, 16.0, 947.0, 606.0]
[48.0, 48.0, 836.0, 639.0]
[64.0, 32.0, 853.0, 624.0]
[224.0, 80.0, 1014.0, 672.0]
[64.0, 0.0, 855.0, 593.0]
[208.0, 48.0, 1000.0, 642.0]
[128.0, 16.0, 921.0, 611.0]
[16.0, 16.0, 810.0, 612.0]
[32.0, 80.0, 827.0, 676.0]
[112.0, 0.0, 908.0, 597.0]
[80.0, 64.0, 877.0, 662.0]
[160.0, 0.0, 958.0, 598.0]
[224.0, 16.0, 1023.0, 615.0]
[112.0, 80.0, 912.0, 680.0]
[112.0, 80.0, 913.0, 681.0]
[208.0, 0.0, 1010.0, 602.0]
[112.0, 32.0, 915.0, 634.0]
[48.0, 0.0, 852.0, 603.0]
[64.0, 0.0, 869.0, 604.0]
[208.0, 16.0, 1014.0, 620.0]
[192.0, 32.0, 999.0, 637.0]
[144.0, 64.0, 952.0, 670.0]
[80.0, 0.0, 889.0, 607.0]
[64.0, 0.0, 874.0, 608.0]
[112.0, 64.0, 923.0, 672.0]
[96.0, 16.0, 908.0, 625.0]
[48.0, 32.0, 861.0, 642.0]
[160.0, 32.0, 974.0, 642.0]
[176.0, 0.0, 991.0, 611.0]
[144.0, 48.0, 960.0, 660.0]
[48.0, 16.0, 865.0, 629.0]
[0.0, 0.0, 818.0, 614.0]
[112.0, 16.0, 931.0, 630.0]
[0.0, 0.0, 820.0, 615.0]
[80.0, 16.0, 901.0, 632.0]
[128.0, 64.0, 950.0, 680.0]
[128.0, 48.0, 951.0, 665.0]
[48.0, 0.0, 872.0, 618.0]
[16.0, 48.0, 841.0, 667.0]
[160.0, 16.0, 986.0, 636.0]
[48.0, 32.0, 875.0, 652.0]
[64.0, 16.0, 892.0, 637.0]
[192.0, 16.0, 1021.0, 638.0]
[176.0, 32.0, 1006.0, 654.0]
[192.0, 0.0, 1023.0, 623.0]
[96.0, 16.0, 928.0, 640.0]
[144.0, 16.0, 977.0, 641.0]
[64.0, 0.0, 898.0, 626.0]
[16.0, 48.0, 851.0, 674.0]
[32.0, 48.0, 868.0, 675.0]
[160.0, 0.0, 997.0, 628.0]
[64.0, 32.0, 902.0, 660.0]
[16.0, 48.0, 855.0, 677.0]
[32.0, 16.0, 872.0, 646.0]
[112.0, 32.0, 953.0, 663.0]
[16.0, 48.0, 858.0, 680.0]
[32.0, 16.0, 875.0, 648.0]
[32.0, 32.0, 876.0, 665.0]
[160.0, 48.0, 1005.0, 682.0]
[176.0, 32.0, 1022.0, 666.0]
[96.0, 0.0, 943.0, 635.0]
[160.0, 48.0, 1008.0, 684.0]
[160.0, 32.0, 1009.0, 669.0]
[48.0, 32.0, 898.0, 670.0]
[64.0, 16.0, 915.0, 654.0]
[160.0, 32.0, 1012.0, 671.0]
[96.0, 0.0, 949.0, 640.0]
[80.0, 0.0, 934.0, 640.0]
[160.0, 32.0, 1015.0, 673.0]
[112.0, 0.0, 968.0, 642.0]
[16.0, 0.0, 873.0, 643.0]
[96.0, 32.0, 954.0, 676.0]
[128.0, 32.0, 987.0, 676.0]
[16.0, 16.0, 876.0, 661.0]
[80.0, 16.0, 941.0, 662.0]
[16.0, 32.0, 878.0, 678.0]
[144.0, 0.0, 1007.0, 647.0]
[128.0, 0.0, 992.0, 648.0]
[32.0, 16.0, 897.0, 665.0]
[48.0, 16.0, 914.0, 666.0]
[80.0, 32.0, 947.0, 682.0]
[80.0, 32.0, 948.0, 683.0]
[144.0, 0.0, 1013.0, 652.0]
[96.0, 0.0, 966.0, 652.0]
[128.0, 0.0, 999.0, 653.0]
[48.0, 16.0, 920.0, 670.0]
[64.0, 16.0, 937.0, 671.0]
[64.0, 0.0, 938.0, 656.0]
[16.0, 0.0, 891.0, 656.0]
[112.0, 0.0, 988.0, 657.0]
[64.0, 16.0, 941.0, 674.0]
[128.0, 16.0, 1006.0, 674.0]
[112.0, 0.0, 991.0, 659.0]
[128.0, 0.0, 1008.0, 660.0]
[64.0, 0.0, 945.0, 661.0]
[64.0, 0.0, 946.0, 662.0]
[112.0, 0.0, 995.0, 662.0]
[0.0, 0.0, 884.0, 663.0]
[32.0, 0.0, 917.0, 664.0]
[32.0, 16.0, 918.0, 680.0]
[80.0, 0.0, 967.0, 665.0]
[128.0, 16.0, 1016.0, 682.0]
[16.0, 0.0, 905.0, 667.0]
[80.0, 0.0, 970.0, 668.0]
[80.0, 0.0, 971.0, 668.0]
[64.0, 0.0, 956.0, 669.0]
[32.0, 0.0, 925.0, 670.0]
[128.0, 0.0, 1022.0, 670.0]
[80.0, 0.0, 975.0, 671.0]
[32.0, 0.0, 928.0, 672.0]
[0.0, 0.0, 897.0, 673.0]
[48.0, 0.0, 946.0, 674.0]
[0.0, 0.0, 899.0, 674.0]
[112.0, 0.0, 1012.0, 675.0]
[48.0, 0.0, 949.0, 676.0]
[48.0, 0.0, 950.0, 676.0]
[80.0, 0.0, 983.0, 677.0]
[112.0, 0.0, 1016.0, 678.0]
[96.0, 0.0, 1001.0, 679.0]
[64.0, 0.0, 970.0, 680.0]
[96.0, 0.0, 1003.0, 680.0]
[80.0, 0.0, 988.0, 681.0]
[64.0, 0.0, 973.0, 682.0]
[32.0, 0.0, 942.0, 682.0]
[64.0, 0.0, 975.0, 683.0]
[32.0, 0.0, 944.0, 684.0]
