[224.0, 0.0, 941.0, 538.0]
[240.0, 16.0, 958.0, 554.0]
[176.0, 16.0, 895.0, 555.0]
[224.0, 16.0, 944.0, 556.0]
[224.0, 32.0, 945.0, 573.0]
[208.0, 0.0, 930.0, 542.0]
[208.0, 32.0, 931.0, 574.0]
[192.0, 32.0, 916.0, 575.0]
[224.0, 16.0, 949.0, 560.0]
[224.0, 16.0, 950.0, 560.0]
[160.0, 0.0, 887.0, 545.0]
[192.0, 16.0, 920.0, 562.0]
[160.0, 0.0, 889.0, 547.0]
[176.0, 16.0, 906.0, 564.0]
[208.0, 0.0, 939.0, 548.0]
[224.0, 16.0, 956.0, 565.0]
[192.0, 16.0, 925.0, 566.0]
[208.0, 0.0, 942.0, 550.0]
[176.0, 0.0, 911.0, 551.0]
[176.0, 0.0, 912.0, 552.0]
[208.0, 0.0, 945.0, 553.0]
[208.0, 16.0, 946.0, 570.0]
[192.0, 16.0, 931.0, 570.0]
[192.0, 0.0, 932.0, 555.0]
[192.0, 16.0, 933.0, 572.0]
[208.0, 16.0, 950.0, 572.0]
[176.0, 16.0, 919.0, 573.0]
[192.0, 0.0, 936.0, 558.0]
[160.0, 16.0, 905.0, 575.0]
[176.0, 0.0, 922.0, 560.0]
[160.0, 0.0, 907.0, 560.0]
[176.0, 0.0, 924.0, 561.0]
