[160.0, 32.0, 877.0, 570.0]
[128.0, 64.0, 846.0, 602.0]
[176.0, 48.0, 895.0, 587.0]
[288.0, 64.0, 1008.0, 604.0]
[240.0, 32.0, 961.0, 573.0]
[288.0, 48.0, 1010.0, 590.0]
[80.0, 64.0, 803.0, 606.0]
[224.0, 80.0, 948.0, 623.0]
[224.0, 96.0, 949.0, 640.0]
[256.0, 80.0, 982.0, 624.0]
[80.0, 48.0, 807.0, 593.0]
[224.0, 16.0, 952.0, 562.0]
[224.0, 16.0, 953.0, 563.0]
[112.0, 80.0, 842.0, 628.0]
[112.0, 112.0, 843.0, 660.0]
[128.0, 96.0, 860.0, 645.0]
[224.0, 16.0, 957.0, 566.0]
[96.0, 64.0, 830.0, 614.0]
[176.0, 96.0, 911.0, 647.0]
[160.0, 96.0, 896.0, 648.0]
[128.0, 80.0, 865.0, 633.0]
[272.0, 64.0, 1010.0, 618.0]
[240.0, 32.0, 979.0, 586.0]
[272.0, 64.0, 1012.0, 619.0]
[240.0, 16.0, 981.0, 572.0]
[176.0, 64.0, 918.0, 620.0]
[144.0, 80.0, 887.0, 637.0]
[96.0, 96.0, 840.0, 654.0]
[112.0, 80.0, 857.0, 639.0]
[128.0, 0.0, 874.0, 560.0]
[176.0, 64.0, 923.0, 624.0]
[96.0, 32.0, 844.0, 593.0]
[112.0, 48.0, 861.0, 610.0]
[192.0, 48.0, 942.0, 610.0]
[192.0, 64.0, 943.0, 627.0]
[160.0, 48.0, 912.0, 612.0]
[240.0, 96.0, 993.0, 661.0]
[240.0, 48.0, 994.0, 614.0]
[208.0, 16.0, 963.0, 582.0]
[144.0, 96.0, 900.0, 663.0]
[256.0, 48.0, 1013.0, 616.0]
[128.0, 80.0, 886.0, 648.0]
[176.0, 32.0, 935.0, 601.0]
[128.0, 64.0, 888.0, 634.0]
[224.0, 64.0, 985.0, 635.0]
[160.0, 32.0, 922.0, 604.0]
[112.0, 64.0, 875.0, 636.0]
[176.0, 96.0, 940.0, 669.0]
[128.0, 32.0, 893.0, 606.0]
[112.0, 96.0, 878.0, 670.0]
[80.0, 32.0, 847.0, 607.0]
[144.0, 16.0, 912.0, 592.0]
[192.0, 32.0, 961.0, 609.0]
[144.0, 16.0, 914.0, 594.0]
[176.0, 0.0, 947.0, 578.0]
[176.0, 32.0, 948.0, 611.0]
[144.0, 48.0, 917.0, 628.0]
[112.0, 96.0, 886.0, 676.0]
[208.0, 16.0, 983.0, 597.0]
[176.0, 0.0, 952.0, 582.0]
[160.0, 48.0, 937.0, 631.0]
[208.0, 16.0, 986.0, 600.0]
[96.0, 96.0, 875.0, 680.0]
[160.0, 64.0, 940.0, 649.0]
[240.0, 16.0, 1021.0, 602.0]
[224.0, 64.0, 1006.0, 650.0]
[192.0, 48.0, 975.0, 635.0]
[128.0, 48.0, 912.0, 636.0]
[176.0, 64.0, 961.0, 653.0]
[160.0, 32.0, 946.0, 622.0]
[128.0, 64.0, 915.0, 654.0]
[112.0, 80.0, 900.0, 671.0]
[224.0, 64.0, 1013.0, 656.0]
[96.0, 32.0, 886.0, 624.0]
[208.0, 0.0, 999.0, 593.0]
[144.0, 0.0, 936.0, 594.0]
[112.0, 80.0, 905.0, 675.0]
[192.0, 80.0, 986.0, 676.0]
[160.0, 64.0, 955.0, 660.0]
[80.0, 32.0, 876.0, 629.0]
[144.0, 0.0, 941.0, 598.0]
[144.0, 48.0, 942.0, 646.0]
[208.0, 32.0, 1007.0, 631.0]
[208.0, 32.0, 1008.0, 632.0]
[112.0, 64.0, 913.0, 665.0]
[80.0, 0.0, 882.0, 602.0]
[144.0, 48.0, 947.0, 650.0]
[192.0, 0.0, 996.0, 603.0]
[160.0, 16.0, 965.0, 620.0]
[112.0, 32.0, 918.0, 636.0]
[144.0, 32.0, 951.0, 637.0]
[176.0, 64.0, 984.0, 670.0]
[112.0, 48.0, 921.0, 655.0]
[128.0, 48.0, 938.0, 656.0]
[160.0, 16.0, 971.0, 624.0]
[208.0, 0.0, 1020.0, 609.0]
[160.0, 64.0, 973.0, 674.0]
[80.0, 64.0, 894.0, 674.0]
[112.0, 64.0, 927.0, 675.0]
[112.0, 64.0, 928.0, 676.0]
[192.0, 0.0, 1009.0, 613.0]
[192.0, 0.0, 1010.0, 614.0]
[128.0, 0.0, 947.0, 614.0]
[128.0, 64.0, 948.0, 679.0]
[160.0, 0.0, 981.0, 616.0]
[96.0, 64.0, 918.0, 680.0]
[80.0, 48.0, 903.0, 665.0]
[80.0, 48.0, 904.0, 666.0]
[144.0, 64.0, 969.0, 683.0]
[128.0, 16.0, 954.0, 636.0]
[64.0, 32.0, 891.0, 652.0]
[192.0, 48.0, 1020.0, 669.0]
[128.0, 48.0, 957.0, 670.0]
[64.0, 32.0, 894.0, 654.0]
[96.0, 0.0, 927.0, 623.0]
[64.0, 16.0, 896.0, 640.0]
[128.0, 16.0, 961.0, 641.0]
[80.0, 32.0, 914.0, 658.0]
[144.0, 48.0, 979.0, 674.0]
[176.0, 48.0, 1012.0, 675.0]
[96.0, 0.0, 933.0, 628.0]
[144.0, 16.0, 982.0, 644.0]
[128.0, 32.0, 967.0, 661.0]
[144.0, 32.0, 984.0, 662.0]
[176.0, 16.0, 1017.0, 647.0]
[112.0, 48.0, 954.0, 680.0]
[80.0, 0.0, 923.0, 632.0]
[80.0, 32.0, 924.0, 665.0]
[144.0, 0.0, 989.0, 634.0]
[80.0, 0.0, 926.0, 634.0]
[128.0, 0.0, 975.0, 635.0]
[112.0, 32.0, 960.0, 668.0]
[96.0, 0.0, 945.0, 637.0]
[80.0, 32.0, 930.0, 670.0]
[96.0, 16.0, 947.0, 654.0]
[112.0, 0.0, 964.0, 639.0]
[80.0, 32.0, 933.0, 672.0]
[160.0, 0.0, 1014.0, 640.0]
[80.0, 16.0, 935.0, 657.0]
[160.0, 16.0, 1016.0, 658.0]
[80.0, 16.0, 937.0, 659.0]
[160.0, 0.0, 1018.0, 644.0]
[128.0, 0.0, 987.0, 644.0]
[144.0, 32.0, 1004.0, 677.0]
[96.0, 0.0, 957.0, 646.0]
[80.0, 0.0, 942.0, 646.0]
[112.0, 32.0, 975.0, 679.0]
[80.0, 0.0, 944.0, 648.0]
[80.0, 16.0, 945.0, 665.0]
[128.0, 16.0, 994.0, 666.0]
[128.0, 16.0, 995.0, 666.0]
[80.0, 0.0, 948.0, 651.0]
[144.0, 16.0, 1013.0, 668.0]
[96.0, 16.0, 966.0, 668.0]
[144.0, 16.0, 1015.0, 669.0]
[80.0, 16.0, 952.0, 670.0]
[128.0, 0.0, 1001.0, 655.0]
[112.0, 0.0, 986.0, 656.0]
[96.0, 0.0, 971.0, 656.0]
[96.0, 16.0, 972.0, 673.0]
[144.0, 16.0, 1021.0, 674.0]
[80.0, 16.0, 958.0, 674.0]
[128.0, 16.0, 1007.0, 675.0]
[144.0, 0.0, 1024.0, 660.0]
[112.0, 16.0, 993.0, 677.0]
[112.0, 0.0, 994.0, 662.0]
[96.0, 0.0, 979.0, 662.0]
[80.0, 0.0, 964.0, 663.0]
[96.0, 16.0, 981.0, 680.0]
[128.0, 16.0, 1014.0, 680.0]
[128.0, 16.0, 1015.0, 681.0]
[96.0, 0.0, 984.0, 666.0]
[96.0, 16.0, 985.0, 683.0]
[80.0, 0.0, 970.0, 668.0]
[96.0, 0.0, 987.0, 668.0]
[80.0, 0.0, 972.0, 669.0]
[80.0, 0.0, 973.0, 670.0]
[80.0, 0.0, 974.0, 670.0]
[112.0, 0.0, 1007.0, 671.0]
[128.0, 0.0, 1024.0, 672.0]
[80.0, 0.0, 977.0, 673.0]
[112.0, 0.0, 1010.0, 674.0]
[112.0, 0.0, 1011.0, 674.0]
[80.0, 0.0, 980.0, 675.0]
[112.0, 0.0, 1013.0, 676.0]
[96.0, 0.0, 998.0, 676.0]
[96.0, 0.0, 999.0, 677.0]
[80.0, 0.0, 984.0, 678.0]
[96.0, 0.0, 1001.0, 679.0]
[80.0, 0.0, 986.0, 680.0]
[112.0, 0.0, 1019.0, 680.0]
[96.0, 0.0, 1004.0, 681.0]
[112.0, 0.0, 1021.0, 682.0]
[80.0, 0.0, 990.0, 682.0]
[80.0, 0.0, 991.0, 683.0]
