[48.0, 208.0, 604.0, 949.0]
[32.0, 208.0, 588.0, 950.0]
[32.0, 176.0, 589.0, 919.0]
[64.0, 144.0, 622.0, 888.0]
[96.0, 176.0, 655.0, 921.0]
[48.0, 64.0, 608.0, 810.0]
[96.0, 112.0, 656.0, 859.0]
[48.0, 240.0, 609.0, 988.0]
[64.0, 192.0, 626.0, 941.0]
[32.0, 112.0, 594.0, 862.0]
[32.0, 208.0, 595.0, 959.0]
[80.0, 176.0, 644.0, 928.0]
[64.0, 80.0, 629.0, 833.0]
[80.0, 128.0, 646.0, 882.0]
[32.0, 176.0, 598.0, 931.0]
[80.0, 128.0, 647.0, 884.0]
[64.0, 224.0, 632.0, 981.0]
[48.0, 144.0, 616.0, 902.0]
[80.0, 224.0, 649.0, 983.0]
[32.0, 240.0, 602.0, 1000.0]
[32.0, 240.0, 603.0, 1001.0]
[32.0, 176.0, 604.0, 938.0]
[64.0, 64.0, 636.0, 827.0]
[32.0, 80.0, 605.0, 844.0]
[32.0, 64.0, 606.0, 829.0]
[80.0, 80.0, 654.0, 846.0]
[16.0, 48.0, 591.0, 815.0]
[64.0, 64.0, 640.0, 832.0]
[16.0, 176.0, 593.0, 945.0]
[32.0, 240.0, 610.0, 1010.0]
[48.0, 64.0, 626.0, 835.0]
[80.0, 128.0, 659.0, 900.0]
[32.0, 48.0, 612.0, 821.0]
[64.0, 176.0, 644.0, 950.0]
[48.0, 160.0, 629.0, 935.0]
[64.0, 48.0, 646.0, 824.0]
[48.0, 96.0, 631.0, 873.0]
[80.0, 208.0, 664.0, 986.0]
[80.0, 160.0, 664.0, 939.0]
[0.0, 64.0, 585.0, 844.0]
[16.0, 16.0, 602.0, 797.0]
[16.0, 224.0, 602.0, 1006.0]
[16.0, 64.0, 603.0, 847.0]
[16.0, 128.0, 604.0, 912.0]
[32.0, 16.0, 621.0, 801.0]
[80.0, 192.0, 670.0, 978.0]
[48.0, 112.0, 638.0, 899.0]
[64.0, 96.0, 655.0, 884.0]
[64.0, 96.0, 656.0, 885.0]
[80.0, 48.0, 672.0, 838.0]
[16.0, 128.0, 609.0, 919.0]
[32.0, 48.0, 626.0, 840.0]
[64.0, 96.0, 659.0, 889.0]
[48.0, 224.0, 644.0, 1018.0]
[16.0, 112.0, 612.0, 907.0]
[16.0, 48.0, 613.0, 844.0]
[0.0, 80.0, 598.0, 877.0]
[48.0, 16.0, 646.0, 814.0]
[64.0, 192.0, 663.0, 991.0]
[80.0, 16.0, 680.0, 816.0]
[64.0, 80.0, 665.0, 881.0]
[64.0, 160.0, 666.0, 962.0]
[48.0, 160.0, 650.0, 963.0]
[48.0, 176.0, 651.0, 980.0]
[16.0, 144.0, 620.0, 949.0]
[32.0, 176.0, 636.0, 982.0]
[16.0, 96.0, 621.0, 903.0]
[64.0, 0.0, 670.0, 808.0]
[0.0, 160.0, 607.0, 969.0]
[48.0, 96.0, 656.0, 906.0]
[64.0, 80.0, 672.0, 891.0]
[64.0, 0.0, 673.0, 812.0]
[0.0, 128.0, 610.0, 941.0]
[16.0, 176.0, 626.0, 990.0]
[0.0, 80.0, 611.0, 895.0]
[16.0, 64.0, 628.0, 880.0]
[16.0, 0.0, 629.0, 817.0]
[32.0, 80.0, 646.0, 898.0]
[32.0, 144.0, 646.0, 963.0]
[48.0, 0.0, 663.0, 820.0]
[0.0, 0.0, 616.0, 821.0]
[32.0, 48.0, 648.0, 870.0]
[0.0, 48.0, 617.0, 871.0]
[32.0, 16.0, 650.0, 840.0]
[64.0, 64.0, 683.0, 889.0]
[32.0, 0.0, 652.0, 826.0]
[48.0, 112.0, 668.0, 939.0]
[48.0, 176.0, 669.0, 1004.0]
[16.0, 112.0, 638.0, 941.0]
[16.0, 112.0, 638.0, 942.0]
[0.0, 80.0, 623.0, 911.0]
[32.0, 0.0, 656.0, 832.0]
[0.0, 160.0, 625.0, 993.0]
[16.0, 176.0, 642.0, 1010.0]
[32.0, 64.0, 658.0, 899.0]
[48.0, 32.0, 675.0, 868.0]
[48.0, 144.0, 676.0, 981.0]
[16.0, 128.0, 644.0, 966.0]
[16.0, 112.0, 645.0, 951.0]
[16.0, 0.0, 646.0, 840.0]
[16.0, 16.0, 647.0, 857.0]
[0.0, 144.0, 632.0, 986.0]
[32.0, 16.0, 664.0, 859.0]
[0.0, 112.0, 633.0, 956.0]
[0.0, 112.0, 634.0, 957.0]
[16.0, 48.0, 650.0, 894.0]
[32.0, 160.0, 667.0, 1007.0]
[32.0, 32.0, 668.0, 880.0]
[0.0, 160.0, 637.0, 1009.0]
[16.0, 0.0, 654.0, 850.0]
[16.0, 144.0, 654.0, 995.0]
[16.0, 32.0, 655.0, 884.0]
[16.0, 32.0, 656.0, 885.0]
[16.0, 112.0, 656.0, 966.0]
[16.0, 128.0, 657.0, 983.0]
[16.0, 144.0, 658.0, 1000.0]
[16.0, 160.0, 659.0, 1017.0]
[16.0, 32.0, 660.0, 890.0]
[32.0, 144.0, 676.0, 1003.0]
[32.0, 0.0, 677.0, 860.0]
[0.0, 16.0, 646.0, 877.0]
[0.0, 0.0, 646.0, 862.0]
[0.0, 32.0, 647.0, 895.0]
[16.0, 96.0, 664.0, 960.0]
[32.0, 32.0, 681.0, 897.0]
[0.0, 80.0, 650.0, 946.0]
[0.0, 64.0, 650.0, 931.0]
[32.0, 48.0, 683.0, 916.0]
[16.0, 32.0, 668.0, 901.0]
[16.0, 80.0, 668.0, 950.0]
[0.0, 80.0, 653.0, 951.0]
[16.0, 48.0, 670.0, 920.0]
[16.0, 16.0, 671.0, 889.0]
[16.0, 128.0, 672.0, 1002.0]
[0.0, 128.0, 656.0, 1003.0]
[16.0, 128.0, 673.0, 1004.0]
[16.0, 64.0, 674.0, 941.0]
[16.0, 128.0, 674.0, 1006.0]
[0.0, 144.0, 659.0, 1023.0]
[0.0, 80.0, 660.0, 960.0]
[0.0, 96.0, 661.0, 977.0]
[0.0, 128.0, 662.0, 1010.0]
[16.0, 0.0, 678.0, 883.0]
[0.0, 128.0, 663.0, 1012.0]
[16.0, 32.0, 680.0, 917.0]
[0.0, 96.0, 664.0, 982.0]
[0.0, 128.0, 665.0, 1015.0]
[16.0, 0.0, 682.0, 888.0]
[16.0, 64.0, 683.0, 953.0]
[16.0, 48.0, 684.0, 938.0]
[16.0, 32.0, 684.0, 923.0]
[0.0, 16.0, 669.0, 908.0]
[0.0, 128.0, 670.0, 1021.0]
[0.0, 64.0, 670.0, 958.0]
[0.0, 64.0, 671.0, 959.0]
[0.0, 32.0, 672.0, 928.0]
[0.0, 64.0, 673.0, 961.0]
[0.0, 0.0, 674.0, 898.0]
[0.0, 64.0, 674.0, 963.0]
[0.0, 16.0, 675.0, 916.0]
[0.0, 32.0, 676.0, 933.0]
[0.0, 16.0, 676.0, 918.0]
[0.0, 80.0, 677.0, 983.0]
[0.0, 32.0, 678.0, 936.0]
[0.0, 0.0, 679.0, 905.0]
[0.0, 0.0, 680.0, 906.0]
[0.0, 64.0, 680.0, 971.0]
[0.0, 64.0, 681.0, 972.0]
[0.0, 32.0, 682.0, 941.0]
[0.0, 96.0, 682.0, 1006.0]
[0.0, 96.0, 683.0, 1007.0]
[0.0, 112.0, 684.0, 1024.0]
