[48.0, 128.0, 776.0, 674.0]
[48.0, 128.0, 777.0, 675.0]
[128.0, 112.0, 858.0, 660.0]
[80.0, 48.0, 811.0, 596.0]
[64.0, 32.0, 796.0, 581.0]
[128.0, 128.0, 861.0, 678.0]
[112.0, 96.0, 846.0, 646.0]
[64.0, 48.0, 799.0, 599.0]
[96.0, 112.0, 832.0, 664.0]
[32.0, 64.0, 769.0, 617.0]
[48.0, 48.0, 786.0, 602.0]
[80.0, 48.0, 819.0, 602.0]
[80.0, 144.0, 820.0, 699.0]
[48.0, 144.0, 789.0, 700.0]
[64.0, 144.0, 806.0, 700.0]
[80.0, 112.0, 823.0, 669.0]
[144.0, 48.0, 888.0, 606.0]
[96.0, 144.0, 841.0, 703.0]
[48.0, 128.0, 794.0, 688.0]
[80.0, 32.0, 827.0, 592.0]
[144.0, 112.0, 892.0, 673.0]
[64.0, 16.0, 813.0, 578.0]
[144.0, 128.0, 894.0, 690.0]
[64.0, 80.0, 815.0, 643.0]
[16.0, 112.0, 768.0, 676.0]
[80.0, 32.0, 833.0, 597.0]
[128.0, 96.0, 882.0, 662.0]
[16.0, 80.0, 771.0, 646.0]
[128.0, 112.0, 884.0, 679.0]
[80.0, 32.0, 837.0, 600.0]
[128.0, 96.0, 886.0, 664.0]
[144.0, 16.0, 903.0, 585.0]
[80.0, 16.0, 840.0, 586.0]
[112.0, 80.0, 873.0, 651.0]
[64.0, 16.0, 826.0, 588.0]
[96.0, 144.0, 859.0, 716.0]
[32.0, 96.0, 796.0, 669.0]
[48.0, 80.0, 813.0, 654.0]
[80.0, 64.0, 846.0, 638.0]
[128.0, 0.0, 895.0, 575.0]
[64.0, 32.0, 832.0, 608.0]
[0.0, 112.0, 769.0, 689.0]
[96.0, 16.0, 866.0, 594.0]
[48.0, 80.0, 819.0, 658.0]
[0.0, 96.0, 772.0, 675.0]
[16.0, 128.0, 789.0, 708.0]
[32.0, 96.0, 806.0, 676.0]
[48.0, 128.0, 823.0, 709.0]
[112.0, 0.0, 888.0, 582.0]
[80.0, 128.0, 857.0, 711.0]
[96.0, 64.0, 874.0, 648.0]
[16.0, 96.0, 795.0, 680.0]
[96.0, 96.0, 876.0, 681.0]
[80.0, 112.0, 861.0, 698.0]
[48.0, 80.0, 830.0, 666.0]
[96.0, 128.0, 879.0, 715.0]
[32.0, 48.0, 816.0, 636.0]
[0.0, 112.0, 785.0, 701.0]
[48.0, 80.0, 834.0, 670.0]
[32.0, 112.0, 819.0, 702.0]
[144.0, 96.0, 932.0, 687.0]
[96.0, 80.0, 885.0, 672.0]
[80.0, 48.0, 870.0, 640.0]
[144.0, 112.0, 935.0, 705.0]
[96.0, 48.0, 888.0, 642.0]
[128.0, 64.0, 921.0, 659.0]
[80.0, 48.0, 874.0, 644.0]
[144.0, 112.0, 939.0, 708.0]
[48.0, 16.0, 844.0, 613.0]
[96.0, 112.0, 893.0, 710.0]
[128.0, 96.0, 926.0, 694.0]
[160.0, 32.0, 959.0, 631.0]
[0.0, 96.0, 800.0, 696.0]
[48.0, 16.0, 849.0, 617.0]
[48.0, 80.0, 850.0, 682.0]
[144.0, 80.0, 947.0, 682.0]
[16.0, 80.0, 820.0, 683.0]
[160.0, 96.0, 965.0, 700.0]
[32.0, 80.0, 838.0, 684.0]
[160.0, 32.0, 967.0, 637.0]
[32.0, 32.0, 840.0, 638.0]
[32.0, 80.0, 841.0, 687.0]
[128.0, 80.0, 938.0, 688.0]
[160.0, 16.0, 971.0, 624.0]
[80.0, 32.0, 892.0, 641.0]
[160.0, 16.0, 973.0, 626.0]
[96.0, 112.0, 910.0, 722.0]
[0.0, 0.0, 815.0, 611.0]
[64.0, 0.0, 880.0, 612.0]
[0.0, 0.0, 817.0, 613.0]
[112.0, 16.0, 930.0, 630.0]
[112.0, 32.0, 931.0, 646.0]
[176.0, 64.0, 996.0, 679.0]
[80.0, 80.0, 901.0, 696.0]
[48.0, 48.0, 870.0, 664.0]
[0.0, 80.0, 823.0, 697.0]
[144.0, 16.0, 968.0, 634.0]
[80.0, 32.0, 905.0, 651.0]
[160.0, 80.0, 986.0, 700.0]
[112.0, 64.0, 939.0, 684.0]
[96.0, 16.0, 924.0, 637.0]
[16.0, 16.0, 845.0, 638.0]
[64.0, 64.0, 894.0, 686.0]
[176.0, 48.0, 1007.0, 671.0]
[160.0, 64.0, 992.0, 688.0]
[128.0, 48.0, 961.0, 673.0]
[0.0, 48.0, 834.0, 674.0]
[80.0, 64.0, 915.0, 690.0]
[32.0, 32.0, 868.0, 659.0]
[0.0, 16.0, 837.0, 644.0]
[160.0, 64.0, 998.0, 692.0]
[0.0, 0.0, 839.0, 629.0]
[32.0, 32.0, 872.0, 662.0]
[128.0, 64.0, 969.0, 695.0]
[144.0, 16.0, 986.0, 648.0]
[144.0, 16.0, 987.0, 648.0]
[48.0, 32.0, 892.0, 665.0]
[160.0, 64.0, 1005.0, 698.0]
[0.0, 32.0, 846.0, 666.0]
[32.0, 64.0, 879.0, 699.0]
[32.0, 16.0, 880.0, 652.0]
[96.0, 32.0, 945.0, 669.0]
[112.0, 80.0, 962.0, 718.0]
[32.0, 0.0, 883.0, 638.0]
[80.0, 80.0, 932.0, 719.0]
[48.0, 0.0, 901.0, 640.0]
[0.0, 16.0, 854.0, 656.0]
[160.0, 16.0, 1015.0, 657.0]
[144.0, 48.0, 1000.0, 690.0]
[80.0, 32.0, 937.0, 675.0]
[32.0, 80.0, 890.0, 724.0]
[0.0, 32.0, 859.0, 676.0]
[0.0, 48.0, 860.0, 693.0]
[144.0, 32.0, 1005.0, 678.0]
[96.0, 64.0, 958.0, 710.0]
[80.0, 48.0, 943.0, 695.0]
[32.0, 0.0, 896.0, 648.0]
[16.0, 0.0, 881.0, 649.0]
[112.0, 0.0, 978.0, 650.0]
[112.0, 0.0, 979.0, 650.0]
[96.0, 64.0, 964.0, 715.0]
[64.0, 32.0, 933.0, 684.0]
[64.0, 48.0, 934.0, 700.0]
[48.0, 48.0, 919.0, 701.0]
[64.0, 48.0, 936.0, 702.0]
[112.0, 64.0, 985.0, 719.0]
[32.0, 64.0, 906.0, 720.0]
[0.0, 0.0, 875.0, 656.0]
[32.0, 48.0, 908.0, 705.0]
[112.0, 16.0, 989.0, 674.0]
[16.0, 0.0, 894.0, 658.0]
[64.0, 32.0, 943.0, 691.0]
[48.0, 48.0, 928.0, 708.0]
[128.0, 32.0, 1009.0, 693.0]
[0.0, 48.0, 882.0, 710.0]
[64.0, 32.0, 947.0, 694.0]
[16.0, 48.0, 900.0, 711.0]
[128.0, 32.0, 1013.0, 696.0]
[0.0, 0.0, 886.0, 664.0]
[64.0, 48.0, 951.0, 713.0]
[64.0, 32.0, 952.0, 698.0]
[128.0, 16.0, 1017.0, 683.0]
[64.0, 32.0, 954.0, 700.0]
[80.0, 16.0, 971.0, 684.0]
[16.0, 16.0, 908.0, 685.0]
[0.0, 16.0, 893.0, 686.0]
[112.0, 16.0, 1006.0, 686.0]
[64.0, 16.0, 959.0, 687.0]
[0.0, 16.0, 896.0, 688.0]
[0.0, 0.0, 897.0, 673.0]
[32.0, 16.0, 930.0, 690.0]
[48.0, 0.0, 947.0, 674.0]
[80.0, 16.0, 980.0, 691.0]
[16.0, 16.0, 917.0, 692.0]
[16.0, 32.0, 918.0, 708.0]
[32.0, 16.0, 935.0, 693.0]
[112.0, 0.0, 1016.0, 678.0]
[96.0, 32.0, 1001.0, 711.0]
[48.0, 32.0, 954.0, 712.0]
[48.0, 32.0, 955.0, 712.0]
[64.0, 0.0, 972.0, 681.0]
[16.0, 0.0, 925.0, 682.0]
[80.0, 16.0, 990.0, 698.0]
[64.0, 0.0, 975.0, 683.0]
[16.0, 0.0, 928.0, 684.0]
[32.0, 32.0, 945.0, 717.0]
[64.0, 0.0, 978.0, 686.0]
[96.0, 0.0, 1011.0, 686.0]
[64.0, 16.0, 980.0, 703.0]
[0.0, 16.0, 917.0, 704.0]
[96.0, 16.0, 1014.0, 704.0]
[16.0, 0.0, 935.0, 689.0]
[64.0, 16.0, 984.0, 706.0]
[80.0, 0.0, 1001.0, 691.0]
[0.0, 0.0, 922.0, 692.0]
[0.0, 16.0, 923.0, 708.0]
[32.0, 0.0, 956.0, 693.0]
[16.0, 0.0, 941.0, 694.0]
[64.0, 16.0, 990.0, 710.0]
[16.0, 16.0, 943.0, 711.0]
[32.0, 0.0, 960.0, 696.0]
[64.0, 0.0, 993.0, 697.0]
[64.0, 0.0, 994.0, 698.0]
[0.0, 0.0, 931.0, 698.0]
[16.0, 16.0, 948.0, 715.0]
[16.0, 16.0, 949.0, 716.0]
[48.0, 16.0, 982.0, 716.0]
[16.0, 16.0, 951.0, 717.0]
[80.0, 16.0, 1016.0, 718.0]
[32.0, 0.0, 969.0, 703.0]
[48.0, 16.0, 986.0, 720.0]
[16.0, 0.0, 955.0, 704.0]
[16.0, 0.0, 956.0, 705.0]
[64.0, 16.0, 1005.0, 722.0]
[64.0, 0.0, 1006.0, 706.0]
[80.0, 16.0, 1023.0, 723.0]
[32.0, 0.0, 976.0, 708.0]
[32.0, 0.0, 977.0, 709.0]
[48.0, 0.0, 994.0, 710.0]
[32.0, 0.0, 979.0, 710.0]
[32.0, 0.0, 980.0, 711.0]
[16.0, 0.0, 965.0, 712.0]
[16.0, 0.0, 966.0, 712.0]
[64.0, 0.0, 1015.0, 713.0]
[64.0, 0.0, 1016.0, 714.0]
[32.0, 0.0, 985.0, 715.0]
[16.0, 0.0, 970.0, 716.0]
[0.0, 0.0, 955.0, 716.0]
[64.0, 0.0, 1020.0, 717.0]
[0.0, 0.0, 957.0, 718.0]
[48.0, 0.0, 1006.0, 718.0]
[32.0, 0.0, 991.0, 719.0]
[16.0, 0.0, 976.0, 720.0]
[32.0, 0.0, 993.0, 721.0]
[48.0, 0.0, 1010.0, 722.0]
[32.0, 0.0, 995.0, 722.0]
[48.0, 0.0, 1012.0, 723.0]
[32.0, 0.0, 997.0, 724.0]
[16.0, 0.0, 982.0, 724.0]
