[176.0, 176.0, 893.0, 714.0]
[64.0, 160.0, 782.0, 698.0]
[240.0, 160.0, 959.0, 699.0]
[208.0, 192.0, 928.0, 732.0]
[240.0, 160.0, 961.0, 701.0]
[32.0, 192.0, 754.0, 734.0]
[112.0, 192.0, 835.0, 734.0]
[144.0, 176.0, 868.0, 719.0]
[176.0, 192.0, 901.0, 736.0]
[256.0, 192.0, 982.0, 736.0]
[176.0, 176.0, 903.0, 721.0]
[128.0, 160.0, 856.0, 706.0]
[80.0, 176.0, 809.0, 723.0]
[80.0, 160.0, 810.0, 708.0]
[240.0, 144.0, 971.0, 692.0]
[144.0, 144.0, 876.0, 693.0]
[64.0, 192.0, 797.0, 742.0]
[112.0, 192.0, 846.0, 742.0]
[144.0, 192.0, 879.0, 743.0]
[144.0, 192.0, 880.0, 744.0]
[256.0, 176.0, 993.0, 729.0]
[176.0, 176.0, 914.0, 730.0]
[144.0, 176.0, 883.0, 730.0]
[208.0, 192.0, 948.0, 747.0]
[80.0, 192.0, 821.0, 748.0]
[96.0, 176.0, 838.0, 732.0]
[224.0, 176.0, 967.0, 733.0]
[64.0, 192.0, 808.0, 750.0]
[176.0, 144.0, 921.0, 703.0]
[160.0, 144.0, 906.0, 704.0]
[240.0, 176.0, 987.0, 736.0]
[48.0, 176.0, 796.0, 737.0]
[240.0, 160.0, 989.0, 722.0]
[240.0, 160.0, 990.0, 722.0]
[96.0, 176.0, 847.0, 739.0]
[224.0, 144.0, 976.0, 708.0]
[128.0, 144.0, 881.0, 709.0]
[144.0, 176.0, 898.0, 742.0]
[96.0, 176.0, 851.0, 742.0]
[208.0, 144.0, 964.0, 711.0]
[208.0, 176.0, 965.0, 744.0]
[80.0, 144.0, 838.0, 712.0]
[192.0, 128.0, 951.0, 697.0]
[16.0, 144.0, 776.0, 714.0]
[208.0, 192.0, 969.0, 763.0]
[240.0, 144.0, 1002.0, 716.0]
[16.0, 176.0, 779.0, 748.0]
[0.0, 176.0, 764.0, 749.0]
[144.0, 144.0, 909.0, 718.0]
[160.0, 192.0, 926.0, 766.0]
[16.0, 144.0, 783.0, 719.0]
[16.0, 176.0, 784.0, 752.0]
[240.0, 176.0, 1009.0, 753.0]
[224.0, 176.0, 994.0, 754.0]
[0.0, 160.0, 771.0, 738.0]
[208.0, 112.0, 980.0, 691.0]
[80.0, 176.0, 853.0, 756.0]
[160.0, 176.0, 934.0, 756.0]
[96.0, 128.0, 871.0, 709.0]
[112.0, 176.0, 888.0, 758.0]
[128.0, 128.0, 905.0, 711.0]
[16.0, 176.0, 794.0, 760.0]
[192.0, 128.0, 971.0, 712.0]
[32.0, 160.0, 812.0, 745.0]
[64.0, 144.0, 845.0, 730.0]
[48.0, 128.0, 830.0, 714.0]
[160.0, 176.0, 943.0, 763.0]
[224.0, 160.0, 1008.0, 748.0]
[128.0, 128.0, 913.0, 717.0]
[48.0, 160.0, 834.0, 750.0]
[80.0, 144.0, 867.0, 734.0]
[80.0, 160.0, 868.0, 751.0]
[96.0, 176.0, 885.0, 768.0]
[32.0, 160.0, 822.0, 752.0]
[208.0, 160.0, 999.0, 753.0]
[160.0, 128.0, 952.0, 722.0]
[96.0, 112.0, 889.0, 707.0]
[16.0, 128.0, 810.0, 724.0]
[144.0, 128.0, 939.0, 724.0]
[160.0, 128.0, 956.0, 725.0]
[128.0, 144.0, 925.0, 742.0]
[48.0, 128.0, 846.0, 726.0]
[80.0, 144.0, 879.0, 743.0]
[112.0, 96.0, 912.0, 696.0]
[96.0, 96.0, 897.0, 697.0]
[176.0, 112.0, 978.0, 714.0]
[32.0, 160.0, 835.0, 762.0]
[48.0, 160.0, 852.0, 763.0]
[112.0, 144.0, 917.0, 748.0]
[160.0, 96.0, 966.0, 700.0]
[64.0, 80.0, 871.0, 685.0]
[64.0, 96.0, 872.0, 702.0]
[32.0, 144.0, 841.0, 751.0]
[16.0, 144.0, 826.0, 752.0]
[192.0, 112.0, 1003.0, 720.0]
[0.0, 128.0, 812.0, 737.0]
[160.0, 144.0, 973.0, 754.0]
[96.0, 96.0, 910.0, 706.0]
[64.0, 144.0, 879.0, 755.0]
[128.0, 96.0, 944.0, 708.0]
[16.0, 96.0, 833.0, 709.0]
[80.0, 128.0, 898.0, 742.0]
[96.0, 144.0, 915.0, 758.0]
[160.0, 144.0, 980.0, 759.0]
[176.0, 80.0, 997.0, 696.0]
[96.0, 96.0, 918.0, 712.0]
[64.0, 96.0, 887.0, 713.0]
[160.0, 144.0, 984.0, 762.0]
[128.0, 112.0, 953.0, 731.0]
[160.0, 80.0, 986.0, 700.0]
[144.0, 80.0, 971.0, 700.0]
[32.0, 96.0, 860.0, 717.0]
[128.0, 96.0, 957.0, 718.0]
[48.0, 64.0, 878.0, 686.0]
[64.0, 96.0, 895.0, 719.0]
[0.0, 144.0, 832.0, 768.0]
[144.0, 80.0, 977.0, 705.0]
[144.0, 96.0, 978.0, 722.0]
[112.0, 80.0, 947.0, 706.0]
[128.0, 112.0, 964.0, 739.0]
[80.0, 112.0, 917.0, 740.0]
[32.0, 96.0, 870.0, 724.0]
[96.0, 96.0, 935.0, 725.0]
[128.0, 64.0, 968.0, 694.0]
[112.0, 80.0, 953.0, 711.0]
[144.0, 96.0, 986.0, 728.0]
[128.0, 80.0, 971.0, 712.0]
[176.0, 80.0, 1020.0, 713.0]
[0.0, 96.0, 845.0, 730.0]
[80.0, 112.0, 926.0, 746.0]
[48.0, 80.0, 895.0, 715.0]
[112.0, 128.0, 960.0, 764.0]
[32.0, 96.0, 881.0, 733.0]
[16.0, 112.0, 866.0, 750.0]
[16.0, 112.0, 867.0, 750.0]
[96.0, 80.0, 948.0, 719.0]
[96.0, 64.0, 949.0, 704.0]
[16.0, 64.0, 870.0, 704.0]
[112.0, 48.0, 967.0, 689.0]
[96.0, 64.0, 952.0, 706.0]
[80.0, 112.0, 937.0, 755.0]
[128.0, 48.0, 986.0, 692.0]
[128.0, 48.0, 987.0, 692.0]
[32.0, 64.0, 892.0, 709.0]
[64.0, 48.0, 925.0, 694.0]
[48.0, 112.0, 910.0, 758.0]
[64.0, 112.0, 927.0, 759.0]
[0.0, 112.0, 864.0, 760.0]
[0.0, 96.0, 865.0, 745.0]
[128.0, 64.0, 994.0, 714.0]
[128.0, 64.0, 995.0, 714.0]
[96.0, 96.0, 964.0, 747.0]
[32.0, 64.0, 901.0, 716.0]
[16.0, 112.0, 886.0, 764.0]
[112.0, 80.0, 983.0, 733.0]
[32.0, 112.0, 904.0, 766.0]
[144.0, 112.0, 1017.0, 767.0]
[96.0, 32.0, 970.0, 688.0]
[80.0, 32.0, 955.0, 688.0]
[32.0, 64.0, 908.0, 721.0]
[112.0, 96.0, 989.0, 754.0]
[48.0, 48.0, 926.0, 706.0]
[128.0, 80.0, 1007.0, 739.0]
[96.0, 64.0, 976.0, 724.0]
[48.0, 48.0, 929.0, 709.0]
[16.0, 80.0, 898.0, 742.0]
[48.0, 96.0, 931.0, 758.0]
[128.0, 80.0, 1012.0, 743.0]
[64.0, 32.0, 949.0, 696.0]
[16.0, 80.0, 902.0, 744.0]
[112.0, 48.0, 999.0, 713.0]
[48.0, 80.0, 936.0, 746.0]
[80.0, 96.0, 969.0, 763.0]
[80.0, 64.0, 970.0, 732.0]
[80.0, 32.0, 971.0, 700.0]
[112.0, 32.0, 1004.0, 701.0]
[80.0, 32.0, 973.0, 702.0]
[64.0, 32.0, 958.0, 702.0]
[128.0, 64.0, 1023.0, 735.0]
[128.0, 48.0, 1024.0, 720.0]
[48.0, 80.0, 945.0, 753.0]
[48.0, 64.0, 946.0, 738.0]
[0.0, 64.0, 899.0, 738.0]
[32.0, 32.0, 932.0, 707.0]
[0.0, 64.0, 901.0, 740.0]
[80.0, 64.0, 982.0, 740.0]
[80.0, 16.0, 983.0, 693.0]
[112.0, 32.0, 1016.0, 710.0]
[112.0, 48.0, 1017.0, 727.0]
[64.0, 32.0, 970.0, 712.0]
[112.0, 32.0, 1019.0, 712.0]
[80.0, 48.0, 988.0, 729.0]
[16.0, 48.0, 925.0, 730.0]
[64.0, 48.0, 974.0, 730.0]
[96.0, 80.0, 1007.0, 763.0]
[48.0, 32.0, 960.0, 716.0]
[80.0, 48.0, 993.0, 733.0]
[0.0, 64.0, 914.0, 750.0]
[64.0, 16.0, 979.0, 702.0]
[0.0, 48.0, 916.0, 735.0]
[48.0, 0.0, 965.0, 688.0]
[16.0, 16.0, 934.0, 704.0]
[16.0, 16.0, 935.0, 705.0]
[64.0, 0.0, 984.0, 690.0]
[48.0, 32.0, 969.0, 723.0]
[16.0, 48.0, 938.0, 740.0]
[64.0, 0.0, 987.0, 692.0]
[64.0, 32.0, 988.0, 725.0]
[32.0, 16.0, 957.0, 710.0]
[32.0, 32.0, 958.0, 726.0]
[96.0, 64.0, 1023.0, 759.0]
[96.0, 16.0, 1024.0, 712.0]
[16.0, 64.0, 945.0, 761.0]
[48.0, 0.0, 978.0, 698.0]
[80.0, 16.0, 1011.0, 714.0]
[80.0, 16.0, 1012.0, 715.0]
[48.0, 0.0, 981.0, 700.0]
[16.0, 16.0, 950.0, 716.0]
[64.0, 64.0, 999.0, 765.0]
[32.0, 64.0, 968.0, 766.0]
[32.0, 48.0, 969.0, 751.0]
[16.0, 64.0, 954.0, 768.0]
[48.0, 0.0, 987.0, 704.0]
[32.0, 16.0, 972.0, 721.0]
[48.0, 48.0, 989.0, 754.0]
[48.0, 32.0, 990.0, 738.0]
[48.0, 48.0, 991.0, 755.0]
[32.0, 32.0, 976.0, 740.0]
[16.0, 0.0, 961.0, 709.0]
[16.0, 16.0, 962.0, 726.0]
[64.0, 32.0, 1011.0, 742.0]
[16.0, 32.0, 964.0, 743.0]
[32.0, 16.0, 981.0, 728.0]
[32.0, 48.0, 982.0, 760.0]
[32.0, 48.0, 983.0, 761.0]
[32.0, 32.0, 984.0, 746.0]
[16.0, 16.0, 969.0, 731.0]
[64.0, 16.0, 1018.0, 732.0]
[0.0, 0.0, 955.0, 716.0]
[48.0, 48.0, 1004.0, 765.0]
[48.0, 16.0, 1005.0, 734.0]
[32.0, 16.0, 990.0, 734.0]
[32.0, 0.0, 991.0, 719.0]
[64.0, 32.0, 1024.0, 752.0]
[0.0, 32.0, 961.0, 753.0]
[0.0, 0.0, 962.0, 722.0]
[48.0, 0.0, 1011.0, 722.0]
[32.0, 16.0, 996.0, 739.0]
[16.0, 0.0, 981.0, 724.0]
[16.0, 16.0, 982.0, 740.0]
[0.0, 0.0, 967.0, 725.0]
[0.0, 32.0, 968.0, 758.0]
[16.0, 0.0, 985.0, 727.0]
[48.0, 0.0, 1018.0, 728.0]
[32.0, 0.0, 1003.0, 728.0]
[32.0, 16.0, 1004.0, 745.0]
[48.0, 32.0, 1021.0, 762.0]
[32.0, 16.0, 1006.0, 746.0]
[48.0, 32.0, 1023.0, 763.0]
[0.0, 16.0, 976.0, 748.0]
[32.0, 32.0, 1009.0, 765.0]
[16.0, 32.0, 994.0, 766.0]
[16.0, 16.0, 995.0, 750.0]
[16.0, 0.0, 996.0, 735.0]
[32.0, 32.0, 1013.0, 768.0]
[0.0, 0.0, 982.0, 736.0]
[32.0, 0.0, 1015.0, 737.0]
[32.0, 0.0, 1016.0, 738.0]
[0.0, 16.0, 985.0, 755.0]
[0.0, 16.0, 986.0, 756.0]
[0.0, 0.0, 987.0, 740.0]
[32.0, 0.0, 1020.0, 741.0]
[0.0, 16.0, 989.0, 758.0]
[0.0, 16.0, 990.0, 758.0]
[16.0, 0.0, 1007.0, 743.0]
[32.0, 0.0, 1024.0, 744.0]
[16.0, 16.0, 1009.0, 761.0]
[16.0, 0.0, 1010.0, 746.0]
[16.0, 16.0, 1011.0, 762.0]
[16.0, 0.0, 1012.0, 747.0]
[0.0, 0.0, 997.0, 748.0]
[0.0, 16.0, 998.0, 764.0]
[0.0, 16.0, 999.0, 765.0]
[0.0, 0.0, 1000.0, 750.0]
[16.0, 0.0, 1017.0, 751.0]
[0.0, 0.0, 1002.0, 752.0]
[0.0, 16.0, 1003.0, 768.0]
[0.0, 0.0, 1004.0, 753.0]
[0.0, 0.0, 1005.0, 754.0]
[16.0, 0.0, 1022.0, 754.0]
[0.0, 0.0, 1007.0, 755.0]
[16.0, 0.0, 1024.0, 756.0]
[0.0, 0.0, 1009.0, 757.0]
[0.0, 0.0, 1010.0, 758.0]
[0.0, 0.0, 1011.0, 758.0]
[0.0, 0.0, 1012.0, 759.0]
[0.0, 0.0, 1013.0, 760.0]
[0.0, 0.0, 1014.0, 760.0]
