[112.0, 112.0, 659.0, 841.0]
[160.0, 112.0, 708.0, 842.0]
[112.0, 144.0, 660.0, 875.0]
[112.0, 144.0, 661.0, 876.0]
[160.0, 208.0, 710.0, 941.0]
[160.0, 208.0, 710.0, 942.0]
[144.0, 176.0, 695.0, 911.0]
[112.0, 128.0, 664.0, 864.0]
[96.0, 240.0, 649.0, 977.0]
[160.0, 48.0, 714.0, 786.0]
[160.0, 96.0, 714.0, 835.0]
[144.0, 112.0, 699.0, 852.0]
[128.0, 80.0, 684.0, 821.0]
[160.0, 144.0, 716.0, 886.0]
[128.0, 112.0, 685.0, 855.0]
[96.0, 80.0, 654.0, 824.0]
[160.0, 112.0, 719.0, 857.0]
[96.0, 64.0, 656.0, 810.0]
[96.0, 240.0, 656.0, 987.0]
[144.0, 112.0, 705.0, 860.0]
[160.0, 208.0, 722.0, 957.0]
[96.0, 192.0, 658.0, 942.0]
[160.0, 96.0, 723.0, 847.0]
[144.0, 112.0, 708.0, 864.0]
[80.0, 208.0, 645.0, 961.0]
[96.0, 224.0, 662.0, 978.0]
[128.0, 128.0, 694.0, 883.0]
[112.0, 48.0, 679.0, 804.0]
[96.0, 128.0, 664.0, 885.0]
[96.0, 208.0, 664.0, 966.0]
[112.0, 240.0, 681.0, 999.0]
[112.0, 112.0, 682.0, 872.0]
[128.0, 240.0, 699.0, 1001.0]
[144.0, 32.0, 716.0, 794.0]
[128.0, 128.0, 700.0, 891.0]
[80.0, 208.0, 653.0, 972.0]
[128.0, 48.0, 702.0, 813.0]
[112.0, 80.0, 686.0, 846.0]
[96.0, 208.0, 671.0, 975.0]
[112.0, 80.0, 688.0, 848.0]
[160.0, 144.0, 737.0, 913.0]
[96.0, 192.0, 674.0, 962.0]
[144.0, 64.0, 722.0, 835.0]
[80.0, 112.0, 659.0, 884.0]
[160.0, 176.0, 740.0, 949.0]
[80.0, 160.0, 660.0, 934.0]
[112.0, 48.0, 693.0, 823.0]
[64.0, 112.0, 646.0, 888.0]
[112.0, 128.0, 695.0, 905.0]
[96.0, 240.0, 680.0, 1018.0]
[128.0, 96.0, 712.0, 875.0]
[128.0, 112.0, 713.0, 892.0]
[80.0, 80.0, 666.0, 861.0]
[128.0, 144.0, 714.0, 926.0]
[96.0, 112.0, 683.0, 895.0]
[128.0, 144.0, 716.0, 928.0]
[64.0, 144.0, 653.0, 929.0]
[80.0, 176.0, 670.0, 962.0]
[160.0, 48.0, 750.0, 835.0]
[64.0, 208.0, 655.0, 996.0]
[144.0, 144.0, 736.0, 933.0]
[144.0, 112.0, 736.0, 902.0]
[144.0, 16.0, 737.0, 807.0]
[96.0, 16.0, 690.0, 808.0]
[128.0, 80.0, 723.0, 873.0]
[160.0, 128.0, 756.0, 922.0]
[160.0, 32.0, 756.0, 827.0]
[144.0, 16.0, 741.0, 812.0]
[48.0, 80.0, 646.0, 877.0]
[160.0, 112.0, 758.0, 910.0]
[128.0, 48.0, 727.0, 847.0]
[160.0, 144.0, 760.0, 944.0]
[64.0, 128.0, 665.0, 929.0]
[112.0, 176.0, 714.0, 978.0]
[64.0, 32.0, 666.0, 835.0]
[160.0, 32.0, 763.0, 836.0]
[64.0, 32.0, 668.0, 837.0]
[64.0, 48.0, 668.0, 854.0]
[96.0, 48.0, 701.0, 855.0]
[80.0, 80.0, 686.0, 888.0]
[48.0, 48.0, 655.0, 857.0]
[112.0, 144.0, 720.0, 954.0]
[160.0, 160.0, 768.0, 971.0]
[144.0, 160.0, 753.0, 972.0]
[32.0, 144.0, 642.0, 957.0]
[80.0, 208.0, 690.0, 1022.0]
[32.0, 48.0, 643.0, 863.0]
[112.0, 208.0, 724.0, 1024.0]
[96.0, 96.0, 709.0, 913.0]
[48.0, 96.0, 662.0, 914.0]
[32.0, 96.0, 646.0, 915.0]
[160.0, 80.0, 775.0, 900.0]
[64.0, 112.0, 680.0, 933.0]
[96.0, 32.0, 712.0, 854.0]
[112.0, 192.0, 729.0, 1015.0]
[48.0, 80.0, 666.0, 904.0]
[112.0, 48.0, 731.0, 873.0]
[32.0, 80.0, 652.0, 906.0]
[48.0, 176.0, 668.0, 1003.0]
[96.0, 112.0, 717.0, 940.0]
[96.0, 160.0, 718.0, 989.0]
[128.0, 0.0, 750.0, 830.0]
[160.0, 128.0, 783.0, 959.0]
[32.0, 112.0, 656.0, 944.0]
[144.0, 144.0, 769.0, 977.0]
[96.0, 48.0, 722.0, 882.0]
[144.0, 96.0, 770.0, 931.0]
[48.0, 112.0, 675.0, 948.0]
[96.0, 128.0, 724.0, 965.0]
[64.0, 16.0, 692.0, 854.0]
[128.0, 176.0, 757.0, 1015.0]
[48.0, 144.0, 678.0, 984.0]
[80.0, 128.0, 711.0, 969.0]
[96.0, 80.0, 728.0, 922.0]
[160.0, 48.0, 792.0, 891.0]
[144.0, 16.0, 777.0, 860.0]
[112.0, 144.0, 746.0, 989.0]
[64.0, 16.0, 698.0, 862.0]
[144.0, 64.0, 779.0, 911.0]
[96.0, 176.0, 732.0, 1024.0]
[64.0, 128.0, 701.0, 977.0]
[16.0, 128.0, 654.0, 978.0]
[16.0, 144.0, 654.0, 995.0]
[32.0, 80.0, 671.0, 932.0]
[128.0, 64.0, 768.0, 917.0]
[32.0, 0.0, 672.0, 854.0]
[32.0, 144.0, 673.0, 999.0]
[96.0, 96.0, 738.0, 952.0]
[96.0, 48.0, 739.0, 905.0]
[64.0, 128.0, 708.0, 986.0]
[144.0, 144.0, 788.0, 1003.0]
[48.0, 32.0, 693.0, 892.0]
[128.0, 96.0, 774.0, 957.0]
[160.0, 96.0, 806.0, 958.0]
[32.0, 128.0, 679.0, 991.0]
[96.0, 0.0, 744.0, 864.0]
[16.0, 112.0, 665.0, 977.0]
[16.0, 32.0, 666.0, 898.0]
[0.0, 80.0, 650.0, 947.0]
[80.0, 80.0, 731.0, 948.0]
[96.0, 144.0, 748.0, 1013.0]
[48.0, 16.0, 700.0, 886.0]
[16.0, 128.0, 669.0, 999.0]
[144.0, 64.0, 798.0, 936.0]
[96.0, 144.0, 751.0, 1017.0]
[16.0, 128.0, 672.0, 1002.0]
[80.0, 144.0, 736.0, 1019.0]
[0.0, 80.0, 657.0, 956.0]
[144.0, 48.0, 802.0, 925.0]
[96.0, 128.0, 754.0, 1006.0]
[64.0, 16.0, 723.0, 895.0]
[144.0, 16.0, 804.0, 896.0]
[128.0, 80.0, 789.0, 961.0]
[64.0, 96.0, 726.0, 978.0]
[0.0, 64.0, 662.0, 947.0]
[48.0, 32.0, 711.0, 916.0]
[80.0, 48.0, 744.0, 933.0]
[32.0, 32.0, 696.0, 918.0]
[48.0, 48.0, 713.0, 935.0]
[32.0, 48.0, 698.0, 936.0]
[96.0, 32.0, 763.0, 921.0]
[64.0, 112.0, 732.0, 1002.0]
[32.0, 0.0, 700.0, 891.0]
[32.0, 96.0, 701.0, 988.0]
[128.0, 96.0, 798.0, 989.0]
[32.0, 32.0, 702.0, 926.0]
[48.0, 80.0, 719.0, 975.0]
[64.0, 128.0, 736.0, 1024.0]
[32.0, 32.0, 705.0, 929.0]
[112.0, 64.0, 786.0, 962.0]
[16.0, 64.0, 690.0, 963.0]
[16.0, 32.0, 691.0, 932.0]
[112.0, 112.0, 788.0, 1013.0]
[128.0, 0.0, 804.0, 902.0]
[32.0, 32.0, 709.0, 935.0]
[80.0, 16.0, 758.0, 920.0]
[96.0, 32.0, 775.0, 937.0]
[112.0, 64.0, 792.0, 970.0]
[32.0, 32.0, 712.0, 939.0]
[0.0, 112.0, 681.0, 1020.0]
[16.0, 80.0, 698.0, 989.0]
[80.0, 0.0, 762.0, 910.0]
[0.0, 96.0, 683.0, 1007.0]
[96.0, 112.0, 780.0, 1024.0]
[64.0, 16.0, 749.0, 929.0]
[112.0, 32.0, 798.0, 946.0]
[80.0, 96.0, 766.0, 1011.0]
[48.0, 64.0, 735.0, 980.0]
[48.0, 80.0, 736.0, 997.0]
[0.0, 80.0, 688.0, 998.0]
[112.0, 16.0, 801.0, 935.0]
[32.0, 48.0, 722.0, 968.0]
[96.0, 48.0, 787.0, 969.0]
[16.0, 64.0, 708.0, 986.0]
[112.0, 96.0, 804.0, 1019.0]
[0.0, 80.0, 693.0, 1004.0]
[64.0, 16.0, 758.0, 941.0]
[16.0, 80.0, 710.0, 1006.0]
[112.0, 64.0, 807.0, 991.0]
[16.0, 64.0, 712.0, 992.0]
[64.0, 80.0, 761.0, 1009.0]
[32.0, 64.0, 730.0, 994.0]
[16.0, 0.0, 714.0, 931.0]
[0.0, 32.0, 699.0, 964.0]
[16.0, 80.0, 716.0, 1013.0]
[80.0, 48.0, 780.0, 982.0]
[16.0, 32.0, 717.0, 967.0]
[64.0, 0.0, 766.0, 936.0]
[32.0, 80.0, 735.0, 1017.0]
[80.0, 80.0, 784.0, 1018.0]
[80.0, 16.0, 784.0, 955.0]
[48.0, 16.0, 753.0, 956.0]
[80.0, 32.0, 786.0, 973.0]
[96.0, 80.0, 802.0, 1022.0]
[32.0, 80.0, 739.0, 1023.0]
[80.0, 16.0, 788.0, 960.0]
[96.0, 0.0, 805.0, 945.0]
[96.0, 0.0, 806.0, 946.0]
[80.0, 48.0, 790.0, 995.0]
[48.0, 0.0, 759.0, 948.0]
[96.0, 16.0, 808.0, 965.0]
[80.0, 64.0, 792.0, 1014.0]
[80.0, 16.0, 793.0, 967.0]
[80.0, 16.0, 794.0, 968.0]
[48.0, 16.0, 763.0, 969.0]
[32.0, 16.0, 748.0, 970.0]
[32.0, 48.0, 748.0, 1003.0]
[32.0, 32.0, 749.0, 988.0]
[32.0, 16.0, 750.0, 973.0]
[64.0, 0.0, 782.0, 958.0]
[48.0, 0.0, 767.0, 959.0]
[16.0, 16.0, 736.0, 976.0]
[64.0, 0.0, 785.0, 961.0]
[32.0, 48.0, 754.0, 1010.0]
[64.0, 16.0, 786.0, 979.0]
[32.0, 32.0, 755.0, 996.0]
[0.0, 32.0, 724.0, 997.0]
[32.0, 16.0, 756.0, 982.0]
[48.0, 48.0, 773.0, 1015.0]
[0.0, 32.0, 726.0, 1000.0]
[48.0, 16.0, 775.0, 985.0]
[32.0, 48.0, 760.0, 1018.0]
[48.0, 16.0, 776.0, 987.0]
[80.0, 16.0, 809.0, 988.0]
[64.0, 16.0, 794.0, 989.0]
[16.0, 48.0, 746.0, 1022.0]
[0.0, 0.0, 731.0, 975.0]
[64.0, 48.0, 796.0, 1024.0]
[16.0, 32.0, 749.0, 1009.0]
[64.0, 16.0, 798.0, 994.0]
[48.0, 32.0, 782.0, 1011.0]
[16.0, 16.0, 751.0, 996.0]
[64.0, 32.0, 800.0, 1013.0]
[64.0, 0.0, 800.0, 982.0]
[64.0, 16.0, 801.0, 999.0]
[32.0, 32.0, 770.0, 1016.0]
[48.0, 0.0, 787.0, 985.0]
[48.0, 32.0, 788.0, 1018.0]
[48.0, 0.0, 788.0, 987.0]
[64.0, 16.0, 805.0, 1004.0]
[16.0, 32.0, 758.0, 1021.0]
[32.0, 0.0, 774.0, 990.0]
[16.0, 16.0, 759.0, 1007.0]
[32.0, 0.0, 776.0, 992.0]
[0.0, 0.0, 745.0, 993.0]
[16.0, 16.0, 762.0, 1010.0]
[48.0, 16.0, 794.0, 1011.0]
[16.0, 0.0, 763.0, 996.0]
[32.0, 16.0, 780.0, 1013.0]
[48.0, 16.0, 796.0, 1014.0]
[0.0, 16.0, 749.0, 1015.0]
[0.0, 0.0, 750.0, 1000.0]
[48.0, 16.0, 799.0, 1017.0]
[0.0, 0.0, 752.0, 1002.0]
[48.0, 0.0, 800.0, 1003.0]
[0.0, 16.0, 753.0, 1020.0]
[48.0, 16.0, 802.0, 1021.0]
[16.0, 0.0, 770.0, 1006.0]
[32.0, 16.0, 787.0, 1023.0]
[0.0, 16.0, 756.0, 1024.0]
[0.0, 0.0, 757.0, 1009.0]
[32.0, 0.0, 790.0, 1010.0]
[32.0, 0.0, 790.0, 1011.0]
[48.0, 0.0, 807.0, 1012.0]
[0.0, 0.0, 760.0, 1013.0]
[0.0, 0.0, 760.0, 1014.0]
[48.0, 0.0, 809.0, 1015.0]
[32.0, 0.0, 794.0, 1016.0]
[32.0, 0.0, 795.0, 1017.0]
[0.0, 0.0, 764.0, 1018.0]
[0.0, 0.0, 764.0, 1019.0]
[0.0, 0.0, 765.0, 1020.0]
[16.0, 0.0, 782.0, 1021.0]
[32.0, 0.0, 798.0, 1022.0]
[32.0, 0.0, 799.0, 1023.0]
[0.0, 0.0, 768.0, 1024.0]
