[240.0, 80.0, 957.0, 618.0]
[272.0, 32.0, 990.0, 570.0]
[288.0, 144.0, 1007.0, 683.0]
[176.0, 128.0, 896.0, 668.0]
[256.0, 128.0, 977.0, 669.0]
[192.0, 64.0, 914.0, 606.0]
[288.0, 112.0, 1011.0, 654.0]
[272.0, 128.0, 996.0, 671.0]
[160.0, 128.0, 885.0, 672.0]
[160.0, 64.0, 886.0, 608.0]
[288.0, 128.0, 1015.0, 673.0]
[192.0, 32.0, 920.0, 578.0]
[192.0, 112.0, 921.0, 659.0]
[240.0, 32.0, 970.0, 580.0]
[208.0, 32.0, 939.0, 580.0]
[144.0, 64.0, 876.0, 613.0]
[176.0, 112.0, 909.0, 662.0]
[224.0, 64.0, 958.0, 614.0]
[224.0, 32.0, 959.0, 583.0]
[208.0, 64.0, 944.0, 616.0]
[256.0, 64.0, 993.0, 617.0]
[176.0, 48.0, 914.0, 602.0]
[240.0, 32.0, 979.0, 586.0]
[192.0, 80.0, 932.0, 635.0]
[208.0, 48.0, 949.0, 604.0]
[160.0, 80.0, 902.0, 636.0]
[256.0, 16.0, 999.0, 573.0]
[272.0, 32.0, 1016.0, 590.0]
[240.0, 80.0, 985.0, 639.0]
[240.0, 80.0, 986.0, 640.0]
[112.0, 80.0, 859.0, 640.0]
[256.0, 32.0, 1004.0, 593.0]
[160.0, 112.0, 909.0, 674.0]
[128.0, 80.0, 878.0, 642.0]
[256.0, 112.0, 1007.0, 675.0]
[240.0, 64.0, 992.0, 628.0]
[208.0, 48.0, 961.0, 613.0]
[208.0, 32.0, 962.0, 598.0]
[144.0, 64.0, 899.0, 630.0]
[224.0, 48.0, 980.0, 615.0]
[160.0, 96.0, 917.0, 664.0]
[224.0, 96.0, 982.0, 664.0]
[144.0, 112.0, 903.0, 681.0]
[112.0, 80.0, 872.0, 650.0]
[144.0, 112.0, 905.0, 683.0]
[208.0, 16.0, 970.0, 588.0]
[240.0, 48.0, 1003.0, 620.0]
[144.0, 80.0, 908.0, 653.0]
[160.0, 64.0, 925.0, 638.0]
[112.0, 96.0, 878.0, 670.0]
[112.0, 96.0, 879.0, 671.0]
[192.0, 48.0, 960.0, 624.0]
[144.0, 96.0, 913.0, 673.0]
[112.0, 64.0, 882.0, 642.0]
[112.0, 64.0, 883.0, 642.0]
[240.0, 32.0, 1012.0, 611.0]
[192.0, 48.0, 965.0, 628.0]
[160.0, 80.0, 934.0, 660.0]
[208.0, 0.0, 983.0, 581.0]
[240.0, 48.0, 1016.0, 630.0]
[96.0, 80.0, 873.0, 663.0]
[224.0, 0.0, 1002.0, 584.0]
[224.0, 96.0, 1003.0, 680.0]
[240.0, 80.0, 1020.0, 665.0]
[80.0, 80.0, 861.0, 666.0]
[192.0, 64.0, 974.0, 650.0]
[208.0, 80.0, 991.0, 667.0]
[224.0, 0.0, 1008.0, 588.0]
[176.0, 64.0, 961.0, 653.0]
[160.0, 48.0, 946.0, 638.0]
[80.0, 64.0, 867.0, 654.0]
[192.0, 80.0, 980.0, 671.0]
[96.0, 48.0, 885.0, 640.0]
[112.0, 64.0, 902.0, 656.0]
[192.0, 16.0, 983.0, 609.0]
[144.0, 48.0, 936.0, 642.0]
[144.0, 80.0, 937.0, 675.0]
[224.0, 80.0, 1018.0, 676.0]
[128.0, 32.0, 923.0, 628.0]
[176.0, 32.0, 972.0, 629.0]
[192.0, 0.0, 989.0, 598.0]
[160.0, 0.0, 958.0, 598.0]
[128.0, 80.0, 927.0, 679.0]
[80.0, 64.0, 880.0, 664.0]
[176.0, 64.0, 977.0, 665.0]
[96.0, 48.0, 898.0, 650.0]
[112.0, 80.0, 915.0, 682.0]
[192.0, 0.0, 996.0, 603.0]
[128.0, 64.0, 933.0, 668.0]
[128.0, 16.0, 934.0, 620.0]
[160.0, 0.0, 967.0, 605.0]
[176.0, 16.0, 984.0, 622.0]
[160.0, 0.0, 969.0, 607.0]
[112.0, 48.0, 922.0, 656.0]
[80.0, 48.0, 891.0, 656.0]
[128.0, 16.0, 940.0, 625.0]
[96.0, 32.0, 909.0, 642.0]
[144.0, 16.0, 958.0, 626.0]
[144.0, 64.0, 959.0, 675.0]
[128.0, 32.0, 944.0, 644.0]
[192.0, 64.0, 1009.0, 677.0]
[112.0, 16.0, 930.0, 630.0]
[176.0, 64.0, 995.0, 678.0]
[160.0, 64.0, 980.0, 679.0]
[80.0, 64.0, 901.0, 680.0]
[96.0, 64.0, 918.0, 680.0]
[144.0, 0.0, 967.0, 617.0]
[128.0, 64.0, 952.0, 682.0]
[112.0, 16.0, 937.0, 635.0]
[128.0, 16.0, 954.0, 636.0]
[192.0, 48.0, 1019.0, 668.0]
[192.0, 0.0, 1020.0, 621.0]
[128.0, 0.0, 957.0, 622.0]
[192.0, 48.0, 1022.0, 670.0]
[128.0, 16.0, 959.0, 639.0]
[128.0, 48.0, 960.0, 672.0]
[96.0, 16.0, 929.0, 641.0]
[96.0, 32.0, 930.0, 658.0]
[128.0, 48.0, 963.0, 674.0]
[144.0, 16.0, 980.0, 643.0]
[160.0, 48.0, 997.0, 676.0]
[96.0, 32.0, 934.0, 660.0]
[80.0, 48.0, 919.0, 677.0]
[96.0, 16.0, 936.0, 646.0]
[128.0, 16.0, 969.0, 647.0]
[96.0, 48.0, 938.0, 680.0]
[128.0, 48.0, 971.0, 680.0]
[160.0, 32.0, 1004.0, 665.0]
[112.0, 0.0, 957.0, 634.0]
[112.0, 48.0, 958.0, 682.0]
[160.0, 32.0, 1007.0, 667.0]
[112.0, 0.0, 960.0, 636.0]
[80.0, 16.0, 929.0, 653.0]
[112.0, 32.0, 962.0, 670.0]
[144.0, 16.0, 995.0, 654.0]
[128.0, 16.0, 980.0, 655.0]
[112.0, 32.0, 965.0, 672.0]
[160.0, 16.0, 1014.0, 656.0]
[112.0, 32.0, 967.0, 673.0]
[160.0, 0.0, 1016.0, 642.0]
[144.0, 16.0, 1001.0, 659.0]
[112.0, 0.0, 970.0, 644.0]
[160.0, 32.0, 1019.0, 676.0]
[112.0, 32.0, 972.0, 677.0]
[80.0, 16.0, 941.0, 662.0]
[96.0, 16.0, 958.0, 662.0]
[112.0, 16.0, 975.0, 663.0]
[160.0, 32.0, 1024.0, 680.0]
[96.0, 32.0, 961.0, 681.0]
[128.0, 32.0, 994.0, 682.0]
[144.0, 0.0, 1011.0, 650.0]
[96.0, 16.0, 964.0, 667.0]
[112.0, 0.0, 981.0, 652.0]
[144.0, 16.0, 1014.0, 668.0]
[144.0, 16.0, 1015.0, 669.0]
[144.0, 16.0, 1016.0, 670.0]
[128.0, 16.0, 1001.0, 671.0]
[80.0, 16.0, 954.0, 672.0]
[112.0, 0.0, 987.0, 656.0]
[128.0, 0.0, 1004.0, 657.0]
[128.0, 0.0, 1005.0, 658.0]
[128.0, 0.0, 1006.0, 658.0]
[144.0, 0.0, 1023.0, 659.0]
[112.0, 16.0, 992.0, 676.0]
[112.0, 16.0, 993.0, 677.0]
[128.0, 16.0, 1010.0, 678.0]
[80.0, 0.0, 963.0, 662.0]
[128.0, 0.0, 1012.0, 663.0]
[80.0, 16.0, 965.0, 680.0]
[128.0, 0.0, 1014.0, 664.0]
[112.0, 0.0, 999.0, 665.0]
[80.0, 0.0, 968.0, 666.0]
[112.0, 16.0, 1001.0, 683.0]
[80.0, 0.0, 970.0, 668.0]
[80.0, 0.0, 971.0, 668.0]
[80.0, 0.0, 972.0, 669.0]
[96.0, 0.0, 989.0, 670.0]
[128.0, 0.0, 1022.0, 670.0]
[128.0, 0.0, 1023.0, 671.0]
[112.0, 0.0, 1008.0, 672.0]
[80.0, 0.0, 977.0, 673.0]
[112.0, 0.0, 1010.0, 674.0]
[112.0, 0.0, 1011.0, 674.0]
[80.0, 0.0, 980.0, 675.0]
[112.0, 0.0, 1013.0, 676.0]
[96.0, 0.0, 998.0, 676.0]
[80.0, 0.0, 983.0, 677.0]
[96.0, 0.0, 1000.0, 678.0]
[80.0, 0.0, 985.0, 679.0]
[80.0, 0.0, 986.0, 680.0]
[96.0, 0.0, 1003.0, 680.0]
[96.0, 0.0, 1004.0, 681.0]
[96.0, 0.0, 1005.0, 682.0]
[96.0, 0.0, 1006.0, 682.0]
[80.0, 0.0, 991.0, 683.0]
