[160.0, 48.0, 877.0, 586.0]
[160.0, 48.0, 878.0, 586.0]
[160.0, 32.0, 879.0, 571.0]
[192.0, 112.0, 912.0, 652.0]
[192.0, 80.0, 913.0, 621.0]
[272.0, 48.0, 994.0, 590.0]
[160.0, 80.0, 883.0, 622.0]
[240.0, 32.0, 964.0, 575.0]
[192.0, 32.0, 917.0, 576.0]
[176.0, 48.0, 902.0, 592.0]
[256.0, 112.0, 983.0, 657.0]
[208.0, 112.0, 936.0, 658.0]
[224.0, 16.0, 953.0, 563.0]
[144.0, 128.0, 874.0, 676.0]
[192.0, 32.0, 923.0, 580.0]
[144.0, 32.0, 876.0, 581.0]
[176.0, 128.0, 909.0, 678.0]
[112.0, 96.0, 846.0, 646.0]
[272.0, 32.0, 1007.0, 583.0]
[208.0, 16.0, 944.0, 568.0]
[144.0, 16.0, 881.0, 569.0]
[224.0, 128.0, 962.0, 682.0]
[208.0, 64.0, 947.0, 618.0]
[176.0, 64.0, 916.0, 619.0]
[256.0, 32.0, 997.0, 588.0]
[112.0, 96.0, 854.0, 652.0]
[128.0, 96.0, 871.0, 653.0]
[272.0, 96.0, 1016.0, 654.0]
[208.0, 0.0, 953.0, 559.0]
[208.0, 48.0, 954.0, 608.0]
[192.0, 16.0, 939.0, 576.0]
[256.0, 16.0, 1004.0, 577.0]
[160.0, 80.0, 909.0, 642.0]
[176.0, 32.0, 926.0, 594.0]
[176.0, 96.0, 927.0, 659.0]
[272.0, 96.0, 1024.0, 660.0]
[128.0, 48.0, 881.0, 613.0]
[176.0, 0.0, 930.0, 566.0]
[240.0, 96.0, 995.0, 662.0]
[224.0, 64.0, 980.0, 631.0]
[176.0, 112.0, 933.0, 680.0]
[240.0, 16.0, 998.0, 584.0]
[224.0, 112.0, 983.0, 681.0]
[208.0, 96.0, 968.0, 666.0]
[128.0, 96.0, 889.0, 667.0]
[160.0, 48.0, 922.0, 620.0]
[240.0, 32.0, 1003.0, 604.0]
[128.0, 80.0, 892.0, 653.0]
[80.0, 96.0, 845.0, 670.0]
[144.0, 16.0, 910.0, 590.0]
[96.0, 64.0, 863.0, 639.0]
[240.0, 96.0, 1008.0, 672.0]
[240.0, 16.0, 1009.0, 593.0]
[64.0, 32.0, 834.0, 610.0]
[160.0, 64.0, 931.0, 642.0]
[96.0, 64.0, 868.0, 643.0]
[192.0, 96.0, 965.0, 676.0]
[112.0, 48.0, 886.0, 628.0]
[160.0, 64.0, 935.0, 645.0]
[128.0, 80.0, 904.0, 662.0]
[144.0, 64.0, 921.0, 647.0]
[96.0, 64.0, 874.0, 648.0]
[240.0, 16.0, 1019.0, 600.0]
[112.0, 96.0, 892.0, 681.0]
[96.0, 16.0, 877.0, 602.0]
[144.0, 96.0, 926.0, 682.0]
[128.0, 96.0, 911.0, 683.0]
[64.0, 32.0, 848.0, 620.0]
[160.0, 80.0, 945.0, 669.0]
[144.0, 32.0, 930.0, 622.0]
[224.0, 64.0, 1011.0, 654.0]
[96.0, 80.0, 884.0, 671.0]
[128.0, 0.0, 917.0, 592.0]
[64.0, 80.0, 854.0, 672.0]
[112.0, 32.0, 903.0, 625.0]
[80.0, 64.0, 872.0, 658.0]
[160.0, 0.0, 953.0, 595.0]
[96.0, 48.0, 890.0, 644.0]
[160.0, 48.0, 955.0, 644.0]
[224.0, 16.0, 1020.0, 613.0]
[160.0, 0.0, 957.0, 598.0]
[192.0, 48.0, 990.0, 646.0]
[208.0, 48.0, 1007.0, 647.0]
[208.0, 16.0, 1008.0, 616.0]
[80.0, 32.0, 881.0, 633.0]
[64.0, 16.0, 866.0, 618.0]
[192.0, 64.0, 995.0, 666.0]
[192.0, 32.0, 996.0, 635.0]
[160.0, 48.0, 965.0, 652.0]
[160.0, 48.0, 966.0, 652.0]
[32.0, 32.0, 839.0, 637.0]
[192.0, 32.0, 1000.0, 638.0]
[192.0, 16.0, 1001.0, 623.0]
[80.0, 0.0, 890.0, 608.0]
[16.0, 48.0, 827.0, 656.0]
[80.0, 64.0, 892.0, 673.0]
[208.0, 64.0, 1021.0, 674.0]
[192.0, 0.0, 1006.0, 610.0]
[64.0, 32.0, 879.0, 643.0]
[96.0, 48.0, 912.0, 660.0]
[144.0, 32.0, 961.0, 645.0]
[80.0, 64.0, 898.0, 678.0]
[64.0, 64.0, 883.0, 678.0]
[144.0, 32.0, 964.0, 647.0]
[32.0, 64.0, 853.0, 680.0]
[32.0, 16.0, 854.0, 632.0]
[144.0, 48.0, 967.0, 665.0]
[192.0, 16.0, 1016.0, 634.0]
[112.0, 0.0, 937.0, 619.0]
[80.0, 32.0, 906.0, 652.0]
[80.0, 48.0, 907.0, 668.0]
[64.0, 32.0, 892.0, 653.0]
[160.0, 16.0, 989.0, 638.0]
[176.0, 0.0, 1006.0, 622.0]
[112.0, 0.0, 943.0, 623.0]
[96.0, 16.0, 928.0, 640.0]
[32.0, 0.0, 865.0, 625.0]
[112.0, 0.0, 946.0, 626.0]
[16.0, 32.0, 851.0, 658.0]
[80.0, 32.0, 916.0, 659.0]
[144.0, 48.0, 981.0, 676.0]
[96.0, 48.0, 934.0, 676.0]
[96.0, 16.0, 935.0, 645.0]
[176.0, 48.0, 1016.0, 678.0]
[64.0, 16.0, 905.0, 647.0]
[32.0, 0.0, 874.0, 632.0]
[32.0, 32.0, 875.0, 664.0]
[160.0, 0.0, 1004.0, 633.0]
[112.0, 16.0, 957.0, 650.0]
[144.0, 48.0, 990.0, 682.0]
[160.0, 32.0, 1007.0, 667.0]
[176.0, 48.0, 1024.0, 684.0]
[48.0, 0.0, 897.0, 637.0]
[96.0, 16.0, 946.0, 654.0]
[144.0, 32.0, 995.0, 670.0]
[32.0, 16.0, 884.0, 655.0]
[16.0, 16.0, 869.0, 656.0]
[144.0, 32.0, 998.0, 672.0]
[16.0, 32.0, 871.0, 673.0]
[0.0, 16.0, 856.0, 658.0]
[32.0, 0.0, 889.0, 643.0]
[16.0, 0.0, 874.0, 644.0]
[32.0, 32.0, 891.0, 676.0]
[80.0, 32.0, 940.0, 677.0]
[128.0, 16.0, 989.0, 662.0]
[80.0, 16.0, 942.0, 662.0]
[0.0, 0.0, 863.0, 647.0]
[112.0, 16.0, 976.0, 664.0]
[96.0, 16.0, 961.0, 665.0]
[0.0, 0.0, 866.0, 650.0]
[112.0, 32.0, 979.0, 682.0]
[144.0, 0.0, 1012.0, 651.0]
[112.0, 32.0, 981.0, 684.0]
[16.0, 32.0, 886.0, 684.0]
[0.0, 16.0, 871.0, 669.0]
[64.0, 0.0, 936.0, 654.0]
[112.0, 0.0, 985.0, 655.0]
[16.0, 16.0, 890.0, 672.0]
[64.0, 16.0, 939.0, 672.0]
[96.0, 16.0, 972.0, 673.0]
[16.0, 16.0, 893.0, 674.0]
[128.0, 16.0, 1006.0, 674.0]
[0.0, 0.0, 879.0, 659.0]
[80.0, 0.0, 960.0, 660.0]
[0.0, 0.0, 881.0, 661.0]
[32.0, 0.0, 914.0, 662.0]
[64.0, 0.0, 947.0, 662.0]
[112.0, 0.0, 996.0, 663.0]
[64.0, 0.0, 949.0, 664.0]
[112.0, 16.0, 998.0, 680.0]
[48.0, 0.0, 935.0, 665.0]
[64.0, 16.0, 952.0, 682.0]
[128.0, 16.0, 1017.0, 683.0]
[128.0, 0.0, 1018.0, 668.0]
[0.0, 16.0, 891.0, 684.0]
[112.0, 0.0, 1004.0, 669.0]
[112.0, 0.0, 1005.0, 670.0]
[0.0, 0.0, 894.0, 670.0]
[96.0, 0.0, 991.0, 671.0]
[128.0, 0.0, 1024.0, 672.0]
[96.0, 0.0, 993.0, 673.0]
[80.0, 0.0, 978.0, 674.0]
[80.0, 0.0, 979.0, 674.0]
[96.0, 0.0, 996.0, 675.0]
[48.0, 0.0, 949.0, 676.0]
[112.0, 0.0, 1014.0, 676.0]
[112.0, 0.0, 1015.0, 677.0]
[64.0, 0.0, 968.0, 678.0]
[96.0, 0.0, 1001.0, 679.0]
[64.0, 0.0, 970.0, 680.0]
[32.0, 0.0, 939.0, 680.0]
[80.0, 0.0, 988.0, 681.0]
[80.0, 0.0, 989.0, 682.0]
[0.0, 0.0, 910.0, 682.0]
[64.0, 0.0, 975.0, 683.0]
[48.0, 0.0, 960.0, 684.0]
