[16.0, 32.0, 733.0, 570.0]
[80.0, 64.0, 798.0, 602.0]
[96.0, 32.0, 815.0, 571.0]
[32.0, 48.0, 752.0, 588.0]
[192.0, 48.0, 913.0, 589.0]
[160.0, 64.0, 882.0, 606.0]
[80.0, 80.0, 803.0, 622.0]
[208.0, 16.0, 932.0, 559.0]
[32.0, 48.0, 757.0, 592.0]
[64.0, 64.0, 790.0, 608.0]
[176.0, 32.0, 903.0, 577.0]
[208.0, 16.0, 936.0, 562.0]
[48.0, 64.0, 777.0, 611.0]
[80.0, 80.0, 810.0, 628.0]
[64.0, 64.0, 795.0, 612.0]
[112.0, 32.0, 844.0, 581.0]
[144.0, 16.0, 877.0, 566.0]
[96.0, 80.0, 830.0, 630.0]
[48.0, 48.0, 783.0, 599.0]
[96.0, 48.0, 832.0, 600.0]
[96.0, 80.0, 833.0, 633.0]
[80.0, 0.0, 818.0, 554.0]
[192.0, 48.0, 931.0, 602.0]
[32.0, 64.0, 772.0, 619.0]
[0.0, 48.0, 741.0, 604.0]
[96.0, 48.0, 838.0, 604.0]
[48.0, 64.0, 791.0, 621.0]
[80.0, 64.0, 824.0, 622.0]
[80.0, 0.0, 825.0, 559.0]
[208.0, 16.0, 954.0, 576.0]
[32.0, 32.0, 779.0, 592.0]
[208.0, 16.0, 956.0, 577.0]
[112.0, 32.0, 861.0, 594.0]
[128.0, 16.0, 878.0, 578.0]
[144.0, 32.0, 895.0, 595.0]
[112.0, 0.0, 864.0, 564.0]
[0.0, 0.0, 753.0, 565.0]
[144.0, 0.0, 898.0, 566.0]
[144.0, 32.0, 899.0, 598.0]
[128.0, 64.0, 884.0, 631.0]
[192.0, 48.0, 949.0, 616.0]
[208.0, 16.0, 966.0, 584.0]
[0.0, 16.0, 759.0, 585.0]
[144.0, 16.0, 904.0, 586.0]
[192.0, 16.0, 953.0, 587.0]
[80.0, 64.0, 842.0, 636.0]
[48.0, 48.0, 811.0, 620.0]
[144.0, 16.0, 908.0, 589.0]
[0.0, 48.0, 765.0, 622.0]
[96.0, 16.0, 862.0, 590.0]
[16.0, 16.0, 783.0, 591.0]
[128.0, 32.0, 896.0, 608.0]
[96.0, 80.0, 865.0, 657.0]
[32.0, 0.0, 802.0, 578.0]
[16.0, 48.0, 787.0, 626.0]
[32.0, 64.0, 804.0, 643.0]
[192.0, 16.0, 965.0, 596.0]
[128.0, 32.0, 902.0, 612.0]
[32.0, 48.0, 807.0, 629.0]
[80.0, 48.0, 856.0, 630.0]
[160.0, 32.0, 937.0, 615.0]
[16.0, 32.0, 794.0, 616.0]
[176.0, 16.0, 955.0, 600.0]
[64.0, 64.0, 844.0, 649.0]
[64.0, 64.0, 845.0, 650.0]
[64.0, 48.0, 846.0, 634.0]
[16.0, 16.0, 799.0, 603.0]
[96.0, 64.0, 880.0, 652.0]
[96.0, 80.0, 881.0, 669.0]
[96.0, 0.0, 882.0, 590.0]
[48.0, 32.0, 835.0, 622.0]
[0.0, 16.0, 788.0, 607.0]
[80.0, 32.0, 869.0, 624.0]
[16.0, 32.0, 806.0, 624.0]
[32.0, 16.0, 823.0, 609.0]
[112.0, 32.0, 904.0, 626.0]
[32.0, 64.0, 825.0, 659.0]
[64.0, 48.0, 858.0, 644.0]
[112.0, 16.0, 907.0, 612.0]
[32.0, 0.0, 828.0, 597.0]
[64.0, 32.0, 861.0, 630.0]
[80.0, 16.0, 878.0, 614.0]
[0.0, 48.0, 799.0, 647.0]
[48.0, 48.0, 848.0, 648.0]
[80.0, 64.0, 881.0, 665.0]
[112.0, 64.0, 914.0, 666.0]
[32.0, 48.0, 835.0, 650.0]
[128.0, 32.0, 932.0, 635.0]
[112.0, 32.0, 917.0, 636.0]
[64.0, 80.0, 870.0, 684.0]
[160.0, 32.0, 967.0, 637.0]
[160.0, 0.0, 968.0, 606.0]
[64.0, 64.0, 873.0, 671.0]
[128.0, 16.0, 938.0, 624.0]
[144.0, 16.0, 955.0, 624.0]
[80.0, 32.0, 892.0, 641.0]
[48.0, 48.0, 861.0, 658.0]
[80.0, 64.0, 894.0, 674.0]
[16.0, 32.0, 831.0, 643.0]
[128.0, 32.0, 944.0, 644.0]
[160.0, 16.0, 977.0, 629.0]
[64.0, 0.0, 882.0, 614.0]
[16.0, 48.0, 835.0, 662.0]
[96.0, 48.0, 916.0, 663.0]
[48.0, 64.0, 869.0, 680.0]
[144.0, 32.0, 966.0, 648.0]
[80.0, 64.0, 903.0, 681.0]
[128.0, 16.0, 952.0, 634.0]
[80.0, 0.0, 905.0, 619.0]
[32.0, 32.0, 858.0, 652.0]
[48.0, 0.0, 875.0, 620.0]
[32.0, 64.0, 860.0, 685.0]
[32.0, 48.0, 861.0, 670.0]
[16.0, 32.0, 846.0, 654.0]
[48.0, 80.0, 879.0, 703.0]
[64.0, 48.0, 896.0, 672.0]
[112.0, 16.0, 945.0, 641.0]
[112.0, 0.0, 946.0, 626.0]
[144.0, 0.0, 979.0, 626.0]
[0.0, 16.0, 836.0, 643.0]
[48.0, 80.0, 885.0, 708.0]
[32.0, 32.0, 870.0, 660.0]
[80.0, 16.0, 919.0, 645.0]
[48.0, 0.0, 888.0, 630.0]
[32.0, 48.0, 873.0, 679.0]
[80.0, 64.0, 922.0, 696.0]
[80.0, 48.0, 923.0, 680.0]
[80.0, 48.0, 924.0, 681.0]
[112.0, 0.0, 957.0, 634.0]
[48.0, 64.0, 894.0, 698.0]
[128.0, 16.0, 975.0, 651.0]
[128.0, 16.0, 976.0, 652.0]
[0.0, 48.0, 849.0, 685.0]
[80.0, 16.0, 930.0, 654.0]
[32.0, 32.0, 883.0, 670.0]
[16.0, 32.0, 868.0, 671.0]
[32.0, 32.0, 885.0, 672.0]
[112.0, 32.0, 966.0, 672.0]
[80.0, 48.0, 935.0, 689.0]
[96.0, 32.0, 952.0, 674.0]
[48.0, 32.0, 905.0, 675.0]
[96.0, 0.0, 954.0, 644.0]
[32.0, 64.0, 891.0, 708.0]
[48.0, 16.0, 908.0, 661.0]
[0.0, 16.0, 861.0, 662.0]
[16.0, 0.0, 878.0, 646.0]
[112.0, 16.0, 975.0, 663.0]
[48.0, 32.0, 912.0, 680.0]
[16.0, 32.0, 881.0, 681.0]
[64.0, 16.0, 930.0, 666.0]
[64.0, 0.0, 931.0, 650.0]
[48.0, 32.0, 916.0, 683.0]
[48.0, 64.0, 917.0, 716.0]
[64.0, 32.0, 934.0, 684.0]
[64.0, 0.0, 935.0, 653.0]
[32.0, 16.0, 904.0, 670.0]
[64.0, 48.0, 937.0, 703.0]
[16.0, 32.0, 890.0, 688.0]
[64.0, 48.0, 939.0, 704.0]
[64.0, 16.0, 940.0, 673.0]
[0.0, 48.0, 877.0, 706.0]
[16.0, 32.0, 894.0, 690.0]
[64.0, 0.0, 943.0, 659.0]
[96.0, 16.0, 976.0, 676.0]
[80.0, 0.0, 961.0, 661.0]
[0.0, 32.0, 882.0, 694.0]
[16.0, 0.0, 899.0, 662.0]
[64.0, 32.0, 948.0, 695.0]
[0.0, 48.0, 885.0, 712.0]
[80.0, 0.0, 966.0, 664.0]
[64.0, 0.0, 951.0, 665.0]
[64.0, 48.0, 952.0, 714.0]
[16.0, 48.0, 905.0, 715.0]
[64.0, 16.0, 954.0, 684.0]
[32.0, 32.0, 923.0, 700.0]
[80.0, 0.0, 972.0, 669.0]
[80.0, 16.0, 973.0, 686.0]
[64.0, 16.0, 958.0, 686.0]
[48.0, 32.0, 943.0, 703.0]
[0.0, 32.0, 896.0, 704.0]
[80.0, 0.0, 977.0, 673.0]
[16.0, 32.0, 914.0, 706.0]
[48.0, 0.0, 947.0, 674.0]
[64.0, 32.0, 964.0, 707.0]
[64.0, 0.0, 965.0, 676.0]
[0.0, 32.0, 902.0, 708.0]
[32.0, 16.0, 935.0, 693.0]
[48.0, 16.0, 952.0, 694.0]
[16.0, 16.0, 921.0, 695.0]
[64.0, 32.0, 970.0, 712.0]
[0.0, 0.0, 907.0, 680.0]
[32.0, 32.0, 940.0, 713.0]
[32.0, 32.0, 941.0, 714.0]
[48.0, 0.0, 958.0, 682.0]
[16.0, 32.0, 927.0, 715.0]
[0.0, 32.0, 912.0, 716.0]
[16.0, 0.0, 929.0, 685.0]
[64.0, 16.0, 978.0, 702.0]
[16.0, 32.0, 931.0, 718.0]
[32.0, 0.0, 948.0, 687.0]
[48.0, 0.0, 965.0, 688.0]
[32.0, 0.0, 950.0, 688.0]
[32.0, 0.0, 951.0, 689.0]
[32.0, 0.0, 952.0, 690.0]
[0.0, 16.0, 921.0, 707.0]
[16.0, 16.0, 938.0, 708.0]
[32.0, 16.0, 955.0, 708.0]
[32.0, 16.0, 956.0, 709.0]
[0.0, 16.0, 925.0, 710.0]
[0.0, 16.0, 926.0, 710.0]
[0.0, 16.0, 927.0, 711.0]
[48.0, 16.0, 976.0, 712.0]
[48.0, 16.0, 977.0, 713.0]
[0.0, 0.0, 930.0, 698.0]
[16.0, 16.0, 947.0, 714.0]
[16.0, 0.0, 948.0, 699.0]
[0.0, 0.0, 933.0, 700.0]
[32.0, 0.0, 966.0, 700.0]
[0.0, 16.0, 935.0, 717.0]
