[192.0, 208.0, 730.0, 925.0]
[176.0, 192.0, 714.0, 910.0]
[160.0, 288.0, 699.0, 1007.0]
[176.0, 272.0, 716.0, 992.0]
[176.0, 272.0, 717.0, 993.0]
[160.0, 256.0, 702.0, 978.0]
[144.0, 288.0, 686.0, 1011.0]
[160.0, 208.0, 703.0, 932.0]
[80.0, 288.0, 624.0, 1013.0]
[96.0, 288.0, 640.0, 1014.0]
[112.0, 240.0, 657.0, 967.0]
[176.0, 192.0, 722.0, 920.0]
[112.0, 256.0, 659.0, 985.0]
[176.0, 240.0, 724.0, 970.0]
[144.0, 240.0, 692.0, 971.0]
[96.0, 288.0, 645.0, 1020.0]
[176.0, 192.0, 726.0, 925.0]
[144.0, 272.0, 694.0, 1006.0]
[96.0, 272.0, 647.0, 1007.0]
[112.0, 224.0, 664.0, 960.0]
[160.0, 240.0, 713.0, 977.0]
[128.0, 272.0, 682.0, 1010.0]
[144.0, 256.0, 698.0, 995.0]
[144.0, 192.0, 699.0, 932.0]
[176.0, 272.0, 732.0, 1013.0]
[144.0, 176.0, 700.0, 918.0]
[112.0, 192.0, 669.0, 935.0]
[160.0, 160.0, 718.0, 904.0]
[144.0, 256.0, 703.0, 1001.0]
[160.0, 192.0, 720.0, 938.0]
[144.0, 256.0, 704.0, 1003.0]
[96.0, 256.0, 657.0, 1004.0]
[80.0, 224.0, 642.0, 973.0]
[160.0, 224.0, 722.0, 974.0]
[160.0, 256.0, 723.0, 1007.0]
[112.0, 240.0, 676.0, 992.0]
[160.0, 208.0, 725.0, 961.0]
[112.0, 224.0, 678.0, 978.0]
[80.0, 224.0, 646.0, 979.0]
[80.0, 256.0, 647.0, 1012.0]
[144.0, 224.0, 712.0, 981.0]
[144.0, 192.0, 712.0, 950.0]
[160.0, 208.0, 729.0, 967.0]
[160.0, 192.0, 730.0, 952.0]
[144.0, 224.0, 715.0, 985.0]
[144.0, 160.0, 716.0, 922.0]
[160.0, 256.0, 732.0, 1019.0]
[144.0, 192.0, 717.0, 956.0]
[112.0, 256.0, 686.0, 1021.0]
[96.0, 192.0, 670.0, 958.0]
[80.0, 224.0, 655.0, 991.0]
[144.0, 240.0, 720.0, 1008.0]
[112.0, 224.0, 689.0, 993.0]
[80.0, 208.0, 658.0, 978.0]
[144.0, 208.0, 722.0, 979.0]
[144.0, 224.0, 723.0, 996.0]
[144.0, 192.0, 724.0, 965.0]
[144.0, 240.0, 724.0, 1014.0]
[128.0, 224.0, 709.0, 999.0]
[96.0, 176.0, 678.0, 952.0]
[80.0, 208.0, 663.0, 985.0]
[128.0, 208.0, 712.0, 986.0]
[144.0, 192.0, 728.0, 971.0]
[80.0, 240.0, 665.0, 1020.0]
[128.0, 160.0, 714.0, 941.0]
[96.0, 240.0, 682.0, 1022.0]
[80.0, 224.0, 667.0, 1007.0]
[80.0, 208.0, 668.0, 992.0]
[96.0, 208.0, 685.0, 993.0]
[112.0, 224.0, 702.0, 1010.0]
[112.0, 192.0, 702.0, 979.0]
[112.0, 192.0, 703.0, 980.0]
[96.0, 208.0, 688.0, 997.0]
[112.0, 208.0, 704.0, 998.0]
[112.0, 192.0, 705.0, 983.0]
[96.0, 176.0, 690.0, 968.0]
[128.0, 208.0, 723.0, 1001.0]
[112.0, 224.0, 708.0, 1018.0]
[96.0, 176.0, 692.0, 971.0]
[80.0, 224.0, 677.0, 1020.0]
[80.0, 224.0, 678.0, 1021.0]
[112.0, 192.0, 710.0, 990.0]
[80.0, 192.0, 679.0, 991.0]
[128.0, 208.0, 728.0, 1008.0]
[80.0, 192.0, 681.0, 993.0]
[112.0, 144.0, 714.0, 946.0]
[80.0, 208.0, 682.0, 1011.0]
[112.0, 208.0, 715.0, 1012.0]
[128.0, 176.0, 732.0, 981.0]
[128.0, 160.0, 732.0, 966.0]
[112.0, 176.0, 717.0, 983.0]
[80.0, 160.0, 686.0, 968.0]
[96.0, 176.0, 703.0, 985.0]
[96.0, 144.0, 704.0, 954.0]
[96.0, 160.0, 704.0, 971.0]
[96.0, 208.0, 705.0, 1020.0]
[112.0, 144.0, 722.0, 957.0]
[112.0, 160.0, 722.0, 974.0]
[96.0, 176.0, 707.0, 991.0]
[112.0, 160.0, 724.0, 976.0]
[112.0, 160.0, 725.0, 977.0]
[80.0, 160.0, 694.0, 978.0]
[112.0, 176.0, 726.0, 995.0]
[80.0, 192.0, 695.0, 1012.0]
[96.0, 192.0, 712.0, 1013.0]
[80.0, 160.0, 696.0, 982.0]
[112.0, 160.0, 729.0, 983.0]
[80.0, 160.0, 698.0, 984.0]
[96.0, 144.0, 715.0, 969.0]
[80.0, 192.0, 700.0, 1018.0]
[112.0, 176.0, 732.0, 1003.0]
[96.0, 192.0, 717.0, 1020.0]
[80.0, 160.0, 702.0, 989.0]
[80.0, 160.0, 702.0, 990.0]
[96.0, 176.0, 719.0, 1007.0]
[80.0, 192.0, 704.0, 1024.0]
[80.0, 160.0, 705.0, 993.0]
[80.0, 176.0, 706.0, 1010.0]
[80.0, 160.0, 706.0, 995.0]
[80.0, 176.0, 707.0, 1012.0]
[96.0, 144.0, 724.0, 981.0]
[80.0, 144.0, 708.0, 982.0]
[80.0, 176.0, 709.0, 1015.0]
[96.0, 160.0, 726.0, 1000.0]
[96.0, 144.0, 727.0, 985.0]
[96.0, 176.0, 728.0, 1018.0]
[80.0, 160.0, 712.0, 1003.0]
[96.0, 144.0, 729.0, 988.0]
