[64.0, 144.0, 781.0, 682.0]
[176.0, 48.0, 894.0, 586.0]
[64.0, 144.0, 783.0, 683.0]
[64.0, 64.0, 784.0, 604.0]
[176.0, 80.0, 897.0, 621.0]
[144.0, 112.0, 866.0, 654.0]
[48.0, 128.0, 771.0, 670.0]
[64.0, 112.0, 788.0, 655.0]
[48.0, 112.0, 773.0, 656.0]
[112.0, 64.0, 838.0, 608.0]
[96.0, 112.0, 823.0, 657.0]
[208.0, 112.0, 936.0, 658.0]
[64.0, 64.0, 793.0, 611.0]
[96.0, 112.0, 826.0, 660.0]
[96.0, 96.0, 827.0, 644.0]
[112.0, 80.0, 844.0, 629.0]
[176.0, 112.0, 909.0, 662.0]
[144.0, 112.0, 878.0, 662.0]
[112.0, 64.0, 847.0, 615.0]
[16.0, 80.0, 752.0, 632.0]
[112.0, 80.0, 849.0, 633.0]
[208.0, 112.0, 946.0, 666.0]
[64.0, 48.0, 803.0, 602.0]
[112.0, 48.0, 852.0, 603.0]
[160.0, 48.0, 901.0, 604.0]
[80.0, 112.0, 822.0, 668.0]
[16.0, 80.0, 759.0, 637.0]
[112.0, 80.0, 856.0, 638.0]
[32.0, 48.0, 777.0, 607.0]
[144.0, 48.0, 890.0, 608.0]
[48.0, 96.0, 795.0, 656.0]
[112.0, 48.0, 860.0, 609.0]
[144.0, 48.0, 893.0, 610.0]
[96.0, 32.0, 846.0, 594.0]
[96.0, 64.0, 847.0, 627.0]
[144.0, 32.0, 896.0, 596.0]
[144.0, 32.0, 897.0, 597.0]
[32.0, 112.0, 786.0, 678.0]
[16.0, 64.0, 771.0, 630.0]
[144.0, 112.0, 900.0, 679.0]
[64.0, 64.0, 821.0, 632.0]
[32.0, 112.0, 790.0, 680.0]
[112.0, 48.0, 871.0, 617.0]
[16.0, 32.0, 776.0, 602.0]
[160.0, 80.0, 921.0, 651.0]
[192.0, 96.0, 954.0, 668.0]
[64.0, 32.0, 827.0, 604.0]
[32.0, 48.0, 796.0, 621.0]
[176.0, 96.0, 941.0, 670.0]
[112.0, 64.0, 878.0, 638.0]
[176.0, 80.0, 943.0, 655.0]
[192.0, 80.0, 960.0, 656.0]
[192.0, 80.0, 961.0, 657.0]
[80.0, 16.0, 850.0, 594.0]
[176.0, 96.0, 947.0, 674.0]
[112.0, 96.0, 884.0, 675.0]
[96.0, 80.0, 869.0, 660.0]
[192.0, 80.0, 966.0, 660.0]
[112.0, 32.0, 887.0, 613.0]
[0.0, 96.0, 776.0, 678.0]
[96.0, 64.0, 873.0, 647.0]
[80.0, 0.0, 858.0, 584.0]
[48.0, 64.0, 827.0, 648.0]
[80.0, 64.0, 860.0, 649.0]
[80.0, 64.0, 861.0, 650.0]
[144.0, 96.0, 926.0, 682.0]
[96.0, 16.0, 879.0, 603.0]
[112.0, 0.0, 896.0, 588.0]
[48.0, 48.0, 833.0, 637.0]
[32.0, 80.0, 818.0, 670.0]
[16.0, 80.0, 803.0, 670.0]
[128.0, 32.0, 916.0, 623.0]
[80.0, 16.0, 869.0, 608.0]
[144.0, 80.0, 934.0, 672.0]
[48.0, 16.0, 839.0, 609.0]
[144.0, 48.0, 936.0, 642.0]
[48.0, 80.0, 841.0, 675.0]
[160.0, 64.0, 954.0, 660.0]
[160.0, 80.0, 955.0, 676.0]
[128.0, 48.0, 924.0, 645.0]
[192.0, 64.0, 989.0, 662.0]
[112.0, 0.0, 910.0, 598.0]
[160.0, 48.0, 959.0, 647.0]
[112.0, 64.0, 912.0, 664.0]
[112.0, 32.0, 913.0, 633.0]
[80.0, 32.0, 882.0, 634.0]
[80.0, 64.0, 883.0, 666.0]
[160.0, 32.0, 964.0, 635.0]
[48.0, 48.0, 853.0, 652.0]
[0.0, 64.0, 806.0, 668.0]
[112.0, 48.0, 919.0, 653.0]
[64.0, 48.0, 872.0, 654.0]
[64.0, 48.0, 873.0, 655.0]
[48.0, 16.0, 858.0, 624.0]
[112.0, 64.0, 923.0, 672.0]
[48.0, 48.0, 860.0, 657.0]
[48.0, 64.0, 861.0, 674.0]
[0.0, 16.0, 814.0, 626.0]
[160.0, 48.0, 975.0, 659.0]
[64.0, 32.0, 880.0, 644.0]
[0.0, 32.0, 817.0, 645.0]
[64.0, 48.0, 882.0, 662.0]
[176.0, 48.0, 995.0, 662.0]
[64.0, 0.0, 884.0, 615.0]
[32.0, 16.0, 853.0, 632.0]
[128.0, 64.0, 950.0, 680.0]
[32.0, 0.0, 855.0, 617.0]
[80.0, 16.0, 904.0, 634.0]
[96.0, 32.0, 921.0, 651.0]
[64.0, 16.0, 890.0, 636.0]
[0.0, 0.0, 827.0, 620.0]
[128.0, 32.0, 956.0, 653.0]
[16.0, 48.0, 845.0, 670.0]
[128.0, 32.0, 958.0, 654.0]
[64.0, 48.0, 895.0, 671.0]
[32.0, 32.0, 864.0, 656.0]
[0.0, 32.0, 833.0, 657.0]
[16.0, 0.0, 850.0, 626.0]
[64.0, 32.0, 899.0, 658.0]
[112.0, 32.0, 948.0, 659.0]
[0.0, 48.0, 837.0, 676.0]
[32.0, 16.0, 870.0, 644.0]
[80.0, 48.0, 919.0, 677.0]
[80.0, 32.0, 920.0, 662.0]
[160.0, 48.0, 1001.0, 679.0]
[96.0, 48.0, 938.0, 680.0]
[80.0, 16.0, 923.0, 648.0]
[32.0, 0.0, 876.0, 633.0]
[80.0, 32.0, 925.0, 666.0]
[96.0, 48.0, 942.0, 682.0]
[144.0, 32.0, 991.0, 667.0]
[32.0, 16.0, 880.0, 652.0]
[128.0, 0.0, 977.0, 637.0]
[80.0, 16.0, 930.0, 654.0]
[64.0, 32.0, 915.0, 670.0]
[48.0, 32.0, 900.0, 671.0]
[32.0, 16.0, 885.0, 656.0]
[112.0, 0.0, 966.0, 640.0]
[48.0, 16.0, 903.0, 657.0]
[0.0, 16.0, 856.0, 658.0]
[128.0, 0.0, 985.0, 643.0]
[0.0, 32.0, 858.0, 676.0]
[48.0, 32.0, 907.0, 676.0]
[80.0, 0.0, 940.0, 645.0]
[32.0, 16.0, 893.0, 662.0]
[96.0, 32.0, 958.0, 678.0]
[16.0, 0.0, 879.0, 647.0]
[48.0, 16.0, 912.0, 664.0]
[64.0, 0.0, 929.0, 649.0]
[0.0, 0.0, 866.0, 650.0]
[64.0, 16.0, 931.0, 666.0]
[48.0, 16.0, 916.0, 667.0]
[16.0, 16.0, 885.0, 668.0]
[16.0, 16.0, 886.0, 668.0]
[48.0, 0.0, 919.0, 653.0]
[48.0, 16.0, 920.0, 670.0]
[0.0, 16.0, 873.0, 671.0]
[32.0, 16.0, 906.0, 672.0]
[16.0, 0.0, 891.0, 656.0]
[0.0, 0.0, 876.0, 657.0]
[32.0, 16.0, 909.0, 674.0]
[96.0, 0.0, 974.0, 658.0]
[64.0, 16.0, 943.0, 675.0]
[80.0, 16.0, 960.0, 676.0]
[0.0, 16.0, 881.0, 677.0]
[80.0, 16.0, 962.0, 678.0]
[32.0, 16.0, 915.0, 678.0]
[0.0, 0.0, 884.0, 663.0]
[80.0, 0.0, 965.0, 664.0]
[112.0, 0.0, 998.0, 664.0]
[16.0, 0.0, 903.0, 665.0]
[16.0, 16.0, 904.0, 682.0]
[32.0, 0.0, 921.0, 667.0]
[16.0, 0.0, 906.0, 668.0]
[16.0, 0.0, 907.0, 668.0]
[112.0, 0.0, 1004.0, 669.0]
[0.0, 0.0, 893.0, 670.0]
[96.0, 0.0, 990.0, 670.0]
[80.0, 0.0, 975.0, 671.0]
[0.0, 0.0, 896.0, 672.0]
[48.0, 0.0, 945.0, 673.0]
[64.0, 0.0, 962.0, 674.0]
[16.0, 0.0, 915.0, 674.0]
[16.0, 0.0, 916.0, 675.0]
[16.0, 0.0, 917.0, 676.0]
[48.0, 0.0, 950.0, 676.0]
[80.0, 0.0, 983.0, 677.0]
[80.0, 0.0, 984.0, 678.0]
[48.0, 0.0, 953.0, 679.0]
[0.0, 0.0, 906.0, 680.0]
[80.0, 0.0, 987.0, 680.0]
[64.0, 0.0, 972.0, 681.0]
[16.0, 0.0, 925.0, 682.0]
[64.0, 0.0, 974.0, 682.0]
[48.0, 0.0, 959.0, 683.0]
