[96.0, 32.0, 813.0, 570.0]
[32.0, 80.0, 750.0, 618.0]
[96.0, 80.0, 815.0, 619.0]
[144.0, 96.0, 864.0, 636.0]
[160.0, 64.0, 881.0, 605.0]
[32.0, 32.0, 754.0, 574.0]
[16.0, 32.0, 739.0, 574.0]
[32.0, 0.0, 756.0, 543.0]
[112.0, 64.0, 837.0, 608.0]
[0.0, 48.0, 726.0, 592.0]
[112.0, 112.0, 839.0, 657.0]
[16.0, 64.0, 744.0, 610.0]
[64.0, 0.0, 793.0, 547.0]
[48.0, 64.0, 778.0, 612.0]
[48.0, 0.0, 779.0, 548.0]
[0.0, 16.0, 732.0, 565.0]
[112.0, 80.0, 845.0, 630.0]
[112.0, 64.0, 846.0, 614.0]
[112.0, 16.0, 847.0, 567.0]
[48.0, 128.0, 784.0, 680.0]
[160.0, 64.0, 897.0, 617.0]
[48.0, 80.0, 786.0, 634.0]
[96.0, 96.0, 835.0, 650.0]
[48.0, 32.0, 788.0, 587.0]
[160.0, 48.0, 901.0, 604.0]
[48.0, 0.0, 790.0, 556.0]
[48.0, 48.0, 791.0, 605.0]
[80.0, 32.0, 824.0, 590.0]
[0.0, 80.0, 745.0, 639.0]
[0.0, 112.0, 746.0, 672.0]
[0.0, 32.0, 747.0, 592.0]
[32.0, 16.0, 780.0, 577.0]
[96.0, 32.0, 845.0, 594.0]
[64.0, 48.0, 814.0, 610.0]
[16.0, 64.0, 767.0, 627.0]
[96.0, 64.0, 848.0, 628.0]
[144.0, 80.0, 897.0, 645.0]
[16.0, 48.0, 770.0, 614.0]
[32.0, 32.0, 787.0, 598.0]
[80.0, 96.0, 836.0, 663.0]
[0.0, 112.0, 757.0, 680.0]
[112.0, 64.0, 870.0, 632.0]
[32.0, 96.0, 791.0, 665.0]
[16.0, 80.0, 776.0, 650.0]
[64.0, 64.0, 825.0, 635.0]
[64.0, 16.0, 826.0, 588.0]
[64.0, 32.0, 827.0, 604.0]
[32.0, 32.0, 796.0, 605.0]
[16.0, 96.0, 781.0, 670.0]
[80.0, 0.0, 846.0, 574.0]
[0.0, 0.0, 767.0, 575.0]
[16.0, 48.0, 784.0, 624.0]
[0.0, 48.0, 769.0, 625.0]
[128.0, 48.0, 898.0, 626.0]
[80.0, 32.0, 851.0, 610.0]
[48.0, 0.0, 820.0, 579.0]
[32.0, 0.0, 805.0, 580.0]
[32.0, 96.0, 806.0, 676.0]
[80.0, 16.0, 855.0, 597.0]
[48.0, 80.0, 824.0, 662.0]
[16.0, 16.0, 793.0, 599.0]
[64.0, 96.0, 842.0, 680.0]
[96.0, 0.0, 875.0, 584.0]
[0.0, 80.0, 780.0, 665.0]
[96.0, 0.0, 877.0, 586.0]
[0.0, 32.0, 782.0, 618.0]
[96.0, 32.0, 879.0, 619.0]
[80.0, 32.0, 864.0, 620.0]
[96.0, 32.0, 881.0, 621.0]
[48.0, 48.0, 834.0, 638.0]
[96.0, 80.0, 883.0, 670.0]
[112.0, 80.0, 900.0, 671.0]
[0.0, 80.0, 789.0, 672.0]
[0.0, 0.0, 790.0, 592.0]
[0.0, 48.0, 791.0, 641.0]
[96.0, 16.0, 888.0, 610.0]
[16.0, 48.0, 809.0, 643.0]
[32.0, 0.0, 826.0, 596.0]
[0.0, 80.0, 795.0, 676.0]
[96.0, 16.0, 892.0, 613.0]
[64.0, 16.0, 861.0, 614.0]
[0.0, 0.0, 798.0, 598.0]
[64.0, 0.0, 863.0, 599.0]
[32.0, 32.0, 832.0, 632.0]
[48.0, 32.0, 849.0, 633.0]
[48.0, 0.0, 850.0, 602.0]
[0.0, 80.0, 803.0, 682.0]
[48.0, 0.0, 852.0, 603.0]
[48.0, 0.0, 853.0, 604.0]
[48.0, 0.0, 854.0, 604.0]
[0.0, 16.0, 807.0, 621.0]
[48.0, 0.0, 856.0, 606.0]
[48.0, 16.0, 857.0, 623.0]
[16.0, 64.0, 826.0, 672.0]
[96.0, 64.0, 907.0, 672.0]
[96.0, 64.0, 908.0, 673.0]
[80.0, 32.0, 893.0, 642.0]
[96.0, 32.0, 910.0, 642.0]
[64.0, 0.0, 879.0, 611.0]
[64.0, 32.0, 880.0, 644.0]
[64.0, 0.0, 881.0, 613.0]
[64.0, 32.0, 882.0, 646.0]
[64.0, 64.0, 883.0, 678.0]
[32.0, 0.0, 852.0, 615.0]
[64.0, 64.0, 885.0, 680.0]
[16.0, 64.0, 838.0, 680.0]
[80.0, 16.0, 903.0, 633.0]
[16.0, 16.0, 840.0, 634.0]
[48.0, 48.0, 873.0, 667.0]
[80.0, 32.0, 906.0, 652.0]
[48.0, 48.0, 875.0, 668.0]
[16.0, 48.0, 844.0, 669.0]
[32.0, 32.0, 861.0, 654.0]
[32.0, 16.0, 862.0, 638.0]
[0.0, 16.0, 831.0, 639.0]
[0.0, 16.0, 832.0, 640.0]
[0.0, 32.0, 833.0, 657.0]
[32.0, 16.0, 866.0, 642.0]
[64.0, 16.0, 899.0, 642.0]
[0.0, 32.0, 836.0, 659.0]
[0.0, 32.0, 837.0, 660.0]
[48.0, 48.0, 886.0, 676.0]
[64.0, 32.0, 903.0, 661.0]
[16.0, 16.0, 856.0, 646.0]
[48.0, 32.0, 889.0, 663.0]
[32.0, 0.0, 874.0, 632.0]
[32.0, 48.0, 875.0, 680.0]
[48.0, 32.0, 892.0, 665.0]
[64.0, 0.0, 909.0, 634.0]
[16.0, 16.0, 862.0, 650.0]
[16.0, 32.0, 863.0, 667.0]
[16.0, 0.0, 864.0, 636.0]
[32.0, 16.0, 881.0, 653.0]
[16.0, 0.0, 866.0, 638.0]
[32.0, 0.0, 883.0, 638.0]
[16.0, 16.0, 868.0, 655.0]
[32.0, 32.0, 885.0, 672.0]
[16.0, 32.0, 870.0, 672.0]
[0.0, 32.0, 855.0, 673.0]
[16.0, 32.0, 872.0, 674.0]
[16.0, 0.0, 873.0, 643.0]
[16.0, 32.0, 874.0, 676.0]
[16.0, 0.0, 875.0, 644.0]
[48.0, 0.0, 908.0, 645.0]
[16.0, 0.0, 877.0, 646.0]
[16.0, 32.0, 878.0, 678.0]
[32.0, 16.0, 895.0, 663.0]
[32.0, 32.0, 896.0, 680.0]
[16.0, 32.0, 881.0, 681.0]
