[112.0, 96.0, 856.0, 654.0]
[176.0, 32.0, 921.0, 591.0]
[112.0, 80.0, 858.0, 640.0]
[160.0, 48.0, 907.0, 608.0]
[208.0, 80.0, 956.0, 641.0]
[224.0, 96.0, 973.0, 658.0]
[192.0, 96.0, 942.0, 658.0]
[80.0, 80.0, 831.0, 643.0]
[48.0, 96.0, 800.0, 660.0]
[128.0, 96.0, 881.0, 661.0]
[144.0, 48.0, 898.0, 614.0]
[112.0, 32.0, 867.0, 598.0]
[64.0, 96.0, 820.0, 663.0]
[96.0, 96.0, 853.0, 664.0]
[112.0, 96.0, 870.0, 664.0]
[144.0, 32.0, 903.0, 601.0]
[208.0, 64.0, 968.0, 634.0]
[112.0, 48.0, 873.0, 619.0]
[128.0, 96.0, 890.0, 668.0]
[192.0, 64.0, 955.0, 636.0]
[208.0, 80.0, 972.0, 653.0]
[176.0, 96.0, 941.0, 670.0]
[48.0, 64.0, 814.0, 638.0]
[240.0, 64.0, 1007.0, 639.0]
[128.0, 16.0, 896.0, 592.0]
[64.0, 96.0, 833.0, 673.0]
[96.0, 48.0, 866.0, 626.0]
[32.0, 80.0, 803.0, 658.0]
[64.0, 96.0, 836.0, 675.0]
[112.0, 96.0, 885.0, 676.0]
[192.0, 48.0, 966.0, 628.0]
[192.0, 80.0, 967.0, 661.0]
[176.0, 16.0, 952.0, 598.0]
[208.0, 64.0, 985.0, 647.0]
[208.0, 16.0, 986.0, 600.0]
[192.0, 96.0, 971.0, 680.0]
[112.0, 16.0, 892.0, 601.0]
[192.0, 32.0, 973.0, 618.0]
[224.0, 64.0, 1006.0, 650.0]
[112.0, 16.0, 895.0, 603.0]
[48.0, 64.0, 832.0, 652.0]
[128.0, 48.0, 913.0, 637.0]
[176.0, 0.0, 962.0, 590.0]
[160.0, 48.0, 947.0, 638.0]
[176.0, 0.0, 964.0, 591.0]
[160.0, 0.0, 949.0, 592.0]
[96.0, 64.0, 886.0, 656.0]
[0.0, 32.0, 791.0, 625.0]
[160.0, 96.0, 952.0, 690.0]
[16.0, 80.0, 809.0, 675.0]
[192.0, 32.0, 986.0, 628.0]
[96.0, 16.0, 891.0, 612.0]
[64.0, 64.0, 860.0, 661.0]
[112.0, 80.0, 909.0, 678.0]
[224.0, 32.0, 1022.0, 630.0]
[64.0, 80.0, 863.0, 679.0]
[32.0, 80.0, 832.0, 680.0]
[160.0, 32.0, 961.0, 633.0]
[48.0, 0.0, 850.0, 602.0]
[112.0, 64.0, 915.0, 666.0]
[80.0, 80.0, 884.0, 683.0]
[176.0, 48.0, 981.0, 652.0]
[176.0, 48.0, 982.0, 652.0]
[128.0, 80.0, 935.0, 685.0]
[80.0, 16.0, 888.0, 622.0]
[208.0, 64.0, 1017.0, 671.0]
[176.0, 32.0, 986.0, 640.0]
[192.0, 0.0, 1003.0, 608.0]
[0.0, 48.0, 812.0, 657.0]
[160.0, 48.0, 973.0, 658.0]
[16.0, 64.0, 830.0, 674.0]
[192.0, 16.0, 1007.0, 627.0]
[144.0, 16.0, 960.0, 628.0]
[160.0, 32.0, 977.0, 645.0]
[144.0, 0.0, 962.0, 614.0]
[176.0, 48.0, 995.0, 662.0]
[96.0, 32.0, 916.0, 647.0]
[32.0, 16.0, 853.0, 632.0]
[144.0, 0.0, 966.0, 616.0]
[176.0, 48.0, 999.0, 665.0]
[160.0, 32.0, 984.0, 650.0]
[96.0, 16.0, 921.0, 635.0]
[128.0, 0.0, 954.0, 620.0]
[96.0, 0.0, 923.0, 620.0]
[144.0, 0.0, 972.0, 621.0]
[176.0, 16.0, 1005.0, 638.0]
[32.0, 0.0, 862.0, 622.0]
[128.0, 48.0, 959.0, 671.0]
[96.0, 16.0, 928.0, 640.0]
[96.0, 64.0, 929.0, 689.0]
[176.0, 16.0, 1010.0, 642.0]
[160.0, 0.0, 995.0, 626.0]
[48.0, 48.0, 884.0, 675.0]
[64.0, 16.0, 901.0, 644.0]
[176.0, 0.0, 1014.0, 628.0]
[112.0, 16.0, 951.0, 645.0]
[176.0, 32.0, 1016.0, 662.0]
[80.0, 48.0, 921.0, 679.0]
[32.0, 16.0, 874.0, 648.0]
[16.0, 16.0, 859.0, 648.0]
[16.0, 0.0, 860.0, 633.0]
[80.0, 32.0, 925.0, 666.0]
[32.0, 0.0, 878.0, 634.0]
[32.0, 48.0, 879.0, 683.0]
[80.0, 0.0, 928.0, 636.0]
[80.0, 48.0, 929.0, 685.0]
[32.0, 16.0, 882.0, 654.0]
[0.0, 0.0, 851.0, 638.0]
[112.0, 32.0, 964.0, 671.0]
[48.0, 32.0, 901.0, 672.0]
[32.0, 16.0, 886.0, 656.0]
[144.0, 16.0, 999.0, 657.0]
[112.0, 0.0, 968.0, 642.0]
[0.0, 32.0, 857.0, 675.0]
[64.0, 32.0, 922.0, 676.0]
[80.0, 32.0, 939.0, 676.0]
[64.0, 0.0, 924.0, 645.0]
[144.0, 32.0, 1005.0, 678.0]
[16.0, 32.0, 878.0, 678.0]
[64.0, 0.0, 927.0, 647.0]
[64.0, 0.0, 928.0, 648.0]
[48.0, 16.0, 913.0, 665.0]
[64.0, 16.0, 930.0, 666.0]
[0.0, 0.0, 867.0, 650.0]
[80.0, 0.0, 948.0, 651.0]
[80.0, 16.0, 949.0, 668.0]
[80.0, 32.0, 950.0, 684.0]
[144.0, 0.0, 1015.0, 653.0]
[112.0, 16.0, 984.0, 670.0]
[0.0, 0.0, 873.0, 655.0]
[144.0, 0.0, 1018.0, 656.0]
[80.0, 32.0, 955.0, 688.0]
[80.0, 16.0, 956.0, 673.0]
[128.0, 32.0, 1005.0, 690.0]
[16.0, 16.0, 894.0, 674.0]
[80.0, 16.0, 959.0, 675.0]
[80.0, 16.0, 960.0, 676.0]
[0.0, 0.0, 881.0, 661.0]
[48.0, 16.0, 930.0, 678.0]
[96.0, 16.0, 979.0, 678.0]
[48.0, 16.0, 932.0, 679.0]
[0.0, 16.0, 885.0, 680.0]
[80.0, 16.0, 966.0, 680.0]
[128.0, 0.0, 1015.0, 665.0]
[128.0, 16.0, 1016.0, 682.0]
[128.0, 16.0, 1017.0, 683.0]
[96.0, 16.0, 986.0, 684.0]
[128.0, 16.0, 1019.0, 684.0]
[32.0, 0.0, 924.0, 669.0]
[128.0, 16.0, 1021.0, 686.0]
[96.0, 16.0, 990.0, 686.0]
[96.0, 16.0, 991.0, 687.0]
[48.0, 16.0, 944.0, 688.0]
[16.0, 0.0, 913.0, 673.0]
[0.0, 16.0, 898.0, 690.0]
[32.0, 16.0, 931.0, 690.0]
[0.0, 0.0, 900.0, 675.0]
[96.0, 0.0, 997.0, 676.0]
[80.0, 0.0, 982.0, 676.0]
[48.0, 0.0, 951.0, 677.0]
[48.0, 0.0, 952.0, 678.0]
[16.0, 0.0, 921.0, 679.0]
[16.0, 0.0, 922.0, 680.0]
[96.0, 0.0, 1003.0, 680.0]
[96.0, 0.0, 1004.0, 681.0]
[112.0, 0.0, 1021.0, 682.0]
[80.0, 0.0, 990.0, 682.0]
[0.0, 0.0, 911.0, 683.0]
[32.0, 0.0, 944.0, 684.0]
[64.0, 0.0, 977.0, 685.0]
[96.0, 0.0, 1010.0, 686.0]
[80.0, 0.0, 995.0, 686.0]
[32.0, 0.0, 948.0, 687.0]
[64.0, 0.0, 981.0, 688.0]
[16.0, 0.0, 934.0, 688.0]
[16.0, 0.0, 935.0, 689.0]
[0.0, 0.0, 920.0, 690.0]
