[80.0, 144.0, 618.0, 861.0]
[160.0, 80.0, 698.0, 798.0]
[112.0, 96.0, 651.0, 815.0]
[160.0, 64.0, 700.0, 784.0]
[48.0, 48.0, 589.0, 769.0]
[64.0, 0.0, 606.0, 722.0]
[96.0, 32.0, 638.0, 755.0]
[64.0, 128.0, 607.0, 852.0]
[80.0, 64.0, 624.0, 789.0]
[144.0, 128.0, 688.0, 854.0]
[48.0, 96.0, 593.0, 823.0]
[144.0, 112.0, 690.0, 840.0]
[64.0, 32.0, 611.0, 761.0]
[80.0, 48.0, 628.0, 778.0]
[80.0, 0.0, 628.0, 731.0]
[48.0, 32.0, 597.0, 764.0]
[96.0, 128.0, 646.0, 861.0]
[48.0, 64.0, 598.0, 798.0]
[96.0, 32.0, 647.0, 767.0]
[96.0, 0.0, 648.0, 736.0]
[64.0, 112.0, 617.0, 849.0]
[144.0, 96.0, 698.0, 834.0]
[144.0, 80.0, 698.0, 819.0]
[128.0, 64.0, 683.0, 804.0]
[64.0, 64.0, 620.0, 805.0]
[128.0, 32.0, 684.0, 774.0]
[80.0, 64.0, 637.0, 807.0]
[144.0, 128.0, 702.0, 872.0]
[112.0, 80.0, 671.0, 825.0]
[48.0, 0.0, 608.0, 746.0]
[64.0, 16.0, 624.0, 763.0]
[112.0, 112.0, 673.0, 860.0]
[112.0, 0.0, 674.0, 749.0]
[80.0, 16.0, 642.0, 766.0]
[32.0, 32.0, 595.0, 783.0]
[48.0, 80.0, 612.0, 832.0]
[64.0, 80.0, 629.0, 833.0]
[128.0, 48.0, 694.0, 802.0]
[80.0, 48.0, 646.0, 803.0]
[64.0, 0.0, 631.0, 756.0]
[96.0, 32.0, 664.0, 789.0]
[112.0, 32.0, 680.0, 790.0]
[96.0, 112.0, 665.0, 871.0]
[112.0, 48.0, 682.0, 808.0]
[32.0, 64.0, 603.0, 825.0]
[48.0, 48.0, 620.0, 810.0]
[48.0, 0.0, 620.0, 763.0]
[112.0, 16.0, 685.0, 780.0]
[80.0, 32.0, 654.0, 797.0]
[112.0, 16.0, 686.0, 782.0]
[112.0, 64.0, 687.0, 831.0]
[128.0, 16.0, 704.0, 784.0]
[128.0, 64.0, 705.0, 833.0]
[16.0, 64.0, 594.0, 834.0]
[96.0, 32.0, 674.0, 803.0]
[32.0, 32.0, 611.0, 804.0]
[96.0, 80.0, 676.0, 853.0]
[16.0, 64.0, 596.0, 838.0]
[96.0, 32.0, 677.0, 807.0]
[64.0, 32.0, 646.0, 808.0]
[80.0, 96.0, 663.0, 873.0]
[96.0, 96.0, 680.0, 874.0]
[112.0, 64.0, 696.0, 843.0]
[96.0, 48.0, 681.0, 828.0]
[112.0, 0.0, 698.0, 781.0]
[64.0, 48.0, 650.0, 830.0]
[32.0, 32.0, 619.0, 815.0]
[80.0, 32.0, 668.0, 816.0]
[0.0, 32.0, 589.0, 817.0]
[80.0, 0.0, 670.0, 786.0]
[80.0, 48.0, 670.0, 835.0]
[64.0, 80.0, 655.0, 868.0]
[80.0, 48.0, 672.0, 837.0]
[16.0, 48.0, 608.0, 838.0]
[96.0, 64.0, 689.0, 855.0]
[48.0, 32.0, 642.0, 824.0]
[64.0, 0.0, 659.0, 793.0]
[96.0, 80.0, 692.0, 874.0]
[48.0, 16.0, 644.0, 811.0]
[16.0, 64.0, 613.0, 860.0]
[32.0, 64.0, 630.0, 861.0]
[0.0, 16.0, 598.0, 814.0]
[80.0, 0.0, 679.0, 799.0]
[32.0, 48.0, 632.0, 848.0]
[32.0, 16.0, 633.0, 817.0]
[32.0, 32.0, 634.0, 834.0]
[96.0, 48.0, 698.0, 851.0]
[16.0, 64.0, 619.0, 868.0]
[64.0, 32.0, 668.0, 837.0]
[32.0, 0.0, 636.0, 806.0]
[32.0, 16.0, 637.0, 823.0]
[48.0, 64.0, 654.0, 872.0]
[48.0, 32.0, 655.0, 841.0]
[96.0, 64.0, 704.0, 874.0]
[0.0, 32.0, 608.0, 843.0]
[48.0, 16.0, 657.0, 828.0]
[48.0, 0.0, 658.0, 813.0]
[80.0, 16.0, 690.0, 830.0]
[16.0, 16.0, 627.0, 831.0]
[16.0, 32.0, 628.0, 848.0]
[0.0, 16.0, 613.0, 833.0]
[48.0, 32.0, 662.0, 850.0]
[80.0, 48.0, 694.0, 867.0]
[0.0, 32.0, 615.0, 852.0]
[80.0, 0.0, 696.0, 821.0]
[64.0, 48.0, 680.0, 870.0]
[0.0, 16.0, 617.0, 839.0]
[32.0, 48.0, 650.0, 872.0]
[16.0, 16.0, 635.0, 841.0]
[80.0, 32.0, 700.0, 858.0]
[48.0, 16.0, 668.0, 843.0]
[16.0, 0.0, 637.0, 828.0]
[32.0, 32.0, 654.0, 861.0]
[32.0, 16.0, 654.0, 846.0]
