[80.0, 48.0, 618.0, 765.0]
[160.0, 64.0, 698.0, 782.0]
[160.0, 96.0, 699.0, 815.0]
[144.0, 96.0, 684.0, 816.0]
[32.0, 96.0, 573.0, 817.0]
[112.0, 96.0, 654.0, 818.0]
[48.0, 0.0, 590.0, 723.0]
[128.0, 96.0, 671.0, 820.0]
[32.0, 112.0, 576.0, 837.0]
[112.0, 112.0, 656.0, 838.0]
[112.0, 0.0, 657.0, 727.0]
[16.0, 48.0, 562.0, 776.0]
[144.0, 16.0, 691.0, 745.0]
[144.0, 112.0, 692.0, 842.0]
[112.0, 64.0, 660.0, 795.0]
[48.0, 80.0, 597.0, 812.0]
[112.0, 48.0, 662.0, 781.0]
[128.0, 128.0, 678.0, 862.0]
[96.0, 48.0, 647.0, 783.0]
[128.0, 48.0, 680.0, 784.0]
[16.0, 0.0, 569.0, 737.0]
[32.0, 0.0, 586.0, 738.0]
[112.0, 112.0, 666.0, 851.0]
[48.0, 16.0, 603.0, 756.0]
[32.0, 128.0, 588.0, 869.0]
[144.0, 80.0, 700.0, 822.0]
[64.0, 32.0, 621.0, 775.0]
[48.0, 112.0, 606.0, 856.0]
[96.0, 16.0, 655.0, 761.0]
[128.0, 96.0, 688.0, 842.0]
[144.0, 64.0, 704.0, 811.0]
[32.0, 16.0, 593.0, 764.0]
[128.0, 48.0, 690.0, 797.0]
[64.0, 96.0, 626.0, 846.0]
[64.0, 96.0, 627.0, 847.0]
[64.0, 96.0, 628.0, 848.0]
[112.0, 96.0, 677.0, 849.0]
[96.0, 16.0, 662.0, 770.0]
[32.0, 64.0, 598.0, 819.0]
[80.0, 0.0, 647.0, 756.0]
[32.0, 144.0, 600.0, 901.0]
[128.0, 32.0, 696.0, 790.0]
[32.0, 16.0, 601.0, 775.0]
[16.0, 112.0, 586.0, 872.0]
[80.0, 16.0, 651.0, 777.0]
[48.0, 128.0, 620.0, 890.0]
[112.0, 96.0, 684.0, 859.0]
[32.0, 48.0, 605.0, 812.0]
[128.0, 32.0, 702.0, 797.0]
[144.0, 16.0, 718.0, 782.0]
[0.0, 0.0, 575.0, 767.0]
[64.0, 64.0, 640.0, 832.0]
[96.0, 128.0, 673.0, 897.0]
[16.0, 80.0, 594.0, 850.0]
[112.0, 16.0, 690.0, 787.0]
[80.0, 128.0, 659.0, 900.0]
[64.0, 96.0, 644.0, 869.0]
[80.0, 64.0, 660.0, 838.0]
[96.0, 80.0, 677.0, 855.0]
[0.0, 96.0, 582.0, 872.0]
[16.0, 64.0, 599.0, 841.0]
[160.0, 32.0, 744.0, 810.0]
[128.0, 32.0, 712.0, 811.0]
[112.0, 112.0, 697.0, 892.0]
[48.0, 48.0, 634.0, 829.0]
[64.0, 32.0, 650.0, 814.0]
[0.0, 80.0, 587.0, 863.0]
[32.0, 128.0, 620.0, 912.0]
[128.0, 32.0, 717.0, 817.0]
[96.0, 0.0, 686.0, 786.0]
[16.0, 96.0, 606.0, 883.0]
[16.0, 16.0, 607.0, 804.0]
[32.0, 144.0, 624.0, 933.0]
[16.0, 112.0, 608.0, 902.0]
[64.0, 112.0, 657.0, 903.0]
[64.0, 32.0, 658.0, 824.0]
[64.0, 0.0, 659.0, 793.0]
[80.0, 96.0, 676.0, 890.0]
[64.0, 48.0, 660.0, 843.0]
[32.0, 64.0, 629.0, 860.0]
[0.0, 0.0, 598.0, 797.0]
[32.0, 16.0, 630.0, 814.0]
[96.0, 96.0, 695.0, 895.0]
[112.0, 0.0, 712.0, 800.0]
[112.0, 16.0, 713.0, 817.0]
[16.0, 48.0, 618.0, 850.0]
[16.0, 16.0, 618.0, 819.0]
[32.0, 112.0, 635.0, 916.0]
[48.0, 112.0, 652.0, 917.0]
[96.0, 64.0, 700.0, 870.0]
[32.0, 48.0, 637.0, 855.0]
[64.0, 48.0, 670.0, 856.0]
[0.0, 32.0, 607.0, 841.0]
[112.0, 16.0, 720.0, 826.0]
[112.0, 64.0, 720.0, 875.0]
[16.0, 16.0, 625.0, 828.0]
[16.0, 64.0, 626.0, 877.0]
[80.0, 80.0, 690.0, 894.0]
[64.0, 0.0, 675.0, 815.0]
[0.0, 0.0, 612.0, 816.0]
[48.0, 64.0, 661.0, 881.0]
[48.0, 32.0, 662.0, 850.0]
[128.0, 32.0, 742.0, 851.0]
[112.0, 48.0, 727.0, 868.0]
[96.0, 64.0, 712.0, 885.0]
[112.0, 64.0, 728.0, 886.0]
[16.0, 96.0, 633.0, 919.0]
[112.0, 32.0, 730.0, 856.0]
[112.0, 16.0, 731.0, 841.0]
[0.0, 32.0, 620.0, 858.0]
[96.0, 16.0, 716.0, 843.0]
[80.0, 16.0, 701.0, 844.0]
[64.0, 80.0, 686.0, 909.0]
[32.0, 0.0, 654.0, 830.0]
[32.0, 48.0, 655.0, 879.0]
[128.0, 16.0, 752.0, 848.0]
[96.0, 0.0, 721.0, 833.0]
[32.0, 0.0, 658.0, 834.0]
[32.0, 112.0, 658.0, 947.0]
[32.0, 96.0, 659.0, 932.0]
[48.0, 32.0, 676.0, 869.0]
[48.0, 0.0, 676.0, 838.0]
[48.0, 0.0, 677.0, 839.0]
[80.0, 0.0, 710.0, 840.0]
[112.0, 16.0, 743.0, 857.0]
[64.0, 16.0, 696.0, 858.0]
[80.0, 80.0, 712.0, 923.0]
[80.0, 0.0, 713.0, 844.0]
[16.0, 96.0, 650.0, 941.0]
[64.0, 16.0, 698.0, 862.0]
[64.0, 80.0, 699.0, 927.0]
[32.0, 64.0, 668.0, 912.0]
[0.0, 16.0, 637.0, 865.0]
[16.0, 0.0, 654.0, 850.0]
[80.0, 32.0, 718.0, 883.0]
[16.0, 16.0, 655.0, 868.0]
[80.0, 16.0, 720.0, 869.0]
[0.0, 48.0, 640.0, 902.0]
[64.0, 96.0, 705.0, 951.0]
[32.0, 112.0, 674.0, 968.0]
[16.0, 48.0, 659.0, 905.0]
[80.0, 0.0, 724.0, 858.0]
[96.0, 32.0, 740.0, 891.0]
[80.0, 16.0, 725.0, 876.0]
[48.0, 80.0, 694.0, 941.0]
[64.0, 48.0, 710.0, 910.0]
[64.0, 96.0, 711.0, 959.0]
[96.0, 0.0, 744.0, 864.0]
[16.0, 32.0, 665.0, 897.0]
[16.0, 80.0, 666.0, 946.0]
[0.0, 32.0, 650.0, 899.0]
[16.0, 80.0, 667.0, 948.0]
[32.0, 80.0, 684.0, 949.0]
[80.0, 64.0, 732.0, 934.0]
[0.0, 96.0, 653.0, 967.0]
[80.0, 64.0, 734.0, 936.0]
[48.0, 80.0, 703.0, 953.0]
[32.0, 0.0, 688.0, 874.0]
[0.0, 96.0, 656.0, 971.0]
[0.0, 96.0, 657.0, 972.0]
[64.0, 64.0, 722.0, 941.0]
[48.0, 80.0, 706.0, 958.0]
[80.0, 48.0, 739.0, 927.0]
[32.0, 0.0, 692.0, 880.0]
[16.0, 16.0, 677.0, 897.0]
[48.0, 48.0, 710.0, 930.0]
[32.0, 64.0, 694.0, 947.0]
[16.0, 80.0, 679.0, 964.0]
[32.0, 96.0, 696.0, 981.0]
[32.0, 80.0, 696.0, 966.0]
[16.0, 48.0, 681.0, 935.0]
[0.0, 0.0, 666.0, 888.0]
[16.0, 96.0, 683.0, 985.0]
[32.0, 48.0, 700.0, 938.0]
[16.0, 64.0, 684.0, 955.0]
[16.0, 0.0, 685.0, 892.0]
[0.0, 64.0, 670.0, 957.0]
[64.0, 32.0, 734.0, 926.0]
[0.0, 96.0, 671.0, 991.0]
[16.0, 0.0, 688.0, 896.0]
[32.0, 16.0, 705.0, 913.0]
[32.0, 0.0, 706.0, 898.0]
[0.0, 48.0, 674.0, 947.0]
[16.0, 0.0, 691.0, 900.0]
[16.0, 80.0, 692.0, 981.0]
[64.0, 16.0, 740.0, 918.0]
[32.0, 48.0, 709.0, 951.0]
[48.0, 0.0, 726.0, 904.0]
[48.0, 64.0, 727.0, 969.0]
[48.0, 16.0, 728.0, 922.0]
[48.0, 48.0, 728.0, 955.0]
[0.0, 0.0, 681.0, 908.0]
[32.0, 0.0, 714.0, 909.0]
[48.0, 48.0, 730.0, 958.0]
[16.0, 64.0, 699.0, 975.0]
[48.0, 48.0, 732.0, 960.0]
[48.0, 32.0, 733.0, 945.0]
[32.0, 0.0, 718.0, 914.0]
[0.0, 32.0, 686.0, 947.0]
[0.0, 64.0, 687.0, 980.0]
[0.0, 48.0, 688.0, 965.0]
[0.0, 48.0, 688.0, 966.0]
[16.0, 32.0, 705.0, 951.0]
[0.0, 80.0, 690.0, 1000.0]
[32.0, 16.0, 723.0, 937.0]
[16.0, 32.0, 708.0, 954.0]
[64.0, 0.0, 756.0, 923.0]
[32.0, 64.0, 725.0, 988.0]
[32.0, 16.0, 726.0, 941.0]
[48.0, 16.0, 742.0, 942.0]
[16.0, 48.0, 711.0, 975.0]
[16.0, 0.0, 712.0, 928.0]
[48.0, 32.0, 745.0, 961.0]
[0.0, 0.0, 698.0, 930.0]
[48.0, 16.0, 746.0, 947.0]
[32.0, 16.0, 731.0, 948.0]
[32.0, 0.0, 732.0, 933.0]
[32.0, 48.0, 732.0, 982.0]
[48.0, 0.0, 749.0, 935.0]
[16.0, 64.0, 718.0, 1000.0]
[0.0, 64.0, 703.0, 1001.0]
[32.0, 16.0, 736.0, 954.0]
[16.0, 16.0, 720.0, 955.0]
[0.0, 16.0, 705.0, 956.0]
[0.0, 16.0, 706.0, 957.0]
[0.0, 64.0, 706.0, 1006.0]
[32.0, 16.0, 739.0, 959.0]
[32.0, 48.0, 740.0, 992.0]
[16.0, 48.0, 725.0, 993.0]
[16.0, 16.0, 726.0, 962.0]
[32.0, 16.0, 742.0, 963.0]
[0.0, 32.0, 711.0, 980.0]
[16.0, 48.0, 728.0, 997.0]
[16.0, 16.0, 728.0, 966.0]
[0.0, 0.0, 713.0, 951.0]
[32.0, 0.0, 746.0, 952.0]
[0.0, 48.0, 715.0, 1001.0]
[0.0, 48.0, 716.0, 1002.0]
[16.0, 0.0, 732.0, 955.0]
[16.0, 0.0, 733.0, 956.0]
[0.0, 16.0, 718.0, 973.0]
[32.0, 32.0, 750.0, 990.0]
[0.0, 48.0, 719.0, 1007.0]
[0.0, 0.0, 720.0, 960.0]
[0.0, 32.0, 721.0, 993.0]
[16.0, 32.0, 738.0, 994.0]
[16.0, 32.0, 738.0, 995.0]
[0.0, 0.0, 723.0, 964.0]
[16.0, 32.0, 740.0, 997.0]
