[208.0, 240.0, 925.0, 778.0]
[48.0, 224.0, 766.0, 762.0]
[192.0, 208.0, 911.0, 747.0]
[288.0, 224.0, 1008.0, 764.0]
[272.0, 224.0, 993.0, 765.0]
[112.0, 224.0, 834.0, 766.0]
[112.0, 208.0, 835.0, 750.0]
[112.0, 240.0, 836.0, 783.0]
[160.0, 224.0, 885.0, 768.0]
[16.0, 224.0, 742.0, 768.0]
[96.0, 208.0, 823.0, 753.0]
[160.0, 192.0, 888.0, 738.0]
[144.0, 208.0, 873.0, 755.0]
[272.0, 224.0, 1002.0, 772.0]
[224.0, 192.0, 955.0, 740.0]
[256.0, 208.0, 988.0, 757.0]
[176.0, 192.0, 909.0, 742.0]
[128.0, 240.0, 862.0, 790.0]
[256.0, 240.0, 991.0, 791.0]
[48.0, 208.0, 784.0, 760.0]
[192.0, 224.0, 929.0, 777.0]
[112.0, 224.0, 850.0, 778.0]
[176.0, 208.0, 915.0, 762.0]
[240.0, 224.0, 980.0, 779.0]
[16.0, 224.0, 757.0, 780.0]
[240.0, 192.0, 982.0, 748.0]
[16.0, 224.0, 759.0, 781.0]
[32.0, 192.0, 776.0, 750.0]
[256.0, 192.0, 1001.0, 751.0]
[96.0, 176.0, 842.0, 736.0]
[80.0, 224.0, 827.0, 784.0]
[144.0, 224.0, 892.0, 785.0]
[160.0, 208.0, 909.0, 770.0]
[256.0, 208.0, 1006.0, 770.0]
[176.0, 176.0, 927.0, 739.0]
[144.0, 176.0, 896.0, 740.0]
[192.0, 192.0, 945.0, 757.0]
[192.0, 176.0, 946.0, 742.0]
[256.0, 208.0, 1011.0, 774.0]
[176.0, 224.0, 932.0, 791.0]
[96.0, 224.0, 853.0, 792.0]
[160.0, 224.0, 918.0, 792.0]
[128.0, 208.0, 887.0, 777.0]
[160.0, 192.0, 920.0, 762.0]
[48.0, 192.0, 809.0, 763.0]
[16.0, 208.0, 778.0, 780.0]
[32.0, 208.0, 795.0, 780.0]
[48.0, 208.0, 812.0, 781.0]
[80.0, 208.0, 845.0, 782.0]
[160.0, 208.0, 926.0, 782.0]
[112.0, 176.0, 879.0, 751.0]
[80.0, 208.0, 848.0, 784.0]
[144.0, 192.0, 913.0, 769.0]
[16.0, 192.0, 786.0, 770.0]
[128.0, 192.0, 899.0, 770.0]
[192.0, 208.0, 964.0, 787.0]
[144.0, 160.0, 917.0, 740.0]
[176.0, 192.0, 950.0, 772.0]
[96.0, 192.0, 871.0, 773.0]
[96.0, 176.0, 872.0, 758.0]
[128.0, 160.0, 905.0, 743.0]
[208.0, 176.0, 986.0, 760.0]
[176.0, 192.0, 955.0, 776.0]
[96.0, 192.0, 876.0, 777.0]
[64.0, 160.0, 845.0, 746.0]
[224.0, 192.0, 1006.0, 778.0]
[192.0, 192.0, 975.0, 779.0]
[192.0, 176.0, 976.0, 764.0]
[224.0, 176.0, 1009.0, 765.0]
[48.0, 144.0, 834.0, 734.0]
[80.0, 176.0, 867.0, 766.0]
[112.0, 144.0, 900.0, 735.0]
[224.0, 176.0, 1013.0, 768.0]
[176.0, 192.0, 966.0, 784.0]
[112.0, 192.0, 903.0, 785.0]
[48.0, 192.0, 840.0, 786.0]
[80.0, 176.0, 873.0, 771.0]
[144.0, 192.0, 938.0, 788.0]
[96.0, 160.0, 891.0, 756.0]
[144.0, 144.0, 940.0, 741.0]
[80.0, 160.0, 877.0, 758.0]
[112.0, 176.0, 910.0, 774.0]
[32.0, 160.0, 831.0, 759.0]
[80.0, 192.0, 880.0, 792.0]
[32.0, 176.0, 833.0, 777.0]
[208.0, 160.0, 1010.0, 762.0]
[128.0, 144.0, 931.0, 746.0]
[48.0, 144.0, 852.0, 747.0]
[144.0, 176.0, 949.0, 780.0]
[128.0, 144.0, 934.0, 748.0]
[96.0, 176.0, 903.0, 781.0]
[80.0, 128.0, 888.0, 734.0]
[32.0, 160.0, 841.0, 767.0]
[144.0, 160.0, 954.0, 768.0]
[112.0, 128.0, 923.0, 736.0]
[128.0, 176.0, 940.0, 785.0]
[48.0, 128.0, 861.0, 738.0]
[176.0, 176.0, 990.0, 786.0]
[96.0, 160.0, 911.0, 771.0]
[192.0, 160.0, 1008.0, 772.0]
[192.0, 176.0, 1009.0, 789.0]
[128.0, 128.0, 946.0, 742.0]
[32.0, 176.0, 851.0, 790.0]
[128.0, 176.0, 948.0, 791.0]
[128.0, 176.0, 949.0, 792.0]
[96.0, 128.0, 918.0, 744.0]
[112.0, 144.0, 935.0, 761.0]
[160.0, 144.0, 984.0, 762.0]
[64.0, 160.0, 889.0, 779.0]
[144.0, 128.0, 970.0, 748.0]
[80.0, 128.0, 907.0, 748.0]
[144.0, 128.0, 972.0, 749.0]
[64.0, 112.0, 893.0, 734.0]
[96.0, 160.0, 926.0, 782.0]
[80.0, 144.0, 911.0, 767.0]
[128.0, 144.0, 960.0, 768.0]
[96.0, 160.0, 929.0, 785.0]
[48.0, 128.0, 882.0, 754.0]
[64.0, 112.0, 899.0, 738.0]
[32.0, 160.0, 868.0, 787.0]
[16.0, 160.0, 853.0, 788.0]
[80.0, 128.0, 918.0, 756.0]
[96.0, 112.0, 935.0, 741.0]
[16.0, 128.0, 856.0, 758.0]
[32.0, 160.0, 873.0, 791.0]
[80.0, 144.0, 922.0, 776.0]
[176.0, 144.0, 1019.0, 776.0]
[64.0, 128.0, 908.0, 761.0]
[112.0, 112.0, 957.0, 746.0]
[32.0, 128.0, 878.0, 762.0]
[64.0, 128.0, 911.0, 763.0]
[112.0, 128.0, 960.0, 764.0]
[160.0, 128.0, 1009.0, 765.0]
[80.0, 128.0, 930.0, 766.0]
[112.0, 144.0, 963.0, 782.0]
[128.0, 112.0, 980.0, 751.0]
[32.0, 128.0, 885.0, 768.0]
[16.0, 128.0, 870.0, 768.0]
[128.0, 96.0, 983.0, 737.0]
[64.0, 144.0, 920.0, 786.0]
[64.0, 128.0, 921.0, 771.0]
[64.0, 96.0, 922.0, 740.0]
[80.0, 128.0, 939.0, 772.0]
[32.0, 144.0, 892.0, 789.0]
[96.0, 112.0, 957.0, 758.0]
[32.0, 112.0, 894.0, 758.0]
[64.0, 112.0, 927.0, 759.0]
[128.0, 96.0, 992.0, 744.0]
[48.0, 96.0, 913.0, 745.0]
[64.0, 96.0, 930.0, 746.0]
[48.0, 96.0, 915.0, 746.0]
[64.0, 96.0, 932.0, 747.0]
[96.0, 96.0, 965.0, 748.0]
[80.0, 96.0, 950.0, 748.0]
[112.0, 112.0, 983.0, 765.0]
[128.0, 96.0, 1000.0, 750.0]
[48.0, 80.0, 921.0, 735.0]
[64.0, 96.0, 938.0, 752.0]
[64.0, 128.0, 939.0, 784.0]
[128.0, 112.0, 1004.0, 769.0]
[64.0, 128.0, 941.0, 786.0]
[112.0, 112.0, 990.0, 770.0]
[128.0, 128.0, 1007.0, 787.0]
[16.0, 128.0, 896.0, 788.0]
[112.0, 112.0, 993.0, 773.0]
[16.0, 112.0, 898.0, 774.0]
[96.0, 96.0, 979.0, 758.0]
[32.0, 128.0, 916.0, 791.0]
[112.0, 112.0, 997.0, 776.0]
[48.0, 112.0, 934.0, 776.0]
[48.0, 80.0, 935.0, 745.0]
[80.0, 80.0, 968.0, 746.0]
[64.0, 80.0, 953.0, 747.0]
[16.0, 96.0, 906.0, 764.0]
[96.0, 96.0, 987.0, 764.0]
[80.0, 80.0, 972.0, 749.0]
[112.0, 80.0, 1005.0, 750.0]
[32.0, 112.0, 926.0, 782.0]
[64.0, 112.0, 959.0, 783.0]
[32.0, 80.0, 928.0, 752.0]
[64.0, 64.0, 961.0, 737.0]
[64.0, 80.0, 962.0, 754.0]
[96.0, 80.0, 995.0, 754.0]
[112.0, 96.0, 1012.0, 771.0]
[80.0, 96.0, 981.0, 772.0]
[96.0, 80.0, 998.0, 756.0]
[80.0, 112.0, 983.0, 789.0]
[32.0, 96.0, 936.0, 774.0]
[16.0, 112.0, 921.0, 791.0]
[32.0, 80.0, 938.0, 760.0]
[32.0, 96.0, 939.0, 776.0]
[80.0, 96.0, 988.0, 777.0]
[32.0, 96.0, 941.0, 778.0]
[80.0, 96.0, 990.0, 778.0]
[96.0, 80.0, 1007.0, 763.0]
[48.0, 96.0, 960.0, 780.0]
[80.0, 96.0, 993.0, 781.0]
[48.0, 64.0, 962.0, 750.0]
[64.0, 96.0, 979.0, 782.0]
[16.0, 96.0, 932.0, 783.0]
[64.0, 96.0, 981.0, 784.0]
[80.0, 64.0, 998.0, 752.0]
[48.0, 48.0, 967.0, 737.0]
[80.0, 80.0, 1000.0, 770.0]
[80.0, 64.0, 1001.0, 755.0]
[64.0, 64.0, 986.0, 756.0]
[32.0, 96.0, 955.0, 788.0]
[64.0, 96.0, 988.0, 789.0]
[80.0, 96.0, 1005.0, 790.0]
[48.0, 80.0, 974.0, 774.0]
[64.0, 80.0, 991.0, 775.0]
[32.0, 48.0, 960.0, 744.0]
[64.0, 64.0, 993.0, 761.0]
[64.0, 80.0, 994.0, 778.0]
[16.0, 80.0, 947.0, 778.0]
[16.0, 80.0, 948.0, 779.0]
[32.0, 48.0, 965.0, 748.0]
[16.0, 80.0, 950.0, 780.0]
[80.0, 64.0, 1015.0, 765.0]
[80.0, 64.0, 1016.0, 766.0]
[48.0, 48.0, 985.0, 751.0]
[16.0, 80.0, 954.0, 784.0]
[64.0, 64.0, 1003.0, 768.0]
[48.0, 64.0, 988.0, 769.0]
[48.0, 48.0, 989.0, 754.0]
[64.0, 80.0, 1006.0, 786.0]
[32.0, 64.0, 975.0, 771.0]
[32.0, 64.0, 976.0, 772.0]
[16.0, 80.0, 961.0, 789.0]
[48.0, 80.0, 994.0, 790.0]
[32.0, 48.0, 979.0, 758.0]
[32.0, 64.0, 980.0, 775.0]
[64.0, 64.0, 1013.0, 776.0]
[64.0, 48.0, 1014.0, 760.0]
[64.0, 64.0, 1015.0, 777.0]
[48.0, 48.0, 1000.0, 762.0]
[32.0, 48.0, 985.0, 763.0]
[16.0, 48.0, 970.0, 764.0]
[16.0, 48.0, 971.0, 764.0]
[32.0, 64.0, 988.0, 781.0]
[16.0, 48.0, 973.0, 766.0]
[48.0, 48.0, 1006.0, 766.0]
[48.0, 48.0, 1007.0, 767.0]
[48.0, 64.0, 1008.0, 784.0]
[48.0, 48.0, 1009.0, 769.0]
[48.0, 64.0, 1010.0, 786.0]
[32.0, 32.0, 995.0, 754.0]
[16.0, 64.0, 980.0, 787.0]
[48.0, 64.0, 1013.0, 788.0]
[16.0, 32.0, 982.0, 756.0]
[16.0, 48.0, 983.0, 773.0]
[16.0, 32.0, 984.0, 758.0]
[16.0, 64.0, 985.0, 791.0]
[32.0, 32.0, 1002.0, 760.0]
[16.0, 32.0, 987.0, 760.0]
