[80.0, 112.0, 865.0, 701.0]
[192.0, 32.0, 978.0, 622.0]
[48.0, 128.0, 835.0, 718.0]
[80.0, 80.0, 868.0, 671.0]
[48.0, 128.0, 837.0, 720.0]
[96.0, 64.0, 886.0, 656.0]
[160.0, 128.0, 951.0, 721.0]
[64.0, 96.0, 856.0, 690.0]
[128.0, 128.0, 921.0, 723.0]
[160.0, 64.0, 954.0, 660.0]
[128.0, 96.0, 923.0, 692.0]
[96.0, 128.0, 892.0, 725.0]
[128.0, 32.0, 925.0, 630.0]
[144.0, 96.0, 942.0, 694.0]
[48.0, 64.0, 847.0, 663.0]
[48.0, 128.0, 848.0, 728.0]
[112.0, 80.0, 913.0, 681.0]
[64.0, 144.0, 866.0, 746.0]
[112.0, 112.0, 915.0, 714.0]
[48.0, 80.0, 852.0, 683.0]
[128.0, 64.0, 933.0, 668.0]
[176.0, 16.0, 982.0, 620.0]
[64.0, 64.0, 871.0, 669.0]
[96.0, 112.0, 904.0, 718.0]
[48.0, 64.0, 857.0, 671.0]
[144.0, 80.0, 954.0, 688.0]
[144.0, 80.0, 955.0, 688.0]
[192.0, 48.0, 1004.0, 657.0]
[160.0, 16.0, 973.0, 626.0]
[128.0, 80.0, 942.0, 690.0]
[112.0, 112.0, 927.0, 723.0]
[64.0, 128.0, 880.0, 740.0]
[64.0, 48.0, 881.0, 661.0]
[176.0, 96.0, 994.0, 710.0]
[96.0, 48.0, 915.0, 662.0]
[192.0, 32.0, 1012.0, 647.0]
[176.0, 80.0, 997.0, 696.0]
[48.0, 128.0, 870.0, 744.0]
[176.0, 48.0, 999.0, 665.0]
[144.0, 128.0, 968.0, 746.0]
[128.0, 144.0, 953.0, 763.0]
[128.0, 48.0, 954.0, 668.0]
[80.0, 0.0, 907.0, 620.0]
[176.0, 112.0, 1004.0, 733.0]
[112.0, 0.0, 941.0, 622.0]
[48.0, 16.0, 878.0, 638.0]
[128.0, 112.0, 959.0, 735.0]
[64.0, 96.0, 896.0, 720.0]
[16.0, 48.0, 849.0, 673.0]
[128.0, 0.0, 962.0, 626.0]
[96.0, 16.0, 931.0, 642.0]
[112.0, 16.0, 948.0, 643.0]
[112.0, 80.0, 949.0, 708.0]
[80.0, 0.0, 918.0, 628.0]
[96.0, 32.0, 935.0, 661.0]
[112.0, 64.0, 952.0, 694.0]
[112.0, 16.0, 953.0, 647.0]
[128.0, 0.0, 970.0, 632.0]
[176.0, 32.0, 1019.0, 664.0]
[64.0, 128.0, 908.0, 761.0]
[144.0, 112.0, 989.0, 746.0]
[48.0, 128.0, 894.0, 762.0]
[48.0, 0.0, 895.0, 635.0]
[16.0, 0.0, 864.0, 636.0]
[64.0, 64.0, 913.0, 701.0]
[16.0, 64.0, 866.0, 702.0]
[160.0, 16.0, 1011.0, 654.0]
[32.0, 96.0, 884.0, 735.0]
[64.0, 96.0, 917.0, 736.0]
[32.0, 112.0, 886.0, 752.0]
[144.0, 48.0, 999.0, 689.0]
[16.0, 112.0, 872.0, 754.0]
[144.0, 16.0, 1001.0, 659.0]
[64.0, 0.0, 922.0, 644.0]
[0.0, 64.0, 859.0, 708.0]
[0.0, 48.0, 860.0, 693.0]
[144.0, 96.0, 1005.0, 742.0]
[64.0, 0.0, 926.0, 646.0]
[64.0, 64.0, 927.0, 711.0]
[0.0, 16.0, 864.0, 664.0]
[128.0, 64.0, 993.0, 713.0]
[80.0, 64.0, 946.0, 714.0]
[96.0, 64.0, 963.0, 714.0]
[112.0, 0.0, 980.0, 651.0]
[128.0, 112.0, 997.0, 764.0]
[128.0, 16.0, 998.0, 668.0]
[128.0, 48.0, 999.0, 701.0]
[144.0, 64.0, 1016.0, 718.0]
[32.0, 80.0, 905.0, 735.0]
[128.0, 112.0, 1002.0, 768.0]
[112.0, 96.0, 987.0, 752.0]
[0.0, 80.0, 876.0, 737.0]
[16.0, 64.0, 893.0, 722.0]
[112.0, 64.0, 990.0, 722.0]
[80.0, 48.0, 959.0, 707.0]
[128.0, 48.0, 1008.0, 708.0]
[32.0, 80.0, 913.0, 741.0]
[0.0, 16.0, 882.0, 678.0]
[96.0, 0.0, 979.0, 662.0]
[64.0, 96.0, 948.0, 759.0]
[16.0, 96.0, 901.0, 760.0]
[80.0, 80.0, 966.0, 744.0]
[48.0, 16.0, 935.0, 681.0]
[32.0, 16.0, 920.0, 682.0]
[32.0, 0.0, 921.0, 667.0]
[16.0, 32.0, 906.0, 700.0]
[0.0, 16.0, 891.0, 684.0]
[48.0, 64.0, 940.0, 733.0]
[48.0, 96.0, 941.0, 766.0]
[64.0, 80.0, 958.0, 750.0]
[16.0, 48.0, 911.0, 719.0]
[16.0, 80.0, 912.0, 752.0]
[80.0, 48.0, 977.0, 721.0]
[80.0, 48.0, 978.0, 722.0]
[32.0, 0.0, 931.0, 674.0]
[96.0, 64.0, 996.0, 739.0]
[64.0, 48.0, 965.0, 724.0]
[0.0, 32.0, 902.0, 708.0]
[112.0, 0.0, 1015.0, 677.0]
[16.0, 16.0, 920.0, 694.0]
[16.0, 64.0, 921.0, 743.0]
[0.0, 80.0, 906.0, 760.0]
[96.0, 32.0, 1003.0, 712.0]
[112.0, 48.0, 1020.0, 729.0]
[112.0, 0.0, 1021.0, 682.0]
[0.0, 48.0, 910.0, 730.0]
[48.0, 32.0, 959.0, 715.0]
[0.0, 32.0, 912.0, 716.0]
[80.0, 48.0, 993.0, 733.0]
[16.0, 80.0, 930.0, 766.0]
[64.0, 80.0, 979.0, 766.0]
[64.0, 32.0, 980.0, 719.0]
[96.0, 0.0, 1013.0, 688.0]
[64.0, 16.0, 982.0, 704.0]
[16.0, 32.0, 935.0, 721.0]
[16.0, 64.0, 936.0, 754.0]
[0.0, 64.0, 921.0, 755.0]
[64.0, 48.0, 986.0, 740.0]
[64.0, 16.0, 987.0, 708.0]
[80.0, 16.0, 1004.0, 709.0]
[96.0, 32.0, 1021.0, 726.0]
[16.0, 16.0, 942.0, 710.0]
[64.0, 64.0, 991.0, 759.0]
[16.0, 64.0, 944.0, 760.0]
[32.0, 0.0, 961.0, 697.0]
[32.0, 64.0, 962.0, 762.0]
[0.0, 32.0, 931.0, 730.0]
[32.0, 48.0, 964.0, 747.0]
[0.0, 32.0, 933.0, 732.0]
[64.0, 48.0, 998.0, 748.0]
[64.0, 48.0, 999.0, 749.0]
[16.0, 16.0, 952.0, 718.0]
[48.0, 48.0, 985.0, 751.0]
[64.0, 48.0, 1002.0, 752.0]
[80.0, 16.0, 1019.0, 720.0]
[48.0, 32.0, 988.0, 737.0]
[64.0, 48.0, 1005.0, 754.0]
[80.0, 16.0, 1022.0, 722.0]
[0.0, 32.0, 943.0, 739.0]
[80.0, 0.0, 1024.0, 708.0]
[0.0, 48.0, 945.0, 757.0]
[64.0, 0.0, 1010.0, 710.0]
[0.0, 0.0, 947.0, 710.0]
[48.0, 48.0, 996.0, 759.0]
[64.0, 32.0, 1013.0, 744.0]
[16.0, 16.0, 966.0, 728.0]
[64.0, 32.0, 1015.0, 745.0]
[48.0, 0.0, 1000.0, 714.0]
[64.0, 0.0, 1017.0, 715.0]
[32.0, 16.0, 986.0, 732.0]
[16.0, 16.0, 971.0, 732.0]
[64.0, 16.0, 1020.0, 733.0]
[16.0, 0.0, 973.0, 718.0]
[0.0, 16.0, 958.0, 734.0]
[48.0, 0.0, 1007.0, 719.0]
[48.0, 32.0, 1008.0, 752.0]
[32.0, 16.0, 993.0, 737.0]
[48.0, 0.0, 1010.0, 722.0]
[48.0, 16.0, 1011.0, 738.0]
[48.0, 16.0, 1012.0, 739.0]
[0.0, 16.0, 965.0, 740.0]
[48.0, 16.0, 1014.0, 740.0]
[32.0, 0.0, 999.0, 725.0]
[32.0, 32.0, 1000.0, 758.0]
[16.0, 32.0, 985.0, 759.0]
[16.0, 16.0, 986.0, 744.0]
[16.0, 32.0, 987.0, 760.0]
[48.0, 32.0, 1020.0, 761.0]
[0.0, 0.0, 973.0, 730.0]
[32.0, 0.0, 1006.0, 730.0]
[32.0, 16.0, 1007.0, 747.0]
[48.0, 0.0, 1024.0, 732.0]
[0.0, 32.0, 977.0, 765.0]
[32.0, 32.0, 1010.0, 766.0]
[32.0, 0.0, 1011.0, 734.0]
[32.0, 16.0, 1012.0, 751.0]
[32.0, 16.0, 1013.0, 752.0]
[32.0, 32.0, 1014.0, 768.0]
[32.0, 16.0, 1015.0, 753.0]
[0.0, 0.0, 984.0, 738.0]
[32.0, 0.0, 1017.0, 739.0]
[0.0, 16.0, 986.0, 756.0]
[16.0, 16.0, 1003.0, 756.0]
[16.0, 16.0, 1004.0, 757.0]
[16.0, 0.0, 1005.0, 742.0]
[0.0, 0.0, 990.0, 742.0]
[16.0, 0.0, 1007.0, 743.0]
[32.0, 0.0, 1024.0, 744.0]
[16.0, 0.0, 1009.0, 745.0]
[16.0, 0.0, 1010.0, 746.0]
[16.0, 0.0, 1011.0, 746.0]
[0.0, 16.0, 996.0, 763.0]
[16.0, 0.0, 1013.0, 748.0]
[16.0, 16.0, 1014.0, 764.0]
[16.0, 0.0, 1015.0, 749.0]
[0.0, 16.0, 1000.0, 766.0]
[16.0, 0.0, 1017.0, 751.0]
[0.0, 0.0, 1002.0, 752.0]
[0.0, 16.0, 1003.0, 768.0]
[0.0, 0.0, 1004.0, 753.0]
[0.0, 0.0, 1005.0, 754.0]
[16.0, 0.0, 1022.0, 754.0]
[0.0, 0.0, 1007.0, 755.0]
[16.0, 0.0, 1024.0, 756.0]
[0.0, 0.0, 1009.0, 757.0]
[0.0, 0.0, 1010.0, 758.0]
[0.0, 0.0, 1011.0, 758.0]
[0.0, 0.0, 1012.0, 759.0]
[0.0, 0.0, 1013.0, 760.0]
[0.0, 0.0, 1014.0, 760.0]
[0.0, 0.0, 1015.0, 761.0]
[0.0, 0.0, 1016.0, 762.0]
[0.0, 0.0, 1017.0, 763.0]
[0.0, 0.0, 1018.0, 764.0]
[0.0, 0.0, 1019.0, 764.0]
[0.0, 0.0, 1020.0, 765.0]
[0.0, 0.0, 1021.0, 766.0]
[0.0, 0.0, 1022.0, 766.0]
[0.0, 0.0, 1023.0, 767.0]
[0.0, 0.0, 1024.0, 768.0]
