[48.0, 80.0, 831.0, 667.0]
[48.0, 96.0, 832.0, 684.0]
[112.0, 160.0, 897.0, 749.0]
[48.0, 176.0, 834.0, 766.0]
[112.0, 96.0, 899.0, 686.0]
[96.0, 160.0, 884.0, 751.0]
[64.0, 144.0, 853.0, 736.0]
[80.0, 176.0, 870.0, 768.0]
[80.0, 176.0, 871.0, 769.0]
[112.0, 96.0, 904.0, 690.0]
[32.0, 48.0, 825.0, 643.0]
[80.0, 128.0, 874.0, 724.0]
[64.0, 64.0, 859.0, 660.0]
[64.0, 208.0, 860.0, 805.0]
[48.0, 224.0, 845.0, 822.0]
[96.0, 144.0, 894.0, 742.0]
[80.0, 224.0, 879.0, 823.0]
[80.0, 144.0, 880.0, 744.0]
[80.0, 96.0, 881.0, 697.0]
[96.0, 144.0, 898.0, 746.0]
[32.0, 112.0, 835.0, 714.0]
[80.0, 144.0, 884.0, 747.0]
[48.0, 128.0, 853.0, 732.0]
[48.0, 32.0, 854.0, 636.0]
[32.0, 128.0, 839.0, 733.0]
[32.0, 144.0, 840.0, 750.0]
[80.0, 112.0, 889.0, 719.0]
[64.0, 32.0, 874.0, 640.0]
[64.0, 128.0, 875.0, 736.0]
[48.0, 208.0, 860.0, 817.0]
[96.0, 192.0, 909.0, 802.0]
[64.0, 112.0, 878.0, 722.0]
[80.0, 160.0, 895.0, 771.0]
[96.0, 208.0, 912.0, 820.0]
[16.0, 48.0, 833.0, 661.0]
[32.0, 64.0, 850.0, 678.0]
[16.0, 208.0, 835.0, 822.0]
[96.0, 128.0, 916.0, 743.0]
[0.0, 128.0, 821.0, 744.0]
[48.0, 112.0, 870.0, 728.0]
[32.0, 144.0, 855.0, 761.0]
[48.0, 64.0, 872.0, 682.0]
[0.0, 176.0, 825.0, 795.0]
[80.0, 160.0, 906.0, 780.0]
[32.0, 80.0, 859.0, 700.0]
[96.0, 80.0, 924.0, 701.0]
[32.0, 128.0, 861.0, 750.0]
[80.0, 96.0, 910.0, 718.0]
[16.0, 144.0, 847.0, 767.0]
[16.0, 208.0, 848.0, 832.0]
[0.0, 112.0, 833.0, 737.0]
[32.0, 176.0, 866.0, 802.0]
[16.0, 32.0, 851.0, 658.0]
[0.0, 64.0, 836.0, 691.0]
[0.0, 32.0, 837.0, 660.0]
[48.0, 48.0, 886.0, 676.0]
[48.0, 32.0, 887.0, 661.0]
[16.0, 16.0, 856.0, 646.0]
[80.0, 112.0, 921.0, 743.0]
[32.0, 48.0, 874.0, 680.0]
[96.0, 96.0, 939.0, 728.0]
[64.0, 16.0, 908.0, 649.0]
[96.0, 48.0, 941.0, 682.0]
[112.0, 64.0, 958.0, 698.0]
[0.0, 64.0, 847.0, 699.0]
[32.0, 176.0, 880.0, 812.0]
[0.0, 112.0, 849.0, 749.0]
[32.0, 32.0, 882.0, 670.0]
[96.0, 176.0, 947.0, 814.0]
[112.0, 112.0, 964.0, 751.0]
[16.0, 160.0, 869.0, 800.0]
[16.0, 128.0, 870.0, 768.0]
[96.0, 80.0, 951.0, 721.0]
[80.0, 80.0, 936.0, 722.0]
[48.0, 16.0, 905.0, 659.0]
[16.0, 160.0, 874.0, 804.0]
[32.0, 64.0, 891.0, 708.0]
[0.0, 32.0, 860.0, 677.0]
[48.0, 32.0, 909.0, 678.0]
[32.0, 96.0, 894.0, 742.0]
[32.0, 160.0, 895.0, 807.0]
[48.0, 192.0, 912.0, 840.0]
[112.0, 144.0, 977.0, 793.0]
[0.0, 16.0, 866.0, 666.0]
[32.0, 208.0, 899.0, 858.0]
[32.0, 64.0, 900.0, 715.0]
[32.0, 160.0, 901.0, 812.0]
[16.0, 192.0, 886.0, 844.0]
[16.0, 16.0, 887.0, 669.0]
[64.0, 192.0, 936.0, 846.0]
[96.0, 96.0, 969.0, 751.0]
[80.0, 144.0, 954.0, 800.0]
[0.0, 112.0, 875.0, 768.0]
[48.0, 80.0, 924.0, 737.0]
[0.0, 80.0, 877.0, 738.0]
[32.0, 48.0, 910.0, 706.0]
[64.0, 128.0, 943.0, 787.0]
[112.0, 112.0, 992.0, 772.0]
[16.0, 128.0, 897.0, 789.0]
[0.0, 160.0, 882.0, 822.0]
[112.0, 96.0, 995.0, 758.0]
[16.0, 192.0, 900.0, 855.0]
[48.0, 48.0, 933.0, 712.0]
[64.0, 96.0, 950.0, 760.0]
[48.0, 32.0, 935.0, 697.0]
[48.0, 0.0, 936.0, 666.0]
[32.0, 112.0, 921.0, 779.0]
[0.0, 112.0, 890.0, 780.0]
[0.0, 112.0, 891.0, 780.0]
[48.0, 64.0, 940.0, 733.0]
[0.0, 160.0, 893.0, 830.0]
[32.0, 128.0, 926.0, 798.0]
[112.0, 80.0, 1007.0, 751.0]
[112.0, 144.0, 1008.0, 816.0]
[64.0, 16.0, 961.0, 689.0]
[96.0, 64.0, 994.0, 738.0]
[112.0, 80.0, 1011.0, 754.0]
[64.0, 48.0, 964.0, 723.0]
[0.0, 144.0, 901.0, 820.0]
[32.0, 48.0, 934.0, 724.0]
[112.0, 48.0, 1015.0, 725.0]
[48.0, 64.0, 952.0, 742.0]
[96.0, 128.0, 1001.0, 807.0]
[32.0, 0.0, 938.0, 680.0]
[64.0, 96.0, 971.0, 776.0]
[64.0, 112.0, 972.0, 793.0]
[48.0, 32.0, 957.0, 714.0]
[0.0, 64.0, 910.0, 746.0]
[96.0, 80.0, 1007.0, 763.0]
[64.0, 80.0, 976.0, 764.0]
[96.0, 80.0, 1009.0, 765.0]
[0.0, 176.0, 914.0, 862.0]
[48.0, 0.0, 963.0, 686.0]
[32.0, 160.0, 948.0, 847.0]
[32.0, 16.0, 949.0, 704.0]
[0.0, 112.0, 918.0, 800.0]
[80.0, 16.0, 999.0, 705.0]
[48.0, 64.0, 968.0, 754.0]
[64.0, 96.0, 985.0, 787.0]
[64.0, 80.0, 986.0, 772.0]
[96.0, 48.0, 1019.0, 740.0]
[48.0, 144.0, 972.0, 837.0]
[0.0, 112.0, 925.0, 806.0]
[96.0, 48.0, 1022.0, 742.0]
[48.0, 144.0, 975.0, 839.0]
[80.0, 32.0, 1008.0, 728.0]
[48.0, 128.0, 977.0, 825.0]
[80.0, 64.0, 1010.0, 762.0]
[64.0, 96.0, 995.0, 794.0]
[64.0, 160.0, 996.0, 859.0]
[80.0, 48.0, 1013.0, 748.0]
[80.0, 80.0, 1014.0, 780.0]
[48.0, 112.0, 983.0, 813.0]
[16.0, 160.0, 952.0, 862.0]
[64.0, 128.0, 1001.0, 831.0]
[16.0, 112.0, 954.0, 816.0]
[16.0, 128.0, 955.0, 832.0]
[64.0, 0.0, 1004.0, 705.0]
[32.0, 128.0, 973.0, 834.0]
[48.0, 0.0, 990.0, 706.0]
[32.0, 96.0, 975.0, 803.0]
[48.0, 32.0, 992.0, 740.0]
[48.0, 128.0, 993.0, 837.0]
[64.0, 80.0, 1010.0, 790.0]
[16.0, 64.0, 963.0, 774.0]
[0.0, 32.0, 948.0, 743.0]
[64.0, 16.0, 1013.0, 728.0]
[0.0, 64.0, 950.0, 776.0]
[64.0, 0.0, 1015.0, 713.0]
[64.0, 144.0, 1016.0, 858.0]
[16.0, 48.0, 969.0, 763.0]
[16.0, 64.0, 970.0, 780.0]
[32.0, 144.0, 987.0, 860.0]
[48.0, 160.0, 1004.0, 877.0]
[32.0, 32.0, 989.0, 750.0]
[16.0, 80.0, 974.0, 798.0]
[48.0, 128.0, 1007.0, 847.0]
[0.0, 32.0, 960.0, 752.0]
[48.0, 96.0, 1009.0, 817.0]
[16.0, 48.0, 978.0, 770.0]
[48.0, 0.0, 1011.0, 722.0]
[48.0, 0.0, 1012.0, 723.0]
[0.0, 128.0, 965.0, 852.0]
[48.0, 64.0, 1014.0, 788.0]
[48.0, 112.0, 1015.0, 837.0]
[32.0, 112.0, 1000.0, 838.0]
[32.0, 16.0, 1001.0, 743.0]
[48.0, 16.0, 1018.0, 744.0]
[48.0, 64.0, 1019.0, 792.0]
[48.0, 128.0, 1020.0, 857.0]
[16.0, 144.0, 989.0, 874.0]
[48.0, 16.0, 1022.0, 746.0]
[48.0, 80.0, 1023.0, 811.0]
[32.0, 32.0, 1008.0, 764.0]
[32.0, 64.0, 1009.0, 797.0]
[0.0, 128.0, 978.0, 862.0]
[16.0, 48.0, 995.0, 782.0]
[32.0, 80.0, 1012.0, 815.0]
[0.0, 128.0, 981.0, 864.0]
[32.0, 96.0, 1014.0, 832.0]
[32.0, 112.0, 1015.0, 849.0]
[0.0, 64.0, 984.0, 802.0]
[16.0, 80.0, 1001.0, 819.0]
[0.0, 80.0, 986.0, 820.0]
[32.0, 96.0, 1019.0, 836.0]
[16.0, 112.0, 1004.0, 853.0]
[16.0, 128.0, 1005.0, 870.0]
[0.0, 96.0, 990.0, 838.0]
[32.0, 0.0, 1023.0, 743.0]
[32.0, 16.0, 1024.0, 760.0]
[0.0, 112.0, 993.0, 857.0]
[16.0, 80.0, 1010.0, 826.0]
[16.0, 128.0, 1011.0, 874.0]
[16.0, 32.0, 1012.0, 779.0]
[0.0, 112.0, 997.0, 860.0]
[0.0, 16.0, 998.0, 764.0]
[0.0, 80.0, 999.0, 829.0]
[16.0, 128.0, 1016.0, 878.0]
[16.0, 0.0, 1017.0, 751.0]
[16.0, 128.0, 1018.0, 880.0]
[0.0, 0.0, 1003.0, 752.0]
[16.0, 96.0, 1020.0, 849.0]
[0.0, 128.0, 1005.0, 882.0]
[0.0, 64.0, 1006.0, 818.0]
[0.0, 16.0, 1007.0, 771.0]
[0.0, 32.0, 1008.0, 788.0]
[0.0, 64.0, 1009.0, 821.0]
[0.0, 112.0, 1010.0, 870.0]
[0.0, 32.0, 1011.0, 790.0]
[0.0, 96.0, 1012.0, 855.0]
[0.0, 0.0, 1013.0, 760.0]
[0.0, 16.0, 1014.0, 776.0]
[0.0, 48.0, 1015.0, 809.0]
[0.0, 112.0, 1016.0, 874.0]
[0.0, 32.0, 1017.0, 795.0]
[0.0, 80.0, 1018.0, 844.0]
[0.0, 112.0, 1019.0, 876.0]
[0.0, 16.0, 1020.0, 781.0]
[0.0, 0.0, 1021.0, 766.0]
[0.0, 64.0, 1022.0, 830.0]
[0.0, 32.0, 1023.0, 799.0]
[0.0, 80.0, 1024.0, 848.0]
