[272.0, 112.0, 989.0, 650.0]
[224.0, 96.0, 942.0, 634.0]
[240.0, 112.0, 959.0, 651.0]
[240.0, 112.0, 960.0, 652.0]
[80.0, 96.0, 801.0, 637.0]
[64.0, 80.0, 786.0, 622.0]
[48.0, 112.0, 771.0, 654.0]
[144.0, 80.0, 868.0, 623.0]
[144.0, 112.0, 869.0, 656.0]
[160.0, 112.0, 886.0, 656.0]
[192.0, 112.0, 919.0, 657.0]
[96.0, 96.0, 824.0, 642.0]
[128.0, 112.0, 857.0, 659.0]
[272.0, 112.0, 1002.0, 660.0]
[112.0, 112.0, 843.0, 660.0]
[160.0, 80.0, 892.0, 629.0]
[176.0, 112.0, 909.0, 662.0]
[96.0, 112.0, 830.0, 662.0]
[160.0, 96.0, 895.0, 647.0]
[160.0, 112.0, 896.0, 664.0]
[224.0, 112.0, 961.0, 665.0]
[80.0, 64.0, 818.0, 618.0]
[160.0, 64.0, 899.0, 618.0]
[176.0, 80.0, 916.0, 635.0]
[256.0, 112.0, 997.0, 668.0]
[144.0, 64.0, 886.0, 620.0]
[64.0, 112.0, 807.0, 669.0]
[240.0, 112.0, 984.0, 670.0]
[208.0, 96.0, 953.0, 655.0]
[240.0, 112.0, 986.0, 672.0]
[96.0, 96.0, 843.0, 656.0]
[96.0, 96.0, 844.0, 657.0]
[176.0, 96.0, 925.0, 658.0]
[96.0, 64.0, 846.0, 626.0]
[176.0, 96.0, 927.0, 659.0]
[48.0, 80.0, 800.0, 644.0]
[256.0, 96.0, 1009.0, 661.0]
[48.0, 64.0, 802.0, 630.0]
[128.0, 96.0, 883.0, 662.0]
[208.0, 48.0, 964.0, 615.0]
[32.0, 96.0, 789.0, 664.0]
[0.0, 96.0, 758.0, 664.0]
[96.0, 112.0, 855.0, 681.0]
[144.0, 96.0, 904.0, 666.0]
[144.0, 80.0, 905.0, 651.0]
[0.0, 96.0, 762.0, 668.0]
[32.0, 48.0, 795.0, 620.0]
[240.0, 80.0, 1004.0, 653.0]
[224.0, 64.0, 989.0, 638.0]
[0.0, 96.0, 766.0, 670.0]
[128.0, 48.0, 895.0, 623.0]
[240.0, 80.0, 1008.0, 656.0]
[16.0, 96.0, 785.0, 673.0]
[80.0, 96.0, 850.0, 674.0]
[48.0, 32.0, 819.0, 610.0]
[128.0, 96.0, 900.0, 675.0]
[80.0, 96.0, 853.0, 676.0]
[96.0, 48.0, 870.0, 628.0]
[240.0, 64.0, 1015.0, 645.0]
[64.0, 32.0, 840.0, 614.0]
[80.0, 32.0, 857.0, 615.0]
[128.0, 64.0, 906.0, 648.0]
[160.0, 64.0, 939.0, 648.0]
[64.0, 64.0, 844.0, 649.0]
[112.0, 32.0, 893.0, 618.0]
[96.0, 48.0, 878.0, 634.0]
[160.0, 32.0, 943.0, 619.0]
[80.0, 64.0, 864.0, 652.0]
[32.0, 32.0, 817.0, 621.0]
[208.0, 48.0, 994.0, 638.0]
[32.0, 32.0, 819.0, 622.0]
[0.0, 80.0, 788.0, 671.0]
[208.0, 80.0, 997.0, 672.0]
[160.0, 64.0, 950.0, 656.0]
[112.0, 32.0, 903.0, 625.0]
[0.0, 48.0, 792.0, 642.0]
[160.0, 64.0, 953.0, 659.0]
[192.0, 48.0, 986.0, 644.0]
[80.0, 48.0, 875.0, 644.0]
[192.0, 32.0, 988.0, 629.0]
[128.0, 64.0, 925.0, 662.0]
[80.0, 80.0, 878.0, 678.0]
[160.0, 80.0, 959.0, 679.0]
[224.0, 80.0, 1024.0, 680.0]
[160.0, 48.0, 961.0, 649.0]
[48.0, 32.0, 850.0, 634.0]
[176.0, 64.0, 979.0, 666.0]
[144.0, 64.0, 948.0, 667.0]
[80.0, 16.0, 885.0, 620.0]
[208.0, 48.0, 1014.0, 652.0]
[0.0, 32.0, 807.0, 637.0]
[192.0, 48.0, 1000.0, 654.0]
[0.0, 32.0, 809.0, 639.0]
[144.0, 32.0, 954.0, 640.0]
[128.0, 64.0, 939.0, 672.0]
[160.0, 32.0, 972.0, 641.0]
[48.0, 32.0, 861.0, 642.0]
[160.0, 0.0, 974.0, 610.0]
[48.0, 16.0, 863.0, 627.0]
[32.0, 64.0, 848.0, 676.0]
[16.0, 48.0, 833.0, 661.0]
[144.0, 0.0, 962.0, 614.0]
[176.0, 64.0, 995.0, 678.0]
[144.0, 32.0, 964.0, 647.0]
[16.0, 48.0, 837.0, 664.0]
[160.0, 16.0, 982.0, 632.0]
[0.0, 48.0, 823.0, 665.0]
[192.0, 32.0, 1016.0, 650.0]
[16.0, 64.0, 841.0, 683.0]
[32.0, 48.0, 858.0, 668.0]
[128.0, 0.0, 955.0, 620.0]
[128.0, 48.0, 956.0, 669.0]
[0.0, 48.0, 829.0, 670.0]
[112.0, 32.0, 942.0, 654.0]
[176.0, 16.0, 1007.0, 639.0]
[32.0, 16.0, 864.0, 640.0]
[160.0, 32.0, 993.0, 657.0]
[48.0, 0.0, 882.0, 626.0]
[128.0, 16.0, 963.0, 642.0]
[144.0, 32.0, 980.0, 659.0]
[32.0, 16.0, 869.0, 644.0]
[32.0, 48.0, 870.0, 676.0]
[16.0, 16.0, 855.0, 645.0]
[128.0, 0.0, 968.0, 630.0]
[128.0, 48.0, 969.0, 679.0]
[32.0, 16.0, 874.0, 648.0]
[128.0, 0.0, 971.0, 632.0]
[80.0, 48.0, 924.0, 681.0]
[96.0, 0.0, 941.0, 634.0]
[176.0, 0.0, 1022.0, 634.0]
[128.0, 0.0, 975.0, 635.0]
[176.0, 0.0, 1024.0, 636.0]
[32.0, 16.0, 881.0, 653.0]
[16.0, 32.0, 866.0, 670.0]
[16.0, 0.0, 867.0, 638.0]
[96.0, 0.0, 948.0, 639.0]
[32.0, 16.0, 885.0, 656.0]
[48.0, 16.0, 902.0, 656.0]
[160.0, 0.0, 1015.0, 641.0]
[80.0, 16.0, 936.0, 658.0]
[16.0, 16.0, 873.0, 659.0]
[80.0, 32.0, 938.0, 676.0]
[32.0, 0.0, 891.0, 644.0]
[112.0, 0.0, 972.0, 645.0]
[144.0, 32.0, 1005.0, 678.0]
[16.0, 32.0, 878.0, 678.0]
[112.0, 32.0, 975.0, 679.0]
[48.0, 0.0, 912.0, 648.0]
[64.0, 32.0, 929.0, 681.0]
[16.0, 0.0, 882.0, 650.0]
[32.0, 0.0, 899.0, 650.0]
[128.0, 16.0, 996.0, 667.0]
[96.0, 0.0, 965.0, 652.0]
[128.0, 16.0, 998.0, 668.0]
[16.0, 0.0, 887.0, 653.0]
[64.0, 0.0, 936.0, 654.0]
[48.0, 16.0, 921.0, 671.0]
[112.0, 16.0, 986.0, 672.0]
[48.0, 0.0, 923.0, 656.0]
[96.0, 16.0, 972.0, 673.0]
[144.0, 16.0, 1021.0, 674.0]
[0.0, 0.0, 878.0, 658.0]
[80.0, 16.0, 959.0, 675.0]
[96.0, 0.0, 976.0, 660.0]
[48.0, 0.0, 929.0, 661.0]
[80.0, 16.0, 962.0, 678.0]
[16.0, 16.0, 899.0, 678.0]
[80.0, 16.0, 964.0, 679.0]
[128.0, 0.0, 1013.0, 664.0]
[96.0, 16.0, 982.0, 680.0]
[0.0, 0.0, 887.0, 665.0]
[48.0, 16.0, 936.0, 682.0]
[96.0, 16.0, 985.0, 683.0]
[16.0, 0.0, 906.0, 668.0]
[16.0, 0.0, 907.0, 668.0]
[112.0, 0.0, 1004.0, 669.0]
[16.0, 0.0, 909.0, 670.0]
[64.0, 0.0, 958.0, 670.0]
[96.0, 0.0, 991.0, 671.0]
[32.0, 0.0, 928.0, 672.0]
[80.0, 0.0, 977.0, 673.0]
[112.0, 0.0, 1010.0, 674.0]
[32.0, 0.0, 931.0, 674.0]
[48.0, 0.0, 948.0, 675.0]
[80.0, 0.0, 981.0, 676.0]
[48.0, 0.0, 950.0, 676.0]
[112.0, 0.0, 1015.0, 677.0]
[16.0, 0.0, 920.0, 678.0]
[112.0, 0.0, 1017.0, 679.0]
[64.0, 0.0, 970.0, 680.0]
[0.0, 0.0, 907.0, 680.0]
[32.0, 0.0, 940.0, 681.0]
[48.0, 0.0, 957.0, 682.0]
[16.0, 0.0, 926.0, 682.0]
[0.0, 0.0, 911.0, 683.0]
