[192.0, 32.0, 909.0, 570.0]
[208.0, 32.0, 926.0, 570.0]
[176.0, 16.0, 895.0, 555.0]
[144.0, 0.0, 864.0, 540.0]
[176.0, 16.0, 897.0, 557.0]
[112.0, 0.0, 834.0, 542.0]
[176.0, 16.0, 899.0, 558.0]
[96.0, 32.0, 820.0, 575.0]
[176.0, 32.0, 901.0, 576.0]
[96.0, 16.0, 822.0, 560.0]
[144.0, 0.0, 871.0, 545.0]
[176.0, 0.0, 904.0, 546.0]
[144.0, 16.0, 873.0, 563.0]
[144.0, 16.0, 874.0, 564.0]
[128.0, 0.0, 859.0, 548.0]
[144.0, 0.0, 876.0, 549.0]
[128.0, 0.0, 861.0, 550.0]
[128.0, 16.0, 862.0, 566.0]
[112.0, 0.0, 847.0, 551.0]
[128.0, 16.0, 864.0, 568.0]
[96.0, 0.0, 833.0, 553.0]
[96.0, 0.0, 834.0, 554.0]
[96.0, 0.0, 835.0, 554.0]
[128.0, 0.0, 868.0, 555.0]
[112.0, 16.0, 853.0, 572.0]
[96.0, 0.0, 838.0, 556.0]
[128.0, 0.0, 871.0, 557.0]
[128.0, 16.0, 872.0, 574.0]
[144.0, 0.0, 889.0, 559.0]
[144.0, 16.0, 890.0, 576.0]
[160.0, 0.0, 907.0, 560.0]
[128.0, 0.0, 876.0, 561.0]
[144.0, 0.0, 893.0, 562.0]
[112.0, 0.0, 862.0, 562.0]
[112.0, 0.0, 863.0, 563.0]
[144.0, 0.0, 896.0, 564.0]
[160.0, 0.0, 913.0, 565.0]
[112.0, 0.0, 866.0, 566.0]
[128.0, 0.0, 883.0, 566.0]
[112.0, 0.0, 868.0, 567.0]
[128.0, 0.0, 885.0, 568.0]
[144.0, 0.0, 902.0, 568.0]
[112.0, 0.0, 871.0, 569.0]
[112.0, 0.0, 872.0, 570.0]
[144.0, 0.0, 905.0, 571.0]
[160.0, 0.0, 922.0, 572.0]
[112.0, 0.0, 875.0, 572.0]
[128.0, 0.0, 892.0, 573.0]
[128.0, 0.0, 893.0, 574.0]
[160.0, 0.0, 926.0, 574.0]
[112.0, 0.0, 879.0, 575.0]
[128.0, 0.0, 896.0, 576.0]
