[304.0, 0.0, 1021.0, 538.0]
[288.0, 48.0, 1006.0, 586.0]
[208.0, 64.0, 927.0, 603.0]
[208.0, 80.0, 928.0, 620.0]
[224.0, 48.0, 945.0, 589.0]
[144.0, 32.0, 866.0, 574.0]
[208.0, 32.0, 931.0, 574.0]
[272.0, 64.0, 996.0, 607.0]
[288.0, 64.0, 1013.0, 608.0]
[272.0, 48.0, 998.0, 592.0]
[192.0, 0.0, 919.0, 545.0]
[224.0, 80.0, 952.0, 626.0]
[208.0, 16.0, 937.0, 563.0]
[272.0, 80.0, 1002.0, 628.0]
[272.0, 32.0, 1003.0, 580.0]
[256.0, 64.0, 988.0, 613.0]
[192.0, 48.0, 925.0, 598.0]
[224.0, 32.0, 958.0, 582.0]
[288.0, 48.0, 1023.0, 599.0]
[272.0, 64.0, 1008.0, 616.0]
[256.0, 0.0, 993.0, 553.0]
[224.0, 48.0, 962.0, 602.0]
[128.0, 16.0, 867.0, 570.0]
[144.0, 32.0, 884.0, 587.0]
[192.0, 32.0, 933.0, 588.0]
[256.0, 0.0, 998.0, 556.0]
[192.0, 48.0, 935.0, 605.0]
[160.0, 16.0, 904.0, 574.0]
[160.0, 0.0, 905.0, 559.0]
[128.0, 32.0, 874.0, 592.0]
[160.0, 48.0, 907.0, 608.0]
[240.0, 48.0, 988.0, 609.0]
[256.0, 48.0, 1005.0, 610.0]
[160.0, 48.0, 910.0, 610.0]
[192.0, 32.0, 943.0, 595.0]
[224.0, 80.0, 976.0, 644.0]
[176.0, 64.0, 929.0, 629.0]
[192.0, 80.0, 946.0, 646.0]
[144.0, 32.0, 899.0, 598.0]
[160.0, 0.0, 916.0, 567.0]
[144.0, 32.0, 901.0, 600.0]
[224.0, 32.0, 982.0, 600.0]
[160.0, 0.0, 919.0, 569.0]
[240.0, 80.0, 1000.0, 650.0]
[160.0, 16.0, 921.0, 587.0]
[192.0, 16.0, 954.0, 588.0]
[192.0, 16.0, 955.0, 588.0]
[192.0, 0.0, 956.0, 573.0]
[208.0, 32.0, 973.0, 606.0]
[192.0, 32.0, 958.0, 606.0]
[256.0, 16.0, 1023.0, 591.0]
[176.0, 32.0, 944.0, 608.0]
[176.0, 32.0, 945.0, 609.0]
[224.0, 48.0, 994.0, 626.0]
[176.0, 48.0, 947.0, 626.0]
[144.0, 32.0, 916.0, 611.0]
[128.0, 0.0, 901.0, 580.0]
[144.0, 0.0, 918.0, 580.0]
[192.0, 64.0, 967.0, 645.0]
[224.0, 32.0, 1000.0, 614.0]
[144.0, 0.0, 921.0, 583.0]
[128.0, 32.0, 906.0, 616.0]
[192.0, 48.0, 971.0, 632.0]
[240.0, 16.0, 1020.0, 601.0]
[176.0, 16.0, 957.0, 602.0]
[192.0, 64.0, 974.0, 650.0]
[208.0, 80.0, 991.0, 667.0]
[192.0, 0.0, 976.0, 588.0]
[192.0, 16.0, 977.0, 605.0]
[192.0, 80.0, 978.0, 670.0]
[176.0, 0.0, 963.0, 590.0]
[208.0, 80.0, 996.0, 671.0]
[208.0, 0.0, 997.0, 592.0]
[128.0, 16.0, 918.0, 608.0]
[176.0, 16.0, 967.0, 609.0]
[208.0, 0.0, 1000.0, 594.0]
[192.0, 32.0, 985.0, 627.0]
[160.0, 32.0, 954.0, 628.0]
[128.0, 0.0, 923.0, 596.0]
[144.0, 16.0, 940.0, 613.0]
[208.0, 16.0, 1005.0, 614.0]
[144.0, 48.0, 942.0, 646.0]
[144.0, 32.0, 943.0, 631.0]
[160.0, 16.0, 960.0, 616.0]
[144.0, 16.0, 945.0, 617.0]
[192.0, 32.0, 994.0, 634.0]
[192.0, 32.0, 995.0, 634.0]
[192.0, 16.0, 996.0, 619.0]
[128.0, 0.0, 933.0, 604.0]
[176.0, 16.0, 982.0, 620.0]
[128.0, 16.0, 935.0, 621.0]
[192.0, 48.0, 1000.0, 654.0]
[176.0, 48.0, 985.0, 655.0]
[192.0, 48.0, 1002.0, 656.0]
[160.0, 0.0, 971.0, 608.0]
[176.0, 16.0, 988.0, 625.0]
[176.0, 16.0, 989.0, 626.0]
[160.0, 16.0, 974.0, 626.0]
[192.0, 64.0, 1007.0, 675.0]
[192.0, 0.0, 1008.0, 612.0]
[176.0, 64.0, 993.0, 677.0]
[144.0, 0.0, 962.0, 614.0]
[144.0, 16.0, 963.0, 630.0]
[192.0, 48.0, 1012.0, 663.0]
[128.0, 16.0, 949.0, 632.0]
[176.0, 16.0, 998.0, 632.0]
[144.0, 16.0, 967.0, 633.0]
[192.0, 32.0, 1016.0, 650.0]
[160.0, 0.0, 985.0, 619.0]
[192.0, 32.0, 1018.0, 652.0]
[144.0, 0.0, 971.0, 620.0]
[176.0, 48.0, 1004.0, 669.0]
[176.0, 16.0, 1005.0, 638.0]
[192.0, 0.0, 1022.0, 622.0]
[160.0, 32.0, 991.0, 655.0]
[176.0, 32.0, 1008.0, 656.0]
[160.0, 48.0, 993.0, 673.0]
[160.0, 16.0, 994.0, 642.0]
[160.0, 0.0, 995.0, 626.0]
[144.0, 0.0, 980.0, 627.0]
[144.0, 16.0, 981.0, 644.0]
[128.0, 0.0, 966.0, 628.0]
[160.0, 48.0, 999.0, 677.0]
[144.0, 48.0, 984.0, 678.0]
[160.0, 48.0, 1001.0, 679.0]
[128.0, 0.0, 970.0, 632.0]
[128.0, 0.0, 971.0, 632.0]
[160.0, 0.0, 1004.0, 633.0]
[128.0, 16.0, 973.0, 650.0]
[128.0, 32.0, 974.0, 666.0]
[160.0, 16.0, 1007.0, 651.0]
[128.0, 32.0, 976.0, 668.0]
[160.0, 16.0, 1009.0, 653.0]
[128.0, 32.0, 978.0, 670.0]
[160.0, 16.0, 1011.0, 654.0]
[144.0, 16.0, 996.0, 655.0]
[160.0, 32.0, 1013.0, 672.0]
[128.0, 32.0, 982.0, 672.0]
[144.0, 16.0, 999.0, 657.0]
[128.0, 0.0, 984.0, 642.0]
[144.0, 0.0, 1001.0, 643.0]
[144.0, 0.0, 1002.0, 644.0]
[144.0, 32.0, 1003.0, 676.0]
[128.0, 32.0, 988.0, 677.0]
[160.0, 0.0, 1021.0, 646.0]
[144.0, 0.0, 1006.0, 646.0]
[144.0, 32.0, 1007.0, 679.0]
[160.0, 32.0, 1024.0, 680.0]
[128.0, 16.0, 993.0, 665.0]
