[128.0, 0.0, 845.0, 538.0]
[96.0, 16.0, 814.0, 554.0]
[224.0, 16.0, 943.0, 555.0]
[272.0, 0.0, 992.0, 540.0]
[144.0, 48.0, 865.0, 589.0]
[96.0, 16.0, 818.0, 558.0]
[192.0, 0.0, 915.0, 542.0]
[96.0, 0.0, 820.0, 543.0]
[272.0, 0.0, 997.0, 544.0]
[160.0, 32.0, 886.0, 576.0]
[176.0, 48.0, 903.0, 593.0]
[144.0, 0.0, 872.0, 546.0]
[288.0, 16.0, 1017.0, 563.0]
[272.0, 0.0, 1002.0, 548.0]
[240.0, 32.0, 971.0, 580.0]
[144.0, 16.0, 876.0, 565.0]
[256.0, 32.0, 989.0, 582.0]
[240.0, 16.0, 974.0, 566.0]
[96.0, 32.0, 831.0, 583.0]
[112.0, 32.0, 848.0, 584.0]
[112.0, 16.0, 849.0, 569.0]
[128.0, 48.0, 866.0, 602.0]
[192.0, 32.0, 931.0, 586.0]
[144.0, 48.0, 884.0, 603.0]
[208.0, 64.0, 949.0, 620.0]
[128.0, 32.0, 870.0, 588.0]
[224.0, 64.0, 967.0, 621.0]
[96.0, 16.0, 840.0, 574.0]
[192.0, 48.0, 937.0, 607.0]
[272.0, 16.0, 1018.0, 576.0]
[208.0, 64.0, 955.0, 624.0]
[128.0, 32.0, 876.0, 593.0]
[176.0, 48.0, 925.0, 610.0]
[128.0, 32.0, 878.0, 594.0]
[112.0, 0.0, 863.0, 563.0]
[160.0, 64.0, 912.0, 628.0]
[160.0, 48.0, 913.0, 613.0]
[128.0, 48.0, 882.0, 614.0]
[80.0, 32.0, 835.0, 598.0]
[160.0, 0.0, 916.0, 567.0]
[112.0, 0.0, 869.0, 568.0]
[224.0, 16.0, 982.0, 584.0]
[96.0, 0.0, 855.0, 569.0]
[128.0, 48.0, 888.0, 618.0]
[192.0, 64.0, 953.0, 635.0]
[224.0, 32.0, 986.0, 604.0]
[128.0, 0.0, 891.0, 572.0]
[192.0, 48.0, 956.0, 621.0]
[208.0, 16.0, 973.0, 590.0]
[192.0, 32.0, 958.0, 606.0]
[160.0, 32.0, 927.0, 607.0]
[208.0, 0.0, 976.0, 576.0]
[224.0, 16.0, 993.0, 593.0]
[144.0, 0.0, 914.0, 578.0]
[160.0, 64.0, 931.0, 642.0]
[128.0, 16.0, 900.0, 595.0]
[192.0, 32.0, 965.0, 612.0]
[160.0, 32.0, 934.0, 612.0]
[96.0, 0.0, 871.0, 581.0]
[208.0, 48.0, 984.0, 630.0]
[160.0, 0.0, 937.0, 583.0]
[176.0, 64.0, 954.0, 648.0]
[176.0, 48.0, 955.0, 632.0]
[240.0, 16.0, 1020.0, 601.0]
[160.0, 32.0, 941.0, 618.0]
[192.0, 0.0, 974.0, 586.0]
[128.0, 16.0, 911.0, 603.0]
[128.0, 64.0, 912.0, 652.0]
[208.0, 16.0, 993.0, 605.0]
[176.0, 32.0, 962.0, 622.0]
[208.0, 32.0, 995.0, 622.0]
[144.0, 16.0, 932.0, 607.0]
[112.0, 48.0, 901.0, 640.0]
[160.0, 16.0, 950.0, 608.0]
[128.0, 16.0, 919.0, 609.0]
[192.0, 32.0, 984.0, 626.0]
[128.0, 16.0, 921.0, 611.0]
[176.0, 48.0, 970.0, 644.0]
[176.0, 48.0, 971.0, 644.0]
[192.0, 0.0, 988.0, 597.0]
[80.0, 16.0, 877.0, 614.0]
[176.0, 0.0, 974.0, 598.0]
[144.0, 0.0, 943.0, 599.0]
[112.0, 32.0, 912.0, 632.0]
[160.0, 48.0, 961.0, 649.0]
[192.0, 48.0, 994.0, 650.0]
[208.0, 48.0, 1011.0, 650.0]
[80.0, 16.0, 884.0, 619.0]
[144.0, 64.0, 949.0, 668.0]
[144.0, 32.0, 950.0, 636.0]
[112.0, 32.0, 919.0, 637.0]
[144.0, 0.0, 952.0, 606.0]
[176.0, 32.0, 985.0, 639.0]
[160.0, 64.0, 970.0, 672.0]
[128.0, 0.0, 939.0, 608.0]
[192.0, 0.0, 1004.0, 609.0]
[208.0, 16.0, 1021.0, 626.0]
[112.0, 16.0, 926.0, 626.0]
[144.0, 64.0, 959.0, 675.0]
[144.0, 0.0, 960.0, 612.0]
[176.0, 16.0, 993.0, 629.0]
[112.0, 16.0, 930.0, 630.0]
[176.0, 16.0, 995.0, 630.0]
[160.0, 16.0, 980.0, 631.0]
[144.0, 64.0, 965.0, 680.0]
[176.0, 0.0, 998.0, 616.0]
[80.0, 16.0, 903.0, 633.0]
[112.0, 16.0, 936.0, 634.0]
[128.0, 16.0, 953.0, 635.0]
[112.0, 0.0, 938.0, 620.0]
[176.0, 16.0, 1003.0, 636.0]
[128.0, 16.0, 956.0, 637.0]
[112.0, 48.0, 941.0, 670.0]
[176.0, 0.0, 1006.0, 622.0]
[112.0, 32.0, 943.0, 655.0]
[112.0, 32.0, 944.0, 656.0]
[112.0, 0.0, 945.0, 625.0]
[112.0, 32.0, 946.0, 658.0]
[80.0, 32.0, 915.0, 658.0]
[144.0, 0.0, 980.0, 627.0]
[176.0, 0.0, 1013.0, 628.0]
[112.0, 48.0, 950.0, 676.0]
[96.0, 16.0, 935.0, 645.0]
[144.0, 48.0, 984.0, 678.0]
[160.0, 0.0, 1001.0, 631.0]
[176.0, 0.0, 1018.0, 632.0]
[112.0, 32.0, 955.0, 664.0]
[144.0, 32.0, 988.0, 665.0]
[144.0, 48.0, 989.0, 682.0]
[80.0, 0.0, 926.0, 634.0]
[80.0, 16.0, 927.0, 651.0]
[144.0, 32.0, 992.0, 668.0]
[96.0, 0.0, 945.0, 637.0]
[160.0, 32.0, 1010.0, 670.0]
[144.0, 32.0, 995.0, 670.0]
[128.0, 16.0, 980.0, 655.0]
[80.0, 32.0, 933.0, 672.0]
[160.0, 16.0, 1014.0, 656.0]
[128.0, 32.0, 983.0, 673.0]
[112.0, 32.0, 968.0, 674.0]
[80.0, 16.0, 937.0, 659.0]
[112.0, 32.0, 970.0, 676.0]
[112.0, 0.0, 971.0, 644.0]
[96.0, 16.0, 956.0, 661.0]
[96.0, 32.0, 957.0, 678.0]
[128.0, 16.0, 990.0, 662.0]
[112.0, 16.0, 975.0, 663.0]
[160.0, 16.0, 1024.0, 664.0]
[144.0, 16.0, 1009.0, 665.0]
[144.0, 0.0, 1010.0, 650.0]
[112.0, 32.0, 979.0, 682.0]
[144.0, 0.0, 1012.0, 651.0]
[128.0, 16.0, 997.0, 668.0]
[112.0, 16.0, 982.0, 668.0]
[128.0, 16.0, 999.0, 669.0]
[96.0, 16.0, 968.0, 670.0]
[128.0, 0.0, 1001.0, 655.0]
[80.0, 16.0, 954.0, 672.0]
[96.0, 16.0, 971.0, 672.0]
[128.0, 16.0, 1004.0, 673.0]
[80.0, 16.0, 957.0, 674.0]
[96.0, 0.0, 974.0, 658.0]
[96.0, 0.0, 975.0, 659.0]
[128.0, 0.0, 1008.0, 660.0]
[96.0, 16.0, 977.0, 677.0]
[128.0, 16.0, 1010.0, 678.0]
[96.0, 0.0, 979.0, 662.0]
[112.0, 16.0, 996.0, 679.0]
[80.0, 0.0, 965.0, 664.0]
[80.0, 16.0, 966.0, 680.0]
[96.0, 16.0, 983.0, 681.0]
[128.0, 0.0, 1016.0, 666.0]
[80.0, 0.0, 969.0, 667.0]
[80.0, 0.0, 970.0, 668.0]
[96.0, 0.0, 987.0, 668.0]
[112.0, 0.0, 1004.0, 669.0]
[112.0, 0.0, 1005.0, 670.0]
[128.0, 0.0, 1022.0, 670.0]
[80.0, 0.0, 975.0, 671.0]
[80.0, 0.0, 976.0, 672.0]
[96.0, 0.0, 993.0, 673.0]
[96.0, 0.0, 994.0, 674.0]
[96.0, 0.0, 995.0, 674.0]
[96.0, 0.0, 996.0, 675.0]
[80.0, 0.0, 981.0, 676.0]
[96.0, 0.0, 998.0, 676.0]
[96.0, 0.0, 999.0, 677.0]
[80.0, 0.0, 984.0, 678.0]
[80.0, 0.0, 985.0, 679.0]
[112.0, 0.0, 1018.0, 680.0]
[96.0, 0.0, 1003.0, 680.0]
[96.0, 0.0, 1004.0, 681.0]
[80.0, 0.0, 989.0, 682.0]
[112.0, 0.0, 1022.0, 682.0]
