[16.0, 112.0, 733.0, 650.0]
[96.0, 128.0, 814.0, 666.0]
[112.0, 112.0, 831.0, 651.0]
[96.0, 32.0, 816.0, 572.0]
[48.0, 128.0, 769.0, 669.0]
[32.0, 48.0, 754.0, 590.0]
[112.0, 80.0, 835.0, 622.0]
[96.0, 128.0, 820.0, 671.0]
[16.0, 64.0, 741.0, 608.0]
[64.0, 96.0, 790.0, 640.0]
[64.0, 64.0, 791.0, 609.0]
[80.0, 80.0, 808.0, 626.0]
[32.0, 128.0, 761.0, 675.0]
[0.0, 64.0, 730.0, 612.0]
[96.0, 80.0, 827.0, 628.0]
[32.0, 48.0, 764.0, 597.0]
[16.0, 80.0, 749.0, 630.0]
[112.0, 128.0, 846.0, 678.0]
[32.0, 48.0, 767.0, 599.0]
[48.0, 96.0, 784.0, 648.0]
[80.0, 80.0, 817.0, 633.0]
[32.0, 32.0, 770.0, 586.0]
[32.0, 96.0, 771.0, 650.0]
[16.0, 80.0, 756.0, 635.0]
[80.0, 64.0, 821.0, 620.0]
[32.0, 16.0, 774.0, 572.0]
[32.0, 32.0, 775.0, 589.0]
[32.0, 96.0, 776.0, 654.0]
[32.0, 16.0, 777.0, 575.0]
[112.0, 80.0, 858.0, 640.0]
[80.0, 80.0, 827.0, 640.0]
[96.0, 64.0, 844.0, 625.0]
[32.0, 80.0, 781.0, 642.0]
[48.0, 48.0, 798.0, 610.0]
[64.0, 16.0, 815.0, 579.0]
[96.0, 64.0, 848.0, 628.0]
[80.0, 64.0, 833.0, 629.0]
[0.0, 48.0, 754.0, 614.0]
[16.0, 48.0, 771.0, 614.0]
[0.0, 80.0, 756.0, 647.0]
[32.0, 96.0, 789.0, 664.0]
[0.0, 32.0, 758.0, 600.0]
[80.0, 48.0, 839.0, 617.0]
[48.0, 48.0, 808.0, 618.0]
[32.0, 0.0, 793.0, 571.0]
[32.0, 0.0, 794.0, 572.0]
[48.0, 0.0, 811.0, 572.0]
[16.0, 96.0, 780.0, 669.0]
[64.0, 80.0, 829.0, 654.0]
[80.0, 64.0, 846.0, 638.0]
[32.0, 64.0, 799.0, 639.0]
[32.0, 80.0, 800.0, 656.0]
[80.0, 64.0, 849.0, 641.0]
[48.0, 32.0, 818.0, 610.0]
[16.0, 32.0, 787.0, 610.0]
[64.0, 16.0, 836.0, 595.0]
[32.0, 96.0, 805.0, 676.0]
[32.0, 48.0, 806.0, 628.0]
[80.0, 32.0, 855.0, 613.0]
[80.0, 32.0, 856.0, 614.0]
[16.0, 64.0, 793.0, 647.0]
[32.0, 48.0, 810.0, 632.0]
[0.0, 48.0, 779.0, 632.0]
[48.0, 0.0, 828.0, 585.0]
[0.0, 64.0, 781.0, 650.0]
[16.0, 32.0, 798.0, 618.0]
[48.0, 48.0, 831.0, 635.0]
[32.0, 80.0, 816.0, 668.0]
[0.0, 64.0, 785.0, 653.0]
[0.0, 16.0, 786.0, 606.0]
[32.0, 80.0, 819.0, 670.0]
[0.0, 32.0, 788.0, 623.0]
[48.0, 0.0, 837.0, 592.0]
[48.0, 80.0, 838.0, 672.0]
[16.0, 48.0, 807.0, 641.0]
[16.0, 64.0, 808.0, 658.0]
[16.0, 0.0, 809.0, 595.0]
[32.0, 32.0, 826.0, 628.0]
[0.0, 48.0, 795.0, 644.0]
[48.0, 80.0, 844.0, 677.0]
[0.0, 0.0, 797.0, 598.0]
[0.0, 48.0, 798.0, 646.0]
[32.0, 64.0, 831.0, 663.0]
[0.0, 0.0, 800.0, 600.0]
[0.0, 32.0, 801.0, 633.0]
[16.0, 64.0, 818.0, 666.0]
[48.0, 16.0, 851.0, 618.0]
[48.0, 16.0, 852.0, 619.0]
[0.0, 48.0, 805.0, 652.0]
[0.0, 0.0, 806.0, 604.0]
[16.0, 48.0, 823.0, 653.0]
[16.0, 32.0, 824.0, 638.0]
[0.0, 48.0, 809.0, 655.0]
[0.0, 64.0, 810.0, 672.0]
[32.0, 0.0, 843.0, 608.0]
[16.0, 32.0, 828.0, 641.0]
