[192.0, 64.0, 909.0, 602.0]
[256.0, 64.0, 974.0, 602.0]
[208.0, 96.0, 927.0, 635.0]
[288.0, 32.0, 1008.0, 572.0]
[208.0, 64.0, 929.0, 605.0]
[208.0, 16.0, 930.0, 558.0]
[272.0, 48.0, 995.0, 590.0]
[240.0, 96.0, 964.0, 639.0]
[240.0, 48.0, 965.0, 592.0]
[224.0, 80.0, 950.0, 624.0]
[208.0, 16.0, 935.0, 561.0]
[192.0, 16.0, 920.0, 562.0]
[240.0, 48.0, 969.0, 595.0]
[256.0, 64.0, 986.0, 612.0]
[224.0, 16.0, 955.0, 564.0]
[224.0, 16.0, 956.0, 565.0]
[208.0, 64.0, 941.0, 614.0]
[288.0, 64.0, 1022.0, 614.0]
[208.0, 64.0, 943.0, 615.0]
[288.0, 0.0, 1024.0, 552.0]
[272.0, 48.0, 1009.0, 601.0]
[256.0, 0.0, 994.0, 554.0]
[192.0, 32.0, 931.0, 586.0]
[224.0, 16.0, 964.0, 571.0]
[224.0, 80.0, 965.0, 636.0]
[208.0, 0.0, 950.0, 556.0]
[240.0, 32.0, 983.0, 589.0]
[192.0, 0.0, 936.0, 558.0]
[224.0, 0.0, 969.0, 559.0]
[160.0, 32.0, 906.0, 592.0]
[256.0, 64.0, 1003.0, 624.0]
[192.0, 48.0, 940.0, 609.0]
[192.0, 0.0, 941.0, 562.0]
[224.0, 32.0, 974.0, 594.0]
[176.0, 16.0, 927.0, 579.0]
[240.0, 48.0, 992.0, 612.0]
[208.0, 0.0, 961.0, 565.0]
[208.0, 64.0, 962.0, 630.0]
[240.0, 32.0, 995.0, 598.0]
[176.0, 48.0, 932.0, 615.0]
[240.0, 0.0, 997.0, 568.0]
[240.0, 32.0, 998.0, 600.0]
[224.0, 32.0, 983.0, 601.0]
[240.0, 32.0, 1000.0, 602.0]
[224.0, 16.0, 985.0, 587.0]
[224.0, 16.0, 986.0, 588.0]
[240.0, 48.0, 1003.0, 620.0]
[176.0, 0.0, 940.0, 573.0]
[176.0, 0.0, 941.0, 574.0]
[240.0, 32.0, 1006.0, 606.0]
[208.0, 0.0, 975.0, 575.0]
[240.0, 16.0, 1008.0, 592.0]
[192.0, 64.0, 961.0, 641.0]
[240.0, 0.0, 1010.0, 578.0]
[240.0, 16.0, 1011.0, 594.0]
[192.0, 16.0, 964.0, 595.0]
[192.0, 32.0, 965.0, 612.0]
[240.0, 16.0, 1014.0, 596.0]
[208.0, 48.0, 983.0, 629.0]
[176.0, 32.0, 952.0, 614.0]
[160.0, 16.0, 937.0, 599.0]
[192.0, 48.0, 970.0, 632.0]
[160.0, 16.0, 939.0, 600.0]
[144.0, 48.0, 924.0, 633.0]
[144.0, 16.0, 925.0, 602.0]
[224.0, 48.0, 1006.0, 634.0]
[144.0, 48.0, 927.0, 635.0]
[192.0, 0.0, 976.0, 588.0]
[160.0, 0.0, 945.0, 589.0]
[224.0, 48.0, 1010.0, 638.0]
[160.0, 0.0, 947.0, 590.0]
[144.0, 16.0, 932.0, 607.0]
[160.0, 0.0, 949.0, 592.0]
[224.0, 32.0, 1014.0, 624.0]
[224.0, 48.0, 1015.0, 641.0]
[224.0, 16.0, 1016.0, 610.0]
[208.0, 32.0, 1001.0, 627.0]
[192.0, 32.0, 986.0, 628.0]
[176.0, 32.0, 971.0, 628.0]
[192.0, 32.0, 988.0, 629.0]
[128.0, 16.0, 925.0, 614.0]
[160.0, 32.0, 958.0, 630.0]
[160.0, 32.0, 959.0, 631.0]
[192.0, 0.0, 992.0, 600.0]
[176.0, 32.0, 977.0, 633.0]
[208.0, 32.0, 1010.0, 634.0]
[160.0, 0.0, 963.0, 602.0]
[176.0, 0.0, 980.0, 603.0]
[176.0, 16.0, 981.0, 620.0]
[208.0, 32.0, 1014.0, 636.0]
[208.0, 16.0, 1015.0, 621.0]
[160.0, 0.0, 968.0, 606.0]
[192.0, 16.0, 1001.0, 623.0]
[160.0, 0.0, 970.0, 608.0]
[192.0, 0.0, 1003.0, 608.0]
[208.0, 16.0, 1020.0, 625.0]
[176.0, 0.0, 989.0, 610.0]
[160.0, 0.0, 974.0, 610.0]
[144.0, 16.0, 959.0, 627.0]
[192.0, 0.0, 1008.0, 612.0]
[144.0, 0.0, 961.0, 613.0]
[144.0, 16.0, 962.0, 630.0]
[192.0, 0.0, 1011.0, 614.0]
[160.0, 16.0, 980.0, 631.0]
[160.0, 0.0, 981.0, 616.0]
[192.0, 16.0, 1014.0, 632.0]
[144.0, 16.0, 967.0, 633.0]
[160.0, 16.0, 984.0, 634.0]
[176.0, 0.0, 1001.0, 619.0]
[176.0, 0.0, 1002.0, 620.0]
[144.0, 0.0, 971.0, 620.0]
[192.0, 0.0, 1020.0, 621.0]
[192.0, 16.0, 1021.0, 638.0]
[112.0, 16.0, 942.0, 638.0]
[144.0, 0.0, 975.0, 623.0]
[128.0, 16.0, 960.0, 640.0]
[128.0, 0.0, 961.0, 625.0]
[144.0, 0.0, 978.0, 626.0]
[144.0, 0.0, 979.0, 626.0]
[176.0, 0.0, 1012.0, 627.0]
[144.0, 0.0, 981.0, 628.0]
[160.0, 0.0, 998.0, 628.0]
[128.0, 0.0, 967.0, 629.0]
[176.0, 0.0, 1016.0, 630.0]
[112.0, 0.0, 953.0, 631.0]
[112.0, 0.0, 954.0, 632.0]
[112.0, 0.0, 955.0, 632.0]
[160.0, 0.0, 1004.0, 633.0]
[128.0, 0.0, 973.0, 634.0]
[144.0, 0.0, 990.0, 634.0]
[128.0, 0.0, 975.0, 635.0]
[112.0, 0.0, 960.0, 636.0]
[144.0, 0.0, 993.0, 637.0]
[128.0, 0.0, 978.0, 638.0]
[160.0, 0.0, 1011.0, 638.0]
[112.0, 0.0, 964.0, 639.0]
[128.0, 0.0, 981.0, 640.0]
[128.0, 0.0, 982.0, 640.0]
[160.0, 0.0, 1015.0, 641.0]
