[224.0, 64.0, 941.0, 602.0]
[240.0, 32.0, 958.0, 570.0]
[80.0, 64.0, 799.0, 603.0]
[80.0, 16.0, 800.0, 556.0]
[256.0, 16.0, 977.0, 557.0]
[112.0, 32.0, 834.0, 574.0]
[272.0, 32.0, 995.0, 574.0]
[272.0, 48.0, 996.0, 591.0]
[48.0, 16.0, 773.0, 560.0]
[208.0, 64.0, 934.0, 608.0]
[32.0, 48.0, 759.0, 593.0]
[224.0, 32.0, 952.0, 578.0]
[80.0, 48.0, 809.0, 595.0]
[240.0, 16.0, 970.0, 564.0]
[144.0, 32.0, 875.0, 580.0]
[128.0, 48.0, 860.0, 597.0]
[144.0, 16.0, 877.0, 566.0]
[64.0, 32.0, 798.0, 582.0]
[272.0, 48.0, 1007.0, 599.0]
[128.0, 16.0, 864.0, 568.0]
[192.0, 16.0, 929.0, 569.0]
[144.0, 16.0, 882.0, 570.0]
[64.0, 48.0, 803.0, 602.0]
[112.0, 32.0, 852.0, 587.0]
[176.0, 64.0, 917.0, 620.0]
[144.0, 48.0, 886.0, 604.0]
[128.0, 64.0, 871.0, 621.0]
[224.0, 64.0, 968.0, 622.0]
[48.0, 48.0, 793.0, 607.0]
[80.0, 48.0, 826.0, 608.0]
[160.0, 16.0, 907.0, 576.0]
[64.0, 48.0, 812.0, 609.0]
[224.0, 64.0, 973.0, 626.0]
[224.0, 32.0, 974.0, 594.0]
[224.0, 64.0, 975.0, 627.0]
[32.0, 32.0, 784.0, 596.0]
[80.0, 64.0, 833.0, 629.0]
[112.0, 0.0, 866.0, 566.0]
[64.0, 16.0, 819.0, 582.0]
[112.0, 48.0, 868.0, 615.0]
[112.0, 32.0, 869.0, 600.0]
[80.0, 48.0, 838.0, 616.0]
[240.0, 0.0, 999.0, 569.0]
[32.0, 48.0, 792.0, 618.0]
[80.0, 0.0, 841.0, 571.0]
[112.0, 16.0, 874.0, 588.0]
[224.0, 48.0, 987.0, 620.0]
[96.0, 64.0, 860.0, 637.0]
[112.0, 16.0, 877.0, 590.0]
[240.0, 16.0, 1006.0, 590.0]
[64.0, 64.0, 831.0, 639.0]
[16.0, 32.0, 784.0, 608.0]
[32.0, 32.0, 801.0, 609.0]
[32.0, 0.0, 802.0, 578.0]
[192.0, 64.0, 963.0, 642.0]
[64.0, 32.0, 836.0, 611.0]
[160.0, 64.0, 933.0, 644.0]
[128.0, 64.0, 902.0, 644.0]
[32.0, 64.0, 807.0, 645.0]
[160.0, 0.0, 936.0, 582.0]
[160.0, 16.0, 937.0, 599.0]
[0.0, 16.0, 778.0, 600.0]
[0.0, 0.0, 779.0, 584.0]
[160.0, 64.0, 940.0, 649.0]
[96.0, 16.0, 877.0, 602.0]
[128.0, 16.0, 910.0, 602.0]
[32.0, 48.0, 815.0, 635.0]
[160.0, 16.0, 944.0, 604.0]
[0.0, 0.0, 785.0, 589.0]
[160.0, 16.0, 946.0, 606.0]
[192.0, 32.0, 979.0, 622.0]
[112.0, 48.0, 900.0, 639.0]
[112.0, 64.0, 901.0, 656.0]
[208.0, 48.0, 998.0, 640.0]
[208.0, 0.0, 999.0, 593.0]
[64.0, 16.0, 856.0, 610.0]
[112.0, 16.0, 905.0, 611.0]
[32.0, 16.0, 826.0, 612.0]
[96.0, 0.0, 891.0, 596.0]
[128.0, 16.0, 924.0, 613.0]
[128.0, 32.0, 925.0, 630.0]
[192.0, 16.0, 990.0, 614.0]
[16.0, 48.0, 815.0, 647.0]
[80.0, 16.0, 880.0, 616.0]
[160.0, 16.0, 961.0, 617.0]
[144.0, 0.0, 946.0, 602.0]
[80.0, 0.0, 883.0, 602.0]
[208.0, 0.0, 1012.0, 603.0]
[16.0, 48.0, 821.0, 652.0]
[128.0, 64.0, 934.0, 668.0]
[48.0, 64.0, 855.0, 669.0]
[128.0, 64.0, 936.0, 670.0]
[32.0, 0.0, 841.0, 607.0]
[96.0, 32.0, 906.0, 640.0]
[176.0, 0.0, 987.0, 608.0]
[0.0, 32.0, 812.0, 641.0]
[64.0, 16.0, 877.0, 626.0]
[32.0, 64.0, 846.0, 674.0]
[208.0, 32.0, 1023.0, 643.0]
[16.0, 0.0, 832.0, 612.0]
[80.0, 32.0, 897.0, 645.0]
[96.0, 48.0, 914.0, 662.0]
[96.0, 16.0, 915.0, 630.0]
[80.0, 64.0, 900.0, 679.0]
[192.0, 16.0, 1013.0, 632.0]
[0.0, 32.0, 822.0, 648.0]
[144.0, 32.0, 967.0, 649.0]
[0.0, 16.0, 824.0, 634.0]
[96.0, 0.0, 921.0, 619.0]
[64.0, 0.0, 890.0, 620.0]
[32.0, 16.0, 859.0, 636.0]
[176.0, 48.0, 1004.0, 669.0]
[16.0, 48.0, 845.0, 670.0]
[80.0, 48.0, 910.0, 670.0]
[128.0, 32.0, 959.0, 655.0]
[96.0, 16.0, 928.0, 640.0]
[32.0, 32.0, 865.0, 657.0]
[32.0, 16.0, 866.0, 642.0]
[80.0, 48.0, 915.0, 674.0]
[176.0, 16.0, 1012.0, 643.0]
[128.0, 32.0, 965.0, 660.0]
[160.0, 0.0, 998.0, 628.0]
[0.0, 32.0, 839.0, 661.0]
[112.0, 0.0, 952.0, 630.0]
[32.0, 48.0, 873.0, 679.0]
[80.0, 16.0, 922.0, 648.0]
[128.0, 48.0, 971.0, 680.0]
[16.0, 16.0, 860.0, 649.0]
[16.0, 0.0, 861.0, 634.0]
[128.0, 32.0, 974.0, 666.0]
[48.0, 32.0, 895.0, 667.0]
[176.0, 16.0, 1024.0, 652.0]
[128.0, 32.0, 977.0, 669.0]
[64.0, 32.0, 914.0, 670.0]
[128.0, 16.0, 979.0, 654.0]
[144.0, 32.0, 996.0, 671.0]
[32.0, 32.0, 885.0, 672.0]
[48.0, 0.0, 902.0, 640.0]
[128.0, 0.0, 983.0, 641.0]
[32.0, 32.0, 888.0, 674.0]
[144.0, 16.0, 1001.0, 659.0]
[128.0, 16.0, 986.0, 660.0]
[112.0, 32.0, 971.0, 676.0]
[16.0, 32.0, 876.0, 677.0]
[128.0, 16.0, 989.0, 662.0]
[80.0, 32.0, 942.0, 678.0]
[0.0, 0.0, 863.0, 647.0]
[144.0, 32.0, 1008.0, 680.0]
[80.0, 32.0, 945.0, 681.0]
[0.0, 0.0, 866.0, 650.0]
[112.0, 16.0, 979.0, 666.0]
[96.0, 16.0, 964.0, 667.0]
[128.0, 16.0, 997.0, 668.0]
[48.0, 0.0, 918.0, 652.0]
[16.0, 0.0, 887.0, 653.0]
[64.0, 16.0, 936.0, 670.0]
[144.0, 0.0, 1017.0, 655.0]
[112.0, 16.0, 986.0, 672.0]
[64.0, 0.0, 939.0, 656.0]
[96.0, 0.0, 972.0, 657.0]
[144.0, 16.0, 1021.0, 674.0]
[64.0, 16.0, 942.0, 674.0]
[128.0, 16.0, 1007.0, 675.0]
[144.0, 16.0, 1024.0, 676.0]
[0.0, 16.0, 881.0, 677.0]
[80.0, 0.0, 962.0, 662.0]
[32.0, 0.0, 915.0, 662.0]
[32.0, 0.0, 916.0, 663.0]
[48.0, 0.0, 933.0, 664.0]
[0.0, 16.0, 886.0, 680.0]
[96.0, 0.0, 983.0, 665.0]
[32.0, 16.0, 920.0, 682.0]
[96.0, 0.0, 985.0, 667.0]
[48.0, 0.0, 938.0, 668.0]
[96.0, 0.0, 987.0, 668.0]
[80.0, 0.0, 972.0, 669.0]
[112.0, 0.0, 1005.0, 670.0]
[64.0, 0.0, 958.0, 670.0]
[16.0, 0.0, 911.0, 671.0]
[48.0, 0.0, 944.0, 672.0]
[64.0, 0.0, 961.0, 673.0]
[96.0, 0.0, 994.0, 674.0]
[64.0, 0.0, 963.0, 674.0]
[0.0, 0.0, 900.0, 675.0]
[112.0, 0.0, 1013.0, 676.0]
[16.0, 0.0, 918.0, 676.0]
[80.0, 0.0, 983.0, 677.0]
[48.0, 0.0, 952.0, 678.0]
[32.0, 0.0, 937.0, 679.0]
[96.0, 0.0, 1002.0, 680.0]
[112.0, 0.0, 1019.0, 680.0]
[32.0, 0.0, 940.0, 681.0]
[96.0, 0.0, 1005.0, 682.0]
[32.0, 0.0, 942.0, 682.0]
