[160.0, 80.0, 877.0, 618.0]
[96.0, 32.0, 814.0, 570.0]
[176.0, 80.0, 895.0, 619.0]
[128.0, 112.0, 848.0, 652.0]
[64.0, 32.0, 785.0, 573.0]
[224.0, 64.0, 946.0, 606.0]
[80.0, 80.0, 803.0, 622.0]
[64.0, 80.0, 788.0, 623.0]
[128.0, 16.0, 853.0, 560.0]
[80.0, 64.0, 806.0, 608.0]
[192.0, 80.0, 919.0, 625.0]
[160.0, 112.0, 888.0, 658.0]
[160.0, 64.0, 889.0, 611.0]
[112.0, 48.0, 842.0, 596.0]
[192.0, 112.0, 923.0, 660.0]
[144.0, 16.0, 876.0, 565.0]
[176.0, 80.0, 909.0, 630.0]
[96.0, 48.0, 830.0, 598.0]
[240.0, 80.0, 975.0, 631.0]
[192.0, 96.0, 928.0, 648.0]
[96.0, 16.0, 833.0, 569.0]
[144.0, 48.0, 882.0, 602.0]
[64.0, 48.0, 803.0, 602.0]
[96.0, 0.0, 836.0, 555.0]
[96.0, 16.0, 837.0, 572.0]
[192.0, 48.0, 934.0, 604.0]
[96.0, 32.0, 839.0, 589.0]
[176.0, 32.0, 920.0, 590.0]
[48.0, 80.0, 793.0, 639.0]
[80.0, 80.0, 826.0, 640.0]
[208.0, 96.0, 955.0, 656.0]
[176.0, 80.0, 924.0, 641.0]
[128.0, 64.0, 877.0, 626.0]
[192.0, 0.0, 942.0, 562.0]
[112.0, 64.0, 863.0, 627.0]
[64.0, 64.0, 816.0, 628.0]
[48.0, 80.0, 801.0, 645.0]
[128.0, 32.0, 882.0, 598.0]
[48.0, 64.0, 803.0, 630.0]
[48.0, 80.0, 804.0, 647.0]
[112.0, 80.0, 869.0, 648.0]
[208.0, 48.0, 966.0, 616.0]
[80.0, 32.0, 839.0, 601.0]
[176.0, 48.0, 936.0, 618.0]
[160.0, 80.0, 921.0, 651.0]
[176.0, 48.0, 938.0, 620.0]
[208.0, 16.0, 971.0, 588.0]
[208.0, 64.0, 972.0, 637.0]
[128.0, 80.0, 893.0, 654.0]
[144.0, 48.0, 910.0, 622.0]
[112.0, 64.0, 879.0, 639.0]
[48.0, 32.0, 816.0, 608.0]
[80.0, 32.0, 849.0, 609.0]
[160.0, 80.0, 930.0, 658.0]
[160.0, 80.0, 931.0, 658.0]
[96.0, 16.0, 868.0, 595.0]
[144.0, 64.0, 917.0, 644.0]
[48.0, 32.0, 822.0, 612.0]
[192.0, 0.0, 967.0, 581.0]
[64.0, 0.0, 840.0, 582.0]
[128.0, 0.0, 905.0, 583.0]
[160.0, 32.0, 938.0, 616.0]
[144.0, 16.0, 923.0, 600.0]
[144.0, 48.0, 924.0, 633.0]
[160.0, 64.0, 941.0, 650.0]
[176.0, 16.0, 958.0, 602.0]
[64.0, 64.0, 847.0, 651.0]
[128.0, 64.0, 912.0, 652.0]
[176.0, 0.0, 961.0, 589.0]
[48.0, 64.0, 834.0, 654.0]
[176.0, 32.0, 963.0, 622.0]
[128.0, 16.0, 916.0, 607.0]
[96.0, 16.0, 885.0, 608.0]
[96.0, 0.0, 886.0, 592.0]
[160.0, 0.0, 951.0, 593.0]
[144.0, 16.0, 936.0, 610.0]
[48.0, 16.0, 841.0, 611.0]
[176.0, 48.0, 970.0, 644.0]
[48.0, 16.0, 843.0, 612.0]
[80.0, 48.0, 876.0, 645.0]
[144.0, 32.0, 941.0, 630.0]
[176.0, 16.0, 974.0, 614.0]
[96.0, 32.0, 895.0, 631.0]
[176.0, 32.0, 976.0, 632.0]
[64.0, 48.0, 865.0, 649.0]
[80.0, 32.0, 882.0, 634.0]
[96.0, 32.0, 899.0, 634.0]
[144.0, 16.0, 948.0, 619.0]
[80.0, 48.0, 885.0, 652.0]
[48.0, 48.0, 854.0, 652.0]
[80.0, 0.0, 887.0, 605.0]
[80.0, 0.0, 888.0, 606.0]
[128.0, 48.0, 937.0, 655.0]
[112.0, 32.0, 922.0, 640.0]
[144.0, 16.0, 955.0, 624.0]
[160.0, 32.0, 972.0, 641.0]
[80.0, 48.0, 893.0, 658.0]
[160.0, 0.0, 974.0, 610.0]
[48.0, 0.0, 863.0, 611.0]
[96.0, 16.0, 912.0, 628.0]
[128.0, 32.0, 945.0, 645.0]
[160.0, 48.0, 978.0, 662.0]
[144.0, 32.0, 963.0, 646.0]
[128.0, 48.0, 948.0, 663.0]
[160.0, 0.0, 981.0, 616.0]
[80.0, 16.0, 902.0, 632.0]
[80.0, 16.0, 903.0, 633.0]
[48.0, 0.0, 872.0, 618.0]
[96.0, 16.0, 921.0, 635.0]
[128.0, 16.0, 954.0, 636.0]
[80.0, 32.0, 907.0, 652.0]
[112.0, 16.0, 940.0, 637.0]
[128.0, 32.0, 957.0, 654.0]
[128.0, 0.0, 958.0, 622.0]
[112.0, 16.0, 943.0, 639.0]
[96.0, 32.0, 928.0, 656.0]
[48.0, 32.0, 881.0, 657.0]
[96.0, 32.0, 930.0, 658.0]
[96.0, 16.0, 931.0, 642.0]
[112.0, 0.0, 948.0, 627.0]
[128.0, 32.0, 965.0, 660.0]
[64.0, 16.0, 902.0, 644.0]
[96.0, 16.0, 935.0, 645.0]
[48.0, 32.0, 888.0, 662.0]
[96.0, 16.0, 937.0, 647.0]
[64.0, 0.0, 906.0, 632.0]
[48.0, 16.0, 891.0, 648.0]
[80.0, 0.0, 924.0, 633.0]
[96.0, 0.0, 941.0, 634.0]
[96.0, 0.0, 942.0, 634.0]
[64.0, 0.0, 911.0, 635.0]
[48.0, 16.0, 896.0, 652.0]
[112.0, 0.0, 961.0, 637.0]
[80.0, 0.0, 930.0, 638.0]
[96.0, 0.0, 947.0, 638.0]
[80.0, 16.0, 932.0, 655.0]
