[16.0, 128.0, 554.0, 845.0]
[32.0, 128.0, 570.0, 846.0]
[80.0, 176.0, 619.0, 895.0]
[112.0, 192.0, 652.0, 912.0]
[80.0, 96.0, 621.0, 817.0]
[16.0, 80.0, 558.0, 802.0]
[48.0, 64.0, 590.0, 787.0]
[32.0, 192.0, 575.0, 916.0]
[96.0, 112.0, 640.0, 837.0]
[32.0, 128.0, 576.0, 854.0]
[32.0, 224.0, 577.0, 951.0]
[64.0, 176.0, 610.0, 904.0]
[16.0, 176.0, 563.0, 905.0]
[32.0, 224.0, 580.0, 954.0]
[32.0, 112.0, 580.0, 843.0]
[0.0, 80.0, 549.0, 812.0]
[112.0, 144.0, 662.0, 877.0]
[128.0, 160.0, 678.0, 894.0]
[96.0, 128.0, 647.0, 863.0]
[64.0, 96.0, 616.0, 832.0]
[112.0, 144.0, 665.0, 881.0]
[0.0, 80.0, 554.0, 818.0]
[32.0, 256.0, 586.0, 995.0]
[64.0, 144.0, 619.0, 884.0]
[48.0, 144.0, 604.0, 885.0]
[48.0, 192.0, 604.0, 934.0]
[80.0, 128.0, 637.0, 871.0]
[48.0, 80.0, 606.0, 824.0]
[0.0, 224.0, 559.0, 969.0]
[16.0, 144.0, 576.0, 890.0]
[0.0, 176.0, 560.0, 923.0]
[32.0, 16.0, 593.0, 764.0]
[96.0, 112.0, 658.0, 861.0]
[48.0, 160.0, 610.0, 910.0]
[16.0, 160.0, 579.0, 911.0]
[32.0, 48.0, 596.0, 800.0]
[32.0, 80.0, 597.0, 833.0]
[0.0, 192.0, 566.0, 946.0]
[48.0, 48.0, 614.0, 803.0]
[112.0, 160.0, 679.0, 916.0]
[16.0, 208.0, 584.0, 965.0]
[16.0, 144.0, 584.0, 902.0]
[32.0, 256.0, 601.0, 1015.0]
[32.0, 240.0, 602.0, 1000.0]
[96.0, 176.0, 667.0, 937.0]
[64.0, 48.0, 636.0, 810.0]
[64.0, 224.0, 636.0, 987.0]
[80.0, 96.0, 653.0, 860.0]
[48.0, 48.0, 622.0, 813.0]
[16.0, 96.0, 590.0, 862.0]
[80.0, 128.0, 655.0, 895.0]
[48.0, 48.0, 624.0, 816.0]
[32.0, 16.0, 609.0, 785.0]
[112.0, 96.0, 690.0, 866.0]
[112.0, 112.0, 690.0, 883.0]
[0.0, 208.0, 579.0, 980.0]
[32.0, 160.0, 612.0, 933.0]
[48.0, 64.0, 628.0, 838.0]
[48.0, 32.0, 629.0, 807.0]
[64.0, 64.0, 646.0, 840.0]
[64.0, 144.0, 647.0, 921.0]
[112.0, 144.0, 696.0, 922.0]
[16.0, 128.0, 600.0, 907.0]
[112.0, 112.0, 697.0, 892.0]
[32.0, 96.0, 618.0, 877.0]
[0.0, 16.0, 586.0, 798.0]
[16.0, 160.0, 603.0, 943.0]
[16.0, 160.0, 604.0, 944.0]
[0.0, 176.0, 589.0, 961.0]
[16.0, 64.0, 606.0, 850.0]
[0.0, 112.0, 590.0, 899.0]
[0.0, 128.0, 591.0, 916.0]
[16.0, 224.0, 608.0, 1013.0]
[64.0, 48.0, 656.0, 838.0]
[48.0, 48.0, 641.0, 839.0]
[48.0, 208.0, 642.0, 1000.0]
[48.0, 160.0, 643.0, 953.0]
[16.0, 192.0, 612.0, 986.0]
[16.0, 176.0, 612.0, 971.0]
[48.0, 176.0, 645.0, 972.0]
[0.0, 112.0, 598.0, 909.0]
[32.0, 32.0, 630.0, 830.0]
[32.0, 80.0, 631.0, 879.0]
[0.0, 112.0, 600.0, 912.0]
[0.0, 192.0, 601.0, 993.0]
[80.0, 48.0, 682.0, 850.0]
[0.0, 208.0, 602.0, 1011.0]
[80.0, 112.0, 683.0, 916.0]
[80.0, 128.0, 684.0, 933.0]
[32.0, 16.0, 636.0, 822.0]
[0.0, 96.0, 605.0, 903.0]
[16.0, 16.0, 622.0, 824.0]
[0.0, 48.0, 607.0, 857.0]
[80.0, 48.0, 688.0, 858.0]
[80.0, 64.0, 688.0, 875.0]
[16.0, 48.0, 625.0, 860.0]
[16.0, 32.0, 626.0, 845.0]
[48.0, 144.0, 658.0, 958.0]
[16.0, 128.0, 627.0, 943.0]
[16.0, 80.0, 628.0, 896.0]
[80.0, 128.0, 693.0, 945.0]
[32.0, 144.0, 646.0, 962.0]
[64.0, 144.0, 678.0, 963.0]
[48.0, 80.0, 663.0, 900.0]
[16.0, 64.0, 632.0, 885.0]
[16.0, 80.0, 632.0, 902.0]
[32.0, 16.0, 649.0, 839.0]
[16.0, 192.0, 634.0, 1016.0]
[96.0, 112.0, 715.0, 937.0]
[32.0, 80.0, 652.0, 906.0]
[0.0, 0.0, 620.0, 827.0]
[0.0, 80.0, 621.0, 908.0]
[0.0, 112.0, 622.0, 941.0]
[0.0, 192.0, 622.0, 1022.0]
[48.0, 96.0, 671.0, 927.0]
[64.0, 144.0, 688.0, 976.0]
[0.0, 64.0, 625.0, 897.0]
[0.0, 112.0, 626.0, 946.0]
[48.0, 160.0, 674.0, 995.0]
[32.0, 80.0, 659.0, 916.0]
[48.0, 48.0, 676.0, 885.0]
[32.0, 64.0, 660.0, 902.0]
[80.0, 80.0, 709.0, 919.0]
[48.0, 128.0, 678.0, 968.0]
[16.0, 160.0, 647.0, 1001.0]
[16.0, 0.0, 648.0, 842.0]
[0.0, 64.0, 632.0, 907.0]
[48.0, 16.0, 681.0, 860.0]
[80.0, 64.0, 714.0, 909.0]
[16.0, 64.0, 650.0, 910.0]
[16.0, 176.0, 651.0, 1023.0]
[32.0, 96.0, 668.0, 944.0]
[64.0, 32.0, 701.0, 881.0]
[0.0, 96.0, 638.0, 946.0]
[0.0, 160.0, 638.0, 1011.0]
[64.0, 144.0, 703.0, 996.0]
[16.0, 80.0, 656.0, 933.0]
[64.0, 80.0, 704.0, 934.0]
[16.0, 144.0, 657.0, 999.0]
[0.0, 96.0, 642.0, 952.0]
[48.0, 80.0, 691.0, 937.0]
[16.0, 80.0, 660.0, 938.0]
[0.0, 80.0, 644.0, 939.0]
[0.0, 48.0, 645.0, 908.0]
[0.0, 64.0, 646.0, 925.0]
[32.0, 96.0, 678.0, 958.0]
[32.0, 32.0, 679.0, 895.0]
[0.0, 128.0, 648.0, 992.0]
[64.0, 96.0, 713.0, 961.0]
[0.0, 16.0, 650.0, 882.0]
[0.0, 128.0, 650.0, 995.0]
[48.0, 96.0, 699.0, 964.0]
[16.0, 80.0, 668.0, 949.0]
[64.0, 64.0, 716.0, 934.0]
[16.0, 80.0, 669.0, 951.0]
[16.0, 16.0, 670.0, 888.0]
[64.0, 64.0, 719.0, 937.0]
[48.0, 96.0, 704.0, 970.0]
[32.0, 32.0, 688.0, 907.0]
[16.0, 128.0, 673.0, 1004.0]
[16.0, 80.0, 674.0, 957.0]
[48.0, 144.0, 706.0, 1022.0]
[32.0, 64.0, 691.0, 943.0]
[0.0, 112.0, 660.0, 992.0]
[48.0, 112.0, 709.0, 993.0]
[16.0, 128.0, 678.0, 1010.0]
[0.0, 0.0, 662.0, 883.0]
[16.0, 32.0, 679.0, 916.0]
[48.0, 16.0, 712.0, 901.0]
[16.0, 0.0, 680.0, 886.0]
[48.0, 96.0, 713.0, 983.0]
[16.0, 48.0, 682.0, 936.0]
[16.0, 64.0, 683.0, 953.0]
[32.0, 64.0, 700.0, 954.0]
[48.0, 112.0, 716.0, 1003.0]
[48.0, 128.0, 717.0, 1020.0]
[32.0, 96.0, 702.0, 989.0]
[16.0, 112.0, 686.0, 1006.0]
[16.0, 64.0, 687.0, 959.0]
[16.0, 128.0, 688.0, 1024.0]
[16.0, 96.0, 689.0, 993.0]
[16.0, 0.0, 690.0, 898.0]
[32.0, 16.0, 706.0, 915.0]
[0.0, 0.0, 675.0, 900.0]
[32.0, 96.0, 708.0, 997.0]
[0.0, 112.0, 676.0, 1014.0]
[0.0, 16.0, 677.0, 919.0]
[0.0, 32.0, 678.0, 936.0]
[0.0, 80.0, 679.0, 985.0]
[0.0, 0.0, 680.0, 906.0]
[0.0, 0.0, 680.0, 907.0]
[0.0, 48.0, 681.0, 956.0]
[32.0, 112.0, 714.0, 1021.0]
[32.0, 32.0, 714.0, 942.0]
[0.0, 64.0, 683.0, 975.0]
[0.0, 112.0, 684.0, 1024.0]
[16.0, 48.0, 701.0, 961.0]
[0.0, 0.0, 686.0, 914.0]
[32.0, 64.0, 718.0, 979.0]
[16.0, 48.0, 703.0, 964.0]
[16.0, 48.0, 704.0, 965.0]
[32.0, 80.0, 720.0, 998.0]
