[80.0, 48.0, 797.0, 586.0]
[80.0, 32.0, 798.0, 570.0]
[32.0, 32.0, 751.0, 571.0]
[64.0, 32.0, 784.0, 572.0]
[64.0, 16.0, 785.0, 557.0]
[96.0, 48.0, 818.0, 590.0]
[48.0, 16.0, 771.0, 558.0]
[224.0, 32.0, 948.0, 575.0]
[48.0, 48.0, 773.0, 592.0]
[240.0, 32.0, 966.0, 576.0]
[176.0, 16.0, 903.0, 561.0]
[256.0, 64.0, 984.0, 610.0]
[160.0, 64.0, 889.0, 611.0]
[80.0, 64.0, 810.0, 612.0]
[32.0, 48.0, 763.0, 596.0]
[256.0, 16.0, 988.0, 565.0]
[112.0, 16.0, 845.0, 566.0]
[224.0, 16.0, 958.0, 566.0]
[112.0, 16.0, 847.0, 567.0]
[80.0, 16.0, 816.0, 568.0]
[240.0, 48.0, 977.0, 601.0]
[64.0, 64.0, 802.0, 618.0]
[16.0, 32.0, 755.0, 586.0]
[32.0, 16.0, 772.0, 571.0]
[160.0, 64.0, 901.0, 620.0]
[16.0, 32.0, 758.0, 588.0]
[128.0, 48.0, 871.0, 605.0]
[96.0, 48.0, 840.0, 606.0]
[96.0, 16.0, 841.0, 575.0]
[192.0, 64.0, 938.0, 624.0]
[176.0, 0.0, 923.0, 560.0]
[80.0, 16.0, 828.0, 577.0]
[80.0, 0.0, 829.0, 562.0]
[0.0, 32.0, 750.0, 594.0]
[128.0, 48.0, 879.0, 611.0]
[256.0, 32.0, 1008.0, 596.0]
[144.0, 16.0, 897.0, 581.0]
[144.0, 64.0, 898.0, 630.0]
[80.0, 64.0, 835.0, 630.0]
[240.0, 16.0, 996.0, 583.0]
[224.0, 0.0, 981.0, 568.0]
[0.0, 32.0, 758.0, 600.0]
[176.0, 64.0, 935.0, 633.0]
[48.0, 32.0, 808.0, 602.0]
[48.0, 48.0, 809.0, 619.0]
[64.0, 32.0, 826.0, 604.0]
[208.0, 32.0, 971.0, 604.0]
[192.0, 48.0, 956.0, 621.0]
[112.0, 32.0, 877.0, 606.0]
[192.0, 16.0, 958.0, 590.0]
[208.0, 32.0, 975.0, 607.0]
[144.0, 32.0, 912.0, 608.0]
[224.0, 32.0, 993.0, 609.0]
[240.0, 32.0, 1010.0, 610.0]
[192.0, 16.0, 963.0, 594.0]
[176.0, 0.0, 948.0, 579.0]
[32.0, 16.0, 805.0, 596.0]
[128.0, 48.0, 902.0, 628.0]
[224.0, 16.0, 999.0, 597.0]
[160.0, 0.0, 936.0, 582.0]
[128.0, 0.0, 905.0, 583.0]
[32.0, 0.0, 810.0, 584.0]
[96.0, 32.0, 875.0, 616.0]
[32.0, 64.0, 812.0, 649.0]
[48.0, 64.0, 829.0, 650.0]
[208.0, 0.0, 990.0, 586.0]
[16.0, 48.0, 799.0, 635.0]
[96.0, 32.0, 880.0, 620.0]
[112.0, 64.0, 897.0, 653.0]
[176.0, 16.0, 962.0, 606.0]
[16.0, 32.0, 803.0, 622.0]
[128.0, 64.0, 916.0, 655.0]
[32.0, 0.0, 821.0, 592.0]
[64.0, 64.0, 854.0, 656.0]
[0.0, 16.0, 791.0, 609.0]
[128.0, 32.0, 920.0, 626.0]
[208.0, 48.0, 1001.0, 643.0]
[208.0, 16.0, 1002.0, 612.0]
[224.0, 16.0, 1019.0, 612.0]
[16.0, 16.0, 812.0, 613.0]
[144.0, 32.0, 941.0, 630.0]
[16.0, 32.0, 814.0, 630.0]
[192.0, 0.0, 991.0, 599.0]
[0.0, 0.0, 800.0, 600.0]
[0.0, 16.0, 801.0, 617.0]
[32.0, 64.0, 834.0, 666.0]
[144.0, 48.0, 947.0, 650.0]
[112.0, 32.0, 916.0, 635.0]
[160.0, 0.0, 965.0, 604.0]
[176.0, 16.0, 982.0, 620.0]
[112.0, 0.0, 919.0, 605.0]
[160.0, 48.0, 968.0, 654.0]
[176.0, 48.0, 985.0, 655.0]
[112.0, 32.0, 922.0, 640.0]
[208.0, 32.0, 1019.0, 640.0]
[0.0, 16.0, 812.0, 625.0]
[208.0, 16.0, 1021.0, 626.0]
[208.0, 0.0, 1022.0, 610.0]
[144.0, 16.0, 959.0, 627.0]
[144.0, 0.0, 960.0, 612.0]
[64.0, 48.0, 881.0, 661.0]
[128.0, 0.0, 946.0, 614.0]
[176.0, 32.0, 995.0, 646.0]
[32.0, 16.0, 852.0, 631.0]
[96.0, 32.0, 917.0, 648.0]
[176.0, 16.0, 998.0, 632.0]
[64.0, 48.0, 887.0, 665.0]
[64.0, 64.0, 888.0, 682.0]
[176.0, 16.0, 1001.0, 635.0]
[176.0, 0.0, 1002.0, 620.0]
[144.0, 32.0, 971.0, 652.0]
[0.0, 16.0, 828.0, 637.0]
[144.0, 16.0, 973.0, 638.0]
[192.0, 48.0, 1022.0, 670.0]
[144.0, 0.0, 975.0, 623.0]
[112.0, 16.0, 944.0, 640.0]
[80.0, 0.0, 913.0, 625.0]
[48.0, 16.0, 882.0, 642.0]
[0.0, 48.0, 835.0, 674.0]
[160.0, 32.0, 996.0, 659.0]
[48.0, 16.0, 885.0, 644.0]
[32.0, 32.0, 870.0, 660.0]
[0.0, 48.0, 839.0, 677.0]
[80.0, 16.0, 920.0, 646.0]
[0.0, 32.0, 841.0, 663.0]
[112.0, 16.0, 954.0, 648.0]
[96.0, 32.0, 939.0, 664.0]
[16.0, 0.0, 860.0, 633.0]
[144.0, 48.0, 989.0, 682.0]
[64.0, 32.0, 910.0, 666.0]
[16.0, 32.0, 863.0, 667.0]
[64.0, 0.0, 912.0, 636.0]
[128.0, 16.0, 977.0, 653.0]
[48.0, 32.0, 898.0, 670.0]
[16.0, 16.0, 867.0, 654.0]
[64.0, 32.0, 916.0, 671.0]
[48.0, 16.0, 901.0, 656.0]
[160.0, 16.0, 1014.0, 656.0]
[128.0, 16.0, 983.0, 657.0]
[80.0, 16.0, 936.0, 658.0]
[64.0, 16.0, 921.0, 659.0]
[128.0, 32.0, 986.0, 676.0]
[80.0, 32.0, 939.0, 676.0]
[80.0, 16.0, 940.0, 661.0]
[112.0, 32.0, 973.0, 678.0]
[64.0, 32.0, 926.0, 678.0]
[112.0, 16.0, 975.0, 663.0]
[80.0, 32.0, 944.0, 680.0]
[32.0, 32.0, 897.0, 681.0]
[128.0, 16.0, 994.0, 666.0]
[32.0, 32.0, 899.0, 682.0]
[80.0, 32.0, 948.0, 683.0]
[48.0, 16.0, 917.0, 668.0]
[16.0, 0.0, 886.0, 652.0]
[64.0, 0.0, 935.0, 653.0]
[80.0, 16.0, 952.0, 670.0]
[0.0, 0.0, 873.0, 655.0]
[48.0, 16.0, 922.0, 672.0]
[144.0, 16.0, 1019.0, 672.0]
[112.0, 0.0, 988.0, 657.0]
[128.0, 0.0, 1005.0, 658.0]
[128.0, 0.0, 1006.0, 658.0]
[64.0, 0.0, 943.0, 659.0]
[64.0, 0.0, 944.0, 660.0]
[64.0, 0.0, 945.0, 661.0]
[0.0, 0.0, 882.0, 662.0]
[64.0, 16.0, 947.0, 678.0]
[128.0, 0.0, 1012.0, 663.0]
[16.0, 0.0, 901.0, 664.0]
[128.0, 0.0, 1014.0, 664.0]
[96.0, 0.0, 983.0, 665.0]
[112.0, 0.0, 1000.0, 666.0]
[0.0, 16.0, 889.0, 683.0]
[0.0, 0.0, 890.0, 668.0]
[32.0, 0.0, 923.0, 668.0]
[0.0, 0.0, 892.0, 669.0]
[128.0, 0.0, 1021.0, 670.0]
[0.0, 0.0, 894.0, 670.0]
[64.0, 0.0, 959.0, 671.0]
[80.0, 0.0, 976.0, 672.0]
[16.0, 0.0, 913.0, 673.0]
[32.0, 0.0, 930.0, 674.0]
[64.0, 0.0, 963.0, 674.0]
[96.0, 0.0, 996.0, 675.0]
[48.0, 0.0, 949.0, 676.0]
[32.0, 0.0, 934.0, 676.0]
[80.0, 0.0, 983.0, 677.0]
[0.0, 0.0, 904.0, 678.0]
[80.0, 0.0, 985.0, 679.0]
[16.0, 0.0, 922.0, 680.0]
[96.0, 0.0, 1003.0, 680.0]
[112.0, 0.0, 1020.0, 681.0]
[112.0, 0.0, 1021.0, 682.0]
[64.0, 0.0, 974.0, 682.0]
[64.0, 0.0, 975.0, 683.0]
