[64.0, 32.0, 781.0, 570.0]
[128.0, 96.0, 846.0, 634.0]
[112.0, 80.0, 831.0, 619.0]
[16.0, 64.0, 736.0, 604.0]
[176.0, 80.0, 897.0, 621.0]
[112.0, 64.0, 834.0, 606.0]
[128.0, 48.0, 851.0, 590.0]
[176.0, 80.0, 900.0, 623.0]
[176.0, 96.0, 901.0, 640.0]
[96.0, 48.0, 822.0, 592.0]
[192.0, 96.0, 919.0, 641.0]
[144.0, 64.0, 872.0, 610.0]
[64.0, 32.0, 793.0, 579.0]
[96.0, 32.0, 826.0, 580.0]
[16.0, 48.0, 747.0, 596.0]
[128.0, 32.0, 860.0, 581.0]
[48.0, 112.0, 781.0, 662.0]
[96.0, 64.0, 830.0, 614.0]
[80.0, 80.0, 815.0, 631.0]
[64.0, 16.0, 800.0, 568.0]
[192.0, 64.0, 929.0, 617.0]
[144.0, 48.0, 882.0, 602.0]
[128.0, 112.0, 867.0, 666.0]
[144.0, 16.0, 884.0, 571.0]
[208.0, 48.0, 949.0, 604.0]
[96.0, 16.0, 838.0, 572.0]
[32.0, 80.0, 775.0, 637.0]
[192.0, 48.0, 936.0, 606.0]
[144.0, 64.0, 889.0, 623.0]
[128.0, 80.0, 874.0, 640.0]
[80.0, 48.0, 827.0, 608.0]
[16.0, 96.0, 764.0, 657.0]
[80.0, 96.0, 829.0, 658.0]
[48.0, 16.0, 798.0, 578.0]
[32.0, 112.0, 783.0, 675.0]
[64.0, 16.0, 816.0, 580.0]
[144.0, 112.0, 897.0, 677.0]
[112.0, 16.0, 866.0, 582.0]
[160.0, 96.0, 915.0, 662.0]
[112.0, 32.0, 868.0, 599.0]
[128.0, 0.0, 885.0, 568.0]
[112.0, 96.0, 870.0, 664.0]
[32.0, 32.0, 791.0, 601.0]
[64.0, 48.0, 824.0, 618.0]
[32.0, 112.0, 793.0, 683.0]
[144.0, 48.0, 906.0, 620.0]
[144.0, 64.0, 907.0, 636.0]
[16.0, 48.0, 780.0, 621.0]
[192.0, 48.0, 957.0, 622.0]
[64.0, 96.0, 830.0, 670.0]
[96.0, 96.0, 863.0, 671.0]
[176.0, 32.0, 944.0, 608.0]
[32.0, 64.0, 801.0, 641.0]
[128.0, 48.0, 898.0, 626.0]
[16.0, 80.0, 787.0, 658.0]
[0.0, 80.0, 772.0, 659.0]
[0.0, 16.0, 773.0, 596.0]
[0.0, 16.0, 774.0, 596.0]
[96.0, 32.0, 871.0, 613.0]
[112.0, 80.0, 888.0, 662.0]
[64.0, 64.0, 841.0, 647.0]
[128.0, 48.0, 906.0, 632.0]
[144.0, 32.0, 923.0, 616.0]
[144.0, 48.0, 924.0, 633.0]
[160.0, 48.0, 941.0, 634.0]
[32.0, 96.0, 814.0, 682.0]
[16.0, 96.0, 799.0, 683.0]
[96.0, 32.0, 880.0, 620.0]
[80.0, 16.0, 865.0, 605.0]
[144.0, 64.0, 930.0, 654.0]
[0.0, 64.0, 787.0, 654.0]
[16.0, 0.0, 804.0, 591.0]
[128.0, 0.0, 917.0, 592.0]
[64.0, 64.0, 854.0, 656.0]
[144.0, 32.0, 935.0, 625.0]
[32.0, 0.0, 824.0, 594.0]
[160.0, 32.0, 953.0, 627.0]
[112.0, 32.0, 906.0, 628.0]
[48.0, 64.0, 843.0, 660.0]
[112.0, 16.0, 908.0, 613.0]
[64.0, 80.0, 861.0, 678.0]
[112.0, 16.0, 910.0, 614.0]
[112.0, 16.0, 911.0, 615.0]
[32.0, 64.0, 832.0, 664.0]
[16.0, 0.0, 817.0, 601.0]
[48.0, 64.0, 850.0, 666.0]
[80.0, 0.0, 883.0, 602.0]
[64.0, 16.0, 868.0, 619.0]
[48.0, 0.0, 853.0, 604.0]
[80.0, 16.0, 886.0, 620.0]
[48.0, 16.0, 855.0, 621.0]
[48.0, 64.0, 856.0, 670.0]
[128.0, 0.0, 937.0, 607.0]
[112.0, 0.0, 922.0, 608.0]
[64.0, 32.0, 875.0, 640.0]
[32.0, 16.0, 844.0, 625.0]
[128.0, 64.0, 941.0, 674.0]
[128.0, 64.0, 942.0, 674.0]
[144.0, 16.0, 959.0, 627.0]
[96.0, 64.0, 912.0, 676.0]
[80.0, 48.0, 897.0, 661.0]
[96.0, 0.0, 914.0, 614.0]
[128.0, 64.0, 947.0, 678.0]
[16.0, 32.0, 836.0, 647.0]
[112.0, 64.0, 933.0, 680.0]
[0.0, 0.0, 822.0, 616.0]
[48.0, 32.0, 871.0, 649.0]
[32.0, 16.0, 856.0, 634.0]
[16.0, 0.0, 841.0, 619.0]
[64.0, 48.0, 890.0, 668.0]
[96.0, 32.0, 923.0, 652.0]
[80.0, 48.0, 908.0, 669.0]
[48.0, 32.0, 877.0, 654.0]
[80.0, 0.0, 910.0, 622.0]
[80.0, 16.0, 911.0, 639.0]
[16.0, 0.0, 848.0, 624.0]
[48.0, 48.0, 881.0, 673.0]
[0.0, 16.0, 834.0, 642.0]
[32.0, 0.0, 867.0, 626.0]
[112.0, 16.0, 948.0, 643.0]
[32.0, 48.0, 869.0, 676.0]
[0.0, 48.0, 838.0, 676.0]
[64.0, 48.0, 903.0, 677.0]
[112.0, 0.0, 952.0, 630.0]
[16.0, 16.0, 857.0, 647.0]
[32.0, 16.0, 874.0, 648.0]
[48.0, 48.0, 891.0, 680.0]
[64.0, 16.0, 908.0, 649.0]
[32.0, 48.0, 877.0, 682.0]
[16.0, 48.0, 862.0, 682.0]
[80.0, 32.0, 927.0, 667.0]
[96.0, 32.0, 944.0, 668.0]
[32.0, 32.0, 881.0, 669.0]
[16.0, 16.0, 866.0, 654.0]
[96.0, 0.0, 947.0, 638.0]
[96.0, 0.0, 948.0, 639.0]
[32.0, 32.0, 885.0, 672.0]
[80.0, 0.0, 934.0, 640.0]
[96.0, 32.0, 951.0, 673.0]
[64.0, 16.0, 920.0, 658.0]
[48.0, 32.0, 905.0, 675.0]
[32.0, 0.0, 890.0, 644.0]
[16.0, 16.0, 875.0, 660.0]
[0.0, 16.0, 860.0, 661.0]
[96.0, 32.0, 957.0, 678.0]
[32.0, 32.0, 894.0, 678.0]
[64.0, 16.0, 927.0, 663.0]
[0.0, 16.0, 864.0, 664.0]
[48.0, 16.0, 913.0, 665.0]
[48.0, 16.0, 914.0, 666.0]
[16.0, 16.0, 883.0, 666.0]
[64.0, 16.0, 932.0, 667.0]
[64.0, 16.0, 933.0, 668.0]
[32.0, 0.0, 902.0, 652.0]
[16.0, 0.0, 887.0, 653.0]
[48.0, 0.0, 920.0, 654.0]
[32.0, 0.0, 905.0, 655.0]
[64.0, 0.0, 938.0, 656.0]
[16.0, 16.0, 891.0, 672.0]
[0.0, 0.0, 876.0, 657.0]
[32.0, 16.0, 909.0, 674.0]
[0.0, 0.0, 878.0, 658.0]
[0.0, 0.0, 879.0, 659.0]
[64.0, 0.0, 944.0, 660.0]
[48.0, 16.0, 929.0, 677.0]
[32.0, 0.0, 914.0, 662.0]
[0.0, 0.0, 883.0, 662.0]
[64.0, 16.0, 948.0, 679.0]
[16.0, 0.0, 901.0, 664.0]
[48.0, 0.0, 934.0, 664.0]
[64.0, 16.0, 951.0, 681.0]
[48.0, 0.0, 936.0, 666.0]
[0.0, 16.0, 889.0, 683.0]
[16.0, 0.0, 906.0, 668.0]
[48.0, 0.0, 939.0, 668.0]
[48.0, 0.0, 940.0, 669.0]
[0.0, 0.0, 893.0, 670.0]
[0.0, 0.0, 894.0, 670.0]
[48.0, 0.0, 943.0, 671.0]
[32.0, 0.0, 928.0, 672.0]
[48.0, 0.0, 945.0, 673.0]
[0.0, 0.0, 898.0, 674.0]
[0.0, 0.0, 899.0, 674.0]
[16.0, 0.0, 916.0, 675.0]
[32.0, 0.0, 933.0, 676.0]
[0.0, 0.0, 902.0, 676.0]
[0.0, 0.0, 903.0, 677.0]
[48.0, 0.0, 952.0, 678.0]
[32.0, 0.0, 937.0, 679.0]
[0.0, 0.0, 906.0, 680.0]
[32.0, 0.0, 939.0, 680.0]
[48.0, 0.0, 956.0, 681.0]
[16.0, 0.0, 925.0, 682.0]
[0.0, 0.0, 910.0, 682.0]
[16.0, 0.0, 927.0, 683.0]
