[128.0, 16.0, 666.0, 733.0]
[80.0, 32.0, 618.0, 750.0]
[192.0, 16.0, 731.0, 735.0]
[64.0, 48.0, 604.0, 768.0]
[144.0, 16.0, 685.0, 737.0]
[160.0, 0.0, 702.0, 722.0]
[64.0, 32.0, 606.0, 755.0]
[80.0, 48.0, 623.0, 772.0]
[112.0, 16.0, 656.0, 741.0]
[80.0, 32.0, 624.0, 758.0]
[128.0, 32.0, 673.0, 759.0]
[176.0, 32.0, 722.0, 760.0]
[64.0, 16.0, 611.0, 745.0]
[112.0, 0.0, 660.0, 730.0]
[32.0, 48.0, 580.0, 779.0]
[160.0, 16.0, 709.0, 748.0]
[128.0, 32.0, 678.0, 765.0]
[192.0, 16.0, 742.0, 750.0]
[128.0, 0.0, 679.0, 735.0]
[160.0, 16.0, 712.0, 752.0]
[160.0, 16.0, 713.0, 753.0]
[80.0, 0.0, 634.0, 738.0]
[80.0, 48.0, 634.0, 787.0]
[80.0, 48.0, 635.0, 788.0]
[192.0, 32.0, 748.0, 773.0]
[80.0, 48.0, 636.0, 790.0]
[128.0, 64.0, 685.0, 807.0]
[80.0, 0.0, 638.0, 744.0]
[176.0, 48.0, 735.0, 793.0]
[128.0, 16.0, 688.0, 762.0]
[48.0, 0.0, 608.0, 747.0]
[160.0, 16.0, 721.0, 764.0]
[176.0, 0.0, 738.0, 749.0]
[48.0, 16.0, 610.0, 766.0]
[112.0, 48.0, 675.0, 799.0]
[16.0, 16.0, 580.0, 768.0]
[64.0, 48.0, 629.0, 801.0]
[176.0, 32.0, 742.0, 786.0]
[128.0, 64.0, 694.0, 819.0]
[160.0, 16.0, 727.0, 772.0]
[80.0, 16.0, 648.0, 773.0]
[128.0, 48.0, 696.0, 806.0]
[16.0, 16.0, 585.0, 775.0]
[176.0, 48.0, 746.0, 808.0]
[128.0, 64.0, 699.0, 825.0]
[128.0, 64.0, 700.0, 826.0]
[80.0, 32.0, 652.0, 795.0]
[16.0, 0.0, 589.0, 764.0]
[96.0, 32.0, 670.0, 797.0]
[128.0, 64.0, 702.0, 830.0]
[80.0, 16.0, 655.0, 783.0]
[64.0, 32.0, 640.0, 800.0]
[144.0, 64.0, 721.0, 833.0]
[80.0, 48.0, 658.0, 818.0]
[176.0, 0.0, 754.0, 771.0]
[96.0, 48.0, 675.0, 820.0]
[80.0, 0.0, 660.0, 773.0]
[64.0, 0.0, 644.0, 774.0]
[144.0, 64.0, 725.0, 839.0]
[112.0, 32.0, 694.0, 808.0]
[96.0, 64.0, 679.0, 841.0]
[16.0, 16.0, 600.0, 794.0]
[64.0, 0.0, 648.0, 779.0]
[80.0, 32.0, 665.0, 812.0]
[144.0, 32.0, 730.0, 813.0]
[80.0, 32.0, 666.0, 814.0]
[80.0, 48.0, 667.0, 831.0]
[32.0, 48.0, 620.0, 832.0]
[48.0, 64.0, 637.0, 849.0]
[64.0, 16.0, 654.0, 802.0]
[112.0, 0.0, 702.0, 787.0]
[112.0, 16.0, 703.0, 804.0]
[64.0, 48.0, 656.0, 837.0]
[32.0, 32.0, 624.0, 822.0]
[96.0, 16.0, 689.0, 807.0]
[48.0, 0.0, 642.0, 792.0]
[32.0, 32.0, 627.0, 825.0]
[64.0, 64.0, 660.0, 858.0]
[144.0, 16.0, 740.0, 811.0]
[96.0, 64.0, 693.0, 860.0]
[112.0, 0.0, 710.0, 797.0]
[112.0, 0.0, 710.0, 798.0]
[32.0, 16.0, 631.0, 815.0]
[112.0, 64.0, 712.0, 864.0]
[144.0, 0.0, 745.0, 801.0]
[16.0, 32.0, 618.0, 834.0]
[32.0, 32.0, 634.0, 835.0]
[64.0, 32.0, 667.0, 836.0]
[96.0, 48.0, 700.0, 853.0]
[32.0, 32.0, 636.0, 838.0]
[96.0, 64.0, 701.0, 871.0]
[112.0, 48.0, 718.0, 856.0]
[128.0, 48.0, 735.0, 857.0]
[64.0, 16.0, 672.0, 826.0]
[48.0, 48.0, 656.0, 859.0]
[48.0, 32.0, 657.0, 844.0]
[80.0, 48.0, 690.0, 861.0]
[48.0, 32.0, 658.0, 846.0]
[64.0, 0.0, 675.0, 815.0]
[48.0, 0.0, 660.0, 816.0]
[16.0, 0.0, 629.0, 817.0]
[32.0, 48.0, 646.0, 866.0]
[112.0, 0.0, 726.0, 819.0]
[128.0, 48.0, 743.0, 868.0]
[112.0, 48.0, 728.0, 869.0]
[80.0, 0.0, 696.0, 822.0]
[32.0, 48.0, 649.0, 871.0]
[48.0, 64.0, 666.0, 888.0]
[48.0, 16.0, 667.0, 841.0]
[64.0, 0.0, 684.0, 826.0]
[80.0, 64.0, 700.0, 891.0]
[96.0, 48.0, 717.0, 876.0]
[80.0, 16.0, 702.0, 845.0]
[96.0, 16.0, 718.0, 846.0]
[128.0, 16.0, 751.0, 847.0]
[112.0, 64.0, 736.0, 896.0]
[80.0, 16.0, 705.0, 849.0]
[64.0, 16.0, 690.0, 850.0]
[96.0, 64.0, 722.0, 899.0]
[64.0, 0.0, 691.0, 836.0]
[80.0, 48.0, 708.0, 885.0]
[16.0, 0.0, 644.0, 838.0]
[32.0, 32.0, 661.0, 871.0]
[32.0, 48.0, 662.0, 888.0]
[80.0, 64.0, 711.0, 905.0]
[112.0, 0.0, 744.0, 842.0]
[80.0, 48.0, 712.0, 891.0]
[96.0, 0.0, 729.0, 844.0]
[64.0, 0.0, 698.0, 845.0]
[48.0, 64.0, 682.0, 910.0]
[96.0, 48.0, 731.0, 895.0]
[32.0, 48.0, 668.0, 896.0]
[112.0, 48.0, 749.0, 897.0]
[96.0, 64.0, 734.0, 914.0]
[32.0, 0.0, 670.0, 851.0]
[96.0, 0.0, 735.0, 852.0]
[80.0, 32.0, 720.0, 885.0]
[16.0, 32.0, 656.0, 886.0]
[48.0, 64.0, 689.0, 919.0]
[32.0, 64.0, 674.0, 920.0]
[96.0, 16.0, 739.0, 873.0]
[64.0, 64.0, 708.0, 922.0]
[80.0, 64.0, 724.0, 923.0]
[48.0, 32.0, 693.0, 892.0]
[16.0, 16.0, 662.0, 877.0]
[64.0, 64.0, 710.0, 926.0]
[48.0, 32.0, 695.0, 895.0]
[48.0, 48.0, 696.0, 912.0]
[48.0, 0.0, 697.0, 865.0]
[32.0, 48.0, 682.0, 914.0]
[48.0, 0.0, 698.0, 867.0]
[80.0, 16.0, 731.0, 884.0]
[64.0, 48.0, 716.0, 917.0]
[80.0, 0.0, 732.0, 870.0]
[96.0, 32.0, 749.0, 903.0]
[32.0, 48.0, 686.0, 920.0]
[96.0, 16.0, 751.0, 889.0]
[96.0, 0.0, 752.0, 874.0]
[96.0, 0.0, 752.0, 875.0]
[32.0, 32.0, 689.0, 908.0]
[48.0, 32.0, 706.0, 909.0]
[16.0, 32.0, 674.0, 910.0]
[16.0, 0.0, 675.0, 879.0]
[16.0, 0.0, 676.0, 880.0]
[48.0, 48.0, 709.0, 929.0]
[64.0, 0.0, 726.0, 882.0]
[64.0, 16.0, 726.0, 899.0]
[64.0, 16.0, 727.0, 900.0]
[80.0, 32.0, 744.0, 917.0]
[80.0, 48.0, 744.0, 934.0]
[16.0, 16.0, 681.0, 903.0]
[16.0, 32.0, 682.0, 920.0]
[64.0, 0.0, 731.0, 889.0]
[64.0, 48.0, 732.0, 938.0]
[48.0, 0.0, 716.0, 891.0]
[64.0, 48.0, 733.0, 940.0]
[16.0, 16.0, 686.0, 909.0]
[64.0, 0.0, 734.0, 894.0]
[32.0, 0.0, 703.0, 895.0]
[64.0, 32.0, 736.0, 928.0]
[64.0, 0.0, 737.0, 897.0]
[48.0, 16.0, 722.0, 914.0]
[80.0, 16.0, 754.0, 915.0]
[48.0, 0.0, 723.0, 900.0]
[48.0, 32.0, 724.0, 933.0]
[64.0, 48.0, 740.0, 950.0]
[32.0, 32.0, 709.0, 935.0]
[16.0, 32.0, 694.0, 936.0]
[16.0, 16.0, 695.0, 921.0]
[64.0, 32.0, 744.0, 938.0]
[16.0, 32.0, 696.0, 939.0]
[16.0, 16.0, 697.0, 924.0]
[32.0, 48.0, 714.0, 957.0]
[64.0, 0.0, 746.0, 910.0]
[32.0, 0.0, 715.0, 911.0]
[32.0, 48.0, 716.0, 960.0]
[48.0, 0.0, 733.0, 913.0]
[64.0, 32.0, 750.0, 946.0]
[32.0, 16.0, 718.0, 931.0]
[48.0, 16.0, 735.0, 932.0]
[64.0, 16.0, 752.0, 933.0]
[16.0, 16.0, 704.0, 934.0]
[32.0, 0.0, 721.0, 919.0]
[32.0, 0.0, 722.0, 920.0]
[32.0, 16.0, 723.0, 937.0]
[48.0, 16.0, 740.0, 938.0]
[16.0, 32.0, 708.0, 955.0]
[48.0, 0.0, 741.0, 924.0]
[32.0, 0.0, 726.0, 925.0]
[16.0, 32.0, 710.0, 958.0]
[32.0, 16.0, 727.0, 943.0]
[32.0, 48.0, 728.0, 976.0]
[16.0, 16.0, 713.0, 945.0]
[16.0, 32.0, 714.0, 962.0]
[32.0, 32.0, 730.0, 963.0]
[48.0, 16.0, 747.0, 948.0]
[32.0, 48.0, 732.0, 981.0]
[32.0, 48.0, 732.0, 982.0]
[32.0, 0.0, 733.0, 935.0]
[32.0, 0.0, 734.0, 936.0]
[32.0, 0.0, 735.0, 937.0]
[32.0, 32.0, 736.0, 970.0]
[32.0, 16.0, 736.0, 955.0]
[32.0, 32.0, 737.0, 972.0]
[32.0, 32.0, 738.0, 973.0]
[32.0, 0.0, 738.0, 942.0]
[32.0, 0.0, 739.0, 943.0]
[32.0, 32.0, 740.0, 976.0]
[32.0, 32.0, 741.0, 977.0]
[32.0, 48.0, 742.0, 994.0]
[32.0, 48.0, 742.0, 995.0]
[32.0, 16.0, 743.0, 964.0]
[32.0, 0.0, 744.0, 949.0]
[32.0, 48.0, 744.0, 998.0]
[32.0, 32.0, 745.0, 983.0]
[32.0, 0.0, 746.0, 952.0]
[32.0, 32.0, 747.0, 985.0]
[32.0, 32.0, 748.0, 986.0]
[32.0, 32.0, 748.0, 987.0]
[32.0, 32.0, 749.0, 988.0]
