[48.0, 32.0, 797.0, 594.0]
[80.0, 144.0, 830.0, 706.0]
[144.0, 160.0, 895.0, 723.0]
[48.0, 64.0, 800.0, 628.0]
[64.0, 32.0, 817.0, 597.0]
[112.0, 32.0, 866.0, 598.0]
[112.0, 144.0, 867.0, 710.0]
[80.0, 64.0, 836.0, 631.0]
[80.0, 128.0, 837.0, 696.0]
[128.0, 144.0, 886.0, 712.0]
[144.0, 48.0, 903.0, 617.0]
[144.0, 96.0, 904.0, 666.0]
[80.0, 64.0, 841.0, 635.0]
[128.0, 128.0, 890.0, 700.0]
[128.0, 128.0, 891.0, 700.0]
[112.0, 32.0, 876.0, 605.0]
[96.0, 80.0, 861.0, 654.0]
[64.0, 160.0, 830.0, 734.0]
[64.0, 144.0, 831.0, 719.0]
[96.0, 112.0, 864.0, 688.0]
[80.0, 64.0, 849.0, 641.0]
[144.0, 96.0, 914.0, 674.0]
[144.0, 160.0, 915.0, 738.0]
[64.0, 96.0, 836.0, 675.0]
[32.0, 112.0, 805.0, 692.0]
[128.0, 96.0, 902.0, 676.0]
[96.0, 160.0, 871.0, 741.0]
[128.0, 16.0, 904.0, 598.0]
[64.0, 32.0, 841.0, 615.0]
[144.0, 80.0, 922.0, 664.0]
[48.0, 144.0, 827.0, 728.0]
[32.0, 112.0, 812.0, 697.0]
[128.0, 32.0, 909.0, 618.0]
[128.0, 96.0, 910.0, 682.0]
[80.0, 32.0, 863.0, 619.0]
[128.0, 32.0, 912.0, 620.0]
[128.0, 112.0, 913.0, 701.0]
[96.0, 32.0, 882.0, 622.0]
[64.0, 96.0, 851.0, 686.0]
[144.0, 32.0, 932.0, 623.0]
[64.0, 80.0, 853.0, 672.0]
[32.0, 16.0, 822.0, 608.0]
[48.0, 144.0, 839.0, 737.0]
[112.0, 128.0, 904.0, 722.0]
[64.0, 80.0, 857.0, 675.0]
[16.0, 128.0, 810.0, 724.0]
[112.0, 112.0, 907.0, 708.0]
[0.0, 96.0, 796.0, 693.0]
[80.0, 32.0, 877.0, 630.0]
[32.0, 16.0, 830.0, 614.0]
[80.0, 128.0, 879.0, 727.0]
[16.0, 160.0, 816.0, 760.0]
[16.0, 80.0, 817.0, 681.0]
[96.0, 96.0, 898.0, 698.0]
[48.0, 96.0, 851.0, 698.0]
[0.0, 80.0, 804.0, 683.0]
[96.0, 160.0, 901.0, 764.0]
[96.0, 96.0, 902.0, 700.0]
[64.0, 80.0, 871.0, 685.0]
[64.0, 16.0, 872.0, 622.0]
[128.0, 48.0, 937.0, 655.0]
[80.0, 160.0, 890.0, 768.0]
[80.0, 48.0, 891.0, 656.0]
[96.0, 48.0, 908.0, 657.0]
[32.0, 48.0, 845.0, 658.0]
[80.0, 144.0, 894.0, 754.0]
[112.0, 16.0, 927.0, 627.0]
[80.0, 112.0, 896.0, 724.0]
[112.0, 16.0, 929.0, 629.0]
[16.0, 80.0, 834.0, 694.0]
[128.0, 144.0, 947.0, 758.0]
[96.0, 112.0, 916.0, 727.0]
[112.0, 32.0, 933.0, 648.0]
[64.0, 48.0, 886.0, 664.0]
[64.0, 32.0, 887.0, 649.0]
[0.0, 0.0, 824.0, 618.0]
[80.0, 80.0, 905.0, 699.0]
[48.0, 32.0, 874.0, 652.0]
[96.0, 96.0, 923.0, 716.0]
[48.0, 128.0, 876.0, 749.0]
[64.0, 80.0, 893.0, 702.0]
[64.0, 128.0, 894.0, 750.0]
[0.0, 80.0, 831.0, 703.0]
[64.0, 32.0, 896.0, 656.0]
[96.0, 0.0, 929.0, 625.0]
[32.0, 64.0, 866.0, 690.0]
[0.0, 0.0, 835.0, 626.0]
[96.0, 128.0, 932.0, 755.0]
[16.0, 16.0, 853.0, 644.0]
[112.0, 80.0, 950.0, 708.0]
[16.0, 16.0, 855.0, 645.0]
[128.0, 96.0, 968.0, 726.0]
[80.0, 96.0, 921.0, 727.0]
[0.0, 64.0, 842.0, 696.0]
[0.0, 16.0, 843.0, 648.0]
[0.0, 32.0, 844.0, 665.0]
[96.0, 112.0, 941.0, 746.0]
[16.0, 96.0, 862.0, 730.0]
[32.0, 16.0, 879.0, 651.0]
[32.0, 96.0, 880.0, 732.0]
[112.0, 0.0, 961.0, 637.0]
[128.0, 80.0, 978.0, 718.0]
[16.0, 128.0, 867.0, 766.0]
[16.0, 16.0, 868.0, 655.0]
[96.0, 96.0, 949.0, 736.0]
[0.0, 96.0, 854.0, 736.0]
[48.0, 16.0, 903.0, 657.0]
[48.0, 64.0, 904.0, 706.0]
[96.0, 80.0, 953.0, 723.0]
[112.0, 0.0, 970.0, 644.0]
[0.0, 0.0, 859.0, 644.0]
[0.0, 32.0, 860.0, 677.0]
[144.0, 80.0, 1005.0, 726.0]
[16.0, 48.0, 878.0, 694.0]
[144.0, 96.0, 1007.0, 743.0]
[64.0, 112.0, 928.0, 760.0]
[80.0, 80.0, 945.0, 729.0]
[16.0, 112.0, 882.0, 762.0]
[0.0, 32.0, 867.0, 682.0]
[80.0, 48.0, 948.0, 699.0]
[48.0, 96.0, 917.0, 748.0]
[32.0, 96.0, 902.0, 748.0]
[144.0, 48.0, 1015.0, 701.0]
[80.0, 64.0, 952.0, 718.0]
[32.0, 48.0, 905.0, 703.0]
[112.0, 48.0, 986.0, 704.0]
[112.0, 48.0, 987.0, 704.0]
[128.0, 64.0, 1004.0, 721.0]
[144.0, 32.0, 1021.0, 690.0]
[64.0, 96.0, 942.0, 754.0]
[80.0, 16.0, 959.0, 675.0]
[0.0, 0.0, 880.0, 660.0]
[32.0, 48.0, 913.0, 709.0]
[96.0, 0.0, 978.0, 662.0]
[0.0, 32.0, 883.0, 694.0]
[32.0, 0.0, 916.0, 663.0]
[80.0, 96.0, 965.0, 760.0]
[48.0, 48.0, 934.0, 712.0]
[64.0, 80.0, 951.0, 745.0]
[32.0, 64.0, 920.0, 730.0]
[64.0, 48.0, 953.0, 715.0]
[96.0, 0.0, 986.0, 668.0]
[96.0, 80.0, 987.0, 748.0]
[64.0, 0.0, 956.0, 669.0]
[32.0, 48.0, 925.0, 718.0]
[80.0, 0.0, 974.0, 670.0]
[64.0, 96.0, 959.0, 767.0]
[128.0, 48.0, 1024.0, 720.0]
[112.0, 48.0, 1009.0, 721.0]
[0.0, 16.0, 898.0, 690.0]
[80.0, 0.0, 979.0, 674.0]
[16.0, 64.0, 916.0, 739.0]
[16.0, 32.0, 917.0, 708.0]
[96.0, 64.0, 998.0, 740.0]
[96.0, 0.0, 999.0, 677.0]
[96.0, 16.0, 1000.0, 694.0]
[112.0, 48.0, 1017.0, 727.0]
[16.0, 0.0, 922.0, 680.0]
[48.0, 64.0, 955.0, 744.0]
[48.0, 32.0, 956.0, 713.0]
[96.0, 48.0, 1005.0, 730.0]
[0.0, 48.0, 910.0, 730.0]
[64.0, 48.0, 975.0, 731.0]
[32.0, 80.0, 944.0, 764.0]
[80.0, 16.0, 993.0, 701.0]
[48.0, 64.0, 962.0, 750.0]
[0.0, 64.0, 915.0, 750.0]
[32.0, 80.0, 948.0, 767.0]
[0.0, 80.0, 917.0, 768.0]
[0.0, 48.0, 918.0, 736.0]
[48.0, 0.0, 967.0, 689.0]
[0.0, 48.0, 920.0, 738.0]
[80.0, 64.0, 1001.0, 755.0]
[80.0, 64.0, 1002.0, 756.0]
[48.0, 16.0, 971.0, 708.0]
[64.0, 64.0, 988.0, 757.0]
[80.0, 64.0, 1005.0, 758.0]
[48.0, 32.0, 974.0, 726.0]
[64.0, 32.0, 991.0, 727.0]
[48.0, 16.0, 976.0, 712.0]
[0.0, 32.0, 929.0, 729.0]
[32.0, 64.0, 962.0, 762.0]
[64.0, 48.0, 995.0, 746.0]
[64.0, 16.0, 996.0, 715.0]
[16.0, 32.0, 949.0, 732.0]
[32.0, 32.0, 966.0, 732.0]
[16.0, 0.0, 951.0, 701.0]
[32.0, 16.0, 968.0, 718.0]
[64.0, 64.0, 1001.0, 767.0]
[0.0, 16.0, 938.0, 720.0]
[64.0, 16.0, 1003.0, 720.0]
[48.0, 0.0, 988.0, 705.0]
[48.0, 16.0, 989.0, 722.0]
[16.0, 48.0, 958.0, 754.0]
[64.0, 16.0, 1007.0, 723.0]
[0.0, 48.0, 944.0, 756.0]
[64.0, 48.0, 1009.0, 757.0]
[48.0, 32.0, 994.0, 742.0]
[0.0, 48.0, 947.0, 758.0]
[48.0, 48.0, 996.0, 759.0]
[0.0, 48.0, 949.0, 760.0]
[32.0, 16.0, 982.0, 728.0]
[0.0, 16.0, 951.0, 729.0]
[32.0, 32.0, 984.0, 746.0]
[0.0, 48.0, 953.0, 763.0]
[48.0, 0.0, 1002.0, 716.0]
[16.0, 0.0, 971.0, 716.0]
[16.0, 32.0, 972.0, 749.0]
[0.0, 0.0, 957.0, 718.0]
[48.0, 32.0, 1006.0, 750.0]
[32.0, 48.0, 991.0, 767.0]
[48.0, 16.0, 1008.0, 736.0]
[0.0, 32.0, 961.0, 753.0]
[48.0, 32.0, 1010.0, 754.0]
[32.0, 0.0, 995.0, 722.0]
[16.0, 32.0, 980.0, 755.0]
[32.0, 16.0, 997.0, 740.0]
[48.0, 0.0, 1014.0, 724.0]
[0.0, 32.0, 967.0, 757.0]
[16.0, 0.0, 984.0, 726.0]
[48.0, 16.0, 1017.0, 743.0]
[0.0, 32.0, 970.0, 760.0]
[16.0, 16.0, 987.0, 744.0]
[16.0, 16.0, 988.0, 745.0]
[16.0, 0.0, 989.0, 730.0]
[32.0, 16.0, 1006.0, 746.0]
[0.0, 0.0, 975.0, 731.0]
[16.0, 32.0, 992.0, 764.0]
[32.0, 32.0, 1009.0, 765.0]
[0.0, 32.0, 978.0, 766.0]
[32.0, 32.0, 1011.0, 766.0]
[0.0, 32.0, 980.0, 767.0]
[32.0, 0.0, 1013.0, 736.0]
[0.0, 0.0, 982.0, 736.0]
[16.0, 16.0, 999.0, 753.0]
[16.0, 0.0, 1000.0, 738.0]
[32.0, 0.0, 1017.0, 739.0]
[32.0, 16.0, 1018.0, 756.0]
[0.0, 16.0, 987.0, 756.0]
[0.0, 16.0, 988.0, 757.0]
[0.0, 16.0, 989.0, 758.0]
[0.0, 16.0, 990.0, 758.0]
[0.0, 0.0, 991.0, 743.0]
[0.0, 16.0, 992.0, 760.0]
[16.0, 0.0, 1009.0, 745.0]
[0.0, 0.0, 994.0, 746.0]
[16.0, 16.0, 1011.0, 762.0]
[16.0, 0.0, 1012.0, 747.0]
[16.0, 16.0, 1013.0, 764.0]
[0.0, 0.0, 998.0, 748.0]
[16.0, 0.0, 1015.0, 749.0]
[0.0, 0.0, 1000.0, 750.0]
[16.0, 0.0, 1017.0, 751.0]
[16.0, 0.0, 1018.0, 752.0]
[16.0, 0.0, 1019.0, 752.0]
[0.0, 0.0, 1004.0, 753.0]
[16.0, 0.0, 1021.0, 754.0]
[16.0, 0.0, 1022.0, 754.0]
[0.0, 0.0, 1007.0, 755.0]
[16.0, 0.0, 1024.0, 756.0]
[0.0, 0.0, 1009.0, 757.0]
[0.0, 0.0, 1010.0, 758.0]
[0.0, 0.0, 1011.0, 758.0]
[0.0, 0.0, 1012.0, 759.0]
[0.0, 0.0, 1013.0, 760.0]
[0.0, 0.0, 1014.0, 760.0]
[0.0, 0.0, 1015.0, 761.0]
[0.0, 0.0, 1016.0, 762.0]
[0.0, 0.0, 1017.0, 763.0]
[0.0, 0.0, 1018.0, 764.0]
[0.0, 0.0, 1019.0, 764.0]
[0.0, 0.0, 1020.0, 765.0]
[0.0, 0.0, 1021.0, 766.0]
[0.0, 0.0, 1022.0, 766.0]
[0.0, 0.0, 1023.0, 767.0]
[0.0, 0.0, 1024.0, 768.0]
