[160.0, 16.0, 877.0, 554.0]
[144.0, 48.0, 862.0, 586.0]
[176.0, 80.0, 895.0, 619.0]
[256.0, 48.0, 976.0, 588.0]
[144.0, 0.0, 865.0, 541.0]
[112.0, 64.0, 834.0, 606.0]
[112.0, 64.0, 835.0, 606.0]
[144.0, 96.0, 868.0, 639.0]
[272.0, 80.0, 997.0, 624.0]
[176.0, 80.0, 902.0, 624.0]
[176.0, 0.0, 903.0, 545.0]
[128.0, 80.0, 856.0, 626.0]
[112.0, 32.0, 841.0, 579.0]
[224.0, 64.0, 954.0, 612.0]
[256.0, 48.0, 987.0, 596.0]
[128.0, 64.0, 860.0, 613.0]
[144.0, 32.0, 877.0, 582.0]
[224.0, 16.0, 958.0, 566.0]
[256.0, 80.0, 991.0, 631.0]
[160.0, 32.0, 896.0, 584.0]
[224.0, 80.0, 961.0, 633.0]
[256.0, 16.0, 994.0, 570.0]
[176.0, 0.0, 915.0, 554.0]
[240.0, 48.0, 980.0, 603.0]
[176.0, 0.0, 917.0, 556.0]
[240.0, 48.0, 982.0, 604.0]
[176.0, 96.0, 919.0, 653.0]
[208.0, 16.0, 952.0, 574.0]
[208.0, 0.0, 953.0, 559.0]
[224.0, 32.0, 970.0, 592.0]
[160.0, 48.0, 907.0, 608.0]
[240.0, 0.0, 988.0, 561.0]
[192.0, 32.0, 941.0, 594.0]
[160.0, 32.0, 910.0, 594.0]
[144.0, 80.0, 895.0, 643.0]
[208.0, 0.0, 960.0, 564.0]
[112.0, 64.0, 865.0, 629.0]
[224.0, 64.0, 978.0, 630.0]
[240.0, 80.0, 995.0, 646.0]
[240.0, 32.0, 996.0, 599.0]
[176.0, 80.0, 933.0, 648.0]
[112.0, 64.0, 870.0, 632.0]
[112.0, 48.0, 871.0, 617.0]
[176.0, 80.0, 936.0, 650.0]
[128.0, 32.0, 889.0, 603.0]
[128.0, 0.0, 890.0, 572.0]
[144.0, 32.0, 907.0, 604.0]
[208.0, 80.0, 972.0, 653.0]
[208.0, 32.0, 973.0, 606.0]
[224.0, 16.0, 990.0, 590.0]
[112.0, 16.0, 879.0, 591.0]
[128.0, 48.0, 896.0, 624.0]
[144.0, 0.0, 913.0, 577.0]
[176.0, 16.0, 946.0, 594.0]
[208.0, 0.0, 979.0, 578.0]
[128.0, 64.0, 900.0, 643.0]
[208.0, 32.0, 981.0, 612.0]
[208.0, 32.0, 982.0, 612.0]
[176.0, 0.0, 951.0, 581.0]
[128.0, 64.0, 904.0, 646.0]
[128.0, 32.0, 905.0, 615.0]
[208.0, 16.0, 986.0, 600.0]
[128.0, 0.0, 907.0, 584.0]
[128.0, 32.0, 908.0, 617.0]
[160.0, 0.0, 941.0, 586.0]
[208.0, 32.0, 990.0, 618.0]
[112.0, 16.0, 895.0, 603.0]
[112.0, 64.0, 896.0, 652.0]
[160.0, 0.0, 945.0, 589.0]
[160.0, 32.0, 946.0, 622.0]
[112.0, 80.0, 899.0, 670.0]
[160.0, 0.0, 948.0, 591.0]
[160.0, 80.0, 949.0, 672.0]
[192.0, 32.0, 982.0, 624.0]
[160.0, 48.0, 951.0, 641.0]
[144.0, 64.0, 936.0, 658.0]
[176.0, 64.0, 969.0, 659.0]
[144.0, 48.0, 938.0, 644.0]
[128.0, 32.0, 923.0, 628.0]
[160.0, 32.0, 956.0, 629.0]
[144.0, 16.0, 941.0, 614.0]
[144.0, 32.0, 942.0, 630.0]
[160.0, 32.0, 959.0, 631.0]
[192.0, 0.0, 992.0, 600.0]
[160.0, 48.0, 961.0, 649.0]
[144.0, 32.0, 946.0, 634.0]
[128.0, 32.0, 931.0, 634.0]
[160.0, 80.0, 964.0, 683.0]
[144.0, 48.0, 949.0, 652.0]
[144.0, 0.0, 950.0, 604.0]
[144.0, 48.0, 951.0, 653.0]
[160.0, 48.0, 968.0, 654.0]
[128.0, 64.0, 937.0, 671.0]
[128.0, 48.0, 938.0, 656.0]
[144.0, 64.0, 955.0, 672.0]
[144.0, 32.0, 956.0, 641.0]
[128.0, 16.0, 941.0, 626.0]
[144.0, 48.0, 958.0, 658.0]
[176.0, 32.0, 991.0, 643.0]
[128.0, 0.0, 944.0, 612.0]
[144.0, 0.0, 961.0, 613.0]
[160.0, 48.0, 978.0, 662.0]
[144.0, 48.0, 963.0, 662.0]
[160.0, 32.0, 980.0, 647.0]
[144.0, 32.0, 965.0, 648.0]
[144.0, 0.0, 966.0, 616.0]
[128.0, 48.0, 951.0, 665.0]
[128.0, 48.0, 952.0, 666.0]
[128.0, 32.0, 953.0, 651.0]
[128.0, 48.0, 954.0, 668.0]
[144.0, 16.0, 971.0, 636.0]
[160.0, 16.0, 988.0, 637.0]
[144.0, 48.0, 973.0, 670.0]
[128.0, 0.0, 958.0, 622.0]
[160.0, 0.0, 991.0, 623.0]
[128.0, 16.0, 960.0, 640.0]
[128.0, 16.0, 961.0, 641.0]
[128.0, 0.0, 962.0, 626.0]
[144.0, 48.0, 979.0, 674.0]
[144.0, 0.0, 980.0, 627.0]
[128.0, 16.0, 965.0, 644.0]
[144.0, 0.0, 982.0, 628.0]
[144.0, 16.0, 983.0, 645.0]
[128.0, 32.0, 968.0, 662.0]
[144.0, 32.0, 985.0, 663.0]
[144.0, 0.0, 986.0, 632.0]
[144.0, 32.0, 987.0, 664.0]
[128.0, 16.0, 972.0, 649.0]
[144.0, 48.0, 989.0, 682.0]
[144.0, 48.0, 990.0, 682.0]
[144.0, 32.0, 991.0, 667.0]
[128.0, 16.0, 976.0, 652.0]
[128.0, 16.0, 977.0, 653.0]
[128.0, 16.0, 978.0, 654.0]
[128.0, 32.0, 979.0, 670.0]
[128.0, 16.0, 980.0, 655.0]
[128.0, 16.0, 981.0, 656.0]
[128.0, 0.0, 982.0, 640.0]
[128.0, 16.0, 983.0, 657.0]
[128.0, 0.0, 984.0, 642.0]
[128.0, 32.0, 985.0, 675.0]
[128.0, 16.0, 986.0, 660.0]
[128.0, 0.0, 987.0, 644.0]
[128.0, 0.0, 988.0, 645.0]
