[96.0, 176.0, 657.0, 924.0]
[128.0, 208.0, 690.0, 957.0]
[64.0, 128.0, 626.0, 878.0]
[32.0, 176.0, 595.0, 927.0]
[32.0, 192.0, 596.0, 944.0]
[96.0, 160.0, 661.0, 913.0]
[96.0, 224.0, 662.0, 978.0]
[80.0, 224.0, 646.0, 979.0]
[112.0, 160.0, 679.0, 916.0]
[80.0, 128.0, 648.0, 885.0]
[32.0, 176.0, 600.0, 934.0]
[64.0, 144.0, 633.0, 903.0]
[48.0, 128.0, 618.0, 888.0]
[48.0, 128.0, 619.0, 889.0]
[80.0, 192.0, 652.0, 954.0]
[64.0, 224.0, 636.0, 987.0]
[64.0, 224.0, 637.0, 988.0]
[80.0, 192.0, 654.0, 957.0]
[112.0, 144.0, 686.0, 910.0]
[96.0, 192.0, 671.0, 959.0]
[128.0, 224.0, 704.0, 992.0]
[80.0, 224.0, 657.0, 993.0]
[48.0, 208.0, 626.0, 978.0]
[160.0, 128.0, 738.0, 899.0]
[32.0, 208.0, 611.0, 980.0]
[144.0, 176.0, 724.0, 949.0]
[160.0, 144.0, 740.0, 918.0]
[160.0, 176.0, 741.0, 951.0]
[160.0, 224.0, 742.0, 1000.0]
[48.0, 192.0, 631.0, 969.0]
[128.0, 160.0, 712.0, 938.0]
[144.0, 224.0, 728.0, 1003.0]
[160.0, 192.0, 745.0, 972.0]
[16.0, 160.0, 602.0, 941.0]
[32.0, 224.0, 618.0, 1006.0]
[48.0, 176.0, 635.0, 959.0]
[128.0, 112.0, 716.0, 896.0]
[160.0, 128.0, 749.0, 913.0]
[64.0, 160.0, 654.0, 946.0]
[0.0, 128.0, 590.0, 915.0]
[16.0, 208.0, 607.0, 996.0]
[16.0, 112.0, 608.0, 901.0]
[128.0, 224.0, 720.0, 1014.0]
[32.0, 192.0, 625.0, 983.0]
[160.0, 112.0, 754.0, 904.0]
[112.0, 160.0, 707.0, 953.0]
[32.0, 96.0, 628.0, 890.0]
[48.0, 128.0, 644.0, 923.0]
[160.0, 176.0, 757.0, 972.0]
[16.0, 176.0, 614.0, 973.0]
[48.0, 144.0, 646.0, 942.0]
[48.0, 128.0, 647.0, 927.0]
[80.0, 144.0, 680.0, 944.0]
[80.0, 192.0, 681.0, 993.0]
[0.0, 144.0, 602.0, 946.0]
[64.0, 160.0, 666.0, 963.0]
[64.0, 112.0, 667.0, 916.0]
[160.0, 160.0, 764.0, 965.0]
[112.0, 112.0, 716.0, 918.0]
[144.0, 112.0, 749.0, 919.0]
[16.0, 80.0, 622.0, 888.0]
[16.0, 192.0, 623.0, 1001.0]
[112.0, 208.0, 720.0, 1018.0]
[144.0, 160.0, 752.0, 971.0]
[144.0, 144.0, 753.0, 956.0]
[64.0, 64.0, 674.0, 877.0]
[64.0, 176.0, 674.0, 990.0]
[112.0, 112.0, 723.0, 927.0]
[128.0, 192.0, 740.0, 1008.0]
[80.0, 160.0, 693.0, 977.0]
[128.0, 128.0, 742.0, 946.0]
[0.0, 96.0, 614.0, 915.0]
[48.0, 48.0, 663.0, 868.0]
[48.0, 160.0, 664.0, 981.0]
[96.0, 64.0, 712.0, 886.0]
[80.0, 96.0, 697.0, 919.0]
[16.0, 128.0, 634.0, 952.0]
[48.0, 64.0, 667.0, 889.0]
[32.0, 192.0, 652.0, 1018.0]
[64.0, 176.0, 684.0, 1003.0]
[48.0, 80.0, 669.0, 908.0]
[112.0, 160.0, 734.0, 989.0]
[128.0, 128.0, 750.0, 958.0]
[112.0, 48.0, 735.0, 879.0]
[32.0, 160.0, 656.0, 992.0]
[16.0, 176.0, 641.0, 1009.0]
[128.0, 176.0, 754.0, 1010.0]
[128.0, 128.0, 754.0, 963.0]
[112.0, 176.0, 739.0, 1012.0]
[64.0, 32.0, 692.0, 869.0]
[64.0, 112.0, 692.0, 950.0]
[112.0, 128.0, 741.0, 967.0]
[112.0, 64.0, 742.0, 904.0]
[112.0, 64.0, 743.0, 905.0]
[32.0, 160.0, 664.0, 1002.0]
[64.0, 160.0, 696.0, 1003.0]
[112.0, 48.0, 745.0, 892.0]
[96.0, 128.0, 730.0, 973.0]
[96.0, 128.0, 730.0, 974.0]
[64.0, 112.0, 699.0, 959.0]
[80.0, 144.0, 716.0, 992.0]
[48.0, 96.0, 685.0, 945.0]
[96.0, 112.0, 734.0, 962.0]
[16.0, 64.0, 654.0, 915.0]
[64.0, 96.0, 703.0, 948.0]
[96.0, 64.0, 736.0, 917.0]
[80.0, 96.0, 720.0, 950.0]
[0.0, 160.0, 641.0, 1015.0]
[16.0, 96.0, 658.0, 952.0]
[96.0, 80.0, 739.0, 937.0]
[112.0, 144.0, 756.0, 1002.0]
[112.0, 48.0, 756.0, 907.0]
[80.0, 80.0, 725.0, 940.0]
[32.0, 144.0, 678.0, 1005.0]
[16.0, 64.0, 662.0, 926.0]
[16.0, 48.0, 663.0, 911.0]
[80.0, 96.0, 728.0, 960.0]
[112.0, 32.0, 761.0, 897.0]
[32.0, 144.0, 682.0, 1010.0]
[64.0, 16.0, 714.0, 883.0]
[32.0, 144.0, 683.0, 1012.0]
[0.0, 128.0, 652.0, 997.0]
[32.0, 0.0, 684.0, 870.0]
[48.0, 32.0, 701.0, 903.0]
[80.0, 96.0, 734.0, 968.0]
[32.0, 64.0, 687.0, 937.0]
[0.0, 32.0, 656.0, 906.0]
[16.0, 96.0, 672.0, 971.0]
[64.0, 16.0, 721.0, 892.0]
[16.0, 16.0, 674.0, 893.0]
[80.0, 96.0, 738.0, 974.0]
[48.0, 16.0, 707.0, 895.0]
[80.0, 144.0, 740.0, 1024.0]
[32.0, 128.0, 693.0, 1009.0]
[80.0, 128.0, 742.0, 1010.0]
[32.0, 80.0, 694.0, 963.0]
[64.0, 0.0, 727.0, 884.0]
[48.0, 0.0, 712.0, 885.0]
[64.0, 96.0, 728.0, 982.0]
[96.0, 48.0, 761.0, 935.0]
[32.0, 80.0, 698.0, 968.0]
[96.0, 96.0, 763.0, 985.0]
[16.0, 48.0, 684.0, 938.0]
[16.0, 128.0, 684.0, 1019.0]
[64.0, 32.0, 733.0, 924.0]
[64.0, 128.0, 734.0, 1021.0]
[80.0, 128.0, 750.0, 1022.0]
[32.0, 80.0, 703.0, 975.0]
[48.0, 96.0, 720.0, 992.0]
[64.0, 64.0, 737.0, 961.0]
[64.0, 32.0, 738.0, 930.0]
[32.0, 64.0, 706.0, 963.0]
[80.0, 48.0, 755.0, 948.0]
[32.0, 112.0, 708.0, 1013.0]
[64.0, 32.0, 740.0, 934.0]
[80.0, 32.0, 757.0, 935.0]
[0.0, 64.0, 678.0, 968.0]
[16.0, 96.0, 695.0, 1001.0]
[64.0, 96.0, 744.0, 1002.0]
[48.0, 64.0, 728.0, 971.0]
[48.0, 32.0, 729.0, 940.0]
[32.0, 32.0, 714.0, 941.0]
[0.0, 0.0, 682.0, 910.0]
[16.0, 32.0, 699.0, 943.0]
[16.0, 16.0, 700.0, 928.0]
[32.0, 80.0, 717.0, 993.0]
[48.0, 80.0, 734.0, 994.0]
[32.0, 0.0, 718.0, 915.0]
[48.0, 0.0, 735.0, 916.0]
[32.0, 32.0, 720.0, 949.0]
[32.0, 64.0, 720.0, 982.0]
[32.0, 80.0, 721.0, 999.0]
[16.0, 16.0, 706.0, 936.0]
[0.0, 48.0, 691.0, 969.0]
[48.0, 0.0, 740.0, 922.0]
[16.0, 80.0, 708.0, 1003.0]
[48.0, 16.0, 741.0, 940.0]
[48.0, 0.0, 742.0, 925.0]
[32.0, 0.0, 726.0, 926.0]
[48.0, 96.0, 743.0, 1023.0]
[64.0, 96.0, 760.0, 1024.0]
[16.0, 80.0, 713.0, 1009.0]
[32.0, 48.0, 730.0, 978.0]
[48.0, 16.0, 746.0, 947.0]
[32.0, 80.0, 731.0, 1012.0]
[0.0, 0.0, 700.0, 933.0]
[48.0, 48.0, 748.0, 982.0]
[16.0, 80.0, 717.0, 1015.0]
[48.0, 64.0, 750.0, 1000.0]
[32.0, 48.0, 735.0, 985.0]
[32.0, 16.0, 736.0, 954.0]
[0.0, 80.0, 704.0, 1019.0]
[48.0, 0.0, 753.0, 940.0]
[16.0, 16.0, 722.0, 957.0]
[0.0, 0.0, 706.0, 942.0]
[16.0, 16.0, 723.0, 959.0]
[48.0, 32.0, 756.0, 976.0]
[48.0, 32.0, 757.0, 977.0]
[16.0, 64.0, 726.0, 1010.0]
[16.0, 16.0, 726.0, 963.0]
[0.0, 64.0, 711.0, 1012.0]
[48.0, 16.0, 760.0, 965.0]
[0.0, 0.0, 712.0, 950.0]
[16.0, 48.0, 729.0, 999.0]
[32.0, 48.0, 746.0, 1000.0]
[48.0, 0.0, 763.0, 953.0]
[32.0, 64.0, 748.0, 1018.0]
[48.0, 0.0, 764.0, 955.0]
[48.0, 0.0, 765.0, 956.0]
[32.0, 32.0, 750.0, 989.0]
[0.0, 48.0, 718.0, 1006.0]
[16.0, 16.0, 735.0, 975.0]
[0.0, 48.0, 720.0, 1008.0]
[0.0, 0.0, 721.0, 961.0]
[32.0, 32.0, 754.0, 994.0]
[0.0, 0.0, 722.0, 963.0]
[0.0, 0.0, 723.0, 964.0]
[32.0, 16.0, 756.0, 981.0]
[16.0, 32.0, 740.0, 998.0]
[32.0, 48.0, 757.0, 1015.0]
[32.0, 0.0, 758.0, 968.0]
[0.0, 48.0, 727.0, 1017.0]
[16.0, 32.0, 744.0, 1002.0]
[16.0, 48.0, 744.0, 1019.0]
[32.0, 32.0, 761.0, 1004.0]
[32.0, 0.0, 762.0, 973.0]
[16.0, 16.0, 746.0, 990.0]
[0.0, 48.0, 731.0, 1023.0]
[32.0, 32.0, 764.0, 1008.0]
[32.0, 16.0, 765.0, 993.0]
[0.0, 0.0, 734.0, 978.0]
[0.0, 16.0, 734.0, 995.0]
[16.0, 16.0, 751.0, 996.0]
[16.0, 32.0, 752.0, 1013.0]
[16.0, 0.0, 752.0, 982.0]
[16.0, 32.0, 753.0, 1015.0]
[16.0, 32.0, 754.0, 1016.0]
[0.0, 16.0, 739.0, 1001.0]
[16.0, 0.0, 756.0, 986.0]
[0.0, 32.0, 740.0, 1019.0]
[0.0, 32.0, 741.0, 1020.0]
[0.0, 32.0, 742.0, 1021.0]
[16.0, 16.0, 758.0, 1006.0]
[16.0, 32.0, 759.0, 1023.0]
[16.0, 32.0, 760.0, 1024.0]
[0.0, 16.0, 745.0, 1009.0]
[0.0, 16.0, 746.0, 1010.0]
[0.0, 0.0, 746.0, 995.0]
[16.0, 0.0, 763.0, 996.0]
[16.0, 0.0, 764.0, 997.0]
[16.0, 16.0, 764.0, 1014.0]
[16.0, 16.0, 765.0, 1015.0]
[0.0, 0.0, 750.0, 1000.0]
[0.0, 16.0, 751.0, 1017.0]
[0.0, 16.0, 752.0, 1018.0]
[0.0, 0.0, 752.0, 1003.0]
[0.0, 16.0, 753.0, 1020.0]
[0.0, 0.0, 754.0, 1005.0]
[0.0, 16.0, 754.0, 1022.0]
[0.0, 0.0, 755.0, 1007.0]
[0.0, 16.0, 756.0, 1024.0]
[0.0, 0.0, 757.0, 1009.0]
[0.0, 0.0, 758.0, 1010.0]
[0.0, 0.0, 758.0, 1011.0]
[0.0, 0.0, 759.0, 1012.0]
[0.0, 0.0, 760.0, 1013.0]
[0.0, 0.0, 760.0, 1014.0]
[0.0, 0.0, 761.0, 1015.0]
[0.0, 0.0, 762.0, 1016.0]
[0.0, 0.0, 763.0, 1017.0]
[0.0, 0.0, 764.0, 1018.0]
[0.0, 0.0, 764.0, 1019.0]
[0.0, 0.0, 765.0, 1020.0]
