[96.0, 16.0, 814.0, 554.0]
[208.0, 0.0, 927.0, 539.0]
[192.0, 0.0, 912.0, 540.0]
[160.0, 0.0, 881.0, 541.0]
[256.0, 0.0, 978.0, 542.0]
[48.0, 16.0, 771.0, 558.0]
[208.0, 16.0, 932.0, 559.0]
[208.0, 16.0, 933.0, 560.0]
[112.0, 0.0, 838.0, 544.0]
[48.0, 0.0, 775.0, 545.0]
[224.0, 0.0, 952.0, 546.0]
[144.0, 16.0, 873.0, 563.0]
[128.0, 0.0, 858.0, 548.0]
[48.0, 16.0, 779.0, 564.0]
[208.0, 0.0, 940.0, 549.0]
[224.0, 16.0, 957.0, 566.0]
[112.0, 16.0, 846.0, 566.0]
[96.0, 16.0, 831.0, 567.0]
[144.0, 0.0, 880.0, 552.0]
[48.0, 16.0, 785.0, 569.0]
[128.0, 16.0, 866.0, 570.0]
[224.0, 0.0, 963.0, 554.0]
[160.0, 16.0, 900.0, 571.0]
[176.0, 0.0, 917.0, 556.0]
[64.0, 0.0, 806.0, 556.0]
[48.0, 16.0, 791.0, 573.0]
[160.0, 16.0, 904.0, 574.0]
[112.0, 16.0, 857.0, 575.0]
[64.0, 16.0, 810.0, 576.0]
[144.0, 16.0, 891.0, 576.0]
[128.0, 0.0, 876.0, 561.0]
[160.0, 0.0, 909.0, 562.0]
[192.0, 0.0, 942.0, 562.0]
[96.0, 0.0, 847.0, 563.0]
[80.0, 0.0, 832.0, 564.0]
[48.0, 0.0, 801.0, 565.0]
[128.0, 0.0, 882.0, 566.0]
[160.0, 0.0, 915.0, 566.0]
[192.0, 0.0, 948.0, 567.0]
[64.0, 0.0, 821.0, 568.0]
[80.0, 0.0, 838.0, 568.0]
[96.0, 0.0, 855.0, 569.0]
[96.0, 0.0, 856.0, 570.0]
[96.0, 0.0, 857.0, 571.0]
[96.0, 0.0, 858.0, 572.0]
[128.0, 0.0, 891.0, 572.0]
[144.0, 0.0, 908.0, 573.0]
[128.0, 0.0, 893.0, 574.0]
[192.0, 0.0, 958.0, 574.0]
[176.0, 0.0, 943.0, 575.0]
[160.0, 0.0, 928.0, 576.0]
