[192.0, 80.0, 933.0, 636.0]
[64.0, 32.0, 806.0, 588.0]
[128.0, 32.0, 871.0, 589.0]
[48.0, 96.0, 792.0, 654.0]
[192.0, 64.0, 937.0, 623.0]
[96.0, 48.0, 842.0, 608.0]
[224.0, 80.0, 971.0, 640.0]
[224.0, 48.0, 972.0, 609.0]
[128.0, 64.0, 877.0, 626.0]
[208.0, 80.0, 958.0, 642.0]
[64.0, 96.0, 815.0, 659.0]
[112.0, 32.0, 864.0, 596.0]
[80.0, 80.0, 833.0, 645.0]
[192.0, 48.0, 946.0, 614.0]
[240.0, 64.0, 995.0, 630.0]
[144.0, 96.0, 900.0, 663.0]
[128.0, 32.0, 885.0, 600.0]
[160.0, 16.0, 918.0, 584.0]
[176.0, 16.0, 935.0, 585.0]
[128.0, 32.0, 888.0, 602.0]
[176.0, 64.0, 937.0, 635.0]
[144.0, 32.0, 906.0, 604.0]
[144.0, 64.0, 907.0, 636.0]
[64.0, 64.0, 828.0, 637.0]
[240.0, 32.0, 1005.0, 606.0]
[176.0, 32.0, 942.0, 606.0]
[112.0, 64.0, 879.0, 639.0]
[240.0, 48.0, 1008.0, 624.0]
[208.0, 48.0, 977.0, 625.0]
[144.0, 96.0, 914.0, 674.0]
[160.0, 48.0, 931.0, 626.0]
[128.0, 64.0, 900.0, 643.0]
[240.0, 48.0, 1013.0, 628.0]
[32.0, 32.0, 806.0, 612.0]
[144.0, 0.0, 919.0, 581.0]
[224.0, 48.0, 1000.0, 630.0]
[144.0, 0.0, 921.0, 583.0]
[32.0, 16.0, 810.0, 600.0]
[64.0, 32.0, 843.0, 616.0]
[48.0, 96.0, 828.0, 681.0]
[0.0, 48.0, 781.0, 634.0]
[160.0, 32.0, 942.0, 618.0]
[112.0, 64.0, 895.0, 651.0]
[64.0, 16.0, 848.0, 604.0]
[48.0, 16.0, 833.0, 605.0]
[192.0, 48.0, 978.0, 638.0]
[16.0, 16.0, 803.0, 606.0]
[80.0, 48.0, 868.0, 639.0]
[192.0, 0.0, 981.0, 592.0]
[224.0, 16.0, 1014.0, 608.0]
[96.0, 16.0, 887.0, 609.0]
[128.0, 32.0, 920.0, 626.0]
[64.0, 80.0, 857.0, 675.0]
[80.0, 48.0, 874.0, 644.0]
[96.0, 80.0, 891.0, 676.0]
[192.0, 16.0, 988.0, 613.0]
[96.0, 32.0, 893.0, 630.0]
[224.0, 48.0, 1022.0, 646.0]
[208.0, 0.0, 1007.0, 599.0]
[16.0, 80.0, 816.0, 680.0]
[112.0, 80.0, 913.0, 681.0]
[208.0, 64.0, 1010.0, 666.0]
[96.0, 80.0, 899.0, 682.0]
[96.0, 64.0, 900.0, 667.0]
[80.0, 16.0, 885.0, 620.0]
[144.0, 32.0, 950.0, 636.0]
[144.0, 16.0, 951.0, 621.0]
[0.0, 16.0, 808.0, 622.0]
[128.0, 64.0, 937.0, 671.0]
[160.0, 32.0, 970.0, 640.0]
[208.0, 64.0, 1019.0, 672.0]
[32.0, 48.0, 844.0, 657.0]
[64.0, 16.0, 877.0, 626.0]
[160.0, 0.0, 974.0, 610.0]
[80.0, 64.0, 895.0, 675.0]
[64.0, 0.0, 880.0, 612.0]
[96.0, 64.0, 913.0, 677.0]
[96.0, 0.0, 914.0, 614.0]
[192.0, 32.0, 1011.0, 646.0]
[48.0, 0.0, 868.0, 615.0]
[64.0, 16.0, 885.0, 632.0]
[48.0, 32.0, 870.0, 648.0]
[160.0, 32.0, 983.0, 649.0]
[64.0, 16.0, 888.0, 634.0]
[160.0, 64.0, 985.0, 683.0]
[112.0, 16.0, 938.0, 636.0]
[192.0, 16.0, 1019.0, 636.0]
[0.0, 0.0, 828.0, 621.0]
[176.0, 48.0, 1005.0, 670.0]
[160.0, 0.0, 990.0, 622.0]
[80.0, 48.0, 911.0, 671.0]
[32.0, 16.0, 864.0, 640.0]
[32.0, 16.0, 865.0, 641.0]
[0.0, 48.0, 834.0, 674.0]
[64.0, 32.0, 899.0, 658.0]
[128.0, 48.0, 964.0, 675.0]
[176.0, 16.0, 1013.0, 644.0]
[112.0, 16.0, 950.0, 644.0]
[64.0, 16.0, 903.0, 645.0]
[112.0, 32.0, 952.0, 662.0]
[176.0, 0.0, 1017.0, 631.0]
[64.0, 48.0, 906.0, 680.0]
[64.0, 48.0, 907.0, 680.0]
[96.0, 16.0, 940.0, 649.0]
[32.0, 16.0, 877.0, 650.0]
[144.0, 48.0, 990.0, 682.0]
[144.0, 16.0, 991.0, 651.0]
[32.0, 16.0, 880.0, 652.0]
[48.0, 0.0, 897.0, 637.0]
[80.0, 16.0, 930.0, 654.0]
[0.0, 32.0, 851.0, 670.0]
[16.0, 16.0, 868.0, 655.0]
[32.0, 32.0, 885.0, 672.0]
[80.0, 32.0, 934.0, 672.0]
[144.0, 0.0, 999.0, 641.0]
[64.0, 32.0, 920.0, 674.0]
[16.0, 16.0, 873.0, 659.0]
[112.0, 0.0, 970.0, 644.0]
[144.0, 32.0, 1003.0, 676.0]
[80.0, 32.0, 940.0, 677.0]
[96.0, 32.0, 957.0, 678.0]
[144.0, 32.0, 1006.0, 678.0]
[128.0, 0.0, 991.0, 647.0]
[64.0, 16.0, 928.0, 664.0]
[16.0, 32.0, 881.0, 681.0]
[96.0, 16.0, 962.0, 666.0]
[64.0, 16.0, 931.0, 666.0]
[32.0, 0.0, 900.0, 651.0]
[64.0, 0.0, 933.0, 652.0]
[32.0, 0.0, 902.0, 652.0]
[128.0, 0.0, 999.0, 653.0]
[144.0, 16.0, 1016.0, 670.0]
[16.0, 0.0, 889.0, 655.0]
[144.0, 16.0, 1018.0, 672.0]
[144.0, 0.0, 1019.0, 656.0]
[32.0, 0.0, 908.0, 657.0]
[112.0, 0.0, 989.0, 658.0]
[80.0, 0.0, 958.0, 658.0]
[64.0, 16.0, 943.0, 675.0]
[96.0, 16.0, 976.0, 676.0]
[32.0, 0.0, 913.0, 661.0]
[32.0, 16.0, 914.0, 678.0]
[128.0, 0.0, 1011.0, 662.0]
[32.0, 16.0, 916.0, 679.0]
[80.0, 16.0, 965.0, 680.0]
[16.0, 0.0, 902.0, 664.0]
[48.0, 0.0, 935.0, 665.0]
[96.0, 16.0, 984.0, 682.0]
[0.0, 0.0, 889.0, 667.0]
[0.0, 0.0, 890.0, 668.0]
[96.0, 0.0, 987.0, 668.0]
[128.0, 0.0, 1020.0, 669.0]
[0.0, 0.0, 893.0, 670.0]
[0.0, 0.0, 894.0, 670.0]
[0.0, 0.0, 895.0, 671.0]
[64.0, 0.0, 960.0, 672.0]
[32.0, 0.0, 929.0, 673.0]
[80.0, 0.0, 978.0, 674.0]
[32.0, 0.0, 931.0, 674.0]
[64.0, 0.0, 964.0, 675.0]
[80.0, 0.0, 981.0, 676.0]
[16.0, 0.0, 918.0, 676.0]
[64.0, 0.0, 967.0, 677.0]
[112.0, 0.0, 1016.0, 678.0]
[96.0, 0.0, 1001.0, 679.0]
[0.0, 0.0, 906.0, 680.0]
[32.0, 0.0, 939.0, 680.0]
[96.0, 0.0, 1004.0, 681.0]
[48.0, 0.0, 957.0, 682.0]
[80.0, 0.0, 990.0, 682.0]
[64.0, 0.0, 975.0, 683.0]
