[192.0, 0.0, 909.0, 538.0]
[192.0, 16.0, 910.0, 554.0]
[288.0, 32.0, 1007.0, 571.0]
[176.0, 0.0, 896.0, 540.0]
[192.0, 16.0, 913.0, 557.0]
[272.0, 64.0, 994.0, 606.0]
[208.0, 48.0, 931.0, 590.0]
[208.0, 32.0, 932.0, 575.0]
[240.0, 64.0, 965.0, 608.0]
[256.0, 48.0, 982.0, 592.0]
[288.0, 16.0, 1015.0, 561.0]
[256.0, 48.0, 984.0, 594.0]
[288.0, 32.0, 1017.0, 579.0]
[192.0, 32.0, 922.0, 580.0]
[224.0, 32.0, 955.0, 580.0]
[272.0, 16.0, 1004.0, 565.0]
[272.0, 64.0, 1005.0, 614.0]
[288.0, 16.0, 1022.0, 566.0]
[256.0, 80.0, 991.0, 631.0]
[240.0, 16.0, 976.0, 568.0]
[224.0, 32.0, 961.0, 585.0]
[256.0, 16.0, 994.0, 570.0]
[224.0, 48.0, 963.0, 602.0]
[208.0, 32.0, 948.0, 587.0]
[208.0, 48.0, 949.0, 604.0]
[224.0, 32.0, 966.0, 588.0]
[224.0, 16.0, 967.0, 573.0]
[256.0, 48.0, 1000.0, 606.0]
[176.0, 0.0, 921.0, 559.0]
[224.0, 48.0, 970.0, 608.0]
[192.0, 32.0, 939.0, 592.0]
[208.0, 48.0, 956.0, 609.0]
[240.0, 32.0, 989.0, 594.0]
[224.0, 0.0, 974.0, 562.0]
[176.0, 32.0, 927.0, 595.0]
[272.0, 16.0, 1024.0, 580.0]
[224.0, 32.0, 977.0, 597.0]
[176.0, 32.0, 930.0, 598.0]
[256.0, 0.0, 1011.0, 566.0]
[208.0, 16.0, 964.0, 583.0]
[256.0, 48.0, 1013.0, 616.0]
[240.0, 48.0, 998.0, 616.0]
[256.0, 48.0, 1015.0, 617.0]
[176.0, 32.0, 936.0, 602.0]
[176.0, 32.0, 937.0, 603.0]
[256.0, 32.0, 1018.0, 604.0]
[208.0, 0.0, 971.0, 572.0]
[224.0, 48.0, 988.0, 621.0]
[240.0, 16.0, 1005.0, 590.0]
[208.0, 16.0, 974.0, 590.0]
[192.0, 32.0, 959.0, 607.0]
[240.0, 0.0, 1008.0, 576.0]
[192.0, 32.0, 961.0, 609.0]
[192.0, 32.0, 962.0, 610.0]
[208.0, 0.0, 979.0, 578.0]
[176.0, 0.0, 948.0, 579.0]
[224.0, 32.0, 997.0, 612.0]
[208.0, 48.0, 982.0, 628.0]
[224.0, 16.0, 999.0, 597.0]
[192.0, 32.0, 968.0, 614.0]
[224.0, 48.0, 1001.0, 631.0]
[208.0, 32.0, 986.0, 616.0]
[208.0, 32.0, 987.0, 616.0]
[176.0, 0.0, 956.0, 585.0]
[208.0, 0.0, 989.0, 586.0]
[224.0, 16.0, 1006.0, 602.0]
[208.0, 48.0, 991.0, 635.0]
[240.0, 16.0, 1024.0, 604.0]
[208.0, 16.0, 993.0, 605.0]
[224.0, 48.0, 1010.0, 638.0]
[208.0, 0.0, 995.0, 590.0]
[224.0, 0.0, 1012.0, 591.0]
[224.0, 16.0, 1013.0, 608.0]
[176.0, 32.0, 966.0, 624.0]
[192.0, 0.0, 983.0, 593.0]
[192.0, 32.0, 984.0, 626.0]
[224.0, 32.0, 1017.0, 627.0]
[192.0, 32.0, 986.0, 628.0]
[208.0, 0.0, 1003.0, 596.0]
[208.0, 32.0, 1004.0, 629.0]
[176.0, 32.0, 973.0, 630.0]
[208.0, 16.0, 1006.0, 614.0]
[176.0, 16.0, 975.0, 615.0]
[224.0, 0.0, 1024.0, 600.0]
[192.0, 0.0, 993.0, 601.0]
[176.0, 32.0, 978.0, 634.0]
[208.0, 0.0, 1011.0, 602.0]
[176.0, 16.0, 980.0, 619.0]
[176.0, 32.0, 981.0, 636.0]
[192.0, 0.0, 998.0, 604.0]
[192.0, 32.0, 999.0, 637.0]
[208.0, 32.0, 1016.0, 638.0]
[192.0, 0.0, 1001.0, 607.0]
[192.0, 16.0, 1002.0, 624.0]
[208.0, 0.0, 1019.0, 608.0]
[192.0, 16.0, 1004.0, 625.0]
[192.0, 0.0, 1005.0, 610.0]
[192.0, 0.0, 1006.0, 610.0]
