[80.0, 96.0, 821.0, 652.0]
[224.0, 64.0, 966.0, 620.0]
[192.0, 96.0, 935.0, 653.0]
[144.0, 80.0, 888.0, 638.0]
[208.0, 64.0, 953.0, 623.0]
[48.0, 48.0, 794.0, 608.0]
[224.0, 80.0, 971.0, 640.0]
[80.0, 80.0, 828.0, 641.0]
[144.0, 48.0, 893.0, 610.0]
[112.0, 64.0, 862.0, 626.0]
[192.0, 96.0, 943.0, 659.0]
[176.0, 96.0, 928.0, 660.0]
[80.0, 80.0, 833.0, 645.0]
[224.0, 80.0, 978.0, 646.0]
[144.0, 80.0, 899.0, 646.0]
[192.0, 80.0, 948.0, 647.0]
[112.0, 32.0, 869.0, 600.0]
[48.0, 16.0, 806.0, 584.0]
[112.0, 48.0, 871.0, 617.0]
[208.0, 64.0, 968.0, 634.0]
[176.0, 96.0, 937.0, 667.0]
[224.0, 32.0, 986.0, 604.0]
[80.0, 96.0, 843.0, 668.0]
[64.0, 48.0, 828.0, 621.0]
[64.0, 96.0, 829.0, 670.0]
[240.0, 32.0, 1006.0, 606.0]
[128.0, 16.0, 895.0, 591.0]
[96.0, 64.0, 864.0, 640.0]
[176.0, 80.0, 945.0, 657.0]
[176.0, 64.0, 946.0, 642.0]
[48.0, 64.0, 819.0, 642.0]
[16.0, 64.0, 788.0, 643.0]
[128.0, 64.0, 901.0, 644.0]
[80.0, 80.0, 854.0, 660.0]
[64.0, 48.0, 839.0, 629.0]
[144.0, 80.0, 920.0, 662.0]
[144.0, 48.0, 921.0, 631.0]
[176.0, 32.0, 954.0, 616.0]
[240.0, 48.0, 1019.0, 632.0]
[96.0, 48.0, 876.0, 633.0]
[144.0, 32.0, 925.0, 618.0]
[48.0, 48.0, 830.0, 634.0]
[48.0, 16.0, 831.0, 603.0]
[48.0, 32.0, 832.0, 620.0]
[224.0, 48.0, 1009.0, 637.0]
[112.0, 48.0, 898.0, 638.0]
[32.0, 64.0, 819.0, 654.0]
[64.0, 0.0, 852.0, 591.0]
[208.0, 48.0, 997.0, 640.0]
[160.0, 48.0, 950.0, 640.0]
[80.0, 16.0, 871.0, 609.0]
[48.0, 64.0, 840.0, 658.0]
[160.0, 48.0, 953.0, 643.0]
[128.0, 32.0, 922.0, 628.0]
[144.0, 48.0, 939.0, 644.0]
[48.0, 48.0, 844.0, 645.0]
[80.0, 64.0, 877.0, 662.0]
[208.0, 0.0, 1006.0, 598.0]
[128.0, 80.0, 927.0, 679.0]
[112.0, 64.0, 912.0, 664.0]
[0.0, 32.0, 801.0, 633.0]
[160.0, 64.0, 962.0, 666.0]
[64.0, 48.0, 867.0, 650.0]
[208.0, 16.0, 1012.0, 619.0]
[192.0, 64.0, 997.0, 668.0]
[0.0, 16.0, 806.0, 620.0]
[0.0, 32.0, 807.0, 637.0]
[144.0, 32.0, 952.0, 638.0]
[64.0, 0.0, 873.0, 607.0]
[144.0, 32.0, 954.0, 640.0]
[48.0, 48.0, 859.0, 656.0]
[0.0, 0.0, 812.0, 609.0]
[160.0, 48.0, 973.0, 658.0]
[80.0, 16.0, 894.0, 626.0]
[0.0, 0.0, 815.0, 611.0]
[208.0, 64.0, 1024.0, 676.0]
[112.0, 16.0, 929.0, 629.0]
[192.0, 16.0, 1010.0, 630.0]
[64.0, 64.0, 883.0, 678.0]
[128.0, 32.0, 948.0, 647.0]
[16.0, 0.0, 837.0, 616.0]
[64.0, 48.0, 886.0, 664.0]
[96.0, 48.0, 919.0, 665.0]
[144.0, 48.0, 968.0, 666.0]
[176.0, 0.0, 1001.0, 619.0]
[160.0, 48.0, 986.0, 668.0]
[48.0, 32.0, 875.0, 652.0]
[0.0, 0.0, 828.0, 621.0]
[160.0, 16.0, 989.0, 638.0]
[176.0, 48.0, 1006.0, 670.0]
[64.0, 0.0, 895.0, 623.0]
[112.0, 0.0, 944.0, 624.0]
[48.0, 16.0, 881.0, 641.0]
[48.0, 32.0, 882.0, 658.0]
[16.0, 32.0, 851.0, 658.0]
[32.0, 48.0, 868.0, 675.0]
[32.0, 32.0, 869.0, 660.0]
[48.0, 48.0, 886.0, 676.0]
[80.0, 16.0, 919.0, 645.0]
[128.0, 0.0, 968.0, 630.0]
[48.0, 16.0, 889.0, 647.0]
[0.0, 16.0, 842.0, 648.0]
[80.0, 32.0, 923.0, 664.0]
[16.0, 32.0, 860.0, 665.0]
[128.0, 0.0, 973.0, 634.0]
[64.0, 16.0, 910.0, 650.0]
[80.0, 0.0, 927.0, 635.0]
[160.0, 0.0, 1008.0, 636.0]
[80.0, 0.0, 929.0, 637.0]
[144.0, 0.0, 994.0, 638.0]
[48.0, 32.0, 899.0, 670.0]
[112.0, 16.0, 964.0, 655.0]
[128.0, 0.0, 981.0, 640.0]
[16.0, 32.0, 870.0, 672.0]
[160.0, 16.0, 1015.0, 657.0]
[96.0, 0.0, 952.0, 642.0]
[112.0, 0.0, 969.0, 643.0]
[48.0, 16.0, 906.0, 660.0]
[80.0, 0.0, 939.0, 644.0]
[128.0, 32.0, 988.0, 677.0]
[96.0, 16.0, 957.0, 662.0]
[32.0, 16.0, 894.0, 662.0]
[160.0, 16.0, 1023.0, 663.0]
[144.0, 32.0, 1008.0, 680.0]
[64.0, 16.0, 929.0, 665.0]
[0.0, 32.0, 866.0, 682.0]
[16.0, 0.0, 883.0, 650.0]
[0.0, 16.0, 868.0, 667.0]
[112.0, 0.0, 981.0, 652.0]
[96.0, 0.0, 966.0, 652.0]
[0.0, 0.0, 871.0, 653.0]
[64.0, 16.0, 936.0, 670.0]
[48.0, 16.0, 921.0, 671.0]
[32.0, 16.0, 906.0, 672.0]
[144.0, 0.0, 1019.0, 656.0]
[144.0, 0.0, 1020.0, 657.0]
[64.0, 0.0, 941.0, 658.0]
[0.0, 16.0, 878.0, 674.0]
[32.0, 16.0, 911.0, 675.0]
[64.0, 16.0, 944.0, 676.0]
[64.0, 0.0, 945.0, 661.0]
[80.0, 16.0, 962.0, 678.0]
[96.0, 0.0, 979.0, 662.0]
[112.0, 0.0, 996.0, 663.0]
[64.0, 0.0, 949.0, 664.0]
[0.0, 16.0, 886.0, 680.0]
[128.0, 16.0, 1015.0, 681.0]
[16.0, 0.0, 904.0, 666.0]
[128.0, 0.0, 1017.0, 667.0]
[128.0, 0.0, 1018.0, 668.0]
[96.0, 0.0, 987.0, 668.0]
[80.0, 0.0, 972.0, 669.0]
[64.0, 0.0, 957.0, 670.0]
[32.0, 0.0, 926.0, 670.0]
[112.0, 0.0, 1007.0, 671.0]
[80.0, 0.0, 976.0, 672.0]
[0.0, 0.0, 897.0, 673.0]
[64.0, 0.0, 962.0, 674.0]
[64.0, 0.0, 963.0, 674.0]
[80.0, 0.0, 980.0, 675.0]
[32.0, 0.0, 933.0, 676.0]
[96.0, 0.0, 998.0, 676.0]
[64.0, 0.0, 967.0, 677.0]
[80.0, 0.0, 984.0, 678.0]
[0.0, 0.0, 905.0, 679.0]
[16.0, 0.0, 922.0, 680.0]
[16.0, 0.0, 923.0, 680.0]
[0.0, 0.0, 908.0, 681.0]
[0.0, 0.0, 909.0, 682.0]
[48.0, 0.0, 958.0, 682.0]
