[224.0, 96.0, 973.0, 658.0]
[160.0, 80.0, 910.0, 642.0]
[64.0, 64.0, 815.0, 627.0]
[112.0, 48.0, 864.0, 612.0]
[160.0, 32.0, 913.0, 597.0]
[128.0, 32.0, 882.0, 598.0]
[64.0, 32.0, 819.0, 598.0]
[192.0, 96.0, 948.0, 663.0]
[144.0, 80.0, 901.0, 648.0]
[96.0, 112.0, 854.0, 680.0]
[80.0, 32.0, 839.0, 601.0]
[80.0, 64.0, 840.0, 634.0]
[160.0, 80.0, 921.0, 651.0]
[128.0, 80.0, 890.0, 652.0]
[224.0, 32.0, 987.0, 604.0]
[96.0, 96.0, 860.0, 669.0]
[208.0, 112.0, 973.0, 686.0]
[96.0, 32.0, 862.0, 606.0]
[128.0, 64.0, 895.0, 639.0]
[48.0, 16.0, 816.0, 592.0]
[80.0, 112.0, 849.0, 689.0]
[144.0, 112.0, 914.0, 690.0]
[144.0, 112.0, 915.0, 690.0]
[80.0, 80.0, 852.0, 659.0]
[208.0, 112.0, 981.0, 692.0]
[208.0, 80.0, 982.0, 660.0]
[208.0, 64.0, 983.0, 645.0]
[224.0, 96.0, 1000.0, 678.0]
[144.0, 80.0, 921.0, 663.0]
[32.0, 64.0, 810.0, 648.0]
[144.0, 96.0, 923.0, 680.0]
[112.0, 16.0, 892.0, 601.0]
[128.0, 96.0, 909.0, 682.0]
[80.0, 48.0, 862.0, 634.0]
[96.0, 16.0, 879.0, 603.0]
[80.0, 80.0, 864.0, 668.0]
[208.0, 96.0, 993.0, 685.0]
[208.0, 16.0, 994.0, 606.0]
[0.0, 32.0, 787.0, 622.0]
[128.0, 0.0, 916.0, 591.0]
[80.0, 96.0, 869.0, 688.0]
[192.0, 48.0, 982.0, 640.0]
[208.0, 16.0, 999.0, 609.0]
[32.0, 32.0, 824.0, 626.0]
[0.0, 32.0, 793.0, 627.0]
[192.0, 0.0, 986.0, 596.0]
[112.0, 48.0, 907.0, 644.0]
[16.0, 64.0, 812.0, 661.0]
[128.0, 32.0, 925.0, 630.0]
[96.0, 80.0, 894.0, 678.0]
[192.0, 64.0, 991.0, 663.0]
[32.0, 64.0, 832.0, 664.0]
[208.0, 64.0, 1009.0, 665.0]
[192.0, 0.0, 994.0, 602.0]
[96.0, 64.0, 899.0, 666.0]
[48.0, 48.0, 852.0, 651.0]
[160.0, 112.0, 965.0, 716.0]
[64.0, 96.0, 870.0, 700.0]
[112.0, 64.0, 919.0, 669.0]
[144.0, 64.0, 952.0, 670.0]
[64.0, 96.0, 873.0, 703.0]
[128.0, 64.0, 938.0, 672.0]
[208.0, 64.0, 1019.0, 672.0]
[128.0, 112.0, 940.0, 721.0]
[16.0, 32.0, 829.0, 642.0]
[64.0, 0.0, 878.0, 610.0]
[32.0, 96.0, 847.0, 707.0]
[128.0, 80.0, 944.0, 692.0]
[112.0, 80.0, 929.0, 693.0]
[192.0, 64.0, 1010.0, 678.0]
[160.0, 80.0, 979.0, 694.0]
[160.0, 96.0, 980.0, 711.0]
[80.0, 96.0, 901.0, 712.0]
[112.0, 96.0, 934.0, 712.0]
[128.0, 32.0, 951.0, 649.0]
[128.0, 48.0, 952.0, 666.0]
[144.0, 48.0, 969.0, 667.0]
[112.0, 112.0, 938.0, 732.0]
[16.0, 32.0, 843.0, 652.0]
[176.0, 64.0, 1004.0, 685.0]
[16.0, 32.0, 845.0, 654.0]
[176.0, 0.0, 1006.0, 622.0]
[32.0, 16.0, 863.0, 639.0]
[16.0, 80.0, 848.0, 704.0]
[0.0, 80.0, 833.0, 705.0]
[80.0, 0.0, 914.0, 626.0]
[128.0, 80.0, 963.0, 706.0]
[16.0, 80.0, 852.0, 707.0]
[96.0, 80.0, 933.0, 708.0]
[80.0, 112.0, 918.0, 740.0]
[64.0, 48.0, 903.0, 677.0]
[16.0, 32.0, 856.0, 662.0]
[32.0, 64.0, 873.0, 695.0]
[16.0, 80.0, 858.0, 712.0]
[32.0, 80.0, 875.0, 712.0]
[96.0, 96.0, 940.0, 729.0]
[80.0, 16.0, 925.0, 650.0]
[32.0, 96.0, 878.0, 730.0]
[176.0, 32.0, 1023.0, 667.0]
[112.0, 112.0, 960.0, 748.0]
[32.0, 0.0, 881.0, 637.0]
[64.0, 32.0, 914.0, 670.0]
[64.0, 48.0, 915.0, 686.0]
[16.0, 48.0, 868.0, 687.0]
[64.0, 80.0, 917.0, 720.0]
[0.0, 80.0, 854.0, 720.0]
[144.0, 80.0, 999.0, 721.0]
[96.0, 96.0, 952.0, 738.0]
[96.0, 0.0, 953.0, 643.0]
[64.0, 112.0, 922.0, 756.0]
[48.0, 0.0, 907.0, 644.0]
[16.0, 16.0, 876.0, 661.0]
[144.0, 64.0, 1005.0, 710.0]
[16.0, 64.0, 878.0, 710.0]
[112.0, 80.0, 975.0, 727.0]
[112.0, 96.0, 976.0, 744.0]
[48.0, 112.0, 913.0, 761.0]
[48.0, 48.0, 914.0, 698.0]
[64.0, 48.0, 931.0, 698.0]
[16.0, 64.0, 884.0, 715.0]
[80.0, 64.0, 949.0, 716.0]
[16.0, 48.0, 886.0, 700.0]
[112.0, 48.0, 983.0, 701.0]
[80.0, 48.0, 952.0, 702.0]
[112.0, 96.0, 985.0, 751.0]
[80.0, 16.0, 954.0, 672.0]
[80.0, 64.0, 955.0, 720.0]
[96.0, 80.0, 972.0, 737.0]
[96.0, 96.0, 973.0, 754.0]
[0.0, 16.0, 878.0, 674.0]
[16.0, 48.0, 895.0, 707.0]
[112.0, 80.0, 992.0, 740.0]
[32.0, 32.0, 913.0, 693.0]
[48.0, 80.0, 930.0, 742.0]
[80.0, 0.0, 963.0, 662.0]
[32.0, 64.0, 916.0, 727.0]
[112.0, 32.0, 997.0, 696.0]
[16.0, 16.0, 902.0, 680.0]
[0.0, 32.0, 887.0, 697.0]
[64.0, 64.0, 952.0, 730.0]
[64.0, 96.0, 953.0, 763.0]
[128.0, 80.0, 1018.0, 748.0]
[32.0, 80.0, 923.0, 748.0]
[16.0, 80.0, 908.0, 749.0]
[128.0, 48.0, 1021.0, 718.0]
[80.0, 64.0, 974.0, 734.0]
[80.0, 32.0, 975.0, 703.0]
[64.0, 80.0, 960.0, 752.0]
[64.0, 32.0, 961.0, 705.0]
[16.0, 80.0, 914.0, 754.0]
[32.0, 16.0, 931.0, 690.0]
[48.0, 0.0, 948.0, 675.0]
[16.0, 16.0, 917.0, 692.0]
[16.0, 0.0, 918.0, 676.0]
[96.0, 0.0, 999.0, 677.0]
[112.0, 64.0, 1016.0, 742.0]
[32.0, 0.0, 937.0, 679.0]
[80.0, 80.0, 986.0, 760.0]
[64.0, 0.0, 971.0, 680.0]
[0.0, 16.0, 908.0, 697.0]
[0.0, 64.0, 909.0, 746.0]
[48.0, 64.0, 958.0, 746.0]
[96.0, 16.0, 1007.0, 699.0]
[16.0, 32.0, 928.0, 716.0]
[96.0, 0.0, 1009.0, 685.0]
[0.0, 80.0, 914.0, 766.0]
[32.0, 48.0, 947.0, 734.0]
[0.0, 32.0, 916.0, 719.0]
[96.0, 16.0, 1013.0, 704.0]
[80.0, 64.0, 998.0, 752.0]
[32.0, 32.0, 951.0, 721.0]
[0.0, 0.0, 920.0, 690.0]
[48.0, 64.0, 969.0, 755.0]
[0.0, 64.0, 922.0, 756.0]
[16.0, 32.0, 939.0, 724.0]
[16.0, 64.0, 940.0, 757.0]
[64.0, 64.0, 989.0, 758.0]
[16.0, 16.0, 942.0, 710.0]
[16.0, 48.0, 943.0, 743.0]
[96.0, 32.0, 1024.0, 728.0]
[0.0, 48.0, 929.0, 745.0]
[16.0, 32.0, 946.0, 730.0]
[64.0, 48.0, 995.0, 746.0]
[80.0, 64.0, 1012.0, 763.0]
[0.0, 64.0, 933.0, 764.0]
[64.0, 16.0, 998.0, 716.0]
[0.0, 64.0, 935.0, 765.0]
[80.0, 48.0, 1016.0, 750.0]
[80.0, 32.0, 1017.0, 735.0]
[16.0, 48.0, 954.0, 752.0]
[0.0, 0.0, 939.0, 704.0]
[80.0, 32.0, 1020.0, 737.0]
[16.0, 16.0, 957.0, 722.0]
[16.0, 16.0, 958.0, 722.0]
[16.0, 16.0, 959.0, 723.0]
[48.0, 16.0, 992.0, 724.0]
[64.0, 16.0, 1009.0, 725.0]
[16.0, 0.0, 962.0, 710.0]
[32.0, 16.0, 979.0, 726.0]
[64.0, 16.0, 1012.0, 727.0]
[32.0, 16.0, 981.0, 728.0]
[16.0, 0.0, 966.0, 712.0]
[16.0, 16.0, 967.0, 729.0]
[64.0, 0.0, 1016.0, 714.0]
[64.0, 32.0, 1017.0, 747.0]
[32.0, 32.0, 986.0, 748.0]
[16.0, 0.0, 971.0, 716.0]
[64.0, 16.0, 1020.0, 733.0]
[32.0, 32.0, 989.0, 750.0]
[48.0, 48.0, 1006.0, 766.0]
[48.0, 48.0, 1007.0, 767.0]
[16.0, 48.0, 976.0, 768.0]
[32.0, 32.0, 993.0, 753.0]
[48.0, 0.0, 1010.0, 722.0]
[0.0, 0.0, 963.0, 722.0]
[16.0, 32.0, 980.0, 755.0]
[32.0, 32.0, 997.0, 756.0]
[16.0, 32.0, 982.0, 756.0]
[32.0, 0.0, 999.0, 725.0]
[48.0, 32.0, 1016.0, 758.0]
[16.0, 32.0, 985.0, 759.0]
[32.0, 0.0, 1002.0, 728.0]
[32.0, 0.0, 1003.0, 728.0]
[0.0, 16.0, 972.0, 745.0]
[32.0, 16.0, 1005.0, 746.0]
[48.0, 32.0, 1022.0, 762.0]
[32.0, 32.0, 1007.0, 763.0]
[48.0, 0.0, 1024.0, 732.0]
[0.0, 32.0, 977.0, 765.0]
[0.0, 32.0, 978.0, 766.0]
[16.0, 0.0, 995.0, 734.0]
[16.0, 0.0, 996.0, 735.0]
[0.0, 0.0, 981.0, 736.0]
[0.0, 32.0, 982.0, 768.0]
[32.0, 16.0, 1015.0, 753.0]
[0.0, 16.0, 984.0, 754.0]
[32.0, 16.0, 1017.0, 755.0]
[32.0, 16.0, 1018.0, 756.0]
[16.0, 0.0, 1003.0, 740.0]
[16.0, 16.0, 1004.0, 757.0]
[32.0, 0.0, 1021.0, 742.0]
[32.0, 16.0, 1022.0, 758.0]
[0.0, 0.0, 991.0, 743.0]
[0.0, 16.0, 992.0, 760.0]
[16.0, 16.0, 1009.0, 761.0]
[0.0, 0.0, 994.0, 746.0]
[0.0, 0.0, 995.0, 746.0]
[0.0, 16.0, 996.0, 763.0]
[0.0, 0.0, 997.0, 748.0]
[0.0, 16.0, 998.0, 764.0]
[0.0, 16.0, 999.0, 765.0]
[16.0, 16.0, 1016.0, 766.0]
[16.0, 0.0, 1017.0, 751.0]
[0.0, 16.0, 1002.0, 768.0]
[0.0, 16.0, 1003.0, 768.0]
[16.0, 0.0, 1020.0, 753.0]
[0.0, 0.0, 1005.0, 754.0]
[16.0, 0.0, 1022.0, 754.0]
[16.0, 0.0, 1023.0, 755.0]
[16.0, 0.0, 1024.0, 756.0]
[0.0, 0.0, 1009.0, 757.0]
[0.0, 0.0, 1010.0, 758.0]
[0.0, 0.0, 1011.0, 758.0]
[0.0, 0.0, 1012.0, 759.0]
[0.0, 0.0, 1013.0, 760.0]
[0.0, 0.0, 1014.0, 760.0]
[0.0, 0.0, 1015.0, 761.0]
[0.0, 0.0, 1016.0, 762.0]
[0.0, 0.0, 1017.0, 763.0]
[0.0, 0.0, 1018.0, 764.0]
[0.0, 0.0, 1019.0, 764.0]
[0.0, 0.0, 1020.0, 765.0]
[0.0, 0.0, 1021.0, 766.0]
[0.0, 0.0, 1022.0, 766.0]
[0.0, 0.0, 1023.0, 767.0]
[0.0, 0.0, 1024.0, 768.0]
