[80.0, 128.0, 797.0, 666.0]
[224.0, 128.0, 942.0, 666.0]
[208.0, 112.0, 927.0, 651.0]
[160.0, 96.0, 880.0, 636.0]
[112.0, 96.0, 833.0, 637.0]
[208.0, 96.0, 930.0, 638.0]
[176.0, 128.0, 899.0, 670.0]
[192.0, 96.0, 916.0, 639.0]
[128.0, 96.0, 853.0, 640.0]
[112.0, 112.0, 838.0, 656.0]
[256.0, 96.0, 983.0, 641.0]
[208.0, 96.0, 936.0, 642.0]
[112.0, 80.0, 841.0, 627.0]
[208.0, 80.0, 938.0, 628.0]
[128.0, 80.0, 859.0, 628.0]
[144.0, 80.0, 876.0, 629.0]
[240.0, 112.0, 973.0, 662.0]
[128.0, 80.0, 862.0, 630.0]
[240.0, 128.0, 975.0, 679.0]
[224.0, 64.0, 960.0, 616.0]
[176.0, 128.0, 913.0, 681.0]
[176.0, 80.0, 914.0, 634.0]
[96.0, 112.0, 835.0, 666.0]
[208.0, 96.0, 948.0, 651.0]
[80.0, 96.0, 821.0, 652.0]
[208.0, 96.0, 950.0, 652.0]
[272.0, 112.0, 1015.0, 669.0]
[176.0, 112.0, 920.0, 670.0]
[240.0, 112.0, 985.0, 671.0]
[272.0, 80.0, 1018.0, 640.0]
[144.0, 96.0, 891.0, 656.0]
[192.0, 80.0, 940.0, 641.0]
[80.0, 96.0, 829.0, 658.0]
[96.0, 112.0, 846.0, 674.0]
[176.0, 80.0, 927.0, 643.0]
[208.0, 80.0, 960.0, 644.0]
[128.0, 96.0, 881.0, 661.0]
[80.0, 96.0, 834.0, 662.0]
[192.0, 64.0, 947.0, 630.0]
[144.0, 80.0, 900.0, 647.0]
[240.0, 112.0, 997.0, 680.0]
[128.0, 96.0, 886.0, 664.0]
[80.0, 112.0, 839.0, 681.0]
[112.0, 96.0, 872.0, 666.0]
[80.0, 80.0, 841.0, 651.0]
[256.0, 112.0, 1018.0, 684.0]
[160.0, 112.0, 923.0, 684.0]
[176.0, 64.0, 940.0, 637.0]
[240.0, 96.0, 1005.0, 670.0]
[192.0, 80.0, 958.0, 654.0]
[160.0, 64.0, 927.0, 639.0]
[224.0, 64.0, 992.0, 640.0]
[80.0, 96.0, 849.0, 673.0]
[112.0, 96.0, 882.0, 674.0]
[144.0, 80.0, 915.0, 658.0]
[144.0, 48.0, 916.0, 627.0]
[144.0, 96.0, 917.0, 676.0]
[160.0, 96.0, 934.0, 676.0]
[80.0, 80.0, 855.0, 661.0]
[192.0, 48.0, 968.0, 630.0]
[144.0, 64.0, 921.0, 647.0]
[112.0, 80.0, 890.0, 664.0]
[224.0, 64.0, 1003.0, 648.0]
[128.0, 64.0, 908.0, 649.0]
[192.0, 96.0, 973.0, 682.0]
[160.0, 48.0, 942.0, 634.0]
[192.0, 64.0, 975.0, 651.0]
[176.0, 96.0, 960.0, 684.0]
[144.0, 64.0, 929.0, 653.0]
[192.0, 48.0, 978.0, 638.0]
[208.0, 80.0, 995.0, 670.0]
[192.0, 80.0, 980.0, 671.0]
[176.0, 80.0, 965.0, 672.0]
[96.0, 80.0, 886.0, 672.0]
[144.0, 48.0, 935.0, 641.0]
[176.0, 80.0, 968.0, 674.0]
[224.0, 48.0, 1017.0, 643.0]
[192.0, 48.0, 986.0, 644.0]
[160.0, 80.0, 955.0, 676.0]
[192.0, 48.0, 988.0, 645.0]
[160.0, 80.0, 957.0, 678.0]
[128.0, 80.0, 926.0, 678.0]
[112.0, 48.0, 911.0, 647.0]
[160.0, 16.0, 960.0, 616.0]
[192.0, 80.0, 993.0, 681.0]
[160.0, 16.0, 962.0, 618.0]
[160.0, 16.0, 963.0, 618.0]
[144.0, 48.0, 948.0, 651.0]
[96.0, 32.0, 901.0, 636.0]
[80.0, 64.0, 886.0, 668.0]
[160.0, 48.0, 967.0, 653.0]
[80.0, 48.0, 888.0, 654.0]
[192.0, 32.0, 1001.0, 639.0]
[192.0, 48.0, 1002.0, 656.0]
[192.0, 48.0, 1003.0, 656.0]
[192.0, 64.0, 1004.0, 673.0]
[208.0, 48.0, 1021.0, 658.0]
[128.0, 64.0, 942.0, 674.0]
[144.0, 16.0, 959.0, 627.0]
[128.0, 48.0, 944.0, 660.0]
[176.0, 16.0, 993.0, 629.0]
[176.0, 32.0, 994.0, 646.0]
[176.0, 48.0, 995.0, 662.0]
[176.0, 32.0, 996.0, 647.0]
[176.0, 32.0, 997.0, 648.0]
[80.0, 48.0, 902.0, 664.0]
[128.0, 0.0, 951.0, 617.0]
[176.0, 48.0, 1000.0, 666.0]
[160.0, 48.0, 985.0, 667.0]
[96.0, 32.0, 922.0, 652.0]
[176.0, 48.0, 1003.0, 668.0]
[192.0, 32.0, 1020.0, 653.0]
[96.0, 16.0, 925.0, 638.0]
[112.0, 48.0, 942.0, 670.0]
[144.0, 48.0, 975.0, 671.0]
[128.0, 0.0, 960.0, 624.0]
[160.0, 48.0, 993.0, 673.0]
[160.0, 32.0, 994.0, 658.0]
[80.0, 48.0, 915.0, 674.0]
[128.0, 48.0, 964.0, 675.0]
[128.0, 0.0, 965.0, 628.0]
[80.0, 32.0, 918.0, 660.0]
[96.0, 32.0, 935.0, 661.0]
[144.0, 16.0, 984.0, 646.0]
[160.0, 48.0, 1001.0, 679.0]
[128.0, 0.0, 970.0, 632.0]
[112.0, 32.0, 955.0, 664.0]
[160.0, 16.0, 1004.0, 649.0]
[128.0, 32.0, 973.0, 666.0]
[80.0, 32.0, 926.0, 666.0]
[96.0, 32.0, 943.0, 667.0]
[160.0, 16.0, 1008.0, 652.0]
[128.0, 0.0, 977.0, 637.0]
[144.0, 0.0, 994.0, 638.0]
[160.0, 0.0, 1011.0, 638.0]
[144.0, 0.0, 996.0, 639.0]
[112.0, 16.0, 965.0, 656.0]
[112.0, 16.0, 966.0, 656.0]
[112.0, 0.0, 967.0, 641.0]
[144.0, 0.0, 1000.0, 642.0]
[96.0, 16.0, 953.0, 659.0]
[128.0, 0.0, 986.0, 644.0]
[160.0, 32.0, 1019.0, 676.0]
[160.0, 16.0, 1020.0, 661.0]
[160.0, 32.0, 1021.0, 678.0]
[128.0, 0.0, 990.0, 646.0]
[80.0, 0.0, 943.0, 647.0]
[112.0, 16.0, 976.0, 664.0]
[128.0, 32.0, 993.0, 681.0]
[112.0, 32.0, 978.0, 682.0]
[96.0, 32.0, 963.0, 682.0]
[144.0, 0.0, 1012.0, 651.0]
[112.0, 32.0, 981.0, 684.0]
[80.0, 16.0, 950.0, 668.0]
[80.0, 16.0, 951.0, 669.0]
[144.0, 16.0, 1016.0, 670.0]
[144.0, 16.0, 1017.0, 671.0]
[80.0, 0.0, 954.0, 656.0]
[112.0, 16.0, 987.0, 672.0]
[80.0, 0.0, 956.0, 657.0]
[80.0, 0.0, 957.0, 658.0]
[80.0, 16.0, 958.0, 674.0]
[96.0, 16.0, 975.0, 675.0]
[112.0, 0.0, 992.0, 660.0]
[128.0, 0.0, 1009.0, 661.0]
[112.0, 0.0, 994.0, 662.0]
[112.0, 0.0, 995.0, 662.0]
[128.0, 16.0, 1012.0, 679.0]
[112.0, 0.0, 997.0, 664.0]
[96.0, 16.0, 982.0, 680.0]
[128.0, 0.0, 1015.0, 665.0]
[80.0, 0.0, 968.0, 666.0]
[96.0, 0.0, 985.0, 667.0]
[96.0, 0.0, 986.0, 668.0]
[80.0, 0.0, 971.0, 668.0]
[112.0, 0.0, 1004.0, 669.0]
[112.0, 0.0, 1005.0, 670.0]
[112.0, 0.0, 1006.0, 670.0]
[128.0, 0.0, 1023.0, 671.0]
[112.0, 0.0, 1008.0, 672.0]
[80.0, 0.0, 977.0, 673.0]
[96.0, 0.0, 994.0, 674.0]
[96.0, 0.0, 995.0, 674.0]
[96.0, 0.0, 996.0, 675.0]
[80.0, 0.0, 981.0, 676.0]
[80.0, 0.0, 982.0, 676.0]
[112.0, 0.0, 1015.0, 677.0]
[96.0, 0.0, 1000.0, 678.0]
[96.0, 0.0, 1001.0, 679.0]
[96.0, 0.0, 1002.0, 680.0]
[112.0, 0.0, 1019.0, 680.0]
[80.0, 0.0, 988.0, 681.0]
[80.0, 0.0, 989.0, 682.0]
[112.0, 0.0, 1022.0, 682.0]
[80.0, 0.0, 991.0, 683.0]
[96.0, 0.0, 1008.0, 684.0]
