[144.0, 0.0, 861.0, 538.0]
[176.0, 80.0, 894.0, 618.0]
[48.0, 0.0, 767.0, 539.0]
[128.0, 48.0, 848.0, 588.0]
[32.0, 48.0, 753.0, 589.0]
[48.0, 48.0, 770.0, 590.0]
[16.0, 80.0, 739.0, 622.0]
[96.0, 80.0, 820.0, 623.0]
[32.0, 64.0, 757.0, 608.0]
[32.0, 32.0, 758.0, 576.0]
[48.0, 16.0, 775.0, 561.0]
[160.0, 32.0, 888.0, 578.0]
[80.0, 16.0, 809.0, 563.0]
[208.0, 48.0, 938.0, 596.0]
[48.0, 0.0, 779.0, 548.0]
[176.0, 0.0, 908.0, 549.0]
[96.0, 0.0, 829.0, 550.0]
[144.0, 80.0, 878.0, 630.0]
[144.0, 0.0, 879.0, 551.0]
[80.0, 16.0, 816.0, 568.0]
[0.0, 16.0, 737.0, 569.0]
[0.0, 64.0, 738.0, 618.0]
[112.0, 48.0, 851.0, 602.0]
[64.0, 16.0, 804.0, 571.0]
[64.0, 32.0, 805.0, 588.0]
[80.0, 16.0, 822.0, 572.0]
[32.0, 64.0, 775.0, 621.0]
[0.0, 32.0, 744.0, 590.0]
[48.0, 48.0, 793.0, 607.0]
[144.0, 16.0, 890.0, 576.0]
[0.0, 16.0, 747.0, 576.0]
[80.0, 48.0, 828.0, 609.0]
[208.0, 48.0, 957.0, 610.0]
[192.0, 32.0, 942.0, 594.0]
[16.0, 32.0, 767.0, 595.0]
[96.0, 64.0, 848.0, 628.0]
[96.0, 32.0, 849.0, 597.0]
[208.0, 16.0, 962.0, 582.0]
[64.0, 64.0, 819.0, 630.0]
[80.0, 64.0, 836.0, 631.0]
[128.0, 32.0, 885.0, 600.0]
[208.0, 32.0, 966.0, 600.0]
[112.0, 32.0, 871.0, 601.0]
[16.0, 16.0, 776.0, 586.0]
[160.0, 48.0, 921.0, 619.0]
[112.0, 16.0, 874.0, 588.0]
[0.0, 64.0, 763.0, 636.0]
[0.0, 0.0, 764.0, 573.0]
[32.0, 0.0, 797.0, 574.0]
[80.0, 0.0, 846.0, 574.0]
[32.0, 32.0, 799.0, 607.0]
[128.0, 0.0, 896.0, 576.0]
[32.0, 32.0, 801.0, 609.0]
[176.0, 16.0, 946.0, 594.0]
[32.0, 16.0, 803.0, 594.0]
[112.0, 16.0, 884.0, 595.0]
[64.0, 32.0, 837.0, 612.0]
[160.0, 48.0, 934.0, 628.0]
[80.0, 16.0, 855.0, 597.0]
[112.0, 16.0, 888.0, 598.0]
[160.0, 32.0, 937.0, 615.0]
[64.0, 32.0, 842.0, 616.0]
[192.0, 0.0, 971.0, 584.0]
[176.0, 0.0, 956.0, 585.0]
[0.0, 32.0, 781.0, 618.0]
[112.0, 32.0, 894.0, 618.0]
[0.0, 16.0, 783.0, 603.0]
[96.0, 0.0, 880.0, 588.0]
[192.0, 16.0, 977.0, 605.0]
[160.0, 16.0, 946.0, 606.0]
[16.0, 16.0, 803.0, 606.0]
[16.0, 16.0, 804.0, 607.0]
[96.0, 32.0, 885.0, 624.0]
[32.0, 16.0, 822.0, 608.0]
[48.0, 32.0, 839.0, 625.0]
[96.0, 0.0, 888.0, 594.0]
[0.0, 16.0, 793.0, 611.0]
[192.0, 32.0, 986.0, 628.0]
[112.0, 0.0, 907.0, 596.0]
[0.0, 32.0, 796.0, 629.0]
[16.0, 0.0, 813.0, 598.0]
[144.0, 0.0, 942.0, 598.0]
[192.0, 16.0, 991.0, 615.0]
[16.0, 16.0, 816.0, 616.0]
[192.0, 16.0, 993.0, 617.0]
[192.0, 32.0, 994.0, 634.0]
[96.0, 0.0, 899.0, 602.0]
[144.0, 16.0, 948.0, 619.0]
[48.0, 0.0, 853.0, 604.0]
[16.0, 32.0, 822.0, 636.0]
[192.0, 0.0, 999.0, 605.0]
[80.0, 16.0, 888.0, 622.0]
[80.0, 0.0, 889.0, 607.0]
[96.0, 0.0, 906.0, 608.0]
[0.0, 16.0, 811.0, 624.0]
[16.0, 16.0, 828.0, 625.0]
[48.0, 0.0, 861.0, 610.0]
[192.0, 16.0, 1006.0, 626.0]
[64.0, 0.0, 879.0, 611.0]
[96.0, 16.0, 912.0, 628.0]
[80.0, 16.0, 897.0, 629.0]
[176.0, 0.0, 994.0, 614.0]
[160.0, 16.0, 979.0, 630.0]
[48.0, 16.0, 868.0, 631.0]
[144.0, 16.0, 965.0, 632.0]
[96.0, 0.0, 918.0, 616.0]
[96.0, 16.0, 919.0, 633.0]
[48.0, 0.0, 872.0, 618.0]
[32.0, 0.0, 857.0, 619.0]
[32.0, 16.0, 858.0, 636.0]
[0.0, 0.0, 827.0, 620.0]
[48.0, 0.0, 876.0, 621.0]
[16.0, 0.0, 845.0, 622.0]
[112.0, 0.0, 942.0, 622.0]
[112.0, 0.0, 943.0, 623.0]
[0.0, 0.0, 832.0, 624.0]
[64.0, 0.0, 897.0, 625.0]
[112.0, 0.0, 946.0, 626.0]
[144.0, 0.0, 979.0, 626.0]
[0.0, 0.0, 836.0, 627.0]
[32.0, 0.0, 869.0, 628.0]
[112.0, 0.0, 950.0, 628.0]
[64.0, 0.0, 903.0, 629.0]
[16.0, 0.0, 856.0, 630.0]
[160.0, 0.0, 1001.0, 631.0]
[64.0, 0.0, 906.0, 632.0]
[128.0, 0.0, 971.0, 632.0]
[64.0, 0.0, 908.0, 633.0]
[32.0, 0.0, 877.0, 634.0]
[144.0, 0.0, 990.0, 634.0]
[160.0, 0.0, 1007.0, 635.0]
[144.0, 0.0, 992.0, 636.0]
