[320.0, 128.0, 936.0, 949.0]
[144.0, 128.0, 760.0, 950.0]
[240.0, 128.0, 857.0, 951.0]
[224.0, 128.0, 842.0, 952.0]
[304.0, 144.0, 923.0, 969.0]
[224.0, 128.0, 844.0, 954.0]
[304.0, 144.0, 924.0, 971.0]
[304.0, 144.0, 925.0, 972.0]
[352.0, 128.0, 974.0, 957.0]
[320.0, 144.0, 942.0, 974.0]
[208.0, 160.0, 831.0, 991.0]
[320.0, 128.0, 944.0, 960.0]
[240.0, 144.0, 865.0, 977.0]
[208.0, 144.0, 834.0, 978.0]
[144.0, 128.0, 770.0, 963.0]
[256.0, 128.0, 883.0, 964.0]
[224.0, 112.0, 852.0, 949.0]
[272.0, 160.0, 900.0, 998.0]
[160.0, 144.0, 789.0, 983.0]
[320.0, 144.0, 950.0, 984.0]
[304.0, 160.0, 935.0, 1001.0]
[160.0, 128.0, 792.0, 970.0]
[144.0, 112.0, 776.0, 955.0]
[176.0, 112.0, 809.0, 956.0]
[336.0, 112.0, 970.0, 957.0]
[352.0, 128.0, 986.0, 974.0]
[320.0, 144.0, 955.0, 991.0]
[160.0, 96.0, 796.0, 944.0]
[256.0, 96.0, 893.0, 945.0]
[256.0, 112.0, 894.0, 962.0]
[192.0, 160.0, 830.0, 1011.0]
[336.0, 128.0, 975.0, 980.0]
[320.0, 96.0, 960.0, 949.0]
[256.0, 144.0, 896.0, 998.0]
[160.0, 160.0, 801.0, 1015.0]
[224.0, 96.0, 866.0, 952.0]
[304.0, 112.0, 947.0, 969.0]
[240.0, 128.0, 884.0, 986.0]
[144.0, 112.0, 788.0, 971.0]
[304.0, 128.0, 949.0, 988.0]
[112.0, 144.0, 758.0, 1005.0]
[304.0, 96.0, 950.0, 958.0]
[288.0, 96.0, 935.0, 959.0]
[224.0, 80.0, 872.0, 944.0]
[288.0, 128.0, 937.0, 993.0]
[128.0, 128.0, 778.0, 994.0]
[192.0, 144.0, 842.0, 1011.0]
[160.0, 80.0, 811.0, 948.0]
[128.0, 144.0, 780.0, 1013.0]
[224.0, 112.0, 876.0, 982.0]
[112.0, 144.0, 765.0, 1015.0]
[304.0, 144.0, 958.0, 1016.0]
[224.0, 96.0, 879.0, 969.0]
[224.0, 128.0, 880.0, 1002.0]
[144.0, 144.0, 800.0, 1019.0]
[288.0, 80.0, 945.0, 956.0]
[256.0, 80.0, 914.0, 957.0]
[224.0, 96.0, 882.0, 974.0]
[176.0, 128.0, 835.0, 1007.0]
[288.0, 144.0, 948.0, 1024.0]
[256.0, 96.0, 917.0, 977.0]
[320.0, 80.0, 982.0, 962.0]
[224.0, 112.0, 886.0, 995.0]
[272.0, 80.0, 935.0, 964.0]
[160.0, 64.0, 824.0, 949.0]
[288.0, 96.0, 952.0, 982.0]
[160.0, 96.0, 825.0, 983.0]
[240.0, 128.0, 906.0, 1016.0]
[144.0, 112.0, 811.0, 1001.0]
[272.0, 64.0, 940.0, 954.0]
[160.0, 112.0, 828.0, 1003.0]
[96.0, 128.0, 765.0, 1020.0]
[112.0, 128.0, 782.0, 1021.0]
[176.0, 96.0, 846.0, 990.0]
[192.0, 112.0, 863.0, 1007.0]
[256.0, 112.0, 928.0, 1008.0]
[240.0, 96.0, 913.0, 993.0]
[192.0, 96.0, 866.0, 994.0]
[272.0, 48.0, 946.0, 947.0]
[288.0, 80.0, 963.0, 980.0]
[272.0, 80.0, 948.0, 981.0]
[128.0, 80.0, 804.0, 982.0]
[160.0, 80.0, 837.0, 983.0]
[208.0, 64.0, 886.0, 968.0]
[224.0, 96.0, 903.0, 1001.0]
[272.0, 80.0, 952.0, 986.0]
[272.0, 112.0, 952.0, 1019.0]
[192.0, 80.0, 873.0, 988.0]
[112.0, 112.0, 794.0, 1021.0]
[128.0, 48.0, 810.0, 958.0]
[304.0, 48.0, 987.0, 959.0]
[288.0, 96.0, 972.0, 1008.0]
[240.0, 64.0, 925.0, 977.0]
[256.0, 48.0, 942.0, 962.0]
[224.0, 80.0, 910.0, 995.0]
[288.0, 80.0, 975.0, 996.0]
[208.0, 96.0, 896.0, 1013.0]
[224.0, 80.0, 912.0, 998.0]
[128.0, 64.0, 817.0, 983.0]
[128.0, 48.0, 818.0, 968.0]
[208.0, 16.0, 899.0, 937.0]
[272.0, 96.0, 964.0, 1018.0]
[304.0, 80.0, 996.0, 1003.0]
[288.0, 64.0, 981.0, 988.0]
[192.0, 96.0, 886.0, 1021.0]
[224.0, 32.0, 918.0, 958.0]
[304.0, 80.0, 999.0, 1007.0]
[160.0, 32.0, 856.0, 960.0]
[192.0, 80.0, 889.0, 1009.0]
[272.0, 48.0, 970.0, 978.0]
[272.0, 80.0, 970.0, 1011.0]
[144.0, 64.0, 843.0, 996.0]
[144.0, 80.0, 844.0, 1013.0]
[288.0, 64.0, 988.0, 998.0]
[272.0, 80.0, 973.0, 1015.0]
[96.0, 64.0, 798.0, 1000.0]
[96.0, 80.0, 799.0, 1017.0]
[128.0, 16.0, 832.0, 954.0]
[288.0, 64.0, 992.0, 1003.0]
[208.0, 16.0, 913.0, 956.0]
[96.0, 32.0, 802.0, 973.0]
[144.0, 16.0, 850.0, 958.0]
[144.0, 32.0, 851.0, 975.0]
[240.0, 80.0, 948.0, 1024.0]
[96.0, 64.0, 805.0, 1009.0]
[240.0, 16.0, 950.0, 962.0]
[288.0, 64.0, 998.0, 1011.0]
[208.0, 48.0, 919.0, 996.0]
[128.0, 64.0, 840.0, 1013.0]
[240.0, 16.0, 952.0, 966.0]
[128.0, 32.0, 841.0, 983.0]
[144.0, 32.0, 858.0, 984.0]
[160.0, 64.0, 875.0, 1017.0]
[176.0, 48.0, 892.0, 1002.0]
[256.0, 0.0, 972.0, 955.0]
[112.0, 32.0, 829.0, 988.0]
[128.0, 64.0, 846.0, 1021.0]
[128.0, 64.0, 846.0, 1022.0]
[256.0, 64.0, 975.0, 1023.0]
[96.0, 64.0, 816.0, 1024.0]
[176.0, 0.0, 897.0, 961.0]
[272.0, 32.0, 994.0, 994.0]
[208.0, 32.0, 930.0, 995.0]
[96.0, 48.0, 819.0, 1012.0]
[208.0, 48.0, 932.0, 1013.0]
[272.0, 32.0, 996.0, 998.0]
[160.0, 16.0, 885.0, 983.0]
[160.0, 0.0, 886.0, 968.0]
[256.0, 0.0, 983.0, 969.0]
[272.0, 0.0, 1000.0, 970.0]
[192.0, 16.0, 920.0, 987.0]
[176.0, 48.0, 905.0, 1020.0]
[144.0, 32.0, 874.0, 1005.0]
[208.0, 48.0, 938.0, 1022.0]
[96.0, 0.0, 827.0, 975.0]
[128.0, 0.0, 860.0, 976.0]
[224.0, 0.0, 957.0, 977.0]
[272.0, 0.0, 1006.0, 978.0]
[224.0, 32.0, 958.0, 1011.0]
[112.0, 0.0, 847.0, 980.0]
[272.0, 16.0, 1008.0, 997.0]
[208.0, 32.0, 944.0, 1014.0]
[176.0, 16.0, 913.0, 999.0]
[192.0, 0.0, 930.0, 984.0]
[192.0, 32.0, 931.0, 1017.0]
[160.0, 0.0, 900.0, 986.0]
[176.0, 16.0, 916.0, 1003.0]
[160.0, 32.0, 901.0, 1020.0]
[192.0, 32.0, 934.0, 1021.0]
[208.0, 0.0, 950.0, 990.0]
[112.0, 32.0, 855.0, 1023.0]
[224.0, 0.0, 968.0, 992.0]
[176.0, 0.0, 921.0, 993.0]
[160.0, 0.0, 906.0, 994.0]
[192.0, 16.0, 938.0, 1011.0]
[240.0, 16.0, 987.0, 1012.0]
[96.0, 16.0, 844.0, 1013.0]
[256.0, 16.0, 1004.0, 1014.0]
[240.0, 16.0, 989.0, 1015.0]
[256.0, 16.0, 1006.0, 1016.0]
[160.0, 16.0, 911.0, 1017.0]
[208.0, 16.0, 960.0, 1018.0]
[240.0, 0.0, 992.0, 1003.0]
[128.0, 16.0, 881.0, 1020.0]
[96.0, 16.0, 850.0, 1021.0]
[176.0, 0.0, 930.0, 1006.0]
[256.0, 16.0, 1011.0, 1023.0]
[192.0, 0.0, 948.0, 1008.0]
[112.0, 0.0, 869.0, 1009.0]
[192.0, 0.0, 950.0, 1010.0]
[192.0, 0.0, 950.0, 1011.0]
[208.0, 0.0, 967.0, 1012.0]
[240.0, 0.0, 1000.0, 1013.0]
[96.0, 0.0, 856.0, 1014.0]
[208.0, 0.0, 969.0, 1015.0]
[112.0, 0.0, 874.0, 1016.0]
[112.0, 0.0, 875.0, 1017.0]
[128.0, 0.0, 892.0, 1018.0]
[160.0, 0.0, 924.0, 1019.0]
[224.0, 0.0, 989.0, 1020.0]
[192.0, 0.0, 958.0, 1021.0]
[112.0, 0.0, 878.0, 1022.0]
[208.0, 0.0, 975.0, 1023.0]
[144.0, 0.0, 912.0, 1024.0]
