[144.0, 80.0, 861.0, 618.0]
[32.0, 112.0, 750.0, 650.0]
[224.0, 96.0, 943.0, 635.0]
[192.0, 80.0, 912.0, 620.0]
[128.0, 112.0, 849.0, 653.0]
[192.0, 80.0, 914.0, 622.0]
[96.0, 80.0, 819.0, 622.0]
[240.0, 112.0, 964.0, 655.0]
[176.0, 96.0, 901.0, 640.0]
[256.0, 80.0, 982.0, 624.0]
[240.0, 112.0, 967.0, 657.0]
[224.0, 96.0, 952.0, 642.0]
[176.0, 112.0, 905.0, 659.0]
[208.0, 80.0, 938.0, 628.0]
[144.0, 80.0, 875.0, 628.0]
[256.0, 96.0, 988.0, 645.0]
[256.0, 112.0, 989.0, 662.0]
[240.0, 80.0, 974.0, 630.0]
[128.0, 128.0, 863.0, 679.0]
[192.0, 128.0, 928.0, 680.0]
[64.0, 80.0, 801.0, 633.0]
[128.0, 64.0, 866.0, 618.0]
[96.0, 96.0, 835.0, 650.0]
[64.0, 64.0, 804.0, 619.0]
[48.0, 64.0, 789.0, 620.0]
[64.0, 112.0, 806.0, 668.0]
[96.0, 64.0, 839.0, 621.0]
[96.0, 96.0, 840.0, 654.0]
[64.0, 96.0, 809.0, 655.0]
[240.0, 80.0, 986.0, 640.0]
[64.0, 96.0, 811.0, 656.0]
[32.0, 112.0, 780.0, 673.0]
[208.0, 112.0, 957.0, 674.0]
[64.0, 64.0, 814.0, 626.0]
[32.0, 64.0, 783.0, 627.0]
[32.0, 112.0, 784.0, 676.0]
[192.0, 80.0, 945.0, 645.0]
[176.0, 80.0, 930.0, 646.0]
[256.0, 96.0, 1011.0, 662.0]
[128.0, 112.0, 884.0, 679.0]
[208.0, 48.0, 965.0, 616.0]
[112.0, 112.0, 870.0, 680.0]
[96.0, 80.0, 855.0, 649.0]
[48.0, 64.0, 808.0, 634.0]
[160.0, 64.0, 921.0, 635.0]
[96.0, 80.0, 858.0, 652.0]
[64.0, 80.0, 827.0, 652.0]
[64.0, 64.0, 828.0, 637.0]
[144.0, 96.0, 909.0, 670.0]
[128.0, 64.0, 894.0, 638.0]
[112.0, 96.0, 879.0, 671.0]
[0.0, 64.0, 768.0, 640.0]
[64.0, 32.0, 833.0, 609.0]
[96.0, 32.0, 866.0, 610.0]
[48.0, 64.0, 819.0, 642.0]
[144.0, 48.0, 916.0, 627.0]
[192.0, 32.0, 965.0, 612.0]
[80.0, 80.0, 854.0, 660.0]
[144.0, 96.0, 919.0, 677.0]
[48.0, 48.0, 824.0, 630.0]
[112.0, 80.0, 889.0, 663.0]
[112.0, 48.0, 890.0, 632.0]
[16.0, 96.0, 795.0, 680.0]
[192.0, 32.0, 972.0, 617.0]
[48.0, 64.0, 829.0, 650.0]
[176.0, 64.0, 958.0, 650.0]
[224.0, 48.0, 1007.0, 635.0]
[208.0, 80.0, 992.0, 668.0]
[128.0, 32.0, 913.0, 621.0]
[80.0, 80.0, 866.0, 670.0]
[0.0, 48.0, 787.0, 638.0]
[0.0, 48.0, 788.0, 639.0]
[224.0, 64.0, 1013.0, 656.0]
[80.0, 16.0, 870.0, 608.0]
[128.0, 32.0, 919.0, 625.0]
[192.0, 80.0, 984.0, 674.0]
[0.0, 48.0, 793.0, 643.0]
[112.0, 32.0, 906.0, 628.0]
[80.0, 16.0, 875.0, 612.0]
[0.0, 48.0, 796.0, 645.0]
[16.0, 80.0, 813.0, 678.0]
[128.0, 16.0, 926.0, 614.0]
[80.0, 80.0, 879.0, 679.0]
[128.0, 32.0, 928.0, 632.0]
[96.0, 64.0, 897.0, 665.0]
[176.0, 32.0, 978.0, 634.0]
[96.0, 64.0, 899.0, 666.0]
[144.0, 80.0, 948.0, 683.0]
[144.0, 16.0, 949.0, 620.0]
[192.0, 16.0, 998.0, 620.0]
[112.0, 16.0, 919.0, 621.0]
[176.0, 64.0, 984.0, 670.0]
[96.0, 64.0, 905.0, 671.0]
[80.0, 64.0, 890.0, 672.0]
[160.0, 0.0, 971.0, 608.0]
[48.0, 48.0, 860.0, 657.0]
[64.0, 16.0, 877.0, 626.0]
[96.0, 48.0, 910.0, 658.0]
[64.0, 16.0, 879.0, 627.0]
[176.0, 64.0, 992.0, 676.0]
[0.0, 32.0, 817.0, 645.0]
[112.0, 64.0, 930.0, 678.0]
[192.0, 64.0, 1011.0, 678.0]
[176.0, 32.0, 996.0, 647.0]
[64.0, 64.0, 885.0, 680.0]
[112.0, 32.0, 934.0, 648.0]
[96.0, 0.0, 919.0, 617.0]
[16.0, 48.0, 840.0, 666.0]
[128.0, 0.0, 953.0, 619.0]
[112.0, 32.0, 938.0, 652.0]
[48.0, 48.0, 875.0, 668.0]
[144.0, 48.0, 972.0, 669.0]
[16.0, 16.0, 845.0, 638.0]
[96.0, 32.0, 926.0, 654.0]
[144.0, 16.0, 975.0, 639.0]
[112.0, 48.0, 944.0, 672.0]
[32.0, 0.0, 865.0, 625.0]
[16.0, 32.0, 850.0, 658.0]
[112.0, 32.0, 947.0, 658.0]
[128.0, 32.0, 964.0, 659.0]
[16.0, 16.0, 853.0, 644.0]
[32.0, 32.0, 870.0, 660.0]
[96.0, 48.0, 935.0, 677.0]
[48.0, 0.0, 888.0, 630.0]
[32.0, 32.0, 873.0, 663.0]
[112.0, 16.0, 954.0, 648.0]
[176.0, 0.0, 1019.0, 632.0]
[176.0, 48.0, 1020.0, 681.0]
[144.0, 32.0, 989.0, 666.0]
[160.0, 0.0, 1006.0, 634.0]
[64.0, 32.0, 911.0, 667.0]
[96.0, 16.0, 944.0, 652.0]
[144.0, 16.0, 993.0, 653.0]
[96.0, 32.0, 946.0, 670.0]
[16.0, 16.0, 867.0, 654.0]
[112.0, 32.0, 964.0, 671.0]
[160.0, 16.0, 1013.0, 656.0]
[16.0, 0.0, 870.0, 640.0]
[112.0, 0.0, 967.0, 641.0]
[64.0, 16.0, 920.0, 658.0]
[112.0, 0.0, 969.0, 643.0]
[144.0, 0.0, 1002.0, 644.0]
[32.0, 32.0, 891.0, 676.0]
[80.0, 0.0, 940.0, 645.0]
[16.0, 32.0, 877.0, 678.0]
[16.0, 16.0, 878.0, 662.0]
[32.0, 32.0, 895.0, 679.0]
[160.0, 16.0, 1024.0, 664.0]
[112.0, 0.0, 977.0, 649.0]
[48.0, 0.0, 914.0, 650.0]
[144.0, 16.0, 1011.0, 666.0]
[16.0, 16.0, 884.0, 667.0]
[96.0, 16.0, 965.0, 668.0]
[32.0, 0.0, 902.0, 652.0]
[0.0, 16.0, 871.0, 669.0]
[128.0, 0.0, 1000.0, 654.0]
[144.0, 16.0, 1017.0, 671.0]
[16.0, 16.0, 890.0, 672.0]
[128.0, 16.0, 1003.0, 672.0]
[32.0, 16.0, 908.0, 673.0]
[0.0, 0.0, 877.0, 658.0]
[32.0, 0.0, 910.0, 658.0]
[48.0, 16.0, 927.0, 675.0]
[128.0, 16.0, 1008.0, 676.0]
[0.0, 16.0, 881.0, 677.0]
[64.0, 16.0, 946.0, 678.0]
[16.0, 16.0, 899.0, 678.0]
[96.0, 0.0, 980.0, 663.0]
[80.0, 16.0, 965.0, 680.0]
[32.0, 16.0, 918.0, 680.0]
[80.0, 0.0, 967.0, 665.0]
[32.0, 16.0, 920.0, 682.0]
[0.0, 0.0, 889.0, 667.0]
[64.0, 0.0, 954.0, 668.0]
[16.0, 0.0, 907.0, 668.0]
[80.0, 0.0, 972.0, 669.0]
[0.0, 0.0, 893.0, 670.0]
[0.0, 0.0, 894.0, 670.0]
[112.0, 0.0, 1007.0, 671.0]
[16.0, 0.0, 912.0, 672.0]
[112.0, 0.0, 1009.0, 673.0]
[96.0, 0.0, 994.0, 674.0]
[16.0, 0.0, 915.0, 674.0]
[32.0, 0.0, 932.0, 675.0]
[16.0, 0.0, 917.0, 676.0]
[48.0, 0.0, 950.0, 676.0]
[64.0, 0.0, 967.0, 677.0]
[16.0, 0.0, 920.0, 678.0]
[80.0, 0.0, 985.0, 679.0]
[48.0, 0.0, 954.0, 680.0]
[112.0, 0.0, 1019.0, 680.0]
[64.0, 0.0, 972.0, 681.0]
[64.0, 0.0, 973.0, 682.0]
[0.0, 0.0, 910.0, 682.0]
[16.0, 0.0, 927.0, 683.0]
