[224.0, 112.0, 941.0, 650.0]
[128.0, 176.0, 846.0, 714.0]
[208.0, 160.0, 927.0, 699.0]
[208.0, 176.0, 928.0, 716.0]
[192.0, 112.0, 913.0, 653.0]
[224.0, 112.0, 946.0, 654.0]
[288.0, 176.0, 1011.0, 718.0]
[240.0, 192.0, 964.0, 735.0]
[208.0, 128.0, 933.0, 672.0]
[176.0, 144.0, 902.0, 688.0]
[160.0, 112.0, 887.0, 657.0]
[96.0, 160.0, 824.0, 706.0]
[256.0, 128.0, 985.0, 675.0]
[240.0, 160.0, 970.0, 708.0]
[272.0, 128.0, 1003.0, 676.0]
[208.0, 144.0, 940.0, 693.0]
[112.0, 128.0, 845.0, 678.0]
[240.0, 96.0, 974.0, 646.0]
[160.0, 128.0, 895.0, 679.0]
[256.0, 112.0, 992.0, 664.0]
[128.0, 112.0, 865.0, 665.0]
[192.0, 144.0, 930.0, 698.0]
[192.0, 112.0, 931.0, 666.0]
[144.0, 80.0, 884.0, 635.0]
[208.0, 192.0, 949.0, 748.0]
[272.0, 128.0, 1014.0, 684.0]
[112.0, 176.0, 855.0, 733.0]
[96.0, 128.0, 840.0, 686.0]
[128.0, 112.0, 873.0, 671.0]
[96.0, 128.0, 842.0, 688.0]
[176.0, 128.0, 923.0, 688.0]
[224.0, 80.0, 972.0, 641.0]
[192.0, 96.0, 941.0, 658.0]
[192.0, 176.0, 942.0, 738.0]
[144.0, 112.0, 895.0, 675.0]
[272.0, 160.0, 1024.0, 724.0]
[96.0, 128.0, 849.0, 693.0]
[256.0, 128.0, 1010.0, 694.0]
[176.0, 144.0, 931.0, 710.0]
[112.0, 128.0, 868.0, 695.0]
[192.0, 176.0, 949.0, 744.0]
[176.0, 64.0, 934.0, 632.0]
[192.0, 80.0, 951.0, 649.0]
[80.0, 112.0, 840.0, 682.0]
[128.0, 96.0, 889.0, 667.0]
[224.0, 96.0, 986.0, 668.0]
[208.0, 112.0, 971.0, 684.0]
[80.0, 160.0, 844.0, 733.0]
[160.0, 96.0, 925.0, 670.0]
[208.0, 64.0, 974.0, 638.0]
[160.0, 160.0, 927.0, 735.0]
[112.0, 80.0, 880.0, 656.0]
[80.0, 128.0, 849.0, 705.0]
[128.0, 96.0, 898.0, 674.0]
[112.0, 112.0, 883.0, 690.0]
[112.0, 64.0, 884.0, 643.0]
[160.0, 128.0, 933.0, 708.0]
[208.0, 128.0, 982.0, 708.0]
[224.0, 96.0, 999.0, 677.0]
[192.0, 64.0, 968.0, 646.0]
[112.0, 128.0, 889.0, 711.0]
[176.0, 128.0, 954.0, 712.0]
[192.0, 96.0, 971.0, 680.0]
[176.0, 144.0, 956.0, 729.0]
[112.0, 96.0, 893.0, 682.0]
[208.0, 112.0, 990.0, 698.0]
[192.0, 128.0, 975.0, 715.0]
[80.0, 96.0, 864.0, 684.0]
[80.0, 80.0, 865.0, 669.0]
[208.0, 160.0, 994.0, 750.0]
[208.0, 128.0, 995.0, 718.0]
[160.0, 64.0, 948.0, 655.0]
[80.0, 112.0, 869.0, 704.0]
[208.0, 64.0, 998.0, 656.0]
[96.0, 80.0, 887.0, 673.0]
[224.0, 96.0, 1016.0, 690.0]
[160.0, 128.0, 953.0, 723.0]
[112.0, 144.0, 906.0, 740.0]
[112.0, 160.0, 907.0, 756.0]
[144.0, 80.0, 940.0, 677.0]
[160.0, 64.0, 957.0, 662.0]
[192.0, 80.0, 990.0, 678.0]
[80.0, 64.0, 879.0, 663.0]
[208.0, 160.0, 1008.0, 760.0]
[144.0, 96.0, 945.0, 697.0]
[96.0, 160.0, 898.0, 762.0]
[208.0, 64.0, 1011.0, 666.0]
[128.0, 160.0, 932.0, 763.0]
[112.0, 128.0, 917.0, 732.0]
[112.0, 96.0, 918.0, 700.0]
[80.0, 96.0, 887.0, 701.0]
[208.0, 48.0, 1016.0, 654.0]
[192.0, 112.0, 1001.0, 719.0]
[208.0, 128.0, 1018.0, 736.0]
[112.0, 128.0, 923.0, 736.0]
[192.0, 64.0, 1004.0, 673.0]
[96.0, 96.0, 909.0, 706.0]
[160.0, 80.0, 974.0, 690.0]
[128.0, 96.0, 943.0, 707.0]
[80.0, 112.0, 896.0, 724.0]
[160.0, 128.0, 977.0, 741.0]
[112.0, 64.0, 930.0, 678.0]
[144.0, 48.0, 963.0, 662.0]
[192.0, 96.0, 1012.0, 711.0]
[160.0, 64.0, 981.0, 680.0]
[144.0, 144.0, 966.0, 760.0]
[192.0, 112.0, 1015.0, 729.0]
[192.0, 112.0, 1016.0, 730.0]
[96.0, 80.0, 921.0, 699.0]
[176.0, 32.0, 1002.0, 652.0]
[176.0, 48.0, 1003.0, 668.0]
[144.0, 112.0, 972.0, 733.0]
[176.0, 96.0, 1005.0, 718.0]
[80.0, 128.0, 910.0, 750.0]
[96.0, 80.0, 927.0, 703.0]
[80.0, 48.0, 912.0, 672.0]
[176.0, 48.0, 1009.0, 673.0]
[112.0, 32.0, 946.0, 658.0]
[128.0, 16.0, 963.0, 642.0]
[176.0, 48.0, 1012.0, 675.0]
[144.0, 64.0, 981.0, 692.0]
[112.0, 128.0, 950.0, 756.0]
[80.0, 48.0, 919.0, 677.0]
[160.0, 96.0, 1000.0, 726.0]
[144.0, 64.0, 985.0, 695.0]
[144.0, 112.0, 986.0, 744.0]
[112.0, 16.0, 955.0, 648.0]
[144.0, 96.0, 988.0, 729.0]
[144.0, 32.0, 989.0, 666.0]
[112.0, 128.0, 958.0, 762.0]
[176.0, 32.0, 1023.0, 667.0]
[144.0, 64.0, 992.0, 700.0]
[96.0, 112.0, 945.0, 749.0]
[144.0, 128.0, 994.0, 766.0]
[160.0, 32.0, 1011.0, 670.0]
[112.0, 32.0, 964.0, 671.0]
[112.0, 32.0, 965.0, 672.0]
[96.0, 48.0, 950.0, 688.0]
[128.0, 96.0, 983.0, 737.0]
[80.0, 32.0, 936.0, 674.0]
[112.0, 64.0, 969.0, 707.0]
[144.0, 64.0, 1002.0, 708.0]
[112.0, 112.0, 971.0, 756.0]
[144.0, 64.0, 1004.0, 709.0]
[112.0, 112.0, 973.0, 758.0]
[128.0, 112.0, 990.0, 758.0]
[96.0, 32.0, 959.0, 679.0]
[96.0, 80.0, 960.0, 728.0]
[112.0, 32.0, 977.0, 681.0]
[96.0, 96.0, 962.0, 746.0]
[112.0, 32.0, 979.0, 682.0]
[96.0, 32.0, 964.0, 683.0]
[128.0, 0.0, 997.0, 652.0]
[80.0, 48.0, 950.0, 700.0]
[96.0, 32.0, 967.0, 685.0]
[96.0, 64.0, 968.0, 718.0]
[80.0, 96.0, 953.0, 751.0]
[112.0, 112.0, 986.0, 768.0]
[144.0, 80.0, 1019.0, 736.0]
[128.0, 32.0, 1004.0, 689.0]
[80.0, 80.0, 957.0, 738.0]
[80.0, 16.0, 958.0, 674.0]
[128.0, 0.0, 1007.0, 659.0]
[96.0, 16.0, 976.0, 676.0]
[80.0, 64.0, 961.0, 725.0]
[112.0, 64.0, 994.0, 726.0]
[96.0, 64.0, 979.0, 726.0]
[96.0, 16.0, 980.0, 679.0]
[80.0, 96.0, 965.0, 760.0]
[80.0, 32.0, 966.0, 696.0]
[128.0, 64.0, 1015.0, 729.0]
[80.0, 0.0, 968.0, 666.0]
[96.0, 32.0, 985.0, 699.0]
[112.0, 32.0, 1002.0, 700.0]
[112.0, 96.0, 1003.0, 764.0]
[128.0, 80.0, 1020.0, 749.0]
[112.0, 96.0, 1005.0, 766.0]
[96.0, 0.0, 990.0, 670.0]
[112.0, 80.0, 1007.0, 751.0]
[96.0, 96.0, 992.0, 768.0]
[80.0, 16.0, 977.0, 689.0]
[80.0, 16.0, 978.0, 690.0]
[112.0, 32.0, 1011.0, 706.0]
[80.0, 64.0, 980.0, 739.0]
[80.0, 0.0, 981.0, 676.0]
[80.0, 32.0, 982.0, 708.0]
[96.0, 16.0, 999.0, 693.0]
[96.0, 64.0, 1000.0, 742.0]
[80.0, 32.0, 985.0, 711.0]
[80.0, 64.0, 986.0, 744.0]
[112.0, 64.0, 1019.0, 744.0]
[80.0, 48.0, 988.0, 729.0]
[112.0, 32.0, 1021.0, 714.0]
[112.0, 64.0, 1022.0, 746.0]
[80.0, 32.0, 991.0, 715.0]
[112.0, 0.0, 1024.0, 684.0]
