[0.0, 16.0, 538.0, 733.0]
[112.0, 48.0, 650.0, 766.0]
[32.0, 0.0, 571.0, 719.0]
[32.0, 32.0, 572.0, 752.0]
[80.0, 32.0, 621.0, 753.0]
[64.0, 48.0, 606.0, 770.0]
[96.0, 0.0, 638.0, 723.0]
[32.0, 64.0, 575.0, 788.0]
[64.0, 96.0, 608.0, 821.0]
[32.0, 80.0, 576.0, 806.0]
[96.0, 0.0, 641.0, 727.0]
[16.0, 64.0, 562.0, 792.0]
[80.0, 64.0, 627.0, 793.0]
[80.0, 32.0, 628.0, 762.0]
[48.0, 16.0, 596.0, 747.0]
[96.0, 64.0, 645.0, 796.0]
[32.0, 0.0, 582.0, 733.0]
[80.0, 16.0, 630.0, 750.0]
[48.0, 112.0, 599.0, 847.0]
[80.0, 16.0, 632.0, 752.0]
[0.0, 48.0, 553.0, 785.0]
[32.0, 0.0, 586.0, 738.0]
[32.0, 0.0, 586.0, 739.0]
[96.0, 32.0, 651.0, 772.0]
[32.0, 96.0, 588.0, 837.0]
[32.0, 48.0, 588.0, 790.0]
[16.0, 112.0, 573.0, 855.0]
[80.0, 16.0, 638.0, 760.0]
[48.0, 16.0, 607.0, 761.0]
[16.0, 48.0, 576.0, 794.0]
[48.0, 32.0, 608.0, 779.0]
[48.0, 80.0, 609.0, 828.0]
[32.0, 16.0, 594.0, 765.0]
[32.0, 0.0, 594.0, 750.0]
[32.0, 16.0, 595.0, 767.0]
[48.0, 32.0, 612.0, 784.0]
[16.0, 32.0, 581.0, 785.0]
[80.0, 0.0, 646.0, 754.0]
[0.0, 16.0, 566.0, 771.0]
[64.0, 80.0, 631.0, 836.0]
[32.0, 0.0, 600.0, 757.0]
[32.0, 16.0, 600.0, 774.0]
[32.0, 0.0, 601.0, 759.0]
[64.0, 64.0, 634.0, 824.0]
[0.0, 80.0, 571.0, 841.0]
[0.0, 0.0, 572.0, 762.0]
[32.0, 64.0, 604.0, 827.0]
[48.0, 0.0, 621.0, 764.0]
[32.0, 112.0, 606.0, 877.0]
[32.0, 0.0, 606.0, 766.0]
[80.0, 16.0, 655.0, 783.0]
[0.0, 48.0, 576.0, 816.0]
[64.0, 16.0, 641.0, 785.0]
[80.0, 16.0, 658.0, 786.0]
[32.0, 16.0, 610.0, 787.0]
[64.0, 48.0, 643.0, 820.0]
[16.0, 16.0, 596.0, 789.0]
[0.0, 80.0, 580.0, 854.0]
[16.0, 80.0, 597.0, 855.0]
[32.0, 16.0, 614.0, 792.0]
[32.0, 0.0, 615.0, 777.0]
[16.0, 32.0, 600.0, 810.0]
[48.0, 64.0, 632.0, 843.0]
[0.0, 80.0, 585.0, 860.0]
[32.0, 80.0, 618.0, 861.0]
[0.0, 32.0, 586.0, 814.0]
[32.0, 48.0, 619.0, 831.0]
[48.0, 16.0, 636.0, 800.0]
[48.0, 64.0, 637.0, 849.0]
[48.0, 0.0, 638.0, 786.0]
[16.0, 0.0, 606.0, 787.0]
[32.0, 64.0, 623.0, 852.0]
[0.0, 64.0, 592.0, 853.0]
[32.0, 48.0, 624.0, 838.0]
[32.0, 16.0, 625.0, 807.0]
[32.0, 80.0, 626.0, 872.0]
[0.0, 0.0, 595.0, 793.0]
[64.0, 48.0, 660.0, 842.0]
[48.0, 64.0, 644.0, 859.0]
[0.0, 80.0, 597.0, 876.0]
[64.0, 0.0, 662.0, 797.0]
[0.0, 32.0, 598.0, 830.0]
[0.0, 32.0, 599.0, 831.0]
[16.0, 64.0, 616.0, 864.0]
[32.0, 32.0, 633.0, 833.0]
[16.0, 48.0, 618.0, 850.0]
[32.0, 64.0, 634.0, 867.0]
[16.0, 16.0, 619.0, 820.0]
[32.0, 48.0, 636.0, 853.0]
[0.0, 16.0, 604.0, 822.0]
[48.0, 48.0, 653.0, 855.0]
[0.0, 64.0, 606.0, 872.0]
[48.0, 32.0, 655.0, 841.0]
[0.0, 0.0, 608.0, 810.0]
[0.0, 48.0, 608.0, 859.0]
[0.0, 48.0, 609.0, 860.0]
[0.0, 16.0, 610.0, 829.0]
[0.0, 32.0, 610.0, 846.0]
[0.0, 0.0, 611.0, 815.0]
[32.0, 64.0, 644.0, 880.0]
[0.0, 32.0, 613.0, 849.0]
[32.0, 32.0, 646.0, 850.0]
[0.0, 16.0, 614.0, 835.0]
[32.0, 32.0, 647.0, 852.0]
[0.0, 32.0, 616.0, 853.0]
[0.0, 16.0, 616.0, 838.0]
[16.0, 32.0, 633.0, 855.0]
[16.0, 16.0, 634.0, 840.0]
[32.0, 32.0, 651.0, 857.0]
[16.0, 48.0, 636.0, 874.0]
[16.0, 48.0, 636.0, 875.0]
[0.0, 16.0, 621.0, 844.0]
[32.0, 16.0, 654.0, 845.0]
[16.0, 16.0, 638.0, 846.0]
[0.0, 48.0, 623.0, 879.0]
[0.0, 16.0, 624.0, 848.0]
[16.0, 48.0, 641.0, 881.0]
[0.0, 0.0, 626.0, 834.0]
[16.0, 32.0, 642.0, 867.0]
[32.0, 48.0, 659.0, 884.0]
[32.0, 0.0, 660.0, 837.0]
[0.0, 32.0, 628.0, 870.0]
[0.0, 32.0, 629.0, 871.0]
[0.0, 16.0, 630.0, 856.0]
[0.0, 32.0, 631.0, 873.0]
[32.0, 0.0, 664.0, 842.0]
[32.0, 0.0, 664.0, 843.0]
[32.0, 32.0, 665.0, 876.0]
[16.0, 0.0, 650.0, 845.0]
[16.0, 32.0, 650.0, 878.0]
[16.0, 0.0, 651.0, 847.0]
