[176.0, 128.0, 961.0, 717.0]
[160.0, 112.0, 946.0, 702.0]
[64.0, 112.0, 851.0, 702.0]
[80.0, 144.0, 868.0, 735.0]
[64.0, 96.0, 853.0, 688.0]
[96.0, 96.0, 886.0, 688.0]
[176.0, 112.0, 967.0, 705.0]
[80.0, 64.0, 872.0, 658.0]
[64.0, 112.0, 857.0, 707.0]
[48.0, 32.0, 842.0, 628.0]
[144.0, 144.0, 939.0, 740.0]
[96.0, 112.0, 892.0, 709.0]
[32.0, 96.0, 829.0, 694.0]
[160.0, 32.0, 958.0, 630.0]
[64.0, 64.0, 863.0, 663.0]
[64.0, 96.0, 864.0, 696.0]
[192.0, 64.0, 993.0, 665.0]
[80.0, 32.0, 882.0, 634.0]
[144.0, 48.0, 947.0, 650.0]
[176.0, 16.0, 980.0, 619.0]
[48.0, 16.0, 853.0, 620.0]
[160.0, 64.0, 966.0, 668.0]
[160.0, 48.0, 967.0, 653.0]
[128.0, 80.0, 936.0, 686.0]
[160.0, 16.0, 969.0, 623.0]
[128.0, 128.0, 938.0, 736.0]
[112.0, 112.0, 923.0, 720.0]
[144.0, 16.0, 956.0, 625.0]
[80.0, 80.0, 893.0, 690.0]
[128.0, 48.0, 942.0, 658.0]
[160.0, 32.0, 975.0, 643.0]
[48.0, 48.0, 864.0, 660.0]
[144.0, 16.0, 961.0, 629.0]
[160.0, 16.0, 978.0, 630.0]
[144.0, 32.0, 963.0, 646.0]
[16.0, 128.0, 836.0, 743.0]
[96.0, 96.0, 917.0, 712.0]
[32.0, 48.0, 854.0, 664.0]
[64.0, 0.0, 887.0, 617.0]
[176.0, 32.0, 1000.0, 650.0]
[32.0, 96.0, 857.0, 715.0]
[144.0, 112.0, 970.0, 732.0]
[112.0, 96.0, 939.0, 716.0]
[144.0, 32.0, 972.0, 653.0]
[16.0, 80.0, 845.0, 702.0]
[80.0, 144.0, 910.0, 766.0]
[112.0, 144.0, 943.0, 767.0]
[176.0, 80.0, 1008.0, 704.0]
[0.0, 64.0, 833.0, 689.0]
[96.0, 32.0, 930.0, 658.0]
[0.0, 64.0, 835.0, 690.0]
[80.0, 96.0, 916.0, 723.0]
[144.0, 80.0, 981.0, 708.0]
[112.0, 0.0, 950.0, 628.0]
[0.0, 32.0, 839.0, 661.0]
[112.0, 80.0, 952.0, 710.0]
[144.0, 48.0, 985.0, 679.0]
[64.0, 48.0, 906.0, 680.0]
[112.0, 16.0, 955.0, 648.0]
[112.0, 48.0, 956.0, 681.0]
[0.0, 64.0, 845.0, 698.0]
[80.0, 16.0, 926.0, 650.0]
[176.0, 16.0, 1023.0, 651.0]
[64.0, 16.0, 912.0, 652.0]
[144.0, 80.0, 993.0, 717.0]
[112.0, 32.0, 962.0, 670.0]
[32.0, 96.0, 883.0, 734.0]
[112.0, 16.0, 964.0, 655.0]
[32.0, 48.0, 885.0, 688.0]
[16.0, 96.0, 870.0, 736.0]
[64.0, 16.0, 919.0, 657.0]
[64.0, 32.0, 920.0, 674.0]
[0.0, 96.0, 857.0, 739.0]
[112.0, 48.0, 970.0, 692.0]
[16.0, 80.0, 875.0, 724.0]
[16.0, 64.0, 876.0, 709.0]
[128.0, 16.0, 989.0, 662.0]
[160.0, 32.0, 1022.0, 678.0]
[160.0, 112.0, 1023.0, 759.0]
[64.0, 80.0, 928.0, 728.0]
[0.0, 64.0, 865.0, 713.0]
[80.0, 0.0, 946.0, 650.0]
[32.0, 48.0, 899.0, 698.0]
[144.0, 32.0, 1012.0, 683.0]
[112.0, 112.0, 981.0, 764.0]
[80.0, 16.0, 950.0, 668.0]
[144.0, 48.0, 1015.0, 701.0]
[128.0, 112.0, 1000.0, 766.0]
[64.0, 96.0, 937.0, 751.0]
[128.0, 0.0, 1002.0, 656.0]
[16.0, 48.0, 891.0, 704.0]
[64.0, 64.0, 940.0, 721.0]
[96.0, 80.0, 973.0, 738.0]
[112.0, 64.0, 990.0, 722.0]
[96.0, 96.0, 975.0, 755.0]
[112.0, 0.0, 992.0, 660.0]
[96.0, 96.0, 977.0, 757.0]
[0.0, 96.0, 882.0, 758.0]
[96.0, 80.0, 979.0, 742.0]
[32.0, 0.0, 916.0, 663.0]
[80.0, 96.0, 965.0, 760.0]
[128.0, 64.0, 1014.0, 728.0]
[80.0, 32.0, 967.0, 697.0]
[16.0, 32.0, 904.0, 698.0]
[16.0, 96.0, 905.0, 763.0]
[32.0, 80.0, 922.0, 748.0]
[0.0, 16.0, 891.0, 684.0]
[80.0, 16.0, 972.0, 685.0]
[96.0, 64.0, 989.0, 734.0]
[112.0, 32.0, 1006.0, 702.0]
[0.0, 0.0, 895.0, 671.0]
[96.0, 32.0, 992.0, 704.0]
[80.0, 48.0, 977.0, 721.0]
[32.0, 64.0, 930.0, 738.0]
[112.0, 48.0, 1011.0, 722.0]
[112.0, 0.0, 1012.0, 675.0]
[16.0, 80.0, 917.0, 756.0]
[112.0, 64.0, 1014.0, 740.0]
[32.0, 32.0, 935.0, 709.0]
[48.0, 48.0, 952.0, 726.0]
[80.0, 80.0, 985.0, 759.0]
[48.0, 32.0, 954.0, 712.0]
[80.0, 64.0, 987.0, 744.0]
[96.0, 32.0, 1004.0, 713.0]
[48.0, 0.0, 957.0, 682.0]
[64.0, 48.0, 974.0, 730.0]
[64.0, 80.0, 975.0, 763.0]
[64.0, 48.0, 976.0, 732.0]
[16.0, 0.0, 929.0, 685.0]
[0.0, 80.0, 914.0, 766.0]
[64.0, 16.0, 979.0, 702.0]
[64.0, 0.0, 980.0, 687.0]
[64.0, 16.0, 981.0, 704.0]
[0.0, 0.0, 918.0, 688.0]
[16.0, 16.0, 935.0, 705.0]
[80.0, 64.0, 1000.0, 754.0]
[96.0, 64.0, 1017.0, 755.0]
[16.0, 32.0, 938.0, 724.0]
[80.0, 16.0, 1003.0, 708.0]
[64.0, 64.0, 988.0, 757.0]
[0.0, 32.0, 925.0, 726.0]
[80.0, 16.0, 1006.0, 710.0]
[96.0, 16.0, 1023.0, 711.0]
[32.0, 64.0, 960.0, 760.0]
[80.0, 32.0, 1009.0, 729.0]
[64.0, 64.0, 994.0, 762.0]
[0.0, 64.0, 931.0, 762.0]
[48.0, 64.0, 980.0, 763.0]
[64.0, 64.0, 997.0, 764.0]
[48.0, 48.0, 982.0, 748.0]
[80.0, 64.0, 1015.0, 765.0]
[80.0, 16.0, 1016.0, 718.0]
[80.0, 48.0, 1017.0, 751.0]
[32.0, 32.0, 970.0, 736.0]
[32.0, 0.0, 971.0, 704.0]
[0.0, 32.0, 940.0, 737.0]
[32.0, 16.0, 973.0, 722.0]
[64.0, 0.0, 1006.0, 706.0]
[32.0, 0.0, 975.0, 707.0]
[64.0, 32.0, 1008.0, 740.0]
[16.0, 32.0, 961.0, 741.0]
[32.0, 32.0, 978.0, 742.0]
[16.0, 32.0, 963.0, 742.0]
[64.0, 32.0, 1012.0, 743.0]
[0.0, 16.0, 949.0, 728.0]
[32.0, 16.0, 982.0, 728.0]
[64.0, 0.0, 1015.0, 713.0]
[64.0, 0.0, 1016.0, 714.0]
[32.0, 16.0, 985.0, 731.0]
[0.0, 32.0, 954.0, 748.0]
[64.0, 16.0, 1019.0, 732.0]
[48.0, 32.0, 1004.0, 749.0]
[32.0, 48.0, 989.0, 766.0]
[0.0, 48.0, 958.0, 766.0]
[16.0, 32.0, 975.0, 751.0]
[0.0, 32.0, 960.0, 752.0]
[48.0, 32.0, 1009.0, 753.0]
[16.0, 32.0, 978.0, 754.0]
[32.0, 16.0, 995.0, 738.0]
[16.0, 16.0, 980.0, 739.0]
[32.0, 16.0, 997.0, 740.0]
[0.0, 16.0, 966.0, 740.0]
[0.0, 16.0, 967.0, 741.0]
[0.0, 32.0, 968.0, 758.0]
[32.0, 16.0, 1001.0, 743.0]
[16.0, 16.0, 986.0, 744.0]
[48.0, 32.0, 1019.0, 760.0]
[16.0, 0.0, 988.0, 729.0]
[0.0, 16.0, 973.0, 746.0]
[32.0, 32.0, 1006.0, 762.0]
[32.0, 32.0, 1007.0, 763.0]
[16.0, 16.0, 992.0, 748.0]
[0.0, 16.0, 977.0, 749.0]
[0.0, 0.0, 978.0, 734.0]
[16.0, 16.0, 995.0, 750.0]
[0.0, 32.0, 980.0, 767.0]
[16.0, 32.0, 997.0, 768.0]
[16.0, 0.0, 998.0, 736.0]
[32.0, 0.0, 1015.0, 737.0]
[32.0, 16.0, 1016.0, 754.0]
[0.0, 16.0, 985.0, 755.0]
[16.0, 16.0, 1002.0, 756.0]
[32.0, 16.0, 1019.0, 756.0]
[16.0, 16.0, 1004.0, 757.0]
[0.0, 0.0, 989.0, 742.0]
[32.0, 16.0, 1022.0, 758.0]
[0.0, 0.0, 991.0, 743.0]
[16.0, 0.0, 1008.0, 744.0]
[0.0, 0.0, 993.0, 745.0]
[0.0, 0.0, 994.0, 746.0]
[0.0, 16.0, 995.0, 762.0]
[0.0, 0.0, 996.0, 747.0]
[0.0, 0.0, 997.0, 748.0]
[0.0, 16.0, 998.0, 764.0]
[0.0, 0.0, 999.0, 749.0]
[16.0, 16.0, 1016.0, 766.0]
[0.0, 0.0, 1001.0, 751.0]
[0.0, 16.0, 1002.0, 768.0]
[16.0, 16.0, 1019.0, 768.0]
[0.0, 0.0, 1004.0, 753.0]
[16.0, 0.0, 1021.0, 754.0]
[0.0, 0.0, 1006.0, 754.0]
[0.0, 0.0, 1007.0, 755.0]
[0.0, 0.0, 1008.0, 756.0]
[0.0, 0.0, 1009.0, 757.0]
[0.0, 0.0, 1010.0, 758.0]
[0.0, 0.0, 1011.0, 758.0]
[0.0, 0.0, 1012.0, 759.0]
[0.0, 0.0, 1013.0, 760.0]
[0.0, 0.0, 1014.0, 760.0]
[0.0, 0.0, 1015.0, 761.0]
[0.0, 0.0, 1016.0, 762.0]
[0.0, 0.0, 1017.0, 763.0]
[0.0, 0.0, 1018.0, 764.0]
[0.0, 0.0, 1019.0, 764.0]
[0.0, 0.0, 1020.0, 765.0]
[0.0, 0.0, 1021.0, 766.0]
[0.0, 0.0, 1022.0, 766.0]
[0.0, 0.0, 1023.0, 767.0]
[0.0, 0.0, 1024.0, 768.0]
