[240.0, 96.0, 957.0, 634.0]
[240.0, 128.0, 958.0, 666.0]
[256.0, 96.0, 975.0, 635.0]
[224.0, 64.0, 944.0, 604.0]
[272.0, 96.0, 993.0, 637.0]
[144.0, 128.0, 866.0, 670.0]
[128.0, 128.0, 851.0, 670.0]
[192.0, 64.0, 916.0, 607.0]
[160.0, 128.0, 885.0, 672.0]
[240.0, 128.0, 966.0, 672.0]
[208.0, 112.0, 935.0, 657.0]
[192.0, 112.0, 920.0, 658.0]
[224.0, 96.0, 953.0, 643.0]
[256.0, 128.0, 986.0, 676.0]
[192.0, 128.0, 923.0, 676.0]
[192.0, 96.0, 924.0, 645.0]
[208.0, 96.0, 941.0, 646.0]
[192.0, 112.0, 926.0, 662.0]
[128.0, 128.0, 863.0, 679.0]
[240.0, 128.0, 976.0, 680.0]
[208.0, 96.0, 945.0, 649.0]
[240.0, 96.0, 978.0, 650.0]
[176.0, 64.0, 915.0, 618.0]
[208.0, 80.0, 948.0, 635.0]
[144.0, 80.0, 885.0, 636.0]
[240.0, 80.0, 982.0, 636.0]
[160.0, 112.0, 903.0, 669.0]
[256.0, 112.0, 1000.0, 670.0]
[144.0, 112.0, 889.0, 671.0]
[160.0, 112.0, 906.0, 672.0]
[160.0, 80.0, 907.0, 640.0]
[224.0, 112.0, 972.0, 673.0]
[144.0, 80.0, 893.0, 642.0]
[208.0, 96.0, 958.0, 658.0]
[240.0, 96.0, 991.0, 659.0]
[176.0, 112.0, 928.0, 676.0]
[208.0, 80.0, 961.0, 645.0]
[192.0, 48.0, 946.0, 614.0]
[144.0, 96.0, 899.0, 662.0]
[208.0, 96.0, 964.0, 663.0]
[224.0, 80.0, 981.0, 648.0]
[256.0, 64.0, 1014.0, 632.0]
[240.0, 96.0, 999.0, 665.0]
[192.0, 80.0, 952.0, 650.0]
[208.0, 64.0, 969.0, 635.0]
[256.0, 48.0, 1018.0, 620.0]
[192.0, 32.0, 955.0, 604.0]
[240.0, 32.0, 1004.0, 605.0]
[176.0, 80.0, 941.0, 654.0]
[256.0, 80.0, 1022.0, 654.0]
[192.0, 64.0, 959.0, 639.0]
[240.0, 96.0, 1008.0, 672.0]
[176.0, 96.0, 945.0, 673.0]
[240.0, 80.0, 1010.0, 658.0]
[176.0, 64.0, 947.0, 642.0]
[176.0, 80.0, 948.0, 659.0]
[208.0, 16.0, 981.0, 596.0]
[224.0, 80.0, 998.0, 660.0]
[192.0, 48.0, 967.0, 629.0]
[176.0, 32.0, 952.0, 614.0]
[240.0, 48.0, 1017.0, 631.0]
[208.0, 80.0, 986.0, 664.0]
[240.0, 48.0, 1019.0, 632.0]
[176.0, 48.0, 956.0, 633.0]
[192.0, 32.0, 973.0, 618.0]
[160.0, 48.0, 942.0, 634.0]
[160.0, 80.0, 943.0, 667.0]
[240.0, 80.0, 1024.0, 668.0]
[224.0, 64.0, 1009.0, 653.0]
[224.0, 80.0, 1010.0, 670.0]
[144.0, 48.0, 931.0, 638.0]
[192.0, 80.0, 980.0, 671.0]
[176.0, 48.0, 965.0, 640.0]
[208.0, 80.0, 998.0, 672.0]
[176.0, 32.0, 967.0, 625.0]
[176.0, 48.0, 968.0, 642.0]
[160.0, 32.0, 953.0, 627.0]
[160.0, 64.0, 954.0, 660.0]
[144.0, 48.0, 939.0, 644.0]
[208.0, 32.0, 1004.0, 629.0]
[176.0, 48.0, 973.0, 646.0]
[208.0, 80.0, 1006.0, 678.0]
[192.0, 64.0, 991.0, 663.0]
[208.0, 48.0, 1008.0, 648.0]
[176.0, 32.0, 977.0, 633.0]
[208.0, 80.0, 1010.0, 682.0]
[128.0, 48.0, 931.0, 650.0]
[128.0, 64.0, 932.0, 667.0]
[192.0, 16.0, 997.0, 620.0]
[176.0, 64.0, 982.0, 668.0]
[160.0, 48.0, 967.0, 653.0]
[208.0, 64.0, 1016.0, 670.0]
[192.0, 32.0, 1001.0, 639.0]
[208.0, 32.0, 1018.0, 640.0]
[160.0, 32.0, 971.0, 640.0]
[192.0, 16.0, 1004.0, 625.0]
[208.0, 64.0, 1021.0, 674.0]
[192.0, 16.0, 1006.0, 626.0]
[128.0, 48.0, 943.0, 659.0]
[208.0, 16.0, 1024.0, 628.0]
[144.0, 64.0, 961.0, 677.0]
[176.0, 48.0, 994.0, 662.0]
[192.0, 32.0, 1011.0, 646.0]
[160.0, 32.0, 980.0, 647.0]
[176.0, 16.0, 997.0, 632.0]
[144.0, 64.0, 966.0, 680.0]
[128.0, 48.0, 951.0, 665.0]
[176.0, 16.0, 1000.0, 634.0]
[192.0, 48.0, 1017.0, 667.0]
[144.0, 32.0, 970.0, 652.0]
[160.0, 16.0, 987.0, 636.0]
[128.0, 48.0, 956.0, 669.0]
[176.0, 16.0, 1005.0, 638.0]
[144.0, 48.0, 974.0, 670.0]
[192.0, 16.0, 1023.0, 639.0]
[192.0, 16.0, 1024.0, 640.0]
[160.0, 32.0, 993.0, 657.0]
[176.0, 32.0, 1010.0, 658.0]
[160.0, 32.0, 995.0, 658.0]
[176.0, 16.0, 1012.0, 643.0]
[144.0, 16.0, 981.0, 644.0]
[144.0, 16.0, 982.0, 644.0]
[160.0, 16.0, 999.0, 645.0]
[144.0, 48.0, 984.0, 678.0]
[176.0, 16.0, 1017.0, 647.0]
[144.0, 48.0, 986.0, 680.0]
[160.0, 48.0, 1003.0, 680.0]
[160.0, 48.0, 1004.0, 681.0]
[176.0, 16.0, 1021.0, 650.0]
[160.0, 32.0, 1006.0, 666.0]
[128.0, 48.0, 975.0, 683.0]
[160.0, 16.0, 1008.0, 652.0]
[128.0, 32.0, 977.0, 669.0]
[144.0, 16.0, 994.0, 654.0]
[144.0, 32.0, 995.0, 670.0]
[160.0, 16.0, 1012.0, 655.0]
[128.0, 16.0, 981.0, 656.0]
[144.0, 16.0, 998.0, 656.0]
[144.0, 16.0, 999.0, 657.0]
[144.0, 32.0, 1000.0, 674.0]
[128.0, 16.0, 985.0, 659.0]
[160.0, 32.0, 1018.0, 676.0]
[144.0, 16.0, 1003.0, 660.0]
[160.0, 32.0, 1020.0, 677.0]
[160.0, 16.0, 1021.0, 662.0]
[144.0, 16.0, 1006.0, 662.0]
[128.0, 16.0, 991.0, 663.0]
[160.0, 16.0, 1024.0, 664.0]
[128.0, 16.0, 993.0, 665.0]
