[144.0, 208.0, 682.0, 925.0]
[128.0, 272.0, 666.0, 990.0]
[144.0, 288.0, 683.0, 1007.0]
[112.0, 288.0, 652.0, 1008.0]
[96.0, 176.0, 637.0, 897.0]
[112.0, 96.0, 654.0, 818.0]
[96.0, 176.0, 638.0, 899.0]
[128.0, 208.0, 671.0, 932.0]
[96.0, 272.0, 640.0, 997.0]
[112.0, 288.0, 656.0, 1014.0]
[112.0, 272.0, 657.0, 999.0]
[128.0, 96.0, 674.0, 824.0]
[128.0, 128.0, 675.0, 857.0]
[96.0, 160.0, 644.0, 890.0]
[128.0, 288.0, 676.0, 1019.0]
[128.0, 176.0, 677.0, 908.0]
[128.0, 144.0, 678.0, 877.0]
[112.0, 240.0, 662.0, 974.0]
[64.0, 192.0, 615.0, 927.0]
[80.0, 128.0, 632.0, 864.0]
[96.0, 224.0, 649.0, 961.0]
[112.0, 176.0, 666.0, 914.0]
[80.0, 240.0, 634.0, 979.0]
[112.0, 256.0, 667.0, 996.0]
[112.0, 256.0, 668.0, 997.0]
[64.0, 224.0, 620.0, 966.0]
[96.0, 144.0, 653.0, 887.0]
[80.0, 144.0, 638.0, 888.0]
[64.0, 176.0, 623.0, 921.0]
[64.0, 160.0, 624.0, 906.0]
[80.0, 176.0, 640.0, 923.0]
[112.0, 128.0, 673.0, 876.0]
[64.0, 160.0, 626.0, 909.0]
[96.0, 144.0, 658.0, 894.0]
[96.0, 160.0, 659.0, 911.0]
[80.0, 144.0, 644.0, 896.0]
[96.0, 112.0, 661.0, 865.0]
[64.0, 112.0, 630.0, 866.0]
[80.0, 128.0, 646.0, 883.0]
[80.0, 80.0, 647.0, 836.0]
[80.0, 112.0, 648.0, 869.0]
[48.0, 144.0, 616.0, 902.0]
[112.0, 160.0, 681.0, 919.0]
[64.0, 128.0, 634.0, 888.0]
[64.0, 192.0, 635.0, 953.0]
[64.0, 224.0, 636.0, 986.0]
[96.0, 128.0, 668.0, 891.0]
[48.0, 144.0, 621.0, 908.0]
[96.0, 96.0, 670.0, 861.0]
[80.0, 192.0, 654.0, 958.0]
[48.0, 128.0, 623.0, 895.0]
[64.0, 224.0, 640.0, 992.0]
[96.0, 208.0, 673.0, 977.0]
[48.0, 160.0, 626.0, 930.0]
[80.0, 240.0, 658.0, 1011.0]
[64.0, 112.0, 643.0, 884.0]
[96.0, 112.0, 676.0, 885.0]
[48.0, 144.0, 628.0, 918.0]
[64.0, 112.0, 645.0, 887.0]
[48.0, 192.0, 630.0, 968.0]
[48.0, 224.0, 631.0, 1001.0]
[80.0, 240.0, 664.0, 1018.0]
[32.0, 144.0, 616.0, 923.0]
[32.0, 192.0, 617.0, 972.0]
[80.0, 112.0, 666.0, 893.0]
[96.0, 96.0, 682.0, 878.0]
[64.0, 144.0, 651.0, 927.0]
[80.0, 224.0, 668.0, 1008.0]
[64.0, 224.0, 653.0, 1009.0]
[64.0, 80.0, 654.0, 866.0]
[48.0, 160.0, 638.0, 947.0]
[80.0, 208.0, 671.0, 996.0]
[64.0, 224.0, 656.0, 1013.0]
[48.0, 112.0, 640.0, 902.0]
[48.0, 160.0, 641.0, 951.0]
[64.0, 192.0, 658.0, 984.0]
[80.0, 128.0, 675.0, 921.0]
[80.0, 208.0, 676.0, 1002.0]
[64.0, 80.0, 660.0, 875.0]
[64.0, 96.0, 661.0, 892.0]
[80.0, 224.0, 678.0, 1021.0]
[48.0, 80.0, 646.0, 878.0]
[64.0, 224.0, 663.0, 1023.0]
[48.0, 80.0, 648.0, 880.0]
[80.0, 112.0, 681.0, 913.0]
[32.0, 144.0, 634.0, 946.0]
[80.0, 96.0, 682.0, 899.0]
[80.0, 80.0, 683.0, 884.0]
[48.0, 96.0, 652.0, 901.0]
[48.0, 80.0, 652.0, 886.0]
[32.0, 128.0, 637.0, 935.0]
[48.0, 160.0, 654.0, 968.0]
[32.0, 112.0, 639.0, 921.0]
[64.0, 208.0, 672.0, 1018.0]
[32.0, 160.0, 640.0, 971.0]
[16.0, 112.0, 625.0, 924.0]
[64.0, 128.0, 674.0, 941.0]
[48.0, 64.0, 658.0, 878.0]
[32.0, 176.0, 643.0, 991.0]
[32.0, 160.0, 644.0, 976.0]
[32.0, 96.0, 645.0, 913.0]
[16.0, 176.0, 630.0, 994.0]
[64.0, 144.0, 678.0, 963.0]
[48.0, 144.0, 663.0, 964.0]
[64.0, 192.0, 680.0, 1013.0]
[32.0, 144.0, 648.0, 966.0]
[16.0, 160.0, 633.0, 983.0]
[16.0, 112.0, 634.0, 936.0]
[64.0, 144.0, 683.0, 969.0]
[32.0, 144.0, 652.0, 970.0]
[32.0, 128.0, 652.0, 955.0]
[48.0, 176.0, 669.0, 1004.0]
[48.0, 176.0, 670.0, 1005.0]
[48.0, 80.0, 670.0, 910.0]
[0.0, 144.0, 623.0, 975.0]
[0.0, 144.0, 624.0, 976.0]
[16.0, 160.0, 641.0, 993.0]
[32.0, 176.0, 658.0, 1010.0]
[0.0, 128.0, 626.0, 963.0]
[48.0, 128.0, 675.0, 964.0]
[16.0, 112.0, 644.0, 949.0]
[16.0, 96.0, 644.0, 934.0]
[16.0, 80.0, 645.0, 919.0]
[32.0, 96.0, 662.0, 936.0]
[48.0, 144.0, 679.0, 985.0]
[32.0, 144.0, 664.0, 986.0]
[0.0, 160.0, 632.0, 1003.0]
[48.0, 176.0, 681.0, 1020.0]
[16.0, 96.0, 650.0, 941.0]
[16.0, 144.0, 650.0, 990.0]
[16.0, 80.0, 651.0, 927.0]
[16.0, 144.0, 652.0, 992.0]
[0.0, 96.0, 637.0, 945.0]
[16.0, 80.0, 654.0, 930.0]
[16.0, 144.0, 654.0, 995.0]
[16.0, 80.0, 655.0, 932.0]
[16.0, 80.0, 656.0, 933.0]
[0.0, 128.0, 640.0, 982.0]
[32.0, 96.0, 673.0, 951.0]
[32.0, 112.0, 674.0, 968.0]
[16.0, 160.0, 659.0, 1017.0]
[0.0, 144.0, 644.0, 1002.0]
[32.0, 112.0, 676.0, 971.0]
[32.0, 128.0, 677.0, 988.0]
[16.0, 160.0, 662.0, 1021.0]
[16.0, 128.0, 662.0, 990.0]
[32.0, 128.0, 679.0, 991.0]
[16.0, 112.0, 664.0, 976.0]
[16.0, 144.0, 665.0, 1009.0]
[32.0, 128.0, 682.0, 994.0]
[32.0, 144.0, 682.0, 1011.0]
[16.0, 144.0, 667.0, 1012.0]
[16.0, 112.0, 668.0, 981.0]
[16.0, 144.0, 668.0, 1014.0]
[16.0, 144.0, 669.0, 1015.0]
[0.0, 128.0, 654.0, 1000.0]
[0.0, 80.0, 655.0, 953.0]
[16.0, 96.0, 672.0, 970.0]
[16.0, 128.0, 672.0, 1003.0]
[0.0, 80.0, 657.0, 956.0]
[0.0, 128.0, 658.0, 1005.0]
[16.0, 112.0, 674.0, 990.0]
[16.0, 128.0, 675.0, 1007.0]
[16.0, 144.0, 676.0, 1024.0]
[16.0, 128.0, 677.0, 1009.0]
[16.0, 112.0, 678.0, 994.0]
[0.0, 128.0, 662.0, 1011.0]
[0.0, 112.0, 663.0, 996.0]
[0.0, 128.0, 664.0, 1013.0]
[0.0, 112.0, 664.0, 998.0]
[16.0, 96.0, 681.0, 983.0]
[0.0, 80.0, 666.0, 968.0]
[16.0, 96.0, 683.0, 985.0]
[0.0, 96.0, 668.0, 986.0]
[0.0, 80.0, 668.0, 971.0]
[0.0, 128.0, 669.0, 1020.0]
[0.0, 96.0, 670.0, 989.0]
[0.0, 112.0, 670.0, 1006.0]
[0.0, 80.0, 671.0, 975.0]
[0.0, 128.0, 672.0, 1024.0]
[0.0, 96.0, 673.0, 993.0]
[0.0, 96.0, 674.0, 994.0]
[0.0, 96.0, 674.0, 995.0]
[0.0, 112.0, 675.0, 1012.0]
[0.0, 80.0, 676.0, 981.0]
[0.0, 80.0, 676.0, 982.0]
[0.0, 80.0, 677.0, 983.0]
[0.0, 80.0, 678.0, 984.0]
[0.0, 96.0, 679.0, 1001.0]
[0.0, 112.0, 680.0, 1018.0]
[0.0, 96.0, 680.0, 1003.0]
[0.0, 96.0, 681.0, 1004.0]
[0.0, 112.0, 682.0, 1021.0]
[0.0, 80.0, 682.0, 990.0]
[0.0, 96.0, 683.0, 1007.0]
