[256.0, 32.0, 956.0, 557.0]
[192.0, 0.0, 893.0, 526.0]
[208.0, 48.0, 910.0, 574.0]
[224.0, 0.0, 927.0, 527.0]
[288.0, 16.0, 992.0, 544.0]
[192.0, 16.0, 897.0, 545.0]
[240.0, 0.0, 946.0, 530.0]
[240.0, 0.0, 947.0, 530.0]
[192.0, 48.0, 900.0, 579.0]
[256.0, 32.0, 965.0, 564.0]
[192.0, 0.0, 902.0, 532.0]
[288.0, 32.0, 999.0, 565.0]
[176.0, 16.0, 888.0, 550.0]
[256.0, 0.0, 969.0, 535.0]
[240.0, 0.0, 954.0, 536.0]
[176.0, 32.0, 891.0, 568.0]
[192.0, 0.0, 908.0, 537.0]
[224.0, 0.0, 941.0, 538.0]
[272.0, 0.0, 990.0, 538.0]
[224.0, 0.0, 943.0, 539.0]
[192.0, 32.0, 912.0, 572.0]
[192.0, 48.0, 913.0, 589.0]
[256.0, 0.0, 978.0, 542.0]
[192.0, 0.0, 915.0, 542.0]
[192.0, 48.0, 916.0, 591.0]
[240.0, 32.0, 965.0, 576.0]
[192.0, 32.0, 918.0, 576.0]
[192.0, 48.0, 919.0, 593.0]
[208.0, 48.0, 936.0, 594.0]
[240.0, 0.0, 969.0, 547.0]
[176.0, 16.0, 906.0, 564.0]
[240.0, 16.0, 971.0, 564.0]
[208.0, 48.0, 940.0, 597.0]
[256.0, 32.0, 989.0, 582.0]
[176.0, 32.0, 910.0, 582.0]
[208.0, 48.0, 943.0, 599.0]
[224.0, 16.0, 960.0, 568.0]
[256.0, 32.0, 993.0, 585.0]
[224.0, 0.0, 962.0, 554.0]
[240.0, 16.0, 979.0, 570.0]
[192.0, 16.0, 932.0, 571.0]
[224.0, 0.0, 965.0, 556.0]
[208.0, 32.0, 950.0, 588.0]
[208.0, 0.0, 951.0, 557.0]
[224.0, 16.0, 968.0, 574.0]
[160.0, 0.0, 905.0, 559.0]
[160.0, 16.0, 906.0, 576.0]
[192.0, 0.0, 939.0, 560.0]
[224.0, 32.0, 972.0, 593.0]
[192.0, 32.0, 941.0, 594.0]
[192.0, 48.0, 942.0, 610.0]
[240.0, 0.0, 991.0, 563.0]
[192.0, 16.0, 944.0, 580.0]
[240.0, 32.0, 993.0, 597.0]
[208.0, 32.0, 962.0, 598.0]
[176.0, 32.0, 931.0, 598.0]
[208.0, 0.0, 964.0, 567.0]
[208.0, 16.0, 965.0, 584.0]
[208.0, 16.0, 966.0, 584.0]
[192.0, 48.0, 951.0, 617.0]
[160.0, 0.0, 920.0, 570.0]
[208.0, 16.0, 969.0, 587.0]
[160.0, 16.0, 922.0, 588.0]
[224.0, 0.0, 987.0, 572.0]
[192.0, 16.0, 956.0, 589.0]
[160.0, 0.0, 925.0, 574.0]
[224.0, 16.0, 990.0, 590.0]
[208.0, 16.0, 975.0, 591.0]
[192.0, 32.0, 960.0, 608.0]
[192.0, 32.0, 961.0, 609.0]
[208.0, 32.0, 978.0, 610.0]
[160.0, 16.0, 931.0, 594.0]
[208.0, 0.0, 980.0, 579.0]
[176.0, 32.0, 949.0, 612.0]
[176.0, 32.0, 950.0, 612.0]
[176.0, 32.0, 951.0, 613.0]
[176.0, 0.0, 952.0, 582.0]
[208.0, 32.0, 985.0, 615.0]
[176.0, 32.0, 954.0, 616.0]
[160.0, 0.0, 939.0, 584.0]
[208.0, 16.0, 988.0, 601.0]
[192.0, 0.0, 973.0, 586.0]
[176.0, 32.0, 958.0, 618.0]
[208.0, 32.0, 991.0, 619.0]
[208.0, 0.0, 992.0, 588.0]
[208.0, 32.0, 993.0, 621.0]
[176.0, 16.0, 962.0, 606.0]
[208.0, 32.0, 995.0, 622.0]
[208.0, 32.0, 996.0, 623.0]
[208.0, 32.0, 997.0, 624.0]
[192.0, 32.0, 982.0, 624.0]
[192.0, 16.0, 983.0, 609.0]
[192.0, 0.0, 984.0, 594.0]
[192.0, 0.0, 985.0, 595.0]
[176.0, 0.0, 970.0, 596.0]
[192.0, 0.0, 987.0, 596.0]
[176.0, 0.0, 972.0, 597.0]
