[96.0, 32.0, 813.0, 570.0]
[112.0, 48.0, 830.0, 586.0]
[128.0, 64.0, 847.0, 603.0]
[160.0, 64.0, 880.0, 604.0]
[64.0, 80.0, 785.0, 621.0]
[64.0, 112.0, 786.0, 654.0]
[80.0, 64.0, 803.0, 606.0]
[160.0, 112.0, 884.0, 655.0]
[64.0, 112.0, 789.0, 656.0]
[112.0, 96.0, 838.0, 640.0]
[112.0, 128.0, 839.0, 673.0]
[48.0, 64.0, 776.0, 610.0]
[160.0, 80.0, 889.0, 627.0]
[16.0, 64.0, 746.0, 612.0]
[160.0, 32.0, 891.0, 580.0]
[144.0, 112.0, 876.0, 661.0]
[176.0, 64.0, 909.0, 614.0]
[48.0, 32.0, 782.0, 582.0]
[144.0, 96.0, 879.0, 647.0]
[144.0, 112.0, 880.0, 664.0]
[192.0, 48.0, 929.0, 601.0]
[192.0, 32.0, 930.0, 586.0]
[128.0, 112.0, 867.0, 666.0]
[192.0, 96.0, 932.0, 651.0]
[96.0, 32.0, 837.0, 588.0]
[144.0, 80.0, 886.0, 636.0]
[64.0, 96.0, 807.0, 653.0]
[176.0, 32.0, 920.0, 590.0]
[112.0, 96.0, 857.0, 655.0]
[64.0, 16.0, 810.0, 576.0]
[64.0, 80.0, 811.0, 640.0]
[112.0, 16.0, 860.0, 577.0]
[96.0, 64.0, 845.0, 626.0]
[128.0, 48.0, 878.0, 610.0]
[16.0, 48.0, 767.0, 611.0]
[144.0, 64.0, 896.0, 628.0]
[80.0, 16.0, 833.0, 581.0]
[32.0, 64.0, 786.0, 630.0]
[16.0, 96.0, 771.0, 662.0]
[16.0, 96.0, 772.0, 663.0]
[160.0, 16.0, 917.0, 584.0]
[128.0, 16.0, 886.0, 584.0]
[64.0, 112.0, 823.0, 681.0]
[160.0, 64.0, 920.0, 634.0]
[32.0, 112.0, 793.0, 683.0]
[0.0, 16.0, 762.0, 588.0]
[112.0, 0.0, 875.0, 572.0]
[48.0, 96.0, 812.0, 669.0]
[192.0, 64.0, 957.0, 638.0]
[80.0, 16.0, 846.0, 590.0]
[160.0, 0.0, 927.0, 575.0]
[128.0, 80.0, 896.0, 656.0]
[96.0, 96.0, 865.0, 673.0]
[32.0, 96.0, 802.0, 674.0]
[80.0, 32.0, 851.0, 610.0]
[16.0, 80.0, 788.0, 659.0]
[48.0, 80.0, 821.0, 660.0]
[144.0, 96.0, 918.0, 676.0]
[80.0, 16.0, 855.0, 597.0]
[112.0, 16.0, 888.0, 598.0]
[48.0, 16.0, 825.0, 599.0]
[0.0, 0.0, 778.0, 584.0]
[48.0, 16.0, 827.0, 600.0]
[64.0, 96.0, 844.0, 681.0]
[32.0, 32.0, 813.0, 618.0]
[160.0, 80.0, 942.0, 666.0]
[192.0, 32.0, 975.0, 619.0]
[112.0, 0.0, 896.0, 588.0]
[32.0, 64.0, 817.0, 653.0]
[80.0, 0.0, 866.0, 590.0]
[48.0, 16.0, 835.0, 606.0]
[32.0, 16.0, 820.0, 607.0]
[192.0, 32.0, 981.0, 624.0]
[96.0, 32.0, 886.0, 624.0]
[16.0, 48.0, 807.0, 641.0]
[32.0, 48.0, 824.0, 642.0]
[0.0, 64.0, 793.0, 659.0]
[32.0, 32.0, 826.0, 628.0]
[80.0, 16.0, 875.0, 612.0]
[176.0, 16.0, 972.0, 613.0]
[96.0, 32.0, 893.0, 630.0]
[176.0, 48.0, 974.0, 646.0]
[144.0, 32.0, 943.0, 631.0]
[32.0, 16.0, 832.0, 616.0]
[48.0, 80.0, 849.0, 681.0]
[96.0, 0.0, 898.0, 602.0]
[144.0, 80.0, 947.0, 682.0]
[128.0, 48.0, 932.0, 651.0]
[0.0, 32.0, 805.0, 636.0]
[144.0, 48.0, 950.0, 652.0]
[96.0, 32.0, 903.0, 637.0]
[128.0, 48.0, 936.0, 654.0]
[16.0, 16.0, 825.0, 623.0]
[32.0, 32.0, 842.0, 640.0]
[128.0, 16.0, 939.0, 624.0]
[32.0, 64.0, 844.0, 673.0]
[0.0, 0.0, 813.0, 610.0]
[128.0, 0.0, 942.0, 610.0]
[96.0, 48.0, 911.0, 659.0]
[160.0, 16.0, 976.0, 628.0]
[160.0, 16.0, 977.0, 629.0]
[32.0, 64.0, 850.0, 678.0]
[80.0, 64.0, 899.0, 678.0]
[16.0, 48.0, 836.0, 663.0]
[48.0, 0.0, 869.0, 616.0]
[16.0, 48.0, 838.0, 664.0]
[160.0, 64.0, 983.0, 681.0]
[176.0, 16.0, 1000.0, 634.0]
[144.0, 16.0, 969.0, 635.0]
[32.0, 32.0, 858.0, 652.0]
[128.0, 64.0, 955.0, 684.0]
[160.0, 32.0, 988.0, 653.0]
[16.0, 32.0, 845.0, 654.0]
[16.0, 48.0, 846.0, 670.0]
[192.0, 32.0, 1023.0, 655.0]
[112.0, 16.0, 944.0, 640.0]
[160.0, 48.0, 993.0, 673.0]
[128.0, 16.0, 962.0, 642.0]
[160.0, 0.0, 995.0, 626.0]
[112.0, 16.0, 948.0, 643.0]
[64.0, 16.0, 901.0, 644.0]
[0.0, 48.0, 838.0, 676.0]
[96.0, 48.0, 935.0, 677.0]
[0.0, 48.0, 840.0, 678.0]
[96.0, 32.0, 937.0, 663.0]
[80.0, 48.0, 922.0, 680.0]
[0.0, 32.0, 843.0, 664.0]
[16.0, 48.0, 860.0, 681.0]
[128.0, 48.0, 973.0, 682.0]
[112.0, 32.0, 958.0, 666.0]
[16.0, 0.0, 863.0, 635.0]
[80.0, 16.0, 928.0, 652.0]
[80.0, 0.0, 929.0, 637.0]
[32.0, 16.0, 882.0, 654.0]
[0.0, 0.0, 851.0, 638.0]
[48.0, 16.0, 900.0, 655.0]
[48.0, 32.0, 901.0, 672.0]
[128.0, 0.0, 982.0, 640.0]
[0.0, 0.0, 855.0, 641.0]
[112.0, 32.0, 968.0, 674.0]
[112.0, 16.0, 969.0, 659.0]
[128.0, 0.0, 986.0, 644.0]
[96.0, 16.0, 955.0, 660.0]
[48.0, 32.0, 908.0, 677.0]
[48.0, 16.0, 909.0, 662.0]
[16.0, 16.0, 878.0, 662.0]
[144.0, 32.0, 1007.0, 679.0]
[16.0, 16.0, 880.0, 664.0]
[112.0, 32.0, 977.0, 681.0]
[48.0, 0.0, 914.0, 650.0]
[112.0, 0.0, 979.0, 650.0]
[80.0, 0.0, 948.0, 651.0]
[64.0, 0.0, 933.0, 652.0]
[16.0, 16.0, 886.0, 668.0]
[16.0, 16.0, 887.0, 669.0]
[64.0, 0.0, 936.0, 654.0]
[80.0, 0.0, 953.0, 655.0]
[32.0, 16.0, 906.0, 672.0]
[112.0, 0.0, 987.0, 656.0]
[64.0, 16.0, 940.0, 673.0]
[0.0, 16.0, 877.0, 674.0]
[144.0, 0.0, 1022.0, 658.0]
[0.0, 0.0, 879.0, 659.0]
[0.0, 16.0, 880.0, 676.0]
[96.0, 16.0, 977.0, 677.0]
[96.0, 0.0, 978.0, 662.0]
[80.0, 16.0, 963.0, 678.0]
[32.0, 16.0, 916.0, 679.0]
[48.0, 16.0, 933.0, 680.0]
[96.0, 0.0, 982.0, 664.0]
[32.0, 16.0, 919.0, 681.0]
[0.0, 0.0, 888.0, 666.0]
[112.0, 0.0, 1001.0, 667.0]
[16.0, 0.0, 906.0, 668.0]
[112.0, 16.0, 1003.0, 684.0]
[32.0, 0.0, 924.0, 669.0]
[96.0, 0.0, 989.0, 670.0]
[96.0, 0.0, 990.0, 670.0]
[96.0, 0.0, 991.0, 671.0]
[32.0, 0.0, 928.0, 672.0]
[0.0, 0.0, 897.0, 673.0]
[32.0, 0.0, 930.0, 674.0]
[16.0, 0.0, 915.0, 674.0]
[80.0, 0.0, 980.0, 675.0]
[80.0, 0.0, 981.0, 676.0]
[0.0, 0.0, 902.0, 676.0]
[64.0, 0.0, 967.0, 677.0]
[80.0, 0.0, 984.0, 678.0]
[48.0, 0.0, 953.0, 679.0]
[64.0, 0.0, 970.0, 680.0]
[48.0, 0.0, 955.0, 680.0]
[48.0, 0.0, 956.0, 681.0]
[96.0, 0.0, 1005.0, 682.0]
[80.0, 0.0, 990.0, 682.0]
[80.0, 0.0, 991.0, 683.0]
[48.0, 0.0, 960.0, 684.0]
