[112.0, 112.0, 829.0, 650.0]
[80.0, 64.0, 798.0, 602.0]
[144.0, 64.0, 863.0, 603.0]
[48.0, 96.0, 768.0, 636.0]
[128.0, 128.0, 849.0, 669.0]
[80.0, 96.0, 802.0, 638.0]
[128.0, 96.0, 851.0, 638.0]
[32.0, 64.0, 756.0, 607.0]
[64.0, 64.0, 789.0, 608.0]
[16.0, 64.0, 742.0, 608.0]
[48.0, 64.0, 775.0, 609.0]
[64.0, 96.0, 792.0, 642.0]
[16.0, 128.0, 745.0, 675.0]
[112.0, 64.0, 842.0, 612.0]
[48.0, 112.0, 779.0, 660.0]
[48.0, 48.0, 780.0, 597.0]
[128.0, 96.0, 861.0, 646.0]
[96.0, 80.0, 830.0, 630.0]
[64.0, 112.0, 799.0, 663.0]
[64.0, 112.0, 800.0, 664.0]
[96.0, 96.0, 833.0, 649.0]
[112.0, 96.0, 850.0, 650.0]
[16.0, 48.0, 755.0, 602.0]
[96.0, 112.0, 836.0, 667.0]
[80.0, 96.0, 821.0, 652.0]
[64.0, 96.0, 806.0, 652.0]
[48.0, 32.0, 791.0, 589.0]
[96.0, 48.0, 840.0, 606.0]
[32.0, 16.0, 777.0, 575.0]
[0.0, 112.0, 746.0, 672.0]
[48.0, 48.0, 795.0, 608.0]
[64.0, 80.0, 812.0, 641.0]
[16.0, 96.0, 765.0, 658.0]
[32.0, 64.0, 782.0, 626.0]
[16.0, 64.0, 767.0, 627.0]
[32.0, 64.0, 784.0, 628.0]
[0.0, 112.0, 753.0, 677.0]
[48.0, 80.0, 802.0, 646.0]
[64.0, 32.0, 819.0, 598.0]
[80.0, 96.0, 836.0, 663.0]
[16.0, 96.0, 773.0, 664.0]
[96.0, 48.0, 854.0, 616.0]
[48.0, 96.0, 807.0, 665.0]
[80.0, 16.0, 840.0, 586.0]
[48.0, 112.0, 809.0, 683.0]
[96.0, 96.0, 858.0, 668.0]
[48.0, 64.0, 811.0, 636.0]
[64.0, 48.0, 828.0, 621.0]
[64.0, 16.0, 829.0, 590.0]
[16.0, 48.0, 782.0, 622.0]
[32.0, 64.0, 799.0, 639.0]
[48.0, 0.0, 816.0, 576.0]
[48.0, 16.0, 817.0, 593.0]
[80.0, 48.0, 850.0, 626.0]
[80.0, 32.0, 851.0, 610.0]
[48.0, 32.0, 820.0, 611.0]
[16.0, 48.0, 789.0, 628.0]
[16.0, 64.0, 790.0, 644.0]
[0.0, 80.0, 775.0, 661.0]
[48.0, 80.0, 824.0, 662.0]
[48.0, 48.0, 825.0, 631.0]
[80.0, 80.0, 858.0, 664.0]
[48.0, 96.0, 827.0, 680.0]
[0.0, 80.0, 780.0, 665.0]
[0.0, 80.0, 781.0, 666.0]
[32.0, 64.0, 814.0, 650.0]
[48.0, 0.0, 831.0, 587.0]
[0.0, 48.0, 784.0, 636.0]
[32.0, 16.0, 817.0, 605.0]
[64.0, 80.0, 850.0, 670.0]
[64.0, 64.0, 851.0, 654.0]
[0.0, 80.0, 788.0, 671.0]
[48.0, 32.0, 837.0, 624.0]
[16.0, 48.0, 806.0, 640.0]
[16.0, 80.0, 807.0, 673.0]
[32.0, 16.0, 824.0, 610.0]
[0.0, 64.0, 793.0, 659.0]
[16.0, 64.0, 810.0, 660.0]
[64.0, 48.0, 859.0, 644.0]
[0.0, 32.0, 796.0, 629.0]
[0.0, 80.0, 797.0, 678.0]
[32.0, 80.0, 830.0, 678.0]
[32.0, 80.0, 831.0, 679.0]
[16.0, 0.0, 816.0, 600.0]
[32.0, 16.0, 833.0, 617.0]
[48.0, 0.0, 850.0, 602.0]
[16.0, 80.0, 819.0, 682.0]
[32.0, 16.0, 836.0, 619.0]
[32.0, 32.0, 837.0, 636.0]
[48.0, 0.0, 854.0, 604.0]
[48.0, 64.0, 855.0, 669.0]
[0.0, 16.0, 808.0, 622.0]
[48.0, 48.0, 857.0, 655.0]
[48.0, 32.0, 858.0, 640.0]
[0.0, 32.0, 811.0, 640.0]
[16.0, 48.0, 828.0, 657.0]
[0.0, 16.0, 813.0, 626.0]
[32.0, 48.0, 846.0, 658.0]
[0.0, 16.0, 815.0, 627.0]
[16.0, 64.0, 832.0, 676.0]
