[80.0, 96.0, 865.0, 685.0]
[112.0, 96.0, 898.0, 686.0]
[144.0, 128.0, 931.0, 718.0]
[64.0, 48.0, 852.0, 639.0]
[192.0, 128.0, 981.0, 720.0]
[176.0, 96.0, 966.0, 688.0]
[112.0, 112.0, 903.0, 705.0]
[80.0, 48.0, 872.0, 642.0]
[96.0, 48.0, 889.0, 643.0]
[160.0, 80.0, 954.0, 676.0]
[96.0, 64.0, 891.0, 660.0]
[64.0, 128.0, 860.0, 725.0]
[80.0, 64.0, 877.0, 662.0]
[48.0, 80.0, 846.0, 678.0]
[192.0, 64.0, 991.0, 663.0]
[112.0, 128.0, 912.0, 728.0]
[80.0, 112.0, 881.0, 713.0]
[64.0, 144.0, 866.0, 746.0]
[32.0, 112.0, 835.0, 714.0]
[48.0, 32.0, 852.0, 635.0]
[112.0, 96.0, 917.0, 700.0]
[160.0, 96.0, 966.0, 700.0]
[192.0, 96.0, 999.0, 701.0]
[160.0, 16.0, 968.0, 622.0]
[16.0, 128.0, 825.0, 735.0]
[160.0, 64.0, 970.0, 672.0]
[96.0, 80.0, 907.0, 688.0]
[128.0, 32.0, 940.0, 641.0]
[176.0, 16.0, 989.0, 626.0]
[112.0, 144.0, 926.0, 754.0]
[112.0, 144.0, 927.0, 755.0]
[160.0, 64.0, 976.0, 676.0]
[160.0, 144.0, 977.0, 757.0]
[112.0, 80.0, 930.0, 694.0]
[176.0, 64.0, 995.0, 678.0]
[176.0, 80.0, 996.0, 695.0]
[16.0, 128.0, 837.0, 744.0]
[64.0, 128.0, 886.0, 744.0]
[160.0, 64.0, 983.0, 681.0]
[16.0, 64.0, 840.0, 682.0]
[176.0, 80.0, 1001.0, 699.0]
[144.0, 80.0, 970.0, 700.0]
[176.0, 16.0, 1003.0, 636.0]
[112.0, 80.0, 940.0, 701.0]
[64.0, 128.0, 893.0, 750.0]
[48.0, 144.0, 878.0, 766.0]
[0.0, 112.0, 831.0, 735.0]
[96.0, 16.0, 928.0, 640.0]
[96.0, 128.0, 929.0, 753.0]
[80.0, 96.0, 914.0, 722.0]
[32.0, 128.0, 867.0, 754.0]
[160.0, 0.0, 996.0, 627.0]
[176.0, 128.0, 1013.0, 756.0]
[96.0, 32.0, 934.0, 660.0]
[128.0, 0.0, 967.0, 629.0]
[96.0, 32.0, 936.0, 662.0]
[176.0, 64.0, 1017.0, 695.0]
[112.0, 48.0, 954.0, 680.0]
[64.0, 32.0, 907.0, 664.0]
[48.0, 0.0, 892.0, 633.0]
[32.0, 0.0, 877.0, 634.0]
[48.0, 0.0, 894.0, 634.0]
[96.0, 96.0, 943.0, 731.0]
[112.0, 64.0, 960.0, 700.0]
[112.0, 32.0, 961.0, 669.0]
[0.0, 16.0, 850.0, 654.0]
[16.0, 64.0, 867.0, 702.0]
[64.0, 112.0, 916.0, 751.0]
[64.0, 112.0, 917.0, 752.0]
[160.0, 64.0, 1014.0, 704.0]
[80.0, 64.0, 935.0, 705.0]
[128.0, 16.0, 984.0, 658.0]
[80.0, 0.0, 937.0, 643.0]
[144.0, 96.0, 1002.0, 740.0]
[96.0, 96.0, 955.0, 740.0]
[0.0, 16.0, 860.0, 661.0]
[160.0, 16.0, 1021.0, 662.0]
[144.0, 80.0, 1006.0, 726.0]
[144.0, 48.0, 1007.0, 695.0]
[96.0, 80.0, 960.0, 728.0]
[32.0, 64.0, 897.0, 713.0]
[16.0, 80.0, 882.0, 730.0]
[80.0, 0.0, 947.0, 650.0]
[112.0, 16.0, 980.0, 667.0]
[32.0, 0.0, 901.0, 652.0]
[128.0, 112.0, 998.0, 764.0]
[48.0, 96.0, 919.0, 749.0]
[16.0, 112.0, 888.0, 766.0]
[32.0, 16.0, 905.0, 671.0]
[32.0, 96.0, 906.0, 752.0]
[16.0, 16.0, 891.0, 672.0]
[144.0, 16.0, 1020.0, 673.0]
[32.0, 80.0, 909.0, 738.0]
[64.0, 96.0, 942.0, 754.0]
[128.0, 96.0, 1007.0, 755.0]
[96.0, 48.0, 976.0, 708.0]
[96.0, 32.0, 977.0, 693.0]
[48.0, 16.0, 930.0, 678.0]
[128.0, 32.0, 1011.0, 694.0]
[112.0, 96.0, 996.0, 759.0]
[96.0, 96.0, 981.0, 760.0]
[128.0, 32.0, 1014.0, 696.0]
[112.0, 80.0, 999.0, 745.0]
[16.0, 48.0, 904.0, 714.0]
[96.0, 0.0, 985.0, 667.0]
[64.0, 80.0, 954.0, 748.0]
[64.0, 48.0, 955.0, 716.0]
[80.0, 96.0, 972.0, 765.0]
[32.0, 48.0, 925.0, 718.0]
[80.0, 32.0, 974.0, 702.0]
[64.0, 64.0, 959.0, 735.0]
[128.0, 0.0, 1024.0, 672.0]
[112.0, 64.0, 1009.0, 737.0]
[16.0, 80.0, 914.0, 754.0]
[96.0, 16.0, 995.0, 690.0]
[80.0, 48.0, 980.0, 723.0]
[112.0, 64.0, 1013.0, 740.0]
[32.0, 48.0, 934.0, 724.0]
[112.0, 32.0, 1015.0, 709.0]
[32.0, 80.0, 936.0, 758.0]
[16.0, 80.0, 921.0, 759.0]
[32.0, 80.0, 938.0, 760.0]
[112.0, 48.0, 1019.0, 728.0]
[0.0, 0.0, 908.0, 681.0]
[32.0, 80.0, 941.0, 762.0]
[64.0, 0.0, 974.0, 682.0]
[64.0, 64.0, 975.0, 747.0]
[16.0, 16.0, 928.0, 700.0]
[32.0, 32.0, 945.0, 717.0]
[96.0, 48.0, 1010.0, 734.0]
[80.0, 0.0, 995.0, 686.0]
[80.0, 32.0, 996.0, 719.0]
[96.0, 48.0, 1013.0, 736.0]
[32.0, 0.0, 950.0, 688.0]
[16.0, 64.0, 935.0, 753.0]
[0.0, 16.0, 920.0, 706.0]
[80.0, 16.0, 1001.0, 707.0]
[96.0, 16.0, 1018.0, 708.0]
[48.0, 48.0, 971.0, 740.0]
[0.0, 32.0, 924.0, 725.0]
[96.0, 0.0, 1021.0, 694.0]
[48.0, 0.0, 974.0, 694.0]
[0.0, 32.0, 927.0, 727.0]
[80.0, 0.0, 1008.0, 696.0]
[48.0, 64.0, 977.0, 761.0]
[0.0, 0.0, 930.0, 698.0]
[16.0, 0.0, 947.0, 698.0]
[64.0, 16.0, 996.0, 715.0]
[48.0, 16.0, 981.0, 716.0]
[16.0, 64.0, 950.0, 764.0]
[64.0, 0.0, 999.0, 701.0]
[32.0, 0.0, 968.0, 702.0]
[32.0, 48.0, 969.0, 751.0]
[48.0, 48.0, 986.0, 752.0]
[16.0, 0.0, 955.0, 704.0]
[32.0, 0.0, 972.0, 705.0]
[80.0, 16.0, 1021.0, 722.0]
[64.0, 0.0, 1006.0, 706.0]
[0.0, 16.0, 943.0, 723.0]
[0.0, 16.0, 944.0, 724.0]
[0.0, 0.0, 945.0, 709.0]
[0.0, 48.0, 946.0, 758.0]
[0.0, 0.0, 947.0, 710.0]
[64.0, 0.0, 1012.0, 711.0]
[0.0, 0.0, 949.0, 712.0]
[32.0, 48.0, 982.0, 760.0]
[32.0, 48.0, 983.0, 761.0]
[0.0, 48.0, 952.0, 762.0]
[0.0, 32.0, 953.0, 747.0]
[32.0, 16.0, 986.0, 732.0]
[16.0, 48.0, 971.0, 764.0]
[16.0, 48.0, 972.0, 765.0]
[64.0, 48.0, 1021.0, 766.0]
[64.0, 16.0, 1022.0, 734.0]
[48.0, 0.0, 1007.0, 719.0]
[48.0, 48.0, 1008.0, 768.0]
[48.0, 0.0, 1009.0, 721.0]
[16.0, 32.0, 978.0, 754.0]
[32.0, 16.0, 995.0, 738.0]
[0.0, 16.0, 964.0, 739.0]
[48.0, 32.0, 1013.0, 756.0]
[16.0, 0.0, 982.0, 724.0]
[48.0, 0.0, 1015.0, 725.0]
[48.0, 32.0, 1016.0, 758.0]
[48.0, 0.0, 1017.0, 727.0]
[0.0, 32.0, 970.0, 760.0]
[48.0, 0.0, 1019.0, 728.0]
[48.0, 0.0, 1020.0, 729.0]
[16.0, 32.0, 989.0, 762.0]
[16.0, 32.0, 990.0, 762.0]
[48.0, 0.0, 1023.0, 731.0]
[48.0, 32.0, 1024.0, 764.0]
[32.0, 16.0, 1009.0, 749.0]
[32.0, 16.0, 1010.0, 750.0]
[32.0, 32.0, 1011.0, 766.0]
[0.0, 0.0, 980.0, 735.0]
[0.0, 0.0, 981.0, 736.0]
[0.0, 16.0, 982.0, 752.0]
[0.0, 16.0, 983.0, 753.0]
[0.0, 0.0, 984.0, 738.0]
[0.0, 0.0, 985.0, 739.0]
[16.0, 16.0, 1002.0, 756.0]
[32.0, 16.0, 1019.0, 756.0]
[16.0, 16.0, 1004.0, 757.0]
[0.0, 0.0, 989.0, 742.0]
[16.0, 16.0, 1006.0, 758.0]
[0.0, 16.0, 991.0, 759.0]
[32.0, 0.0, 1024.0, 744.0]
[16.0, 16.0, 1009.0, 761.0]
[16.0, 0.0, 1010.0, 746.0]
[0.0, 0.0, 995.0, 746.0]
[0.0, 16.0, 996.0, 763.0]
[16.0, 16.0, 1013.0, 764.0]
[16.0, 0.0, 1014.0, 748.0]
[16.0, 0.0, 1015.0, 749.0]
[0.0, 0.0, 1000.0, 750.0]
[0.0, 0.0, 1001.0, 751.0]
[0.0, 16.0, 1002.0, 768.0]
[16.0, 16.0, 1019.0, 768.0]
[16.0, 0.0, 1020.0, 753.0]
[0.0, 0.0, 1005.0, 754.0]
[16.0, 0.0, 1022.0, 754.0]
[0.0, 0.0, 1007.0, 755.0]
[0.0, 0.0, 1008.0, 756.0]
[0.0, 0.0, 1009.0, 757.0]
[0.0, 0.0, 1010.0, 758.0]
[0.0, 0.0, 1011.0, 758.0]
[0.0, 0.0, 1012.0, 759.0]
[0.0, 0.0, 1013.0, 760.0]
[0.0, 0.0, 1014.0, 760.0]
[0.0, 0.0, 1015.0, 761.0]
[0.0, 0.0, 1016.0, 762.0]
[0.0, 0.0, 1017.0, 763.0]
[0.0, 0.0, 1018.0, 764.0]
[0.0, 0.0, 1019.0, 764.0]
[0.0, 0.0, 1020.0, 765.0]
[0.0, 0.0, 1021.0, 766.0]
[0.0, 0.0, 1022.0, 766.0]
[0.0, 0.0, 1023.0, 767.0]
[0.0, 0.0, 1024.0, 768.0]
