[192.0, 48.0, 909.0, 586.0]
[272.0, 32.0, 990.0, 570.0]
[192.0, 0.0, 911.0, 539.0]
[272.0, 0.0, 992.0, 540.0]
[272.0, 16.0, 993.0, 557.0]
[272.0, 32.0, 994.0, 574.0]
[192.0, 0.0, 915.0, 542.0]
[240.0, 48.0, 964.0, 591.0]
[256.0, 16.0, 981.0, 560.0]
[192.0, 16.0, 918.0, 560.0]
[240.0, 32.0, 967.0, 577.0]
[256.0, 0.0, 984.0, 546.0]
[176.0, 32.0, 905.0, 579.0]
[176.0, 32.0, 906.0, 580.0]
[224.0, 32.0, 955.0, 580.0]
[272.0, 32.0, 1004.0, 581.0]
[192.0, 32.0, 925.0, 582.0]
[256.0, 32.0, 990.0, 582.0]
[288.0, 32.0, 1023.0, 583.0]
[176.0, 16.0, 912.0, 568.0]
[272.0, 0.0, 1009.0, 553.0]
[208.0, 16.0, 946.0, 570.0]
[272.0, 32.0, 1011.0, 586.0]
[272.0, 16.0, 1012.0, 571.0]
[240.0, 16.0, 981.0, 572.0]
[192.0, 48.0, 934.0, 604.0]
[192.0, 32.0, 935.0, 589.0]
[240.0, 0.0, 984.0, 558.0]
[176.0, 0.0, 921.0, 559.0]
[240.0, 16.0, 986.0, 576.0]
[240.0, 16.0, 987.0, 576.0]
[256.0, 32.0, 1004.0, 593.0]
[176.0, 16.0, 925.0, 578.0]
[192.0, 0.0, 942.0, 562.0]
[224.0, 32.0, 975.0, 595.0]
[240.0, 16.0, 992.0, 580.0]
[208.0, 48.0, 961.0, 613.0]
[192.0, 48.0, 946.0, 614.0]
[224.0, 48.0, 979.0, 614.0]
[208.0, 0.0, 964.0, 567.0]
[192.0, 32.0, 949.0, 600.0]
[192.0, 32.0, 950.0, 600.0]
[176.0, 32.0, 935.0, 601.0]
[176.0, 32.0, 936.0, 602.0]
[224.0, 16.0, 985.0, 587.0]
[240.0, 32.0, 1002.0, 604.0]
[208.0, 32.0, 971.0, 604.0]
[176.0, 0.0, 940.0, 573.0]
[208.0, 48.0, 973.0, 622.0]
[208.0, 48.0, 974.0, 622.0]
[208.0, 32.0, 975.0, 607.0]
[192.0, 48.0, 960.0, 624.0]
[192.0, 16.0, 961.0, 593.0]
[192.0, 0.0, 962.0, 578.0]
[224.0, 16.0, 995.0, 594.0]
[192.0, 0.0, 964.0, 579.0]
[208.0, 16.0, 981.0, 596.0]
[240.0, 32.0, 1014.0, 612.0]
[224.0, 0.0, 999.0, 581.0]
[192.0, 16.0, 968.0, 598.0]
[224.0, 32.0, 1001.0, 615.0]
[192.0, 16.0, 970.0, 600.0]
[208.0, 32.0, 987.0, 616.0]
[192.0, 0.0, 972.0, 585.0]
[240.0, 0.0, 1021.0, 586.0]
[208.0, 16.0, 990.0, 602.0]
[224.0, 0.0, 1007.0, 587.0]
[224.0, 0.0, 1008.0, 588.0]
[192.0, 16.0, 977.0, 605.0]
[208.0, 16.0, 994.0, 606.0]
[176.0, 32.0, 963.0, 622.0]
[192.0, 32.0, 980.0, 623.0]
[176.0, 0.0, 965.0, 592.0]
[176.0, 0.0, 966.0, 592.0]
[192.0, 16.0, 983.0, 609.0]
[208.0, 0.0, 1000.0, 594.0]
[192.0, 32.0, 985.0, 627.0]
[208.0, 0.0, 1002.0, 596.0]
[224.0, 16.0, 1019.0, 612.0]
[176.0, 0.0, 972.0, 597.0]
[224.0, 32.0, 1021.0, 630.0]
[208.0, 0.0, 1006.0, 598.0]
[224.0, 16.0, 1023.0, 615.0]
[224.0, 16.0, 1024.0, 616.0]
[192.0, 0.0, 993.0, 601.0]
[192.0, 16.0, 994.0, 618.0]
[192.0, 16.0, 995.0, 618.0]
[192.0, 32.0, 996.0, 635.0]
[176.0, 16.0, 981.0, 620.0]
[208.0, 16.0, 1014.0, 620.0]
[208.0, 16.0, 1015.0, 621.0]
[176.0, 0.0, 984.0, 606.0]
[176.0, 32.0, 985.0, 639.0]
[208.0, 0.0, 1018.0, 608.0]
[192.0, 0.0, 1003.0, 608.0]
[176.0, 32.0, 988.0, 641.0]
[176.0, 16.0, 989.0, 626.0]
[208.0, 16.0, 1022.0, 626.0]
[208.0, 16.0, 1023.0, 627.0]
[192.0, 16.0, 1008.0, 628.0]
