[288.0, 32.0, 1005.0, 570.0]
[176.0, 16.0, 894.0, 554.0]
[240.0, 0.0, 959.0, 539.0]
[160.0, 32.0, 880.0, 572.0]
[96.0, 16.0, 817.0, 557.0]
[272.0, 80.0, 994.0, 622.0]
[160.0, 32.0, 883.0, 574.0]
[208.0, 96.0, 932.0, 639.0]
[96.0, 64.0, 821.0, 608.0]
[128.0, 48.0, 854.0, 592.0]
[176.0, 80.0, 903.0, 625.0]
[160.0, 32.0, 888.0, 578.0]
[192.0, 64.0, 921.0, 611.0]
[240.0, 0.0, 970.0, 548.0]
[208.0, 32.0, 939.0, 580.0]
[256.0, 16.0, 988.0, 565.0]
[128.0, 64.0, 861.0, 614.0]
[208.0, 96.0, 942.0, 646.0]
[256.0, 48.0, 991.0, 599.0]
[192.0, 80.0, 928.0, 632.0]
[176.0, 96.0, 913.0, 649.0]
[128.0, 64.0, 866.0, 618.0]
[272.0, 48.0, 1011.0, 602.0]
[160.0, 96.0, 900.0, 651.0]
[80.0, 16.0, 821.0, 572.0]
[240.0, 32.0, 982.0, 588.0]
[64.0, 48.0, 807.0, 605.0]
[64.0, 32.0, 808.0, 590.0]
[272.0, 48.0, 1017.0, 607.0]
[192.0, 16.0, 938.0, 576.0]
[208.0, 64.0, 955.0, 624.0]
[64.0, 16.0, 812.0, 577.0]
[80.0, 0.0, 829.0, 562.0]
[112.0, 64.0, 862.0, 626.0]
[224.0, 0.0, 975.0, 563.0]
[112.0, 32.0, 864.0, 596.0]
[256.0, 32.0, 1009.0, 597.0]
[208.0, 32.0, 962.0, 598.0]
[176.0, 0.0, 931.0, 566.0]
[112.0, 80.0, 868.0, 647.0]
[192.0, 80.0, 949.0, 648.0]
[64.0, 16.0, 822.0, 584.0]
[112.0, 32.0, 871.0, 601.0]
[256.0, 48.0, 1016.0, 618.0]
[160.0, 96.0, 921.0, 667.0]
[160.0, 96.0, 922.0, 668.0]
[112.0, 48.0, 875.0, 620.0]
[112.0, 0.0, 876.0, 573.0]
[144.0, 48.0, 909.0, 622.0]
[80.0, 0.0, 846.0, 574.0]
[176.0, 48.0, 943.0, 623.0]
[128.0, 16.0, 896.0, 592.0]
[208.0, 16.0, 977.0, 593.0]
[208.0, 80.0, 978.0, 658.0]
[64.0, 32.0, 835.0, 610.0]
[240.0, 64.0, 1012.0, 643.0]
[144.0, 96.0, 917.0, 676.0]
[176.0, 32.0, 950.0, 612.0]
[192.0, 32.0, 967.0, 613.0]
[192.0, 64.0, 968.0, 646.0]
[176.0, 16.0, 953.0, 599.0]
[160.0, 16.0, 938.0, 600.0]
[144.0, 64.0, 923.0, 648.0]
[128.0, 16.0, 908.0, 601.0]
[48.0, 0.0, 829.0, 586.0]
[144.0, 80.0, 926.0, 666.0]
[112.0, 48.0, 895.0, 635.0]
[80.0, 0.0, 864.0, 588.0]
[192.0, 32.0, 977.0, 621.0]
[128.0, 80.0, 914.0, 670.0]
[128.0, 80.0, 915.0, 670.0]
[80.0, 64.0, 868.0, 655.0]
[128.0, 16.0, 917.0, 608.0]
[128.0, 32.0, 918.0, 624.0]
[128.0, 16.0, 919.0, 609.0]
[128.0, 48.0, 920.0, 642.0]
[144.0, 0.0, 937.0, 595.0]
[128.0, 80.0, 922.0, 676.0]
[128.0, 48.0, 923.0, 644.0]
[32.0, 0.0, 828.0, 597.0]
[224.0, 16.0, 1021.0, 614.0]
[160.0, 64.0, 958.0, 662.0]
[176.0, 80.0, 975.0, 679.0]
[96.0, 16.0, 896.0, 616.0]
[112.0, 0.0, 913.0, 601.0]
[208.0, 16.0, 1010.0, 618.0]
[80.0, 64.0, 883.0, 666.0]
[80.0, 0.0, 884.0, 603.0]
[64.0, 32.0, 869.0, 636.0]
[32.0, 16.0, 838.0, 620.0]
[64.0, 16.0, 871.0, 621.0]
[80.0, 32.0, 888.0, 638.0]
[208.0, 48.0, 1017.0, 655.0]
[64.0, 32.0, 874.0, 640.0]
[160.0, 0.0, 971.0, 608.0]
[128.0, 16.0, 940.0, 625.0]
[112.0, 48.0, 925.0, 658.0]
[208.0, 48.0, 1022.0, 658.0]
[128.0, 16.0, 943.0, 627.0]
[96.0, 16.0, 912.0, 628.0]
[112.0, 0.0, 929.0, 613.0]
[176.0, 32.0, 994.0, 646.0]
[192.0, 32.0, 1011.0, 646.0]
[192.0, 48.0, 1012.0, 663.0]
[176.0, 0.0, 997.0, 616.0]
[160.0, 64.0, 982.0, 680.0]
[112.0, 48.0, 935.0, 665.0]
[96.0, 16.0, 920.0, 634.0]
[80.0, 32.0, 905.0, 651.0]
[144.0, 48.0, 970.0, 668.0]
[80.0, 16.0, 907.0, 636.0]
[48.0, 0.0, 876.0, 621.0]
[160.0, 32.0, 989.0, 654.0]
[80.0, 0.0, 910.0, 622.0]
[48.0, 16.0, 879.0, 639.0]
[96.0, 0.0, 928.0, 624.0]
[160.0, 32.0, 993.0, 657.0]
[128.0, 16.0, 962.0, 642.0]
[96.0, 16.0, 931.0, 642.0]
[32.0, 16.0, 868.0, 643.0]
[80.0, 48.0, 917.0, 676.0]
[64.0, 16.0, 902.0, 644.0]
[112.0, 48.0, 951.0, 677.0]
[112.0, 32.0, 952.0, 662.0]
[48.0, 32.0, 889.0, 663.0]
[144.0, 16.0, 986.0, 648.0]
[128.0, 32.0, 971.0, 664.0]
[128.0, 16.0, 972.0, 649.0]
[144.0, 48.0, 989.0, 682.0]
[32.0, 0.0, 878.0, 634.0]
[128.0, 16.0, 975.0, 651.0]
[144.0, 0.0, 992.0, 636.0]
[64.0, 0.0, 913.0, 637.0]
[64.0, 32.0, 914.0, 670.0]
[32.0, 32.0, 883.0, 670.0]
[64.0, 32.0, 916.0, 671.0]
[32.0, 16.0, 885.0, 656.0]
[96.0, 16.0, 950.0, 656.0]
[128.0, 0.0, 983.0, 641.0]
[160.0, 32.0, 1016.0, 674.0]
[128.0, 32.0, 985.0, 675.0]
[128.0, 0.0, 986.0, 644.0]
[160.0, 16.0, 1019.0, 660.0]
[48.0, 32.0, 908.0, 677.0]
[64.0, 32.0, 925.0, 678.0]
[112.0, 32.0, 974.0, 678.0]
[48.0, 32.0, 911.0, 679.0]
[64.0, 16.0, 928.0, 664.0]
[48.0, 0.0, 913.0, 649.0]
[32.0, 32.0, 898.0, 682.0]
[128.0, 0.0, 995.0, 650.0]
[112.0, 32.0, 980.0, 683.0]
[128.0, 0.0, 997.0, 652.0]
[48.0, 0.0, 918.0, 652.0]
[144.0, 0.0, 1015.0, 653.0]
[128.0, 0.0, 1000.0, 654.0]
[96.0, 16.0, 969.0, 671.0]
[112.0, 16.0, 986.0, 672.0]
[32.0, 16.0, 907.0, 672.0]
[96.0, 16.0, 972.0, 673.0]
[144.0, 0.0, 1021.0, 658.0]
[48.0, 16.0, 926.0, 674.0]
[128.0, 0.0, 1007.0, 659.0]
[112.0, 0.0, 992.0, 660.0]
[64.0, 16.0, 945.0, 677.0]
[64.0, 0.0, 946.0, 662.0]
[80.0, 16.0, 963.0, 678.0]
[112.0, 16.0, 996.0, 679.0]
[96.0, 0.0, 981.0, 664.0]
[128.0, 16.0, 1014.0, 680.0]
[48.0, 16.0, 935.0, 681.0]
[64.0, 16.0, 952.0, 682.0]
[48.0, 16.0, 937.0, 683.0]
[64.0, 0.0, 954.0, 668.0]
[48.0, 0.0, 939.0, 668.0]
[32.0, 0.0, 924.0, 669.0]
[48.0, 0.0, 941.0, 670.0]
[32.0, 0.0, 926.0, 670.0]
[64.0, 0.0, 959.0, 671.0]
[32.0, 0.0, 928.0, 672.0]
[96.0, 0.0, 993.0, 673.0]
[80.0, 0.0, 978.0, 674.0]
[32.0, 0.0, 931.0, 674.0]
[48.0, 0.0, 948.0, 675.0]
[96.0, 0.0, 997.0, 676.0]
[96.0, 0.0, 998.0, 676.0]
[32.0, 0.0, 935.0, 677.0]
[64.0, 0.0, 968.0, 678.0]
[48.0, 0.0, 953.0, 679.0]
[48.0, 0.0, 954.0, 680.0]
[112.0, 0.0, 1019.0, 680.0]
[64.0, 0.0, 972.0, 681.0]
[96.0, 0.0, 1005.0, 682.0]
[96.0, 0.0, 1006.0, 682.0]
[96.0, 0.0, 1007.0, 683.0]
