[240.0, 96.0, 980.0, 651.0]
[96.0, 32.0, 837.0, 588.0]
[128.0, 32.0, 870.0, 588.0]
[112.0, 64.0, 855.0, 621.0]
[176.0, 32.0, 920.0, 590.0]
[96.0, 80.0, 841.0, 639.0]
[96.0, 96.0, 842.0, 656.0]
[176.0, 64.0, 923.0, 624.0]
[80.0, 96.0, 828.0, 657.0]
[96.0, 64.0, 845.0, 626.0]
[112.0, 96.0, 862.0, 658.0]
[32.0, 64.0, 783.0, 627.0]
[128.0, 64.0, 880.0, 628.0]
[32.0, 64.0, 785.0, 629.0]
[48.0, 16.0, 802.0, 582.0]
[112.0, 48.0, 867.0, 614.0]
[144.0, 48.0, 900.0, 615.0]
[176.0, 80.0, 933.0, 648.0]
[32.0, 64.0, 790.0, 632.0]
[32.0, 80.0, 791.0, 649.0]
[64.0, 80.0, 824.0, 650.0]
[208.0, 96.0, 969.0, 667.0]
[192.0, 64.0, 954.0, 636.0]
[80.0, 64.0, 843.0, 636.0]
[240.0, 32.0, 1004.0, 605.0]
[32.0, 64.0, 797.0, 638.0]
[144.0, 16.0, 910.0, 590.0]
[176.0, 32.0, 943.0, 607.0]
[80.0, 32.0, 848.0, 608.0]
[80.0, 96.0, 849.0, 673.0]
[192.0, 80.0, 962.0, 658.0]
[64.0, 96.0, 835.0, 674.0]
[64.0, 80.0, 836.0, 659.0]
[112.0, 64.0, 885.0, 644.0]
[80.0, 32.0, 854.0, 612.0]
[80.0, 0.0, 855.0, 581.0]
[64.0, 96.0, 840.0, 678.0]
[32.0, 16.0, 809.0, 599.0]
[64.0, 64.0, 842.0, 648.0]
[144.0, 80.0, 923.0, 664.0]
[96.0, 16.0, 876.0, 601.0]
[128.0, 0.0, 909.0, 586.0]
[144.0, 0.0, 926.0, 586.0]
[192.0, 80.0, 975.0, 667.0]
[16.0, 80.0, 800.0, 668.0]
[192.0, 48.0, 977.0, 637.0]
[144.0, 48.0, 930.0, 638.0]
[80.0, 16.0, 867.0, 606.0]
[96.0, 16.0, 884.0, 607.0]
[144.0, 0.0, 933.0, 592.0]
[160.0, 16.0, 950.0, 608.0]
[160.0, 80.0, 951.0, 673.0]
[160.0, 48.0, 952.0, 642.0]
[16.0, 16.0, 809.0, 611.0]
[32.0, 32.0, 826.0, 628.0]
[112.0, 0.0, 907.0, 596.0]
[192.0, 0.0, 988.0, 597.0]
[192.0, 0.0, 989.0, 598.0]
[0.0, 32.0, 798.0, 630.0]
[64.0, 32.0, 863.0, 631.0]
[32.0, 0.0, 832.0, 600.0]
[96.0, 80.0, 897.0, 681.0]
[64.0, 64.0, 866.0, 666.0]
[192.0, 48.0, 995.0, 650.0]
[96.0, 0.0, 900.0, 603.0]
[32.0, 48.0, 837.0, 652.0]
[64.0, 16.0, 870.0, 620.0]
[192.0, 48.0, 999.0, 653.0]
[0.0, 64.0, 808.0, 670.0]
[96.0, 48.0, 905.0, 655.0]
[208.0, 0.0, 1018.0, 608.0]
[112.0, 32.0, 923.0, 640.0]
[128.0, 16.0, 940.0, 625.0]
[48.0, 64.0, 861.0, 674.0]
[80.0, 64.0, 894.0, 674.0]
[112.0, 48.0, 927.0, 659.0]
[96.0, 48.0, 912.0, 660.0]
[48.0, 0.0, 865.0, 613.0]
[144.0, 48.0, 962.0, 662.0]
[192.0, 0.0, 1011.0, 614.0]
[80.0, 64.0, 900.0, 679.0]
[144.0, 0.0, 965.0, 616.0]
[192.0, 64.0, 1014.0, 680.0]
[64.0, 0.0, 887.0, 617.0]
[32.0, 16.0, 856.0, 634.0]
[48.0, 0.0, 873.0, 619.0]
[80.0, 0.0, 906.0, 620.0]
[32.0, 0.0, 859.0, 620.0]
[112.0, 16.0, 940.0, 637.0]
[96.0, 0.0, 925.0, 622.0]
[176.0, 16.0, 1006.0, 638.0]
[160.0, 48.0, 991.0, 671.0]
[192.0, 48.0, 1024.0, 672.0]
[80.0, 16.0, 913.0, 641.0]
[80.0, 16.0, 914.0, 642.0]
[128.0, 48.0, 963.0, 674.0]
[32.0, 16.0, 868.0, 643.0]
[96.0, 16.0, 933.0, 644.0]
[32.0, 0.0, 870.0, 628.0]
[80.0, 0.0, 919.0, 629.0]
[128.0, 16.0, 968.0, 646.0]
[96.0, 32.0, 937.0, 663.0]
[0.0, 48.0, 842.0, 680.0]
[32.0, 32.0, 875.0, 664.0]
[128.0, 16.0, 972.0, 649.0]
[48.0, 16.0, 893.0, 650.0]
[112.0, 0.0, 958.0, 634.0]
[48.0, 16.0, 895.0, 651.0]
[0.0, 16.0, 848.0, 652.0]
[0.0, 16.0, 849.0, 653.0]
[128.0, 16.0, 978.0, 654.0]
[128.0, 16.0, 979.0, 654.0]
[96.0, 16.0, 948.0, 655.0]
[80.0, 0.0, 933.0, 640.0]
[80.0, 16.0, 934.0, 656.0]
[112.0, 16.0, 967.0, 657.0]
[80.0, 0.0, 936.0, 642.0]
[144.0, 0.0, 1001.0, 643.0]
[80.0, 32.0, 938.0, 676.0]
[0.0, 16.0, 859.0, 660.0]
[96.0, 16.0, 956.0, 661.0]
[0.0, 0.0, 861.0, 646.0]
[64.0, 16.0, 926.0, 662.0]
[128.0, 32.0, 991.0, 679.0]
[64.0, 16.0, 928.0, 664.0]
[32.0, 32.0, 897.0, 681.0]
[96.0, 0.0, 962.0, 650.0]
[96.0, 0.0, 963.0, 650.0]
[16.0, 0.0, 884.0, 651.0]
[48.0, 16.0, 917.0, 668.0]
[48.0, 16.0, 918.0, 668.0]
[48.0, 16.0, 919.0, 669.0]
[32.0, 16.0, 904.0, 670.0]
[112.0, 16.0, 985.0, 671.0]
[144.0, 16.0, 1018.0, 672.0]
[0.0, 0.0, 875.0, 656.0]
[48.0, 0.0, 924.0, 657.0]
[144.0, 0.0, 1021.0, 658.0]
[112.0, 16.0, 990.0, 674.0]
[128.0, 0.0, 1007.0, 659.0]
[48.0, 0.0, 928.0, 660.0]
[16.0, 0.0, 897.0, 661.0]
[48.0, 16.0, 930.0, 678.0]
[112.0, 16.0, 995.0, 678.0]
[96.0, 0.0, 980.0, 663.0]
[96.0, 0.0, 981.0, 664.0]
[64.0, 16.0, 950.0, 680.0]
[96.0, 0.0, 983.0, 665.0]
[32.0, 0.0, 920.0, 666.0]
[0.0, 0.0, 889.0, 667.0]
[64.0, 0.0, 954.0, 668.0]
[112.0, 0.0, 1003.0, 668.0]
[96.0, 0.0, 988.0, 669.0]
[96.0, 0.0, 989.0, 670.0]
[16.0, 0.0, 910.0, 670.0]
[80.0, 0.0, 975.0, 671.0]
[48.0, 0.0, 944.0, 672.0]
[64.0, 0.0, 961.0, 673.0]
[96.0, 0.0, 994.0, 674.0]
[16.0, 0.0, 915.0, 674.0]
[32.0, 0.0, 932.0, 675.0]
[112.0, 0.0, 1013.0, 676.0]
[48.0, 0.0, 950.0, 676.0]
[64.0, 0.0, 967.0, 677.0]
[80.0, 0.0, 984.0, 678.0]
[48.0, 0.0, 953.0, 679.0]
[0.0, 0.0, 906.0, 680.0]
[96.0, 0.0, 1003.0, 680.0]
[16.0, 0.0, 924.0, 681.0]
