[176.0, 16.0, 893.0, 554.0]
[112.0, 16.0, 830.0, 554.0]
[272.0, 0.0, 991.0, 539.0]
[240.0, 16.0, 960.0, 556.0]
[272.0, 0.0, 993.0, 541.0]
[128.0, 48.0, 850.0, 590.0]
[176.0, 0.0, 899.0, 542.0]
[192.0, 0.0, 916.0, 543.0]
[272.0, 48.0, 997.0, 592.0]
[112.0, 32.0, 838.0, 576.0]
[112.0, 16.0, 839.0, 561.0]
[176.0, 16.0, 904.0, 562.0]
[176.0, 32.0, 905.0, 579.0]
[112.0, 48.0, 842.0, 596.0]
[256.0, 32.0, 987.0, 580.0]
[176.0, 48.0, 908.0, 597.0]
[208.0, 0.0, 941.0, 550.0]
[224.0, 16.0, 958.0, 566.0]
[160.0, 0.0, 895.0, 551.0]
[160.0, 16.0, 896.0, 568.0]
[144.0, 48.0, 881.0, 601.0]
[224.0, 32.0, 962.0, 586.0]
[272.0, 0.0, 1011.0, 554.0]
[224.0, 0.0, 964.0, 555.0]
[80.0, 0.0, 821.0, 556.0]
[192.0, 32.0, 934.0, 588.0]
[112.0, 0.0, 855.0, 557.0]
[176.0, 0.0, 920.0, 558.0]
[272.0, 0.0, 1017.0, 559.0]
[144.0, 32.0, 890.0, 592.0]
[96.0, 16.0, 843.0, 576.0]
[160.0, 0.0, 908.0, 561.0]
[208.0, 0.0, 957.0, 562.0]
[160.0, 48.0, 910.0, 610.0]
[160.0, 0.0, 911.0, 563.0]
[240.0, 0.0, 992.0, 564.0]
[192.0, 16.0, 945.0, 581.0]
[176.0, 16.0, 930.0, 582.0]
[208.0, 48.0, 963.0, 614.0]
[112.0, 32.0, 868.0, 599.0]
[96.0, 0.0, 853.0, 568.0]
[176.0, 16.0, 934.0, 584.0]
[208.0, 48.0, 967.0, 617.0]
[256.0, 32.0, 1016.0, 602.0]
[112.0, 32.0, 873.0, 603.0]
[96.0, 32.0, 858.0, 604.0]
[192.0, 48.0, 955.0, 620.0]
[192.0, 16.0, 956.0, 589.0]
[80.0, 0.0, 845.0, 574.0]
[240.0, 16.0, 1006.0, 590.0]
[112.0, 16.0, 879.0, 591.0]
[176.0, 16.0, 944.0, 592.0]
[80.0, 0.0, 849.0, 577.0]
[192.0, 16.0, 962.0, 594.0]
[176.0, 32.0, 947.0, 610.0]
[80.0, 0.0, 852.0, 579.0]
[144.0, 48.0, 917.0, 628.0]
[224.0, 0.0, 998.0, 580.0]
[160.0, 16.0, 935.0, 597.0]
[96.0, 0.0, 872.0, 582.0]
[128.0, 32.0, 905.0, 615.0]
[128.0, 48.0, 906.0, 632.0]
[160.0, 16.0, 939.0, 600.0]
[240.0, 32.0, 1020.0, 617.0]
[224.0, 48.0, 1005.0, 634.0]
[128.0, 48.0, 910.0, 634.0]
[192.0, 48.0, 975.0, 635.0]
[176.0, 32.0, 960.0, 620.0]
[192.0, 0.0, 977.0, 589.0]
[192.0, 0.0, 978.0, 590.0]
[96.0, 32.0, 883.0, 622.0]
[112.0, 16.0, 900.0, 607.0]
[80.0, 32.0, 869.0, 624.0]
[192.0, 0.0, 982.0, 592.0]
[112.0, 16.0, 903.0, 609.0]
[96.0, 16.0, 888.0, 610.0]
[208.0, 0.0, 1001.0, 595.0]
[144.0, 48.0, 938.0, 644.0]
[112.0, 16.0, 907.0, 612.0]
[96.0, 16.0, 892.0, 613.0]
[112.0, 32.0, 909.0, 630.0]
[112.0, 0.0, 910.0, 598.0]
[96.0, 16.0, 895.0, 615.0]
[192.0, 16.0, 992.0, 616.0]
[208.0, 32.0, 1009.0, 633.0]
[80.0, 32.0, 882.0, 634.0]
[176.0, 16.0, 979.0, 618.0]
[160.0, 32.0, 964.0, 635.0]
[144.0, 16.0, 949.0, 620.0]
[208.0, 0.0, 1014.0, 604.0]
[80.0, 0.0, 887.0, 605.0]
[192.0, 32.0, 1000.0, 638.0]
[160.0, 0.0, 969.0, 607.0]
[208.0, 16.0, 1018.0, 624.0]
[144.0, 32.0, 955.0, 640.0]
[192.0, 48.0, 1004.0, 657.0]
[96.0, 0.0, 909.0, 610.0]
[144.0, 32.0, 958.0, 642.0]
[112.0, 32.0, 927.0, 643.0]
[112.0, 0.0, 928.0, 612.0]
[96.0, 32.0, 913.0, 645.0]
[160.0, 48.0, 978.0, 662.0]
[96.0, 16.0, 915.0, 630.0]
[144.0, 0.0, 964.0, 615.0]
[144.0, 32.0, 965.0, 648.0]
[80.0, 16.0, 902.0, 632.0]
[80.0, 0.0, 903.0, 617.0]
[192.0, 0.0, 1016.0, 618.0]
[128.0, 16.0, 953.0, 635.0]
[96.0, 0.0, 922.0, 620.0]
[144.0, 48.0, 971.0, 668.0]
[80.0, 0.0, 908.0, 621.0]
[112.0, 0.0, 941.0, 622.0]
[192.0, 32.0, 1022.0, 654.0]
[112.0, 0.0, 943.0, 623.0]
[80.0, 16.0, 912.0, 640.0]
[176.0, 16.0, 1009.0, 641.0]
[112.0, 0.0, 946.0, 626.0]
[144.0, 32.0, 979.0, 658.0]
[144.0, 16.0, 980.0, 643.0]
[128.0, 32.0, 965.0, 660.0]
[96.0, 32.0, 934.0, 660.0]
[176.0, 32.0, 1015.0, 661.0]
[112.0, 16.0, 952.0, 646.0]
[80.0, 0.0, 921.0, 631.0]
[160.0, 32.0, 1002.0, 664.0]
[144.0, 16.0, 987.0, 648.0]
[112.0, 16.0, 956.0, 649.0]
[128.0, 16.0, 973.0, 650.0]
[144.0, 32.0, 990.0, 666.0]
[112.0, 32.0, 959.0, 667.0]
[160.0, 0.0, 1008.0, 636.0]
[160.0, 32.0, 1009.0, 669.0]
[96.0, 32.0, 946.0, 670.0]
[160.0, 0.0, 1011.0, 638.0]
[128.0, 0.0, 980.0, 639.0]
[80.0, 0.0, 933.0, 640.0]
[128.0, 0.0, 982.0, 640.0]
[128.0, 0.0, 983.0, 641.0]
[144.0, 16.0, 1000.0, 658.0]
[112.0, 16.0, 969.0, 659.0]
[128.0, 0.0, 986.0, 644.0]
[144.0, 16.0, 1003.0, 660.0]
[128.0, 16.0, 988.0, 661.0]
[112.0, 16.0, 973.0, 662.0]
[160.0, 16.0, 1022.0, 662.0]
[96.0, 16.0, 959.0, 663.0]
[128.0, 16.0, 992.0, 664.0]
[144.0, 0.0, 1009.0, 649.0]
[144.0, 0.0, 1010.0, 650.0]
[128.0, 16.0, 995.0, 666.0]
[80.0, 16.0, 948.0, 667.0]
[96.0, 0.0, 965.0, 652.0]
[112.0, 0.0, 982.0, 652.0]
[96.0, 16.0, 967.0, 669.0]
[80.0, 0.0, 952.0, 654.0]
[128.0, 0.0, 1001.0, 655.0]
[80.0, 0.0, 954.0, 656.0]
[80.0, 0.0, 955.0, 656.0]
[144.0, 0.0, 1020.0, 657.0]
[144.0, 0.0, 1021.0, 658.0]
[144.0, 0.0, 1022.0, 658.0]
[144.0, 0.0, 1023.0, 659.0]
[96.0, 0.0, 976.0, 660.0]
[128.0, 0.0, 1009.0, 661.0]
[80.0, 0.0, 962.0, 662.0]
[112.0, 0.0, 995.0, 662.0]
[112.0, 0.0, 996.0, 663.0]
[112.0, 0.0, 997.0, 664.0]
[96.0, 0.0, 982.0, 664.0]
[112.0, 0.0, 999.0, 665.0]
[128.0, 0.0, 1016.0, 666.0]
[128.0, 0.0, 1017.0, 667.0]
[96.0, 0.0, 986.0, 668.0]
[96.0, 0.0, 987.0, 668.0]
[112.0, 0.0, 1004.0, 669.0]
[96.0, 0.0, 989.0, 670.0]
[112.0, 0.0, 1006.0, 670.0]
