[128.0, 64.0, 877.0, 626.0]
[224.0, 48.0, 974.0, 610.0]
[160.0, 96.0, 911.0, 659.0]
[160.0, 112.0, 912.0, 676.0]
[144.0, 144.0, 897.0, 709.0]
[144.0, 160.0, 898.0, 726.0]
[160.0, 48.0, 915.0, 614.0]
[144.0, 80.0, 900.0, 647.0]
[144.0, 64.0, 901.0, 632.0]
[192.0, 112.0, 950.0, 680.0]
[224.0, 144.0, 983.0, 713.0]
[208.0, 144.0, 968.0, 714.0]
[208.0, 128.0, 969.0, 699.0]
[176.0, 48.0, 938.0, 620.0]
[192.0, 160.0, 955.0, 732.0]
[224.0, 112.0, 988.0, 685.0]
[144.0, 112.0, 909.0, 686.0]
[144.0, 112.0, 910.0, 686.0]
[144.0, 128.0, 911.0, 703.0]
[112.0, 128.0, 880.0, 704.0]
[208.0, 64.0, 977.0, 641.0]
[144.0, 144.0, 914.0, 722.0]
[208.0, 48.0, 979.0, 626.0]
[208.0, 160.0, 980.0, 739.0]
[112.0, 112.0, 885.0, 692.0]
[128.0, 128.0, 902.0, 708.0]
[144.0, 160.0, 919.0, 741.0]
[160.0, 112.0, 936.0, 694.0]
[176.0, 48.0, 953.0, 631.0]
[224.0, 64.0, 1002.0, 648.0]
[96.0, 144.0, 875.0, 728.0]
[208.0, 160.0, 988.0, 745.0]
[160.0, 32.0, 941.0, 618.0]
[160.0, 64.0, 942.0, 650.0]
[208.0, 64.0, 991.0, 651.0]
[96.0, 112.0, 880.0, 700.0]
[144.0, 48.0, 929.0, 637.0]
[192.0, 64.0, 978.0, 654.0]
[144.0, 160.0, 931.0, 750.0]
[192.0, 0.0, 980.0, 591.0]
[128.0, 0.0, 917.0, 592.0]
[192.0, 0.0, 982.0, 592.0]
[224.0, 112.0, 1015.0, 705.0]
[80.0, 32.0, 872.0, 626.0]
[80.0, 128.0, 873.0, 723.0]
[128.0, 64.0, 922.0, 660.0]
[160.0, 128.0, 955.0, 724.0]
[224.0, 80.0, 1020.0, 677.0]
[176.0, 112.0, 973.0, 710.0]
[160.0, 160.0, 958.0, 758.0]
[160.0, 128.0, 959.0, 727.0]
[112.0, 128.0, 912.0, 728.0]
[208.0, 128.0, 1009.0, 729.0]
[176.0, 80.0, 978.0, 682.0]
[128.0, 112.0, 931.0, 714.0]
[96.0, 112.0, 900.0, 715.0]
[64.0, 112.0, 869.0, 716.0]
[192.0, 64.0, 998.0, 668.0]
[112.0, 48.0, 919.0, 653.0]
[80.0, 80.0, 888.0, 686.0]
[96.0, 144.0, 905.0, 751.0]
[64.0, 32.0, 874.0, 640.0]
[80.0, 96.0, 891.0, 704.0]
[160.0, 0.0, 972.0, 609.0]
[144.0, 0.0, 957.0, 610.0]
[128.0, 64.0, 942.0, 674.0]
[112.0, 144.0, 927.0, 755.0]
[64.0, 80.0, 880.0, 692.0]
[144.0, 112.0, 961.0, 725.0]
[128.0, 32.0, 946.0, 646.0]
[160.0, 0.0, 979.0, 614.0]
[128.0, 112.0, 948.0, 727.0]
[96.0, 0.0, 917.0, 616.0]
[112.0, 32.0, 934.0, 648.0]
[48.0, 96.0, 871.0, 713.0]
[176.0, 96.0, 1000.0, 714.0]
[192.0, 0.0, 1017.0, 619.0]
[192.0, 112.0, 1018.0, 732.0]
[144.0, 16.0, 971.0, 636.0]
[64.0, 16.0, 892.0, 637.0]
[48.0, 48.0, 877.0, 670.0]
[64.0, 16.0, 894.0, 638.0]
[144.0, 128.0, 975.0, 751.0]
[96.0, 80.0, 928.0, 704.0]
[96.0, 96.0, 929.0, 721.0]
[80.0, 112.0, 914.0, 738.0]
[144.0, 16.0, 979.0, 642.0]
[112.0, 48.0, 948.0, 675.0]
[96.0, 32.0, 933.0, 660.0]
[48.0, 48.0, 886.0, 676.0]
[96.0, 16.0, 935.0, 645.0]
[144.0, 16.0, 984.0, 646.0]
[128.0, 16.0, 969.0, 647.0]
[32.0, 96.0, 874.0, 728.0]
[128.0, 64.0, 971.0, 696.0]
[144.0, 16.0, 988.0, 649.0]
[96.0, 16.0, 941.0, 650.0]
[80.0, 96.0, 926.0, 730.0]
[112.0, 32.0, 959.0, 667.0]
[144.0, 48.0, 992.0, 684.0]
[144.0, 48.0, 993.0, 685.0]
[128.0, 32.0, 978.0, 670.0]
[48.0, 80.0, 899.0, 718.0]
[112.0, 112.0, 964.0, 751.0]
[64.0, 128.0, 917.0, 768.0]
[160.0, 112.0, 1014.0, 752.0]
[160.0, 112.0, 1015.0, 753.0]
[32.0, 96.0, 888.0, 738.0]
[64.0, 48.0, 921.0, 691.0]
[144.0, 64.0, 1002.0, 708.0]
[160.0, 0.0, 1019.0, 644.0]
[128.0, 0.0, 988.0, 645.0]
[64.0, 16.0, 925.0, 662.0]
[128.0, 32.0, 990.0, 678.0]
[112.0, 16.0, 975.0, 663.0]
[128.0, 96.0, 992.0, 744.0]
[128.0, 48.0, 993.0, 697.0]
[80.0, 96.0, 946.0, 746.0]
[112.0, 0.0, 979.0, 650.0]
[32.0, 80.0, 900.0, 731.0]
[80.0, 64.0, 949.0, 716.0]
[64.0, 48.0, 934.0, 700.0]
[32.0, 64.0, 903.0, 717.0]
[112.0, 112.0, 984.0, 766.0]
[16.0, 96.0, 889.0, 751.0]
[128.0, 96.0, 1002.0, 752.0]
[96.0, 32.0, 971.0, 688.0]
[64.0, 16.0, 940.0, 673.0]
[32.0, 0.0, 909.0, 658.0]
[16.0, 80.0, 894.0, 738.0]
[128.0, 0.0, 1007.0, 659.0]
[16.0, 16.0, 896.0, 676.0]
[48.0, 96.0, 929.0, 757.0]
[128.0, 32.0, 1010.0, 694.0]
[0.0, 80.0, 883.0, 742.0]
[96.0, 32.0, 980.0, 695.0]
[32.0, 64.0, 917.0, 728.0]
[80.0, 48.0, 966.0, 712.0]
[32.0, 80.0, 919.0, 745.0]
[32.0, 80.0, 920.0, 746.0]
[48.0, 0.0, 937.0, 667.0]
[64.0, 96.0, 954.0, 764.0]
[64.0, 96.0, 955.0, 764.0]
[48.0, 48.0, 940.0, 717.0]
[0.0, 48.0, 893.0, 718.0]
[112.0, 48.0, 1006.0, 718.0]
[16.0, 96.0, 911.0, 767.0]
[80.0, 32.0, 976.0, 704.0]
[80.0, 80.0, 977.0, 753.0]
[64.0, 16.0, 962.0, 690.0]
[64.0, 16.0, 963.0, 690.0]
[64.0, 32.0, 964.0, 707.0]
[16.0, 48.0, 917.0, 724.0]
[96.0, 16.0, 998.0, 692.0]
[16.0, 64.0, 919.0, 741.0]
[64.0, 64.0, 968.0, 742.0]
[64.0, 16.0, 969.0, 695.0]
[0.0, 64.0, 906.0, 744.0]
[112.0, 80.0, 1019.0, 760.0]
[80.0, 64.0, 988.0, 745.0]
[80.0, 32.0, 989.0, 714.0]
[96.0, 48.0, 1006.0, 730.0]
[16.0, 48.0, 927.0, 731.0]
[0.0, 16.0, 912.0, 700.0]
[80.0, 64.0, 993.0, 749.0]
[80.0, 64.0, 994.0, 750.0]
[16.0, 32.0, 931.0, 718.0]
[48.0, 16.0, 964.0, 703.0]
[48.0, 80.0, 965.0, 768.0]
[16.0, 48.0, 934.0, 736.0]
[0.0, 48.0, 919.0, 737.0]
[16.0, 48.0, 936.0, 738.0]
[48.0, 16.0, 969.0, 707.0]
[64.0, 0.0, 986.0, 692.0]
[16.0, 48.0, 939.0, 740.0]
[48.0, 16.0, 972.0, 709.0]
[64.0, 16.0, 989.0, 710.0]
[0.0, 64.0, 926.0, 758.0]
[64.0, 0.0, 991.0, 695.0]
[96.0, 16.0, 1024.0, 712.0]
[48.0, 0.0, 977.0, 697.0]
[80.0, 48.0, 1010.0, 746.0]
[64.0, 16.0, 995.0, 714.0]
[16.0, 0.0, 948.0, 699.0]
[32.0, 64.0, 965.0, 764.0]
[32.0, 0.0, 966.0, 700.0]
[48.0, 32.0, 983.0, 733.0]
[80.0, 48.0, 1016.0, 750.0]
[0.0, 48.0, 937.0, 751.0]
[48.0, 0.0, 986.0, 704.0]
[48.0, 16.0, 987.0, 720.0]
[64.0, 48.0, 1004.0, 753.0]
[16.0, 16.0, 957.0, 722.0]
[0.0, 48.0, 942.0, 754.0]
[0.0, 32.0, 943.0, 739.0]
[48.0, 32.0, 992.0, 740.0]
[48.0, 0.0, 993.0, 709.0]
[32.0, 48.0, 978.0, 758.0]
[48.0, 48.0, 995.0, 758.0]
[0.0, 32.0, 948.0, 743.0]
[32.0, 48.0, 981.0, 760.0]
[0.0, 32.0, 950.0, 744.0]
[48.0, 0.0, 999.0, 713.0]
[64.0, 16.0, 1016.0, 730.0]
[48.0, 0.0, 1001.0, 715.0]
[48.0, 48.0, 1002.0, 764.0]
[48.0, 48.0, 1003.0, 764.0]
[0.0, 32.0, 956.0, 749.0]
[48.0, 32.0, 1005.0, 750.0]
[32.0, 48.0, 990.0, 766.0]
[0.0, 32.0, 959.0, 751.0]
[64.0, 32.0, 1024.0, 752.0]
[16.0, 0.0, 977.0, 721.0]
[32.0, 0.0, 994.0, 722.0]
[48.0, 32.0, 1011.0, 754.0]
[0.0, 32.0, 964.0, 755.0]
[48.0, 32.0, 1013.0, 756.0]
[32.0, 0.0, 998.0, 724.0]
[0.0, 0.0, 967.0, 725.0]
[16.0, 32.0, 984.0, 758.0]
[48.0, 16.0, 1017.0, 743.0]
[16.0, 32.0, 986.0, 760.0]
[16.0, 32.0, 987.0, 760.0]
[32.0, 0.0, 1004.0, 729.0]
[48.0, 16.0, 1021.0, 746.0]
[48.0, 32.0, 1022.0, 762.0]
[32.0, 16.0, 1007.0, 747.0]
[32.0, 0.0, 1008.0, 732.0]
[16.0, 32.0, 993.0, 765.0]
[16.0, 32.0, 994.0, 766.0]
[16.0, 32.0, 995.0, 766.0]
[0.0, 0.0, 980.0, 735.0]
[32.0, 0.0, 1013.0, 736.0]
[16.0, 0.0, 998.0, 736.0]
[0.0, 16.0, 983.0, 753.0]
[32.0, 0.0, 1016.0, 738.0]
[16.0, 0.0, 1001.0, 739.0]
[0.0, 0.0, 986.0, 740.0]
[16.0, 0.0, 1003.0, 740.0]
[16.0, 0.0, 1004.0, 741.0]
[32.0, 16.0, 1021.0, 758.0]
[32.0, 16.0, 1022.0, 758.0]
[32.0, 0.0, 1023.0, 743.0]
[32.0, 0.0, 1024.0, 744.0]
[0.0, 16.0, 993.0, 761.0]
[0.0, 0.0, 994.0, 746.0]
[0.0, 16.0, 995.0, 762.0]
[16.0, 16.0, 1012.0, 763.0]
[0.0, 16.0, 997.0, 764.0]
[16.0, 0.0, 1014.0, 748.0]
[0.0, 0.0, 999.0, 749.0]
[16.0, 16.0, 1016.0, 766.0]
[0.0, 16.0, 1001.0, 767.0]
[0.0, 16.0, 1002.0, 768.0]
[0.0, 0.0, 1003.0, 752.0]
[0.0, 0.0, 1004.0, 753.0]
[16.0, 0.0, 1021.0, 754.0]
[16.0, 0.0, 1022.0, 754.0]
[16.0, 0.0, 1023.0, 755.0]
[16.0, 0.0, 1024.0, 756.0]
[0.0, 0.0, 1009.0, 757.0]
[0.0, 0.0, 1010.0, 758.0]
[0.0, 0.0, 1011.0, 758.0]
[0.0, 0.0, 1012.0, 759.0]
[0.0, 0.0, 1013.0, 760.0]
[0.0, 0.0, 1014.0, 760.0]
[0.0, 0.0, 1015.0, 761.0]
[0.0, 0.0, 1016.0, 762.0]
[0.0, 0.0, 1017.0, 763.0]
[0.0, 0.0, 1018.0, 764.0]
[0.0, 0.0, 1019.0, 764.0]
[0.0, 0.0, 1020.0, 765.0]
[0.0, 0.0, 1021.0, 766.0]
[0.0, 0.0, 1022.0, 766.0]
[0.0, 0.0, 1023.0, 767.0]
[0.0, 0.0, 1024.0, 768.0]
