[64.0, 32.0, 781.0, 570.0]
[208.0, 48.0, 926.0, 586.0]
[192.0, 64.0, 911.0, 603.0]
[208.0, 48.0, 928.0, 588.0]
[208.0, 48.0, 929.0, 589.0]
[80.0, 48.0, 802.0, 590.0]
[144.0, 64.0, 867.0, 606.0]
[240.0, 64.0, 964.0, 607.0]
[224.0, 64.0, 949.0, 608.0]
[96.0, 16.0, 822.0, 560.0]
[160.0, 32.0, 887.0, 577.0]
[80.0, 64.0, 808.0, 610.0]
[144.0, 64.0, 873.0, 611.0]
[192.0, 32.0, 922.0, 580.0]
[192.0, 64.0, 923.0, 612.0]
[144.0, 48.0, 876.0, 597.0]
[144.0, 48.0, 877.0, 598.0]
[144.0, 64.0, 878.0, 614.0]
[96.0, 64.0, 831.0, 615.0]
[128.0, 16.0, 864.0, 568.0]
[16.0, 48.0, 753.0, 601.0]
[128.0, 16.0, 866.0, 570.0]
[144.0, 0.0, 883.0, 554.0]
[240.0, 32.0, 980.0, 587.0]
[144.0, 32.0, 885.0, 588.0]
[176.0, 48.0, 918.0, 604.0]
[64.0, 48.0, 807.0, 605.0]
[112.0, 16.0, 856.0, 574.0]
[208.0, 64.0, 953.0, 623.0]
[144.0, 0.0, 890.0, 560.0]
[16.0, 32.0, 763.0, 592.0]
[144.0, 32.0, 892.0, 593.0]
[112.0, 32.0, 861.0, 594.0]
[64.0, 0.0, 814.0, 562.0]
[64.0, 32.0, 815.0, 595.0]
[48.0, 16.0, 800.0, 580.0]
[256.0, 16.0, 1009.0, 581.0]
[224.0, 64.0, 978.0, 630.0]
[128.0, 32.0, 883.0, 598.0]
[144.0, 16.0, 900.0, 583.0]
[176.0, 16.0, 933.0, 584.0]
[176.0, 48.0, 934.0, 616.0]
[256.0, 16.0, 1015.0, 585.0]
[0.0, 16.0, 760.0, 586.0]
[176.0, 0.0, 937.0, 571.0]
[112.0, 48.0, 874.0, 620.0]
[32.0, 64.0, 795.0, 636.0]
[80.0, 64.0, 844.0, 637.0]
[176.0, 64.0, 941.0, 638.0]
[64.0, 64.0, 830.0, 638.0]
[160.0, 0.0, 927.0, 575.0]
[64.0, 32.0, 832.0, 608.0]
[64.0, 16.0, 833.0, 593.0]
[128.0, 48.0, 898.0, 626.0]
[48.0, 64.0, 819.0, 642.0]
[144.0, 48.0, 916.0, 627.0]
[64.0, 0.0, 837.0, 580.0]
[144.0, 0.0, 918.0, 580.0]
[16.0, 32.0, 791.0, 613.0]
[80.0, 48.0, 856.0, 630.0]
[240.0, 32.0, 1017.0, 615.0]
[48.0, 48.0, 826.0, 632.0]
[0.0, 16.0, 779.0, 600.0]
[48.0, 0.0, 828.0, 585.0]
[0.0, 16.0, 781.0, 602.0]
[144.0, 48.0, 926.0, 634.0]
[32.0, 48.0, 815.0, 635.0]
[176.0, 32.0, 960.0, 620.0]
[208.0, 48.0, 993.0, 637.0]
[208.0, 48.0, 994.0, 638.0]
[192.0, 0.0, 979.0, 590.0]
[32.0, 16.0, 820.0, 607.0]
[16.0, 16.0, 805.0, 608.0]
[96.0, 16.0, 886.0, 608.0]
[192.0, 48.0, 983.0, 641.0]
[48.0, 16.0, 840.0, 610.0]
[16.0, 32.0, 809.0, 627.0]
[32.0, 0.0, 826.0, 596.0]
[0.0, 16.0, 795.0, 612.0]
[96.0, 32.0, 892.0, 629.0]
[32.0, 32.0, 829.0, 630.0]
[96.0, 32.0, 894.0, 630.0]
[208.0, 16.0, 1007.0, 615.0]
[176.0, 64.0, 976.0, 664.0]
[112.0, 48.0, 913.0, 649.0]
[144.0, 48.0, 946.0, 650.0]
[32.0, 32.0, 835.0, 634.0]
[80.0, 0.0, 884.0, 603.0]
[176.0, 64.0, 981.0, 668.0]
[64.0, 0.0, 870.0, 604.0]
[176.0, 32.0, 983.0, 637.0]
[96.0, 0.0, 904.0, 606.0]
[32.0, 0.0, 841.0, 607.0]
[160.0, 32.0, 970.0, 640.0]
[208.0, 16.0, 1019.0, 624.0]
[80.0, 16.0, 892.0, 625.0]
[208.0, 32.0, 1021.0, 642.0]
[192.0, 48.0, 1006.0, 658.0]
[208.0, 0.0, 1023.0, 611.0]
[0.0, 16.0, 816.0, 628.0]
[16.0, 16.0, 833.0, 629.0]
[96.0, 0.0, 914.0, 614.0]
[80.0, 64.0, 899.0, 678.0]
[64.0, 48.0, 884.0, 663.0]
[160.0, 0.0, 981.0, 616.0]
[32.0, 32.0, 854.0, 648.0]
[64.0, 32.0, 887.0, 649.0]
[16.0, 16.0, 840.0, 634.0]
[128.0, 32.0, 953.0, 651.0]
[176.0, 16.0, 1002.0, 636.0]
[176.0, 32.0, 1003.0, 652.0]
[176.0, 48.0, 1004.0, 669.0]
[64.0, 48.0, 893.0, 670.0]
[64.0, 0.0, 894.0, 622.0]
[0.0, 16.0, 831.0, 639.0]
[32.0, 0.0, 864.0, 624.0]
[48.0, 16.0, 881.0, 641.0]
[112.0, 0.0, 946.0, 626.0]
[128.0, 32.0, 963.0, 658.0]
[112.0, 32.0, 948.0, 659.0]
[96.0, 16.0, 933.0, 644.0]
[128.0, 32.0, 966.0, 660.0]
[32.0, 48.0, 871.0, 677.0]
[64.0, 16.0, 904.0, 646.0]
[48.0, 48.0, 889.0, 679.0]
[64.0, 16.0, 906.0, 648.0]
[32.0, 32.0, 875.0, 664.0]
[96.0, 16.0, 940.0, 649.0]
[48.0, 48.0, 893.0, 682.0]
[112.0, 48.0, 958.0, 682.0]
[96.0, 16.0, 943.0, 651.0]
[0.0, 16.0, 848.0, 652.0]
[48.0, 0.0, 897.0, 637.0]
[112.0, 16.0, 962.0, 654.0]
[144.0, 16.0, 995.0, 654.0]
[160.0, 16.0, 1012.0, 655.0]
[80.0, 0.0, 933.0, 640.0]
[160.0, 0.0, 1014.0, 640.0]
[112.0, 16.0, 967.0, 657.0]
[48.0, 0.0, 904.0, 642.0]
[48.0, 0.0, 905.0, 643.0]
[16.0, 0.0, 874.0, 644.0]
[112.0, 16.0, 971.0, 660.0]
[0.0, 0.0, 860.0, 645.0]
[144.0, 16.0, 1005.0, 662.0]
[112.0, 16.0, 974.0, 662.0]
[32.0, 16.0, 895.0, 663.0]
[16.0, 32.0, 880.0, 680.0]
[16.0, 32.0, 881.0, 681.0]
[128.0, 16.0, 994.0, 666.0]
[64.0, 32.0, 931.0, 682.0]
[16.0, 16.0, 884.0, 667.0]
[32.0, 0.0, 901.0, 652.0]
[112.0, 16.0, 982.0, 668.0]
[128.0, 0.0, 999.0, 653.0]
[128.0, 16.0, 1000.0, 670.0]
[0.0, 0.0, 873.0, 655.0]
[144.0, 0.0, 1018.0, 656.0]
[128.0, 16.0, 1003.0, 672.0]
[128.0, 16.0, 1004.0, 673.0]
[0.0, 16.0, 877.0, 674.0]
[128.0, 16.0, 1006.0, 674.0]
[128.0, 16.0, 1007.0, 675.0]
[16.0, 16.0, 896.0, 676.0]
[32.0, 0.0, 913.0, 661.0]
[48.0, 0.0, 930.0, 662.0]
[128.0, 16.0, 1011.0, 678.0]
[96.0, 16.0, 980.0, 679.0]
[128.0, 0.0, 1013.0, 664.0]
[32.0, 0.0, 918.0, 664.0]
[128.0, 16.0, 1015.0, 681.0]
[32.0, 16.0, 920.0, 682.0]
[48.0, 0.0, 937.0, 667.0]
[128.0, 0.0, 1018.0, 668.0]
[96.0, 0.0, 987.0, 668.0]
[80.0, 0.0, 972.0, 669.0]
[96.0, 0.0, 989.0, 670.0]
[32.0, 0.0, 926.0, 670.0]
[96.0, 0.0, 991.0, 671.0]
[128.0, 0.0, 1024.0, 672.0]
[0.0, 0.0, 897.0, 673.0]
[16.0, 0.0, 914.0, 674.0]
[96.0, 0.0, 995.0, 674.0]
[48.0, 0.0, 948.0, 675.0]
[16.0, 0.0, 917.0, 676.0]
[32.0, 0.0, 934.0, 676.0]
[0.0, 0.0, 903.0, 677.0]
[96.0, 0.0, 1000.0, 678.0]
[80.0, 0.0, 985.0, 679.0]
[64.0, 0.0, 970.0, 680.0]
[64.0, 0.0, 971.0, 680.0]
[64.0, 0.0, 972.0, 681.0]
[64.0, 0.0, 973.0, 682.0]
[80.0, 0.0, 990.0, 682.0]
