[144.0, 48.0, 885.0, 604.0]
[112.0, 48.0, 854.0, 604.0]
[176.0, 32.0, 919.0, 589.0]
[192.0, 64.0, 936.0, 622.0]
[144.0, 96.0, 889.0, 655.0]
[240.0, 80.0, 986.0, 640.0]
[80.0, 64.0, 827.0, 624.0]
[48.0, 48.0, 796.0, 609.0]
[128.0, 32.0, 877.0, 594.0]
[112.0, 32.0, 862.0, 594.0]
[176.0, 32.0, 927.0, 595.0]
[192.0, 96.0, 944.0, 660.0]
[192.0, 80.0, 945.0, 645.0]
[48.0, 32.0, 802.0, 598.0]
[48.0, 80.0, 803.0, 646.0]
[144.0, 96.0, 900.0, 663.0]
[96.0, 32.0, 853.0, 600.0]
[208.0, 80.0, 966.0, 648.0]
[160.0, 80.0, 919.0, 649.0]
[48.0, 48.0, 808.0, 618.0]
[48.0, 32.0, 809.0, 603.0]
[224.0, 64.0, 986.0, 636.0]
[64.0, 16.0, 827.0, 588.0]
[96.0, 96.0, 860.0, 669.0]
[192.0, 48.0, 957.0, 622.0]
[32.0, 16.0, 798.0, 590.0]
[32.0, 64.0, 799.0, 639.0]
[224.0, 48.0, 992.0, 624.0]
[48.0, 64.0, 817.0, 641.0]
[176.0, 16.0, 946.0, 594.0]
[128.0, 48.0, 899.0, 626.0]
[96.0, 64.0, 868.0, 643.0]
[48.0, 96.0, 821.0, 676.0]
[224.0, 32.0, 998.0, 612.0]
[176.0, 80.0, 951.0, 661.0]
[160.0, 48.0, 936.0, 630.0]
[208.0, 0.0, 985.0, 583.0]
[96.0, 48.0, 874.0, 632.0]
[48.0, 0.0, 827.0, 584.0]
[160.0, 32.0, 940.0, 617.0]
[208.0, 16.0, 989.0, 602.0]
[224.0, 16.0, 1006.0, 602.0]
[176.0, 32.0, 959.0, 619.0]
[48.0, 48.0, 832.0, 636.0]
[80.0, 64.0, 865.0, 653.0]
[208.0, 80.0, 994.0, 670.0]
[224.0, 16.0, 1011.0, 606.0]
[224.0, 64.0, 1012.0, 655.0]
[64.0, 64.0, 853.0, 656.0]
[208.0, 80.0, 998.0, 672.0]
[96.0, 32.0, 887.0, 625.0]
[48.0, 80.0, 840.0, 674.0]
[80.0, 64.0, 873.0, 659.0]
[192.0, 32.0, 986.0, 628.0]
[208.0, 48.0, 1003.0, 644.0]
[32.0, 80.0, 828.0, 677.0]
[144.0, 48.0, 941.0, 646.0]
[176.0, 48.0, 974.0, 646.0]
[144.0, 80.0, 943.0, 679.0]
[160.0, 80.0, 960.0, 680.0]
[112.0, 32.0, 913.0, 633.0]
[208.0, 32.0, 1010.0, 634.0]
[0.0, 48.0, 803.0, 650.0]
[48.0, 32.0, 852.0, 635.0]
[32.0, 32.0, 837.0, 636.0]
[32.0, 64.0, 838.0, 668.0]
[48.0, 32.0, 855.0, 637.0]
[48.0, 48.0, 856.0, 654.0]
[144.0, 64.0, 953.0, 671.0]
[112.0, 16.0, 922.0, 624.0]
[16.0, 48.0, 827.0, 656.0]
[192.0, 16.0, 1004.0, 625.0]
[160.0, 32.0, 973.0, 642.0]
[208.0, 16.0, 1022.0, 626.0]
[208.0, 0.0, 1023.0, 611.0]
[48.0, 16.0, 864.0, 628.0]
[64.0, 32.0, 881.0, 645.0]
[64.0, 16.0, 882.0, 630.0]
[16.0, 48.0, 835.0, 662.0]
[80.0, 48.0, 900.0, 663.0]
[128.0, 48.0, 949.0, 664.0]
[16.0, 32.0, 838.0, 648.0]
[128.0, 48.0, 951.0, 665.0]
[144.0, 0.0, 968.0, 618.0]
[176.0, 64.0, 1001.0, 683.0]
[144.0, 32.0, 970.0, 652.0]
[128.0, 16.0, 955.0, 636.0]
[48.0, 32.0, 876.0, 653.0]
[160.0, 48.0, 989.0, 670.0]
[128.0, 32.0, 958.0, 654.0]
[128.0, 48.0, 959.0, 671.0]
[160.0, 16.0, 992.0, 640.0]
[160.0, 0.0, 993.0, 625.0]
[96.0, 16.0, 930.0, 642.0]
[48.0, 48.0, 883.0, 674.0]
[32.0, 16.0, 868.0, 643.0]
[128.0, 48.0, 965.0, 676.0]
[176.0, 48.0, 1014.0, 676.0]
[160.0, 0.0, 999.0, 629.0]
[16.0, 16.0, 856.0, 646.0]
[48.0, 32.0, 889.0, 663.0]
[48.0, 16.0, 890.0, 648.0]
[160.0, 0.0, 1003.0, 632.0]
[112.0, 0.0, 956.0, 633.0]
[64.0, 0.0, 909.0, 634.0]
[48.0, 0.0, 894.0, 634.0]
[128.0, 32.0, 975.0, 667.0]
[128.0, 32.0, 976.0, 668.0]
[112.0, 16.0, 961.0, 653.0]
[48.0, 0.0, 898.0, 638.0]
[112.0, 0.0, 963.0, 638.0]
[48.0, 0.0, 900.0, 639.0]
[16.0, 32.0, 869.0, 672.0]
[144.0, 0.0, 998.0, 640.0]
[160.0, 16.0, 1015.0, 657.0]
[160.0, 16.0, 1016.0, 658.0]
[128.0, 16.0, 985.0, 659.0]
[32.0, 32.0, 890.0, 676.0]
[112.0, 32.0, 971.0, 676.0]
[80.0, 32.0, 940.0, 677.0]
[128.0, 0.0, 989.0, 646.0]
[112.0, 16.0, 974.0, 662.0]
[144.0, 16.0, 1007.0, 663.0]
[16.0, 16.0, 880.0, 664.0]
[16.0, 0.0, 881.0, 649.0]
[48.0, 16.0, 914.0, 666.0]
[16.0, 32.0, 883.0, 682.0]
[0.0, 0.0, 868.0, 651.0]
[80.0, 16.0, 949.0, 668.0]
[80.0, 0.0, 950.0, 652.0]
[128.0, 0.0, 999.0, 653.0]
[128.0, 0.0, 1000.0, 654.0]
[112.0, 16.0, 985.0, 671.0]
[128.0, 16.0, 1002.0, 672.0]
[64.0, 0.0, 939.0, 656.0]
[128.0, 16.0, 1004.0, 673.0]
[96.0, 16.0, 973.0, 674.0]
[80.0, 16.0, 958.0, 674.0]
[128.0, 0.0, 1007.0, 659.0]
[48.0, 0.0, 928.0, 660.0]
[80.0, 16.0, 961.0, 677.0]
[0.0, 16.0, 882.0, 678.0]
[128.0, 16.0, 1011.0, 678.0]
[0.0, 0.0, 884.0, 663.0]
[0.0, 0.0, 885.0, 664.0]
[32.0, 0.0, 918.0, 664.0]
[32.0, 16.0, 919.0, 681.0]
[16.0, 16.0, 904.0, 682.0]
[0.0, 0.0, 889.0, 667.0]
[80.0, 0.0, 970.0, 668.0]
[112.0, 0.0, 1003.0, 668.0]
[64.0, 0.0, 956.0, 669.0]
[96.0, 0.0, 989.0, 670.0]
[0.0, 0.0, 894.0, 670.0]
[0.0, 0.0, 895.0, 671.0]
[80.0, 0.0, 976.0, 672.0]
[80.0, 0.0, 977.0, 673.0]
[64.0, 0.0, 962.0, 674.0]
[112.0, 0.0, 1011.0, 674.0]
[16.0, 0.0, 916.0, 675.0]
[96.0, 0.0, 997.0, 676.0]
[32.0, 0.0, 934.0, 676.0]
[32.0, 0.0, 935.0, 677.0]
[0.0, 0.0, 904.0, 678.0]
[112.0, 0.0, 1017.0, 679.0]
[80.0, 0.0, 986.0, 680.0]
[96.0, 0.0, 1003.0, 680.0]
[96.0, 0.0, 1004.0, 681.0]
[96.0, 0.0, 1005.0, 682.0]
[64.0, 0.0, 974.0, 682.0]
[0.0, 0.0, 911.0, 683.0]
