[256.0, 112.0, 973.0, 650.0]
[256.0, 112.0, 974.0, 650.0]
[32.0, 112.0, 751.0, 651.0]
[48.0, 112.0, 768.0, 652.0]
[192.0, 80.0, 913.0, 621.0]
[32.0, 96.0, 754.0, 638.0]
[224.0, 96.0, 947.0, 638.0]
[240.0, 96.0, 964.0, 639.0]
[256.0, 112.0, 981.0, 656.0]
[208.0, 96.0, 934.0, 640.0]
[272.0, 112.0, 999.0, 657.0]
[240.0, 112.0, 968.0, 658.0]
[256.0, 80.0, 985.0, 627.0]
[64.0, 112.0, 794.0, 660.0]
[272.0, 80.0, 1003.0, 628.0]
[160.0, 96.0, 892.0, 645.0]
[96.0, 80.0, 829.0, 630.0]
[208.0, 112.0, 942.0, 662.0]
[128.0, 64.0, 863.0, 615.0]
[240.0, 96.0, 976.0, 648.0]
[144.0, 80.0, 881.0, 633.0]
[208.0, 80.0, 946.0, 634.0]
[256.0, 96.0, 995.0, 650.0]
[16.0, 96.0, 756.0, 651.0]
[112.0, 80.0, 853.0, 636.0]
[144.0, 80.0, 886.0, 636.0]
[80.0, 64.0, 823.0, 621.0]
[160.0, 96.0, 904.0, 654.0]
[160.0, 112.0, 905.0, 671.0]
[256.0, 80.0, 1002.0, 640.0]
[256.0, 112.0, 1003.0, 672.0]
[32.0, 64.0, 780.0, 625.0]
[240.0, 96.0, 989.0, 658.0]
[192.0, 112.0, 942.0, 674.0]
[48.0, 64.0, 799.0, 627.0]
[112.0, 96.0, 864.0, 660.0]
[80.0, 112.0, 833.0, 677.0]
[192.0, 64.0, 946.0, 630.0]
[176.0, 48.0, 931.0, 614.0]
[144.0, 48.0, 900.0, 615.0]
[64.0, 64.0, 821.0, 632.0]
[208.0, 112.0, 966.0, 680.0]
[224.0, 96.0, 983.0, 665.0]
[64.0, 48.0, 824.0, 618.0]
[208.0, 48.0, 969.0, 619.0]
[48.0, 64.0, 810.0, 636.0]
[144.0, 96.0, 907.0, 668.0]
[224.0, 48.0, 988.0, 621.0]
[32.0, 96.0, 797.0, 670.0]
[176.0, 96.0, 942.0, 670.0]
[96.0, 80.0, 863.0, 655.0]
[16.0, 96.0, 784.0, 672.0]
[112.0, 32.0, 881.0, 609.0]
[80.0, 48.0, 850.0, 626.0]
[144.0, 32.0, 915.0, 610.0]
[128.0, 48.0, 900.0, 627.0]
[80.0, 48.0, 853.0, 628.0]
[48.0, 48.0, 822.0, 628.0]
[192.0, 64.0, 967.0, 645.0]
[96.0, 48.0, 872.0, 630.0]
[96.0, 32.0, 873.0, 615.0]
[64.0, 32.0, 842.0, 616.0]
[208.0, 80.0, 987.0, 664.0]
[192.0, 64.0, 972.0, 649.0]
[112.0, 32.0, 893.0, 618.0]
[144.0, 32.0, 926.0, 618.0]
[128.0, 64.0, 911.0, 651.0]
[160.0, 80.0, 944.0, 668.0]
[128.0, 64.0, 913.0, 653.0]
[32.0, 64.0, 818.0, 654.0]
[176.0, 64.0, 963.0, 654.0]
[192.0, 80.0, 980.0, 671.0]
[16.0, 64.0, 805.0, 656.0]
[112.0, 16.0, 902.0, 608.0]
[128.0, 32.0, 919.0, 625.0]
[160.0, 32.0, 952.0, 626.0]
[128.0, 32.0, 921.0, 627.0]
[160.0, 32.0, 954.0, 628.0]
[208.0, 64.0, 1003.0, 660.0]
[224.0, 64.0, 1020.0, 661.0]
[80.0, 64.0, 877.0, 662.0]
[96.0, 80.0, 894.0, 678.0]
[144.0, 80.0, 943.0, 679.0]
[224.0, 64.0, 1024.0, 664.0]
[48.0, 64.0, 849.0, 665.0]
[144.0, 64.0, 946.0, 666.0]
[160.0, 32.0, 963.0, 634.0]
[144.0, 32.0, 948.0, 635.0]
[64.0, 64.0, 869.0, 668.0]
[144.0, 48.0, 950.0, 652.0]
[16.0, 64.0, 823.0, 669.0]
[80.0, 64.0, 888.0, 670.0]
[96.0, 48.0, 905.0, 655.0]
[144.0, 16.0, 954.0, 624.0]
[48.0, 32.0, 859.0, 640.0]
[160.0, 16.0, 972.0, 625.0]
[112.0, 64.0, 925.0, 674.0]
[96.0, 32.0, 910.0, 642.0]
[96.0, 16.0, 911.0, 627.0]
[128.0, 64.0, 944.0, 676.0]
[32.0, 16.0, 849.0, 629.0]
[32.0, 16.0, 850.0, 630.0]
[112.0, 16.0, 931.0, 630.0]
[192.0, 48.0, 1012.0, 663.0]
[48.0, 16.0, 869.0, 632.0]
[160.0, 48.0, 982.0, 664.0]
[176.0, 32.0, 999.0, 649.0]
[112.0, 16.0, 936.0, 634.0]
[176.0, 32.0, 1001.0, 651.0]
[64.0, 32.0, 890.0, 652.0]
[160.0, 0.0, 987.0, 620.0]
[96.0, 48.0, 924.0, 669.0]
[32.0, 48.0, 861.0, 670.0]
[192.0, 48.0, 1022.0, 670.0]
[80.0, 32.0, 911.0, 655.0]
[16.0, 32.0, 848.0, 656.0]
[16.0, 32.0, 849.0, 657.0]
[32.0, 48.0, 866.0, 674.0]
[80.0, 16.0, 915.0, 642.0]
[32.0, 0.0, 868.0, 627.0]
[64.0, 16.0, 901.0, 644.0]
[48.0, 16.0, 886.0, 644.0]
[32.0, 32.0, 871.0, 661.0]
[48.0, 32.0, 888.0, 662.0]
[160.0, 48.0, 1001.0, 679.0]
[144.0, 16.0, 986.0, 648.0]
[32.0, 32.0, 875.0, 664.0]
[96.0, 0.0, 940.0, 633.0]
[64.0, 32.0, 909.0, 666.0]
[64.0, 16.0, 910.0, 650.0]
[64.0, 16.0, 911.0, 651.0]
[80.0, 0.0, 928.0, 636.0]
[80.0, 0.0, 929.0, 637.0]
[128.0, 0.0, 978.0, 638.0]
[144.0, 0.0, 995.0, 638.0]
[32.0, 0.0, 884.0, 639.0]
[96.0, 16.0, 949.0, 656.0]
[112.0, 0.0, 966.0, 640.0]
[144.0, 0.0, 999.0, 641.0]
[160.0, 32.0, 1016.0, 674.0]
[112.0, 16.0, 969.0, 659.0]
[32.0, 0.0, 890.0, 644.0]
[48.0, 16.0, 907.0, 660.0]
[0.0, 0.0, 860.0, 645.0]
[16.0, 32.0, 877.0, 678.0]
[32.0, 16.0, 894.0, 662.0]
[0.0, 0.0, 863.0, 647.0]
[160.0, 0.0, 1024.0, 648.0]
[80.0, 32.0, 945.0, 681.0]
[48.0, 0.0, 914.0, 650.0]
[64.0, 16.0, 931.0, 666.0]
[80.0, 0.0, 948.0, 651.0]
[48.0, 16.0, 917.0, 668.0]
[16.0, 0.0, 886.0, 652.0]
[144.0, 16.0, 1015.0, 669.0]
[32.0, 16.0, 904.0, 670.0]
[80.0, 0.0, 953.0, 655.0]
[16.0, 16.0, 890.0, 672.0]
[16.0, 0.0, 891.0, 656.0]
[64.0, 0.0, 940.0, 657.0]
[96.0, 0.0, 973.0, 658.0]
[96.0, 0.0, 974.0, 658.0]
[96.0, 0.0, 975.0, 659.0]
[48.0, 0.0, 928.0, 660.0]
[16.0, 0.0, 897.0, 661.0]
[96.0, 16.0, 978.0, 678.0]
[32.0, 16.0, 915.0, 678.0]
[0.0, 16.0, 884.0, 679.0]
[0.0, 0.0, 885.0, 664.0]
[16.0, 16.0, 902.0, 680.0]
[48.0, 0.0, 935.0, 665.0]
[32.0, 0.0, 920.0, 666.0]
[96.0, 0.0, 985.0, 667.0]
[64.0, 0.0, 954.0, 668.0]
[0.0, 0.0, 891.0, 668.0]
[96.0, 0.0, 988.0, 669.0]
[16.0, 0.0, 909.0, 670.0]
[16.0, 0.0, 910.0, 670.0]
[80.0, 0.0, 975.0, 671.0]
[64.0, 0.0, 960.0, 672.0]
[112.0, 0.0, 1009.0, 673.0]
[48.0, 0.0, 946.0, 674.0]
[48.0, 0.0, 947.0, 674.0]
[32.0, 0.0, 932.0, 675.0]
[112.0, 0.0, 1013.0, 676.0]
[112.0, 0.0, 1014.0, 676.0]
[0.0, 0.0, 903.0, 677.0]
[16.0, 0.0, 920.0, 678.0]
[16.0, 0.0, 921.0, 679.0]
[0.0, 0.0, 906.0, 680.0]
[96.0, 0.0, 1003.0, 680.0]
[64.0, 0.0, 972.0, 681.0]
