[192.0, 32.0, 909.0, 570.0]
[80.0, 48.0, 798.0, 586.0]
[64.0, 64.0, 783.0, 603.0]
[48.0, 48.0, 768.0, 588.0]
[240.0, 32.0, 961.0, 573.0]
[208.0, 32.0, 930.0, 574.0]
[272.0, 32.0, 995.0, 574.0]
[80.0, 64.0, 804.0, 607.0]
[96.0, 32.0, 821.0, 576.0]
[96.0, 64.0, 822.0, 608.0]
[144.0, 16.0, 871.0, 561.0]
[96.0, 64.0, 824.0, 610.0]
[192.0, 48.0, 921.0, 595.0]
[128.0, 48.0, 858.0, 596.0]
[112.0, 48.0, 843.0, 596.0]
[128.0, 64.0, 860.0, 613.0]
[32.0, 48.0, 765.0, 598.0]
[176.0, 16.0, 910.0, 566.0]
[240.0, 64.0, 975.0, 615.0]
[192.0, 16.0, 928.0, 568.0]
[32.0, 48.0, 769.0, 601.0]
[96.0, 16.0, 834.0, 570.0]
[96.0, 32.0, 835.0, 586.0]
[224.0, 32.0, 964.0, 587.0]
[256.0, 16.0, 997.0, 572.0]
[256.0, 32.0, 998.0, 588.0]
[144.0, 16.0, 887.0, 573.0]
[0.0, 32.0, 744.0, 590.0]
[128.0, 32.0, 873.0, 591.0]
[32.0, 16.0, 778.0, 576.0]
[96.0, 32.0, 843.0, 592.0]
[48.0, 0.0, 796.0, 561.0]
[32.0, 64.0, 781.0, 626.0]
[208.0, 64.0, 958.0, 626.0]
[0.0, 32.0, 751.0, 595.0]
[80.0, 16.0, 832.0, 580.0]
[256.0, 16.0, 1009.0, 581.0]
[48.0, 32.0, 802.0, 598.0]
[128.0, 64.0, 883.0, 630.0]
[224.0, 16.0, 980.0, 583.0]
[48.0, 48.0, 805.0, 616.0]
[0.0, 32.0, 758.0, 600.0]
[160.0, 0.0, 919.0, 569.0]
[256.0, 16.0, 1016.0, 586.0]
[80.0, 48.0, 841.0, 619.0]
[0.0, 32.0, 762.0, 604.0]
[208.0, 48.0, 971.0, 620.0]
[240.0, 32.0, 1004.0, 605.0]
[192.0, 0.0, 957.0, 574.0]
[0.0, 16.0, 766.0, 590.0]
[112.0, 64.0, 879.0, 639.0]
[160.0, 64.0, 928.0, 640.0]
[240.0, 0.0, 1009.0, 577.0]
[192.0, 32.0, 962.0, 610.0]
[192.0, 48.0, 963.0, 626.0]
[208.0, 0.0, 980.0, 579.0]
[208.0, 32.0, 981.0, 612.0]
[112.0, 64.0, 886.0, 644.0]
[32.0, 64.0, 807.0, 645.0]
[48.0, 0.0, 824.0, 582.0]
[96.0, 64.0, 873.0, 647.0]
[192.0, 48.0, 970.0, 632.0]
[112.0, 16.0, 891.0, 600.0]
[224.0, 0.0, 1004.0, 585.0]
[144.0, 16.0, 925.0, 602.0]
[48.0, 48.0, 830.0, 634.0]
[192.0, 48.0, 975.0, 635.0]
[208.0, 0.0, 992.0, 588.0]
[80.0, 16.0, 865.0, 605.0]
[144.0, 16.0, 930.0, 606.0]
[176.0, 48.0, 963.0, 638.0]
[176.0, 48.0, 964.0, 639.0]
[160.0, 16.0, 949.0, 608.0]
[176.0, 64.0, 966.0, 656.0]
[144.0, 16.0, 935.0, 609.0]
[48.0, 48.0, 840.0, 642.0]
[176.0, 48.0, 969.0, 643.0]
[208.0, 32.0, 1002.0, 628.0]
[128.0, 0.0, 923.0, 596.0]
[16.0, 0.0, 812.0, 597.0]
[112.0, 48.0, 909.0, 646.0]
[112.0, 0.0, 910.0, 598.0]
[160.0, 16.0, 959.0, 615.0]
[144.0, 64.0, 944.0, 664.0]
[16.0, 0.0, 817.0, 601.0]
[96.0, 32.0, 898.0, 634.0]
[16.0, 48.0, 819.0, 650.0]
[32.0, 32.0, 836.0, 635.0]
[160.0, 32.0, 965.0, 636.0]
[64.0, 0.0, 870.0, 604.0]
[144.0, 48.0, 951.0, 653.0]
[80.0, 32.0, 888.0, 638.0]
[96.0, 48.0, 905.0, 655.0]
[112.0, 64.0, 922.0, 672.0]
[32.0, 64.0, 843.0, 672.0]
[16.0, 32.0, 828.0, 641.0]
[48.0, 64.0, 861.0, 674.0]
[160.0, 48.0, 974.0, 658.0]
[96.0, 32.0, 911.0, 643.0]
[48.0, 0.0, 864.0, 612.0]
[0.0, 16.0, 817.0, 629.0]
[48.0, 16.0, 866.0, 630.0]
[48.0, 32.0, 867.0, 646.0]
[128.0, 0.0, 948.0, 615.0]
[144.0, 16.0, 965.0, 632.0]
[160.0, 32.0, 982.0, 648.0]
[32.0, 48.0, 855.0, 665.0]
[32.0, 0.0, 856.0, 618.0]
[144.0, 16.0, 969.0, 635.0]
[48.0, 32.0, 874.0, 652.0]
[16.0, 16.0, 843.0, 636.0]
[176.0, 48.0, 1004.0, 669.0]
[16.0, 32.0, 845.0, 654.0]
[32.0, 16.0, 862.0, 638.0]
[144.0, 32.0, 975.0, 655.0]
[192.0, 16.0, 1024.0, 640.0]
[80.0, 32.0, 913.0, 657.0]
[0.0, 0.0, 834.0, 626.0]
[96.0, 32.0, 931.0, 658.0]
[0.0, 16.0, 836.0, 643.0]
[64.0, 32.0, 901.0, 660.0]
[0.0, 32.0, 838.0, 660.0]
[160.0, 0.0, 999.0, 629.0]
[96.0, 32.0, 936.0, 662.0]
[16.0, 48.0, 857.0, 679.0]
[160.0, 32.0, 1002.0, 664.0]
[16.0, 48.0, 859.0, 680.0]
[48.0, 32.0, 892.0, 665.0]
[48.0, 16.0, 893.0, 650.0]
[16.0, 48.0, 862.0, 682.0]
[32.0, 48.0, 879.0, 683.0]
[96.0, 0.0, 944.0, 636.0]
[16.0, 32.0, 865.0, 669.0]
[0.0, 32.0, 850.0, 670.0]
[112.0, 16.0, 963.0, 654.0]
[80.0, 32.0, 932.0, 671.0]
[0.0, 16.0, 853.0, 656.0]
[64.0, 0.0, 918.0, 640.0]
[80.0, 32.0, 935.0, 673.0]
[64.0, 16.0, 920.0, 658.0]
[112.0, 0.0, 969.0, 643.0]
[64.0, 32.0, 922.0, 676.0]
[16.0, 16.0, 875.0, 660.0]
[0.0, 0.0, 860.0, 645.0]
[112.0, 16.0, 973.0, 662.0]
[112.0, 0.0, 974.0, 646.0]
[128.0, 16.0, 991.0, 663.0]
[96.0, 16.0, 960.0, 664.0]
[48.0, 16.0, 913.0, 665.0]
[32.0, 16.0, 898.0, 666.0]
[128.0, 32.0, 995.0, 682.0]
[16.0, 32.0, 884.0, 683.0]
[96.0, 0.0, 965.0, 652.0]
[32.0, 16.0, 902.0, 668.0]
[96.0, 0.0, 967.0, 653.0]
[96.0, 0.0, 968.0, 654.0]
[16.0, 0.0, 889.0, 655.0]
[64.0, 0.0, 938.0, 656.0]
[32.0, 16.0, 907.0, 672.0]
[48.0, 16.0, 924.0, 673.0]
[48.0, 0.0, 925.0, 658.0]
[64.0, 16.0, 942.0, 674.0]
[32.0, 0.0, 911.0, 659.0]
[48.0, 0.0, 928.0, 660.0]
[32.0, 16.0, 913.0, 677.0]
[48.0, 0.0, 930.0, 662.0]
[16.0, 0.0, 899.0, 662.0]
[80.0, 0.0, 964.0, 663.0]
[80.0, 0.0, 965.0, 664.0]
[48.0, 0.0, 934.0, 664.0]
[96.0, 0.0, 983.0, 665.0]
[16.0, 0.0, 904.0, 666.0]
[48.0, 16.0, 937.0, 683.0]
[64.0, 0.0, 954.0, 668.0]
[48.0, 0.0, 939.0, 668.0]
[16.0, 0.0, 908.0, 669.0]
[32.0, 0.0, 925.0, 670.0]
[0.0, 0.0, 894.0, 670.0]
[80.0, 0.0, 975.0, 671.0]
[16.0, 0.0, 912.0, 672.0]
[16.0, 0.0, 913.0, 673.0]
[112.0, 0.0, 1010.0, 674.0]
[96.0, 0.0, 995.0, 674.0]
[0.0, 0.0, 900.0, 675.0]
[64.0, 0.0, 965.0, 676.0]
[16.0, 0.0, 918.0, 676.0]
[32.0, 0.0, 935.0, 677.0]
[64.0, 0.0, 968.0, 678.0]
[48.0, 0.0, 953.0, 679.0]
[16.0, 0.0, 922.0, 680.0]
[96.0, 0.0, 1003.0, 680.0]
[0.0, 0.0, 908.0, 681.0]
[80.0, 0.0, 989.0, 682.0]
[96.0, 0.0, 1006.0, 682.0]
[32.0, 0.0, 943.0, 683.0]
