[48.0, 160.0, 586.0, 877.0]
[32.0, 80.0, 570.0, 798.0]
[16.0, 160.0, 555.0, 879.0]
[48.0, 32.0, 588.0, 752.0]
[64.0, 96.0, 605.0, 817.0]
[0.0, 208.0, 542.0, 930.0]
[0.0, 80.0, 542.0, 803.0]
[48.0, 16.0, 591.0, 740.0]
[0.0, 16.0, 544.0, 741.0]
[16.0, 144.0, 560.0, 870.0]
[16.0, 176.0, 561.0, 903.0]
[0.0, 96.0, 546.0, 824.0]
[32.0, 160.0, 579.0, 889.0]
[32.0, 128.0, 580.0, 858.0]
[64.0, 128.0, 612.0, 859.0]
[48.0, 160.0, 597.0, 892.0]
[0.0, 96.0, 550.0, 829.0]
[64.0, 112.0, 614.0, 846.0]
[16.0, 16.0, 567.0, 751.0]
[0.0, 32.0, 552.0, 768.0]
[16.0, 160.0, 569.0, 897.0]
[32.0, 96.0, 586.0, 834.0]
[0.0, 192.0, 554.0, 931.0]
[48.0, 32.0, 603.0, 772.0]
[0.0, 64.0, 556.0, 805.0]
[48.0, 176.0, 604.0, 918.0]
[0.0, 128.0, 557.0, 871.0]
[0.0, 176.0, 558.0, 920.0]
[32.0, 16.0, 591.0, 761.0]
[32.0, 176.0, 592.0, 922.0]
[0.0, 112.0, 560.0, 859.0]
[48.0, 80.0, 609.0, 828.0]
[32.0, 192.0, 594.0, 941.0]
[48.0, 32.0, 610.0, 782.0]
[0.0, 112.0, 563.0, 863.0]
[0.0, 32.0, 564.0, 784.0]
[0.0, 32.0, 565.0, 785.0]
[16.0, 128.0, 582.0, 882.0]
[32.0, 96.0, 598.0, 851.0]
[48.0, 32.0, 615.0, 788.0]
[48.0, 112.0, 616.0, 869.0]
[16.0, 16.0, 584.0, 774.0]
[0.0, 128.0, 569.0, 887.0]
[32.0, 160.0, 602.0, 920.0]
[48.0, 16.0, 619.0, 777.0]
[64.0, 64.0, 636.0, 826.0]
[48.0, 112.0, 620.0, 875.0]
[16.0, 128.0, 589.0, 892.0]
[48.0, 128.0, 622.0, 893.0]
[48.0, 32.0, 622.0, 798.0]
[48.0, 144.0, 623.0, 911.0]
[0.0, 176.0, 576.0, 944.0]
[16.0, 80.0, 593.0, 849.0]
[48.0, 32.0, 626.0, 802.0]
[32.0, 128.0, 610.0, 899.0]
[64.0, 64.0, 643.0, 836.0]
[0.0, 16.0, 580.0, 789.0]
[16.0, 16.0, 596.0, 790.0]
[32.0, 144.0, 613.0, 919.0]
[64.0, 64.0, 646.0, 840.0]
[0.0, 64.0, 583.0, 841.0]
[0.0, 176.0, 584.0, 954.0]
[48.0, 32.0, 632.0, 811.0]
[64.0, 48.0, 649.0, 828.0]
[16.0, 128.0, 602.0, 909.0]
[64.0, 96.0, 650.0, 878.0]
[48.0, 16.0, 635.0, 799.0]
[32.0, 128.0, 620.0, 912.0]
[16.0, 80.0, 605.0, 865.0]
[0.0, 128.0, 590.0, 914.0]
[64.0, 112.0, 654.0, 899.0]
[64.0, 48.0, 655.0, 836.0]
[48.0, 80.0, 640.0, 869.0]
[0.0, 32.0, 592.0, 822.0]
[16.0, 32.0, 609.0, 823.0]
[0.0, 48.0, 594.0, 840.0]
[0.0, 160.0, 595.0, 953.0]
[32.0, 32.0, 628.0, 826.0]
[48.0, 64.0, 644.0, 859.0]
[48.0, 16.0, 645.0, 812.0]
[48.0, 48.0, 646.0, 845.0]
[32.0, 48.0, 630.0, 846.0]
[48.0, 64.0, 647.0, 863.0]
[0.0, 112.0, 600.0, 912.0]
[32.0, 96.0, 633.0, 897.0]
[64.0, 64.0, 666.0, 866.0]
[16.0, 16.0, 618.0, 819.0]
[32.0, 144.0, 635.0, 948.0]
[32.0, 48.0, 636.0, 853.0]
[48.0, 112.0, 652.0, 918.0]
[48.0, 96.0, 653.0, 903.0]
[0.0, 64.0, 606.0, 872.0]
[16.0, 112.0, 623.0, 921.0]
[0.0, 48.0, 608.0, 858.0]
[32.0, 128.0, 640.0, 939.0]
[16.0, 112.0, 625.0, 924.0]
[32.0, 64.0, 642.0, 877.0]
[16.0, 16.0, 626.0, 830.0]
[32.0, 48.0, 643.0, 863.0]
[32.0, 16.0, 644.0, 832.0]
[16.0, 16.0, 629.0, 833.0]
[0.0, 96.0, 614.0, 914.0]
[16.0, 112.0, 630.0, 931.0]
[32.0, 32.0, 647.0, 852.0]
[48.0, 64.0, 664.0, 885.0]
[0.0, 128.0, 616.0, 950.0]
[0.0, 32.0, 617.0, 855.0]
[0.0, 0.0, 618.0, 824.0]
[48.0, 64.0, 667.0, 889.0]
[0.0, 0.0, 620.0, 826.0]
[16.0, 128.0, 636.0, 955.0]
[32.0, 16.0, 653.0, 844.0]
[16.0, 48.0, 638.0, 877.0]
[32.0, 16.0, 654.0, 846.0]
[48.0, 32.0, 671.0, 863.0]
[32.0, 16.0, 656.0, 848.0]
[16.0, 64.0, 641.0, 897.0]
[48.0, 80.0, 674.0, 914.0]
[32.0, 64.0, 658.0, 899.0]
[0.0, 48.0, 627.0, 884.0]
[0.0, 48.0, 628.0, 885.0]
[32.0, 112.0, 660.0, 950.0]
[48.0, 16.0, 677.0, 855.0]
[0.0, 48.0, 630.0, 888.0]
[32.0, 48.0, 663.0, 889.0]
[0.0, 64.0, 632.0, 906.0]
[48.0, 48.0, 680.0, 891.0]
[0.0, 0.0, 633.0, 844.0]
[32.0, 16.0, 666.0, 861.0]
[0.0, 48.0, 634.0, 894.0]
[16.0, 96.0, 651.0, 943.0]
[16.0, 80.0, 652.0, 928.0]
[0.0, 0.0, 637.0, 849.0]
[32.0, 32.0, 670.0, 882.0]
[0.0, 48.0, 638.0, 899.0]
[16.0, 96.0, 655.0, 948.0]
[0.0, 64.0, 640.0, 917.0]
[0.0, 32.0, 640.0, 886.0]
[32.0, 32.0, 673.0, 887.0]
[16.0, 48.0, 658.0, 904.0]
[16.0, 80.0, 659.0, 937.0]
[0.0, 64.0, 644.0, 922.0]
[32.0, 80.0, 676.0, 939.0]
[32.0, 64.0, 677.0, 924.0]
[32.0, 64.0, 678.0, 925.0]
[32.0, 80.0, 678.0, 942.0]
[0.0, 64.0, 647.0, 927.0]
[0.0, 16.0, 648.0, 880.0]
[0.0, 80.0, 649.0, 945.0]
[0.0, 0.0, 650.0, 866.0]
[16.0, 64.0, 666.0, 931.0]
[0.0, 48.0, 651.0, 916.0]
[0.0, 64.0, 652.0, 933.0]
[0.0, 64.0, 652.0, 934.0]
[16.0, 16.0, 669.0, 887.0]
[16.0, 16.0, 670.0, 888.0]
[16.0, 64.0, 671.0, 937.0]
[0.0, 0.0, 656.0, 874.0]
[16.0, 64.0, 672.0, 939.0]
[0.0, 0.0, 657.0, 876.0]
[0.0, 64.0, 658.0, 941.0]
[0.0, 80.0, 658.0, 958.0]
[16.0, 32.0, 675.0, 911.0]
[0.0, 32.0, 660.0, 912.0]
[16.0, 0.0, 677.0, 881.0]
[0.0, 48.0, 662.0, 930.0]
[16.0, 48.0, 678.0, 931.0]
[0.0, 64.0, 663.0, 948.0]
[0.0, 32.0, 664.0, 917.0]
[0.0, 48.0, 664.0, 934.0]
[0.0, 0.0, 665.0, 887.0]
[0.0, 64.0, 666.0, 952.0]
[0.0, 48.0, 667.0, 937.0]
[0.0, 32.0, 668.0, 922.0]
[0.0, 0.0, 668.0, 891.0]
[0.0, 32.0, 669.0, 924.0]
[0.0, 0.0, 670.0, 893.0]
[0.0, 32.0, 670.0, 926.0]
[0.0, 48.0, 671.0, 943.0]
[0.0, 16.0, 672.0, 912.0]
[0.0, 16.0, 673.0, 913.0]
[0.0, 0.0, 674.0, 898.0]
[0.0, 48.0, 674.0, 947.0]
[0.0, 32.0, 675.0, 932.0]
[0.0, 32.0, 676.0, 933.0]
[0.0, 0.0, 676.0, 902.0]
[0.0, 32.0, 677.0, 935.0]
[0.0, 48.0, 678.0, 952.0]
[0.0, 0.0, 679.0, 905.0]
[0.0, 48.0, 680.0, 954.0]
[0.0, 16.0, 680.0, 923.0]
[0.0, 16.0, 681.0, 924.0]
[0.0, 32.0, 682.0, 941.0]
[0.0, 0.0, 682.0, 910.0]
[0.0, 0.0, 683.0, 911.0]
