[224.0, 96.0, 941.0, 634.0]
[176.0, 96.0, 894.0, 634.0]
[208.0, 112.0, 927.0, 651.0]
[48.0, 96.0, 768.0, 636.0]
[224.0, 80.0, 945.0, 621.0]
[32.0, 80.0, 754.0, 622.0]
[80.0, 80.0, 803.0, 622.0]
[176.0, 96.0, 900.0, 639.0]
[272.0, 112.0, 997.0, 656.0]
[80.0, 80.0, 806.0, 624.0]
[208.0, 96.0, 935.0, 641.0]
[192.0, 96.0, 920.0, 642.0]
[48.0, 112.0, 777.0, 659.0]
[128.0, 96.0, 858.0, 644.0]
[112.0, 128.0, 843.0, 676.0]
[112.0, 96.0, 844.0, 645.0]
[256.0, 112.0, 989.0, 662.0]
[144.0, 112.0, 878.0, 662.0]
[224.0, 128.0, 959.0, 679.0]
[272.0, 96.0, 1008.0, 648.0]
[272.0, 96.0, 1009.0, 649.0]
[224.0, 80.0, 962.0, 634.0]
[240.0, 80.0, 979.0, 634.0]
[80.0, 96.0, 820.0, 651.0]
[80.0, 112.0, 821.0, 668.0]
[224.0, 112.0, 966.0, 668.0]
[144.0, 112.0, 887.0, 669.0]
[256.0, 96.0, 1000.0, 654.0]
[208.0, 80.0, 953.0, 639.0]
[80.0, 64.0, 826.0, 624.0]
[176.0, 64.0, 923.0, 624.0]
[176.0, 80.0, 924.0, 641.0]
[48.0, 112.0, 797.0, 674.0]
[240.0, 80.0, 990.0, 642.0]
[192.0, 48.0, 943.0, 611.0]
[48.0, 112.0, 800.0, 676.0]
[240.0, 64.0, 993.0, 629.0]
[80.0, 48.0, 834.0, 614.0]
[224.0, 48.0, 979.0, 614.0]
[208.0, 64.0, 964.0, 631.0]
[64.0, 64.0, 821.0, 632.0]
[112.0, 80.0, 870.0, 648.0]
[16.0, 80.0, 775.0, 649.0]
[176.0, 48.0, 936.0, 618.0]
[192.0, 112.0, 953.0, 683.0]
[192.0, 48.0, 954.0, 620.0]
[144.0, 96.0, 907.0, 668.0]
[48.0, 96.0, 812.0, 669.0]
[224.0, 48.0, 989.0, 622.0]
[192.0, 64.0, 958.0, 638.0]
[128.0, 64.0, 895.0, 639.0]
[240.0, 96.0, 1008.0, 672.0]
[16.0, 96.0, 785.0, 673.0]
[96.0, 48.0, 866.0, 626.0]
[224.0, 96.0, 995.0, 674.0]
[16.0, 80.0, 788.0, 659.0]
[160.0, 64.0, 933.0, 644.0]
[64.0, 48.0, 838.0, 628.0]
[16.0, 96.0, 791.0, 677.0]
[32.0, 48.0, 808.0, 630.0]
[224.0, 48.0, 1001.0, 631.0]
[160.0, 48.0, 938.0, 632.0]
[208.0, 48.0, 987.0, 632.0]
[112.0, 64.0, 892.0, 649.0]
[208.0, 32.0, 989.0, 618.0]
[96.0, 32.0, 878.0, 618.0]
[48.0, 64.0, 831.0, 651.0]
[80.0, 32.0, 864.0, 620.0]
[208.0, 48.0, 993.0, 637.0]
[128.0, 32.0, 914.0, 622.0]
[32.0, 80.0, 819.0, 670.0]
[80.0, 64.0, 868.0, 655.0]
[0.0, 64.0, 789.0, 656.0]
[64.0, 64.0, 854.0, 656.0]
[112.0, 48.0, 903.0, 641.0]
[112.0, 16.0, 904.0, 610.0]
[48.0, 64.0, 841.0, 659.0]
[112.0, 16.0, 906.0, 612.0]
[144.0, 32.0, 939.0, 628.0]
[176.0, 64.0, 972.0, 661.0]
[144.0, 16.0, 941.0, 614.0]
[48.0, 16.0, 846.0, 614.0]
[96.0, 16.0, 895.0, 615.0]
[48.0, 32.0, 848.0, 632.0]
[208.0, 48.0, 1009.0, 649.0]
[48.0, 16.0, 850.0, 618.0]
[112.0, 80.0, 915.0, 682.0]
[32.0, 16.0, 836.0, 619.0]
[64.0, 48.0, 869.0, 652.0]
[192.0, 64.0, 998.0, 668.0]
[48.0, 64.0, 855.0, 669.0]
[48.0, 48.0, 856.0, 654.0]
[176.0, 48.0, 985.0, 655.0]
[208.0, 48.0, 1018.0, 656.0]
[160.0, 48.0, 971.0, 656.0]
[96.0, 48.0, 908.0, 657.0]
[192.0, 32.0, 1005.0, 642.0]
[48.0, 32.0, 862.0, 642.0]
[112.0, 0.0, 927.0, 611.0]
[128.0, 16.0, 944.0, 628.0]
[0.0, 48.0, 817.0, 661.0]
[16.0, 32.0, 834.0, 646.0]
[96.0, 64.0, 915.0, 678.0]
[144.0, 32.0, 964.0, 647.0]
[80.0, 16.0, 901.0, 632.0]
[96.0, 64.0, 918.0, 680.0]
[0.0, 64.0, 823.0, 681.0]
[176.0, 16.0, 1000.0, 634.0]
[144.0, 0.0, 969.0, 619.0]
[144.0, 32.0, 970.0, 652.0]
[80.0, 16.0, 907.0, 636.0]
[128.0, 16.0, 956.0, 637.0]
[160.0, 0.0, 989.0, 622.0]
[160.0, 32.0, 990.0, 654.0]
[16.0, 32.0, 847.0, 655.0]
[32.0, 48.0, 864.0, 672.0]
[64.0, 0.0, 897.0, 625.0]
[64.0, 32.0, 898.0, 658.0]
[128.0, 32.0, 963.0, 658.0]
[80.0, 48.0, 916.0, 675.0]
[16.0, 16.0, 853.0, 644.0]
[48.0, 48.0, 886.0, 676.0]
[0.0, 32.0, 839.0, 661.0]
[32.0, 0.0, 872.0, 630.0]
[176.0, 32.0, 1017.0, 663.0]
[176.0, 16.0, 1018.0, 648.0]
[128.0, 32.0, 971.0, 664.0]
[96.0, 16.0, 940.0, 649.0]
[176.0, 16.0, 1021.0, 650.0]
[0.0, 16.0, 846.0, 650.0]
[128.0, 16.0, 975.0, 651.0]
[64.0, 0.0, 912.0, 636.0]
[64.0, 0.0, 913.0, 637.0]
[160.0, 16.0, 1010.0, 654.0]
[96.0, 32.0, 947.0, 670.0]
[48.0, 16.0, 900.0, 655.0]
[16.0, 0.0, 869.0, 640.0]
[64.0, 32.0, 918.0, 672.0]
[64.0, 16.0, 919.0, 657.0]
[0.0, 16.0, 856.0, 658.0]
[64.0, 0.0, 921.0, 643.0]
[64.0, 32.0, 922.0, 676.0]
[112.0, 0.0, 971.0, 644.0]
[160.0, 0.0, 1020.0, 645.0]
[112.0, 0.0, 973.0, 646.0]
[32.0, 32.0, 894.0, 678.0]
[0.0, 16.0, 863.0, 663.0]
[144.0, 16.0, 1008.0, 664.0]
[80.0, 0.0, 945.0, 649.0]
[144.0, 16.0, 1010.0, 666.0]
[16.0, 0.0, 883.0, 650.0]
[0.0, 0.0, 868.0, 651.0]
[0.0, 0.0, 869.0, 652.0]
[96.0, 16.0, 966.0, 668.0]
[80.0, 0.0, 951.0, 653.0]
[32.0, 16.0, 904.0, 670.0]
[144.0, 0.0, 1017.0, 655.0]
[80.0, 0.0, 954.0, 656.0]
[128.0, 16.0, 1003.0, 672.0]
[32.0, 16.0, 908.0, 673.0]
[128.0, 16.0, 1005.0, 674.0]
[128.0, 16.0, 1006.0, 674.0]
[96.0, 16.0, 975.0, 675.0]
[48.0, 16.0, 928.0, 676.0]
[0.0, 16.0, 881.0, 677.0]
[48.0, 16.0, 930.0, 678.0]
[64.0, 0.0, 947.0, 662.0]
[16.0, 16.0, 900.0, 679.0]
[0.0, 16.0, 885.0, 680.0]
[48.0, 16.0, 934.0, 680.0]
[32.0, 16.0, 919.0, 681.0]
[112.0, 16.0, 1000.0, 682.0]
[112.0, 16.0, 1001.0, 683.0]
[32.0, 0.0, 922.0, 668.0]
[64.0, 0.0, 955.0, 668.0]
[128.0, 0.0, 1020.0, 669.0]
[48.0, 0.0, 941.0, 670.0]
[16.0, 0.0, 910.0, 670.0]
[112.0, 0.0, 1007.0, 671.0]
[80.0, 0.0, 976.0, 672.0]
[16.0, 0.0, 913.0, 673.0]
[96.0, 0.0, 994.0, 674.0]
[48.0, 0.0, 947.0, 674.0]
[32.0, 0.0, 932.0, 675.0]
[96.0, 0.0, 997.0, 676.0]
[96.0, 0.0, 998.0, 676.0]
[16.0, 0.0, 919.0, 677.0]
[96.0, 0.0, 1000.0, 678.0]
[16.0, 0.0, 921.0, 679.0]
[96.0, 0.0, 1002.0, 680.0]
[48.0, 0.0, 955.0, 680.0]
[16.0, 0.0, 924.0, 681.0]
[0.0, 0.0, 909.0, 682.0]
[64.0, 0.0, 974.0, 682.0]
[0.0, 0.0, 911.0, 683.0]
