[96.0, 48.0, 813.0, 586.0]
[0.0, 96.0, 718.0, 634.0]
[96.0, 32.0, 815.0, 571.0]
[112.0, 32.0, 832.0, 572.0]
[32.0, 64.0, 753.0, 605.0]
[96.0, 96.0, 818.0, 638.0]
[48.0, 128.0, 771.0, 670.0]
[112.0, 16.0, 836.0, 559.0]
[0.0, 64.0, 725.0, 608.0]
[144.0, 112.0, 870.0, 656.0]
[80.0, 64.0, 807.0, 609.0]
[112.0, 32.0, 840.0, 578.0]
[32.0, 16.0, 761.0, 563.0]
[48.0, 16.0, 778.0, 564.0]
[128.0, 48.0, 859.0, 596.0]
[64.0, 96.0, 796.0, 645.0]
[64.0, 128.0, 797.0, 678.0]
[32.0, 80.0, 766.0, 630.0]
[32.0, 64.0, 767.0, 615.0]
[80.0, 64.0, 816.0, 616.0]
[32.0, 0.0, 769.0, 553.0]
[112.0, 0.0, 850.0, 554.0]
[96.0, 32.0, 835.0, 586.0]
[128.0, 48.0, 868.0, 603.0]
[0.0, 32.0, 741.0, 588.0]
[96.0, 96.0, 838.0, 652.0]
[128.0, 96.0, 871.0, 653.0]
[112.0, 0.0, 856.0, 558.0]
[64.0, 32.0, 809.0, 591.0]
[80.0, 16.0, 826.0, 576.0]
[112.0, 64.0, 859.0, 624.0]
[128.0, 16.0, 876.0, 577.0]
[128.0, 16.0, 877.0, 578.0]
[16.0, 32.0, 766.0, 594.0]
[64.0, 0.0, 815.0, 563.0]
[128.0, 48.0, 880.0, 612.0]
[64.0, 48.0, 817.0, 613.0]
[0.0, 96.0, 754.0, 662.0]
[64.0, 48.0, 819.0, 614.0]
[112.0, 96.0, 868.0, 663.0]
[0.0, 48.0, 757.0, 616.0]
[64.0, 64.0, 822.0, 632.0]
[112.0, 0.0, 871.0, 569.0]
[32.0, 64.0, 792.0, 634.0]
[64.0, 96.0, 825.0, 667.0]
[64.0, 64.0, 826.0, 636.0]
[144.0, 80.0, 907.0, 652.0]
[80.0, 80.0, 844.0, 653.0]
[48.0, 0.0, 813.0, 574.0]
[96.0, 80.0, 862.0, 654.0]
[128.0, 32.0, 895.0, 607.0]
[144.0, 32.0, 912.0, 608.0]
[144.0, 80.0, 913.0, 657.0]
[16.0, 64.0, 786.0, 642.0]
[112.0, 32.0, 883.0, 610.0]
[96.0, 64.0, 868.0, 643.0]
[32.0, 64.0, 805.0, 644.0]
[112.0, 48.0, 886.0, 628.0]
[64.0, 96.0, 839.0, 677.0]
[16.0, 0.0, 792.0, 582.0]
[32.0, 16.0, 809.0, 599.0]
[64.0, 48.0, 842.0, 632.0]
[0.0, 32.0, 779.0, 616.0]
[144.0, 32.0, 924.0, 617.0]
[64.0, 64.0, 845.0, 650.0]
[48.0, 48.0, 830.0, 634.0]
[64.0, 48.0, 847.0, 635.0]
[16.0, 0.0, 800.0, 588.0]
[64.0, 32.0, 849.0, 621.0]
[112.0, 48.0, 898.0, 638.0]
[16.0, 48.0, 803.0, 638.0]
[128.0, 32.0, 916.0, 623.0]
[48.0, 32.0, 837.0, 624.0]
[32.0, 80.0, 822.0, 672.0]
[96.0, 16.0, 887.0, 609.0]
[48.0, 32.0, 840.0, 626.0]
[32.0, 64.0, 825.0, 659.0]
[112.0, 80.0, 906.0, 676.0]
[32.0, 32.0, 827.0, 628.0]
[96.0, 48.0, 892.0, 645.0]
[96.0, 32.0, 893.0, 630.0]
[16.0, 80.0, 814.0, 678.0]
[32.0, 48.0, 831.0, 647.0]
[112.0, 64.0, 912.0, 664.0]
[0.0, 16.0, 801.0, 617.0]
[64.0, 16.0, 866.0, 618.0]
[80.0, 16.0, 883.0, 618.0]
[128.0, 32.0, 932.0, 635.0]
[16.0, 0.0, 821.0, 604.0]
[64.0, 64.0, 870.0, 668.0]
[80.0, 32.0, 887.0, 637.0]
[112.0, 32.0, 920.0, 638.0]
[16.0, 32.0, 825.0, 639.0]
[48.0, 48.0, 858.0, 656.0]
[0.0, 16.0, 811.0, 624.0]
[0.0, 32.0, 812.0, 641.0]
[48.0, 0.0, 861.0, 610.0]
[64.0, 0.0, 878.0, 610.0]
[0.0, 0.0, 815.0, 611.0]
[16.0, 32.0, 832.0, 644.0]
[64.0, 16.0, 881.0, 629.0]
[128.0, 16.0, 946.0, 630.0]
[80.0, 48.0, 899.0, 662.0]
[0.0, 48.0, 820.0, 663.0]
[128.0, 48.0, 949.0, 664.0]
[48.0, 16.0, 870.0, 632.0]
[112.0, 48.0, 935.0, 665.0]
[80.0, 64.0, 904.0, 682.0]
[112.0, 32.0, 937.0, 651.0]
[96.0, 16.0, 922.0, 636.0]
[64.0, 48.0, 891.0, 668.0]
[0.0, 32.0, 828.0, 653.0]
[0.0, 32.0, 829.0, 654.0]
[48.0, 48.0, 878.0, 670.0]
[80.0, 48.0, 911.0, 671.0]
[112.0, 16.0, 944.0, 640.0]
[96.0, 48.0, 929.0, 673.0]
[112.0, 32.0, 946.0, 658.0]
[144.0, 32.0, 979.0, 658.0]
[48.0, 48.0, 884.0, 675.0]
[48.0, 32.0, 885.0, 660.0]
[96.0, 48.0, 934.0, 676.0]
[64.0, 32.0, 903.0, 661.0]
[128.0, 16.0, 968.0, 646.0]
[32.0, 16.0, 873.0, 647.0]
[64.0, 0.0, 906.0, 632.0]
[16.0, 0.0, 859.0, 632.0]
[0.0, 32.0, 844.0, 665.0]
[80.0, 32.0, 925.0, 666.0]
[64.0, 32.0, 910.0, 666.0]
[128.0, 32.0, 975.0, 667.0]
[48.0, 32.0, 896.0, 668.0]
[112.0, 32.0, 961.0, 669.0]
[80.0, 16.0, 930.0, 654.0]
[48.0, 16.0, 899.0, 654.0]
[32.0, 0.0, 884.0, 639.0]
[16.0, 0.0, 869.0, 640.0]
[112.0, 0.0, 966.0, 640.0]
[112.0, 0.0, 967.0, 641.0]
[80.0, 32.0, 936.0, 674.0]
[16.0, 0.0, 873.0, 643.0]
[48.0, 16.0, 906.0, 660.0]
[16.0, 32.0, 875.0, 676.0]
[96.0, 16.0, 956.0, 661.0]
[48.0, 16.0, 909.0, 662.0]
[96.0, 32.0, 958.0, 678.0]
[80.0, 32.0, 943.0, 679.0]
[16.0, 16.0, 880.0, 664.0]
[96.0, 16.0, 961.0, 665.0]
[96.0, 32.0, 962.0, 682.0]
[80.0, 16.0, 947.0, 666.0]
[80.0, 0.0, 948.0, 651.0]
[80.0, 0.0, 949.0, 652.0]
[64.0, 0.0, 934.0, 652.0]
[16.0, 16.0, 887.0, 669.0]
[80.0, 0.0, 952.0, 654.0]
[80.0, 16.0, 953.0, 671.0]
[64.0, 16.0, 938.0, 672.0]
[64.0, 16.0, 939.0, 672.0]
[96.0, 16.0, 972.0, 673.0]
[32.0, 16.0, 909.0, 674.0]
[0.0, 16.0, 878.0, 674.0]
[64.0, 16.0, 943.0, 675.0]
[96.0, 16.0, 976.0, 676.0]
[96.0, 0.0, 977.0, 661.0]
[48.0, 16.0, 930.0, 678.0]
[80.0, 0.0, 963.0, 662.0]
[96.0, 16.0, 980.0, 679.0]
[16.0, 0.0, 901.0, 664.0]
[96.0, 0.0, 982.0, 664.0]
[0.0, 0.0, 887.0, 665.0]
[0.0, 16.0, 888.0, 682.0]
[16.0, 16.0, 905.0, 683.0]
[64.0, 0.0, 954.0, 668.0]
[0.0, 0.0, 891.0, 668.0]
[48.0, 0.0, 940.0, 669.0]
[96.0, 0.0, 989.0, 670.0]
[16.0, 0.0, 910.0, 670.0]
[64.0, 0.0, 959.0, 671.0]
[64.0, 0.0, 960.0, 672.0]
[16.0, 0.0, 913.0, 673.0]
[32.0, 0.0, 930.0, 674.0]
[48.0, 0.0, 947.0, 674.0]
[16.0, 0.0, 916.0, 675.0]
[16.0, 0.0, 917.0, 676.0]
[32.0, 0.0, 934.0, 676.0]
[32.0, 0.0, 935.0, 677.0]
[0.0, 0.0, 904.0, 678.0]
[32.0, 0.0, 937.0, 679.0]
[80.0, 0.0, 986.0, 680.0]
[64.0, 0.0, 971.0, 680.0]
[0.0, 0.0, 908.0, 681.0]
[48.0, 0.0, 957.0, 682.0]
[32.0, 0.0, 942.0, 682.0]
[16.0, 0.0, 927.0, 683.0]
