[64.0, 32.0, 781.0, 570.0]
[96.0, 80.0, 814.0, 618.0]
[16.0, 48.0, 735.0, 587.0]
[144.0, 32.0, 864.0, 572.0]
[48.0, 64.0, 769.0, 605.0]
[96.0, 32.0, 818.0, 574.0]
[0.0, 0.0, 723.0, 542.0]
[96.0, 32.0, 820.0, 575.0]
[80.0, 16.0, 805.0, 560.0]
[16.0, 64.0, 742.0, 608.0]
[80.0, 80.0, 807.0, 625.0]
[80.0, 0.0, 808.0, 546.0]
[48.0, 80.0, 777.0, 627.0]
[0.0, 16.0, 730.0, 564.0]
[0.0, 48.0, 731.0, 596.0]
[144.0, 80.0, 876.0, 629.0]
[80.0, 32.0, 813.0, 582.0]
[128.0, 64.0, 862.0, 614.0]
[16.0, 64.0, 751.0, 615.0]
[48.0, 48.0, 784.0, 600.0]
[96.0, 48.0, 833.0, 601.0]
[32.0, 16.0, 770.0, 570.0]
[112.0, 0.0, 851.0, 554.0]
[64.0, 48.0, 804.0, 603.0]
[96.0, 16.0, 837.0, 572.0]
[96.0, 64.0, 838.0, 620.0]
[32.0, 64.0, 775.0, 621.0]
[16.0, 80.0, 760.0, 638.0]
[96.0, 48.0, 841.0, 607.0]
[144.0, 16.0, 890.0, 576.0]
[144.0, 16.0, 891.0, 576.0]
[80.0, 32.0, 828.0, 593.0]
[96.0, 48.0, 845.0, 610.0]
[64.0, 80.0, 814.0, 642.0]
[64.0, 64.0, 815.0, 627.0]
[0.0, 16.0, 752.0, 580.0]
[96.0, 48.0, 849.0, 613.0]
[0.0, 0.0, 754.0, 566.0]
[48.0, 64.0, 803.0, 630.0]
[112.0, 64.0, 868.0, 631.0]
[48.0, 32.0, 805.0, 600.0]
[112.0, 16.0, 870.0, 584.0]
[0.0, 48.0, 759.0, 617.0]
[48.0, 16.0, 808.0, 586.0]
[128.0, 48.0, 889.0, 619.0]
[80.0, 32.0, 842.0, 604.0]
[96.0, 48.0, 859.0, 620.0]
[112.0, 16.0, 876.0, 589.0]
[80.0, 64.0, 845.0, 638.0]
[32.0, 32.0, 798.0, 606.0]
[0.0, 32.0, 767.0, 607.0]
[80.0, 48.0, 848.0, 624.0]
[112.0, 0.0, 881.0, 577.0]
[80.0, 0.0, 850.0, 578.0]
[80.0, 0.0, 851.0, 578.0]
[0.0, 48.0, 772.0, 627.0]
[48.0, 16.0, 821.0, 596.0]
[80.0, 32.0, 854.0, 612.0]
[80.0, 16.0, 855.0, 597.0]
[64.0, 0.0, 840.0, 582.0]
[80.0, 48.0, 857.0, 631.0]
[32.0, 0.0, 810.0, 584.0]
[48.0, 16.0, 827.0, 600.0]
[80.0, 48.0, 860.0, 633.0]
[144.0, 32.0, 925.0, 618.0]
[112.0, 16.0, 894.0, 602.0]
[128.0, 0.0, 911.0, 587.0]
[96.0, 0.0, 880.0, 588.0]
[80.0, 0.0, 865.0, 589.0]
[64.0, 32.0, 850.0, 622.0]
[16.0, 32.0, 803.0, 622.0]
[16.0, 32.0, 804.0, 623.0]
[0.0, 48.0, 789.0, 640.0]
[16.0, 32.0, 806.0, 624.0]
[64.0, 16.0, 855.0, 609.0]
[32.0, 32.0, 824.0, 626.0]
[64.0, 32.0, 857.0, 627.0]
[80.0, 16.0, 874.0, 612.0]
[96.0, 16.0, 891.0, 612.0]
[64.0, 16.0, 860.0, 613.0]
[80.0, 32.0, 877.0, 630.0]
[0.0, 32.0, 798.0, 630.0]
[96.0, 32.0, 895.0, 631.0]
[112.0, 16.0, 912.0, 616.0]
[80.0, 32.0, 881.0, 633.0]
[0.0, 32.0, 802.0, 634.0]
[16.0, 16.0, 819.0, 618.0]
[0.0, 32.0, 804.0, 635.0]
[64.0, 16.0, 869.0, 620.0]
[128.0, 32.0, 934.0, 636.0]
[112.0, 32.0, 919.0, 637.0]
[112.0, 16.0, 920.0, 622.0]
[128.0, 32.0, 937.0, 639.0]
[96.0, 16.0, 906.0, 624.0]
[32.0, 16.0, 843.0, 624.0]
[0.0, 32.0, 812.0, 641.0]
[128.0, 32.0, 941.0, 642.0]
[96.0, 16.0, 910.0, 626.0]
[0.0, 16.0, 815.0, 627.0]
[32.0, 16.0, 848.0, 628.0]
[64.0, 16.0, 881.0, 629.0]
[48.0, 16.0, 866.0, 630.0]
[128.0, 16.0, 947.0, 630.0]
