[96.0, 96.0, 813.0, 634.0]
[64.0, 80.0, 782.0, 618.0]
[192.0, 32.0, 911.0, 571.0]
[112.0, 32.0, 832.0, 572.0]
[80.0, 64.0, 801.0, 605.0]
[176.0, 64.0, 898.0, 606.0]
[80.0, 32.0, 803.0, 574.0]
[96.0, 16.0, 820.0, 559.0]
[160.0, 80.0, 885.0, 624.0]
[96.0, 64.0, 822.0, 608.0]
[80.0, 112.0, 807.0, 657.0]
[128.0, 48.0, 856.0, 594.0]
[144.0, 16.0, 873.0, 563.0]
[96.0, 80.0, 826.0, 628.0]
[128.0, 96.0, 859.0, 644.0]
[48.0, 112.0, 780.0, 661.0]
[128.0, 48.0, 861.0, 598.0]
[160.0, 96.0, 894.0, 646.0]
[32.0, 48.0, 767.0, 599.0]
[64.0, 16.0, 800.0, 568.0]
[96.0, 32.0, 833.0, 585.0]
[192.0, 80.0, 930.0, 634.0]
[64.0, 96.0, 803.0, 650.0]
[80.0, 32.0, 820.0, 587.0]
[176.0, 112.0, 917.0, 668.0]
[80.0, 96.0, 822.0, 652.0]
[112.0, 96.0, 855.0, 653.0]
[112.0, 64.0, 856.0, 622.0]
[192.0, 96.0, 937.0, 655.0]
[48.0, 0.0, 794.0, 560.0]
[0.0, 48.0, 747.0, 608.0]
[128.0, 0.0, 876.0, 561.0]
[16.0, 32.0, 765.0, 594.0]
[48.0, 96.0, 798.0, 658.0]
[112.0, 0.0, 863.0, 563.0]
[176.0, 64.0, 928.0, 628.0]
[112.0, 112.0, 865.0, 677.0]
[144.0, 48.0, 898.0, 614.0]
[32.0, 96.0, 787.0, 662.0]
[96.0, 32.0, 852.0, 599.0]
[192.0, 64.0, 949.0, 632.0]
[64.0, 32.0, 822.0, 600.0]
[128.0, 96.0, 887.0, 665.0]
[144.0, 80.0, 904.0, 650.0]
[192.0, 80.0, 953.0, 651.0]
[176.0, 16.0, 938.0, 588.0]
[0.0, 64.0, 763.0, 636.0]
[16.0, 64.0, 780.0, 637.0]
[48.0, 16.0, 813.0, 590.0]
[16.0, 80.0, 782.0, 654.0]
[112.0, 96.0, 879.0, 671.0]
[144.0, 48.0, 912.0, 624.0]
[64.0, 64.0, 833.0, 641.0]
[144.0, 16.0, 914.0, 594.0]
[64.0, 32.0, 835.0, 610.0]
[128.0, 64.0, 900.0, 643.0]
[48.0, 64.0, 821.0, 644.0]
[0.0, 32.0, 774.0, 612.0]
[32.0, 16.0, 807.0, 597.0]
[64.0, 80.0, 840.0, 662.0]
[32.0, 64.0, 809.0, 647.0]
[16.0, 0.0, 794.0, 584.0]
[112.0, 96.0, 891.0, 680.0]
[176.0, 16.0, 956.0, 601.0]
[96.0, 32.0, 877.0, 618.0]
[80.0, 32.0, 862.0, 618.0]
[128.0, 16.0, 911.0, 603.0]
[32.0, 32.0, 816.0, 620.0]
[64.0, 0.0, 849.0, 589.0]
[128.0, 48.0, 914.0, 638.0]
[0.0, 80.0, 787.0, 670.0]
[144.0, 32.0, 932.0, 623.0]
[80.0, 48.0, 869.0, 640.0]
[0.0, 0.0, 790.0, 592.0]
[96.0, 16.0, 887.0, 609.0]
[16.0, 48.0, 808.0, 642.0]
[48.0, 32.0, 841.0, 627.0]
[0.0, 64.0, 794.0, 660.0]
[96.0, 0.0, 891.0, 596.0]
[48.0, 16.0, 844.0, 613.0]
[32.0, 64.0, 829.0, 662.0]
[176.0, 48.0, 974.0, 646.0]
[128.0, 0.0, 927.0, 599.0]
[80.0, 16.0, 880.0, 616.0]
[128.0, 48.0, 929.0, 649.0]
[160.0, 64.0, 962.0, 666.0]
[32.0, 64.0, 835.0, 666.0]
[80.0, 0.0, 884.0, 603.0]
[96.0, 32.0, 901.0, 636.0]
[0.0, 48.0, 806.0, 652.0]
[0.0, 64.0, 807.0, 669.0]
[80.0, 32.0, 888.0, 638.0]
[96.0, 48.0, 905.0, 655.0]
[176.0, 48.0, 986.0, 656.0]
[0.0, 32.0, 811.0, 640.0]
[96.0, 32.0, 908.0, 641.0]
[64.0, 0.0, 877.0, 610.0]
[96.0, 32.0, 910.0, 642.0]
[96.0, 16.0, 911.0, 627.0]
[0.0, 0.0, 816.0, 612.0]
[32.0, 48.0, 849.0, 661.0]
[96.0, 0.0, 914.0, 614.0]
[48.0, 0.0, 867.0, 614.0]
[16.0, 48.0, 836.0, 663.0]
[128.0, 0.0, 949.0, 616.0]
[112.0, 64.0, 934.0, 680.0]
[48.0, 32.0, 871.0, 649.0]
[96.0, 64.0, 920.0, 682.0]
[96.0, 16.0, 921.0, 635.0]
[160.0, 48.0, 986.0, 668.0]
[112.0, 32.0, 939.0, 652.0]
[128.0, 48.0, 956.0, 669.0]
[0.0, 16.0, 829.0, 638.0]
[112.0, 16.0, 942.0, 638.0]
[160.0, 48.0, 991.0, 671.0]
[64.0, 32.0, 896.0, 656.0]
[64.0, 48.0, 897.0, 673.0]
[32.0, 32.0, 866.0, 658.0]
[160.0, 32.0, 995.0, 658.0]
[80.0, 32.0, 916.0, 659.0]
[64.0, 32.0, 901.0, 660.0]
[96.0, 0.0, 934.0, 628.0]
[160.0, 16.0, 999.0, 645.0]
[176.0, 16.0, 1016.0, 646.0]
[160.0, 0.0, 1001.0, 631.0]
[128.0, 48.0, 970.0, 680.0]
[144.0, 16.0, 987.0, 648.0]
[32.0, 0.0, 876.0, 633.0]
[64.0, 48.0, 909.0, 682.0]
[32.0, 32.0, 878.0, 666.0]
[48.0, 16.0, 895.0, 651.0]
[32.0, 16.0, 880.0, 652.0]
[80.0, 16.0, 929.0, 653.0]
[96.0, 32.0, 946.0, 670.0]
[144.0, 0.0, 995.0, 638.0]
[48.0, 32.0, 900.0, 671.0]
[16.0, 32.0, 869.0, 672.0]
[16.0, 32.0, 870.0, 672.0]
[16.0, 32.0, 871.0, 673.0]
[0.0, 0.0, 856.0, 642.0]
[16.0, 0.0, 873.0, 643.0]
[48.0, 16.0, 906.0, 660.0]
[16.0, 0.0, 875.0, 644.0]
[64.0, 32.0, 924.0, 677.0]
[48.0, 0.0, 909.0, 646.0]
[48.0, 32.0, 910.0, 678.0]
[48.0, 0.0, 911.0, 647.0]
[64.0, 32.0, 928.0, 680.0]
[80.0, 16.0, 945.0, 665.0]
[128.0, 0.0, 994.0, 650.0]
[16.0, 16.0, 883.0, 666.0]
[16.0, 0.0, 884.0, 651.0]
[128.0, 16.0, 997.0, 668.0]
[128.0, 0.0, 998.0, 652.0]
[144.0, 0.0, 1015.0, 653.0]
[96.0, 16.0, 968.0, 670.0]
[80.0, 0.0, 953.0, 655.0]
[96.0, 0.0, 970.0, 656.0]
[32.0, 0.0, 907.0, 656.0]
[112.0, 16.0, 988.0, 673.0]
[64.0, 0.0, 941.0, 658.0]
[144.0, 0.0, 1022.0, 658.0]
[128.0, 16.0, 1007.0, 675.0]
[64.0, 16.0, 944.0, 676.0]
[48.0, 0.0, 929.0, 661.0]
[32.0, 16.0, 914.0, 678.0]
[32.0, 16.0, 915.0, 678.0]
[16.0, 0.0, 900.0, 663.0]
[48.0, 16.0, 933.0, 680.0]
[48.0, 0.0, 934.0, 664.0]
[32.0, 0.0, 919.0, 665.0]
[80.0, 0.0, 968.0, 666.0]
[96.0, 0.0, 985.0, 667.0]
[112.0, 0.0, 1002.0, 668.0]
[112.0, 0.0, 1003.0, 668.0]
[16.0, 0.0, 908.0, 669.0]
[128.0, 0.0, 1021.0, 670.0]
[96.0, 0.0, 990.0, 670.0]
[32.0, 0.0, 927.0, 671.0]
[128.0, 0.0, 1024.0, 672.0]
[48.0, 0.0, 945.0, 673.0]
[16.0, 0.0, 914.0, 674.0]
[96.0, 0.0, 995.0, 674.0]
[48.0, 0.0, 948.0, 675.0]
[48.0, 0.0, 949.0, 676.0]
[80.0, 0.0, 982.0, 676.0]
[80.0, 0.0, 983.0, 677.0]
[64.0, 0.0, 968.0, 678.0]
[96.0, 0.0, 1001.0, 679.0]
[112.0, 0.0, 1018.0, 680.0]
[80.0, 0.0, 987.0, 680.0]
[112.0, 0.0, 1020.0, 681.0]
[96.0, 0.0, 1005.0, 682.0]
[48.0, 0.0, 958.0, 682.0]
