[96.0, 64.0, 837.0, 620.0]
[208.0, 80.0, 950.0, 636.0]
[48.0, 96.0, 791.0, 653.0]
[208.0, 32.0, 952.0, 590.0]
[48.0, 32.0, 793.0, 591.0]
[176.0, 64.0, 922.0, 624.0]
[160.0, 32.0, 907.0, 592.0]
[160.0, 32.0, 908.0, 593.0]
[48.0, 96.0, 797.0, 658.0]
[208.0, 80.0, 958.0, 642.0]
[224.0, 80.0, 975.0, 643.0]
[176.0, 64.0, 928.0, 628.0]
[160.0, 48.0, 913.0, 613.0]
[112.0, 32.0, 866.0, 598.0]
[240.0, 80.0, 995.0, 646.0]
[32.0, 48.0, 788.0, 615.0]
[144.0, 80.0, 901.0, 648.0]
[192.0, 64.0, 950.0, 632.0]
[128.0, 64.0, 887.0, 633.0]
[208.0, 16.0, 968.0, 586.0]
[224.0, 96.0, 985.0, 667.0]
[160.0, 32.0, 922.0, 604.0]
[80.0, 48.0, 843.0, 620.0]
[32.0, 48.0, 796.0, 621.0]
[96.0, 80.0, 861.0, 654.0]
[192.0, 80.0, 958.0, 654.0]
[80.0, 96.0, 847.0, 671.0]
[16.0, 48.0, 784.0, 624.0]
[144.0, 16.0, 913.0, 593.0]
[112.0, 80.0, 882.0, 658.0]
[128.0, 96.0, 899.0, 674.0]
[224.0, 16.0, 996.0, 595.0]
[112.0, 32.0, 885.0, 612.0]
[32.0, 64.0, 806.0, 644.0]
[176.0, 80.0, 951.0, 661.0]
[16.0, 64.0, 792.0, 646.0]
[112.0, 48.0, 889.0, 631.0]
[224.0, 80.0, 1002.0, 664.0]
[96.0, 80.0, 875.0, 664.0]
[128.0, 0.0, 908.0, 585.0]
[208.0, 80.0, 989.0, 666.0]
[48.0, 48.0, 830.0, 634.0]
[128.0, 96.0, 911.0, 683.0]
[128.0, 0.0, 912.0, 588.0]
[144.0, 32.0, 929.0, 621.0]
[96.0, 80.0, 882.0, 670.0]
[192.0, 0.0, 979.0, 590.0]
[112.0, 32.0, 900.0, 623.0]
[144.0, 32.0, 933.0, 624.0]
[176.0, 0.0, 966.0, 592.0]
[160.0, 16.0, 951.0, 609.0]
[112.0, 80.0, 904.0, 674.0]
[208.0, 48.0, 1001.0, 643.0]
[32.0, 0.0, 826.0, 596.0]
[208.0, 32.0, 1003.0, 628.0]
[80.0, 32.0, 876.0, 629.0]
[48.0, 32.0, 845.0, 630.0]
[48.0, 80.0, 846.0, 678.0]
[0.0, 48.0, 799.0, 647.0]
[128.0, 0.0, 928.0, 600.0]
[208.0, 0.0, 1009.0, 601.0]
[160.0, 32.0, 962.0, 634.0]
[112.0, 16.0, 915.0, 618.0]
[208.0, 48.0, 1012.0, 651.0]
[0.0, 32.0, 805.0, 636.0]
[96.0, 64.0, 902.0, 668.0]
[32.0, 0.0, 839.0, 605.0]
[16.0, 0.0, 824.0, 606.0]
[80.0, 16.0, 889.0, 623.0]
[80.0, 48.0, 890.0, 656.0]
[64.0, 16.0, 875.0, 624.0]
[48.0, 64.0, 860.0, 673.0]
[80.0, 32.0, 893.0, 642.0]
[176.0, 32.0, 990.0, 642.0]
[16.0, 48.0, 831.0, 659.0]
[160.0, 64.0, 976.0, 676.0]
[32.0, 16.0, 849.0, 629.0]
[0.0, 48.0, 818.0, 662.0]
[16.0, 16.0, 835.0, 630.0]
[48.0, 0.0, 868.0, 615.0]
[16.0, 48.0, 837.0, 664.0]
[48.0, 0.0, 870.0, 616.0]
[176.0, 0.0, 999.0, 617.0]
[32.0, 0.0, 856.0, 618.0]
[192.0, 48.0, 1017.0, 667.0]
[192.0, 0.0, 1018.0, 620.0]
[176.0, 16.0, 1003.0, 636.0]
[16.0, 48.0, 844.0, 669.0]
[0.0, 16.0, 829.0, 638.0]
[128.0, 16.0, 958.0, 638.0]
[80.0, 32.0, 911.0, 655.0]
[112.0, 32.0, 944.0, 656.0]
[16.0, 32.0, 849.0, 657.0]
[80.0, 16.0, 914.0, 642.0]
[160.0, 32.0, 995.0, 658.0]
[80.0, 0.0, 916.0, 627.0]
[128.0, 48.0, 965.0, 676.0]
[144.0, 32.0, 982.0, 660.0]
[48.0, 0.0, 887.0, 629.0]
[32.0, 48.0, 872.0, 678.0]
[176.0, 32.0, 1017.0, 663.0]
[48.0, 0.0, 890.0, 632.0]
[128.0, 48.0, 971.0, 680.0]
[80.0, 32.0, 924.0, 665.0]
[160.0, 0.0, 1005.0, 634.0]
[144.0, 16.0, 990.0, 650.0]
[16.0, 48.0, 863.0, 683.0]
[96.0, 32.0, 944.0, 668.0]
[64.0, 0.0, 913.0, 637.0]
[32.0, 16.0, 882.0, 654.0]
[16.0, 32.0, 867.0, 670.0]
[128.0, 32.0, 980.0, 671.0]
[80.0, 32.0, 933.0, 672.0]
[144.0, 16.0, 998.0, 656.0]
[0.0, 32.0, 855.0, 673.0]
[48.0, 0.0, 904.0, 642.0]
[160.0, 32.0, 1017.0, 675.0]
[112.0, 16.0, 970.0, 660.0]
[160.0, 16.0, 1019.0, 660.0]
[96.0, 32.0, 956.0, 677.0]
[96.0, 0.0, 957.0, 646.0]
[16.0, 16.0, 878.0, 662.0]
[144.0, 32.0, 1007.0, 679.0]
[80.0, 0.0, 944.0, 648.0]
[80.0, 0.0, 945.0, 649.0]
[128.0, 32.0, 994.0, 682.0]
[112.0, 16.0, 979.0, 666.0]
[96.0, 16.0, 964.0, 667.0]
[144.0, 16.0, 1013.0, 668.0]
[112.0, 16.0, 982.0, 668.0]
[48.0, 0.0, 919.0, 653.0]
[112.0, 16.0, 984.0, 670.0]
[48.0, 0.0, 921.0, 655.0]
[32.0, 16.0, 906.0, 672.0]
[144.0, 16.0, 1019.0, 672.0]
[96.0, 16.0, 972.0, 673.0]
[16.0, 16.0, 893.0, 674.0]
[0.0, 0.0, 878.0, 658.0]
[0.0, 16.0, 879.0, 675.0]
[80.0, 0.0, 960.0, 660.0]
[32.0, 16.0, 913.0, 677.0]
[16.0, 0.0, 898.0, 662.0]
[112.0, 0.0, 995.0, 662.0]
[80.0, 0.0, 964.0, 663.0]
[48.0, 0.0, 933.0, 664.0]
[32.0, 16.0, 918.0, 680.0]
[80.0, 16.0, 967.0, 681.0]
[112.0, 0.0, 1000.0, 666.0]
[64.0, 16.0, 953.0, 683.0]
[32.0, 0.0, 922.0, 668.0]
[64.0, 0.0, 955.0, 668.0]
[64.0, 0.0, 956.0, 669.0]
[64.0, 0.0, 957.0, 670.0]
[0.0, 0.0, 894.0, 670.0]
[80.0, 0.0, 975.0, 671.0]
[80.0, 0.0, 976.0, 672.0]
[80.0, 0.0, 977.0, 673.0]
[80.0, 0.0, 978.0, 674.0]
[48.0, 0.0, 947.0, 674.0]
[16.0, 0.0, 916.0, 675.0]
[0.0, 0.0, 901.0, 676.0]
[96.0, 0.0, 998.0, 676.0]
[48.0, 0.0, 951.0, 677.0]
[64.0, 0.0, 968.0, 678.0]
[112.0, 0.0, 1017.0, 679.0]
[0.0, 0.0, 906.0, 680.0]
[0.0, 0.0, 907.0, 680.0]
[0.0, 0.0, 908.0, 681.0]
[112.0, 0.0, 1021.0, 682.0]
[48.0, 0.0, 958.0, 682.0]
[64.0, 0.0, 975.0, 683.0]
