[128.0, 0.0, 846.0, 538.0]
[192.0, 16.0, 911.0, 555.0]
[144.0, 0.0, 864.0, 540.0]
[192.0, 0.0, 913.0, 541.0]
[144.0, 16.0, 866.0, 558.0]
[176.0, 0.0, 899.0, 542.0]
[112.0, 16.0, 836.0, 559.0]
[128.0, 16.0, 853.0, 560.0]
[96.0, 16.0, 822.0, 560.0]
[224.0, 0.0, 951.0, 545.0]
[240.0, 16.0, 968.0, 562.0]
[192.0, 0.0, 921.0, 547.0]
[240.0, 0.0, 970.0, 548.0]
[240.0, 16.0, 971.0, 564.0]
[80.0, 0.0, 812.0, 549.0]
[112.0, 16.0, 845.0, 566.0]
[240.0, 16.0, 974.0, 566.0]
[144.0, 0.0, 879.0, 551.0]
[80.0, 0.0, 816.0, 552.0]
[208.0, 16.0, 945.0, 569.0]
[128.0, 16.0, 866.0, 570.0]
[112.0, 0.0, 851.0, 554.0]
[96.0, 16.0, 836.0, 571.0]
[128.0, 16.0, 869.0, 572.0]
[240.0, 16.0, 982.0, 572.0]
[128.0, 0.0, 871.0, 557.0]
[112.0, 0.0, 856.0, 558.0]
[112.0, 0.0, 857.0, 559.0]
[48.0, 16.0, 794.0, 576.0]
[176.0, 16.0, 923.0, 576.0]
[144.0, 0.0, 892.0, 561.0]
[80.0, 0.0, 829.0, 562.0]
[160.0, 0.0, 910.0, 562.0]
[160.0, 0.0, 911.0, 563.0]
[160.0, 0.0, 912.0, 564.0]
[192.0, 0.0, 945.0, 565.0]
[80.0, 0.0, 834.0, 566.0]
[192.0, 0.0, 947.0, 566.0]
[208.0, 0.0, 964.0, 567.0]
[160.0, 0.0, 917.0, 568.0]
[128.0, 0.0, 886.0, 568.0]
[224.0, 0.0, 983.0, 569.0]
[208.0, 0.0, 968.0, 570.0]
[80.0, 0.0, 841.0, 571.0]
[80.0, 0.0, 842.0, 572.0]
[176.0, 0.0, 939.0, 572.0]
[64.0, 0.0, 828.0, 573.0]
[96.0, 0.0, 861.0, 574.0]
[128.0, 0.0, 894.0, 574.0]
[128.0, 0.0, 895.0, 575.0]
[144.0, 0.0, 912.0, 576.0]
