[176.0, 96.0, 925.0, 658.0]
[176.0, 144.0, 926.0, 706.0]
[112.0, 96.0, 863.0, 659.0]
[112.0, 96.0, 864.0, 660.0]
[48.0, 112.0, 801.0, 677.0]
[192.0, 144.0, 946.0, 710.0]
[64.0, 144.0, 819.0, 710.0]
[112.0, 160.0, 868.0, 727.0]
[144.0, 128.0, 901.0, 696.0]
[208.0, 96.0, 966.0, 664.0]
[48.0, 128.0, 807.0, 697.0]
[80.0, 112.0, 840.0, 682.0]
[64.0, 160.0, 825.0, 731.0]
[192.0, 176.0, 954.0, 748.0]
[160.0, 128.0, 923.0, 700.0]
[160.0, 112.0, 924.0, 685.0]
[48.0, 160.0, 813.0, 734.0]
[48.0, 176.0, 814.0, 750.0]
[32.0, 128.0, 799.0, 703.0]
[112.0, 96.0, 880.0, 672.0]
[112.0, 80.0, 881.0, 657.0]
[64.0, 128.0, 834.0, 706.0]
[144.0, 112.0, 915.0, 690.0]
[144.0, 128.0, 916.0, 707.0]
[128.0, 96.0, 901.0, 676.0]
[160.0, 96.0, 934.0, 676.0]
[80.0, 176.0, 855.0, 757.0]
[48.0, 112.0, 824.0, 694.0]
[176.0, 160.0, 953.0, 743.0]
[32.0, 96.0, 810.0, 680.0]
[32.0, 160.0, 811.0, 744.0]
[160.0, 96.0, 940.0, 681.0]
[80.0, 176.0, 861.0, 762.0]
[160.0, 160.0, 942.0, 746.0]
[144.0, 96.0, 927.0, 683.0]
[128.0, 80.0, 912.0, 668.0]
[32.0, 128.0, 817.0, 717.0]
[176.0, 160.0, 962.0, 750.0]
[48.0, 144.0, 835.0, 734.0]
[128.0, 144.0, 916.0, 735.0]
[176.0, 96.0, 965.0, 688.0]
[80.0, 144.0, 870.0, 736.0]
[64.0, 64.0, 855.0, 657.0]
[96.0, 64.0, 888.0, 658.0]
[32.0, 80.0, 825.0, 675.0]
[112.0, 160.0, 906.0, 756.0]
[64.0, 144.0, 859.0, 740.0]
[224.0, 144.0, 1020.0, 741.0]
[80.0, 160.0, 877.0, 758.0]
[32.0, 96.0, 830.0, 694.0]
[176.0, 64.0, 975.0, 663.0]
[32.0, 96.0, 832.0, 696.0]
[48.0, 144.0, 849.0, 745.0]
[176.0, 112.0, 978.0, 714.0]
[128.0, 64.0, 931.0, 666.0]
[32.0, 112.0, 836.0, 715.0]
[112.0, 48.0, 917.0, 652.0]
[64.0, 160.0, 870.0, 764.0]
[96.0, 96.0, 903.0, 701.0]
[160.0, 160.0, 968.0, 766.0]
[48.0, 80.0, 857.0, 687.0]
[64.0, 96.0, 874.0, 704.0]
[16.0, 128.0, 827.0, 736.0]
[80.0, 64.0, 892.0, 673.0]
[208.0, 96.0, 1021.0, 706.0]
[144.0, 112.0, 958.0, 722.0]
[0.0, 112.0, 815.0, 723.0]
[144.0, 112.0, 960.0, 724.0]
[32.0, 112.0, 849.0, 725.0]
[112.0, 144.0, 930.0, 758.0]
[64.0, 64.0, 883.0, 678.0]
[80.0, 128.0, 900.0, 743.0]
[144.0, 80.0, 965.0, 696.0]
[48.0, 80.0, 870.0, 696.0]
[64.0, 80.0, 887.0, 697.0]
[176.0, 80.0, 1000.0, 698.0]
[112.0, 32.0, 937.0, 651.0]
[64.0, 112.0, 890.0, 732.0]
[112.0, 96.0, 939.0, 716.0]
[80.0, 128.0, 908.0, 749.0]
[80.0, 48.0, 909.0, 670.0]
[144.0, 48.0, 974.0, 670.0]
[96.0, 64.0, 927.0, 687.0]
[112.0, 32.0, 944.0, 656.0]
[0.0, 80.0, 833.0, 705.0]
[80.0, 32.0, 914.0, 658.0]
[160.0, 128.0, 995.0, 754.0]
[96.0, 48.0, 932.0, 675.0]
[48.0, 128.0, 885.0, 756.0]
[80.0, 128.0, 918.0, 756.0]
[160.0, 80.0, 999.0, 709.0]
[64.0, 96.0, 904.0, 726.0]
[80.0, 96.0, 921.0, 727.0]
[160.0, 128.0, 1002.0, 760.0]
[16.0, 64.0, 859.0, 696.0]
[32.0, 48.0, 876.0, 681.0]
[112.0, 96.0, 957.0, 730.0]
[176.0, 80.0, 1022.0, 714.0]
[96.0, 48.0, 943.0, 683.0]
[128.0, 128.0, 976.0, 764.0]
[16.0, 128.0, 865.0, 765.0]
[64.0, 32.0, 914.0, 670.0]
[32.0, 128.0, 883.0, 766.0]
[144.0, 32.0, 996.0, 671.0]
[96.0, 128.0, 949.0, 768.0]
[144.0, 96.0, 998.0, 736.0]
[80.0, 96.0, 935.0, 737.0]
[48.0, 80.0, 904.0, 722.0]
[160.0, 64.0, 1017.0, 707.0]
[128.0, 112.0, 986.0, 756.0]
[16.0, 32.0, 875.0, 676.0]
[48.0, 64.0, 908.0, 709.0]
[96.0, 96.0, 957.0, 742.0]
[128.0, 64.0, 990.0, 710.0]
[64.0, 80.0, 927.0, 727.0]
[0.0, 64.0, 864.0, 712.0]
[16.0, 96.0, 881.0, 745.0]
[0.0, 112.0, 866.0, 762.0]
[112.0, 80.0, 979.0, 730.0]
[0.0, 32.0, 868.0, 683.0]
[144.0, 80.0, 1013.0, 732.0]
[112.0, 112.0, 982.0, 764.0]
[64.0, 80.0, 935.0, 733.0]
[32.0, 112.0, 904.0, 766.0]
[144.0, 64.0, 1017.0, 719.0]
[80.0, 32.0, 954.0, 688.0]
[112.0, 80.0, 987.0, 736.0]
[128.0, 64.0, 1004.0, 721.0]
[16.0, 96.0, 893.0, 754.0]
[48.0, 16.0, 926.0, 674.0]
[96.0, 64.0, 975.0, 723.0]
[48.0, 80.0, 928.0, 740.0]
[128.0, 64.0, 1009.0, 725.0]
[80.0, 32.0, 962.0, 694.0]
[112.0, 16.0, 995.0, 678.0]
[16.0, 16.0, 900.0, 679.0]
[48.0, 80.0, 933.0, 744.0]
[80.0, 0.0, 966.0, 664.0]
[64.0, 0.0, 951.0, 665.0]
[0.0, 48.0, 888.0, 714.0]
[32.0, 32.0, 921.0, 699.0]
[128.0, 32.0, 1018.0, 700.0]
[64.0, 48.0, 955.0, 716.0]
[96.0, 48.0, 988.0, 717.0]
[128.0, 64.0, 1021.0, 734.0]
[0.0, 80.0, 894.0, 750.0]
[0.0, 80.0, 895.0, 751.0]
[32.0, 16.0, 928.0, 688.0]
[96.0, 48.0, 993.0, 721.0]
[48.0, 48.0, 946.0, 722.0]
[16.0, 16.0, 915.0, 690.0]
[64.0, 16.0, 964.0, 691.0]
[80.0, 32.0, 981.0, 708.0]
[80.0, 80.0, 982.0, 756.0]
[112.0, 32.0, 1015.0, 709.0]
[112.0, 0.0, 1016.0, 678.0]
[16.0, 32.0, 921.0, 711.0]
[48.0, 32.0, 954.0, 712.0]
[16.0, 16.0, 923.0, 696.0]
[96.0, 64.0, 1004.0, 745.0]
[0.0, 48.0, 909.0, 730.0]
[32.0, 80.0, 942.0, 762.0]
[80.0, 80.0, 991.0, 763.0]
[80.0, 0.0, 992.0, 684.0]
[64.0, 16.0, 977.0, 701.0]
[32.0, 80.0, 946.0, 766.0]
[48.0, 16.0, 963.0, 702.0]
[64.0, 80.0, 980.0, 767.0]
[16.0, 64.0, 933.0, 752.0]
[80.0, 80.0, 998.0, 768.0]
[96.0, 0.0, 1015.0, 689.0]
[80.0, 16.0, 1000.0, 706.0]
[16.0, 64.0, 937.0, 755.0]
[96.0, 48.0, 1018.0, 740.0]
[16.0, 0.0, 939.0, 692.0]
[32.0, 64.0, 956.0, 757.0]
[16.0, 48.0, 941.0, 742.0]
[80.0, 32.0, 1006.0, 726.0]
[48.0, 32.0, 975.0, 727.0]
[80.0, 0.0, 1008.0, 696.0]
[16.0, 32.0, 945.0, 729.0]
[32.0, 32.0, 962.0, 730.0]
[80.0, 64.0, 1011.0, 762.0]
[32.0, 32.0, 964.0, 731.0]
[80.0, 32.0, 1013.0, 732.0]
[16.0, 48.0, 950.0, 748.0]
[16.0, 0.0, 951.0, 701.0]
[80.0, 48.0, 1016.0, 750.0]
[48.0, 16.0, 985.0, 719.0]
[64.0, 48.0, 1002.0, 752.0]
[16.0, 32.0, 955.0, 736.0]
[64.0, 32.0, 1004.0, 737.0]
[0.0, 16.0, 941.0, 722.0]
[80.0, 0.0, 1022.0, 706.0]
[16.0, 48.0, 959.0, 755.0]
[32.0, 0.0, 976.0, 708.0]
[48.0, 48.0, 993.0, 757.0]
[0.0, 48.0, 946.0, 758.0]
[16.0, 0.0, 963.0, 710.0]
[32.0, 16.0, 980.0, 727.0]
[64.0, 48.0, 1013.0, 760.0]
[32.0, 32.0, 982.0, 744.0]
[32.0, 16.0, 983.0, 729.0]
[16.0, 48.0, 968.0, 762.0]
[16.0, 16.0, 969.0, 731.0]
[64.0, 48.0, 1018.0, 764.0]
[32.0, 32.0, 987.0, 748.0]
[48.0, 32.0, 1004.0, 749.0]
[0.0, 0.0, 957.0, 718.0]
[64.0, 32.0, 1022.0, 750.0]
[32.0, 32.0, 991.0, 751.0]
[48.0, 16.0, 1008.0, 736.0]
[32.0, 0.0, 993.0, 721.0]
[16.0, 32.0, 978.0, 754.0]
[32.0, 0.0, 995.0, 722.0]
[48.0, 0.0, 1012.0, 723.0]
[48.0, 16.0, 1013.0, 740.0]
[32.0, 32.0, 998.0, 756.0]
[48.0, 16.0, 1015.0, 741.0]
[32.0, 32.0, 1000.0, 758.0]
[32.0, 32.0, 1001.0, 759.0]
[16.0, 32.0, 986.0, 760.0]
[48.0, 0.0, 1019.0, 728.0]
[0.0, 16.0, 972.0, 745.0]
[0.0, 0.0, 973.0, 730.0]
[48.0, 0.0, 1022.0, 730.0]
[0.0, 0.0, 975.0, 731.0]
[16.0, 32.0, 992.0, 764.0]
[0.0, 32.0, 977.0, 765.0]
[16.0, 32.0, 994.0, 766.0]
[0.0, 0.0, 979.0, 734.0]
[16.0, 16.0, 996.0, 751.0]
[16.0, 0.0, 997.0, 736.0]
[16.0, 0.0, 998.0, 736.0]
[16.0, 16.0, 999.0, 753.0]
[16.0, 16.0, 1000.0, 754.0]
[32.0, 0.0, 1017.0, 739.0]
[16.0, 0.0, 1002.0, 740.0]
[32.0, 16.0, 1019.0, 756.0]
[32.0, 16.0, 1020.0, 757.0]
[32.0, 0.0, 1021.0, 742.0]
[0.0, 16.0, 990.0, 758.0]
[16.0, 16.0, 1007.0, 759.0]
[16.0, 0.0, 1008.0, 744.0]
[16.0, 0.0, 1009.0, 745.0]
[16.0, 0.0, 1010.0, 746.0]
[0.0, 16.0, 995.0, 762.0]
[0.0, 16.0, 996.0, 763.0]
[0.0, 0.0, 997.0, 748.0]
[16.0, 0.0, 1014.0, 748.0]
[16.0, 16.0, 1015.0, 765.0]
[0.0, 16.0, 1000.0, 766.0]
[16.0, 16.0, 1017.0, 767.0]
[0.0, 0.0, 1002.0, 752.0]
[0.0, 0.0, 1003.0, 752.0]
[16.0, 0.0, 1020.0, 753.0]
[16.0, 0.0, 1021.0, 754.0]
[0.0, 0.0, 1006.0, 754.0]
[16.0, 0.0, 1023.0, 755.0]
[0.0, 0.0, 1008.0, 756.0]
[0.0, 0.0, 1009.0, 757.0]
[0.0, 0.0, 1010.0, 758.0]
[0.0, 0.0, 1011.0, 758.0]
[0.0, 0.0, 1012.0, 759.0]
[0.0, 0.0, 1013.0, 760.0]
[0.0, 0.0, 1014.0, 760.0]
[0.0, 0.0, 1015.0, 761.0]
[0.0, 0.0, 1016.0, 762.0]
[0.0, 0.0, 1017.0, 763.0]
[0.0, 0.0, 1018.0, 764.0]
[0.0, 0.0, 1019.0, 764.0]
[0.0, 0.0, 1020.0, 765.0]
[0.0, 0.0, 1021.0, 766.0]
[0.0, 0.0, 1022.0, 766.0]
[0.0, 0.0, 1023.0, 767.0]
[0.0, 0.0, 1024.0, 768.0]
