[96.0, 32.0, 634.0, 749.0]
[48.0, 160.0, 586.0, 878.0]
[48.0, 80.0, 587.0, 799.0]
[64.0, 160.0, 604.0, 880.0]
[64.0, 96.0, 605.0, 817.0]
[32.0, 176.0, 574.0, 898.0]
[48.0, 128.0, 590.0, 851.0]
[64.0, 192.0, 607.0, 916.0]
[112.0, 96.0, 656.0, 821.0]
[16.0, 144.0, 560.0, 870.0]
[16.0, 80.0, 561.0, 807.0]
[96.0, 128.0, 642.0, 856.0]
[80.0, 112.0, 627.0, 841.0]
[32.0, 144.0, 580.0, 874.0]
[128.0, 112.0, 676.0, 843.0]
[112.0, 176.0, 661.0, 908.0]
[32.0, 96.0, 582.0, 829.0]
[112.0, 112.0, 662.0, 846.0]
[128.0, 80.0, 679.0, 815.0]
[112.0, 80.0, 664.0, 816.0]
[32.0, 144.0, 585.0, 881.0]
[112.0, 128.0, 666.0, 866.0]
[96.0, 48.0, 650.0, 787.0]
[0.0, 80.0, 555.0, 820.0]
[48.0, 128.0, 604.0, 869.0]
[80.0, 16.0, 636.0, 758.0]
[16.0, 160.0, 573.0, 903.0]
[80.0, 16.0, 638.0, 760.0]
[112.0, 112.0, 671.0, 857.0]
[32.0, 176.0, 592.0, 922.0]
[64.0, 64.0, 624.0, 811.0]
[96.0, 32.0, 657.0, 780.0]
[32.0, 192.0, 594.0, 941.0]
[32.0, 0.0, 594.0, 750.0]
[112.0, 64.0, 675.0, 815.0]
[0.0, 144.0, 564.0, 896.0]
[80.0, 64.0, 645.0, 817.0]
[64.0, 32.0, 630.0, 786.0]
[112.0, 160.0, 678.0, 915.0]
[48.0, 48.0, 615.0, 804.0]
[16.0, 64.0, 584.0, 821.0]
[80.0, 144.0, 648.0, 902.0]
[64.0, 112.0, 633.0, 871.0]
[64.0, 80.0, 634.0, 840.0]
[16.0, 112.0, 587.0, 873.0]
[16.0, 16.0, 588.0, 778.0]
[0.0, 112.0, 572.0, 875.0]
[48.0, 16.0, 621.0, 780.0]
[80.0, 32.0, 654.0, 797.0]
[96.0, 16.0, 670.0, 782.0]
[48.0, 128.0, 623.0, 895.0]
[80.0, 144.0, 656.0, 912.0]
[64.0, 0.0, 641.0, 769.0]
[96.0, 80.0, 674.0, 850.0]
[80.0, 112.0, 658.0, 883.0]
[32.0, 32.0, 611.0, 804.0]
[64.0, 16.0, 644.0, 789.0]
[32.0, 160.0, 612.0, 934.0]
[16.0, 64.0, 597.0, 839.0]
[96.0, 160.0, 678.0, 936.0]
[80.0, 128.0, 663.0, 905.0]
[80.0, 96.0, 664.0, 874.0]
[32.0, 176.0, 616.0, 955.0]
[32.0, 128.0, 617.0, 908.0]
[48.0, 96.0, 634.0, 877.0]
[64.0, 128.0, 650.0, 910.0]
[0.0, 32.0, 587.0, 815.0]
[80.0, 0.0, 668.0, 784.0]
[0.0, 144.0, 589.0, 929.0]
[80.0, 176.0, 670.0, 962.0]
[16.0, 144.0, 606.0, 931.0]
[0.0, 0.0, 591.0, 788.0]
[48.0, 48.0, 640.0, 837.0]
[64.0, 96.0, 656.0, 886.0]
[0.0, 64.0, 593.0, 855.0]
[80.0, 96.0, 674.0, 888.0]
[80.0, 80.0, 675.0, 873.0]
[0.0, 48.0, 596.0, 842.0]
[32.0, 144.0, 628.0, 939.0]
[32.0, 192.0, 629.0, 988.0]
[48.0, 16.0, 646.0, 813.0]
[0.0, 80.0, 598.0, 878.0]
[16.0, 176.0, 615.0, 975.0]
[0.0, 112.0, 600.0, 912.0]
[48.0, 160.0, 649.0, 961.0]
[16.0, 48.0, 618.0, 850.0]
[64.0, 80.0, 666.0, 883.0]
[64.0, 144.0, 667.0, 948.0]
[0.0, 144.0, 604.0, 949.0]
[64.0, 16.0, 668.0, 822.0]
[32.0, 160.0, 637.0, 967.0]
[0.0, 32.0, 606.0, 840.0]
[0.0, 48.0, 607.0, 857.0]
[0.0, 16.0, 608.0, 826.0]
[0.0, 32.0, 608.0, 843.0]
[32.0, 0.0, 641.0, 812.0]
[64.0, 48.0, 674.0, 861.0]
[0.0, 48.0, 610.0, 862.0]
[32.0, 112.0, 643.0, 927.0]
[48.0, 176.0, 660.0, 992.0]
[64.0, 144.0, 677.0, 961.0]
[32.0, 144.0, 646.0, 962.0]
[64.0, 0.0, 678.0, 819.0]
[64.0, 32.0, 679.0, 852.0]
[16.0, 112.0, 632.0, 933.0]
[0.0, 160.0, 616.0, 982.0]
[0.0, 16.0, 617.0, 839.0]
[48.0, 16.0, 666.0, 840.0]
[48.0, 160.0, 667.0, 985.0]
[32.0, 128.0, 652.0, 954.0]
[48.0, 32.0, 668.0, 859.0]
[32.0, 176.0, 653.0, 1004.0]
[0.0, 160.0, 622.0, 989.0]
[16.0, 144.0, 638.0, 974.0]
[16.0, 160.0, 639.0, 991.0]
[32.0, 144.0, 656.0, 976.0]
[32.0, 32.0, 657.0, 865.0]
[48.0, 144.0, 674.0, 978.0]
[48.0, 48.0, 674.0, 883.0]
[0.0, 160.0, 627.0, 996.0]
[16.0, 80.0, 644.0, 917.0]
[0.0, 112.0, 628.0, 950.0]
[0.0, 144.0, 629.0, 983.0]
[16.0, 64.0, 646.0, 904.0]
[16.0, 48.0, 647.0, 889.0]
[48.0, 32.0, 680.0, 874.0]
[32.0, 160.0, 664.0, 1003.0]
[32.0, 64.0, 665.0, 908.0]
[16.0, 80.0, 650.0, 925.0]
[32.0, 160.0, 666.0, 1006.0]
[16.0, 64.0, 651.0, 911.0]
[0.0, 160.0, 636.0, 1008.0]
[0.0, 16.0, 637.0, 865.0]
[16.0, 128.0, 654.0, 978.0]
[0.0, 0.0, 638.0, 851.0]
[32.0, 0.0, 671.0, 852.0]
[16.0, 16.0, 656.0, 869.0]
[16.0, 64.0, 656.0, 918.0]
[0.0, 128.0, 641.0, 983.0]
[32.0, 96.0, 674.0, 952.0]
[32.0, 96.0, 675.0, 953.0]
[32.0, 96.0, 676.0, 954.0]
[16.0, 32.0, 660.0, 891.0]
[32.0, 32.0, 677.0, 892.0]
[32.0, 128.0, 678.0, 989.0]
[0.0, 32.0, 646.0, 894.0]
[32.0, 112.0, 679.0, 975.0]
[0.0, 64.0, 648.0, 928.0]
[0.0, 144.0, 649.0, 1009.0]
[32.0, 16.0, 682.0, 882.0]
[32.0, 0.0, 682.0, 867.0]
[16.0, 16.0, 667.0, 884.0]
[0.0, 96.0, 652.0, 965.0]
[16.0, 16.0, 668.0, 886.0]
[0.0, 0.0, 653.0, 871.0]
[16.0, 80.0, 670.0, 952.0]
[16.0, 0.0, 671.0, 873.0]
[0.0, 96.0, 656.0, 970.0]
[16.0, 0.0, 672.0, 875.0]
[0.0, 144.0, 657.0, 1020.0]
[0.0, 128.0, 658.0, 1005.0]
[0.0, 80.0, 658.0, 958.0]
[0.0, 16.0, 659.0, 895.0]
[16.0, 80.0, 676.0, 960.0]
[16.0, 96.0, 677.0, 977.0]
[0.0, 16.0, 662.0, 898.0]
[0.0, 128.0, 662.0, 1011.0]
[0.0, 0.0, 663.0, 884.0]
[16.0, 0.0, 680.0, 885.0]
[16.0, 32.0, 680.0, 918.0]
[0.0, 0.0, 665.0, 887.0]
[16.0, 96.0, 682.0, 984.0]
[0.0, 64.0, 667.0, 953.0]
[0.0, 32.0, 668.0, 922.0]
[0.0, 64.0, 668.0, 955.0]
[0.0, 128.0, 669.0, 1020.0]
[0.0, 80.0, 670.0, 973.0]
[0.0, 80.0, 670.0, 974.0]
[0.0, 64.0, 671.0, 959.0]
[0.0, 32.0, 672.0, 928.0]
[0.0, 32.0, 673.0, 929.0]
[0.0, 64.0, 674.0, 962.0]
[0.0, 112.0, 674.0, 1011.0]
[0.0, 80.0, 675.0, 980.0]
[0.0, 48.0, 676.0, 949.0]
[0.0, 48.0, 676.0, 950.0]
[0.0, 96.0, 677.0, 999.0]
[0.0, 64.0, 678.0, 968.0]
[0.0, 96.0, 679.0, 1001.0]
[0.0, 0.0, 680.0, 906.0]
[0.0, 64.0, 680.0, 971.0]
[0.0, 112.0, 681.0, 1020.0]
[0.0, 80.0, 682.0, 989.0]
[0.0, 64.0, 682.0, 974.0]
[0.0, 16.0, 683.0, 927.0]
