[48.0, 80.0, 765.0, 618.0]
[224.0, 80.0, 942.0, 618.0]
[80.0, 96.0, 799.0, 635.0]
[112.0, 48.0, 832.0, 588.0]
[48.0, 96.0, 769.0, 637.0]
[256.0, 80.0, 978.0, 622.0]
[160.0, 48.0, 883.0, 590.0]
[160.0, 48.0, 884.0, 591.0]
[112.0, 96.0, 837.0, 640.0]
[144.0, 48.0, 870.0, 592.0]
[224.0, 64.0, 951.0, 609.0]
[112.0, 64.0, 840.0, 610.0]
[240.0, 64.0, 969.0, 611.0]
[144.0, 80.0, 874.0, 628.0]
[112.0, 96.0, 843.0, 644.0]
[96.0, 80.0, 828.0, 629.0]
[96.0, 96.0, 829.0, 646.0]
[192.0, 96.0, 926.0, 646.0]
[48.0, 80.0, 783.0, 631.0]
[192.0, 32.0, 928.0, 584.0]
[96.0, 96.0, 833.0, 649.0]
[128.0, 48.0, 866.0, 602.0]
[128.0, 64.0, 867.0, 618.0]
[256.0, 48.0, 996.0, 603.0]
[80.0, 32.0, 821.0, 588.0]
[48.0, 80.0, 790.0, 636.0]
[144.0, 32.0, 887.0, 589.0]
[240.0, 80.0, 984.0, 638.0]
[112.0, 48.0, 857.0, 607.0]
[80.0, 64.0, 826.0, 624.0]
[48.0, 80.0, 795.0, 640.0]
[80.0, 96.0, 828.0, 657.0]
[240.0, 48.0, 989.0, 610.0]
[160.0, 64.0, 910.0, 626.0]
[64.0, 48.0, 815.0, 611.0]
[48.0, 80.0, 800.0, 644.0]
[112.0, 80.0, 865.0, 645.0]
[160.0, 80.0, 914.0, 646.0]
[32.0, 64.0, 787.0, 630.0]
[144.0, 32.0, 900.0, 599.0]
[224.0, 16.0, 981.0, 584.0]
[128.0, 64.0, 886.0, 632.0]
[112.0, 64.0, 871.0, 633.0]
[192.0, 16.0, 952.0, 586.0]
[128.0, 32.0, 889.0, 603.0]
[144.0, 32.0, 906.0, 604.0]
[240.0, 64.0, 1003.0, 636.0]
[160.0, 32.0, 924.0, 605.0]
[160.0, 64.0, 925.0, 638.0]
[208.0, 96.0, 974.0, 670.0]
[144.0, 48.0, 911.0, 623.0]
[32.0, 80.0, 800.0, 656.0]
[112.0, 80.0, 881.0, 657.0]
[48.0, 80.0, 818.0, 658.0]
[208.0, 16.0, 979.0, 594.0]
[32.0, 48.0, 804.0, 627.0]
[144.0, 64.0, 917.0, 644.0]
[144.0, 32.0, 918.0, 612.0]
[192.0, 64.0, 967.0, 645.0]
[48.0, 0.0, 824.0, 582.0]
[128.0, 80.0, 905.0, 663.0]
[144.0, 0.0, 922.0, 584.0]
[48.0, 48.0, 827.0, 632.0]
[16.0, 16.0, 796.0, 601.0]
[64.0, 48.0, 845.0, 634.0]
[80.0, 80.0, 862.0, 666.0]
[16.0, 64.0, 799.0, 651.0]
[128.0, 32.0, 912.0, 620.0]
[160.0, 32.0, 945.0, 621.0]
[192.0, 80.0, 978.0, 670.0]
[32.0, 48.0, 819.0, 638.0]
[144.0, 64.0, 932.0, 655.0]
[208.0, 48.0, 997.0, 640.0]
[64.0, 80.0, 854.0, 672.0]
[48.0, 32.0, 839.0, 625.0]
[128.0, 16.0, 920.0, 610.0]
[160.0, 80.0, 953.0, 675.0]
[192.0, 80.0, 986.0, 676.0]
[192.0, 48.0, 987.0, 644.0]
[192.0, 48.0, 988.0, 645.0]
[160.0, 16.0, 957.0, 614.0]
[208.0, 16.0, 1006.0, 614.0]
[144.0, 0.0, 943.0, 599.0]
[192.0, 0.0, 992.0, 600.0]
[128.0, 80.0, 929.0, 681.0]
[192.0, 0.0, 994.0, 602.0]
[64.0, 80.0, 867.0, 682.0]
[160.0, 48.0, 964.0, 651.0]
[128.0, 32.0, 933.0, 636.0]
[16.0, 32.0, 822.0, 636.0]
[32.0, 16.0, 839.0, 621.0]
[32.0, 64.0, 840.0, 670.0]
[64.0, 64.0, 873.0, 671.0]
[16.0, 64.0, 826.0, 672.0]
[144.0, 48.0, 955.0, 656.0]
[48.0, 16.0, 860.0, 625.0]
[80.0, 16.0, 893.0, 626.0]
[48.0, 0.0, 862.0, 610.0]
[128.0, 0.0, 943.0, 611.0]
[16.0, 0.0, 832.0, 612.0]
[16.0, 48.0, 833.0, 661.0]
[64.0, 48.0, 882.0, 662.0]
[16.0, 32.0, 835.0, 646.0]
[48.0, 16.0, 868.0, 631.0]
[64.0, 32.0, 885.0, 648.0]
[144.0, 16.0, 966.0, 632.0]
[96.0, 16.0, 919.0, 633.0]
[112.0, 16.0, 936.0, 634.0]
[144.0, 48.0, 969.0, 667.0]
[144.0, 48.0, 970.0, 668.0]
[96.0, 16.0, 923.0, 636.0]
[176.0, 32.0, 1004.0, 653.0]
[48.0, 48.0, 877.0, 670.0]
[48.0, 48.0, 878.0, 670.0]
[144.0, 0.0, 975.0, 623.0]
[96.0, 0.0, 928.0, 624.0]
[128.0, 0.0, 961.0, 625.0]
[144.0, 16.0, 978.0, 642.0]
[16.0, 48.0, 851.0, 674.0]
[16.0, 0.0, 852.0, 627.0]
[144.0, 32.0, 981.0, 660.0]
[160.0, 16.0, 998.0, 644.0]
[80.0, 48.0, 919.0, 677.0]
[112.0, 16.0, 952.0, 646.0]
[160.0, 48.0, 1001.0, 679.0]
[64.0, 48.0, 906.0, 680.0]
[160.0, 32.0, 1003.0, 664.0]
[64.0, 16.0, 908.0, 649.0]
[16.0, 32.0, 861.0, 666.0]
[160.0, 48.0, 1006.0, 682.0]
[128.0, 48.0, 975.0, 683.0]
[128.0, 0.0, 976.0, 636.0]
[128.0, 16.0, 977.0, 653.0]
[48.0, 16.0, 898.0, 654.0]
[32.0, 0.0, 883.0, 638.0]
[64.0, 32.0, 916.0, 671.0]
[128.0, 32.0, 981.0, 672.0]
[144.0, 32.0, 998.0, 672.0]
[112.0, 0.0, 967.0, 641.0]
[128.0, 32.0, 984.0, 674.0]
[80.0, 32.0, 937.0, 675.0]
[48.0, 16.0, 906.0, 660.0]
[64.0, 0.0, 923.0, 644.0]
[16.0, 32.0, 876.0, 677.0]
[64.0, 0.0, 925.0, 646.0]
[16.0, 32.0, 878.0, 678.0]
[16.0, 16.0, 879.0, 663.0]
[112.0, 0.0, 976.0, 648.0]
[144.0, 16.0, 1009.0, 665.0]
[112.0, 32.0, 978.0, 682.0]
[32.0, 16.0, 899.0, 666.0]
[112.0, 32.0, 980.0, 683.0]
[64.0, 0.0, 933.0, 652.0]
[32.0, 0.0, 902.0, 652.0]
[128.0, 0.0, 999.0, 653.0]
[16.0, 16.0, 888.0, 670.0]
[128.0, 16.0, 1001.0, 671.0]
[32.0, 16.0, 906.0, 672.0]
[32.0, 0.0, 907.0, 656.0]
[48.0, 0.0, 924.0, 657.0]
[32.0, 16.0, 909.0, 674.0]
[16.0, 0.0, 894.0, 658.0]
[128.0, 16.0, 1007.0, 675.0]
[128.0, 0.0, 1008.0, 660.0]
[80.0, 0.0, 961.0, 661.0]
[64.0, 16.0, 946.0, 678.0]
[96.0, 0.0, 979.0, 662.0]
[16.0, 16.0, 900.0, 679.0]
[96.0, 0.0, 981.0, 664.0]
[16.0, 16.0, 902.0, 680.0]
[32.0, 16.0, 919.0, 681.0]
[48.0, 0.0, 936.0, 666.0]
[80.0, 16.0, 969.0, 683.0]
[96.0, 0.0, 986.0, 668.0]
[112.0, 0.0, 1003.0, 668.0]
[64.0, 0.0, 956.0, 669.0]
[80.0, 0.0, 973.0, 670.0]
[112.0, 0.0, 1006.0, 670.0]
[96.0, 0.0, 991.0, 671.0]
[96.0, 0.0, 992.0, 672.0]
[96.0, 0.0, 993.0, 673.0]
[64.0, 0.0, 962.0, 674.0]
[80.0, 0.0, 979.0, 674.0]
[48.0, 0.0, 948.0, 675.0]
[96.0, 0.0, 997.0, 676.0]
[80.0, 0.0, 982.0, 676.0]
[96.0, 0.0, 999.0, 677.0]
[32.0, 0.0, 936.0, 678.0]
[64.0, 0.0, 969.0, 679.0]
[48.0, 0.0, 954.0, 680.0]
[80.0, 0.0, 987.0, 680.0]
[64.0, 0.0, 972.0, 681.0]
[80.0, 0.0, 989.0, 682.0]
[64.0, 0.0, 974.0, 682.0]
[48.0, 0.0, 959.0, 683.0]
