[224.0, 32.0, 941.0, 570.0]
[96.0, 0.0, 814.0, 538.0]
[304.0, 16.0, 1023.0, 555.0]
[144.0, 16.0, 864.0, 556.0]
[80.0, 16.0, 801.0, 557.0]
[160.0, 64.0, 882.0, 606.0]
[144.0, 0.0, 867.0, 542.0]
[192.0, 32.0, 916.0, 575.0]
[160.0, 64.0, 885.0, 608.0]
[256.0, 0.0, 982.0, 544.0]
[208.0, 48.0, 935.0, 593.0]
[288.0, 32.0, 1016.0, 578.0]
[240.0, 16.0, 969.0, 563.0]
[96.0, 32.0, 826.0, 580.0]
[272.0, 0.0, 1003.0, 548.0]
[240.0, 32.0, 972.0, 581.0]
[80.0, 16.0, 813.0, 566.0]
[80.0, 0.0, 814.0, 550.0]
[192.0, 0.0, 927.0, 551.0]
[240.0, 48.0, 976.0, 600.0]
[192.0, 64.0, 929.0, 617.0]
[256.0, 32.0, 994.0, 586.0]
[112.0, 32.0, 851.0, 586.0]
[160.0, 16.0, 900.0, 571.0]
[96.0, 16.0, 837.0, 572.0]
[224.0, 48.0, 966.0, 604.0]
[224.0, 0.0, 967.0, 557.0]
[144.0, 16.0, 888.0, 574.0]
[112.0, 16.0, 857.0, 575.0]
[240.0, 16.0, 986.0, 576.0]
[80.0, 32.0, 827.0, 592.0]
[144.0, 48.0, 892.0, 609.0]
[272.0, 16.0, 1021.0, 578.0]
[176.0, 48.0, 926.0, 610.0]
[96.0, 48.0, 847.0, 611.0]
[96.0, 32.0, 848.0, 596.0]
[240.0, 0.0, 993.0, 565.0]
[160.0, 0.0, 914.0, 566.0]
[144.0, 16.0, 899.0, 582.0]
[192.0, 0.0, 948.0, 567.0]
[192.0, 48.0, 949.0, 616.0]
[224.0, 0.0, 982.0, 568.0]
[160.0, 0.0, 919.0, 569.0]
[80.0, 0.0, 840.0, 570.0]
[128.0, 64.0, 889.0, 635.0]
[80.0, 0.0, 842.0, 572.0]
[80.0, 16.0, 843.0, 588.0]
[176.0, 32.0, 940.0, 605.0]
[144.0, 16.0, 909.0, 590.0]
[176.0, 64.0, 942.0, 638.0]
[240.0, 16.0, 1007.0, 591.0]
[160.0, 64.0, 928.0, 640.0]
[96.0, 48.0, 865.0, 625.0]
[160.0, 16.0, 930.0, 594.0]
[80.0, 0.0, 851.0, 578.0]
[240.0, 48.0, 1012.0, 627.0]
[224.0, 0.0, 997.0, 580.0]
[160.0, 64.0, 934.0, 644.0]
[96.0, 16.0, 871.0, 597.0]
[128.0, 64.0, 904.0, 646.0]
[96.0, 16.0, 873.0, 599.0]
[176.0, 32.0, 954.0, 616.0]
[96.0, 0.0, 875.0, 584.0]
[160.0, 48.0, 940.0, 633.0]
[208.0, 0.0, 989.0, 586.0]
[112.0, 0.0, 894.0, 586.0]
[128.0, 32.0, 911.0, 619.0]
[192.0, 0.0, 976.0, 588.0]
[224.0, 48.0, 1009.0, 637.0]
[144.0, 0.0, 930.0, 590.0]
[128.0, 16.0, 915.0, 606.0]
[144.0, 64.0, 932.0, 655.0]
[80.0, 0.0, 869.0, 592.0]
[128.0, 32.0, 918.0, 624.0]
[128.0, 48.0, 919.0, 641.0]
[192.0, 64.0, 984.0, 658.0]
[192.0, 64.0, 985.0, 659.0]
[160.0, 48.0, 954.0, 644.0]
[224.0, 0.0, 1019.0, 596.0]
[144.0, 16.0, 940.0, 613.0]
[160.0, 64.0, 957.0, 662.0]
[80.0, 0.0, 878.0, 598.0]
[112.0, 48.0, 911.0, 647.0]
[80.0, 0.0, 880.0, 600.0]
[128.0, 64.0, 929.0, 665.0]
[128.0, 64.0, 930.0, 666.0]
[128.0, 16.0, 931.0, 618.0]
[128.0, 0.0, 932.0, 603.0]
[144.0, 48.0, 949.0, 652.0]
[96.0, 0.0, 902.0, 604.0]
[208.0, 16.0, 1015.0, 621.0]
[160.0, 64.0, 968.0, 670.0]
[208.0, 32.0, 1017.0, 639.0]
[176.0, 32.0, 986.0, 640.0]
[96.0, 48.0, 907.0, 656.0]
[96.0, 0.0, 908.0, 609.0]
[144.0, 48.0, 957.0, 658.0]
[64.0, 0.0, 878.0, 610.0]
[64.0, 16.0, 879.0, 627.0]
[160.0, 0.0, 976.0, 612.0]
[80.0, 16.0, 897.0, 629.0]
[160.0, 0.0, 978.0, 614.0]
[64.0, 0.0, 883.0, 614.0]
[144.0, 48.0, 964.0, 663.0]
[96.0, 48.0, 917.0, 664.0]
[80.0, 0.0, 902.0, 616.0]
[112.0, 32.0, 935.0, 649.0]
[128.0, 16.0, 952.0, 634.0]
[80.0, 0.0, 905.0, 619.0]
[128.0, 16.0, 954.0, 636.0]
[128.0, 32.0, 955.0, 652.0]
[128.0, 48.0, 956.0, 669.0]
[80.0, 32.0, 909.0, 654.0]
[192.0, 16.0, 1022.0, 638.0]
[112.0, 16.0, 943.0, 639.0]
[144.0, 48.0, 976.0, 672.0]
[160.0, 32.0, 993.0, 657.0]
[176.0, 0.0, 1010.0, 626.0]
[112.0, 16.0, 947.0, 642.0]
[128.0, 48.0, 964.0, 675.0]
[80.0, 0.0, 917.0, 628.0]
[112.0, 32.0, 950.0, 660.0]
[160.0, 32.0, 999.0, 661.0]
[176.0, 0.0, 1016.0, 630.0]
[176.0, 16.0, 1017.0, 647.0]
[144.0, 16.0, 986.0, 648.0]
[128.0, 0.0, 971.0, 632.0]
[144.0, 16.0, 988.0, 649.0]
[176.0, 32.0, 1021.0, 666.0]
[64.0, 16.0, 910.0, 650.0]
[128.0, 16.0, 975.0, 651.0]
[128.0, 32.0, 976.0, 668.0]
[160.0, 32.0, 1009.0, 669.0]
[128.0, 0.0, 978.0, 638.0]
[96.0, 16.0, 947.0, 654.0]
[128.0, 0.0, 980.0, 639.0]
[96.0, 16.0, 949.0, 656.0]
[144.0, 16.0, 998.0, 656.0]
[112.0, 32.0, 967.0, 673.0]
[144.0, 32.0, 1000.0, 674.0]
[144.0, 16.0, 1001.0, 659.0]
[160.0, 32.0, 1018.0, 676.0]
[144.0, 32.0, 1003.0, 676.0]
[144.0, 0.0, 1004.0, 645.0]
[144.0, 0.0, 1005.0, 646.0]
[80.0, 16.0, 942.0, 662.0]
[96.0, 0.0, 959.0, 647.0]
[80.0, 0.0, 944.0, 648.0]
[144.0, 16.0, 1009.0, 665.0]
[128.0, 32.0, 994.0, 682.0]
[144.0, 16.0, 1011.0, 666.0]
[96.0, 0.0, 964.0, 651.0]
[112.0, 16.0, 981.0, 668.0]
[144.0, 0.0, 1014.0, 652.0]
[80.0, 16.0, 951.0, 669.0]
[80.0, 16.0, 952.0, 670.0]
[80.0, 0.0, 953.0, 655.0]
[80.0, 0.0, 954.0, 656.0]
[144.0, 16.0, 1019.0, 672.0]
[144.0, 0.0, 1020.0, 657.0]
[112.0, 0.0, 989.0, 658.0]
[112.0, 0.0, 990.0, 658.0]
[112.0, 16.0, 991.0, 675.0]
[96.0, 16.0, 976.0, 676.0]
[96.0, 0.0, 977.0, 661.0]
[80.0, 0.0, 962.0, 662.0]
[128.0, 0.0, 1011.0, 662.0]
[128.0, 16.0, 1012.0, 679.0]
[80.0, 0.0, 965.0, 664.0]
[80.0, 0.0, 966.0, 664.0]
[112.0, 16.0, 999.0, 681.0]
[112.0, 0.0, 1000.0, 666.0]
[96.0, 0.0, 985.0, 667.0]
[112.0, 0.0, 1002.0, 668.0]
[112.0, 0.0, 1003.0, 668.0]
[112.0, 0.0, 1004.0, 669.0]
[96.0, 0.0, 989.0, 670.0]
[96.0, 0.0, 990.0, 670.0]
[80.0, 0.0, 975.0, 671.0]
[128.0, 0.0, 1024.0, 672.0]
[112.0, 0.0, 1009.0, 673.0]
[80.0, 0.0, 978.0, 674.0]
[112.0, 0.0, 1011.0, 674.0]
[112.0, 0.0, 1012.0, 675.0]
[112.0, 0.0, 1013.0, 676.0]
[80.0, 0.0, 982.0, 676.0]
[112.0, 0.0, 1015.0, 677.0]
[96.0, 0.0, 1000.0, 678.0]
[96.0, 0.0, 1001.0, 679.0]
[96.0, 0.0, 1002.0, 680.0]
[112.0, 0.0, 1019.0, 680.0]
[96.0, 0.0, 1004.0, 681.0]
[96.0, 0.0, 1005.0, 682.0]
[80.0, 0.0, 990.0, 682.0]
[112.0, 0.0, 1023.0, 683.0]
