[64.0, 240.0, 620.0, 981.0]
[48.0, 64.0, 604.0, 806.0]
[48.0, 192.0, 605.0, 935.0]
[96.0, 208.0, 654.0, 952.0]
[48.0, 128.0, 607.0, 873.0]
[96.0, 160.0, 656.0, 906.0]
[32.0, 96.0, 592.0, 843.0]
[96.0, 96.0, 657.0, 844.0]
[32.0, 224.0, 594.0, 973.0]
[48.0, 208.0, 610.0, 958.0]
[32.0, 32.0, 595.0, 783.0]
[48.0, 208.0, 612.0, 960.0]
[96.0, 64.0, 661.0, 817.0]
[48.0, 240.0, 614.0, 994.0]
[48.0, 32.0, 614.0, 787.0]
[96.0, 64.0, 663.0, 820.0]
[64.0, 160.0, 632.0, 917.0]
[80.0, 32.0, 648.0, 790.0]
[80.0, 32.0, 649.0, 791.0]
[80.0, 208.0, 650.0, 968.0]
[96.0, 224.0, 667.0, 985.0]
[80.0, 32.0, 652.0, 794.0]
[64.0, 144.0, 636.0, 907.0]
[80.0, 208.0, 653.0, 972.0]
[80.0, 240.0, 654.0, 1005.0]
[80.0, 48.0, 654.0, 814.0]
[48.0, 16.0, 623.0, 783.0]
[48.0, 240.0, 624.0, 1008.0]
[32.0, 128.0, 609.0, 897.0]
[16.0, 128.0, 594.0, 898.0]
[96.0, 64.0, 674.0, 835.0]
[16.0, 224.0, 595.0, 996.0]
[64.0, 96.0, 644.0, 869.0]
[80.0, 224.0, 660.0, 998.0]
[32.0, 128.0, 613.0, 903.0]
[80.0, 192.0, 662.0, 968.0]
[0.0, 64.0, 583.0, 841.0]
[96.0, 176.0, 680.0, 954.0]
[32.0, 32.0, 616.0, 811.0]
[64.0, 208.0, 649.0, 988.0]
[0.0, 144.0, 586.0, 925.0]
[96.0, 208.0, 682.0, 990.0]
[48.0, 128.0, 635.0, 911.0]
[48.0, 208.0, 636.0, 992.0]
[0.0, 144.0, 589.0, 929.0]
[32.0, 0.0, 622.0, 786.0]
[64.0, 96.0, 654.0, 883.0]
[0.0, 80.0, 591.0, 868.0]
[64.0, 128.0, 656.0, 917.0]
[64.0, 128.0, 656.0, 918.0]
[48.0, 80.0, 641.0, 871.0]
[0.0, 192.0, 594.0, 984.0]
[16.0, 16.0, 611.0, 809.0]
[32.0, 96.0, 628.0, 890.0]
[0.0, 208.0, 596.0, 1003.0]
[0.0, 208.0, 597.0, 1004.0]
[16.0, 176.0, 614.0, 973.0]
[64.0, 160.0, 662.0, 958.0]
[64.0, 32.0, 663.0, 831.0]
[32.0, 32.0, 632.0, 832.0]
[16.0, 160.0, 617.0, 961.0]
[16.0, 0.0, 618.0, 802.0]
[64.0, 64.0, 666.0, 867.0]
[16.0, 160.0, 619.0, 964.0]
[80.0, 192.0, 684.0, 997.0]
[16.0, 80.0, 620.0, 886.0]
[16.0, 160.0, 621.0, 967.0]
[48.0, 80.0, 654.0, 888.0]
[16.0, 64.0, 623.0, 873.0]
[0.0, 208.0, 608.0, 1018.0]
[32.0, 128.0, 640.0, 939.0]
[32.0, 48.0, 641.0, 860.0]
[64.0, 144.0, 674.0, 957.0]
[0.0, 112.0, 610.0, 926.0]
[16.0, 112.0, 627.0, 927.0]
[32.0, 176.0, 644.0, 992.0]
[48.0, 0.0, 661.0, 817.0]
[64.0, 16.0, 678.0, 834.0]
[16.0, 96.0, 630.0, 915.0]
[32.0, 192.0, 647.0, 1012.0]
[64.0, 192.0, 680.0, 1013.0]
[64.0, 16.0, 680.0, 838.0]
[16.0, 144.0, 633.0, 967.0]
[32.0, 128.0, 650.0, 952.0]
[0.0, 80.0, 619.0, 905.0]
[16.0, 16.0, 636.0, 842.0]
[32.0, 160.0, 652.0, 987.0]
[16.0, 16.0, 637.0, 844.0]
[48.0, 0.0, 670.0, 829.0]
[32.0, 128.0, 654.0, 958.0]
[32.0, 144.0, 655.0, 975.0]
[16.0, 32.0, 640.0, 864.0]
[16.0, 80.0, 641.0, 913.0]
[0.0, 96.0, 626.0, 930.0]
[0.0, 160.0, 626.0, 995.0]
[16.0, 64.0, 643.0, 900.0]
[16.0, 32.0, 644.0, 869.0]
[16.0, 176.0, 644.0, 1014.0]
[48.0, 144.0, 677.0, 983.0]
[32.0, 80.0, 662.0, 920.0]
[0.0, 160.0, 631.0, 1001.0]
[0.0, 0.0, 632.0, 842.0]
[48.0, 48.0, 680.0, 891.0]
[48.0, 0.0, 681.0, 844.0]
[0.0, 144.0, 634.0, 989.0]
[0.0, 64.0, 634.0, 910.0]
[48.0, 32.0, 683.0, 879.0]
[32.0, 32.0, 668.0, 880.0]
[32.0, 160.0, 669.0, 1009.0]
[32.0, 160.0, 670.0, 1010.0]
[16.0, 128.0, 654.0, 979.0]
[0.0, 16.0, 639.0, 868.0]
[32.0, 160.0, 672.0, 1013.0]
[32.0, 32.0, 672.0, 886.0]
[16.0, 96.0, 657.0, 951.0]
[16.0, 96.0, 658.0, 952.0]
[32.0, 96.0, 675.0, 953.0]
[32.0, 0.0, 676.0, 858.0]
[32.0, 48.0, 676.0, 907.0]
[16.0, 48.0, 661.0, 908.0]
[32.0, 80.0, 678.0, 941.0]
[32.0, 80.0, 678.0, 942.0]
[32.0, 96.0, 679.0, 959.0]
[32.0, 160.0, 680.0, 1024.0]
[32.0, 0.0, 681.0, 865.0]
[32.0, 96.0, 682.0, 962.0]
[16.0, 144.0, 666.0, 1011.0]
[16.0, 64.0, 667.0, 932.0]
[32.0, 112.0, 684.0, 981.0]
[16.0, 96.0, 668.0, 966.0]
[0.0, 144.0, 653.0, 1015.0]
[16.0, 144.0, 670.0, 1016.0]
[0.0, 96.0, 655.0, 969.0]
[16.0, 48.0, 672.0, 922.0]
[0.0, 48.0, 656.0, 923.0]
[16.0, 32.0, 673.0, 908.0]
[16.0, 144.0, 674.0, 1021.0]
[16.0, 144.0, 674.0, 1022.0]
[16.0, 0.0, 675.0, 879.0]
[0.0, 80.0, 660.0, 960.0]
[16.0, 48.0, 677.0, 929.0]
[16.0, 64.0, 678.0, 946.0]
[0.0, 128.0, 662.0, 1011.0]
[0.0, 48.0, 663.0, 932.0]
[16.0, 112.0, 680.0, 997.0]
[0.0, 96.0, 664.0, 982.0]
[0.0, 48.0, 665.0, 935.0]
[0.0, 32.0, 666.0, 920.0]
[0.0, 64.0, 667.0, 953.0]
[16.0, 16.0, 684.0, 906.0]
[16.0, 0.0, 684.0, 891.0]
[0.0, 128.0, 669.0, 1020.0]
[0.0, 0.0, 670.0, 893.0]
[0.0, 64.0, 670.0, 958.0]
[0.0, 112.0, 671.0, 1007.0]
[0.0, 96.0, 672.0, 992.0]
[0.0, 64.0, 673.0, 961.0]
[0.0, 112.0, 674.0, 1010.0]
[0.0, 64.0, 674.0, 963.0]
[0.0, 112.0, 675.0, 1012.0]
[0.0, 96.0, 676.0, 997.0]
[0.0, 16.0, 676.0, 918.0]
[0.0, 112.0, 677.0, 1015.0]
[0.0, 64.0, 678.0, 968.0]
[0.0, 16.0, 679.0, 921.0]
[0.0, 48.0, 680.0, 954.0]
[0.0, 96.0, 680.0, 1003.0]
[0.0, 96.0, 681.0, 1004.0]
[0.0, 112.0, 682.0, 1021.0]
[0.0, 64.0, 682.0, 974.0]
[0.0, 16.0, 683.0, 927.0]
[0.0, 16.0, 684.0, 928.0]
