[64.0, 128.0, 929.0, 777.0]
[48.0, 80.0, 914.0, 730.0]
[112.0, 80.0, 979.0, 730.0]
[48.0, 208.0, 916.0, 859.0]
[80.0, 144.0, 949.0, 796.0]
[80.0, 176.0, 950.0, 828.0]
[64.0, 80.0, 935.0, 733.0]
[80.0, 176.0, 952.0, 830.0]
[112.0, 192.0, 985.0, 847.0]
[32.0, 192.0, 906.0, 848.0]
[96.0, 240.0, 971.0, 896.0]
[64.0, 48.0, 940.0, 705.0]
[112.0, 96.0, 989.0, 754.0]
[48.0, 64.0, 926.0, 722.0]
[48.0, 144.0, 927.0, 803.0]
[64.0, 96.0, 944.0, 756.0]
[64.0, 64.0, 945.0, 725.0]
[112.0, 208.0, 994.0, 870.0]
[64.0, 64.0, 947.0, 726.0]
[32.0, 144.0, 916.0, 807.0]
[32.0, 208.0, 917.0, 872.0]
[48.0, 112.0, 934.0, 776.0]
[112.0, 112.0, 999.0, 777.0]
[80.0, 192.0, 968.0, 858.0]
[32.0, 144.0, 921.0, 811.0]
[112.0, 192.0, 1002.0, 860.0]
[48.0, 224.0, 939.0, 892.0]
[32.0, 176.0, 924.0, 845.0]
[64.0, 176.0, 957.0, 846.0]
[112.0, 48.0, 1006.0, 718.0]
[96.0, 48.0, 991.0, 719.0]
[80.0, 224.0, 976.0, 896.0]
[48.0, 64.0, 945.0, 737.0]
[96.0, 112.0, 994.0, 786.0]
[48.0, 16.0, 947.0, 690.0]
[96.0, 160.0, 996.0, 835.0]
[48.0, 80.0, 949.0, 756.0]
[96.0, 128.0, 998.0, 804.0]
[32.0, 144.0, 935.0, 821.0]
[80.0, 208.0, 984.0, 886.0]
[32.0, 80.0, 937.0, 759.0]
[48.0, 96.0, 954.0, 776.0]
[48.0, 240.0, 955.0, 920.0]
[0.0, 64.0, 908.0, 745.0]
[80.0, 144.0, 989.0, 826.0]
[80.0, 128.0, 990.0, 810.0]
[0.0, 144.0, 911.0, 827.0]
[16.0, 32.0, 928.0, 716.0]
[0.0, 176.0, 913.0, 861.0]
[96.0, 144.0, 1010.0, 830.0]
[16.0, 208.0, 931.0, 894.0]
[0.0, 128.0, 916.0, 815.0]
[96.0, 112.0, 1013.0, 800.0]
[80.0, 224.0, 998.0, 912.0]
[48.0, 144.0, 967.0, 833.0]
[80.0, 208.0, 1000.0, 898.0]
[0.0, 32.0, 921.0, 723.0]
[64.0, 192.0, 986.0, 884.0]
[0.0, 208.0, 923.0, 900.0]
[64.0, 144.0, 988.0, 837.0]
[80.0, 192.0, 1005.0, 886.0]
[80.0, 112.0, 1006.0, 806.0]
[16.0, 144.0, 943.0, 839.0]
[0.0, 32.0, 928.0, 728.0]
[0.0, 64.0, 929.0, 761.0]
[48.0, 16.0, 978.0, 714.0]
[0.0, 160.0, 931.0, 858.0]
[48.0, 48.0, 980.0, 747.0]
[64.0, 96.0, 997.0, 796.0]
[0.0, 112.0, 934.0, 812.0]
[48.0, 32.0, 983.0, 733.0]
[64.0, 208.0, 1000.0, 910.0]
[0.0, 48.0, 937.0, 751.0]
[16.0, 112.0, 954.0, 816.0]
[16.0, 176.0, 955.0, 880.0]
[80.0, 112.0, 1020.0, 817.0]
[64.0, 144.0, 1005.0, 850.0]
[32.0, 64.0, 974.0, 770.0]
[48.0, 128.0, 991.0, 835.0]
[16.0, 160.0, 960.0, 868.0]
[0.0, 224.0, 945.0, 933.0]
[64.0, 224.0, 1010.0, 934.0]
[64.0, 80.0, 1011.0, 790.0]
[32.0, 32.0, 980.0, 743.0]
[32.0, 240.0, 981.0, 952.0]
[32.0, 176.0, 982.0, 888.0]
[32.0, 64.0, 983.0, 777.0]
[64.0, 224.0, 1016.0, 938.0]
[0.0, 208.0, 953.0, 923.0]
[64.0, 176.0, 1018.0, 892.0]
[64.0, 32.0, 1019.0, 748.0]
[48.0, 128.0, 1004.0, 845.0]
[32.0, 80.0, 989.0, 798.0]
[48.0, 64.0, 1006.0, 782.0]
[16.0, 48.0, 975.0, 767.0]
[64.0, 80.0, 1024.0, 800.0]
[32.0, 80.0, 993.0, 801.0]
[32.0, 208.0, 994.0, 930.0]
[32.0, 64.0, 995.0, 786.0]
[32.0, 64.0, 996.0, 787.0]
[32.0, 80.0, 997.0, 804.0]
[16.0, 96.0, 982.0, 820.0]
[16.0, 224.0, 983.0, 949.0]
[16.0, 48.0, 984.0, 774.0]
[48.0, 16.0, 1017.0, 743.0]
[16.0, 160.0, 986.0, 888.0]
[48.0, 0.0, 1019.0, 728.0]
[16.0, 192.0, 988.0, 921.0]
[0.0, 144.0, 973.0, 874.0]
[0.0, 80.0, 974.0, 810.0]
[48.0, 144.0, 1023.0, 875.0]
[48.0, 144.0, 1024.0, 876.0]
[32.0, 112.0, 1009.0, 845.0]
[0.0, 112.0, 978.0, 846.0]
[32.0, 192.0, 1011.0, 926.0]
[16.0, 128.0, 996.0, 863.0]
[32.0, 0.0, 1013.0, 736.0]
[32.0, 48.0, 1014.0, 784.0]
[0.0, 80.0, 983.0, 817.0]
[16.0, 80.0, 1000.0, 818.0]
[16.0, 112.0, 1001.0, 851.0]
[0.0, 224.0, 986.0, 964.0]
[16.0, 160.0, 1003.0, 900.0]
[16.0, 112.0, 1004.0, 853.0]
[0.0, 48.0, 989.0, 790.0]
[16.0, 176.0, 1006.0, 918.0]
[0.0, 32.0, 991.0, 775.0]
[32.0, 160.0, 1024.0, 904.0]
[16.0, 112.0, 1009.0, 857.0]
[16.0, 112.0, 1010.0, 858.0]
[16.0, 128.0, 1011.0, 874.0]
[16.0, 112.0, 1012.0, 859.0]
[0.0, 64.0, 997.0, 812.0]
[0.0, 208.0, 998.0, 956.0]
[16.0, 32.0, 1015.0, 781.0]
[16.0, 0.0, 1016.0, 750.0]
[16.0, 176.0, 1017.0, 927.0]
[16.0, 176.0, 1018.0, 928.0]
[16.0, 128.0, 1019.0, 880.0]
[0.0, 112.0, 1004.0, 865.0]
[0.0, 32.0, 1005.0, 786.0]
[16.0, 144.0, 1022.0, 898.0]
[0.0, 0.0, 1007.0, 755.0]
[16.0, 96.0, 1024.0, 852.0]
[0.0, 160.0, 1009.0, 917.0]
[0.0, 0.0, 1010.0, 758.0]
[0.0, 96.0, 1011.0, 854.0]
[0.0, 0.0, 1012.0, 759.0]
[0.0, 160.0, 1013.0, 920.0]
[0.0, 112.0, 1014.0, 872.0]
[0.0, 144.0, 1015.0, 905.0]
[0.0, 64.0, 1016.0, 826.0]
[0.0, 128.0, 1017.0, 891.0]
[0.0, 192.0, 1018.0, 956.0]
[0.0, 144.0, 1019.0, 908.0]
[0.0, 80.0, 1020.0, 845.0]
[0.0, 160.0, 1021.0, 926.0]
[0.0, 192.0, 1022.0, 958.0]
[0.0, 160.0, 1023.0, 927.0]
[0.0, 192.0, 1024.0, 960.0]
