[240.0, 64.0, 957.0, 602.0]
[208.0, 80.0, 926.0, 618.0]
[256.0, 96.0, 975.0, 635.0]
[272.0, 128.0, 992.0, 668.0]
[192.0, 96.0, 913.0, 637.0]
[192.0, 80.0, 914.0, 622.0]
[272.0, 64.0, 995.0, 606.0]
[176.0, 128.0, 900.0, 671.0]
[192.0, 128.0, 917.0, 672.0]
[176.0, 128.0, 902.0, 672.0]
[288.0, 128.0, 1015.0, 673.0]
[240.0, 96.0, 968.0, 642.0]
[176.0, 112.0, 905.0, 659.0]
[256.0, 64.0, 986.0, 612.0]
[256.0, 48.0, 987.0, 596.0]
[224.0, 80.0, 956.0, 629.0]
[256.0, 128.0, 989.0, 678.0]
[240.0, 112.0, 974.0, 662.0]
[224.0, 128.0, 959.0, 679.0]
[208.0, 80.0, 944.0, 632.0]
[224.0, 112.0, 961.0, 665.0]
[176.0, 80.0, 914.0, 634.0]
[144.0, 96.0, 883.0, 650.0]
[240.0, 80.0, 980.0, 635.0]
[128.0, 96.0, 869.0, 652.0]
[224.0, 96.0, 966.0, 652.0]
[176.0, 80.0, 919.0, 637.0]
[240.0, 80.0, 984.0, 638.0]
[208.0, 48.0, 953.0, 607.0]
[272.0, 80.0, 1018.0, 640.0]
[144.0, 112.0, 891.0, 672.0]
[192.0, 64.0, 940.0, 625.0]
[208.0, 112.0, 957.0, 674.0]
[160.0, 96.0, 910.0, 658.0]
[144.0, 96.0, 895.0, 659.0]
[160.0, 64.0, 912.0, 628.0]
[240.0, 80.0, 993.0, 645.0]
[160.0, 112.0, 914.0, 678.0]
[176.0, 112.0, 931.0, 678.0]
[128.0, 112.0, 884.0, 679.0]
[224.0, 80.0, 981.0, 648.0]
[144.0, 96.0, 902.0, 664.0]
[224.0, 112.0, 983.0, 681.0]
[160.0, 112.0, 920.0, 682.0]
[224.0, 112.0, 985.0, 683.0]
[192.0, 80.0, 954.0, 652.0]
[176.0, 80.0, 939.0, 652.0]
[224.0, 32.0, 988.0, 605.0]
[208.0, 32.0, 973.0, 606.0]
[192.0, 48.0, 958.0, 622.0]
[144.0, 96.0, 911.0, 671.0]
[192.0, 32.0, 960.0, 608.0]
[192.0, 48.0, 961.0, 625.0]
[192.0, 32.0, 962.0, 610.0]
[160.0, 80.0, 931.0, 658.0]
[144.0, 80.0, 916.0, 659.0]
[144.0, 64.0, 917.0, 644.0]
[208.0, 80.0, 982.0, 660.0]
[176.0, 80.0, 951.0, 661.0]
[144.0, 96.0, 920.0, 678.0]
[192.0, 80.0, 969.0, 663.0]
[128.0, 96.0, 906.0, 680.0]
[208.0, 32.0, 987.0, 616.0]
[240.0, 96.0, 1020.0, 681.0]
[192.0, 80.0, 973.0, 666.0]
[208.0, 48.0, 990.0, 634.0]
[128.0, 64.0, 911.0, 651.0]
[192.0, 80.0, 976.0, 668.0]
[144.0, 64.0, 929.0, 653.0]
[144.0, 80.0, 930.0, 670.0]
[208.0, 64.0, 995.0, 654.0]
[224.0, 32.0, 1012.0, 623.0]
[144.0, 48.0, 933.0, 640.0]
[160.0, 64.0, 950.0, 656.0]
[176.0, 80.0, 967.0, 673.0]
[192.0, 80.0, 984.0, 674.0]
[128.0, 64.0, 921.0, 659.0]
[224.0, 80.0, 1018.0, 676.0]
[160.0, 48.0, 955.0, 644.0]
[176.0, 80.0, 972.0, 677.0]
[192.0, 80.0, 989.0, 678.0]
[224.0, 64.0, 1022.0, 662.0]
[144.0, 64.0, 943.0, 663.0]
[128.0, 64.0, 928.0, 664.0]
[208.0, 48.0, 1009.0, 649.0]
[128.0, 64.0, 930.0, 666.0]
[128.0, 64.0, 931.0, 666.0]
[208.0, 48.0, 1012.0, 651.0]
[128.0, 64.0, 933.0, 668.0]
[192.0, 16.0, 998.0, 620.0]
[128.0, 64.0, 935.0, 669.0]
[192.0, 48.0, 1000.0, 654.0]
[208.0, 48.0, 1017.0, 655.0]
[208.0, 16.0, 1018.0, 624.0]
[160.0, 64.0, 971.0, 672.0]
[144.0, 48.0, 956.0, 657.0]
[160.0, 16.0, 973.0, 626.0]
[192.0, 32.0, 1006.0, 642.0]
[192.0, 16.0, 1007.0, 627.0]
[128.0, 48.0, 944.0, 660.0]
[176.0, 16.0, 993.0, 629.0]
[128.0, 32.0, 946.0, 646.0]
[176.0, 48.0, 995.0, 662.0]
[192.0, 48.0, 1012.0, 663.0]
[160.0, 64.0, 981.0, 680.0]
[192.0, 64.0, 1014.0, 680.0]
[176.0, 32.0, 999.0, 649.0]
[192.0, 48.0, 1016.0, 666.0]
[176.0, 48.0, 1001.0, 667.0]
[176.0, 16.0, 1002.0, 636.0]
[160.0, 16.0, 987.0, 636.0]
[128.0, 32.0, 956.0, 653.0]
[176.0, 16.0, 1005.0, 638.0]
[128.0, 48.0, 958.0, 670.0]
[144.0, 16.0, 975.0, 639.0]
[176.0, 32.0, 1008.0, 656.0]
[128.0, 32.0, 961.0, 657.0]
[160.0, 32.0, 994.0, 658.0]
[128.0, 32.0, 963.0, 658.0]
[176.0, 16.0, 1012.0, 643.0]
[144.0, 16.0, 981.0, 644.0]
[176.0, 48.0, 1014.0, 676.0]
[160.0, 16.0, 999.0, 645.0]
[144.0, 48.0, 984.0, 678.0]
[128.0, 32.0, 969.0, 663.0]
[144.0, 48.0, 986.0, 680.0]
[128.0, 16.0, 971.0, 648.0]
[160.0, 32.0, 1004.0, 665.0]
[160.0, 16.0, 1005.0, 650.0]
[176.0, 16.0, 1022.0, 650.0]
[128.0, 48.0, 975.0, 683.0]
[160.0, 32.0, 1008.0, 668.0]
[160.0, 32.0, 1009.0, 669.0]
[128.0, 16.0, 978.0, 654.0]
[160.0, 16.0, 1011.0, 654.0]
[144.0, 16.0, 996.0, 655.0]
[160.0, 16.0, 1013.0, 656.0]
[128.0, 32.0, 982.0, 672.0]
[144.0, 16.0, 999.0, 657.0]
[128.0, 32.0, 984.0, 674.0]
[160.0, 16.0, 1017.0, 659.0]
[144.0, 32.0, 1002.0, 676.0]
[160.0, 16.0, 1019.0, 660.0]
[144.0, 32.0, 1004.0, 677.0]
[128.0, 16.0, 989.0, 662.0]
[144.0, 16.0, 1006.0, 662.0]
[128.0, 16.0, 991.0, 663.0]
[144.0, 16.0, 1008.0, 664.0]
[144.0, 32.0, 1009.0, 681.0]
