[48.0, 16.0, 765.0, 554.0]
[64.0, 96.0, 782.0, 634.0]
[48.0, 112.0, 767.0, 651.0]
[0.0, 32.0, 720.0, 572.0]
[16.0, 32.0, 737.0, 573.0]
[0.0, 32.0, 722.0, 574.0]
[0.0, 16.0, 723.0, 558.0]
[96.0, 48.0, 820.0, 591.0]
[80.0, 64.0, 805.0, 608.0]
[64.0, 128.0, 790.0, 672.0]
[80.0, 16.0, 807.0, 561.0]
[48.0, 128.0, 776.0, 674.0]
[64.0, 64.0, 793.0, 611.0]
[48.0, 96.0, 778.0, 644.0]
[32.0, 0.0, 763.0, 548.0]
[0.0, 0.0, 732.0, 549.0]
[64.0, 80.0, 797.0, 630.0]
[96.0, 48.0, 830.0, 598.0]
[80.0, 112.0, 815.0, 663.0]
[0.0, 128.0, 736.0, 680.0]
[0.0, 80.0, 737.0, 633.0]
[0.0, 80.0, 738.0, 634.0]
[48.0, 112.0, 787.0, 666.0]
[48.0, 128.0, 788.0, 683.0]
[80.0, 16.0, 821.0, 572.0]
[96.0, 32.0, 838.0, 588.0]
[32.0, 64.0, 775.0, 621.0]
[32.0, 80.0, 776.0, 638.0]
[0.0, 64.0, 745.0, 623.0]
[32.0, 16.0, 778.0, 576.0]
[16.0, 80.0, 763.0, 640.0]
[80.0, 32.0, 828.0, 593.0]
[64.0, 112.0, 813.0, 674.0]
[80.0, 16.0, 830.0, 578.0]
[80.0, 32.0, 831.0, 595.0]
[96.0, 32.0, 848.0, 596.0]
[48.0, 0.0, 801.0, 565.0]
[80.0, 32.0, 834.0, 598.0]
[0.0, 80.0, 755.0, 646.0]
[48.0, 0.0, 804.0, 567.0]
[48.0, 80.0, 805.0, 648.0]
[32.0, 96.0, 790.0, 664.0]
[16.0, 112.0, 775.0, 681.0]
[0.0, 32.0, 760.0, 602.0]
[32.0, 0.0, 793.0, 571.0]
[80.0, 80.0, 842.0, 652.0]
[0.0, 96.0, 763.0, 668.0]
[0.0, 96.0, 764.0, 669.0]
[0.0, 0.0, 765.0, 574.0]
[96.0, 80.0, 862.0, 654.0]
[64.0, 32.0, 831.0, 607.0]
[64.0, 96.0, 832.0, 672.0]
[64.0, 80.0, 833.0, 657.0]
[80.0, 48.0, 850.0, 626.0]
[32.0, 80.0, 803.0, 658.0]
[0.0, 64.0, 772.0, 643.0]
[80.0, 48.0, 853.0, 628.0]
[32.0, 64.0, 806.0, 644.0]
[64.0, 80.0, 839.0, 661.0]
[16.0, 0.0, 792.0, 582.0]
[32.0, 80.0, 809.0, 663.0]
[48.0, 16.0, 826.0, 600.0]
[0.0, 0.0, 779.0, 584.0]
[0.0, 64.0, 780.0, 649.0]
[80.0, 16.0, 861.0, 602.0]
[96.0, 32.0, 878.0, 618.0]
[80.0, 48.0, 863.0, 635.0]
[16.0, 48.0, 800.0, 636.0]
[0.0, 64.0, 785.0, 653.0]
[64.0, 80.0, 850.0, 670.0]
[64.0, 0.0, 851.0, 590.0]
[32.0, 80.0, 820.0, 671.0]
[16.0, 0.0, 805.0, 592.0]
[32.0, 48.0, 822.0, 640.0]
[32.0, 80.0, 823.0, 673.0]
[64.0, 48.0, 856.0, 642.0]
[32.0, 64.0, 825.0, 659.0]
[80.0, 48.0, 874.0, 644.0]
[0.0, 64.0, 795.0, 660.0]
[16.0, 16.0, 812.0, 613.0]
[32.0, 80.0, 829.0, 678.0]
[64.0, 0.0, 862.0, 598.0]
[32.0, 32.0, 831.0, 631.0]
[64.0, 32.0, 864.0, 632.0]
[32.0, 16.0, 833.0, 617.0]
[48.0, 80.0, 850.0, 682.0]
[64.0, 32.0, 867.0, 634.0]
[0.0, 32.0, 804.0, 635.0]
[0.0, 32.0, 805.0, 636.0]
[48.0, 64.0, 854.0, 668.0]
[64.0, 48.0, 871.0, 653.0]
[96.0, 32.0, 904.0, 638.0]
[96.0, 48.0, 905.0, 655.0]
[80.0, 16.0, 890.0, 624.0]
[64.0, 48.0, 875.0, 656.0]
[48.0, 64.0, 860.0, 673.0]
[16.0, 32.0, 829.0, 642.0]
[64.0, 64.0, 878.0, 674.0]
[96.0, 48.0, 911.0, 659.0]
[80.0, 48.0, 896.0, 660.0]
[16.0, 48.0, 833.0, 661.0]
[0.0, 16.0, 818.0, 630.0]
[80.0, 48.0, 899.0, 662.0]
[32.0, 32.0, 852.0, 647.0]
[48.0, 0.0, 869.0, 616.0]
[64.0, 32.0, 886.0, 648.0]
[0.0, 16.0, 823.0, 633.0]
[0.0, 48.0, 824.0, 666.0]
[16.0, 32.0, 841.0, 651.0]
[48.0, 16.0, 874.0, 636.0]
[0.0, 0.0, 827.0, 620.0]
[64.0, 48.0, 892.0, 669.0]
[64.0, 32.0, 893.0, 654.0]
[32.0, 0.0, 862.0, 622.0]
[32.0, 16.0, 863.0, 639.0]
[16.0, 32.0, 848.0, 656.0]
[48.0, 48.0, 881.0, 673.0]
[80.0, 16.0, 914.0, 642.0]
[64.0, 16.0, 899.0, 642.0]
[0.0, 32.0, 836.0, 659.0]
[0.0, 0.0, 837.0, 628.0]
[32.0, 32.0, 870.0, 660.0]
[64.0, 32.0, 903.0, 661.0]
[32.0, 32.0, 872.0, 662.0]
[64.0, 32.0, 905.0, 663.0]
[32.0, 48.0, 874.0, 680.0]
[48.0, 32.0, 891.0, 664.0]
[32.0, 48.0, 876.0, 681.0]
[64.0, 16.0, 909.0, 650.0]
[80.0, 16.0, 926.0, 650.0]
[32.0, 32.0, 879.0, 667.0]
[48.0, 32.0, 896.0, 668.0]
[64.0, 16.0, 913.0, 653.0]
[64.0, 0.0, 914.0, 638.0]
[48.0, 0.0, 899.0, 638.0]
[16.0, 16.0, 868.0, 655.0]
[32.0, 0.0, 885.0, 640.0]
[0.0, 0.0, 854.0, 640.0]
[16.0, 16.0, 871.0, 657.0]
[32.0, 16.0, 888.0, 658.0]
[0.0, 0.0, 857.0, 643.0]
[64.0, 16.0, 922.0, 660.0]
[64.0, 32.0, 923.0, 676.0]
[0.0, 0.0, 860.0, 645.0]
[32.0, 0.0, 893.0, 646.0]
[64.0, 32.0, 926.0, 678.0]
[32.0, 16.0, 895.0, 663.0]
[0.0, 16.0, 864.0, 664.0]
[0.0, 16.0, 865.0, 665.0]
[48.0, 32.0, 914.0, 682.0]
[0.0, 0.0, 867.0, 650.0]
[48.0, 32.0, 916.0, 683.0]
[16.0, 16.0, 885.0, 668.0]
[32.0, 16.0, 902.0, 668.0]
[64.0, 0.0, 935.0, 653.0]
[32.0, 0.0, 904.0, 654.0]
[32.0, 16.0, 905.0, 671.0]
[64.0, 0.0, 938.0, 656.0]
[48.0, 0.0, 923.0, 656.0]
[16.0, 16.0, 892.0, 673.0]
[64.0, 16.0, 941.0, 674.0]
[64.0, 0.0, 942.0, 658.0]
[0.0, 0.0, 879.0, 659.0]
[32.0, 0.0, 912.0, 660.0]
[0.0, 0.0, 881.0, 661.0]
[16.0, 16.0, 898.0, 678.0]
[48.0, 0.0, 931.0, 662.0]
[0.0, 0.0, 884.0, 663.0]
[32.0, 16.0, 917.0, 680.0]
[16.0, 16.0, 902.0, 680.0]
[48.0, 16.0, 935.0, 681.0]
[16.0, 0.0, 904.0, 666.0]
[32.0, 16.0, 921.0, 683.0]
[0.0, 0.0, 890.0, 668.0]
[32.0, 0.0, 923.0, 668.0]
[48.0, 0.0, 940.0, 669.0]
[48.0, 0.0, 941.0, 670.0]
[16.0, 0.0, 910.0, 670.0]
[32.0, 0.0, 927.0, 671.0]
[48.0, 0.0, 944.0, 672.0]
[0.0, 0.0, 897.0, 673.0]
[0.0, 0.0, 898.0, 674.0]
[32.0, 0.0, 931.0, 674.0]
[32.0, 0.0, 932.0, 675.0]
[0.0, 0.0, 901.0, 676.0]
[16.0, 0.0, 918.0, 676.0]
