[32.0, 208.0, 588.0, 949.0]
[96.0, 64.0, 652.0, 806.0]
[32.0, 192.0, 589.0, 935.0]
[80.0, 96.0, 638.0, 840.0]
[48.0, 48.0, 607.0, 793.0]
[96.0, 224.0, 656.0, 970.0]
[48.0, 80.0, 608.0, 827.0]
[64.0, 80.0, 625.0, 828.0]
[80.0, 48.0, 642.0, 797.0]
[64.0, 144.0, 626.0, 894.0]
[32.0, 176.0, 595.0, 927.0]
[80.0, 96.0, 644.0, 848.0]
[64.0, 48.0, 629.0, 801.0]
[48.0, 64.0, 614.0, 818.0]
[80.0, 160.0, 646.0, 915.0]
[80.0, 48.0, 647.0, 804.0]
[96.0, 176.0, 664.0, 933.0]
[64.0, 208.0, 632.0, 966.0]
[32.0, 128.0, 601.0, 887.0]
[32.0, 48.0, 602.0, 808.0]
[64.0, 160.0, 635.0, 921.0]
[80.0, 160.0, 652.0, 922.0]
[48.0, 64.0, 620.0, 827.0]
[32.0, 64.0, 605.0, 828.0]
[48.0, 240.0, 622.0, 1005.0]
[32.0, 80.0, 606.0, 846.0]
[96.0, 112.0, 671.0, 879.0]
[96.0, 176.0, 672.0, 944.0]
[64.0, 16.0, 641.0, 785.0]
[32.0, 48.0, 610.0, 818.0]
[80.0, 32.0, 658.0, 803.0]
[64.0, 112.0, 643.0, 884.0]
[0.0, 144.0, 580.0, 917.0]
[32.0, 224.0, 612.0, 998.0]
[32.0, 128.0, 613.0, 903.0]
[0.0, 128.0, 582.0, 904.0]
[48.0, 64.0, 631.0, 841.0]
[32.0, 32.0, 616.0, 810.0]
[16.0, 112.0, 600.0, 891.0]
[96.0, 48.0, 681.0, 828.0]
[96.0, 192.0, 682.0, 973.0]
[64.0, 144.0, 650.0, 926.0]
[32.0, 128.0, 619.0, 911.0]
[48.0, 224.0, 636.0, 1008.0]
[80.0, 208.0, 669.0, 993.0]
[0.0, 112.0, 590.0, 898.0]
[16.0, 96.0, 606.0, 883.0]
[64.0, 80.0, 655.0, 868.0]
[80.0, 32.0, 672.0, 821.0]
[48.0, 32.0, 640.0, 822.0]
[48.0, 192.0, 641.0, 983.0]
[32.0, 112.0, 626.0, 904.0]
[64.0, 0.0, 659.0, 793.0]
[32.0, 224.0, 628.0, 1018.0]
[16.0, 16.0, 612.0, 811.0]
[80.0, 48.0, 677.0, 844.0]
[64.0, 144.0, 662.0, 941.0]
[16.0, 16.0, 614.0, 814.0]
[16.0, 32.0, 615.0, 831.0]
[48.0, 32.0, 648.0, 832.0]
[32.0, 128.0, 633.0, 929.0]
[16.0, 128.0, 618.0, 930.0]
[64.0, 192.0, 666.0, 995.0]
[48.0, 32.0, 651.0, 836.0]
[16.0, 0.0, 620.0, 805.0]
[32.0, 128.0, 636.0, 934.0]
[0.0, 144.0, 605.0, 951.0]
[0.0, 48.0, 606.0, 856.0]
[0.0, 208.0, 607.0, 1017.0]
[64.0, 48.0, 672.0, 858.0]
[48.0, 208.0, 656.0, 1019.0]
[16.0, 112.0, 625.0, 924.0]
[0.0, 80.0, 610.0, 893.0]
[48.0, 32.0, 658.0, 846.0]
[32.0, 80.0, 643.0, 895.0]
[0.0, 48.0, 612.0, 864.0]
[64.0, 16.0, 677.0, 833.0]
[64.0, 16.0, 678.0, 834.0]
[48.0, 112.0, 662.0, 931.0]
[0.0, 16.0, 615.0, 836.0]
[32.0, 32.0, 648.0, 853.0]
[0.0, 128.0, 616.0, 950.0]
[32.0, 192.0, 649.0, 1015.0]
[64.0, 80.0, 682.0, 904.0]
[48.0, 96.0, 667.0, 921.0]
[32.0, 16.0, 652.0, 842.0]
[48.0, 144.0, 668.0, 971.0]
[16.0, 32.0, 637.0, 860.0]
[16.0, 128.0, 638.0, 957.0]
[0.0, 128.0, 622.0, 958.0]
[32.0, 176.0, 655.0, 1007.0]
[0.0, 48.0, 624.0, 880.0]
[0.0, 144.0, 625.0, 977.0]
[32.0, 176.0, 658.0, 1010.0]
[16.0, 64.0, 642.0, 899.0]
[16.0, 160.0, 643.0, 996.0]
[48.0, 0.0, 676.0, 837.0]
[16.0, 80.0, 644.0, 918.0]
[0.0, 16.0, 629.0, 855.0]
[16.0, 160.0, 646.0, 1000.0]
[0.0, 48.0, 631.0, 889.0]
[48.0, 16.0, 680.0, 858.0]
[16.0, 160.0, 648.0, 1003.0]
[48.0, 144.0, 681.0, 988.0]
[32.0, 32.0, 666.0, 877.0]
[16.0, 80.0, 650.0, 926.0]
[32.0, 96.0, 667.0, 943.0]
[32.0, 176.0, 668.0, 1024.0]
[0.0, 144.0, 637.0, 993.0]
[0.0, 64.0, 638.0, 914.0]
[16.0, 144.0, 654.0, 995.0]
[16.0, 16.0, 655.0, 868.0]
[32.0, 128.0, 672.0, 981.0]
[16.0, 112.0, 656.0, 966.0]
[32.0, 112.0, 673.0, 967.0]
[0.0, 112.0, 642.0, 968.0]
[32.0, 80.0, 675.0, 937.0]
[32.0, 16.0, 676.0, 874.0]
[0.0, 32.0, 644.0, 891.0]
[0.0, 16.0, 645.0, 876.0]
[0.0, 128.0, 646.0, 989.0]
[0.0, 16.0, 646.0, 878.0]
[32.0, 112.0, 679.0, 975.0]
[32.0, 0.0, 680.0, 864.0]
[16.0, 128.0, 665.0, 993.0]
[16.0, 128.0, 666.0, 994.0]
[0.0, 96.0, 650.0, 963.0]
[0.0, 80.0, 651.0, 948.0]
[0.0, 112.0, 652.0, 981.0]
[0.0, 96.0, 652.0, 966.0]
[16.0, 112.0, 669.0, 983.0]
[16.0, 64.0, 670.0, 936.0]
[0.0, 0.0, 655.0, 873.0]
[16.0, 16.0, 672.0, 890.0]
[16.0, 64.0, 672.0, 939.0]
[0.0, 32.0, 657.0, 908.0]
[0.0, 64.0, 658.0, 941.0]
[16.0, 112.0, 674.0, 990.0]
[16.0, 96.0, 675.0, 975.0]
[0.0, 80.0, 660.0, 960.0]
[0.0, 32.0, 661.0, 913.0]
[0.0, 112.0, 662.0, 994.0]
[0.0, 64.0, 662.0, 947.0]
[0.0, 112.0, 663.0, 996.0]
[0.0, 0.0, 664.0, 885.0]
[0.0, 64.0, 664.0, 950.0]
[16.0, 96.0, 681.0, 983.0]
[0.0, 48.0, 666.0, 936.0]
[0.0, 0.0, 667.0, 889.0]
[0.0, 32.0, 668.0, 922.0]
[0.0, 96.0, 668.0, 987.0]
[0.0, 32.0, 669.0, 924.0]
[0.0, 80.0, 670.0, 973.0]
[0.0, 64.0, 670.0, 958.0]
[0.0, 32.0, 671.0, 927.0]
[0.0, 112.0, 672.0, 1008.0]
[0.0, 64.0, 673.0, 961.0]
[0.0, 16.0, 674.0, 914.0]
[0.0, 48.0, 674.0, 947.0]
[0.0, 112.0, 675.0, 1012.0]
[0.0, 80.0, 676.0, 981.0]
[0.0, 32.0, 676.0, 934.0]
[0.0, 16.0, 677.0, 919.0]
[0.0, 32.0, 678.0, 936.0]
[0.0, 112.0, 679.0, 1017.0]
[0.0, 80.0, 680.0, 986.0]
[0.0, 16.0, 680.0, 923.0]
[0.0, 64.0, 681.0, 972.0]
[0.0, 48.0, 682.0, 957.0]
[0.0, 16.0, 682.0, 926.0]
