[224.0, 80.0, 941.0, 618.0]
[144.0, 80.0, 862.0, 618.0]
[112.0, 80.0, 831.0, 619.0]
[160.0, 80.0, 880.0, 620.0]
[256.0, 112.0, 977.0, 653.0]
[272.0, 112.0, 994.0, 654.0]
[176.0, 80.0, 899.0, 622.0]
[272.0, 112.0, 996.0, 655.0]
[48.0, 128.0, 773.0, 672.0]
[224.0, 96.0, 950.0, 640.0]
[160.0, 112.0, 887.0, 657.0]
[112.0, 96.0, 840.0, 642.0]
[96.0, 80.0, 825.0, 627.0]
[256.0, 112.0, 986.0, 660.0]
[160.0, 112.0, 891.0, 660.0]
[144.0, 80.0, 876.0, 629.0]
[64.0, 112.0, 797.0, 662.0]
[112.0, 112.0, 846.0, 662.0]
[96.0, 80.0, 831.0, 631.0]
[144.0, 96.0, 880.0, 648.0]
[272.0, 96.0, 1009.0, 649.0]
[240.0, 112.0, 978.0, 666.0]
[192.0, 96.0, 931.0, 650.0]
[64.0, 112.0, 804.0, 667.0]
[192.0, 80.0, 933.0, 636.0]
[80.0, 128.0, 822.0, 684.0]
[96.0, 64.0, 839.0, 621.0]
[176.0, 96.0, 920.0, 654.0]
[16.0, 80.0, 761.0, 639.0]
[208.0, 80.0, 954.0, 640.0]
[128.0, 80.0, 875.0, 640.0]
[48.0, 64.0, 796.0, 625.0]
[80.0, 64.0, 829.0, 626.0]
[96.0, 80.0, 846.0, 642.0]
[96.0, 80.0, 847.0, 643.0]
[0.0, 96.0, 752.0, 660.0]
[144.0, 64.0, 897.0, 629.0]
[128.0, 96.0, 882.0, 662.0]
[80.0, 80.0, 835.0, 646.0]
[128.0, 64.0, 884.0, 631.0]
[96.0, 48.0, 853.0, 616.0]
[256.0, 96.0, 1014.0, 664.0]
[144.0, 96.0, 903.0, 665.0]
[240.0, 64.0, 1000.0, 634.0]
[144.0, 48.0, 905.0, 619.0]
[192.0, 80.0, 954.0, 652.0]
[144.0, 48.0, 907.0, 620.0]
[112.0, 96.0, 876.0, 669.0]
[144.0, 80.0, 909.0, 654.0]
[176.0, 96.0, 942.0, 670.0]
[128.0, 96.0, 895.0, 671.0]
[176.0, 96.0, 944.0, 672.0]
[112.0, 64.0, 881.0, 641.0]
[224.0, 80.0, 994.0, 658.0]
[176.0, 32.0, 947.0, 610.0]
[64.0, 80.0, 836.0, 659.0]
[224.0, 64.0, 997.0, 644.0]
[112.0, 48.0, 886.0, 628.0]
[144.0, 80.0, 919.0, 661.0]
[208.0, 32.0, 984.0, 614.0]
[208.0, 80.0, 985.0, 663.0]
[80.0, 48.0, 858.0, 632.0]
[32.0, 48.0, 811.0, 632.0]
[192.0, 96.0, 972.0, 681.0]
[112.0, 48.0, 893.0, 634.0]
[176.0, 48.0, 958.0, 634.0]
[160.0, 80.0, 943.0, 667.0]
[224.0, 96.0, 1008.0, 684.0]
[160.0, 32.0, 945.0, 621.0]
[160.0, 48.0, 946.0, 638.0]
[96.0, 80.0, 883.0, 670.0]
[16.0, 64.0, 804.0, 655.0]
[16.0, 80.0, 805.0, 672.0]
[80.0, 80.0, 870.0, 672.0]
[144.0, 32.0, 935.0, 625.0]
[16.0, 80.0, 808.0, 674.0]
[192.0, 48.0, 985.0, 643.0]
[224.0, 48.0, 1018.0, 644.0]
[64.0, 80.0, 859.0, 676.0]
[176.0, 16.0, 972.0, 613.0]
[48.0, 48.0, 845.0, 646.0]
[192.0, 64.0, 990.0, 662.0]
[224.0, 80.0, 1023.0, 679.0]
[192.0, 80.0, 992.0, 680.0]
[32.0, 16.0, 833.0, 617.0]
[176.0, 80.0, 978.0, 682.0]
[48.0, 32.0, 851.0, 634.0]
[208.0, 64.0, 1012.0, 667.0]
[0.0, 80.0, 805.0, 684.0]
[48.0, 48.0, 854.0, 652.0]
[48.0, 32.0, 855.0, 637.0]
[144.0, 32.0, 952.0, 638.0]
[0.0, 64.0, 809.0, 671.0]
[80.0, 64.0, 890.0, 672.0]
[96.0, 0.0, 907.0, 608.0]
[112.0, 64.0, 924.0, 673.0]
[64.0, 0.0, 877.0, 610.0]
[208.0, 48.0, 1022.0, 658.0]
[128.0, 0.0, 943.0, 611.0]
[176.0, 64.0, 992.0, 676.0]
[192.0, 32.0, 1009.0, 645.0]
[64.0, 16.0, 882.0, 630.0]
[112.0, 32.0, 931.0, 646.0]
[128.0, 32.0, 948.0, 647.0]
[32.0, 16.0, 853.0, 632.0]
[192.0, 16.0, 1014.0, 632.0]
[64.0, 64.0, 887.0, 681.0]
[80.0, 0.0, 904.0, 618.0]
[80.0, 48.0, 905.0, 667.0]
[64.0, 48.0, 890.0, 668.0]
[64.0, 0.0, 891.0, 620.0]
[0.0, 48.0, 828.0, 669.0]
[128.0, 48.0, 957.0, 670.0]
[0.0, 48.0, 830.0, 670.0]
[48.0, 48.0, 879.0, 671.0]
[80.0, 32.0, 912.0, 656.0]
[112.0, 32.0, 945.0, 657.0]
[48.0, 0.0, 882.0, 626.0]
[64.0, 48.0, 899.0, 674.0]
[32.0, 0.0, 868.0, 627.0]
[64.0, 16.0, 901.0, 644.0]
[160.0, 0.0, 998.0, 628.0]
[32.0, 48.0, 871.0, 677.0]
[144.0, 48.0, 984.0, 678.0]
[16.0, 48.0, 857.0, 679.0]
[64.0, 48.0, 906.0, 680.0]
[112.0, 0.0, 955.0, 632.0]
[32.0, 0.0, 876.0, 633.0]
[16.0, 32.0, 861.0, 666.0]
[48.0, 48.0, 894.0, 682.0]
[32.0, 32.0, 879.0, 667.0]
[16.0, 0.0, 864.0, 636.0]
[128.0, 0.0, 977.0, 637.0]
[96.0, 0.0, 946.0, 638.0]
[112.0, 0.0, 963.0, 638.0]
[32.0, 0.0, 884.0, 639.0]
[48.0, 32.0, 901.0, 672.0]
[80.0, 32.0, 934.0, 672.0]
[0.0, 0.0, 855.0, 641.0]
[144.0, 0.0, 1000.0, 642.0]
[32.0, 16.0, 889.0, 659.0]
[80.0, 0.0, 938.0, 644.0]
[48.0, 16.0, 907.0, 660.0]
[16.0, 32.0, 876.0, 677.0]
[80.0, 16.0, 941.0, 662.0]
[0.0, 16.0, 862.0, 662.0]
[96.0, 16.0, 959.0, 663.0]
[16.0, 32.0, 880.0, 680.0]
[144.0, 32.0, 1009.0, 681.0]
[48.0, 0.0, 914.0, 650.0]
[96.0, 32.0, 963.0, 682.0]
[64.0, 16.0, 932.0, 667.0]
[48.0, 16.0, 917.0, 668.0]
[80.0, 32.0, 950.0, 684.0]
[144.0, 32.0, 1015.0, 685.0]
[48.0, 0.0, 920.0, 654.0]
[64.0, 16.0, 937.0, 671.0]
[112.0, 0.0, 986.0, 656.0]
[48.0, 16.0, 923.0, 672.0]
[32.0, 0.0, 908.0, 657.0]
[96.0, 16.0, 973.0, 674.0]
[96.0, 16.0, 974.0, 674.0]
[112.0, 0.0, 991.0, 659.0]
[0.0, 0.0, 880.0, 660.0]
[80.0, 0.0, 961.0, 661.0]
[48.0, 0.0, 930.0, 662.0]
[128.0, 0.0, 1011.0, 662.0]
[48.0, 16.0, 932.0, 679.0]
[96.0, 0.0, 981.0, 664.0]
[112.0, 0.0, 998.0, 664.0]
[112.0, 0.0, 999.0, 665.0]
[96.0, 16.0, 984.0, 682.0]
[16.0, 0.0, 905.0, 667.0]
[48.0, 0.0, 938.0, 668.0]
[48.0, 16.0, 939.0, 684.0]
[48.0, 0.0, 940.0, 669.0]
[128.0, 0.0, 1021.0, 670.0]
[48.0, 0.0, 942.0, 670.0]
[32.0, 0.0, 927.0, 671.0]
[48.0, 0.0, 944.0, 672.0]
[80.0, 0.0, 977.0, 673.0]
[80.0, 0.0, 978.0, 674.0]
[96.0, 0.0, 995.0, 674.0]
[80.0, 0.0, 980.0, 675.0]
[16.0, 0.0, 917.0, 676.0]
[112.0, 0.0, 1014.0, 676.0]
[96.0, 0.0, 999.0, 677.0]
[96.0, 0.0, 1000.0, 678.0]
[16.0, 0.0, 921.0, 679.0]
[80.0, 0.0, 986.0, 680.0]
[96.0, 0.0, 1003.0, 680.0]
[0.0, 0.0, 908.0, 681.0]
[112.0, 0.0, 1021.0, 682.0]
[80.0, 0.0, 990.0, 682.0]
[16.0, 0.0, 927.0, 683.0]
[64.0, 0.0, 976.0, 684.0]
[96.0, 0.0, 1009.0, 685.0]
