[240.0, 144.0, 957.0, 682.0]
[160.0, 112.0, 878.0, 650.0]
[80.0, 112.0, 799.0, 651.0]
[208.0, 128.0, 928.0, 668.0]
[32.0, 128.0, 753.0, 669.0]
[64.0, 112.0, 786.0, 654.0]
[32.0, 128.0, 755.0, 670.0]
[192.0, 112.0, 916.0, 655.0]
[48.0, 112.0, 773.0, 656.0]
[224.0, 128.0, 950.0, 672.0]
[128.0, 128.0, 855.0, 673.0]
[112.0, 96.0, 840.0, 642.0]
[240.0, 96.0, 969.0, 643.0]
[208.0, 112.0, 938.0, 660.0]
[96.0, 96.0, 827.0, 644.0]
[48.0, 96.0, 780.0, 645.0]
[48.0, 112.0, 781.0, 662.0]
[192.0, 96.0, 926.0, 646.0]
[112.0, 96.0, 847.0, 647.0]
[192.0, 112.0, 928.0, 664.0]
[256.0, 112.0, 993.0, 665.0]
[112.0, 112.0, 850.0, 666.0]
[128.0, 112.0, 867.0, 666.0]
[48.0, 128.0, 788.0, 683.0]
[176.0, 112.0, 917.0, 668.0]
[160.0, 96.0, 902.0, 652.0]
[160.0, 112.0, 903.0, 669.0]
[240.0, 112.0, 984.0, 670.0]
[64.0, 80.0, 809.0, 639.0]
[80.0, 80.0, 826.0, 640.0]
[240.0, 96.0, 987.0, 656.0]
[128.0, 112.0, 876.0, 673.0]
[80.0, 80.0, 829.0, 642.0]
[80.0, 96.0, 830.0, 658.0]
[240.0, 96.0, 991.0, 659.0]
[80.0, 96.0, 832.0, 660.0]
[112.0, 96.0, 865.0, 661.0]
[160.0, 112.0, 914.0, 678.0]
[176.0, 80.0, 931.0, 646.0]
[160.0, 96.0, 916.0, 663.0]
[32.0, 80.0, 789.0, 648.0]
[32.0, 80.0, 790.0, 648.0]
[96.0, 96.0, 855.0, 665.0]
[240.0, 96.0, 1000.0, 666.0]
[160.0, 80.0, 921.0, 651.0]
[224.0, 96.0, 986.0, 668.0]
[224.0, 96.0, 987.0, 668.0]
[64.0, 80.0, 828.0, 653.0]
[240.0, 96.0, 1005.0, 670.0]
[48.0, 64.0, 814.0, 638.0]
[96.0, 96.0, 863.0, 671.0]
[160.0, 80.0, 928.0, 656.0]
[160.0, 96.0, 929.0, 673.0]
[128.0, 96.0, 898.0, 674.0]
[112.0, 96.0, 883.0, 674.0]
[32.0, 96.0, 804.0, 675.0]
[80.0, 64.0, 853.0, 644.0]
[144.0, 80.0, 918.0, 660.0]
[144.0, 96.0, 919.0, 677.0]
[32.0, 96.0, 808.0, 678.0]
[48.0, 96.0, 825.0, 679.0]
[176.0, 96.0, 954.0, 680.0]
[32.0, 96.0, 811.0, 680.0]
[16.0, 96.0, 796.0, 681.0]
[128.0, 96.0, 909.0, 682.0]
[176.0, 80.0, 958.0, 666.0]
[144.0, 96.0, 927.0, 683.0]
[128.0, 80.0, 912.0, 668.0]
[208.0, 64.0, 993.0, 653.0]
[192.0, 80.0, 978.0, 670.0]
[144.0, 64.0, 931.0, 654.0]
[80.0, 48.0, 868.0, 639.0]
[176.0, 80.0, 965.0, 672.0]
[64.0, 80.0, 854.0, 672.0]
[32.0, 64.0, 823.0, 657.0]
[176.0, 64.0, 968.0, 658.0]
[80.0, 80.0, 873.0, 675.0]
[208.0, 80.0, 1002.0, 676.0]
[176.0, 48.0, 971.0, 644.0]
[144.0, 64.0, 940.0, 661.0]
[192.0, 48.0, 989.0, 646.0]
[32.0, 64.0, 830.0, 662.0]
[96.0, 48.0, 895.0, 647.0]
[48.0, 48.0, 848.0, 648.0]
[80.0, 64.0, 881.0, 665.0]
[48.0, 48.0, 850.0, 650.0]
[96.0, 64.0, 899.0, 666.0]
[64.0, 48.0, 868.0, 651.0]
[48.0, 64.0, 853.0, 668.0]
[144.0, 64.0, 950.0, 668.0]
[32.0, 48.0, 839.0, 653.0]
[64.0, 48.0, 872.0, 654.0]
[112.0, 48.0, 921.0, 655.0]
[176.0, 48.0, 986.0, 656.0]
[160.0, 48.0, 971.0, 656.0]
[48.0, 32.0, 860.0, 641.0]
[80.0, 32.0, 893.0, 642.0]
[80.0, 32.0, 894.0, 642.0]
[192.0, 48.0, 1007.0, 659.0]
[80.0, 48.0, 896.0, 660.0]
[64.0, 48.0, 881.0, 661.0]
[64.0, 48.0, 882.0, 662.0]
[80.0, 48.0, 899.0, 662.0]
[32.0, 64.0, 852.0, 679.0]
[48.0, 48.0, 869.0, 664.0]
[160.0, 48.0, 982.0, 664.0]
[176.0, 32.0, 999.0, 649.0]
[144.0, 32.0, 968.0, 650.0]
[64.0, 64.0, 889.0, 683.0]
[160.0, 32.0, 986.0, 652.0]
[32.0, 48.0, 859.0, 668.0]
[16.0, 48.0, 844.0, 669.0]
[96.0, 16.0, 925.0, 638.0]
[96.0, 32.0, 926.0, 654.0]
[16.0, 32.0, 847.0, 655.0]
[128.0, 32.0, 960.0, 656.0]
[128.0, 32.0, 961.0, 657.0]
[128.0, 32.0, 962.0, 658.0]
[144.0, 16.0, 979.0, 642.0]
[112.0, 32.0, 948.0, 659.0]
[128.0, 32.0, 965.0, 660.0]
[48.0, 48.0, 886.0, 676.0]
[80.0, 32.0, 919.0, 661.0]
[48.0, 16.0, 888.0, 646.0]
[96.0, 32.0, 937.0, 663.0]
[128.0, 16.0, 970.0, 648.0]
[96.0, 32.0, 939.0, 664.0]
[80.0, 16.0, 924.0, 649.0]
[80.0, 16.0, 925.0, 650.0]
[16.0, 48.0, 862.0, 682.0]
[48.0, 16.0, 895.0, 651.0]
[48.0, 32.0, 896.0, 668.0]
[112.0, 16.0, 961.0, 653.0]
[128.0, 0.0, 978.0, 638.0]
[48.0, 32.0, 899.0, 670.0]
[112.0, 32.0, 964.0, 671.0]
[80.0, 0.0, 933.0, 640.0]
[112.0, 16.0, 966.0, 656.0]
[144.0, 16.0, 999.0, 657.0]
[144.0, 32.0, 1000.0, 674.0]
[32.0, 16.0, 889.0, 659.0]
[112.0, 0.0, 970.0, 644.0]
[80.0, 0.0, 939.0, 644.0]
[144.0, 32.0, 1004.0, 677.0]
[144.0, 32.0, 1005.0, 678.0]
[128.0, 32.0, 990.0, 678.0]
[112.0, 32.0, 975.0, 679.0]
[80.0, 0.0, 944.0, 648.0]
[144.0, 16.0, 1009.0, 665.0]
[48.0, 32.0, 914.0, 682.0]
[32.0, 16.0, 899.0, 666.0]
[112.0, 0.0, 980.0, 651.0]
[80.0, 0.0, 949.0, 652.0]
[128.0, 16.0, 998.0, 668.0]
[112.0, 0.0, 983.0, 653.0]
[112.0, 16.0, 984.0, 670.0]
[32.0, 0.0, 905.0, 655.0]
[96.0, 0.0, 970.0, 656.0]
[128.0, 16.0, 1003.0, 672.0]
[112.0, 0.0, 988.0, 657.0]
[64.0, 16.0, 941.0, 674.0]
[32.0, 16.0, 910.0, 674.0]
[48.0, 16.0, 927.0, 675.0]
[32.0, 16.0, 912.0, 676.0]
[80.0, 16.0, 961.0, 677.0]
[64.0, 0.0, 946.0, 662.0]
[80.0, 0.0, 963.0, 662.0]
[32.0, 0.0, 916.0, 663.0]
[64.0, 0.0, 949.0, 664.0]
[48.0, 16.0, 934.0, 680.0]
[48.0, 16.0, 935.0, 681.0]
[32.0, 16.0, 920.0, 682.0]
[32.0, 0.0, 921.0, 667.0]
[48.0, 0.0, 938.0, 668.0]
[48.0, 0.0, 939.0, 668.0]
[64.0, 0.0, 956.0, 669.0]
[48.0, 0.0, 941.0, 670.0]
[80.0, 0.0, 974.0, 670.0]
[112.0, 0.0, 1007.0, 671.0]
[96.0, 0.0, 992.0, 672.0]
[32.0, 0.0, 929.0, 673.0]
[64.0, 0.0, 962.0, 674.0]
[96.0, 0.0, 995.0, 674.0]
[80.0, 0.0, 980.0, 675.0]
[64.0, 0.0, 965.0, 676.0]
[64.0, 0.0, 966.0, 676.0]
[48.0, 0.0, 951.0, 677.0]
[32.0, 0.0, 936.0, 678.0]
[96.0, 0.0, 1001.0, 679.0]
[64.0, 0.0, 970.0, 680.0]
[48.0, 0.0, 955.0, 680.0]
[96.0, 0.0, 1004.0, 681.0]
[64.0, 0.0, 973.0, 682.0]
[80.0, 0.0, 990.0, 682.0]
[80.0, 0.0, 991.0, 683.0]
