[256.0, 64.0, 973.0, 602.0]
[160.0, 128.0, 878.0, 666.0]
[144.0, 128.0, 863.0, 667.0]
[176.0, 96.0, 896.0, 636.0]
[160.0, 96.0, 881.0, 637.0]
[192.0, 64.0, 914.0, 606.0]
[224.0, 48.0, 947.0, 590.0]
[208.0, 96.0, 932.0, 639.0]
[144.0, 128.0, 869.0, 672.0]
[256.0, 96.0, 982.0, 640.0]
[208.0, 64.0, 935.0, 609.0]
[224.0, 128.0, 952.0, 674.0]
[256.0, 96.0, 985.0, 643.0]
[272.0, 80.0, 1002.0, 628.0]
[272.0, 80.0, 1003.0, 628.0]
[176.0, 128.0, 908.0, 677.0]
[288.0, 128.0, 1021.0, 678.0]
[224.0, 128.0, 958.0, 678.0]
[176.0, 112.0, 911.0, 663.0]
[256.0, 128.0, 992.0, 680.0]
[176.0, 128.0, 913.0, 681.0]
[192.0, 128.0, 930.0, 682.0]
[256.0, 64.0, 995.0, 618.0]
[256.0, 128.0, 996.0, 683.0]
[192.0, 48.0, 933.0, 604.0]
[256.0, 64.0, 998.0, 620.0]
[208.0, 96.0, 951.0, 653.0]
[208.0, 112.0, 952.0, 670.0]
[224.0, 48.0, 969.0, 607.0]
[256.0, 96.0, 1002.0, 656.0]
[256.0, 64.0, 1003.0, 624.0]
[224.0, 48.0, 972.0, 609.0]
[208.0, 96.0, 957.0, 658.0]
[208.0, 96.0, 958.0, 658.0]
[224.0, 96.0, 975.0, 659.0]
[240.0, 48.0, 992.0, 612.0]
[240.0, 64.0, 993.0, 629.0]
[144.0, 96.0, 898.0, 662.0]
[160.0, 64.0, 915.0, 630.0]
[240.0, 80.0, 996.0, 647.0]
[144.0, 80.0, 901.0, 648.0]
[144.0, 80.0, 902.0, 648.0]
[176.0, 64.0, 935.0, 633.0]
[224.0, 112.0, 984.0, 682.0]
[256.0, 112.0, 1017.0, 683.0]
[144.0, 96.0, 906.0, 668.0]
[192.0, 48.0, 955.0, 620.0]
[256.0, 80.0, 1020.0, 653.0]
[144.0, 96.0, 909.0, 670.0]
[208.0, 80.0, 974.0, 654.0]
[240.0, 80.0, 1007.0, 655.0]
[192.0, 32.0, 960.0, 608.0]
[128.0, 96.0, 897.0, 673.0]
[208.0, 80.0, 978.0, 658.0]
[208.0, 96.0, 979.0, 674.0]
[144.0, 96.0, 916.0, 675.0]
[192.0, 48.0, 965.0, 628.0]
[208.0, 48.0, 982.0, 628.0]
[192.0, 80.0, 967.0, 661.0]
[224.0, 48.0, 1000.0, 630.0]
[128.0, 64.0, 905.0, 647.0]
[208.0, 96.0, 986.0, 680.0]
[192.0, 64.0, 971.0, 648.0]
[160.0, 64.0, 940.0, 649.0]
[160.0, 80.0, 941.0, 666.0]
[208.0, 96.0, 990.0, 682.0]
[240.0, 64.0, 1023.0, 651.0]
[240.0, 64.0, 1024.0, 652.0]
[208.0, 48.0, 993.0, 637.0]
[160.0, 80.0, 946.0, 670.0]
[176.0, 48.0, 963.0, 638.0]
[224.0, 80.0, 1012.0, 671.0]
[176.0, 64.0, 965.0, 656.0]
[208.0, 64.0, 998.0, 656.0]
[128.0, 64.0, 919.0, 657.0]
[192.0, 48.0, 984.0, 642.0]
[176.0, 64.0, 969.0, 659.0]
[192.0, 64.0, 986.0, 660.0]
[208.0, 32.0, 1003.0, 628.0]
[208.0, 32.0, 1004.0, 629.0]
[160.0, 80.0, 957.0, 678.0]
[160.0, 48.0, 958.0, 646.0]
[160.0, 48.0, 959.0, 647.0]
[160.0, 48.0, 960.0, 648.0]
[144.0, 48.0, 945.0, 649.0]
[208.0, 48.0, 1010.0, 650.0]
[160.0, 32.0, 963.0, 634.0]
[160.0, 64.0, 964.0, 667.0]
[176.0, 48.0, 981.0, 652.0]
[192.0, 32.0, 998.0, 636.0]
[160.0, 48.0, 967.0, 653.0]
[176.0, 48.0, 984.0, 654.0]
[192.0, 32.0, 1001.0, 639.0]
[208.0, 48.0, 1018.0, 656.0]
[128.0, 48.0, 939.0, 656.0]
[176.0, 32.0, 988.0, 641.0]
[208.0, 64.0, 1021.0, 674.0]
[208.0, 64.0, 1022.0, 674.0]
[160.0, 64.0, 975.0, 675.0]
[208.0, 16.0, 1024.0, 628.0]
[192.0, 48.0, 1009.0, 661.0]
[192.0, 64.0, 1010.0, 678.0]
[192.0, 48.0, 1011.0, 662.0]
[144.0, 64.0, 964.0, 679.0]
[128.0, 64.0, 949.0, 680.0]
[128.0, 48.0, 950.0, 664.0]
[160.0, 64.0, 983.0, 681.0]
[160.0, 32.0, 984.0, 650.0]
[160.0, 16.0, 985.0, 635.0]
[160.0, 48.0, 986.0, 668.0]
[192.0, 32.0, 1019.0, 652.0]
[176.0, 32.0, 1004.0, 653.0]
[192.0, 48.0, 1021.0, 670.0]
[160.0, 16.0, 990.0, 638.0]
[176.0, 32.0, 1007.0, 655.0]
[192.0, 32.0, 1024.0, 656.0]
[176.0, 16.0, 1009.0, 641.0]
[128.0, 48.0, 962.0, 674.0]
[128.0, 48.0, 963.0, 674.0]
[176.0, 48.0, 1012.0, 675.0]
[176.0, 16.0, 1013.0, 644.0]
[144.0, 32.0, 982.0, 660.0]
[160.0, 16.0, 999.0, 645.0]
[144.0, 48.0, 984.0, 678.0]
[176.0, 32.0, 1017.0, 663.0]
[128.0, 32.0, 970.0, 664.0]
[176.0, 32.0, 1019.0, 664.0]
[160.0, 32.0, 1004.0, 665.0]
[176.0, 48.0, 1021.0, 682.0]
[176.0, 48.0, 1022.0, 682.0]
[160.0, 48.0, 1007.0, 683.0]
[176.0, 32.0, 1024.0, 668.0]
[128.0, 16.0, 977.0, 653.0]
[128.0, 16.0, 978.0, 654.0]
[144.0, 32.0, 995.0, 670.0]
[144.0, 32.0, 996.0, 671.0]
[128.0, 32.0, 981.0, 672.0]
[144.0, 16.0, 998.0, 656.0]
[160.0, 16.0, 1015.0, 657.0]
[160.0, 16.0, 1016.0, 658.0]
[160.0, 16.0, 1017.0, 659.0]
[144.0, 32.0, 1002.0, 676.0]
[160.0, 32.0, 1019.0, 676.0]
[128.0, 32.0, 988.0, 677.0]
[144.0, 32.0, 1005.0, 678.0]
[160.0, 16.0, 1022.0, 662.0]
[128.0, 16.0, 991.0, 663.0]
[160.0, 32.0, 1024.0, 680.0]
[144.0, 16.0, 1009.0, 665.0]
