[128.0, 32.0, 845.0, 570.0]
[80.0, 64.0, 798.0, 602.0]
[80.0, 16.0, 799.0, 555.0]
[48.0, 80.0, 768.0, 620.0]
[160.0, 16.0, 881.0, 557.0]
[80.0, 16.0, 802.0, 558.0]
[112.0, 32.0, 835.0, 574.0]
[48.0, 80.0, 772.0, 623.0]
[0.0, 32.0, 725.0, 576.0]
[32.0, 0.0, 758.0, 544.0]
[96.0, 16.0, 823.0, 561.0]
[128.0, 0.0, 856.0, 546.0]
[16.0, 16.0, 745.0, 563.0]
[144.0, 48.0, 874.0, 596.0]
[160.0, 0.0, 891.0, 548.0]
[0.0, 0.0, 732.0, 549.0]
[112.0, 0.0, 845.0, 550.0]
[48.0, 32.0, 782.0, 582.0]
[32.0, 32.0, 767.0, 583.0]
[144.0, 0.0, 880.0, 552.0]
[64.0, 48.0, 801.0, 601.0]
[32.0, 0.0, 770.0, 554.0]
[32.0, 32.0, 771.0, 586.0]
[32.0, 64.0, 772.0, 619.0]
[128.0, 16.0, 869.0, 572.0]
[0.0, 64.0, 742.0, 620.0]
[128.0, 48.0, 871.0, 605.0]
[32.0, 80.0, 776.0, 638.0]
[32.0, 0.0, 777.0, 559.0]
[48.0, 48.0, 794.0, 608.0]
[64.0, 64.0, 811.0, 624.0]
[128.0, 32.0, 876.0, 593.0]
[64.0, 80.0, 813.0, 642.0]
[0.0, 48.0, 750.0, 610.0]
[32.0, 48.0, 783.0, 611.0]
[32.0, 48.0, 784.0, 612.0]
[64.0, 48.0, 817.0, 613.0]
[0.0, 0.0, 754.0, 566.0]
[128.0, 0.0, 883.0, 566.0]
[48.0, 80.0, 804.0, 647.0]
[48.0, 64.0, 805.0, 632.0]
[16.0, 16.0, 774.0, 584.0]
[48.0, 0.0, 807.0, 569.0]
[16.0, 0.0, 776.0, 570.0]
[80.0, 32.0, 841.0, 603.0]
[64.0, 16.0, 826.0, 588.0]
[128.0, 16.0, 891.0, 588.0]
[80.0, 16.0, 844.0, 589.0]
[80.0, 48.0, 845.0, 622.0]
[80.0, 16.0, 846.0, 590.0]
[64.0, 48.0, 831.0, 623.0]
[48.0, 48.0, 816.0, 624.0]
[16.0, 48.0, 785.0, 625.0]
[80.0, 48.0, 850.0, 626.0]
[112.0, 16.0, 883.0, 594.0]
[16.0, 0.0, 788.0, 579.0]
[16.0, 48.0, 789.0, 628.0]
[48.0, 80.0, 822.0, 660.0]
[80.0, 32.0, 855.0, 613.0]
[48.0, 80.0, 824.0, 662.0]
[48.0, 48.0, 825.0, 631.0]
[96.0, 16.0, 874.0, 600.0]
[112.0, 32.0, 891.0, 616.0]
[32.0, 48.0, 812.0, 633.0]
[0.0, 48.0, 781.0, 634.0]
[0.0, 48.0, 782.0, 634.0]
[64.0, 32.0, 847.0, 619.0]
[48.0, 32.0, 832.0, 620.0]
[48.0, 16.0, 833.0, 605.0]
[64.0, 64.0, 850.0, 654.0]
[0.0, 48.0, 787.0, 638.0]
[16.0, 48.0, 804.0, 639.0]
[48.0, 0.0, 837.0, 592.0]
[0.0, 48.0, 790.0, 640.0]
[32.0, 48.0, 823.0, 641.0]
[16.0, 64.0, 808.0, 658.0]
[16.0, 48.0, 809.0, 643.0]
[80.0, 32.0, 874.0, 628.0]
[96.0, 0.0, 891.0, 596.0]
[32.0, 48.0, 828.0, 645.0]
[96.0, 32.0, 893.0, 630.0]
[80.0, 0.0, 878.0, 598.0]
[32.0, 48.0, 831.0, 647.0]
[48.0, 0.0, 848.0, 600.0]
[80.0, 0.0, 881.0, 601.0]
[32.0, 32.0, 834.0, 634.0]
[48.0, 48.0, 851.0, 650.0]
[16.0, 48.0, 820.0, 651.0]
[32.0, 16.0, 837.0, 620.0]
[16.0, 0.0, 822.0, 604.0]
[64.0, 0.0, 871.0, 605.0]
[80.0, 0.0, 888.0, 606.0]
[16.0, 48.0, 825.0, 655.0]
[48.0, 16.0, 858.0, 624.0]
[32.0, 0.0, 843.0, 608.0]
[48.0, 48.0, 860.0, 657.0]
[32.0, 0.0, 845.0, 610.0]
[0.0, 48.0, 814.0, 658.0]
[32.0, 0.0, 847.0, 611.0]
[80.0, 0.0, 896.0, 612.0]
[0.0, 16.0, 817.0, 629.0]
[48.0, 0.0, 866.0, 614.0]
[0.0, 32.0, 819.0, 646.0]
[32.0, 16.0, 852.0, 631.0]
[64.0, 16.0, 885.0, 632.0]
[16.0, 32.0, 838.0, 648.0]
[32.0, 32.0, 855.0, 649.0]
[80.0, 0.0, 904.0, 618.0]
[0.0, 16.0, 825.0, 635.0]
[64.0, 32.0, 890.0, 652.0]
[16.0, 32.0, 843.0, 652.0]
[32.0, 32.0, 860.0, 653.0]
[64.0, 16.0, 893.0, 638.0]
[64.0, 32.0, 894.0, 654.0]
[48.0, 0.0, 879.0, 623.0]
[48.0, 32.0, 880.0, 656.0]
[0.0, 0.0, 833.0, 625.0]
[32.0, 32.0, 866.0, 658.0]
[32.0, 32.0, 867.0, 658.0]
[64.0, 32.0, 900.0, 659.0]
[16.0, 0.0, 853.0, 628.0]
[48.0, 32.0, 886.0, 660.0]
[32.0, 0.0, 871.0, 629.0]
[64.0, 32.0, 904.0, 662.0]
[48.0, 0.0, 889.0, 631.0]
[48.0, 32.0, 890.0, 664.0]
[32.0, 0.0, 875.0, 632.0]
[32.0, 16.0, 876.0, 649.0]
[16.0, 32.0, 861.0, 666.0]
[16.0, 32.0, 862.0, 666.0]
[0.0, 0.0, 847.0, 635.0]
[48.0, 0.0, 896.0, 636.0]
[32.0, 0.0, 881.0, 637.0]
[48.0, 16.0, 898.0, 654.0]
[48.0, 32.0, 899.0, 670.0]
[0.0, 16.0, 852.0, 655.0]
[0.0, 32.0, 853.0, 672.0]
[0.0, 32.0, 854.0, 672.0]
[0.0, 16.0, 855.0, 657.0]
[0.0, 32.0, 856.0, 674.0]
[0.0, 16.0, 857.0, 659.0]
[48.0, 16.0, 906.0, 660.0]
[32.0, 0.0, 891.0, 644.0]
[16.0, 32.0, 876.0, 677.0]
[0.0, 0.0, 861.0, 646.0]
[16.0, 0.0, 878.0, 646.0]
[0.0, 0.0, 863.0, 647.0]
[0.0, 0.0, 864.0, 648.0]
[16.0, 16.0, 881.0, 665.0]
