[240.0, 96.0, 981.0, 652.0]
[160.0, 32.0, 902.0, 588.0]
[112.0, 48.0, 855.0, 605.0]
[192.0, 96.0, 936.0, 654.0]
[160.0, 48.0, 905.0, 607.0]
[48.0, 48.0, 794.0, 608.0]
[48.0, 48.0, 795.0, 608.0]
[64.0, 48.0, 812.0, 609.0]
[96.0, 32.0, 845.0, 594.0]
[224.0, 64.0, 974.0, 626.0]
[144.0, 64.0, 895.0, 627.0]
[144.0, 96.0, 896.0, 660.0]
[80.0, 96.0, 833.0, 661.0]
[240.0, 32.0, 994.0, 598.0]
[240.0, 32.0, 995.0, 598.0]
[96.0, 80.0, 852.0, 647.0]
[96.0, 96.0, 853.0, 664.0]
[128.0, 32.0, 886.0, 600.0]
[96.0, 48.0, 855.0, 617.0]
[48.0, 32.0, 808.0, 602.0]
[208.0, 80.0, 969.0, 651.0]
[96.0, 96.0, 858.0, 668.0]
[80.0, 64.0, 843.0, 636.0]
[48.0, 80.0, 812.0, 653.0]
[240.0, 80.0, 1005.0, 654.0]
[160.0, 48.0, 926.0, 622.0]
[48.0, 48.0, 815.0, 623.0]
[32.0, 48.0, 800.0, 624.0]
[160.0, 48.0, 929.0, 625.0]
[160.0, 80.0, 930.0, 658.0]
[208.0, 64.0, 979.0, 642.0]
[64.0, 96.0, 836.0, 675.0]
[176.0, 16.0, 949.0, 596.0]
[176.0, 80.0, 950.0, 660.0]
[176.0, 64.0, 951.0, 645.0]
[96.0, 64.0, 872.0, 646.0]
[144.0, 96.0, 921.0, 679.0]
[80.0, 80.0, 858.0, 664.0]
[128.0, 16.0, 907.0, 600.0]
[112.0, 32.0, 892.0, 617.0]
[32.0, 48.0, 813.0, 634.0]
[64.0, 32.0, 846.0, 618.0]
[80.0, 16.0, 863.0, 603.0]
[96.0, 32.0, 880.0, 620.0]
[176.0, 16.0, 961.0, 605.0]
[208.0, 32.0, 994.0, 622.0]
[144.0, 64.0, 931.0, 654.0]
[0.0, 48.0, 788.0, 639.0]
[48.0, 16.0, 837.0, 608.0]
[96.0, 64.0, 886.0, 656.0]
[192.0, 48.0, 983.0, 641.0]
[112.0, 32.0, 904.0, 626.0]
[48.0, 64.0, 841.0, 659.0]
[192.0, 32.0, 986.0, 628.0]
[208.0, 32.0, 1003.0, 628.0]
[16.0, 80.0, 812.0, 677.0]
[48.0, 0.0, 845.0, 598.0]
[32.0, 80.0, 830.0, 678.0]
[48.0, 16.0, 847.0, 615.0]
[208.0, 80.0, 1008.0, 680.0]
[208.0, 32.0, 1009.0, 633.0]
[16.0, 0.0, 818.0, 602.0]
[80.0, 32.0, 883.0, 634.0]
[32.0, 32.0, 836.0, 635.0]
[144.0, 48.0, 949.0, 652.0]
[0.0, 48.0, 806.0, 652.0]
[144.0, 48.0, 951.0, 653.0]
[0.0, 48.0, 808.0, 654.0]
[208.0, 0.0, 1017.0, 607.0]
[176.0, 48.0, 986.0, 656.0]
[96.0, 16.0, 907.0, 624.0]
[48.0, 48.0, 860.0, 657.0]
[128.0, 64.0, 941.0, 674.0]
[192.0, 48.0, 1006.0, 658.0]
[208.0, 0.0, 1023.0, 611.0]
[96.0, 16.0, 912.0, 628.0]
[32.0, 64.0, 849.0, 677.0]
[176.0, 16.0, 994.0, 630.0]
[64.0, 48.0, 883.0, 662.0]
[176.0, 0.0, 996.0, 615.0]
[0.0, 64.0, 821.0, 680.0]
[48.0, 48.0, 870.0, 664.0]
[0.0, 64.0, 823.0, 681.0]
[48.0, 16.0, 872.0, 634.0]
[160.0, 32.0, 985.0, 651.0]
[112.0, 64.0, 938.0, 684.0]
[32.0, 0.0, 859.0, 620.0]
[48.0, 48.0, 876.0, 669.0]
[32.0, 32.0, 861.0, 654.0]
[16.0, 0.0, 846.0, 622.0]
[144.0, 16.0, 975.0, 639.0]
[80.0, 0.0, 912.0, 624.0]
[80.0, 48.0, 913.0, 673.0]
[144.0, 32.0, 978.0, 658.0]
[176.0, 16.0, 1011.0, 642.0]
[96.0, 16.0, 932.0, 643.0]
[32.0, 32.0, 869.0, 660.0]
[32.0, 16.0, 870.0, 644.0]
[48.0, 32.0, 887.0, 661.0]
[64.0, 32.0, 904.0, 662.0]
[64.0, 32.0, 905.0, 663.0]
[16.0, 0.0, 858.0, 632.0]
[48.0, 16.0, 891.0, 648.0]
[160.0, 48.0, 1004.0, 681.0]
[48.0, 16.0, 893.0, 650.0]
[112.0, 16.0, 958.0, 650.0]
[64.0, 16.0, 911.0, 651.0]
[48.0, 48.0, 896.0, 684.0]
[48.0, 32.0, 897.0, 669.0]
[96.0, 16.0, 946.0, 654.0]
[16.0, 32.0, 867.0, 670.0]
[112.0, 16.0, 964.0, 655.0]
[112.0, 16.0, 965.0, 656.0]
[112.0, 32.0, 966.0, 672.0]
[0.0, 0.0, 855.0, 641.0]
[80.0, 32.0, 936.0, 674.0]
[64.0, 0.0, 921.0, 643.0]
[160.0, 32.0, 1018.0, 676.0]
[48.0, 32.0, 907.0, 676.0]
[80.0, 32.0, 940.0, 677.0]
[16.0, 32.0, 877.0, 678.0]
[48.0, 16.0, 910.0, 662.0]
[112.0, 32.0, 975.0, 679.0]
[48.0, 16.0, 912.0, 664.0]
[128.0, 0.0, 993.0, 649.0]
[144.0, 16.0, 1010.0, 666.0]
[64.0, 32.0, 931.0, 682.0]
[16.0, 32.0, 884.0, 683.0]
[96.0, 16.0, 965.0, 668.0]
[32.0, 32.0, 902.0, 684.0]
[128.0, 16.0, 999.0, 669.0]
[32.0, 16.0, 904.0, 670.0]
[64.0, 0.0, 937.0, 655.0]
[32.0, 0.0, 906.0, 656.0]
[96.0, 0.0, 971.0, 656.0]
[0.0, 0.0, 876.0, 657.0]
[144.0, 16.0, 1021.0, 674.0]
[144.0, 0.0, 1022.0, 658.0]
[0.0, 16.0, 879.0, 675.0]
[48.0, 0.0, 928.0, 660.0]
[0.0, 0.0, 881.0, 661.0]
[128.0, 0.0, 1010.0, 662.0]
[16.0, 0.0, 899.0, 662.0]
[96.0, 16.0, 980.0, 679.0]
[32.0, 16.0, 917.0, 680.0]
[112.0, 16.0, 998.0, 680.0]
[48.0, 16.0, 935.0, 681.0]
[80.0, 16.0, 968.0, 682.0]
[112.0, 16.0, 1001.0, 683.0]
[64.0, 16.0, 954.0, 684.0]
[48.0, 0.0, 939.0, 668.0]
[32.0, 0.0, 924.0, 669.0]
[80.0, 0.0, 973.0, 670.0]
[32.0, 0.0, 926.0, 670.0]
[48.0, 0.0, 943.0, 671.0]
[128.0, 0.0, 1024.0, 672.0]
[64.0, 0.0, 961.0, 673.0]
[96.0, 0.0, 994.0, 674.0]
[16.0, 0.0, 915.0, 674.0]
[112.0, 0.0, 1012.0, 675.0]
[96.0, 0.0, 997.0, 676.0]
[16.0, 0.0, 918.0, 676.0]
[16.0, 0.0, 919.0, 677.0]
[16.0, 0.0, 920.0, 678.0]
[112.0, 0.0, 1017.0, 679.0]
[0.0, 0.0, 906.0, 680.0]
[32.0, 0.0, 939.0, 680.0]
[16.0, 0.0, 924.0, 681.0]
[64.0, 0.0, 973.0, 682.0]
[64.0, 0.0, 974.0, 682.0]
[0.0, 0.0, 911.0, 683.0]
[0.0, 0.0, 912.0, 684.0]
