[144.0, 32.0, 682.0, 749.0]
[160.0, 48.0, 698.0, 766.0]
[96.0, 80.0, 635.0, 799.0]
[160.0, 32.0, 700.0, 752.0]
[32.0, 32.0, 573.0, 753.0]
[32.0, 64.0, 574.0, 786.0]
[160.0, 96.0, 702.0, 819.0]
[160.0, 80.0, 703.0, 804.0]
[176.0, 112.0, 720.0, 837.0]
[16.0, 64.0, 560.0, 790.0]
[112.0, 112.0, 657.0, 839.0]
[128.0, 16.0, 674.0, 744.0]
[48.0, 48.0, 595.0, 777.0]
[176.0, 80.0, 724.0, 810.0]
[144.0, 64.0, 692.0, 795.0]
[112.0, 32.0, 661.0, 764.0]
[32.0, 80.0, 582.0, 813.0]
[160.0, 96.0, 710.0, 830.0]
[144.0, 16.0, 695.0, 751.0]
[80.0, 80.0, 632.0, 816.0]
[80.0, 64.0, 633.0, 801.0]
[32.0, 96.0, 586.0, 834.0]
[176.0, 48.0, 730.0, 787.0]
[176.0, 32.0, 731.0, 772.0]
[144.0, 96.0, 700.0, 837.0]
[112.0, 112.0, 668.0, 854.0]
[80.0, 64.0, 637.0, 807.0]
[48.0, 16.0, 606.0, 760.0]
[160.0, 64.0, 719.0, 809.0]
[32.0, 48.0, 592.0, 794.0]
[96.0, 32.0, 656.0, 779.0]
[64.0, 80.0, 625.0, 828.0]
[96.0, 112.0, 658.0, 861.0]
[144.0, 16.0, 706.0, 766.0]
[128.0, 32.0, 691.0, 783.0]
[144.0, 80.0, 708.0, 832.0]
[128.0, 80.0, 693.0, 833.0]
[160.0, 16.0, 726.0, 770.0]
[32.0, 80.0, 598.0, 835.0]
[48.0, 112.0, 615.0, 868.0]
[160.0, 48.0, 728.0, 805.0]
[128.0, 96.0, 696.0, 854.0]
[112.0, 16.0, 681.0, 775.0]
[32.0, 32.0, 602.0, 792.0]
[48.0, 80.0, 619.0, 841.0]
[16.0, 16.0, 588.0, 778.0]
[112.0, 112.0, 684.0, 875.0]
[96.0, 112.0, 669.0, 876.0]
[64.0, 48.0, 638.0, 813.0]
[160.0, 64.0, 734.0, 830.0]
[112.0, 96.0, 687.0, 863.0]
[0.0, 32.0, 576.0, 800.0]
[176.0, 32.0, 753.0, 801.0]
[32.0, 16.0, 610.0, 786.0]
[128.0, 96.0, 706.0, 867.0]
[112.0, 80.0, 691.0, 852.0]
[16.0, 64.0, 596.0, 837.0]
[128.0, 48.0, 708.0, 822.0]
[160.0, 0.0, 741.0, 775.0]
[160.0, 48.0, 742.0, 824.0]
[0.0, 16.0, 583.0, 793.0]
[160.0, 80.0, 744.0, 858.0]
[96.0, 80.0, 680.0, 859.0]
[112.0, 96.0, 697.0, 876.0]
[0.0, 16.0, 586.0, 797.0]
[80.0, 80.0, 666.0, 862.0]
[80.0, 48.0, 667.0, 831.0]
[112.0, 48.0, 700.0, 832.0]
[128.0, 80.0, 717.0, 865.0]
[80.0, 16.0, 670.0, 802.0]
[96.0, 96.0, 686.0, 883.0]
[176.0, 16.0, 767.0, 804.0]
[16.0, 16.0, 608.0, 805.0]
[96.0, 112.0, 688.0, 902.0]
[48.0, 96.0, 641.0, 887.0]
[112.0, 16.0, 706.0, 808.0]
[128.0, 80.0, 723.0, 873.0]
[32.0, 48.0, 628.0, 842.0]
[64.0, 64.0, 660.0, 859.0]
[64.0, 48.0, 661.0, 844.0]
[32.0, 80.0, 630.0, 877.0]
[80.0, 0.0, 678.0, 798.0]
[64.0, 0.0, 663.0, 799.0]
[96.0, 48.0, 696.0, 848.0]
[80.0, 64.0, 681.0, 865.0]
[144.0, 0.0, 746.0, 802.0]
[48.0, 16.0, 650.0, 819.0]
[80.0, 0.0, 683.0, 804.0]
[80.0, 32.0, 684.0, 837.0]
[128.0, 80.0, 732.0, 886.0]
[128.0, 64.0, 733.0, 871.0]
[96.0, 0.0, 702.0, 808.0]
[80.0, 0.0, 687.0, 809.0]
[160.0, 48.0, 768.0, 858.0]
[0.0, 32.0, 608.0, 843.0]
[64.0, 112.0, 673.0, 924.0]
[96.0, 32.0, 706.0, 845.0]
[112.0, 16.0, 722.0, 830.0]
[16.0, 64.0, 627.0, 879.0]
[64.0, 32.0, 676.0, 848.0]
[112.0, 80.0, 725.0, 897.0]
[112.0, 64.0, 726.0, 882.0]
[96.0, 16.0, 710.0, 835.0]
[160.0, 48.0, 775.0, 868.0]
[80.0, 32.0, 696.0, 853.0]
[80.0, 96.0, 696.0, 918.0]
[0.0, 0.0, 617.0, 823.0]
[96.0, 80.0, 714.0, 904.0]
[16.0, 16.0, 635.0, 841.0]
[32.0, 80.0, 652.0, 906.0]
[160.0, 16.0, 780.0, 843.0]
[16.0, 64.0, 637.0, 892.0]
[144.0, 64.0, 766.0, 893.0]
[80.0, 64.0, 702.0, 894.0]
[48.0, 0.0, 671.0, 831.0]
[96.0, 0.0, 720.0, 832.0]
[80.0, 64.0, 705.0, 897.0]
[32.0, 32.0, 658.0, 866.0]
[128.0, 64.0, 754.0, 899.0]
[48.0, 32.0, 675.0, 868.0]
[48.0, 48.0, 676.0, 885.0]
[0.0, 32.0, 628.0, 870.0]
[96.0, 96.0, 725.0, 935.0]
[96.0, 112.0, 726.0, 952.0]
[16.0, 16.0, 647.0, 857.0]
[96.0, 80.0, 728.0, 922.0]
[80.0, 64.0, 712.0, 907.0]
[32.0, 96.0, 665.0, 940.0]
[16.0, 48.0, 650.0, 893.0]
[112.0, 48.0, 746.0, 894.0]
[32.0, 64.0, 667.0, 911.0]
[80.0, 48.0, 716.0, 896.0]
[48.0, 96.0, 685.0, 945.0]
[16.0, 0.0, 654.0, 850.0]
[112.0, 16.0, 750.0, 867.0]
[128.0, 0.0, 767.0, 852.0]
[96.0, 64.0, 736.0, 917.0]
[16.0, 96.0, 656.0, 950.0]
[96.0, 16.0, 737.0, 871.0]
[0.0, 80.0, 642.0, 936.0]
[96.0, 32.0, 739.0, 889.0]
[16.0, 0.0, 660.0, 858.0]
[64.0, 112.0, 708.0, 971.0]
[16.0, 32.0, 661.0, 892.0]
[16.0, 0.0, 662.0, 861.0]
[80.0, 96.0, 726.0, 958.0]
[48.0, 16.0, 695.0, 879.0]
[32.0, 16.0, 680.0, 880.0]
[32.0, 96.0, 681.0, 961.0]
[48.0, 16.0, 698.0, 882.0]
[80.0, 0.0, 730.0, 867.0]
[32.0, 48.0, 683.0, 916.0]
[64.0, 16.0, 716.0, 885.0]
[96.0, 16.0, 748.0, 886.0]
[32.0, 32.0, 685.0, 903.0]
[80.0, 64.0, 734.0, 936.0]
[48.0, 96.0, 703.0, 969.0]
[0.0, 32.0, 656.0, 906.0]
[64.0, 64.0, 720.0, 939.0]
[32.0, 64.0, 689.0, 940.0]
[32.0, 32.0, 690.0, 909.0]
[48.0, 64.0, 706.0, 942.0]
[0.0, 32.0, 659.0, 911.0]
[112.0, 48.0, 772.0, 928.0]
[0.0, 16.0, 661.0, 897.0]
[64.0, 64.0, 726.0, 946.0]
[48.0, 112.0, 710.0, 995.0]
[48.0, 0.0, 711.0, 884.0]
[16.0, 80.0, 680.0, 965.0]
[80.0, 16.0, 744.0, 902.0]
[48.0, 112.0, 713.0, 999.0]
[16.0, 48.0, 682.0, 936.0]
[32.0, 48.0, 699.0, 937.0]
[96.0, 0.0, 764.0, 890.0]
[16.0, 48.0, 684.0, 939.0]
[64.0, 80.0, 733.0, 972.0]
[64.0, 16.0, 734.0, 909.0]
[64.0, 80.0, 734.0, 974.0]
[32.0, 64.0, 703.0, 959.0]
[64.0, 64.0, 736.0, 960.0]
[32.0, 16.0, 705.0, 913.0]
[64.0, 48.0, 738.0, 946.0]
[16.0, 64.0, 690.0, 963.0]
[80.0, 32.0, 755.0, 932.0]
[64.0, 16.0, 740.0, 917.0]
[0.0, 48.0, 676.0, 950.0]
[32.0, 48.0, 709.0, 951.0]
[32.0, 0.0, 710.0, 904.0]
[32.0, 16.0, 711.0, 921.0]
[0.0, 64.0, 680.0, 970.0]
[0.0, 32.0, 680.0, 939.0]
[80.0, 64.0, 761.0, 972.0]
[96.0, 16.0, 778.0, 925.0]
[80.0, 64.0, 762.0, 974.0]
[16.0, 96.0, 699.0, 1007.0]
[64.0, 32.0, 748.0, 944.0]
[0.0, 64.0, 685.0, 977.0]
[32.0, 32.0, 718.0, 946.0]
[80.0, 32.0, 766.0, 947.0]
[48.0, 64.0, 735.0, 980.0]
[48.0, 16.0, 736.0, 933.0]
[0.0, 16.0, 688.0, 934.0]
[16.0, 80.0, 705.0, 999.0]
[80.0, 0.0, 770.0, 920.0]
[16.0, 0.0, 707.0, 921.0]
[48.0, 64.0, 740.0, 986.0]
[48.0, 0.0, 740.0, 923.0]
[0.0, 64.0, 693.0, 988.0]
[80.0, 32.0, 774.0, 957.0]
[80.0, 48.0, 774.0, 974.0]
[32.0, 32.0, 727.0, 959.0]
[80.0, 32.0, 776.0, 960.0]
[0.0, 64.0, 697.0, 993.0]
[48.0, 32.0, 746.0, 962.0]
[48.0, 32.0, 746.0, 963.0]
[48.0, 48.0, 747.0, 980.0]
[32.0, 0.0, 732.0, 933.0]
[32.0, 64.0, 732.0, 998.0]
[48.0, 0.0, 749.0, 935.0]
[48.0, 32.0, 750.0, 968.0]
[32.0, 64.0, 735.0, 1001.0]
[64.0, 0.0, 768.0, 938.0]
[64.0, 0.0, 768.0, 939.0]
[48.0, 64.0, 753.0, 1004.0]
[48.0, 64.0, 754.0, 1005.0]
[16.0, 80.0, 722.0, 1022.0]
[0.0, 32.0, 707.0, 975.0]
[0.0, 80.0, 708.0, 1024.0]
[32.0, 64.0, 741.0, 1009.0]
[32.0, 48.0, 742.0, 994.0]
[32.0, 48.0, 742.0, 995.0]
[64.0, 32.0, 775.0, 980.0]
[0.0, 48.0, 712.0, 997.0]
[0.0, 32.0, 712.0, 982.0]
[16.0, 16.0, 729.0, 967.0]
[0.0, 16.0, 714.0, 968.0]
[32.0, 0.0, 747.0, 953.0]
[48.0, 32.0, 764.0, 986.0]
[0.0, 32.0, 716.0, 987.0]
[0.0, 48.0, 717.0, 1004.0]
[16.0, 32.0, 734.0, 989.0]
[64.0, 16.0, 782.0, 974.0]
[0.0, 16.0, 719.0, 975.0]
[32.0, 0.0, 752.0, 960.0]
[48.0, 48.0, 769.0, 1009.0]
[0.0, 32.0, 722.0, 994.0]
[48.0, 32.0, 770.0, 995.0]
[16.0, 32.0, 739.0, 996.0]
[16.0, 0.0, 740.0, 965.0]
[48.0, 16.0, 772.0, 982.0]
[48.0, 16.0, 773.0, 983.0]
[16.0, 32.0, 742.0, 1000.0]
[48.0, 0.0, 775.0, 969.0]
[32.0, 0.0, 760.0, 970.0]
[16.0, 0.0, 744.0, 971.0]
[48.0, 32.0, 777.0, 1004.0]
[0.0, 0.0, 730.0, 973.0]
[0.0, 48.0, 730.0, 1022.0]
[16.0, 48.0, 747.0, 1023.0]
[16.0, 0.0, 748.0, 976.0]
[48.0, 32.0, 781.0, 1009.0]
[0.0, 16.0, 734.0, 994.0]
[48.0, 32.0, 782.0, 1011.0]
[0.0, 16.0, 735.0, 996.0]
[16.0, 0.0, 752.0, 981.0]
[16.0, 0.0, 752.0, 982.0]
[0.0, 32.0, 737.0, 1015.0]
[0.0, 16.0, 738.0, 1000.0]
[0.0, 32.0, 739.0, 1017.0]
[0.0, 16.0, 740.0, 1002.0]
[0.0, 0.0, 740.0, 987.0]
[0.0, 0.0, 741.0, 988.0]
[0.0, 16.0, 742.0, 1005.0]
[0.0, 32.0, 742.0, 1022.0]
[16.0, 16.0, 759.0, 1007.0]
[0.0, 32.0, 744.0, 1024.0]
[0.0, 16.0, 745.0, 1009.0]
[0.0, 16.0, 746.0, 1010.0]
[32.0, 0.0, 778.0, 995.0]
[16.0, 0.0, 763.0, 996.0]
[0.0, 0.0, 748.0, 997.0]
[16.0, 16.0, 764.0, 1014.0]
[16.0, 16.0, 765.0, 1015.0]
[16.0, 0.0, 766.0, 1000.0]
