[272.0, 16.0, 810.0, 733.0]
[96.0, 0.0, 634.0, 718.0]
[176.0, 0.0, 715.0, 719.0]
[224.0, 32.0, 764.0, 752.0]
[160.0, 0.0, 701.0, 721.0]
[176.0, 32.0, 718.0, 754.0]
[112.0, 0.0, 654.0, 723.0]
[144.0, 48.0, 687.0, 772.0]
[192.0, 48.0, 736.0, 773.0]
[128.0, 16.0, 672.0, 742.0]
[192.0, 16.0, 737.0, 743.0]
[128.0, 16.0, 674.0, 744.0]
[192.0, 32.0, 739.0, 761.0]
[176.0, 32.0, 724.0, 762.0]
[176.0, 48.0, 724.0, 779.0]
[176.0, 32.0, 725.0, 764.0]
[112.0, 32.0, 662.0, 765.0]
[272.0, 16.0, 822.0, 750.0]
[96.0, 0.0, 647.0, 735.0]
[112.0, 32.0, 664.0, 768.0]
[128.0, 0.0, 681.0, 737.0]
[128.0, 64.0, 682.0, 802.0]
[240.0, 16.0, 794.0, 755.0]
[96.0, 16.0, 651.0, 756.0]
[176.0, 48.0, 732.0, 789.0]
[208.0, 48.0, 764.0, 790.0]
[144.0, 48.0, 701.0, 791.0]
[192.0, 48.0, 750.0, 792.0]
[192.0, 48.0, 751.0, 793.0]
[224.0, 0.0, 784.0, 746.0]
[256.0, 32.0, 816.0, 779.0]
[256.0, 32.0, 817.0, 780.0]
[112.0, 0.0, 674.0, 749.0]
[96.0, 16.0, 658.0, 766.0]
[224.0, 16.0, 787.0, 767.0]
[240.0, 0.0, 804.0, 752.0]
[160.0, 48.0, 725.0, 801.0]
[128.0, 0.0, 694.0, 754.0]
[192.0, 32.0, 758.0, 787.0]
[240.0, 48.0, 807.0, 804.0]
[160.0, 32.0, 728.0, 789.0]
[176.0, 64.0, 744.0, 822.0]
[128.0, 48.0, 697.0, 807.0]
[208.0, 64.0, 778.0, 824.0]
[112.0, 64.0, 683.0, 825.0]
[144.0, 0.0, 716.0, 762.0]
[208.0, 16.0, 780.0, 779.0]
[144.0, 48.0, 717.0, 812.0]
[128.0, 64.0, 702.0, 829.0]
[144.0, 16.0, 718.0, 782.0]
[208.0, 64.0, 783.0, 831.0]
[160.0, 64.0, 736.0, 832.0]
[96.0, 16.0, 673.0, 785.0]
[128.0, 0.0, 706.0, 770.0]
[112.0, 0.0, 690.0, 771.0]
[144.0, 16.0, 723.0, 788.0]
[240.0, 0.0, 820.0, 773.0]
[224.0, 32.0, 804.0, 806.0]
[96.0, 32.0, 677.0, 807.0]
[144.0, 0.0, 726.0, 776.0]
[224.0, 16.0, 807.0, 793.0]
[160.0, 32.0, 744.0, 810.0]
[192.0, 48.0, 776.0, 827.0]
[160.0, 16.0, 745.0, 796.0]
[224.0, 16.0, 810.0, 797.0]
[128.0, 32.0, 714.0, 814.0]
[144.0, 64.0, 731.0, 847.0]
[96.0, 32.0, 684.0, 816.0]
[144.0, 32.0, 733.0, 817.0]
[160.0, 0.0, 750.0, 786.0]
[192.0, 48.0, 782.0, 835.0]
[224.0, 16.0, 815.0, 804.0]
[112.0, 0.0, 704.0, 789.0]
[176.0, 16.0, 768.0, 806.0]
[112.0, 0.0, 705.0, 791.0]
[208.0, 16.0, 802.0, 808.0]
[176.0, 32.0, 771.0, 825.0]
[144.0, 64.0, 740.0, 858.0]
[96.0, 32.0, 692.0, 827.0]
[144.0, 0.0, 741.0, 796.0]
[176.0, 32.0, 774.0, 829.0]
[112.0, 16.0, 710.0, 814.0]
[160.0, 16.0, 759.0, 815.0]
[128.0, 48.0, 728.0, 848.0]
[160.0, 48.0, 761.0, 849.0]
[208.0, 48.0, 810.0, 850.0]
[112.0, 16.0, 714.0, 819.0]
[192.0, 32.0, 795.0, 836.0]
[224.0, 0.0, 828.0, 805.0]
[160.0, 0.0, 764.0, 806.0]
[160.0, 32.0, 765.0, 839.0]
[128.0, 64.0, 734.0, 872.0]
[112.0, 0.0, 719.0, 809.0]
[144.0, 64.0, 752.0, 874.0]
[176.0, 16.0, 784.0, 827.0]
[192.0, 16.0, 801.0, 828.0]
[128.0, 48.0, 738.0, 861.0]
[112.0, 0.0, 722.0, 814.0]
[128.0, 64.0, 739.0, 879.0]
[144.0, 0.0, 756.0, 816.0]
[112.0, 64.0, 725.0, 881.0]
[128.0, 16.0, 742.0, 834.0]
[112.0, 16.0, 726.0, 835.0]
[112.0, 32.0, 727.0, 852.0]
[160.0, 32.0, 776.0, 853.0]
[160.0, 64.0, 776.0, 886.0]
[128.0, 48.0, 745.0, 871.0]
[160.0, 32.0, 778.0, 856.0]
[160.0, 64.0, 779.0, 889.0]
[96.0, 48.0, 716.0, 874.0]
[192.0, 48.0, 812.0, 875.0]
[112.0, 64.0, 733.0, 892.0]
[112.0, 32.0, 734.0, 861.0]
[160.0, 0.0, 782.0, 830.0]
[160.0, 0.0, 783.0, 831.0]
[144.0, 32.0, 768.0, 864.0]
[112.0, 16.0, 737.0, 849.0]
[112.0, 64.0, 738.0, 898.0]
[144.0, 64.0, 770.0, 899.0]
[192.0, 32.0, 819.0, 868.0]
[176.0, 16.0, 804.0, 853.0]
[96.0, 48.0, 724.0, 886.0]
[128.0, 48.0, 757.0, 887.0]
[192.0, 0.0, 822.0, 840.0]
[160.0, 48.0, 791.0, 889.0]
[192.0, 16.0, 824.0, 858.0]
[96.0, 48.0, 728.0, 891.0]
[176.0, 64.0, 809.0, 908.0]
[160.0, 0.0, 794.0, 845.0]
[160.0, 64.0, 794.0, 910.0]
[128.0, 64.0, 763.0, 911.0]
[160.0, 16.0, 796.0, 864.0]
[96.0, 0.0, 733.0, 849.0]
[128.0, 0.0, 766.0, 850.0]
[176.0, 48.0, 814.0, 899.0]
[128.0, 32.0, 767.0, 884.0]
[96.0, 48.0, 736.0, 901.0]
[160.0, 16.0, 800.0, 870.0]
[96.0, 16.0, 737.0, 871.0]
[96.0, 16.0, 738.0, 872.0]
[144.0, 64.0, 787.0, 921.0]
[160.0, 16.0, 804.0, 874.0]
[176.0, 16.0, 820.0, 875.0]
[160.0, 32.0, 805.0, 892.0]
[112.0, 48.0, 758.0, 909.0]
[112.0, 64.0, 758.0, 926.0]
[176.0, 0.0, 823.0, 863.0]
[160.0, 64.0, 808.0, 928.0]
[144.0, 32.0, 793.0, 897.0]
[128.0, 64.0, 778.0, 930.0]
[160.0, 32.0, 810.0, 899.0]
[128.0, 32.0, 779.0, 900.0]
[128.0, 64.0, 780.0, 933.0]
[128.0, 0.0, 780.0, 870.0]
[96.0, 0.0, 749.0, 871.0]
[144.0, 0.0, 798.0, 872.0]
[112.0, 0.0, 767.0, 873.0]
[112.0, 32.0, 768.0, 906.0]
[112.0, 32.0, 768.0, 907.0]
[144.0, 48.0, 801.0, 924.0]
[112.0, 32.0, 770.0, 909.0]
[160.0, 32.0, 818.0, 910.0]
[96.0, 16.0, 755.0, 895.0]
[112.0, 48.0, 772.0, 928.0]
[160.0, 0.0, 821.0, 881.0]
[128.0, 0.0, 790.0, 882.0]
[144.0, 32.0, 806.0, 915.0]
[144.0, 0.0, 807.0, 884.0]
[112.0, 0.0, 776.0, 885.0]
[112.0, 48.0, 776.0, 934.0]
[96.0, 48.0, 761.0, 935.0]
[112.0, 32.0, 778.0, 920.0]
[128.0, 16.0, 795.0, 905.0]
[128.0, 0.0, 796.0, 890.0]
[96.0, 48.0, 764.0, 939.0]
[96.0, 32.0, 765.0, 924.0]
[112.0, 16.0, 782.0, 909.0]
[144.0, 0.0, 814.0, 894.0]
[96.0, 16.0, 767.0, 911.0]
[96.0, 16.0, 768.0, 912.0]
[144.0, 16.0, 817.0, 913.0]
[144.0, 32.0, 818.0, 930.0]
[128.0, 16.0, 802.0, 915.0]
[144.0, 0.0, 819.0, 900.0]
[128.0, 0.0, 804.0, 901.0]
[128.0, 32.0, 804.0, 934.0]
[128.0, 32.0, 805.0, 935.0]
[112.0, 0.0, 790.0, 904.0]
[96.0, 16.0, 775.0, 921.0]
[96.0, 32.0, 776.0, 938.0]
[128.0, 32.0, 808.0, 939.0]
[112.0, 48.0, 793.0, 956.0]
[96.0, 0.0, 778.0, 909.0]
[96.0, 16.0, 778.0, 926.0]
[128.0, 48.0, 811.0, 959.0]
[128.0, 32.0, 812.0, 944.0]
[96.0, 16.0, 781.0, 929.0]
[128.0, 0.0, 814.0, 914.0]
[96.0, 32.0, 782.0, 947.0]
[96.0, 32.0, 783.0, 948.0]
[128.0, 16.0, 816.0, 933.0]
[128.0, 32.0, 816.0, 950.0]
[128.0, 16.0, 817.0, 935.0]
[112.0, 48.0, 802.0, 968.0]
[112.0, 48.0, 803.0, 969.0]
[96.0, 16.0, 788.0, 938.0]
[96.0, 32.0, 788.0, 955.0]
[96.0, 48.0, 789.0, 972.0]
[96.0, 0.0, 790.0, 925.0]
[112.0, 32.0, 806.0, 958.0]
[96.0, 16.0, 791.0, 943.0]
[96.0, 48.0, 792.0, 976.0]
[112.0, 48.0, 809.0, 977.0]
[96.0, 32.0, 794.0, 962.0]
[112.0, 32.0, 810.0, 963.0]
[112.0, 32.0, 811.0, 964.0]
[96.0, 16.0, 796.0, 949.0]
[112.0, 16.0, 812.0, 950.0]
[96.0, 32.0, 797.0, 967.0]
[96.0, 32.0, 798.0, 968.0]
[96.0, 16.0, 799.0, 953.0]
[96.0, 16.0, 800.0, 954.0]
[112.0, 32.0, 816.0, 971.0]
[96.0, 48.0, 801.0, 988.0]
[112.0, 48.0, 818.0, 989.0]
[112.0, 0.0, 818.0, 942.0]
[96.0, 0.0, 803.0, 943.0]
[96.0, 48.0, 804.0, 992.0]
[112.0, 32.0, 821.0, 977.0]
[96.0, 32.0, 806.0, 978.0]
[96.0, 48.0, 806.0, 995.0]
[96.0, 32.0, 807.0, 980.0]
[96.0, 48.0, 808.0, 997.0]
[96.0, 32.0, 808.0, 982.0]
[96.0, 16.0, 809.0, 967.0]
[96.0, 32.0, 810.0, 984.0]
[96.0, 16.0, 811.0, 969.0]
[96.0, 0.0, 812.0, 954.0]
[96.0, 32.0, 812.0, 987.0]
