[32.0, 80.0, 732.0, 605.0]
[48.0, 48.0, 749.0, 574.0]
[176.0, 16.0, 878.0, 542.0]
[48.0, 32.0, 751.0, 559.0]
[32.0, 0.0, 736.0, 528.0]
[96.0, 32.0, 801.0, 561.0]
[96.0, 80.0, 802.0, 610.0]
[96.0, 16.0, 803.0, 546.0]
[0.0, 0.0, 708.0, 531.0]
[32.0, 48.0, 741.0, 580.0]
[80.0, 80.0, 790.0, 612.0]
[16.0, 64.0, 727.0, 597.0]
[80.0, 32.0, 792.0, 566.0]
[48.0, 16.0, 761.0, 551.0]
[112.0, 64.0, 826.0, 600.0]
[160.0, 0.0, 875.0, 536.0]
[64.0, 80.0, 780.0, 617.0]
[96.0, 64.0, 813.0, 602.0]
[160.0, 0.0, 878.0, 538.0]
[160.0, 0.0, 879.0, 539.0]
[64.0, 64.0, 784.0, 604.0]
[144.0, 32.0, 865.0, 573.0]
[144.0, 16.0, 866.0, 558.0]
[32.0, 80.0, 755.0, 622.0]
[80.0, 32.0, 804.0, 575.0]
[32.0, 48.0, 757.0, 592.0]
[48.0, 0.0, 774.0, 544.0]
[64.0, 48.0, 791.0, 593.0]
[64.0, 80.0, 792.0, 626.0]
[0.0, 16.0, 729.0, 563.0]
[128.0, 0.0, 858.0, 548.0]
[64.0, 0.0, 795.0, 548.0]
[48.0, 0.0, 780.0, 549.0]
[96.0, 48.0, 829.0, 598.0]
[80.0, 64.0, 814.0, 614.0]
[128.0, 32.0, 863.0, 583.0]
[112.0, 48.0, 848.0, 600.0]
[16.0, 16.0, 753.0, 569.0]
[48.0, 0.0, 786.0, 554.0]
[32.0, 64.0, 771.0, 618.0]
[16.0, 16.0, 756.0, 571.0]
[32.0, 32.0, 773.0, 588.0]
[64.0, 32.0, 806.0, 588.0]
[32.0, 48.0, 775.0, 605.0]
[64.0, 16.0, 808.0, 574.0]
[16.0, 64.0, 761.0, 623.0]
[96.0, 16.0, 842.0, 576.0]
[80.0, 0.0, 827.0, 560.0]
[0.0, 32.0, 748.0, 593.0]
[128.0, 16.0, 877.0, 578.0]
[128.0, 0.0, 878.0, 562.0]
[80.0, 48.0, 831.0, 611.0]
[48.0, 48.0, 800.0, 612.0]
[0.0, 48.0, 753.0, 613.0]
[16.0, 16.0, 770.0, 582.0]
[16.0, 16.0, 771.0, 582.0]
[96.0, 48.0, 852.0, 615.0]
[96.0, 16.0, 853.0, 584.0]
[48.0, 32.0, 806.0, 600.0]
[96.0, 32.0, 855.0, 601.0]
[32.0, 0.0, 792.0, 570.0]
[0.0, 32.0, 761.0, 603.0]
[32.0, 32.0, 794.0, 604.0]
[48.0, 16.0, 811.0, 588.0]
[16.0, 0.0, 780.0, 573.0]
[32.0, 48.0, 797.0, 622.0]
[16.0, 48.0, 782.0, 622.0]
[48.0, 16.0, 815.0, 591.0]
[48.0, 64.0, 816.0, 640.0]
[16.0, 48.0, 785.0, 625.0]
[16.0, 64.0, 786.0, 642.0]
[16.0, 16.0, 787.0, 594.0]
[32.0, 48.0, 804.0, 627.0]
[48.0, 0.0, 821.0, 580.0]
[16.0, 0.0, 790.0, 580.0]
[80.0, 16.0, 855.0, 597.0]
[48.0, 64.0, 824.0, 646.0]
[16.0, 32.0, 793.0, 615.0]
[64.0, 48.0, 842.0, 632.0]
[0.0, 32.0, 779.0, 616.0]
[16.0, 16.0, 796.0, 601.0]
[96.0, 32.0, 877.0, 618.0]
[0.0, 16.0, 782.0, 602.0]
[64.0, 0.0, 847.0, 587.0]
[16.0, 64.0, 800.0, 652.0]
[48.0, 0.0, 833.0, 589.0]
[80.0, 32.0, 866.0, 622.0]
[48.0, 16.0, 835.0, 606.0]
[16.0, 32.0, 804.0, 623.0]
[16.0, 16.0, 805.0, 608.0]
[16.0, 32.0, 806.0, 624.0]
[0.0, 48.0, 791.0, 641.0]
[48.0, 32.0, 840.0, 626.0]
[80.0, 0.0, 873.0, 595.0]
[32.0, 32.0, 826.0, 628.0]
[0.0, 32.0, 795.0, 628.0]
[64.0, 32.0, 860.0, 629.0]
[48.0, 32.0, 845.0, 630.0]
[80.0, 32.0, 878.0, 630.0]
[0.0, 32.0, 799.0, 631.0]
[48.0, 0.0, 848.0, 600.0]
[48.0, 0.0, 849.0, 601.0]
[32.0, 16.0, 834.0, 618.0]
[64.0, 32.0, 867.0, 634.0]
[64.0, 0.0, 868.0, 603.0]
[64.0, 16.0, 869.0, 620.0]
[16.0, 32.0, 822.0, 636.0]
[0.0, 48.0, 807.0, 653.0]
[0.0, 32.0, 808.0, 638.0]
[16.0, 16.0, 825.0, 623.0]
[64.0, 32.0, 874.0, 640.0]
[0.0, 0.0, 811.0, 608.0]
[64.0, 16.0, 876.0, 625.0]
[48.0, 32.0, 861.0, 642.0]
[48.0, 16.0, 862.0, 626.0]
[32.0, 32.0, 847.0, 643.0]
[48.0, 16.0, 864.0, 628.0]
[0.0, 16.0, 817.0, 629.0]
[64.0, 0.0, 882.0, 614.0]
[32.0, 16.0, 851.0, 630.0]
[16.0, 0.0, 836.0, 615.0]
[16.0, 0.0, 837.0, 616.0]
[16.0, 32.0, 838.0, 648.0]
[0.0, 32.0, 823.0, 649.0]
[32.0, 32.0, 856.0, 650.0]
[0.0, 32.0, 825.0, 651.0]
[16.0, 0.0, 842.0, 620.0]
[16.0, 32.0, 843.0, 652.0]
[16.0, 0.0, 844.0, 621.0]
[48.0, 16.0, 877.0, 638.0]
[16.0, 16.0, 846.0, 638.0]
[48.0, 0.0, 879.0, 623.0]
[32.0, 0.0, 864.0, 624.0]
[16.0, 0.0, 849.0, 625.0]
[0.0, 0.0, 834.0, 626.0]
[48.0, 0.0, 883.0, 626.0]
[32.0, 0.0, 868.0, 627.0]
[16.0, 0.0, 853.0, 628.0]
[16.0, 16.0, 854.0, 644.0]
[0.0, 0.0, 839.0, 629.0]
[16.0, 16.0, 856.0, 646.0]
[32.0, 16.0, 873.0, 647.0]
