[144.0, 96.0, 861.0, 634.0]
[80.0, 144.0, 798.0, 682.0]
[80.0, 128.0, 799.0, 667.0]
[176.0, 160.0, 896.0, 700.0]
[112.0, 192.0, 833.0, 733.0]
[96.0, 144.0, 818.0, 686.0]
[160.0, 128.0, 883.0, 670.0]
[32.0, 176.0, 756.0, 719.0]
[80.0, 176.0, 805.0, 720.0]
[64.0, 112.0, 790.0, 656.0]
[144.0, 160.0, 871.0, 705.0]
[80.0, 176.0, 808.0, 722.0]
[96.0, 144.0, 825.0, 691.0]
[176.0, 192.0, 906.0, 740.0]
[96.0, 192.0, 827.0, 740.0]
[160.0, 160.0, 892.0, 709.0]
[48.0, 96.0, 781.0, 646.0]
[176.0, 112.0, 910.0, 662.0]
[96.0, 144.0, 831.0, 695.0]
[112.0, 96.0, 848.0, 648.0]
[16.0, 128.0, 753.0, 681.0]
[128.0, 80.0, 866.0, 634.0]
[48.0, 112.0, 787.0, 666.0]
[48.0, 112.0, 788.0, 667.0]
[128.0, 128.0, 869.0, 684.0]
[112.0, 96.0, 854.0, 652.0]
[32.0, 128.0, 775.0, 685.0]
[160.0, 112.0, 904.0, 670.0]
[64.0, 176.0, 809.0, 735.0]
[96.0, 192.0, 842.0, 752.0]
[144.0, 160.0, 891.0, 720.0]
[16.0, 96.0, 764.0, 657.0]
[160.0, 96.0, 909.0, 658.0]
[160.0, 128.0, 910.0, 690.0]
[80.0, 176.0, 831.0, 739.0]
[32.0, 112.0, 784.0, 676.0]
[16.0, 96.0, 769.0, 661.0]
[0.0, 144.0, 754.0, 710.0]
[128.0, 96.0, 883.0, 662.0]
[80.0, 160.0, 836.0, 727.0]
[80.0, 144.0, 837.0, 712.0]
[128.0, 80.0, 886.0, 648.0]
[64.0, 96.0, 823.0, 665.0]
[48.0, 96.0, 808.0, 666.0]
[64.0, 176.0, 825.0, 747.0]
[112.0, 192.0, 874.0, 764.0]
[144.0, 144.0, 907.0, 716.0]
[16.0, 160.0, 780.0, 733.0]
[160.0, 80.0, 925.0, 654.0]
[144.0, 80.0, 910.0, 654.0]
[80.0, 176.0, 847.0, 751.0]
[112.0, 64.0, 880.0, 640.0]
[80.0, 176.0, 849.0, 753.0]
[96.0, 96.0, 866.0, 674.0]
[64.0, 96.0, 835.0, 674.0]
[64.0, 96.0, 836.0, 675.0]
[144.0, 96.0, 917.0, 676.0]
[160.0, 176.0, 934.0, 756.0]
[48.0, 144.0, 823.0, 725.0]
[64.0, 112.0, 840.0, 694.0]
[32.0, 64.0, 809.0, 647.0]
[64.0, 112.0, 842.0, 696.0]
[0.0, 144.0, 779.0, 728.0]
[32.0, 80.0, 812.0, 665.0]
[144.0, 80.0, 925.0, 666.0]
[16.0, 160.0, 798.0, 746.0]
[176.0, 96.0, 959.0, 683.0]
[112.0, 128.0, 896.0, 716.0]
[128.0, 128.0, 913.0, 717.0]
[80.0, 144.0, 866.0, 734.0]
[176.0, 144.0, 963.0, 734.0]
[48.0, 112.0, 836.0, 703.0]
[16.0, 144.0, 805.0, 736.0]
[128.0, 144.0, 918.0, 736.0]
[32.0, 112.0, 823.0, 705.0]
[80.0, 64.0, 872.0, 658.0]
[80.0, 48.0, 873.0, 643.0]
[112.0, 48.0, 906.0, 644.0]
[96.0, 160.0, 891.0, 756.0]
[32.0, 144.0, 828.0, 741.0]
[48.0, 144.0, 845.0, 742.0]
[80.0, 160.0, 878.0, 758.0]
[64.0, 64.0, 863.0, 663.0]
[16.0, 112.0, 816.0, 712.0]
[48.0, 144.0, 849.0, 745.0]
[32.0, 144.0, 834.0, 746.0]
[128.0, 80.0, 931.0, 682.0]
[0.0, 128.0, 804.0, 731.0]
[64.0, 112.0, 869.0, 716.0]
[48.0, 48.0, 854.0, 652.0]
[16.0, 128.0, 823.0, 733.0]
[112.0, 64.0, 920.0, 670.0]
[16.0, 64.0, 825.0, 671.0]
[32.0, 32.0, 842.0, 640.0]
[0.0, 48.0, 811.0, 656.0]
[0.0, 80.0, 812.0, 689.0]
[64.0, 64.0, 877.0, 674.0]
[128.0, 128.0, 942.0, 738.0]
[96.0, 112.0, 911.0, 723.0]
[48.0, 144.0, 864.0, 756.0]
[80.0, 32.0, 897.0, 645.0]
[96.0, 96.0, 914.0, 710.0]
[48.0, 48.0, 867.0, 662.0]
[0.0, 144.0, 820.0, 759.0]
[128.0, 128.0, 949.0, 744.0]
[80.0, 80.0, 902.0, 696.0]
[144.0, 144.0, 967.0, 761.0]
[96.0, 64.0, 920.0, 682.0]
[112.0, 32.0, 937.0, 651.0]
[48.0, 128.0, 874.0, 748.0]
[48.0, 64.0, 875.0, 684.0]
[112.0, 112.0, 940.0, 733.0]
[128.0, 112.0, 957.0, 734.0]
[144.0, 112.0, 974.0, 734.0]
[112.0, 128.0, 943.0, 751.0]
[48.0, 16.0, 880.0, 640.0]
[112.0, 80.0, 945.0, 705.0]
[96.0, 32.0, 930.0, 658.0]
[64.0, 16.0, 899.0, 642.0]
[32.0, 16.0, 868.0, 643.0]
[112.0, 48.0, 949.0, 676.0]
[80.0, 64.0, 918.0, 692.0]
[16.0, 32.0, 855.0, 661.0]
[48.0, 96.0, 888.0, 726.0]
[32.0, 64.0, 873.0, 695.0]
[32.0, 16.0, 874.0, 648.0]
[144.0, 80.0, 987.0, 712.0]
[128.0, 128.0, 972.0, 761.0]
[0.0, 32.0, 845.0, 666.0]
[144.0, 64.0, 990.0, 698.0]
[96.0, 96.0, 943.0, 731.0]
[144.0, 112.0, 992.0, 748.0]
[160.0, 112.0, 1009.0, 749.0]
[16.0, 128.0, 866.0, 766.0]
[64.0, 32.0, 915.0, 670.0]
[16.0, 64.0, 868.0, 703.0]
[96.0, 48.0, 949.0, 688.0]
[48.0, 0.0, 902.0, 640.0]
[0.0, 80.0, 855.0, 721.0]
[112.0, 96.0, 968.0, 738.0]
[64.0, 112.0, 921.0, 755.0]
[32.0, 16.0, 890.0, 660.0]
[0.0, 48.0, 859.0, 692.0]
[128.0, 64.0, 988.0, 709.0]
[128.0, 80.0, 989.0, 726.0]
[160.0, 112.0, 1022.0, 758.0]
[16.0, 64.0, 879.0, 711.0]
[32.0, 96.0, 896.0, 744.0]
[128.0, 48.0, 993.0, 697.0]
[0.0, 16.0, 866.0, 666.0]
[32.0, 48.0, 899.0, 698.0]
[16.0, 0.0, 884.0, 651.0]
[32.0, 96.0, 901.0, 748.0]
[64.0, 96.0, 934.0, 748.0]
[0.0, 96.0, 871.0, 749.0]
[0.0, 32.0, 872.0, 686.0]
[64.0, 32.0, 937.0, 687.0]
[16.0, 0.0, 890.0, 656.0]
[48.0, 16.0, 923.0, 672.0]
[80.0, 16.0, 956.0, 673.0]
[96.0, 48.0, 973.0, 706.0]
[128.0, 96.0, 1006.0, 754.0]
[112.0, 64.0, 991.0, 723.0]
[64.0, 80.0, 944.0, 740.0]
[0.0, 48.0, 881.0, 709.0]
[64.0, 96.0, 946.0, 758.0]
[112.0, 64.0, 995.0, 726.0]
[48.0, 32.0, 932.0, 695.0]
[0.0, 0.0, 885.0, 664.0]
[64.0, 32.0, 950.0, 696.0]
[32.0, 96.0, 919.0, 761.0]
[80.0, 64.0, 968.0, 730.0]
[64.0, 64.0, 953.0, 731.0]
[0.0, 96.0, 890.0, 764.0]
[64.0, 48.0, 955.0, 716.0]
[16.0, 80.0, 908.0, 749.0]
[32.0, 48.0, 925.0, 718.0]
[64.0, 64.0, 958.0, 734.0]
[0.0, 32.0, 895.0, 703.0]
[16.0, 64.0, 912.0, 736.0]
[48.0, 80.0, 945.0, 753.0]
[0.0, 64.0, 898.0, 738.0]
[48.0, 32.0, 947.0, 706.0]
[64.0, 16.0, 964.0, 691.0]
[64.0, 80.0, 965.0, 756.0]
[48.0, 32.0, 950.0, 708.0]
[0.0, 80.0, 903.0, 757.0]
[16.0, 64.0, 920.0, 742.0]
[80.0, 64.0, 985.0, 743.0]
[48.0, 80.0, 954.0, 760.0]
[48.0, 80.0, 955.0, 760.0]
[48.0, 0.0, 956.0, 681.0]
[16.0, 0.0, 925.0, 682.0]
[16.0, 64.0, 926.0, 746.0]
[0.0, 64.0, 911.0, 747.0]
[80.0, 80.0, 992.0, 764.0]
[64.0, 80.0, 977.0, 765.0]
[32.0, 80.0, 946.0, 766.0]
[96.0, 64.0, 1011.0, 750.0]
[80.0, 48.0, 996.0, 735.0]
[48.0, 0.0, 965.0, 688.0]
[48.0, 80.0, 966.0, 768.0]
[80.0, 48.0, 999.0, 737.0]
[96.0, 64.0, 1016.0, 754.0]
[48.0, 0.0, 969.0, 691.0]
[64.0, 32.0, 986.0, 724.0]
[32.0, 32.0, 955.0, 724.0]
[16.0, 32.0, 940.0, 725.0]
[32.0, 16.0, 957.0, 710.0]
[16.0, 32.0, 942.0, 726.0]
[80.0, 48.0, 1007.0, 743.0]
[64.0, 32.0, 992.0, 728.0]
[48.0, 0.0, 977.0, 697.0]
[64.0, 48.0, 994.0, 746.0]
[32.0, 16.0, 963.0, 714.0]
[32.0, 0.0, 964.0, 699.0]
[48.0, 64.0, 981.0, 764.0]
[48.0, 48.0, 982.0, 748.0]
[64.0, 16.0, 999.0, 717.0]
[0.0, 32.0, 936.0, 734.0]
[80.0, 64.0, 1017.0, 767.0]
[64.0, 64.0, 1002.0, 768.0]
[80.0, 48.0, 1019.0, 752.0]
[16.0, 48.0, 956.0, 753.0]
[32.0, 32.0, 973.0, 738.0]
[0.0, 32.0, 942.0, 738.0]
[48.0, 16.0, 991.0, 723.0]
[80.0, 48.0, 1024.0, 756.0]
[64.0, 48.0, 1009.0, 757.0]
[48.0, 32.0, 994.0, 742.0]
[32.0, 32.0, 979.0, 742.0]
[64.0, 0.0, 1012.0, 711.0]
[16.0, 0.0, 965.0, 712.0]
[0.0, 48.0, 950.0, 760.0]
[32.0, 32.0, 983.0, 745.0]
[0.0, 32.0, 952.0, 746.0]
[0.0, 0.0, 953.0, 715.0]
[48.0, 32.0, 1002.0, 748.0]
[64.0, 16.0, 1019.0, 732.0]
[48.0, 0.0, 1004.0, 717.0]
[64.0, 0.0, 1021.0, 718.0]
[64.0, 32.0, 1022.0, 750.0]
[32.0, 48.0, 991.0, 767.0]
[48.0, 0.0, 1008.0, 720.0]
[16.0, 32.0, 977.0, 753.0]
[16.0, 0.0, 978.0, 722.0]
[48.0, 32.0, 1011.0, 754.0]
[16.0, 0.0, 980.0, 723.0]
[16.0, 16.0, 981.0, 740.0]
[48.0, 32.0, 1014.0, 756.0]
[32.0, 16.0, 999.0, 741.0]
[0.0, 16.0, 968.0, 742.0]
[32.0, 32.0, 1001.0, 759.0]
[16.0, 0.0, 986.0, 728.0]
[48.0, 32.0, 1019.0, 760.0]
[16.0, 0.0, 988.0, 729.0]
[16.0, 16.0, 989.0, 746.0]
[0.0, 32.0, 974.0, 762.0]
[48.0, 32.0, 1023.0, 763.0]
[32.0, 32.0, 1008.0, 764.0]
[0.0, 32.0, 977.0, 765.0]
[16.0, 32.0, 994.0, 766.0]
[0.0, 16.0, 979.0, 750.0]
[0.0, 32.0, 980.0, 767.0]
[0.0, 0.0, 981.0, 736.0]
[16.0, 0.0, 998.0, 736.0]
[32.0, 16.0, 1015.0, 753.0]
[16.0, 0.0, 1000.0, 738.0]
[0.0, 16.0, 985.0, 755.0]
[0.0, 16.0, 986.0, 756.0]
[32.0, 0.0, 1019.0, 740.0]
[0.0, 16.0, 988.0, 757.0]
[0.0, 0.0, 989.0, 742.0]
[0.0, 16.0, 990.0, 758.0]
[16.0, 0.0, 1007.0, 743.0]
[0.0, 16.0, 992.0, 760.0]
[0.0, 16.0, 993.0, 761.0]
[16.0, 16.0, 1010.0, 762.0]
[0.0, 16.0, 995.0, 762.0]
[0.0, 0.0, 996.0, 747.0]
[16.0, 16.0, 1013.0, 764.0]
[16.0, 16.0, 1014.0, 764.0]
[16.0, 16.0, 1015.0, 765.0]
[16.0, 0.0, 1016.0, 750.0]
[0.0, 0.0, 1001.0, 751.0]
[0.0, 0.0, 1002.0, 752.0]
[0.0, 16.0, 1003.0, 768.0]
[16.0, 0.0, 1020.0, 753.0]
[0.0, 0.0, 1005.0, 754.0]
[0.0, 0.0, 1006.0, 754.0]
[16.0, 0.0, 1023.0, 755.0]
[0.0, 0.0, 1008.0, 756.0]
[0.0, 0.0, 1009.0, 757.0]
[0.0, 0.0, 1010.0, 758.0]
[0.0, 0.0, 1011.0, 758.0]
[0.0, 0.0, 1012.0, 759.0]
[0.0, 0.0, 1013.0, 760.0]
[0.0, 0.0, 1014.0, 760.0]
[0.0, 0.0, 1015.0, 761.0]
[0.0, 0.0, 1016.0, 762.0]
[0.0, 0.0, 1017.0, 763.0]
[0.0, 0.0, 1018.0, 764.0]
[0.0, 0.0, 1019.0, 764.0]
