[176.0, 32.0, 961.0, 621.0]
[64.0, 128.0, 850.0, 718.0]
[80.0, 80.0, 867.0, 670.0]
[128.0, 64.0, 916.0, 655.0]
[176.0, 144.0, 965.0, 736.0]
[144.0, 112.0, 934.0, 704.0]
[192.0, 48.0, 983.0, 641.0]
[192.0, 112.0, 984.0, 706.0]
[64.0, 80.0, 857.0, 675.0]
[192.0, 64.0, 986.0, 660.0]
[64.0, 32.0, 859.0, 628.0]
[192.0, 96.0, 988.0, 693.0]
[48.0, 32.0, 845.0, 630.0]
[160.0, 144.0, 958.0, 742.0]
[144.0, 64.0, 943.0, 663.0]
[32.0, 64.0, 832.0, 664.0]
[128.0, 144.0, 929.0, 745.0]
[32.0, 64.0, 834.0, 666.0]
[128.0, 32.0, 931.0, 634.0]
[64.0, 128.0, 868.0, 731.0]
[176.0, 48.0, 981.0, 652.0]
[144.0, 32.0, 950.0, 636.0]
[128.0, 144.0, 935.0, 749.0]
[192.0, 64.0, 1000.0, 670.0]
[96.0, 64.0, 905.0, 671.0]
[192.0, 96.0, 1002.0, 704.0]
[80.0, 48.0, 891.0, 656.0]
[32.0, 112.0, 844.0, 721.0]
[112.0, 144.0, 925.0, 754.0]
[96.0, 64.0, 910.0, 674.0]
[96.0, 96.0, 911.0, 707.0]
[128.0, 144.0, 944.0, 756.0]
[16.0, 32.0, 833.0, 645.0]
[16.0, 32.0, 834.0, 646.0]
[112.0, 144.0, 931.0, 758.0]
[144.0, 112.0, 964.0, 727.0]
[128.0, 64.0, 949.0, 680.0]
[48.0, 144.0, 870.0, 760.0]
[176.0, 96.0, 999.0, 713.0]
[64.0, 144.0, 888.0, 762.0]
[144.0, 0.0, 969.0, 619.0]
[64.0, 16.0, 890.0, 636.0]
[160.0, 96.0, 987.0, 716.0]
[144.0, 48.0, 972.0, 669.0]
[16.0, 48.0, 845.0, 670.0]
[176.0, 64.0, 1006.0, 686.0]
[112.0, 16.0, 943.0, 639.0]
[160.0, 48.0, 992.0, 672.0]
[96.0, 0.0, 929.0, 625.0]
[16.0, 48.0, 850.0, 674.0]
[160.0, 0.0, 995.0, 626.0]
[112.0, 112.0, 948.0, 739.0]
[96.0, 128.0, 933.0, 756.0]
[160.0, 0.0, 998.0, 628.0]
[32.0, 112.0, 871.0, 741.0]
[64.0, 128.0, 904.0, 758.0]
[96.0, 16.0, 937.0, 647.0]
[32.0, 16.0, 874.0, 648.0]
[80.0, 64.0, 923.0, 696.0]
[64.0, 0.0, 908.0, 633.0]
[96.0, 112.0, 941.0, 746.0]
[160.0, 80.0, 1006.0, 714.0]
[128.0, 32.0, 975.0, 667.0]
[128.0, 112.0, 976.0, 748.0]
[96.0, 64.0, 945.0, 701.0]
[16.0, 16.0, 866.0, 654.0]
[64.0, 64.0, 915.0, 702.0]
[48.0, 96.0, 900.0, 735.0]
[64.0, 16.0, 917.0, 656.0]
[96.0, 0.0, 950.0, 640.0]
[112.0, 32.0, 967.0, 673.0]
[160.0, 0.0, 1016.0, 642.0]
[112.0, 64.0, 969.0, 707.0]
[80.0, 16.0, 938.0, 660.0]
[32.0, 16.0, 891.0, 660.0]
[64.0, 96.0, 924.0, 741.0]
[80.0, 80.0, 941.0, 726.0]
[144.0, 80.0, 1006.0, 726.0]
[96.0, 112.0, 959.0, 759.0]
[144.0, 0.0, 1008.0, 648.0]
[128.0, 80.0, 993.0, 729.0]
[144.0, 48.0, 1010.0, 698.0]
[96.0, 48.0, 963.0, 698.0]
[64.0, 48.0, 932.0, 699.0]
[112.0, 112.0, 981.0, 764.0]
[16.0, 16.0, 886.0, 668.0]
[144.0, 80.0, 1015.0, 733.0]
[64.0, 64.0, 936.0, 718.0]
[112.0, 112.0, 985.0, 767.0]
[32.0, 0.0, 906.0, 656.0]
[80.0, 0.0, 955.0, 656.0]
[32.0, 0.0, 908.0, 657.0]
[112.0, 96.0, 989.0, 754.0]
[32.0, 80.0, 910.0, 738.0]
[128.0, 96.0, 1007.0, 755.0]
[32.0, 64.0, 912.0, 724.0]
[80.0, 48.0, 961.0, 709.0]
[80.0, 64.0, 962.0, 726.0]
[128.0, 80.0, 1011.0, 742.0]
[128.0, 0.0, 1012.0, 663.0]
[112.0, 16.0, 997.0, 680.0]
[32.0, 96.0, 918.0, 760.0]
[96.0, 32.0, 983.0, 697.0]
[64.0, 16.0, 952.0, 682.0]
[80.0, 64.0, 969.0, 731.0]
[128.0, 48.0, 1018.0, 716.0]
[16.0, 32.0, 907.0, 700.0]
[64.0, 80.0, 956.0, 749.0]
[64.0, 32.0, 957.0, 702.0]
[128.0, 80.0, 1022.0, 750.0]
[48.0, 32.0, 943.0, 703.0]
[96.0, 96.0, 992.0, 768.0]
[16.0, 80.0, 913.0, 753.0]
[80.0, 48.0, 978.0, 722.0]
[16.0, 32.0, 915.0, 706.0]
[48.0, 0.0, 948.0, 675.0]
[32.0, 32.0, 933.0, 708.0]
[64.0, 0.0, 966.0, 676.0]
[48.0, 32.0, 951.0, 709.0]
[48.0, 16.0, 952.0, 694.0]
[64.0, 80.0, 969.0, 759.0]
[96.0, 16.0, 1002.0, 696.0]
[48.0, 0.0, 955.0, 680.0]
[112.0, 32.0, 1020.0, 713.0]
[0.0, 48.0, 909.0, 730.0]
[32.0, 0.0, 942.0, 682.0]
[48.0, 16.0, 959.0, 699.0]
[0.0, 32.0, 912.0, 716.0]
[32.0, 64.0, 945.0, 749.0]
[16.0, 80.0, 930.0, 766.0]
[96.0, 80.0, 1011.0, 766.0]
[80.0, 16.0, 996.0, 703.0]
[48.0, 0.0, 965.0, 688.0]
[48.0, 32.0, 966.0, 720.0]
[80.0, 16.0, 999.0, 705.0]
[64.0, 32.0, 984.0, 722.0]
[16.0, 64.0, 937.0, 755.0]
[64.0, 0.0, 986.0, 692.0]
[48.0, 16.0, 971.0, 708.0]
[64.0, 48.0, 988.0, 741.0]
[48.0, 0.0, 973.0, 694.0]
[64.0, 0.0, 990.0, 694.0]
[32.0, 16.0, 959.0, 711.0]
[32.0, 32.0, 960.0, 728.0]
[80.0, 0.0, 1009.0, 697.0]
[32.0, 48.0, 962.0, 746.0]
[48.0, 64.0, 979.0, 762.0]
[64.0, 0.0, 996.0, 699.0]
[32.0, 0.0, 965.0, 700.0]
[64.0, 16.0, 998.0, 716.0]
[16.0, 0.0, 951.0, 701.0]
[80.0, 0.0, 1016.0, 702.0]
[32.0, 32.0, 969.0, 735.0]
[0.0, 64.0, 938.0, 768.0]
[16.0, 64.0, 955.0, 768.0]
[80.0, 32.0, 1020.0, 737.0]
[64.0, 48.0, 1005.0, 754.0]
[32.0, 0.0, 974.0, 706.0]
[16.0, 48.0, 959.0, 755.0]
[16.0, 48.0, 960.0, 756.0]
[32.0, 48.0, 977.0, 757.0]
[32.0, 16.0, 978.0, 726.0]
[16.0, 48.0, 963.0, 758.0]
[0.0, 48.0, 948.0, 759.0]
[48.0, 16.0, 997.0, 728.0]
[16.0, 48.0, 966.0, 760.0]
[64.0, 32.0, 1015.0, 745.0]
[64.0, 32.0, 1016.0, 746.0]
[32.0, 48.0, 985.0, 763.0]
[64.0, 48.0, 1018.0, 764.0]
[48.0, 32.0, 1003.0, 748.0]
[32.0, 32.0, 988.0, 749.0]
[48.0, 0.0, 1005.0, 718.0]
[32.0, 32.0, 990.0, 750.0]
[16.0, 0.0, 975.0, 719.0]
[0.0, 0.0, 960.0, 720.0]
[48.0, 32.0, 1009.0, 753.0]
[0.0, 16.0, 962.0, 738.0]
[16.0, 16.0, 979.0, 738.0]
[16.0, 16.0, 980.0, 739.0]
[48.0, 32.0, 1013.0, 756.0]
[32.0, 0.0, 998.0, 724.0]
[32.0, 0.0, 999.0, 725.0]
[0.0, 32.0, 968.0, 758.0]
[48.0, 16.0, 1017.0, 743.0]
[32.0, 32.0, 1002.0, 760.0]
[48.0, 32.0, 1019.0, 760.0]
[32.0, 0.0, 1004.0, 729.0]
[32.0, 16.0, 1005.0, 746.0]
[0.0, 16.0, 974.0, 746.0]
[32.0, 32.0, 1007.0, 763.0]
[0.0, 32.0, 976.0, 764.0]
[16.0, 16.0, 993.0, 749.0]
[0.0, 32.0, 978.0, 766.0]
[32.0, 16.0, 1011.0, 750.0]
[16.0, 32.0, 996.0, 767.0]
[0.0, 16.0, 981.0, 752.0]
[16.0, 0.0, 998.0, 736.0]
[0.0, 0.0, 983.0, 737.0]
[32.0, 0.0, 1016.0, 738.0]
[0.0, 16.0, 985.0, 755.0]
[32.0, 16.0, 1018.0, 756.0]
[0.0, 0.0, 987.0, 740.0]
[0.0, 16.0, 988.0, 757.0]
[0.0, 16.0, 989.0, 758.0]
[32.0, 0.0, 1022.0, 742.0]
[32.0, 0.0, 1023.0, 743.0]
[0.0, 0.0, 992.0, 744.0]
[16.0, 16.0, 1009.0, 761.0]
[16.0, 0.0, 1010.0, 746.0]
[16.0, 16.0, 1011.0, 762.0]
[0.0, 0.0, 996.0, 747.0]
[16.0, 16.0, 1013.0, 764.0]
[16.0, 16.0, 1014.0, 764.0]
[16.0, 0.0, 1015.0, 749.0]
[0.0, 16.0, 1000.0, 766.0]
[0.0, 16.0, 1001.0, 767.0]
[0.0, 0.0, 1002.0, 752.0]
[0.0, 0.0, 1003.0, 752.0]
[0.0, 0.0, 1004.0, 753.0]
[0.0, 0.0, 1005.0, 754.0]
[16.0, 0.0, 1022.0, 754.0]
[16.0, 0.0, 1023.0, 755.0]
[0.0, 0.0, 1008.0, 756.0]
[0.0, 0.0, 1009.0, 757.0]
[0.0, 0.0, 1010.0, 758.0]
[0.0, 0.0, 1011.0, 758.0]
[0.0, 0.0, 1012.0, 759.0]
[0.0, 0.0, 1013.0, 760.0]
[0.0, 0.0, 1014.0, 760.0]
[0.0, 0.0, 1015.0, 761.0]
[0.0, 0.0, 1016.0, 762.0]
[0.0, 0.0, 1017.0, 763.0]
[0.0, 0.0, 1018.0, 764.0]
[0.0, 0.0, 1019.0, 764.0]
[0.0, 0.0, 1020.0, 765.0]
[0.0, 0.0, 1021.0, 766.0]
[0.0, 0.0, 1022.0, 766.0]
[0.0, 0.0, 1023.0, 767.0]
[0.0, 0.0, 1024.0, 768.0]
