[64.0, 32.0, 781.0, 570.0]
[272.0, 16.0, 990.0, 554.0]
[32.0, 16.0, 751.0, 555.0]
[160.0, 16.0, 880.0, 556.0]
[48.0, 32.0, 769.0, 573.0]
[128.0, 16.0, 850.0, 558.0]
[176.0, 32.0, 899.0, 574.0]
[176.0, 32.0, 900.0, 575.0]
[80.0, 0.0, 805.0, 544.0]
[240.0, 32.0, 966.0, 576.0]
[160.0, 16.0, 887.0, 561.0]
[240.0, 32.0, 968.0, 578.0]
[144.0, 0.0, 873.0, 547.0]
[48.0, 0.0, 778.0, 548.0]
[128.0, 0.0, 859.0, 548.0]
[224.0, 16.0, 956.0, 565.0]
[208.0, 0.0, 941.0, 550.0]
[48.0, 32.0, 782.0, 582.0]
[48.0, 32.0, 783.0, 583.0]
[144.0, 0.0, 880.0, 552.0]
[128.0, 32.0, 865.0, 585.0]
[128.0, 0.0, 866.0, 554.0]
[224.0, 32.0, 963.0, 586.0]
[144.0, 0.0, 884.0, 555.0]
[144.0, 0.0, 885.0, 556.0]
[112.0, 0.0, 854.0, 556.0]
[192.0, 0.0, 935.0, 557.0]
[64.0, 0.0, 808.0, 558.0]
[240.0, 32.0, 985.0, 591.0]
[32.0, 16.0, 778.0, 576.0]
[32.0, 16.0, 779.0, 576.0]
[32.0, 16.0, 780.0, 577.0]
[48.0, 32.0, 797.0, 594.0]
[192.0, 0.0, 942.0, 562.0]
[240.0, 0.0, 991.0, 563.0]
[48.0, 32.0, 800.0, 596.0]
[96.0, 0.0, 849.0, 565.0]
[48.0, 32.0, 802.0, 598.0]
[96.0, 0.0, 851.0, 566.0]
[80.0, 32.0, 836.0, 599.0]
[144.0, 32.0, 901.0, 600.0]
[144.0, 0.0, 902.0, 568.0]
[208.0, 32.0, 967.0, 601.0]
[80.0, 32.0, 840.0, 602.0]
[208.0, 32.0, 969.0, 603.0]
[160.0, 32.0, 922.0, 604.0]
[64.0, 0.0, 827.0, 572.0]
[224.0, 16.0, 988.0, 589.0]
[208.0, 16.0, 973.0, 590.0]
[80.0, 0.0, 846.0, 574.0]
[160.0, 16.0, 927.0, 591.0]
[192.0, 32.0, 960.0, 608.0]
[64.0, 32.0, 833.0, 609.0]
[128.0, 0.0, 898.0, 578.0]
[48.0, 32.0, 819.0, 610.0]
[224.0, 16.0, 996.0, 595.0]
[112.0, 32.0, 885.0, 612.0]
[160.0, 0.0, 934.0, 580.0]
[112.0, 0.0, 887.0, 581.0]
[176.0, 0.0, 952.0, 582.0]
[192.0, 16.0, 969.0, 599.0]
[144.0, 32.0, 922.0, 616.0]
[48.0, 16.0, 827.0, 600.0]
[208.0, 32.0, 988.0, 617.0]
[192.0, 32.0, 973.0, 618.0]
[80.0, 0.0, 862.0, 586.0]
[144.0, 16.0, 927.0, 603.0]
[176.0, 0.0, 960.0, 588.0]
[32.0, 0.0, 817.0, 589.0]
[144.0, 16.0, 930.0, 606.0]
[208.0, 32.0, 995.0, 622.0]
[112.0, 16.0, 900.0, 607.0]
[192.0, 0.0, 981.0, 592.0]
[192.0, 0.0, 982.0, 592.0]
[32.0, 0.0, 823.0, 593.0]
[80.0, 32.0, 872.0, 626.0]
[176.0, 16.0, 969.0, 611.0]
[96.0, 16.0, 890.0, 612.0]
[32.0, 32.0, 827.0, 628.0]
[160.0, 0.0, 956.0, 597.0]
[176.0, 0.0, 973.0, 598.0]
[64.0, 16.0, 862.0, 614.0]
[160.0, 32.0, 959.0, 631.0]
[64.0, 0.0, 864.0, 600.0]
[80.0, 0.0, 881.0, 601.0]
[128.0, 0.0, 930.0, 602.0]
[128.0, 32.0, 931.0, 634.0]
[48.0, 0.0, 852.0, 603.0]
[48.0, 32.0, 853.0, 636.0]
[128.0, 0.0, 934.0, 604.0]
[32.0, 32.0, 839.0, 637.0]
[48.0, 0.0, 856.0, 606.0]
[32.0, 0.0, 841.0, 607.0]
[96.0, 32.0, 906.0, 640.0]
[160.0, 16.0, 971.0, 624.0]
[160.0, 0.0, 972.0, 609.0]
[144.0, 32.0, 957.0, 642.0]
[32.0, 32.0, 846.0, 642.0]
[80.0, 16.0, 895.0, 627.0]
[112.0, 32.0, 928.0, 644.0]
[144.0, 32.0, 961.0, 645.0]
[128.0, 0.0, 946.0, 614.0]
[160.0, 16.0, 979.0, 630.0]
[32.0, 16.0, 852.0, 631.0]
[48.0, 16.0, 869.0, 632.0]
[144.0, 32.0, 966.0, 648.0]
[80.0, 0.0, 903.0, 617.0]
[80.0, 16.0, 904.0, 634.0]
[64.0, 16.0, 889.0, 635.0]
[160.0, 0.0, 986.0, 620.0]
[112.0, 0.0, 939.0, 620.0]
[80.0, 32.0, 908.0, 653.0]
[80.0, 32.0, 909.0, 654.0]
[96.0, 16.0, 926.0, 638.0]
[80.0, 16.0, 911.0, 639.0]
[48.0, 32.0, 880.0, 656.0]
[32.0, 32.0, 865.0, 657.0]
[96.0, 32.0, 930.0, 658.0]
[96.0, 32.0, 931.0, 658.0]
[144.0, 0.0, 980.0, 627.0]
[32.0, 16.0, 869.0, 644.0]
[112.0, 16.0, 950.0, 644.0]
[48.0, 32.0, 887.0, 661.0]
[112.0, 16.0, 952.0, 646.0]
[112.0, 16.0, 953.0, 647.0]
[32.0, 0.0, 874.0, 632.0]
[48.0, 0.0, 891.0, 632.0]
[144.0, 16.0, 988.0, 649.0]
[128.0, 16.0, 973.0, 650.0]
[96.0, 16.0, 942.0, 650.0]
[48.0, 32.0, 895.0, 667.0]
[48.0, 32.0, 896.0, 668.0]
[112.0, 16.0, 961.0, 653.0]
[80.0, 16.0, 930.0, 654.0]
[112.0, 32.0, 963.0, 670.0]
[48.0, 32.0, 900.0, 671.0]
[80.0, 0.0, 933.0, 640.0]
[48.0, 16.0, 902.0, 656.0]
[144.0, 16.0, 999.0, 657.0]
[64.0, 32.0, 920.0, 674.0]
[128.0, 32.0, 985.0, 675.0]
[32.0, 0.0, 890.0, 644.0]
[96.0, 16.0, 955.0, 660.0]
[80.0, 32.0, 940.0, 677.0]
[48.0, 32.0, 909.0, 678.0]
[112.0, 16.0, 974.0, 662.0]
[32.0, 32.0, 895.0, 679.0]
[32.0, 0.0, 896.0, 648.0]
[64.0, 0.0, 929.0, 649.0]
[48.0, 0.0, 914.0, 650.0]
[64.0, 0.0, 931.0, 650.0]
[128.0, 0.0, 996.0, 651.0]
[48.0, 0.0, 917.0, 652.0]
[80.0, 0.0, 950.0, 652.0]
[128.0, 0.0, 999.0, 653.0]
[32.0, 16.0, 904.0, 670.0]
[80.0, 0.0, 953.0, 655.0]
[128.0, 0.0, 1002.0, 656.0]
[112.0, 0.0, 987.0, 656.0]
[112.0, 0.0, 988.0, 657.0]
[64.0, 16.0, 941.0, 674.0]
[128.0, 0.0, 1006.0, 658.0]
[48.0, 0.0, 927.0, 659.0]
[48.0, 0.0, 928.0, 660.0]
[96.0, 0.0, 977.0, 661.0]
[80.0, 16.0, 962.0, 678.0]
[112.0, 16.0, 995.0, 678.0]
[48.0, 16.0, 932.0, 679.0]
[112.0, 16.0, 997.0, 680.0]
[96.0, 16.0, 982.0, 680.0]
[80.0, 0.0, 967.0, 665.0]
[112.0, 0.0, 1000.0, 666.0]
[48.0, 0.0, 937.0, 667.0]
[96.0, 0.0, 986.0, 668.0]
[96.0, 0.0, 987.0, 668.0]
[80.0, 0.0, 972.0, 669.0]
[64.0, 0.0, 957.0, 670.0]
[96.0, 0.0, 990.0, 670.0]
[80.0, 0.0, 975.0, 671.0]
[48.0, 0.0, 944.0, 672.0]
[48.0, 0.0, 945.0, 673.0]
[96.0, 0.0, 994.0, 674.0]
[32.0, 0.0, 931.0, 674.0]
[32.0, 0.0, 932.0, 675.0]
[64.0, 0.0, 965.0, 676.0]
[32.0, 0.0, 934.0, 676.0]
[64.0, 0.0, 967.0, 677.0]
[48.0, 0.0, 952.0, 678.0]
[64.0, 0.0, 969.0, 679.0]
[96.0, 0.0, 1002.0, 680.0]
[80.0, 0.0, 987.0, 680.0]
