[256.0, 32.0, 973.0, 570.0]
[64.0, 32.0, 782.0, 570.0]
[272.0, 0.0, 991.0, 539.0]
[128.0, 0.0, 848.0, 540.0]
[96.0, 0.0, 817.0, 541.0]
[32.0, 32.0, 754.0, 574.0]
[128.0, 16.0, 851.0, 558.0]
[112.0, 16.0, 836.0, 559.0]
[64.0, 0.0, 789.0, 544.0]
[176.0, 16.0, 902.0, 560.0]
[208.0, 32.0, 935.0, 577.0]
[64.0, 16.0, 792.0, 562.0]
[240.0, 0.0, 969.0, 547.0]
[272.0, 16.0, 1002.0, 564.0]
[64.0, 32.0, 795.0, 580.0]
[240.0, 0.0, 972.0, 549.0]
[240.0, 16.0, 973.0, 566.0]
[192.0, 0.0, 926.0, 550.0]
[96.0, 16.0, 831.0, 567.0]
[144.0, 0.0, 880.0, 552.0]
[240.0, 16.0, 977.0, 569.0]
[160.0, 32.0, 898.0, 586.0]
[176.0, 0.0, 915.0, 554.0]
[224.0, 0.0, 964.0, 555.0]
[176.0, 0.0, 917.0, 556.0]
[224.0, 0.0, 966.0, 556.0]
[224.0, 16.0, 967.0, 573.0]
[48.0, 32.0, 792.0, 590.0]
[192.0, 16.0, 937.0, 575.0]
[240.0, 32.0, 986.0, 592.0]
[112.0, 32.0, 859.0, 592.0]
[144.0, 32.0, 892.0, 593.0]
[64.0, 16.0, 813.0, 578.0]
[96.0, 32.0, 846.0, 594.0]
[64.0, 16.0, 815.0, 579.0]
[128.0, 0.0, 880.0, 564.0]
[128.0, 32.0, 881.0, 597.0]
[240.0, 32.0, 994.0, 598.0]
[144.0, 0.0, 899.0, 566.0]
[48.0, 32.0, 804.0, 599.0]
[48.0, 16.0, 805.0, 584.0]
[80.0, 32.0, 838.0, 600.0]
[96.0, 0.0, 855.0, 569.0]
[192.0, 32.0, 952.0, 602.0]
[80.0, 0.0, 841.0, 571.0]
[32.0, 16.0, 794.0, 588.0]
[144.0, 32.0, 907.0, 604.0]
[160.0, 0.0, 924.0, 573.0]
[144.0, 0.0, 909.0, 574.0]
[64.0, 16.0, 830.0, 590.0]
[176.0, 0.0, 943.0, 575.0]
[176.0, 32.0, 944.0, 608.0]
[96.0, 32.0, 865.0, 609.0]
[64.0, 32.0, 834.0, 610.0]
[96.0, 32.0, 867.0, 610.0]
[96.0, 32.0, 868.0, 611.0]
[224.0, 16.0, 997.0, 596.0]
[144.0, 0.0, 918.0, 580.0]
[48.0, 32.0, 823.0, 613.0]
[32.0, 0.0, 808.0, 582.0]
[160.0, 0.0, 937.0, 583.0]
[160.0, 16.0, 938.0, 600.0]
[144.0, 0.0, 923.0, 584.0]
[64.0, 16.0, 844.0, 601.0]
[64.0, 32.0, 845.0, 618.0]
[224.0, 0.0, 1006.0, 586.0]
[32.0, 0.0, 815.0, 587.0]
[80.0, 0.0, 864.0, 588.0]
[32.0, 16.0, 817.0, 605.0]
[48.0, 0.0, 834.0, 590.0]
[32.0, 32.0, 819.0, 622.0]
[48.0, 16.0, 836.0, 607.0]
[32.0, 32.0, 821.0, 624.0]
[32.0, 0.0, 822.0, 592.0]
[144.0, 32.0, 935.0, 625.0]
[96.0, 16.0, 888.0, 610.0]
[192.0, 32.0, 985.0, 627.0]
[32.0, 32.0, 826.0, 628.0]
[208.0, 0.0, 1003.0, 596.0]
[192.0, 32.0, 988.0, 629.0]
[112.0, 16.0, 909.0, 614.0]
[144.0, 16.0, 942.0, 614.0]
[96.0, 0.0, 895.0, 599.0]
[160.0, 0.0, 960.0, 600.0]
[160.0, 0.0, 961.0, 601.0]
[64.0, 32.0, 866.0, 634.0]
[32.0, 0.0, 835.0, 602.0]
[48.0, 16.0, 852.0, 619.0]
[176.0, 0.0, 981.0, 604.0]
[80.0, 16.0, 886.0, 620.0]
[192.0, 0.0, 999.0, 605.0]
[160.0, 16.0, 968.0, 622.0]
[176.0, 0.0, 985.0, 607.0]
[144.0, 0.0, 954.0, 608.0]
[64.0, 32.0, 875.0, 640.0]
[96.0, 16.0, 908.0, 625.0]
[80.0, 32.0, 893.0, 642.0]
[192.0, 0.0, 1006.0, 610.0]
[64.0, 16.0, 879.0, 627.0]
[192.0, 16.0, 1008.0, 628.0]
[160.0, 0.0, 977.0, 613.0]
[16.0, 0.0, 834.0, 614.0]
[64.0, 16.0, 883.0, 630.0]
[112.0, 16.0, 932.0, 631.0]
[48.0, 32.0, 869.0, 648.0]
[80.0, 0.0, 902.0, 616.0]
[64.0, 16.0, 887.0, 633.0]
[128.0, 0.0, 952.0, 618.0]
[64.0, 32.0, 889.0, 651.0]
[96.0, 32.0, 922.0, 652.0]
[48.0, 32.0, 875.0, 652.0]
[32.0, 16.0, 860.0, 637.0]
[112.0, 0.0, 941.0, 622.0]
[112.0, 32.0, 942.0, 654.0]
[80.0, 32.0, 911.0, 655.0]
[144.0, 16.0, 976.0, 640.0]
[32.0, 0.0, 865.0, 625.0]
[32.0, 32.0, 866.0, 658.0]
[144.0, 16.0, 979.0, 642.0]
[64.0, 0.0, 900.0, 627.0]
[144.0, 32.0, 981.0, 660.0]
[128.0, 32.0, 966.0, 660.0]
[112.0, 16.0, 951.0, 645.0]
[80.0, 32.0, 920.0, 662.0]
[32.0, 0.0, 873.0, 631.0]
[80.0, 0.0, 922.0, 632.0]
[64.0, 16.0, 907.0, 648.0]
[32.0, 16.0, 876.0, 649.0]
[128.0, 0.0, 973.0, 634.0]
[112.0, 32.0, 958.0, 666.0]
[96.0, 32.0, 943.0, 667.0]
[144.0, 16.0, 992.0, 652.0]
[144.0, 16.0, 993.0, 653.0]
[144.0, 32.0, 994.0, 670.0]
[144.0, 0.0, 995.0, 638.0]
[144.0, 16.0, 996.0, 655.0]
[64.0, 0.0, 917.0, 640.0]
[64.0, 32.0, 918.0, 672.0]
[128.0, 16.0, 983.0, 657.0]
[128.0, 32.0, 984.0, 674.0]
[112.0, 0.0, 969.0, 643.0]
[48.0, 16.0, 906.0, 660.0]
[144.0, 16.0, 1003.0, 660.0]
[112.0, 0.0, 972.0, 645.0]
[16.0, 16.0, 877.0, 662.0]
[48.0, 32.0, 910.0, 678.0]
[112.0, 32.0, 975.0, 679.0]
[64.0, 0.0, 928.0, 648.0]
[48.0, 0.0, 913.0, 649.0]
[80.0, 32.0, 946.0, 682.0]
[128.0, 0.0, 995.0, 650.0]
[48.0, 16.0, 916.0, 667.0]
[16.0, 16.0, 885.0, 668.0]
[16.0, 16.0, 886.0, 668.0]
[32.0, 16.0, 903.0, 669.0]
[128.0, 16.0, 1000.0, 670.0]
[16.0, 16.0, 889.0, 671.0]
[128.0, 16.0, 1002.0, 672.0]
[112.0, 0.0, 987.0, 656.0]
[112.0, 0.0, 988.0, 657.0]
[96.0, 0.0, 973.0, 658.0]
[48.0, 0.0, 926.0, 658.0]
[16.0, 0.0, 895.0, 659.0]
[32.0, 0.0, 912.0, 660.0]
[32.0, 16.0, 913.0, 677.0]
[96.0, 16.0, 978.0, 678.0]
[16.0, 0.0, 899.0, 662.0]
[16.0, 16.0, 900.0, 679.0]
[96.0, 0.0, 981.0, 664.0]
[16.0, 16.0, 902.0, 680.0]
[96.0, 0.0, 983.0, 665.0]
[96.0, 0.0, 984.0, 666.0]
[80.0, 16.0, 969.0, 683.0]
[48.0, 0.0, 938.0, 668.0]
[96.0, 0.0, 987.0, 668.0]
[96.0, 0.0, 988.0, 669.0]
[112.0, 0.0, 1005.0, 670.0]
[32.0, 0.0, 926.0, 670.0]
[48.0, 0.0, 943.0, 671.0]
[32.0, 0.0, 928.0, 672.0]
[64.0, 0.0, 961.0, 673.0]
[96.0, 0.0, 994.0, 674.0]
[48.0, 0.0, 947.0, 674.0]
[80.0, 0.0, 980.0, 675.0]
[32.0, 0.0, 933.0, 676.0]
[64.0, 0.0, 966.0, 676.0]
[80.0, 0.0, 983.0, 677.0]
[64.0, 0.0, 968.0, 678.0]
[64.0, 0.0, 969.0, 679.0]
[80.0, 0.0, 986.0, 680.0]
[64.0, 0.0, 971.0, 680.0]
[80.0, 0.0, 988.0, 681.0]
[32.0, 0.0, 941.0, 682.0]
[96.0, 0.0, 1006.0, 682.0]
[32.0, 0.0, 943.0, 683.0]
