[96.0, 96.0, 813.0, 634.0]
[96.0, 64.0, 814.0, 602.0]
[48.0, 64.0, 767.0, 603.0]
[32.0, 80.0, 752.0, 620.0]
[64.0, 80.0, 785.0, 621.0]
[112.0, 80.0, 834.0, 622.0]
[0.0, 112.0, 723.0, 654.0]
[128.0, 128.0, 852.0, 671.0]
[64.0, 0.0, 789.0, 544.0]
[112.0, 48.0, 838.0, 592.0]
[64.0, 0.0, 791.0, 545.0]
[32.0, 16.0, 760.0, 562.0]
[48.0, 128.0, 777.0, 675.0]
[32.0, 32.0, 762.0, 580.0]
[96.0, 112.0, 827.0, 660.0]
[64.0, 0.0, 796.0, 549.0]
[32.0, 128.0, 765.0, 678.0]
[48.0, 112.0, 782.0, 662.0]
[16.0, 32.0, 751.0, 583.0]
[48.0, 0.0, 784.0, 552.0]
[64.0, 32.0, 801.0, 585.0]
[16.0, 80.0, 754.0, 634.0]
[80.0, 64.0, 819.0, 618.0]
[128.0, 96.0, 868.0, 651.0]
[32.0, 96.0, 773.0, 652.0]
[96.0, 112.0, 838.0, 668.0]
[64.0, 32.0, 807.0, 589.0]
[144.0, 32.0, 888.0, 590.0]
[112.0, 112.0, 857.0, 671.0]
[96.0, 96.0, 842.0, 656.0]
[32.0, 48.0, 779.0, 608.0]
[96.0, 32.0, 844.0, 593.0]
[128.0, 48.0, 877.0, 610.0]
[96.0, 0.0, 846.0, 562.0]
[64.0, 48.0, 815.0, 611.0]
[16.0, 96.0, 768.0, 660.0]
[96.0, 16.0, 849.0, 581.0]
[96.0, 48.0, 850.0, 614.0]
[48.0, 48.0, 803.0, 614.0]
[80.0, 96.0, 836.0, 663.0]
[80.0, 80.0, 837.0, 648.0]
[96.0, 80.0, 854.0, 648.0]
[80.0, 96.0, 839.0, 665.0]
[144.0, 80.0, 904.0, 650.0]
[96.0, 32.0, 857.0, 603.0]
[96.0, 16.0, 858.0, 588.0]
[32.0, 32.0, 795.0, 604.0]
[96.0, 96.0, 860.0, 669.0]
[0.0, 32.0, 765.0, 606.0]
[112.0, 80.0, 878.0, 654.0]
[112.0, 48.0, 879.0, 623.0]
[96.0, 48.0, 864.0, 624.0]
[32.0, 16.0, 801.0, 593.0]
[16.0, 32.0, 786.0, 610.0]
[112.0, 48.0, 883.0, 626.0]
[16.0, 0.0, 788.0, 579.0]
[16.0, 0.0, 789.0, 580.0]
[80.0, 0.0, 854.0, 580.0]
[96.0, 32.0, 871.0, 613.0]
[80.0, 0.0, 856.0, 582.0]
[144.0, 64.0, 921.0, 647.0]
[80.0, 96.0, 858.0, 680.0]
[32.0, 48.0, 811.0, 632.0]
[64.0, 48.0, 844.0, 633.0]
[48.0, 48.0, 829.0, 634.0]
[16.0, 48.0, 798.0, 634.0]
[0.0, 16.0, 783.0, 603.0]
[48.0, 80.0, 832.0, 668.0]
[48.0, 32.0, 833.0, 621.0]
[64.0, 32.0, 850.0, 622.0]
[128.0, 64.0, 915.0, 654.0]
[128.0, 32.0, 916.0, 623.0]
[32.0, 16.0, 821.0, 608.0]
[112.0, 32.0, 902.0, 624.0]
[112.0, 80.0, 903.0, 673.0]
[96.0, 32.0, 888.0, 626.0]
[32.0, 32.0, 825.0, 627.0]
[0.0, 0.0, 794.0, 596.0]
[128.0, 32.0, 923.0, 628.0]
[64.0, 32.0, 860.0, 629.0]
[64.0, 64.0, 861.0, 662.0]
[80.0, 80.0, 878.0, 678.0]
[96.0, 32.0, 895.0, 631.0]
[16.0, 32.0, 816.0, 632.0]
[16.0, 0.0, 817.0, 601.0]
[16.0, 16.0, 818.0, 618.0]
[144.0, 32.0, 947.0, 634.0]
[80.0, 32.0, 884.0, 635.0]
[32.0, 80.0, 837.0, 684.0]
[128.0, 32.0, 934.0, 636.0]
[96.0, 16.0, 903.0, 621.0]
[64.0, 48.0, 872.0, 654.0]
[64.0, 64.0, 873.0, 671.0]
[96.0, 16.0, 906.0, 624.0]
[112.0, 16.0, 923.0, 624.0]
[64.0, 48.0, 876.0, 657.0]
[112.0, 64.0, 925.0, 674.0]
[64.0, 64.0, 878.0, 674.0]
[0.0, 48.0, 815.0, 659.0]
[128.0, 16.0, 944.0, 628.0]
[112.0, 0.0, 929.0, 613.0]
[96.0, 16.0, 914.0, 630.0]
[112.0, 32.0, 931.0, 646.0]
[144.0, 32.0, 964.0, 647.0]
[0.0, 48.0, 821.0, 664.0]
[64.0, 48.0, 886.0, 664.0]
[16.0, 32.0, 839.0, 649.0]
[96.0, 48.0, 920.0, 666.0]
[64.0, 16.0, 889.0, 635.0]
[112.0, 32.0, 938.0, 652.0]
[96.0, 64.0, 923.0, 684.0]
[80.0, 0.0, 908.0, 621.0]
[16.0, 48.0, 845.0, 670.0]
[32.0, 48.0, 862.0, 670.0]
[0.0, 48.0, 831.0, 671.0]
[32.0, 48.0, 864.0, 672.0]
[96.0, 0.0, 929.0, 625.0]
[144.0, 32.0, 978.0, 658.0]
[144.0, 32.0, 979.0, 658.0]
[128.0, 16.0, 964.0, 643.0]
[48.0, 16.0, 885.0, 644.0]
[112.0, 16.0, 950.0, 644.0]
[0.0, 0.0, 839.0, 629.0]
[16.0, 0.0, 856.0, 630.0]
[112.0, 16.0, 953.0, 647.0]
[48.0, 48.0, 890.0, 680.0]
[48.0, 0.0, 891.0, 632.0]
[64.0, 32.0, 908.0, 665.0]
[0.0, 16.0, 845.0, 650.0]
[80.0, 48.0, 926.0, 682.0]
[32.0, 32.0, 879.0, 667.0]
[112.0, 16.0, 960.0, 652.0]
[16.0, 32.0, 865.0, 669.0]
[96.0, 16.0, 946.0, 654.0]
[48.0, 16.0, 899.0, 654.0]
[112.0, 32.0, 964.0, 671.0]
[64.0, 16.0, 917.0, 656.0]
[16.0, 32.0, 870.0, 672.0]
[80.0, 0.0, 935.0, 641.0]
[0.0, 0.0, 856.0, 642.0]
[80.0, 16.0, 937.0, 659.0]
[48.0, 16.0, 906.0, 660.0]
[16.0, 32.0, 875.0, 676.0]
[16.0, 16.0, 876.0, 661.0]
[16.0, 16.0, 877.0, 662.0]
[64.0, 32.0, 926.0, 678.0]
[96.0, 16.0, 959.0, 663.0]
[112.0, 0.0, 976.0, 648.0]
[16.0, 16.0, 881.0, 665.0]
[16.0, 32.0, 882.0, 682.0]
[32.0, 32.0, 899.0, 682.0]
[64.0, 0.0, 932.0, 651.0]
[112.0, 16.0, 981.0, 668.0]
[112.0, 0.0, 982.0, 652.0]
[112.0, 0.0, 983.0, 653.0]
[80.0, 0.0, 952.0, 654.0]
[48.0, 16.0, 921.0, 671.0]
[64.0, 16.0, 938.0, 672.0]
[0.0, 16.0, 875.0, 672.0]
[48.0, 16.0, 924.0, 673.0]
[0.0, 0.0, 877.0, 658.0]
[112.0, 0.0, 990.0, 658.0]
[48.0, 16.0, 927.0, 675.0]
[16.0, 16.0, 896.0, 676.0]
[80.0, 16.0, 961.0, 677.0]
[48.0, 0.0, 930.0, 662.0]
[16.0, 16.0, 899.0, 678.0]
[80.0, 16.0, 964.0, 679.0]
[0.0, 16.0, 885.0, 680.0]
[16.0, 16.0, 902.0, 680.0]
[0.0, 0.0, 887.0, 665.0]
[32.0, 16.0, 920.0, 682.0]
[80.0, 16.0, 969.0, 683.0]
[48.0, 0.0, 938.0, 668.0]
[32.0, 0.0, 923.0, 668.0]
[64.0, 0.0, 956.0, 669.0]
[80.0, 0.0, 973.0, 670.0]
[0.0, 0.0, 894.0, 670.0]
[48.0, 0.0, 943.0, 671.0]
[32.0, 0.0, 928.0, 672.0]
[96.0, 0.0, 993.0, 673.0]
[32.0, 0.0, 930.0, 674.0]
[48.0, 0.0, 947.0, 674.0]
[32.0, 0.0, 932.0, 675.0]
[16.0, 0.0, 917.0, 676.0]
[80.0, 0.0, 982.0, 676.0]
[32.0, 0.0, 935.0, 677.0]
[64.0, 0.0, 968.0, 678.0]
[80.0, 0.0, 985.0, 679.0]
[16.0, 0.0, 922.0, 680.0]
[80.0, 0.0, 987.0, 680.0]
[0.0, 0.0, 908.0, 681.0]
[64.0, 0.0, 973.0, 682.0]
[16.0, 0.0, 926.0, 682.0]
[0.0, 0.0, 911.0, 683.0]
[48.0, 0.0, 960.0, 684.0]
