[16.0, 112.0, 733.0, 650.0]
[16.0, 112.0, 734.0, 650.0]
[32.0, 112.0, 751.0, 651.0]
[128.0, 112.0, 848.0, 652.0]
[32.0, 128.0, 753.0, 669.0]
[48.0, 128.0, 770.0, 670.0]
[96.0, 96.0, 819.0, 638.0]
[32.0, 96.0, 756.0, 639.0]
[64.0, 128.0, 789.0, 672.0]
[64.0, 112.0, 790.0, 656.0]
[48.0, 80.0, 775.0, 625.0]
[96.0, 96.0, 824.0, 642.0]
[48.0, 96.0, 777.0, 643.0]
[96.0, 112.0, 826.0, 660.0]
[80.0, 112.0, 811.0, 660.0]
[112.0, 128.0, 844.0, 677.0]
[112.0, 128.0, 845.0, 678.0]
[128.0, 128.0, 862.0, 678.0]
[16.0, 112.0, 751.0, 663.0]
[0.0, 112.0, 736.0, 664.0]
[64.0, 80.0, 801.0, 633.0]
[64.0, 96.0, 802.0, 650.0]
[16.0, 128.0, 755.0, 682.0]
[112.0, 112.0, 852.0, 667.0]
[64.0, 96.0, 805.0, 652.0]
[64.0, 80.0, 806.0, 636.0]
[96.0, 112.0, 839.0, 669.0]
[32.0, 112.0, 776.0, 670.0]
[64.0, 80.0, 809.0, 639.0]
[32.0, 96.0, 778.0, 656.0]
[96.0, 96.0, 843.0, 656.0]
[80.0, 112.0, 828.0, 673.0]
[64.0, 80.0, 813.0, 642.0]
[96.0, 112.0, 846.0, 674.0]
[64.0, 80.0, 815.0, 643.0]
[16.0, 112.0, 768.0, 676.0]
[16.0, 80.0, 769.0, 645.0]
[48.0, 80.0, 802.0, 646.0]
[80.0, 96.0, 835.0, 662.0]
[64.0, 112.0, 820.0, 679.0]
[16.0, 96.0, 773.0, 664.0]
[16.0, 112.0, 774.0, 680.0]
[64.0, 80.0, 823.0, 649.0]
[64.0, 96.0, 824.0, 666.0]
[96.0, 96.0, 857.0, 667.0]
[80.0, 80.0, 842.0, 652.0]
[48.0, 80.0, 811.0, 652.0]
[32.0, 80.0, 796.0, 653.0]
[96.0, 80.0, 861.0, 654.0]
[64.0, 64.0, 830.0, 638.0]
[16.0, 96.0, 783.0, 671.0]
[48.0, 80.0, 816.0, 656.0]
[32.0, 80.0, 801.0, 657.0]
[16.0, 96.0, 786.0, 674.0]
[0.0, 80.0, 771.0, 658.0]
[64.0, 64.0, 836.0, 643.0]
[64.0, 64.0, 837.0, 644.0]
[16.0, 64.0, 790.0, 644.0]
[80.0, 96.0, 855.0, 677.0]
[80.0, 96.0, 856.0, 678.0]
[48.0, 64.0, 825.0, 647.0]
[16.0, 80.0, 794.0, 664.0]
[80.0, 96.0, 859.0, 680.0]
[48.0, 96.0, 828.0, 681.0]
[80.0, 96.0, 861.0, 682.0]
[32.0, 96.0, 814.0, 682.0]
[16.0, 96.0, 799.0, 683.0]
[64.0, 80.0, 848.0, 668.0]
[16.0, 64.0, 801.0, 653.0]
[32.0, 48.0, 818.0, 638.0]
[64.0, 64.0, 851.0, 654.0]
[16.0, 80.0, 804.0, 671.0]
[0.0, 64.0, 789.0, 656.0]
[0.0, 64.0, 790.0, 656.0]
[32.0, 64.0, 823.0, 657.0]
[0.0, 64.0, 792.0, 658.0]
[32.0, 48.0, 825.0, 643.0]
[0.0, 80.0, 794.0, 676.0]
[48.0, 80.0, 843.0, 676.0]
[32.0, 80.0, 828.0, 677.0]
[32.0, 64.0, 829.0, 662.0]
[32.0, 48.0, 830.0, 646.0]
[48.0, 48.0, 847.0, 647.0]
[32.0, 64.0, 832.0, 664.0]
[32.0, 48.0, 833.0, 649.0]
[16.0, 48.0, 818.0, 650.0]
[16.0, 80.0, 819.0, 682.0]
[32.0, 48.0, 836.0, 651.0]
[32.0, 48.0, 837.0, 652.0]
[32.0, 64.0, 838.0, 668.0]
[16.0, 64.0, 823.0, 669.0]
[16.0, 48.0, 824.0, 654.0]
[0.0, 64.0, 809.0, 671.0]
[48.0, 48.0, 858.0, 656.0]
[0.0, 48.0, 811.0, 656.0]
[32.0, 64.0, 844.0, 673.0]
[16.0, 48.0, 829.0, 658.0]
[32.0, 64.0, 846.0, 674.0]
[32.0, 48.0, 847.0, 659.0]
[32.0, 64.0, 848.0, 676.0]
