[160.0, 112.0, 877.0, 650.0]
[240.0, 112.0, 958.0, 650.0]
[176.0, 64.0, 895.0, 603.0]
[112.0, 80.0, 832.0, 620.0]
[160.0, 112.0, 881.0, 653.0]
[128.0, 64.0, 850.0, 606.0]
[192.0, 64.0, 915.0, 606.0]
[240.0, 80.0, 964.0, 623.0]
[224.0, 16.0, 949.0, 560.0]
[240.0, 48.0, 966.0, 592.0]
[112.0, 48.0, 839.0, 593.0]
[144.0, 64.0, 872.0, 610.0]
[128.0, 96.0, 857.0, 643.0]
[208.0, 96.0, 938.0, 644.0]
[192.0, 32.0, 923.0, 580.0]
[128.0, 48.0, 860.0, 597.0]
[192.0, 96.0, 925.0, 646.0]
[144.0, 112.0, 878.0, 662.0]
[272.0, 32.0, 1007.0, 583.0]
[208.0, 96.0, 944.0, 648.0]
[176.0, 0.0, 913.0, 553.0]
[128.0, 48.0, 866.0, 602.0]
[128.0, 16.0, 867.0, 570.0]
[272.0, 96.0, 1012.0, 651.0]
[192.0, 32.0, 933.0, 588.0]
[240.0, 112.0, 982.0, 668.0]
[112.0, 48.0, 855.0, 605.0]
[240.0, 0.0, 984.0, 558.0]
[144.0, 64.0, 889.0, 623.0]
[160.0, 0.0, 906.0, 560.0]
[96.0, 48.0, 843.0, 608.0]
[80.0, 80.0, 828.0, 641.0]
[240.0, 32.0, 989.0, 594.0]
[128.0, 112.0, 878.0, 674.0]
[240.0, 64.0, 991.0, 627.0]
[208.0, 16.0, 960.0, 580.0]
[144.0, 64.0, 897.0, 629.0]
[112.0, 80.0, 866.0, 646.0]
[240.0, 32.0, 995.0, 598.0]
[96.0, 96.0, 852.0, 663.0]
[224.0, 64.0, 981.0, 632.0]
[128.0, 48.0, 886.0, 616.0]
[128.0, 80.0, 887.0, 649.0]
[208.0, 16.0, 968.0, 586.0]
[128.0, 48.0, 889.0, 619.0]
[128.0, 96.0, 890.0, 668.0]
[80.0, 64.0, 843.0, 636.0]
[208.0, 80.0, 972.0, 653.0]
[96.0, 96.0, 861.0, 670.0]
[176.0, 0.0, 942.0, 574.0]
[192.0, 96.0, 959.0, 671.0]
[80.0, 64.0, 848.0, 640.0]
[144.0, 16.0, 913.0, 593.0]
[240.0, 16.0, 1010.0, 594.0]
[240.0, 80.0, 1011.0, 658.0]
[192.0, 0.0, 964.0, 579.0]
[144.0, 96.0, 917.0, 676.0]
[96.0, 32.0, 870.0, 612.0]
[224.0, 96.0, 999.0, 677.0]
[144.0, 48.0, 920.0, 630.0]
[208.0, 32.0, 985.0, 615.0]
[224.0, 80.0, 1002.0, 664.0]
[224.0, 32.0, 1003.0, 616.0]
[112.0, 32.0, 892.0, 617.0]
[48.0, 64.0, 829.0, 650.0]
[240.0, 80.0, 1022.0, 666.0]
[128.0, 48.0, 911.0, 635.0]
[128.0, 48.0, 912.0, 636.0]
[112.0, 48.0, 897.0, 637.0]
[208.0, 0.0, 994.0, 590.0]
[48.0, 32.0, 835.0, 622.0]
[176.0, 0.0, 964.0, 591.0]
[160.0, 16.0, 949.0, 608.0]
[192.0, 32.0, 982.0, 624.0]
[176.0, 32.0, 967.0, 625.0]
[160.0, 16.0, 952.0, 610.0]
[208.0, 16.0, 1001.0, 611.0]
[160.0, 48.0, 954.0, 644.0]
[128.0, 80.0, 923.0, 676.0]
[80.0, 32.0, 876.0, 629.0]
[64.0, 0.0, 861.0, 598.0]
[48.0, 64.0, 846.0, 662.0]
[112.0, 32.0, 911.0, 631.0]
[128.0, 32.0, 928.0, 632.0]
[48.0, 48.0, 849.0, 649.0]
[192.0, 48.0, 994.0, 650.0]
[96.0, 48.0, 899.0, 650.0]
[48.0, 48.0, 852.0, 651.0]
[80.0, 32.0, 885.0, 636.0]
[64.0, 0.0, 870.0, 604.0]
[96.0, 48.0, 903.0, 653.0]
[64.0, 0.0, 872.0, 606.0]
[96.0, 48.0, 905.0, 655.0]
[112.0, 0.0, 922.0, 608.0]
[192.0, 32.0, 1003.0, 640.0]
[96.0, 48.0, 908.0, 657.0]
[112.0, 16.0, 925.0, 626.0]
[32.0, 16.0, 846.0, 626.0]
[192.0, 32.0, 1007.0, 643.0]
[176.0, 16.0, 992.0, 628.0]
[144.0, 16.0, 961.0, 629.0]
[128.0, 48.0, 946.0, 662.0]
[64.0, 48.0, 883.0, 662.0]
[192.0, 16.0, 1012.0, 631.0]
[192.0, 32.0, 1013.0, 648.0]
[32.0, 16.0, 854.0, 632.0]
[192.0, 16.0, 1015.0, 633.0]
[48.0, 0.0, 872.0, 618.0]
[192.0, 48.0, 1017.0, 667.0]
[144.0, 0.0, 970.0, 620.0]
[32.0, 16.0, 859.0, 636.0]
[96.0, 48.0, 924.0, 669.0]
[32.0, 0.0, 861.0, 622.0]
[64.0, 16.0, 894.0, 638.0]
[96.0, 0.0, 927.0, 623.0]
[160.0, 48.0, 992.0, 672.0]
[48.0, 48.0, 881.0, 673.0]
[32.0, 16.0, 866.0, 642.0]
[80.0, 32.0, 915.0, 658.0]
[0.0, 16.0, 836.0, 643.0]
[64.0, 48.0, 901.0, 676.0]
[96.0, 48.0, 934.0, 676.0]
[32.0, 32.0, 871.0, 661.0]
[64.0, 0.0, 904.0, 630.0]
[144.0, 0.0, 985.0, 631.0]
[128.0, 0.0, 970.0, 632.0]
[80.0, 32.0, 923.0, 664.0]
[128.0, 32.0, 972.0, 665.0]
[64.0, 0.0, 909.0, 634.0]
[112.0, 0.0, 958.0, 634.0]
[80.0, 16.0, 927.0, 651.0]
[32.0, 32.0, 880.0, 668.0]
[32.0, 32.0, 881.0, 669.0]
[64.0, 16.0, 914.0, 654.0]
[128.0, 16.0, 979.0, 654.0]
[48.0, 16.0, 900.0, 655.0]
[144.0, 32.0, 997.0, 672.0]
[144.0, 0.0, 998.0, 640.0]
[144.0, 0.0, 999.0, 641.0]
[48.0, 16.0, 904.0, 658.0]
[128.0, 16.0, 985.0, 659.0]
[32.0, 32.0, 890.0, 676.0]
[16.0, 0.0, 875.0, 644.0]
[96.0, 0.0, 956.0, 645.0]
[144.0, 0.0, 1005.0, 646.0]
[0.0, 32.0, 862.0, 678.0]
[144.0, 32.0, 1007.0, 679.0]
[32.0, 16.0, 896.0, 664.0]
[32.0, 0.0, 897.0, 649.0]
[80.0, 16.0, 946.0, 666.0]
[80.0, 16.0, 947.0, 666.0]
[0.0, 16.0, 868.0, 667.0]
[64.0, 0.0, 933.0, 652.0]
[112.0, 0.0, 982.0, 652.0]
[48.0, 16.0, 919.0, 669.0]
[96.0, 16.0, 968.0, 670.0]
[64.0, 0.0, 937.0, 655.0]
[144.0, 16.0, 1018.0, 672.0]
[32.0, 16.0, 907.0, 672.0]
[0.0, 16.0, 876.0, 673.0]
[80.0, 0.0, 957.0, 658.0]
[96.0, 16.0, 974.0, 674.0]
[64.0, 0.0, 943.0, 659.0]
[16.0, 16.0, 896.0, 676.0]
[96.0, 16.0, 977.0, 677.0]
[64.0, 0.0, 946.0, 662.0]
[48.0, 0.0, 931.0, 662.0]
[16.0, 16.0, 900.0, 679.0]
[0.0, 0.0, 885.0, 664.0]
[0.0, 0.0, 886.0, 664.0]
[96.0, 0.0, 983.0, 665.0]
[80.0, 0.0, 968.0, 666.0]
[96.0, 0.0, 985.0, 667.0]
[112.0, 0.0, 1002.0, 668.0]
[16.0, 0.0, 907.0, 668.0]
[32.0, 0.0, 924.0, 669.0]
[16.0, 0.0, 909.0, 670.0]
[32.0, 0.0, 926.0, 670.0]
[48.0, 0.0, 943.0, 671.0]
[0.0, 0.0, 896.0, 672.0]
[64.0, 0.0, 961.0, 673.0]
[112.0, 0.0, 1010.0, 674.0]
[112.0, 0.0, 1011.0, 674.0]
[64.0, 0.0, 964.0, 675.0]
[64.0, 0.0, 965.0, 676.0]
[32.0, 0.0, 934.0, 676.0]
[112.0, 0.0, 1015.0, 677.0]
[32.0, 0.0, 936.0, 678.0]
[0.0, 0.0, 905.0, 679.0]
