[192.0, 64.0, 909.0, 602.0]
[208.0, 32.0, 926.0, 570.0]
[192.0, 64.0, 911.0, 603.0]
[32.0, 48.0, 752.0, 588.0]
[112.0, 32.0, 833.0, 573.0]
[48.0, 64.0, 770.0, 606.0]
[144.0, 32.0, 867.0, 574.0]
[48.0, 16.0, 772.0, 559.0]
[176.0, 16.0, 901.0, 560.0]
[192.0, 32.0, 918.0, 576.0]
[128.0, 48.0, 855.0, 593.0]
[48.0, 64.0, 776.0, 610.0]
[192.0, 48.0, 921.0, 595.0]
[208.0, 32.0, 938.0, 580.0]
[32.0, 32.0, 763.0, 580.0]
[192.0, 64.0, 924.0, 613.0]
[192.0, 64.0, 925.0, 614.0]
[176.0, 64.0, 910.0, 614.0]
[96.0, 16.0, 831.0, 567.0]
[128.0, 16.0, 864.0, 568.0]
[32.0, 32.0, 769.0, 585.0]
[144.0, 32.0, 882.0, 586.0]
[160.0, 16.0, 899.0, 570.0]
[128.0, 16.0, 868.0, 571.0]
[128.0, 0.0, 869.0, 556.0]
[32.0, 16.0, 774.0, 572.0]
[96.0, 0.0, 839.0, 557.0]
[64.0, 0.0, 808.0, 558.0]
[224.0, 16.0, 969.0, 575.0]
[144.0, 48.0, 890.0, 608.0]
[240.0, 64.0, 987.0, 624.0]
[112.0, 16.0, 860.0, 577.0]
[144.0, 32.0, 893.0, 594.0]
[192.0, 32.0, 942.0, 594.0]
[176.0, 0.0, 927.0, 563.0]
[112.0, 32.0, 864.0, 596.0]
[32.0, 64.0, 785.0, 629.0]
[48.0, 48.0, 802.0, 614.0]
[144.0, 64.0, 899.0, 630.0]
[160.0, 64.0, 916.0, 631.0]
[224.0, 16.0, 981.0, 584.0]
[112.0, 48.0, 870.0, 616.0]
[64.0, 48.0, 823.0, 617.0]
[192.0, 0.0, 952.0, 570.0]
[96.0, 32.0, 857.0, 603.0]
[240.0, 48.0, 1002.0, 620.0]
[240.0, 0.0, 1003.0, 572.0]
[144.0, 64.0, 908.0, 637.0]
[128.0, 64.0, 893.0, 638.0]
[112.0, 0.0, 878.0, 574.0]
[240.0, 0.0, 1007.0, 575.0]
[144.0, 0.0, 912.0, 576.0]
[112.0, 32.0, 881.0, 609.0]
[224.0, 16.0, 994.0, 594.0]
[16.0, 0.0, 787.0, 578.0]
[128.0, 0.0, 900.0, 579.0]
[0.0, 32.0, 773.0, 612.0]
[160.0, 32.0, 934.0, 612.0]
[32.0, 16.0, 807.0, 597.0]
[16.0, 48.0, 792.0, 630.0]
[32.0, 0.0, 809.0, 583.0]
[64.0, 64.0, 842.0, 648.0]
[80.0, 0.0, 859.0, 584.0]
[48.0, 16.0, 828.0, 601.0]
[0.0, 32.0, 781.0, 618.0]
[240.0, 32.0, 1022.0, 618.0]
[192.0, 32.0, 975.0, 619.0]
[96.0, 32.0, 880.0, 620.0]
[160.0, 64.0, 945.0, 653.0]
[80.0, 16.0, 866.0, 606.0]
[128.0, 64.0, 915.0, 654.0]
[208.0, 16.0, 996.0, 607.0]
[144.0, 32.0, 933.0, 624.0]
[224.0, 0.0, 1014.0, 592.0]
[112.0, 32.0, 903.0, 625.0]
[144.0, 64.0, 936.0, 658.0]
[48.0, 16.0, 841.0, 611.0]
[112.0, 48.0, 906.0, 644.0]
[64.0, 0.0, 859.0, 596.0]
[224.0, 0.0, 1020.0, 597.0]
[96.0, 0.0, 893.0, 598.0]
[64.0, 48.0, 862.0, 646.0]
[144.0, 64.0, 943.0, 663.0]
[96.0, 0.0, 896.0, 600.0]
[176.0, 64.0, 977.0, 665.0]
[96.0, 32.0, 898.0, 634.0]
[176.0, 32.0, 979.0, 634.0]
[144.0, 32.0, 948.0, 635.0]
[112.0, 48.0, 917.0, 652.0]
[112.0, 16.0, 918.0, 620.0]
[144.0, 16.0, 951.0, 621.0]
[64.0, 64.0, 872.0, 670.0]
[0.0, 16.0, 809.0, 623.0]
[48.0, 0.0, 858.0, 608.0]
[128.0, 16.0, 939.0, 624.0]
[64.0, 0.0, 876.0, 609.0]
[0.0, 32.0, 813.0, 642.0]
[32.0, 32.0, 846.0, 642.0]
[192.0, 16.0, 1007.0, 627.0]
[96.0, 48.0, 912.0, 660.0]
[176.0, 64.0, 993.0, 677.0]
[192.0, 0.0, 1010.0, 614.0]
[80.0, 48.0, 899.0, 662.0]
[176.0, 16.0, 996.0, 631.0]
[128.0, 64.0, 949.0, 680.0]
[176.0, 48.0, 998.0, 664.0]
[32.0, 16.0, 855.0, 633.0]
[112.0, 16.0, 936.0, 634.0]
[64.0, 0.0, 889.0, 619.0]
[0.0, 0.0, 826.0, 620.0]
[16.0, 16.0, 843.0, 636.0]
[32.0, 16.0, 860.0, 637.0]
[80.0, 48.0, 909.0, 670.0]
[64.0, 48.0, 894.0, 670.0]
[64.0, 32.0, 895.0, 655.0]
[112.0, 0.0, 944.0, 624.0]
[96.0, 48.0, 929.0, 673.0]
[48.0, 32.0, 882.0, 658.0]
[48.0, 16.0, 883.0, 642.0]
[48.0, 48.0, 884.0, 675.0]
[48.0, 32.0, 885.0, 660.0]
[128.0, 48.0, 966.0, 676.0]
[64.0, 16.0, 903.0, 645.0]
[48.0, 0.0, 888.0, 630.0]
[80.0, 48.0, 921.0, 679.0]
[176.0, 0.0, 1018.0, 632.0]
[16.0, 48.0, 859.0, 680.0]
[128.0, 16.0, 972.0, 649.0]
[128.0, 0.0, 973.0, 634.0]
[96.0, 0.0, 942.0, 634.0]
[112.0, 32.0, 959.0, 667.0]
[112.0, 0.0, 960.0, 636.0]
[96.0, 32.0, 945.0, 669.0]
[16.0, 0.0, 866.0, 638.0]
[112.0, 16.0, 963.0, 654.0]
[96.0, 0.0, 948.0, 639.0]
[32.0, 32.0, 885.0, 672.0]
[128.0, 16.0, 982.0, 656.0]
[64.0, 0.0, 919.0, 641.0]
[48.0, 16.0, 904.0, 658.0]
[32.0, 32.0, 889.0, 675.0]
[112.0, 32.0, 970.0, 676.0]
[80.0, 16.0, 939.0, 660.0]
[160.0, 16.0, 1020.0, 661.0]
[128.0, 16.0, 989.0, 662.0]
[0.0, 32.0, 862.0, 678.0]
[80.0, 16.0, 943.0, 663.0]
[112.0, 0.0, 976.0, 648.0]
[80.0, 0.0, 945.0, 649.0]
[32.0, 16.0, 898.0, 666.0]
[144.0, 16.0, 1011.0, 666.0]
[64.0, 0.0, 932.0, 651.0]
[64.0, 0.0, 933.0, 652.0]
[128.0, 16.0, 998.0, 668.0]
[80.0, 0.0, 951.0, 653.0]
[96.0, 0.0, 968.0, 654.0]
[96.0, 16.0, 969.0, 671.0]
[32.0, 16.0, 906.0, 672.0]
[0.0, 16.0, 875.0, 672.0]
[0.0, 0.0, 876.0, 657.0]
[144.0, 0.0, 1021.0, 658.0]
[16.0, 0.0, 894.0, 658.0]
[48.0, 0.0, 927.0, 659.0]
[144.0, 16.0, 1024.0, 676.0]
[128.0, 0.0, 1009.0, 661.0]
[128.0, 16.0, 1010.0, 678.0]
[112.0, 16.0, 995.0, 678.0]
[32.0, 16.0, 916.0, 679.0]
[112.0, 16.0, 997.0, 680.0]
[112.0, 0.0, 998.0, 664.0]
[112.0, 0.0, 999.0, 665.0]
[80.0, 0.0, 968.0, 666.0]
[0.0, 0.0, 889.0, 667.0]
[128.0, 0.0, 1018.0, 668.0]
[48.0, 0.0, 939.0, 668.0]
[96.0, 0.0, 988.0, 669.0]
[96.0, 0.0, 989.0, 670.0]
[64.0, 0.0, 958.0, 670.0]
[48.0, 0.0, 943.0, 671.0]
[128.0, 0.0, 1024.0, 672.0]
[80.0, 0.0, 977.0, 673.0]
[0.0, 0.0, 898.0, 674.0]
[96.0, 0.0, 995.0, 674.0]
[64.0, 0.0, 964.0, 675.0]
[16.0, 0.0, 917.0, 676.0]
[48.0, 0.0, 950.0, 676.0]
[64.0, 0.0, 967.0, 677.0]
[64.0, 0.0, 968.0, 678.0]
[64.0, 0.0, 969.0, 679.0]
[32.0, 0.0, 938.0, 680.0]
[0.0, 0.0, 907.0, 680.0]
[80.0, 0.0, 988.0, 681.0]
