[176.0, 48.0, 893.0, 586.0]
[208.0, 32.0, 926.0, 570.0]
[32.0, 16.0, 751.0, 555.0]
[144.0, 0.0, 864.0, 540.0]
[80.0, 80.0, 801.0, 621.0]
[144.0, 32.0, 866.0, 574.0]
[160.0, 32.0, 883.0, 574.0]
[160.0, 0.0, 884.0, 543.0]
[64.0, 48.0, 789.0, 592.0]
[96.0, 32.0, 822.0, 576.0]
[208.0, 32.0, 935.0, 577.0]
[208.0, 0.0, 936.0, 546.0]
[48.0, 80.0, 777.0, 627.0]
[16.0, 48.0, 746.0, 596.0]
[176.0, 32.0, 907.0, 580.0]
[192.0, 64.0, 924.0, 613.0]
[0.0, 32.0, 733.0, 582.0]
[176.0, 0.0, 910.0, 550.0]
[112.0, 32.0, 847.0, 583.0]
[16.0, 32.0, 752.0, 584.0]
[128.0, 64.0, 865.0, 617.0]
[192.0, 48.0, 930.0, 602.0]
[112.0, 64.0, 851.0, 618.0]
[176.0, 48.0, 916.0, 603.0]
[224.0, 16.0, 965.0, 572.0]
[192.0, 48.0, 934.0, 604.0]
[80.0, 32.0, 823.0, 589.0]
[64.0, 80.0, 808.0, 638.0]
[16.0, 32.0, 761.0, 591.0]
[32.0, 48.0, 778.0, 608.0]
[32.0, 48.0, 779.0, 608.0]
[64.0, 80.0, 812.0, 641.0]
[144.0, 32.0, 893.0, 594.0]
[64.0, 0.0, 814.0, 562.0]
[224.0, 16.0, 975.0, 579.0]
[64.0, 0.0, 816.0, 564.0]
[48.0, 32.0, 801.0, 597.0]
[96.0, 32.0, 850.0, 598.0]
[208.0, 16.0, 963.0, 582.0]
[48.0, 32.0, 804.0, 599.0]
[32.0, 0.0, 789.0, 568.0]
[0.0, 32.0, 758.0, 600.0]
[176.0, 16.0, 935.0, 585.0]
[112.0, 48.0, 872.0, 618.0]
[144.0, 80.0, 905.0, 651.0]
[64.0, 16.0, 826.0, 588.0]
[96.0, 32.0, 859.0, 604.0]
[64.0, 48.0, 828.0, 621.0]
[80.0, 80.0, 845.0, 654.0]
[80.0, 48.0, 846.0, 622.0]
[144.0, 48.0, 911.0, 623.0]
[112.0, 0.0, 880.0, 576.0]
[112.0, 0.0, 881.0, 577.0]
[96.0, 16.0, 866.0, 594.0]
[160.0, 0.0, 931.0, 578.0]
[160.0, 16.0, 932.0, 595.0]
[16.0, 48.0, 789.0, 628.0]
[112.0, 0.0, 886.0, 580.0]
[64.0, 64.0, 839.0, 645.0]
[48.0, 64.0, 824.0, 646.0]
[80.0, 0.0, 857.0, 583.0]
[0.0, 48.0, 778.0, 632.0]
[112.0, 16.0, 891.0, 600.0]
[96.0, 48.0, 876.0, 633.0]
[32.0, 16.0, 813.0, 602.0]
[160.0, 16.0, 942.0, 602.0]
[128.0, 16.0, 911.0, 603.0]
[64.0, 0.0, 848.0, 588.0]
[16.0, 0.0, 801.0, 589.0]
[96.0, 64.0, 882.0, 654.0]
[16.0, 32.0, 803.0, 622.0]
[144.0, 32.0, 932.0, 623.0]
[80.0, 32.0, 869.0, 624.0]
[96.0, 0.0, 886.0, 592.0]
[160.0, 32.0, 951.0, 625.0]
[144.0, 32.0, 936.0, 626.0]
[176.0, 16.0, 969.0, 611.0]
[0.0, 16.0, 794.0, 612.0]
[160.0, 0.0, 955.0, 596.0]
[80.0, 32.0, 876.0, 629.0]
[112.0, 16.0, 909.0, 614.0]
[96.0, 16.0, 894.0, 614.0]
[16.0, 32.0, 815.0, 631.0]
[144.0, 48.0, 944.0, 648.0]
[16.0, 0.0, 817.0, 601.0]
[128.0, 48.0, 930.0, 650.0]
[64.0, 48.0, 867.0, 650.0]
[48.0, 48.0, 852.0, 651.0]
[48.0, 32.0, 853.0, 636.0]
[16.0, 48.0, 822.0, 652.0]
[96.0, 48.0, 903.0, 653.0]
[64.0, 0.0, 872.0, 606.0]
[112.0, 48.0, 921.0, 655.0]
[96.0, 48.0, 906.0, 656.0]
[0.0, 48.0, 811.0, 656.0]
[112.0, 32.0, 924.0, 641.0]
[32.0, 32.0, 845.0, 642.0]
[128.0, 48.0, 942.0, 658.0]
[96.0, 16.0, 911.0, 627.0]
[32.0, 0.0, 848.0, 612.0]
[16.0, 16.0, 833.0, 629.0]
[128.0, 16.0, 946.0, 630.0]
[144.0, 16.0, 963.0, 630.0]
[128.0, 16.0, 948.0, 631.0]
[96.0, 0.0, 917.0, 616.0]
[32.0, 0.0, 854.0, 616.0]
[64.0, 0.0, 887.0, 617.0]
[64.0, 32.0, 888.0, 650.0]
[128.0, 32.0, 953.0, 651.0]
[48.0, 16.0, 874.0, 636.0]
[112.0, 0.0, 939.0, 620.0]
[96.0, 16.0, 924.0, 637.0]
[80.0, 32.0, 909.0, 654.0]
[144.0, 16.0, 974.0, 638.0]
[64.0, 0.0, 895.0, 623.0]
[48.0, 32.0, 880.0, 656.0]
[112.0, 0.0, 945.0, 625.0]
[32.0, 16.0, 866.0, 642.0]
[64.0, 16.0, 899.0, 642.0]
[144.0, 16.0, 980.0, 643.0]
[80.0, 0.0, 917.0, 628.0]
[32.0, 16.0, 870.0, 644.0]
[144.0, 0.0, 983.0, 629.0]
[0.0, 16.0, 840.0, 646.0]
[32.0, 0.0, 873.0, 631.0]
[112.0, 0.0, 954.0, 632.0]
[32.0, 16.0, 875.0, 648.0]
[64.0, 0.0, 908.0, 633.0]
[128.0, 0.0, 973.0, 634.0]
[112.0, 0.0, 958.0, 634.0]
[32.0, 0.0, 879.0, 635.0]
[0.0, 0.0, 848.0, 636.0]
[112.0, 16.0, 961.0, 653.0]
[112.0, 16.0, 962.0, 654.0]
[48.0, 16.0, 899.0, 654.0]
[96.0, 16.0, 948.0, 655.0]
[128.0, 0.0, 981.0, 640.0]
[80.0, 0.0, 934.0, 640.0]
[80.0, 16.0, 935.0, 657.0]
[16.0, 0.0, 872.0, 642.0]
[112.0, 0.0, 969.0, 643.0]
[80.0, 0.0, 938.0, 644.0]
[64.0, 0.0, 923.0, 644.0]
[80.0, 0.0, 940.0, 645.0]
[112.0, 0.0, 973.0, 646.0]
[0.0, 0.0, 862.0, 646.0]
[0.0, 0.0, 863.0, 647.0]
[80.0, 0.0, 944.0, 648.0]
[96.0, 0.0, 961.0, 649.0]
[96.0, 0.0, 962.0, 650.0]
[16.0, 0.0, 883.0, 650.0]
[112.0, 0.0, 980.0, 651.0]
[96.0, 0.0, 965.0, 652.0]
[64.0, 0.0, 934.0, 652.0]
[64.0, 0.0, 935.0, 653.0]
[80.0, 0.0, 952.0, 654.0]
[32.0, 0.0, 905.0, 655.0]
[32.0, 0.0, 906.0, 656.0]
[96.0, 0.0, 971.0, 656.0]
[64.0, 0.0, 940.0, 657.0]
[32.0, 0.0, 909.0, 658.0]
[80.0, 0.0, 958.0, 658.0]
[64.0, 0.0, 943.0, 659.0]
