[64.0, 208.0, 621.0, 951.0]
[48.0, 160.0, 606.0, 904.0]
[80.0, 224.0, 639.0, 969.0]
[32.0, 128.0, 592.0, 874.0]
[80.0, 160.0, 640.0, 907.0]
[128.0, 144.0, 689.0, 892.0]
[144.0, 224.0, 706.0, 973.0]
[64.0, 208.0, 626.0, 958.0]
[128.0, 144.0, 691.0, 895.0]
[128.0, 160.0, 692.0, 912.0]
[64.0, 128.0, 629.0, 881.0]
[160.0, 192.0, 726.0, 946.0]
[112.0, 144.0, 678.0, 899.0]
[32.0, 160.0, 599.0, 916.0]
[48.0, 224.0, 616.0, 981.0]
[144.0, 240.0, 712.0, 998.0]
[112.0, 224.0, 681.0, 983.0]
[96.0, 176.0, 666.0, 936.0]
[32.0, 144.0, 603.0, 905.0]
[48.0, 192.0, 620.0, 954.0]
[48.0, 224.0, 620.0, 987.0]
[144.0, 112.0, 717.0, 876.0]
[144.0, 160.0, 718.0, 925.0]
[48.0, 192.0, 622.0, 958.0]
[64.0, 224.0, 639.0, 991.0]
[32.0, 224.0, 608.0, 992.0]
[64.0, 176.0, 641.0, 945.0]
[112.0, 224.0, 690.0, 994.0]
[80.0, 128.0, 658.0, 899.0]
[160.0, 128.0, 739.0, 900.0]
[144.0, 192.0, 724.0, 965.0]
[80.0, 176.0, 660.0, 950.0]
[144.0, 144.0, 725.0, 919.0]
[16.0, 208.0, 598.0, 984.0]
[80.0, 224.0, 663.0, 1001.0]
[128.0, 208.0, 712.0, 986.0]
[64.0, 224.0, 648.0, 1003.0]
[16.0, 176.0, 601.0, 956.0]
[112.0, 192.0, 698.0, 973.0]
[64.0, 176.0, 650.0, 958.0]
[144.0, 112.0, 731.0, 895.0]
[112.0, 176.0, 700.0, 960.0]
[48.0, 80.0, 637.0, 865.0]
[32.0, 80.0, 622.0, 866.0]
[80.0, 144.0, 670.0, 931.0]
[80.0, 80.0, 671.0, 868.0]
[16.0, 96.0, 608.0, 885.0]
[16.0, 224.0, 608.0, 1014.0]
[16.0, 176.0, 609.0, 967.0]
[0.0, 176.0, 594.0, 968.0]
[144.0, 112.0, 739.0, 905.0]
[48.0, 128.0, 644.0, 922.0]
[96.0, 208.0, 692.0, 1003.0]
[128.0, 128.0, 725.0, 924.0]
[144.0, 160.0, 742.0, 957.0]
[0.0, 112.0, 598.0, 910.0]
[112.0, 208.0, 711.0, 1007.0]
[96.0, 80.0, 696.0, 880.0]
[16.0, 192.0, 617.0, 993.0]
[48.0, 80.0, 650.0, 882.0]
[48.0, 80.0, 650.0, 883.0]
[64.0, 128.0, 667.0, 932.0]
[112.0, 144.0, 716.0, 949.0]
[144.0, 160.0, 748.0, 966.0]
[128.0, 160.0, 733.0, 967.0]
[144.0, 112.0, 750.0, 920.0]
[112.0, 144.0, 719.0, 953.0]
[112.0, 144.0, 720.0, 954.0]
[80.0, 96.0, 688.0, 907.0]
[64.0, 192.0, 673.0, 1004.0]
[112.0, 160.0, 722.0, 973.0]
[144.0, 128.0, 754.0, 942.0]
[64.0, 80.0, 675.0, 895.0]
[128.0, 192.0, 740.0, 1008.0]
[96.0, 128.0, 709.0, 945.0]
[112.0, 96.0, 726.0, 914.0]
[80.0, 112.0, 694.0, 931.0]
[96.0, 128.0, 711.0, 948.0]
[32.0, 160.0, 648.0, 981.0]
[48.0, 96.0, 664.0, 918.0]
[96.0, 144.0, 713.0, 967.0]
[16.0, 128.0, 634.0, 952.0]
[48.0, 176.0, 667.0, 1001.0]
[128.0, 128.0, 748.0, 954.0]
[48.0, 160.0, 668.0, 987.0]
[80.0, 192.0, 701.0, 1020.0]
[16.0, 96.0, 638.0, 925.0]
[64.0, 96.0, 686.0, 926.0]
[80.0, 64.0, 703.0, 895.0]
[96.0, 144.0, 720.0, 976.0]
[80.0, 160.0, 705.0, 993.0]
[32.0, 80.0, 658.0, 914.0]
[64.0, 144.0, 690.0, 979.0]
[0.0, 144.0, 627.0, 980.0]
[112.0, 112.0, 740.0, 949.0]
[64.0, 144.0, 692.0, 982.0]
[64.0, 80.0, 693.0, 919.0]
[0.0, 80.0, 630.0, 920.0]
[64.0, 64.0, 695.0, 905.0]
[48.0, 80.0, 680.0, 922.0]
[80.0, 144.0, 712.0, 987.0]
[16.0, 96.0, 649.0, 940.0]
[96.0, 176.0, 730.0, 1021.0]
[48.0, 32.0, 682.0, 878.0]
[64.0, 144.0, 699.0, 991.0]
[32.0, 176.0, 668.0, 1024.0]
[80.0, 144.0, 717.0, 993.0]
[0.0, 96.0, 638.0, 946.0]
[48.0, 128.0, 686.0, 979.0]
[0.0, 48.0, 639.0, 900.0]
[0.0, 96.0, 640.0, 949.0]
[80.0, 128.0, 720.0, 982.0]
[80.0, 16.0, 721.0, 871.0]
[112.0, 96.0, 754.0, 952.0]
[64.0, 96.0, 707.0, 953.0]
[0.0, 144.0, 644.0, 1002.0]
[32.0, 16.0, 676.0, 875.0]
[96.0, 64.0, 741.0, 924.0]
[48.0, 32.0, 694.0, 893.0]
[32.0, 32.0, 678.0, 894.0]
[16.0, 16.0, 663.0, 879.0]
[80.0, 112.0, 728.0, 976.0]
[0.0, 64.0, 649.0, 929.0]
[64.0, 144.0, 714.0, 1010.0]
[0.0, 80.0, 650.0, 947.0]
[16.0, 144.0, 667.0, 1012.0]
[32.0, 112.0, 684.0, 981.0]
[80.0, 0.0, 732.0, 870.0]
[32.0, 0.0, 685.0, 871.0]
[80.0, 80.0, 734.0, 952.0]
[96.0, 80.0, 751.0, 953.0]
[96.0, 64.0, 752.0, 938.0]
[32.0, 128.0, 688.0, 1003.0]
[16.0, 144.0, 673.0, 1020.0]
[16.0, 80.0, 674.0, 957.0]
[64.0, 32.0, 722.0, 910.0]
[80.0, 128.0, 739.0, 1007.0]
[48.0, 144.0, 708.0, 1024.0]
[64.0, 32.0, 725.0, 913.0]
[16.0, 32.0, 678.0, 914.0]
[48.0, 96.0, 710.0, 979.0]
[64.0, 96.0, 727.0, 980.0]
[64.0, 80.0, 728.0, 965.0]
[64.0, 128.0, 728.0, 1014.0]
[32.0, 128.0, 697.0, 1015.0]
[64.0, 16.0, 730.0, 904.0]
[32.0, 64.0, 699.0, 953.0]
[16.0, 48.0, 684.0, 938.0]
[48.0, 128.0, 716.0, 1019.0]
[32.0, 64.0, 701.0, 956.0]
[64.0, 48.0, 734.0, 941.0]
[64.0, 80.0, 734.0, 974.0]
[32.0, 16.0, 703.0, 911.0]
[64.0, 48.0, 736.0, 944.0]
[16.0, 80.0, 689.0, 977.0]
[64.0, 32.0, 738.0, 930.0]
[0.0, 64.0, 674.0, 963.0]
[0.0, 96.0, 675.0, 996.0]
[48.0, 112.0, 724.0, 1013.0]
[0.0, 80.0, 676.0, 982.0]
[64.0, 80.0, 741.0, 983.0]
[32.0, 32.0, 710.0, 936.0]
[64.0, 0.0, 743.0, 905.0]
[32.0, 96.0, 712.0, 1002.0]
[64.0, 112.0, 744.0, 1019.0]
[64.0, 112.0, 745.0, 1020.0]
[32.0, 64.0, 714.0, 973.0]
[32.0, 64.0, 714.0, 974.0]
[32.0, 112.0, 715.0, 1023.0]
[32.0, 64.0, 716.0, 976.0]
[0.0, 96.0, 685.0, 1009.0]
[64.0, 0.0, 750.0, 914.0]
[16.0, 16.0, 702.0, 931.0]
[16.0, 64.0, 703.0, 980.0]
[16.0, 48.0, 704.0, 965.0]
[32.0, 64.0, 720.0, 982.0]
[64.0, 80.0, 753.0, 999.0]
[0.0, 48.0, 690.0, 968.0]
[16.0, 80.0, 707.0, 1001.0]
[32.0, 48.0, 724.0, 970.0]
[16.0, 32.0, 708.0, 955.0]
[48.0, 96.0, 741.0, 1020.0]
[32.0, 96.0, 726.0, 1021.0]
[32.0, 80.0, 726.0, 1006.0]
[0.0, 64.0, 695.0, 991.0]
[32.0, 80.0, 728.0, 1008.0]
[16.0, 16.0, 713.0, 945.0]
[48.0, 0.0, 746.0, 930.0]
[0.0, 16.0, 698.0, 947.0]
[48.0, 80.0, 747.0, 1012.0]
[16.0, 80.0, 716.0, 1013.0]
[16.0, 64.0, 716.0, 998.0]
[48.0, 0.0, 749.0, 935.0]
[48.0, 48.0, 750.0, 984.0]
[48.0, 80.0, 751.0, 1017.0]
[32.0, 80.0, 736.0, 1018.0]
[0.0, 80.0, 704.0, 1019.0]
[16.0, 64.0, 721.0, 1004.0]
[0.0, 32.0, 706.0, 973.0]
[16.0, 48.0, 722.0, 990.0]
[48.0, 0.0, 755.0, 943.0]
[32.0, 16.0, 740.0, 960.0]
[0.0, 16.0, 709.0, 961.0]
[32.0, 64.0, 742.0, 1010.0]
[0.0, 64.0, 710.0, 1011.0]
[0.0, 48.0, 711.0, 996.0]
[32.0, 32.0, 744.0, 981.0]
[16.0, 64.0, 728.0, 1014.0]
[0.0, 16.0, 713.0, 967.0]
[32.0, 48.0, 746.0, 1000.0]
[0.0, 64.0, 715.0, 1017.0]
[16.0, 48.0, 732.0, 1002.0]
[0.0, 16.0, 716.0, 971.0]
[0.0, 0.0, 717.0, 956.0]
[16.0, 32.0, 734.0, 989.0]
[16.0, 32.0, 734.0, 990.0]
[16.0, 48.0, 735.0, 1007.0]
[0.0, 0.0, 720.0, 960.0]
[32.0, 48.0, 753.0, 1009.0]
[32.0, 16.0, 754.0, 978.0]
[32.0, 32.0, 754.0, 995.0]
[32.0, 16.0, 755.0, 980.0]
[0.0, 16.0, 724.0, 981.0]
[0.0, 0.0, 724.0, 966.0]
[16.0, 32.0, 741.0, 999.0]
[0.0, 16.0, 726.0, 984.0]
[0.0, 0.0, 727.0, 969.0]
[16.0, 48.0, 744.0, 1018.0]
[0.0, 32.0, 728.0, 1003.0]
[0.0, 48.0, 729.0, 1020.0]
[0.0, 16.0, 730.0, 989.0]
[0.0, 32.0, 730.0, 1006.0]
[0.0, 32.0, 731.0, 1007.0]
[0.0, 32.0, 732.0, 1008.0]
[0.0, 16.0, 733.0, 993.0]
[16.0, 0.0, 750.0, 978.0]
[16.0, 0.0, 750.0, 979.0]
[0.0, 32.0, 735.0, 1012.0]
[0.0, 0.0, 736.0, 981.0]
[16.0, 16.0, 752.0, 998.0]
[0.0, 0.0, 737.0, 983.0]
[16.0, 32.0, 754.0, 1016.0]
[16.0, 16.0, 755.0, 1001.0]
[0.0, 32.0, 740.0, 1018.0]
[0.0, 32.0, 740.0, 1019.0]
[0.0, 0.0, 741.0, 988.0]
[0.0, 0.0, 742.0, 989.0]
[0.0, 0.0, 742.0, 990.0]
[0.0, 32.0, 743.0, 1023.0]
[0.0, 16.0, 744.0, 1008.0]
[0.0, 16.0, 745.0, 1009.0]
[0.0, 0.0, 746.0, 994.0]
[0.0, 16.0, 746.0, 1011.0]
[0.0, 0.0, 747.0, 996.0]
[0.0, 0.0, 748.0, 997.0]
[0.0, 0.0, 748.0, 998.0]
[0.0, 0.0, 749.0, 999.0]
[0.0, 0.0, 750.0, 1000.0]
[0.0, 0.0, 751.0, 1001.0]
[0.0, 16.0, 752.0, 1018.0]
[0.0, 0.0, 752.0, 1003.0]
[0.0, 16.0, 753.0, 1020.0]
[0.0, 16.0, 754.0, 1021.0]
[0.0, 0.0, 754.0, 1006.0]
[0.0, 16.0, 755.0, 1023.0]
