[208.0, 144.0, 964.0, 711.0]
[128.0, 112.0, 885.0, 680.0]
[160.0, 96.0, 918.0, 664.0]
[128.0, 128.0, 887.0, 697.0]
[144.0, 128.0, 904.0, 698.0]
[144.0, 144.0, 905.0, 715.0]
[128.0, 128.0, 890.0, 700.0]
[112.0, 112.0, 875.0, 684.0]
[224.0, 96.0, 988.0, 669.0]
[176.0, 128.0, 941.0, 702.0]
[48.0, 96.0, 814.0, 670.0]
[160.0, 128.0, 927.0, 703.0]
[176.0, 96.0, 944.0, 672.0]
[64.0, 112.0, 833.0, 689.0]
[160.0, 160.0, 930.0, 738.0]
[224.0, 144.0, 995.0, 722.0]
[192.0, 160.0, 964.0, 739.0]
[80.0, 176.0, 853.0, 756.0]
[208.0, 144.0, 982.0, 724.0]
[128.0, 176.0, 903.0, 757.0]
[224.0, 96.0, 1000.0, 678.0]
[176.0, 176.0, 953.0, 759.0]
[16.0, 160.0, 794.0, 744.0]
[208.0, 112.0, 987.0, 696.0]
[48.0, 128.0, 828.0, 713.0]
[192.0, 80.0, 973.0, 666.0]
[80.0, 176.0, 862.0, 762.0]
[112.0, 176.0, 895.0, 763.0]
[176.0, 112.0, 960.0, 700.0]
[208.0, 160.0, 993.0, 749.0]
[16.0, 128.0, 802.0, 718.0]
[192.0, 80.0, 979.0, 670.0]
[48.0, 144.0, 836.0, 735.0]
[192.0, 176.0, 981.0, 768.0]
[224.0, 160.0, 1014.0, 752.0]
[128.0, 160.0, 919.0, 753.0]
[64.0, 128.0, 856.0, 722.0]
[32.0, 176.0, 825.0, 771.0]
[128.0, 128.0, 922.0, 724.0]
[80.0, 160.0, 875.0, 756.0]
[96.0, 160.0, 892.0, 757.0]
[160.0, 160.0, 957.0, 758.0]
[64.0, 80.0, 862.0, 678.0]
[192.0, 160.0, 991.0, 759.0]
[64.0, 176.0, 864.0, 776.0]
[208.0, 80.0, 1009.0, 681.0]
[64.0, 64.0, 866.0, 666.0]
[144.0, 64.0, 947.0, 666.0]
[112.0, 160.0, 916.0, 763.0]
[128.0, 96.0, 933.0, 700.0]
[176.0, 160.0, 982.0, 764.0]
[96.0, 160.0, 903.0, 765.0]
[0.0, 96.0, 808.0, 702.0]
[48.0, 112.0, 857.0, 719.0]
[192.0, 80.0, 1002.0, 688.0]
[112.0, 96.0, 923.0, 704.0]
[64.0, 112.0, 876.0, 721.0]
[80.0, 96.0, 893.0, 706.0]
[0.0, 144.0, 814.0, 754.0]
[48.0, 160.0, 863.0, 771.0]
[32.0, 128.0, 848.0, 740.0]
[32.0, 112.0, 849.0, 725.0]
[128.0, 96.0, 946.0, 710.0]
[176.0, 144.0, 995.0, 758.0]
[32.0, 96.0, 852.0, 711.0]
[64.0, 96.0, 885.0, 712.0]
[80.0, 144.0, 902.0, 760.0]
[160.0, 96.0, 983.0, 713.0]
[192.0, 128.0, 1016.0, 746.0]
[176.0, 80.0, 1001.0, 699.0]
[112.0, 64.0, 938.0, 684.0]
[0.0, 144.0, 827.0, 764.0]
[80.0, 64.0, 908.0, 685.0]
[128.0, 96.0, 957.0, 718.0]
[64.0, 128.0, 894.0, 750.0]
[160.0, 64.0, 991.0, 687.0]
[160.0, 48.0, 992.0, 672.0]
[144.0, 48.0, 977.0, 673.0]
[80.0, 32.0, 914.0, 658.0]
[96.0, 32.0, 931.0, 658.0]
[64.0, 112.0, 900.0, 739.0]
[16.0, 112.0, 853.0, 740.0]
[48.0, 48.0, 886.0, 676.0]
[112.0, 96.0, 951.0, 725.0]
[176.0, 128.0, 1016.0, 758.0]
[128.0, 128.0, 969.0, 759.0]
[0.0, 80.0, 842.0, 712.0]
[80.0, 128.0, 923.0, 760.0]
[96.0, 32.0, 940.0, 665.0]
[128.0, 48.0, 973.0, 682.0]
[112.0, 80.0, 958.0, 714.0]
[0.0, 80.0, 847.0, 715.0]
[96.0, 144.0, 944.0, 780.0]
[112.0, 128.0, 961.0, 765.0]
[0.0, 128.0, 850.0, 766.0]
[80.0, 96.0, 931.0, 734.0]
[80.0, 80.0, 932.0, 719.0]
[16.0, 112.0, 869.0, 752.0]
[160.0, 64.0, 1014.0, 704.0]
[96.0, 112.0, 951.0, 753.0]
[160.0, 64.0, 1016.0, 706.0]
[16.0, 32.0, 873.0, 675.0]
[48.0, 96.0, 906.0, 740.0]
[80.0, 64.0, 939.0, 708.0]
[64.0, 48.0, 924.0, 693.0]
[48.0, 64.0, 909.0, 710.0]
[16.0, 80.0, 878.0, 726.0]
[160.0, 48.0, 1023.0, 695.0]
[16.0, 112.0, 880.0, 760.0]
[96.0, 64.0, 961.0, 713.0]
[112.0, 48.0, 978.0, 698.0]
[144.0, 128.0, 1011.0, 778.0]
[64.0, 48.0, 932.0, 699.0]
[96.0, 128.0, 965.0, 780.0]
[112.0, 80.0, 982.0, 732.0]
[144.0, 32.0, 1015.0, 685.0]
[144.0, 48.0, 1016.0, 702.0]
[112.0, 32.0, 985.0, 687.0]
[0.0, 32.0, 874.0, 688.0]
[80.0, 16.0, 955.0, 672.0]
[48.0, 96.0, 924.0, 753.0]
[32.0, 48.0, 909.0, 706.0]
[48.0, 112.0, 926.0, 770.0]
[48.0, 48.0, 927.0, 707.0]
[64.0, 112.0, 944.0, 772.0]
[128.0, 64.0, 1009.0, 725.0]
[80.0, 80.0, 962.0, 742.0]
[128.0, 64.0, 1011.0, 726.0]
[96.0, 32.0, 980.0, 695.0]
[80.0, 80.0, 965.0, 744.0]
[128.0, 112.0, 1014.0, 776.0]
[112.0, 48.0, 999.0, 713.0]
[96.0, 48.0, 984.0, 714.0]
[96.0, 64.0, 985.0, 731.0]
[48.0, 64.0, 938.0, 732.0]
[48.0, 112.0, 939.0, 780.0]
[16.0, 96.0, 908.0, 765.0]
[128.0, 96.0, 1021.0, 766.0]
[16.0, 96.0, 910.0, 766.0]
[96.0, 96.0, 991.0, 767.0]
[112.0, 64.0, 1008.0, 736.0]
[0.0, 48.0, 897.0, 721.0]
[64.0, 64.0, 962.0, 738.0]
[96.0, 96.0, 995.0, 770.0]
[48.0, 16.0, 948.0, 691.0]
[0.0, 80.0, 901.0, 756.0]
[64.0, 16.0, 966.0, 692.0]
[80.0, 48.0, 983.0, 725.0]
[80.0, 16.0, 984.0, 694.0]
[64.0, 16.0, 969.0, 695.0]
[32.0, 96.0, 938.0, 776.0]
[16.0, 80.0, 923.0, 760.0]
[112.0, 80.0, 1020.0, 761.0]
[112.0, 16.0, 1021.0, 698.0]
[96.0, 64.0, 1006.0, 746.0]
[16.0, 96.0, 927.0, 779.0]
[80.0, 32.0, 992.0, 716.0]
[96.0, 48.0, 1009.0, 733.0]
[32.0, 16.0, 946.0, 702.0]
[96.0, 0.0, 1011.0, 686.0]
[0.0, 0.0, 916.0, 687.0]
[80.0, 80.0, 997.0, 768.0]
[0.0, 48.0, 918.0, 736.0]
[16.0, 48.0, 935.0, 737.0]
[16.0, 48.0, 936.0, 738.0]
[64.0, 64.0, 985.0, 755.0]
[32.0, 16.0, 954.0, 708.0]
[16.0, 0.0, 939.0, 692.0]
[48.0, 80.0, 972.0, 773.0]
[80.0, 16.0, 1005.0, 710.0]
[48.0, 80.0, 974.0, 774.0]
[16.0, 80.0, 943.0, 775.0]
[0.0, 32.0, 928.0, 728.0]
[64.0, 48.0, 993.0, 745.0]
[80.0, 48.0, 1010.0, 746.0]
[0.0, 0.0, 931.0, 698.0]
[64.0, 64.0, 996.0, 763.0]
[32.0, 80.0, 965.0, 780.0]
[0.0, 32.0, 934.0, 732.0]
[48.0, 16.0, 983.0, 717.0]
[0.0, 32.0, 936.0, 734.0]
[16.0, 0.0, 953.0, 703.0]
[48.0, 48.0, 986.0, 752.0]
[16.0, 0.0, 955.0, 704.0]
[32.0, 48.0, 972.0, 753.0]
[80.0, 0.0, 1021.0, 706.0]
[80.0, 48.0, 1022.0, 754.0]
[48.0, 48.0, 991.0, 755.0]
[48.0, 48.0, 992.0, 756.0]
[64.0, 64.0, 1009.0, 773.0]
[32.0, 0.0, 978.0, 710.0]
[64.0, 16.0, 1011.0, 726.0]
[32.0, 16.0, 980.0, 727.0]
[16.0, 0.0, 965.0, 712.0]
[32.0, 48.0, 982.0, 760.0]
[0.0, 0.0, 951.0, 713.0]
[32.0, 16.0, 984.0, 730.0]
[32.0, 0.0, 985.0, 715.0]
[0.0, 64.0, 954.0, 780.0]
[48.0, 64.0, 1003.0, 780.0]
[16.0, 48.0, 972.0, 765.0]
[48.0, 16.0, 1005.0, 734.0]
[48.0, 32.0, 1006.0, 750.0]
[32.0, 32.0, 991.0, 751.0]
[48.0, 16.0, 1008.0, 736.0]
[16.0, 32.0, 977.0, 753.0]
[32.0, 16.0, 994.0, 738.0]
[48.0, 48.0, 1011.0, 770.0]
[48.0, 0.0, 1012.0, 723.0]
[16.0, 16.0, 981.0, 740.0]
[16.0, 16.0, 982.0, 740.0]
[0.0, 32.0, 967.0, 757.0]
[0.0, 0.0, 968.0, 726.0]
[48.0, 32.0, 1017.0, 759.0]
[0.0, 32.0, 970.0, 760.0]
[16.0, 32.0, 987.0, 760.0]
[0.0, 32.0, 972.0, 761.0]
[32.0, 32.0, 1005.0, 762.0]
[16.0, 48.0, 990.0, 778.0]
[0.0, 32.0, 975.0, 763.0]
[16.0, 0.0, 992.0, 732.0]
[32.0, 48.0, 1009.0, 781.0]
[0.0, 0.0, 978.0, 734.0]
[16.0, 16.0, 995.0, 750.0]
[16.0, 16.0, 996.0, 751.0]
[16.0, 16.0, 997.0, 752.0]
[0.0, 16.0, 982.0, 752.0]
[16.0, 32.0, 999.0, 769.0]
[0.0, 32.0, 984.0, 770.0]
[32.0, 16.0, 1017.0, 755.0]
[0.0, 16.0, 986.0, 756.0]
[16.0, 32.0, 1003.0, 772.0]
[16.0, 0.0, 1004.0, 741.0]
[16.0, 0.0, 1005.0, 742.0]
[32.0, 32.0, 1022.0, 774.0]
[16.0, 32.0, 1007.0, 775.0]
[0.0, 0.0, 992.0, 744.0]
[16.0, 16.0, 1009.0, 761.0]
[0.0, 16.0, 994.0, 762.0]
[0.0, 0.0, 995.0, 746.0]
[0.0, 0.0, 996.0, 747.0]
[0.0, 32.0, 997.0, 780.0]
[16.0, 16.0, 1014.0, 764.0]
[16.0, 32.0, 1015.0, 781.0]
[0.0, 16.0, 1000.0, 766.0]
[16.0, 16.0, 1017.0, 767.0]
[16.0, 16.0, 1018.0, 768.0]
[0.0, 0.0, 1003.0, 752.0]
[0.0, 0.0, 1004.0, 753.0]
[0.0, 0.0, 1005.0, 754.0]
[16.0, 16.0, 1022.0, 770.0]
[0.0, 16.0, 1007.0, 771.0]
[0.0, 0.0, 1008.0, 756.0]
[0.0, 0.0, 1009.0, 757.0]
[0.0, 16.0, 1010.0, 774.0]
[0.0, 0.0, 1011.0, 758.0]
[0.0, 0.0, 1012.0, 759.0]
[0.0, 16.0, 1013.0, 776.0]
[0.0, 16.0, 1014.0, 776.0]
[0.0, 16.0, 1015.0, 777.0]
[0.0, 16.0, 1016.0, 778.0]
[0.0, 16.0, 1017.0, 779.0]
[0.0, 16.0, 1018.0, 780.0]
[0.0, 0.0, 1019.0, 764.0]
[0.0, 16.0, 1020.0, 781.0]
[0.0, 0.0, 1021.0, 766.0]
[0.0, 0.0, 1022.0, 766.0]
[0.0, 0.0, 1023.0, 767.0]
[0.0, 0.0, 1024.0, 768.0]
