[192.0, 112.0, 909.0, 650.0]
[272.0, 96.0, 990.0, 634.0]
[96.0, 96.0, 815.0, 635.0]
[48.0, 80.0, 768.0, 620.0]
[80.0, 112.0, 801.0, 653.0]
[48.0, 96.0, 770.0, 638.0]
[48.0, 112.0, 771.0, 654.0]
[192.0, 96.0, 916.0, 639.0]
[144.0, 80.0, 869.0, 624.0]
[224.0, 112.0, 950.0, 656.0]
[160.0, 80.0, 887.0, 625.0]
[112.0, 96.0, 840.0, 642.0]
[208.0, 80.0, 937.0, 627.0]
[64.0, 96.0, 794.0, 644.0]
[128.0, 128.0, 859.0, 676.0]
[32.0, 96.0, 764.0, 645.0]
[192.0, 80.0, 925.0, 630.0]
[96.0, 112.0, 830.0, 662.0]
[160.0, 112.0, 895.0, 663.0]
[32.0, 96.0, 768.0, 648.0]
[64.0, 96.0, 801.0, 649.0]
[224.0, 80.0, 962.0, 634.0]
[96.0, 128.0, 835.0, 682.0]
[224.0, 64.0, 964.0, 619.0]
[160.0, 64.0, 901.0, 620.0]
[32.0, 64.0, 774.0, 620.0]
[64.0, 64.0, 807.0, 621.0]
[240.0, 80.0, 984.0, 638.0]
[16.0, 80.0, 761.0, 639.0]
[48.0, 80.0, 794.0, 640.0]
[256.0, 112.0, 1003.0, 672.0]
[0.0, 96.0, 748.0, 657.0]
[192.0, 80.0, 941.0, 642.0]
[224.0, 48.0, 974.0, 610.0]
[32.0, 80.0, 783.0, 643.0]
[32.0, 112.0, 784.0, 676.0]
[48.0, 112.0, 801.0, 677.0]
[224.0, 48.0, 978.0, 614.0]
[240.0, 80.0, 995.0, 646.0]
[144.0, 80.0, 900.0, 647.0]
[64.0, 64.0, 821.0, 632.0]
[48.0, 64.0, 806.0, 632.0]
[96.0, 48.0, 855.0, 617.0]
[160.0, 48.0, 920.0, 618.0]
[32.0, 112.0, 793.0, 683.0]
[80.0, 80.0, 842.0, 652.0]
[144.0, 64.0, 907.0, 636.0]
[176.0, 48.0, 940.0, 621.0]
[256.0, 96.0, 1021.0, 670.0]
[192.0, 80.0, 958.0, 654.0]
[112.0, 64.0, 879.0, 639.0]
[224.0, 64.0, 992.0, 640.0]
[176.0, 48.0, 945.0, 625.0]
[80.0, 32.0, 850.0, 610.0]
[176.0, 96.0, 947.0, 674.0]
[112.0, 96.0, 884.0, 675.0]
[80.0, 96.0, 853.0, 676.0]
[128.0, 96.0, 902.0, 676.0]
[80.0, 96.0, 855.0, 677.0]
[0.0, 80.0, 776.0, 662.0]
[144.0, 80.0, 921.0, 663.0]
[16.0, 80.0, 794.0, 664.0]
[0.0, 96.0, 779.0, 680.0]
[160.0, 96.0, 940.0, 681.0]
[192.0, 64.0, 973.0, 650.0]
[80.0, 48.0, 862.0, 634.0]
[192.0, 64.0, 975.0, 651.0]
[112.0, 48.0, 896.0, 636.0]
[128.0, 48.0, 913.0, 637.0]
[176.0, 32.0, 962.0, 622.0]
[64.0, 80.0, 851.0, 670.0]
[32.0, 48.0, 820.0, 639.0]
[32.0, 80.0, 821.0, 672.0]
[208.0, 32.0, 998.0, 624.0]
[224.0, 64.0, 1015.0, 657.0]
[128.0, 32.0, 920.0, 626.0]
[32.0, 80.0, 825.0, 675.0]
[0.0, 80.0, 794.0, 676.0]
[0.0, 48.0, 795.0, 644.0]
[224.0, 48.0, 1020.0, 645.0]
[192.0, 48.0, 989.0, 646.0]
[96.0, 64.0, 894.0, 662.0]
[192.0, 16.0, 991.0, 615.0]
[160.0, 64.0, 960.0, 664.0]
[0.0, 48.0, 801.0, 649.0]
[16.0, 80.0, 818.0, 682.0]
[48.0, 64.0, 851.0, 666.0]
[128.0, 80.0, 932.0, 683.0]
[160.0, 64.0, 965.0, 668.0]
[128.0, 64.0, 934.0, 668.0]
[112.0, 64.0, 919.0, 669.0]
[128.0, 64.0, 936.0, 670.0]
[176.0, 64.0, 985.0, 671.0]
[192.0, 48.0, 1002.0, 656.0]
[128.0, 0.0, 939.0, 608.0]
[96.0, 0.0, 908.0, 609.0]
[144.0, 48.0, 957.0, 658.0]
[160.0, 32.0, 974.0, 642.0]
[192.0, 64.0, 1007.0, 675.0]
[80.0, 64.0, 896.0, 676.0]
[16.0, 48.0, 833.0, 661.0]
[16.0, 48.0, 834.0, 662.0]
[80.0, 32.0, 899.0, 646.0]
[64.0, 0.0, 884.0, 615.0]
[176.0, 16.0, 997.0, 632.0]
[32.0, 16.0, 854.0, 632.0]
[96.0, 48.0, 919.0, 665.0]
[160.0, 48.0, 984.0, 666.0]
[160.0, 32.0, 985.0, 651.0]
[96.0, 0.0, 922.0, 620.0]
[192.0, 16.0, 1019.0, 636.0]
[176.0, 48.0, 1004.0, 669.0]
[48.0, 0.0, 877.0, 622.0]
[0.0, 16.0, 830.0, 638.0]
[128.0, 48.0, 959.0, 671.0]
[80.0, 16.0, 912.0, 640.0]
[112.0, 32.0, 945.0, 657.0]
[176.0, 32.0, 1010.0, 658.0]
[80.0, 32.0, 915.0, 658.0]
[80.0, 0.0, 916.0, 627.0]
[96.0, 0.0, 933.0, 628.0]
[80.0, 16.0, 918.0, 644.0]
[16.0, 32.0, 855.0, 661.0]
[176.0, 32.0, 1016.0, 662.0]
[48.0, 16.0, 889.0, 647.0]
[64.0, 32.0, 906.0, 664.0]
[144.0, 16.0, 987.0, 648.0]
[128.0, 0.0, 972.0, 633.0]
[160.0, 32.0, 1005.0, 666.0]
[32.0, 0.0, 878.0, 634.0]
[160.0, 0.0, 1007.0, 635.0]
[112.0, 32.0, 960.0, 668.0]
[0.0, 16.0, 849.0, 653.0]
[112.0, 16.0, 962.0, 654.0]
[80.0, 16.0, 931.0, 654.0]
[128.0, 32.0, 980.0, 671.0]
[96.0, 16.0, 949.0, 656.0]
[80.0, 32.0, 934.0, 672.0]
[0.0, 32.0, 855.0, 673.0]
[48.0, 32.0, 904.0, 674.0]
[144.0, 0.0, 1001.0, 643.0]
[64.0, 0.0, 922.0, 644.0]
[80.0, 32.0, 939.0, 676.0]
[32.0, 32.0, 892.0, 677.0]
[80.0, 0.0, 941.0, 646.0]
[144.0, 32.0, 1006.0, 678.0]
[32.0, 16.0, 895.0, 663.0]
[16.0, 32.0, 880.0, 680.0]
[144.0, 32.0, 1009.0, 681.0]
[64.0, 0.0, 930.0, 650.0]
[16.0, 16.0, 883.0, 666.0]
[128.0, 0.0, 996.0, 651.0]
[48.0, 16.0, 917.0, 668.0]
[144.0, 0.0, 1014.0, 652.0]
[16.0, 16.0, 887.0, 669.0]
[0.0, 0.0, 872.0, 654.0]
[80.0, 0.0, 953.0, 655.0]
[48.0, 16.0, 922.0, 672.0]
[96.0, 0.0, 971.0, 656.0]
[48.0, 16.0, 924.0, 673.0]
[80.0, 16.0, 957.0, 674.0]
[64.0, 16.0, 942.0, 674.0]
[64.0, 0.0, 943.0, 659.0]
[112.0, 16.0, 992.0, 676.0]
[48.0, 16.0, 929.0, 677.0]
[64.0, 16.0, 946.0, 678.0]
[80.0, 16.0, 963.0, 678.0]
[64.0, 0.0, 948.0, 663.0]
[48.0, 16.0, 933.0, 680.0]
[16.0, 16.0, 902.0, 680.0]
[32.0, 0.0, 919.0, 665.0]
[16.0, 0.0, 904.0, 666.0]
[0.0, 16.0, 889.0, 683.0]
[80.0, 0.0, 970.0, 668.0]
[128.0, 0.0, 1019.0, 668.0]
[0.0, 0.0, 892.0, 669.0]
[128.0, 0.0, 1021.0, 670.0]
[128.0, 0.0, 1022.0, 670.0]
[0.0, 0.0, 895.0, 671.0]
[128.0, 0.0, 1024.0, 672.0]
[112.0, 0.0, 1009.0, 673.0]
[0.0, 0.0, 898.0, 674.0]
[0.0, 0.0, 899.0, 674.0]
[64.0, 0.0, 964.0, 675.0]
[96.0, 0.0, 997.0, 676.0]
[0.0, 0.0, 902.0, 676.0]
[80.0, 0.0, 983.0, 677.0]
[48.0, 0.0, 952.0, 678.0]
[112.0, 0.0, 1017.0, 679.0]
[64.0, 0.0, 970.0, 680.0]
[16.0, 0.0, 923.0, 680.0]
[16.0, 0.0, 924.0, 681.0]
[32.0, 0.0, 941.0, 682.0]
[32.0, 0.0, 942.0, 682.0]
[96.0, 0.0, 1007.0, 683.0]
