[80.0, 96.0, 797.0, 634.0]
[192.0, 80.0, 910.0, 618.0]
[240.0, 80.0, 959.0, 619.0]
[48.0, 96.0, 768.0, 636.0]
[96.0, 80.0, 817.0, 621.0]
[272.0, 112.0, 994.0, 654.0]
[96.0, 80.0, 819.0, 622.0]
[160.0, 80.0, 884.0, 623.0]
[256.0, 96.0, 981.0, 640.0]
[160.0, 128.0, 886.0, 672.0]
[80.0, 112.0, 807.0, 657.0]
[144.0, 112.0, 872.0, 658.0]
[256.0, 112.0, 985.0, 659.0]
[80.0, 96.0, 810.0, 644.0]
[160.0, 80.0, 891.0, 628.0]
[256.0, 112.0, 988.0, 661.0]
[192.0, 80.0, 925.0, 630.0]
[208.0, 128.0, 942.0, 678.0]
[192.0, 96.0, 927.0, 647.0]
[80.0, 128.0, 816.0, 680.0]
[144.0, 128.0, 881.0, 681.0]
[32.0, 80.0, 770.0, 634.0]
[256.0, 96.0, 995.0, 650.0]
[64.0, 112.0, 804.0, 667.0]
[176.0, 80.0, 917.0, 636.0]
[112.0, 128.0, 854.0, 684.0]
[48.0, 96.0, 791.0, 653.0]
[112.0, 96.0, 856.0, 654.0]
[16.0, 96.0, 761.0, 655.0]
[176.0, 64.0, 922.0, 624.0]
[16.0, 80.0, 763.0, 640.0]
[64.0, 80.0, 812.0, 641.0]
[48.0, 80.0, 797.0, 642.0]
[80.0, 112.0, 830.0, 674.0]
[192.0, 96.0, 943.0, 659.0]
[32.0, 96.0, 784.0, 660.0]
[144.0, 64.0, 897.0, 629.0]
[192.0, 48.0, 946.0, 614.0]
[192.0, 96.0, 947.0, 662.0]
[208.0, 80.0, 964.0, 647.0]
[0.0, 80.0, 757.0, 648.0]
[64.0, 64.0, 822.0, 632.0]
[128.0, 48.0, 887.0, 617.0]
[96.0, 80.0, 856.0, 650.0]
[128.0, 80.0, 889.0, 651.0]
[32.0, 48.0, 794.0, 620.0]
[128.0, 96.0, 891.0, 668.0]
[128.0, 96.0, 892.0, 669.0]
[64.0, 96.0, 829.0, 670.0]
[224.0, 96.0, 990.0, 670.0]
[128.0, 80.0, 895.0, 655.0]
[224.0, 64.0, 992.0, 640.0]
[112.0, 96.0, 881.0, 673.0]
[192.0, 80.0, 962.0, 658.0]
[160.0, 96.0, 931.0, 674.0]
[208.0, 32.0, 980.0, 611.0]
[192.0, 48.0, 965.0, 628.0]
[160.0, 80.0, 934.0, 660.0]
[96.0, 80.0, 871.0, 661.0]
[96.0, 32.0, 872.0, 614.0]
[96.0, 80.0, 873.0, 663.0]
[176.0, 80.0, 954.0, 664.0]
[128.0, 96.0, 907.0, 680.0]
[176.0, 48.0, 956.0, 633.0]
[80.0, 96.0, 861.0, 682.0]
[32.0, 96.0, 814.0, 682.0]
[208.0, 96.0, 991.0, 683.0]
[160.0, 96.0, 944.0, 684.0]
[80.0, 80.0, 865.0, 669.0]
[208.0, 80.0, 994.0, 670.0]
[96.0, 80.0, 883.0, 670.0]
[48.0, 80.0, 836.0, 671.0]
[144.0, 64.0, 933.0, 656.0]
[48.0, 32.0, 838.0, 624.0]
[176.0, 64.0, 967.0, 657.0]
[160.0, 48.0, 952.0, 642.0]
[144.0, 64.0, 937.0, 659.0]
[208.0, 64.0, 1002.0, 660.0]
[64.0, 48.0, 859.0, 644.0]
[80.0, 64.0, 876.0, 661.0]
[128.0, 48.0, 925.0, 646.0]
[32.0, 80.0, 830.0, 678.0]
[112.0, 16.0, 911.0, 615.0]
[192.0, 64.0, 992.0, 664.0]
[112.0, 32.0, 913.0, 633.0]
[16.0, 32.0, 818.0, 634.0]
[208.0, 80.0, 1011.0, 682.0]
[16.0, 48.0, 820.0, 651.0]
[80.0, 16.0, 885.0, 620.0]
[0.0, 48.0, 806.0, 652.0]
[208.0, 80.0, 1015.0, 685.0]
[0.0, 32.0, 808.0, 638.0]
[208.0, 32.0, 1017.0, 639.0]
[112.0, 32.0, 922.0, 640.0]
[144.0, 32.0, 955.0, 640.0]
[192.0, 64.0, 1004.0, 673.0]
[112.0, 32.0, 925.0, 642.0]
[144.0, 16.0, 958.0, 626.0]
[128.0, 48.0, 943.0, 659.0]
[128.0, 0.0, 944.0, 612.0]
[176.0, 32.0, 993.0, 645.0]
[176.0, 64.0, 994.0, 678.0]
[48.0, 16.0, 867.0, 630.0]
[32.0, 0.0, 852.0, 615.0]
[112.0, 48.0, 933.0, 664.0]
[128.0, 0.0, 950.0, 616.0]
[128.0, 32.0, 951.0, 649.0]
[64.0, 32.0, 888.0, 650.0]
[80.0, 32.0, 905.0, 651.0]
[80.0, 16.0, 906.0, 636.0]
[64.0, 48.0, 891.0, 668.0]
[0.0, 64.0, 828.0, 685.0]
[64.0, 16.0, 893.0, 638.0]
[176.0, 16.0, 1006.0, 638.0]
[16.0, 48.0, 847.0, 671.0]
[128.0, 0.0, 960.0, 624.0]
[80.0, 16.0, 913.0, 641.0]
[160.0, 0.0, 994.0, 626.0]
[16.0, 48.0, 851.0, 674.0]
[112.0, 0.0, 948.0, 627.0]
[112.0, 32.0, 949.0, 660.0]
[144.0, 0.0, 982.0, 628.0]
[176.0, 16.0, 1015.0, 645.0]
[16.0, 0.0, 856.0, 630.0]
[0.0, 48.0, 841.0, 679.0]
[128.0, 0.0, 970.0, 632.0]
[96.0, 0.0, 939.0, 632.0]
[0.0, 16.0, 844.0, 649.0]
[32.0, 32.0, 877.0, 666.0]
[112.0, 16.0, 958.0, 650.0]
[112.0, 0.0, 959.0, 635.0]
[144.0, 0.0, 992.0, 636.0]
[112.0, 48.0, 961.0, 685.0]
[48.0, 32.0, 898.0, 670.0]
[96.0, 32.0, 947.0, 670.0]
[128.0, 32.0, 980.0, 671.0]
[0.0, 16.0, 853.0, 656.0]
[128.0, 32.0, 982.0, 672.0]
[112.0, 32.0, 967.0, 673.0]
[128.0, 16.0, 984.0, 658.0]
[96.0, 16.0, 953.0, 659.0]
[64.0, 16.0, 922.0, 660.0]
[144.0, 0.0, 1003.0, 644.0]
[96.0, 32.0, 956.0, 677.0]
[48.0, 0.0, 909.0, 646.0]
[96.0, 0.0, 958.0, 646.0]
[160.0, 0.0, 1023.0, 647.0]
[64.0, 16.0, 928.0, 664.0]
[0.0, 0.0, 865.0, 649.0]
[48.0, 16.0, 914.0, 666.0]
[112.0, 16.0, 979.0, 666.0]
[48.0, 0.0, 916.0, 651.0]
[112.0, 0.0, 981.0, 652.0]
[48.0, 16.0, 918.0, 668.0]
[32.0, 16.0, 903.0, 669.0]
[32.0, 0.0, 904.0, 654.0]
[128.0, 0.0, 1001.0, 655.0]
[112.0, 16.0, 986.0, 672.0]
[64.0, 16.0, 939.0, 672.0]
[128.0, 0.0, 1004.0, 657.0]
[48.0, 16.0, 925.0, 674.0]
[96.0, 0.0, 974.0, 658.0]
[64.0, 0.0, 943.0, 659.0]
[112.0, 0.0, 992.0, 660.0]
[16.0, 0.0, 897.0, 661.0]
[48.0, 0.0, 930.0, 662.0]
[64.0, 0.0, 947.0, 662.0]
[128.0, 16.0, 1012.0, 679.0]
[64.0, 0.0, 949.0, 664.0]
[96.0, 0.0, 982.0, 664.0]
[48.0, 16.0, 935.0, 681.0]
[80.0, 0.0, 968.0, 666.0]
[128.0, 16.0, 1017.0, 683.0]
[128.0, 0.0, 1018.0, 668.0]
[48.0, 16.0, 939.0, 684.0]
[16.0, 16.0, 908.0, 685.0]
[96.0, 0.0, 989.0, 670.0]
[96.0, 0.0, 990.0, 670.0]
[48.0, 0.0, 943.0, 671.0]
[16.0, 0.0, 912.0, 672.0]
[48.0, 0.0, 945.0, 673.0]
[80.0, 0.0, 978.0, 674.0]
[16.0, 0.0, 915.0, 674.0]
[16.0, 0.0, 916.0, 675.0]
[112.0, 0.0, 1013.0, 676.0]
[32.0, 0.0, 934.0, 676.0]
[0.0, 0.0, 903.0, 677.0]
[16.0, 0.0, 920.0, 678.0]
[80.0, 0.0, 985.0, 679.0]
[112.0, 0.0, 1018.0, 680.0]
[16.0, 0.0, 923.0, 680.0]
[0.0, 0.0, 908.0, 681.0]
[48.0, 0.0, 957.0, 682.0]
[64.0, 0.0, 974.0, 682.0]
[32.0, 0.0, 943.0, 683.0]
[112.0, 0.0, 1024.0, 684.0]
[32.0, 0.0, 945.0, 685.0]
