[128.0, 32.0, 845.0, 570.0]
[128.0, 16.0, 846.0, 554.0]
[48.0, 0.0, 767.0, 539.0]
[192.0, 32.0, 912.0, 572.0]
[80.0, 0.0, 801.0, 541.0]
[16.0, 0.0, 738.0, 542.0]
[48.0, 32.0, 771.0, 574.0]
[0.0, 32.0, 724.0, 575.0]
[112.0, 32.0, 837.0, 576.0]
[208.0, 32.0, 934.0, 576.0]
[96.0, 0.0, 823.0, 545.0]
[48.0, 16.0, 776.0, 562.0]
[128.0, 16.0, 857.0, 563.0]
[160.0, 0.0, 890.0, 548.0]
[80.0, 16.0, 811.0, 564.0]
[128.0, 0.0, 860.0, 549.0]
[208.0, 16.0, 941.0, 566.0]
[80.0, 16.0, 814.0, 566.0]
[224.0, 0.0, 959.0, 551.0]
[112.0, 0.0, 848.0, 552.0]
[160.0, 0.0, 897.0, 553.0]
[144.0, 0.0, 882.0, 554.0]
[112.0, 0.0, 851.0, 554.0]
[96.0, 16.0, 836.0, 571.0]
[128.0, 0.0, 869.0, 556.0]
[176.0, 0.0, 918.0, 556.0]
[144.0, 0.0, 887.0, 557.0]
[16.0, 0.0, 760.0, 558.0]
[96.0, 0.0, 841.0, 559.0]
[176.0, 16.0, 922.0, 576.0]
[160.0, 16.0, 907.0, 576.0]
[192.0, 0.0, 940.0, 561.0]
[112.0, 0.0, 861.0, 562.0]
[112.0, 0.0, 862.0, 562.0]
[128.0, 0.0, 879.0, 563.0]
[128.0, 0.0, 880.0, 564.0]
[128.0, 0.0, 881.0, 565.0]
[128.0, 0.0, 882.0, 566.0]
[192.0, 0.0, 947.0, 566.0]
[32.0, 0.0, 788.0, 567.0]
[192.0, 0.0, 949.0, 568.0]
[112.0, 0.0, 870.0, 568.0]
[48.0, 0.0, 807.0, 569.0]
[192.0, 0.0, 952.0, 570.0]
[48.0, 0.0, 809.0, 571.0]
[0.0, 0.0, 762.0, 572.0]
[0.0, 0.0, 763.0, 572.0]
[48.0, 0.0, 812.0, 573.0]
[0.0, 0.0, 765.0, 574.0]
[16.0, 0.0, 782.0, 574.0]
[112.0, 0.0, 879.0, 575.0]
[192.0, 0.0, 960.0, 576.0]
