[208.0, 144.0, 940.0, 693.0]
[160.0, 128.0, 893.0, 678.0]
[144.0, 128.0, 878.0, 678.0]
[144.0, 96.0, 879.0, 647.0]
[112.0, 112.0, 848.0, 664.0]
[112.0, 112.0, 849.0, 665.0]
[176.0, 112.0, 914.0, 666.0]
[160.0, 96.0, 899.0, 650.0]
[160.0, 96.0, 900.0, 651.0]
[224.0, 112.0, 965.0, 668.0]
[32.0, 96.0, 774.0, 652.0]
[224.0, 128.0, 967.0, 685.0]
[176.0, 128.0, 920.0, 686.0]
[192.0, 96.0, 937.0, 655.0]
[112.0, 80.0, 858.0, 640.0]
[96.0, 80.0, 843.0, 640.0]
[160.0, 80.0, 908.0, 641.0]
[32.0, 112.0, 781.0, 674.0]
[208.0, 144.0, 958.0, 706.0]
[64.0, 96.0, 815.0, 659.0]
[96.0, 112.0, 848.0, 676.0]
[80.0, 128.0, 833.0, 693.0]
[80.0, 112.0, 834.0, 678.0]
[144.0, 96.0, 899.0, 662.0]
[160.0, 112.0, 916.0, 679.0]
[240.0, 128.0, 997.0, 696.0]
[64.0, 112.0, 822.0, 680.0]
[160.0, 128.0, 919.0, 697.0]
[64.0, 112.0, 824.0, 682.0]
[160.0, 80.0, 921.0, 651.0]
[208.0, 144.0, 970.0, 716.0]
[112.0, 112.0, 875.0, 684.0]
[112.0, 64.0, 876.0, 637.0]
[64.0, 80.0, 829.0, 654.0]
[192.0, 96.0, 958.0, 670.0]
[192.0, 112.0, 959.0, 687.0]
[112.0, 96.0, 880.0, 672.0]
[0.0, 96.0, 769.0, 673.0]
[112.0, 64.0, 882.0, 642.0]
[16.0, 112.0, 787.0, 690.0]
[176.0, 112.0, 948.0, 691.0]
[160.0, 64.0, 933.0, 644.0]
[192.0, 80.0, 966.0, 660.0]
[144.0, 80.0, 919.0, 661.0]
[128.0, 128.0, 904.0, 710.0]
[80.0, 64.0, 857.0, 647.0]
[208.0, 144.0, 986.0, 728.0]
[64.0, 144.0, 843.0, 728.0]
[96.0, 144.0, 876.0, 729.0]
[176.0, 144.0, 957.0, 730.0]
[32.0, 128.0, 814.0, 714.0]
[208.0, 64.0, 991.0, 651.0]
[96.0, 112.0, 880.0, 700.0]
[128.0, 128.0, 913.0, 717.0]
[16.0, 80.0, 802.0, 670.0]
[16.0, 128.0, 803.0, 718.0]
[208.0, 80.0, 996.0, 671.0]
[0.0, 112.0, 789.0, 704.0]
[0.0, 112.0, 790.0, 704.0]
[112.0, 64.0, 903.0, 657.0]
[176.0, 64.0, 968.0, 658.0]
[192.0, 112.0, 985.0, 707.0]
[192.0, 128.0, 986.0, 724.0]
[32.0, 64.0, 827.0, 660.0]
[64.0, 80.0, 860.0, 677.0]
[32.0, 48.0, 829.0, 646.0]
[32.0, 48.0, 830.0, 646.0]
[144.0, 80.0, 943.0, 679.0]
[160.0, 112.0, 960.0, 712.0]
[16.0, 80.0, 817.0, 681.0]
[160.0, 112.0, 962.0, 714.0]
[128.0, 64.0, 931.0, 666.0]
[112.0, 128.0, 916.0, 731.0]
[0.0, 96.0, 805.0, 700.0]
[144.0, 112.0, 950.0, 716.0]
[32.0, 112.0, 839.0, 717.0]
[112.0, 64.0, 920.0, 670.0]
[96.0, 32.0, 905.0, 639.0]
[16.0, 96.0, 826.0, 704.0]
[80.0, 64.0, 891.0, 672.0]
[64.0, 96.0, 876.0, 705.0]
[96.0, 64.0, 909.0, 674.0]
[32.0, 32.0, 846.0, 642.0]
[192.0, 112.0, 1007.0, 723.0]
[176.0, 32.0, 992.0, 644.0]
[144.0, 96.0, 961.0, 709.0]
[96.0, 32.0, 914.0, 646.0]
[80.0, 80.0, 899.0, 694.0]
[160.0, 112.0, 980.0, 727.0]
[144.0, 80.0, 965.0, 696.0]
[160.0, 32.0, 982.0, 648.0]
[96.0, 112.0, 919.0, 729.0]
[48.0, 96.0, 872.0, 714.0]
[128.0, 112.0, 953.0, 731.0]
[80.0, 80.0, 906.0, 700.0]
[112.0, 32.0, 939.0, 652.0]
[112.0, 96.0, 940.0, 717.0]
[176.0, 32.0, 1005.0, 654.0]
[0.0, 80.0, 830.0, 702.0]
[32.0, 80.0, 863.0, 703.0]
[96.0, 16.0, 928.0, 640.0]
[48.0, 48.0, 881.0, 673.0]
[160.0, 80.0, 994.0, 706.0]
[80.0, 16.0, 915.0, 642.0]
[112.0, 96.0, 948.0, 723.0]
[16.0, 48.0, 853.0, 676.0]
[96.0, 48.0, 934.0, 676.0]
[160.0, 32.0, 999.0, 661.0]
[128.0, 96.0, 968.0, 726.0]
[0.0, 32.0, 841.0, 663.0]
[32.0, 96.0, 874.0, 728.0]
[64.0, 96.0, 907.0, 728.0]
[128.0, 64.0, 972.0, 697.0]
[144.0, 80.0, 989.0, 714.0]
[176.0, 96.0, 1022.0, 730.0]
[16.0, 16.0, 863.0, 651.0]
[112.0, 16.0, 960.0, 652.0]
[0.0, 80.0, 849.0, 717.0]
[144.0, 96.0, 994.0, 734.0]
[48.0, 16.0, 899.0, 654.0]
[48.0, 48.0, 900.0, 687.0]
[160.0, 32.0, 1013.0, 672.0]
[128.0, 16.0, 982.0, 656.0]
[144.0, 16.0, 999.0, 657.0]
[112.0, 0.0, 968.0, 642.0]
[160.0, 32.0, 1017.0, 675.0]
[64.0, 0.0, 922.0, 644.0]
[16.0, 80.0, 875.0, 724.0]
[160.0, 32.0, 1020.0, 677.0]
[32.0, 80.0, 893.0, 726.0]
[80.0, 64.0, 942.0, 710.0]
[0.0, 80.0, 863.0, 727.0]
[64.0, 0.0, 928.0, 648.0]
[80.0, 64.0, 945.0, 713.0]
[112.0, 80.0, 978.0, 730.0]
[48.0, 16.0, 915.0, 666.0]
[112.0, 0.0, 980.0, 651.0]
[32.0, 64.0, 901.0, 716.0]
[48.0, 48.0, 918.0, 700.0]
[80.0, 32.0, 951.0, 685.0]
[48.0, 32.0, 920.0, 686.0]
[64.0, 64.0, 937.0, 719.0]
[144.0, 16.0, 1018.0, 672.0]
[96.0, 64.0, 971.0, 720.0]
[128.0, 16.0, 1004.0, 673.0]
[112.0, 64.0, 989.0, 722.0]
[112.0, 32.0, 990.0, 690.0]
[64.0, 0.0, 943.0, 659.0]
[48.0, 48.0, 928.0, 708.0]
[128.0, 0.0, 1009.0, 661.0]
[48.0, 32.0, 930.0, 694.0]
[112.0, 64.0, 995.0, 726.0]
[96.0, 32.0, 980.0, 695.0]
[48.0, 48.0, 933.0, 712.0]
[80.0, 16.0, 966.0, 680.0]
[0.0, 64.0, 887.0, 729.0]
[32.0, 16.0, 920.0, 682.0]
[0.0, 32.0, 889.0, 699.0]
[96.0, 32.0, 986.0, 700.0]
[48.0, 16.0, 939.0, 684.0]
[64.0, 48.0, 956.0, 717.0]
[16.0, 48.0, 909.0, 718.0]
[64.0, 16.0, 958.0, 686.0]
[0.0, 48.0, 895.0, 719.0]
[16.0, 0.0, 912.0, 672.0]
[48.0, 32.0, 945.0, 705.0]
[32.0, 48.0, 930.0, 722.0]
[48.0, 0.0, 947.0, 674.0]
[96.0, 32.0, 996.0, 707.0]
[0.0, 48.0, 901.0, 724.0]
[32.0, 48.0, 934.0, 724.0]
[16.0, 48.0, 919.0, 725.0]
[48.0, 16.0, 952.0, 694.0]
[112.0, 16.0, 1017.0, 695.0]
[32.0, 32.0, 938.0, 712.0]
[48.0, 16.0, 955.0, 696.0]
[48.0, 16.0, 956.0, 697.0]
[64.0, 32.0, 973.0, 714.0]
[96.0, 32.0, 1006.0, 714.0]
[80.0, 48.0, 991.0, 731.0]
[0.0, 0.0, 912.0, 684.0]
[96.0, 48.0, 1009.0, 733.0]
[64.0, 32.0, 978.0, 718.0]
[64.0, 16.0, 979.0, 702.0]
[80.0, 0.0, 996.0, 687.0]
[0.0, 16.0, 917.0, 704.0]
[16.0, 32.0, 934.0, 720.0]
[80.0, 16.0, 999.0, 705.0]
[64.0, 16.0, 984.0, 706.0]
[64.0, 32.0, 985.0, 723.0]
[16.0, 32.0, 938.0, 724.0]
[64.0, 0.0, 987.0, 692.0]
[48.0, 0.0, 972.0, 693.0]
[48.0, 16.0, 973.0, 710.0]
[80.0, 0.0, 1006.0, 694.0]
[64.0, 0.0, 991.0, 695.0]
[32.0, 0.0, 960.0, 696.0]
[80.0, 0.0, 1009.0, 697.0]
[80.0, 16.0, 1010.0, 714.0]
[80.0, 16.0, 1011.0, 714.0]
[16.0, 16.0, 948.0, 715.0]
[64.0, 0.0, 997.0, 700.0]
[0.0, 32.0, 934.0, 732.0]
[80.0, 32.0, 1015.0, 733.0]
[0.0, 16.0, 936.0, 718.0]
[0.0, 0.0, 937.0, 703.0]
[64.0, 16.0, 1002.0, 720.0]
[48.0, 16.0, 987.0, 720.0]
[32.0, 0.0, 972.0, 705.0]
[48.0, 16.0, 989.0, 722.0]
[32.0, 0.0, 974.0, 706.0]
[48.0, 0.0, 991.0, 707.0]
[80.0, 0.0, 1024.0, 708.0]
[16.0, 0.0, 961.0, 709.0]
[48.0, 16.0, 994.0, 726.0]
[0.0, 0.0, 947.0, 710.0]
[64.0, 0.0, 1012.0, 711.0]
[48.0, 0.0, 997.0, 712.0]
[0.0, 0.0, 950.0, 712.0]
[64.0, 16.0, 1015.0, 729.0]
[48.0, 16.0, 1000.0, 730.0]
[32.0, 16.0, 985.0, 731.0]
[64.0, 0.0, 1018.0, 716.0]
[32.0, 16.0, 987.0, 732.0]
[64.0, 16.0, 1020.0, 733.0]
[48.0, 0.0, 1005.0, 718.0]
[0.0, 0.0, 958.0, 718.0]
[16.0, 0.0, 975.0, 719.0]
[16.0, 0.0, 976.0, 720.0]
[0.0, 0.0, 961.0, 721.0]
[32.0, 0.0, 994.0, 722.0]
[16.0, 0.0, 979.0, 722.0]
[32.0, 0.0, 996.0, 723.0]
[0.0, 0.0, 965.0, 724.0]
[0.0, 0.0, 966.0, 724.0]
[0.0, 0.0, 967.0, 725.0]
[32.0, 0.0, 1000.0, 726.0]
[32.0, 0.0, 1001.0, 727.0]
[32.0, 0.0, 1002.0, 728.0]
[32.0, 0.0, 1003.0, 728.0]
[48.0, 0.0, 1020.0, 729.0]
[48.0, 0.0, 1021.0, 730.0]
[16.0, 0.0, 990.0, 730.0]
[48.0, 0.0, 1023.0, 731.0]
[0.0, 0.0, 976.0, 732.0]
[16.0, 0.0, 993.0, 733.0]
[0.0, 0.0, 978.0, 734.0]
[16.0, 0.0, 995.0, 734.0]
