[176.0, 16.0, 893.0, 554.0]
[224.0, 32.0, 942.0, 570.0]
[128.0, 0.0, 847.0, 539.0]
[192.0, 0.0, 912.0, 540.0]
[128.0, 80.0, 849.0, 621.0]
[96.0, 80.0, 818.0, 622.0]
[192.0, 48.0, 915.0, 590.0]
[128.0, 16.0, 852.0, 559.0]
[128.0, 112.0, 853.0, 656.0]
[192.0, 80.0, 918.0, 624.0]
[192.0, 64.0, 919.0, 609.0]
[80.0, 64.0, 808.0, 610.0]
[112.0, 96.0, 841.0, 643.0]
[176.0, 128.0, 906.0, 676.0]
[160.0, 128.0, 891.0, 676.0]
[176.0, 96.0, 908.0, 645.0]
[128.0, 112.0, 861.0, 662.0]
[80.0, 80.0, 814.0, 630.0]
[144.0, 112.0, 879.0, 663.0]
[144.0, 32.0, 880.0, 584.0]
[192.0, 128.0, 929.0, 681.0]
[128.0, 16.0, 866.0, 570.0]
[64.0, 48.0, 803.0, 602.0]
[144.0, 48.0, 884.0, 603.0]
[208.0, 80.0, 949.0, 636.0]
[208.0, 80.0, 950.0, 636.0]
[128.0, 64.0, 871.0, 621.0]
[64.0, 96.0, 808.0, 654.0]
[80.0, 48.0, 825.0, 607.0]
[80.0, 16.0, 826.0, 576.0]
[96.0, 112.0, 843.0, 672.0]
[96.0, 80.0, 844.0, 641.0]
[64.0, 64.0, 813.0, 626.0]
[208.0, 48.0, 958.0, 610.0]
[128.0, 80.0, 879.0, 643.0]
[128.0, 64.0, 880.0, 628.0]
[128.0, 0.0, 881.0, 565.0]
[80.0, 32.0, 834.0, 598.0]
[48.0, 80.0, 803.0, 646.0]
[192.0, 32.0, 948.0, 599.0]
[160.0, 96.0, 917.0, 664.0]
[192.0, 96.0, 950.0, 664.0]
[208.0, 96.0, 967.0, 665.0]
[144.0, 0.0, 904.0, 570.0]
[32.0, 48.0, 793.0, 619.0]
[192.0, 32.0, 954.0, 604.0]
[176.0, 96.0, 939.0, 668.0]
[112.0, 48.0, 876.0, 621.0]
[48.0, 16.0, 813.0, 590.0]
[160.0, 16.0, 926.0, 590.0]
[192.0, 80.0, 959.0, 655.0]
[160.0, 96.0, 928.0, 672.0]
[224.0, 80.0, 993.0, 657.0]
[80.0, 32.0, 850.0, 610.0]
[128.0, 80.0, 899.0, 658.0]
[144.0, 64.0, 916.0, 643.0]
[64.0, 32.0, 837.0, 612.0]
[64.0, 0.0, 838.0, 580.0]
[192.0, 0.0, 967.0, 581.0]
[112.0, 48.0, 888.0, 630.0]
[128.0, 0.0, 905.0, 583.0]
[96.0, 32.0, 874.0, 616.0]
[160.0, 80.0, 939.0, 664.0]
[64.0, 0.0, 844.0, 585.0]
[64.0, 64.0, 845.0, 650.0]
[176.0, 0.0, 958.0, 586.0]
[80.0, 32.0, 863.0, 619.0]
[128.0, 16.0, 912.0, 604.0]
[48.0, 80.0, 833.0, 669.0]
[144.0, 48.0, 930.0, 638.0]
[160.0, 0.0, 947.0, 590.0]
[112.0, 64.0, 900.0, 655.0]
[96.0, 80.0, 885.0, 672.0]
[80.0, 64.0, 870.0, 656.0]
[16.0, 64.0, 807.0, 657.0]
[32.0, 32.0, 824.0, 626.0]
[144.0, 48.0, 937.0, 643.0]
[80.0, 48.0, 874.0, 644.0]
[112.0, 64.0, 907.0, 660.0]
[144.0, 80.0, 940.0, 677.0]
[112.0, 16.0, 909.0, 614.0]
[112.0, 16.0, 910.0, 614.0]
[192.0, 80.0, 991.0, 679.0]
[32.0, 32.0, 832.0, 632.0]
[32.0, 64.0, 833.0, 665.0]
[160.0, 16.0, 962.0, 618.0]
[144.0, 80.0, 947.0, 682.0]
[160.0, 80.0, 964.0, 683.0]
[112.0, 32.0, 917.0, 636.0]
[144.0, 48.0, 950.0, 652.0]
[96.0, 0.0, 903.0, 605.0]
[64.0, 64.0, 872.0, 670.0]
[48.0, 48.0, 857.0, 655.0]
[64.0, 64.0, 874.0, 672.0]
[16.0, 0.0, 827.0, 608.0]
[208.0, 48.0, 1020.0, 657.0]
[32.0, 0.0, 845.0, 610.0]
[160.0, 16.0, 974.0, 626.0]
[0.0, 64.0, 815.0, 675.0]
[208.0, 48.0, 1024.0, 660.0]
[96.0, 48.0, 913.0, 661.0]
[192.0, 0.0, 1010.0, 614.0]
[160.0, 32.0, 979.0, 646.0]
[48.0, 0.0, 868.0, 615.0]
[160.0, 48.0, 981.0, 664.0]
[96.0, 16.0, 918.0, 632.0]
[32.0, 0.0, 855.0, 617.0]
[32.0, 48.0, 856.0, 666.0]
[80.0, 64.0, 905.0, 683.0]
[144.0, 16.0, 970.0, 636.0]
[144.0, 16.0, 971.0, 636.0]
[128.0, 0.0, 956.0, 621.0]
[144.0, 48.0, 973.0, 670.0]
[128.0, 16.0, 958.0, 638.0]
[176.0, 16.0, 1007.0, 639.0]
[160.0, 16.0, 992.0, 640.0]
[32.0, 0.0, 865.0, 625.0]
[144.0, 48.0, 978.0, 674.0]
[160.0, 48.0, 995.0, 674.0]
[96.0, 0.0, 932.0, 627.0]
[32.0, 0.0, 869.0, 628.0]
[128.0, 16.0, 966.0, 644.0]
[16.0, 32.0, 855.0, 661.0]
[48.0, 48.0, 888.0, 678.0]
[0.0, 32.0, 841.0, 663.0]
[48.0, 48.0, 890.0, 680.0]
[160.0, 16.0, 1003.0, 648.0]
[16.0, 32.0, 860.0, 665.0]
[160.0, 48.0, 1005.0, 682.0]
[144.0, 48.0, 990.0, 682.0]
[176.0, 0.0, 1023.0, 635.0]
[144.0, 0.0, 992.0, 636.0]
[96.0, 16.0, 945.0, 653.0]
[144.0, 32.0, 994.0, 670.0]
[112.0, 32.0, 963.0, 670.0]
[96.0, 0.0, 948.0, 639.0]
[16.0, 32.0, 869.0, 672.0]
[160.0, 0.0, 1014.0, 640.0]
[64.0, 0.0, 919.0, 641.0]
[128.0, 16.0, 984.0, 658.0]
[96.0, 16.0, 953.0, 659.0]
[96.0, 0.0, 954.0, 644.0]
[16.0, 0.0, 875.0, 644.0]
[144.0, 32.0, 1004.0, 677.0]
[96.0, 32.0, 957.0, 678.0]
[48.0, 0.0, 910.0, 646.0]
[16.0, 32.0, 879.0, 679.0]
[128.0, 32.0, 992.0, 680.0]
[32.0, 16.0, 897.0, 665.0]
[128.0, 32.0, 994.0, 682.0]
[48.0, 16.0, 915.0, 666.0]
[16.0, 32.0, 884.0, 683.0]
[48.0, 0.0, 917.0, 652.0]
[96.0, 0.0, 966.0, 652.0]
[16.0, 0.0, 887.0, 653.0]
[144.0, 16.0, 1016.0, 670.0]
[80.0, 0.0, 953.0, 655.0]
[32.0, 16.0, 906.0, 672.0]
[112.0, 0.0, 987.0, 656.0]
[80.0, 16.0, 956.0, 673.0]
[32.0, 16.0, 909.0, 674.0]
[0.0, 16.0, 878.0, 674.0]
[32.0, 0.0, 911.0, 659.0]
[112.0, 16.0, 992.0, 676.0]
[128.0, 16.0, 1009.0, 677.0]
[112.0, 0.0, 994.0, 662.0]
[112.0, 0.0, 995.0, 662.0]
[64.0, 0.0, 948.0, 663.0]
[112.0, 0.0, 997.0, 664.0]
[112.0, 16.0, 998.0, 680.0]
[128.0, 16.0, 1015.0, 681.0]
[112.0, 16.0, 1000.0, 682.0]
[80.0, 0.0, 969.0, 667.0]
[112.0, 0.0, 1002.0, 668.0]
[0.0, 0.0, 891.0, 668.0]
[96.0, 0.0, 988.0, 669.0]
[96.0, 0.0, 989.0, 670.0]
[80.0, 0.0, 974.0, 670.0]
[112.0, 0.0, 1007.0, 671.0]
[96.0, 0.0, 992.0, 672.0]
[64.0, 0.0, 961.0, 673.0]
[32.0, 0.0, 930.0, 674.0]
[0.0, 0.0, 899.0, 674.0]
[80.0, 0.0, 980.0, 675.0]
[80.0, 0.0, 981.0, 676.0]
[112.0, 0.0, 1014.0, 676.0]
[96.0, 0.0, 999.0, 677.0]
[96.0, 0.0, 1000.0, 678.0]
[48.0, 0.0, 953.0, 679.0]
[0.0, 0.0, 906.0, 680.0]
[0.0, 0.0, 907.0, 680.0]
[32.0, 0.0, 940.0, 681.0]
[0.0, 0.0, 909.0, 682.0]
[64.0, 0.0, 974.0, 682.0]
[0.0, 0.0, 911.0, 683.0]
