[96.0, 0.0, 813.0, 538.0]
[176.0, 64.0, 894.0, 602.0]
[96.0, 32.0, 815.0, 571.0]
[144.0, 0.0, 864.0, 540.0]
[224.0, 32.0, 945.0, 573.0]
[224.0, 0.0, 946.0, 542.0]
[112.0, 16.0, 835.0, 558.0]
[80.0, 32.0, 804.0, 575.0]
[192.0, 0.0, 917.0, 544.0]
[48.0, 0.0, 774.0, 544.0]
[96.0, 0.0, 823.0, 545.0]
[0.0, 0.0, 728.0, 546.0]
[192.0, 16.0, 921.0, 563.0]
[32.0, 0.0, 762.0, 548.0]
[112.0, 48.0, 843.0, 596.0]
[0.0, 0.0, 732.0, 549.0]
[112.0, 16.0, 845.0, 566.0]
[48.0, 48.0, 782.0, 598.0]
[32.0, 48.0, 767.0, 599.0]
[192.0, 48.0, 928.0, 600.0]
[128.0, 32.0, 865.0, 585.0]
[80.0, 48.0, 818.0, 602.0]
[112.0, 32.0, 851.0, 586.0]
[32.0, 48.0, 772.0, 603.0]
[64.0, 64.0, 805.0, 620.0]
[144.0, 64.0, 886.0, 620.0]
[176.0, 32.0, 919.0, 589.0]
[160.0, 16.0, 904.0, 574.0]
[32.0, 48.0, 777.0, 607.0]
[48.0, 0.0, 794.0, 560.0]
[112.0, 48.0, 859.0, 608.0]
[144.0, 32.0, 892.0, 593.0]
[144.0, 32.0, 893.0, 594.0]
[16.0, 0.0, 766.0, 562.0]
[32.0, 48.0, 783.0, 611.0]
[48.0, 0.0, 800.0, 564.0]
[128.0, 0.0, 881.0, 565.0]
[192.0, 32.0, 946.0, 598.0]
[112.0, 32.0, 867.0, 598.0]
[80.0, 48.0, 836.0, 615.0]
[128.0, 0.0, 885.0, 568.0]
[32.0, 0.0, 790.0, 568.0]
[128.0, 48.0, 887.0, 617.0]
[192.0, 32.0, 952.0, 602.0]
[112.0, 0.0, 873.0, 571.0]
[128.0, 64.0, 890.0, 636.0]
[128.0, 64.0, 891.0, 636.0]
[64.0, 0.0, 828.0, 573.0]
[0.0, 16.0, 765.0, 590.0]
[48.0, 16.0, 814.0, 590.0]
[16.0, 48.0, 783.0, 623.0]
[176.0, 0.0, 944.0, 576.0]
[32.0, 16.0, 801.0, 593.0]
[128.0, 48.0, 898.0, 626.0]
[128.0, 0.0, 899.0, 578.0]
[64.0, 0.0, 836.0, 579.0]
[64.0, 32.0, 837.0, 612.0]
[96.0, 32.0, 870.0, 612.0]
[64.0, 32.0, 839.0, 613.0]
[0.0, 16.0, 776.0, 598.0]
[160.0, 32.0, 937.0, 615.0]
[112.0, 16.0, 890.0, 600.0]
[64.0, 32.0, 843.0, 616.0]
[176.0, 0.0, 956.0, 585.0]
[80.0, 16.0, 861.0, 602.0]
[96.0, 0.0, 878.0, 586.0]
[128.0, 32.0, 911.0, 619.0]
[128.0, 32.0, 912.0, 620.0]
[96.0, 16.0, 881.0, 605.0]
[48.0, 32.0, 834.0, 622.0]
[112.0, 32.0, 899.0, 622.0]
[0.0, 32.0, 788.0, 623.0]
[16.0, 16.0, 805.0, 608.0]
[80.0, 48.0, 870.0, 640.0]
[112.0, 48.0, 903.0, 641.0]
[32.0, 48.0, 824.0, 642.0]
[112.0, 16.0, 905.0, 611.0]
[64.0, 64.0, 858.0, 660.0]
[112.0, 0.0, 907.0, 596.0]
[144.0, 32.0, 940.0, 629.0]
[64.0, 0.0, 861.0, 598.0]
[32.0, 48.0, 830.0, 646.0]
[128.0, 16.0, 927.0, 615.0]
[16.0, 32.0, 816.0, 632.0]
[48.0, 48.0, 849.0, 649.0]
[32.0, 48.0, 834.0, 650.0]
[144.0, 0.0, 947.0, 602.0]
[48.0, 48.0, 852.0, 651.0]
[80.0, 32.0, 885.0, 636.0]
[112.0, 48.0, 918.0, 652.0]
[80.0, 0.0, 887.0, 605.0]
[112.0, 16.0, 920.0, 622.0]
[0.0, 32.0, 809.0, 639.0]
[16.0, 16.0, 826.0, 624.0]
[112.0, 48.0, 923.0, 656.0]
[80.0, 0.0, 892.0, 609.0]
[0.0, 16.0, 813.0, 626.0]
[96.0, 0.0, 910.0, 610.0]
[64.0, 32.0, 879.0, 643.0]
[32.0, 48.0, 848.0, 660.0]
[112.0, 48.0, 929.0, 661.0]
[128.0, 32.0, 946.0, 646.0]
[48.0, 48.0, 867.0, 662.0]
[112.0, 32.0, 932.0, 647.0]
[128.0, 16.0, 949.0, 632.0]
[96.0, 16.0, 918.0, 632.0]
[112.0, 32.0, 935.0, 649.0]
[0.0, 16.0, 824.0, 634.0]
[80.0, 32.0, 905.0, 651.0]
[80.0, 48.0, 906.0, 668.0]
[96.0, 0.0, 923.0, 620.0]
[48.0, 48.0, 876.0, 669.0]
[64.0, 16.0, 893.0, 638.0]
[48.0, 32.0, 878.0, 654.0]
[112.0, 16.0, 943.0, 639.0]
[64.0, 16.0, 896.0, 640.0]
[48.0, 48.0, 881.0, 673.0]
[64.0, 0.0, 898.0, 626.0]
[16.0, 32.0, 851.0, 658.0]
[64.0, 16.0, 900.0, 643.0]
[0.0, 16.0, 837.0, 644.0]
[32.0, 0.0, 870.0, 628.0]
[32.0, 32.0, 871.0, 661.0]
[32.0, 0.0, 872.0, 630.0]
[80.0, 0.0, 921.0, 631.0]
[16.0, 16.0, 858.0, 648.0]
[16.0, 48.0, 859.0, 680.0]
[96.0, 32.0, 940.0, 665.0]
[0.0, 32.0, 845.0, 666.0]
[96.0, 0.0, 942.0, 634.0]
[96.0, 16.0, 943.0, 651.0]
[80.0, 0.0, 928.0, 636.0]
[48.0, 32.0, 897.0, 669.0]
[0.0, 32.0, 850.0, 670.0]
[64.0, 48.0, 915.0, 686.0]
[16.0, 0.0, 868.0, 639.0]
[80.0, 32.0, 933.0, 672.0]
[64.0, 16.0, 918.0, 656.0]
[0.0, 0.0, 855.0, 641.0]
[0.0, 16.0, 856.0, 658.0]
[32.0, 16.0, 889.0, 659.0]
[48.0, 16.0, 906.0, 660.0]
[32.0, 16.0, 891.0, 660.0]
[80.0, 32.0, 940.0, 677.0]
[32.0, 0.0, 893.0, 646.0]
[48.0, 0.0, 910.0, 646.0]
[32.0, 16.0, 895.0, 663.0]
[0.0, 32.0, 864.0, 680.0]
[48.0, 16.0, 913.0, 665.0]
[0.0, 32.0, 866.0, 682.0]
[16.0, 32.0, 883.0, 682.0]
[80.0, 0.0, 948.0, 651.0]
[48.0, 0.0, 917.0, 652.0]
[0.0, 32.0, 870.0, 684.0]
[0.0, 0.0, 871.0, 653.0]
[16.0, 0.0, 888.0, 654.0]
[32.0, 0.0, 905.0, 655.0]
[32.0, 0.0, 906.0, 656.0]
[16.0, 0.0, 891.0, 656.0]
[32.0, 16.0, 908.0, 673.0]
[64.0, 16.0, 941.0, 674.0]
[32.0, 16.0, 910.0, 674.0]
[32.0, 0.0, 911.0, 659.0]
[32.0, 16.0, 912.0, 676.0]
[16.0, 16.0, 897.0, 677.0]
[48.0, 0.0, 930.0, 662.0]
[0.0, 0.0, 883.0, 662.0]
[0.0, 0.0, 884.0, 663.0]
[48.0, 0.0, 933.0, 664.0]
[48.0, 16.0, 934.0, 680.0]
[0.0, 16.0, 887.0, 681.0]
[16.0, 0.0, 904.0, 666.0]
[64.0, 0.0, 953.0, 667.0]
[32.0, 0.0, 922.0, 668.0]
[16.0, 0.0, 907.0, 668.0]
[64.0, 0.0, 956.0, 669.0]
[32.0, 16.0, 925.0, 686.0]
[32.0, 0.0, 926.0, 670.0]
[48.0, 0.0, 943.0, 671.0]
[48.0, 0.0, 944.0, 672.0]
[0.0, 0.0, 897.0, 673.0]
[0.0, 0.0, 898.0, 674.0]
[32.0, 0.0, 931.0, 674.0]
[48.0, 0.0, 948.0, 675.0]
[0.0, 0.0, 901.0, 676.0]
[32.0, 0.0, 934.0, 676.0]
[16.0, 0.0, 919.0, 677.0]
[0.0, 0.0, 904.0, 678.0]
[48.0, 0.0, 953.0, 679.0]
[16.0, 0.0, 922.0, 680.0]
[0.0, 0.0, 907.0, 680.0]
[0.0, 0.0, 908.0, 681.0]
[48.0, 0.0, 957.0, 682.0]
[32.0, 0.0, 942.0, 682.0]
[32.0, 0.0, 943.0, 683.0]
[32.0, 0.0, 944.0, 684.0]
[16.0, 0.0, 929.0, 685.0]
