[176.0, 32.0, 893.0, 570.0]
[144.0, 96.0, 862.0, 634.0]
[208.0, 32.0, 927.0, 571.0]
[256.0, 16.0, 976.0, 556.0]
[128.0, 48.0, 849.0, 589.0]
[112.0, 80.0, 834.0, 622.0]
[128.0, 80.0, 851.0, 622.0]
[176.0, 80.0, 900.0, 623.0]
[240.0, 32.0, 965.0, 576.0]
[144.0, 32.0, 870.0, 576.0]
[144.0, 64.0, 871.0, 609.0]
[192.0, 32.0, 920.0, 578.0]
[272.0, 64.0, 1001.0, 611.0]
[256.0, 64.0, 986.0, 612.0]
[128.0, 32.0, 859.0, 580.0]
[160.0, 96.0, 892.0, 645.0]
[176.0, 96.0, 909.0, 646.0]
[224.0, 64.0, 958.0, 614.0]
[144.0, 112.0, 879.0, 663.0]
[128.0, 80.0, 864.0, 632.0]
[128.0, 32.0, 865.0, 585.0]
[240.0, 48.0, 978.0, 602.0]
[240.0, 0.0, 979.0, 554.0]
[192.0, 32.0, 932.0, 587.0]
[208.0, 80.0, 949.0, 636.0]
[160.0, 112.0, 902.0, 668.0]
[128.0, 64.0, 871.0, 621.0]
[192.0, 80.0, 936.0, 638.0]
[144.0, 112.0, 889.0, 671.0]
[96.0, 64.0, 842.0, 624.0]
[208.0, 112.0, 955.0, 672.0]
[112.0, 112.0, 860.0, 673.0]
[192.0, 80.0, 941.0, 642.0]
[208.0, 48.0, 958.0, 610.0]
[128.0, 48.0, 879.0, 611.0]
[112.0, 16.0, 864.0, 580.0]
[240.0, 64.0, 993.0, 629.0]
[160.0, 64.0, 914.0, 630.0]
[192.0, 96.0, 947.0, 662.0]
[192.0, 64.0, 948.0, 631.0]
[256.0, 80.0, 1013.0, 648.0]
[96.0, 64.0, 854.0, 632.0]
[208.0, 16.0, 967.0, 585.0]
[208.0, 16.0, 968.0, 586.0]
[224.0, 32.0, 985.0, 603.0]
[112.0, 48.0, 874.0, 620.0]
[144.0, 48.0, 907.0, 620.0]
[80.0, 32.0, 844.0, 605.0]
[192.0, 96.0, 957.0, 670.0]
[96.0, 32.0, 862.0, 606.0]
[256.0, 32.0, 1023.0, 607.0]
[112.0, 96.0, 880.0, 672.0]
[80.0, 16.0, 849.0, 593.0]
[224.0, 64.0, 994.0, 642.0]
[144.0, 96.0, 915.0, 674.0]
[176.0, 32.0, 948.0, 611.0]
[160.0, 0.0, 933.0, 580.0]
[64.0, 32.0, 838.0, 612.0]
[96.0, 48.0, 871.0, 629.0]
[176.0, 48.0, 952.0, 630.0]
[144.0, 16.0, 921.0, 599.0]
[96.0, 32.0, 874.0, 616.0]
[224.0, 0.0, 1003.0, 584.0]
[128.0, 80.0, 908.0, 665.0]
[176.0, 16.0, 957.0, 602.0]
[80.0, 16.0, 862.0, 602.0]
[144.0, 80.0, 927.0, 667.0]
[96.0, 0.0, 880.0, 588.0]
[80.0, 80.0, 865.0, 669.0]
[160.0, 16.0, 946.0, 606.0]
[112.0, 80.0, 899.0, 670.0]
[176.0, 0.0, 964.0, 591.0]
[192.0, 80.0, 981.0, 672.0]
[208.0, 32.0, 998.0, 624.0]
[160.0, 32.0, 951.0, 625.0]
[96.0, 0.0, 888.0, 594.0]
[144.0, 32.0, 937.0, 627.0]
[80.0, 80.0, 874.0, 676.0]
[80.0, 80.0, 875.0, 676.0]
[144.0, 0.0, 940.0, 597.0]
[192.0, 80.0, 989.0, 678.0]
[112.0, 0.0, 910.0, 598.0]
[128.0, 32.0, 927.0, 631.0]
[128.0, 80.0, 928.0, 680.0]
[64.0, 80.0, 865.0, 681.0]
[176.0, 48.0, 978.0, 650.0]
[80.0, 32.0, 883.0, 634.0]
[192.0, 48.0, 996.0, 651.0]
[112.0, 0.0, 917.0, 604.0]
[128.0, 64.0, 934.0, 668.0]
[192.0, 64.0, 999.0, 669.0]
[192.0, 16.0, 1000.0, 622.0]
[192.0, 0.0, 1001.0, 607.0]
[32.0, 16.0, 842.0, 624.0]
[192.0, 64.0, 1003.0, 672.0]
[16.0, 48.0, 828.0, 657.0]
[128.0, 16.0, 941.0, 626.0]
[128.0, 64.0, 942.0, 674.0]
[32.0, 16.0, 847.0, 627.0]
[128.0, 64.0, 944.0, 676.0]
[112.0, 16.0, 929.0, 629.0]
[64.0, 48.0, 882.0, 662.0]
[112.0, 16.0, 931.0, 630.0]
[96.0, 48.0, 916.0, 663.0]
[144.0, 48.0, 965.0, 664.0]
[80.0, 48.0, 902.0, 664.0]
[16.0, 16.0, 839.0, 633.0]
[48.0, 32.0, 872.0, 650.0]
[32.0, 16.0, 857.0, 635.0]
[176.0, 0.0, 1002.0, 620.0]
[144.0, 48.0, 971.0, 668.0]
[64.0, 32.0, 892.0, 653.0]
[64.0, 16.0, 893.0, 638.0]
[128.0, 48.0, 958.0, 670.0]
[96.0, 0.0, 927.0, 623.0]
[144.0, 16.0, 976.0, 640.0]
[80.0, 32.0, 913.0, 657.0]
[160.0, 16.0, 994.0, 642.0]
[96.0, 32.0, 931.0, 658.0]
[80.0, 48.0, 916.0, 675.0]
[144.0, 16.0, 981.0, 644.0]
[48.0, 32.0, 886.0, 660.0]
[144.0, 48.0, 983.0, 677.0]
[176.0, 48.0, 1016.0, 678.0]
[16.0, 32.0, 857.0, 663.0]
[144.0, 48.0, 986.0, 680.0]
[128.0, 16.0, 971.0, 648.0]
[0.0, 32.0, 844.0, 665.0]
[64.0, 16.0, 909.0, 650.0]
[128.0, 32.0, 974.0, 666.0]
[176.0, 0.0, 1023.0, 635.0]
[144.0, 32.0, 992.0, 668.0]
[96.0, 0.0, 945.0, 637.0]
[112.0, 32.0, 962.0, 670.0]
[16.0, 32.0, 867.0, 670.0]
[112.0, 0.0, 964.0, 639.0]
[128.0, 32.0, 981.0, 672.0]
[128.0, 0.0, 982.0, 640.0]
[144.0, 16.0, 999.0, 657.0]
[64.0, 0.0, 920.0, 642.0]
[128.0, 16.0, 985.0, 659.0]
[160.0, 0.0, 1018.0, 644.0]
[144.0, 0.0, 1003.0, 644.0]
[32.0, 16.0, 892.0, 661.0]
[80.0, 16.0, 941.0, 662.0]
[48.0, 16.0, 910.0, 662.0]
[0.0, 0.0, 863.0, 647.0]
[144.0, 32.0, 1008.0, 680.0]
[0.0, 16.0, 865.0, 665.0]
[144.0, 16.0, 1010.0, 666.0]
[32.0, 16.0, 899.0, 666.0]
[48.0, 0.0, 916.0, 651.0]
[144.0, 0.0, 1013.0, 652.0]
[32.0, 0.0, 902.0, 652.0]
[32.0, 0.0, 903.0, 653.0]
[80.0, 0.0, 952.0, 654.0]
[64.0, 0.0, 937.0, 655.0]
[112.0, 16.0, 986.0, 672.0]
[32.0, 16.0, 907.0, 672.0]
[32.0, 0.0, 908.0, 657.0]
[96.0, 0.0, 973.0, 658.0]
[144.0, 0.0, 1022.0, 658.0]
[48.0, 0.0, 927.0, 659.0]
[0.0, 0.0, 880.0, 660.0]
[0.0, 16.0, 881.0, 677.0]
[128.0, 0.0, 1010.0, 662.0]
[128.0, 0.0, 1011.0, 662.0]
[0.0, 0.0, 884.0, 663.0]
[16.0, 0.0, 901.0, 664.0]
[80.0, 16.0, 966.0, 680.0]
[80.0, 16.0, 967.0, 681.0]
[32.0, 0.0, 920.0, 666.0]
[32.0, 0.0, 921.0, 667.0]
[128.0, 0.0, 1018.0, 668.0]
[64.0, 0.0, 955.0, 668.0]
[96.0, 0.0, 988.0, 669.0]
[32.0, 0.0, 925.0, 670.0]
[112.0, 0.0, 1006.0, 670.0]
[128.0, 0.0, 1023.0, 671.0]
[32.0, 0.0, 928.0, 672.0]
[112.0, 0.0, 1009.0, 673.0]
[80.0, 0.0, 978.0, 674.0]
[64.0, 0.0, 963.0, 674.0]
[112.0, 0.0, 1012.0, 675.0]
[16.0, 0.0, 917.0, 676.0]
[0.0, 0.0, 902.0, 676.0]
[64.0, 0.0, 967.0, 677.0]
[48.0, 0.0, 952.0, 678.0]
[64.0, 0.0, 969.0, 679.0]
[112.0, 0.0, 1018.0, 680.0]
[48.0, 0.0, 955.0, 680.0]
[80.0, 0.0, 988.0, 681.0]
