[80.0, 192.0, 797.0, 730.0]
[64.0, 176.0, 782.0, 714.0]
[32.0, 128.0, 751.0, 667.0]
[176.0, 112.0, 896.0, 652.0]
[176.0, 112.0, 897.0, 653.0]
[176.0, 160.0, 898.0, 702.0]
[96.0, 144.0, 819.0, 686.0]
[80.0, 160.0, 804.0, 703.0]
[48.0, 176.0, 773.0, 720.0]
[128.0, 208.0, 854.0, 752.0]
[176.0, 128.0, 903.0, 673.0]
[32.0, 176.0, 760.0, 722.0]
[208.0, 176.0, 937.0, 723.0]
[128.0, 192.0, 858.0, 740.0]
[112.0, 160.0, 843.0, 708.0]
[192.0, 160.0, 924.0, 709.0]
[176.0, 176.0, 909.0, 726.0]
[160.0, 160.0, 894.0, 710.0]
[32.0, 160.0, 767.0, 711.0]
[112.0, 208.0, 848.0, 760.0]
[48.0, 208.0, 785.0, 761.0]
[128.0, 128.0, 866.0, 682.0]
[144.0, 144.0, 883.0, 698.0]
[144.0, 160.0, 884.0, 715.0]
[176.0, 160.0, 917.0, 716.0]
[176.0, 160.0, 918.0, 716.0]
[128.0, 96.0, 871.0, 653.0]
[112.0, 192.0, 856.0, 750.0]
[192.0, 144.0, 937.0, 703.0]
[0.0, 128.0, 746.0, 688.0]
[32.0, 128.0, 779.0, 688.0]
[32.0, 192.0, 780.0, 753.0]
[16.0, 112.0, 765.0, 674.0]
[176.0, 144.0, 926.0, 706.0]
[80.0, 128.0, 831.0, 691.0]
[128.0, 176.0, 880.0, 740.0]
[0.0, 160.0, 753.0, 725.0]
[80.0, 192.0, 834.0, 758.0]
[112.0, 128.0, 867.0, 694.0]
[144.0, 80.0, 900.0, 647.0]
[112.0, 160.0, 869.0, 728.0]
[96.0, 208.0, 854.0, 776.0]
[144.0, 176.0, 903.0, 745.0]
[80.0, 144.0, 840.0, 714.0]
[96.0, 192.0, 857.0, 763.0]
[16.0, 96.0, 778.0, 668.0]
[144.0, 96.0, 907.0, 668.0]
[80.0, 80.0, 844.0, 653.0]
[96.0, 144.0, 861.0, 718.0]
[80.0, 144.0, 846.0, 718.0]
[176.0, 144.0, 943.0, 719.0]
[0.0, 112.0, 768.0, 688.0]
[128.0, 192.0, 897.0, 769.0]
[16.0, 176.0, 786.0, 754.0]
[144.0, 96.0, 915.0, 674.0]
[32.0, 160.0, 804.0, 739.0]
[176.0, 112.0, 949.0, 692.0]
[16.0, 176.0, 790.0, 756.0]
[192.0, 112.0, 967.0, 693.0]
[64.0, 192.0, 840.0, 774.0]
[80.0, 192.0, 857.0, 775.0]
[16.0, 80.0, 794.0, 664.0]
[144.0, 192.0, 923.0, 776.0]
[32.0, 176.0, 812.0, 761.0]
[96.0, 128.0, 877.0, 714.0]
[128.0, 128.0, 910.0, 714.0]
[64.0, 96.0, 847.0, 683.0]
[80.0, 144.0, 864.0, 732.0]
[16.0, 192.0, 801.0, 781.0]
[80.0, 80.0, 866.0, 670.0]
[144.0, 176.0, 931.0, 766.0]
[96.0, 64.0, 884.0, 655.0]
[112.0, 144.0, 901.0, 736.0]
[80.0, 144.0, 870.0, 736.0]
[16.0, 160.0, 807.0, 753.0]
[48.0, 176.0, 840.0, 770.0]
[80.0, 144.0, 873.0, 739.0]
[48.0, 128.0, 842.0, 724.0]
[80.0, 80.0, 875.0, 676.0]
[32.0, 96.0, 828.0, 693.0]
[64.0, 64.0, 861.0, 662.0]
[112.0, 128.0, 910.0, 726.0]
[80.0, 64.0, 879.0, 663.0]
[48.0, 176.0, 848.0, 776.0]
[96.0, 128.0, 897.0, 729.0]
[96.0, 160.0, 898.0, 762.0]
[112.0, 160.0, 915.0, 762.0]
[96.0, 144.0, 900.0, 747.0]
[112.0, 64.0, 917.0, 668.0]
[144.0, 128.0, 950.0, 732.0]
[144.0, 80.0, 951.0, 685.0]
[64.0, 176.0, 872.0, 782.0]
[144.0, 176.0, 953.0, 783.0]
[112.0, 112.0, 922.0, 720.0]
[16.0, 144.0, 827.0, 752.0]
[80.0, 160.0, 892.0, 769.0]
[112.0, 144.0, 925.0, 754.0]
[64.0, 160.0, 878.0, 770.0]
[64.0, 144.0, 879.0, 755.0]
[48.0, 144.0, 864.0, 756.0]
[16.0, 112.0, 833.0, 725.0]
[0.0, 160.0, 818.0, 774.0]
[80.0, 128.0, 899.0, 742.0]
[112.0, 128.0, 932.0, 743.0]
[144.0, 96.0, 965.0, 712.0]
[0.0, 144.0, 822.0, 760.0]
[96.0, 144.0, 919.0, 761.0]
[32.0, 160.0, 856.0, 778.0]
[32.0, 96.0, 857.0, 715.0]
[48.0, 80.0, 874.0, 700.0]
[128.0, 80.0, 955.0, 700.0]
[64.0, 64.0, 892.0, 685.0]
[64.0, 160.0, 893.0, 782.0]
[48.0, 128.0, 878.0, 750.0]
[112.0, 112.0, 943.0, 735.0]
[80.0, 48.0, 912.0, 672.0]
[32.0, 96.0, 865.0, 721.0]
[32.0, 144.0, 866.0, 770.0]
[32.0, 160.0, 867.0, 786.0]
[32.0, 144.0, 868.0, 771.0]
[80.0, 64.0, 917.0, 692.0]
[16.0, 80.0, 854.0, 708.0]
[128.0, 112.0, 967.0, 741.0]
[16.0, 48.0, 856.0, 678.0]
[16.0, 128.0, 857.0, 759.0]
[80.0, 96.0, 922.0, 728.0]
[64.0, 80.0, 907.0, 712.0]
[16.0, 64.0, 860.0, 697.0]
[96.0, 128.0, 941.0, 762.0]
[16.0, 128.0, 862.0, 762.0]
[48.0, 144.0, 895.0, 779.0]
[64.0, 144.0, 912.0, 780.0]
[112.0, 64.0, 961.0, 701.0]
[48.0, 96.0, 898.0, 734.0]
[16.0, 80.0, 867.0, 718.0]
[96.0, 128.0, 948.0, 767.0]
[80.0, 112.0, 933.0, 752.0]
[48.0, 96.0, 902.0, 736.0]
[80.0, 112.0, 935.0, 753.0]
[32.0, 64.0, 888.0, 706.0]
[32.0, 32.0, 889.0, 675.0]
[16.0, 48.0, 874.0, 692.0]
[96.0, 80.0, 955.0, 724.0]
[0.0, 128.0, 860.0, 773.0]
[16.0, 64.0, 877.0, 710.0]
[64.0, 32.0, 926.0, 678.0]
[48.0, 112.0, 911.0, 759.0]
[16.0, 48.0, 880.0, 696.0]
[16.0, 64.0, 881.0, 713.0]
[64.0, 128.0, 930.0, 778.0]
[80.0, 32.0, 947.0, 682.0]
[16.0, 16.0, 884.0, 667.0]
[32.0, 64.0, 901.0, 716.0]
[48.0, 48.0, 918.0, 700.0]
[0.0, 112.0, 871.0, 765.0]
[0.0, 128.0, 872.0, 782.0]
[96.0, 64.0, 969.0, 719.0]
[80.0, 96.0, 954.0, 752.0]
[0.0, 112.0, 875.0, 768.0]
[32.0, 80.0, 908.0, 737.0]
[80.0, 64.0, 957.0, 722.0]
[16.0, 112.0, 894.0, 770.0]
[48.0, 32.0, 927.0, 691.0]
[64.0, 80.0, 944.0, 740.0]
[48.0, 64.0, 929.0, 725.0]
[48.0, 32.0, 930.0, 694.0]
[48.0, 16.0, 931.0, 678.0]
[48.0, 80.0, 932.0, 743.0]
[64.0, 16.0, 949.0, 680.0]
[64.0, 96.0, 950.0, 760.0]
[32.0, 80.0, 919.0, 745.0]
[48.0, 48.0, 936.0, 714.0]
[64.0, 32.0, 953.0, 699.0]
[0.0, 16.0, 890.0, 684.0]
[64.0, 96.0, 955.0, 764.0]
[48.0, 96.0, 940.0, 765.0]
[48.0, 32.0, 941.0, 702.0]
[64.0, 64.0, 958.0, 734.0]
[0.0, 80.0, 895.0, 751.0]
[64.0, 64.0, 960.0, 736.0]
[48.0, 16.0, 945.0, 689.0]
[64.0, 64.0, 962.0, 738.0]
[16.0, 112.0, 915.0, 786.0]
[64.0, 96.0, 964.0, 771.0]
[16.0, 96.0, 917.0, 772.0]
[48.0, 64.0, 950.0, 740.0]
[64.0, 48.0, 967.0, 725.0]
[32.0, 32.0, 936.0, 710.0]
[16.0, 80.0, 921.0, 759.0]
[48.0, 32.0, 954.0, 712.0]
[32.0, 80.0, 939.0, 760.0]
[32.0, 96.0, 940.0, 777.0]
[0.0, 64.0, 909.0, 746.0]
[16.0, 96.0, 926.0, 778.0]
[0.0, 80.0, 911.0, 763.0]
[0.0, 0.0, 912.0, 684.0]
[32.0, 80.0, 945.0, 765.0]
[0.0, 80.0, 914.0, 766.0]
[16.0, 0.0, 931.0, 686.0]
[0.0, 16.0, 916.0, 703.0]
[48.0, 64.0, 965.0, 752.0]
[0.0, 0.0, 918.0, 688.0]
[16.0, 64.0, 935.0, 753.0]
[0.0, 16.0, 920.0, 706.0]
[0.0, 48.0, 921.0, 739.0]
[0.0, 64.0, 922.0, 756.0]
[32.0, 32.0, 955.0, 724.0]
[0.0, 48.0, 924.0, 741.0]
