[160.0, 64.0, 901.0, 620.0]
[176.0, 96.0, 918.0, 652.0]
[64.0, 80.0, 807.0, 637.0]
[48.0, 32.0, 792.0, 590.0]
[240.0, 64.0, 985.0, 623.0]
[64.0, 32.0, 810.0, 592.0]
[80.0, 64.0, 827.0, 624.0]
[224.0, 96.0, 972.0, 657.0]
[112.0, 96.0, 861.0, 658.0]
[48.0, 64.0, 798.0, 626.0]
[112.0, 80.0, 863.0, 643.0]
[144.0, 32.0, 896.0, 596.0]
[96.0, 96.0, 849.0, 661.0]
[176.0, 48.0, 930.0, 614.0]
[144.0, 64.0, 899.0, 630.0]
[48.0, 32.0, 804.0, 599.0]
[144.0, 80.0, 901.0, 648.0]
[96.0, 80.0, 854.0, 648.0]
[144.0, 64.0, 903.0, 633.0]
[80.0, 16.0, 840.0, 586.0]
[128.0, 32.0, 889.0, 603.0]
[144.0, 16.0, 906.0, 588.0]
[224.0, 16.0, 987.0, 588.0]
[48.0, 48.0, 812.0, 621.0]
[48.0, 64.0, 813.0, 638.0]
[96.0, 16.0, 862.0, 590.0]
[160.0, 32.0, 927.0, 607.0]
[192.0, 64.0, 960.0, 640.0]
[80.0, 32.0, 849.0, 609.0]
[128.0, 16.0, 898.0, 594.0]
[144.0, 64.0, 915.0, 642.0]
[176.0, 80.0, 948.0, 659.0]
[80.0, 64.0, 853.0, 644.0]
[80.0, 64.0, 854.0, 644.0]
[160.0, 96.0, 935.0, 677.0]
[16.0, 80.0, 792.0, 662.0]
[192.0, 96.0, 969.0, 679.0]
[192.0, 96.0, 970.0, 680.0]
[0.0, 32.0, 779.0, 616.0]
[240.0, 64.0, 1020.0, 649.0]
[240.0, 32.0, 1021.0, 618.0]
[96.0, 48.0, 878.0, 634.0]
[208.0, 48.0, 991.0, 635.0]
[176.0, 64.0, 960.0, 652.0]
[64.0, 0.0, 849.0, 589.0]
[32.0, 80.0, 818.0, 670.0]
[48.0, 16.0, 835.0, 606.0]
[112.0, 16.0, 900.0, 607.0]
[64.0, 16.0, 853.0, 608.0]
[112.0, 64.0, 902.0, 656.0]
[64.0, 16.0, 855.0, 609.0]
[128.0, 0.0, 920.0, 594.0]
[160.0, 32.0, 953.0, 627.0]
[64.0, 32.0, 858.0, 628.0]
[96.0, 48.0, 891.0, 644.0]
[64.0, 64.0, 860.0, 661.0]
[224.0, 32.0, 1021.0, 630.0]
[0.0, 64.0, 798.0, 662.0]
[128.0, 48.0, 927.0, 647.0]
[48.0, 80.0, 848.0, 680.0]
[64.0, 80.0, 865.0, 681.0]
[160.0, 64.0, 962.0, 666.0]
[208.0, 0.0, 1011.0, 602.0]
[64.0, 48.0, 868.0, 651.0]
[144.0, 0.0, 949.0, 604.0]
[16.0, 16.0, 822.0, 620.0]
[0.0, 16.0, 807.0, 621.0]
[32.0, 32.0, 840.0, 638.0]
[0.0, 64.0, 809.0, 671.0]
[80.0, 0.0, 890.0, 608.0]
[48.0, 64.0, 859.0, 672.0]
[192.0, 32.0, 1004.0, 641.0]
[32.0, 0.0, 845.0, 610.0]
[192.0, 64.0, 1006.0, 674.0]
[112.0, 0.0, 927.0, 611.0]
[128.0, 48.0, 944.0, 660.0]
[32.0, 16.0, 849.0, 629.0]
[0.0, 0.0, 818.0, 614.0]
[176.0, 16.0, 995.0, 630.0]
[16.0, 48.0, 836.0, 663.0]
[32.0, 64.0, 853.0, 680.0]
[112.0, 64.0, 934.0, 680.0]
[96.0, 48.0, 919.0, 665.0]
[128.0, 32.0, 952.0, 650.0]
[16.0, 32.0, 841.0, 651.0]
[144.0, 48.0, 970.0, 668.0]
[0.0, 32.0, 827.0, 652.0]
[32.0, 16.0, 860.0, 637.0]
[96.0, 48.0, 925.0, 670.0]
[0.0, 16.0, 830.0, 638.0]
[0.0, 48.0, 831.0, 671.0]
[144.0, 16.0, 976.0, 640.0]
[96.0, 48.0, 929.0, 673.0]
[48.0, 48.0, 882.0, 674.0]
[48.0, 16.0, 883.0, 642.0]
[160.0, 48.0, 996.0, 675.0]
[64.0, 0.0, 901.0, 628.0]
[96.0, 48.0, 934.0, 676.0]
[0.0, 0.0, 839.0, 629.0]
[112.0, 0.0, 952.0, 630.0]
[144.0, 48.0, 985.0, 679.0]
[96.0, 16.0, 938.0, 648.0]
[64.0, 16.0, 907.0, 648.0]
[16.0, 48.0, 860.0, 681.0]
[16.0, 48.0, 861.0, 682.0]
[0.0, 0.0, 846.0, 634.0]
[0.0, 16.0, 847.0, 651.0]
[64.0, 32.0, 912.0, 668.0]
[128.0, 32.0, 977.0, 669.0]
[160.0, 16.0, 1010.0, 654.0]
[160.0, 0.0, 1011.0, 638.0]
[48.0, 32.0, 900.0, 671.0]
[96.0, 0.0, 949.0, 640.0]
[112.0, 32.0, 966.0, 672.0]
[112.0, 0.0, 967.0, 641.0]
[144.0, 16.0, 1000.0, 658.0]
[64.0, 16.0, 921.0, 659.0]
[16.0, 0.0, 874.0, 644.0]
[0.0, 16.0, 859.0, 660.0]
[64.0, 0.0, 924.0, 645.0]
[64.0, 0.0, 925.0, 646.0]
[144.0, 16.0, 1006.0, 662.0]
[32.0, 16.0, 895.0, 663.0]
[80.0, 16.0, 944.0, 664.0]
[16.0, 32.0, 881.0, 681.0]
[96.0, 0.0, 962.0, 650.0]
[112.0, 16.0, 979.0, 666.0]
[80.0, 16.0, 948.0, 667.0]
[64.0, 32.0, 933.0, 684.0]
[32.0, 16.0, 902.0, 668.0]
[128.0, 16.0, 999.0, 669.0]
[80.0, 16.0, 952.0, 670.0]
[128.0, 16.0, 1001.0, 671.0]
[32.0, 16.0, 906.0, 672.0]
[0.0, 16.0, 875.0, 672.0]
[16.0, 0.0, 892.0, 657.0]
[16.0, 0.0, 893.0, 658.0]
[80.0, 16.0, 958.0, 674.0]
[16.0, 0.0, 895.0, 659.0]
[128.0, 16.0, 1008.0, 676.0]
[96.0, 0.0, 977.0, 661.0]
[112.0, 16.0, 994.0, 678.0]
[0.0, 0.0, 883.0, 662.0]
[112.0, 16.0, 996.0, 679.0]
[64.0, 16.0, 949.0, 680.0]
[128.0, 16.0, 1014.0, 680.0]
[96.0, 16.0, 983.0, 681.0]
[48.0, 16.0, 936.0, 682.0]
[16.0, 0.0, 905.0, 667.0]
[112.0, 16.0, 1002.0, 684.0]
[32.0, 0.0, 923.0, 668.0]
[96.0, 0.0, 988.0, 669.0]
[80.0, 0.0, 973.0, 670.0]
[80.0, 0.0, 974.0, 670.0]
[80.0, 0.0, 975.0, 671.0]
[48.0, 0.0, 944.0, 672.0]
[32.0, 0.0, 929.0, 673.0]
[48.0, 0.0, 946.0, 674.0]
[16.0, 0.0, 915.0, 674.0]
[64.0, 0.0, 964.0, 675.0]
[16.0, 0.0, 917.0, 676.0]
[64.0, 0.0, 966.0, 676.0]
[16.0, 0.0, 919.0, 677.0]
[64.0, 0.0, 968.0, 678.0]
[16.0, 0.0, 921.0, 679.0]
[96.0, 0.0, 1002.0, 680.0]
[0.0, 0.0, 907.0, 680.0]
[112.0, 0.0, 1020.0, 681.0]
[64.0, 0.0, 973.0, 682.0]
[80.0, 0.0, 990.0, 682.0]
[80.0, 0.0, 991.0, 683.0]
[80.0, 0.0, 992.0, 684.0]
