[16.0, 16.0, 733.0, 554.0]
[32.0, 16.0, 750.0, 554.0]
[32.0, 32.0, 751.0, 571.0]
[32.0, 48.0, 752.0, 588.0]
[32.0, 48.0, 753.0, 589.0]
[96.0, 48.0, 818.0, 590.0]
[112.0, 48.0, 835.0, 590.0]
[16.0, 48.0, 740.0, 591.0]
[80.0, 48.0, 805.0, 592.0]
[48.0, 64.0, 774.0, 608.0]
[48.0, 32.0, 775.0, 577.0]
[32.0, 0.0, 760.0, 546.0]
[16.0, 0.0, 745.0, 547.0]
[32.0, 32.0, 762.0, 580.0]
[112.0, 48.0, 843.0, 596.0]
[64.0, 32.0, 796.0, 581.0]
[0.0, 0.0, 733.0, 550.0]
[0.0, 0.0, 734.0, 550.0]
[0.0, 32.0, 735.0, 583.0]
[16.0, 48.0, 752.0, 600.0]
[48.0, 0.0, 785.0, 553.0]
[0.0, 16.0, 738.0, 570.0]
[48.0, 48.0, 787.0, 602.0]
[48.0, 16.0, 788.0, 571.0]
[80.0, 48.0, 821.0, 604.0]
[48.0, 0.0, 790.0, 556.0]
[48.0, 48.0, 791.0, 605.0]
[48.0, 16.0, 792.0, 574.0]
[48.0, 0.0, 793.0, 559.0]
[32.0, 16.0, 778.0, 576.0]
[48.0, 0.0, 795.0, 560.0]
[80.0, 48.0, 828.0, 609.0]
[0.0, 48.0, 749.0, 610.0]
[48.0, 0.0, 798.0, 562.0]
[64.0, 48.0, 815.0, 611.0]
[32.0, 48.0, 784.0, 612.0]
[80.0, 16.0, 833.0, 581.0]
[16.0, 16.0, 770.0, 582.0]
[64.0, 0.0, 819.0, 566.0]
[16.0, 32.0, 772.0, 599.0]
[96.0, 32.0, 853.0, 600.0]
[0.0, 0.0, 758.0, 568.0]
[64.0, 16.0, 823.0, 585.0]
[48.0, 0.0, 808.0, 570.0]
[48.0, 0.0, 809.0, 571.0]
[80.0, 32.0, 842.0, 604.0]
[48.0, 32.0, 811.0, 604.0]
[0.0, 0.0, 764.0, 573.0]
[0.0, 32.0, 765.0, 606.0]
[64.0, 0.0, 830.0, 574.0]
[48.0, 16.0, 815.0, 591.0]
[32.0, 32.0, 800.0, 608.0]
[64.0, 32.0, 833.0, 609.0]
[32.0, 16.0, 802.0, 594.0]
[32.0, 32.0, 803.0, 610.0]
[64.0, 0.0, 836.0, 579.0]
[48.0, 0.0, 821.0, 580.0]
[16.0, 0.0, 790.0, 580.0]
[64.0, 0.0, 839.0, 581.0]
[32.0, 16.0, 808.0, 598.0]
[64.0, 16.0, 841.0, 599.0]
[64.0, 16.0, 842.0, 600.0]
[16.0, 0.0, 795.0, 584.0]
[64.0, 16.0, 844.0, 601.0]
[32.0, 16.0, 813.0, 602.0]
[48.0, 0.0, 830.0, 586.0]
[32.0, 16.0, 815.0, 603.0]
[48.0, 0.0, 832.0, 588.0]
[48.0, 16.0, 833.0, 605.0]
[16.0, 16.0, 802.0, 606.0]
[0.0, 0.0, 787.0, 590.0]
[16.0, 16.0, 804.0, 607.0]
[32.0, 0.0, 821.0, 592.0]
[16.0, 0.0, 806.0, 592.0]
[32.0, 0.0, 823.0, 593.0]
[48.0, 16.0, 840.0, 610.0]
[0.0, 0.0, 793.0, 595.0]
[0.0, 16.0, 794.0, 612.0]
[0.0, 0.0, 795.0, 596.0]
[0.0, 0.0, 796.0, 597.0]
[32.0, 0.0, 829.0, 598.0]
[16.0, 0.0, 814.0, 598.0]
[0.0, 0.0, 799.0, 599.0]
[16.0, 0.0, 816.0, 600.0]
[16.0, 0.0, 817.0, 601.0]
[0.0, 0.0, 802.0, 602.0]
[32.0, 0.0, 835.0, 602.0]
[0.0, 0.0, 804.0, 603.0]
[48.0, 0.0, 853.0, 604.0]
[16.0, 0.0, 822.0, 604.0]
[0.0, 0.0, 807.0, 605.0]
[0.0, 0.0, 808.0, 606.0]
[16.0, 0.0, 825.0, 607.0]
[32.0, 0.0, 842.0, 608.0]
[32.0, 0.0, 843.0, 608.0]
[0.0, 0.0, 812.0, 609.0]
[16.0, 0.0, 829.0, 610.0]
[32.0, 0.0, 846.0, 610.0]
