[256.0, 32.0, 973.0, 570.0]
[80.0, 48.0, 798.0, 586.0]
[208.0, 32.0, 927.0, 571.0]
[128.0, 64.0, 848.0, 604.0]
[208.0, 32.0, 929.0, 573.0]
[192.0, 64.0, 914.0, 606.0]
[192.0, 16.0, 915.0, 558.0]
[160.0, 48.0, 884.0, 591.0]
[112.0, 16.0, 837.0, 560.0]
[64.0, 48.0, 790.0, 592.0]
[96.0, 32.0, 823.0, 577.0]
[192.0, 32.0, 920.0, 578.0]
[240.0, 16.0, 969.0, 563.0]
[160.0, 16.0, 890.0, 564.0]
[208.0, 48.0, 939.0, 596.0]
[240.0, 32.0, 972.0, 581.0]
[240.0, 16.0, 973.0, 566.0]
[16.0, 32.0, 750.0, 582.0]
[48.0, 16.0, 783.0, 567.0]
[48.0, 64.0, 784.0, 616.0]
[128.0, 16.0, 865.0, 569.0]
[192.0, 32.0, 930.0, 586.0]
[128.0, 48.0, 867.0, 602.0]
[256.0, 48.0, 996.0, 603.0]
[160.0, 32.0, 901.0, 588.0]
[96.0, 48.0, 838.0, 604.0]
[48.0, 48.0, 791.0, 605.0]
[144.0, 16.0, 888.0, 574.0]
[128.0, 48.0, 873.0, 607.0]
[112.0, 16.0, 858.0, 576.0]
[240.0, 0.0, 987.0, 560.0]
[240.0, 48.0, 988.0, 609.0]
[160.0, 64.0, 909.0, 626.0]
[192.0, 48.0, 942.0, 610.0]
[128.0, 0.0, 879.0, 563.0]
[160.0, 64.0, 912.0, 628.0]
[256.0, 32.0, 1009.0, 597.0]
[64.0, 48.0, 818.0, 614.0]
[64.0, 16.0, 819.0, 582.0]
[32.0, 64.0, 788.0, 631.0]
[128.0, 48.0, 885.0, 616.0]
[32.0, 16.0, 790.0, 584.0]
[160.0, 32.0, 919.0, 601.0]
[96.0, 64.0, 856.0, 634.0]
[112.0, 16.0, 873.0, 587.0]
[224.0, 48.0, 986.0, 620.0]
[32.0, 0.0, 795.0, 572.0]
[32.0, 16.0, 796.0, 589.0]
[64.0, 32.0, 829.0, 606.0]
[128.0, 64.0, 894.0, 638.0]
[224.0, 32.0, 991.0, 607.0]
[80.0, 32.0, 848.0, 608.0]
[16.0, 32.0, 785.0, 609.0]
[160.0, 16.0, 930.0, 594.0]
[192.0, 64.0, 963.0, 642.0]
[208.0, 32.0, 980.0, 611.0]
[96.0, 64.0, 869.0, 644.0]
[80.0, 0.0, 854.0, 580.0]
[32.0, 48.0, 807.0, 629.0]
[96.0, 16.0, 872.0, 598.0]
[80.0, 64.0, 857.0, 647.0]
[176.0, 48.0, 954.0, 632.0]
[160.0, 32.0, 939.0, 616.0]
[48.0, 32.0, 828.0, 617.0]
[176.0, 48.0, 957.0, 634.0]
[96.0, 48.0, 878.0, 634.0]
[192.0, 0.0, 975.0, 587.0]
[208.0, 48.0, 992.0, 636.0]
[64.0, 0.0, 849.0, 589.0]
[96.0, 16.0, 882.0, 606.0]
[160.0, 0.0, 947.0, 590.0]
[192.0, 48.0, 980.0, 639.0]
[160.0, 48.0, 949.0, 640.0]
[96.0, 64.0, 886.0, 656.0]
[144.0, 64.0, 935.0, 657.0]
[208.0, 0.0, 1000.0, 594.0]
[80.0, 16.0, 873.0, 611.0]
[64.0, 16.0, 858.0, 612.0]
[176.0, 16.0, 971.0, 612.0]
[160.0, 48.0, 956.0, 645.0]
[32.0, 32.0, 829.0, 630.0]
[160.0, 48.0, 958.0, 646.0]
[160.0, 32.0, 959.0, 631.0]
[208.0, 16.0, 1008.0, 616.0]
[48.0, 64.0, 849.0, 665.0]
[64.0, 0.0, 866.0, 602.0]
[48.0, 32.0, 851.0, 634.0]
[128.0, 48.0, 932.0, 651.0]
[128.0, 64.0, 933.0, 668.0]
[80.0, 48.0, 886.0, 652.0]
[192.0, 0.0, 999.0, 605.0]
[192.0, 32.0, 1000.0, 638.0]
[64.0, 48.0, 873.0, 655.0]
[32.0, 64.0, 842.0, 672.0]
[48.0, 16.0, 859.0, 624.0]
[32.0, 64.0, 844.0, 673.0]
[192.0, 0.0, 1005.0, 610.0]
[80.0, 32.0, 894.0, 642.0]
[0.0, 32.0, 815.0, 643.0]
[208.0, 16.0, 1024.0, 628.0]
[160.0, 64.0, 977.0, 677.0]
[112.0, 0.0, 930.0, 614.0]
[80.0, 16.0, 899.0, 630.0]
[80.0, 0.0, 900.0, 615.0]
[192.0, 48.0, 1013.0, 664.0]
[176.0, 32.0, 998.0, 648.0]
[16.0, 48.0, 839.0, 665.0]
[192.0, 48.0, 1016.0, 666.0]
[16.0, 16.0, 841.0, 635.0]
[192.0, 0.0, 1018.0, 620.0]
[144.0, 0.0, 971.0, 620.0]
[48.0, 16.0, 876.0, 637.0]
[48.0, 32.0, 877.0, 654.0]
[128.0, 32.0, 958.0, 654.0]
[112.0, 16.0, 943.0, 639.0]
[128.0, 32.0, 960.0, 656.0]
[144.0, 16.0, 977.0, 641.0]
[16.0, 32.0, 850.0, 658.0]
[112.0, 16.0, 947.0, 642.0]
[0.0, 32.0, 836.0, 659.0]
[32.0, 16.0, 869.0, 644.0]
[64.0, 48.0, 902.0, 676.0]
[48.0, 0.0, 887.0, 629.0]
[80.0, 32.0, 920.0, 662.0]
[160.0, 48.0, 1001.0, 679.0]
[32.0, 32.0, 874.0, 664.0]
[96.0, 32.0, 939.0, 664.0]
[16.0, 32.0, 860.0, 665.0]
[64.0, 48.0, 909.0, 682.0]
[96.0, 48.0, 942.0, 682.0]
[80.0, 48.0, 927.0, 683.0]
[128.0, 32.0, 976.0, 668.0]
[32.0, 0.0, 881.0, 637.0]
[160.0, 16.0, 1010.0, 654.0]
[96.0, 32.0, 947.0, 670.0]
[112.0, 0.0, 964.0, 639.0]
[16.0, 16.0, 869.0, 656.0]
[64.0, 0.0, 918.0, 640.0]
[0.0, 0.0, 855.0, 641.0]
[48.0, 16.0, 904.0, 658.0]
[112.0, 32.0, 969.0, 675.0]
[48.0, 16.0, 906.0, 660.0]
[80.0, 0.0, 939.0, 644.0]
[64.0, 32.0, 924.0, 677.0]
[80.0, 32.0, 941.0, 678.0]
[48.0, 32.0, 910.0, 678.0]
[32.0, 32.0, 895.0, 679.0]
[160.0, 0.0, 1024.0, 648.0]
[128.0, 32.0, 993.0, 681.0]
[96.0, 0.0, 962.0, 650.0]
[96.0, 0.0, 963.0, 650.0]
[80.0, 16.0, 948.0, 667.0]
[0.0, 16.0, 869.0, 668.0]
[80.0, 0.0, 950.0, 652.0]
[112.0, 0.0, 983.0, 653.0]
[80.0, 0.0, 952.0, 654.0]
[128.0, 16.0, 1001.0, 671.0]
[32.0, 16.0, 906.0, 672.0]
[32.0, 16.0, 907.0, 672.0]
[112.0, 16.0, 988.0, 673.0]
[112.0, 16.0, 989.0, 674.0]
[0.0, 0.0, 878.0, 658.0]
[80.0, 0.0, 959.0, 659.0]
[96.0, 16.0, 976.0, 676.0]
[112.0, 0.0, 993.0, 661.0]
[0.0, 0.0, 882.0, 662.0]
[32.0, 0.0, 915.0, 662.0]
[128.0, 0.0, 1012.0, 663.0]
[112.0, 16.0, 997.0, 680.0]
[96.0, 0.0, 982.0, 664.0]
[96.0, 0.0, 983.0, 665.0]
[64.0, 16.0, 952.0, 682.0]
[112.0, 0.0, 1001.0, 667.0]
[32.0, 0.0, 922.0, 668.0]
[112.0, 0.0, 1003.0, 668.0]
[16.0, 0.0, 908.0, 669.0]
[64.0, 0.0, 957.0, 670.0]
[32.0, 0.0, 926.0, 670.0]
[32.0, 0.0, 927.0, 671.0]
[64.0, 0.0, 960.0, 672.0]
[96.0, 0.0, 993.0, 673.0]
[32.0, 0.0, 930.0, 674.0]
[16.0, 0.0, 915.0, 674.0]
[80.0, 0.0, 980.0, 675.0]
[112.0, 0.0, 1013.0, 676.0]
[32.0, 0.0, 934.0, 676.0]
[48.0, 0.0, 951.0, 677.0]
[0.0, 0.0, 904.0, 678.0]
[96.0, 0.0, 1001.0, 679.0]
[32.0, 0.0, 938.0, 680.0]
[16.0, 0.0, 923.0, 680.0]
[32.0, 0.0, 940.0, 681.0]
[64.0, 0.0, 973.0, 682.0]
[48.0, 0.0, 958.0, 682.0]
[32.0, 0.0, 943.0, 683.0]
