[160.0, 48.0, 911.0, 611.0]
[48.0, 48.0, 800.0, 612.0]
[96.0, 96.0, 849.0, 661.0]
[128.0, 96.0, 882.0, 662.0]
[176.0, 96.0, 931.0, 662.0]
[192.0, 96.0, 948.0, 663.0]
[96.0, 64.0, 853.0, 632.0]
[48.0, 48.0, 806.0, 616.0]
[112.0, 112.0, 871.0, 681.0]
[96.0, 112.0, 856.0, 682.0]
[112.0, 48.0, 873.0, 619.0]
[176.0, 96.0, 938.0, 668.0]
[128.0, 80.0, 891.0, 652.0]
[176.0, 48.0, 940.0, 621.0]
[224.0, 80.0, 989.0, 654.0]
[192.0, 64.0, 958.0, 638.0]
[128.0, 64.0, 895.0, 639.0]
[32.0, 96.0, 800.0, 672.0]
[144.0, 80.0, 913.0, 657.0]
[176.0, 96.0, 946.0, 674.0]
[192.0, 96.0, 963.0, 674.0]
[48.0, 64.0, 820.0, 643.0]
[144.0, 32.0, 917.0, 612.0]
[144.0, 64.0, 918.0, 644.0]
[176.0, 16.0, 951.0, 597.0]
[96.0, 32.0, 872.0, 614.0]
[176.0, 96.0, 953.0, 679.0]
[112.0, 32.0, 890.0, 616.0]
[144.0, 80.0, 923.0, 664.0]
[16.0, 48.0, 796.0, 633.0]
[192.0, 80.0, 973.0, 666.0]
[144.0, 112.0, 926.0, 698.0]
[112.0, 32.0, 895.0, 619.0]
[176.0, 112.0, 960.0, 700.0]
[112.0, 32.0, 897.0, 621.0]
[176.0, 48.0, 962.0, 638.0]
[176.0, 80.0, 963.0, 670.0]
[224.0, 48.0, 1012.0, 639.0]
[160.0, 48.0, 949.0, 640.0]
[80.0, 16.0, 870.0, 608.0]
[176.0, 96.0, 967.0, 689.0]
[176.0, 80.0, 968.0, 674.0]
[64.0, 0.0, 857.0, 595.0]
[0.0, 32.0, 794.0, 628.0]
[128.0, 16.0, 923.0, 612.0]
[176.0, 112.0, 972.0, 709.0]
[192.0, 80.0, 989.0, 678.0]
[128.0, 112.0, 926.0, 710.0]
[80.0, 80.0, 879.0, 679.0]
[64.0, 64.0, 864.0, 664.0]
[192.0, 48.0, 993.0, 649.0]
[32.0, 16.0, 834.0, 618.0]
[144.0, 96.0, 947.0, 698.0]
[112.0, 0.0, 916.0, 603.0]
[32.0, 0.0, 837.0, 604.0]
[0.0, 32.0, 806.0, 636.0]
[176.0, 32.0, 983.0, 637.0]
[32.0, 0.0, 840.0, 606.0]
[0.0, 64.0, 809.0, 671.0]
[176.0, 80.0, 986.0, 688.0]
[160.0, 96.0, 971.0, 704.0]
[32.0, 16.0, 844.0, 625.0]
[32.0, 32.0, 845.0, 642.0]
[192.0, 32.0, 1006.0, 642.0]
[144.0, 80.0, 959.0, 691.0]
[64.0, 80.0, 880.0, 692.0]
[64.0, 112.0, 881.0, 725.0]
[144.0, 64.0, 962.0, 678.0]
[128.0, 32.0, 947.0, 646.0]
[128.0, 16.0, 948.0, 631.0]
[32.0, 96.0, 853.0, 712.0]
[0.0, 32.0, 822.0, 648.0]
[80.0, 16.0, 903.0, 633.0]
[112.0, 80.0, 936.0, 698.0]
[160.0, 80.0, 985.0, 699.0]
[80.0, 16.0, 906.0, 636.0]
[144.0, 112.0, 971.0, 732.0]
[112.0, 32.0, 940.0, 653.0]
[176.0, 32.0, 1005.0, 654.0]
[160.0, 0.0, 990.0, 622.0]
[144.0, 96.0, 975.0, 719.0]
[144.0, 32.0, 976.0, 656.0]
[64.0, 32.0, 897.0, 657.0]
[176.0, 64.0, 1010.0, 690.0]
[144.0, 0.0, 979.0, 626.0]
[48.0, 48.0, 884.0, 675.0]
[96.0, 48.0, 933.0, 676.0]
[48.0, 64.0, 886.0, 692.0]
[112.0, 16.0, 951.0, 645.0]
[112.0, 16.0, 952.0, 646.0]
[48.0, 0.0, 889.0, 631.0]
[96.0, 64.0, 938.0, 696.0]
[160.0, 96.0, 1003.0, 728.0]
[32.0, 0.0, 876.0, 633.0]
[0.0, 64.0, 845.0, 698.0]
[112.0, 16.0, 958.0, 650.0]
[128.0, 80.0, 975.0, 715.0]
[64.0, 16.0, 912.0, 652.0]
[48.0, 64.0, 897.0, 701.0]
[96.0, 96.0, 946.0, 734.0]
[0.0, 80.0, 851.0, 718.0]
[0.0, 80.0, 852.0, 719.0]
[160.0, 80.0, 1013.0, 720.0]
[96.0, 0.0, 950.0, 640.0]
[64.0, 112.0, 919.0, 753.0]
[16.0, 32.0, 872.0, 674.0]
[128.0, 32.0, 985.0, 675.0]
[128.0, 80.0, 986.0, 724.0]
[64.0, 80.0, 923.0, 724.0]
[128.0, 112.0, 988.0, 757.0]
[96.0, 48.0, 957.0, 694.0]
[0.0, 80.0, 862.0, 726.0]
[128.0, 112.0, 991.0, 759.0]
[32.0, 16.0, 896.0, 664.0]
[144.0, 80.0, 1009.0, 729.0]
[48.0, 0.0, 914.0, 650.0]
[144.0, 64.0, 1011.0, 714.0]
[144.0, 32.0, 1012.0, 683.0]
[80.0, 32.0, 949.0, 684.0]
[0.0, 64.0, 870.0, 716.0]
[32.0, 64.0, 903.0, 717.0]
[144.0, 80.0, 1016.0, 734.0]
[48.0, 112.0, 921.0, 767.0]
[80.0, 112.0, 954.0, 768.0]
[144.0, 64.0, 1019.0, 720.0]
[16.0, 16.0, 892.0, 673.0]
[144.0, 32.0, 1021.0, 690.0]
[128.0, 16.0, 1006.0, 674.0]
[128.0, 80.0, 1007.0, 739.0]
[32.0, 32.0, 912.0, 692.0]
[32.0, 48.0, 913.0, 709.0]
[16.0, 80.0, 898.0, 742.0]
[32.0, 96.0, 915.0, 758.0]
[48.0, 64.0, 932.0, 727.0]
[32.0, 0.0, 917.0, 664.0]
[16.0, 32.0, 902.0, 696.0]
[64.0, 80.0, 951.0, 745.0]
[80.0, 32.0, 968.0, 698.0]
[128.0, 32.0, 1017.0, 699.0]
[32.0, 16.0, 922.0, 684.0]
[16.0, 80.0, 907.0, 748.0]
[0.0, 0.0, 892.0, 669.0]
[32.0, 16.0, 925.0, 686.0]
[112.0, 96.0, 1006.0, 766.0]
[80.0, 16.0, 975.0, 687.0]
[96.0, 48.0, 992.0, 720.0]
[32.0, 48.0, 929.0, 721.0]
[112.0, 64.0, 1010.0, 738.0]
[96.0, 16.0, 995.0, 690.0]
[0.0, 16.0, 900.0, 691.0]
[112.0, 0.0, 1013.0, 676.0]
[112.0, 0.0, 1014.0, 676.0]
[96.0, 16.0, 999.0, 693.0]
[48.0, 32.0, 952.0, 710.0]
[96.0, 64.0, 1001.0, 743.0]
[32.0, 48.0, 938.0, 728.0]
[96.0, 48.0, 1003.0, 728.0]
[16.0, 48.0, 924.0, 729.0]
[0.0, 32.0, 909.0, 714.0]
[64.0, 32.0, 974.0, 714.0]
[112.0, 0.0, 1023.0, 683.0]
[80.0, 64.0, 992.0, 748.0]
[16.0, 0.0, 929.0, 685.0]
[16.0, 16.0, 930.0, 702.0]
[32.0, 16.0, 947.0, 702.0]
[0.0, 16.0, 916.0, 703.0]
[48.0, 80.0, 965.0, 768.0]
[80.0, 16.0, 998.0, 704.0]
[32.0, 80.0, 951.0, 769.0]
[80.0, 16.0, 1000.0, 706.0]
[48.0, 16.0, 969.0, 707.0]
[80.0, 64.0, 1002.0, 756.0]
[48.0, 48.0, 971.0, 740.0]
[96.0, 0.0, 1020.0, 693.0]
[16.0, 48.0, 941.0, 742.0]
[32.0, 64.0, 958.0, 758.0]
[0.0, 48.0, 927.0, 743.0]
[64.0, 48.0, 992.0, 744.0]
[16.0, 32.0, 945.0, 729.0]
[32.0, 16.0, 962.0, 714.0]
[48.0, 16.0, 979.0, 714.0]
[80.0, 0.0, 1012.0, 699.0]
[64.0, 32.0, 997.0, 732.0]
[16.0, 16.0, 950.0, 716.0]
[0.0, 32.0, 935.0, 733.0]
[32.0, 0.0, 968.0, 702.0]
[64.0, 32.0, 1001.0, 735.0]
[0.0, 0.0, 938.0, 704.0]
[48.0, 32.0, 987.0, 736.0]
[48.0, 32.0, 988.0, 737.0]
[0.0, 16.0, 941.0, 722.0]
[32.0, 16.0, 974.0, 722.0]
[64.0, 16.0, 1007.0, 723.0]
[16.0, 0.0, 960.0, 708.0]
[32.0, 48.0, 977.0, 757.0]
[16.0, 32.0, 962.0, 742.0]
[48.0, 48.0, 995.0, 758.0]
[32.0, 48.0, 980.0, 759.0]
[48.0, 0.0, 997.0, 712.0]
[16.0, 32.0, 966.0, 744.0]
[0.0, 0.0, 951.0, 713.0]
[48.0, 32.0, 1000.0, 746.0]
[48.0, 48.0, 1001.0, 763.0]
[16.0, 0.0, 970.0, 716.0]
[16.0, 32.0, 971.0, 748.0]
[64.0, 48.0, 1020.0, 765.0]
[0.0, 16.0, 957.0, 734.0]
[0.0, 48.0, 958.0, 766.0]
[0.0, 32.0, 959.0, 751.0]
[0.0, 0.0, 960.0, 720.0]
[48.0, 32.0, 1009.0, 753.0]
[32.0, 48.0, 994.0, 770.0]
[16.0, 16.0, 979.0, 738.0]
[0.0, 16.0, 964.0, 739.0]
[48.0, 0.0, 1013.0, 724.0]
[0.0, 16.0, 966.0, 740.0]
[48.0, 0.0, 1015.0, 725.0]
[48.0, 16.0, 1016.0, 742.0]
[0.0, 0.0, 969.0, 727.0]
[16.0, 16.0, 986.0, 744.0]
[48.0, 32.0, 1019.0, 760.0]
[48.0, 16.0, 1020.0, 745.0]
[32.0, 32.0, 1005.0, 762.0]
[0.0, 32.0, 974.0, 762.0]
[0.0, 16.0, 975.0, 747.0]
[16.0, 0.0, 992.0, 732.0]
[16.0, 0.0, 993.0, 733.0]
[32.0, 16.0, 1010.0, 750.0]
[0.0, 32.0, 979.0, 766.0]
[32.0, 32.0, 1012.0, 767.0]
[16.0, 32.0, 997.0, 768.0]
[0.0, 32.0, 982.0, 768.0]
[0.0, 0.0, 983.0, 737.0]
[16.0, 0.0, 1000.0, 738.0]
[32.0, 16.0, 1017.0, 755.0]
[16.0, 16.0, 1002.0, 756.0]
[0.0, 16.0, 987.0, 756.0]
[0.0, 16.0, 988.0, 757.0]
[32.0, 0.0, 1021.0, 742.0]
[0.0, 0.0, 990.0, 742.0]
[16.0, 16.0, 1007.0, 759.0]
[32.0, 16.0, 1024.0, 760.0]
[0.0, 0.0, 993.0, 745.0]
[0.0, 0.0, 994.0, 746.0]
[16.0, 16.0, 1011.0, 762.0]
[0.0, 16.0, 996.0, 763.0]
[0.0, 0.0, 997.0, 748.0]
[16.0, 0.0, 1014.0, 748.0]
[16.0, 16.0, 1015.0, 765.0]
[0.0, 0.0, 1000.0, 750.0]
[0.0, 0.0, 1001.0, 751.0]
[0.0, 0.0, 1002.0, 752.0]
[16.0, 16.0, 1019.0, 768.0]
[0.0, 16.0, 1004.0, 769.0]
[0.0, 16.0, 1005.0, 770.0]
[0.0, 16.0, 1006.0, 770.0]
[0.0, 0.0, 1007.0, 755.0]
[0.0, 0.0, 1008.0, 756.0]
[0.0, 0.0, 1009.0, 757.0]
[0.0, 0.0, 1010.0, 758.0]
[0.0, 0.0, 1011.0, 758.0]
[0.0, 0.0, 1012.0, 759.0]
[0.0, 0.0, 1013.0, 760.0]
[0.0, 0.0, 1014.0, 760.0]
[0.0, 0.0, 1015.0, 761.0]
[0.0, 0.0, 1016.0, 762.0]
[0.0, 0.0, 1017.0, 763.0]
[0.0, 0.0, 1018.0, 764.0]
[0.0, 0.0, 1019.0, 764.0]
[0.0, 0.0, 1020.0, 765.0]
[0.0, 0.0, 1021.0, 766.0]
[0.0, 0.0, 1022.0, 766.0]
[0.0, 0.0, 1023.0, 767.0]
[0.0, 0.0, 1024.0, 768.0]
