[80.0, 160.0, 797.0, 698.0]
[96.0, 192.0, 814.0, 730.0]
[64.0, 80.0, 783.0, 619.0]
[96.0, 64.0, 816.0, 604.0]
[96.0, 128.0, 817.0, 669.0]
[32.0, 112.0, 754.0, 654.0]
[80.0, 96.0, 803.0, 638.0]
[64.0, 64.0, 788.0, 607.0]
[48.0, 112.0, 773.0, 656.0]
[80.0, 32.0, 806.0, 576.0]
[32.0, 64.0, 759.0, 609.0]
[80.0, 176.0, 808.0, 722.0]
[48.0, 16.0, 777.0, 563.0]
[32.0, 192.0, 762.0, 740.0]
[64.0, 32.0, 795.0, 580.0]
[64.0, 176.0, 796.0, 725.0]
[48.0, 128.0, 781.0, 678.0]
[96.0, 48.0, 830.0, 598.0]
[80.0, 48.0, 815.0, 599.0]
[64.0, 128.0, 800.0, 680.0]
[80.0, 192.0, 817.0, 745.0]
[64.0, 32.0, 802.0, 586.0]
[64.0, 128.0, 803.0, 682.0]
[64.0, 192.0, 804.0, 747.0]
[16.0, 160.0, 757.0, 716.0]
[48.0, 112.0, 790.0, 668.0]
[80.0, 112.0, 823.0, 669.0]
[32.0, 160.0, 776.0, 718.0]
[16.0, 64.0, 761.0, 623.0]
[80.0, 160.0, 826.0, 720.0]
[96.0, 144.0, 843.0, 704.0]
[80.0, 144.0, 828.0, 705.0]
[80.0, 144.0, 829.0, 706.0]
[64.0, 128.0, 814.0, 690.0]
[32.0, 96.0, 783.0, 659.0]
[48.0, 80.0, 800.0, 644.0]
[96.0, 176.0, 849.0, 741.0]
[80.0, 48.0, 834.0, 614.0]
[32.0, 32.0, 787.0, 598.0]
[96.0, 96.0, 852.0, 663.0]
[0.0, 48.0, 757.0, 616.0]
[16.0, 160.0, 774.0, 728.0]
[32.0, 192.0, 791.0, 761.0]
[48.0, 80.0, 808.0, 650.0]
[64.0, 80.0, 825.0, 651.0]
[64.0, 64.0, 826.0, 636.0]
[32.0, 192.0, 795.0, 764.0]
[0.0, 96.0, 764.0, 669.0]
[16.0, 48.0, 781.0, 622.0]
[64.0, 48.0, 830.0, 622.0]
[16.0, 32.0, 783.0, 607.0]
[16.0, 128.0, 784.0, 704.0]
[16.0, 160.0, 785.0, 737.0]
[96.0, 144.0, 866.0, 722.0]
[32.0, 144.0, 803.0, 722.0]
[0.0, 64.0, 772.0, 643.0]
[16.0, 80.0, 789.0, 660.0]
[16.0, 96.0, 790.0, 676.0]
[80.0, 160.0, 855.0, 741.0]
[64.0, 48.0, 840.0, 630.0]
[96.0, 48.0, 873.0, 631.0]
[32.0, 112.0, 810.0, 696.0]
[48.0, 160.0, 827.0, 744.0]
[32.0, 96.0, 812.0, 681.0]
[96.0, 64.0, 877.0, 650.0]
[80.0, 96.0, 862.0, 682.0]
[32.0, 160.0, 815.0, 747.0]
[80.0, 32.0, 864.0, 620.0]
[80.0, 64.0, 865.0, 653.0]
[32.0, 64.0, 818.0, 654.0]
[96.0, 48.0, 883.0, 638.0]
[48.0, 128.0, 836.0, 719.0]
[16.0, 112.0, 805.0, 704.0]
[0.0, 144.0, 790.0, 736.0]
[80.0, 112.0, 871.0, 705.0]
[64.0, 48.0, 856.0, 642.0]
[64.0, 16.0, 857.0, 611.0]
[64.0, 160.0, 858.0, 756.0]
[0.0, 0.0, 795.0, 596.0]
[48.0, 112.0, 844.0, 709.0]
[80.0, 144.0, 877.0, 742.0]
[48.0, 32.0, 846.0, 630.0]
[80.0, 16.0, 879.0, 615.0]
[16.0, 32.0, 816.0, 632.0]
[96.0, 96.0, 897.0, 697.0]
[16.0, 32.0, 818.0, 634.0]
[0.0, 160.0, 803.0, 762.0]
[64.0, 144.0, 868.0, 747.0]
[96.0, 112.0, 901.0, 716.0]
[0.0, 64.0, 806.0, 668.0]
[80.0, 128.0, 887.0, 733.0]
[16.0, 96.0, 824.0, 702.0]
[48.0, 48.0, 857.0, 655.0]
[0.0, 32.0, 810.0, 640.0]
[48.0, 0.0, 859.0, 608.0]
[16.0, 144.0, 828.0, 753.0]
[80.0, 64.0, 893.0, 674.0]
[0.0, 80.0, 814.0, 690.0]
[16.0, 96.0, 831.0, 707.0]
[32.0, 144.0, 848.0, 756.0]
[0.0, 96.0, 817.0, 709.0]
[0.0, 96.0, 818.0, 710.0]
[48.0, 112.0, 867.0, 726.0]
[96.0, 80.0, 916.0, 695.0]
[0.0, 32.0, 821.0, 648.0]
[96.0, 64.0, 918.0, 680.0]
[96.0, 112.0, 919.0, 729.0]
[112.0, 96.0, 936.0, 714.0]
[16.0, 48.0, 841.0, 667.0]
[32.0, 80.0, 858.0, 700.0]
[16.0, 64.0, 843.0, 684.0]
[80.0, 32.0, 908.0, 653.0]
[32.0, 128.0, 861.0, 750.0]
[48.0, 0.0, 878.0, 622.0]
[48.0, 48.0, 879.0, 671.0]
[48.0, 96.0, 880.0, 720.0]
[0.0, 112.0, 833.0, 737.0]
[48.0, 48.0, 882.0, 674.0]
[0.0, 32.0, 835.0, 658.0]
[32.0, 128.0, 868.0, 755.0]
[64.0, 0.0, 901.0, 628.0]
[0.0, 96.0, 838.0, 724.0]
[112.0, 96.0, 951.0, 725.0]
[32.0, 96.0, 872.0, 726.0]
[16.0, 32.0, 857.0, 663.0]
[64.0, 48.0, 906.0, 680.0]
[32.0, 16.0, 875.0, 648.0]
[32.0, 16.0, 876.0, 649.0]
[80.0, 112.0, 925.0, 746.0]
[0.0, 128.0, 846.0, 762.0]
[32.0, 112.0, 879.0, 747.0]
[64.0, 0.0, 912.0, 636.0]
[0.0, 32.0, 849.0, 669.0]
[32.0, 0.0, 882.0, 638.0]
[16.0, 48.0, 867.0, 686.0]
[64.0, 48.0, 916.0, 687.0]
[32.0, 80.0, 885.0, 720.0]
[64.0, 0.0, 918.0, 640.0]
[32.0, 112.0, 887.0, 753.0]
[48.0, 32.0, 904.0, 674.0]
[64.0, 16.0, 921.0, 659.0]
[16.0, 112.0, 874.0, 756.0]
[64.0, 0.0, 923.0, 644.0]
[16.0, 32.0, 876.0, 677.0]
[16.0, 112.0, 877.0, 758.0]
[48.0, 16.0, 910.0, 662.0]
[64.0, 64.0, 927.0, 711.0]
[48.0, 80.0, 912.0, 728.0]
[48.0, 80.0, 913.0, 729.0]
[80.0, 48.0, 946.0, 698.0]
[16.0, 96.0, 883.0, 746.0]
[64.0, 112.0, 932.0, 763.0]
[64.0, 16.0, 933.0, 668.0]
[48.0, 48.0, 918.0, 700.0]
[64.0, 80.0, 935.0, 733.0]
[80.0, 48.0, 952.0, 702.0]
[48.0, 0.0, 921.0, 655.0]
[48.0, 48.0, 922.0, 704.0]
[80.0, 48.0, 955.0, 704.0]
[112.0, 32.0, 988.0, 689.0]
[48.0, 0.0, 925.0, 658.0]
[16.0, 64.0, 894.0, 722.0]
[64.0, 0.0, 943.0, 659.0]
[16.0, 48.0, 896.0, 708.0]
[32.0, 64.0, 913.0, 725.0]
[64.0, 96.0, 946.0, 758.0]
[64.0, 48.0, 947.0, 710.0]
[16.0, 0.0, 900.0, 663.0]
[32.0, 64.0, 917.0, 728.0]
[0.0, 16.0, 886.0, 680.0]
[0.0, 0.0, 887.0, 665.0]
[16.0, 48.0, 904.0, 714.0]
[16.0, 80.0, 905.0, 747.0]
[0.0, 96.0, 890.0, 764.0]
[16.0, 0.0, 907.0, 668.0]
[64.0, 64.0, 956.0, 733.0]
[48.0, 80.0, 941.0, 750.0]
[80.0, 48.0, 974.0, 718.0]
[0.0, 48.0, 895.0, 719.0]
[48.0, 48.0, 944.0, 720.0]
[64.0, 32.0, 961.0, 705.0]
[48.0, 32.0, 946.0, 706.0]
[64.0, 0.0, 963.0, 674.0]
[0.0, 16.0, 900.0, 691.0]
[48.0, 32.0, 949.0, 708.0]
[16.0, 64.0, 918.0, 740.0]
[16.0, 32.0, 919.0, 709.0]
[16.0, 48.0, 920.0, 726.0]
[0.0, 48.0, 905.0, 727.0]
[80.0, 80.0, 986.0, 760.0]
[96.0, 32.0, 1003.0, 712.0]
[32.0, 0.0, 940.0, 681.0]
[16.0, 32.0, 925.0, 714.0]
[16.0, 64.0, 926.0, 746.0]
[48.0, 80.0, 959.0, 763.0]
[0.0, 32.0, 912.0, 716.0]
[64.0, 48.0, 977.0, 733.0]
[48.0, 48.0, 962.0, 734.0]
[0.0, 48.0, 915.0, 734.0]
[0.0, 16.0, 916.0, 703.0]
[96.0, 48.0, 1013.0, 736.0]
[48.0, 32.0, 966.0, 720.0]
[48.0, 48.0, 967.0, 737.0]
[48.0, 48.0, 968.0, 738.0]
[80.0, 16.0, 1001.0, 707.0]
[0.0, 48.0, 922.0, 740.0]
[64.0, 64.0, 987.0, 756.0]
[64.0, 48.0, 988.0, 741.0]
[64.0, 64.0, 989.0, 758.0]
[80.0, 16.0, 1006.0, 710.0]
[0.0, 48.0, 927.0, 743.0]
[64.0, 48.0, 992.0, 744.0]
[64.0, 0.0, 993.0, 697.0]
[64.0, 48.0, 994.0, 746.0]
[48.0, 64.0, 979.0, 762.0]
[0.0, 48.0, 932.0, 747.0]
[64.0, 64.0, 997.0, 764.0]
[16.0, 32.0, 950.0, 732.0]
[64.0, 0.0, 999.0, 701.0]
[16.0, 0.0, 952.0, 702.0]
[64.0, 32.0, 1001.0, 735.0]
[16.0, 16.0, 954.0, 720.0]
[64.0, 32.0, 1003.0, 736.0]
[32.0, 48.0, 972.0, 753.0]
[32.0, 0.0, 973.0, 706.0]
[32.0, 16.0, 974.0, 722.0]
[80.0, 32.0, 1023.0, 739.0]
[64.0, 16.0, 1008.0, 724.0]
[64.0, 0.0, 1009.0, 709.0]
[48.0, 16.0, 994.0, 726.0]
[16.0, 48.0, 963.0, 758.0]
[32.0, 48.0, 980.0, 759.0]
[48.0, 16.0, 997.0, 728.0]
[16.0, 16.0, 966.0, 728.0]
[16.0, 32.0, 967.0, 745.0]
[16.0, 16.0, 968.0, 730.0]
[16.0, 16.0, 969.0, 731.0]
[32.0, 32.0, 986.0, 748.0]
[0.0, 0.0, 955.0, 716.0]
[0.0, 32.0, 956.0, 749.0]
[32.0, 0.0, 989.0, 718.0]
[16.0, 16.0, 974.0, 734.0]
[64.0, 16.0, 1023.0, 735.0]
[0.0, 16.0, 960.0, 736.0]
[48.0, 32.0, 1009.0, 753.0]
[32.0, 16.0, 994.0, 738.0]
[32.0, 0.0, 995.0, 722.0]
[16.0, 16.0, 980.0, 739.0]
[32.0, 0.0, 997.0, 724.0]
[0.0, 16.0, 966.0, 740.0]
[32.0, 0.0, 999.0, 725.0]
[0.0, 0.0, 968.0, 726.0]
[48.0, 0.0, 1017.0, 727.0]
[32.0, 16.0, 1002.0, 744.0]
[0.0, 16.0, 971.0, 744.0]
[16.0, 32.0, 988.0, 761.0]
[0.0, 0.0, 973.0, 730.0]
[16.0, 32.0, 990.0, 762.0]
[16.0, 0.0, 991.0, 731.0]
[0.0, 0.0, 976.0, 732.0]
[16.0, 16.0, 993.0, 749.0]
[0.0, 0.0, 978.0, 734.0]
[0.0, 0.0, 979.0, 734.0]
[16.0, 0.0, 996.0, 735.0]
[32.0, 16.0, 1013.0, 752.0]
[32.0, 0.0, 1014.0, 736.0]
[32.0, 0.0, 1015.0, 737.0]
[32.0, 0.0, 1016.0, 738.0]
[32.0, 16.0, 1017.0, 755.0]
[0.0, 0.0, 986.0, 740.0]
[32.0, 0.0, 1019.0, 740.0]
[0.0, 0.0, 988.0, 741.0]
[16.0, 0.0, 1005.0, 742.0]
[32.0, 16.0, 1022.0, 758.0]
[32.0, 0.0, 1023.0, 743.0]
[32.0, 0.0, 1024.0, 744.0]
[0.0, 0.0, 993.0, 745.0]
[16.0, 16.0, 1010.0, 762.0]
[0.0, 16.0, 995.0, 762.0]
[16.0, 16.0, 1012.0, 763.0]
[0.0, 16.0, 997.0, 764.0]
[0.0, 16.0, 998.0, 764.0]
[0.0, 0.0, 999.0, 749.0]
[0.0, 0.0, 1000.0, 750.0]
[16.0, 0.0, 1017.0, 751.0]
[0.0, 0.0, 1002.0, 752.0]
[0.0, 0.0, 1003.0, 752.0]
[0.0, 0.0, 1004.0, 753.0]
[0.0, 0.0, 1005.0, 754.0]
[16.0, 0.0, 1022.0, 754.0]
[0.0, 0.0, 1007.0, 755.0]
[0.0, 0.0, 1008.0, 756.0]
[0.0, 0.0, 1009.0, 757.0]
[0.0, 0.0, 1010.0, 758.0]
[0.0, 0.0, 1011.0, 758.0]
[0.0, 0.0, 1012.0, 759.0]
