[224.0, 160.0, 941.0, 698.0]
[224.0, 128.0, 942.0, 666.0]
[128.0, 176.0, 847.0, 715.0]
[224.0, 144.0, 944.0, 684.0]
[272.0, 128.0, 993.0, 669.0]
[160.0, 80.0, 882.0, 622.0]
[160.0, 80.0, 883.0, 622.0]
[144.0, 80.0, 868.0, 623.0]
[224.0, 96.0, 949.0, 640.0]
[128.0, 112.0, 854.0, 656.0]
[288.0, 96.0, 1015.0, 641.0]
[256.0, 128.0, 984.0, 674.0]
[144.0, 176.0, 873.0, 723.0]
[256.0, 144.0, 986.0, 692.0]
[224.0, 160.0, 955.0, 708.0]
[224.0, 112.0, 956.0, 661.0]
[176.0, 176.0, 909.0, 726.0]
[176.0, 96.0, 910.0, 646.0]
[272.0, 144.0, 1007.0, 695.0]
[192.0, 80.0, 928.0, 632.0]
[144.0, 112.0, 881.0, 665.0]
[272.0, 128.0, 1010.0, 682.0]
[272.0, 96.0, 1011.0, 650.0]
[128.0, 96.0, 868.0, 651.0]
[160.0, 96.0, 901.0, 652.0]
[144.0, 64.0, 886.0, 620.0]
[128.0, 80.0, 871.0, 637.0]
[176.0, 96.0, 920.0, 654.0]
[96.0, 96.0, 841.0, 655.0]
[128.0, 160.0, 874.0, 720.0]
[224.0, 80.0, 971.0, 640.0]
[224.0, 160.0, 972.0, 721.0]
[240.0, 80.0, 989.0, 642.0]
[256.0, 96.0, 1006.0, 658.0]
[240.0, 112.0, 991.0, 675.0]
[176.0, 64.0, 928.0, 628.0]
[96.0, 160.0, 849.0, 725.0]
[128.0, 48.0, 882.0, 614.0]
[176.0, 80.0, 931.0, 646.0]
[96.0, 112.0, 852.0, 679.0]
[224.0, 112.0, 981.0, 680.0]
[112.0, 112.0, 870.0, 680.0]
[144.0, 64.0, 903.0, 633.0]
[96.0, 144.0, 856.0, 714.0]
[208.0, 144.0, 969.0, 715.0]
[224.0, 64.0, 986.0, 636.0]
[160.0, 96.0, 923.0, 668.0]
[176.0, 128.0, 940.0, 701.0]
[96.0, 96.0, 861.0, 670.0]
[240.0, 128.0, 1006.0, 702.0]
[176.0, 80.0, 943.0, 655.0]
[240.0, 80.0, 1008.0, 656.0]
[208.0, 112.0, 977.0, 689.0]
[160.0, 96.0, 930.0, 674.0]
[96.0, 64.0, 867.0, 642.0]
[144.0, 144.0, 916.0, 723.0]
[128.0, 80.0, 901.0, 660.0]
[224.0, 112.0, 998.0, 692.0]
[96.0, 144.0, 871.0, 725.0]
[112.0, 128.0, 888.0, 710.0]
[96.0, 64.0, 873.0, 647.0]
[176.0, 112.0, 954.0, 696.0]
[128.0, 32.0, 907.0, 616.0]
[208.0, 48.0, 988.0, 633.0]
[128.0, 128.0, 909.0, 714.0]
[112.0, 48.0, 894.0, 634.0]
[128.0, 64.0, 911.0, 651.0]
[128.0, 32.0, 912.0, 620.0]
[160.0, 80.0, 945.0, 669.0]
[128.0, 96.0, 914.0, 686.0]
[208.0, 64.0, 995.0, 654.0]
[144.0, 80.0, 932.0, 671.0]
[96.0, 64.0, 885.0, 656.0]
[160.0, 112.0, 950.0, 704.0]
[208.0, 96.0, 999.0, 689.0]
[112.0, 128.0, 904.0, 722.0]
[144.0, 112.0, 937.0, 707.0]
[128.0, 48.0, 922.0, 644.0]
[192.0, 32.0, 987.0, 628.0]
[144.0, 32.0, 940.0, 629.0]
[112.0, 96.0, 909.0, 694.0]
[96.0, 64.0, 894.0, 662.0]
[208.0, 64.0, 1007.0, 663.0]
[128.0, 128.0, 928.0, 728.0]
[208.0, 64.0, 1009.0, 665.0]
[160.0, 16.0, 962.0, 618.0]
[192.0, 48.0, 995.0, 650.0]
[208.0, 96.0, 1012.0, 699.0]
[160.0, 32.0, 965.0, 636.0]
[208.0, 64.0, 1014.0, 668.0]
[96.0, 112.0, 903.0, 717.0]
[128.0, 112.0, 936.0, 718.0]
[208.0, 112.0, 1017.0, 719.0]
[192.0, 96.0, 1002.0, 704.0]
[144.0, 16.0, 955.0, 624.0]
[128.0, 16.0, 940.0, 625.0]
[112.0, 16.0, 925.0, 626.0]
[176.0, 48.0, 990.0, 658.0]
[192.0, 48.0, 1007.0, 659.0]
[160.0, 80.0, 976.0, 692.0]
[176.0, 112.0, 993.0, 725.0]
[128.0, 48.0, 946.0, 662.0]
[144.0, 32.0, 963.0, 646.0]
[192.0, 96.0, 1012.0, 711.0]
[144.0, 0.0, 965.0, 616.0]
[160.0, 16.0, 982.0, 632.0]
[176.0, 64.0, 999.0, 681.0]
[128.0, 32.0, 952.0, 650.0]
[144.0, 80.0, 969.0, 699.0]
[128.0, 32.0, 954.0, 652.0]
[112.0, 112.0, 939.0, 732.0]
[128.0, 96.0, 956.0, 717.0]
[192.0, 48.0, 1021.0, 670.0]
[176.0, 64.0, 1006.0, 686.0]
[96.0, 64.0, 927.0, 687.0]
[144.0, 96.0, 976.0, 720.0]
[176.0, 48.0, 1009.0, 673.0]
[128.0, 64.0, 962.0, 690.0]
[112.0, 0.0, 947.0, 626.0]
[160.0, 48.0, 996.0, 675.0]
[112.0, 64.0, 949.0, 692.0]
[160.0, 32.0, 998.0, 660.0]
[128.0, 96.0, 967.0, 725.0]
[112.0, 16.0, 952.0, 646.0]
[96.0, 80.0, 937.0, 711.0]
[96.0, 96.0, 938.0, 728.0]
[112.0, 80.0, 955.0, 712.0]
[144.0, 16.0, 988.0, 649.0]
[144.0, 64.0, 989.0, 698.0]
[176.0, 80.0, 1022.0, 714.0]
[96.0, 64.0, 943.0, 699.0]
[160.0, 96.0, 1008.0, 732.0]
[112.0, 48.0, 961.0, 685.0]
[96.0, 0.0, 946.0, 638.0]
[160.0, 48.0, 1011.0, 686.0]
[144.0, 16.0, 996.0, 655.0]
[144.0, 48.0, 997.0, 688.0]
[160.0, 64.0, 1014.0, 704.0]
[144.0, 64.0, 999.0, 705.0]
[96.0, 48.0, 952.0, 690.0]
[112.0, 32.0, 969.0, 675.0]
[96.0, 0.0, 954.0, 644.0]
[112.0, 80.0, 971.0, 724.0]
[160.0, 32.0, 1020.0, 677.0]
[96.0, 80.0, 957.0, 726.0]
[144.0, 80.0, 1006.0, 726.0]
[96.0, 0.0, 959.0, 647.0]
[96.0, 0.0, 960.0, 648.0]
[144.0, 64.0, 1009.0, 713.0]
[128.0, 80.0, 994.0, 730.0]
[96.0, 32.0, 963.0, 682.0]
[96.0, 32.0, 964.0, 683.0]
[112.0, 64.0, 981.0, 716.0]
[112.0, 80.0, 982.0, 732.0]
[144.0, 0.0, 1015.0, 653.0]
[96.0, 48.0, 968.0, 702.0]
[144.0, 32.0, 1017.0, 687.0]
[112.0, 32.0, 986.0, 688.0]
[96.0, 32.0, 971.0, 688.0]
[112.0, 64.0, 988.0, 721.0]
[112.0, 48.0, 989.0, 706.0]
[112.0, 64.0, 990.0, 722.0]
[128.0, 64.0, 1007.0, 723.0]
[128.0, 0.0, 1008.0, 660.0]
[96.0, 0.0, 977.0, 661.0]
[128.0, 16.0, 1010.0, 678.0]
[128.0, 64.0, 1011.0, 726.0]
[112.0, 64.0, 996.0, 727.0]
[96.0, 48.0, 981.0, 712.0]
[112.0, 32.0, 998.0, 696.0]
[112.0, 64.0, 999.0, 729.0]
[112.0, 32.0, 1000.0, 698.0]
[128.0, 32.0, 1017.0, 699.0]
[96.0, 16.0, 986.0, 684.0]
