[224.0, 96.0, 965.0, 652.0]
[112.0, 48.0, 854.0, 604.0]
[192.0, 32.0, 935.0, 589.0]
[224.0, 96.0, 968.0, 654.0]
[208.0, 64.0, 953.0, 623.0]
[192.0, 96.0, 938.0, 656.0]
[144.0, 32.0, 891.0, 592.0]
[208.0, 96.0, 956.0, 657.0]
[208.0, 96.0, 957.0, 658.0]
[112.0, 80.0, 862.0, 642.0]
[32.0, 80.0, 783.0, 643.0]
[144.0, 48.0, 896.0, 612.0]
[80.0, 80.0, 833.0, 645.0]
[128.0, 96.0, 882.0, 662.0]
[240.0, 80.0, 995.0, 646.0]
[32.0, 48.0, 788.0, 615.0]
[160.0, 80.0, 917.0, 648.0]
[96.0, 80.0, 854.0, 648.0]
[192.0, 64.0, 951.0, 633.0]
[80.0, 80.0, 840.0, 650.0]
[112.0, 16.0, 873.0, 587.0]
[208.0, 16.0, 970.0, 588.0]
[80.0, 48.0, 843.0, 620.0]
[144.0, 80.0, 908.0, 653.0]
[224.0, 16.0, 989.0, 590.0]
[144.0, 48.0, 910.0, 622.0]
[96.0, 80.0, 863.0, 655.0]
[96.0, 16.0, 864.0, 592.0]
[80.0, 96.0, 849.0, 673.0]
[160.0, 64.0, 930.0, 642.0]
[48.0, 48.0, 819.0, 626.0]
[128.0, 64.0, 900.0, 643.0]
[224.0, 80.0, 997.0, 660.0]
[144.0, 80.0, 918.0, 660.0]
[64.0, 32.0, 839.0, 613.0]
[224.0, 48.0, 1000.0, 630.0]
[16.0, 32.0, 793.0, 615.0]
[96.0, 96.0, 874.0, 680.0]
[208.0, 48.0, 987.0, 632.0]
[128.0, 0.0, 908.0, 585.0]
[192.0, 96.0, 973.0, 682.0]
[96.0, 96.0, 878.0, 682.0]
[64.0, 48.0, 847.0, 635.0]
[192.0, 64.0, 976.0, 652.0]
[48.0, 0.0, 833.0, 589.0]
[112.0, 32.0, 898.0, 622.0]
[96.0, 0.0, 883.0, 590.0]
[112.0, 48.0, 900.0, 639.0]
[160.0, 48.0, 949.0, 640.0]
[160.0, 48.0, 950.0, 640.0]
[224.0, 48.0, 1015.0, 641.0]
[32.0, 0.0, 824.0, 594.0]
[144.0, 48.0, 937.0, 643.0]
[96.0, 80.0, 890.0, 676.0]
[112.0, 32.0, 907.0, 628.0]
[144.0, 16.0, 940.0, 613.0]
[192.0, 64.0, 989.0, 662.0]
[16.0, 64.0, 814.0, 662.0]
[176.0, 32.0, 975.0, 631.0]
[48.0, 0.0, 848.0, 600.0]
[208.0, 80.0, 1009.0, 681.0]
[48.0, 0.0, 850.0, 602.0]
[192.0, 32.0, 995.0, 634.0]
[128.0, 16.0, 932.0, 619.0]
[192.0, 64.0, 997.0, 668.0]
[128.0, 64.0, 934.0, 668.0]
[80.0, 16.0, 887.0, 621.0]
[80.0, 64.0, 888.0, 670.0]
[144.0, 16.0, 953.0, 623.0]
[112.0, 16.0, 922.0, 624.0]
[160.0, 64.0, 971.0, 672.0]
[144.0, 48.0, 956.0, 657.0]
[48.0, 16.0, 861.0, 626.0]
[160.0, 16.0, 974.0, 626.0]
[0.0, 0.0, 815.0, 611.0]
[144.0, 16.0, 960.0, 628.0]
[48.0, 32.0, 865.0, 645.0]
[128.0, 16.0, 946.0, 630.0]
[128.0, 48.0, 947.0, 662.0]
[64.0, 32.0, 884.0, 647.0]
[176.0, 32.0, 997.0, 648.0]
[176.0, 64.0, 998.0, 680.0]
[16.0, 16.0, 839.0, 633.0]
[144.0, 0.0, 968.0, 618.0]
[80.0, 0.0, 905.0, 619.0]
[112.0, 0.0, 938.0, 620.0]
[192.0, 32.0, 1019.0, 652.0]
[48.0, 48.0, 876.0, 669.0]
[0.0, 48.0, 829.0, 670.0]
[32.0, 0.0, 862.0, 622.0]
[144.0, 32.0, 975.0, 655.0]
[0.0, 48.0, 832.0, 672.0]
[16.0, 16.0, 849.0, 641.0]
[128.0, 32.0, 962.0, 658.0]
[32.0, 32.0, 867.0, 658.0]
[32.0, 48.0, 868.0, 675.0]
[160.0, 48.0, 997.0, 676.0]
[48.0, 0.0, 886.0, 628.0]
[144.0, 16.0, 983.0, 645.0]
[32.0, 0.0, 872.0, 630.0]
[32.0, 48.0, 873.0, 679.0]
[16.0, 48.0, 858.0, 680.0]
[144.0, 0.0, 987.0, 632.0]
[128.0, 16.0, 972.0, 649.0]
[176.0, 0.0, 1021.0, 634.0]
[48.0, 32.0, 894.0, 666.0]
[64.0, 48.0, 911.0, 683.0]
[128.0, 0.0, 976.0, 636.0]
[0.0, 0.0, 849.0, 637.0]
[128.0, 32.0, 978.0, 670.0]
[128.0, 32.0, 979.0, 670.0]
[0.0, 32.0, 852.0, 671.0]
[160.0, 0.0, 1013.0, 640.0]
[96.0, 0.0, 950.0, 640.0]
[0.0, 32.0, 855.0, 673.0]
[128.0, 0.0, 984.0, 642.0]
[160.0, 32.0, 1017.0, 675.0]
[16.0, 32.0, 874.0, 676.0]
[144.0, 16.0, 1003.0, 660.0]
[160.0, 16.0, 1020.0, 661.0]
[0.0, 32.0, 861.0, 678.0]
[160.0, 16.0, 1022.0, 662.0]
[80.0, 32.0, 943.0, 679.0]
[48.0, 32.0, 912.0, 680.0]
[80.0, 16.0, 945.0, 665.0]
[32.0, 0.0, 898.0, 650.0]
[144.0, 16.0, 1011.0, 666.0]
[144.0, 16.0, 1012.0, 667.0]
[16.0, 0.0, 885.0, 652.0]
[32.0, 0.0, 902.0, 652.0]
[96.0, 16.0, 967.0, 669.0]
[112.0, 0.0, 984.0, 654.0]
[16.0, 16.0, 889.0, 671.0]
[96.0, 0.0, 970.0, 656.0]
[0.0, 16.0, 875.0, 672.0]
[32.0, 16.0, 908.0, 673.0]
[128.0, 0.0, 1005.0, 658.0]
[32.0, 16.0, 910.0, 674.0]
[0.0, 16.0, 879.0, 675.0]
[64.0, 16.0, 944.0, 676.0]
[32.0, 0.0, 913.0, 661.0]
[80.0, 16.0, 962.0, 678.0]
[0.0, 16.0, 883.0, 678.0]
[128.0, 0.0, 1012.0, 663.0]
[48.0, 16.0, 933.0, 680.0]
[16.0, 16.0, 902.0, 680.0]
[64.0, 0.0, 951.0, 665.0]
[64.0, 16.0, 952.0, 682.0]
[32.0, 16.0, 921.0, 683.0]
[0.0, 0.0, 890.0, 668.0]
[128.0, 0.0, 1019.0, 668.0]
[128.0, 0.0, 1020.0, 669.0]
[96.0, 0.0, 989.0, 670.0]
[48.0, 0.0, 942.0, 670.0]
[128.0, 0.0, 1023.0, 671.0]
[112.0, 0.0, 1008.0, 672.0]
[32.0, 0.0, 929.0, 673.0]
[48.0, 0.0, 946.0, 674.0]
[32.0, 0.0, 931.0, 674.0]
[80.0, 0.0, 980.0, 675.0]
[32.0, 0.0, 933.0, 676.0]
[48.0, 0.0, 950.0, 676.0]
[16.0, 0.0, 919.0, 677.0]
[96.0, 0.0, 1000.0, 678.0]
[80.0, 0.0, 985.0, 679.0]
[0.0, 0.0, 906.0, 680.0]
[80.0, 0.0, 987.0, 680.0]
[32.0, 0.0, 940.0, 681.0]
[48.0, 0.0, 957.0, 682.0]
[48.0, 0.0, 958.0, 682.0]
[0.0, 0.0, 911.0, 683.0]
