[64.0, 80.0, 805.0, 636.0]
[128.0, 48.0, 870.0, 604.0]
[240.0, 80.0, 983.0, 637.0]
[224.0, 80.0, 968.0, 638.0]
[208.0, 32.0, 953.0, 591.0]
[80.0, 64.0, 826.0, 624.0]
[96.0, 48.0, 843.0, 608.0]
[160.0, 96.0, 908.0, 657.0]
[128.0, 32.0, 877.0, 594.0]
[80.0, 96.0, 830.0, 658.0]
[160.0, 64.0, 911.0, 627.0]
[192.0, 64.0, 944.0, 628.0]
[112.0, 80.0, 865.0, 645.0]
[160.0, 64.0, 914.0, 630.0]
[64.0, 16.0, 819.0, 582.0]
[112.0, 48.0, 868.0, 615.0]
[176.0, 48.0, 933.0, 616.0]
[64.0, 32.0, 822.0, 600.0]
[112.0, 96.0, 871.0, 665.0]
[112.0, 80.0, 872.0, 650.0]
[128.0, 80.0, 889.0, 651.0]
[224.0, 48.0, 986.0, 620.0]
[64.0, 96.0, 827.0, 668.0]
[112.0, 80.0, 876.0, 653.0]
[96.0, 96.0, 861.0, 670.0]
[176.0, 48.0, 942.0, 622.0]
[32.0, 32.0, 799.0, 607.0]
[208.0, 48.0, 976.0, 624.0]
[192.0, 96.0, 961.0, 673.0]
[96.0, 48.0, 866.0, 626.0]
[32.0, 48.0, 803.0, 626.0]
[208.0, 48.0, 980.0, 627.0]
[224.0, 16.0, 997.0, 596.0]
[176.0, 16.0, 950.0, 596.0]
[240.0, 64.0, 1015.0, 645.0]
[176.0, 64.0, 952.0, 646.0]
[96.0, 96.0, 873.0, 679.0]
[80.0, 80.0, 858.0, 664.0]
[160.0, 0.0, 939.0, 584.0]
[128.0, 0.0, 908.0, 585.0]
[192.0, 48.0, 973.0, 634.0]
[96.0, 0.0, 878.0, 586.0]
[64.0, 48.0, 847.0, 635.0]
[0.0, 32.0, 784.0, 620.0]
[96.0, 0.0, 881.0, 589.0]
[224.0, 64.0, 1010.0, 654.0]
[208.0, 0.0, 995.0, 590.0]
[48.0, 48.0, 836.0, 639.0]
[144.0, 48.0, 933.0, 640.0]
[144.0, 48.0, 934.0, 640.0]
[16.0, 48.0, 807.0, 641.0]
[0.0, 16.0, 792.0, 610.0]
[16.0, 48.0, 809.0, 643.0]
[0.0, 32.0, 794.0, 628.0]
[80.0, 32.0, 875.0, 628.0]
[128.0, 32.0, 924.0, 629.0]
[112.0, 48.0, 909.0, 646.0]
[32.0, 64.0, 830.0, 662.0]
[32.0, 64.0, 831.0, 663.0]
[192.0, 80.0, 992.0, 680.0]
[192.0, 32.0, 993.0, 633.0]
[32.0, 0.0, 834.0, 602.0]
[16.0, 0.0, 819.0, 602.0]
[128.0, 64.0, 932.0, 667.0]
[112.0, 64.0, 917.0, 668.0]
[96.0, 64.0, 902.0, 668.0]
[64.0, 48.0, 871.0, 653.0]
[128.0, 48.0, 936.0, 654.0]
[192.0, 16.0, 1001.0, 623.0]
[96.0, 48.0, 906.0, 656.0]
[48.0, 64.0, 859.0, 672.0]
[16.0, 48.0, 828.0, 657.0]
[176.0, 16.0, 989.0, 626.0]
[192.0, 32.0, 1006.0, 642.0]
[48.0, 16.0, 863.0, 627.0]
[64.0, 64.0, 880.0, 676.0]
[48.0, 0.0, 865.0, 613.0]
[192.0, 16.0, 1010.0, 630.0]
[16.0, 48.0, 835.0, 662.0]
[16.0, 32.0, 836.0, 647.0]
[96.0, 48.0, 917.0, 664.0]
[160.0, 48.0, 982.0, 664.0]
[128.0, 48.0, 951.0, 665.0]
[160.0, 16.0, 984.0, 634.0]
[160.0, 64.0, 985.0, 683.0]
[48.0, 48.0, 874.0, 668.0]
[48.0, 0.0, 875.0, 620.0]
[96.0, 48.0, 924.0, 669.0]
[48.0, 16.0, 877.0, 638.0]
[64.0, 0.0, 894.0, 622.0]
[48.0, 32.0, 879.0, 655.0]
[32.0, 48.0, 864.0, 672.0]
[48.0, 0.0, 881.0, 625.0]
[128.0, 48.0, 962.0, 674.0]
[128.0, 48.0, 963.0, 674.0]
[0.0, 32.0, 836.0, 659.0]
[96.0, 16.0, 933.0, 644.0]
[128.0, 16.0, 966.0, 644.0]
[112.0, 16.0, 951.0, 645.0]
[80.0, 48.0, 920.0, 678.0]
[112.0, 32.0, 953.0, 663.0]
[64.0, 16.0, 906.0, 648.0]
[112.0, 48.0, 955.0, 680.0]
[16.0, 32.0, 860.0, 665.0]
[128.0, 32.0, 973.0, 666.0]
[0.0, 48.0, 846.0, 682.0]
[32.0, 32.0, 879.0, 667.0]
[0.0, 0.0, 848.0, 636.0]
[112.0, 16.0, 961.0, 653.0]
[0.0, 32.0, 850.0, 670.0]
[128.0, 16.0, 979.0, 654.0]
[48.0, 0.0, 900.0, 639.0]
[160.0, 16.0, 1013.0, 656.0]
[32.0, 32.0, 886.0, 672.0]
[0.0, 16.0, 855.0, 657.0]
[112.0, 16.0, 968.0, 658.0]
[80.0, 0.0, 937.0, 643.0]
[32.0, 0.0, 890.0, 644.0]
[80.0, 0.0, 939.0, 644.0]
[80.0, 16.0, 940.0, 661.0]
[80.0, 32.0, 941.0, 678.0]
[32.0, 16.0, 894.0, 662.0]
[64.0, 32.0, 927.0, 679.0]
[32.0, 32.0, 896.0, 680.0]
[48.0, 32.0, 913.0, 681.0]
[32.0, 16.0, 898.0, 666.0]
[0.0, 32.0, 867.0, 682.0]
[96.0, 0.0, 964.0, 651.0]
[128.0, 0.0, 997.0, 652.0]
[144.0, 16.0, 1014.0, 668.0]
[48.0, 0.0, 919.0, 653.0]
[112.0, 16.0, 984.0, 670.0]
[96.0, 16.0, 969.0, 671.0]
[0.0, 0.0, 874.0, 656.0]
[0.0, 0.0, 875.0, 656.0]
[0.0, 16.0, 876.0, 673.0]
[48.0, 0.0, 925.0, 658.0]
[144.0, 0.0, 1022.0, 658.0]
[48.0, 0.0, 927.0, 659.0]
[0.0, 16.0, 880.0, 676.0]
[128.0, 16.0, 1009.0, 677.0]
[32.0, 0.0, 914.0, 662.0]
[96.0, 0.0, 979.0, 662.0]
[112.0, 16.0, 996.0, 679.0]
[112.0, 16.0, 997.0, 680.0]
[32.0, 0.0, 918.0, 664.0]
[16.0, 16.0, 903.0, 681.0]
[0.0, 16.0, 888.0, 682.0]
[48.0, 0.0, 937.0, 667.0]
[128.0, 0.0, 1018.0, 668.0]
[48.0, 0.0, 939.0, 668.0]
[0.0, 0.0, 892.0, 669.0]
[80.0, 0.0, 973.0, 670.0]
[32.0, 0.0, 926.0, 670.0]
[16.0, 0.0, 911.0, 671.0]
[96.0, 0.0, 992.0, 672.0]
[96.0, 0.0, 993.0, 673.0]
[0.0, 0.0, 898.0, 674.0]
[48.0, 0.0, 947.0, 674.0]
[16.0, 0.0, 916.0, 675.0]
[0.0, 0.0, 901.0, 676.0]
[16.0, 0.0, 918.0, 676.0]
[80.0, 0.0, 983.0, 677.0]
[80.0, 0.0, 984.0, 678.0]
[16.0, 0.0, 921.0, 679.0]
[64.0, 0.0, 970.0, 680.0]
[48.0, 0.0, 955.0, 680.0]
[112.0, 0.0, 1020.0, 681.0]
[16.0, 0.0, 925.0, 682.0]
[96.0, 0.0, 1006.0, 682.0]
[96.0, 0.0, 1007.0, 683.0]
