[128.0, 32.0, 852.0, 575.0]
[160.0, 80.0, 885.0, 624.0]
[208.0, 32.0, 934.0, 576.0]
[144.0, 32.0, 871.0, 577.0]
[256.0, 48.0, 984.0, 594.0]
[112.0, 32.0, 841.0, 579.0]
[80.0, 80.0, 810.0, 628.0]
[80.0, 48.0, 811.0, 596.0]
[160.0, 80.0, 892.0, 629.0]
[192.0, 80.0, 925.0, 630.0]
[32.0, 64.0, 766.0, 614.0]
[96.0, 80.0, 831.0, 631.0]
[96.0, 32.0, 832.0, 584.0]
[64.0, 64.0, 801.0, 617.0]
[176.0, 80.0, 914.0, 634.0]
[80.0, 80.0, 819.0, 634.0]
[208.0, 48.0, 948.0, 603.0]
[176.0, 16.0, 917.0, 572.0]
[144.0, 80.0, 886.0, 636.0]
[32.0, 48.0, 775.0, 605.0]
[160.0, 16.0, 904.0, 574.0]
[128.0, 16.0, 873.0, 575.0]
[112.0, 16.0, 858.0, 576.0]
[96.0, 64.0, 843.0, 624.0]
[192.0, 64.0, 940.0, 625.0]
[240.0, 64.0, 989.0, 626.0]
[64.0, 48.0, 814.0, 610.0]
[112.0, 16.0, 863.0, 579.0]
[192.0, 80.0, 944.0, 644.0]
[176.0, 48.0, 929.0, 613.0]
[192.0, 80.0, 946.0, 646.0]
[48.0, 0.0, 803.0, 566.0]
[144.0, 80.0, 900.0, 647.0]
[96.0, 48.0, 853.0, 616.0]
[112.0, 64.0, 870.0, 632.0]
[96.0, 80.0, 855.0, 649.0]
[48.0, 80.0, 808.0, 650.0]
[224.0, 64.0, 985.0, 635.0]
[80.0, 0.0, 842.0, 572.0]
[16.0, 64.0, 779.0, 636.0]
[48.0, 0.0, 812.0, 573.0]
[144.0, 64.0, 909.0, 638.0]
[128.0, 16.0, 894.0, 590.0]
[112.0, 16.0, 879.0, 591.0]
[128.0, 64.0, 896.0, 640.0]
[16.0, 48.0, 785.0, 625.0]
[32.0, 32.0, 802.0, 610.0]
[96.0, 32.0, 867.0, 610.0]
[80.0, 0.0, 852.0, 579.0]
[112.0, 16.0, 885.0, 596.0]
[96.0, 16.0, 870.0, 596.0]
[224.0, 64.0, 999.0, 645.0]
[192.0, 48.0, 968.0, 630.0]
[176.0, 16.0, 953.0, 599.0]
[32.0, 16.0, 810.0, 600.0]
[48.0, 16.0, 827.0, 600.0]
[192.0, 48.0, 972.0, 633.0]
[32.0, 48.0, 813.0, 634.0]
[128.0, 48.0, 910.0, 634.0]
[32.0, 16.0, 815.0, 603.0]
[224.0, 0.0, 1008.0, 588.0]
[32.0, 0.0, 817.0, 589.0]
[176.0, 48.0, 962.0, 638.0]
[64.0, 32.0, 851.0, 622.0]
[64.0, 16.0, 852.0, 607.0]
[192.0, 0.0, 981.0, 592.0]
[48.0, 48.0, 838.0, 640.0]
[96.0, 32.0, 887.0, 625.0]
[64.0, 32.0, 856.0, 626.0]
[0.0, 16.0, 793.0, 611.0]
[80.0, 48.0, 874.0, 644.0]
[128.0, 48.0, 923.0, 644.0]
[224.0, 16.0, 1020.0, 613.0]
[160.0, 32.0, 957.0, 630.0]
[224.0, 16.0, 1022.0, 614.0]
[80.0, 16.0, 879.0, 615.0]
[16.0, 32.0, 816.0, 632.0]
[32.0, 48.0, 833.0, 649.0]
[208.0, 48.0, 1010.0, 650.0]
[128.0, 0.0, 931.0, 602.0]
[192.0, 48.0, 996.0, 651.0]
[96.0, 0.0, 901.0, 604.0]
[160.0, 48.0, 966.0, 652.0]
[64.0, 16.0, 871.0, 621.0]
[16.0, 16.0, 824.0, 622.0]
[32.0, 32.0, 841.0, 639.0]
[208.0, 0.0, 1018.0, 608.0]
[160.0, 0.0, 971.0, 608.0]
[192.0, 0.0, 1004.0, 609.0]
[96.0, 16.0, 909.0, 626.0]
[96.0, 32.0, 910.0, 642.0]
[80.0, 16.0, 895.0, 627.0]
[192.0, 32.0, 1008.0, 644.0]
[192.0, 32.0, 1009.0, 645.0]
[48.0, 16.0, 866.0, 630.0]
[160.0, 32.0, 979.0, 646.0]
[176.0, 32.0, 996.0, 647.0]
[16.0, 0.0, 837.0, 616.0]
[0.0, 0.0, 822.0, 616.0]
[48.0, 32.0, 871.0, 649.0]
[64.0, 32.0, 888.0, 650.0]
[160.0, 16.0, 985.0, 635.0]
[0.0, 32.0, 826.0, 652.0]
[144.0, 32.0, 971.0, 652.0]
[80.0, 16.0, 908.0, 637.0]
[16.0, 16.0, 845.0, 638.0]
[112.0, 16.0, 942.0, 638.0]
[32.0, 16.0, 863.0, 639.0]
[96.0, 0.0, 928.0, 624.0]
[48.0, 16.0, 881.0, 641.0]
[16.0, 16.0, 850.0, 642.0]
[48.0, 16.0, 883.0, 642.0]
[112.0, 16.0, 948.0, 643.0]
[128.0, 0.0, 965.0, 628.0]
[16.0, 0.0, 854.0, 628.0]
[48.0, 0.0, 887.0, 629.0]
[128.0, 16.0, 968.0, 646.0]
[160.0, 0.0, 1001.0, 631.0]
[48.0, 0.0, 890.0, 632.0]
[48.0, 16.0, 891.0, 648.0]
[80.0, 0.0, 924.0, 633.0]
[16.0, 16.0, 861.0, 650.0]
[128.0, 16.0, 974.0, 650.0]
[80.0, 0.0, 927.0, 635.0]
[64.0, 0.0, 912.0, 636.0]
[0.0, 0.0, 849.0, 637.0]
[96.0, 0.0, 946.0, 638.0]
[80.0, 0.0, 931.0, 638.0]
[64.0, 0.0, 916.0, 639.0]
[0.0, 0.0, 853.0, 640.0]
[64.0, 0.0, 918.0, 640.0]
[32.0, 0.0, 887.0, 641.0]
[144.0, 0.0, 1000.0, 642.0]
[112.0, 0.0, 969.0, 643.0]
[0.0, 0.0, 858.0, 644.0]
[80.0, 0.0, 939.0, 644.0]
[128.0, 0.0, 988.0, 645.0]
[112.0, 0.0, 973.0, 646.0]
[16.0, 0.0, 878.0, 646.0]
[96.0, 0.0, 959.0, 647.0]
[128.0, 0.0, 992.0, 648.0]
[96.0, 0.0, 961.0, 649.0]
[32.0, 0.0, 898.0, 650.0]
[16.0, 0.0, 883.0, 650.0]
[32.0, 0.0, 900.0, 651.0]
[96.0, 0.0, 965.0, 652.0]
[128.0, 0.0, 998.0, 652.0]
