[64.0, 96.0, 805.0, 652.0]
[208.0, 80.0, 950.0, 636.0]
[144.0, 64.0, 887.0, 621.0]
[64.0, 96.0, 808.0, 654.0]
[208.0, 80.0, 953.0, 639.0]
[176.0, 80.0, 922.0, 640.0]
[80.0, 32.0, 827.0, 592.0]
[96.0, 32.0, 844.0, 593.0]
[64.0, 64.0, 813.0, 626.0]
[128.0, 64.0, 878.0, 626.0]
[96.0, 80.0, 847.0, 643.0]
[240.0, 80.0, 992.0, 644.0]
[112.0, 80.0, 865.0, 645.0]
[144.0, 96.0, 898.0, 662.0]
[80.0, 64.0, 835.0, 630.0]
[112.0, 64.0, 868.0, 631.0]
[224.0, 64.0, 981.0, 632.0]
[160.0, 16.0, 918.0, 584.0]
[208.0, 96.0, 967.0, 665.0]
[144.0, 80.0, 904.0, 650.0]
[48.0, 32.0, 809.0, 603.0]
[192.0, 48.0, 954.0, 620.0]
[96.0, 16.0, 859.0, 588.0]
[160.0, 64.0, 924.0, 637.0]
[160.0, 32.0, 925.0, 606.0]
[64.0, 32.0, 830.0, 606.0]
[48.0, 16.0, 815.0, 591.0]
[224.0, 64.0, 992.0, 640.0]
[80.0, 96.0, 849.0, 673.0]
[48.0, 64.0, 818.0, 642.0]
[64.0, 48.0, 835.0, 626.0]
[32.0, 16.0, 804.0, 595.0]
[48.0, 48.0, 821.0, 628.0]
[48.0, 48.0, 822.0, 628.0]
[224.0, 32.0, 999.0, 613.0]
[192.0, 48.0, 968.0, 630.0]
[112.0, 64.0, 889.0, 647.0]
[112.0, 0.0, 890.0, 584.0]
[144.0, 80.0, 923.0, 664.0]
[176.0, 48.0, 956.0, 633.0]
[224.0, 64.0, 1005.0, 650.0]
[144.0, 32.0, 926.0, 618.0]
[160.0, 32.0, 943.0, 619.0]
[176.0, 16.0, 960.0, 604.0]
[112.0, 80.0, 897.0, 669.0]
[224.0, 80.0, 1010.0, 670.0]
[176.0, 80.0, 963.0, 670.0]
[224.0, 32.0, 1012.0, 623.0]
[208.0, 80.0, 997.0, 672.0]
[144.0, 80.0, 934.0, 672.0]
[96.0, 64.0, 887.0, 657.0]
[160.0, 16.0, 952.0, 610.0]
[176.0, 64.0, 969.0, 659.0]
[208.0, 0.0, 1002.0, 596.0]
[224.0, 48.0, 1019.0, 644.0]
[128.0, 48.0, 924.0, 645.0]
[96.0, 80.0, 893.0, 678.0]
[144.0, 64.0, 942.0, 662.0]
[16.0, 16.0, 815.0, 615.0]
[96.0, 32.0, 896.0, 632.0]
[192.0, 48.0, 993.0, 649.0]
[192.0, 48.0, 994.0, 650.0]
[160.0, 64.0, 963.0, 666.0]
[112.0, 0.0, 916.0, 603.0]
[0.0, 48.0, 805.0, 652.0]
[160.0, 80.0, 966.0, 684.0]
[208.0, 32.0, 1015.0, 637.0]
[112.0, 48.0, 920.0, 654.0]
[192.0, 32.0, 1001.0, 639.0]
[144.0, 0.0, 954.0, 608.0]
[160.0, 32.0, 971.0, 640.0]
[0.0, 64.0, 812.0, 673.0]
[208.0, 64.0, 1021.0, 674.0]
[0.0, 48.0, 814.0, 658.0]
[112.0, 0.0, 927.0, 611.0]
[112.0, 64.0, 928.0, 676.0]
[0.0, 32.0, 817.0, 645.0]
[64.0, 16.0, 882.0, 630.0]
[112.0, 0.0, 931.0, 614.0]
[32.0, 32.0, 852.0, 647.0]
[144.0, 0.0, 965.0, 616.0]
[176.0, 64.0, 998.0, 680.0]
[16.0, 48.0, 839.0, 665.0]
[16.0, 0.0, 840.0, 618.0]
[144.0, 48.0, 969.0, 667.0]
[96.0, 64.0, 922.0, 684.0]
[112.0, 32.0, 939.0, 652.0]
[128.0, 32.0, 956.0, 653.0]
[64.0, 0.0, 893.0, 622.0]
[192.0, 0.0, 1022.0, 622.0]
[128.0, 16.0, 959.0, 639.0]
[16.0, 48.0, 848.0, 672.0]
[32.0, 0.0, 865.0, 625.0]
[96.0, 32.0, 930.0, 658.0]
[96.0, 0.0, 931.0, 626.0]
[80.0, 16.0, 916.0, 643.0]
[80.0, 16.0, 917.0, 644.0]
[64.0, 16.0, 902.0, 644.0]
[128.0, 32.0, 967.0, 661.0]
[32.0, 32.0, 872.0, 662.0]
[176.0, 16.0, 1017.0, 647.0]
[48.0, 16.0, 890.0, 648.0]
[112.0, 0.0, 955.0, 632.0]
[80.0, 16.0, 924.0, 649.0]
[64.0, 48.0, 909.0, 682.0]
[112.0, 48.0, 958.0, 682.0]
[96.0, 32.0, 943.0, 667.0]
[176.0, 32.0, 1024.0, 668.0]
[32.0, 16.0, 881.0, 653.0]
[144.0, 16.0, 994.0, 654.0]
[96.0, 0.0, 947.0, 638.0]
[96.0, 16.0, 948.0, 655.0]
[144.0, 32.0, 997.0, 672.0]
[0.0, 16.0, 854.0, 656.0]
[112.0, 32.0, 967.0, 673.0]
[112.0, 0.0, 968.0, 642.0]
[32.0, 32.0, 889.0, 675.0]
[80.0, 16.0, 938.0, 660.0]
[160.0, 0.0, 1019.0, 644.0]
[0.0, 0.0, 860.0, 645.0]
[96.0, 16.0, 957.0, 662.0]
[32.0, 32.0, 894.0, 678.0]
[0.0, 32.0, 863.0, 679.0]
[112.0, 16.0, 976.0, 664.0]
[144.0, 0.0, 1009.0, 649.0]
[48.0, 16.0, 914.0, 666.0]
[80.0, 0.0, 947.0, 650.0]
[80.0, 32.0, 948.0, 683.0]
[80.0, 16.0, 949.0, 668.0]
[128.0, 16.0, 998.0, 668.0]
[16.0, 16.0, 887.0, 669.0]
[32.0, 16.0, 904.0, 670.0]
[16.0, 16.0, 889.0, 671.0]
[128.0, 0.0, 1002.0, 656.0]
[96.0, 0.0, 971.0, 656.0]
[80.0, 16.0, 956.0, 673.0]
[0.0, 16.0, 877.0, 674.0]
[80.0, 16.0, 958.0, 674.0]
[96.0, 0.0, 975.0, 659.0]
[64.0, 16.0, 944.0, 676.0]
[0.0, 16.0, 881.0, 677.0]
[48.0, 0.0, 930.0, 662.0]
[128.0, 16.0, 1011.0, 678.0]
[32.0, 16.0, 916.0, 679.0]
[112.0, 16.0, 997.0, 680.0]
[0.0, 0.0, 886.0, 664.0]
[112.0, 16.0, 999.0, 681.0]
[80.0, 16.0, 968.0, 682.0]
[80.0, 16.0, 969.0, 683.0]
[32.0, 0.0, 922.0, 668.0]
[112.0, 16.0, 1003.0, 684.0]
[16.0, 0.0, 908.0, 669.0]
[112.0, 0.0, 1005.0, 670.0]
[128.0, 0.0, 1022.0, 670.0]
[32.0, 0.0, 927.0, 671.0]
[0.0, 0.0, 896.0, 672.0]
[112.0, 0.0, 1009.0, 673.0]
[16.0, 0.0, 914.0, 674.0]
[16.0, 0.0, 915.0, 674.0]
[48.0, 0.0, 948.0, 675.0]
[48.0, 0.0, 949.0, 676.0]
[48.0, 0.0, 950.0, 676.0]
[32.0, 0.0, 935.0, 677.0]
[0.0, 0.0, 904.0, 678.0]
[96.0, 0.0, 1001.0, 679.0]
[32.0, 0.0, 938.0, 680.0]
[80.0, 0.0, 987.0, 680.0]
[16.0, 0.0, 924.0, 681.0]
[16.0, 0.0, 925.0, 682.0]
[112.0, 0.0, 1022.0, 682.0]
[80.0, 0.0, 991.0, 683.0]
[48.0, 0.0, 960.0, 684.0]
