[272.0, 128.0, 989.0, 666.0]
[256.0, 96.0, 974.0, 634.0]
[176.0, 128.0, 895.0, 667.0]
[176.0, 80.0, 896.0, 620.0]
[256.0, 112.0, 977.0, 653.0]
[208.0, 32.0, 930.0, 574.0]
[240.0, 96.0, 963.0, 638.0]
[256.0, 96.0, 980.0, 639.0]
[208.0, 16.0, 933.0, 560.0]
[208.0, 32.0, 934.0, 576.0]
[192.0, 32.0, 919.0, 577.0]
[256.0, 32.0, 984.0, 578.0]
[224.0, 48.0, 953.0, 595.0]
[256.0, 32.0, 986.0, 580.0]
[224.0, 128.0, 955.0, 676.0]
[240.0, 16.0, 972.0, 565.0]
[160.0, 112.0, 893.0, 662.0]
[176.0, 128.0, 910.0, 678.0]
[224.0, 80.0, 959.0, 631.0]
[224.0, 48.0, 960.0, 600.0]
[192.0, 128.0, 929.0, 681.0]
[176.0, 0.0, 914.0, 554.0]
[224.0, 48.0, 963.0, 602.0]
[160.0, 112.0, 900.0, 667.0]
[160.0, 32.0, 901.0, 588.0]
[160.0, 112.0, 902.0, 668.0]
[272.0, 0.0, 1015.0, 557.0]
[256.0, 80.0, 1000.0, 638.0]
[176.0, 0.0, 921.0, 559.0]
[272.0, 80.0, 1018.0, 640.0]
[240.0, 112.0, 987.0, 672.0]
[256.0, 80.0, 1004.0, 641.0]
[176.0, 16.0, 925.0, 578.0]
[144.0, 16.0, 894.0, 578.0]
[256.0, 64.0, 1007.0, 627.0]
[208.0, 48.0, 960.0, 612.0]
[160.0, 80.0, 913.0, 645.0]
[160.0, 112.0, 914.0, 678.0]
[128.0, 48.0, 883.0, 614.0]
[208.0, 80.0, 964.0, 647.0]
[224.0, 112.0, 981.0, 680.0]
[256.0, 32.0, 1014.0, 600.0]
[128.0, 48.0, 887.0, 617.0]
[208.0, 80.0, 968.0, 650.0]
[256.0, 64.0, 1017.0, 635.0]
[128.0, 96.0, 890.0, 668.0]
[192.0, 16.0, 955.0, 588.0]
[240.0, 32.0, 1004.0, 605.0]
[240.0, 80.0, 1005.0, 654.0]
[176.0, 32.0, 942.0, 606.0]
[112.0, 32.0, 879.0, 607.0]
[256.0, 48.0, 1024.0, 624.0]
[192.0, 48.0, 961.0, 625.0]
[240.0, 16.0, 1010.0, 594.0]
[128.0, 16.0, 899.0, 594.0]
[176.0, 16.0, 948.0, 595.0]
[208.0, 96.0, 981.0, 676.0]
[240.0, 80.0, 1014.0, 660.0]
[192.0, 0.0, 967.0, 581.0]
[208.0, 64.0, 984.0, 646.0]
[240.0, 0.0, 1017.0, 583.0]
[224.0, 16.0, 1002.0, 600.0]
[128.0, 64.0, 907.0, 648.0]
[240.0, 32.0, 1020.0, 617.0]
[144.0, 64.0, 925.0, 650.0]
[240.0, 96.0, 1022.0, 682.0]
[112.0, 48.0, 895.0, 635.0]
[176.0, 32.0, 960.0, 620.0]
[160.0, 32.0, 945.0, 621.0]
[128.0, 32.0, 914.0, 622.0]
[176.0, 64.0, 963.0, 654.0]
[208.0, 48.0, 996.0, 639.0]
[192.0, 16.0, 981.0, 608.0]
[160.0, 32.0, 950.0, 624.0]
[192.0, 64.0, 983.0, 657.0]
[176.0, 0.0, 968.0, 594.0]
[144.0, 48.0, 937.0, 643.0]
[160.0, 48.0, 954.0, 644.0]
[224.0, 80.0, 1019.0, 676.0]
[96.0, 32.0, 892.0, 629.0]
[160.0, 16.0, 957.0, 614.0]
[224.0, 32.0, 1022.0, 630.0]
[80.0, 32.0, 879.0, 631.0]
[144.0, 80.0, 944.0, 680.0]
[192.0, 80.0, 993.0, 681.0]
[128.0, 48.0, 930.0, 650.0]
[96.0, 64.0, 899.0, 666.0]
[192.0, 48.0, 996.0, 651.0]
[96.0, 32.0, 901.0, 636.0]
[160.0, 0.0, 966.0, 604.0]
[128.0, 48.0, 935.0, 653.0]
[144.0, 64.0, 952.0, 670.0]
[160.0, 32.0, 969.0, 639.0]
[144.0, 48.0, 954.0, 656.0]
[112.0, 32.0, 923.0, 640.0]
[128.0, 0.0, 940.0, 609.0]
[144.0, 0.0, 957.0, 610.0]
[176.0, 0.0, 990.0, 610.0]
[128.0, 0.0, 943.0, 611.0]
[80.0, 48.0, 896.0, 660.0]
[192.0, 16.0, 1009.0, 629.0]
[192.0, 0.0, 1010.0, 614.0]
[176.0, 0.0, 995.0, 614.0]
[176.0, 48.0, 996.0, 663.0]
[144.0, 32.0, 965.0, 648.0]
[176.0, 16.0, 998.0, 632.0]
[128.0, 32.0, 951.0, 649.0]
[112.0, 64.0, 936.0, 682.0]
[192.0, 64.0, 1017.0, 683.0]
[176.0, 16.0, 1002.0, 636.0]
[48.0, 32.0, 875.0, 652.0]
[160.0, 32.0, 988.0, 653.0]
[144.0, 16.0, 973.0, 638.0]
[144.0, 48.0, 974.0, 670.0]
[176.0, 48.0, 1007.0, 671.0]
[128.0, 16.0, 960.0, 640.0]
[96.0, 16.0, 929.0, 641.0]
[64.0, 48.0, 898.0, 674.0]
[144.0, 32.0, 979.0, 658.0]
[144.0, 16.0, 980.0, 643.0]
[96.0, 16.0, 933.0, 644.0]
[144.0, 48.0, 982.0, 676.0]
[80.0, 0.0, 919.0, 629.0]
[176.0, 48.0, 1016.0, 678.0]
[48.0, 32.0, 889.0, 663.0]
[128.0, 0.0, 970.0, 632.0]
[64.0, 16.0, 907.0, 648.0]
[128.0, 32.0, 972.0, 665.0]
[64.0, 16.0, 909.0, 650.0]
[176.0, 0.0, 1022.0, 634.0]
[64.0, 48.0, 911.0, 683.0]
[144.0, 0.0, 992.0, 636.0]
[112.0, 16.0, 961.0, 653.0]
[128.0, 16.0, 978.0, 654.0]
[48.0, 32.0, 899.0, 670.0]
[128.0, 16.0, 980.0, 655.0]
[144.0, 16.0, 997.0, 656.0]
[128.0, 16.0, 982.0, 656.0]
[128.0, 0.0, 983.0, 641.0]
[144.0, 32.0, 1000.0, 674.0]
[96.0, 16.0, 953.0, 659.0]
[64.0, 0.0, 922.0, 644.0]
[96.0, 16.0, 955.0, 660.0]
[128.0, 0.0, 988.0, 645.0]
[64.0, 0.0, 925.0, 646.0]
[128.0, 16.0, 990.0, 662.0]
[80.0, 16.0, 943.0, 663.0]
[64.0, 32.0, 928.0, 680.0]
[128.0, 16.0, 993.0, 665.0]
[48.0, 16.0, 914.0, 666.0]
[96.0, 0.0, 963.0, 650.0]
[112.0, 16.0, 980.0, 667.0]
[144.0, 0.0, 1013.0, 652.0]
[96.0, 16.0, 966.0, 668.0]
[80.0, 16.0, 951.0, 669.0]
[80.0, 0.0, 952.0, 654.0]
[96.0, 16.0, 969.0, 671.0]
[32.0, 0.0, 906.0, 656.0]
[32.0, 16.0, 907.0, 672.0]
[128.0, 0.0, 1004.0, 657.0]
[80.0, 16.0, 957.0, 674.0]
[48.0, 16.0, 926.0, 674.0]
[144.0, 16.0, 1023.0, 675.0]
[144.0, 0.0, 1024.0, 660.0]
[112.0, 0.0, 993.0, 661.0]
[96.0, 16.0, 978.0, 678.0]
[48.0, 16.0, 931.0, 678.0]
[128.0, 0.0, 1012.0, 663.0]
[112.0, 0.0, 997.0, 664.0]
[112.0, 16.0, 998.0, 680.0]
[112.0, 0.0, 999.0, 665.0]
[48.0, 0.0, 936.0, 666.0]
[64.0, 16.0, 953.0, 683.0]
[32.0, 0.0, 922.0, 668.0]
[48.0, 0.0, 939.0, 668.0]
[80.0, 0.0, 972.0, 669.0]
[80.0, 0.0, 973.0, 670.0]
[128.0, 0.0, 1022.0, 670.0]
[128.0, 0.0, 1023.0, 671.0]
[112.0, 0.0, 1008.0, 672.0]
[80.0, 0.0, 977.0, 673.0]
[32.0, 0.0, 930.0, 674.0]
[96.0, 0.0, 995.0, 674.0]
[48.0, 0.0, 948.0, 675.0]
[64.0, 0.0, 965.0, 676.0]
[80.0, 0.0, 982.0, 676.0]
[32.0, 0.0, 935.0, 677.0]
[96.0, 0.0, 1000.0, 678.0]
[80.0, 0.0, 985.0, 679.0]
[64.0, 0.0, 970.0, 680.0]
[48.0, 0.0, 955.0, 680.0]
[112.0, 0.0, 1020.0, 681.0]
[80.0, 0.0, 989.0, 682.0]
[112.0, 0.0, 1022.0, 682.0]
[32.0, 0.0, 943.0, 683.0]
