[80.0, 224.0, 642.0, 973.0]
[48.0, 208.0, 610.0, 958.0]
[48.0, 192.0, 611.0, 943.0]
[48.0, 224.0, 612.0, 976.0]
[80.0, 192.0, 645.0, 945.0]
[112.0, 224.0, 678.0, 978.0]
[112.0, 208.0, 678.0, 963.0]
[80.0, 192.0, 647.0, 948.0]
[96.0, 224.0, 664.0, 981.0]
[64.0, 192.0, 632.0, 950.0]
[96.0, 224.0, 665.0, 983.0]
[112.0, 176.0, 682.0, 936.0]
[80.0, 224.0, 651.0, 985.0]
[96.0, 176.0, 668.0, 938.0]
[112.0, 176.0, 684.0, 939.0]
[128.0, 144.0, 701.0, 908.0]
[32.0, 160.0, 606.0, 925.0]
[96.0, 176.0, 670.0, 942.0]
[160.0, 144.0, 735.0, 911.0]
[80.0, 208.0, 656.0, 976.0]
[48.0, 144.0, 625.0, 913.0]
[64.0, 224.0, 642.0, 994.0]
[32.0, 208.0, 610.0, 979.0]
[96.0, 144.0, 675.0, 916.0]
[96.0, 208.0, 676.0, 981.0]
[96.0, 112.0, 676.0, 886.0]
[176.0, 160.0, 757.0, 935.0]
[160.0, 112.0, 742.0, 888.0]
[144.0, 96.0, 727.0, 873.0]
[64.0, 208.0, 648.0, 986.0]
[160.0, 224.0, 744.0, 1003.0]
[32.0, 128.0, 617.0, 908.0]
[48.0, 208.0, 634.0, 989.0]
[48.0, 224.0, 634.0, 1006.0]
[160.0, 208.0, 747.0, 991.0]
[32.0, 128.0, 620.0, 912.0]
[160.0, 160.0, 749.0, 945.0]
[16.0, 112.0, 606.0, 898.0]
[48.0, 176.0, 638.0, 963.0]
[64.0, 144.0, 655.0, 932.0]
[144.0, 160.0, 736.0, 949.0]
[96.0, 144.0, 688.0, 934.0]
[160.0, 192.0, 753.0, 983.0]
[96.0, 80.0, 690.0, 872.0]
[160.0, 176.0, 755.0, 969.0]
[16.0, 144.0, 612.0, 938.0]
[144.0, 144.0, 740.0, 939.0]
[96.0, 144.0, 693.0, 940.0]
[96.0, 176.0, 694.0, 973.0]
[96.0, 144.0, 694.0, 942.0]
[128.0, 128.0, 727.0, 927.0]
[80.0, 96.0, 680.0, 896.0]
[160.0, 112.0, 761.0, 913.0]
[80.0, 80.0, 682.0, 882.0]
[128.0, 144.0, 730.0, 947.0]
[96.0, 160.0, 699.0, 964.0]
[96.0, 176.0, 700.0, 981.0]
[32.0, 144.0, 636.0, 950.0]
[160.0, 112.0, 765.0, 919.0]
[64.0, 80.0, 670.0, 888.0]
[128.0, 80.0, 735.0, 889.0]
[64.0, 128.0, 672.0, 938.0]
[128.0, 128.0, 736.0, 939.0]
[16.0, 208.0, 625.0, 1020.0]
[64.0, 112.0, 674.0, 925.0]
[144.0, 112.0, 754.0, 926.0]
[144.0, 208.0, 755.0, 1023.0]
[128.0, 80.0, 740.0, 896.0]
[48.0, 80.0, 661.0, 897.0]
[80.0, 96.0, 694.0, 914.0]
[16.0, 144.0, 630.0, 963.0]
[144.0, 144.0, 759.0, 964.0]
[32.0, 176.0, 648.0, 997.0]
[112.0, 64.0, 728.0, 886.0]
[80.0, 48.0, 697.0, 871.0]
[96.0, 160.0, 714.0, 984.0]
[80.0, 48.0, 699.0, 873.0]
[64.0, 48.0, 684.0, 874.0]
[16.0, 144.0, 636.0, 971.0]
[96.0, 192.0, 717.0, 1020.0]
[96.0, 192.0, 718.0, 1021.0]
[16.0, 96.0, 638.0, 926.0]
[112.0, 144.0, 735.0, 975.0]
[128.0, 144.0, 752.0, 976.0]
[80.0, 64.0, 705.0, 897.0]
[112.0, 48.0, 738.0, 882.0]
[80.0, 64.0, 706.0, 899.0]
[128.0, 160.0, 755.0, 996.0]
[64.0, 80.0, 692.0, 917.0]
[96.0, 32.0, 724.0, 870.0]
[32.0, 176.0, 661.0, 1015.0]
[128.0, 64.0, 758.0, 904.0]
[0.0, 160.0, 631.0, 1001.0]
[112.0, 64.0, 744.0, 906.0]
[32.0, 112.0, 664.0, 955.0]
[48.0, 160.0, 681.0, 1004.0]
[32.0, 176.0, 666.0, 1021.0]
[48.0, 96.0, 682.0, 942.0]
[0.0, 176.0, 635.0, 1023.0]
[48.0, 128.0, 684.0, 976.0]
[96.0, 128.0, 733.0, 977.0]
[64.0, 160.0, 702.0, 1010.0]
[128.0, 64.0, 766.0, 915.0]
[32.0, 48.0, 671.0, 900.0]
[64.0, 112.0, 704.0, 965.0]
[80.0, 144.0, 720.0, 998.0]
[96.0, 160.0, 737.0, 1015.0]
[64.0, 32.0, 706.0, 888.0]
[16.0, 80.0, 659.0, 937.0]
[32.0, 32.0, 676.0, 890.0]
[48.0, 16.0, 692.0, 875.0]
[32.0, 32.0, 677.0, 892.0]
[16.0, 160.0, 662.0, 1021.0]
[80.0, 112.0, 726.0, 974.0]
[80.0, 48.0, 727.0, 911.0]
[32.0, 16.0, 680.0, 880.0]
[0.0, 112.0, 649.0, 977.0]
[32.0, 32.0, 682.0, 898.0]
[64.0, 16.0, 714.0, 883.0]
[48.0, 128.0, 699.0, 996.0]
[48.0, 112.0, 700.0, 981.0]
[112.0, 128.0, 764.0, 998.0]
[112.0, 80.0, 765.0, 951.0]
[80.0, 112.0, 734.0, 984.0]
[64.0, 0.0, 719.0, 873.0]
[0.0, 64.0, 656.0, 938.0]
[48.0, 48.0, 704.0, 923.0]
[64.0, 48.0, 721.0, 924.0]
[80.0, 0.0, 738.0, 877.0]
[0.0, 64.0, 658.0, 942.0]
[16.0, 112.0, 675.0, 991.0]
[64.0, 112.0, 724.0, 992.0]
[32.0, 96.0, 693.0, 977.0]
[48.0, 48.0, 710.0, 930.0]
[48.0, 128.0, 710.0, 1011.0]
[80.0, 32.0, 743.0, 916.0]
[32.0, 48.0, 696.0, 933.0]
[0.0, 128.0, 664.0, 1014.0]
[16.0, 64.0, 681.0, 951.0]
[16.0, 80.0, 682.0, 968.0]
[80.0, 16.0, 747.0, 905.0]
[0.0, 16.0, 668.0, 906.0]
[16.0, 32.0, 684.0, 923.0]
[64.0, 112.0, 733.0, 1004.0]
[64.0, 96.0, 734.0, 989.0]
[48.0, 112.0, 718.0, 1006.0]
[32.0, 64.0, 703.0, 959.0]
[80.0, 80.0, 752.0, 976.0]
[16.0, 0.0, 689.0, 897.0]
[80.0, 16.0, 754.0, 914.0]
[0.0, 48.0, 674.0, 947.0]
[64.0, 16.0, 739.0, 916.0]
[32.0, 32.0, 708.0, 933.0]
[16.0, 112.0, 692.0, 1014.0]
[0.0, 80.0, 677.0, 983.0]
[0.0, 80.0, 678.0, 984.0]
[16.0, 64.0, 695.0, 969.0]
[80.0, 112.0, 760.0, 1018.0]
[80.0, 80.0, 760.0, 987.0]
[48.0, 96.0, 729.0, 1004.0]
[48.0, 48.0, 730.0, 957.0]
[80.0, 0.0, 762.0, 910.0]
[32.0, 16.0, 715.0, 927.0]
[48.0, 80.0, 732.0, 992.0]
[80.0, 16.0, 765.0, 929.0]
[48.0, 0.0, 734.0, 914.0]
[64.0, 48.0, 750.0, 963.0]
[48.0, 64.0, 735.0, 980.0]
[48.0, 80.0, 736.0, 997.0]
[80.0, 64.0, 768.0, 982.0]
[32.0, 80.0, 721.0, 999.0]
[48.0, 48.0, 738.0, 968.0]
[16.0, 96.0, 707.0, 1017.0]
[16.0, 0.0, 708.0, 922.0]
[48.0, 48.0, 740.0, 971.0]
[0.0, 96.0, 693.0, 1020.0]
[16.0, 80.0, 710.0, 1005.0]
[0.0, 96.0, 694.0, 1022.0]
[0.0, 80.0, 695.0, 1007.0]
[16.0, 48.0, 712.0, 976.0]
[16.0, 0.0, 713.0, 929.0]
[16.0, 80.0, 714.0, 1010.0]
[32.0, 64.0, 730.0, 995.0]
[32.0, 16.0, 731.0, 948.0]
[64.0, 0.0, 764.0, 933.0]
[16.0, 64.0, 716.0, 998.0]
[16.0, 0.0, 717.0, 935.0]
[32.0, 32.0, 734.0, 968.0]
[0.0, 80.0, 703.0, 1017.0]
[0.0, 80.0, 704.0, 1018.0]
[48.0, 16.0, 752.0, 955.0]
[16.0, 16.0, 721.0, 956.0]
[16.0, 32.0, 722.0, 973.0]
[0.0, 16.0, 706.0, 958.0]
[48.0, 64.0, 755.0, 1007.0]
[16.0, 32.0, 724.0, 976.0]
[32.0, 0.0, 741.0, 945.0]
[0.0, 0.0, 710.0, 946.0]
[32.0, 64.0, 742.0, 1011.0]
[48.0, 0.0, 759.0, 948.0]
[32.0, 64.0, 744.0, 1013.0]
[16.0, 32.0, 728.0, 982.0]
[32.0, 32.0, 745.0, 983.0]
[32.0, 64.0, 746.0, 1016.0]
[32.0, 16.0, 747.0, 969.0]
[16.0, 0.0, 732.0, 954.0]
[16.0, 32.0, 732.0, 987.0]
[48.0, 0.0, 765.0, 956.0]
[48.0, 32.0, 766.0, 989.0]
[48.0, 0.0, 766.0, 958.0]
[48.0, 48.0, 767.0, 1007.0]
[32.0, 48.0, 752.0, 1008.0]
[0.0, 0.0, 721.0, 961.0]
[32.0, 48.0, 754.0, 1010.0]
[32.0, 32.0, 754.0, 995.0]
[32.0, 16.0, 755.0, 980.0]
[0.0, 48.0, 724.0, 1013.0]
[0.0, 16.0, 724.0, 982.0]
[0.0, 0.0, 725.0, 967.0]
[16.0, 32.0, 742.0, 1000.0]
[0.0, 0.0, 727.0, 969.0]
[16.0, 32.0, 744.0, 1002.0]
[32.0, 16.0, 760.0, 987.0]
[16.0, 0.0, 745.0, 972.0]
[0.0, 32.0, 730.0, 1005.0]
[0.0, 32.0, 730.0, 1006.0]
[0.0, 32.0, 731.0, 1007.0]
[32.0, 48.0, 764.0, 1024.0]
[16.0, 16.0, 749.0, 993.0]
[16.0, 16.0, 750.0, 994.0]
[0.0, 0.0, 734.0, 979.0]
[16.0, 0.0, 751.0, 980.0]
[16.0, 16.0, 752.0, 997.0]
[32.0, 32.0, 768.0, 1014.0]
[16.0, 16.0, 753.0, 999.0]
[16.0, 16.0, 754.0, 1000.0]
[16.0, 0.0, 755.0, 985.0]
[16.0, 32.0, 756.0, 1018.0]
[0.0, 32.0, 740.0, 1019.0]
[0.0, 32.0, 741.0, 1020.0]
[0.0, 32.0, 742.0, 1021.0]
[16.0, 16.0, 758.0, 1006.0]
[16.0, 16.0, 759.0, 1007.0]
[0.0, 32.0, 744.0, 1024.0]
[16.0, 16.0, 761.0, 1009.0]
[16.0, 0.0, 762.0, 994.0]
[16.0, 16.0, 762.0, 1011.0]
[0.0, 0.0, 747.0, 996.0]
[0.0, 16.0, 748.0, 1013.0]
[0.0, 0.0, 748.0, 998.0]
[16.0, 0.0, 765.0, 999.0]
[16.0, 16.0, 766.0, 1016.0]
[0.0, 0.0, 751.0, 1001.0]
[0.0, 16.0, 752.0, 1018.0]
[0.0, 0.0, 752.0, 1003.0]
[0.0, 0.0, 753.0, 1004.0]
[0.0, 0.0, 754.0, 1005.0]
[0.0, 0.0, 754.0, 1006.0]
[0.0, 0.0, 755.0, 1007.0]
[0.0, 0.0, 756.0, 1008.0]
[0.0, 0.0, 757.0, 1009.0]
[0.0, 0.0, 758.0, 1010.0]
[0.0, 0.0, 758.0, 1011.0]
[0.0, 0.0, 759.0, 1012.0]
[0.0, 0.0, 760.0, 1013.0]
[0.0, 0.0, 760.0, 1014.0]
[0.0, 0.0, 761.0, 1015.0]
[0.0, 0.0, 762.0, 1016.0]
[0.0, 0.0, 763.0, 1017.0]
[0.0, 0.0, 764.0, 1018.0]
[0.0, 0.0, 764.0, 1019.0]
[0.0, 0.0, 765.0, 1020.0]
[0.0, 0.0, 766.0, 1021.0]
[0.0, 0.0, 766.0, 1022.0]
[0.0, 0.0, 767.0, 1023.0]
[0.0, 0.0, 768.0, 1024.0]
