[64.0, 96.0, 813.0, 658.0]
[208.0, 96.0, 958.0, 658.0]
[224.0, 112.0, 975.0, 675.0]
[128.0, 112.0, 880.0, 676.0]
[144.0, 160.0, 897.0, 725.0]
[208.0, 96.0, 962.0, 662.0]
[192.0, 144.0, 947.0, 710.0]
[160.0, 160.0, 916.0, 727.0]
[224.0, 128.0, 981.0, 696.0]
[176.0, 144.0, 934.0, 712.0]
[144.0, 144.0, 903.0, 713.0]
[208.0, 160.0, 968.0, 730.0]
[80.0, 144.0, 841.0, 715.0]
[32.0, 128.0, 794.0, 700.0]
[64.0, 96.0, 827.0, 668.0]
[176.0, 112.0, 940.0, 685.0]
[112.0, 96.0, 877.0, 670.0]
[32.0, 96.0, 798.0, 670.0]
[64.0, 144.0, 831.0, 719.0]
[224.0, 128.0, 992.0, 704.0]
[208.0, 160.0, 977.0, 737.0]
[96.0, 128.0, 866.0, 706.0]
[192.0, 144.0, 963.0, 722.0]
[224.0, 112.0, 996.0, 691.0]
[224.0, 144.0, 997.0, 724.0]
[48.0, 176.0, 822.0, 756.0]
[144.0, 112.0, 919.0, 693.0]
[160.0, 96.0, 936.0, 678.0]
[48.0, 80.0, 825.0, 663.0]
[192.0, 176.0, 970.0, 760.0]
[128.0, 96.0, 907.0, 680.0]
[176.0, 80.0, 956.0, 665.0]
[112.0, 160.0, 893.0, 746.0]
[32.0, 96.0, 814.0, 682.0]
[96.0, 160.0, 879.0, 747.0]
[80.0, 112.0, 864.0, 700.0]
[64.0, 176.0, 849.0, 765.0]
[208.0, 112.0, 994.0, 702.0]
[192.0, 144.0, 979.0, 734.0]
[112.0, 80.0, 900.0, 671.0]
[64.0, 96.0, 853.0, 688.0]
[208.0, 96.0, 998.0, 688.0]
[192.0, 96.0, 983.0, 689.0]
[112.0, 128.0, 904.0, 722.0]
[96.0, 80.0, 889.0, 675.0]
[64.0, 160.0, 858.0, 756.0]
[64.0, 96.0, 859.0, 692.0]
[80.0, 128.0, 876.0, 725.0]
[16.0, 112.0, 813.0, 710.0]
[80.0, 64.0, 878.0, 662.0]
[0.0, 144.0, 799.0, 743.0]
[112.0, 128.0, 912.0, 728.0]
[144.0, 80.0, 945.0, 681.0]
[128.0, 96.0, 930.0, 698.0]
[80.0, 112.0, 883.0, 714.0]
[48.0, 160.0, 852.0, 763.0]
[48.0, 80.0, 853.0, 684.0]
[16.0, 160.0, 822.0, 764.0]
[208.0, 144.0, 1015.0, 749.0]
[64.0, 64.0, 872.0, 670.0]
[96.0, 112.0, 905.0, 719.0]
[112.0, 80.0, 922.0, 688.0]
[192.0, 144.0, 1003.0, 752.0]
[80.0, 112.0, 892.0, 721.0]
[144.0, 64.0, 957.0, 674.0]
[112.0, 48.0, 926.0, 658.0]
[48.0, 112.0, 863.0, 723.0]
[128.0, 64.0, 944.0, 676.0]
[48.0, 96.0, 865.0, 709.0]
[112.0, 64.0, 930.0, 678.0]
[16.0, 96.0, 835.0, 710.0]
[144.0, 64.0, 964.0, 679.0]
[128.0, 144.0, 949.0, 760.0]
[48.0, 128.0, 870.0, 744.0]
[32.0, 128.0, 855.0, 745.0]
[160.0, 96.0, 984.0, 714.0]
[32.0, 112.0, 857.0, 731.0]
[48.0, 64.0, 874.0, 684.0]
[192.0, 112.0, 1019.0, 732.0]
[144.0, 48.0, 972.0, 669.0]
[144.0, 96.0, 973.0, 718.0]
[80.0, 144.0, 910.0, 766.0]
[176.0, 80.0, 1007.0, 703.0]
[128.0, 64.0, 960.0, 688.0]
[176.0, 64.0, 1009.0, 689.0]
[16.0, 96.0, 850.0, 722.0]
[16.0, 80.0, 851.0, 706.0]
[32.0, 48.0, 868.0, 675.0]
[160.0, 96.0, 997.0, 724.0]
[96.0, 128.0, 934.0, 756.0]
[16.0, 128.0, 855.0, 757.0]
[32.0, 128.0, 872.0, 758.0]
[16.0, 112.0, 857.0, 743.0]
[112.0, 80.0, 954.0, 712.0]
[128.0, 64.0, 971.0, 696.0]
[128.0, 96.0, 972.0, 729.0]
[80.0, 16.0, 925.0, 650.0]
[80.0, 32.0, 926.0, 666.0]
[80.0, 16.0, 927.0, 651.0]
[96.0, 64.0, 944.0, 700.0]
[112.0, 32.0, 961.0, 669.0]
[112.0, 128.0, 962.0, 766.0]
[64.0, 64.0, 915.0, 702.0]
[16.0, 96.0, 868.0, 735.0]
[128.0, 48.0, 981.0, 688.0]
[64.0, 96.0, 918.0, 736.0]
[16.0, 80.0, 871.0, 721.0]
[96.0, 80.0, 952.0, 722.0]
[48.0, 64.0, 905.0, 707.0]
[144.0, 64.0, 1002.0, 708.0]
[32.0, 80.0, 891.0, 724.0]
[144.0, 96.0, 1004.0, 741.0]
[80.0, 112.0, 941.0, 758.0]
[48.0, 96.0, 910.0, 742.0]
[64.0, 64.0, 927.0, 711.0]
[80.0, 112.0, 944.0, 760.0]
[80.0, 16.0, 945.0, 665.0]
[80.0, 112.0, 946.0, 762.0]
[48.0, 80.0, 915.0, 730.0]
[80.0, 112.0, 948.0, 763.0]
[32.0, 64.0, 901.0, 716.0]
[48.0, 32.0, 918.0, 684.0]
[112.0, 64.0, 983.0, 717.0]
[80.0, 112.0, 952.0, 766.0]
[96.0, 32.0, 969.0, 687.0]
[80.0, 96.0, 954.0, 752.0]
[112.0, 96.0, 987.0, 752.0]
[16.0, 80.0, 892.0, 737.0]
[80.0, 80.0, 957.0, 738.0]
[16.0, 32.0, 894.0, 690.0]
[96.0, 96.0, 975.0, 755.0]
[16.0, 32.0, 896.0, 692.0]
[64.0, 80.0, 945.0, 741.0]
[16.0, 64.0, 898.0, 726.0]
[48.0, 80.0, 931.0, 742.0]
[0.0, 16.0, 884.0, 679.0]
[16.0, 96.0, 901.0, 760.0]
[32.0, 32.0, 918.0, 696.0]
[96.0, 16.0, 983.0, 681.0]
[96.0, 16.0, 984.0, 682.0]
[0.0, 64.0, 889.0, 731.0]
[32.0, 48.0, 922.0, 716.0]
[128.0, 80.0, 1019.0, 748.0]
[32.0, 32.0, 924.0, 701.0]
[80.0, 48.0, 973.0, 718.0]
[64.0, 32.0, 958.0, 702.0]
[80.0, 80.0, 975.0, 751.0]
[48.0, 32.0, 944.0, 704.0]
[32.0, 0.0, 929.0, 673.0]
[32.0, 80.0, 930.0, 754.0]
[64.0, 64.0, 963.0, 738.0]
[64.0, 32.0, 964.0, 707.0]
[64.0, 64.0, 965.0, 740.0]
[112.0, 32.0, 1014.0, 708.0]
[112.0, 0.0, 1015.0, 677.0]
[48.0, 32.0, 952.0, 710.0]
[80.0, 80.0, 985.0, 759.0]
[80.0, 0.0, 986.0, 680.0]
[96.0, 0.0, 1003.0, 680.0]
[0.0, 64.0, 908.0, 745.0]
[80.0, 48.0, 989.0, 730.0]
[0.0, 64.0, 910.0, 746.0]
[48.0, 64.0, 959.0, 747.0]
[80.0, 64.0, 992.0, 748.0]
[48.0, 80.0, 961.0, 765.0]
[16.0, 48.0, 930.0, 734.0]
[64.0, 16.0, 979.0, 702.0]
[32.0, 48.0, 948.0, 735.0]
[64.0, 48.0, 981.0, 736.0]
[16.0, 32.0, 934.0, 720.0]
[0.0, 48.0, 919.0, 737.0]
[64.0, 48.0, 984.0, 738.0]
[96.0, 32.0, 1017.0, 723.0]
[16.0, 48.0, 938.0, 740.0]
[0.0, 64.0, 923.0, 756.0]
[48.0, 32.0, 972.0, 725.0]
[96.0, 16.0, 1021.0, 710.0]
[16.0, 48.0, 942.0, 742.0]
[48.0, 16.0, 975.0, 711.0]
[32.0, 48.0, 960.0, 744.0]
[32.0, 48.0, 961.0, 745.0]
[0.0, 48.0, 930.0, 746.0]
[32.0, 64.0, 963.0, 762.0]
[80.0, 16.0, 1012.0, 715.0]
[80.0, 32.0, 1013.0, 732.0]
[0.0, 16.0, 934.0, 716.0]
[0.0, 16.0, 935.0, 717.0]
[48.0, 48.0, 984.0, 750.0]
[48.0, 64.0, 985.0, 767.0]
[64.0, 48.0, 1002.0, 752.0]
[80.0, 64.0, 1019.0, 768.0]
[64.0, 32.0, 1004.0, 737.0]
[32.0, 48.0, 973.0, 754.0]
[32.0, 32.0, 974.0, 738.0]
[48.0, 48.0, 991.0, 755.0]
[16.0, 16.0, 960.0, 724.0]
[16.0, 32.0, 961.0, 741.0]
[32.0, 32.0, 978.0, 742.0]
[0.0, 32.0, 947.0, 742.0]
[64.0, 0.0, 1012.0, 711.0]
[64.0, 16.0, 1013.0, 728.0]
[48.0, 0.0, 998.0, 712.0]
[16.0, 32.0, 967.0, 745.0]
[64.0, 48.0, 1016.0, 762.0]
[32.0, 16.0, 985.0, 731.0]
[16.0, 48.0, 970.0, 764.0]
[32.0, 16.0, 987.0, 732.0]
[48.0, 48.0, 1004.0, 765.0]
[16.0, 0.0, 973.0, 718.0]
[48.0, 32.0, 1006.0, 750.0]
[16.0, 0.0, 975.0, 719.0]
[48.0, 48.0, 1008.0, 768.0]
[48.0, 0.0, 1009.0, 721.0]
[16.0, 0.0, 978.0, 722.0]
[48.0, 0.0, 1011.0, 722.0]
[0.0, 16.0, 964.0, 739.0]
[0.0, 16.0, 965.0, 740.0]
[0.0, 32.0, 966.0, 756.0]
[0.0, 0.0, 967.0, 725.0]
[48.0, 32.0, 1016.0, 758.0]
[32.0, 32.0, 1001.0, 759.0]
[0.0, 16.0, 970.0, 744.0]
[0.0, 16.0, 971.0, 744.0]
[0.0, 32.0, 972.0, 761.0]
[0.0, 0.0, 973.0, 730.0]
[16.0, 0.0, 990.0, 730.0]
[0.0, 0.0, 975.0, 731.0]
[16.0, 32.0, 992.0, 764.0]
[32.0, 16.0, 1009.0, 749.0]
[0.0, 0.0, 978.0, 734.0]
[0.0, 0.0, 979.0, 734.0]
[0.0, 0.0, 980.0, 735.0]
[32.0, 0.0, 1013.0, 736.0]
[16.0, 16.0, 998.0, 752.0]
[16.0, 0.0, 999.0, 737.0]
[32.0, 0.0, 1016.0, 738.0]
[0.0, 16.0, 985.0, 755.0]
[32.0, 16.0, 1018.0, 756.0]
[32.0, 16.0, 1019.0, 756.0]
[16.0, 16.0, 1004.0, 757.0]
[32.0, 0.0, 1021.0, 742.0]
[16.0, 16.0, 1006.0, 758.0]
[32.0, 0.0, 1023.0, 743.0]
[32.0, 0.0, 1024.0, 744.0]
[16.0, 0.0, 1009.0, 745.0]
[0.0, 16.0, 994.0, 762.0]
[16.0, 0.0, 1011.0, 746.0]
[16.0, 16.0, 1012.0, 763.0]
[0.0, 16.0, 997.0, 764.0]
[16.0, 16.0, 1014.0, 764.0]
[0.0, 0.0, 999.0, 749.0]
[0.0, 16.0, 1000.0, 766.0]
[0.0, 0.0, 1001.0, 751.0]
[0.0, 16.0, 1002.0, 768.0]
[0.0, 0.0, 1003.0, 752.0]
[16.0, 0.0, 1020.0, 753.0]
[0.0, 0.0, 1005.0, 754.0]
[16.0, 0.0, 1022.0, 754.0]
[0.0, 0.0, 1007.0, 755.0]
[0.0, 0.0, 1008.0, 756.0]
[0.0, 0.0, 1009.0, 757.0]
[0.0, 0.0, 1010.0, 758.0]
[0.0, 0.0, 1011.0, 758.0]
[0.0, 0.0, 1012.0, 759.0]
[0.0, 0.0, 1013.0, 760.0]
[0.0, 0.0, 1014.0, 760.0]
[0.0, 0.0, 1015.0, 761.0]
[0.0, 0.0, 1016.0, 762.0]
[0.0, 0.0, 1017.0, 763.0]
[0.0, 0.0, 1018.0, 764.0]
[0.0, 0.0, 1019.0, 764.0]
[0.0, 0.0, 1020.0, 765.0]
[0.0, 0.0, 1021.0, 766.0]
[0.0, 0.0, 1022.0, 766.0]
[0.0, 0.0, 1023.0, 767.0]
[0.0, 0.0, 1024.0, 768.0]
