[96.0, 96.0, 695.0, 895.0]
[160.0, 96.0, 760.0, 896.0]
[96.0, 160.0, 697.0, 961.0]
[64.0, 128.0, 666.0, 930.0]
[48.0, 48.0, 650.0, 851.0]
[160.0, 80.0, 763.0, 884.0]
[112.0, 48.0, 716.0, 853.0]
[96.0, 112.0, 700.0, 918.0]
[64.0, 48.0, 669.0, 855.0]
[32.0, 80.0, 638.0, 888.0]
[128.0, 144.0, 735.0, 953.0]
[32.0, 128.0, 640.0, 938.0]
[96.0, 128.0, 704.0, 939.0]
[32.0, 144.0, 641.0, 956.0]
[48.0, 80.0, 658.0, 893.0]
[128.0, 128.0, 738.0, 942.0]
[64.0, 32.0, 675.0, 847.0]
[48.0, 48.0, 660.0, 864.0]
[144.0, 96.0, 757.0, 913.0]
[64.0, 144.0, 678.0, 962.0]
[160.0, 64.0, 774.0, 883.0]
[144.0, 144.0, 759.0, 964.0]
[80.0, 160.0, 696.0, 981.0]
[80.0, 160.0, 696.0, 982.0]
[16.0, 144.0, 633.0, 967.0]
[80.0, 144.0, 698.0, 968.0]
[64.0, 144.0, 683.0, 969.0]
[32.0, 144.0, 652.0, 970.0]
[64.0, 112.0, 684.0, 939.0]
[16.0, 160.0, 637.0, 988.0]
[160.0, 64.0, 782.0, 893.0]
[16.0, 64.0, 638.0, 894.0]
[16.0, 96.0, 639.0, 927.0]
[128.0, 80.0, 752.0, 912.0]
[112.0, 144.0, 737.0, 977.0]
[144.0, 160.0, 770.0, 994.0]
[32.0, 32.0, 658.0, 867.0]
[96.0, 176.0, 723.0, 1012.0]
[144.0, 64.0, 772.0, 901.0]
[48.0, 160.0, 676.0, 998.0]
[112.0, 112.0, 741.0, 951.0]
[96.0, 128.0, 726.0, 968.0]
[48.0, 128.0, 679.0, 969.0]
[96.0, 160.0, 728.0, 1002.0]
[32.0, 64.0, 664.0, 907.0]
[96.0, 80.0, 729.0, 924.0]
[16.0, 128.0, 650.0, 973.0]
[80.0, 144.0, 714.0, 990.0]
[16.0, 160.0, 651.0, 1007.0]
[80.0, 80.0, 716.0, 928.0]
[128.0, 128.0, 765.0, 977.0]
[16.0, 128.0, 654.0, 978.0]
[64.0, 0.0, 702.0, 851.0]
[32.0, 80.0, 671.0, 932.0]
[48.0, 48.0, 688.0, 901.0]
[0.0, 128.0, 640.0, 982.0]
[144.0, 160.0, 785.0, 1015.0]
[144.0, 144.0, 786.0, 1000.0]
[0.0, 64.0, 643.0, 921.0]
[112.0, 64.0, 756.0, 922.0]
[144.0, 16.0, 788.0, 875.0]
[48.0, 16.0, 693.0, 876.0]
[80.0, 16.0, 726.0, 877.0]
[96.0, 128.0, 742.0, 990.0]
[0.0, 64.0, 647.0, 927.0]
[128.0, 0.0, 776.0, 864.0]
[80.0, 112.0, 729.0, 977.0]
[48.0, 64.0, 698.0, 930.0]
[80.0, 0.0, 730.0, 867.0]
[64.0, 48.0, 715.0, 916.0]
[144.0, 16.0, 796.0, 885.0]
[128.0, 96.0, 780.0, 966.0]
[128.0, 144.0, 781.0, 1015.0]
[64.0, 80.0, 718.0, 952.0]
[80.0, 128.0, 735.0, 1001.0]
[64.0, 80.0, 720.0, 954.0]
[16.0, 112.0, 672.0, 987.0]
[48.0, 112.0, 705.0, 988.0]
[16.0, 32.0, 674.0, 909.0]
[32.0, 96.0, 690.0, 974.0]
[64.0, 112.0, 723.0, 991.0]
[48.0, 64.0, 708.0, 944.0]
[0.0, 128.0, 661.0, 1009.0]
[160.0, 96.0, 822.0, 978.0]
[112.0, 16.0, 774.0, 899.0]
[16.0, 48.0, 679.0, 932.0]
[128.0, 64.0, 792.0, 949.0]
[16.0, 32.0, 680.0, 918.0]
[32.0, 80.0, 697.0, 967.0]
[0.0, 128.0, 666.0, 1016.0]
[128.0, 96.0, 795.0, 985.0]
[64.0, 128.0, 732.0, 1018.0]
[64.0, 112.0, 732.0, 1003.0]
[80.0, 112.0, 749.0, 1004.0]
[64.0, 64.0, 734.0, 957.0]
[48.0, 128.0, 718.0, 1022.0]
[64.0, 16.0, 735.0, 911.0]
[48.0, 64.0, 720.0, 960.0]
[0.0, 96.0, 673.0, 993.0]
[0.0, 48.0, 674.0, 946.0]
[64.0, 112.0, 738.0, 1011.0]
[16.0, 96.0, 691.0, 996.0]
[96.0, 48.0, 772.0, 949.0]
[64.0, 112.0, 740.0, 1014.0]
[48.0, 112.0, 725.0, 1015.0]
[144.0, 48.0, 822.0, 952.0]
[16.0, 0.0, 695.0, 905.0]
[48.0, 64.0, 728.0, 970.0]
[48.0, 112.0, 728.0, 1019.0]
[32.0, 48.0, 713.0, 956.0]
[48.0, 32.0, 730.0, 941.0]
[144.0, 48.0, 826.0, 958.0]
[128.0, 80.0, 811.0, 991.0]
[48.0, 0.0, 732.0, 912.0]
[32.0, 32.0, 717.0, 945.0]
[112.0, 48.0, 798.0, 962.0]
[128.0, 16.0, 814.0, 931.0]
[112.0, 96.0, 799.0, 1012.0]
[0.0, 48.0, 688.0, 965.0]
[0.0, 32.0, 688.0, 950.0]
[16.0, 96.0, 705.0, 1015.0]
[64.0, 16.0, 754.0, 936.0]
[16.0, 80.0, 707.0, 1001.0]
[96.0, 64.0, 788.0, 986.0]
[128.0, 80.0, 820.0, 1003.0]
[144.0, 48.0, 837.0, 972.0]
[96.0, 80.0, 790.0, 1005.0]
[96.0, 96.0, 790.0, 1022.0]
[48.0, 32.0, 743.0, 959.0]
[96.0, 16.0, 792.0, 944.0]
[160.0, 32.0, 857.0, 961.0]
[128.0, 16.0, 826.0, 946.0]
[112.0, 64.0, 810.0, 995.0]
[48.0, 16.0, 747.0, 948.0]
[48.0, 32.0, 748.0, 965.0]
[64.0, 80.0, 764.0, 1014.0]
[80.0, 80.0, 781.0, 1015.0]
[128.0, 48.0, 830.0, 984.0]
[112.0, 0.0, 815.0, 937.0]
[96.0, 64.0, 800.0, 1002.0]
[0.0, 48.0, 704.0, 987.0]
[96.0, 80.0, 801.0, 1020.0]
[16.0, 32.0, 722.0, 973.0]
[48.0, 16.0, 754.0, 958.0]
[128.0, 32.0, 835.0, 975.0]
[80.0, 80.0, 788.0, 1024.0]
[128.0, 32.0, 837.0, 977.0]
[48.0, 0.0, 758.0, 946.0]
[128.0, 64.0, 838.0, 1011.0]
[128.0, 48.0, 839.0, 996.0]
[80.0, 0.0, 792.0, 949.0]
[48.0, 48.0, 760.0, 998.0]
[96.0, 32.0, 809.0, 983.0]
[32.0, 32.0, 746.0, 984.0]
[0.0, 16.0, 715.0, 969.0]
[128.0, 48.0, 844.0, 1002.0]
[96.0, 32.0, 812.0, 987.0]
[96.0, 32.0, 813.0, 988.0]
[80.0, 0.0, 798.0, 957.0]
[80.0, 64.0, 798.0, 1022.0]
[96.0, 32.0, 815.0, 991.0]
[112.0, 0.0, 832.0, 960.0]
[112.0, 32.0, 833.0, 993.0]
[32.0, 48.0, 754.0, 1010.0]
[128.0, 48.0, 850.0, 1011.0]
[112.0, 0.0, 835.0, 964.0]
[48.0, 0.0, 772.0, 965.0]
[112.0, 48.0, 836.0, 1014.0]
[112.0, 16.0, 837.0, 983.0]
[64.0, 32.0, 790.0, 1000.0]
[144.0, 32.0, 871.0, 1001.0]
[80.0, 0.0, 808.0, 970.0]
[96.0, 32.0, 824.0, 1003.0]
[80.0, 16.0, 809.0, 988.0]
[32.0, 32.0, 762.0, 1005.0]
[0.0, 16.0, 730.0, 990.0]
[96.0, 48.0, 827.0, 1023.0]
[16.0, 48.0, 748.0, 1024.0]
[112.0, 16.0, 845.0, 993.0]
[128.0, 0.0, 862.0, 978.0]
[48.0, 16.0, 782.0, 995.0]
[96.0, 0.0, 831.0, 980.0]
[112.0, 32.0, 848.0, 1013.0]
[112.0, 32.0, 848.0, 1014.0]
[32.0, 0.0, 769.0, 983.0]
[0.0, 0.0, 738.0, 984.0]
[112.0, 0.0, 851.0, 985.0]
[64.0, 0.0, 804.0, 986.0]
[128.0, 0.0, 868.0, 987.0]
[64.0, 16.0, 805.0, 1004.0]
[0.0, 16.0, 742.0, 1005.0]
[128.0, 32.0, 870.0, 1022.0]
[16.0, 16.0, 759.0, 1007.0]
[16.0, 16.0, 760.0, 1008.0]
[32.0, 0.0, 777.0, 993.0]
[0.0, 16.0, 746.0, 1010.0]
[80.0, 16.0, 826.0, 1011.0]
[32.0, 0.0, 779.0, 996.0]
[96.0, 16.0, 844.0, 1013.0]
[112.0, 16.0, 860.0, 1014.0]
[112.0, 0.0, 861.0, 999.0]
[32.0, 0.0, 782.0, 1000.0]
[64.0, 0.0, 815.0, 1001.0]
[32.0, 16.0, 784.0, 1018.0]
[96.0, 0.0, 848.0, 1003.0]
[64.0, 0.0, 817.0, 1004.0]
[16.0, 0.0, 770.0, 1005.0]
[96.0, 16.0, 850.0, 1022.0]
[16.0, 16.0, 771.0, 1023.0]
[112.0, 0.0, 868.0, 1008.0]
[112.0, 0.0, 869.0, 1009.0]
[64.0, 0.0, 822.0, 1010.0]
[80.0, 0.0, 838.0, 1011.0]
[16.0, 0.0, 775.0, 1012.0]
[112.0, 0.0, 872.0, 1013.0]
[32.0, 0.0, 792.0, 1014.0]
[80.0, 0.0, 841.0, 1015.0]
[96.0, 0.0, 858.0, 1016.0]
[48.0, 0.0, 811.0, 1017.0]
[80.0, 0.0, 844.0, 1018.0]
[96.0, 0.0, 860.0, 1019.0]
[0.0, 0.0, 765.0, 1020.0]
[64.0, 0.0, 830.0, 1021.0]
[64.0, 0.0, 830.0, 1022.0]
[96.0, 0.0, 863.0, 1023.0]
[16.0, 0.0, 784.0, 1024.0]
