[80.0, 0.0, 797.0, 538.0]
[160.0, 32.0, 878.0, 570.0]
[144.0, 16.0, 863.0, 555.0]
[80.0, 48.0, 800.0, 588.0]
[112.0, 48.0, 833.0, 589.0]
[64.0, 64.0, 786.0, 606.0]
[176.0, 48.0, 899.0, 590.0]
[64.0, 64.0, 788.0, 607.0]
[80.0, 48.0, 805.0, 592.0]
[160.0, 16.0, 886.0, 560.0]
[64.0, 32.0, 791.0, 577.0]
[112.0, 16.0, 840.0, 562.0]
[0.0, 32.0, 729.0, 579.0]
[176.0, 16.0, 906.0, 564.0]
[176.0, 16.0, 907.0, 564.0]
[96.0, 32.0, 828.0, 581.0]
[144.0, 0.0, 877.0, 550.0]
[112.0, 48.0, 846.0, 598.0]
[64.0, 16.0, 799.0, 567.0]
[96.0, 32.0, 832.0, 584.0]
[160.0, 16.0, 897.0, 569.0]
[160.0, 32.0, 898.0, 586.0]
[48.0, 16.0, 787.0, 570.0]
[176.0, 48.0, 916.0, 603.0]
[128.0, 16.0, 869.0, 572.0]
[16.0, 16.0, 758.0, 572.0]
[32.0, 48.0, 775.0, 605.0]
[96.0, 16.0, 840.0, 574.0]
[192.0, 16.0, 937.0, 575.0]
[64.0, 64.0, 810.0, 624.0]
[128.0, 64.0, 875.0, 624.0]
[96.0, 64.0, 844.0, 625.0]
[128.0, 64.0, 877.0, 626.0]
[48.0, 16.0, 798.0, 578.0]
[32.0, 32.0, 783.0, 595.0]
[96.0, 48.0, 848.0, 612.0]
[80.0, 16.0, 833.0, 581.0]
[48.0, 0.0, 802.0, 566.0]
[96.0, 48.0, 851.0, 614.0]
[160.0, 48.0, 916.0, 615.0]
[16.0, 32.0, 773.0, 600.0]
[32.0, 0.0, 790.0, 568.0]
[160.0, 16.0, 919.0, 585.0]
[96.0, 32.0, 856.0, 602.0]
[16.0, 0.0, 777.0, 571.0]
[64.0, 16.0, 826.0, 588.0]
[96.0, 48.0, 859.0, 620.0]
[160.0, 0.0, 924.0, 573.0]
[144.0, 32.0, 909.0, 606.0]
[48.0, 16.0, 814.0, 590.0]
[64.0, 64.0, 831.0, 639.0]
[160.0, 16.0, 928.0, 592.0]
[48.0, 32.0, 817.0, 609.0]
[80.0, 48.0, 850.0, 626.0]
[32.0, 0.0, 803.0, 578.0]
[96.0, 0.0, 868.0, 579.0]
[64.0, 16.0, 837.0, 596.0]
[80.0, 16.0, 854.0, 596.0]
[96.0, 16.0, 871.0, 597.0]
[32.0, 16.0, 808.0, 598.0]
[96.0, 32.0, 873.0, 615.0]
[32.0, 48.0, 810.0, 632.0]
[48.0, 32.0, 827.0, 616.0]
[16.0, 0.0, 796.0, 585.0]
[0.0, 0.0, 781.0, 586.0]
[176.0, 0.0, 958.0, 586.0]
[160.0, 0.0, 943.0, 587.0]
[112.0, 32.0, 896.0, 620.0]
[64.0, 64.0, 849.0, 653.0]
[48.0, 32.0, 834.0, 622.0]
[64.0, 64.0, 851.0, 654.0]
[112.0, 64.0, 900.0, 655.0]
[112.0, 0.0, 901.0, 592.0]
[0.0, 0.0, 790.0, 592.0]
[144.0, 16.0, 935.0, 609.0]
[64.0, 32.0, 856.0, 626.0]
[112.0, 0.0, 905.0, 595.0]
[144.0, 0.0, 938.0, 596.0]
[0.0, 0.0, 795.0, 596.0]
[64.0, 64.0, 860.0, 661.0]
[32.0, 0.0, 829.0, 598.0]
[160.0, 0.0, 958.0, 598.0]
[48.0, 32.0, 847.0, 631.0]
[64.0, 48.0, 864.0, 648.0]
[48.0, 64.0, 849.0, 665.0]
[80.0, 16.0, 882.0, 618.0]
[96.0, 16.0, 899.0, 618.0]
[64.0, 32.0, 868.0, 635.0]
[32.0, 32.0, 837.0, 636.0]
[64.0, 0.0, 870.0, 604.0]
[48.0, 48.0, 855.0, 653.0]
[32.0, 0.0, 840.0, 606.0]
[80.0, 48.0, 889.0, 655.0]
[16.0, 16.0, 826.0, 624.0]
[80.0, 48.0, 891.0, 656.0]
[16.0, 32.0, 828.0, 641.0]
[0.0, 32.0, 813.0, 642.0]
[96.0, 32.0, 910.0, 642.0]
[64.0, 32.0, 879.0, 643.0]
[48.0, 48.0, 864.0, 660.0]
[96.0, 0.0, 913.0, 613.0]
[80.0, 32.0, 898.0, 646.0]
[112.0, 16.0, 931.0, 630.0]
[96.0, 48.0, 916.0, 663.0]
[0.0, 32.0, 821.0, 648.0]
[0.0, 16.0, 822.0, 632.0]
[96.0, 48.0, 919.0, 665.0]
[16.0, 0.0, 840.0, 618.0]
[0.0, 32.0, 825.0, 651.0]
[80.0, 48.0, 906.0, 668.0]
[112.0, 16.0, 939.0, 636.0]
[96.0, 16.0, 924.0, 637.0]
[16.0, 0.0, 845.0, 622.0]
[32.0, 0.0, 862.0, 622.0]
[32.0, 16.0, 863.0, 639.0]
[48.0, 48.0, 880.0, 672.0]
[96.0, 32.0, 929.0, 657.0]
[96.0, 0.0, 930.0, 626.0]
[80.0, 32.0, 915.0, 658.0]
[96.0, 32.0, 932.0, 659.0]
[48.0, 0.0, 885.0, 628.0]
[112.0, 0.0, 950.0, 628.0]
[96.0, 0.0, 935.0, 629.0]
[48.0, 0.0, 888.0, 630.0]
[0.0, 32.0, 841.0, 663.0]
[64.0, 0.0, 906.0, 632.0]
[80.0, 16.0, 923.0, 648.0]
[80.0, 32.0, 924.0, 665.0]
[0.0, 32.0, 845.0, 666.0]
[80.0, 16.0, 926.0, 650.0]
[96.0, 0.0, 943.0, 635.0]
[48.0, 0.0, 896.0, 636.0]
[32.0, 32.0, 881.0, 669.0]
[16.0, 16.0, 866.0, 654.0]
[96.0, 16.0, 947.0, 654.0]
[32.0, 32.0, 884.0, 671.0]
[80.0, 32.0, 933.0, 672.0]
[80.0, 32.0, 934.0, 672.0]
[64.0, 32.0, 919.0, 673.0]
[96.0, 0.0, 952.0, 642.0]
[96.0, 0.0, 953.0, 643.0]
[32.0, 32.0, 890.0, 676.0]
[16.0, 0.0, 875.0, 644.0]
[16.0, 32.0, 876.0, 677.0]
[0.0, 16.0, 861.0, 662.0]
[80.0, 16.0, 942.0, 662.0]
[0.0, 16.0, 863.0, 663.0]
[80.0, 16.0, 944.0, 664.0]
[16.0, 16.0, 881.0, 665.0]
[64.0, 16.0, 930.0, 666.0]
[48.0, 0.0, 915.0, 650.0]
[0.0, 32.0, 868.0, 683.0]
[0.0, 16.0, 869.0, 668.0]
[80.0, 0.0, 950.0, 652.0]
[32.0, 16.0, 903.0, 669.0]
[80.0, 16.0, 952.0, 670.0]
[0.0, 0.0, 873.0, 655.0]
[16.0, 16.0, 890.0, 672.0]
[80.0, 0.0, 955.0, 656.0]
[16.0, 0.0, 892.0, 657.0]
[0.0, 0.0, 877.0, 658.0]
[80.0, 16.0, 958.0, 674.0]
[16.0, 16.0, 895.0, 675.0]
[16.0, 0.0, 896.0, 660.0]
[0.0, 0.0, 881.0, 661.0]
[64.0, 0.0, 946.0, 662.0]
[64.0, 16.0, 947.0, 678.0]
[32.0, 0.0, 916.0, 663.0]
[32.0, 16.0, 917.0, 680.0]
[32.0, 16.0, 918.0, 680.0]
[0.0, 16.0, 887.0, 681.0]
[48.0, 16.0, 936.0, 682.0]
[16.0, 0.0, 905.0, 667.0]
[32.0, 0.0, 922.0, 668.0]
[48.0, 0.0, 939.0, 668.0]
[32.0, 0.0, 924.0, 669.0]
[64.0, 0.0, 957.0, 670.0]
[32.0, 0.0, 926.0, 670.0]
[32.0, 0.0, 927.0, 671.0]
[32.0, 0.0, 928.0, 672.0]
[0.0, 0.0, 897.0, 673.0]
[0.0, 0.0, 898.0, 674.0]
[48.0, 0.0, 947.0, 674.0]
[16.0, 0.0, 916.0, 675.0]
[16.0, 0.0, 917.0, 676.0]
[32.0, 0.0, 934.0, 676.0]
[32.0, 0.0, 935.0, 677.0]
[16.0, 0.0, 920.0, 678.0]
[0.0, 0.0, 905.0, 679.0]
[16.0, 0.0, 922.0, 680.0]
[16.0, 0.0, 923.0, 680.0]
[0.0, 0.0, 908.0, 681.0]
[16.0, 0.0, 925.0, 682.0]
[32.0, 0.0, 942.0, 682.0]
[0.0, 0.0, 911.0, 683.0]
