[272.0, 16.0, 989.0, 554.0]
[112.0, 0.0, 830.0, 538.0]
[256.0, 16.0, 975.0, 555.0]
[224.0, 16.0, 944.0, 556.0]
[272.0, 16.0, 993.0, 557.0]
[112.0, 0.0, 834.0, 542.0]
[224.0, 16.0, 947.0, 558.0]
[112.0, 0.0, 836.0, 543.0]
[256.0, 32.0, 981.0, 576.0]
[272.0, 16.0, 998.0, 560.0]
[272.0, 16.0, 999.0, 561.0]
[224.0, 0.0, 952.0, 546.0]
[80.0, 16.0, 809.0, 563.0]
[256.0, 32.0, 986.0, 580.0]
[272.0, 16.0, 1003.0, 564.0]
[112.0, 16.0, 844.0, 565.0]
[64.0, 0.0, 797.0, 550.0]
[160.0, 0.0, 894.0, 550.0]
[80.0, 16.0, 815.0, 567.0]
[224.0, 16.0, 960.0, 568.0]
[64.0, 0.0, 801.0, 553.0]
[144.0, 16.0, 882.0, 570.0]
[48.0, 16.0, 787.0, 570.0]
[208.0, 32.0, 948.0, 587.0]
[256.0, 16.0, 997.0, 572.0]
[128.0, 16.0, 870.0, 572.0]
[32.0, 0.0, 775.0, 557.0]
[240.0, 16.0, 984.0, 574.0]
[112.0, 16.0, 857.0, 575.0]
[208.0, 16.0, 954.0, 576.0]
[144.0, 32.0, 891.0, 592.0]
[144.0, 32.0, 892.0, 593.0]
[112.0, 16.0, 861.0, 578.0]
[192.0, 16.0, 942.0, 578.0]
[128.0, 0.0, 879.0, 563.0]
[64.0, 16.0, 816.0, 580.0]
[224.0, 16.0, 977.0, 581.0]
[32.0, 0.0, 786.0, 566.0]
[144.0, 0.0, 899.0, 566.0]
[128.0, 0.0, 884.0, 567.0]
[144.0, 0.0, 901.0, 568.0]
[128.0, 32.0, 886.0, 600.0]
[160.0, 16.0, 919.0, 585.0]
[112.0, 32.0, 872.0, 602.0]
[224.0, 16.0, 985.0, 587.0]
[144.0, 16.0, 906.0, 588.0]
[224.0, 16.0, 987.0, 588.0]
[208.0, 16.0, 972.0, 589.0]
[32.0, 32.0, 797.0, 606.0]
[128.0, 0.0, 894.0, 574.0]
[128.0, 16.0, 895.0, 591.0]
[48.0, 16.0, 816.0, 592.0]
[192.0, 16.0, 961.0, 593.0]
[224.0, 0.0, 994.0, 578.0]
[176.0, 16.0, 947.0, 594.0]
[192.0, 0.0, 964.0, 579.0]
[208.0, 16.0, 981.0, 596.0]
[16.0, 0.0, 790.0, 580.0]
[64.0, 16.0, 839.0, 597.0]
[224.0, 16.0, 1000.0, 598.0]
[176.0, 0.0, 953.0, 583.0]
[32.0, 32.0, 810.0, 616.0]
[160.0, 32.0, 939.0, 616.0]
[80.0, 32.0, 860.0, 617.0]
[208.0, 32.0, 989.0, 618.0]
[80.0, 0.0, 862.0, 586.0]
[208.0, 0.0, 991.0, 587.0]
[96.0, 16.0, 880.0, 604.0]
[176.0, 0.0, 961.0, 589.0]
[112.0, 32.0, 898.0, 622.0]
[112.0, 32.0, 899.0, 622.0]
[96.0, 16.0, 884.0, 607.0]
[48.0, 0.0, 837.0, 592.0]
[96.0, 16.0, 886.0, 608.0]
[16.0, 0.0, 807.0, 593.0]
[160.0, 16.0, 952.0, 610.0]
[64.0, 16.0, 857.0, 611.0]
[160.0, 32.0, 954.0, 628.0]
[80.0, 16.0, 875.0, 612.0]
[80.0, 32.0, 876.0, 629.0]
[80.0, 16.0, 877.0, 614.0]
[112.0, 32.0, 910.0, 630.0]
[160.0, 16.0, 959.0, 615.0]
[112.0, 32.0, 912.0, 632.0]
[144.0, 32.0, 945.0, 633.0]
[16.0, 16.0, 818.0, 618.0]
[96.0, 32.0, 899.0, 634.0]
[64.0, 32.0, 868.0, 635.0]
[128.0, 16.0, 933.0, 620.0]
[128.0, 0.0, 934.0, 604.0]
[96.0, 0.0, 903.0, 605.0]
[16.0, 16.0, 824.0, 622.0]
[160.0, 0.0, 969.0, 607.0]
[192.0, 0.0, 1002.0, 608.0]
[32.0, 0.0, 843.0, 608.0]
[48.0, 16.0, 860.0, 625.0]
[16.0, 0.0, 829.0, 610.0]
[112.0, 32.0, 926.0, 642.0]
[144.0, 16.0, 959.0, 627.0]
[144.0, 16.0, 960.0, 628.0]
[128.0, 16.0, 945.0, 629.0]
[48.0, 0.0, 866.0, 614.0]
[64.0, 16.0, 883.0, 630.0]
[112.0, 0.0, 932.0, 615.0]
[80.0, 32.0, 901.0, 648.0]
[16.0, 0.0, 838.0, 616.0]
[128.0, 0.0, 951.0, 617.0]
[96.0, 16.0, 920.0, 634.0]
[80.0, 32.0, 905.0, 651.0]
[48.0, 32.0, 874.0, 652.0]
[176.0, 32.0, 1003.0, 652.0]
[48.0, 32.0, 876.0, 653.0]
[16.0, 0.0, 845.0, 622.0]
[80.0, 16.0, 910.0, 638.0]
[48.0, 16.0, 879.0, 639.0]
[160.0, 32.0, 992.0, 656.0]
[80.0, 16.0, 913.0, 641.0]
[16.0, 16.0, 850.0, 642.0]
[128.0, 32.0, 963.0, 658.0]
[32.0, 0.0, 868.0, 627.0]
[96.0, 0.0, 933.0, 628.0]
[144.0, 16.0, 982.0, 644.0]
[96.0, 0.0, 935.0, 629.0]
[64.0, 16.0, 904.0, 646.0]
[48.0, 16.0, 889.0, 647.0]
[64.0, 16.0, 906.0, 648.0]
[112.0, 32.0, 955.0, 664.0]
[16.0, 16.0, 860.0, 649.0]
[48.0, 16.0, 893.0, 650.0]
[48.0, 16.0, 894.0, 650.0]
[128.0, 16.0, 975.0, 651.0]
[32.0, 32.0, 880.0, 668.0]
[48.0, 32.0, 897.0, 669.0]
[48.0, 16.0, 898.0, 654.0]
[96.0, 16.0, 947.0, 654.0]
[112.0, 0.0, 964.0, 639.0]
[32.0, 32.0, 885.0, 672.0]
[48.0, 0.0, 902.0, 640.0]
[96.0, 16.0, 951.0, 657.0]
[48.0, 32.0, 904.0, 674.0]
[80.0, 16.0, 937.0, 659.0]
[112.0, 32.0, 970.0, 676.0]
[96.0, 16.0, 955.0, 660.0]
[80.0, 16.0, 940.0, 661.0]
[80.0, 0.0, 941.0, 646.0]
[128.0, 16.0, 990.0, 662.0]
[112.0, 16.0, 975.0, 663.0]
[112.0, 32.0, 976.0, 680.0]
[128.0, 32.0, 993.0, 681.0]
[16.0, 0.0, 882.0, 650.0]
[48.0, 32.0, 915.0, 682.0]
[64.0, 0.0, 932.0, 651.0]
[64.0, 0.0, 933.0, 652.0]
[48.0, 16.0, 918.0, 668.0]
[96.0, 16.0, 967.0, 669.0]
[16.0, 0.0, 888.0, 654.0]
[32.0, 16.0, 905.0, 671.0]
[48.0, 0.0, 922.0, 656.0]
[32.0, 16.0, 907.0, 672.0]
[48.0, 0.0, 924.0, 657.0]
[64.0, 16.0, 941.0, 674.0]
[64.0, 0.0, 942.0, 658.0]
[16.0, 16.0, 895.0, 675.0]
[80.0, 16.0, 960.0, 676.0]
[80.0, 0.0, 961.0, 661.0]
[32.0, 0.0, 914.0, 662.0]
[32.0, 0.0, 915.0, 662.0]
[32.0, 16.0, 916.0, 679.0]
[16.0, 16.0, 901.0, 680.0]
[16.0, 16.0, 902.0, 680.0]
[64.0, 0.0, 951.0, 665.0]
[112.0, 16.0, 1000.0, 682.0]
[48.0, 0.0, 937.0, 667.0]
[112.0, 0.0, 1002.0, 668.0]
[80.0, 0.0, 971.0, 668.0]
[32.0, 0.0, 924.0, 669.0]
[96.0, 0.0, 989.0, 670.0]
[112.0, 0.0, 1006.0, 670.0]
[64.0, 0.0, 959.0, 671.0]
[64.0, 0.0, 960.0, 672.0]
[48.0, 0.0, 945.0, 673.0]
[64.0, 0.0, 962.0, 674.0]
[80.0, 0.0, 979.0, 674.0]
[32.0, 0.0, 932.0, 675.0]
[96.0, 0.0, 997.0, 676.0]
[80.0, 0.0, 982.0, 676.0]
[64.0, 0.0, 967.0, 677.0]
[96.0, 0.0, 1000.0, 678.0]
[80.0, 0.0, 985.0, 679.0]
[64.0, 0.0, 970.0, 680.0]
[32.0, 0.0, 939.0, 680.0]
[96.0, 0.0, 1004.0, 681.0]
[64.0, 0.0, 973.0, 682.0]
[96.0, 0.0, 1006.0, 682.0]
[80.0, 0.0, 991.0, 683.0]
