[96.0, 48.0, 813.0, 586.0]
[192.0, 96.0, 910.0, 634.0]
[128.0, 64.0, 847.0, 603.0]
[176.0, 112.0, 896.0, 652.0]
[96.0, 16.0, 817.0, 557.0]
[128.0, 112.0, 850.0, 654.0]
[112.0, 16.0, 835.0, 558.0]
[176.0, 64.0, 900.0, 607.0]
[144.0, 80.0, 869.0, 624.0]
[208.0, 80.0, 934.0, 624.0]
[80.0, 0.0, 807.0, 545.0]
[112.0, 80.0, 840.0, 626.0]
[192.0, 64.0, 921.0, 611.0]
[208.0, 64.0, 938.0, 612.0]
[112.0, 32.0, 843.0, 580.0]
[192.0, 32.0, 924.0, 581.0]
[128.0, 0.0, 861.0, 550.0]
[144.0, 112.0, 878.0, 662.0]
[160.0, 32.0, 895.0, 583.0]
[96.0, 0.0, 832.0, 552.0]
[96.0, 16.0, 833.0, 569.0]
[208.0, 16.0, 946.0, 570.0]
[96.0, 64.0, 835.0, 618.0]
[96.0, 0.0, 836.0, 555.0]
[144.0, 0.0, 885.0, 556.0]
[96.0, 32.0, 838.0, 588.0]
[96.0, 64.0, 839.0, 621.0]
[80.0, 64.0, 824.0, 622.0]
[112.0, 16.0, 857.0, 575.0]
[176.0, 80.0, 922.0, 640.0]
[96.0, 80.0, 843.0, 640.0]
[144.0, 96.0, 892.0, 657.0]
[80.0, 80.0, 829.0, 642.0]
[80.0, 64.0, 830.0, 626.0]
[112.0, 16.0, 863.0, 579.0]
[144.0, 32.0, 896.0, 596.0]
[128.0, 16.0, 881.0, 581.0]
[112.0, 16.0, 866.0, 582.0]
[176.0, 32.0, 931.0, 598.0]
[192.0, 16.0, 948.0, 583.0]
[96.0, 16.0, 853.0, 584.0]
[96.0, 16.0, 854.0, 584.0]
[96.0, 80.0, 855.0, 649.0]
[112.0, 80.0, 872.0, 650.0]
[160.0, 80.0, 921.0, 651.0]
[144.0, 64.0, 906.0, 636.0]
[160.0, 96.0, 923.0, 668.0]
[144.0, 64.0, 908.0, 637.0]
[112.0, 96.0, 877.0, 670.0]
[80.0, 16.0, 846.0, 590.0]
[128.0, 48.0, 895.0, 623.0]
[160.0, 64.0, 928.0, 640.0]
[80.0, 64.0, 849.0, 641.0]
[128.0, 48.0, 898.0, 626.0]
[128.0, 0.0, 899.0, 578.0]
[80.0, 16.0, 852.0, 595.0]
[80.0, 32.0, 853.0, 612.0]
[160.0, 64.0, 934.0, 644.0]
[144.0, 64.0, 919.0, 645.0]
[128.0, 80.0, 904.0, 662.0]
[80.0, 48.0, 857.0, 631.0]
[112.0, 48.0, 890.0, 632.0]
[160.0, 0.0, 939.0, 584.0]
[144.0, 96.0, 924.0, 681.0]
[80.0, 64.0, 861.0, 650.0]
[112.0, 64.0, 894.0, 650.0]
[144.0, 16.0, 927.0, 603.0]
[80.0, 80.0, 864.0, 668.0]
[96.0, 32.0, 881.0, 621.0]
[128.0, 16.0, 914.0, 606.0]
[80.0, 16.0, 867.0, 606.0]
[144.0, 80.0, 932.0, 671.0]
[128.0, 32.0, 917.0, 624.0]
[80.0, 64.0, 870.0, 656.0]
[144.0, 0.0, 935.0, 593.0]
[96.0, 0.0, 888.0, 594.0]
[128.0, 48.0, 921.0, 643.0]
[96.0, 80.0, 890.0, 676.0]
[128.0, 0.0, 923.0, 596.0]
[112.0, 0.0, 908.0, 597.0]
[128.0, 32.0, 925.0, 630.0]
[112.0, 48.0, 910.0, 646.0]
[112.0, 64.0, 911.0, 663.0]
[128.0, 80.0, 928.0, 680.0]
[144.0, 48.0, 945.0, 649.0]
[112.0, 16.0, 914.0, 618.0]
[112.0, 32.0, 915.0, 634.0]
[128.0, 64.0, 932.0, 667.0]
[112.0, 48.0, 917.0, 652.0]
[80.0, 16.0, 886.0, 620.0]
[112.0, 48.0, 919.0, 653.0]
[96.0, 16.0, 904.0, 622.0]
[80.0, 32.0, 889.0, 639.0]
[80.0, 0.0, 890.0, 608.0]
[128.0, 0.0, 939.0, 608.0]
[128.0, 0.0, 940.0, 609.0]
[112.0, 16.0, 925.0, 626.0]
[96.0, 64.0, 910.0, 674.0]
[128.0, 64.0, 943.0, 675.0]
[80.0, 48.0, 896.0, 660.0]
