[240.0, 64.0, 957.0, 602.0]
[208.0, 144.0, 926.0, 682.0]
[272.0, 64.0, 991.0, 603.0]
[256.0, 32.0, 976.0, 572.0]
[208.0, 64.0, 929.0, 605.0]
[160.0, 48.0, 882.0, 590.0]
[288.0, 80.0, 1011.0, 622.0]
[224.0, 0.0, 948.0, 543.0]
[160.0, 112.0, 885.0, 656.0]
[272.0, 16.0, 998.0, 560.0]
[256.0, 0.0, 983.0, 545.0]
[224.0, 0.0, 952.0, 546.0]
[256.0, 96.0, 985.0, 643.0]
[176.0, 16.0, 906.0, 564.0]
[288.0, 112.0, 1019.0, 660.0]
[208.0, 64.0, 940.0, 613.0]
[240.0, 128.0, 973.0, 678.0]
[160.0, 96.0, 894.0, 646.0]
[192.0, 112.0, 927.0, 663.0]
[192.0, 64.0, 928.0, 616.0]
[256.0, 48.0, 993.0, 601.0]
[192.0, 16.0, 930.0, 570.0]
[144.0, 96.0, 883.0, 650.0]
[208.0, 64.0, 948.0, 619.0]
[256.0, 16.0, 997.0, 572.0]
[208.0, 80.0, 950.0, 636.0]
[192.0, 112.0, 935.0, 669.0]
[176.0, 48.0, 920.0, 606.0]
[272.0, 48.0, 1017.0, 607.0]
[272.0, 48.0, 1018.0, 608.0]
[160.0, 96.0, 907.0, 656.0]
[256.0, 64.0, 1004.0, 625.0]
[256.0, 64.0, 1005.0, 626.0]
[272.0, 0.0, 1022.0, 562.0]
[224.0, 96.0, 975.0, 659.0]
[128.0, 32.0, 880.0, 596.0]
[208.0, 0.0, 961.0, 565.0]
[240.0, 32.0, 994.0, 598.0]
[192.0, 0.0, 947.0, 566.0]
[240.0, 32.0, 996.0, 599.0]
[240.0, 112.0, 997.0, 680.0]
[240.0, 96.0, 998.0, 664.0]
[128.0, 96.0, 887.0, 665.0]
[240.0, 64.0, 1000.0, 634.0]
[160.0, 0.0, 921.0, 571.0]
[176.0, 80.0, 938.0, 652.0]
[112.0, 32.0, 875.0, 604.0]
[240.0, 16.0, 1004.0, 589.0]
[224.0, 0.0, 989.0, 574.0]
[240.0, 64.0, 1006.0, 638.0]
[240.0, 16.0, 1007.0, 591.0]
[208.0, 96.0, 976.0, 672.0]
[240.0, 64.0, 1009.0, 641.0]
[208.0, 96.0, 978.0, 674.0]
[112.0, 48.0, 883.0, 626.0]
[176.0, 48.0, 948.0, 627.0]
[224.0, 64.0, 997.0, 644.0]
[208.0, 96.0, 982.0, 676.0]
[160.0, 16.0, 935.0, 597.0]
[192.0, 0.0, 968.0, 582.0]
[112.0, 32.0, 889.0, 615.0]
[192.0, 48.0, 970.0, 632.0]
[224.0, 0.0, 1003.0, 584.0]
[160.0, 16.0, 940.0, 601.0]
[160.0, 0.0, 941.0, 586.0]
[144.0, 80.0, 926.0, 666.0]
[112.0, 48.0, 895.0, 635.0]
[160.0, 64.0, 944.0, 652.0]
[208.0, 32.0, 993.0, 621.0]
[144.0, 80.0, 930.0, 670.0]
[96.0, 64.0, 883.0, 654.0]
[96.0, 48.0, 884.0, 639.0]
[144.0, 80.0, 933.0, 672.0]
[128.0, 32.0, 918.0, 624.0]
[96.0, 32.0, 887.0, 625.0]
[128.0, 16.0, 920.0, 610.0]
[160.0, 0.0, 953.0, 595.0]
[144.0, 16.0, 938.0, 612.0]
[160.0, 64.0, 955.0, 660.0]
[192.0, 16.0, 988.0, 613.0]
[224.0, 64.0, 1021.0, 662.0]
[80.0, 32.0, 878.0, 630.0]
[128.0, 16.0, 927.0, 615.0]
[176.0, 48.0, 976.0, 648.0]
[96.0, 64.0, 897.0, 665.0]
[176.0, 80.0, 978.0, 682.0]
[192.0, 80.0, 995.0, 682.0]
[192.0, 64.0, 996.0, 667.0]
[128.0, 64.0, 933.0, 668.0]
[160.0, 16.0, 966.0, 620.0]
[128.0, 32.0, 935.0, 637.0]
[144.0, 32.0, 952.0, 638.0]
[144.0, 32.0, 953.0, 639.0]
[208.0, 16.0, 1018.0, 624.0]
[112.0, 64.0, 923.0, 672.0]
[192.0, 16.0, 1004.0, 625.0]
[144.0, 64.0, 957.0, 674.0]
[176.0, 32.0, 990.0, 642.0]
[176.0, 0.0, 991.0, 611.0]
[208.0, 64.0, 1024.0, 676.0]
[112.0, 0.0, 929.0, 613.0]
[160.0, 64.0, 978.0, 678.0]
[128.0, 64.0, 947.0, 678.0]
[80.0, 64.0, 900.0, 679.0]
[80.0, 32.0, 901.0, 648.0]
[160.0, 64.0, 982.0, 680.0]
[128.0, 64.0, 951.0, 681.0]
[160.0, 64.0, 984.0, 682.0]
[112.0, 16.0, 937.0, 635.0]
[176.0, 16.0, 1002.0, 636.0]
[80.0, 16.0, 907.0, 636.0]
[96.0, 16.0, 924.0, 637.0]
[176.0, 32.0, 1005.0, 654.0]
[176.0, 16.0, 1006.0, 638.0]
[80.0, 16.0, 911.0, 639.0]
[112.0, 0.0, 944.0, 624.0]
[96.0, 0.0, 929.0, 625.0]
[144.0, 0.0, 978.0, 626.0]
[112.0, 16.0, 947.0, 642.0]
[112.0, 0.0, 948.0, 627.0]
[96.0, 0.0, 933.0, 628.0]
[112.0, 32.0, 950.0, 660.0]
[96.0, 0.0, 935.0, 629.0]
[160.0, 32.0, 1000.0, 662.0]
[176.0, 32.0, 1017.0, 663.0]
[80.0, 48.0, 922.0, 680.0]
[96.0, 0.0, 939.0, 632.0]
[176.0, 32.0, 1020.0, 665.0]
[64.0, 32.0, 909.0, 666.0]
[112.0, 0.0, 958.0, 634.0]
[160.0, 48.0, 1007.0, 683.0]
[48.0, 16.0, 896.0, 652.0]
[112.0, 0.0, 961.0, 637.0]
[112.0, 0.0, 962.0, 638.0]
[96.0, 0.0, 947.0, 638.0]
[48.0, 32.0, 900.0, 671.0]
[128.0, 32.0, 981.0, 672.0]
[80.0, 0.0, 934.0, 640.0]
[112.0, 0.0, 967.0, 641.0]
[64.0, 16.0, 920.0, 658.0]
[128.0, 0.0, 985.0, 643.0]
[144.0, 0.0, 1002.0, 644.0]
[80.0, 32.0, 939.0, 676.0]
[48.0, 16.0, 908.0, 661.0]
[64.0, 32.0, 925.0, 678.0]
[64.0, 0.0, 926.0, 646.0]
[128.0, 16.0, 991.0, 663.0]
[160.0, 16.0, 1024.0, 664.0]
[96.0, 16.0, 961.0, 665.0]
[96.0, 0.0, 962.0, 650.0]
[64.0, 32.0, 931.0, 682.0]
[96.0, 16.0, 964.0, 667.0]
[64.0, 16.0, 933.0, 668.0]
[144.0, 16.0, 1014.0, 668.0]
[48.0, 0.0, 919.0, 653.0]
[112.0, 0.0, 984.0, 654.0]
[48.0, 16.0, 921.0, 671.0]
[64.0, 0.0, 938.0, 656.0]
[128.0, 16.0, 1003.0, 672.0]
[80.0, 16.0, 956.0, 673.0]
[96.0, 0.0, 973.0, 658.0]
[80.0, 16.0, 958.0, 674.0]
[96.0, 16.0, 975.0, 675.0]
[80.0, 0.0, 960.0, 660.0]
[128.0, 0.0, 1009.0, 661.0]
[32.0, 0.0, 914.0, 662.0]
[128.0, 0.0, 1011.0, 662.0]
[64.0, 0.0, 948.0, 663.0]
[64.0, 0.0, 949.0, 664.0]
[128.0, 16.0, 1014.0, 680.0]
[80.0, 16.0, 967.0, 681.0]
[112.0, 0.0, 1000.0, 666.0]
[80.0, 0.0, 969.0, 667.0]
[48.0, 0.0, 938.0, 668.0]
[48.0, 0.0, 939.0, 668.0]
[96.0, 0.0, 988.0, 669.0]
[32.0, 0.0, 925.0, 670.0]
[96.0, 0.0, 990.0, 670.0]
[96.0, 0.0, 991.0, 671.0]
[128.0, 0.0, 1024.0, 672.0]
[112.0, 0.0, 1009.0, 673.0]
[112.0, 0.0, 1010.0, 674.0]
[96.0, 0.0, 995.0, 674.0]
[96.0, 0.0, 996.0, 675.0]
[112.0, 0.0, 1013.0, 676.0]
[96.0, 0.0, 998.0, 676.0]
[48.0, 0.0, 951.0, 677.0]
[48.0, 0.0, 952.0, 678.0]
[32.0, 0.0, 937.0, 679.0]
[80.0, 0.0, 986.0, 680.0]
[96.0, 0.0, 1003.0, 680.0]
[48.0, 0.0, 956.0, 681.0]
[96.0, 0.0, 1005.0, 682.0]
[112.0, 0.0, 1022.0, 682.0]
[96.0, 0.0, 1007.0, 683.0]
