[176.0, 32.0, 961.0, 621.0]
[112.0, 64.0, 898.0, 654.0]
[144.0, 64.0, 931.0, 654.0]
[144.0, 144.0, 932.0, 735.0]
[112.0, 64.0, 901.0, 656.0]
[128.0, 112.0, 918.0, 704.0]
[144.0, 128.0, 935.0, 721.0]
[80.0, 64.0, 872.0, 658.0]
[192.0, 80.0, 985.0, 675.0]
[64.0, 48.0, 858.0, 644.0]
[144.0, 64.0, 939.0, 660.0]
[96.0, 32.0, 892.0, 629.0]
[112.0, 80.0, 909.0, 678.0]
[112.0, 144.0, 910.0, 742.0]
[112.0, 48.0, 911.0, 647.0]
[96.0, 48.0, 896.0, 648.0]
[144.0, 32.0, 945.0, 633.0]
[112.0, 48.0, 914.0, 650.0]
[48.0, 128.0, 851.0, 730.0]
[160.0, 144.0, 964.0, 747.0]
[96.0, 32.0, 901.0, 636.0]
[128.0, 80.0, 934.0, 684.0]
[176.0, 112.0, 983.0, 717.0]
[128.0, 80.0, 936.0, 686.0]
[32.0, 112.0, 841.0, 719.0]
[48.0, 16.0, 858.0, 624.0]
[64.0, 16.0, 875.0, 624.0]
[192.0, 48.0, 1004.0, 657.0]
[192.0, 48.0, 1005.0, 658.0]
[64.0, 48.0, 878.0, 658.0]
[64.0, 32.0, 879.0, 643.0]
[32.0, 64.0, 848.0, 676.0]
[160.0, 96.0, 977.0, 709.0]
[112.0, 48.0, 930.0, 662.0]
[16.0, 128.0, 835.0, 742.0]
[112.0, 144.0, 932.0, 759.0]
[144.0, 128.0, 965.0, 744.0]
[32.0, 48.0, 854.0, 664.0]
[80.0, 144.0, 903.0, 761.0]
[80.0, 16.0, 904.0, 634.0]
[0.0, 32.0, 825.0, 651.0]
[128.0, 128.0, 954.0, 748.0]
[0.0, 112.0, 827.0, 732.0]
[160.0, 144.0, 988.0, 765.0]
[160.0, 48.0, 989.0, 670.0]
[80.0, 0.0, 910.0, 622.0]
[112.0, 80.0, 943.0, 703.0]
[112.0, 144.0, 944.0, 768.0]
[96.0, 32.0, 929.0, 657.0]
[16.0, 96.0, 850.0, 722.0]
[128.0, 64.0, 963.0, 690.0]
[144.0, 96.0, 980.0, 723.0]
[80.0, 96.0, 917.0, 724.0]
[144.0, 32.0, 982.0, 660.0]
[16.0, 112.0, 855.0, 741.0]
[16.0, 32.0, 856.0, 662.0]
[144.0, 80.0, 985.0, 711.0]
[80.0, 48.0, 922.0, 680.0]
[176.0, 80.0, 1019.0, 712.0]
[128.0, 112.0, 972.0, 745.0]
[32.0, 64.0, 877.0, 698.0]
[48.0, 96.0, 894.0, 730.0]
[48.0, 128.0, 895.0, 763.0]
[176.0, 112.0, 1024.0, 748.0]
[32.0, 16.0, 881.0, 653.0]
[32.0, 48.0, 882.0, 686.0]
[64.0, 80.0, 915.0, 718.0]
[96.0, 16.0, 948.0, 655.0]
[96.0, 112.0, 949.0, 752.0]
[64.0, 112.0, 918.0, 752.0]
[48.0, 32.0, 903.0, 673.0]
[32.0, 112.0, 888.0, 754.0]
[128.0, 0.0, 985.0, 643.0]
[64.0, 64.0, 922.0, 708.0]
[32.0, 0.0, 891.0, 644.0]
[48.0, 48.0, 908.0, 693.0]
[144.0, 48.0, 1005.0, 694.0]
[144.0, 112.0, 1006.0, 758.0]
[112.0, 0.0, 975.0, 647.0]
[32.0, 64.0, 896.0, 712.0]
[96.0, 80.0, 961.0, 729.0]
[16.0, 0.0, 882.0, 650.0]
[128.0, 80.0, 995.0, 730.0]
[32.0, 64.0, 900.0, 715.0]
[112.0, 32.0, 981.0, 684.0]
[0.0, 64.0, 870.0, 716.0]
[32.0, 48.0, 903.0, 701.0]
[48.0, 64.0, 920.0, 718.0]
[48.0, 48.0, 921.0, 703.0]
[32.0, 0.0, 906.0, 656.0]
[96.0, 96.0, 971.0, 752.0]
[80.0, 64.0, 956.0, 721.0]
[16.0, 96.0, 893.0, 754.0]
[112.0, 32.0, 990.0, 690.0]
[80.0, 0.0, 959.0, 659.0]
[144.0, 48.0, 1024.0, 708.0]
[96.0, 96.0, 977.0, 757.0]
[48.0, 96.0, 930.0, 758.0]
[48.0, 80.0, 931.0, 742.0]
[96.0, 96.0, 980.0, 759.0]
[32.0, 0.0, 917.0, 664.0]
[0.0, 0.0, 886.0, 664.0]
[112.0, 96.0, 999.0, 761.0]
[64.0, 0.0, 952.0, 666.0]
[32.0, 16.0, 921.0, 683.0]
[128.0, 80.0, 1018.0, 748.0]
[48.0, 32.0, 939.0, 700.0]
[128.0, 0.0, 1020.0, 669.0]
[96.0, 0.0, 989.0, 670.0]
[96.0, 48.0, 990.0, 718.0]
[0.0, 64.0, 895.0, 735.0]
[96.0, 0.0, 992.0, 672.0]
[112.0, 16.0, 1009.0, 689.0]
[16.0, 16.0, 914.0, 690.0]
[0.0, 48.0, 899.0, 722.0]
[112.0, 80.0, 1012.0, 755.0]
[96.0, 64.0, 997.0, 740.0]
[96.0, 32.0, 998.0, 708.0]
[32.0, 48.0, 935.0, 725.0]
[16.0, 16.0, 920.0, 694.0]
[112.0, 16.0, 1017.0, 695.0]
[16.0, 16.0, 922.0, 696.0]
[0.0, 64.0, 907.0, 744.0]
[48.0, 64.0, 956.0, 745.0]
[32.0, 80.0, 941.0, 762.0]
[80.0, 64.0, 990.0, 746.0]
[48.0, 32.0, 959.0, 715.0]
[0.0, 32.0, 912.0, 716.0]
[32.0, 0.0, 945.0, 685.0]
[32.0, 0.0, 946.0, 686.0]
[32.0, 0.0, 947.0, 686.0]
[16.0, 64.0, 932.0, 751.0]
[0.0, 0.0, 917.0, 688.0]
[32.0, 0.0, 950.0, 688.0]
[32.0, 0.0, 951.0, 689.0]
[0.0, 64.0, 920.0, 754.0]
[32.0, 32.0, 953.0, 723.0]
[64.0, 16.0, 986.0, 708.0]
[48.0, 64.0, 971.0, 756.0]
[96.0, 16.0, 1020.0, 709.0]
[80.0, 32.0, 1005.0, 726.0]
[16.0, 0.0, 942.0, 694.0]
[48.0, 48.0, 975.0, 743.0]
[16.0, 16.0, 944.0, 712.0]
[64.0, 16.0, 993.0, 713.0]
[16.0, 48.0, 946.0, 746.0]
[80.0, 32.0, 1011.0, 730.0]
[80.0, 32.0, 1012.0, 731.0]
[32.0, 48.0, 965.0, 748.0]
[64.0, 16.0, 998.0, 716.0]
[0.0, 32.0, 935.0, 733.0]
[16.0, 16.0, 952.0, 718.0]
[64.0, 32.0, 1001.0, 735.0]
[32.0, 64.0, 970.0, 768.0]
[48.0, 0.0, 987.0, 704.0]
[48.0, 16.0, 988.0, 721.0]
[48.0, 16.0, 989.0, 722.0]
[48.0, 48.0, 990.0, 754.0]
[64.0, 16.0, 1007.0, 723.0]
[16.0, 32.0, 960.0, 740.0]
[64.0, 32.0, 1009.0, 741.0]
[48.0, 0.0, 994.0, 710.0]
[32.0, 16.0, 979.0, 726.0]
[16.0, 32.0, 964.0, 743.0]
[64.0, 48.0, 1013.0, 760.0]
[64.0, 32.0, 1014.0, 744.0]
[48.0, 16.0, 999.0, 729.0]
[32.0, 32.0, 984.0, 746.0]
[48.0, 32.0, 1001.0, 747.0]
[64.0, 0.0, 1018.0, 716.0]
[0.0, 48.0, 955.0, 764.0]
[32.0, 32.0, 988.0, 749.0]
[48.0, 48.0, 1005.0, 766.0]
[64.0, 32.0, 1022.0, 750.0]
[16.0, 16.0, 975.0, 735.0]
[0.0, 0.0, 960.0, 720.0]
[32.0, 32.0, 993.0, 753.0]
[16.0, 0.0, 978.0, 722.0]
[48.0, 32.0, 1011.0, 754.0]
[48.0, 32.0, 1012.0, 755.0]
[16.0, 32.0, 981.0, 756.0]
[32.0, 0.0, 998.0, 724.0]
[0.0, 32.0, 967.0, 757.0]
[48.0, 16.0, 1016.0, 742.0]
[0.0, 16.0, 969.0, 743.0]
[16.0, 0.0, 986.0, 728.0]
[32.0, 32.0, 1003.0, 760.0]
[48.0, 16.0, 1020.0, 745.0]
[0.0, 0.0, 973.0, 730.0]
[48.0, 0.0, 1022.0, 730.0]
[48.0, 32.0, 1023.0, 763.0]
[0.0, 16.0, 976.0, 748.0]
[16.0, 16.0, 993.0, 749.0]
[32.0, 16.0, 1010.0, 750.0]
[32.0, 16.0, 1011.0, 750.0]
[16.0, 0.0, 996.0, 735.0]
[0.0, 0.0, 981.0, 736.0]
[16.0, 16.0, 998.0, 752.0]
[16.0, 0.0, 999.0, 737.0]
[16.0, 16.0, 1000.0, 754.0]
[0.0, 16.0, 985.0, 755.0]
[32.0, 16.0, 1018.0, 756.0]
[0.0, 0.0, 987.0, 740.0]
[0.0, 0.0, 988.0, 741.0]
[0.0, 0.0, 989.0, 742.0]
[16.0, 0.0, 1006.0, 742.0]
[0.0, 0.0, 991.0, 743.0]
[32.0, 16.0, 1024.0, 760.0]
[16.0, 0.0, 1009.0, 745.0]
[16.0, 0.0, 1010.0, 746.0]
[0.0, 16.0, 995.0, 762.0]
[16.0, 16.0, 1012.0, 763.0]
[0.0, 0.0, 997.0, 748.0]
[16.0, 16.0, 1014.0, 764.0]
[0.0, 16.0, 999.0, 765.0]
[16.0, 0.0, 1016.0, 750.0]
[16.0, 0.0, 1017.0, 751.0]
[16.0, 16.0, 1018.0, 768.0]
[0.0, 16.0, 1003.0, 768.0]
[0.0, 0.0, 1004.0, 753.0]
[16.0, 0.0, 1021.0, 754.0]
[16.0, 0.0, 1022.0, 754.0]
[16.0, 0.0, 1023.0, 755.0]
[16.0, 0.0, 1024.0, 756.0]
[0.0, 0.0, 1009.0, 757.0]
[0.0, 0.0, 1010.0, 758.0]
[0.0, 0.0, 1011.0, 758.0]
[0.0, 0.0, 1012.0, 759.0]
[0.0, 0.0, 1013.0, 760.0]
[0.0, 0.0, 1014.0, 760.0]
[0.0, 0.0, 1015.0, 761.0]
[0.0, 0.0, 1016.0, 762.0]
[0.0, 0.0, 1017.0, 763.0]
[0.0, 0.0, 1018.0, 764.0]
[0.0, 0.0, 1019.0, 764.0]
[0.0, 0.0, 1020.0, 765.0]
[0.0, 0.0, 1021.0, 766.0]
[0.0, 0.0, 1022.0, 766.0]
[0.0, 0.0, 1023.0, 767.0]
[0.0, 0.0, 1024.0, 768.0]
