[144.0, 144.0, 861.0, 682.0]
[256.0, 144.0, 974.0, 682.0]
[272.0, 128.0, 991.0, 667.0]
[256.0, 128.0, 976.0, 668.0]
[176.0, 48.0, 897.0, 589.0]
[128.0, 128.0, 850.0, 670.0]
[240.0, 64.0, 963.0, 606.0]
[240.0, 112.0, 964.0, 655.0]
[176.0, 64.0, 901.0, 608.0]
[208.0, 64.0, 934.0, 608.0]
[128.0, 96.0, 855.0, 641.0]
[256.0, 64.0, 984.0, 610.0]
[176.0, 48.0, 905.0, 595.0]
[128.0, 48.0, 858.0, 596.0]
[160.0, 64.0, 891.0, 612.0]
[208.0, 80.0, 940.0, 629.0]
[240.0, 96.0, 973.0, 646.0]
[160.0, 64.0, 894.0, 614.0]
[256.0, 128.0, 991.0, 679.0]
[208.0, 80.0, 944.0, 632.0]
[224.0, 64.0, 961.0, 617.0]
[240.0, 128.0, 978.0, 682.0]
[192.0, 48.0, 931.0, 602.0]
[128.0, 48.0, 868.0, 603.0]
[176.0, 48.0, 917.0, 604.0]
[176.0, 96.0, 918.0, 652.0]
[144.0, 80.0, 887.0, 637.0]
[240.0, 80.0, 984.0, 638.0]
[224.0, 48.0, 969.0, 607.0]
[224.0, 64.0, 970.0, 624.0]
[176.0, 112.0, 923.0, 672.0]
[224.0, 64.0, 972.0, 625.0]
[128.0, 64.0, 877.0, 626.0]
[208.0, 96.0, 958.0, 658.0]
[224.0, 96.0, 975.0, 659.0]
[208.0, 32.0, 960.0, 596.0]
[144.0, 80.0, 897.0, 645.0]
[128.0, 96.0, 882.0, 662.0]
[160.0, 96.0, 915.0, 662.0]
[176.0, 48.0, 932.0, 615.0]
[112.0, 48.0, 869.0, 616.0]
[128.0, 48.0, 886.0, 616.0]
[128.0, 48.0, 887.0, 617.0]
[112.0, 48.0, 872.0, 618.0]
[208.0, 112.0, 969.0, 683.0]
[144.0, 48.0, 906.0, 620.0]
[208.0, 16.0, 971.0, 588.0]
[128.0, 64.0, 892.0, 637.0]
[192.0, 96.0, 957.0, 670.0]
[160.0, 64.0, 926.0, 638.0]
[160.0, 80.0, 927.0, 655.0]
[144.0, 48.0, 912.0, 624.0]
[160.0, 32.0, 929.0, 609.0]
[128.0, 80.0, 898.0, 658.0]
[128.0, 16.0, 899.0, 594.0]
[176.0, 48.0, 948.0, 627.0]
[160.0, 48.0, 933.0, 628.0]
[144.0, 32.0, 918.0, 612.0]
[128.0, 16.0, 903.0, 597.0]
[160.0, 96.0, 936.0, 678.0]
[112.0, 64.0, 889.0, 647.0]
[144.0, 96.0, 922.0, 680.0]
[144.0, 80.0, 923.0, 664.0]
[160.0, 32.0, 940.0, 617.0]
[128.0, 48.0, 909.0, 634.0]
[176.0, 32.0, 958.0, 618.0]
[128.0, 96.0, 911.0, 683.0]
[112.0, 16.0, 896.0, 604.0]
[208.0, 80.0, 993.0, 669.0]
[128.0, 0.0, 914.0, 590.0]
[176.0, 16.0, 963.0, 606.0]
[208.0, 64.0, 996.0, 655.0]
[176.0, 0.0, 965.0, 592.0]
[144.0, 32.0, 934.0, 624.0]
[160.0, 64.0, 951.0, 657.0]
[128.0, 16.0, 920.0, 610.0]
[128.0, 0.0, 921.0, 595.0]
[176.0, 16.0, 970.0, 612.0]
[176.0, 80.0, 971.0, 676.0]
[192.0, 32.0, 988.0, 629.0]
[192.0, 32.0, 989.0, 630.0]
[144.0, 0.0, 942.0, 598.0]
[192.0, 0.0, 991.0, 599.0]
[176.0, 80.0, 976.0, 680.0]
[160.0, 64.0, 961.0, 665.0]
[192.0, 32.0, 994.0, 634.0]
[160.0, 16.0, 963.0, 618.0]
[160.0, 32.0, 964.0, 635.0]
[176.0, 64.0, 981.0, 668.0]
[144.0, 32.0, 950.0, 636.0]
[128.0, 0.0, 935.0, 605.0]
[160.0, 32.0, 968.0, 638.0]
[144.0, 48.0, 953.0, 655.0]
[128.0, 0.0, 938.0, 608.0]
[160.0, 32.0, 971.0, 640.0]
[160.0, 16.0, 972.0, 625.0]
[144.0, 0.0, 957.0, 610.0]
[128.0, 0.0, 942.0, 610.0]
[176.0, 64.0, 991.0, 675.0]
[144.0, 48.0, 960.0, 660.0]
[144.0, 0.0, 961.0, 613.0]
[128.0, 32.0, 946.0, 646.0]
[160.0, 16.0, 979.0, 630.0]
[128.0, 16.0, 948.0, 631.0]
[128.0, 32.0, 949.0, 648.0]
[160.0, 16.0, 982.0, 632.0]
[128.0, 64.0, 951.0, 681.0]
[160.0, 32.0, 984.0, 650.0]
[160.0, 32.0, 985.0, 651.0]
[160.0, 32.0, 986.0, 652.0]
[144.0, 0.0, 971.0, 620.0]
[128.0, 16.0, 956.0, 637.0]
[128.0, 48.0, 957.0, 670.0]
[160.0, 0.0, 990.0, 622.0]
[160.0, 16.0, 991.0, 639.0]
[160.0, 32.0, 992.0, 656.0]
[144.0, 0.0, 977.0, 625.0]
[128.0, 0.0, 962.0, 626.0]
[128.0, 32.0, 963.0, 658.0]
[128.0, 48.0, 964.0, 675.0]
[144.0, 32.0, 981.0, 660.0]
[144.0, 48.0, 982.0, 676.0]
[128.0, 0.0, 967.0, 629.0]
[144.0, 48.0, 984.0, 678.0]
[128.0, 48.0, 969.0, 679.0]
[144.0, 48.0, 986.0, 680.0]
[144.0, 32.0, 987.0, 664.0]
[144.0, 48.0, 988.0, 681.0]
[144.0, 32.0, 989.0, 666.0]
[144.0, 0.0, 990.0, 634.0]
[144.0, 16.0, 991.0, 651.0]
[128.0, 0.0, 976.0, 636.0]
[128.0, 16.0, 977.0, 653.0]
[128.0, 32.0, 978.0, 670.0]
[128.0, 0.0, 979.0, 638.0]
[128.0, 0.0, 980.0, 639.0]
[128.0, 32.0, 981.0, 672.0]
[128.0, 0.0, 982.0, 640.0]
[128.0, 32.0, 983.0, 673.0]
[128.0, 32.0, 984.0, 674.0]
[128.0, 16.0, 985.0, 659.0]
[128.0, 32.0, 986.0, 676.0]
[128.0, 0.0, 987.0, 644.0]
[128.0, 0.0, 988.0, 645.0]
