[128.0, 0.0, 845.0, 538.0]
[176.0, 32.0, 894.0, 570.0]
[48.0, 0.0, 767.0, 539.0]
[176.0, 64.0, 896.0, 604.0]
[224.0, 32.0, 945.0, 573.0]
[16.0, 0.0, 738.0, 542.0]
[128.0, 16.0, 851.0, 558.0]
[48.0, 32.0, 772.0, 575.0]
[208.0, 32.0, 933.0, 576.0]
[112.0, 48.0, 838.0, 592.0]
[128.0, 0.0, 855.0, 545.0]
[224.0, 0.0, 952.0, 546.0]
[192.0, 32.0, 921.0, 579.0]
[144.0, 0.0, 874.0, 548.0]
[208.0, 32.0, 939.0, 580.0]
[112.0, 64.0, 844.0, 613.0]
[192.0, 48.0, 925.0, 598.0]
[128.0, 64.0, 862.0, 614.0]
[16.0, 0.0, 751.0, 551.0]
[80.0, 32.0, 816.0, 584.0]
[144.0, 32.0, 881.0, 585.0]
[48.0, 16.0, 786.0, 570.0]
[48.0, 48.0, 787.0, 602.0]
[64.0, 32.0, 804.0, 587.0]
[80.0, 32.0, 821.0, 588.0]
[96.0, 48.0, 838.0, 604.0]
[48.0, 48.0, 791.0, 605.0]
[192.0, 16.0, 936.0, 574.0]
[160.0, 0.0, 905.0, 559.0]
[16.0, 16.0, 762.0, 576.0]
[48.0, 48.0, 795.0, 608.0]
[128.0, 0.0, 876.0, 561.0]
[48.0, 0.0, 797.0, 562.0]
[144.0, 0.0, 894.0, 562.0]
[32.0, 0.0, 783.0, 563.0]
[32.0, 32.0, 784.0, 596.0]
[160.0, 32.0, 913.0, 597.0]
[160.0, 32.0, 914.0, 598.0]
[192.0, 16.0, 947.0, 582.0]
[176.0, 0.0, 932.0, 567.0]
[176.0, 0.0, 933.0, 568.0]
[128.0, 16.0, 886.0, 584.0]
[128.0, 16.0, 887.0, 585.0]
[0.0, 16.0, 760.0, 586.0]
[80.0, 0.0, 841.0, 571.0]
[192.0, 0.0, 954.0, 572.0]
[96.0, 32.0, 859.0, 604.0]
[192.0, 0.0, 956.0, 573.0]
[16.0, 48.0, 781.0, 622.0]
[160.0, 0.0, 926.0, 574.0]
[176.0, 32.0, 943.0, 607.0]
[80.0, 32.0, 848.0, 608.0]
[112.0, 48.0, 881.0, 625.0]
[128.0, 0.0, 898.0, 578.0]
[64.0, 48.0, 835.0, 626.0]
[80.0, 16.0, 852.0, 595.0]
[32.0, 0.0, 805.0, 580.0]
[96.0, 48.0, 870.0, 628.0]
[16.0, 0.0, 791.0, 581.0]
[176.0, 0.0, 952.0, 582.0]
[128.0, 0.0, 905.0, 583.0]
[48.0, 32.0, 826.0, 616.0]
[80.0, 64.0, 859.0, 648.0]
[112.0, 0.0, 892.0, 585.0]
[96.0, 48.0, 877.0, 634.0]
[144.0, 32.0, 926.0, 618.0]
[80.0, 48.0, 863.0, 635.0]
[128.0, 48.0, 912.0, 636.0]
[64.0, 0.0, 849.0, 589.0]
[80.0, 0.0, 866.0, 590.0]
[128.0, 16.0, 915.0, 606.0]
[80.0, 0.0, 868.0, 591.0]
[16.0, 16.0, 805.0, 608.0]
[0.0, 16.0, 790.0, 608.0]
[64.0, 48.0, 855.0, 641.0]
[64.0, 16.0, 856.0, 610.0]
[32.0, 16.0, 825.0, 611.0]
[64.0, 16.0, 858.0, 612.0]
[96.0, 48.0, 891.0, 644.0]
[144.0, 0.0, 940.0, 597.0]
[0.0, 32.0, 797.0, 630.0]
[64.0, 64.0, 862.0, 662.0]
[80.0, 16.0, 879.0, 615.0]
[64.0, 0.0, 864.0, 600.0]
[64.0, 0.0, 865.0, 601.0]
[96.0, 64.0, 898.0, 666.0]
[96.0, 16.0, 899.0, 618.0]
[80.0, 16.0, 884.0, 619.0]
[0.0, 16.0, 805.0, 620.0]
[48.0, 64.0, 854.0, 668.0]
[112.0, 16.0, 919.0, 621.0]
[128.0, 16.0, 936.0, 622.0]
[16.0, 16.0, 825.0, 623.0]
[128.0, 0.0, 938.0, 608.0]
[16.0, 32.0, 827.0, 640.0]
[48.0, 0.0, 860.0, 609.0]
[112.0, 16.0, 925.0, 626.0]
[144.0, 0.0, 958.0, 610.0]
[32.0, 0.0, 847.0, 611.0]
[0.0, 32.0, 816.0, 644.0]
[112.0, 48.0, 929.0, 661.0]
[32.0, 0.0, 850.0, 614.0]
[80.0, 64.0, 899.0, 678.0]
[64.0, 32.0, 884.0, 647.0]
[48.0, 32.0, 869.0, 648.0]
[96.0, 0.0, 918.0, 616.0]
[112.0, 16.0, 935.0, 633.0]
[128.0, 32.0, 952.0, 650.0]
[64.0, 16.0, 889.0, 635.0]
[48.0, 0.0, 874.0, 620.0]
[32.0, 32.0, 859.0, 652.0]
[0.0, 16.0, 828.0, 637.0]
[112.0, 32.0, 941.0, 654.0]
[16.0, 16.0, 846.0, 638.0]
[16.0, 32.0, 847.0, 655.0]
[0.0, 0.0, 832.0, 624.0]
[80.0, 0.0, 913.0, 625.0]
[64.0, 32.0, 898.0, 658.0]
[32.0, 48.0, 867.0, 674.0]
[32.0, 0.0, 868.0, 627.0]
[48.0, 0.0, 885.0, 628.0]
[112.0, 32.0, 950.0, 660.0]
[0.0, 16.0, 839.0, 645.0]
[32.0, 0.0, 872.0, 630.0]
[96.0, 16.0, 937.0, 647.0]
[112.0, 16.0, 954.0, 648.0]
[16.0, 0.0, 859.0, 632.0]
[48.0, 32.0, 892.0, 665.0]
[112.0, 16.0, 957.0, 650.0]
[64.0, 16.0, 910.0, 650.0]
[0.0, 16.0, 847.0, 651.0]
[80.0, 0.0, 928.0, 636.0]
[80.0, 32.0, 929.0, 669.0]
[32.0, 32.0, 882.0, 670.0]
[96.0, 0.0, 947.0, 638.0]
[64.0, 32.0, 916.0, 671.0]
[96.0, 0.0, 949.0, 640.0]
[80.0, 32.0, 934.0, 672.0]
[48.0, 32.0, 903.0, 673.0]
[64.0, 32.0, 920.0, 674.0]
[80.0, 16.0, 937.0, 659.0]
[0.0, 32.0, 858.0, 676.0]
[96.0, 0.0, 955.0, 644.0]
[0.0, 0.0, 860.0, 645.0]
[48.0, 32.0, 909.0, 678.0]
[0.0, 0.0, 862.0, 646.0]
[64.0, 0.0, 927.0, 647.0]
[64.0, 0.0, 928.0, 648.0]
[0.0, 32.0, 865.0, 681.0]
[32.0, 32.0, 898.0, 682.0]
[0.0, 0.0, 867.0, 650.0]
[32.0, 0.0, 900.0, 651.0]
[64.0, 16.0, 933.0, 668.0]
[0.0, 16.0, 870.0, 668.0]
[48.0, 0.0, 919.0, 653.0]
[0.0, 16.0, 872.0, 670.0]
[32.0, 16.0, 905.0, 671.0]
[48.0, 16.0, 922.0, 672.0]
[0.0, 16.0, 875.0, 672.0]
[32.0, 16.0, 908.0, 673.0]
[0.0, 16.0, 877.0, 674.0]
[48.0, 0.0, 926.0, 658.0]
[32.0, 16.0, 911.0, 675.0]
[64.0, 0.0, 944.0, 660.0]
[0.0, 0.0, 881.0, 661.0]
[32.0, 16.0, 914.0, 678.0]
[0.0, 0.0, 883.0, 662.0]
[64.0, 0.0, 948.0, 663.0]
[16.0, 0.0, 901.0, 664.0]
[16.0, 16.0, 902.0, 680.0]
[48.0, 16.0, 935.0, 681.0]
[32.0, 0.0, 920.0, 666.0]
[64.0, 16.0, 953.0, 683.0]
[0.0, 0.0, 890.0, 668.0]
[32.0, 0.0, 923.0, 668.0]
[48.0, 0.0, 940.0, 669.0]
[0.0, 0.0, 893.0, 670.0]
[16.0, 0.0, 910.0, 670.0]
[32.0, 0.0, 927.0, 671.0]
[16.0, 0.0, 912.0, 672.0]
[32.0, 0.0, 929.0, 673.0]
[48.0, 0.0, 946.0, 674.0]
[16.0, 0.0, 915.0, 674.0]
[48.0, 0.0, 948.0, 675.0]
[32.0, 0.0, 933.0, 676.0]
[48.0, 0.0, 950.0, 676.0]
[0.0, 0.0, 903.0, 677.0]
[16.0, 0.0, 920.0, 678.0]
[48.0, 0.0, 953.0, 679.0]
[0.0, 0.0, 906.0, 680.0]
[0.0, 0.0, 907.0, 680.0]
[32.0, 0.0, 940.0, 681.0]
[0.0, 0.0, 909.0, 682.0]
[32.0, 0.0, 942.0, 682.0]
[16.0, 0.0, 927.0, 683.0]
