[48.0, 80.0, 586.0, 797.0]
[96.0, 80.0, 634.0, 798.0]
[48.0, 32.0, 587.0, 751.0]
[64.0, 48.0, 604.0, 768.0]
[48.0, 176.0, 589.0, 897.0]
[16.0, 64.0, 558.0, 786.0]
[16.0, 80.0, 558.0, 803.0]
[64.0, 64.0, 607.0, 788.0]
[64.0, 192.0, 608.0, 917.0]
[16.0, 176.0, 560.0, 902.0]
[64.0, 112.0, 609.0, 839.0]
[64.0, 128.0, 610.0, 856.0]
[112.0, 128.0, 659.0, 857.0]
[96.0, 128.0, 644.0, 858.0]
[112.0, 144.0, 660.0, 875.0]
[112.0, 96.0, 661.0, 828.0]
[80.0, 160.0, 630.0, 893.0]
[48.0, 48.0, 598.0, 782.0]
[32.0, 80.0, 583.0, 815.0]
[32.0, 80.0, 584.0, 816.0]
[112.0, 96.0, 665.0, 833.0]
[112.0, 176.0, 666.0, 914.0]
[80.0, 64.0, 634.0, 803.0]
[48.0, 112.0, 603.0, 852.0]
[96.0, 64.0, 652.0, 805.0]
[96.0, 192.0, 652.0, 934.0]
[48.0, 32.0, 605.0, 775.0]
[64.0, 48.0, 622.0, 792.0]
[48.0, 0.0, 607.0, 745.0]
[96.0, 176.0, 656.0, 922.0]
[80.0, 16.0, 640.0, 763.0]
[80.0, 176.0, 641.0, 924.0]
[48.0, 64.0, 610.0, 813.0]
[96.0, 112.0, 658.0, 862.0]
[96.0, 128.0, 659.0, 879.0]
[112.0, 160.0, 676.0, 912.0]
[64.0, 192.0, 629.0, 945.0]
[64.0, 48.0, 630.0, 802.0]
[0.0, 48.0, 566.0, 803.0]
[80.0, 80.0, 647.0, 836.0]
[0.0, 64.0, 568.0, 821.0]
[48.0, 16.0, 616.0, 774.0]
[80.0, 80.0, 649.0, 839.0]
[96.0, 16.0, 666.0, 776.0]
[32.0, 176.0, 603.0, 937.0]
[0.0, 32.0, 572.0, 794.0]
[0.0, 48.0, 572.0, 811.0]
[16.0, 160.0, 589.0, 924.0]
[32.0, 64.0, 606.0, 829.0]
[64.0, 64.0, 638.0, 830.0]
[0.0, 112.0, 575.0, 879.0]
[16.0, 128.0, 592.0, 896.0]
[80.0, 16.0, 657.0, 785.0]
[32.0, 112.0, 610.0, 882.0]
[16.0, 48.0, 594.0, 819.0]
[0.0, 160.0, 579.0, 932.0]
[64.0, 192.0, 644.0, 965.0]
[32.0, 96.0, 612.0, 870.0]
[48.0, 160.0, 629.0, 935.0]
[32.0, 48.0, 614.0, 824.0]
[0.0, 16.0, 583.0, 793.0]
[48.0, 64.0, 632.0, 842.0]
[64.0, 144.0, 648.0, 923.0]
[96.0, 16.0, 681.0, 796.0]
[32.0, 192.0, 618.0, 973.0]
[32.0, 0.0, 618.0, 782.0]
[80.0, 112.0, 667.0, 895.0]
[80.0, 0.0, 668.0, 784.0]
[16.0, 80.0, 605.0, 865.0]
[80.0, 144.0, 670.0, 930.0]
[64.0, 112.0, 654.0, 899.0]
[16.0, 0.0, 607.0, 788.0]
[16.0, 144.0, 608.0, 933.0]
[48.0, 112.0, 640.0, 902.0]
[32.0, 192.0, 625.0, 983.0]
[48.0, 48.0, 642.0, 840.0]
[0.0, 160.0, 595.0, 953.0]
[48.0, 192.0, 644.0, 986.0]
[32.0, 48.0, 628.0, 843.0]
[0.0, 32.0, 597.0, 828.0]
[32.0, 176.0, 630.0, 973.0]
[32.0, 64.0, 630.0, 862.0]
[80.0, 48.0, 679.0, 847.0]
[48.0, 176.0, 648.0, 976.0]
[80.0, 128.0, 681.0, 929.0]
[32.0, 160.0, 634.0, 962.0]
[0.0, 80.0, 602.0, 883.0]
[32.0, 32.0, 635.0, 836.0]
[32.0, 80.0, 636.0, 885.0]
[0.0, 48.0, 604.0, 854.0]
[16.0, 128.0, 621.0, 935.0]
[32.0, 48.0, 638.0, 856.0]
[32.0, 144.0, 639.0, 953.0]
[0.0, 112.0, 608.0, 922.0]
[0.0, 160.0, 608.0, 971.0]
[16.0, 80.0, 625.0, 892.0]
[32.0, 112.0, 642.0, 925.0]
[0.0, 96.0, 610.0, 910.0]
[32.0, 128.0, 643.0, 943.0]
[0.0, 160.0, 612.0, 976.0]
[0.0, 48.0, 613.0, 865.0]
[32.0, 160.0, 646.0, 978.0]
[16.0, 48.0, 630.0, 867.0]
[32.0, 112.0, 647.0, 932.0]
[48.0, 48.0, 664.0, 869.0]
[16.0, 32.0, 632.0, 854.0]
[64.0, 0.0, 681.0, 823.0]
[32.0, 48.0, 650.0, 872.0]
[48.0, 144.0, 667.0, 969.0]
[48.0, 144.0, 668.0, 970.0]
[48.0, 64.0, 668.0, 891.0]
[16.0, 80.0, 637.0, 908.0]
[16.0, 32.0, 638.0, 861.0]
[32.0, 128.0, 654.0, 958.0]
[32.0, 176.0, 655.0, 1007.0]
[32.0, 0.0, 656.0, 832.0]
[16.0, 0.0, 641.0, 833.0]
[32.0, 160.0, 658.0, 994.0]
[0.0, 112.0, 626.0, 947.0]
[32.0, 144.0, 659.0, 980.0]
[32.0, 80.0, 660.0, 917.0]
[48.0, 160.0, 676.0, 998.0]
[48.0, 96.0, 677.0, 935.0]
[0.0, 160.0, 630.0, 1000.0]
[0.0, 48.0, 631.0, 889.0]
[48.0, 128.0, 680.0, 970.0]
[32.0, 128.0, 664.0, 971.0]
[32.0, 160.0, 665.0, 1004.0]
[48.0, 80.0, 682.0, 925.0]
[16.0, 144.0, 650.0, 990.0]
[0.0, 16.0, 635.0, 863.0]
[0.0, 96.0, 636.0, 944.0]
[0.0, 112.0, 637.0, 961.0]
[16.0, 96.0, 654.0, 946.0]
[0.0, 16.0, 638.0, 867.0]
[16.0, 16.0, 655.0, 868.0]
[16.0, 16.0, 656.0, 869.0]
[0.0, 112.0, 640.0, 966.0]
[16.0, 128.0, 657.0, 983.0]
[16.0, 80.0, 658.0, 936.0]
[0.0, 80.0, 643.0, 937.0]
[32.0, 48.0, 676.0, 906.0]
[16.0, 48.0, 660.0, 907.0]
[0.0, 0.0, 645.0, 860.0]
[16.0, 144.0, 662.0, 1005.0]
[32.0, 80.0, 678.0, 942.0]
[16.0, 0.0, 663.0, 863.0]
[32.0, 160.0, 680.0, 1024.0]
[16.0, 64.0, 665.0, 929.0]
[32.0, 128.0, 682.0, 994.0]
[0.0, 96.0, 650.0, 963.0]
[0.0, 96.0, 651.0, 964.0]
[0.0, 32.0, 652.0, 901.0]
[0.0, 32.0, 652.0, 902.0]
[0.0, 64.0, 653.0, 935.0]
[0.0, 64.0, 654.0, 936.0]
[16.0, 96.0, 671.0, 969.0]
[0.0, 16.0, 656.0, 890.0]
[0.0, 0.0, 656.0, 875.0]
[16.0, 112.0, 673.0, 988.0]
[0.0, 96.0, 658.0, 973.0]
[0.0, 96.0, 658.0, 974.0]
[16.0, 80.0, 675.0, 959.0]
[16.0, 16.0, 676.0, 896.0]
[0.0, 0.0, 661.0, 881.0]
[0.0, 64.0, 662.0, 946.0]
[0.0, 16.0, 662.0, 899.0]
[16.0, 48.0, 679.0, 932.0]
[16.0, 80.0, 680.0, 965.0]
[0.0, 0.0, 664.0, 886.0]
[16.0, 128.0, 681.0, 1015.0]
[16.0, 16.0, 682.0, 904.0]
[0.0, 48.0, 667.0, 937.0]
[0.0, 128.0, 668.0, 1018.0]
[0.0, 112.0, 668.0, 1003.0]
[0.0, 64.0, 669.0, 956.0]
[0.0, 112.0, 670.0, 1005.0]
[0.0, 128.0, 670.0, 1022.0]
[0.0, 80.0, 671.0, 975.0]
[0.0, 48.0, 672.0, 944.0]
[0.0, 64.0, 673.0, 961.0]
[0.0, 80.0, 674.0, 978.0]
[0.0, 112.0, 674.0, 1011.0]
[0.0, 0.0, 675.0, 900.0]
[0.0, 0.0, 676.0, 901.0]
[0.0, 32.0, 676.0, 934.0]
[0.0, 64.0, 677.0, 967.0]
[0.0, 16.0, 678.0, 920.0]
[0.0, 96.0, 679.0, 1001.0]
[0.0, 48.0, 680.0, 954.0]
[0.0, 0.0, 680.0, 907.0]
[0.0, 80.0, 681.0, 988.0]
[0.0, 48.0, 682.0, 957.0]
[0.0, 32.0, 682.0, 942.0]
[0.0, 64.0, 683.0, 975.0]
