[144.0, 96.0, 879.0, 647.0]
[240.0, 64.0, 976.0, 616.0]
[192.0, 48.0, 929.0, 601.0]
[240.0, 96.0, 978.0, 650.0]
[160.0, 48.0, 899.0, 602.0]
[208.0, 48.0, 948.0, 603.0]
[176.0, 96.0, 917.0, 652.0]
[48.0, 64.0, 790.0, 620.0]
[160.0, 48.0, 903.0, 605.0]
[208.0, 48.0, 952.0, 606.0]
[208.0, 48.0, 953.0, 607.0]
[176.0, 80.0, 922.0, 640.0]
[192.0, 64.0, 939.0, 624.0]
[64.0, 64.0, 812.0, 625.0]
[64.0, 96.0, 813.0, 658.0]
[48.0, 80.0, 798.0, 642.0]
[112.0, 64.0, 863.0, 627.0]
[48.0, 64.0, 800.0, 628.0]
[224.0, 80.0, 977.0, 645.0]
[96.0, 96.0, 850.0, 662.0]
[48.0, 16.0, 803.0, 582.0]
[96.0, 64.0, 852.0, 631.0]
[64.0, 64.0, 821.0, 632.0]
[128.0, 96.0, 886.0, 664.0]
[208.0, 32.0, 967.0, 601.0]
[224.0, 16.0, 984.0, 586.0]
[48.0, 48.0, 809.0, 619.0]
[112.0, 96.0, 874.0, 668.0]
[80.0, 16.0, 843.0, 588.0]
[240.0, 64.0, 1004.0, 637.0]
[112.0, 32.0, 877.0, 606.0]
[128.0, 48.0, 894.0, 622.0]
[192.0, 64.0, 959.0, 639.0]
[224.0, 80.0, 992.0, 656.0]
[32.0, 16.0, 801.0, 593.0]
[224.0, 64.0, 994.0, 642.0]
[80.0, 64.0, 851.0, 642.0]
[192.0, 96.0, 964.0, 675.0]
[80.0, 80.0, 853.0, 660.0]
[144.0, 64.0, 918.0, 644.0]
[64.0, 96.0, 839.0, 677.0]
[64.0, 48.0, 840.0, 630.0]
[176.0, 16.0, 953.0, 599.0]
[208.0, 16.0, 986.0, 600.0]
[80.0, 64.0, 859.0, 648.0]
[96.0, 48.0, 876.0, 633.0]
[128.0, 80.0, 909.0, 666.0]
[112.0, 48.0, 894.0, 634.0]
[192.0, 32.0, 975.0, 619.0]
[160.0, 96.0, 944.0, 684.0]
[80.0, 64.0, 865.0, 653.0]
[64.0, 32.0, 850.0, 622.0]
[128.0, 64.0, 915.0, 654.0]
[224.0, 80.0, 1012.0, 671.0]
[208.0, 16.0, 997.0, 608.0]
[32.0, 96.0, 822.0, 688.0]
[208.0, 48.0, 999.0, 641.0]
[112.0, 0.0, 904.0, 594.0]
[208.0, 48.0, 1001.0, 643.0]
[112.0, 80.0, 906.0, 676.0]
[176.0, 32.0, 971.0, 628.0]
[96.0, 32.0, 892.0, 629.0]
[0.0, 16.0, 797.0, 614.0]
[0.0, 32.0, 798.0, 630.0]
[64.0, 96.0, 863.0, 695.0]
[64.0, 16.0, 864.0, 616.0]
[128.0, 80.0, 929.0, 681.0]
[176.0, 64.0, 978.0, 666.0]
[80.0, 0.0, 883.0, 602.0]
[64.0, 80.0, 868.0, 683.0]
[176.0, 64.0, 981.0, 668.0]
[64.0, 48.0, 870.0, 652.0]
[64.0, 32.0, 871.0, 637.0]
[96.0, 96.0, 904.0, 702.0]
[64.0, 32.0, 873.0, 639.0]
[112.0, 32.0, 922.0, 640.0]
[144.0, 64.0, 955.0, 672.0]
[80.0, 32.0, 892.0, 641.0]
[48.0, 32.0, 861.0, 642.0]
[48.0, 48.0, 862.0, 658.0]
[208.0, 32.0, 1023.0, 643.0]
[176.0, 80.0, 992.0, 692.0]
[176.0, 80.0, 993.0, 693.0]
[160.0, 32.0, 978.0, 646.0]
[48.0, 80.0, 867.0, 694.0]
[0.0, 48.0, 820.0, 663.0]
[48.0, 0.0, 869.0, 616.0]
[176.0, 32.0, 998.0, 648.0]
[48.0, 0.0, 871.0, 617.0]
[144.0, 96.0, 968.0, 714.0]
[64.0, 64.0, 889.0, 683.0]
[128.0, 32.0, 954.0, 652.0]
[160.0, 80.0, 987.0, 700.0]
[32.0, 48.0, 860.0, 669.0]
[176.0, 48.0, 1005.0, 670.0]
[128.0, 80.0, 958.0, 702.0]
[64.0, 80.0, 895.0, 703.0]
[32.0, 16.0, 864.0, 640.0]
[32.0, 16.0, 865.0, 641.0]
[112.0, 16.0, 946.0, 642.0]
[64.0, 32.0, 899.0, 658.0]
[144.0, 32.0, 980.0, 659.0]
[160.0, 80.0, 997.0, 708.0]
[160.0, 32.0, 998.0, 660.0]
[160.0, 80.0, 999.0, 709.0]
[32.0, 48.0, 872.0, 678.0]
[144.0, 32.0, 985.0, 663.0]
[96.0, 16.0, 938.0, 648.0]
[144.0, 96.0, 987.0, 728.0]
[64.0, 32.0, 908.0, 665.0]
[48.0, 80.0, 893.0, 714.0]
[112.0, 48.0, 958.0, 682.0]
[176.0, 48.0, 1023.0, 683.0]
[64.0, 48.0, 912.0, 684.0]
[96.0, 64.0, 945.0, 701.0]
[96.0, 96.0, 946.0, 734.0]
[64.0, 32.0, 915.0, 670.0]
[144.0, 64.0, 996.0, 703.0]
[144.0, 64.0, 997.0, 704.0]
[144.0, 48.0, 998.0, 688.0]
[64.0, 16.0, 919.0, 657.0]
[160.0, 32.0, 1016.0, 674.0]
[80.0, 80.0, 937.0, 723.0]
[64.0, 16.0, 922.0, 660.0]
[160.0, 32.0, 1019.0, 676.0]
[32.0, 80.0, 892.0, 725.0]
[48.0, 16.0, 909.0, 662.0]
[32.0, 16.0, 894.0, 662.0]
[32.0, 64.0, 895.0, 711.0]
[80.0, 64.0, 944.0, 712.0]
[112.0, 64.0, 977.0, 713.0]
[48.0, 96.0, 914.0, 746.0]
[16.0, 16.0, 883.0, 666.0]
[144.0, 0.0, 1012.0, 651.0]
[128.0, 16.0, 997.0, 668.0]
[80.0, 80.0, 950.0, 732.0]
[32.0, 16.0, 903.0, 669.0]
[144.0, 64.0, 1016.0, 718.0]
[48.0, 0.0, 921.0, 655.0]
[96.0, 80.0, 970.0, 736.0]
[112.0, 32.0, 987.0, 688.0]
[128.0, 16.0, 1004.0, 673.0]
[0.0, 64.0, 877.0, 722.0]
[112.0, 32.0, 990.0, 690.0]
[0.0, 32.0, 879.0, 691.0]
[32.0, 64.0, 912.0, 724.0]
[112.0, 96.0, 993.0, 757.0]
[48.0, 64.0, 930.0, 726.0]
[80.0, 32.0, 963.0, 694.0]
[16.0, 16.0, 900.0, 679.0]
[48.0, 64.0, 933.0, 728.0]
[80.0, 48.0, 966.0, 712.0]
[48.0, 80.0, 935.0, 745.0]
[96.0, 48.0, 984.0, 714.0]
[0.0, 32.0, 889.0, 699.0]
[32.0, 32.0, 922.0, 700.0]
[0.0, 16.0, 891.0, 684.0]
[96.0, 64.0, 988.0, 733.0]
[96.0, 16.0, 989.0, 686.0]
[128.0, 48.0, 1022.0, 718.0]
[48.0, 16.0, 943.0, 687.0]
[112.0, 80.0, 1008.0, 752.0]
[0.0, 64.0, 897.0, 737.0]
[80.0, 96.0, 978.0, 770.0]
[64.0, 0.0, 963.0, 674.0]
[80.0, 16.0, 980.0, 691.0]
[96.0, 0.0, 997.0, 676.0]
[96.0, 32.0, 998.0, 708.0]
[16.0, 16.0, 919.0, 693.0]
[48.0, 48.0, 952.0, 726.0]
[0.0, 32.0, 905.0, 711.0]
[16.0, 64.0, 922.0, 744.0]
[32.0, 80.0, 939.0, 760.0]
[112.0, 64.0, 1020.0, 745.0]
[96.0, 48.0, 1005.0, 730.0]
[32.0, 80.0, 942.0, 762.0]
[64.0, 64.0, 975.0, 747.0]
[80.0, 80.0, 992.0, 764.0]
[48.0, 96.0, 961.0, 781.0]
[64.0, 48.0, 978.0, 734.0]
[0.0, 0.0, 915.0, 686.0]
[32.0, 0.0, 948.0, 687.0]
[64.0, 0.0, 981.0, 688.0]
[32.0, 96.0, 950.0, 784.0]
[16.0, 0.0, 935.0, 689.0]
[64.0, 0.0, 984.0, 690.0]
[64.0, 48.0, 985.0, 739.0]
[96.0, 32.0, 1018.0, 724.0]
[96.0, 80.0, 1019.0, 772.0]
[0.0, 32.0, 924.0, 725.0]
[80.0, 64.0, 1005.0, 758.0]
[48.0, 80.0, 974.0, 774.0]
[16.0, 32.0, 943.0, 727.0]
[16.0, 0.0, 944.0, 696.0]
[64.0, 64.0, 993.0, 761.0]
[0.0, 16.0, 930.0, 714.0]
[64.0, 96.0, 995.0, 794.0]
[0.0, 80.0, 932.0, 779.0]
[64.0, 64.0, 997.0, 764.0]
[0.0, 16.0, 934.0, 716.0]
[32.0, 64.0, 967.0, 765.0]
[32.0, 16.0, 968.0, 718.0]
[80.0, 16.0, 1017.0, 719.0]
[0.0, 64.0, 938.0, 768.0]
[80.0, 16.0, 1019.0, 720.0]
[80.0, 0.0, 1020.0, 705.0]
[80.0, 80.0, 1021.0, 786.0]
[32.0, 16.0, 974.0, 722.0]
[16.0, 80.0, 959.0, 787.0]
[0.0, 32.0, 944.0, 740.0]
[48.0, 80.0, 993.0, 789.0]
[64.0, 32.0, 1010.0, 742.0]
[48.0, 32.0, 995.0, 742.0]
[32.0, 32.0, 980.0, 743.0]
[0.0, 0.0, 949.0, 712.0]
[48.0, 32.0, 998.0, 744.0]
[0.0, 48.0, 951.0, 761.0]
[32.0, 64.0, 984.0, 778.0]
[32.0, 96.0, 985.0, 811.0]
[0.0, 48.0, 954.0, 764.0]
[16.0, 80.0, 971.0, 796.0]
[0.0, 16.0, 956.0, 733.0]
[32.0, 16.0, 989.0, 734.0]
[16.0, 0.0, 974.0, 718.0]
[32.0, 0.0, 991.0, 719.0]
[48.0, 48.0, 1008.0, 768.0]
[16.0, 32.0, 977.0, 753.0]
[0.0, 0.0, 962.0, 722.0]
[32.0, 32.0, 995.0, 754.0]
[48.0, 0.0, 1012.0, 723.0]
[16.0, 0.0, 981.0, 724.0]
[0.0, 16.0, 966.0, 740.0]
[32.0, 32.0, 999.0, 757.0]
[0.0, 48.0, 968.0, 774.0]
[0.0, 0.0, 969.0, 727.0]
[48.0, 48.0, 1018.0, 776.0]
[48.0, 16.0, 1019.0, 744.0]
[16.0, 32.0, 988.0, 761.0]
[32.0, 32.0, 1005.0, 762.0]
[32.0, 80.0, 1006.0, 810.0]
[16.0, 16.0, 991.0, 747.0]
[48.0, 0.0, 1024.0, 732.0]
[32.0, 16.0, 1009.0, 749.0]
[0.0, 32.0, 978.0, 766.0]
[16.0, 32.0, 995.0, 766.0]
[16.0, 16.0, 996.0, 751.0]
[32.0, 48.0, 1013.0, 784.0]
[0.0, 0.0, 982.0, 736.0]
[16.0, 32.0, 999.0, 769.0]
[32.0, 48.0, 1016.0, 786.0]
[0.0, 0.0, 985.0, 739.0]
[0.0, 48.0, 986.0, 788.0]
[16.0, 32.0, 1003.0, 772.0]
[16.0, 32.0, 1004.0, 773.0]
[16.0, 64.0, 1005.0, 806.0]
[32.0, 48.0, 1022.0, 790.0]
[32.0, 64.0, 1023.0, 807.0]
[16.0, 48.0, 1008.0, 792.0]
[0.0, 16.0, 993.0, 761.0]
[0.0, 16.0, 994.0, 762.0]
[16.0, 32.0, 1011.0, 778.0]
[0.0, 32.0, 996.0, 779.0]
[16.0, 48.0, 1013.0, 796.0]
[16.0, 48.0, 1014.0, 796.0]
[16.0, 0.0, 1015.0, 749.0]
[0.0, 16.0, 1000.0, 766.0]
[16.0, 32.0, 1017.0, 783.0]
[16.0, 48.0, 1018.0, 800.0]
[0.0, 32.0, 1003.0, 784.0]
[16.0, 16.0, 1020.0, 769.0]
[0.0, 48.0, 1005.0, 802.0]
[16.0, 32.0, 1022.0, 786.0]
[16.0, 16.0, 1023.0, 771.0]
[0.0, 32.0, 1008.0, 788.0]
[0.0, 32.0, 1009.0, 789.0]
[0.0, 0.0, 1010.0, 758.0]
[0.0, 48.0, 1011.0, 806.0]
[0.0, 16.0, 1012.0, 775.0]
[0.0, 48.0, 1013.0, 808.0]
[0.0, 32.0, 1014.0, 792.0]
[0.0, 16.0, 1015.0, 777.0]
[0.0, 32.0, 1016.0, 794.0]
[0.0, 0.0, 1017.0, 763.0]
[0.0, 48.0, 1018.0, 812.0]
[0.0, 0.0, 1019.0, 764.0]
[0.0, 48.0, 1020.0, 813.0]
[0.0, 16.0, 1021.0, 782.0]
[0.0, 48.0, 1022.0, 814.0]
[0.0, 0.0, 1023.0, 767.0]
[0.0, 32.0, 1024.0, 800.0]
