[128.0, 96.0, 961.0, 721.0]
[96.0, 112.0, 930.0, 738.0]
[80.0, 128.0, 915.0, 754.0]
[64.0, 144.0, 900.0, 771.0]
[144.0, 48.0, 981.0, 676.0]
[64.0, 112.0, 902.0, 740.0]
[144.0, 128.0, 983.0, 757.0]
[80.0, 112.0, 920.0, 742.0]
[128.0, 32.0, 969.0, 663.0]
[144.0, 96.0, 986.0, 728.0]
[48.0, 176.0, 891.0, 808.0]
[80.0, 176.0, 924.0, 809.0]
[128.0, 64.0, 973.0, 698.0]
[96.0, 112.0, 942.0, 746.0]
[128.0, 48.0, 975.0, 683.0]
[32.0, 32.0, 880.0, 668.0]
[48.0, 144.0, 897.0, 781.0]
[64.0, 48.0, 914.0, 686.0]
[112.0, 32.0, 963.0, 670.0]
[64.0, 176.0, 916.0, 815.0]
[32.0, 128.0, 885.0, 768.0]
[64.0, 176.0, 918.0, 816.0]
[112.0, 80.0, 967.0, 721.0]
[128.0, 48.0, 984.0, 690.0]
[64.0, 16.0, 921.0, 659.0]
[48.0, 176.0, 906.0, 820.0]
[128.0, 160.0, 987.0, 804.0]
[144.0, 144.0, 1004.0, 789.0]
[80.0, 128.0, 941.0, 774.0]
[48.0, 112.0, 910.0, 758.0]
[48.0, 144.0, 911.0, 791.0]
[32.0, 128.0, 896.0, 776.0]
[144.0, 160.0, 1009.0, 809.0]
[32.0, 48.0, 898.0, 698.0]
[64.0, 112.0, 931.0, 762.0]
[64.0, 128.0, 932.0, 779.0]
[112.0, 80.0, 981.0, 732.0]
[16.0, 144.0, 886.0, 796.0]
[96.0, 160.0, 967.0, 813.0]
[112.0, 112.0, 984.0, 766.0]
[48.0, 16.0, 921.0, 671.0]
[112.0, 64.0, 986.0, 720.0]
[32.0, 32.0, 907.0, 688.0]
[64.0, 96.0, 940.0, 753.0]
[80.0, 144.0, 957.0, 802.0]
[96.0, 144.0, 974.0, 802.0]
[96.0, 64.0, 975.0, 723.0]
[144.0, 112.0, 1024.0, 772.0]
[112.0, 128.0, 993.0, 789.0]
[80.0, 96.0, 962.0, 758.0]
[48.0, 80.0, 931.0, 742.0]
[32.0, 144.0, 916.0, 807.0]
[48.0, 144.0, 933.0, 808.0]
[64.0, 0.0, 950.0, 664.0]
[128.0, 176.0, 1015.0, 841.0]
[64.0, 80.0, 952.0, 746.0]
[64.0, 0.0, 953.0, 667.0]
[96.0, 176.0, 986.0, 844.0]
[32.0, 192.0, 923.0, 860.0]
[80.0, 16.0, 972.0, 685.0]
[96.0, 176.0, 989.0, 846.0]
[32.0, 176.0, 926.0, 846.0]
[80.0, 48.0, 975.0, 719.0]
[48.0, 80.0, 944.0, 752.0]
[32.0, 80.0, 929.0, 753.0]
[112.0, 32.0, 1010.0, 706.0]
[16.0, 176.0, 915.0, 850.0]
[96.0, 176.0, 996.0, 851.0]
[96.0, 64.0, 997.0, 740.0]
[48.0, 160.0, 950.0, 836.0]
[48.0, 80.0, 951.0, 757.0]
[96.0, 144.0, 1000.0, 822.0]
[32.0, 48.0, 937.0, 727.0]
[48.0, 144.0, 954.0, 824.0]
[112.0, 96.0, 1019.0, 776.0]
[32.0, 32.0, 940.0, 713.0]
[80.0, 176.0, 989.0, 858.0]
[16.0, 32.0, 926.0, 714.0]
[96.0, 0.0, 1007.0, 683.0]
[32.0, 48.0, 944.0, 732.0]
[80.0, 16.0, 993.0, 701.0]
[32.0, 128.0, 946.0, 814.0]
[96.0, 64.0, 1011.0, 750.0]
[16.0, 0.0, 932.0, 687.0]
[0.0, 160.0, 917.0, 848.0]
[96.0, 176.0, 1014.0, 864.0]
[0.0, 16.0, 919.0, 705.0]
[32.0, 64.0, 952.0, 754.0]
[80.0, 160.0, 1001.0, 851.0]
[32.0, 144.0, 954.0, 836.0]
[48.0, 80.0, 971.0, 772.0]
[80.0, 48.0, 1004.0, 741.0]
[48.0, 160.0, 973.0, 854.0]
[32.0, 160.0, 958.0, 854.0]
[64.0, 80.0, 991.0, 775.0]
[32.0, 16.0, 960.0, 712.0]
[16.0, 64.0, 945.0, 761.0]
[64.0, 64.0, 994.0, 762.0]
[0.0, 48.0, 931.0, 746.0]
[32.0, 48.0, 964.0, 747.0]
[48.0, 128.0, 981.0, 828.0]
[80.0, 160.0, 1014.0, 860.0]
[16.0, 0.0, 951.0, 701.0]
[32.0, 16.0, 968.0, 718.0]
[80.0, 64.0, 1017.0, 767.0]
[64.0, 112.0, 1002.0, 816.0]
[64.0, 96.0, 1003.0, 800.0]
[48.0, 32.0, 988.0, 737.0]
[64.0, 48.0, 1005.0, 754.0]
[48.0, 80.0, 990.0, 786.0]
[32.0, 32.0, 975.0, 739.0]
[16.0, 80.0, 960.0, 788.0]
[32.0, 0.0, 977.0, 709.0]
[48.0, 64.0, 994.0, 774.0]
[64.0, 96.0, 1011.0, 806.0]
[64.0, 16.0, 1012.0, 727.0]
[64.0, 0.0, 1013.0, 712.0]
[64.0, 48.0, 1014.0, 760.0]
[16.0, 96.0, 967.0, 809.0]
[64.0, 96.0, 1016.0, 810.0]
[0.0, 0.0, 953.0, 715.0]
[32.0, 16.0, 986.0, 732.0]
[48.0, 144.0, 1003.0, 860.0]
[64.0, 32.0, 1020.0, 749.0]
[48.0, 0.0, 1005.0, 718.0]
[0.0, 128.0, 958.0, 846.0]
[64.0, 16.0, 1023.0, 735.0]
[32.0, 96.0, 992.0, 816.0]
[48.0, 32.0, 1009.0, 753.0]
[48.0, 16.0, 1010.0, 738.0]
[0.0, 32.0, 963.0, 754.0]
[32.0, 64.0, 996.0, 787.0]
[32.0, 64.0, 997.0, 788.0]
[32.0, 128.0, 998.0, 852.0]
[16.0, 80.0, 983.0, 805.0]
[0.0, 112.0, 968.0, 838.0]
[32.0, 16.0, 1001.0, 743.0]
[32.0, 112.0, 1002.0, 840.0]
[32.0, 128.0, 1003.0, 856.0]
[16.0, 32.0, 988.0, 761.0]
[0.0, 64.0, 973.0, 794.0]
[48.0, 112.0, 1022.0, 842.0]
[16.0, 48.0, 991.0, 779.0]
[48.0, 16.0, 1024.0, 748.0]
[16.0, 128.0, 993.0, 861.0]
[32.0, 48.0, 1010.0, 782.0]
[16.0, 0.0, 995.0, 734.0]
[32.0, 64.0, 1012.0, 799.0]
[16.0, 80.0, 997.0, 816.0]
[32.0, 16.0, 1014.0, 752.0]
[32.0, 96.0, 1015.0, 833.0]
[32.0, 0.0, 1016.0, 738.0]
[0.0, 112.0, 985.0, 851.0]
[0.0, 48.0, 986.0, 788.0]
[32.0, 112.0, 1019.0, 852.0]
[16.0, 16.0, 1004.0, 757.0]
[0.0, 96.0, 989.0, 838.0]
[32.0, 32.0, 1022.0, 774.0]
[0.0, 80.0, 991.0, 823.0]
[32.0, 80.0, 1024.0, 824.0]
[16.0, 0.0, 1009.0, 745.0]
[0.0, 64.0, 994.0, 810.0]
[0.0, 16.0, 995.0, 762.0]
[16.0, 16.0, 1012.0, 763.0]
[16.0, 80.0, 1013.0, 828.0]
[0.0, 0.0, 998.0, 748.0]
[0.0, 64.0, 999.0, 813.0]
[16.0, 112.0, 1016.0, 862.0]
[16.0, 64.0, 1017.0, 815.0]
[16.0, 112.0, 1018.0, 864.0]
[16.0, 16.0, 1019.0, 768.0]
[16.0, 96.0, 1020.0, 849.0]
[16.0, 80.0, 1021.0, 834.0]
[16.0, 0.0, 1022.0, 754.0]
[16.0, 80.0, 1023.0, 835.0]
[0.0, 32.0, 1008.0, 788.0]
[0.0, 16.0, 1009.0, 773.0]
[0.0, 80.0, 1010.0, 838.0]
[0.0, 96.0, 1011.0, 854.0]
[0.0, 48.0, 1012.0, 807.0]
[0.0, 0.0, 1013.0, 760.0]
[0.0, 0.0, 1014.0, 760.0]
[0.0, 16.0, 1015.0, 777.0]
[0.0, 0.0, 1016.0, 762.0]
[0.0, 0.0, 1017.0, 763.0]
[0.0, 0.0, 1018.0, 764.0]
[0.0, 0.0, 1019.0, 764.0]
[0.0, 80.0, 1020.0, 845.0]
[0.0, 64.0, 1021.0, 830.0]
[0.0, 64.0, 1022.0, 830.0]
[0.0, 96.0, 1023.0, 863.0]
[0.0, 48.0, 1024.0, 816.0]
