[272.0, 16.0, 989.0, 554.0]
[272.0, 0.0, 990.0, 538.0]
[288.0, 80.0, 1007.0, 619.0]
[192.0, 32.0, 912.0, 572.0]
[224.0, 64.0, 945.0, 605.0]
[240.0, 0.0, 962.0, 542.0]
[240.0, 0.0, 963.0, 542.0]
[240.0, 80.0, 964.0, 623.0]
[256.0, 80.0, 981.0, 624.0]
[192.0, 16.0, 918.0, 560.0]
[240.0, 16.0, 967.0, 561.0]
[208.0, 96.0, 936.0, 642.0]
[288.0, 32.0, 1017.0, 579.0]
[240.0, 80.0, 970.0, 628.0]
[192.0, 16.0, 923.0, 564.0]
[208.0, 64.0, 940.0, 613.0]
[192.0, 16.0, 925.0, 566.0]
[288.0, 96.0, 1022.0, 646.0]
[240.0, 64.0, 975.0, 615.0]
[288.0, 0.0, 1024.0, 552.0]
[208.0, 80.0, 945.0, 633.0]
[240.0, 80.0, 978.0, 634.0]
[208.0, 80.0, 947.0, 634.0]
[240.0, 0.0, 980.0, 555.0]
[256.0, 16.0, 997.0, 572.0]
[224.0, 80.0, 966.0, 636.0]
[256.0, 48.0, 999.0, 605.0]
[272.0, 48.0, 1016.0, 606.0]
[192.0, 48.0, 937.0, 607.0]
[240.0, 0.0, 986.0, 560.0]
[272.0, 64.0, 1019.0, 624.0]
[224.0, 64.0, 972.0, 625.0]
[176.0, 16.0, 925.0, 578.0]
[256.0, 48.0, 1006.0, 610.0]
[240.0, 48.0, 991.0, 611.0]
[240.0, 32.0, 992.0, 596.0]
[240.0, 64.0, 993.0, 629.0]
[208.0, 0.0, 962.0, 566.0]
[192.0, 80.0, 947.0, 646.0]
[240.0, 64.0, 996.0, 631.0]
[256.0, 32.0, 1013.0, 600.0]
[240.0, 0.0, 998.0, 568.0]
[176.0, 48.0, 935.0, 617.0]
[192.0, 32.0, 952.0, 602.0]
[192.0, 0.0, 953.0, 571.0]
[256.0, 0.0, 1018.0, 572.0]
[176.0, 48.0, 939.0, 620.0]
[176.0, 64.0, 940.0, 637.0]
[240.0, 48.0, 1005.0, 622.0]
[208.0, 64.0, 974.0, 638.0]
[176.0, 16.0, 943.0, 591.0]
[208.0, 48.0, 976.0, 624.0]
[176.0, 32.0, 945.0, 609.0]
[192.0, 48.0, 962.0, 626.0]
[240.0, 0.0, 1011.0, 578.0]
[240.0, 16.0, 1012.0, 595.0]
[160.0, 48.0, 933.0, 628.0]
[160.0, 32.0, 934.0, 612.0]
[144.0, 16.0, 919.0, 597.0]
[240.0, 64.0, 1016.0, 646.0]
[160.0, 0.0, 937.0, 583.0]
[208.0, 0.0, 986.0, 584.0]
[144.0, 48.0, 923.0, 632.0]
[160.0, 0.0, 940.0, 585.0]
[144.0, 16.0, 925.0, 602.0]
[176.0, 16.0, 958.0, 602.0]
[176.0, 48.0, 959.0, 635.0]
[240.0, 48.0, 1024.0, 636.0]
[176.0, 48.0, 961.0, 637.0]
[192.0, 0.0, 978.0, 590.0]
[224.0, 0.0, 1011.0, 590.0]
[224.0, 0.0, 1012.0, 591.0]
[208.0, 48.0, 997.0, 640.0]
[160.0, 32.0, 950.0, 624.0]
[224.0, 0.0, 1015.0, 593.0]
[208.0, 48.0, 1000.0, 642.0]
[176.0, 32.0, 969.0, 627.0]
[208.0, 16.0, 1002.0, 612.0]
[176.0, 16.0, 971.0, 612.0]
[192.0, 32.0, 988.0, 629.0]
[208.0, 0.0, 1005.0, 598.0]
[192.0, 48.0, 990.0, 646.0]
[160.0, 16.0, 959.0, 615.0]
[208.0, 32.0, 1008.0, 632.0]
[160.0, 16.0, 961.0, 617.0]
[176.0, 16.0, 978.0, 618.0]
[128.0, 32.0, 931.0, 634.0]
[128.0, 16.0, 932.0, 619.0]
[176.0, 0.0, 981.0, 604.0]
[176.0, 32.0, 982.0, 636.0]
[176.0, 16.0, 983.0, 621.0]
[128.0, 0.0, 936.0, 606.0]
[208.0, 16.0, 1017.0, 623.0]
[208.0, 16.0, 1018.0, 624.0]
[176.0, 32.0, 987.0, 640.0]
[208.0, 16.0, 1020.0, 625.0]
[160.0, 32.0, 973.0, 642.0]
[176.0, 16.0, 990.0, 626.0]
[112.0, 16.0, 927.0, 627.0]
[208.0, 32.0, 1024.0, 644.0]
[144.0, 16.0, 961.0, 629.0]
[160.0, 0.0, 978.0, 614.0]
[144.0, 0.0, 963.0, 614.0]
[144.0, 0.0, 964.0, 615.0]
[144.0, 16.0, 965.0, 632.0]
[144.0, 16.0, 966.0, 632.0]
[192.0, 16.0, 1015.0, 633.0]
[128.0, 0.0, 952.0, 618.0]
[160.0, 0.0, 985.0, 619.0]
[176.0, 0.0, 1002.0, 620.0]
[144.0, 16.0, 971.0, 636.0]
[192.0, 16.0, 1020.0, 637.0]
[112.0, 16.0, 941.0, 638.0]
[176.0, 16.0, 1006.0, 638.0]
[176.0, 16.0, 1007.0, 639.0]
[160.0, 0.0, 992.0, 624.0]
[112.0, 0.0, 945.0, 625.0]
[144.0, 16.0, 978.0, 642.0]
[176.0, 0.0, 1011.0, 626.0]
[144.0, 16.0, 980.0, 643.0]
[112.0, 0.0, 949.0, 628.0]
[144.0, 0.0, 982.0, 628.0]
[160.0, 0.0, 999.0, 629.0]
[128.0, 0.0, 968.0, 630.0]
[176.0, 0.0, 1017.0, 631.0]
[112.0, 0.0, 954.0, 632.0]
[112.0, 0.0, 955.0, 632.0]
[176.0, 0.0, 1020.0, 633.0]
[176.0, 0.0, 1021.0, 634.0]
[176.0, 0.0, 1022.0, 634.0]
[128.0, 0.0, 975.0, 635.0]
[112.0, 0.0, 960.0, 636.0]
[144.0, 0.0, 993.0, 637.0]
[160.0, 0.0, 1010.0, 638.0]
[160.0, 0.0, 1011.0, 638.0]
[112.0, 0.0, 964.0, 639.0]
[144.0, 0.0, 997.0, 640.0]
[144.0, 0.0, 998.0, 640.0]
[128.0, 0.0, 983.0, 641.0]
[128.0, 0.0, 984.0, 642.0]
[128.0, 0.0, 985.0, 643.0]
[112.0, 0.0, 970.0, 644.0]
[112.0, 0.0, 971.0, 644.0]
[128.0, 0.0, 988.0, 645.0]
[112.0, 0.0, 973.0, 646.0]
[128.0, 0.0, 990.0, 646.0]
