[80.0, 64.0, 797.0, 602.0]
[112.0, 112.0, 830.0, 650.0]
[112.0, 112.0, 831.0, 651.0]
[208.0, 80.0, 928.0, 620.0]
[80.0, 48.0, 801.0, 589.0]
[80.0, 96.0, 802.0, 638.0]
[32.0, 80.0, 755.0, 622.0]
[160.0, 80.0, 884.0, 623.0]
[112.0, 64.0, 837.0, 608.0]
[112.0, 48.0, 838.0, 592.0]
[224.0, 112.0, 951.0, 657.0]
[112.0, 80.0, 840.0, 626.0]
[32.0, 80.0, 761.0, 627.0]
[32.0, 128.0, 762.0, 676.0]
[64.0, 48.0, 795.0, 596.0]
[64.0, 96.0, 796.0, 645.0]
[64.0, 96.0, 797.0, 646.0]
[176.0, 128.0, 910.0, 678.0]
[112.0, 96.0, 847.0, 647.0]
[96.0, 80.0, 832.0, 632.0]
[224.0, 80.0, 961.0, 633.0]
[80.0, 96.0, 818.0, 650.0]
[0.0, 64.0, 739.0, 618.0]
[96.0, 80.0, 836.0, 635.0]
[128.0, 112.0, 869.0, 668.0]
[64.0, 48.0, 806.0, 604.0]
[48.0, 96.0, 791.0, 653.0]
[32.0, 80.0, 776.0, 638.0]
[0.0, 64.0, 745.0, 623.0]
[112.0, 48.0, 858.0, 608.0]
[112.0, 64.0, 859.0, 624.0]
[160.0, 48.0, 908.0, 609.0]
[160.0, 48.0, 909.0, 610.0]
[0.0, 112.0, 750.0, 674.0]
[192.0, 112.0, 943.0, 675.0]
[80.0, 112.0, 832.0, 676.0]
[96.0, 64.0, 849.0, 629.0]
[128.0, 112.0, 882.0, 678.0]
[192.0, 80.0, 947.0, 646.0]
[16.0, 112.0, 772.0, 679.0]
[192.0, 112.0, 949.0, 680.0]
[144.0, 48.0, 902.0, 616.0]
[64.0, 32.0, 823.0, 601.0]
[16.0, 96.0, 776.0, 666.0]
[32.0, 96.0, 793.0, 667.0]
[64.0, 96.0, 826.0, 668.0]
[80.0, 32.0, 843.0, 604.0]
[32.0, 32.0, 796.0, 605.0]
[144.0, 64.0, 909.0, 638.0]
[160.0, 32.0, 926.0, 606.0]
[144.0, 48.0, 911.0, 623.0]
[32.0, 48.0, 800.0, 624.0]
[224.0, 80.0, 993.0, 657.0]
[96.0, 96.0, 866.0, 674.0]
[64.0, 64.0, 835.0, 642.0]
[32.0, 32.0, 804.0, 611.0]
[64.0, 96.0, 837.0, 676.0]
[16.0, 64.0, 790.0, 644.0]
[32.0, 80.0, 807.0, 661.0]
[32.0, 32.0, 808.0, 614.0]
[144.0, 96.0, 921.0, 679.0]
[80.0, 32.0, 858.0, 616.0]
[112.0, 0.0, 891.0, 584.0]
[128.0, 32.0, 908.0, 617.0]
[144.0, 64.0, 925.0, 650.0]
[112.0, 64.0, 894.0, 650.0]
[48.0, 96.0, 831.0, 683.0]
[112.0, 64.0, 896.0, 652.0]
[16.0, 48.0, 801.0, 637.0]
[48.0, 0.0, 834.0, 590.0]
[32.0, 80.0, 819.0, 670.0]
[48.0, 32.0, 836.0, 623.0]
[96.0, 80.0, 885.0, 672.0]
[160.0, 32.0, 950.0, 624.0]
[64.0, 16.0, 855.0, 609.0]
[176.0, 80.0, 968.0, 674.0]
[48.0, 48.0, 841.0, 643.0]
[160.0, 64.0, 954.0, 660.0]
[80.0, 0.0, 875.0, 596.0]
[128.0, 48.0, 924.0, 645.0]
[32.0, 64.0, 829.0, 662.0]
[0.0, 32.0, 798.0, 630.0]
[32.0, 16.0, 831.0, 615.0]
[128.0, 80.0, 928.0, 680.0]
[32.0, 48.0, 833.0, 649.0]
[176.0, 48.0, 978.0, 650.0]
[80.0, 32.0, 883.0, 634.0]
[64.0, 0.0, 868.0, 603.0]
[0.0, 64.0, 805.0, 668.0]
[16.0, 32.0, 822.0, 636.0]
[16.0, 16.0, 823.0, 621.0]
[128.0, 32.0, 936.0, 638.0]
[96.0, 48.0, 905.0, 655.0]
[80.0, 64.0, 890.0, 672.0]
[32.0, 0.0, 843.0, 608.0]
[0.0, 32.0, 812.0, 641.0]
[16.0, 0.0, 829.0, 610.0]
[128.0, 32.0, 942.0, 642.0]
[96.0, 32.0, 911.0, 643.0]
[80.0, 0.0, 896.0, 612.0]
[32.0, 48.0, 849.0, 661.0]
[96.0, 64.0, 914.0, 678.0]
[64.0, 0.0, 883.0, 614.0]
[80.0, 64.0, 900.0, 679.0]
[96.0, 0.0, 917.0, 616.0]
[144.0, 64.0, 966.0, 680.0]
[48.0, 48.0, 871.0, 665.0]
[64.0, 0.0, 888.0, 618.0]
[64.0, 0.0, 889.0, 619.0]
[64.0, 32.0, 890.0, 652.0]
[64.0, 32.0, 891.0, 652.0]
[112.0, 48.0, 940.0, 669.0]
[96.0, 32.0, 925.0, 654.0]
[144.0, 16.0, 974.0, 638.0]
[0.0, 32.0, 831.0, 655.0]
[48.0, 48.0, 880.0, 672.0]
[80.0, 32.0, 913.0, 657.0]
[16.0, 0.0, 850.0, 626.0]
[112.0, 32.0, 947.0, 658.0]
[64.0, 16.0, 900.0, 643.0]
[112.0, 0.0, 949.0, 628.0]
[80.0, 32.0, 918.0, 660.0]
[96.0, 48.0, 935.0, 677.0]
[112.0, 16.0, 952.0, 646.0]
[144.0, 16.0, 985.0, 647.0]
[96.0, 16.0, 938.0, 648.0]
[64.0, 32.0, 907.0, 664.0]
[128.0, 32.0, 972.0, 665.0]
[64.0, 16.0, 909.0, 650.0]
[128.0, 48.0, 974.0, 682.0]
[80.0, 32.0, 927.0, 667.0]
[96.0, 32.0, 944.0, 668.0]
[48.0, 16.0, 897.0, 653.0]
[32.0, 32.0, 882.0, 670.0]
[144.0, 32.0, 995.0, 670.0]
[32.0, 0.0, 884.0, 639.0]
[64.0, 32.0, 917.0, 672.0]
[48.0, 16.0, 902.0, 656.0]
[0.0, 0.0, 855.0, 641.0]
[16.0, 16.0, 872.0, 658.0]
[144.0, 16.0, 1001.0, 659.0]
[16.0, 32.0, 874.0, 676.0]
[80.0, 0.0, 939.0, 644.0]
[144.0, 16.0, 1004.0, 661.0]
[0.0, 16.0, 861.0, 662.0]
[0.0, 32.0, 862.0, 678.0]
[80.0, 32.0, 943.0, 679.0]
[0.0, 0.0, 864.0, 648.0]
[32.0, 0.0, 897.0, 649.0]
[112.0, 16.0, 978.0, 666.0]
[64.0, 0.0, 931.0, 650.0]
[112.0, 32.0, 980.0, 683.0]
[48.0, 0.0, 917.0, 652.0]
[32.0, 16.0, 902.0, 668.0]
[112.0, 16.0, 983.0, 669.0]
[32.0, 16.0, 904.0, 670.0]
[48.0, 0.0, 921.0, 655.0]
[48.0, 16.0, 922.0, 672.0]
[16.0, 16.0, 891.0, 672.0]
[128.0, 0.0, 1004.0, 657.0]
[112.0, 16.0, 989.0, 674.0]
[48.0, 16.0, 926.0, 674.0]
[96.0, 0.0, 975.0, 659.0]
[80.0, 0.0, 960.0, 660.0]
[0.0, 16.0, 881.0, 677.0]
[80.0, 16.0, 962.0, 678.0]
[32.0, 16.0, 915.0, 678.0]
[80.0, 0.0, 964.0, 663.0]
[32.0, 0.0, 917.0, 664.0]
[64.0, 16.0, 950.0, 680.0]
[32.0, 16.0, 919.0, 681.0]
[64.0, 0.0, 952.0, 666.0]
[112.0, 0.0, 1001.0, 667.0]
[96.0, 0.0, 986.0, 668.0]
[80.0, 0.0, 971.0, 668.0]
[16.0, 0.0, 908.0, 669.0]
[0.0, 0.0, 893.0, 670.0]
[16.0, 0.0, 910.0, 670.0]
[16.0, 0.0, 911.0, 671.0]
[48.0, 0.0, 944.0, 672.0]
[64.0, 0.0, 961.0, 673.0]
[80.0, 0.0, 978.0, 674.0]
[16.0, 0.0, 915.0, 674.0]
[96.0, 0.0, 996.0, 675.0]
[80.0, 0.0, 981.0, 676.0]
[64.0, 0.0, 966.0, 676.0]
[80.0, 0.0, 983.0, 677.0]
[80.0, 0.0, 984.0, 678.0]
[48.0, 0.0, 953.0, 679.0]
[96.0, 0.0, 1002.0, 680.0]
[32.0, 0.0, 939.0, 680.0]
[16.0, 0.0, 924.0, 681.0]
[0.0, 0.0, 909.0, 682.0]
[0.0, 0.0, 910.0, 682.0]
[80.0, 0.0, 991.0, 683.0]
