[192.0, 80.0, 909.0, 618.0]
[224.0, 64.0, 942.0, 602.0]
[288.0, 112.0, 1007.0, 651.0]
[272.0, 128.0, 992.0, 668.0]
[224.0, 64.0, 945.0, 605.0]
[256.0, 80.0, 978.0, 622.0]
[192.0, 128.0, 915.0, 670.0]
[128.0, 112.0, 852.0, 655.0]
[160.0, 128.0, 885.0, 672.0]
[160.0, 80.0, 886.0, 624.0]
[288.0, 80.0, 1015.0, 625.0]
[160.0, 128.0, 888.0, 674.0]
[240.0, 112.0, 969.0, 659.0]
[128.0, 128.0, 858.0, 676.0]
[160.0, 96.0, 891.0, 644.0]
[208.0, 64.0, 940.0, 613.0]
[176.0, 96.0, 909.0, 646.0]
[208.0, 96.0, 942.0, 646.0]
[208.0, 112.0, 943.0, 663.0]
[224.0, 112.0, 960.0, 664.0]
[256.0, 80.0, 993.0, 633.0]
[192.0, 48.0, 930.0, 602.0]
[272.0, 112.0, 1011.0, 666.0]
[224.0, 80.0, 964.0, 635.0]
[256.0, 112.0, 997.0, 668.0]
[144.0, 80.0, 886.0, 636.0]
[160.0, 112.0, 903.0, 669.0]
[224.0, 112.0, 968.0, 670.0]
[192.0, 96.0, 937.0, 655.0]
[256.0, 96.0, 1002.0, 656.0]
[224.0, 48.0, 971.0, 608.0]
[208.0, 112.0, 956.0, 673.0]
[144.0, 112.0, 893.0, 674.0]
[192.0, 96.0, 942.0, 658.0]
[224.0, 96.0, 975.0, 659.0]
[240.0, 112.0, 992.0, 676.0]
[224.0, 48.0, 977.0, 613.0]
[128.0, 96.0, 882.0, 662.0]
[256.0, 48.0, 1011.0, 614.0]
[176.0, 80.0, 932.0, 647.0]
[208.0, 48.0, 965.0, 616.0]
[256.0, 80.0, 1014.0, 648.0]
[240.0, 48.0, 999.0, 617.0]
[240.0, 96.0, 1000.0, 666.0]
[192.0, 64.0, 953.0, 635.0]
[160.0, 96.0, 922.0, 668.0]
[224.0, 64.0, 987.0, 636.0]
[256.0, 64.0, 1020.0, 637.0]
[128.0, 96.0, 893.0, 670.0]
[208.0, 48.0, 974.0, 622.0]
[176.0, 80.0, 943.0, 655.0]
[192.0, 80.0, 960.0, 656.0]
[240.0, 96.0, 1009.0, 673.0]
[240.0, 64.0, 1010.0, 642.0]
[224.0, 80.0, 995.0, 658.0]
[224.0, 32.0, 996.0, 611.0]
[160.0, 96.0, 933.0, 676.0]
[144.0, 80.0, 918.0, 660.0]
[208.0, 64.0, 983.0, 645.0]
[192.0, 64.0, 968.0, 646.0]
[208.0, 32.0, 985.0, 615.0]
[176.0, 48.0, 954.0, 632.0]
[192.0, 32.0, 971.0, 616.0]
[224.0, 80.0, 1004.0, 665.0]
[144.0, 80.0, 925.0, 666.0]
[208.0, 80.0, 990.0, 666.0]
[208.0, 48.0, 991.0, 635.0]
[176.0, 48.0, 960.0, 636.0]
[176.0, 48.0, 961.0, 637.0]
[144.0, 80.0, 930.0, 670.0]
[144.0, 48.0, 931.0, 638.0]
[144.0, 48.0, 932.0, 639.0]
[208.0, 48.0, 997.0, 640.0]
[176.0, 64.0, 966.0, 656.0]
[176.0, 32.0, 967.0, 625.0]
[224.0, 32.0, 1016.0, 626.0]
[192.0, 80.0, 985.0, 675.0]
[176.0, 48.0, 970.0, 644.0]
[144.0, 48.0, 939.0, 644.0]
[224.0, 80.0, 1020.0, 677.0]
[224.0, 64.0, 1021.0, 662.0]
[192.0, 80.0, 990.0, 678.0]
[128.0, 48.0, 927.0, 647.0]
[192.0, 16.0, 992.0, 616.0]
[176.0, 16.0, 977.0, 617.0]
[176.0, 64.0, 978.0, 666.0]
[160.0, 64.0, 963.0, 666.0]
[144.0, 32.0, 948.0, 635.0]
[128.0, 64.0, 933.0, 668.0]
[160.0, 32.0, 966.0, 636.0]
[208.0, 16.0, 1015.0, 621.0]
[208.0, 16.0, 1016.0, 622.0]
[160.0, 64.0, 969.0, 671.0]
[192.0, 64.0, 1002.0, 672.0]
[144.0, 64.0, 955.0, 672.0]
[128.0, 64.0, 940.0, 673.0]
[176.0, 16.0, 989.0, 626.0]
[160.0, 16.0, 974.0, 626.0]
[144.0, 64.0, 959.0, 675.0]
[208.0, 48.0, 1024.0, 660.0]
[192.0, 64.0, 1009.0, 677.0]
[192.0, 64.0, 1010.0, 678.0]
[176.0, 64.0, 995.0, 678.0]
[192.0, 48.0, 1012.0, 663.0]
[144.0, 32.0, 965.0, 648.0]
[176.0, 16.0, 998.0, 632.0]
[176.0, 48.0, 999.0, 665.0]
[176.0, 32.0, 1000.0, 650.0]
[160.0, 32.0, 985.0, 651.0]
[176.0, 48.0, 1002.0, 668.0]
[176.0, 48.0, 1003.0, 668.0]
[160.0, 48.0, 988.0, 669.0]
[144.0, 32.0, 973.0, 654.0]
[160.0, 48.0, 990.0, 670.0]
[192.0, 48.0, 1023.0, 671.0]
[128.0, 48.0, 960.0, 672.0]
[176.0, 16.0, 1009.0, 641.0]
[176.0, 16.0, 1010.0, 642.0]
[176.0, 16.0, 1011.0, 642.0]
[176.0, 16.0, 1012.0, 643.0]
[128.0, 48.0, 965.0, 676.0]
[144.0, 16.0, 982.0, 644.0]
[176.0, 48.0, 1015.0, 677.0]
[144.0, 16.0, 984.0, 646.0]
[144.0, 32.0, 985.0, 663.0]
[128.0, 32.0, 970.0, 664.0]
[128.0, 16.0, 971.0, 648.0]
[128.0, 32.0, 972.0, 665.0]
[128.0, 16.0, 973.0, 650.0]
[128.0, 16.0, 974.0, 650.0]
[144.0, 32.0, 991.0, 667.0]
[160.0, 16.0, 1008.0, 652.0]
[128.0, 32.0, 977.0, 669.0]
[144.0, 16.0, 994.0, 654.0]
[144.0, 32.0, 995.0, 670.0]
[160.0, 16.0, 1012.0, 655.0]
[128.0, 32.0, 981.0, 672.0]
[128.0, 16.0, 982.0, 656.0]
[128.0, 32.0, 983.0, 673.0]
[128.0, 16.0, 984.0, 658.0]
[144.0, 16.0, 1001.0, 659.0]
[128.0, 32.0, 986.0, 676.0]
[144.0, 32.0, 1003.0, 676.0]
[144.0, 16.0, 1004.0, 661.0]
[128.0, 16.0, 989.0, 662.0]
[160.0, 16.0, 1022.0, 662.0]
[144.0, 16.0, 1007.0, 663.0]
