[304.0, 32.0, 1021.0, 570.0]
[272.0, 32.0, 990.0, 570.0]
[272.0, 48.0, 991.0, 587.0]
[208.0, 32.0, 928.0, 572.0]
[288.0, 16.0, 1009.0, 557.0]
[256.0, 48.0, 978.0, 590.0]
[288.0, 0.0, 1011.0, 542.0]
[256.0, 0.0, 980.0, 543.0]
[192.0, 32.0, 917.0, 576.0]
[272.0, 0.0, 998.0, 544.0]
[192.0, 0.0, 919.0, 545.0]
[192.0, 32.0, 920.0, 578.0]
[192.0, 48.0, 921.0, 595.0]
[288.0, 16.0, 1018.0, 564.0]
[272.0, 32.0, 1003.0, 580.0]
[224.0, 48.0, 956.0, 597.0]
[176.0, 32.0, 909.0, 582.0]
[224.0, 48.0, 958.0, 598.0]
[256.0, 48.0, 991.0, 599.0]
[256.0, 16.0, 992.0, 568.0]
[192.0, 48.0, 929.0, 601.0]
[224.0, 0.0, 962.0, 554.0]
[160.0, 0.0, 899.0, 554.0]
[256.0, 32.0, 996.0, 587.0]
[176.0, 0.0, 917.0, 556.0]
[192.0, 0.0, 934.0, 556.0]
[240.0, 0.0, 983.0, 557.0]
[224.0, 16.0, 968.0, 574.0]
[256.0, 0.0, 1001.0, 559.0]
[224.0, 16.0, 970.0, 576.0]
[240.0, 16.0, 987.0, 576.0]
[256.0, 32.0, 1004.0, 593.0]
[192.0, 48.0, 941.0, 610.0]
[208.0, 48.0, 958.0, 610.0]
[192.0, 0.0, 943.0, 563.0]
[208.0, 0.0, 960.0, 564.0]
[208.0, 32.0, 961.0, 597.0]
[208.0, 48.0, 962.0, 614.0]
[192.0, 16.0, 947.0, 582.0]
[224.0, 16.0, 980.0, 583.0]
[176.0, 16.0, 933.0, 584.0]
[208.0, 0.0, 966.0, 568.0]
[208.0, 32.0, 967.0, 601.0]
[240.0, 16.0, 1000.0, 586.0]
[208.0, 0.0, 969.0, 571.0]
[256.0, 32.0, 1018.0, 604.0]
[208.0, 48.0, 971.0, 620.0]
[224.0, 16.0, 988.0, 589.0]
[192.0, 16.0, 957.0, 590.0]
[208.0, 16.0, 974.0, 590.0]
[240.0, 16.0, 1007.0, 591.0]
[192.0, 32.0, 960.0, 608.0]
[224.0, 32.0, 993.0, 609.0]
[176.0, 0.0, 946.0, 578.0]
[208.0, 16.0, 979.0, 594.0]
[208.0, 0.0, 980.0, 579.0]
[240.0, 16.0, 1013.0, 596.0]
[224.0, 32.0, 998.0, 612.0]
[176.0, 32.0, 951.0, 613.0]
[208.0, 32.0, 984.0, 614.0]
[176.0, 32.0, 953.0, 615.0]
[208.0, 16.0, 986.0, 600.0]
[192.0, 32.0, 971.0, 616.0]
[208.0, 32.0, 988.0, 617.0]
[208.0, 0.0, 989.0, 586.0]
[176.0, 16.0, 958.0, 602.0]
[224.0, 0.0, 1007.0, 587.0]
[240.0, 0.0, 1024.0, 588.0]
[208.0, 48.0, 993.0, 637.0]
[176.0, 16.0, 962.0, 606.0]
[224.0, 32.0, 1011.0, 622.0]
[208.0, 16.0, 996.0, 607.0]
[176.0, 0.0, 965.0, 592.0]
[192.0, 16.0, 982.0, 608.0]
[208.0, 32.0, 999.0, 625.0]
[192.0, 0.0, 984.0, 594.0]
[176.0, 32.0, 969.0, 627.0]
[208.0, 0.0, 1002.0, 596.0]
[224.0, 32.0, 1019.0, 628.0]
[176.0, 16.0, 972.0, 613.0]
[208.0, 0.0, 1005.0, 598.0]
[176.0, 0.0, 974.0, 598.0]
[208.0, 32.0, 1007.0, 631.0]
[208.0, 16.0, 1008.0, 616.0]
[176.0, 32.0, 977.0, 633.0]
[192.0, 16.0, 994.0, 618.0]
[192.0, 32.0, 995.0, 634.0]
[176.0, 0.0, 980.0, 603.0]
[192.0, 0.0, 997.0, 604.0]
[208.0, 16.0, 1014.0, 620.0]
[192.0, 16.0, 999.0, 621.0]
[192.0, 32.0, 1000.0, 638.0]
[192.0, 0.0, 1001.0, 607.0]
[192.0, 16.0, 1002.0, 624.0]
[192.0, 0.0, 1003.0, 608.0]
[176.0, 32.0, 988.0, 641.0]
[208.0, 16.0, 1021.0, 626.0]
[208.0, 0.0, 1022.0, 610.0]
[192.0, 16.0, 1007.0, 627.0]
[208.0, 16.0, 1024.0, 628.0]
