[144.0, 96.0, 911.0, 671.0]
[208.0, 112.0, 976.0, 688.0]
[128.0, 112.0, 897.0, 689.0]
[208.0, 112.0, 978.0, 690.0]
[96.0, 96.0, 867.0, 674.0]
[128.0, 80.0, 900.0, 659.0]
[208.0, 96.0, 981.0, 676.0]
[112.0, 96.0, 886.0, 676.0]
[128.0, 48.0, 903.0, 629.0]
[80.0, 112.0, 856.0, 694.0]
[160.0, 48.0, 937.0, 631.0]
[144.0, 128.0, 922.0, 712.0]
[160.0, 48.0, 939.0, 632.0]
[32.0, 80.0, 812.0, 665.0]
[160.0, 80.0, 941.0, 666.0]
[160.0, 96.0, 942.0, 682.0]
[112.0, 32.0, 895.0, 619.0]
[176.0, 96.0, 960.0, 684.0]
[160.0, 48.0, 945.0, 637.0]
[128.0, 64.0, 914.0, 654.0]
[192.0, 128.0, 979.0, 718.0]
[80.0, 80.0, 868.0, 671.0]
[32.0, 32.0, 821.0, 624.0]
[128.0, 32.0, 918.0, 624.0]
[144.0, 48.0, 935.0, 641.0]
[32.0, 112.0, 824.0, 706.0]
[96.0, 80.0, 889.0, 675.0]
[64.0, 96.0, 858.0, 692.0]
[192.0, 48.0, 987.0, 644.0]
[160.0, 16.0, 956.0, 613.0]
[80.0, 64.0, 877.0, 662.0]
[80.0, 80.0, 878.0, 678.0]
[64.0, 48.0, 863.0, 647.0]
[32.0, 32.0, 832.0, 632.0]
[48.0, 64.0, 849.0, 665.0]
[192.0, 64.0, 994.0, 666.0]
[144.0, 96.0, 947.0, 698.0]
[0.0, 64.0, 804.0, 667.0]
[160.0, 80.0, 965.0, 684.0]
[128.0, 128.0, 934.0, 732.0]
[144.0, 64.0, 951.0, 669.0]
[48.0, 48.0, 856.0, 654.0]
[208.0, 48.0, 1017.0, 655.0]
[80.0, 16.0, 890.0, 624.0]
[112.0, 16.0, 923.0, 624.0]
[16.0, 32.0, 828.0, 641.0]
[64.0, 80.0, 877.0, 690.0]
[160.0, 16.0, 974.0, 626.0]
[112.0, 80.0, 927.0, 691.0]
[192.0, 32.0, 1008.0, 644.0]
[16.0, 64.0, 833.0, 677.0]
[80.0, 32.0, 898.0, 646.0]
[112.0, 0.0, 931.0, 614.0]
[80.0, 0.0, 900.0, 615.0]
[128.0, 32.0, 949.0, 648.0]
[80.0, 48.0, 902.0, 664.0]
[96.0, 48.0, 919.0, 665.0]
[96.0, 64.0, 920.0, 682.0]
[32.0, 0.0, 857.0, 619.0]
[128.0, 64.0, 954.0, 684.0]
[64.0, 112.0, 891.0, 732.0]
[144.0, 0.0, 972.0, 621.0]
[80.0, 64.0, 909.0, 686.0]
[48.0, 80.0, 878.0, 702.0]
[128.0, 16.0, 959.0, 639.0]
[64.0, 0.0, 896.0, 624.0]
[144.0, 80.0, 977.0, 705.0]
[32.0, 80.0, 866.0, 706.0]
[176.0, 0.0, 1011.0, 626.0]
[96.0, 16.0, 932.0, 643.0]
[96.0, 16.0, 933.0, 644.0]
[0.0, 16.0, 838.0, 644.0]
[112.0, 0.0, 951.0, 629.0]
[0.0, 16.0, 840.0, 646.0]
[16.0, 48.0, 857.0, 679.0]
[32.0, 32.0, 874.0, 664.0]
[80.0, 64.0, 923.0, 696.0]
[160.0, 16.0, 1004.0, 649.0]
[32.0, 0.0, 877.0, 634.0]
[176.0, 80.0, 1022.0, 714.0]
[64.0, 96.0, 911.0, 731.0]
[0.0, 80.0, 848.0, 716.0]
[160.0, 16.0, 1009.0, 653.0]
[0.0, 80.0, 850.0, 718.0]
[112.0, 32.0, 963.0, 670.0]
[128.0, 16.0, 980.0, 655.0]
[144.0, 0.0, 997.0, 640.0]
[96.0, 32.0, 950.0, 672.0]
[48.0, 64.0, 903.0, 705.0]
[0.0, 48.0, 856.0, 690.0]
[48.0, 32.0, 905.0, 675.0]
[128.0, 48.0, 986.0, 692.0]
[96.0, 80.0, 955.0, 724.0]
[160.0, 32.0, 1020.0, 677.0]
[160.0, 64.0, 1021.0, 710.0]
[144.0, 32.0, 1006.0, 678.0]
[64.0, 32.0, 927.0, 679.0]
[48.0, 80.0, 912.0, 728.0]
[112.0, 0.0, 977.0, 649.0]
[144.0, 32.0, 1010.0, 682.0]
[144.0, 32.0, 1011.0, 682.0]
[80.0, 80.0, 948.0, 731.0]
[48.0, 16.0, 917.0, 668.0]
[32.0, 0.0, 902.0, 652.0]
[16.0, 16.0, 887.0, 669.0]
[112.0, 0.0, 984.0, 654.0]
[16.0, 32.0, 889.0, 687.0]
[16.0, 32.0, 890.0, 688.0]
[112.0, 16.0, 987.0, 672.0]
[0.0, 16.0, 876.0, 673.0]
[0.0, 64.0, 877.0, 722.0]
[128.0, 16.0, 1006.0, 674.0]
[128.0, 0.0, 1007.0, 659.0]
[144.0, 48.0, 1024.0, 708.0]
[96.0, 16.0, 977.0, 677.0]
[16.0, 16.0, 898.0, 678.0]
[48.0, 0.0, 931.0, 662.0]
[0.0, 0.0, 884.0, 663.0]
[32.0, 48.0, 917.0, 712.0]
[128.0, 32.0, 1014.0, 696.0]
[0.0, 48.0, 887.0, 713.0]
[32.0, 32.0, 920.0, 698.0]
[80.0, 0.0, 969.0, 667.0]
[128.0, 64.0, 1018.0, 732.0]
[0.0, 64.0, 891.0, 732.0]
[96.0, 16.0, 988.0, 685.0]
[16.0, 48.0, 909.0, 718.0]
[0.0, 32.0, 894.0, 702.0]
[64.0, 0.0, 959.0, 671.0]
[16.0, 16.0, 912.0, 688.0]
[96.0, 16.0, 993.0, 689.0]
[96.0, 48.0, 994.0, 722.0]
[48.0, 48.0, 947.0, 722.0]
[64.0, 0.0, 964.0, 675.0]
[32.0, 0.0, 933.0, 676.0]
[32.0, 0.0, 934.0, 676.0]
[112.0, 48.0, 1015.0, 725.0]
[96.0, 48.0, 1000.0, 726.0]
[112.0, 32.0, 1017.0, 711.0]
[0.0, 48.0, 906.0, 728.0]
[16.0, 48.0, 923.0, 728.0]
[48.0, 0.0, 956.0, 681.0]
[80.0, 16.0, 989.0, 698.0]
[80.0, 48.0, 990.0, 730.0]
[64.0, 32.0, 975.0, 715.0]
[80.0, 48.0, 992.0, 732.0]
[16.0, 32.0, 929.0, 717.0]
[32.0, 0.0, 946.0, 686.0]
[80.0, 0.0, 995.0, 686.0]
[48.0, 16.0, 964.0, 703.0]
[96.0, 16.0, 1013.0, 704.0]
[64.0, 32.0, 982.0, 720.0]
[64.0, 0.0, 983.0, 689.0]
[16.0, 0.0, 936.0, 690.0]
[64.0, 32.0, 985.0, 723.0]
[96.0, 0.0, 1018.0, 692.0]
[80.0, 32.0, 1003.0, 724.0]
[48.0, 16.0, 972.0, 709.0]
[96.0, 0.0, 1021.0, 694.0]
[16.0, 16.0, 942.0, 710.0]
[48.0, 32.0, 975.0, 727.0]
[64.0, 16.0, 992.0, 712.0]
[48.0, 0.0, 977.0, 697.0]
[32.0, 16.0, 962.0, 714.0]
[64.0, 0.0, 995.0, 698.0]
[16.0, 0.0, 948.0, 699.0]
[48.0, 0.0, 981.0, 700.0]
[80.0, 0.0, 1014.0, 700.0]
[48.0, 0.0, 983.0, 701.0]
[64.0, 16.0, 1000.0, 718.0]
[48.0, 0.0, 985.0, 703.0]
[80.0, 0.0, 1018.0, 704.0]
[64.0, 16.0, 1003.0, 720.0]
[16.0, 0.0, 956.0, 705.0]
[80.0, 0.0, 1021.0, 706.0]
[0.0, 16.0, 942.0, 722.0]
[64.0, 0.0, 1007.0, 707.0]
[64.0, 16.0, 1008.0, 724.0]
[64.0, 16.0, 1009.0, 725.0]
[48.0, 16.0, 994.0, 726.0]
[32.0, 0.0, 979.0, 710.0]
[64.0, 16.0, 1012.0, 727.0]
[48.0, 16.0, 997.0, 728.0]
[64.0, 0.0, 1014.0, 712.0]
[64.0, 16.0, 1015.0, 729.0]
[64.0, 0.0, 1016.0, 714.0]
[64.0, 16.0, 1017.0, 731.0]
[64.0, 16.0, 1018.0, 732.0]
[32.0, 16.0, 987.0, 732.0]
[0.0, 0.0, 956.0, 717.0]
[32.0, 0.0, 989.0, 718.0]
[32.0, 0.0, 990.0, 718.0]
[32.0, 0.0, 991.0, 719.0]
[32.0, 0.0, 992.0, 720.0]
[32.0, 0.0, 993.0, 721.0]
[0.0, 0.0, 962.0, 722.0]
[48.0, 0.0, 1011.0, 722.0]
[0.0, 0.0, 964.0, 723.0]
[0.0, 0.0, 965.0, 724.0]
[32.0, 0.0, 998.0, 724.0]
[0.0, 0.0, 967.0, 725.0]
[48.0, 0.0, 1016.0, 726.0]
[0.0, 0.0, 969.0, 727.0]
[0.0, 0.0, 970.0, 728.0]
[0.0, 0.0, 971.0, 728.0]
[16.0, 0.0, 988.0, 729.0]
[48.0, 0.0, 1021.0, 730.0]
[48.0, 0.0, 1022.0, 730.0]
[48.0, 0.0, 1023.0, 731.0]
[16.0, 0.0, 992.0, 732.0]
