[144.0, 96.0, 861.0, 634.0]
[96.0, 48.0, 814.0, 586.0]
[160.0, 64.0, 879.0, 603.0]
[160.0, 64.0, 880.0, 604.0]
[48.0, 16.0, 769.0, 557.0]
[112.0, 96.0, 834.0, 638.0]
[144.0, 64.0, 867.0, 606.0]
[192.0, 64.0, 916.0, 607.0]
[144.0, 64.0, 869.0, 608.0]
[144.0, 32.0, 870.0, 576.0]
[192.0, 80.0, 919.0, 625.0]
[128.0, 32.0, 856.0, 578.0]
[144.0, 32.0, 873.0, 579.0]
[112.0, 112.0, 842.0, 660.0]
[80.0, 32.0, 811.0, 580.0]
[32.0, 112.0, 764.0, 661.0]
[112.0, 64.0, 845.0, 614.0]
[32.0, 16.0, 766.0, 566.0]
[112.0, 96.0, 847.0, 647.0]
[144.0, 16.0, 880.0, 568.0]
[16.0, 80.0, 753.0, 633.0]
[112.0, 96.0, 850.0, 650.0]
[160.0, 48.0, 899.0, 602.0]
[112.0, 128.0, 852.0, 683.0]
[144.0, 0.0, 885.0, 556.0]
[112.0, 80.0, 854.0, 636.0]
[128.0, 32.0, 871.0, 589.0]
[160.0, 96.0, 904.0, 654.0]
[80.0, 64.0, 825.0, 623.0]
[0.0, 80.0, 746.0, 640.0]
[144.0, 80.0, 891.0, 640.0]
[144.0, 16.0, 892.0, 577.0]
[192.0, 64.0, 941.0, 626.0]
[16.0, 32.0, 766.0, 594.0]
[64.0, 96.0, 815.0, 659.0]
[64.0, 48.0, 816.0, 612.0]
[80.0, 96.0, 833.0, 661.0]
[32.0, 32.0, 786.0, 598.0]
[48.0, 0.0, 803.0, 566.0]
[144.0, 48.0, 900.0, 615.0]
[112.0, 80.0, 869.0, 648.0]
[80.0, 112.0, 838.0, 680.0]
[128.0, 16.0, 887.0, 585.0]
[160.0, 80.0, 920.0, 650.0]
[16.0, 96.0, 777.0, 667.0]
[160.0, 64.0, 922.0, 636.0]
[96.0, 32.0, 859.0, 604.0]
[96.0, 64.0, 860.0, 637.0]
[64.0, 0.0, 829.0, 574.0]
[160.0, 32.0, 926.0, 606.0]
[32.0, 96.0, 799.0, 671.0]
[0.0, 96.0, 768.0, 672.0]
[48.0, 16.0, 817.0, 593.0]
[112.0, 80.0, 882.0, 658.0]
[96.0, 0.0, 867.0, 578.0]
[160.0, 32.0, 932.0, 611.0]
[128.0, 0.0, 901.0, 580.0]
[16.0, 48.0, 790.0, 628.0]
[80.0, 16.0, 855.0, 597.0]
[32.0, 96.0, 808.0, 678.0]
[32.0, 32.0, 809.0, 615.0]
[176.0, 32.0, 954.0, 616.0]
[128.0, 64.0, 907.0, 648.0]
[144.0, 0.0, 924.0, 585.0]
[16.0, 16.0, 797.0, 602.0]
[0.0, 16.0, 782.0, 602.0]
[112.0, 32.0, 895.0, 619.0]
[160.0, 32.0, 944.0, 620.0]
[176.0, 16.0, 961.0, 605.0]
[80.0, 16.0, 866.0, 606.0]
[144.0, 0.0, 931.0, 590.0]
[16.0, 16.0, 804.0, 607.0]
[192.0, 64.0, 981.0, 656.0]
[128.0, 80.0, 918.0, 672.0]
[96.0, 80.0, 887.0, 673.0]
[128.0, 16.0, 920.0, 610.0]
[128.0, 64.0, 921.0, 659.0]
[112.0, 48.0, 906.0, 644.0]
[160.0, 80.0, 955.0, 676.0]
[48.0, 32.0, 844.0, 629.0]
[80.0, 64.0, 877.0, 662.0]
[48.0, 32.0, 846.0, 630.0]
[160.0, 16.0, 959.0, 615.0]
[16.0, 16.0, 816.0, 616.0]
[128.0, 0.0, 929.0, 601.0]
[16.0, 48.0, 818.0, 650.0]
[64.0, 64.0, 867.0, 666.0]
[64.0, 80.0, 868.0, 683.0]
[16.0, 32.0, 821.0, 636.0]
[64.0, 64.0, 870.0, 668.0]
[112.0, 0.0, 919.0, 605.0]
[0.0, 48.0, 808.0, 654.0]
[32.0, 48.0, 841.0, 655.0]
[32.0, 64.0, 842.0, 672.0]
[112.0, 32.0, 923.0, 640.0]
[48.0, 0.0, 860.0, 609.0]
[176.0, 64.0, 989.0, 674.0]
[112.0, 32.0, 926.0, 642.0]
[128.0, 64.0, 943.0, 675.0]
[160.0, 0.0, 976.0, 612.0]
[0.0, 0.0, 817.0, 613.0]
[16.0, 48.0, 834.0, 662.0]
[160.0, 48.0, 979.0, 662.0]
[160.0, 48.0, 980.0, 663.0]
[16.0, 16.0, 837.0, 632.0]
[144.0, 48.0, 966.0, 664.0]
[48.0, 64.0, 871.0, 681.0]
[64.0, 0.0, 888.0, 618.0]
[0.0, 16.0, 825.0, 635.0]
[96.0, 0.0, 922.0, 620.0]
[0.0, 32.0, 827.0, 652.0]
[32.0, 0.0, 860.0, 621.0]
[64.0, 16.0, 893.0, 638.0]
[144.0, 0.0, 974.0, 622.0]
[32.0, 48.0, 863.0, 671.0]
[80.0, 0.0, 912.0, 624.0]
[16.0, 16.0, 849.0, 641.0]
[128.0, 48.0, 962.0, 674.0]
[0.0, 32.0, 835.0, 658.0]
[176.0, 16.0, 1012.0, 643.0]
[48.0, 48.0, 885.0, 676.0]
[112.0, 16.0, 950.0, 644.0]
[80.0, 32.0, 919.0, 661.0]
[96.0, 0.0, 936.0, 630.0]
[16.0, 0.0, 857.0, 631.0]
[64.0, 32.0, 906.0, 664.0]
[64.0, 0.0, 907.0, 632.0]
[144.0, 32.0, 988.0, 665.0]
[144.0, 32.0, 989.0, 666.0]
[112.0, 48.0, 958.0, 682.0]
[96.0, 48.0, 943.0, 683.0]
[96.0, 0.0, 944.0, 636.0]
[64.0, 32.0, 913.0, 669.0]
[0.0, 32.0, 850.0, 670.0]
[160.0, 32.0, 1011.0, 670.0]
[144.0, 16.0, 996.0, 655.0]
[32.0, 32.0, 885.0, 672.0]
[16.0, 32.0, 870.0, 672.0]
[0.0, 16.0, 855.0, 657.0]
[32.0, 0.0, 888.0, 642.0]
[112.0, 0.0, 969.0, 643.0]
[128.0, 0.0, 986.0, 644.0]
[64.0, 32.0, 923.0, 676.0]
[144.0, 0.0, 1004.0, 645.0]
[48.0, 32.0, 909.0, 678.0]
[128.0, 16.0, 990.0, 662.0]
[128.0, 0.0, 991.0, 647.0]
[96.0, 32.0, 960.0, 680.0]
[16.0, 0.0, 881.0, 649.0]
[32.0, 32.0, 898.0, 682.0]
[48.0, 16.0, 915.0, 666.0]
[32.0, 16.0, 900.0, 667.0]
[16.0, 0.0, 885.0, 652.0]
[0.0, 16.0, 870.0, 668.0]
[32.0, 0.0, 903.0, 653.0]
[48.0, 0.0, 920.0, 654.0]
[112.0, 0.0, 985.0, 655.0]
[96.0, 0.0, 970.0, 656.0]
[112.0, 0.0, 987.0, 656.0]
[16.0, 0.0, 892.0, 657.0]
[144.0, 0.0, 1021.0, 658.0]
[48.0, 0.0, 926.0, 658.0]
[128.0, 0.0, 1007.0, 659.0]
[128.0, 0.0, 1008.0, 660.0]
[112.0, 16.0, 993.0, 677.0]
[0.0, 16.0, 882.0, 678.0]
[112.0, 0.0, 995.0, 662.0]
[96.0, 0.0, 980.0, 663.0]
[48.0, 16.0, 933.0, 680.0]
[0.0, 0.0, 886.0, 664.0]
[64.0, 0.0, 951.0, 665.0]
[32.0, 16.0, 920.0, 682.0]
[0.0, 16.0, 889.0, 683.0]
[64.0, 0.0, 954.0, 668.0]
[16.0, 0.0, 907.0, 668.0]
[0.0, 0.0, 892.0, 669.0]
[0.0, 0.0, 893.0, 670.0]
[80.0, 0.0, 974.0, 670.0]
[80.0, 0.0, 975.0, 671.0]
[0.0, 0.0, 896.0, 672.0]
[112.0, 0.0, 1009.0, 673.0]
[16.0, 0.0, 914.0, 674.0]
[32.0, 0.0, 931.0, 674.0]
[0.0, 0.0, 900.0, 675.0]
[64.0, 0.0, 965.0, 676.0]
[112.0, 0.0, 1014.0, 676.0]
[96.0, 0.0, 999.0, 677.0]
[96.0, 0.0, 1000.0, 678.0]
[80.0, 0.0, 985.0, 679.0]
[96.0, 0.0, 1002.0, 680.0]
[64.0, 0.0, 971.0, 680.0]
[32.0, 0.0, 940.0, 681.0]
[32.0, 0.0, 941.0, 682.0]
[48.0, 0.0, 958.0, 682.0]
[16.0, 0.0, 927.0, 683.0]
