[144.0, 80.0, 929.0, 669.0]
[192.0, 80.0, 978.0, 670.0]
[64.0, 112.0, 851.0, 702.0]
[48.0, 96.0, 836.0, 687.0]
[80.0, 32.0, 869.0, 624.0]
[80.0, 64.0, 870.0, 656.0]
[64.0, 32.0, 855.0, 625.0]
[176.0, 144.0, 968.0, 738.0]
[192.0, 48.0, 985.0, 643.0]
[144.0, 80.0, 938.0, 676.0]
[112.0, 144.0, 907.0, 740.0]
[64.0, 32.0, 860.0, 629.0]
[144.0, 80.0, 941.0, 678.0]
[176.0, 80.0, 974.0, 678.0]
[32.0, 64.0, 831.0, 663.0]
[48.0, 80.0, 848.0, 680.0]
[144.0, 48.0, 945.0, 649.0]
[176.0, 80.0, 978.0, 682.0]
[160.0, 128.0, 963.0, 730.0]
[64.0, 96.0, 868.0, 699.0]
[48.0, 48.0, 853.0, 652.0]
[144.0, 128.0, 950.0, 732.0]
[96.0, 80.0, 903.0, 685.0]
[48.0, 16.0, 856.0, 622.0]
[128.0, 16.0, 937.0, 623.0]
[96.0, 32.0, 906.0, 640.0]
[64.0, 48.0, 875.0, 656.0]
[48.0, 144.0, 860.0, 753.0]
[144.0, 16.0, 957.0, 626.0]
[160.0, 144.0, 974.0, 754.0]
[48.0, 128.0, 863.0, 739.0]
[48.0, 48.0, 864.0, 660.0]
[96.0, 48.0, 913.0, 661.0]
[80.0, 112.0, 898.0, 726.0]
[160.0, 80.0, 979.0, 694.0]
[64.0, 96.0, 884.0, 711.0]
[144.0, 32.0, 965.0, 648.0]
[112.0, 128.0, 934.0, 744.0]
[48.0, 144.0, 871.0, 761.0]
[64.0, 32.0, 888.0, 650.0]
[128.0, 96.0, 953.0, 715.0]
[0.0, 112.0, 826.0, 732.0]
[112.0, 16.0, 939.0, 636.0]
[160.0, 48.0, 988.0, 669.0]
[0.0, 32.0, 829.0, 654.0]
[0.0, 112.0, 830.0, 734.0]
[160.0, 16.0, 991.0, 639.0]
[128.0, 64.0, 960.0, 688.0]
[176.0, 48.0, 1009.0, 673.0]
[96.0, 0.0, 930.0, 626.0]
[96.0, 80.0, 931.0, 706.0]
[64.0, 112.0, 900.0, 739.0]
[16.0, 64.0, 853.0, 692.0]
[176.0, 96.0, 1014.0, 724.0]
[176.0, 112.0, 1015.0, 741.0]
[144.0, 0.0, 984.0, 630.0]
[80.0, 112.0, 921.0, 743.0]
[176.0, 32.0, 1018.0, 664.0]
[160.0, 128.0, 1003.0, 760.0]
[32.0, 0.0, 876.0, 633.0]
[160.0, 96.0, 1005.0, 730.0]
[80.0, 80.0, 926.0, 714.0]
[48.0, 96.0, 895.0, 731.0]
[96.0, 64.0, 944.0, 700.0]
[144.0, 80.0, 993.0, 717.0]
[48.0, 64.0, 898.0, 702.0]
[128.0, 16.0, 979.0, 654.0]
[32.0, 128.0, 884.0, 767.0]
[144.0, 80.0, 997.0, 720.0]
[32.0, 80.0, 886.0, 720.0]
[128.0, 16.0, 983.0, 657.0]
[16.0, 80.0, 872.0, 722.0]
[0.0, 48.0, 857.0, 691.0]
[128.0, 16.0, 986.0, 660.0]
[160.0, 96.0, 1019.0, 740.0]
[32.0, 16.0, 892.0, 661.0]
[160.0, 32.0, 1021.0, 678.0]
[48.0, 96.0, 910.0, 742.0]
[64.0, 96.0, 927.0, 743.0]
[160.0, 0.0, 1024.0, 648.0]
[96.0, 96.0, 961.0, 745.0]
[96.0, 96.0, 962.0, 746.0]
[112.0, 0.0, 979.0, 650.0]
[16.0, 112.0, 884.0, 763.0]
[112.0, 32.0, 981.0, 684.0]
[128.0, 32.0, 998.0, 684.0]
[32.0, 0.0, 903.0, 653.0]
[32.0, 32.0, 904.0, 686.0]
[128.0, 112.0, 1001.0, 767.0]
[0.0, 16.0, 874.0, 672.0]
[96.0, 16.0, 971.0, 672.0]
[80.0, 0.0, 956.0, 657.0]
[16.0, 96.0, 893.0, 754.0]
[0.0, 48.0, 878.0, 706.0]
[16.0, 48.0, 895.0, 707.0]
[96.0, 32.0, 976.0, 692.0]
[0.0, 16.0, 881.0, 677.0]
[32.0, 48.0, 914.0, 710.0]
[48.0, 96.0, 931.0, 758.0]
[128.0, 32.0, 1012.0, 695.0]
[64.0, 0.0, 949.0, 664.0]
[32.0, 80.0, 918.0, 744.0]
[96.0, 0.0, 983.0, 665.0]
[112.0, 80.0, 1000.0, 746.0]
[112.0, 96.0, 1001.0, 763.0]
[16.0, 0.0, 906.0, 668.0]
[0.0, 96.0, 891.0, 764.0]
[80.0, 80.0, 972.0, 749.0]
[80.0, 80.0, 973.0, 750.0]
[64.0, 32.0, 958.0, 702.0]
[64.0, 48.0, 959.0, 719.0]
[32.0, 48.0, 928.0, 720.0]
[112.0, 80.0, 1009.0, 753.0]
[80.0, 32.0, 978.0, 706.0]
[112.0, 16.0, 1011.0, 690.0]
[96.0, 64.0, 996.0, 739.0]
[64.0, 80.0, 965.0, 756.0]
[48.0, 0.0, 950.0, 676.0]
[80.0, 16.0, 983.0, 693.0]
[32.0, 16.0, 936.0, 694.0]
[80.0, 32.0, 985.0, 711.0]
[0.0, 80.0, 906.0, 760.0]
[80.0, 48.0, 987.0, 728.0]
[48.0, 64.0, 956.0, 745.0]
[80.0, 48.0, 989.0, 730.0]
[0.0, 16.0, 910.0, 698.0]
[80.0, 48.0, 991.0, 731.0]
[64.0, 48.0, 976.0, 732.0]
[64.0, 48.0, 977.0, 733.0]
[80.0, 32.0, 994.0, 718.0]
[80.0, 48.0, 995.0, 734.0]
[0.0, 48.0, 916.0, 735.0]
[96.0, 64.0, 1013.0, 752.0]
[0.0, 32.0, 918.0, 720.0]
[64.0, 16.0, 983.0, 705.0]
[48.0, 0.0, 968.0, 690.0]
[0.0, 16.0, 921.0, 707.0]
[96.0, 48.0, 1018.0, 740.0]
[16.0, 32.0, 939.0, 724.0]
[80.0, 16.0, 1004.0, 709.0]
[48.0, 16.0, 973.0, 710.0]
[80.0, 48.0, 1006.0, 742.0]
[64.0, 64.0, 991.0, 759.0]
[0.0, 0.0, 928.0, 696.0]
[0.0, 32.0, 929.0, 729.0]
[80.0, 48.0, 1010.0, 746.0]
[16.0, 0.0, 947.0, 698.0]
[64.0, 0.0, 996.0, 699.0]
[64.0, 16.0, 997.0, 716.0]
[16.0, 32.0, 950.0, 732.0]
[80.0, 0.0, 1015.0, 701.0]
[64.0, 16.0, 1000.0, 718.0]
[80.0, 64.0, 1017.0, 767.0]
[48.0, 64.0, 986.0, 768.0]
[0.0, 32.0, 939.0, 736.0]
[0.0, 32.0, 940.0, 737.0]
[80.0, 0.0, 1021.0, 706.0]
[48.0, 48.0, 990.0, 754.0]
[48.0, 16.0, 991.0, 723.0]
[16.0, 0.0, 960.0, 708.0]
[16.0, 0.0, 961.0, 709.0]
[0.0, 0.0, 946.0, 710.0]
[0.0, 32.0, 947.0, 742.0]
[64.0, 48.0, 1012.0, 759.0]
[0.0, 32.0, 949.0, 744.0]
[16.0, 16.0, 966.0, 728.0]
[48.0, 48.0, 999.0, 761.0]
[64.0, 0.0, 1016.0, 714.0]
[32.0, 32.0, 985.0, 747.0]
[32.0, 16.0, 986.0, 732.0]
[0.0, 0.0, 955.0, 716.0]
[48.0, 16.0, 1004.0, 733.0]
[0.0, 32.0, 957.0, 750.0]
[64.0, 0.0, 1022.0, 718.0]
[0.0, 0.0, 959.0, 719.0]
[0.0, 16.0, 960.0, 736.0]
[48.0, 32.0, 1009.0, 753.0]
[0.0, 16.0, 962.0, 738.0]
[16.0, 0.0, 979.0, 722.0]
[48.0, 0.0, 1012.0, 723.0]
[16.0, 0.0, 981.0, 724.0]
[48.0, 0.0, 1014.0, 724.0]
[16.0, 32.0, 983.0, 757.0]
[32.0, 16.0, 1000.0, 742.0]
[48.0, 16.0, 1017.0, 743.0]
[0.0, 32.0, 970.0, 760.0]
[32.0, 16.0, 1003.0, 744.0]
[16.0, 0.0, 988.0, 729.0]
[0.0, 16.0, 973.0, 746.0]
[16.0, 0.0, 990.0, 730.0]
[16.0, 16.0, 991.0, 747.0]
[0.0, 0.0, 976.0, 732.0]
[0.0, 0.0, 977.0, 733.0]
[0.0, 32.0, 978.0, 766.0]
[0.0, 0.0, 979.0, 734.0]
[0.0, 16.0, 980.0, 751.0]
[32.0, 16.0, 1013.0, 752.0]
[32.0, 32.0, 1014.0, 768.0]
[16.0, 0.0, 999.0, 737.0]
[32.0, 0.0, 1016.0, 738.0]
[0.0, 0.0, 985.0, 739.0]
[32.0, 16.0, 1018.0, 756.0]
[16.0, 16.0, 1003.0, 756.0]
[32.0, 16.0, 1020.0, 757.0]
[16.0, 16.0, 1005.0, 758.0]
[16.0, 16.0, 1006.0, 758.0]
[16.0, 16.0, 1007.0, 759.0]
[16.0, 0.0, 1008.0, 744.0]
[0.0, 16.0, 993.0, 761.0]
[0.0, 16.0, 994.0, 762.0]
[0.0, 16.0, 995.0, 762.0]
[16.0, 16.0, 1012.0, 763.0]
[16.0, 0.0, 1013.0, 748.0]
[0.0, 0.0, 998.0, 748.0]
[16.0, 16.0, 1015.0, 765.0]
[16.0, 16.0, 1016.0, 766.0]
[16.0, 0.0, 1017.0, 751.0]
[0.0, 16.0, 1002.0, 768.0]
[16.0, 0.0, 1019.0, 752.0]
[0.0, 0.0, 1004.0, 753.0]
[16.0, 0.0, 1021.0, 754.0]
[0.0, 0.0, 1006.0, 754.0]
[16.0, 0.0, 1023.0, 755.0]
[16.0, 0.0, 1024.0, 756.0]
[0.0, 0.0, 1009.0, 757.0]
[0.0, 0.0, 1010.0, 758.0]
[0.0, 0.0, 1011.0, 758.0]
[0.0, 0.0, 1012.0, 759.0]
[0.0, 0.0, 1013.0, 760.0]
[0.0, 0.0, 1014.0, 760.0]
[0.0, 0.0, 1015.0, 761.0]
[0.0, 0.0, 1016.0, 762.0]
[0.0, 0.0, 1017.0, 763.0]
[0.0, 0.0, 1018.0, 764.0]
[0.0, 0.0, 1019.0, 764.0]
[0.0, 0.0, 1020.0, 765.0]
[0.0, 0.0, 1021.0, 766.0]
[0.0, 0.0, 1022.0, 766.0]
[0.0, 0.0, 1023.0, 767.0]
[0.0, 0.0, 1024.0, 768.0]
