[208.0, 32.0, 925.0, 570.0]
[176.0, 80.0, 894.0, 618.0]
[192.0, 96.0, 911.0, 635.0]
[240.0, 64.0, 960.0, 604.0]
[256.0, 128.0, 977.0, 669.0]
[224.0, 32.0, 946.0, 574.0]
[240.0, 128.0, 963.0, 670.0]
[192.0, 32.0, 916.0, 575.0]
[144.0, 64.0, 869.0, 608.0]
[224.0, 128.0, 950.0, 672.0]
[128.0, 96.0, 855.0, 641.0]
[160.0, 64.0, 888.0, 610.0]
[256.0, 32.0, 985.0, 579.0]
[224.0, 48.0, 954.0, 596.0]
[256.0, 112.0, 987.0, 660.0]
[176.0, 32.0, 908.0, 581.0]
[224.0, 48.0, 957.0, 598.0]
[112.0, 80.0, 846.0, 630.0]
[112.0, 80.0, 847.0, 631.0]
[128.0, 112.0, 864.0, 664.0]
[192.0, 16.0, 929.0, 569.0]
[240.0, 112.0, 978.0, 666.0]
[208.0, 80.0, 947.0, 634.0]
[224.0, 80.0, 964.0, 635.0]
[112.0, 112.0, 853.0, 668.0]
[144.0, 128.0, 886.0, 684.0]
[224.0, 16.0, 967.0, 573.0]
[112.0, 32.0, 856.0, 590.0]
[112.0, 96.0, 857.0, 655.0]
[240.0, 64.0, 986.0, 624.0]
[240.0, 32.0, 987.0, 592.0]
[208.0, 48.0, 956.0, 609.0]
[192.0, 16.0, 941.0, 578.0]
[256.0, 112.0, 1006.0, 674.0]
[144.0, 96.0, 895.0, 659.0]
[224.0, 16.0, 976.0, 580.0]
[192.0, 112.0, 945.0, 677.0]
[256.0, 80.0, 1010.0, 646.0]
[224.0, 64.0, 979.0, 630.0]
[112.0, 128.0, 868.0, 695.0]
[176.0, 0.0, 933.0, 568.0]
[192.0, 80.0, 950.0, 648.0]
[256.0, 80.0, 1015.0, 649.0]
[96.0, 112.0, 856.0, 682.0]
[208.0, 48.0, 969.0, 619.0]
[224.0, 112.0, 986.0, 684.0]
[112.0, 64.0, 875.0, 636.0]
[256.0, 48.0, 1020.0, 621.0]
[192.0, 112.0, 957.0, 686.0]
[96.0, 48.0, 862.0, 622.0]
[96.0, 64.0, 863.0, 639.0]
[144.0, 80.0, 912.0, 656.0]
[112.0, 128.0, 881.0, 705.0]
[240.0, 64.0, 1010.0, 642.0]
[144.0, 112.0, 915.0, 690.0]
[240.0, 16.0, 1012.0, 595.0]
[144.0, 96.0, 917.0, 676.0]
[240.0, 96.0, 1014.0, 676.0]
[224.0, 80.0, 999.0, 661.0]
[224.0, 128.0, 1000.0, 710.0]
[112.0, 16.0, 889.0, 599.0]
[128.0, 96.0, 906.0, 680.0]
[80.0, 96.0, 859.0, 680.0]
[176.0, 112.0, 956.0, 697.0]
[144.0, 112.0, 925.0, 698.0]
[160.0, 128.0, 942.0, 714.0]
[192.0, 16.0, 975.0, 603.0]
[96.0, 48.0, 880.0, 636.0]
[192.0, 96.0, 977.0, 685.0]
[64.0, 80.0, 850.0, 670.0]
[128.0, 48.0, 915.0, 638.0]
[144.0, 0.0, 932.0, 591.0]
[144.0, 96.0, 933.0, 688.0]
[192.0, 32.0, 982.0, 624.0]
[96.0, 64.0, 887.0, 657.0]
[208.0, 32.0, 1000.0, 626.0]
[208.0, 112.0, 1001.0, 707.0]
[112.0, 112.0, 906.0, 708.0]
[128.0, 0.0, 923.0, 596.0]
[64.0, 80.0, 860.0, 677.0]
[96.0, 64.0, 893.0, 662.0]
[48.0, 48.0, 846.0, 646.0]
[192.0, 0.0, 991.0, 599.0]
[96.0, 16.0, 896.0, 616.0]
[128.0, 128.0, 929.0, 729.0]
[128.0, 112.0, 930.0, 714.0]
[128.0, 80.0, 931.0, 682.0]
[112.0, 96.0, 916.0, 699.0]
[64.0, 64.0, 869.0, 668.0]
[128.0, 32.0, 934.0, 636.0]
[160.0, 48.0, 967.0, 653.0]
[48.0, 32.0, 856.0, 638.0]
[128.0, 144.0, 937.0, 751.0]
[64.0, 64.0, 874.0, 672.0]
[96.0, 96.0, 907.0, 704.0]
[208.0, 16.0, 1020.0, 625.0]
[112.0, 128.0, 925.0, 738.0]
[80.0, 32.0, 894.0, 642.0]
[208.0, 96.0, 1023.0, 707.0]
[96.0, 112.0, 912.0, 724.0]
[192.0, 80.0, 1009.0, 693.0]
[192.0, 64.0, 1010.0, 678.0]
[96.0, 64.0, 915.0, 678.0]
[144.0, 80.0, 964.0, 695.0]
[64.0, 16.0, 885.0, 632.0]
[144.0, 32.0, 966.0, 648.0]
[176.0, 32.0, 999.0, 649.0]
[112.0, 80.0, 936.0, 698.0]
[96.0, 96.0, 921.0, 715.0]
[80.0, 48.0, 906.0, 668.0]
[192.0, 112.0, 1019.0, 732.0]
[80.0, 96.0, 908.0, 717.0]
[144.0, 128.0, 973.0, 750.0]
[192.0, 0.0, 1022.0, 622.0]
[176.0, 80.0, 1007.0, 703.0]
[128.0, 144.0, 960.0, 768.0]
[64.0, 96.0, 897.0, 721.0]
[48.0, 48.0, 882.0, 674.0]
[160.0, 80.0, 995.0, 706.0]
[48.0, 64.0, 884.0, 691.0]
[112.0, 0.0, 949.0, 628.0]
[160.0, 64.0, 998.0, 692.0]
[112.0, 16.0, 951.0, 645.0]
[112.0, 48.0, 952.0, 678.0]
[144.0, 80.0, 985.0, 711.0]
[160.0, 32.0, 1002.0, 664.0]
[176.0, 0.0, 1019.0, 632.0]
[160.0, 112.0, 1004.0, 745.0]
[128.0, 80.0, 973.0, 714.0]
[0.0, 48.0, 846.0, 682.0]
[128.0, 96.0, 975.0, 731.0]
[16.0, 16.0, 864.0, 652.0]
[32.0, 0.0, 881.0, 637.0]
[96.0, 96.0, 946.0, 734.0]
[0.0, 32.0, 851.0, 670.0]
[48.0, 0.0, 900.0, 639.0]
[16.0, 32.0, 869.0, 672.0]
[144.0, 96.0, 998.0, 736.0]
[96.0, 64.0, 951.0, 705.0]
[16.0, 0.0, 872.0, 642.0]
[16.0, 0.0, 873.0, 643.0]
[32.0, 32.0, 890.0, 676.0]
[96.0, 80.0, 955.0, 724.0]
[96.0, 64.0, 956.0, 709.0]
[0.0, 48.0, 861.0, 694.0]
[32.0, 16.0, 894.0, 662.0]
[112.0, 0.0, 975.0, 647.0]
[96.0, 16.0, 960.0, 664.0]
[64.0, 64.0, 929.0, 713.0]
[48.0, 16.0, 914.0, 666.0]
[144.0, 48.0, 1011.0, 698.0]
[32.0, 32.0, 900.0, 683.0]
[128.0, 16.0, 997.0, 668.0]
[112.0, 48.0, 982.0, 700.0]
[128.0, 16.0, 999.0, 669.0]
[32.0, 64.0, 904.0, 718.0]
[80.0, 80.0, 953.0, 735.0]
[96.0, 112.0, 970.0, 768.0]
[112.0, 48.0, 987.0, 704.0]
[112.0, 80.0, 988.0, 737.0]
[32.0, 16.0, 909.0, 674.0]
[112.0, 16.0, 990.0, 674.0]
[0.0, 0.0, 879.0, 659.0]
[112.0, 80.0, 992.0, 740.0]
[128.0, 32.0, 1009.0, 693.0]
[128.0, 80.0, 1010.0, 742.0]
[128.0, 80.0, 1011.0, 742.0]
[64.0, 48.0, 948.0, 711.0]
[112.0, 48.0, 997.0, 712.0]
[128.0, 0.0, 1014.0, 664.0]
[128.0, 32.0, 1015.0, 697.0]
[128.0, 16.0, 1016.0, 682.0]
[112.0, 48.0, 1001.0, 715.0]
[0.0, 0.0, 890.0, 668.0]
[0.0, 0.0, 891.0, 668.0]
[32.0, 16.0, 924.0, 685.0]
[32.0, 16.0, 925.0, 686.0]
[80.0, 0.0, 974.0, 670.0]
[16.0, 48.0, 911.0, 719.0]
[64.0, 16.0, 960.0, 688.0]
[48.0, 48.0, 945.0, 721.0]
[96.0, 48.0, 994.0, 722.0]
[96.0, 32.0, 995.0, 706.0]
[112.0, 0.0, 1012.0, 675.0]
[16.0, 64.0, 917.0, 740.0]
[64.0, 16.0, 966.0, 692.0]
[32.0, 32.0, 935.0, 709.0]
[112.0, 0.0, 1016.0, 678.0]
[48.0, 64.0, 953.0, 743.0]
[48.0, 64.0, 954.0, 744.0]
[0.0, 48.0, 907.0, 728.0]
[96.0, 32.0, 1004.0, 713.0]
[80.0, 80.0, 989.0, 762.0]
[64.0, 64.0, 974.0, 746.0]
[48.0, 32.0, 959.0, 715.0]
[80.0, 0.0, 992.0, 684.0]
[96.0, 16.0, 1009.0, 701.0]
[32.0, 48.0, 946.0, 734.0]
[80.0, 16.0, 995.0, 702.0]
[48.0, 32.0, 964.0, 719.0]
[48.0, 0.0, 965.0, 688.0]
[96.0, 48.0, 1014.0, 736.0]
[32.0, 16.0, 951.0, 705.0]
[32.0, 64.0, 952.0, 754.0]
[64.0, 48.0, 985.0, 739.0]
[16.0, 16.0, 938.0, 708.0]
[96.0, 48.0, 1019.0, 740.0]
[16.0, 32.0, 940.0, 725.0]
[96.0, 16.0, 1021.0, 710.0]
[64.0, 64.0, 990.0, 758.0]
[80.0, 32.0, 1007.0, 727.0]
[0.0, 32.0, 928.0, 728.0]
[64.0, 16.0, 993.0, 713.0]
[64.0, 32.0, 994.0, 730.0]
[0.0, 0.0, 931.0, 698.0]
[32.0, 16.0, 964.0, 715.0]
[16.0, 0.0, 949.0, 700.0]
[48.0, 0.0, 982.0, 700.0]
[48.0, 64.0, 983.0, 765.0]
[32.0, 64.0, 968.0, 766.0]
[0.0, 48.0, 937.0, 751.0]
[16.0, 16.0, 954.0, 720.0]
[16.0, 0.0, 955.0, 704.0]
[32.0, 0.0, 972.0, 705.0]
[0.0, 32.0, 941.0, 738.0]
[64.0, 32.0, 1006.0, 738.0]
[80.0, 32.0, 1023.0, 739.0]
[0.0, 16.0, 944.0, 724.0]
[32.0, 32.0, 977.0, 741.0]
[48.0, 32.0, 994.0, 742.0]
[48.0, 32.0, 995.0, 742.0]
[32.0, 16.0, 980.0, 727.0]
[0.0, 32.0, 949.0, 744.0]
[0.0, 16.0, 950.0, 728.0]
[0.0, 16.0, 951.0, 729.0]
[32.0, 32.0, 984.0, 746.0]
[0.0, 16.0, 953.0, 731.0]
[48.0, 16.0, 1002.0, 732.0]
[48.0, 32.0, 1003.0, 748.0]
[16.0, 48.0, 972.0, 765.0]
[32.0, 32.0, 989.0, 750.0]
[32.0, 32.0, 990.0, 750.0]
[16.0, 48.0, 975.0, 767.0]
[64.0, 32.0, 1024.0, 752.0]
[32.0, 0.0, 993.0, 721.0]
[32.0, 0.0, 994.0, 722.0]
[0.0, 16.0, 963.0, 738.0]
[48.0, 32.0, 1012.0, 755.0]
[32.0, 32.0, 997.0, 756.0]
[0.0, 32.0, 966.0, 756.0]
[48.0, 16.0, 1015.0, 741.0]
[0.0, 0.0, 968.0, 726.0]
[16.0, 32.0, 985.0, 759.0]
[48.0, 16.0, 1018.0, 744.0]
[0.0, 32.0, 971.0, 760.0]
[16.0, 0.0, 988.0, 729.0]
[16.0, 32.0, 989.0, 762.0]
[0.0, 0.0, 974.0, 730.0]
[16.0, 0.0, 991.0, 731.0]
[32.0, 16.0, 1008.0, 748.0]
[32.0, 16.0, 1009.0, 749.0]
[16.0, 32.0, 994.0, 766.0]
[32.0, 16.0, 1011.0, 750.0]
[32.0, 0.0, 1012.0, 735.0]
[16.0, 32.0, 997.0, 768.0]
[0.0, 32.0, 982.0, 768.0]
[32.0, 16.0, 1015.0, 753.0]
[32.0, 16.0, 1016.0, 754.0]
[32.0, 16.0, 1017.0, 755.0]
[32.0, 0.0, 1018.0, 740.0]
[0.0, 0.0, 987.0, 740.0]
[16.0, 0.0, 1004.0, 741.0]
[0.0, 16.0, 989.0, 758.0]
[16.0, 0.0, 1006.0, 742.0]
[16.0, 16.0, 1007.0, 759.0]
[32.0, 16.0, 1024.0, 760.0]
[0.0, 0.0, 993.0, 745.0]
[16.0, 16.0, 1010.0, 762.0]
[16.0, 0.0, 1011.0, 746.0]
[16.0, 0.0, 1012.0, 747.0]
[0.0, 16.0, 997.0, 764.0]
[0.0, 16.0, 998.0, 764.0]
[0.0, 16.0, 999.0, 765.0]
[16.0, 0.0, 1016.0, 750.0]
[0.0, 0.0, 1001.0, 751.0]
[16.0, 16.0, 1018.0, 768.0]
[16.0, 0.0, 1019.0, 752.0]
[16.0, 0.0, 1020.0, 753.0]
[16.0, 0.0, 1021.0, 754.0]
[0.0, 0.0, 1006.0, 754.0]
[16.0, 0.0, 1023.0, 755.0]
[16.0, 0.0, 1024.0, 756.0]
[0.0, 0.0, 1009.0, 757.0]
[0.0, 0.0, 1010.0, 758.0]
[0.0, 0.0, 1011.0, 758.0]
[0.0, 0.0, 1012.0, 759.0]
[0.0, 0.0, 1013.0, 760.0]
[0.0, 0.0, 1014.0, 760.0]
[0.0, 0.0, 1015.0, 761.0]
[0.0, 0.0, 1016.0, 762.0]
[0.0, 0.0, 1017.0, 763.0]
[0.0, 0.0, 1018.0, 764.0]
[0.0, 0.0, 1019.0, 764.0]
