[80.0, 96.0, 634.0, 835.0]
[32.0, 208.0, 587.0, 948.0]
[64.0, 64.0, 620.0, 805.0]
[80.0, 64.0, 636.0, 806.0]
[32.0, 112.0, 589.0, 855.0]
[64.0, 64.0, 622.0, 808.0]
[32.0, 112.0, 591.0, 857.0]
[64.0, 224.0, 624.0, 970.0]
[32.0, 144.0, 592.0, 891.0]
[64.0, 32.0, 625.0, 780.0]
[80.0, 128.0, 642.0, 877.0]
[64.0, 128.0, 626.0, 878.0]
[32.0, 64.0, 595.0, 815.0]
[80.0, 64.0, 644.0, 816.0]
[48.0, 144.0, 613.0, 897.0]
[32.0, 64.0, 598.0, 818.0]
[48.0, 80.0, 614.0, 835.0]
[64.0, 160.0, 631.0, 916.0]
[96.0, 224.0, 664.0, 981.0]
[96.0, 80.0, 664.0, 838.0]
[64.0, 160.0, 633.0, 919.0]
[80.0, 208.0, 650.0, 968.0]
[96.0, 160.0, 667.0, 921.0]
[48.0, 112.0, 620.0, 874.0]
[48.0, 96.0, 620.0, 859.0]
[80.0, 128.0, 653.0, 892.0]
[64.0, 160.0, 638.0, 925.0]
[64.0, 208.0, 638.0, 974.0]
[96.0, 64.0, 671.0, 831.0]
[64.0, 16.0, 640.0, 784.0]
[64.0, 96.0, 641.0, 865.0]
[48.0, 128.0, 626.0, 898.0]
[48.0, 32.0, 626.0, 803.0]
[80.0, 48.0, 659.0, 820.0]
[96.0, 192.0, 676.0, 965.0]
[32.0, 160.0, 612.0, 934.0]
[80.0, 112.0, 661.0, 887.0]
[96.0, 176.0, 678.0, 952.0]
[0.0, 128.0, 583.0, 905.0]
[80.0, 48.0, 664.0, 826.0]
[32.0, 240.0, 616.0, 1019.0]
[64.0, 48.0, 649.0, 828.0]
[64.0, 176.0, 650.0, 957.0]
[16.0, 208.0, 602.0, 990.0]
[32.0, 32.0, 619.0, 815.0]
[16.0, 96.0, 604.0, 880.0]
[48.0, 80.0, 637.0, 865.0]
[64.0, 208.0, 654.0, 994.0]
[80.0, 176.0, 670.0, 963.0]
[32.0, 112.0, 623.0, 900.0]
[32.0, 128.0, 624.0, 917.0]
[80.0, 112.0, 672.0, 902.0]
[16.0, 128.0, 609.0, 919.0]
[48.0, 16.0, 642.0, 808.0]
[64.0, 96.0, 659.0, 889.0]
[64.0, 208.0, 660.0, 1002.0]
[48.0, 208.0, 644.0, 1003.0]
[80.0, 16.0, 677.0, 812.0]
[16.0, 32.0, 614.0, 829.0]
[48.0, 192.0, 646.0, 990.0]
[64.0, 96.0, 663.0, 895.0]
[0.0, 48.0, 600.0, 848.0]
[64.0, 32.0, 665.0, 833.0]
[48.0, 16.0, 650.0, 818.0]
[0.0, 160.0, 602.0, 963.0]
[48.0, 96.0, 651.0, 900.0]
[16.0, 112.0, 620.0, 917.0]
[32.0, 32.0, 636.0, 838.0]
[0.0, 112.0, 605.0, 919.0]
[0.0, 160.0, 606.0, 968.0]
[64.0, 144.0, 671.0, 953.0]
[16.0, 176.0, 624.0, 986.0]
[16.0, 208.0, 624.0, 1019.0]
[16.0, 160.0, 625.0, 972.0]
[16.0, 176.0, 626.0, 989.0]
[48.0, 112.0, 658.0, 926.0]
[16.0, 128.0, 627.0, 943.0]
[48.0, 96.0, 660.0, 912.0]
[0.0, 16.0, 613.0, 833.0]
[64.0, 0.0, 678.0, 818.0]
[0.0, 144.0, 614.0, 963.0]
[48.0, 16.0, 663.0, 836.0]
[32.0, 112.0, 648.0, 933.0]
[32.0, 176.0, 648.0, 998.0]
[48.0, 128.0, 665.0, 951.0]
[48.0, 192.0, 666.0, 1016.0]
[16.0, 160.0, 635.0, 985.0]
[0.0, 48.0, 620.0, 874.0]
[32.0, 128.0, 652.0, 955.0]
[16.0, 48.0, 637.0, 876.0]
[32.0, 80.0, 654.0, 909.0]
[48.0, 64.0, 670.0, 894.0]
[48.0, 80.0, 671.0, 911.0]
[0.0, 64.0, 624.0, 896.0]
[32.0, 144.0, 657.0, 977.0]
[48.0, 32.0, 674.0, 866.0]
[16.0, 160.0, 642.0, 995.0]
[16.0, 176.0, 643.0, 1012.0]
[16.0, 48.0, 644.0, 885.0]
[48.0, 32.0, 676.0, 870.0]
[16.0, 96.0, 645.0, 935.0]
[48.0, 96.0, 678.0, 936.0]
[16.0, 48.0, 647.0, 889.0]
[32.0, 112.0, 664.0, 954.0]
[32.0, 16.0, 664.0, 859.0]
[32.0, 128.0, 665.0, 972.0]
[16.0, 160.0, 650.0, 1005.0]
[16.0, 176.0, 650.0, 1022.0]
[0.0, 128.0, 635.0, 975.0]
[16.0, 128.0, 652.0, 976.0]
[32.0, 128.0, 669.0, 977.0]
[32.0, 32.0, 670.0, 882.0]
[0.0, 16.0, 638.0, 867.0]
[32.0, 0.0, 671.0, 852.0]
[32.0, 32.0, 672.0, 885.0]
[32.0, 144.0, 672.0, 998.0]
[16.0, 144.0, 657.0, 999.0]
[32.0, 128.0, 674.0, 984.0]
[32.0, 160.0, 675.0, 1017.0]
[0.0, 112.0, 644.0, 970.0]
[0.0, 96.0, 644.0, 955.0]
[16.0, 64.0, 661.0, 924.0]
[32.0, 96.0, 678.0, 957.0]
[16.0, 0.0, 662.0, 862.0]
[32.0, 0.0, 679.0, 863.0]
[16.0, 144.0, 664.0, 1008.0]
[16.0, 64.0, 665.0, 929.0]
[0.0, 128.0, 650.0, 994.0]
[16.0, 16.0, 666.0, 883.0]
[0.0, 80.0, 651.0, 948.0]
[0.0, 128.0, 652.0, 997.0]
[0.0, 0.0, 652.0, 870.0]
[16.0, 0.0, 669.0, 871.0]
[0.0, 64.0, 654.0, 936.0]
[16.0, 112.0, 671.0, 985.0]
[16.0, 16.0, 672.0, 890.0]
[16.0, 112.0, 672.0, 987.0]
[0.0, 144.0, 657.0, 1020.0]
[16.0, 96.0, 674.0, 973.0]
[16.0, 48.0, 674.0, 926.0]
[0.0, 144.0, 659.0, 1023.0]
[0.0, 32.0, 660.0, 912.0]
[0.0, 48.0, 661.0, 929.0]
[16.0, 16.0, 678.0, 898.0]
[0.0, 64.0, 662.0, 947.0]
[0.0, 0.0, 663.0, 884.0]
[0.0, 32.0, 664.0, 917.0]
[0.0, 16.0, 664.0, 902.0]
[0.0, 32.0, 665.0, 919.0]
[0.0, 0.0, 666.0, 888.0]
[0.0, 96.0, 667.0, 985.0]
[0.0, 64.0, 668.0, 954.0]
[0.0, 32.0, 668.0, 923.0]
[0.0, 64.0, 669.0, 956.0]
[0.0, 48.0, 670.0, 941.0]
[0.0, 16.0, 670.0, 910.0]
[0.0, 16.0, 671.0, 911.0]
[0.0, 112.0, 672.0, 1008.0]
[0.0, 32.0, 673.0, 929.0]
[0.0, 64.0, 674.0, 962.0]
[0.0, 0.0, 674.0, 899.0]
[0.0, 16.0, 675.0, 916.0]
[0.0, 64.0, 676.0, 965.0]
[0.0, 112.0, 676.0, 1014.0]
[0.0, 16.0, 677.0, 919.0]
[0.0, 64.0, 678.0, 968.0]
[0.0, 0.0, 679.0, 905.0]
