[112.0, 48.0, 844.0, 597.0]
[160.0, 32.0, 893.0, 582.0]
[144.0, 32.0, 878.0, 582.0]
[96.0, 48.0, 831.0, 599.0]
[224.0, 80.0, 960.0, 632.0]
[144.0, 64.0, 881.0, 617.0]
[48.0, 48.0, 786.0, 602.0]
[160.0, 32.0, 899.0, 586.0]
[208.0, 32.0, 948.0, 587.0]
[64.0, 64.0, 805.0, 620.0]
[128.0, 48.0, 870.0, 604.0]
[128.0, 32.0, 871.0, 589.0]
[112.0, 48.0, 856.0, 606.0]
[128.0, 48.0, 873.0, 607.0]
[144.0, 32.0, 890.0, 592.0]
[160.0, 48.0, 907.0, 608.0]
[96.0, 48.0, 844.0, 609.0]
[96.0, 32.0, 845.0, 594.0]
[48.0, 48.0, 798.0, 610.0]
[144.0, 32.0, 895.0, 595.0]
[176.0, 80.0, 928.0, 644.0]
[160.0, 80.0, 913.0, 645.0]
[192.0, 32.0, 946.0, 598.0]
[192.0, 48.0, 947.0, 614.0]
[208.0, 32.0, 964.0, 599.0]
[64.0, 32.0, 821.0, 600.0]
[80.0, 32.0, 838.0, 600.0]
[64.0, 32.0, 823.0, 601.0]
[80.0, 48.0, 840.0, 618.0]
[176.0, 48.0, 937.0, 619.0]
[208.0, 64.0, 970.0, 636.0]
[64.0, 48.0, 827.0, 620.0]
[176.0, 48.0, 940.0, 621.0]
[96.0, 0.0, 861.0, 574.0]
[96.0, 48.0, 862.0, 622.0]
[160.0, 32.0, 927.0, 607.0]
[176.0, 48.0, 944.0, 624.0]
[48.0, 0.0, 817.0, 577.0]
[96.0, 48.0, 866.0, 626.0]
[144.0, 48.0, 915.0, 626.0]
[192.0, 80.0, 964.0, 659.0]
[208.0, 64.0, 981.0, 644.0]
[160.0, 64.0, 934.0, 644.0]
[240.0, 16.0, 1015.0, 597.0]
[144.0, 32.0, 920.0, 614.0]
[64.0, 16.0, 841.0, 599.0]
[208.0, 16.0, 986.0, 600.0]
[128.0, 16.0, 907.0, 600.0]
[48.0, 32.0, 828.0, 617.0]
[80.0, 16.0, 861.0, 602.0]
[112.0, 32.0, 894.0, 618.0]
[176.0, 16.0, 959.0, 603.0]
[96.0, 64.0, 880.0, 652.0]
[80.0, 32.0, 865.0, 621.0]
[80.0, 48.0, 866.0, 638.0]
[0.0, 48.0, 787.0, 638.0]
[208.0, 0.0, 996.0, 591.0]
[144.0, 32.0, 933.0, 624.0]
[0.0, 64.0, 790.0, 656.0]
[16.0, 32.0, 807.0, 625.0]
[64.0, 32.0, 856.0, 626.0]
[224.0, 48.0, 1017.0, 643.0]
[208.0, 16.0, 1002.0, 612.0]
[96.0, 48.0, 891.0, 644.0]
[32.0, 0.0, 828.0, 597.0]
[160.0, 48.0, 957.0, 646.0]
[64.0, 16.0, 862.0, 614.0]
[144.0, 32.0, 943.0, 631.0]
[160.0, 16.0, 960.0, 616.0]
[176.0, 0.0, 977.0, 601.0]
[32.0, 0.0, 834.0, 602.0]
[176.0, 0.0, 979.0, 602.0]
[208.0, 48.0, 1012.0, 651.0]
[208.0, 48.0, 1013.0, 652.0]
[32.0, 16.0, 838.0, 620.0]
[128.0, 16.0, 935.0, 621.0]
[112.0, 32.0, 920.0, 638.0]
[176.0, 0.0, 985.0, 607.0]
[80.0, 32.0, 890.0, 640.0]
[32.0, 16.0, 843.0, 624.0]
[0.0, 48.0, 812.0, 657.0]
[32.0, 32.0, 845.0, 642.0]
[160.0, 0.0, 974.0, 610.0]
[96.0, 48.0, 911.0, 659.0]
[208.0, 32.0, 1024.0, 644.0]
[80.0, 16.0, 897.0, 629.0]
[0.0, 0.0, 818.0, 614.0]
[128.0, 48.0, 947.0, 662.0]
[128.0, 0.0, 948.0, 615.0]
[96.0, 0.0, 917.0, 616.0]
[176.0, 48.0, 998.0, 664.0]
[144.0, 32.0, 967.0, 649.0]
[48.0, 0.0, 872.0, 618.0]
[176.0, 32.0, 1001.0, 651.0]
[112.0, 16.0, 938.0, 636.0]
[0.0, 32.0, 827.0, 652.0]
[64.0, 32.0, 892.0, 653.0]
[64.0, 0.0, 893.0, 622.0]
[0.0, 0.0, 830.0, 622.0]
[80.0, 32.0, 911.0, 655.0]
[32.0, 32.0, 864.0, 656.0]
[16.0, 16.0, 849.0, 641.0]
[128.0, 16.0, 962.0, 642.0]
[144.0, 32.0, 979.0, 658.0]
[16.0, 0.0, 852.0, 627.0]
[112.0, 16.0, 949.0, 644.0]
[96.0, 0.0, 934.0, 628.0]
[96.0, 16.0, 935.0, 645.0]
[160.0, 0.0, 1000.0, 630.0]
[64.0, 0.0, 905.0, 631.0]
[176.0, 16.0, 1018.0, 648.0]
[112.0, 16.0, 955.0, 648.0]
[144.0, 0.0, 988.0, 633.0]
[96.0, 0.0, 941.0, 634.0]
[16.0, 0.0, 862.0, 634.0]
[112.0, 32.0, 959.0, 667.0]
[160.0, 0.0, 1008.0, 636.0]
[48.0, 0.0, 897.0, 637.0]
[128.0, 0.0, 978.0, 638.0]
[0.0, 16.0, 851.0, 654.0]
[160.0, 16.0, 1012.0, 655.0]
[112.0, 0.0, 965.0, 640.0]
[48.0, 16.0, 902.0, 656.0]
[80.0, 0.0, 935.0, 641.0]
[32.0, 0.0, 888.0, 642.0]
[16.0, 16.0, 873.0, 659.0]
[96.0, 0.0, 954.0, 644.0]
[128.0, 0.0, 987.0, 644.0]
[0.0, 0.0, 860.0, 645.0]
[16.0, 0.0, 877.0, 646.0]
[80.0, 16.0, 942.0, 662.0]
[16.0, 16.0, 879.0, 663.0]
[16.0, 0.0, 880.0, 648.0]
[32.0, 0.0, 897.0, 649.0]
[48.0, 0.0, 914.0, 650.0]
[32.0, 16.0, 899.0, 666.0]
[80.0, 0.0, 948.0, 651.0]
[48.0, 0.0, 917.0, 652.0]
[96.0, 0.0, 966.0, 652.0]
[64.0, 0.0, 935.0, 653.0]
[0.0, 0.0, 872.0, 654.0]
[32.0, 0.0, 905.0, 655.0]
[96.0, 0.0, 970.0, 656.0]
[80.0, 0.0, 955.0, 656.0]
[48.0, 0.0, 924.0, 657.0]
[96.0, 0.0, 973.0, 658.0]
[16.0, 0.0, 894.0, 658.0]
[16.0, 0.0, 895.0, 659.0]
[112.0, 0.0, 992.0, 660.0]
[96.0, 0.0, 977.0, 661.0]
[48.0, 0.0, 930.0, 662.0]
[0.0, 0.0, 883.0, 662.0]
[64.0, 0.0, 948.0, 663.0]
[128.0, 0.0, 1013.0, 664.0]
[64.0, 0.0, 950.0, 664.0]
[16.0, 0.0, 903.0, 665.0]
[48.0, 0.0, 936.0, 666.0]
[112.0, 0.0, 1001.0, 667.0]
