[160.0, 32.0, 901.0, 588.0]
[96.0, 64.0, 838.0, 620.0]
[48.0, 48.0, 791.0, 605.0]
[128.0, 32.0, 872.0, 590.0]
[128.0, 80.0, 873.0, 639.0]
[192.0, 96.0, 938.0, 656.0]
[48.0, 64.0, 795.0, 624.0]
[224.0, 96.0, 972.0, 657.0]
[128.0, 80.0, 877.0, 642.0]
[192.0, 80.0, 942.0, 642.0]
[224.0, 32.0, 975.0, 595.0]
[64.0, 32.0, 816.0, 596.0]
[144.0, 96.0, 897.0, 661.0]
[112.0, 96.0, 866.0, 662.0]
[80.0, 64.0, 835.0, 630.0]
[176.0, 64.0, 932.0, 631.0]
[64.0, 32.0, 821.0, 600.0]
[80.0, 32.0, 838.0, 600.0]
[144.0, 80.0, 903.0, 649.0]
[48.0, 48.0, 808.0, 618.0]
[192.0, 64.0, 953.0, 635.0]
[48.0, 48.0, 810.0, 620.0]
[48.0, 96.0, 811.0, 668.0]
[128.0, 80.0, 892.0, 653.0]
[48.0, 32.0, 813.0, 606.0]
[112.0, 16.0, 878.0, 590.0]
[144.0, 32.0, 911.0, 607.0]
[48.0, 80.0, 816.0, 656.0]
[208.0, 32.0, 977.0, 609.0]
[144.0, 48.0, 914.0, 626.0]
[160.0, 64.0, 931.0, 642.0]
[128.0, 32.0, 900.0, 611.0]
[176.0, 32.0, 949.0, 612.0]
[176.0, 64.0, 950.0, 644.0]
[192.0, 0.0, 967.0, 581.0]
[64.0, 48.0, 840.0, 630.0]
[16.0, 32.0, 793.0, 615.0]
[80.0, 64.0, 858.0, 648.0]
[32.0, 48.0, 811.0, 632.0]
[16.0, 80.0, 796.0, 665.0]
[32.0, 16.0, 813.0, 602.0]
[176.0, 48.0, 958.0, 634.0]
[160.0, 96.0, 943.0, 683.0]
[144.0, 16.0, 928.0, 604.0]
[112.0, 80.0, 897.0, 669.0]
[112.0, 0.0, 898.0, 590.0]
[48.0, 80.0, 835.0, 670.0]
[16.0, 32.0, 804.0, 623.0]
[64.0, 48.0, 853.0, 640.0]
[128.0, 0.0, 918.0, 592.0]
[192.0, 80.0, 983.0, 673.0]
[176.0, 64.0, 968.0, 658.0]
[224.0, 64.0, 1017.0, 659.0]
[160.0, 16.0, 954.0, 612.0]
[224.0, 64.0, 1019.0, 660.0]
[208.0, 32.0, 1004.0, 629.0]
[144.0, 80.0, 941.0, 678.0]
[96.0, 16.0, 894.0, 614.0]
[144.0, 0.0, 943.0, 599.0]
[208.0, 64.0, 1008.0, 664.0]
[112.0, 0.0, 913.0, 601.0]
[16.0, 0.0, 818.0, 602.0]
[48.0, 48.0, 851.0, 650.0]
[144.0, 80.0, 948.0, 683.0]
[208.0, 32.0, 1013.0, 636.0]
[32.0, 32.0, 838.0, 636.0]
[16.0, 16.0, 823.0, 621.0]
[48.0, 64.0, 856.0, 670.0]
[128.0, 64.0, 937.0, 671.0]
[16.0, 16.0, 826.0, 624.0]
[144.0, 48.0, 955.0, 656.0]
[192.0, 0.0, 1004.0, 609.0]
[80.0, 16.0, 893.0, 626.0]
[208.0, 48.0, 1022.0, 658.0]
[64.0, 16.0, 879.0, 627.0]
[32.0, 0.0, 848.0, 612.0]
[16.0, 0.0, 833.0, 613.0]
[64.0, 0.0, 882.0, 614.0]
[0.0, 32.0, 819.0, 646.0]
[128.0, 64.0, 948.0, 679.0]
[160.0, 0.0, 981.0, 616.0]
[176.0, 32.0, 998.0, 648.0]
[96.0, 32.0, 919.0, 649.0]
[16.0, 0.0, 840.0, 618.0]
[16.0, 48.0, 841.0, 667.0]
[48.0, 64.0, 874.0, 684.0]
[112.0, 0.0, 939.0, 620.0]
[80.0, 0.0, 908.0, 621.0]
[64.0, 32.0, 893.0, 654.0]
[160.0, 16.0, 990.0, 638.0]
[192.0, 48.0, 1023.0, 671.0]
[160.0, 0.0, 992.0, 624.0]
[128.0, 0.0, 961.0, 625.0]
[128.0, 48.0, 962.0, 674.0]
[0.0, 48.0, 835.0, 674.0]
[112.0, 32.0, 948.0, 659.0]
[64.0, 0.0, 901.0, 628.0]
[112.0, 32.0, 950.0, 660.0]
[80.0, 32.0, 919.0, 661.0]
[16.0, 32.0, 856.0, 662.0]
[160.0, 16.0, 1001.0, 647.0]
[128.0, 32.0, 970.0, 664.0]
[32.0, 0.0, 875.0, 632.0]
[128.0, 0.0, 972.0, 633.0]
[64.0, 48.0, 909.0, 682.0]
[32.0, 32.0, 878.0, 666.0]
[176.0, 16.0, 1023.0, 651.0]
[128.0, 48.0, 976.0, 684.0]
[144.0, 16.0, 993.0, 653.0]
[0.0, 16.0, 850.0, 654.0]
[112.0, 32.0, 963.0, 670.0]
[160.0, 16.0, 1012.0, 655.0]
[64.0, 0.0, 917.0, 640.0]
[128.0, 16.0, 982.0, 656.0]
[144.0, 32.0, 999.0, 673.0]
[64.0, 32.0, 920.0, 674.0]
[32.0, 16.0, 889.0, 659.0]
[0.0, 0.0, 858.0, 644.0]
[112.0, 16.0, 971.0, 660.0]
[96.0, 16.0, 956.0, 661.0]
[64.0, 0.0, 925.0, 646.0]
[128.0, 0.0, 990.0, 646.0]
[144.0, 0.0, 1007.0, 647.0]
[32.0, 16.0, 896.0, 664.0]
[64.0, 16.0, 929.0, 665.0]
[0.0, 16.0, 866.0, 666.0]
[0.0, 16.0, 867.0, 666.0]
[144.0, 32.0, 1012.0, 683.0]
[64.0, 0.0, 933.0, 652.0]
[96.0, 0.0, 966.0, 652.0]
[112.0, 0.0, 983.0, 653.0]
[48.0, 16.0, 920.0, 670.0]
[80.0, 16.0, 953.0, 671.0]
[48.0, 16.0, 922.0, 672.0]
[48.0, 0.0, 923.0, 656.0]
[16.0, 16.0, 892.0, 673.0]
[96.0, 16.0, 973.0, 674.0]
[0.0, 16.0, 878.0, 674.0]
[144.0, 0.0, 1023.0, 659.0]
[0.0, 16.0, 880.0, 676.0]
[16.0, 16.0, 897.0, 677.0]
[32.0, 16.0, 914.0, 678.0]
[112.0, 0.0, 995.0, 662.0]
[96.0, 16.0, 980.0, 679.0]
[128.0, 0.0, 1013.0, 664.0]
[16.0, 16.0, 902.0, 680.0]
[16.0, 0.0, 903.0, 665.0]
[32.0, 0.0, 920.0, 666.0]
[64.0, 16.0, 953.0, 683.0]
[96.0, 0.0, 986.0, 668.0]
[96.0, 16.0, 987.0, 684.0]
[112.0, 0.0, 1004.0, 669.0]
[16.0, 0.0, 909.0, 670.0]
[112.0, 0.0, 1006.0, 670.0]
[0.0, 0.0, 895.0, 671.0]
[128.0, 0.0, 1024.0, 672.0]
[32.0, 0.0, 929.0, 673.0]
[80.0, 0.0, 978.0, 674.0]
[32.0, 0.0, 931.0, 674.0]
[0.0, 0.0, 900.0, 675.0]
[0.0, 0.0, 901.0, 676.0]
[16.0, 0.0, 918.0, 676.0]
[32.0, 0.0, 935.0, 677.0]
[96.0, 0.0, 1000.0, 678.0]
[0.0, 0.0, 905.0, 679.0]
[48.0, 0.0, 954.0, 680.0]
[32.0, 0.0, 939.0, 680.0]
[16.0, 0.0, 924.0, 681.0]
[80.0, 0.0, 989.0, 682.0]
[0.0, 0.0, 910.0, 682.0]
[80.0, 0.0, 991.0, 683.0]
[64.0, 0.0, 976.0, 684.0]
