[240.0, 32.0, 957.0, 570.0]
[128.0, 48.0, 846.0, 586.0]
[192.0, 64.0, 911.0, 603.0]
[96.0, 64.0, 816.0, 604.0]
[208.0, 48.0, 929.0, 589.0]
[160.0, 16.0, 882.0, 558.0]
[160.0, 96.0, 883.0, 638.0]
[160.0, 80.0, 884.0, 623.0]
[240.0, 32.0, 965.0, 576.0]
[224.0, 32.0, 950.0, 576.0]
[112.0, 0.0, 839.0, 545.0]
[128.0, 32.0, 856.0, 578.0]
[160.0, 32.0, 889.0, 579.0]
[128.0, 80.0, 858.0, 628.0]
[192.0, 64.0, 923.0, 612.0]
[112.0, 48.0, 844.0, 597.0]
[80.0, 64.0, 813.0, 614.0]
[208.0, 0.0, 942.0, 550.0]
[144.0, 0.0, 879.0, 551.0]
[80.0, 48.0, 816.0, 600.0]
[96.0, 64.0, 833.0, 617.0]
[144.0, 16.0, 882.0, 570.0]
[96.0, 32.0, 835.0, 586.0]
[224.0, 16.0, 964.0, 571.0]
[160.0, 48.0, 901.0, 604.0]
[128.0, 80.0, 870.0, 636.0]
[96.0, 64.0, 839.0, 621.0]
[128.0, 48.0, 872.0, 606.0]
[48.0, 0.0, 793.0, 559.0]
[96.0, 32.0, 842.0, 592.0]
[80.0, 48.0, 827.0, 608.0]
[144.0, 96.0, 892.0, 657.0]
[112.0, 0.0, 861.0, 562.0]
[64.0, 16.0, 814.0, 578.0]
[192.0, 48.0, 943.0, 611.0]
[96.0, 0.0, 848.0, 564.0]
[192.0, 48.0, 945.0, 613.0]
[112.0, 80.0, 866.0, 646.0]
[144.0, 48.0, 899.0, 614.0]
[112.0, 0.0, 868.0, 567.0]
[224.0, 16.0, 981.0, 584.0]
[192.0, 0.0, 950.0, 568.0]
[224.0, 0.0, 983.0, 569.0]
[144.0, 64.0, 904.0, 634.0]
[224.0, 16.0, 985.0, 587.0]
[208.0, 16.0, 970.0, 588.0]
[208.0, 32.0, 971.0, 604.0]
[192.0, 0.0, 956.0, 573.0]
[80.0, 64.0, 845.0, 638.0]
[112.0, 64.0, 878.0, 638.0]
[112.0, 0.0, 879.0, 575.0]
[48.0, 32.0, 816.0, 608.0]
[64.0, 0.0, 833.0, 577.0]
[176.0, 16.0, 946.0, 594.0]
[176.0, 32.0, 947.0, 610.0]
[128.0, 48.0, 900.0, 627.0]
[80.0, 32.0, 853.0, 612.0]
[48.0, 0.0, 822.0, 580.0]
[192.0, 16.0, 967.0, 597.0]
[176.0, 16.0, 952.0, 598.0]
[80.0, 64.0, 857.0, 647.0]
[64.0, 0.0, 842.0, 584.0]
[48.0, 16.0, 827.0, 600.0]
[96.0, 32.0, 876.0, 617.0]
[160.0, 32.0, 941.0, 618.0]
[176.0, 32.0, 958.0, 618.0]
[112.0, 48.0, 895.0, 635.0]
[96.0, 16.0, 880.0, 604.0]
[176.0, 32.0, 961.0, 621.0]
[144.0, 16.0, 930.0, 606.0]
[96.0, 48.0, 883.0, 638.0]
[64.0, 0.0, 852.0, 591.0]
[64.0, 32.0, 853.0, 624.0]
[128.0, 32.0, 918.0, 624.0]
[128.0, 48.0, 919.0, 641.0]
[32.0, 0.0, 824.0, 594.0]
[80.0, 16.0, 873.0, 611.0]
[48.0, 0.0, 842.0, 596.0]
[64.0, 48.0, 859.0, 644.0]
[192.0, 32.0, 988.0, 629.0]
[176.0, 16.0, 973.0, 614.0]
[48.0, 16.0, 846.0, 614.0]
[48.0, 0.0, 847.0, 599.0]
[112.0, 48.0, 912.0, 648.0]
[112.0, 32.0, 913.0, 633.0]
[128.0, 48.0, 930.0, 650.0]
[96.0, 16.0, 899.0, 618.0]
[112.0, 32.0, 916.0, 635.0]
[80.0, 64.0, 885.0, 668.0]
[176.0, 32.0, 982.0, 636.0]
[112.0, 32.0, 919.0, 637.0]
[32.0, 16.0, 840.0, 622.0]
[80.0, 48.0, 889.0, 655.0]
[112.0, 16.0, 922.0, 624.0]
[128.0, 16.0, 939.0, 624.0]
[176.0, 0.0, 988.0, 609.0]
[160.0, 32.0, 973.0, 642.0]
[80.0, 48.0, 894.0, 658.0]
[112.0, 48.0, 927.0, 659.0]
[128.0, 32.0, 944.0, 644.0]
[48.0, 0.0, 865.0, 613.0]
[128.0, 32.0, 946.0, 646.0]
[32.0, 32.0, 851.0, 646.0]
[64.0, 16.0, 884.0, 631.0]
[32.0, 0.0, 853.0, 616.0]
[80.0, 16.0, 902.0, 632.0]
[64.0, 0.0, 887.0, 617.0]
[96.0, 48.0, 920.0, 666.0]
[112.0, 0.0, 937.0, 619.0]
[112.0, 48.0, 938.0, 668.0]
[96.0, 16.0, 923.0, 636.0]
[128.0, 16.0, 956.0, 637.0]
[160.0, 32.0, 989.0, 654.0]
[144.0, 16.0, 974.0, 638.0]
[96.0, 0.0, 927.0, 623.0]
[32.0, 16.0, 864.0, 640.0]
[48.0, 16.0, 881.0, 641.0]
[96.0, 48.0, 930.0, 674.0]
[96.0, 16.0, 931.0, 642.0]
[80.0, 32.0, 916.0, 659.0]
[144.0, 0.0, 981.0, 628.0]
[64.0, 16.0, 902.0, 644.0]
[48.0, 32.0, 887.0, 661.0]
[112.0, 0.0, 952.0, 630.0]
[96.0, 48.0, 937.0, 679.0]
[48.0, 32.0, 890.0, 664.0]
[80.0, 32.0, 923.0, 664.0]
[48.0, 0.0, 892.0, 633.0]
[112.0, 0.0, 957.0, 634.0]
[32.0, 16.0, 878.0, 650.0]
[144.0, 0.0, 991.0, 635.0]
[112.0, 32.0, 960.0, 668.0]
[112.0, 32.0, 961.0, 669.0]
[64.0, 32.0, 914.0, 670.0]
[128.0, 0.0, 979.0, 638.0]
[64.0, 0.0, 916.0, 639.0]
[112.0, 32.0, 965.0, 672.0]
[48.0, 0.0, 902.0, 640.0]
[48.0, 16.0, 903.0, 657.0]
[112.0, 32.0, 968.0, 674.0]
[64.0, 16.0, 921.0, 659.0]
[32.0, 16.0, 890.0, 660.0]
[80.0, 16.0, 939.0, 660.0]
[112.0, 32.0, 972.0, 677.0]
[96.0, 16.0, 957.0, 662.0]
[80.0, 32.0, 942.0, 678.0]
[128.0, 16.0, 991.0, 663.0]
[96.0, 0.0, 960.0, 648.0]
[32.0, 16.0, 897.0, 665.0]
