[144.0, 0.0, 861.0, 538.0]
[32.0, 48.0, 750.0, 586.0]
[16.0, 32.0, 735.0, 571.0]
[128.0, 0.0, 848.0, 540.0]
[80.0, 16.0, 801.0, 557.0]
[48.0, 16.0, 770.0, 558.0]
[48.0, 16.0, 771.0, 558.0]
[16.0, 0.0, 740.0, 543.0]
[112.0, 0.0, 837.0, 544.0]
[128.0, 0.0, 854.0, 544.0]
[160.0, 16.0, 887.0, 561.0]
[64.0, 0.0, 792.0, 546.0]
[80.0, 64.0, 809.0, 611.0]
[80.0, 64.0, 810.0, 612.0]
[80.0, 32.0, 811.0, 580.0]
[112.0, 0.0, 844.0, 549.0]
[80.0, 64.0, 813.0, 614.0]
[144.0, 0.0, 878.0, 550.0]
[48.0, 32.0, 783.0, 583.0]
[0.0, 32.0, 736.0, 584.0]
[64.0, 0.0, 801.0, 553.0]
[80.0, 64.0, 818.0, 618.0]
[80.0, 32.0, 819.0, 586.0]
[128.0, 16.0, 868.0, 571.0]
[16.0, 32.0, 757.0, 588.0]
[64.0, 0.0, 806.0, 556.0]
[144.0, 16.0, 887.0, 573.0]
[0.0, 0.0, 744.0, 558.0]
[96.0, 0.0, 841.0, 559.0]
[48.0, 64.0, 794.0, 624.0]
[48.0, 0.0, 795.0, 560.0]
[0.0, 0.0, 748.0, 561.0]
[48.0, 48.0, 797.0, 610.0]
[128.0, 32.0, 878.0, 594.0]
[64.0, 48.0, 815.0, 611.0]
[112.0, 32.0, 864.0, 596.0]
[96.0, 32.0, 849.0, 597.0]
[0.0, 0.0, 754.0, 566.0]
[128.0, 0.0, 883.0, 566.0]
[32.0, 48.0, 788.0, 615.0]
[96.0, 16.0, 853.0, 584.0]
[80.0, 0.0, 838.0, 568.0]
[16.0, 0.0, 775.0, 569.0]
[0.0, 16.0, 760.0, 586.0]
[80.0, 48.0, 841.0, 619.0]
[48.0, 48.0, 810.0, 620.0]
[96.0, 16.0, 859.0, 588.0]
[80.0, 48.0, 844.0, 621.0]
[112.0, 32.0, 877.0, 606.0]
[48.0, 64.0, 814.0, 638.0]
[80.0, 16.0, 847.0, 591.0]
[112.0, 16.0, 880.0, 592.0]
[32.0, 64.0, 801.0, 641.0]
[32.0, 64.0, 802.0, 642.0]
[32.0, 32.0, 803.0, 610.0]
[16.0, 48.0, 788.0, 627.0]
[32.0, 48.0, 805.0, 628.0]
[0.0, 16.0, 774.0, 596.0]
[32.0, 32.0, 807.0, 613.0]
[48.0, 32.0, 824.0, 614.0]
[16.0, 16.0, 793.0, 599.0]
[96.0, 0.0, 874.0, 584.0]
[16.0, 16.0, 795.0, 600.0]
[16.0, 16.0, 796.0, 601.0]
[32.0, 16.0, 813.0, 602.0]
[0.0, 48.0, 782.0, 634.0]
[16.0, 0.0, 799.0, 587.0]
[64.0, 0.0, 848.0, 588.0]
[0.0, 16.0, 785.0, 605.0]
[32.0, 32.0, 818.0, 622.0]
[32.0, 48.0, 819.0, 638.0]
[0.0, 48.0, 788.0, 639.0]
[64.0, 48.0, 853.0, 640.0]
[64.0, 0.0, 854.0, 592.0]
[64.0, 0.0, 855.0, 593.0]
[16.0, 48.0, 808.0, 642.0]
[32.0, 32.0, 825.0, 627.0]
[16.0, 48.0, 810.0, 644.0]
[48.0, 16.0, 843.0, 612.0]
[16.0, 32.0, 812.0, 629.0]
[80.0, 32.0, 877.0, 630.0]
[48.0, 0.0, 846.0, 598.0]
[16.0, 0.0, 815.0, 599.0]
[48.0, 0.0, 848.0, 600.0]
[16.0, 0.0, 817.0, 601.0]
[80.0, 16.0, 882.0, 618.0]
[64.0, 32.0, 867.0, 634.0]
[16.0, 32.0, 820.0, 635.0]
[48.0, 32.0, 853.0, 636.0]
[0.0, 16.0, 806.0, 620.0]
[48.0, 0.0, 855.0, 605.0]
[48.0, 32.0, 856.0, 638.0]
[80.0, 16.0, 889.0, 623.0]
[16.0, 32.0, 826.0, 640.0]
[32.0, 32.0, 843.0, 640.0]
[48.0, 32.0, 860.0, 641.0]
[48.0, 16.0, 861.0, 626.0]
[0.0, 32.0, 814.0, 642.0]
[16.0, 0.0, 831.0, 611.0]
[48.0, 16.0, 864.0, 628.0]
[48.0, 16.0, 865.0, 629.0]
[0.0, 32.0, 818.0, 646.0]
[64.0, 0.0, 883.0, 614.0]
[32.0, 0.0, 852.0, 615.0]
[16.0, 0.0, 837.0, 616.0]
[0.0, 32.0, 822.0, 648.0]
[0.0, 16.0, 823.0, 633.0]
[64.0, 0.0, 888.0, 618.0]
[32.0, 0.0, 857.0, 619.0]
[0.0, 16.0, 826.0, 636.0]
[32.0, 0.0, 859.0, 620.0]
[0.0, 16.0, 828.0, 637.0]
[32.0, 16.0, 861.0, 638.0]
[32.0, 16.0, 862.0, 638.0]
[16.0, 0.0, 847.0, 623.0]
[48.0, 0.0, 880.0, 624.0]
[32.0, 0.0, 865.0, 625.0]
[16.0, 0.0, 850.0, 626.0]
[48.0, 16.0, 883.0, 642.0]
[0.0, 0.0, 836.0, 627.0]
[32.0, 16.0, 869.0, 644.0]
[32.0, 0.0, 870.0, 628.0]
[16.0, 16.0, 855.0, 645.0]
[16.0, 0.0, 856.0, 630.0]
[32.0, 0.0, 873.0, 631.0]
[32.0, 16.0, 874.0, 648.0]
[32.0, 16.0, 875.0, 648.0]
[32.0, 16.0, 876.0, 649.0]
