[0.0, 48.0, 717.0, 586.0]
[16.0, 32.0, 734.0, 570.0]
[112.0, 128.0, 831.0, 667.0]
[32.0, 16.0, 752.0, 556.0]
[112.0, 48.0, 833.0, 589.0]
[32.0, 64.0, 754.0, 606.0]
[64.0, 16.0, 787.0, 558.0]
[32.0, 64.0, 756.0, 607.0]
[80.0, 0.0, 805.0, 544.0]
[80.0, 32.0, 806.0, 576.0]
[112.0, 96.0, 839.0, 641.0]
[48.0, 80.0, 776.0, 626.0]
[48.0, 112.0, 777.0, 659.0]
[16.0, 96.0, 746.0, 644.0]
[48.0, 64.0, 779.0, 612.0]
[80.0, 0.0, 812.0, 549.0]
[32.0, 16.0, 765.0, 566.0]
[144.0, 64.0, 878.0, 614.0]
[128.0, 80.0, 863.0, 631.0]
[0.0, 32.0, 736.0, 584.0]
[112.0, 0.0, 849.0, 553.0]
[32.0, 64.0, 770.0, 618.0]
[144.0, 96.0, 883.0, 650.0]
[64.0, 64.0, 804.0, 619.0]
[128.0, 48.0, 869.0, 604.0]
[0.0, 64.0, 742.0, 620.0]
[48.0, 64.0, 791.0, 621.0]
[80.0, 112.0, 824.0, 670.0]
[32.0, 0.0, 777.0, 559.0]
[144.0, 48.0, 890.0, 608.0]
[64.0, 80.0, 811.0, 640.0]
[16.0, 32.0, 764.0, 593.0]
[80.0, 48.0, 829.0, 610.0]
[128.0, 80.0, 878.0, 642.0]
[144.0, 32.0, 895.0, 595.0]
[128.0, 16.0, 880.0, 580.0]
[48.0, 32.0, 801.0, 597.0]
[32.0, 0.0, 786.0, 566.0]
[80.0, 112.0, 835.0, 678.0]
[80.0, 48.0, 836.0, 615.0]
[80.0, 80.0, 837.0, 648.0]
[80.0, 112.0, 838.0, 680.0]
[80.0, 80.0, 839.0, 649.0]
[16.0, 0.0, 776.0, 570.0]
[16.0, 48.0, 777.0, 619.0]
[16.0, 0.0, 778.0, 572.0]
[112.0, 16.0, 875.0, 588.0]
[96.0, 48.0, 860.0, 621.0]
[32.0, 32.0, 797.0, 606.0]
[16.0, 32.0, 782.0, 606.0]
[0.0, 16.0, 767.0, 591.0]
[0.0, 64.0, 768.0, 640.0]
[80.0, 0.0, 849.0, 577.0]
[64.0, 80.0, 834.0, 658.0]
[48.0, 48.0, 819.0, 626.0]
[128.0, 32.0, 900.0, 611.0]
[96.0, 48.0, 869.0, 628.0]
[64.0, 64.0, 838.0, 644.0]
[64.0, 48.0, 839.0, 629.0]
[128.0, 48.0, 904.0, 630.0]
[80.0, 96.0, 857.0, 679.0]
[112.0, 16.0, 890.0, 600.0]
[16.0, 32.0, 795.0, 616.0]
[32.0, 16.0, 812.0, 601.0]
[80.0, 16.0, 861.0, 602.0]
[0.0, 32.0, 782.0, 618.0]
[112.0, 96.0, 895.0, 683.0]
[0.0, 48.0, 784.0, 636.0]
[16.0, 0.0, 801.0, 589.0]
[128.0, 48.0, 914.0, 638.0]
[32.0, 48.0, 819.0, 638.0]
[16.0, 48.0, 804.0, 639.0]
[64.0, 16.0, 853.0, 608.0]
[16.0, 80.0, 806.0, 672.0]
[48.0, 16.0, 839.0, 609.0]
[64.0, 48.0, 856.0, 642.0]
[128.0, 16.0, 921.0, 611.0]
[80.0, 80.0, 874.0, 676.0]
[112.0, 48.0, 907.0, 644.0]
[80.0, 64.0, 876.0, 661.0]
[64.0, 64.0, 861.0, 662.0]
[112.0, 32.0, 910.0, 630.0]
[48.0, 48.0, 847.0, 647.0]
[96.0, 80.0, 896.0, 680.0]
[64.0, 0.0, 865.0, 601.0]
[32.0, 80.0, 834.0, 682.0]
[48.0, 48.0, 851.0, 650.0]
[144.0, 32.0, 948.0, 635.0]
[0.0, 16.0, 805.0, 620.0]
[0.0, 48.0, 806.0, 652.0]
[112.0, 64.0, 919.0, 669.0]
[112.0, 48.0, 920.0, 654.0]
[32.0, 32.0, 841.0, 639.0]
[96.0, 0.0, 906.0, 608.0]
[32.0, 16.0, 843.0, 624.0]
[32.0, 16.0, 844.0, 625.0]
[128.0, 48.0, 941.0, 658.0]
[32.0, 48.0, 846.0, 658.0]
[64.0, 16.0, 879.0, 627.0]
[48.0, 48.0, 864.0, 660.0]
[64.0, 16.0, 881.0, 629.0]
[96.0, 0.0, 914.0, 614.0]
[32.0, 32.0, 851.0, 646.0]
[96.0, 16.0, 916.0, 631.0]
[112.0, 64.0, 933.0, 680.0]
[80.0, 48.0, 902.0, 664.0]
[80.0, 32.0, 903.0, 649.0]
[16.0, 32.0, 840.0, 650.0]
[96.0, 0.0, 921.0, 619.0]
[32.0, 32.0, 858.0, 652.0]
[112.0, 0.0, 939.0, 620.0]
[16.0, 0.0, 844.0, 621.0]
[16.0, 16.0, 845.0, 638.0]
[112.0, 0.0, 942.0, 622.0]
[96.0, 48.0, 927.0, 671.0]
[128.0, 32.0, 960.0, 656.0]
[48.0, 16.0, 881.0, 641.0]
[0.0, 0.0, 834.0, 626.0]
[0.0, 48.0, 835.0, 674.0]
[48.0, 16.0, 884.0, 643.0]
[112.0, 32.0, 949.0, 660.0]
[16.0, 48.0, 854.0, 676.0]
[16.0, 0.0, 855.0, 629.0]
[16.0, 0.0, 856.0, 630.0]
[0.0, 16.0, 841.0, 647.0]
[128.0, 32.0, 970.0, 664.0]
[32.0, 32.0, 875.0, 664.0]
[32.0, 48.0, 876.0, 681.0]
[80.0, 16.0, 925.0, 650.0]
[48.0, 0.0, 894.0, 634.0]
[64.0, 16.0, 911.0, 651.0]
[112.0, 32.0, 960.0, 668.0]
[112.0, 32.0, 961.0, 669.0]
[32.0, 16.0, 882.0, 654.0]
[112.0, 32.0, 963.0, 670.0]
[16.0, 16.0, 868.0, 655.0]
[16.0, 32.0, 869.0, 672.0]
[128.0, 16.0, 982.0, 656.0]
[128.0, 16.0, 983.0, 657.0]
[16.0, 16.0, 872.0, 658.0]
[48.0, 32.0, 905.0, 675.0]
[96.0, 32.0, 954.0, 676.0]
[16.0, 0.0, 875.0, 644.0]
[112.0, 32.0, 972.0, 677.0]
[48.0, 0.0, 909.0, 646.0]
[64.0, 16.0, 926.0, 662.0]
[80.0, 0.0, 943.0, 647.0]
[112.0, 16.0, 976.0, 664.0]
[112.0, 16.0, 977.0, 665.0]
[32.0, 32.0, 898.0, 682.0]
[64.0, 32.0, 931.0, 682.0]
[96.0, 0.0, 964.0, 651.0]
[16.0, 16.0, 885.0, 668.0]
[80.0, 16.0, 950.0, 668.0]
[0.0, 0.0, 871.0, 653.0]
[112.0, 16.0, 984.0, 670.0]
[48.0, 16.0, 921.0, 671.0]
[48.0, 0.0, 922.0, 656.0]
[64.0, 16.0, 939.0, 672.0]
[112.0, 0.0, 988.0, 657.0]
[80.0, 16.0, 957.0, 674.0]
[96.0, 16.0, 974.0, 674.0]
[16.0, 16.0, 895.0, 675.0]
[80.0, 0.0, 960.0, 660.0]
[32.0, 16.0, 913.0, 677.0]
[16.0, 0.0, 898.0, 662.0]
[64.0, 16.0, 947.0, 678.0]
[16.0, 0.0, 900.0, 663.0]
[48.0, 16.0, 933.0, 680.0]
[96.0, 16.0, 982.0, 680.0]
[0.0, 0.0, 887.0, 665.0]
[64.0, 16.0, 952.0, 682.0]
[80.0, 0.0, 969.0, 667.0]
[48.0, 0.0, 938.0, 668.0]
[16.0, 0.0, 907.0, 668.0]
[64.0, 0.0, 956.0, 669.0]
[0.0, 0.0, 893.0, 670.0]
[0.0, 0.0, 894.0, 670.0]
[0.0, 0.0, 895.0, 671.0]
[80.0, 0.0, 976.0, 672.0]
[32.0, 0.0, 929.0, 673.0]
[64.0, 0.0, 962.0, 674.0]
[80.0, 0.0, 979.0, 674.0]
[48.0, 0.0, 948.0, 675.0]
[16.0, 0.0, 917.0, 676.0]
[48.0, 0.0, 950.0, 676.0]
[80.0, 0.0, 983.0, 677.0]
[80.0, 0.0, 984.0, 678.0]
[32.0, 0.0, 937.0, 679.0]
[48.0, 0.0, 954.0, 680.0]
[80.0, 0.0, 987.0, 680.0]
[48.0, 0.0, 956.0, 681.0]
[64.0, 0.0, 973.0, 682.0]
[32.0, 0.0, 942.0, 682.0]
[64.0, 0.0, 975.0, 683.0]
