[128.0, 64.0, 845.0, 602.0]
[96.0, 96.0, 814.0, 634.0]
[96.0, 128.0, 815.0, 667.0]
[48.0, 128.0, 768.0, 668.0]
[128.0, 96.0, 849.0, 637.0]
[208.0, 112.0, 930.0, 654.0]
[64.0, 128.0, 787.0, 670.0]
[48.0, 112.0, 772.0, 655.0]
[160.0, 80.0, 885.0, 624.0]
[112.0, 64.0, 838.0, 608.0]
[128.0, 80.0, 855.0, 625.0]
[240.0, 96.0, 968.0, 642.0]
[192.0, 112.0, 921.0, 659.0]
[224.0, 112.0, 954.0, 660.0]
[256.0, 112.0, 987.0, 660.0]
[80.0, 112.0, 812.0, 661.0]
[176.0, 96.0, 909.0, 646.0]
[80.0, 128.0, 814.0, 678.0]
[144.0, 48.0, 879.0, 599.0]
[160.0, 128.0, 896.0, 680.0]
[224.0, 128.0, 961.0, 681.0]
[64.0, 80.0, 802.0, 634.0]
[224.0, 96.0, 963.0, 650.0]
[208.0, 80.0, 948.0, 635.0]
[112.0, 80.0, 853.0, 636.0]
[176.0, 96.0, 918.0, 652.0]
[208.0, 112.0, 951.0, 669.0]
[240.0, 96.0, 984.0, 654.0]
[128.0, 64.0, 873.0, 623.0]
[128.0, 32.0, 874.0, 592.0]
[112.0, 112.0, 859.0, 672.0]
[208.0, 96.0, 956.0, 657.0]
[128.0, 48.0, 877.0, 610.0]
[144.0, 96.0, 894.0, 658.0]
[96.0, 48.0, 847.0, 611.0]
[80.0, 64.0, 832.0, 628.0]
[80.0, 112.0, 833.0, 677.0]
[96.0, 96.0, 850.0, 662.0]
[112.0, 96.0, 867.0, 662.0]
[48.0, 96.0, 804.0, 663.0]
[160.0, 80.0, 917.0, 648.0]
[128.0, 48.0, 886.0, 616.0]
[80.0, 64.0, 839.0, 633.0]
[64.0, 96.0, 824.0, 666.0]
[176.0, 48.0, 937.0, 619.0]
[64.0, 80.0, 826.0, 652.0]
[144.0, 48.0, 907.0, 620.0]
[112.0, 64.0, 876.0, 637.0]
[48.0, 96.0, 813.0, 670.0]
[144.0, 32.0, 910.0, 606.0]
[160.0, 96.0, 927.0, 671.0]
[64.0, 96.0, 832.0, 672.0]
[128.0, 64.0, 897.0, 641.0]
[96.0, 64.0, 866.0, 642.0]
[128.0, 32.0, 899.0, 610.0]
[160.0, 64.0, 932.0, 643.0]
[144.0, 80.0, 917.0, 660.0]
[192.0, 96.0, 966.0, 676.0]
[48.0, 80.0, 823.0, 661.0]
[80.0, 64.0, 856.0, 646.0]
[96.0, 80.0, 873.0, 663.0]
[96.0, 32.0, 874.0, 616.0]
[96.0, 96.0, 875.0, 680.0]
[128.0, 16.0, 908.0, 601.0]
[96.0, 80.0, 877.0, 666.0]
[96.0, 48.0, 878.0, 634.0]
[80.0, 48.0, 863.0, 635.0]
[112.0, 16.0, 896.0, 604.0]
[128.0, 32.0, 913.0, 621.0]
[64.0, 48.0, 850.0, 638.0]
[112.0, 32.0, 899.0, 622.0]
[112.0, 32.0, 900.0, 623.0]
[192.0, 80.0, 981.0, 672.0]
[32.0, 80.0, 822.0, 672.0]
[96.0, 80.0, 887.0, 673.0]
[112.0, 48.0, 904.0, 642.0]
[80.0, 80.0, 873.0, 675.0]
[96.0, 16.0, 890.0, 612.0]
[128.0, 16.0, 923.0, 612.0]
[112.0, 64.0, 908.0, 661.0]
[112.0, 32.0, 909.0, 630.0]
[144.0, 80.0, 942.0, 678.0]
[144.0, 64.0, 943.0, 663.0]
[160.0, 64.0, 960.0, 664.0]
[144.0, 64.0, 945.0, 665.0]
[160.0, 48.0, 962.0, 650.0]
[128.0, 48.0, 931.0, 650.0]
[48.0, 48.0, 852.0, 651.0]
[112.0, 32.0, 917.0, 636.0]
[48.0, 48.0, 854.0, 652.0]
[112.0, 16.0, 919.0, 621.0]
[128.0, 16.0, 936.0, 622.0]
[112.0, 16.0, 921.0, 623.0]
[96.0, 32.0, 906.0, 640.0]
[32.0, 48.0, 843.0, 656.0]
[160.0, 32.0, 972.0, 641.0]
[80.0, 64.0, 893.0, 674.0]
[96.0, 16.0, 910.0, 626.0]
[32.0, 64.0, 847.0, 675.0]
[160.0, 32.0, 976.0, 644.0]
[112.0, 16.0, 929.0, 629.0]
[128.0, 64.0, 946.0, 678.0]
[64.0, 32.0, 883.0, 646.0]
[48.0, 32.0, 868.0, 647.0]
[128.0, 64.0, 949.0, 680.0]
[128.0, 32.0, 950.0, 648.0]
[80.0, 32.0, 903.0, 649.0]
[32.0, 48.0, 856.0, 666.0]
[64.0, 16.0, 889.0, 635.0]
[64.0, 32.0, 890.0, 652.0]
[128.0, 48.0, 955.0, 668.0]
[48.0, 48.0, 876.0, 669.0]
[48.0, 48.0, 877.0, 670.0]
[112.0, 16.0, 942.0, 638.0]
[128.0, 32.0, 959.0, 655.0]
[160.0, 48.0, 992.0, 672.0]
[96.0, 16.0, 929.0, 641.0]
[48.0, 16.0, 882.0, 642.0]
[48.0, 48.0, 883.0, 674.0]
[112.0, 48.0, 948.0, 675.0]
[112.0, 32.0, 949.0, 660.0]
[112.0, 48.0, 950.0, 676.0]
[48.0, 16.0, 887.0, 645.0]
[64.0, 16.0, 904.0, 646.0]
[112.0, 16.0, 953.0, 647.0]
[96.0, 16.0, 938.0, 648.0]
[80.0, 32.0, 923.0, 664.0]
[128.0, 16.0, 972.0, 649.0]
[112.0, 16.0, 957.0, 650.0]
[32.0, 32.0, 878.0, 666.0]
[144.0, 32.0, 991.0, 667.0]
[80.0, 16.0, 928.0, 652.0]
[112.0, 16.0, 961.0, 653.0]
[32.0, 32.0, 882.0, 670.0]
[80.0, 32.0, 931.0, 670.0]
[32.0, 16.0, 884.0, 655.0]
[32.0, 32.0, 885.0, 672.0]
[112.0, 32.0, 966.0, 672.0]
[128.0, 32.0, 983.0, 673.0]
[112.0, 16.0, 968.0, 658.0]
[112.0, 32.0, 969.0, 675.0]
[128.0, 32.0, 986.0, 676.0]
[64.0, 16.0, 923.0, 660.0]
[96.0, 32.0, 956.0, 677.0]
[96.0, 32.0, 957.0, 678.0]
[96.0, 32.0, 958.0, 678.0]
[64.0, 16.0, 927.0, 663.0]
[64.0, 16.0, 928.0, 664.0]
