[176.0, 80.0, 893.0, 618.0]
[240.0, 112.0, 958.0, 650.0]
[256.0, 96.0, 975.0, 635.0]
[112.0, 48.0, 832.0, 588.0]
[240.0, 96.0, 961.0, 637.0]
[112.0, 32.0, 834.0, 574.0]
[272.0, 112.0, 995.0, 654.0]
[240.0, 32.0, 964.0, 575.0]
[160.0, 32.0, 885.0, 576.0]
[240.0, 32.0, 966.0, 576.0]
[192.0, 32.0, 919.0, 577.0]
[272.0, 96.0, 1000.0, 642.0]
[160.0, 48.0, 889.0, 595.0]
[160.0, 96.0, 890.0, 644.0]
[128.0, 80.0, 859.0, 628.0]
[160.0, 16.0, 892.0, 565.0]
[160.0, 48.0, 893.0, 598.0]
[160.0, 16.0, 894.0, 566.0]
[160.0, 48.0, 895.0, 599.0]
[224.0, 64.0, 960.0, 616.0]
[256.0, 32.0, 993.0, 585.0]
[96.0, 48.0, 834.0, 602.0]
[224.0, 80.0, 963.0, 634.0]
[96.0, 32.0, 836.0, 587.0]
[112.0, 96.0, 853.0, 652.0]
[224.0, 96.0, 966.0, 652.0]
[240.0, 0.0, 983.0, 557.0]
[224.0, 0.0, 968.0, 558.0]
[240.0, 16.0, 985.0, 575.0]
[160.0, 32.0, 906.0, 592.0]
[112.0, 32.0, 859.0, 592.0]
[160.0, 64.0, 908.0, 625.0]
[160.0, 64.0, 909.0, 626.0]
[208.0, 80.0, 958.0, 642.0]
[144.0, 112.0, 895.0, 675.0]
[224.0, 96.0, 976.0, 660.0]
[256.0, 48.0, 1009.0, 613.0]
[224.0, 0.0, 978.0, 566.0]
[192.0, 112.0, 947.0, 678.0]
[80.0, 48.0, 836.0, 615.0]
[80.0, 80.0, 837.0, 648.0]
[192.0, 32.0, 950.0, 600.0]
[144.0, 0.0, 903.0, 569.0]
[80.0, 48.0, 840.0, 618.0]
[144.0, 32.0, 905.0, 603.0]
[96.0, 32.0, 858.0, 604.0]
[80.0, 80.0, 843.0, 652.0]
[224.0, 64.0, 988.0, 637.0]
[128.0, 32.0, 893.0, 606.0]
[128.0, 32.0, 894.0, 606.0]
[112.0, 0.0, 879.0, 575.0]
[112.0, 48.0, 880.0, 624.0]
[192.0, 80.0, 961.0, 657.0]
[128.0, 64.0, 898.0, 642.0]
[112.0, 48.0, 883.0, 626.0]
[224.0, 32.0, 996.0, 611.0]
[176.0, 64.0, 949.0, 644.0]
[192.0, 64.0, 966.0, 644.0]
[224.0, 80.0, 999.0, 661.0]
[64.0, 80.0, 840.0, 662.0]
[160.0, 48.0, 937.0, 631.0]
[64.0, 64.0, 842.0, 648.0]
[128.0, 48.0, 907.0, 632.0]
[176.0, 48.0, 956.0, 633.0]
[128.0, 80.0, 909.0, 666.0]
[96.0, 48.0, 878.0, 634.0]
[240.0, 32.0, 1023.0, 619.0]
[176.0, 64.0, 960.0, 652.0]
[160.0, 48.0, 945.0, 637.0]
[176.0, 64.0, 962.0, 654.0]
[144.0, 48.0, 931.0, 638.0]
[160.0, 0.0, 948.0, 591.0]
[112.0, 32.0, 901.0, 624.0]
[224.0, 48.0, 1014.0, 640.0]
[224.0, 32.0, 1015.0, 625.0]
[80.0, 0.0, 872.0, 594.0]
[192.0, 80.0, 985.0, 675.0]
[192.0, 48.0, 986.0, 644.0]
[128.0, 16.0, 923.0, 612.0]
[224.0, 32.0, 1020.0, 629.0]
[64.0, 16.0, 861.0, 614.0]
[80.0, 80.0, 878.0, 678.0]
[224.0, 48.0, 1023.0, 647.0]
[80.0, 0.0, 880.0, 600.0]
[48.0, 16.0, 849.0, 617.0]
[64.0, 0.0, 866.0, 602.0]
[192.0, 16.0, 995.0, 618.0]
[80.0, 48.0, 884.0, 651.0]
[144.0, 64.0, 949.0, 668.0]
[160.0, 0.0, 966.0, 604.0]
[144.0, 48.0, 951.0, 653.0]
[80.0, 64.0, 888.0, 670.0]
[160.0, 16.0, 969.0, 623.0]
[32.0, 32.0, 842.0, 640.0]
[96.0, 48.0, 907.0, 656.0]
[176.0, 48.0, 988.0, 657.0]
[160.0, 16.0, 973.0, 626.0]
[160.0, 16.0, 974.0, 626.0]
[96.0, 32.0, 911.0, 643.0]
[208.0, 64.0, 1024.0, 676.0]
[96.0, 0.0, 913.0, 613.0]
[48.0, 32.0, 866.0, 646.0]
[176.0, 48.0, 995.0, 662.0]
[128.0, 48.0, 948.0, 663.0]
[48.0, 48.0, 869.0, 664.0]
[96.0, 32.0, 918.0, 648.0]
[176.0, 16.0, 999.0, 633.0]
[176.0, 16.0, 1000.0, 634.0]
[144.0, 48.0, 969.0, 667.0]
[128.0, 0.0, 954.0, 620.0]
[96.0, 32.0, 923.0, 652.0]
[64.0, 16.0, 892.0, 637.0]
[192.0, 32.0, 1021.0, 654.0]
[176.0, 16.0, 1006.0, 638.0]
[96.0, 48.0, 927.0, 671.0]
[64.0, 16.0, 896.0, 640.0]
[96.0, 32.0, 929.0, 657.0]
[32.0, 0.0, 866.0, 626.0]
[144.0, 32.0, 979.0, 658.0]
[64.0, 32.0, 900.0, 659.0]
[64.0, 32.0, 901.0, 660.0]
[48.0, 16.0, 886.0, 644.0]
[144.0, 0.0, 983.0, 629.0]
[16.0, 0.0, 856.0, 630.0]
[64.0, 32.0, 905.0, 663.0]
[80.0, 32.0, 922.0, 664.0]
[16.0, 0.0, 859.0, 632.0]
[96.0, 0.0, 940.0, 633.0]
[48.0, 0.0, 893.0, 634.0]
[80.0, 0.0, 926.0, 634.0]
[0.0, 16.0, 847.0, 651.0]
[128.0, 0.0, 976.0, 636.0]
[16.0, 16.0, 865.0, 653.0]
[64.0, 16.0, 914.0, 654.0]
[0.0, 16.0, 851.0, 654.0]
[16.0, 16.0, 868.0, 655.0]
[112.0, 16.0, 965.0, 656.0]
[16.0, 32.0, 870.0, 672.0]
[160.0, 32.0, 1015.0, 673.0]
[32.0, 0.0, 888.0, 642.0]
[144.0, 0.0, 1001.0, 643.0]
[112.0, 32.0, 970.0, 676.0]
[48.0, 32.0, 907.0, 676.0]
[80.0, 16.0, 940.0, 661.0]
[48.0, 16.0, 909.0, 662.0]
[64.0, 0.0, 926.0, 646.0]
[48.0, 16.0, 911.0, 663.0]
[96.0, 0.0, 960.0, 648.0]
[128.0, 16.0, 993.0, 665.0]
[144.0, 0.0, 1010.0, 650.0]
[64.0, 0.0, 931.0, 650.0]
[16.0, 16.0, 884.0, 667.0]
[0.0, 16.0, 869.0, 668.0]
[32.0, 0.0, 902.0, 652.0]
[80.0, 0.0, 951.0, 653.0]
[0.0, 0.0, 872.0, 654.0]
[128.0, 16.0, 1001.0, 671.0]
[112.0, 0.0, 986.0, 656.0]
[144.0, 0.0, 1019.0, 656.0]
[128.0, 0.0, 1004.0, 657.0]
[112.0, 0.0, 989.0, 658.0]
[80.0, 16.0, 958.0, 674.0]
[128.0, 16.0, 1007.0, 675.0]
[96.0, 0.0, 976.0, 660.0]
[128.0, 16.0, 1009.0, 677.0]
[80.0, 0.0, 962.0, 662.0]
[0.0, 0.0, 883.0, 662.0]
[32.0, 0.0, 916.0, 663.0]
[16.0, 0.0, 901.0, 664.0]
[128.0, 0.0, 1014.0, 664.0]
[48.0, 0.0, 935.0, 665.0]
[80.0, 0.0, 968.0, 666.0]
[112.0, 0.0, 1001.0, 667.0]
[128.0, 0.0, 1018.0, 668.0]
[32.0, 0.0, 923.0, 668.0]
[128.0, 0.0, 1020.0, 669.0]
[64.0, 0.0, 957.0, 670.0]
[128.0, 0.0, 1022.0, 670.0]
[96.0, 0.0, 991.0, 671.0]
[48.0, 0.0, 944.0, 672.0]
[80.0, 0.0, 977.0, 673.0]
[32.0, 0.0, 930.0, 674.0]
[80.0, 0.0, 979.0, 674.0]
[0.0, 0.0, 900.0, 675.0]
[96.0, 0.0, 997.0, 676.0]
[0.0, 0.0, 902.0, 676.0]
[64.0, 0.0, 967.0, 677.0]
[16.0, 0.0, 920.0, 678.0]
