[192.0, 32.0, 909.0, 570.0]
[32.0, 32.0, 750.0, 570.0]
[112.0, 48.0, 831.0, 587.0]
[208.0, 64.0, 928.0, 604.0]
[240.0, 48.0, 961.0, 589.0]
[208.0, 32.0, 930.0, 574.0]
[240.0, 48.0, 963.0, 590.0]
[48.0, 64.0, 772.0, 607.0]
[64.0, 48.0, 789.0, 592.0]
[160.0, 64.0, 886.0, 608.0]
[224.0, 64.0, 951.0, 609.0]
[192.0, 48.0, 920.0, 594.0]
[176.0, 16.0, 905.0, 563.0]
[48.0, 16.0, 778.0, 564.0]
[208.0, 48.0, 939.0, 596.0]
[144.0, 64.0, 876.0, 613.0]
[48.0, 32.0, 781.0, 582.0]
[208.0, 64.0, 942.0, 614.0]
[96.0, 48.0, 831.0, 599.0]
[64.0, 64.0, 800.0, 616.0]
[176.0, 64.0, 913.0, 617.0]
[48.0, 64.0, 786.0, 618.0]
[80.0, 48.0, 819.0, 602.0]
[176.0, 16.0, 916.0, 571.0]
[64.0, 32.0, 805.0, 588.0]
[160.0, 0.0, 902.0, 556.0]
[64.0, 48.0, 807.0, 605.0]
[192.0, 48.0, 936.0, 606.0]
[192.0, 32.0, 937.0, 591.0]
[224.0, 0.0, 970.0, 560.0]
[272.0, 32.0, 1019.0, 592.0]
[48.0, 64.0, 796.0, 625.0]
[224.0, 32.0, 973.0, 594.0]
[192.0, 16.0, 942.0, 578.0]
[64.0, 0.0, 815.0, 563.0]
[192.0, 48.0, 944.0, 612.0]
[224.0, 0.0, 977.0, 565.0]
[112.0, 32.0, 866.0, 598.0]
[32.0, 48.0, 787.0, 614.0]
[48.0, 48.0, 804.0, 615.0]
[176.0, 48.0, 933.0, 616.0]
[32.0, 32.0, 790.0, 600.0]
[176.0, 0.0, 935.0, 569.0]
[160.0, 48.0, 920.0, 618.0]
[96.0, 32.0, 857.0, 603.0]
[32.0, 32.0, 794.0, 604.0]
[128.0, 0.0, 891.0, 572.0]
[176.0, 0.0, 940.0, 573.0]
[32.0, 48.0, 797.0, 622.0]
[176.0, 64.0, 942.0, 638.0]
[144.0, 48.0, 911.0, 623.0]
[240.0, 16.0, 1008.0, 592.0]
[64.0, 48.0, 833.0, 625.0]
[112.0, 48.0, 882.0, 626.0]
[176.0, 48.0, 947.0, 626.0]
[176.0, 64.0, 948.0, 643.0]
[224.0, 32.0, 997.0, 612.0]
[112.0, 0.0, 886.0, 580.0]
[112.0, 64.0, 887.0, 645.0]
[0.0, 16.0, 776.0, 598.0]
[64.0, 16.0, 841.0, 599.0]
[224.0, 16.0, 1002.0, 600.0]
[112.0, 0.0, 891.0, 584.0]
[48.0, 32.0, 828.0, 617.0]
[224.0, 0.0, 1005.0, 586.0]
[96.0, 48.0, 878.0, 634.0]
[160.0, 64.0, 943.0, 651.0]
[208.0, 32.0, 992.0, 620.0]
[96.0, 0.0, 881.0, 589.0]
[144.0, 48.0, 930.0, 638.0]
[176.0, 16.0, 963.0, 606.0]
[224.0, 0.0, 1012.0, 591.0]
[96.0, 16.0, 885.0, 608.0]
[32.0, 48.0, 822.0, 640.0]
[144.0, 48.0, 935.0, 641.0]
[80.0, 32.0, 872.0, 626.0]
[0.0, 0.0, 793.0, 595.0]
[208.0, 32.0, 1002.0, 628.0]
[32.0, 32.0, 827.0, 628.0]
[160.0, 32.0, 956.0, 629.0]
[80.0, 32.0, 877.0, 630.0]
[176.0, 0.0, 974.0, 598.0]
[112.0, 0.0, 911.0, 599.0]
[128.0, 0.0, 928.0, 600.0]
[32.0, 32.0, 833.0, 633.0]
[32.0, 0.0, 834.0, 602.0]
[32.0, 64.0, 835.0, 666.0]
[96.0, 16.0, 900.0, 619.0]
[128.0, 48.0, 933.0, 652.0]
[208.0, 16.0, 1014.0, 620.0]
[192.0, 32.0, 999.0, 637.0]
[208.0, 0.0, 1016.0, 606.0]
[96.0, 32.0, 905.0, 639.0]
[160.0, 0.0, 970.0, 608.0]
[176.0, 0.0, 987.0, 608.0]
[144.0, 32.0, 956.0, 641.0]
[160.0, 48.0, 973.0, 658.0]
[48.0, 16.0, 862.0, 626.0]
[80.0, 32.0, 895.0, 643.0]
[0.0, 32.0, 816.0, 644.0]
[16.0, 0.0, 833.0, 613.0]
[16.0, 16.0, 834.0, 630.0]
[176.0, 48.0, 995.0, 662.0]
[128.0, 64.0, 948.0, 679.0]
[160.0, 48.0, 981.0, 664.0]
[32.0, 64.0, 854.0, 680.0]
[80.0, 32.0, 903.0, 649.0]
[16.0, 32.0, 840.0, 650.0]
[96.0, 0.0, 921.0, 619.0]
[0.0, 32.0, 826.0, 652.0]
[32.0, 0.0, 859.0, 620.0]
[112.0, 48.0, 940.0, 669.0]
[64.0, 16.0, 893.0, 638.0]
[128.0, 0.0, 958.0, 622.0]
[128.0, 48.0, 959.0, 671.0]
[96.0, 32.0, 928.0, 656.0]
[48.0, 32.0, 881.0, 657.0]
[80.0, 16.0, 914.0, 642.0]
[64.0, 48.0, 899.0, 674.0]
[16.0, 32.0, 852.0, 659.0]
[144.0, 16.0, 981.0, 644.0]
[160.0, 0.0, 998.0, 628.0]
[160.0, 0.0, 999.0, 629.0]
[48.0, 48.0, 888.0, 678.0]
[96.0, 16.0, 937.0, 647.0]
[0.0, 48.0, 842.0, 680.0]
[96.0, 0.0, 939.0, 632.0]
[64.0, 0.0, 908.0, 633.0]
[112.0, 16.0, 957.0, 650.0]
[112.0, 32.0, 958.0, 666.0]
[80.0, 32.0, 927.0, 667.0]
[64.0, 32.0, 912.0, 668.0]
[48.0, 32.0, 897.0, 669.0]
[144.0, 16.0, 994.0, 654.0]
[80.0, 32.0, 931.0, 670.0]
[128.0, 16.0, 980.0, 655.0]
[48.0, 16.0, 901.0, 656.0]
[64.0, 32.0, 918.0, 672.0]
[64.0, 0.0, 919.0, 641.0]
[80.0, 16.0, 936.0, 658.0]
[48.0, 16.0, 905.0, 659.0]
[16.0, 0.0, 874.0, 644.0]
[160.0, 16.0, 1019.0, 660.0]
[96.0, 16.0, 956.0, 661.0]
[80.0, 32.0, 941.0, 678.0]
[32.0, 16.0, 894.0, 662.0]
[64.0, 16.0, 927.0, 663.0]
[64.0, 0.0, 928.0, 648.0]
[144.0, 32.0, 1009.0, 681.0]
[64.0, 16.0, 930.0, 666.0]
[32.0, 16.0, 899.0, 666.0]
[32.0, 0.0, 900.0, 651.0]
[32.0, 16.0, 901.0, 668.0]
[64.0, 0.0, 934.0, 652.0]
[48.0, 16.0, 919.0, 669.0]
[32.0, 0.0, 904.0, 654.0]
[16.0, 0.0, 889.0, 655.0]
[112.0, 0.0, 986.0, 656.0]
[128.0, 0.0, 1003.0, 656.0]
[144.0, 16.0, 1020.0, 673.0]
[128.0, 16.0, 1005.0, 674.0]
[16.0, 0.0, 894.0, 658.0]
[0.0, 0.0, 879.0, 659.0]
[32.0, 16.0, 912.0, 676.0]
[0.0, 16.0, 881.0, 677.0]
[96.0, 0.0, 978.0, 662.0]
[96.0, 16.0, 979.0, 678.0]
[0.0, 0.0, 884.0, 663.0]
[64.0, 0.0, 949.0, 664.0]
[48.0, 16.0, 934.0, 680.0]
[48.0, 16.0, 935.0, 681.0]
[48.0, 0.0, 936.0, 666.0]
[32.0, 0.0, 921.0, 667.0]
[16.0, 0.0, 906.0, 668.0]
[112.0, 0.0, 1003.0, 668.0]
[128.0, 0.0, 1020.0, 669.0]
[80.0, 0.0, 973.0, 670.0]
[64.0, 0.0, 958.0, 670.0]
[32.0, 0.0, 927.0, 671.0]
[112.0, 0.0, 1008.0, 672.0]
[96.0, 0.0, 993.0, 673.0]
[0.0, 0.0, 898.0, 674.0]
[64.0, 0.0, 963.0, 674.0]
[112.0, 0.0, 1012.0, 675.0]
[112.0, 0.0, 1013.0, 676.0]
[48.0, 0.0, 950.0, 676.0]
[80.0, 0.0, 983.0, 677.0]
[16.0, 0.0, 920.0, 678.0]
[48.0, 0.0, 953.0, 679.0]
[64.0, 0.0, 970.0, 680.0]
[48.0, 0.0, 955.0, 680.0]
[32.0, 0.0, 940.0, 681.0]
[48.0, 0.0, 957.0, 682.0]
[64.0, 0.0, 974.0, 682.0]
[80.0, 0.0, 991.0, 683.0]
