[176.0, 128.0, 924.0, 689.0]
[160.0, 144.0, 909.0, 706.0]
[144.0, 144.0, 894.0, 706.0]
[224.0, 144.0, 975.0, 707.0]
[208.0, 160.0, 960.0, 724.0]
[160.0, 176.0, 913.0, 741.0]
[144.0, 112.0, 898.0, 678.0]
[128.0, 144.0, 883.0, 710.0]
[224.0, 128.0, 980.0, 695.0]
[208.0, 128.0, 965.0, 696.0]
[192.0, 144.0, 950.0, 712.0]
[192.0, 160.0, 951.0, 729.0]
[128.0, 224.0, 888.0, 794.0]
[224.0, 160.0, 985.0, 731.0]
[208.0, 176.0, 970.0, 748.0]
[224.0, 176.0, 987.0, 748.0]
[144.0, 128.0, 908.0, 701.0]
[128.0, 240.0, 893.0, 814.0]
[224.0, 224.0, 990.0, 798.0]
[160.0, 208.0, 927.0, 783.0]
[208.0, 112.0, 976.0, 688.0]
[160.0, 208.0, 929.0, 785.0]
[144.0, 192.0, 914.0, 770.0]
[144.0, 176.0, 915.0, 754.0]
[176.0, 224.0, 948.0, 803.0]
[128.0, 128.0, 901.0, 708.0]
[208.0, 208.0, 982.0, 788.0]
[208.0, 96.0, 983.0, 677.0]
[144.0, 224.0, 920.0, 806.0]
[112.0, 128.0, 889.0, 711.0]
[176.0, 144.0, 954.0, 728.0]
[112.0, 160.0, 891.0, 744.0]
[192.0, 80.0, 972.0, 665.0]
[96.0, 128.0, 877.0, 714.0]
[160.0, 192.0, 942.0, 778.0]
[176.0, 112.0, 959.0, 699.0]
[144.0, 128.0, 928.0, 716.0]
[192.0, 208.0, 977.0, 797.0]
[208.0, 192.0, 994.0, 782.0]
[192.0, 112.0, 979.0, 702.0]
[192.0, 112.0, 980.0, 703.0]
[208.0, 128.0, 997.0, 720.0]
[160.0, 128.0, 950.0, 720.0]
[160.0, 128.0, 951.0, 721.0]
[80.0, 208.0, 872.0, 802.0]
[128.0, 144.0, 921.0, 739.0]
[96.0, 96.0, 890.0, 692.0]
[112.0, 176.0, 907.0, 772.0]
[176.0, 240.0, 972.0, 837.0]
[208.0, 112.0, 1005.0, 710.0]
[96.0, 144.0, 894.0, 742.0]
[224.0, 96.0, 1023.0, 695.0]
[112.0, 160.0, 912.0, 760.0]
[192.0, 144.0, 993.0, 745.0]
[176.0, 176.0, 978.0, 778.0]
[208.0, 96.0, 1011.0, 698.0]
[208.0, 128.0, 1012.0, 731.0]
[176.0, 144.0, 981.0, 748.0]
[144.0, 112.0, 950.0, 716.0]
[96.0, 96.0, 903.0, 701.0]
[176.0, 64.0, 984.0, 670.0]
[128.0, 224.0, 937.0, 831.0]
[176.0, 192.0, 986.0, 800.0]
[80.0, 128.0, 891.0, 736.0]
[208.0, 208.0, 1020.0, 817.0]
[96.0, 80.0, 909.0, 690.0]
[112.0, 176.0, 926.0, 786.0]
[176.0, 160.0, 991.0, 771.0]
[128.0, 128.0, 944.0, 740.0]
[96.0, 224.0, 913.0, 837.0]
[128.0, 144.0, 946.0, 758.0]
[144.0, 48.0, 963.0, 662.0]
[128.0, 128.0, 948.0, 743.0]
[160.0, 144.0, 981.0, 760.0]
[192.0, 144.0, 1014.0, 760.0]
[48.0, 160.0, 871.0, 777.0]
[96.0, 160.0, 920.0, 778.0]
[112.0, 208.0, 937.0, 827.0]
[48.0, 128.0, 874.0, 748.0]
[176.0, 96.0, 1003.0, 716.0]
[128.0, 80.0, 956.0, 701.0]
[144.0, 160.0, 973.0, 782.0]
[80.0, 144.0, 910.0, 766.0]
[144.0, 176.0, 975.0, 799.0]
[160.0, 80.0, 992.0, 704.0]
[32.0, 160.0, 865.0, 785.0]
[128.0, 32.0, 962.0, 658.0]
[176.0, 176.0, 1011.0, 802.0]
[176.0, 192.0, 1012.0, 819.0]
[176.0, 80.0, 1013.0, 708.0]
[112.0, 208.0, 950.0, 836.0]
[80.0, 192.0, 919.0, 821.0]
[112.0, 80.0, 952.0, 710.0]
[112.0, 208.0, 953.0, 839.0]
[80.0, 64.0, 922.0, 696.0]
[160.0, 176.0, 1003.0, 808.0]
[112.0, 208.0, 956.0, 841.0]
[144.0, 160.0, 989.0, 794.0]
[80.0, 192.0, 926.0, 826.0]
[48.0, 128.0, 895.0, 763.0]
[80.0, 80.0, 928.0, 716.0]
[112.0, 144.0, 961.0, 781.0]
[128.0, 192.0, 978.0, 830.0]
[48.0, 112.0, 899.0, 750.0]
[128.0, 96.0, 980.0, 735.0]
[160.0, 64.0, 1013.0, 704.0]
[48.0, 144.0, 902.0, 784.0]
[64.0, 176.0, 919.0, 817.0]
[32.0, 112.0, 888.0, 754.0]
[96.0, 48.0, 953.0, 691.0]
[48.0, 96.0, 906.0, 740.0]
[144.0, 128.0, 1003.0, 772.0]
[128.0, 96.0, 988.0, 741.0]
[144.0, 176.0, 1005.0, 822.0]
[16.0, 144.0, 878.0, 790.0]
[144.0, 80.0, 1007.0, 727.0]
[48.0, 160.0, 912.0, 808.0]
[128.0, 160.0, 993.0, 809.0]
[16.0, 96.0, 882.0, 746.0]
[64.0, 144.0, 931.0, 794.0]
[0.0, 144.0, 868.0, 795.0]
[112.0, 176.0, 981.0, 828.0]
[96.0, 160.0, 966.0, 812.0]
[32.0, 176.0, 903.0, 829.0]
[0.0, 128.0, 872.0, 782.0]
[128.0, 16.0, 1001.0, 671.0]
[128.0, 160.0, 1002.0, 816.0]
[32.0, 176.0, 907.0, 832.0]
[80.0, 144.0, 956.0, 801.0]
[144.0, 80.0, 1021.0, 738.0]
[112.0, 32.0, 990.0, 690.0]
[32.0, 176.0, 911.0, 835.0]
[16.0, 96.0, 896.0, 756.0]
[96.0, 96.0, 977.0, 757.0]
[0.0, 128.0, 882.0, 790.0]
[96.0, 48.0, 979.0, 710.0]
[32.0, 64.0, 916.0, 727.0]
[112.0, 80.0, 997.0, 744.0]
[0.0, 128.0, 886.0, 792.0]
[128.0, 32.0, 1015.0, 697.0]
[64.0, 96.0, 952.0, 762.0]
[0.0, 112.0, 889.0, 779.0]
[48.0, 96.0, 938.0, 764.0]
[112.0, 48.0, 1003.0, 716.0]
[128.0, 128.0, 1020.0, 797.0]
[32.0, 144.0, 925.0, 814.0]
[48.0, 128.0, 942.0, 798.0]
[112.0, 32.0, 1007.0, 703.0]
[96.0, 64.0, 992.0, 736.0]
[64.0, 160.0, 961.0, 833.0]
[96.0, 144.0, 994.0, 818.0]
[0.0, 80.0, 899.0, 754.0]
[112.0, 64.0, 1012.0, 739.0]
[80.0, 144.0, 981.0, 820.0]
[112.0, 64.0, 1014.0, 740.0]
[32.0, 48.0, 935.0, 725.0]
[80.0, 144.0, 984.0, 822.0]
[64.0, 32.0, 969.0, 711.0]
[0.0, 160.0, 906.0, 840.0]
[80.0, 128.0, 987.0, 808.0]
[64.0, 160.0, 972.0, 841.0]
[64.0, 144.0, 973.0, 826.0]
[64.0, 64.0, 974.0, 746.0]
[32.0, 112.0, 943.0, 795.0]
[0.0, 128.0, 912.0, 812.0]
[80.0, 96.0, 993.0, 781.0]
[64.0, 128.0, 978.0, 814.0]
[80.0, 64.0, 995.0, 750.0]
[48.0, 80.0, 964.0, 767.0]
[0.0, 80.0, 917.0, 768.0]
[0.0, 144.0, 918.0, 832.0]
[64.0, 16.0, 983.0, 705.0]
[64.0, 80.0, 984.0, 770.0]
[0.0, 128.0, 921.0, 819.0]
[32.0, 48.0, 954.0, 740.0]
[64.0, 128.0, 987.0, 820.0]
[32.0, 128.0, 956.0, 821.0]
[0.0, 64.0, 925.0, 758.0]
[64.0, 64.0, 990.0, 758.0]
[64.0, 32.0, 991.0, 727.0]
[96.0, 144.0, 1024.0, 840.0]
[16.0, 48.0, 945.0, 745.0]
[64.0, 16.0, 994.0, 714.0]
[16.0, 128.0, 947.0, 826.0]
[48.0, 32.0, 980.0, 731.0]
[80.0, 96.0, 1013.0, 796.0]
[64.0, 80.0, 998.0, 780.0]
[80.0, 48.0, 1015.0, 749.0]
[80.0, 112.0, 1016.0, 814.0]
[16.0, 32.0, 953.0, 735.0]
[16.0, 32.0, 954.0, 736.0]
[16.0, 96.0, 955.0, 800.0]
[64.0, 96.0, 1004.0, 801.0]
[48.0, 64.0, 989.0, 770.0]
[0.0, 128.0, 942.0, 834.0]
[48.0, 80.0, 991.0, 787.0]
[32.0, 128.0, 976.0, 836.0]
[48.0, 80.0, 993.0, 789.0]
[16.0, 48.0, 962.0, 758.0]
[16.0, 64.0, 963.0, 774.0]
[0.0, 64.0, 948.0, 775.0]
[16.0, 112.0, 965.0, 824.0]
[16.0, 96.0, 966.0, 808.0]
[32.0, 16.0, 983.0, 729.0]
[64.0, 112.0, 1016.0, 826.0]
[32.0, 112.0, 985.0, 827.0]
[0.0, 48.0, 954.0, 764.0]
[48.0, 112.0, 1003.0, 828.0]
[16.0, 48.0, 972.0, 765.0]
[32.0, 16.0, 989.0, 734.0]
[16.0, 16.0, 974.0, 734.0]
[0.0, 32.0, 959.0, 751.0]
[64.0, 96.0, 1024.0, 816.0]
[32.0, 96.0, 993.0, 817.0]
[0.0, 96.0, 962.0, 818.0]
[32.0, 112.0, 995.0, 834.0]
[0.0, 64.0, 964.0, 787.0]
[16.0, 80.0, 981.0, 804.0]
[32.0, 32.0, 998.0, 756.0]
[32.0, 48.0, 999.0, 773.0]
[32.0, 48.0, 1000.0, 774.0]
[32.0, 64.0, 1001.0, 791.0]
[0.0, 64.0, 970.0, 792.0]
[48.0, 112.0, 1019.0, 840.0]
[0.0, 96.0, 972.0, 825.0]
[16.0, 96.0, 989.0, 826.0]
[32.0, 96.0, 1006.0, 826.0]
[0.0, 64.0, 975.0, 795.0]
[0.0, 48.0, 976.0, 780.0]
[32.0, 96.0, 1009.0, 829.0]
[0.0, 80.0, 978.0, 814.0]
[32.0, 80.0, 1011.0, 814.0]
[16.0, 48.0, 996.0, 783.0]
[32.0, 64.0, 1013.0, 800.0]
[0.0, 96.0, 982.0, 832.0]
[16.0, 64.0, 999.0, 801.0]
[16.0, 32.0, 1000.0, 770.0]
[32.0, 32.0, 1017.0, 771.0]
[16.0, 16.0, 1002.0, 756.0]
[32.0, 96.0, 1019.0, 836.0]
[0.0, 96.0, 988.0, 837.0]
[16.0, 80.0, 1005.0, 822.0]
[32.0, 16.0, 1022.0, 758.0]
[0.0, 48.0, 991.0, 791.0]
[16.0, 16.0, 1008.0, 760.0]
[16.0, 96.0, 1009.0, 841.0]
[16.0, 64.0, 1010.0, 810.0]
[0.0, 48.0, 995.0, 794.0]
[16.0, 16.0, 1012.0, 763.0]
[16.0, 32.0, 1013.0, 780.0]
[16.0, 64.0, 1014.0, 812.0]
[16.0, 32.0, 1015.0, 781.0]
[0.0, 32.0, 1000.0, 782.0]
[0.0, 32.0, 1001.0, 783.0]
[0.0, 64.0, 1002.0, 816.0]
[16.0, 32.0, 1019.0, 784.0]
[0.0, 80.0, 1004.0, 833.0]
[16.0, 16.0, 1021.0, 770.0]
[0.0, 16.0, 1006.0, 770.0]
[16.0, 64.0, 1023.0, 819.0]
[0.0, 32.0, 1008.0, 788.0]
[0.0, 80.0, 1009.0, 837.0]
[0.0, 16.0, 1010.0, 774.0]
[0.0, 64.0, 1011.0, 822.0]
[0.0, 64.0, 1012.0, 823.0]
[0.0, 80.0, 1013.0, 840.0]
[0.0, 80.0, 1014.0, 840.0]
[0.0, 16.0, 1015.0, 777.0]
[0.0, 16.0, 1016.0, 778.0]
[0.0, 64.0, 1017.0, 827.0]
[0.0, 32.0, 1018.0, 796.0]
[0.0, 16.0, 1019.0, 780.0]
[0.0, 16.0, 1020.0, 781.0]
[0.0, 32.0, 1021.0, 798.0]
[0.0, 64.0, 1022.0, 830.0]
[0.0, 16.0, 1023.0, 783.0]
[0.0, 16.0, 1024.0, 784.0]
