[128.0, 64.0, 845.0, 602.0]
[128.0, 64.0, 846.0, 602.0]
[32.0, 48.0, 751.0, 587.0]
[112.0, 64.0, 832.0, 604.0]
[160.0, 64.0, 881.0, 605.0]
[128.0, 16.0, 850.0, 558.0]
[144.0, 48.0, 867.0, 590.0]
[80.0, 16.0, 804.0, 559.0]
[160.0, 16.0, 885.0, 560.0]
[192.0, 48.0, 918.0, 592.0]
[144.0, 64.0, 871.0, 609.0]
[128.0, 32.0, 856.0, 578.0]
[192.0, 48.0, 921.0, 595.0]
[256.0, 16.0, 986.0, 564.0]
[112.0, 32.0, 843.0, 580.0]
[96.0, 48.0, 828.0, 597.0]
[80.0, 32.0, 813.0, 582.0]
[80.0, 32.0, 814.0, 582.0]
[176.0, 16.0, 911.0, 567.0]
[112.0, 32.0, 848.0, 584.0]
[144.0, 16.0, 881.0, 569.0]
[192.0, 48.0, 930.0, 602.0]
[208.0, 64.0, 947.0, 618.0]
[144.0, 48.0, 884.0, 603.0]
[112.0, 64.0, 853.0, 620.0]
[224.0, 16.0, 966.0, 572.0]
[208.0, 0.0, 951.0, 557.0]
[80.0, 0.0, 824.0, 558.0]
[96.0, 32.0, 841.0, 591.0]
[112.0, 32.0, 858.0, 592.0]
[64.0, 32.0, 811.0, 592.0]
[48.0, 32.0, 796.0, 593.0]
[192.0, 32.0, 941.0, 594.0]
[64.0, 32.0, 814.0, 594.0]
[240.0, 0.0, 991.0, 563.0]
[80.0, 0.0, 832.0, 564.0]
[128.0, 48.0, 881.0, 613.0]
[192.0, 32.0, 946.0, 598.0]
[192.0, 16.0, 947.0, 582.0]
[64.0, 16.0, 820.0, 583.0]
[160.0, 16.0, 917.0, 584.0]
[16.0, 16.0, 774.0, 584.0]
[16.0, 48.0, 775.0, 617.0]
[224.0, 0.0, 984.0, 570.0]
[144.0, 16.0, 905.0, 587.0]
[32.0, 16.0, 794.0, 588.0]
[128.0, 32.0, 891.0, 604.0]
[160.0, 64.0, 924.0, 637.0]
[128.0, 64.0, 893.0, 638.0]
[208.0, 48.0, 974.0, 622.0]
[240.0, 16.0, 1007.0, 591.0]
[240.0, 32.0, 1008.0, 608.0]
[224.0, 48.0, 993.0, 625.0]
[176.0, 64.0, 946.0, 642.0]
[144.0, 16.0, 915.0, 594.0]
[32.0, 32.0, 804.0, 611.0]
[160.0, 64.0, 933.0, 644.0]
[176.0, 48.0, 950.0, 628.0]
[64.0, 48.0, 839.0, 629.0]
[160.0, 32.0, 936.0, 614.0]
[0.0, 0.0, 777.0, 583.0]
[208.0, 0.0, 986.0, 584.0]
[32.0, 64.0, 811.0, 648.0]
[160.0, 16.0, 940.0, 601.0]
[160.0, 48.0, 941.0, 634.0]
[64.0, 0.0, 846.0, 586.0]
[192.0, 64.0, 975.0, 651.0]
[208.0, 16.0, 992.0, 604.0]
[112.0, 32.0, 897.0, 621.0]
[48.0, 16.0, 834.0, 606.0]
[144.0, 16.0, 931.0, 606.0]
[160.0, 48.0, 948.0, 639.0]
[32.0, 32.0, 821.0, 624.0]
[0.0, 16.0, 790.0, 608.0]
[96.0, 48.0, 887.0, 641.0]
[208.0, 16.0, 1000.0, 610.0]
[0.0, 32.0, 793.0, 627.0]
[160.0, 32.0, 954.0, 628.0]
[32.0, 48.0, 827.0, 644.0]
[144.0, 0.0, 940.0, 597.0]
[144.0, 16.0, 941.0, 614.0]
[32.0, 0.0, 830.0, 598.0]
[176.0, 16.0, 975.0, 615.0]
[64.0, 16.0, 864.0, 616.0]
[208.0, 16.0, 1009.0, 617.0]
[96.0, 64.0, 898.0, 666.0]
[192.0, 64.0, 995.0, 666.0]
[192.0, 64.0, 996.0, 667.0]
[64.0, 16.0, 869.0, 620.0]
[112.0, 64.0, 918.0, 668.0]
[64.0, 32.0, 871.0, 637.0]
[192.0, 32.0, 1000.0, 638.0]
[144.0, 16.0, 953.0, 623.0]
[32.0, 32.0, 842.0, 640.0]
[0.0, 32.0, 811.0, 640.0]
[32.0, 16.0, 844.0, 625.0]
[128.0, 16.0, 941.0, 626.0]
[32.0, 64.0, 846.0, 674.0]
[32.0, 16.0, 847.0, 627.0]
[48.0, 16.0, 864.0, 628.0]
[80.0, 48.0, 897.0, 661.0]
[112.0, 16.0, 930.0, 630.0]
[192.0, 16.0, 1011.0, 630.0]
[112.0, 0.0, 932.0, 615.0]
[144.0, 32.0, 965.0, 648.0]
[192.0, 32.0, 1014.0, 648.0]
[128.0, 16.0, 951.0, 633.0]
[144.0, 0.0, 968.0, 618.0]
[144.0, 64.0, 969.0, 683.0]
[176.0, 0.0, 1002.0, 620.0]
[96.0, 0.0, 923.0, 620.0]
[112.0, 32.0, 940.0, 653.0]
[160.0, 48.0, 989.0, 670.0]
[96.0, 16.0, 926.0, 638.0]
[144.0, 16.0, 975.0, 639.0]
[176.0, 48.0, 1008.0, 672.0]
[16.0, 32.0, 849.0, 657.0]
[16.0, 0.0, 850.0, 626.0]
[112.0, 0.0, 947.0, 626.0]
[64.0, 0.0, 900.0, 627.0]
[80.0, 48.0, 917.0, 676.0]
[96.0, 48.0, 934.0, 676.0]
[160.0, 32.0, 999.0, 661.0]
[16.0, 16.0, 856.0, 646.0]
[0.0, 32.0, 841.0, 663.0]
[96.0, 0.0, 938.0, 632.0]
[176.0, 32.0, 1019.0, 664.0]
[48.0, 0.0, 892.0, 633.0]
[16.0, 16.0, 861.0, 650.0]
[144.0, 0.0, 990.0, 634.0]
[176.0, 32.0, 1023.0, 667.0]
[96.0, 16.0, 944.0, 652.0]
[64.0, 0.0, 913.0, 637.0]
[0.0, 32.0, 850.0, 670.0]
[64.0, 0.0, 915.0, 638.0]
[16.0, 32.0, 868.0, 671.0]
[80.0, 0.0, 933.0, 640.0]
[80.0, 16.0, 934.0, 656.0]
[16.0, 16.0, 871.0, 657.0]
[16.0, 32.0, 872.0, 674.0]
[16.0, 32.0, 873.0, 675.0]
[160.0, 16.0, 1018.0, 660.0]
[32.0, 16.0, 891.0, 660.0]
[112.0, 0.0, 972.0, 645.0]
[16.0, 0.0, 877.0, 646.0]
[80.0, 16.0, 942.0, 662.0]
[48.0, 0.0, 911.0, 647.0]
[16.0, 0.0, 880.0, 648.0]
[16.0, 32.0, 881.0, 681.0]
[16.0, 16.0, 882.0, 666.0]
[16.0, 16.0, 883.0, 666.0]
[112.0, 16.0, 980.0, 667.0]
[80.0, 16.0, 949.0, 668.0]
[48.0, 0.0, 918.0, 652.0]
[144.0, 16.0, 1015.0, 669.0]
[16.0, 16.0, 888.0, 670.0]
[144.0, 0.0, 1017.0, 655.0]
[128.0, 0.0, 1002.0, 656.0]
[48.0, 16.0, 923.0, 672.0]
[80.0, 0.0, 956.0, 657.0]
[0.0, 0.0, 877.0, 658.0]
[112.0, 0.0, 990.0, 658.0]
[112.0, 16.0, 991.0, 675.0]
[0.0, 0.0, 880.0, 660.0]
[112.0, 16.0, 993.0, 677.0]
[96.0, 16.0, 978.0, 678.0]
[112.0, 0.0, 995.0, 662.0]
[128.0, 0.0, 1012.0, 663.0]
[64.0, 0.0, 949.0, 664.0]
[16.0, 16.0, 902.0, 680.0]
[16.0, 0.0, 903.0, 665.0]
[112.0, 0.0, 1000.0, 666.0]
[128.0, 16.0, 1017.0, 683.0]
[0.0, 0.0, 890.0, 668.0]
[80.0, 0.0, 971.0, 668.0]
[0.0, 0.0, 892.0, 669.0]
[32.0, 0.0, 925.0, 670.0]
[32.0, 0.0, 926.0, 670.0]
[96.0, 0.0, 991.0, 671.0]
[96.0, 0.0, 992.0, 672.0]
[32.0, 0.0, 929.0, 673.0]
[80.0, 0.0, 978.0, 674.0]
[0.0, 0.0, 899.0, 674.0]
[32.0, 0.0, 932.0, 675.0]
[96.0, 0.0, 997.0, 676.0]
[64.0, 0.0, 966.0, 676.0]
[32.0, 0.0, 935.0, 677.0]
[80.0, 0.0, 984.0, 678.0]
[64.0, 0.0, 969.0, 679.0]
[0.0, 0.0, 906.0, 680.0]
[80.0, 0.0, 987.0, 680.0]
[96.0, 0.0, 1004.0, 681.0]
[112.0, 0.0, 1021.0, 682.0]
[96.0, 0.0, 1006.0, 682.0]
[96.0, 0.0, 1007.0, 683.0]
