[48.0, 0.0, 765.0, 538.0]
[64.0, 64.0, 782.0, 602.0]
[112.0, 32.0, 831.0, 571.0]
[128.0, 96.0, 848.0, 636.0]
[144.0, 64.0, 865.0, 605.0]
[128.0, 16.0, 850.0, 558.0]
[0.0, 48.0, 723.0, 590.0]
[0.0, 112.0, 724.0, 655.0]
[144.0, 64.0, 869.0, 608.0]
[32.0, 48.0, 758.0, 592.0]
[96.0, 16.0, 823.0, 561.0]
[64.0, 80.0, 792.0, 626.0]
[64.0, 48.0, 793.0, 595.0]
[64.0, 0.0, 794.0, 548.0]
[112.0, 96.0, 843.0, 644.0]
[16.0, 80.0, 748.0, 629.0]
[80.0, 16.0, 813.0, 566.0]
[96.0, 128.0, 830.0, 678.0]
[128.0, 112.0, 863.0, 663.0]
[112.0, 96.0, 848.0, 648.0]
[80.0, 128.0, 817.0, 681.0]
[32.0, 32.0, 770.0, 586.0]
[48.0, 16.0, 787.0, 570.0]
[48.0, 112.0, 788.0, 667.0]
[48.0, 0.0, 789.0, 556.0]
[32.0, 112.0, 774.0, 668.0]
[96.0, 112.0, 839.0, 669.0]
[128.0, 48.0, 872.0, 606.0]
[32.0, 112.0, 777.0, 671.0]
[96.0, 96.0, 842.0, 656.0]
[80.0, 64.0, 827.0, 624.0]
[112.0, 16.0, 860.0, 577.0]
[128.0, 64.0, 877.0, 626.0]
[128.0, 64.0, 878.0, 626.0]
[128.0, 16.0, 879.0, 579.0]
[64.0, 0.0, 816.0, 564.0]
[144.0, 64.0, 897.0, 629.0]
[48.0, 16.0, 802.0, 582.0]
[48.0, 48.0, 803.0, 614.0]
[128.0, 16.0, 884.0, 583.0]
[16.0, 0.0, 773.0, 568.0]
[80.0, 96.0, 838.0, 664.0]
[112.0, 48.0, 871.0, 617.0]
[96.0, 112.0, 856.0, 682.0]
[48.0, 112.0, 809.0, 683.0]
[112.0, 80.0, 874.0, 652.0]
[112.0, 0.0, 875.0, 572.0]
[112.0, 80.0, 876.0, 653.0]
[144.0, 32.0, 909.0, 606.0]
[112.0, 32.0, 878.0, 606.0]
[64.0, 48.0, 831.0, 623.0]
[64.0, 48.0, 832.0, 624.0]
[96.0, 96.0, 865.0, 673.0]
[64.0, 96.0, 834.0, 674.0]
[112.0, 96.0, 883.0, 674.0]
[96.0, 16.0, 868.0, 595.0]
[16.0, 48.0, 789.0, 628.0]
[32.0, 80.0, 806.0, 660.0]
[144.0, 32.0, 919.0, 613.0]
[144.0, 32.0, 920.0, 614.0]
[32.0, 0.0, 809.0, 583.0]
[48.0, 32.0, 826.0, 616.0]
[32.0, 16.0, 811.0, 600.0]
[32.0, 0.0, 812.0, 585.0]
[48.0, 16.0, 829.0, 602.0]
[64.0, 64.0, 846.0, 650.0]
[0.0, 48.0, 783.0, 635.0]
[0.0, 64.0, 784.0, 652.0]
[128.0, 32.0, 913.0, 621.0]
[0.0, 0.0, 786.0, 590.0]
[112.0, 0.0, 899.0, 590.0]
[16.0, 16.0, 804.0, 607.0]
[80.0, 32.0, 869.0, 624.0]
[96.0, 48.0, 886.0, 640.0]
[144.0, 64.0, 935.0, 657.0]
[0.0, 48.0, 792.0, 642.0]
[32.0, 16.0, 825.0, 611.0]
[48.0, 48.0, 842.0, 644.0]
[48.0, 64.0, 843.0, 660.0]
[80.0, 64.0, 876.0, 661.0]
[64.0, 0.0, 861.0, 598.0]
[48.0, 32.0, 846.0, 630.0]
[112.0, 80.0, 911.0, 679.0]
[0.0, 0.0, 800.0, 600.0]
[64.0, 16.0, 865.0, 617.0]
[96.0, 48.0, 898.0, 650.0]
[32.0, 32.0, 835.0, 634.0]
[32.0, 16.0, 836.0, 619.0]
[112.0, 0.0, 917.0, 604.0]
[144.0, 48.0, 950.0, 652.0]
[96.0, 32.0, 903.0, 637.0]
[32.0, 48.0, 840.0, 654.0]
[112.0, 0.0, 921.0, 607.0]
[0.0, 32.0, 810.0, 640.0]
[128.0, 16.0, 939.0, 624.0]
[16.0, 0.0, 828.0, 609.0]
[0.0, 64.0, 813.0, 674.0]
[64.0, 0.0, 878.0, 610.0]
[0.0, 64.0, 815.0, 675.0]
[144.0, 48.0, 960.0, 660.0]
[48.0, 16.0, 865.0, 629.0]
[96.0, 32.0, 914.0, 646.0]
[96.0, 48.0, 915.0, 662.0]
[144.0, 32.0, 964.0, 647.0]
[16.0, 32.0, 837.0, 648.0]
[80.0, 0.0, 902.0, 616.0]
[112.0, 32.0, 935.0, 649.0]
[16.0, 32.0, 840.0, 650.0]
[64.0, 0.0, 889.0, 619.0]
[48.0, 48.0, 874.0, 668.0]
[80.0, 48.0, 907.0, 668.0]
[16.0, 0.0, 844.0, 621.0]
[96.0, 32.0, 925.0, 654.0]
[144.0, 32.0, 974.0, 654.0]
[64.0, 0.0, 895.0, 623.0]
[48.0, 0.0, 880.0, 624.0]
[80.0, 48.0, 913.0, 673.0]
[16.0, 0.0, 850.0, 626.0]
[32.0, 0.0, 867.0, 626.0]
[32.0, 48.0, 868.0, 675.0]
[80.0, 48.0, 917.0, 676.0]
[80.0, 0.0, 918.0, 628.0]
[0.0, 32.0, 839.0, 661.0]
[96.0, 16.0, 936.0, 646.0]
[32.0, 48.0, 873.0, 679.0]
[32.0, 48.0, 874.0, 680.0]
[80.0, 48.0, 923.0, 680.0]
[32.0, 48.0, 876.0, 681.0]
[64.0, 16.0, 909.0, 650.0]
[32.0, 48.0, 878.0, 682.0]
[48.0, 16.0, 895.0, 651.0]
[0.0, 16.0, 848.0, 652.0]
[112.0, 0.0, 961.0, 637.0]
[112.0, 0.0, 962.0, 638.0]
[112.0, 32.0, 963.0, 670.0]
[128.0, 16.0, 980.0, 655.0]
[112.0, 16.0, 965.0, 656.0]
[80.0, 0.0, 934.0, 640.0]
[48.0, 16.0, 903.0, 657.0]
[16.0, 32.0, 872.0, 674.0]
[96.0, 32.0, 953.0, 675.0]
[80.0, 16.0, 938.0, 660.0]
[48.0, 0.0, 907.0, 644.0]
[16.0, 0.0, 876.0, 645.0]
[128.0, 16.0, 989.0, 662.0]
[64.0, 0.0, 926.0, 646.0]
[64.0, 32.0, 927.0, 679.0]
[80.0, 32.0, 944.0, 680.0]
[64.0, 16.0, 929.0, 665.0]
[96.0, 32.0, 962.0, 682.0]
[48.0, 16.0, 915.0, 666.0]
[96.0, 32.0, 964.0, 683.0]
[64.0, 0.0, 933.0, 652.0]
[48.0, 16.0, 918.0, 668.0]
[32.0, 0.0, 903.0, 653.0]
[80.0, 0.0, 952.0, 654.0]
[80.0, 0.0, 953.0, 655.0]
[48.0, 0.0, 922.0, 656.0]
[0.0, 16.0, 875.0, 672.0]
[16.0, 0.0, 892.0, 657.0]
[48.0, 0.0, 925.0, 658.0]
[16.0, 16.0, 894.0, 674.0]
[112.0, 0.0, 991.0, 659.0]
[32.0, 16.0, 912.0, 676.0]
[16.0, 16.0, 897.0, 677.0]
[32.0, 16.0, 914.0, 678.0]
[16.0, 16.0, 899.0, 678.0]
[48.0, 0.0, 932.0, 663.0]
[16.0, 0.0, 901.0, 664.0]
[80.0, 16.0, 966.0, 680.0]
[96.0, 0.0, 983.0, 665.0]
[32.0, 16.0, 920.0, 682.0]
[16.0, 16.0, 905.0, 683.0]
[64.0, 0.0, 954.0, 668.0]
[48.0, 0.0, 939.0, 668.0]
[32.0, 0.0, 924.0, 669.0]
[64.0, 0.0, 957.0, 670.0]
[96.0, 0.0, 990.0, 670.0]
[48.0, 0.0, 943.0, 671.0]
[80.0, 0.0, 976.0, 672.0]
[0.0, 0.0, 897.0, 673.0]
[96.0, 0.0, 994.0, 674.0]
[64.0, 0.0, 963.0, 674.0]
[80.0, 0.0, 980.0, 675.0]
[0.0, 0.0, 901.0, 676.0]
[64.0, 0.0, 966.0, 676.0]
[0.0, 0.0, 903.0, 677.0]
[80.0, 0.0, 984.0, 678.0]
[0.0, 0.0, 905.0, 679.0]
[0.0, 0.0, 906.0, 680.0]
[80.0, 0.0, 987.0, 680.0]
[16.0, 0.0, 924.0, 681.0]
[16.0, 0.0, 925.0, 682.0]
[64.0, 0.0, 974.0, 682.0]
[64.0, 0.0, 975.0, 683.0]
