[144.0, 304.0, 861.0, 842.0]
[32.0, 224.0, 750.0, 762.0]
[0.0, 320.0, 719.0, 859.0]
[128.0, 224.0, 848.0, 764.0]
[96.0, 240.0, 817.0, 781.0]
[128.0, 272.0, 850.0, 814.0]
[160.0, 256.0, 883.0, 798.0]
[48.0, 192.0, 772.0, 735.0]
[48.0, 272.0, 773.0, 816.0]
[128.0, 320.0, 854.0, 864.0]
[48.0, 224.0, 775.0, 769.0]
[160.0, 240.0, 888.0, 786.0]
[48.0, 208.0, 777.0, 755.0]
[64.0, 224.0, 794.0, 772.0]
[64.0, 256.0, 795.0, 804.0]
[0.0, 304.0, 732.0, 853.0]
[160.0, 288.0, 893.0, 838.0]
[64.0, 240.0, 798.0, 790.0]
[32.0, 192.0, 767.0, 743.0]
[64.0, 240.0, 800.0, 792.0]
[32.0, 288.0, 769.0, 841.0]
[144.0, 272.0, 882.0, 826.0]
[112.0, 288.0, 851.0, 842.0]
[96.0, 240.0, 836.0, 795.0]
[32.0, 192.0, 773.0, 748.0]
[160.0, 256.0, 902.0, 812.0]
[64.0, 192.0, 807.0, 749.0]
[112.0, 208.0, 856.0, 766.0]
[32.0, 272.0, 777.0, 831.0]
[0.0, 240.0, 746.0, 800.0]
[64.0, 304.0, 811.0, 864.0]
[128.0, 272.0, 876.0, 833.0]
[128.0, 272.0, 877.0, 834.0]
[144.0, 240.0, 894.0, 802.0]
[96.0, 288.0, 847.0, 851.0]
[32.0, 176.0, 784.0, 740.0]
[128.0, 224.0, 881.0, 789.0]
[96.0, 240.0, 850.0, 806.0]
[48.0, 192.0, 803.0, 758.0]
[16.0, 272.0, 772.0, 839.0]
[144.0, 240.0, 901.0, 808.0]
[96.0, 288.0, 854.0, 856.0]
[64.0, 288.0, 823.0, 857.0]
[32.0, 240.0, 792.0, 810.0]
[128.0, 272.0, 889.0, 843.0]
[48.0, 224.0, 810.0, 796.0]
[96.0, 224.0, 859.0, 796.0]
[64.0, 240.0, 828.0, 813.0]
[16.0, 208.0, 781.0, 782.0]
[112.0, 224.0, 878.0, 798.0]
[112.0, 224.0, 879.0, 799.0]
[0.0, 288.0, 768.0, 864.0]
[48.0, 224.0, 817.0, 801.0]
[16.0, 240.0, 786.0, 818.0]
[32.0, 192.0, 803.0, 770.0]
[0.0, 256.0, 772.0, 835.0]
[48.0, 272.0, 821.0, 852.0]
[48.0, 272.0, 822.0, 852.0]
[96.0, 272.0, 871.0, 853.0]
[32.0, 208.0, 808.0, 790.0]
[160.0, 256.0, 937.0, 839.0]
[80.0, 192.0, 858.0, 776.0]
[128.0, 240.0, 907.0, 824.0]
[16.0, 224.0, 796.0, 809.0]
[48.0, 256.0, 829.0, 842.0]
[0.0, 208.0, 782.0, 794.0]
[32.0, 176.0, 815.0, 763.0]
[96.0, 224.0, 880.0, 812.0]
[64.0, 256.0, 849.0, 845.0]
[144.0, 256.0, 930.0, 846.0]
[48.0, 160.0, 835.0, 750.0]
[48.0, 224.0, 836.0, 815.0]
[48.0, 208.0, 837.0, 800.0]
[32.0, 240.0, 822.0, 832.0]
[112.0, 224.0, 903.0, 817.0]
[64.0, 208.0, 856.0, 802.0]
[0.0, 272.0, 793.0, 867.0]
[32.0, 176.0, 826.0, 772.0]
[128.0, 224.0, 923.0, 820.0]
[16.0, 160.0, 812.0, 757.0]
[0.0, 240.0, 797.0, 838.0]
[32.0, 240.0, 830.0, 838.0]
[48.0, 240.0, 847.0, 839.0]
[16.0, 224.0, 816.0, 824.0]
[96.0, 240.0, 897.0, 841.0]
[0.0, 160.0, 802.0, 762.0]
[64.0, 208.0, 867.0, 810.0]
[0.0, 208.0, 804.0, 811.0]
[128.0, 240.0, 933.0, 844.0]
[48.0, 192.0, 854.0, 796.0]
[32.0, 224.0, 839.0, 829.0]
[32.0, 208.0, 840.0, 814.0]
[32.0, 240.0, 841.0, 847.0]
[32.0, 192.0, 842.0, 800.0]
[32.0, 176.0, 843.0, 784.0]
[16.0, 240.0, 828.0, 849.0]
[0.0, 176.0, 813.0, 786.0]
[0.0, 208.0, 814.0, 818.0]
[16.0, 208.0, 831.0, 819.0]
[16.0, 192.0, 832.0, 804.0]
[32.0, 240.0, 849.0, 853.0]
[16.0, 240.0, 834.0, 854.0]
[48.0, 208.0, 867.0, 822.0]
[0.0, 240.0, 820.0, 855.0]
[0.0, 224.0, 821.0, 840.0]
[16.0, 192.0, 838.0, 808.0]
[64.0, 240.0, 887.0, 857.0]
[80.0, 240.0, 904.0, 858.0]
[48.0, 160.0, 873.0, 779.0]
[0.0, 176.0, 826.0, 796.0]
[0.0, 240.0, 827.0, 860.0]
[16.0, 224.0, 844.0, 845.0]
[0.0, 192.0, 829.0, 814.0]
[64.0, 192.0, 894.0, 814.0]
[32.0, 160.0, 863.0, 783.0]
[48.0, 208.0, 880.0, 832.0]
[112.0, 240.0, 945.0, 865.0]
[96.0, 240.0, 930.0, 866.0]
[16.0, 208.0, 851.0, 834.0]
[16.0, 192.0, 852.0, 819.0]
[80.0, 192.0, 917.0, 820.0]
[64.0, 208.0, 902.0, 836.0]
[16.0, 192.0, 855.0, 821.0]
[64.0, 176.0, 904.0, 806.0]
[0.0, 208.0, 841.0, 839.0]
[0.0, 208.0, 842.0, 840.0]
[96.0, 192.0, 939.0, 824.0]
[16.0, 192.0, 860.0, 825.0]
[96.0, 208.0, 941.0, 842.0]
[112.0, 224.0, 958.0, 858.0]
[96.0, 208.0, 943.0, 843.0]
[64.0, 160.0, 912.0, 796.0]
[48.0, 192.0, 897.0, 829.0]
[16.0, 192.0, 866.0, 830.0]
[0.0, 192.0, 851.0, 830.0]
[0.0, 160.0, 852.0, 799.0]
[64.0, 192.0, 917.0, 832.0]
[48.0, 160.0, 902.0, 800.0]
[80.0, 208.0, 935.0, 849.0]
[64.0, 224.0, 920.0, 866.0]
[32.0, 144.0, 889.0, 787.0]
[32.0, 176.0, 890.0, 820.0]
[32.0, 192.0, 891.0, 836.0]
[16.0, 208.0, 876.0, 853.0]
[80.0, 176.0, 941.0, 822.0]
[0.0, 160.0, 862.0, 806.0]
[96.0, 192.0, 959.0, 839.0]
[80.0, 192.0, 944.0, 840.0]
[0.0, 192.0, 865.0, 841.0]
[32.0, 160.0, 898.0, 810.0]
[48.0, 160.0, 915.0, 810.0]
[48.0, 176.0, 916.0, 827.0]
[0.0, 208.0, 869.0, 860.0]
[32.0, 176.0, 902.0, 828.0]
[16.0, 144.0, 887.0, 797.0]
[0.0, 208.0, 872.0, 862.0]
[32.0, 208.0, 905.0, 863.0]
[0.0, 144.0, 874.0, 800.0]
[80.0, 176.0, 955.0, 832.0]
[16.0, 176.0, 892.0, 833.0]
[32.0, 144.0, 909.0, 802.0]
[48.0, 176.0, 926.0, 834.0]
[48.0, 176.0, 927.0, 835.0]
[16.0, 160.0, 896.0, 820.0]
[16.0, 160.0, 897.0, 821.0]
[32.0, 144.0, 914.0, 806.0]
[0.0, 176.0, 883.0, 838.0]
[32.0, 144.0, 916.0, 807.0]
[32.0, 192.0, 917.0, 856.0]
[48.0, 192.0, 934.0, 856.0]
[0.0, 192.0, 887.0, 857.0]
[64.0, 160.0, 952.0, 826.0]
[48.0, 176.0, 937.0, 843.0]
[16.0, 192.0, 906.0, 860.0]
[32.0, 192.0, 923.0, 860.0]
[48.0, 192.0, 940.0, 861.0]
[48.0, 160.0, 941.0, 830.0]
[32.0, 176.0, 926.0, 846.0]
[16.0, 144.0, 911.0, 815.0]
[32.0, 176.0, 928.0, 848.0]
[48.0, 160.0, 945.0, 833.0]
[32.0, 160.0, 930.0, 834.0]
[32.0, 176.0, 931.0, 850.0]
[48.0, 192.0, 948.0, 867.0]
[16.0, 144.0, 917.0, 820.0]
[0.0, 144.0, 902.0, 820.0]
[32.0, 176.0, 935.0, 853.0]
[32.0, 160.0, 936.0, 838.0]
[32.0, 176.0, 937.0, 855.0]
[32.0, 176.0, 938.0, 856.0]
[16.0, 176.0, 923.0, 856.0]
[32.0, 144.0, 940.0, 825.0]
[16.0, 160.0, 925.0, 842.0]
[16.0, 144.0, 926.0, 826.0]
[16.0, 176.0, 927.0, 859.0]
[16.0, 160.0, 928.0, 844.0]
[32.0, 176.0, 945.0, 861.0]
[16.0, 144.0, 930.0, 830.0]
[32.0, 176.0, 947.0, 862.0]
[32.0, 160.0, 948.0, 847.0]
[16.0, 160.0, 933.0, 848.0]
[0.0, 160.0, 918.0, 848.0]
[0.0, 160.0, 919.0, 849.0]
