[160.0, 64.0, 877.0, 602.0]
[112.0, 32.0, 830.0, 570.0]
[96.0, 32.0, 815.0, 571.0]
[224.0, 64.0, 944.0, 604.0]
[240.0, 48.0, 961.0, 589.0]
[192.0, 32.0, 914.0, 574.0]
[128.0, 48.0, 851.0, 590.0]
[272.0, 48.0, 996.0, 591.0]
[240.0, 16.0, 965.0, 560.0]
[192.0, 32.0, 918.0, 576.0]
[80.0, 48.0, 807.0, 593.0]
[240.0, 48.0, 968.0, 594.0]
[128.0, 16.0, 857.0, 563.0]
[64.0, 48.0, 794.0, 596.0]
[176.0, 48.0, 907.0, 596.0]
[128.0, 64.0, 860.0, 613.0]
[192.0, 32.0, 925.0, 582.0]
[96.0, 64.0, 830.0, 614.0]
[80.0, 32.0, 815.0, 583.0]
[80.0, 48.0, 816.0, 600.0]
[208.0, 64.0, 945.0, 617.0]
[192.0, 16.0, 930.0, 570.0]
[128.0, 32.0, 867.0, 586.0]
[144.0, 64.0, 884.0, 619.0]
[112.0, 0.0, 853.0, 556.0]
[256.0, 16.0, 998.0, 572.0]
[160.0, 48.0, 903.0, 605.0]
[32.0, 16.0, 776.0, 574.0]
[160.0, 48.0, 905.0, 607.0]
[256.0, 32.0, 1002.0, 592.0]
[112.0, 0.0, 859.0, 560.0]
[144.0, 32.0, 892.0, 593.0]
[224.0, 48.0, 973.0, 610.0]
[176.0, 0.0, 926.0, 562.0]
[112.0, 16.0, 863.0, 579.0]
[144.0, 64.0, 896.0, 628.0]
[80.0, 16.0, 833.0, 581.0]
[240.0, 16.0, 994.0, 582.0]
[48.0, 32.0, 803.0, 598.0]
[80.0, 48.0, 836.0, 615.0]
[128.0, 48.0, 885.0, 616.0]
[48.0, 64.0, 806.0, 632.0]
[0.0, 16.0, 759.0, 585.0]
[224.0, 0.0, 984.0, 570.0]
[256.0, 32.0, 1017.0, 603.0]
[96.0, 0.0, 858.0, 572.0]
[64.0, 48.0, 827.0, 620.0]
[48.0, 0.0, 812.0, 573.0]
[160.0, 48.0, 925.0, 622.0]
[192.0, 16.0, 958.0, 590.0]
[192.0, 48.0, 959.0, 623.0]
[192.0, 0.0, 960.0, 576.0]
[64.0, 16.0, 833.0, 593.0]
[96.0, 64.0, 866.0, 642.0]
[48.0, 64.0, 819.0, 642.0]
[32.0, 48.0, 804.0, 627.0]
[96.0, 0.0, 869.0, 580.0]
[112.0, 0.0, 886.0, 580.0]
[0.0, 16.0, 775.0, 597.0]
[176.0, 0.0, 952.0, 582.0]
[144.0, 0.0, 921.0, 583.0]
[16.0, 32.0, 794.0, 616.0]
[144.0, 64.0, 923.0, 648.0]
[128.0, 32.0, 908.0, 617.0]
[240.0, 32.0, 1021.0, 618.0]
[208.0, 48.0, 990.0, 634.0]
[224.0, 0.0, 1007.0, 587.0]
[16.0, 32.0, 800.0, 620.0]
[112.0, 16.0, 897.0, 605.0]
[192.0, 32.0, 978.0, 622.0]
[176.0, 16.0, 963.0, 606.0]
[112.0, 48.0, 900.0, 639.0]
[64.0, 48.0, 853.0, 640.0]
[80.0, 48.0, 870.0, 640.0]
[192.0, 64.0, 983.0, 657.0]
[32.0, 32.0, 824.0, 626.0]
[208.0, 16.0, 1001.0, 611.0]
[80.0, 64.0, 874.0, 660.0]
[16.0, 32.0, 811.0, 628.0]
[144.0, 32.0, 940.0, 629.0]
[176.0, 32.0, 973.0, 630.0]
[0.0, 16.0, 798.0, 614.0]
[208.0, 32.0, 1007.0, 631.0]
[176.0, 0.0, 976.0, 600.0]
[32.0, 0.0, 833.0, 601.0]
[192.0, 64.0, 994.0, 666.0]
[176.0, 64.0, 979.0, 666.0]
[80.0, 32.0, 884.0, 635.0]
[48.0, 32.0, 853.0, 636.0]
[64.0, 32.0, 870.0, 636.0]
[64.0, 48.0, 871.0, 653.0]
[16.0, 16.0, 824.0, 622.0]
[96.0, 32.0, 905.0, 639.0]
[16.0, 0.0, 826.0, 608.0]
[192.0, 48.0, 1003.0, 656.0]
[96.0, 32.0, 908.0, 641.0]
[208.0, 48.0, 1021.0, 658.0]
[160.0, 64.0, 974.0, 674.0]
[176.0, 64.0, 991.0, 675.0]
[64.0, 64.0, 880.0, 676.0]
[32.0, 48.0, 849.0, 661.0]
[144.0, 48.0, 962.0, 662.0]
[192.0, 48.0, 1011.0, 662.0]
[192.0, 32.0, 1012.0, 647.0]
[0.0, 32.0, 821.0, 648.0]
[144.0, 16.0, 966.0, 632.0]
[112.0, 0.0, 935.0, 617.0]
[80.0, 32.0, 904.0, 650.0]
[32.0, 48.0, 857.0, 667.0]
[96.0, 16.0, 922.0, 636.0]
[144.0, 0.0, 971.0, 620.0]
[80.0, 48.0, 908.0, 669.0]
[16.0, 0.0, 845.0, 622.0]
[16.0, 48.0, 846.0, 670.0]
[48.0, 48.0, 879.0, 671.0]
[48.0, 0.0, 880.0, 624.0]
[144.0, 32.0, 977.0, 657.0]
[16.0, 16.0, 850.0, 642.0]
[48.0, 16.0, 883.0, 642.0]
[144.0, 48.0, 980.0, 675.0]
[16.0, 0.0, 853.0, 628.0]
[16.0, 48.0, 854.0, 676.0]
[80.0, 48.0, 919.0, 677.0]
[48.0, 0.0, 888.0, 630.0]
[160.0, 16.0, 1001.0, 647.0]
[64.0, 32.0, 906.0, 664.0]
[144.0, 16.0, 987.0, 648.0]
[64.0, 0.0, 908.0, 633.0]
[144.0, 32.0, 989.0, 666.0]
[80.0, 16.0, 926.0, 650.0]
[16.0, 16.0, 863.0, 651.0]
[112.0, 0.0, 960.0, 636.0]
[16.0, 32.0, 865.0, 669.0]
[0.0, 0.0, 850.0, 638.0]
[16.0, 32.0, 867.0, 670.0]
[16.0, 16.0, 868.0, 655.0]
[48.0, 0.0, 901.0, 640.0]
[48.0, 0.0, 902.0, 640.0]
[112.0, 32.0, 967.0, 673.0]
[144.0, 16.0, 1000.0, 658.0]
[80.0, 16.0, 937.0, 659.0]
[32.0, 0.0, 890.0, 644.0]
[96.0, 0.0, 955.0, 644.0]
[48.0, 0.0, 908.0, 645.0]
[160.0, 0.0, 1021.0, 646.0]
[0.0, 32.0, 862.0, 678.0]
[48.0, 16.0, 911.0, 663.0]
[64.0, 16.0, 928.0, 664.0]
[48.0, 0.0, 913.0, 649.0]
[96.0, 16.0, 962.0, 666.0]
[64.0, 0.0, 931.0, 650.0]
[144.0, 16.0, 1012.0, 667.0]
[80.0, 16.0, 949.0, 668.0]
[16.0, 16.0, 886.0, 668.0]
[64.0, 16.0, 935.0, 669.0]
[80.0, 0.0, 952.0, 654.0]
[96.0, 0.0, 969.0, 655.0]
[16.0, 0.0, 890.0, 656.0]
[0.0, 16.0, 875.0, 672.0]
[112.0, 16.0, 988.0, 673.0]
[64.0, 16.0, 941.0, 674.0]
[128.0, 0.0, 1006.0, 658.0]
[32.0, 0.0, 911.0, 659.0]
[64.0, 16.0, 944.0, 676.0]
[96.0, 16.0, 977.0, 677.0]
[48.0, 0.0, 930.0, 662.0]
[0.0, 0.0, 883.0, 662.0]
[64.0, 16.0, 948.0, 679.0]
[64.0, 16.0, 949.0, 680.0]
[80.0, 0.0, 966.0, 664.0]
[32.0, 16.0, 919.0, 681.0]
[64.0, 0.0, 952.0, 666.0]
[16.0, 0.0, 905.0, 667.0]
[16.0, 0.0, 906.0, 668.0]
[96.0, 0.0, 987.0, 668.0]
[32.0, 0.0, 924.0, 669.0]
[64.0, 0.0, 957.0, 670.0]
[112.0, 0.0, 1006.0, 670.0]
[80.0, 0.0, 975.0, 671.0]
[112.0, 0.0, 1008.0, 672.0]
[112.0, 0.0, 1009.0, 673.0]
[32.0, 0.0, 930.0, 674.0]
[32.0, 0.0, 931.0, 674.0]
[48.0, 0.0, 948.0, 675.0]
[16.0, 0.0, 917.0, 676.0]
[80.0, 0.0, 982.0, 676.0]
[48.0, 0.0, 951.0, 677.0]
[48.0, 0.0, 952.0, 678.0]
[64.0, 0.0, 969.0, 679.0]
[112.0, 0.0, 1018.0, 680.0]
[112.0, 0.0, 1019.0, 680.0]
[96.0, 0.0, 1004.0, 681.0]
[48.0, 0.0, 957.0, 682.0]
[32.0, 0.0, 942.0, 682.0]
[0.0, 0.0, 911.0, 683.0]
