[128.0, 224.0, 858.0, 772.0]
[160.0, 128.0, 891.0, 676.0]
[208.0, 144.0, 940.0, 693.0]
[240.0, 208.0, 973.0, 758.0]
[240.0, 240.0, 974.0, 790.0]
[160.0, 224.0, 895.0, 775.0]
[192.0, 144.0, 928.0, 696.0]
[160.0, 192.0, 897.0, 745.0]
[128.0, 208.0, 866.0, 762.0]
[128.0, 144.0, 867.0, 698.0]
[208.0, 224.0, 948.0, 779.0]
[240.0, 224.0, 981.0, 780.0]
[224.0, 240.0, 966.0, 796.0]
[160.0, 208.0, 903.0, 765.0]
[160.0, 208.0, 904.0, 766.0]
[224.0, 240.0, 969.0, 799.0]
[192.0, 192.0, 938.0, 752.0]
[128.0, 160.0, 875.0, 720.0]
[240.0, 208.0, 988.0, 769.0]
[144.0, 224.0, 893.0, 786.0]
[128.0, 240.0, 878.0, 802.0]
[112.0, 176.0, 863.0, 739.0]
[128.0, 240.0, 880.0, 804.0]
[224.0, 224.0, 977.0, 789.0]
[144.0, 160.0, 898.0, 726.0]
[160.0, 224.0, 915.0, 790.0]
[208.0, 192.0, 964.0, 759.0]
[224.0, 144.0, 981.0, 712.0]
[96.0, 192.0, 854.0, 760.0]
[112.0, 144.0, 871.0, 713.0]
[224.0, 128.0, 984.0, 698.0]
[224.0, 144.0, 985.0, 715.0]
[240.0, 176.0, 1002.0, 748.0]
[208.0, 208.0, 971.0, 780.0]
[256.0, 192.0, 1020.0, 765.0]
[192.0, 160.0, 957.0, 734.0]
[224.0, 192.0, 990.0, 766.0]
[192.0, 112.0, 959.0, 687.0]
[240.0, 144.0, 1008.0, 720.0]
[224.0, 176.0, 993.0, 753.0]
[176.0, 240.0, 946.0, 818.0]
[112.0, 128.0, 883.0, 706.0]
[112.0, 112.0, 884.0, 691.0]
[160.0, 224.0, 933.0, 804.0]
[176.0, 176.0, 950.0, 756.0]
[96.0, 144.0, 871.0, 725.0]
[144.0, 160.0, 920.0, 742.0]
[112.0, 96.0, 889.0, 679.0]
[192.0, 112.0, 970.0, 696.0]
[112.0, 208.0, 891.0, 792.0]
[160.0, 192.0, 940.0, 777.0]
[96.0, 208.0, 877.0, 794.0]
[208.0, 208.0, 990.0, 794.0]
[96.0, 128.0, 879.0, 715.0]
[128.0, 128.0, 912.0, 716.0]
[128.0, 96.0, 913.0, 685.0]
[96.0, 192.0, 882.0, 782.0]
[176.0, 144.0, 963.0, 734.0]
[192.0, 96.0, 980.0, 687.0]
[144.0, 96.0, 933.0, 688.0]
[224.0, 128.0, 1014.0, 720.0]
[112.0, 224.0, 903.0, 817.0]
[160.0, 176.0, 952.0, 770.0]
[80.0, 160.0, 873.0, 755.0]
[208.0, 112.0, 1002.0, 708.0]
[80.0, 208.0, 875.0, 804.0]
[96.0, 160.0, 892.0, 757.0]
[128.0, 224.0, 925.0, 822.0]
[112.0, 176.0, 910.0, 774.0]
[128.0, 80.0, 927.0, 679.0]
[192.0, 112.0, 992.0, 712.0]
[112.0, 80.0, 913.0, 681.0]
[160.0, 80.0, 962.0, 682.0]
[48.0, 176.0, 851.0, 778.0]
[192.0, 192.0, 996.0, 795.0]
[112.0, 96.0, 917.0, 700.0]
[144.0, 128.0, 950.0, 732.0]
[48.0, 160.0, 855.0, 765.0]
[112.0, 176.0, 920.0, 782.0]
[208.0, 144.0, 1017.0, 751.0]
[176.0, 208.0, 986.0, 816.0]
[96.0, 192.0, 907.0, 800.0]
[192.0, 112.0, 1004.0, 721.0]
[112.0, 176.0, 925.0, 786.0]
[128.0, 192.0, 942.0, 802.0]
[144.0, 192.0, 959.0, 803.0]
[80.0, 96.0, 896.0, 708.0]
[176.0, 64.0, 993.0, 677.0]
[112.0, 128.0, 930.0, 742.0]
[64.0, 160.0, 883.0, 774.0]
[48.0, 144.0, 868.0, 759.0]
[144.0, 208.0, 965.0, 824.0]
[160.0, 128.0, 982.0, 744.0]
[128.0, 80.0, 951.0, 697.0]
[48.0, 112.0, 872.0, 730.0]
[32.0, 160.0, 857.0, 779.0]
[112.0, 96.0, 938.0, 716.0]
[112.0, 240.0, 939.0, 860.0]
[144.0, 64.0, 972.0, 685.0]
[112.0, 176.0, 941.0, 798.0]
[176.0, 96.0, 1006.0, 718.0]
[112.0, 112.0, 943.0, 735.0]
[128.0, 48.0, 960.0, 672.0]
[48.0, 112.0, 881.0, 737.0]
[144.0, 80.0, 978.0, 706.0]
[128.0, 240.0, 963.0, 866.0]
[176.0, 112.0, 1012.0, 739.0]
[96.0, 96.0, 933.0, 724.0]
[144.0, 112.0, 982.0, 740.0]
[80.0, 176.0, 919.0, 805.0]
[144.0, 64.0, 984.0, 694.0]
[112.0, 224.0, 953.0, 855.0]
[96.0, 208.0, 938.0, 840.0]
[160.0, 176.0, 1003.0, 808.0]
[144.0, 240.0, 988.0, 873.0]
[160.0, 112.0, 1005.0, 746.0]
[112.0, 224.0, 958.0, 858.0]
[128.0, 144.0, 975.0, 779.0]
[96.0, 128.0, 944.0, 764.0]
[48.0, 192.0, 897.0, 829.0]
[32.0, 96.0, 882.0, 734.0]
[64.0, 208.0, 915.0, 846.0]
[128.0, 32.0, 980.0, 671.0]
[80.0, 160.0, 933.0, 800.0]
[144.0, 240.0, 998.0, 880.0]
[64.0, 192.0, 919.0, 833.0]
[96.0, 160.0, 952.0, 802.0]
[144.0, 64.0, 1001.0, 707.0]
[64.0, 128.0, 922.0, 772.0]
[112.0, 160.0, 971.0, 804.0]
[16.0, 128.0, 876.0, 773.0]
[144.0, 208.0, 1005.0, 854.0]
[128.0, 240.0, 990.0, 886.0]
[128.0, 48.0, 991.0, 695.0]
[112.0, 192.0, 976.0, 840.0]
[144.0, 80.0, 1009.0, 729.0]
[144.0, 96.0, 1010.0, 746.0]
[112.0, 192.0, 979.0, 842.0]
[96.0, 80.0, 964.0, 731.0]
[48.0, 144.0, 917.0, 796.0]
[32.0, 176.0, 902.0, 828.0]
[96.0, 224.0, 967.0, 877.0]
[112.0, 32.0, 984.0, 686.0]
[80.0, 160.0, 953.0, 815.0]
[80.0, 64.0, 954.0, 720.0]
[112.0, 32.0, 987.0, 688.0]
[96.0, 160.0, 972.0, 817.0]
[48.0, 160.0, 925.0, 818.0]
[16.0, 160.0, 894.0, 818.0]
[112.0, 64.0, 991.0, 723.0]
[144.0, 112.0, 1024.0, 772.0]
[0.0, 144.0, 881.0, 805.0]
[48.0, 176.0, 930.0, 838.0]
[80.0, 80.0, 963.0, 742.0]
[80.0, 160.0, 964.0, 823.0]
[96.0, 48.0, 981.0, 712.0]
[128.0, 64.0, 1014.0, 728.0]
[128.0, 96.0, 1015.0, 761.0]
[112.0, 128.0, 1000.0, 794.0]
[16.0, 96.0, 905.0, 763.0]
[96.0, 128.0, 986.0, 796.0]
[32.0, 112.0, 923.0, 780.0]
[112.0, 224.0, 1004.0, 893.0]
[32.0, 176.0, 925.0, 846.0]
[112.0, 32.0, 1006.0, 702.0]
[128.0, 64.0, 1023.0, 735.0]
[64.0, 208.0, 960.0, 880.0]
[96.0, 144.0, 993.0, 817.0]
[64.0, 80.0, 962.0, 754.0]
[16.0, 112.0, 915.0, 786.0]
[32.0, 64.0, 932.0, 739.0]
[64.0, 208.0, 965.0, 884.0]
[112.0, 32.0, 1014.0, 708.0]
[32.0, 128.0, 935.0, 805.0]
[80.0, 208.0, 984.0, 886.0]
[0.0, 160.0, 905.0, 839.0]
[80.0, 96.0, 986.0, 776.0]
[64.0, 112.0, 971.0, 792.0]
[96.0, 128.0, 1004.0, 809.0]
[32.0, 80.0, 941.0, 762.0]
[64.0, 64.0, 974.0, 746.0]
[32.0, 96.0, 943.0, 779.0]
[112.0, 128.0, 1024.0, 812.0]
[32.0, 80.0, 945.0, 765.0]
[80.0, 176.0, 994.0, 862.0]
[80.0, 144.0, 995.0, 830.0]
[32.0, 48.0, 948.0, 735.0]
[0.0, 160.0, 917.0, 848.0]
[48.0, 112.0, 966.0, 800.0]
[96.0, 80.0, 1015.0, 769.0]
[48.0, 192.0, 968.0, 882.0]
[32.0, 64.0, 953.0, 755.0]
[64.0, 208.0, 986.0, 900.0]
[32.0, 64.0, 955.0, 756.0]
[48.0, 144.0, 972.0, 837.0]
[0.0, 64.0, 925.0, 758.0]
[16.0, 144.0, 942.0, 838.0]
[48.0, 48.0, 975.0, 743.0]
[16.0, 128.0, 944.0, 824.0]
[0.0, 160.0, 929.0, 857.0]
[64.0, 80.0, 994.0, 778.0]
[16.0, 80.0, 947.0, 778.0]
[64.0, 96.0, 996.0, 795.0]
[0.0, 112.0, 933.0, 812.0]
[32.0, 128.0, 966.0, 828.0]
[64.0, 16.0, 999.0, 717.0]
[48.0, 96.0, 984.0, 798.0]
[80.0, 144.0, 1017.0, 847.0]
[64.0, 160.0, 1002.0, 864.0]
[48.0, 80.0, 987.0, 784.0]
[64.0, 192.0, 1004.0, 897.0]
[0.0, 48.0, 941.0, 754.0]
[80.0, 16.0, 1022.0, 722.0]
[64.0, 64.0, 1007.0, 771.0]
[48.0, 112.0, 992.0, 820.0]
[32.0, 32.0, 977.0, 741.0]
[48.0, 96.0, 994.0, 806.0]
[64.0, 32.0, 1011.0, 742.0]
[32.0, 16.0, 980.0, 727.0]
[48.0, 64.0, 997.0, 776.0]
[16.0, 160.0, 966.0, 872.0]
[64.0, 128.0, 1015.0, 841.0]
[32.0, 176.0, 984.0, 890.0]
[64.0, 176.0, 1017.0, 891.0]
[64.0, 32.0, 1018.0, 748.0]
[64.0, 80.0, 1019.0, 796.0]
[32.0, 64.0, 988.0, 781.0]
[48.0, 48.0, 1005.0, 766.0]
[0.0, 96.0, 958.0, 814.0]
[48.0, 80.0, 1007.0, 799.0]
[64.0, 112.0, 1024.0, 832.0]
[32.0, 112.0, 993.0, 833.0]
[0.0, 128.0, 962.0, 850.0]
[0.0, 112.0, 963.0, 834.0]
[32.0, 64.0, 996.0, 787.0]
[16.0, 144.0, 981.0, 868.0]
[48.0, 80.0, 1014.0, 804.0]
[0.0, 128.0, 967.0, 853.0]
[0.0, 80.0, 968.0, 806.0]
[32.0, 16.0, 1001.0, 743.0]
[16.0, 128.0, 986.0, 856.0]
[32.0, 48.0, 1003.0, 776.0]
[0.0, 64.0, 972.0, 793.0]
[48.0, 48.0, 1021.0, 778.0]
[0.0, 160.0, 974.0, 890.0]
[16.0, 32.0, 991.0, 763.0]
[32.0, 112.0, 1008.0, 844.0]
[32.0, 96.0, 1009.0, 829.0]
[0.0, 64.0, 978.0, 798.0]
[32.0, 96.0, 1011.0, 830.0]
[16.0, 128.0, 996.0, 863.0]
[0.0, 48.0, 981.0, 784.0]
[32.0, 32.0, 1014.0, 768.0]
[16.0, 144.0, 999.0, 881.0]
[16.0, 16.0, 1000.0, 754.0]
[0.0, 160.0, 985.0, 899.0]
[16.0, 128.0, 1002.0, 868.0]
[0.0, 112.0, 987.0, 852.0]
[16.0, 144.0, 1004.0, 885.0]
[32.0, 48.0, 1021.0, 790.0]
[32.0, 144.0, 1022.0, 886.0]
[0.0, 64.0, 991.0, 807.0]
[0.0, 32.0, 992.0, 776.0]
[0.0, 96.0, 993.0, 841.0]
[16.0, 80.0, 1010.0, 826.0]
[16.0, 144.0, 1011.0, 890.0]
[16.0, 16.0, 1012.0, 763.0]
[0.0, 48.0, 997.0, 796.0]
[16.0, 32.0, 1014.0, 780.0]
[0.0, 128.0, 999.0, 877.0]
[16.0, 16.0, 1016.0, 766.0]
[16.0, 16.0, 1017.0, 767.0]
[16.0, 64.0, 1018.0, 816.0]
[0.0, 48.0, 1003.0, 800.0]
[16.0, 64.0, 1020.0, 817.0]
[0.0, 80.0, 1005.0, 834.0]
[16.0, 128.0, 1022.0, 882.0]
[0.0, 48.0, 1007.0, 803.0]
[0.0, 96.0, 1008.0, 852.0]
[0.0, 32.0, 1009.0, 789.0]
[0.0, 96.0, 1010.0, 854.0]
[0.0, 80.0, 1011.0, 838.0]
[0.0, 144.0, 1012.0, 903.0]
[0.0, 96.0, 1013.0, 856.0]
[0.0, 32.0, 1014.0, 792.0]
[0.0, 32.0, 1015.0, 793.0]
[0.0, 96.0, 1016.0, 858.0]
[0.0, 128.0, 1017.0, 891.0]
[0.0, 48.0, 1018.0, 812.0]
[0.0, 32.0, 1019.0, 796.0]
[0.0, 80.0, 1020.0, 845.0]
[0.0, 64.0, 1021.0, 830.0]
[0.0, 96.0, 1022.0, 862.0]
[0.0, 48.0, 1023.0, 815.0]
[0.0, 80.0, 1024.0, 848.0]
