[128.0, 112.0, 845.0, 650.0]
[144.0, 128.0, 862.0, 666.0]
[208.0, 112.0, 927.0, 651.0]
[160.0, 96.0, 880.0, 636.0]
[128.0, 112.0, 849.0, 653.0]
[272.0, 112.0, 994.0, 654.0]
[208.0, 128.0, 931.0, 670.0]
[112.0, 96.0, 836.0, 639.0]
[224.0, 128.0, 949.0, 672.0]
[288.0, 112.0, 1014.0, 656.0]
[224.0, 112.0, 951.0, 657.0]
[288.0, 144.0, 1016.0, 690.0]
[192.0, 80.0, 921.0, 627.0]
[160.0, 80.0, 890.0, 628.0]
[144.0, 144.0, 875.0, 692.0]
[144.0, 144.0, 876.0, 693.0]
[144.0, 96.0, 877.0, 646.0]
[176.0, 80.0, 910.0, 630.0]
[256.0, 128.0, 991.0, 679.0]
[192.0, 96.0, 928.0, 648.0]
[96.0, 128.0, 833.0, 681.0]
[160.0, 80.0, 898.0, 634.0]
[224.0, 96.0, 963.0, 650.0]
[224.0, 96.0, 964.0, 651.0]
[128.0, 112.0, 869.0, 668.0]
[208.0, 80.0, 950.0, 636.0]
[80.0, 112.0, 823.0, 669.0]
[112.0, 112.0, 856.0, 670.0]
[240.0, 128.0, 985.0, 687.0]
[112.0, 112.0, 858.0, 672.0]
[160.0, 64.0, 907.0, 624.0]
[160.0, 96.0, 908.0, 657.0]
[96.0, 112.0, 845.0, 674.0]
[112.0, 96.0, 862.0, 658.0]
[240.0, 128.0, 991.0, 691.0]
[96.0, 112.0, 848.0, 676.0]
[128.0, 96.0, 881.0, 661.0]
[160.0, 112.0, 914.0, 678.0]
[96.0, 112.0, 851.0, 678.0]
[208.0, 128.0, 964.0, 695.0]
[176.0, 112.0, 933.0, 680.0]
[192.0, 112.0, 950.0, 680.0]
[256.0, 96.0, 1015.0, 665.0]
[224.0, 96.0, 984.0, 666.0]
[208.0, 96.0, 969.0, 667.0]
[96.0, 80.0, 858.0, 652.0]
[112.0, 64.0, 875.0, 636.0]
[96.0, 112.0, 860.0, 685.0]
[208.0, 96.0, 973.0, 670.0]
[176.0, 112.0, 942.0, 686.0]
[192.0, 80.0, 959.0, 655.0]
[80.0, 96.0, 848.0, 672.0]
[80.0, 112.0, 849.0, 689.0]
[192.0, 64.0, 962.0, 642.0]
[160.0, 48.0, 931.0, 626.0]
[64.0, 96.0, 836.0, 675.0]
[112.0, 64.0, 885.0, 644.0]
[128.0, 112.0, 902.0, 692.0]
[176.0, 80.0, 951.0, 661.0]
[112.0, 80.0, 888.0, 662.0]
[128.0, 96.0, 905.0, 679.0]
[96.0, 96.0, 874.0, 680.0]
[176.0, 112.0, 955.0, 696.0]
[192.0, 112.0, 972.0, 697.0]
[144.0, 96.0, 925.0, 682.0]
[64.0, 96.0, 846.0, 682.0]
[176.0, 96.0, 959.0, 683.0]
[128.0, 96.0, 912.0, 684.0]
[64.0, 96.0, 849.0, 685.0]
[128.0, 80.0, 914.0, 670.0]
[224.0, 64.0, 1011.0, 654.0]
[80.0, 96.0, 868.0, 687.0]
[80.0, 96.0, 869.0, 688.0]
[208.0, 64.0, 998.0, 656.0]
[64.0, 80.0, 855.0, 673.0]
[176.0, 96.0, 968.0, 690.0]
[96.0, 96.0, 889.0, 691.0]
[80.0, 80.0, 874.0, 676.0]
[160.0, 64.0, 955.0, 660.0]
[208.0, 64.0, 1004.0, 661.0]
[64.0, 96.0, 861.0, 694.0]
[112.0, 64.0, 910.0, 662.0]
[112.0, 96.0, 911.0, 695.0]
[176.0, 48.0, 976.0, 648.0]
[192.0, 80.0, 993.0, 681.0]
[160.0, 64.0, 962.0, 666.0]
[80.0, 80.0, 883.0, 682.0]
[192.0, 48.0, 996.0, 651.0]
[112.0, 48.0, 917.0, 652.0]
[112.0, 48.0, 918.0, 652.0]
[112.0, 80.0, 919.0, 685.0]
[176.0, 80.0, 984.0, 686.0]
[112.0, 64.0, 921.0, 671.0]
[160.0, 16.0, 970.0, 624.0]
[192.0, 48.0, 1003.0, 656.0]
[128.0, 32.0, 940.0, 641.0]
[64.0, 80.0, 877.0, 690.0]
[128.0, 16.0, 942.0, 626.0]
[160.0, 48.0, 975.0, 659.0]
[192.0, 48.0, 1008.0, 660.0]
[176.0, 32.0, 993.0, 645.0]
[192.0, 32.0, 1010.0, 646.0]
[160.0, 64.0, 979.0, 678.0]
[128.0, 16.0, 948.0, 631.0]
[160.0, 16.0, 981.0, 632.0]
[80.0, 80.0, 902.0, 696.0]
[160.0, 80.0, 983.0, 697.0]
[128.0, 32.0, 952.0, 650.0]
[64.0, 48.0, 889.0, 667.0]
[128.0, 32.0, 954.0, 652.0]
[112.0, 16.0, 939.0, 636.0]
[96.0, 64.0, 924.0, 685.0]
[192.0, 32.0, 1021.0, 654.0]
[80.0, 48.0, 910.0, 670.0]
[176.0, 16.0, 1007.0, 639.0]
[144.0, 16.0, 976.0, 640.0]
[160.0, 48.0, 993.0, 673.0]
[64.0, 48.0, 898.0, 674.0]
[176.0, 32.0, 1011.0, 658.0]
[144.0, 48.0, 980.0, 675.0]
[160.0, 16.0, 997.0, 644.0]
[144.0, 64.0, 982.0, 692.0]
[128.0, 32.0, 967.0, 661.0]
[160.0, 16.0, 1000.0, 646.0]
[64.0, 32.0, 905.0, 663.0]
[128.0, 16.0, 970.0, 648.0]
[128.0, 48.0, 971.0, 680.0]
[64.0, 48.0, 908.0, 681.0]
[112.0, 0.0, 957.0, 634.0]
[160.0, 32.0, 1006.0, 666.0]
[160.0, 16.0, 1007.0, 651.0]
[112.0, 16.0, 960.0, 652.0]
[144.0, 16.0, 993.0, 653.0]
[112.0, 32.0, 962.0, 670.0]
[112.0, 0.0, 963.0, 638.0]
[112.0, 32.0, 964.0, 671.0]
[80.0, 48.0, 933.0, 688.0]
[112.0, 48.0, 966.0, 688.0]
[144.0, 0.0, 999.0, 641.0]
[144.0, 16.0, 1000.0, 658.0]
[112.0, 48.0, 969.0, 691.0]
[160.0, 48.0, 1018.0, 692.0]
[144.0, 0.0, 1003.0, 644.0]
[64.0, 48.0, 924.0, 693.0]
[96.0, 48.0, 957.0, 694.0]
[112.0, 0.0, 974.0, 646.0]
[96.0, 16.0, 959.0, 663.0]
[128.0, 32.0, 992.0, 680.0]
[128.0, 16.0, 993.0, 665.0]
[96.0, 32.0, 962.0, 682.0]
[128.0, 32.0, 995.0, 682.0]
[144.0, 32.0, 1012.0, 683.0]
[128.0, 32.0, 997.0, 684.0]
[80.0, 16.0, 950.0, 668.0]
[112.0, 16.0, 983.0, 669.0]
[80.0, 0.0, 952.0, 654.0]
[128.0, 0.0, 1001.0, 655.0]
[128.0, 16.0, 1002.0, 672.0]
[128.0, 0.0, 1003.0, 656.0]
[64.0, 32.0, 940.0, 689.0]
[112.0, 32.0, 989.0, 690.0]
[112.0, 32.0, 990.0, 690.0]
[96.0, 0.0, 975.0, 659.0]
[64.0, 16.0, 944.0, 676.0]
[64.0, 16.0, 945.0, 677.0]
[96.0, 0.0, 978.0, 662.0]
[112.0, 0.0, 995.0, 662.0]
[128.0, 0.0, 1012.0, 663.0]
[112.0, 0.0, 997.0, 664.0]
[128.0, 0.0, 1014.0, 664.0]
[112.0, 16.0, 999.0, 681.0]
[96.0, 16.0, 984.0, 682.0]
[80.0, 16.0, 969.0, 683.0]
[96.0, 0.0, 986.0, 668.0]
[64.0, 0.0, 955.0, 668.0]
[96.0, 16.0, 988.0, 685.0]
[64.0, 16.0, 957.0, 686.0]
[80.0, 0.0, 974.0, 670.0]
[112.0, 16.0, 1007.0, 687.0]
[96.0, 0.0, 992.0, 672.0]
[64.0, 0.0, 961.0, 673.0]
[96.0, 16.0, 994.0, 690.0]
[64.0, 0.0, 963.0, 674.0]
[80.0, 16.0, 980.0, 691.0]
[64.0, 0.0, 965.0, 676.0]
[96.0, 16.0, 998.0, 692.0]
[112.0, 16.0, 1015.0, 693.0]
[112.0, 16.0, 1016.0, 694.0]
[64.0, 16.0, 969.0, 695.0]
[80.0, 16.0, 986.0, 696.0]
[96.0, 16.0, 1003.0, 696.0]
[112.0, 0.0, 1020.0, 681.0]
[64.0, 0.0, 973.0, 682.0]
[80.0, 0.0, 990.0, 682.0]
[64.0, 0.0, 975.0, 683.0]
[80.0, 0.0, 992.0, 684.0]
[96.0, 0.0, 1009.0, 685.0]
[96.0, 0.0, 1010.0, 686.0]
[64.0, 0.0, 979.0, 686.0]
[64.0, 0.0, 980.0, 687.0]
[80.0, 0.0, 997.0, 688.0]
[64.0, 0.0, 982.0, 688.0]
[96.0, 0.0, 1015.0, 689.0]
[96.0, 0.0, 1016.0, 690.0]
[96.0, 0.0, 1017.0, 691.0]
