[208.0, 112.0, 827.0, 937.0]
[176.0, 128.0, 796.0, 954.0]
[208.0, 96.0, 828.0, 923.0]
[224.0, 48.0, 845.0, 876.0]
[128.0, 80.0, 750.0, 909.0]
[176.0, 144.0, 798.0, 974.0]
[224.0, 112.0, 847.0, 943.0]
[256.0, 96.0, 880.0, 928.0]
[160.0, 48.0, 785.0, 881.0]
[256.0, 80.0, 882.0, 914.0]
[208.0, 144.0, 834.0, 979.0]
[256.0, 80.0, 883.0, 916.0]
[128.0, 32.0, 756.0, 869.0]
[144.0, 128.0, 772.0, 966.0]
[128.0, 48.0, 757.0, 887.0]
[176.0, 144.0, 806.0, 984.0]
[256.0, 144.0, 887.0, 985.0]
[192.0, 32.0, 824.0, 874.0]
[256.0, 48.0, 888.0, 891.0]
[144.0, 64.0, 777.0, 908.0]
[208.0, 144.0, 842.0, 989.0]
[208.0, 64.0, 842.0, 910.0]
[256.0, 64.0, 891.0, 911.0]
[176.0, 80.0, 812.0, 928.0]
[112.0, 80.0, 749.0, 929.0]
[224.0, 96.0, 862.0, 946.0]
[176.0, 160.0, 814.0, 1011.0]
[160.0, 144.0, 799.0, 996.0]
[240.0, 48.0, 880.0, 901.0]
[160.0, 80.0, 800.0, 934.0]
[160.0, 16.0, 801.0, 871.0]
[144.0, 128.0, 786.0, 984.0]
[208.0, 112.0, 851.0, 969.0]
[176.0, 112.0, 820.0, 970.0]
[160.0, 64.0, 804.0, 923.0]
[160.0, 48.0, 805.0, 908.0]
[176.0, 144.0, 822.0, 1005.0]
[176.0, 80.0, 822.0, 942.0]
[208.0, 64.0, 855.0, 927.0]
[240.0, 144.0, 888.0, 1008.0]
[192.0, 80.0, 841.0, 945.0]
[144.0, 0.0, 794.0, 866.0]
[128.0, 32.0, 778.0, 899.0]
[272.0, 96.0, 923.0, 964.0]
[160.0, 64.0, 812.0, 933.0]
[224.0, 32.0, 876.0, 902.0]
[112.0, 80.0, 765.0, 951.0]
[128.0, 64.0, 782.0, 936.0]
[160.0, 96.0, 815.0, 969.0]
[160.0, 32.0, 816.0, 906.0]
[160.0, 16.0, 816.0, 891.0]
[224.0, 16.0, 881.0, 892.0]
[256.0, 128.0, 914.0, 1005.0]
[160.0, 80.0, 818.0, 958.0]
[176.0, 112.0, 835.0, 991.0]
[128.0, 16.0, 788.0, 896.0]
[224.0, 0.0, 885.0, 881.0]
[224.0, 32.0, 886.0, 914.0]
[96.0, 80.0, 758.0, 963.0]
[160.0, 64.0, 823.0, 948.0]
[176.0, 32.0, 840.0, 917.0]
[160.0, 112.0, 824.0, 998.0]
[192.0, 0.0, 857.0, 887.0]
[256.0, 16.0, 922.0, 904.0]
[96.0, 64.0, 763.0, 953.0]
[160.0, 48.0, 828.0, 938.0]
[64.0, 48.0, 732.0, 939.0]
[160.0, 112.0, 829.0, 1004.0]
[64.0, 64.0, 734.0, 957.0]
[144.0, 128.0, 814.0, 1022.0]
[224.0, 112.0, 895.0, 1007.0]
[192.0, 48.0, 864.0, 944.0]
[112.0, 48.0, 785.0, 945.0]
[144.0, 96.0, 818.0, 994.0]
[112.0, 112.0, 786.0, 1011.0]
[256.0, 32.0, 931.0, 932.0]
[112.0, 96.0, 788.0, 997.0]
[144.0, 96.0, 820.0, 998.0]
[208.0, 48.0, 885.0, 951.0]
[192.0, 80.0, 870.0, 984.0]
[224.0, 96.0, 903.0, 1001.0]
[128.0, 32.0, 808.0, 938.0]
[96.0, 96.0, 776.0, 1003.0]
[80.0, 48.0, 761.0, 956.0]
[80.0, 80.0, 762.0, 989.0]
[144.0, 16.0, 826.0, 926.0]
[64.0, 80.0, 747.0, 991.0]
[144.0, 64.0, 828.0, 976.0]
[64.0, 96.0, 749.0, 1009.0]
[224.0, 0.0, 910.0, 914.0]
[192.0, 32.0, 878.0, 947.0]
[208.0, 80.0, 895.0, 996.0]
[224.0, 80.0, 912.0, 997.0]
[112.0, 48.0, 800.0, 966.0]
[144.0, 96.0, 833.0, 1015.0]
[160.0, 64.0, 850.0, 984.0]
[96.0, 16.0, 787.0, 937.0]
[240.0, 64.0, 932.0, 986.0]
[176.0, 48.0, 868.0, 971.0]
[112.0, 96.0, 805.0, 1020.0]
[64.0, 96.0, 758.0, 1021.0]
[80.0, 16.0, 774.0, 942.0]
[176.0, 16.0, 871.0, 943.0]
[80.0, 16.0, 776.0, 944.0]
[96.0, 48.0, 793.0, 977.0]
[192.0, 0.0, 890.0, 930.0]
[112.0, 0.0, 810.0, 931.0]
[192.0, 16.0, 891.0, 948.0]
[96.0, 16.0, 796.0, 949.0]
[208.0, 48.0, 908.0, 982.0]
[176.0, 64.0, 877.0, 999.0]
[112.0, 0.0, 814.0, 936.0]
[176.0, 48.0, 879.0, 985.0]
[80.0, 48.0, 784.0, 986.0]
[64.0, 80.0, 768.0, 1019.0]
[144.0, 32.0, 849.0, 972.0]
[176.0, 0.0, 882.0, 941.0]
[192.0, 16.0, 898.0, 958.0]
[208.0, 16.0, 915.0, 959.0]
[48.0, 64.0, 756.0, 1008.0]
[160.0, 16.0, 869.0, 961.0]
[64.0, 32.0, 774.0, 978.0]
[144.0, 64.0, 854.0, 1011.0]
[80.0, 32.0, 791.0, 980.0]
[208.0, 0.0, 920.0, 949.0]
[176.0, 32.0, 888.0, 982.0]
[64.0, 16.0, 777.0, 967.0]
[96.0, 16.0, 810.0, 968.0]
[128.0, 32.0, 843.0, 985.0]
[112.0, 32.0, 828.0, 986.0]
[64.0, 0.0, 780.0, 955.0]
[48.0, 32.0, 765.0, 988.0]
[128.0, 16.0, 846.0, 973.0]
[208.0, 0.0, 926.0, 958.0]
[48.0, 32.0, 767.0, 991.0]
[112.0, 16.0, 832.0, 976.0]
[96.0, 48.0, 817.0, 1009.0]
[176.0, 32.0, 898.0, 994.0]
[96.0, 32.0, 818.0, 995.0]
[48.0, 0.0, 771.0, 964.0]
[176.0, 48.0, 900.0, 1013.0]
[128.0, 32.0, 852.0, 998.0]
[208.0, 0.0, 933.0, 967.0]
[128.0, 48.0, 854.0, 1016.0]
[80.0, 48.0, 807.0, 1017.0]
[32.0, 16.0, 760.0, 986.0]
[192.0, 48.0, 920.0, 1019.0]
[112.0, 16.0, 841.0, 988.0]
[176.0, 0.0, 906.0, 973.0]
[112.0, 32.0, 842.0, 1006.0]
[64.0, 48.0, 795.0, 1023.0]
[144.0, 48.0, 876.0, 1024.0]
[128.0, 16.0, 861.0, 993.0]
[64.0, 0.0, 798.0, 978.0]
[80.0, 16.0, 814.0, 995.0]
[80.0, 0.0, 815.0, 980.0]
[128.0, 0.0, 864.0, 981.0]
[144.0, 16.0, 880.0, 998.0]
[48.0, 16.0, 785.0, 999.0]
[176.0, 16.0, 914.0, 1000.0]
[128.0, 32.0, 867.0, 1017.0]
[80.0, 0.0, 820.0, 986.0]
[64.0, 0.0, 804.0, 987.0]
[176.0, 0.0, 917.0, 988.0]
[160.0, 0.0, 902.0, 989.0]
[128.0, 0.0, 870.0, 990.0]
[32.0, 32.0, 775.0, 1023.0]
[80.0, 0.0, 824.0, 992.0]
[96.0, 0.0, 841.0, 993.0]
[96.0, 16.0, 842.0, 1010.0]
[144.0, 0.0, 890.0, 995.0]
[48.0, 0.0, 795.0, 996.0]
[176.0, 16.0, 924.0, 1013.0]
[128.0, 16.0, 876.0, 1014.0]
[128.0, 0.0, 877.0, 999.0]
[160.0, 0.0, 910.0, 1000.0]
[64.0, 16.0, 815.0, 1017.0]
[80.0, 16.0, 832.0, 1018.0]
[160.0, 0.0, 912.0, 1003.0]
[64.0, 16.0, 817.0, 1020.0]
[144.0, 0.0, 898.0, 1005.0]
[48.0, 0.0, 802.0, 1006.0]
[64.0, 16.0, 819.0, 1023.0]
[16.0, 0.0, 772.0, 1008.0]
[144.0, 0.0, 901.0, 1009.0]
[16.0, 0.0, 774.0, 1010.0]
[48.0, 0.0, 806.0, 1011.0]
[160.0, 0.0, 919.0, 1012.0]
[64.0, 0.0, 824.0, 1013.0]
[48.0, 0.0, 808.0, 1014.0]
[160.0, 0.0, 921.0, 1015.0]
[80.0, 0.0, 842.0, 1016.0]
[64.0, 0.0, 827.0, 1017.0]
[96.0, 0.0, 860.0, 1018.0]
[96.0, 0.0, 860.0, 1019.0]
[128.0, 0.0, 893.0, 1020.0]
[32.0, 0.0, 798.0, 1021.0]
[112.0, 0.0, 878.0, 1022.0]
[96.0, 0.0, 863.0, 1023.0]
[16.0, 0.0, 784.0, 1024.0]
