[80.0, 16.0, 797.0, 554.0]
[16.0, 16.0, 734.0, 554.0]
[32.0, 0.0, 751.0, 539.0]
[16.0, 32.0, 736.0, 572.0]
[80.0, 0.0, 801.0, 541.0]
[96.0, 0.0, 818.0, 542.0]
[80.0, 0.0, 803.0, 542.0]
[112.0, 32.0, 836.0, 575.0]
[16.0, 32.0, 741.0, 576.0]
[32.0, 16.0, 758.0, 560.0]
[64.0, 0.0, 791.0, 545.0]
[32.0, 0.0, 760.0, 546.0]
[32.0, 0.0, 761.0, 547.0]
[64.0, 16.0, 794.0, 564.0]
[48.0, 0.0, 779.0, 548.0]
[32.0, 16.0, 764.0, 565.0]
[32.0, 0.0, 765.0, 550.0]
[80.0, 16.0, 814.0, 566.0]
[16.0, 16.0, 751.0, 567.0]
[80.0, 16.0, 816.0, 568.0]
[64.0, 0.0, 801.0, 553.0]
[64.0, 16.0, 802.0, 570.0]
[80.0, 16.0, 819.0, 570.0]
[80.0, 0.0, 820.0, 555.0]
[64.0, 16.0, 805.0, 572.0]
[80.0, 16.0, 822.0, 572.0]
[80.0, 0.0, 823.0, 557.0]
[96.0, 16.0, 840.0, 574.0]
[48.0, 0.0, 793.0, 559.0]
[80.0, 0.0, 826.0, 560.0]
[32.0, 0.0, 779.0, 560.0]
[80.0, 0.0, 828.0, 561.0]
[80.0, 0.0, 829.0, 562.0]
[48.0, 0.0, 798.0, 562.0]
[16.0, 0.0, 767.0, 563.0]
[64.0, 0.0, 816.0, 564.0]
[48.0, 0.0, 801.0, 565.0]
[32.0, 0.0, 786.0, 566.0]
[64.0, 0.0, 819.0, 566.0]
[80.0, 0.0, 836.0, 567.0]
[48.0, 0.0, 805.0, 568.0]
[32.0, 0.0, 790.0, 568.0]
[32.0, 0.0, 791.0, 569.0]
[48.0, 0.0, 808.0, 570.0]
[48.0, 0.0, 809.0, 571.0]
[48.0, 0.0, 810.0, 572.0]
[48.0, 0.0, 811.0, 572.0]
[16.0, 0.0, 780.0, 573.0]
[16.0, 0.0, 781.0, 574.0]
[16.0, 0.0, 782.0, 574.0]
[32.0, 0.0, 799.0, 575.0]
[64.0, 0.0, 832.0, 576.0]
