[144.0, 64.0, 861.0, 602.0]
[96.0, 64.0, 814.0, 602.0]
[96.0, 48.0, 815.0, 587.0]
[144.0, 32.0, 864.0, 572.0]
[112.0, 32.0, 833.0, 573.0]
[224.0, 32.0, 946.0, 574.0]
[32.0, 32.0, 755.0, 574.0]
[144.0, 48.0, 868.0, 591.0]
[80.0, 64.0, 805.0, 608.0]
[48.0, 16.0, 774.0, 560.0]
[128.0, 16.0, 855.0, 561.0]
[64.0, 48.0, 792.0, 594.0]
[48.0, 16.0, 777.0, 563.0]
[240.0, 48.0, 970.0, 596.0]
[128.0, 64.0, 859.0, 612.0]
[176.0, 48.0, 908.0, 597.0]
[64.0, 32.0, 797.0, 582.0]
[160.0, 64.0, 894.0, 614.0]
[256.0, 64.0, 991.0, 615.0]
[80.0, 48.0, 816.0, 600.0]
[112.0, 32.0, 849.0, 585.0]
[80.0, 48.0, 818.0, 602.0]
[256.0, 32.0, 995.0, 586.0]
[80.0, 64.0, 820.0, 619.0]
[240.0, 48.0, 981.0, 604.0]
[224.0, 64.0, 966.0, 620.0]
[192.0, 16.0, 935.0, 573.0]
[128.0, 64.0, 872.0, 622.0]
[256.0, 16.0, 1001.0, 575.0]
[32.0, 48.0, 778.0, 608.0]
[80.0, 32.0, 827.0, 592.0]
[64.0, 0.0, 812.0, 561.0]
[80.0, 16.0, 829.0, 578.0]
[48.0, 32.0, 798.0, 594.0]
[256.0, 16.0, 1007.0, 579.0]
[240.0, 64.0, 992.0, 628.0]
[240.0, 48.0, 993.0, 613.0]
[224.0, 64.0, 978.0, 630.0]
[208.0, 64.0, 963.0, 630.0]
[32.0, 0.0, 788.0, 567.0]
[32.0, 0.0, 789.0, 568.0]
[80.0, 0.0, 838.0, 568.0]
[160.0, 0.0, 919.0, 569.0]
[224.0, 32.0, 984.0, 602.0]
[224.0, 16.0, 985.0, 587.0]
[144.0, 0.0, 906.0, 572.0]
[160.0, 48.0, 923.0, 620.0]
[32.0, 32.0, 796.0, 605.0]
[176.0, 0.0, 941.0, 574.0]
[160.0, 64.0, 926.0, 638.0]
[208.0, 64.0, 975.0, 639.0]
[96.0, 48.0, 864.0, 624.0]
[224.0, 0.0, 993.0, 577.0]
[160.0, 0.0, 930.0, 578.0]
[80.0, 48.0, 851.0, 626.0]
[96.0, 64.0, 868.0, 643.0]
[240.0, 0.0, 1013.0, 580.0]
[176.0, 16.0, 950.0, 596.0]
[80.0, 16.0, 855.0, 597.0]
[160.0, 48.0, 936.0, 630.0]
[160.0, 32.0, 937.0, 615.0]
[208.0, 32.0, 986.0, 616.0]
[176.0, 16.0, 955.0, 600.0]
[208.0, 32.0, 988.0, 617.0]
[96.0, 16.0, 877.0, 602.0]
[128.0, 32.0, 910.0, 618.0]
[224.0, 16.0, 1007.0, 603.0]
[144.0, 16.0, 928.0, 604.0]
[32.0, 64.0, 817.0, 653.0]
[96.0, 64.0, 882.0, 654.0]
[16.0, 0.0, 803.0, 590.0]
[192.0, 32.0, 980.0, 623.0]
[112.0, 0.0, 901.0, 592.0]
[16.0, 16.0, 806.0, 608.0]
[176.0, 48.0, 967.0, 641.0]
[64.0, 64.0, 856.0, 658.0]
[16.0, 16.0, 809.0, 611.0]
[144.0, 16.0, 938.0, 612.0]
[224.0, 48.0, 1019.0, 644.0]
[48.0, 16.0, 844.0, 613.0]
[0.0, 16.0, 797.0, 614.0]
[192.0, 64.0, 990.0, 662.0]
[160.0, 16.0, 959.0, 615.0]
[208.0, 16.0, 1008.0, 616.0]
[128.0, 64.0, 929.0, 665.0]
[96.0, 16.0, 898.0, 618.0]
[96.0, 16.0, 899.0, 618.0]
[80.0, 64.0, 884.0, 667.0]
[160.0, 0.0, 965.0, 604.0]
[0.0, 32.0, 806.0, 636.0]
[128.0, 32.0, 935.0, 637.0]
[32.0, 48.0, 840.0, 654.0]
[80.0, 64.0, 889.0, 671.0]
[112.0, 16.0, 922.0, 624.0]
[160.0, 48.0, 971.0, 656.0]
[128.0, 48.0, 940.0, 657.0]
[144.0, 48.0, 957.0, 658.0]
[128.0, 16.0, 942.0, 626.0]
[80.0, 16.0, 895.0, 627.0]
[32.0, 48.0, 848.0, 660.0]
[144.0, 32.0, 961.0, 645.0]
[128.0, 32.0, 946.0, 646.0]
[48.0, 0.0, 867.0, 614.0]
[112.0, 64.0, 932.0, 679.0]
[16.0, 16.0, 837.0, 632.0]
[160.0, 48.0, 982.0, 664.0]
[144.0, 64.0, 967.0, 681.0]
[0.0, 16.0, 824.0, 634.0]
[16.0, 32.0, 841.0, 651.0]
[176.0, 16.0, 1002.0, 636.0]
[144.0, 48.0, 971.0, 668.0]
[16.0, 48.0, 844.0, 669.0]
[64.0, 0.0, 893.0, 622.0]
[176.0, 16.0, 1006.0, 638.0]
[128.0, 0.0, 959.0, 623.0]
[192.0, 32.0, 1024.0, 656.0]
[160.0, 16.0, 993.0, 641.0]
[80.0, 48.0, 914.0, 674.0]
[128.0, 0.0, 963.0, 626.0]
[0.0, 16.0, 836.0, 643.0]
[128.0, 16.0, 965.0, 644.0]
[144.0, 16.0, 982.0, 644.0]
[96.0, 16.0, 935.0, 645.0]
[144.0, 32.0, 984.0, 662.0]
[16.0, 16.0, 857.0, 647.0]
[80.0, 48.0, 922.0, 680.0]
[16.0, 32.0, 859.0, 664.0]
[176.0, 0.0, 1020.0, 633.0]
[128.0, 48.0, 973.0, 682.0]
[0.0, 48.0, 846.0, 682.0]
[176.0, 32.0, 1023.0, 667.0]
[144.0, 0.0, 992.0, 636.0]
[48.0, 16.0, 897.0, 653.0]
[32.0, 16.0, 882.0, 654.0]
[144.0, 0.0, 995.0, 638.0]
[64.0, 16.0, 916.0, 655.0]
[32.0, 32.0, 885.0, 672.0]
[64.0, 16.0, 918.0, 656.0]
[80.0, 16.0, 935.0, 657.0]
[144.0, 32.0, 1000.0, 674.0]
[32.0, 0.0, 889.0, 643.0]
[112.0, 16.0, 970.0, 660.0]
[144.0, 0.0, 1003.0, 644.0]
[144.0, 32.0, 1004.0, 677.0]
[112.0, 32.0, 973.0, 678.0]
[80.0, 0.0, 942.0, 646.0]
[96.0, 32.0, 959.0, 679.0]
[112.0, 0.0, 976.0, 648.0]
[0.0, 16.0, 865.0, 665.0]
[144.0, 0.0, 1010.0, 650.0]
[32.0, 16.0, 899.0, 666.0]
[80.0, 16.0, 948.0, 667.0]
[80.0, 16.0, 949.0, 668.0]
[48.0, 16.0, 918.0, 668.0]
[64.0, 16.0, 935.0, 669.0]
[144.0, 16.0, 1016.0, 670.0]
[144.0, 16.0, 1017.0, 671.0]
[16.0, 16.0, 890.0, 672.0]
[128.0, 16.0, 1003.0, 672.0]
[128.0, 16.0, 1004.0, 673.0]
[0.0, 16.0, 877.0, 674.0]
[96.0, 0.0, 974.0, 658.0]
[80.0, 0.0, 959.0, 659.0]
[112.0, 16.0, 992.0, 676.0]
[0.0, 16.0, 881.0, 677.0]
[48.0, 0.0, 930.0, 662.0]
[48.0, 16.0, 931.0, 678.0]
[16.0, 0.0, 900.0, 663.0]
[128.0, 0.0, 1013.0, 664.0]
[16.0, 16.0, 902.0, 680.0]
[64.0, 16.0, 951.0, 681.0]
[112.0, 16.0, 1000.0, 682.0]
[64.0, 16.0, 953.0, 683.0]
[16.0, 0.0, 906.0, 668.0]
[96.0, 0.0, 987.0, 668.0]
[80.0, 0.0, 972.0, 669.0]
[96.0, 0.0, 989.0, 670.0]
[16.0, 0.0, 910.0, 670.0]
[16.0, 0.0, 911.0, 671.0]
[112.0, 0.0, 1008.0, 672.0]
[96.0, 0.0, 993.0, 673.0]
[48.0, 0.0, 946.0, 674.0]
[48.0, 0.0, 947.0, 674.0]
[96.0, 0.0, 996.0, 675.0]
[0.0, 0.0, 901.0, 676.0]
[96.0, 0.0, 998.0, 676.0]
[64.0, 0.0, 967.0, 677.0]
[80.0, 0.0, 984.0, 678.0]
[112.0, 0.0, 1017.0, 679.0]
[16.0, 0.0, 922.0, 680.0]
[48.0, 0.0, 955.0, 680.0]
[112.0, 0.0, 1020.0, 681.0]
[80.0, 0.0, 989.0, 682.0]
[80.0, 0.0, 990.0, 682.0]
[48.0, 0.0, 959.0, 683.0]
