[208.0, 80.0, 908.0, 605.0]
[176.0, 32.0, 877.0, 558.0]
[192.0, 80.0, 894.0, 606.0]
[240.0, 32.0, 943.0, 559.0]
[80.0, 48.0, 784.0, 576.0]
[96.0, 64.0, 801.0, 593.0]
[256.0, 16.0, 962.0, 546.0]
[192.0, 0.0, 899.0, 530.0]
[192.0, 80.0, 900.0, 611.0]
[144.0, 0.0, 853.0, 532.0]
[224.0, 64.0, 934.0, 596.0]
[208.0, 0.0, 919.0, 533.0]
[256.0, 80.0, 968.0, 614.0]
[144.0, 64.0, 857.0, 599.0]
[192.0, 48.0, 906.0, 584.0]
[256.0, 32.0, 971.0, 568.0]
[96.0, 64.0, 812.0, 601.0]
[192.0, 80.0, 909.0, 618.0]
[208.0, 48.0, 926.0, 586.0]
[144.0, 16.0, 863.0, 555.0]
[240.0, 32.0, 960.0, 572.0]
[176.0, 64.0, 897.0, 605.0]
[128.0, 16.0, 850.0, 558.0]
[240.0, 16.0, 963.0, 558.0]
[144.0, 80.0, 868.0, 623.0]
[128.0, 64.0, 853.0, 608.0]
[176.0, 64.0, 902.0, 608.0]
[176.0, 32.0, 903.0, 577.0]
[208.0, 0.0, 936.0, 546.0]
[160.0, 48.0, 889.0, 595.0]
[144.0, 80.0, 874.0, 628.0]
[192.0, 32.0, 923.0, 580.0]
[224.0, 64.0, 956.0, 613.0]
[160.0, 32.0, 893.0, 582.0]
[128.0, 48.0, 862.0, 598.0]
[256.0, 0.0, 991.0, 551.0]
[144.0, 48.0, 880.0, 600.0]
[192.0, 80.0, 929.0, 633.0]
[176.0, 48.0, 914.0, 602.0]
[240.0, 32.0, 979.0, 586.0]
[240.0, 0.0, 980.0, 555.0]
[208.0, 16.0, 949.0, 572.0]
[128.0, 48.0, 870.0, 604.0]
[192.0, 48.0, 935.0, 605.0]
[256.0, 48.0, 1000.0, 606.0]
[112.0, 48.0, 857.0, 607.0]
[176.0, 16.0, 922.0, 576.0]
[208.0, 48.0, 955.0, 608.0]
[64.0, 32.0, 812.0, 593.0]
[240.0, 64.0, 989.0, 626.0]
[80.0, 48.0, 830.0, 610.0]
[80.0, 16.0, 831.0, 579.0]
[160.0, 80.0, 912.0, 644.0]
[112.0, 32.0, 865.0, 597.0]
[208.0, 80.0, 962.0, 646.0]
[80.0, 32.0, 835.0, 598.0]
[176.0, 64.0, 932.0, 631.0]
[240.0, 16.0, 997.0, 584.0]
[144.0, 16.0, 902.0, 584.0]
[240.0, 32.0, 999.0, 601.0]
[80.0, 0.0, 840.0, 570.0]
[80.0, 0.0, 841.0, 571.0]
[144.0, 16.0, 906.0, 588.0]
[80.0, 48.0, 843.0, 620.0]
[96.0, 32.0, 860.0, 605.0]
[112.0, 48.0, 877.0, 622.0]
[192.0, 16.0, 958.0, 590.0]
[224.0, 64.0, 991.0, 639.0]
[112.0, 48.0, 880.0, 624.0]
[224.0, 48.0, 993.0, 625.0]
[96.0, 32.0, 866.0, 610.0]
[160.0, 64.0, 931.0, 642.0]
[192.0, 64.0, 964.0, 643.0]
[96.0, 64.0, 869.0, 644.0]
[112.0, 48.0, 886.0, 628.0]
[144.0, 0.0, 919.0, 581.0]
[176.0, 48.0, 952.0, 630.0]
[192.0, 16.0, 969.0, 599.0]
[96.0, 0.0, 874.0, 584.0]
[96.0, 16.0, 875.0, 600.0]
[176.0, 64.0, 956.0, 649.0]
[208.0, 0.0, 989.0, 586.0]
[80.0, 32.0, 862.0, 618.0]
[160.0, 48.0, 943.0, 635.0]
[176.0, 48.0, 960.0, 636.0]
[80.0, 0.0, 865.0, 589.0]
[160.0, 32.0, 946.0, 622.0]
[80.0, 32.0, 867.0, 622.0]
[80.0, 16.0, 868.0, 607.0]
[48.0, 0.0, 837.0, 592.0]
[192.0, 0.0, 982.0, 592.0]
[144.0, 48.0, 935.0, 641.0]
[176.0, 48.0, 968.0, 642.0]
[112.0, 16.0, 905.0, 611.0]
[80.0, 32.0, 874.0, 628.0]
[128.0, 0.0, 923.0, 596.0]
[192.0, 0.0, 988.0, 597.0]
[192.0, 48.0, 989.0, 646.0]
[144.0, 0.0, 942.0, 598.0]
[112.0, 0.0, 911.0, 599.0]
[160.0, 32.0, 960.0, 632.0]
[176.0, 48.0, 977.0, 649.0]
[192.0, 0.0, 994.0, 602.0]
[160.0, 0.0, 963.0, 602.0]
[176.0, 16.0, 980.0, 619.0]
[80.0, 32.0, 885.0, 636.0]
[176.0, 16.0, 982.0, 620.0]
[160.0, 32.0, 967.0, 637.0]
[160.0, 16.0, 968.0, 622.0]
[96.0, 32.0, 905.0, 639.0]
[48.0, 32.0, 858.0, 640.0]
[160.0, 0.0, 971.0, 608.0]
[96.0, 32.0, 908.0, 641.0]
[176.0, 32.0, 989.0, 642.0]
[80.0, 16.0, 894.0, 626.0]
[176.0, 0.0, 991.0, 611.0]
[160.0, 0.0, 976.0, 612.0]
[48.0, 0.0, 865.0, 613.0]
[48.0, 16.0, 866.0, 630.0]
[64.0, 32.0, 883.0, 646.0]
[144.0, 32.0, 964.0, 647.0]
[48.0, 32.0, 869.0, 648.0]
[176.0, 32.0, 998.0, 648.0]
[80.0, 32.0, 903.0, 649.0]
[160.0, 0.0, 984.0, 618.0]
[80.0, 16.0, 905.0, 635.0]
[32.0, 0.0, 858.0, 620.0]
[96.0, 0.0, 923.0, 620.0]
[128.0, 0.0, 956.0, 621.0]
[96.0, 0.0, 925.0, 622.0]
[144.0, 16.0, 974.0, 638.0]
[112.0, 16.0, 943.0, 639.0]
[64.0, 0.0, 896.0, 624.0]
[96.0, 0.0, 929.0, 625.0]
[48.0, 16.0, 882.0, 642.0]
[32.0, 16.0, 867.0, 642.0]
[80.0, 16.0, 916.0, 643.0]
[64.0, 16.0, 901.0, 644.0]
[64.0, 16.0, 902.0, 644.0]
[128.0, 16.0, 967.0, 645.0]
[144.0, 0.0, 984.0, 630.0]
[96.0, 16.0, 937.0, 647.0]
[112.0, 16.0, 954.0, 648.0]
[128.0, 0.0, 971.0, 632.0]
[128.0, 16.0, 972.0, 649.0]
[32.0, 0.0, 877.0, 634.0]
[96.0, 0.0, 942.0, 634.0]
[80.0, 0.0, 927.0, 635.0]
[32.0, 0.0, 880.0, 636.0]
[32.0, 0.0, 881.0, 637.0]
[112.0, 0.0, 962.0, 638.0]
[112.0, 0.0, 963.0, 638.0]
[128.0, 0.0, 980.0, 639.0]
[48.0, 0.0, 901.0, 640.0]
[80.0, 0.0, 934.0, 640.0]
[144.0, 0.0, 999.0, 641.0]
[96.0, 0.0, 952.0, 642.0]
[64.0, 0.0, 921.0, 643.0]
[64.0, 0.0, 922.0, 644.0]
[48.0, 0.0, 907.0, 644.0]
[80.0, 0.0, 940.0, 645.0]
[32.0, 0.0, 893.0, 646.0]
[112.0, 0.0, 974.0, 646.0]
[32.0, 0.0, 895.0, 647.0]
[96.0, 0.0, 960.0, 648.0]
[48.0, 0.0, 913.0, 649.0]
