[208.0, 48.0, 925.0, 586.0]
[48.0, 64.0, 766.0, 602.0]
[128.0, 32.0, 847.0, 571.0]
[144.0, 0.0, 864.0, 540.0]
[208.0, 16.0, 929.0, 557.0]
[224.0, 32.0, 946.0, 574.0]
[112.0, 64.0, 835.0, 606.0]
[48.0, 0.0, 772.0, 543.0]
[80.0, 32.0, 805.0, 576.0]
[176.0, 0.0, 902.0, 544.0]
[144.0, 0.0, 871.0, 545.0]
[48.0, 64.0, 776.0, 610.0]
[160.0, 0.0, 889.0, 547.0]
[112.0, 80.0, 842.0, 628.0]
[48.0, 96.0, 779.0, 644.0]
[160.0, 0.0, 892.0, 549.0]
[64.0, 0.0, 797.0, 550.0]
[160.0, 80.0, 894.0, 630.0]
[112.0, 0.0, 847.0, 551.0]
[128.0, 0.0, 864.0, 552.0]
[32.0, 48.0, 769.0, 601.0]
[144.0, 80.0, 882.0, 634.0]
[128.0, 96.0, 867.0, 650.0]
[144.0, 80.0, 884.0, 635.0]
[32.0, 64.0, 773.0, 620.0]
[208.0, 48.0, 950.0, 604.0]
[16.0, 48.0, 759.0, 605.0]
[144.0, 16.0, 888.0, 574.0]
[32.0, 80.0, 777.0, 639.0]
[16.0, 0.0, 762.0, 560.0]
[160.0, 64.0, 907.0, 624.0]
[176.0, 32.0, 924.0, 593.0]
[176.0, 16.0, 925.0, 578.0]
[96.0, 48.0, 846.0, 610.0]
[16.0, 32.0, 767.0, 595.0]
[192.0, 48.0, 944.0, 612.0]
[112.0, 48.0, 865.0, 613.0]
[48.0, 48.0, 802.0, 614.0]
[176.0, 48.0, 931.0, 614.0]
[32.0, 0.0, 788.0, 567.0]
[96.0, 48.0, 853.0, 616.0]
[0.0, 0.0, 758.0, 568.0]
[80.0, 0.0, 839.0, 569.0]
[160.0, 64.0, 920.0, 634.0]
[112.0, 16.0, 873.0, 587.0]
[192.0, 32.0, 954.0, 604.0]
[80.0, 0.0, 843.0, 572.0]
[192.0, 0.0, 956.0, 573.0]
[128.0, 32.0, 893.0, 606.0]
[96.0, 0.0, 862.0, 574.0]
[112.0, 64.0, 879.0, 639.0]
[64.0, 80.0, 832.0, 656.0]
[112.0, 32.0, 881.0, 609.0]
[80.0, 96.0, 850.0, 674.0]
[128.0, 16.0, 899.0, 594.0]
[16.0, 80.0, 788.0, 659.0]
[16.0, 80.0, 789.0, 660.0]
[96.0, 96.0, 870.0, 676.0]
[48.0, 64.0, 823.0, 645.0]
[48.0, 16.0, 824.0, 598.0]
[48.0, 96.0, 825.0, 679.0]
[112.0, 48.0, 890.0, 632.0]
[48.0, 0.0, 827.0, 584.0]
[96.0, 48.0, 876.0, 633.0]
[192.0, 32.0, 973.0, 618.0]
[32.0, 32.0, 814.0, 618.0]
[32.0, 16.0, 815.0, 603.0]
[192.0, 32.0, 976.0, 620.0]
[112.0, 80.0, 897.0, 669.0]
[112.0, 0.0, 898.0, 590.0]
[32.0, 32.0, 819.0, 622.0]
[32.0, 32.0, 820.0, 623.0]
[48.0, 80.0, 837.0, 672.0]
[16.0, 16.0, 806.0, 608.0]
[128.0, 80.0, 919.0, 673.0]
[32.0, 48.0, 824.0, 642.0]
[0.0, 32.0, 793.0, 627.0]
[64.0, 0.0, 858.0, 596.0]
[176.0, 16.0, 971.0, 612.0]
[64.0, 0.0, 860.0, 597.0]
[96.0, 48.0, 893.0, 646.0]
[80.0, 16.0, 878.0, 614.0]
[32.0, 32.0, 831.0, 631.0]
[80.0, 64.0, 880.0, 664.0]
[80.0, 48.0, 881.0, 649.0]
[160.0, 32.0, 962.0, 634.0]
[192.0, 0.0, 995.0, 602.0]
[32.0, 16.0, 836.0, 619.0]
[64.0, 48.0, 869.0, 652.0]
[80.0, 0.0, 886.0, 604.0]
[64.0, 64.0, 871.0, 669.0]
[16.0, 32.0, 824.0, 638.0]
[96.0, 16.0, 905.0, 623.0]
[112.0, 48.0, 922.0, 656.0]
[160.0, 16.0, 971.0, 624.0]
[80.0, 16.0, 892.0, 625.0]
[96.0, 48.0, 909.0, 658.0]
[96.0, 32.0, 910.0, 642.0]
[144.0, 0.0, 959.0, 611.0]
[128.0, 32.0, 944.0, 644.0]
[16.0, 48.0, 833.0, 661.0]
[128.0, 64.0, 946.0, 678.0]
[0.0, 64.0, 819.0, 678.0]
[144.0, 16.0, 964.0, 631.0]
[64.0, 64.0, 885.0, 680.0]
[144.0, 48.0, 966.0, 664.0]
[32.0, 16.0, 855.0, 633.0]
[80.0, 64.0, 904.0, 682.0]
[112.0, 32.0, 937.0, 651.0]
[128.0, 48.0, 954.0, 668.0]
[0.0, 32.0, 827.0, 652.0]
[16.0, 32.0, 844.0, 653.0]
[144.0, 0.0, 973.0, 622.0]
[160.0, 16.0, 990.0, 638.0]
[0.0, 48.0, 831.0, 671.0]
[96.0, 48.0, 928.0, 672.0]
[160.0, 32.0, 993.0, 657.0]
[16.0, 16.0, 850.0, 642.0]
[128.0, 48.0, 963.0, 674.0]
[48.0, 32.0, 884.0, 659.0]
[48.0, 32.0, 885.0, 660.0]
[64.0, 16.0, 902.0, 644.0]
[112.0, 0.0, 951.0, 629.0]
[64.0, 48.0, 904.0, 678.0]
[96.0, 16.0, 937.0, 647.0]
[144.0, 32.0, 986.0, 664.0]
[48.0, 48.0, 891.0, 680.0]
[128.0, 16.0, 972.0, 649.0]
[32.0, 32.0, 877.0, 666.0]
[0.0, 48.0, 846.0, 682.0]
[96.0, 32.0, 943.0, 667.0]
[128.0, 0.0, 976.0, 636.0]
[48.0, 32.0, 897.0, 669.0]
[0.0, 32.0, 850.0, 670.0]
[80.0, 16.0, 931.0, 654.0]
[0.0, 0.0, 852.0, 639.0]
[0.0, 16.0, 853.0, 656.0]
[144.0, 16.0, 998.0, 656.0]
[32.0, 32.0, 887.0, 673.0]
[112.0, 16.0, 968.0, 658.0]
[128.0, 32.0, 985.0, 675.0]
[0.0, 16.0, 858.0, 660.0]
[80.0, 0.0, 939.0, 644.0]
[48.0, 16.0, 908.0, 661.0]
[96.0, 16.0, 957.0, 662.0]
[112.0, 32.0, 974.0, 678.0]
[96.0, 16.0, 959.0, 663.0]
[16.0, 16.0, 880.0, 664.0]
[0.0, 16.0, 865.0, 665.0]
[112.0, 0.0, 978.0, 650.0]
[32.0, 32.0, 899.0, 682.0]
[64.0, 32.0, 932.0, 683.0]
[112.0, 0.0, 981.0, 652.0]
[48.0, 0.0, 918.0, 652.0]
[96.0, 16.0, 967.0, 669.0]
[16.0, 16.0, 888.0, 670.0]
[96.0, 16.0, 969.0, 671.0]
[0.0, 0.0, 874.0, 656.0]
[0.0, 0.0, 875.0, 656.0]
[64.0, 0.0, 940.0, 657.0]
[96.0, 0.0, 973.0, 658.0]
[112.0, 0.0, 990.0, 658.0]
[80.0, 16.0, 959.0, 675.0]
[48.0, 16.0, 928.0, 676.0]
[32.0, 0.0, 913.0, 661.0]
[16.0, 16.0, 898.0, 678.0]
[80.0, 16.0, 963.0, 678.0]
[32.0, 16.0, 916.0, 679.0]
[48.0, 16.0, 933.0, 680.0]
[32.0, 0.0, 918.0, 664.0]
[80.0, 0.0, 967.0, 665.0]
[64.0, 0.0, 952.0, 666.0]
[32.0, 16.0, 921.0, 683.0]
[0.0, 0.0, 890.0, 668.0]
[96.0, 0.0, 987.0, 668.0]
[112.0, 0.0, 1004.0, 669.0]
[0.0, 0.0, 893.0, 670.0]
[80.0, 0.0, 974.0, 670.0]
[32.0, 0.0, 927.0, 671.0]
[96.0, 0.0, 992.0, 672.0]
[80.0, 0.0, 977.0, 673.0]
[96.0, 0.0, 994.0, 674.0]
[0.0, 0.0, 899.0, 674.0]
[64.0, 0.0, 964.0, 675.0]
[64.0, 0.0, 965.0, 676.0]
[32.0, 0.0, 934.0, 676.0]
[32.0, 0.0, 935.0, 677.0]
[16.0, 0.0, 920.0, 678.0]
[16.0, 0.0, 921.0, 679.0]
[48.0, 0.0, 954.0, 680.0]
[16.0, 0.0, 923.0, 680.0]
[32.0, 0.0, 940.0, 681.0]
[16.0, 0.0, 925.0, 682.0]
[16.0, 0.0, 926.0, 682.0]
[48.0, 0.0, 959.0, 683.0]
