[112.0, 32.0, 829.0, 570.0]
[128.0, 0.0, 846.0, 538.0]
[224.0, 16.0, 943.0, 555.0]
[224.0, 16.0, 944.0, 556.0]
[144.0, 16.0, 865.0, 557.0]
[80.0, 0.0, 802.0, 542.0]
[224.0, 0.0, 947.0, 542.0]
[192.0, 0.0, 916.0, 543.0]
[48.0, 0.0, 773.0, 544.0]
[48.0, 0.0, 774.0, 544.0]
[96.0, 16.0, 823.0, 561.0]
[272.0, 16.0, 1000.0, 562.0]
[176.0, 0.0, 905.0, 547.0]
[112.0, 32.0, 842.0, 580.0]
[176.0, 16.0, 907.0, 564.0]
[48.0, 32.0, 780.0, 581.0]
[144.0, 32.0, 877.0, 582.0]
[144.0, 0.0, 878.0, 550.0]
[192.0, 32.0, 927.0, 583.0]
[208.0, 16.0, 944.0, 568.0]
[32.0, 0.0, 769.0, 553.0]
[48.0, 16.0, 786.0, 570.0]
[48.0, 48.0, 787.0, 602.0]
[128.0, 48.0, 868.0, 603.0]
[112.0, 32.0, 853.0, 588.0]
[112.0, 0.0, 854.0, 556.0]
[176.0, 16.0, 919.0, 573.0]
[64.0, 16.0, 808.0, 574.0]
[192.0, 16.0, 937.0, 575.0]
[112.0, 48.0, 858.0, 608.0]
[112.0, 0.0, 859.0, 560.0]
[32.0, 16.0, 780.0, 577.0]
[80.0, 0.0, 829.0, 562.0]
[144.0, 0.0, 894.0, 562.0]
[160.0, 48.0, 911.0, 611.0]
[144.0, 32.0, 896.0, 596.0]
[224.0, 0.0, 977.0, 565.0]
[240.0, 0.0, 994.0, 566.0]
[176.0, 16.0, 931.0, 582.0]
[32.0, 32.0, 788.0, 599.0]
[208.0, 32.0, 965.0, 600.0]
[112.0, 32.0, 870.0, 600.0]
[160.0, 48.0, 919.0, 617.0]
[128.0, 0.0, 888.0, 570.0]
[224.0, 16.0, 985.0, 587.0]
[192.0, 32.0, 954.0, 604.0]
[144.0, 16.0, 907.0, 588.0]
[224.0, 16.0, 988.0, 589.0]
[192.0, 0.0, 957.0, 574.0]
[208.0, 16.0, 974.0, 590.0]
[224.0, 0.0, 991.0, 575.0]
[96.0, 16.0, 864.0, 592.0]
[64.0, 0.0, 833.0, 577.0]
[48.0, 0.0, 818.0, 578.0]
[208.0, 32.0, 979.0, 610.0]
[176.0, 0.0, 948.0, 579.0]
[80.0, 48.0, 853.0, 628.0]
[208.0, 0.0, 982.0, 580.0]
[64.0, 32.0, 839.0, 613.0]
[112.0, 48.0, 888.0, 630.0]
[160.0, 0.0, 937.0, 583.0]
[224.0, 32.0, 1002.0, 616.0]
[48.0, 16.0, 827.0, 600.0]
[208.0, 0.0, 988.0, 585.0]
[80.0, 16.0, 861.0, 602.0]
[64.0, 0.0, 846.0, 586.0]
[112.0, 16.0, 895.0, 603.0]
[160.0, 32.0, 944.0, 620.0]
[160.0, 0.0, 945.0, 589.0]
[96.0, 0.0, 882.0, 590.0]
[160.0, 0.0, 947.0, 590.0]
[144.0, 0.0, 932.0, 591.0]
[80.0, 48.0, 869.0, 640.0]
[128.0, 48.0, 918.0, 640.0]
[144.0, 0.0, 935.0, 593.0]
[32.0, 32.0, 824.0, 626.0]
[80.0, 48.0, 873.0, 643.0]
[64.0, 16.0, 858.0, 612.0]
[144.0, 16.0, 939.0, 612.0]
[128.0, 32.0, 924.0, 629.0]
[32.0, 32.0, 829.0, 630.0]
[144.0, 0.0, 942.0, 598.0]
[160.0, 16.0, 959.0, 615.0]
[48.0, 32.0, 848.0, 632.0]
[64.0, 32.0, 865.0, 633.0]
[32.0, 16.0, 834.0, 618.0]
[80.0, 16.0, 883.0, 618.0]
[64.0, 0.0, 868.0, 603.0]
[48.0, 0.0, 853.0, 604.0]
[160.0, 48.0, 966.0, 652.0]
[48.0, 0.0, 855.0, 605.0]
[128.0, 32.0, 936.0, 638.0]
[144.0, 48.0, 953.0, 655.0]
[32.0, 0.0, 842.0, 608.0]
[80.0, 16.0, 891.0, 624.0]
[32.0, 16.0, 844.0, 625.0]
[16.0, 32.0, 829.0, 642.0]
[64.0, 48.0, 878.0, 658.0]
[64.0, 48.0, 879.0, 659.0]
[112.0, 48.0, 928.0, 660.0]
[160.0, 16.0, 977.0, 629.0]
[160.0, 16.0, 978.0, 630.0]
[48.0, 0.0, 867.0, 614.0]
[80.0, 48.0, 900.0, 663.0]
[176.0, 0.0, 997.0, 616.0]
[96.0, 16.0, 918.0, 632.0]
[96.0, 32.0, 919.0, 649.0]
[160.0, 16.0, 984.0, 634.0]
[128.0, 16.0, 953.0, 635.0]
[176.0, 0.0, 1002.0, 620.0]
[176.0, 0.0, 1003.0, 620.0]
[80.0, 0.0, 908.0, 621.0]
[176.0, 0.0, 1005.0, 622.0]
[64.0, 0.0, 894.0, 622.0]
[96.0, 32.0, 927.0, 655.0]
[128.0, 32.0, 960.0, 656.0]
[64.0, 16.0, 897.0, 641.0]
[80.0, 16.0, 914.0, 642.0]
[128.0, 32.0, 963.0, 658.0]
[48.0, 16.0, 884.0, 643.0]
[112.0, 48.0, 949.0, 676.0]
[80.0, 16.0, 918.0, 644.0]
[112.0, 16.0, 951.0, 645.0]
[128.0, 16.0, 968.0, 646.0]
[112.0, 32.0, 953.0, 663.0]
[160.0, 16.0, 1002.0, 648.0]
[48.0, 16.0, 891.0, 648.0]
[80.0, 16.0, 924.0, 649.0]
[48.0, 48.0, 893.0, 682.0]
[112.0, 48.0, 958.0, 682.0]
[32.0, 0.0, 879.0, 635.0]
[64.0, 48.0, 912.0, 684.0]
[16.0, 32.0, 865.0, 669.0]
[64.0, 16.0, 914.0, 654.0]
[128.0, 16.0, 979.0, 654.0]
[96.0, 32.0, 948.0, 671.0]
[112.0, 32.0, 965.0, 672.0]
[128.0, 48.0, 982.0, 688.0]
[96.0, 16.0, 951.0, 657.0]
[48.0, 32.0, 904.0, 674.0]
[80.0, 32.0, 937.0, 675.0]
[80.0, 32.0, 938.0, 676.0]
[112.0, 32.0, 971.0, 676.0]
[48.0, 16.0, 908.0, 661.0]
[112.0, 0.0, 973.0, 646.0]
[32.0, 0.0, 894.0, 646.0]
[64.0, 16.0, 927.0, 663.0]
[112.0, 32.0, 976.0, 680.0]
[112.0, 16.0, 977.0, 665.0]
[48.0, 16.0, 914.0, 666.0]
[32.0, 32.0, 899.0, 682.0]
[80.0, 32.0, 948.0, 683.0]
[64.0, 32.0, 933.0, 684.0]
[128.0, 0.0, 998.0, 652.0]
[96.0, 48.0, 967.0, 701.0]
[128.0, 0.0, 1000.0, 654.0]
[128.0, 0.0, 1001.0, 655.0]
[96.0, 16.0, 970.0, 672.0]
[112.0, 32.0, 987.0, 688.0]
[64.0, 32.0, 940.0, 689.0]
[80.0, 32.0, 957.0, 690.0]
[32.0, 32.0, 910.0, 690.0]
[64.0, 16.0, 943.0, 675.0]
[112.0, 16.0, 992.0, 676.0]
[96.0, 0.0, 977.0, 661.0]
[32.0, 0.0, 914.0, 662.0]
[80.0, 0.0, 963.0, 662.0]
[32.0, 0.0, 916.0, 663.0]
[64.0, 0.0, 949.0, 664.0]
[64.0, 16.0, 950.0, 680.0]
[48.0, 16.0, 935.0, 681.0]
[32.0, 32.0, 920.0, 698.0]
[32.0, 32.0, 921.0, 699.0]
[32.0, 32.0, 922.0, 700.0]
[112.0, 32.0, 1003.0, 700.0]
[80.0, 0.0, 972.0, 669.0]
[48.0, 16.0, 941.0, 686.0]
[80.0, 16.0, 974.0, 686.0]
[32.0, 0.0, 927.0, 671.0]
[48.0, 0.0, 944.0, 672.0]
[48.0, 0.0, 945.0, 673.0]
[48.0, 16.0, 946.0, 690.0]
[64.0, 16.0, 963.0, 690.0]
[48.0, 16.0, 948.0, 691.0]
[80.0, 0.0, 981.0, 676.0]
[80.0, 32.0, 982.0, 708.0]
[32.0, 0.0, 935.0, 677.0]
[48.0, 32.0, 952.0, 710.0]
[48.0, 0.0, 953.0, 679.0]
[64.0, 16.0, 970.0, 696.0]
[80.0, 16.0, 987.0, 696.0]
[32.0, 16.0, 940.0, 697.0]
[80.0, 0.0, 989.0, 682.0]
[32.0, 32.0, 942.0, 714.0]
[64.0, 16.0, 975.0, 699.0]
[64.0, 16.0, 976.0, 700.0]
[32.0, 16.0, 945.0, 701.0]
[80.0, 32.0, 994.0, 718.0]
[80.0, 32.0, 995.0, 718.0]
[80.0, 0.0, 996.0, 687.0]
[64.0, 0.0, 981.0, 688.0]
[48.0, 0.0, 966.0, 688.0]
[64.0, 32.0, 983.0, 721.0]
[48.0, 0.0, 968.0, 690.0]
[80.0, 32.0, 1001.0, 723.0]
[64.0, 0.0, 986.0, 692.0]
[80.0, 0.0, 1003.0, 692.0]
[64.0, 16.0, 988.0, 709.0]
[32.0, 16.0, 957.0, 710.0]
[64.0, 0.0, 990.0, 694.0]
[64.0, 0.0, 991.0, 695.0]
[32.0, 0.0, 960.0, 696.0]
[32.0, 16.0, 961.0, 713.0]
[64.0, 16.0, 994.0, 714.0]
[32.0, 16.0, 963.0, 714.0]
[64.0, 16.0, 996.0, 715.0]
[48.0, 0.0, 981.0, 700.0]
[64.0, 32.0, 998.0, 732.0]
[64.0, 0.0, 999.0, 701.0]
[48.0, 32.0, 984.0, 734.0]
[32.0, 16.0, 969.0, 719.0]
[48.0, 32.0, 986.0, 736.0]
[32.0, 32.0, 971.0, 736.0]
[48.0, 16.0, 988.0, 721.0]
[48.0, 32.0, 989.0, 738.0]
[32.0, 0.0, 974.0, 706.0]
[32.0, 32.0, 975.0, 739.0]
[32.0, 0.0, 976.0, 708.0]
[48.0, 16.0, 993.0, 725.0]
[48.0, 16.0, 994.0, 726.0]
[48.0, 16.0, 995.0, 726.0]
[32.0, 32.0, 980.0, 743.0]
[48.0, 0.0, 997.0, 712.0]
[48.0, 0.0, 998.0, 712.0]
[32.0, 16.0, 983.0, 729.0]
[48.0, 16.0, 1000.0, 730.0]
[32.0, 0.0, 985.0, 715.0]
[32.0, 32.0, 986.0, 748.0]
[32.0, 32.0, 987.0, 748.0]
[32.0, 0.0, 988.0, 717.0]
