[96.0, 96.0, 652.0, 837.0]
[32.0, 192.0, 588.0, 934.0]
[32.0, 192.0, 589.0, 935.0]
[64.0, 48.0, 622.0, 792.0]
[96.0, 224.0, 655.0, 969.0]
[80.0, 112.0, 640.0, 858.0]
[96.0, 160.0, 656.0, 907.0]
[48.0, 96.0, 609.0, 844.0]
[96.0, 224.0, 658.0, 973.0]
[64.0, 144.0, 626.0, 894.0]
[32.0, 96.0, 595.0, 847.0]
[96.0, 112.0, 660.0, 864.0]
[96.0, 224.0, 661.0, 977.0]
[48.0, 32.0, 614.0, 786.0]
[32.0, 112.0, 598.0, 867.0]
[64.0, 176.0, 631.0, 932.0]
[32.0, 48.0, 600.0, 805.0]
[32.0, 96.0, 600.0, 854.0]
[80.0, 176.0, 649.0, 935.0]
[80.0, 176.0, 650.0, 936.0]
[32.0, 192.0, 603.0, 953.0]
[16.0, 80.0, 588.0, 842.0]
[32.0, 192.0, 604.0, 955.0]
[32.0, 32.0, 605.0, 796.0]
[80.0, 48.0, 654.0, 813.0]
[16.0, 32.0, 590.0, 798.0]
[48.0, 80.0, 623.0, 847.0]
[64.0, 240.0, 640.0, 1008.0]
[48.0, 80.0, 625.0, 849.0]
[32.0, 80.0, 610.0, 850.0]
[48.0, 208.0, 626.0, 979.0]
[48.0, 224.0, 627.0, 996.0]
[64.0, 48.0, 644.0, 821.0]
[96.0, 64.0, 676.0, 838.0]
[32.0, 192.0, 613.0, 967.0]
[80.0, 192.0, 662.0, 968.0]
[48.0, 144.0, 631.0, 921.0]
[64.0, 208.0, 648.0, 986.0]
[48.0, 48.0, 632.0, 827.0]
[48.0, 144.0, 633.0, 924.0]
[96.0, 144.0, 682.0, 925.0]
[16.0, 144.0, 602.0, 926.0]
[96.0, 32.0, 683.0, 815.0]
[32.0, 112.0, 620.0, 896.0]
[32.0, 128.0, 621.0, 913.0]
[32.0, 80.0, 622.0, 866.0]
[0.0, 112.0, 590.0, 899.0]
[64.0, 160.0, 655.0, 948.0]
[16.0, 176.0, 608.0, 965.0]
[80.0, 112.0, 672.0, 902.0]
[16.0, 96.0, 609.0, 887.0]
[80.0, 32.0, 674.0, 824.0]
[16.0, 112.0, 611.0, 905.0]
[16.0, 0.0, 612.0, 794.0]
[48.0, 144.0, 644.0, 939.0]
[16.0, 224.0, 613.0, 1020.0]
[0.0, 32.0, 598.0, 829.0]
[80.0, 128.0, 678.0, 926.0]
[16.0, 32.0, 615.0, 831.0]
[80.0, 128.0, 680.0, 928.0]
[48.0, 48.0, 649.0, 849.0]
[64.0, 192.0, 666.0, 994.0]
[80.0, 64.0, 682.0, 867.0]
[64.0, 0.0, 667.0, 804.0]
[64.0, 48.0, 668.0, 853.0]
[0.0, 16.0, 604.0, 822.0]
[16.0, 128.0, 621.0, 935.0]
[16.0, 32.0, 622.0, 840.0]
[64.0, 32.0, 671.0, 841.0]
[32.0, 96.0, 640.0, 906.0]
[64.0, 32.0, 672.0, 843.0]
[16.0, 176.0, 625.0, 988.0]
[0.0, 208.0, 610.0, 1021.0]
[48.0, 16.0, 658.0, 830.0]
[64.0, 176.0, 675.0, 991.0]
[48.0, 112.0, 660.0, 928.0]
[32.0, 0.0, 645.0, 817.0]
[32.0, 112.0, 646.0, 930.0]
[0.0, 64.0, 614.0, 883.0]
[16.0, 96.0, 631.0, 916.0]
[16.0, 112.0, 632.0, 933.0]
[48.0, 48.0, 664.0, 870.0]
[48.0, 80.0, 665.0, 903.0]
[64.0, 144.0, 682.0, 968.0]
[32.0, 80.0, 651.0, 905.0]
[16.0, 192.0, 636.0, 1018.0]
[0.0, 48.0, 620.0, 875.0]
[48.0, 128.0, 669.0, 956.0]
[48.0, 80.0, 670.0, 909.0]
[48.0, 32.0, 670.0, 862.0]
[16.0, 64.0, 639.0, 895.0]
[0.0, 32.0, 624.0, 864.0]
[32.0, 0.0, 657.0, 833.0]
[16.0, 0.0, 642.0, 834.0]
[48.0, 96.0, 674.0, 931.0]
[16.0, 32.0, 643.0, 868.0]
[16.0, 128.0, 644.0, 965.0]
[16.0, 48.0, 644.0, 886.0]
[0.0, 16.0, 629.0, 855.0]
[0.0, 80.0, 630.0, 920.0]
[0.0, 0.0, 631.0, 841.0]
[32.0, 32.0, 664.0, 874.0]
[48.0, 128.0, 680.0, 971.0]
[16.0, 80.0, 649.0, 924.0]
[0.0, 112.0, 634.0, 957.0]
[16.0, 32.0, 650.0, 878.0]
[0.0, 32.0, 635.0, 879.0]
[32.0, 16.0, 668.0, 864.0]
[16.0, 160.0, 653.0, 1009.0]
[16.0, 160.0, 654.0, 1010.0]
[0.0, 112.0, 638.0, 963.0]
[0.0, 16.0, 639.0, 868.0]
[0.0, 16.0, 640.0, 869.0]
[16.0, 128.0, 656.0, 982.0]
[0.0, 128.0, 641.0, 983.0]
[16.0, 32.0, 658.0, 888.0]
[32.0, 160.0, 675.0, 1017.0]
[32.0, 0.0, 676.0, 858.0]
[16.0, 112.0, 660.0, 971.0]
[0.0, 144.0, 645.0, 1004.0]
[16.0, 16.0, 662.0, 877.0]
[0.0, 128.0, 646.0, 990.0]
[32.0, 16.0, 679.0, 879.0]
[0.0, 80.0, 648.0, 944.0]
[16.0, 64.0, 665.0, 929.0]
[16.0, 32.0, 666.0, 898.0]
[32.0, 32.0, 682.0, 899.0]
[0.0, 144.0, 651.0, 1012.0]
[0.0, 128.0, 652.0, 997.0]
[0.0, 48.0, 652.0, 918.0]
[16.0, 96.0, 669.0, 967.0]
[16.0, 16.0, 670.0, 888.0]
[0.0, 144.0, 655.0, 1017.0]
[16.0, 128.0, 672.0, 1002.0]
[16.0, 80.0, 672.0, 955.0]
[0.0, 96.0, 657.0, 972.0]
[0.0, 112.0, 658.0, 989.0]
[16.0, 64.0, 674.0, 942.0]
[0.0, 32.0, 659.0, 911.0]
[16.0, 16.0, 676.0, 896.0]
[16.0, 64.0, 677.0, 945.0]
[16.0, 48.0, 678.0, 930.0]
[0.0, 32.0, 662.0, 915.0]
[0.0, 128.0, 663.0, 1012.0]
[16.0, 112.0, 680.0, 997.0]
[0.0, 32.0, 664.0, 918.0]
[16.0, 32.0, 681.0, 919.0]
[16.0, 48.0, 682.0, 936.0]
[16.0, 128.0, 683.0, 1017.0]
[0.0, 16.0, 668.0, 906.0]
[0.0, 96.0, 668.0, 987.0]
[0.0, 48.0, 669.0, 940.0]
[0.0, 96.0, 670.0, 989.0]
[0.0, 0.0, 670.0, 894.0]
[0.0, 0.0, 671.0, 895.0]
[0.0, 64.0, 672.0, 960.0]
[0.0, 64.0, 673.0, 961.0]
[0.0, 64.0, 674.0, 962.0]
[0.0, 16.0, 674.0, 915.0]
[0.0, 112.0, 675.0, 1012.0]
[0.0, 16.0, 676.0, 917.0]
[0.0, 48.0, 676.0, 950.0]
[0.0, 80.0, 677.0, 983.0]
[0.0, 80.0, 678.0, 984.0]
[0.0, 96.0, 679.0, 1001.0]
[0.0, 0.0, 680.0, 906.0]
[0.0, 64.0, 680.0, 971.0]
[0.0, 80.0, 681.0, 988.0]
[0.0, 80.0, 682.0, 989.0]
[0.0, 32.0, 682.0, 942.0]
[0.0, 32.0, 683.0, 943.0]
