[208.0, 128.0, 925.0, 666.0]
[112.0, 96.0, 830.0, 634.0]
[224.0, 112.0, 943.0, 651.0]
[208.0, 96.0, 928.0, 636.0]
[144.0, 128.0, 865.0, 669.0]
[160.0, 112.0, 882.0, 654.0]
[144.0, 128.0, 867.0, 670.0]
[64.0, 112.0, 788.0, 655.0]
[176.0, 112.0, 901.0, 656.0]
[96.0, 112.0, 822.0, 656.0]
[176.0, 128.0, 903.0, 673.0]
[64.0, 96.0, 792.0, 642.0]
[96.0, 128.0, 825.0, 675.0]
[32.0, 112.0, 762.0, 660.0]
[160.0, 128.0, 891.0, 676.0]
[96.0, 96.0, 828.0, 645.0]
[256.0, 80.0, 989.0, 630.0]
[64.0, 96.0, 798.0, 646.0]
[256.0, 128.0, 991.0, 679.0]
[208.0, 80.0, 944.0, 632.0]
[240.0, 112.0, 977.0, 665.0]
[64.0, 128.0, 802.0, 682.0]
[240.0, 80.0, 979.0, 634.0]
[256.0, 80.0, 996.0, 635.0]
[208.0, 80.0, 949.0, 636.0]
[96.0, 112.0, 838.0, 668.0]
[224.0, 128.0, 967.0, 685.0]
[112.0, 128.0, 856.0, 686.0]
[160.0, 80.0, 905.0, 639.0]
[240.0, 128.0, 986.0, 688.0]
[240.0, 96.0, 987.0, 656.0]
[16.0, 112.0, 764.0, 673.0]
[80.0, 64.0, 829.0, 626.0]
[144.0, 112.0, 894.0, 674.0]
[64.0, 112.0, 815.0, 675.0]
[48.0, 128.0, 800.0, 692.0]
[176.0, 96.0, 929.0, 661.0]
[240.0, 96.0, 994.0, 662.0]
[192.0, 128.0, 947.0, 694.0]
[16.0, 96.0, 772.0, 663.0]
[144.0, 96.0, 901.0, 664.0]
[64.0, 80.0, 822.0, 648.0]
[128.0, 128.0, 887.0, 697.0]
[64.0, 80.0, 824.0, 650.0]
[80.0, 64.0, 841.0, 635.0]
[112.0, 96.0, 874.0, 668.0]
[96.0, 128.0, 859.0, 700.0]
[0.0, 96.0, 764.0, 669.0]
[112.0, 128.0, 877.0, 702.0]
[224.0, 128.0, 990.0, 702.0]
[176.0, 128.0, 943.0, 703.0]
[64.0, 96.0, 832.0, 672.0]
[16.0, 64.0, 785.0, 641.0]
[32.0, 96.0, 802.0, 674.0]
[48.0, 112.0, 819.0, 690.0]
[176.0, 48.0, 948.0, 627.0]
[192.0, 48.0, 965.0, 628.0]
[160.0, 96.0, 934.0, 676.0]
[240.0, 96.0, 1015.0, 677.0]
[48.0, 64.0, 824.0, 646.0]
[240.0, 80.0, 1017.0, 663.0]
[112.0, 80.0, 890.0, 664.0]
[112.0, 80.0, 891.0, 664.0]
[32.0, 112.0, 812.0, 697.0]
[192.0, 96.0, 973.0, 682.0]
[64.0, 112.0, 846.0, 698.0]
[240.0, 64.0, 1023.0, 651.0]
[64.0, 96.0, 848.0, 684.0]
[48.0, 96.0, 833.0, 685.0]
[128.0, 112.0, 914.0, 702.0]
[32.0, 96.0, 819.0, 686.0]
[144.0, 48.0, 932.0, 639.0]
[176.0, 64.0, 965.0, 656.0]
[64.0, 32.0, 854.0, 624.0]
[16.0, 80.0, 807.0, 673.0]
[80.0, 48.0, 872.0, 642.0]
[144.0, 64.0, 937.0, 659.0]
[32.0, 48.0, 826.0, 644.0]
[48.0, 64.0, 843.0, 660.0]
[144.0, 32.0, 940.0, 629.0]
[80.0, 32.0, 877.0, 630.0]
[144.0, 80.0, 942.0, 678.0]
[176.0, 32.0, 975.0, 631.0]
[32.0, 96.0, 832.0, 696.0]
[192.0, 96.0, 993.0, 697.0]
[96.0, 96.0, 898.0, 698.0]
[128.0, 48.0, 931.0, 650.0]
[112.0, 80.0, 916.0, 683.0]
[112.0, 16.0, 917.0, 620.0]
[0.0, 64.0, 806.0, 668.0]
[16.0, 48.0, 823.0, 653.0]
[144.0, 96.0, 952.0, 702.0]
[208.0, 80.0, 1017.0, 687.0]
[176.0, 64.0, 986.0, 672.0]
[48.0, 64.0, 859.0, 672.0]
[48.0, 16.0, 860.0, 625.0]
[192.0, 32.0, 1005.0, 642.0]
[80.0, 48.0, 894.0, 658.0]
[176.0, 48.0, 991.0, 659.0]
[176.0, 64.0, 992.0, 676.0]
[112.0, 64.0, 929.0, 677.0]
[16.0, 48.0, 834.0, 662.0]
[96.0, 80.0, 915.0, 694.0]
[16.0, 80.0, 836.0, 695.0]
[64.0, 16.0, 885.0, 632.0]
[160.0, 80.0, 982.0, 696.0]
[176.0, 80.0, 999.0, 697.0]
[48.0, 16.0, 872.0, 634.0]
[128.0, 0.0, 953.0, 619.0]
[16.0, 64.0, 842.0, 684.0]
[192.0, 80.0, 1019.0, 700.0]
[48.0, 0.0, 876.0, 621.0]
[192.0, 32.0, 1021.0, 654.0]
[48.0, 16.0, 878.0, 638.0]
[144.0, 0.0, 975.0, 623.0]
[160.0, 48.0, 992.0, 672.0]
[112.0, 64.0, 945.0, 689.0]
[96.0, 48.0, 930.0, 674.0]
[64.0, 48.0, 899.0, 674.0]
[144.0, 32.0, 980.0, 659.0]
[128.0, 16.0, 965.0, 644.0]
[144.0, 32.0, 982.0, 660.0]
[64.0, 0.0, 903.0, 629.0]
[80.0, 0.0, 920.0, 630.0]
[32.0, 48.0, 873.0, 679.0]
[160.0, 48.0, 1002.0, 680.0]
[32.0, 32.0, 875.0, 664.0]
[16.0, 64.0, 860.0, 697.0]
[160.0, 32.0, 1005.0, 666.0]
[48.0, 64.0, 894.0, 698.0]
[112.0, 48.0, 959.0, 683.0]
[160.0, 16.0, 1008.0, 652.0]
[0.0, 48.0, 849.0, 685.0]
[160.0, 64.0, 1010.0, 702.0]
[96.0, 16.0, 947.0, 654.0]
[128.0, 32.0, 980.0, 671.0]
[160.0, 48.0, 1013.0, 688.0]
[16.0, 48.0, 870.0, 688.0]
[0.0, 16.0, 855.0, 657.0]
[160.0, 48.0, 1016.0, 690.0]
[128.0, 48.0, 985.0, 691.0]
[32.0, 16.0, 890.0, 660.0]
[32.0, 32.0, 891.0, 676.0]
[128.0, 32.0, 988.0, 677.0]
[112.0, 48.0, 973.0, 694.0]
[96.0, 0.0, 958.0, 646.0]
[48.0, 0.0, 911.0, 647.0]
[64.0, 16.0, 928.0, 664.0]
[112.0, 0.0, 977.0, 649.0]
[80.0, 16.0, 946.0, 666.0]
[112.0, 48.0, 979.0, 698.0]
[80.0, 16.0, 948.0, 667.0]
[16.0, 48.0, 885.0, 700.0]
[112.0, 32.0, 982.0, 684.0]
[112.0, 0.0, 983.0, 653.0]
[0.0, 0.0, 872.0, 654.0]
[80.0, 0.0, 953.0, 655.0]
[112.0, 32.0, 986.0, 688.0]
[16.0, 0.0, 891.0, 656.0]
[48.0, 0.0, 924.0, 657.0]
[32.0, 32.0, 909.0, 690.0]
[144.0, 16.0, 1022.0, 674.0]
[32.0, 0.0, 911.0, 659.0]
[144.0, 16.0, 1024.0, 676.0]
[0.0, 32.0, 881.0, 693.0]
[48.0, 16.0, 930.0, 678.0]
[0.0, 16.0, 883.0, 678.0]
[16.0, 0.0, 900.0, 663.0]
[64.0, 32.0, 949.0, 696.0]
[0.0, 16.0, 886.0, 680.0]
[128.0, 16.0, 1015.0, 681.0]
[16.0, 16.0, 904.0, 682.0]
[16.0, 32.0, 905.0, 699.0]
[96.0, 32.0, 986.0, 700.0]
[80.0, 32.0, 971.0, 700.0]
[16.0, 0.0, 908.0, 669.0]
[80.0, 16.0, 973.0, 686.0]
[112.0, 16.0, 1006.0, 686.0]
[16.0, 16.0, 911.0, 687.0]
[112.0, 16.0, 1008.0, 688.0]
[48.0, 16.0, 945.0, 689.0]
[64.0, 16.0, 962.0, 690.0]
[96.0, 16.0, 995.0, 690.0]
[0.0, 16.0, 900.0, 691.0]
[96.0, 0.0, 997.0, 676.0]
[32.0, 0.0, 934.0, 676.0]
[112.0, 0.0, 1015.0, 677.0]
[96.0, 0.0, 1000.0, 678.0]
[64.0, 0.0, 969.0, 679.0]
[96.0, 16.0, 1002.0, 696.0]
[32.0, 16.0, 939.0, 696.0]
[64.0, 16.0, 972.0, 697.0]
[80.0, 16.0, 989.0, 698.0]
[96.0, 0.0, 1006.0, 682.0]
[96.0, 16.0, 1007.0, 699.0]
[48.0, 16.0, 960.0, 700.0]
[96.0, 0.0, 1009.0, 685.0]
[80.0, 16.0, 994.0, 702.0]
[16.0, 16.0, 931.0, 702.0]
[0.0, 16.0, 916.0, 703.0]
[96.0, 0.0, 1013.0, 688.0]
[0.0, 0.0, 918.0, 688.0]
[32.0, 0.0, 951.0, 689.0]
[0.0, 0.0, 920.0, 690.0]
[0.0, 0.0, 921.0, 691.0]
[96.0, 0.0, 1018.0, 692.0]
[16.0, 0.0, 939.0, 692.0]
[96.0, 0.0, 1020.0, 693.0]
[32.0, 0.0, 957.0, 694.0]
[64.0, 0.0, 990.0, 694.0]
[80.0, 0.0, 1007.0, 695.0]
[0.0, 0.0, 928.0, 696.0]
[48.0, 0.0, 977.0, 697.0]
[64.0, 0.0, 994.0, 698.0]
[16.0, 0.0, 947.0, 698.0]
[64.0, 0.0, 996.0, 699.0]
[0.0, 0.0, 933.0, 700.0]
[32.0, 0.0, 966.0, 700.0]
[32.0, 0.0, 967.0, 701.0]
[80.0, 0.0, 1016.0, 702.0]
[80.0, 0.0, 1017.0, 703.0]
