[144.0, 32.0, 861.0, 570.0]
[144.0, 16.0, 862.0, 554.0]
[128.0, 16.0, 847.0, 555.0]
[96.0, 32.0, 816.0, 572.0]
[64.0, 16.0, 785.0, 557.0]
[160.0, 16.0, 882.0, 558.0]
[144.0, 0.0, 867.0, 542.0]
[224.0, 32.0, 948.0, 575.0]
[80.0, 32.0, 805.0, 576.0]
[144.0, 32.0, 870.0, 576.0]
[240.0, 16.0, 967.0, 561.0]
[64.0, 16.0, 792.0, 562.0]
[48.0, 16.0, 777.0, 563.0]
[128.0, 16.0, 858.0, 564.0]
[48.0, 32.0, 779.0, 580.0]
[96.0, 32.0, 828.0, 581.0]
[128.0, 0.0, 861.0, 550.0]
[192.0, 32.0, 926.0, 582.0]
[144.0, 0.0, 879.0, 551.0]
[96.0, 16.0, 832.0, 568.0]
[176.0, 0.0, 913.0, 553.0]
[64.0, 16.0, 802.0, 570.0]
[256.0, 32.0, 995.0, 586.0]
[64.0, 32.0, 804.0, 587.0]
[64.0, 0.0, 805.0, 556.0]
[32.0, 16.0, 774.0, 572.0]
[240.0, 32.0, 983.0, 589.0]
[112.0, 16.0, 856.0, 574.0]
[128.0, 0.0, 873.0, 559.0]
[240.0, 32.0, 986.0, 592.0]
[32.0, 32.0, 779.0, 592.0]
[112.0, 0.0, 860.0, 561.0]
[192.0, 0.0, 941.0, 562.0]
[256.0, 0.0, 1006.0, 562.0]
[224.0, 32.0, 975.0, 595.0]
[128.0, 16.0, 880.0, 580.0]
[128.0, 16.0, 881.0, 581.0]
[64.0, 16.0, 818.0, 582.0]
[192.0, 0.0, 947.0, 566.0]
[112.0, 32.0, 868.0, 599.0]
[96.0, 0.0, 853.0, 568.0]
[32.0, 0.0, 790.0, 568.0]
[192.0, 32.0, 951.0, 601.0]
[176.0, 0.0, 936.0, 570.0]
[112.0, 0.0, 873.0, 571.0]
[48.0, 16.0, 810.0, 588.0]
[112.0, 16.0, 875.0, 588.0]
[240.0, 16.0, 1004.0, 589.0]
[64.0, 32.0, 829.0, 606.0]
[128.0, 0.0, 894.0, 574.0]
[240.0, 0.0, 1007.0, 575.0]
[128.0, 0.0, 896.0, 576.0]
[128.0, 0.0, 897.0, 577.0]
[144.0, 32.0, 914.0, 610.0]
[112.0, 32.0, 883.0, 610.0]
[144.0, 0.0, 916.0, 579.0]
[224.0, 0.0, 997.0, 580.0]
[96.0, 0.0, 870.0, 580.0]
[64.0, 0.0, 839.0, 581.0]
[96.0, 0.0, 872.0, 582.0]
[192.0, 0.0, 969.0, 583.0]
[160.0, 32.0, 938.0, 616.0]
[64.0, 0.0, 843.0, 584.0]
[64.0, 0.0, 844.0, 585.0]
[128.0, 0.0, 909.0, 586.0]
[112.0, 16.0, 894.0, 602.0]
[176.0, 0.0, 959.0, 587.0]
[32.0, 32.0, 816.0, 620.0]
[224.0, 0.0, 1009.0, 589.0]
[48.0, 16.0, 834.0, 606.0]
[192.0, 0.0, 979.0, 590.0]
[16.0, 16.0, 804.0, 607.0]
[32.0, 16.0, 821.0, 608.0]
[192.0, 0.0, 982.0, 592.0]
[16.0, 0.0, 807.0, 593.0]
[192.0, 0.0, 984.0, 594.0]
[128.0, 16.0, 921.0, 611.0]
[128.0, 16.0, 922.0, 612.0]
[16.0, 0.0, 811.0, 596.0]
[80.0, 16.0, 876.0, 613.0]
[208.0, 16.0, 1005.0, 614.0]
[16.0, 0.0, 814.0, 598.0]
[160.0, 0.0, 959.0, 599.0]
[96.0, 0.0, 896.0, 600.0]
[160.0, 0.0, 961.0, 601.0]
[48.0, 16.0, 850.0, 618.0]
[112.0, 0.0, 915.0, 602.0]
[96.0, 16.0, 900.0, 619.0]
[192.0, 16.0, 997.0, 620.0]
[128.0, 0.0, 934.0, 604.0]
[112.0, 0.0, 919.0, 605.0]
[16.0, 0.0, 824.0, 606.0]
[96.0, 0.0, 905.0, 607.0]
[192.0, 0.0, 1002.0, 608.0]
[192.0, 0.0, 1003.0, 608.0]
[112.0, 0.0, 924.0, 609.0]
[192.0, 0.0, 1005.0, 610.0]
[80.0, 0.0, 894.0, 610.0]
[32.0, 0.0, 847.0, 611.0]
[80.0, 0.0, 896.0, 612.0]
[96.0, 0.0, 913.0, 613.0]
[160.0, 0.0, 978.0, 614.0]
[112.0, 0.0, 931.0, 614.0]
[32.0, 0.0, 852.0, 615.0]
[32.0, 0.0, 853.0, 616.0]
[112.0, 0.0, 934.0, 616.0]
[32.0, 0.0, 855.0, 617.0]
[96.0, 0.0, 920.0, 618.0]
[112.0, 0.0, 937.0, 619.0]
[32.0, 0.0, 858.0, 620.0]
[80.0, 0.0, 907.0, 620.0]
[80.0, 0.0, 908.0, 621.0]
