[112.0, 144.0, 902.0, 736.0]
[96.0, 80.0, 887.0, 673.0]
[64.0, 64.0, 856.0, 658.0]
[112.0, 128.0, 905.0, 723.0]
[112.0, 144.0, 906.0, 740.0]
[128.0, 96.0, 923.0, 692.0]
[176.0, 48.0, 972.0, 645.0]
[112.0, 48.0, 909.0, 646.0]
[144.0, 144.0, 942.0, 742.0]
[160.0, 112.0, 959.0, 711.0]
[128.0, 112.0, 928.0, 712.0]
[112.0, 64.0, 913.0, 665.0]
[112.0, 128.0, 914.0, 730.0]
[96.0, 144.0, 899.0, 746.0]
[48.0, 32.0, 852.0, 635.0]
[144.0, 112.0, 949.0, 716.0]
[176.0, 144.0, 982.0, 748.0]
[192.0, 128.0, 999.0, 733.0]
[128.0, 128.0, 936.0, 734.0]
[32.0, 96.0, 841.0, 703.0]
[128.0, 16.0, 938.0, 624.0]
[144.0, 32.0, 955.0, 640.0]
[112.0, 48.0, 924.0, 657.0]
[48.0, 112.0, 861.0, 722.0]
[64.0, 32.0, 878.0, 642.0]
[32.0, 32.0, 847.0, 643.0]
[32.0, 112.0, 848.0, 724.0]
[144.0, 144.0, 961.0, 757.0]
[64.0, 128.0, 882.0, 742.0]
[192.0, 48.0, 1011.0, 662.0]
[32.0, 144.0, 852.0, 759.0]
[48.0, 32.0, 869.0, 648.0]
[128.0, 128.0, 950.0, 744.0]
[96.0, 128.0, 919.0, 745.0]
[112.0, 48.0, 936.0, 666.0]
[32.0, 16.0, 857.0, 635.0]
[16.0, 128.0, 842.0, 748.0]
[176.0, 48.0, 1003.0, 668.0]
[64.0, 112.0, 892.0, 733.0]
[176.0, 112.0, 1005.0, 734.0]
[64.0, 32.0, 894.0, 654.0]
[48.0, 96.0, 879.0, 719.0]
[192.0, 64.0, 1024.0, 688.0]
[176.0, 32.0, 1009.0, 657.0]
[16.0, 16.0, 850.0, 642.0]
[80.0, 128.0, 915.0, 754.0]
[128.0, 64.0, 964.0, 691.0]
[112.0, 64.0, 949.0, 692.0]
[112.0, 16.0, 950.0, 644.0]
[80.0, 112.0, 919.0, 741.0]
[32.0, 96.0, 872.0, 726.0]
[144.0, 48.0, 985.0, 679.0]
[128.0, 80.0, 970.0, 712.0]
[16.0, 32.0, 859.0, 664.0]
[160.0, 32.0, 1004.0, 665.0]
[144.0, 112.0, 989.0, 746.0]
[80.0, 64.0, 926.0, 698.0]
[176.0, 32.0, 1023.0, 667.0]
[32.0, 16.0, 880.0, 652.0]
[80.0, 16.0, 929.0, 653.0]
[144.0, 32.0, 994.0, 670.0]
[48.0, 16.0, 899.0, 654.0]
[80.0, 0.0, 932.0, 639.0]
[160.0, 16.0, 1013.0, 656.0]
[64.0, 0.0, 918.0, 640.0]
[144.0, 0.0, 999.0, 641.0]
[112.0, 16.0, 968.0, 658.0]
[64.0, 16.0, 921.0, 659.0]
[96.0, 80.0, 954.0, 724.0]
[0.0, 48.0, 859.0, 692.0]
[48.0, 112.0, 908.0, 757.0]
[80.0, 80.0, 941.0, 726.0]
[80.0, 96.0, 942.0, 742.0]
[32.0, 112.0, 895.0, 759.0]
[0.0, 96.0, 864.0, 744.0]
[64.0, 80.0, 929.0, 729.0]
[96.0, 80.0, 962.0, 730.0]
[16.0, 80.0, 883.0, 730.0]
[0.0, 0.0, 868.0, 651.0]
[96.0, 96.0, 965.0, 748.0]
[32.0, 64.0, 902.0, 716.0]
[0.0, 96.0, 871.0, 749.0]
[128.0, 32.0, 1000.0, 686.0]
[64.0, 16.0, 937.0, 671.0]
[144.0, 0.0, 1018.0, 656.0]
[64.0, 48.0, 939.0, 704.0]
[112.0, 48.0, 988.0, 705.0]
[32.0, 64.0, 909.0, 722.0]
[0.0, 0.0, 878.0, 658.0]
[0.0, 48.0, 879.0, 707.0]
[128.0, 80.0, 1008.0, 740.0]
[64.0, 112.0, 945.0, 773.0]
[32.0, 48.0, 914.0, 710.0]
[96.0, 96.0, 979.0, 758.0]
[64.0, 16.0, 948.0, 679.0]
[0.0, 112.0, 885.0, 776.0]
[96.0, 48.0, 982.0, 712.0]
[32.0, 32.0, 919.0, 697.0]
[112.0, 64.0, 1000.0, 730.0]
[128.0, 0.0, 1017.0, 667.0]
[32.0, 48.0, 922.0, 716.0]
[64.0, 48.0, 955.0, 716.0]
[112.0, 80.0, 1004.0, 749.0]
[0.0, 96.0, 893.0, 766.0]
[112.0, 48.0, 1006.0, 718.0]
[80.0, 64.0, 975.0, 735.0]
[48.0, 64.0, 944.0, 736.0]
[48.0, 0.0, 945.0, 673.0]
[80.0, 32.0, 978.0, 706.0]
[0.0, 80.0, 899.0, 754.0]
[48.0, 16.0, 948.0, 691.0]
[80.0, 48.0, 981.0, 724.0]
[32.0, 64.0, 934.0, 740.0]
[64.0, 80.0, 967.0, 757.0]
[112.0, 0.0, 1016.0, 678.0]
[96.0, 80.0, 1001.0, 759.0]
[48.0, 80.0, 954.0, 760.0]
[96.0, 16.0, 1003.0, 696.0]
[112.0, 48.0, 1020.0, 729.0]
[80.0, 64.0, 989.0, 746.0]
[112.0, 32.0, 1022.0, 714.0]
[0.0, 32.0, 911.0, 715.0]
[64.0, 80.0, 976.0, 764.0]
[16.0, 48.0, 929.0, 733.0]
[32.0, 32.0, 946.0, 718.0]
[48.0, 80.0, 963.0, 766.0]
[64.0, 16.0, 980.0, 703.0]
[64.0, 16.0, 981.0, 704.0]
[48.0, 0.0, 966.0, 688.0]
[80.0, 16.0, 999.0, 705.0]
[48.0, 80.0, 968.0, 770.0]
[96.0, 80.0, 1017.0, 771.0]
[96.0, 64.0, 1018.0, 756.0]
[64.0, 32.0, 987.0, 724.0]
[0.0, 32.0, 924.0, 725.0]
[16.0, 64.0, 941.0, 758.0]
[32.0, 64.0, 958.0, 758.0]
[0.0, 64.0, 927.0, 759.0]
[64.0, 48.0, 992.0, 744.0]
[0.0, 48.0, 929.0, 745.0]
[32.0, 32.0, 962.0, 730.0]
[48.0, 64.0, 979.0, 762.0]
[80.0, 32.0, 1012.0, 731.0]
[80.0, 48.0, 1013.0, 748.0]
[0.0, 32.0, 934.0, 732.0]
[0.0, 64.0, 935.0, 765.0]
[0.0, 32.0, 936.0, 734.0]
[16.0, 0.0, 953.0, 703.0]
[32.0, 64.0, 970.0, 768.0]
[80.0, 32.0, 1019.0, 736.0]
[16.0, 16.0, 956.0, 721.0]
[16.0, 0.0, 957.0, 706.0]
[80.0, 64.0, 1022.0, 770.0]
[48.0, 0.0, 991.0, 707.0]
[48.0, 0.0, 992.0, 708.0]
[48.0, 48.0, 993.0, 757.0]
[64.0, 32.0, 1010.0, 742.0]
[16.0, 16.0, 963.0, 726.0]
[16.0, 16.0, 964.0, 727.0]
[64.0, 16.0, 1013.0, 728.0]
[16.0, 32.0, 966.0, 744.0]
[48.0, 32.0, 999.0, 745.0]
[48.0, 32.0, 1000.0, 746.0]
[64.0, 48.0, 1017.0, 763.0]
[16.0, 16.0, 970.0, 732.0]
[16.0, 48.0, 971.0, 764.0]
[48.0, 0.0, 1004.0, 717.0]
[32.0, 48.0, 989.0, 766.0]
[0.0, 32.0, 958.0, 750.0]
[16.0, 48.0, 975.0, 767.0]
[0.0, 48.0, 960.0, 768.0]
[32.0, 32.0, 993.0, 753.0]
[0.0, 32.0, 962.0, 754.0]
[48.0, 48.0, 1011.0, 770.0]
[32.0, 0.0, 996.0, 723.0]
[16.0, 48.0, 981.0, 772.0]
[0.0, 0.0, 966.0, 724.0]
[0.0, 48.0, 967.0, 773.0]
[48.0, 48.0, 1016.0, 774.0]
[0.0, 16.0, 969.0, 743.0]
[32.0, 32.0, 1002.0, 760.0]
[32.0, 16.0, 1003.0, 744.0]
[48.0, 0.0, 1020.0, 729.0]
[16.0, 16.0, 989.0, 746.0]
[48.0, 16.0, 1022.0, 746.0]
[32.0, 0.0, 1007.0, 731.0]
[16.0, 0.0, 992.0, 732.0]
[0.0, 0.0, 977.0, 733.0]
[16.0, 32.0, 994.0, 766.0]
[16.0, 32.0, 995.0, 766.0]
[0.0, 0.0, 980.0, 735.0]
[0.0, 32.0, 981.0, 768.0]
[16.0, 16.0, 998.0, 752.0]
[16.0, 32.0, 999.0, 769.0]
[32.0, 16.0, 1016.0, 754.0]
[32.0, 0.0, 1017.0, 739.0]
[32.0, 16.0, 1018.0, 756.0]
[32.0, 16.0, 1019.0, 756.0]
[32.0, 0.0, 1020.0, 741.0]
[0.0, 0.0, 989.0, 742.0]
[32.0, 0.0, 1022.0, 742.0]
[32.0, 16.0, 1023.0, 759.0]
[32.0, 0.0, 1024.0, 744.0]
[0.0, 16.0, 993.0, 761.0]
[16.0, 0.0, 1010.0, 746.0]
[0.0, 0.0, 995.0, 746.0]
[0.0, 16.0, 996.0, 763.0]
[0.0, 0.0, 997.0, 748.0]
[0.0, 0.0, 998.0, 748.0]
[0.0, 16.0, 999.0, 765.0]
[16.0, 0.0, 1016.0, 750.0]
[0.0, 16.0, 1001.0, 767.0]
[16.0, 0.0, 1018.0, 752.0]
[16.0, 0.0, 1019.0, 752.0]
[0.0, 16.0, 1004.0, 769.0]
[0.0, 16.0, 1005.0, 770.0]
[16.0, 16.0, 1022.0, 770.0]
[0.0, 0.0, 1007.0, 755.0]
[16.0, 16.0, 1024.0, 772.0]
[0.0, 0.0, 1009.0, 757.0]
[0.0, 16.0, 1010.0, 774.0]
[0.0, 16.0, 1011.0, 774.0]
[0.0, 16.0, 1012.0, 775.0]
[0.0, 16.0, 1013.0, 776.0]
[0.0, 0.0, 1014.0, 760.0]
[0.0, 0.0, 1015.0, 761.0]
[0.0, 0.0, 1016.0, 762.0]
[0.0, 0.0, 1017.0, 763.0]
[0.0, 0.0, 1018.0, 764.0]
[0.0, 0.0, 1019.0, 764.0]
[0.0, 0.0, 1020.0, 765.0]
[0.0, 0.0, 1021.0, 766.0]
[0.0, 0.0, 1022.0, 766.0]
[0.0, 0.0, 1023.0, 767.0]
[0.0, 0.0, 1024.0, 768.0]
