[48.0, 160.0, 765.0, 698.0]
[144.0, 144.0, 862.0, 682.0]
[64.0, 176.0, 783.0, 715.0]
[64.0, 128.0, 784.0, 668.0]
[160.0, 160.0, 881.0, 701.0]
[240.0, 176.0, 962.0, 718.0]
[48.0, 176.0, 771.0, 718.0]
[208.0, 144.0, 932.0, 687.0]
[80.0, 160.0, 805.0, 704.0]
[128.0, 176.0, 854.0, 720.0]
[192.0, 176.0, 919.0, 721.0]
[32.0, 160.0, 760.0, 706.0]
[288.0, 144.0, 1017.0, 691.0]
[128.0, 144.0, 858.0, 692.0]
[256.0, 144.0, 987.0, 692.0]
[128.0, 144.0, 860.0, 693.0]
[48.0, 144.0, 781.0, 694.0]
[64.0, 144.0, 798.0, 694.0]
[48.0, 112.0, 783.0, 663.0]
[16.0, 160.0, 752.0, 712.0]
[144.0, 128.0, 881.0, 681.0]
[96.0, 128.0, 834.0, 682.0]
[176.0, 144.0, 915.0, 698.0]
[224.0, 128.0, 964.0, 683.0]
[32.0, 160.0, 773.0, 716.0]
[224.0, 144.0, 966.0, 700.0]
[96.0, 128.0, 839.0, 685.0]
[80.0, 112.0, 824.0, 670.0]
[208.0, 112.0, 953.0, 671.0]
[64.0, 112.0, 810.0, 672.0]
[64.0, 112.0, 811.0, 672.0]
[16.0, 128.0, 764.0, 689.0]
[64.0, 144.0, 813.0, 706.0]
[80.0, 128.0, 830.0, 690.0]
[96.0, 144.0, 847.0, 707.0]
[112.0, 128.0, 864.0, 692.0]
[32.0, 112.0, 785.0, 677.0]
[128.0, 128.0, 882.0, 694.0]
[32.0, 144.0, 787.0, 710.0]
[144.0, 96.0, 900.0, 663.0]
[112.0, 112.0, 869.0, 680.0]
[80.0, 128.0, 838.0, 696.0]
[176.0, 96.0, 935.0, 665.0]
[144.0, 112.0, 904.0, 682.0]
[256.0, 128.0, 1017.0, 699.0]
[192.0, 144.0, 954.0, 716.0]
[32.0, 128.0, 795.0, 700.0]
[144.0, 112.0, 908.0, 685.0]
[224.0, 144.0, 989.0, 718.0]
[160.0, 128.0, 926.0, 702.0]
[0.0, 144.0, 767.0, 719.0]
[256.0, 144.0, 1024.0, 720.0]
[240.0, 128.0, 1009.0, 705.0]
[96.0, 128.0, 866.0, 706.0]
[32.0, 96.0, 803.0, 674.0]
[64.0, 128.0, 836.0, 707.0]
[16.0, 128.0, 789.0, 708.0]
[160.0, 80.0, 934.0, 660.0]
[192.0, 96.0, 967.0, 677.0]
[144.0, 128.0, 920.0, 710.0]
[208.0, 96.0, 985.0, 679.0]
[128.0, 112.0, 906.0, 696.0]
[96.0, 128.0, 875.0, 712.0]
[208.0, 128.0, 988.0, 713.0]
[64.0, 96.0, 845.0, 682.0]
[16.0, 112.0, 798.0, 698.0]
[32.0, 96.0, 815.0, 683.0]
[48.0, 112.0, 832.0, 700.0]
[128.0, 112.0, 913.0, 701.0]
[96.0, 128.0, 882.0, 718.0]
[32.0, 128.0, 819.0, 718.0]
[96.0, 96.0, 884.0, 687.0]
[16.0, 128.0, 805.0, 720.0]
[160.0, 128.0, 950.0, 720.0]
[48.0, 80.0, 839.0, 673.0]
[176.0, 112.0, 968.0, 706.0]
[32.0, 96.0, 825.0, 691.0]
[64.0, 96.0, 858.0, 692.0]
[0.0, 96.0, 795.0, 692.0]
[144.0, 96.0, 940.0, 693.0]
[80.0, 80.0, 877.0, 678.0]
[0.0, 96.0, 798.0, 694.0]
[144.0, 64.0, 943.0, 663.0]
[96.0, 96.0, 896.0, 696.0]
[80.0, 80.0, 881.0, 681.0]
[80.0, 80.0, 882.0, 682.0]
[160.0, 112.0, 963.0, 714.0]
[208.0, 80.0, 1012.0, 683.0]
[128.0, 80.0, 933.0, 684.0]
[128.0, 64.0, 934.0, 668.0]
[160.0, 96.0, 967.0, 701.0]
[64.0, 64.0, 872.0, 670.0]
[64.0, 80.0, 873.0, 687.0]
[80.0, 96.0, 890.0, 704.0]
[80.0, 80.0, 891.0, 688.0]
[192.0, 112.0, 1004.0, 721.0]
[208.0, 80.0, 1021.0, 690.0]
[144.0, 64.0, 958.0, 674.0]
[192.0, 96.0, 1007.0, 707.0]
[48.0, 80.0, 864.0, 692.0]
[128.0, 80.0, 945.0, 693.0]
[192.0, 80.0, 1010.0, 694.0]
[80.0, 48.0, 899.0, 662.0]
[80.0, 48.0, 900.0, 663.0]
[32.0, 80.0, 853.0, 696.0]
[96.0, 80.0, 918.0, 696.0]
[192.0, 96.0, 1015.0, 713.0]
[144.0, 80.0, 968.0, 698.0]
[32.0, 64.0, 857.0, 683.0]
[80.0, 48.0, 906.0, 668.0]
[80.0, 80.0, 907.0, 700.0]
[128.0, 96.0, 956.0, 717.0]
[160.0, 80.0, 989.0, 702.0]
[16.0, 96.0, 846.0, 718.0]
[48.0, 96.0, 879.0, 719.0]
[96.0, 96.0, 928.0, 720.0]
[48.0, 96.0, 881.0, 721.0]
[80.0, 48.0, 914.0, 674.0]
[176.0, 64.0, 1011.0, 690.0]
[80.0, 64.0, 916.0, 691.0]
[176.0, 80.0, 1013.0, 708.0]
[0.0, 80.0, 838.0, 708.0]
[16.0, 48.0, 855.0, 677.0]
[112.0, 80.0, 952.0, 710.0]
[80.0, 80.0, 921.0, 711.0]
[96.0, 48.0, 938.0, 680.0]
[80.0, 48.0, 923.0, 680.0]
[160.0, 48.0, 1004.0, 681.0]
[144.0, 48.0, 989.0, 682.0]
[160.0, 80.0, 1006.0, 714.0]
[144.0, 32.0, 991.0, 667.0]
[160.0, 80.0, 1008.0, 716.0]
[0.0, 80.0, 849.0, 717.0]
[16.0, 80.0, 866.0, 718.0]
[80.0, 80.0, 931.0, 718.0]
[112.0, 48.0, 964.0, 687.0]
[144.0, 48.0, 997.0, 688.0]
[128.0, 32.0, 982.0, 672.0]
[0.0, 80.0, 855.0, 721.0]
[64.0, 64.0, 920.0, 706.0]
[112.0, 48.0, 969.0, 691.0]
[64.0, 16.0, 922.0, 660.0]
[80.0, 32.0, 939.0, 676.0]
[112.0, 48.0, 972.0, 693.0]
[80.0, 32.0, 941.0, 678.0]
[80.0, 48.0, 942.0, 694.0]
[64.0, 64.0, 927.0, 711.0]
[32.0, 32.0, 896.0, 680.0]
[16.0, 48.0, 881.0, 697.0]
[64.0, 16.0, 930.0, 666.0]
[144.0, 32.0, 1011.0, 682.0]
[144.0, 32.0, 1012.0, 683.0]
[96.0, 48.0, 965.0, 700.0]
[96.0, 64.0, 966.0, 716.0]
[48.0, 64.0, 919.0, 717.0]
[96.0, 16.0, 968.0, 670.0]
[80.0, 32.0, 953.0, 687.0]
[128.0, 64.0, 1002.0, 720.0]
[80.0, 48.0, 955.0, 704.0]
[144.0, 48.0, 1020.0, 705.0]
[128.0, 48.0, 1005.0, 706.0]
[112.0, 48.0, 990.0, 706.0]
[32.0, 48.0, 911.0, 707.0]
[96.0, 16.0, 976.0, 676.0]
[112.0, 48.0, 993.0, 709.0]
[128.0, 48.0, 1010.0, 710.0]
[112.0, 32.0, 995.0, 694.0]
[64.0, 16.0, 948.0, 679.0]
[112.0, 16.0, 997.0, 680.0]
[16.0, 48.0, 902.0, 712.0]
[96.0, 48.0, 983.0, 713.0]
[32.0, 16.0, 920.0, 682.0]
[128.0, 32.0, 1017.0, 699.0]
[64.0, 48.0, 954.0, 716.0]
[48.0, 16.0, 939.0, 684.0]
[32.0, 0.0, 924.0, 669.0]
[64.0, 48.0, 957.0, 718.0]
[48.0, 32.0, 942.0, 702.0]
[96.0, 0.0, 991.0, 671.0]
[32.0, 48.0, 928.0, 720.0]
[96.0, 0.0, 993.0, 673.0]
[48.0, 16.0, 946.0, 690.0]
[80.0, 16.0, 979.0, 690.0]
[80.0, 0.0, 980.0, 675.0]
[64.0, 16.0, 965.0, 692.0]
[64.0, 16.0, 966.0, 692.0]
[32.0, 32.0, 935.0, 709.0]
[64.0, 32.0, 968.0, 710.0]
[16.0, 32.0, 921.0, 711.0]
[16.0, 0.0, 922.0, 680.0]
[48.0, 32.0, 955.0, 712.0]
[48.0, 0.0, 956.0, 681.0]
[80.0, 0.0, 989.0, 682.0]
[32.0, 32.0, 942.0, 714.0]
[80.0, 16.0, 991.0, 699.0]
[96.0, 0.0, 1008.0, 684.0]
[48.0, 16.0, 961.0, 701.0]
[32.0, 16.0, 946.0, 702.0]
[48.0, 32.0, 963.0, 718.0]
[0.0, 16.0, 916.0, 703.0]
[32.0, 16.0, 949.0, 704.0]
[64.0, 0.0, 982.0, 688.0]
[16.0, 16.0, 935.0, 705.0]
[16.0, 16.0, 936.0, 706.0]
[96.0, 16.0, 1017.0, 707.0]
[32.0, 0.0, 954.0, 692.0]
[80.0, 16.0, 1003.0, 708.0]
[32.0, 0.0, 956.0, 693.0]
[96.0, 16.0, 1021.0, 710.0]
[80.0, 16.0, 1006.0, 710.0]
[32.0, 0.0, 959.0, 695.0]
[48.0, 16.0, 976.0, 712.0]
[32.0, 16.0, 961.0, 713.0]
[80.0, 0.0, 1010.0, 698.0]
[64.0, 0.0, 995.0, 698.0]
[16.0, 0.0, 948.0, 699.0]
[64.0, 0.0, 997.0, 700.0]
[16.0, 0.0, 950.0, 700.0]
[64.0, 0.0, 999.0, 701.0]
[80.0, 16.0, 1016.0, 718.0]
[0.0, 16.0, 937.0, 719.0]
[64.0, 16.0, 1002.0, 720.0]
[64.0, 0.0, 1003.0, 704.0]
[0.0, 16.0, 940.0, 721.0]
[64.0, 0.0, 1005.0, 706.0]
[64.0, 0.0, 1006.0, 706.0]
[16.0, 0.0, 959.0, 707.0]
[16.0, 0.0, 960.0, 708.0]
[16.0, 0.0, 961.0, 709.0]
[48.0, 0.0, 994.0, 710.0]
[48.0, 0.0, 995.0, 710.0]
[0.0, 0.0, 948.0, 711.0]
[16.0, 0.0, 965.0, 712.0]
[16.0, 0.0, 966.0, 712.0]
[0.0, 0.0, 951.0, 713.0]
[64.0, 0.0, 1016.0, 714.0]
[16.0, 0.0, 969.0, 715.0]
[64.0, 0.0, 1018.0, 716.0]
[16.0, 0.0, 971.0, 716.0]
[0.0, 0.0, 956.0, 717.0]
[32.0, 0.0, 989.0, 718.0]
[0.0, 0.0, 958.0, 718.0]
[32.0, 0.0, 991.0, 719.0]
[16.0, 0.0, 976.0, 720.0]
[16.0, 0.0, 977.0, 721.0]
