[160.0, 64.0, 945.0, 653.0]
[128.0, 128.0, 914.0, 718.0]
[80.0, 80.0, 867.0, 670.0]
[112.0, 64.0, 900.0, 655.0]
[96.0, 64.0, 885.0, 656.0]
[160.0, 32.0, 950.0, 624.0]
[144.0, 144.0, 935.0, 737.0]
[160.0, 64.0, 952.0, 658.0]
[64.0, 112.0, 857.0, 707.0]
[80.0, 112.0, 874.0, 708.0]
[128.0, 32.0, 923.0, 628.0]
[64.0, 64.0, 860.0, 661.0]
[176.0, 32.0, 973.0, 630.0]
[192.0, 128.0, 990.0, 726.0]
[80.0, 32.0, 879.0, 631.0]
[96.0, 80.0, 896.0, 680.0]
[48.0, 80.0, 849.0, 681.0]
[48.0, 112.0, 850.0, 714.0]
[192.0, 48.0, 995.0, 650.0]
[128.0, 32.0, 932.0, 635.0]
[128.0, 80.0, 933.0, 684.0]
[96.0, 32.0, 902.0, 636.0]
[144.0, 144.0, 951.0, 749.0]
[80.0, 64.0, 888.0, 670.0]
[64.0, 32.0, 873.0, 639.0]
[80.0, 96.0, 890.0, 704.0]
[192.0, 32.0, 1003.0, 640.0]
[64.0, 80.0, 876.0, 689.0]
[16.0, 32.0, 829.0, 642.0]
[64.0, 96.0, 878.0, 706.0]
[112.0, 144.0, 927.0, 755.0]
[144.0, 144.0, 960.0, 756.0]
[128.0, 80.0, 945.0, 693.0]
[176.0, 128.0, 994.0, 742.0]
[96.0, 96.0, 915.0, 710.0]
[48.0, 48.0, 868.0, 663.0]
[16.0, 112.0, 837.0, 728.0]
[32.0, 128.0, 854.0, 744.0]
[0.0, 80.0, 823.0, 697.0]
[192.0, 64.0, 1016.0, 682.0]
[112.0, 144.0, 937.0, 763.0]
[0.0, 96.0, 826.0, 716.0]
[48.0, 0.0, 875.0, 620.0]
[16.0, 112.0, 844.0, 733.0]
[48.0, 144.0, 877.0, 766.0]
[48.0, 80.0, 878.0, 702.0]
[144.0, 80.0, 975.0, 703.0]
[0.0, 96.0, 832.0, 720.0]
[48.0, 32.0, 881.0, 657.0]
[144.0, 112.0, 978.0, 738.0]
[128.0, 96.0, 963.0, 722.0]
[112.0, 80.0, 948.0, 707.0]
[0.0, 80.0, 837.0, 708.0]
[128.0, 112.0, 966.0, 740.0]
[160.0, 16.0, 999.0, 645.0]
[112.0, 32.0, 952.0, 662.0]
[80.0, 0.0, 921.0, 631.0]
[160.0, 112.0, 1002.0, 744.0]
[48.0, 112.0, 891.0, 744.0]
[160.0, 128.0, 1004.0, 761.0]
[144.0, 48.0, 989.0, 682.0]
[48.0, 64.0, 894.0, 698.0]
[0.0, 64.0, 847.0, 699.0]
[0.0, 32.0, 848.0, 668.0]
[32.0, 0.0, 881.0, 637.0]
[32.0, 16.0, 882.0, 654.0]
[96.0, 128.0, 947.0, 766.0]
[16.0, 112.0, 868.0, 751.0]
[16.0, 128.0, 869.0, 768.0]
[160.0, 96.0, 1014.0, 736.0]
[128.0, 112.0, 983.0, 753.0]
[80.0, 64.0, 936.0, 706.0]
[96.0, 16.0, 953.0, 659.0]
[96.0, 112.0, 954.0, 756.0]
[160.0, 112.0, 1019.0, 756.0]
[80.0, 80.0, 940.0, 725.0]
[32.0, 16.0, 893.0, 662.0]
[32.0, 112.0, 894.0, 758.0]
[16.0, 64.0, 879.0, 711.0]
[80.0, 112.0, 944.0, 760.0]
[64.0, 80.0, 929.0, 729.0]
[64.0, 112.0, 930.0, 762.0]
[112.0, 0.0, 979.0, 650.0]
[112.0, 96.0, 980.0, 747.0]
[144.0, 80.0, 1013.0, 732.0]
[112.0, 64.0, 982.0, 716.0]
[0.0, 80.0, 871.0, 733.0]
[64.0, 64.0, 936.0, 718.0]
[32.0, 32.0, 905.0, 687.0]
[112.0, 96.0, 986.0, 752.0]
[144.0, 80.0, 1019.0, 736.0]
[32.0, 64.0, 908.0, 721.0]
[0.0, 80.0, 877.0, 738.0]
[112.0, 32.0, 990.0, 690.0]
[112.0, 96.0, 991.0, 755.0]
[80.0, 0.0, 960.0, 660.0]
[112.0, 16.0, 993.0, 677.0]
[64.0, 0.0, 946.0, 662.0]
[0.0, 0.0, 883.0, 662.0]
[32.0, 32.0, 916.0, 695.0]
[16.0, 32.0, 901.0, 696.0]
[16.0, 0.0, 902.0, 664.0]
[80.0, 48.0, 967.0, 713.0]
[0.0, 96.0, 888.0, 762.0]
[64.0, 32.0, 953.0, 699.0]
[112.0, 32.0, 1002.0, 700.0]
[32.0, 32.0, 923.0, 700.0]
[64.0, 48.0, 956.0, 717.0]
[64.0, 32.0, 957.0, 702.0]
[16.0, 80.0, 910.0, 750.0]
[0.0, 64.0, 895.0, 735.0]
[128.0, 16.0, 1024.0, 688.0]
[64.0, 80.0, 961.0, 753.0]
[0.0, 48.0, 898.0, 722.0]
[64.0, 16.0, 963.0, 690.0]
[48.0, 48.0, 948.0, 723.0]
[32.0, 32.0, 933.0, 708.0]
[32.0, 0.0, 934.0, 676.0]
[48.0, 16.0, 951.0, 693.0]
[64.0, 64.0, 968.0, 742.0]
[48.0, 32.0, 953.0, 711.0]
[16.0, 64.0, 922.0, 744.0]
[16.0, 80.0, 923.0, 760.0]
[64.0, 16.0, 972.0, 697.0]
[64.0, 32.0, 973.0, 714.0]
[64.0, 0.0, 974.0, 682.0]
[112.0, 32.0, 1023.0, 715.0]
[64.0, 32.0, 976.0, 716.0]
[32.0, 16.0, 945.0, 701.0]
[80.0, 32.0, 994.0, 718.0]
[64.0, 64.0, 979.0, 750.0]
[48.0, 48.0, 964.0, 735.0]
[32.0, 32.0, 949.0, 720.0]
[48.0, 0.0, 966.0, 688.0]
[16.0, 16.0, 935.0, 705.0]
[80.0, 64.0, 1000.0, 754.0]
[32.0, 32.0, 953.0, 723.0]
[48.0, 48.0, 970.0, 740.0]
[16.0, 0.0, 939.0, 692.0]
[96.0, 48.0, 1020.0, 741.0]
[16.0, 64.0, 941.0, 758.0]
[64.0, 16.0, 990.0, 710.0]
[0.0, 48.0, 927.0, 743.0]
[80.0, 32.0, 1008.0, 728.0]
[16.0, 48.0, 945.0, 745.0]
[16.0, 32.0, 946.0, 730.0]
[32.0, 16.0, 963.0, 714.0]
[32.0, 32.0, 964.0, 731.0]
[16.0, 32.0, 949.0, 732.0]
[16.0, 64.0, 950.0, 764.0]
[32.0, 0.0, 967.0, 701.0]
[0.0, 64.0, 936.0, 766.0]
[16.0, 48.0, 953.0, 751.0]
[16.0, 0.0, 954.0, 704.0]
[48.0, 48.0, 987.0, 752.0]
[80.0, 32.0, 1020.0, 737.0]
[0.0, 0.0, 941.0, 706.0]
[64.0, 32.0, 1006.0, 738.0]
[0.0, 0.0, 943.0, 707.0]
[0.0, 48.0, 944.0, 756.0]
[16.0, 48.0, 961.0, 757.0]
[48.0, 32.0, 994.0, 742.0]
[64.0, 16.0, 1011.0, 726.0]
[0.0, 32.0, 948.0, 743.0]
[32.0, 0.0, 981.0, 712.0]
[16.0, 0.0, 966.0, 712.0]
[64.0, 0.0, 1015.0, 713.0]
[64.0, 32.0, 1016.0, 746.0]
[16.0, 0.0, 969.0, 715.0]
[32.0, 48.0, 986.0, 764.0]
[32.0, 16.0, 987.0, 732.0]
[48.0, 16.0, 1004.0, 733.0]
[64.0, 16.0, 1021.0, 734.0]
[64.0, 48.0, 1022.0, 766.0]
[0.0, 32.0, 959.0, 751.0]
[16.0, 48.0, 976.0, 768.0]
[48.0, 32.0, 1009.0, 753.0]
[0.0, 16.0, 962.0, 738.0]
[16.0, 0.0, 979.0, 722.0]
[0.0, 16.0, 964.0, 739.0]
[16.0, 0.0, 981.0, 724.0]
[16.0, 16.0, 982.0, 740.0]
[16.0, 32.0, 983.0, 757.0]
[32.0, 0.0, 1000.0, 726.0]
[16.0, 32.0, 985.0, 759.0]
[48.0, 16.0, 1018.0, 744.0]
[0.0, 0.0, 971.0, 728.0]
[16.0, 0.0, 988.0, 729.0]
[0.0, 32.0, 973.0, 762.0]
[32.0, 32.0, 1006.0, 762.0]
[48.0, 0.0, 1023.0, 731.0]
[32.0, 32.0, 1008.0, 764.0]
[0.0, 0.0, 977.0, 733.0]
[32.0, 32.0, 1010.0, 766.0]
[0.0, 32.0, 979.0, 766.0]
[32.0, 32.0, 1012.0, 767.0]
[32.0, 16.0, 1013.0, 752.0]
[16.0, 16.0, 998.0, 752.0]
[32.0, 0.0, 1015.0, 737.0]
[16.0, 16.0, 1000.0, 754.0]
[0.0, 0.0, 985.0, 739.0]
[0.0, 16.0, 986.0, 756.0]
[32.0, 16.0, 1019.0, 756.0]
[32.0, 0.0, 1020.0, 741.0]
[0.0, 16.0, 989.0, 758.0]
[16.0, 0.0, 1006.0, 742.0]
[16.0, 16.0, 1007.0, 759.0]
[32.0, 16.0, 1024.0, 760.0]
[16.0, 16.0, 1009.0, 761.0]
[16.0, 0.0, 1010.0, 746.0]
[16.0, 0.0, 1011.0, 746.0]
[16.0, 16.0, 1012.0, 763.0]
[0.0, 0.0, 997.0, 748.0]
[0.0, 0.0, 998.0, 748.0]
[0.0, 16.0, 999.0, 765.0]
[16.0, 16.0, 1016.0, 766.0]
[16.0, 16.0, 1017.0, 767.0]
[0.0, 16.0, 1002.0, 768.0]
[16.0, 0.0, 1019.0, 752.0]
[0.0, 0.0, 1004.0, 753.0]
[0.0, 0.0, 1005.0, 754.0]
[0.0, 0.0, 1006.0, 754.0]
[16.0, 0.0, 1023.0, 755.0]
[0.0, 0.0, 1008.0, 756.0]
[0.0, 0.0, 1009.0, 757.0]
[0.0, 0.0, 1010.0, 758.0]
[0.0, 0.0, 1011.0, 758.0]
[0.0, 0.0, 1012.0, 759.0]
[0.0, 0.0, 1013.0, 760.0]
[0.0, 0.0, 1014.0, 760.0]
[0.0, 0.0, 1015.0, 761.0]
[0.0, 0.0, 1016.0, 762.0]
[0.0, 0.0, 1017.0, 763.0]
[0.0, 0.0, 1018.0, 764.0]
[0.0, 0.0, 1019.0, 764.0]
[0.0, 0.0, 1020.0, 765.0]
[0.0, 0.0, 1021.0, 766.0]
[0.0, 0.0, 1022.0, 766.0]
[0.0, 0.0, 1023.0, 767.0]
[0.0, 0.0, 1024.0, 768.0]
