[128.0, 0.0, 845.0, 538.0]
[208.0, 16.0, 926.0, 554.0]
[224.0, 32.0, 943.0, 571.0]
[128.0, 16.0, 848.0, 556.0]
[96.0, 16.0, 817.0, 557.0]
[48.0, 32.0, 770.0, 574.0]
[32.0, 16.0, 755.0, 558.0]
[128.0, 32.0, 852.0, 575.0]
[208.0, 0.0, 933.0, 544.0]
[160.0, 16.0, 886.0, 560.0]
[96.0, 0.0, 823.0, 545.0]
[80.0, 16.0, 808.0, 562.0]
[240.0, 0.0, 969.0, 547.0]
[192.0, 0.0, 922.0, 548.0]
[48.0, 16.0, 779.0, 564.0]
[160.0, 32.0, 892.0, 581.0]
[96.0, 32.0, 829.0, 582.0]
[224.0, 16.0, 958.0, 566.0]
[144.0, 0.0, 879.0, 551.0]
[48.0, 16.0, 784.0, 568.0]
[192.0, 0.0, 929.0, 553.0]
[64.0, 16.0, 802.0, 570.0]
[112.0, 32.0, 851.0, 586.0]
[224.0, 16.0, 964.0, 571.0]
[80.0, 0.0, 821.0, 556.0]
[80.0, 32.0, 822.0, 588.0]
[192.0, 0.0, 935.0, 557.0]
[48.0, 48.0, 792.0, 606.0]
[64.0, 16.0, 809.0, 575.0]
[176.0, 32.0, 922.0, 592.0]
[80.0, 16.0, 827.0, 576.0]
[192.0, 16.0, 940.0, 577.0]
[32.0, 32.0, 781.0, 594.0]
[48.0, 32.0, 798.0, 594.0]
[96.0, 48.0, 847.0, 611.0]
[240.0, 0.0, 992.0, 564.0]
[96.0, 48.0, 849.0, 613.0]
[208.0, 32.0, 962.0, 598.0]
[112.0, 0.0, 867.0, 566.0]
[64.0, 48.0, 820.0, 615.0]
[160.0, 48.0, 917.0, 616.0]
[48.0, 48.0, 806.0, 616.0]
[48.0, 0.0, 807.0, 569.0]
[112.0, 0.0, 872.0, 570.0]
[224.0, 16.0, 985.0, 587.0]
[208.0, 32.0, 970.0, 604.0]
[128.0, 0.0, 891.0, 572.0]
[96.0, 48.0, 860.0, 621.0]
[112.0, 16.0, 877.0, 590.0]
[192.0, 0.0, 958.0, 574.0]
[128.0, 16.0, 895.0, 591.0]
[64.0, 16.0, 832.0, 592.0]
[112.0, 48.0, 881.0, 625.0]
[112.0, 16.0, 882.0, 594.0]
[128.0, 0.0, 899.0, 578.0]
[32.0, 32.0, 804.0, 611.0]
[224.0, 0.0, 997.0, 580.0]
[96.0, 16.0, 870.0, 596.0]
[208.0, 16.0, 983.0, 597.0]
[112.0, 48.0, 888.0, 630.0]
[128.0, 0.0, 905.0, 583.0]
[192.0, 32.0, 970.0, 616.0]
[208.0, 16.0, 987.0, 600.0]
[32.0, 32.0, 812.0, 617.0]
[80.0, 48.0, 861.0, 634.0]
[64.0, 48.0, 846.0, 634.0]
[80.0, 48.0, 863.0, 635.0]
[160.0, 16.0, 944.0, 604.0]
[32.0, 32.0, 817.0, 621.0]
[96.0, 16.0, 882.0, 606.0]
[96.0, 32.0, 883.0, 622.0]
[192.0, 16.0, 980.0, 607.0]
[96.0, 48.0, 885.0, 640.0]
[176.0, 32.0, 966.0, 624.0]
[128.0, 48.0, 919.0, 641.0]
[80.0, 48.0, 872.0, 642.0]
[16.0, 32.0, 809.0, 627.0]
[64.0, 32.0, 858.0, 628.0]
[208.0, 0.0, 1003.0, 596.0]
[176.0, 16.0, 972.0, 613.0]
[32.0, 16.0, 829.0, 614.0]
[112.0, 48.0, 910.0, 646.0]
[96.0, 32.0, 895.0, 631.0]
[96.0, 0.0, 896.0, 600.0]
[64.0, 48.0, 865.0, 649.0]
[144.0, 0.0, 946.0, 602.0]
[160.0, 16.0, 963.0, 618.0]
[128.0, 32.0, 932.0, 635.0]
[64.0, 48.0, 869.0, 652.0]
[96.0, 32.0, 902.0, 636.0]
[80.0, 0.0, 887.0, 605.0]
[32.0, 0.0, 840.0, 606.0]
[160.0, 32.0, 969.0, 639.0]
[160.0, 32.0, 970.0, 640.0]
[192.0, 16.0, 1003.0, 624.0]
[16.0, 32.0, 828.0, 641.0]
[160.0, 48.0, 973.0, 658.0]
[128.0, 32.0, 942.0, 642.0]
[64.0, 0.0, 879.0, 611.0]
[48.0, 32.0, 864.0, 644.0]
[96.0, 48.0, 913.0, 661.0]
[96.0, 16.0, 914.0, 630.0]
[80.0, 16.0, 899.0, 630.0]
[144.0, 48.0, 964.0, 663.0]
[160.0, 48.0, 981.0, 664.0]
[32.0, 32.0, 854.0, 648.0]
[176.0, 0.0, 999.0, 617.0]
[112.0, 0.0, 936.0, 618.0]
[96.0, 0.0, 921.0, 619.0]
[144.0, 32.0, 970.0, 652.0]
[112.0, 0.0, 939.0, 620.0]
[32.0, 32.0, 860.0, 653.0]
[176.0, 32.0, 1005.0, 654.0]
[160.0, 32.0, 990.0, 654.0]
[144.0, 16.0, 975.0, 639.0]
[16.0, 16.0, 848.0, 640.0]
[80.0, 0.0, 913.0, 625.0]
[96.0, 32.0, 930.0, 658.0]
[64.0, 16.0, 899.0, 642.0]
[80.0, 16.0, 916.0, 643.0]
[112.0, 16.0, 949.0, 644.0]
[128.0, 16.0, 966.0, 644.0]
[48.0, 0.0, 887.0, 629.0]
[80.0, 16.0, 920.0, 646.0]
[16.0, 32.0, 857.0, 663.0]
[128.0, 32.0, 970.0, 664.0]
[160.0, 0.0, 1003.0, 632.0]
[112.0, 16.0, 956.0, 649.0]
[64.0, 48.0, 909.0, 682.0]
[128.0, 32.0, 974.0, 666.0]
[112.0, 48.0, 959.0, 683.0]
[64.0, 16.0, 912.0, 652.0]
[112.0, 48.0, 961.0, 685.0]
[80.0, 16.0, 930.0, 654.0]
[32.0, 32.0, 883.0, 670.0]
[32.0, 0.0, 884.0, 639.0]
[112.0, 16.0, 965.0, 656.0]
[80.0, 32.0, 934.0, 672.0]
[48.0, 48.0, 903.0, 689.0]
[128.0, 0.0, 984.0, 642.0]
[96.0, 48.0, 953.0, 691.0]
[32.0, 32.0, 890.0, 676.0]
[80.0, 48.0, 939.0, 692.0]
[64.0, 0.0, 924.0, 645.0]
[128.0, 32.0, 989.0, 678.0]
[64.0, 16.0, 926.0, 662.0]
[96.0, 48.0, 959.0, 695.0]
[80.0, 32.0, 944.0, 680.0]
[96.0, 16.0, 961.0, 665.0]
[48.0, 48.0, 914.0, 698.0]
[128.0, 32.0, 995.0, 682.0]
[96.0, 32.0, 964.0, 683.0]
[48.0, 0.0, 917.0, 652.0]
[128.0, 0.0, 998.0, 652.0]
[128.0, 16.0, 999.0, 669.0]
[112.0, 16.0, 984.0, 670.0]
[112.0, 0.0, 985.0, 655.0]
[96.0, 32.0, 970.0, 688.0]
[96.0, 0.0, 971.0, 656.0]
[128.0, 32.0, 1004.0, 689.0]
[96.0, 32.0, 973.0, 690.0]
[16.0, 32.0, 894.0, 690.0]
[128.0, 0.0, 1007.0, 659.0]
[48.0, 32.0, 928.0, 692.0]
[96.0, 0.0, 977.0, 661.0]
[48.0, 32.0, 930.0, 694.0]
[80.0, 32.0, 963.0, 694.0]
[80.0, 16.0, 964.0, 679.0]
[64.0, 16.0, 949.0, 680.0]
[112.0, 0.0, 998.0, 664.0]
[64.0, 32.0, 951.0, 697.0]
[112.0, 0.0, 1000.0, 666.0]
[96.0, 16.0, 985.0, 683.0]
[96.0, 0.0, 986.0, 668.0]
[96.0, 0.0, 987.0, 668.0]
[80.0, 0.0, 972.0, 669.0]
[64.0, 32.0, 957.0, 702.0]
[64.0, 0.0, 958.0, 670.0]
[32.0, 16.0, 927.0, 687.0]
[48.0, 0.0, 944.0, 672.0]
[64.0, 32.0, 961.0, 705.0]
[96.0, 0.0, 994.0, 674.0]
[80.0, 0.0, 979.0, 674.0]
[96.0, 32.0, 996.0, 707.0]
[80.0, 0.0, 981.0, 676.0]
[48.0, 0.0, 950.0, 676.0]
[48.0, 16.0, 951.0, 693.0]
[32.0, 0.0, 936.0, 678.0]
[48.0, 16.0, 953.0, 695.0]
[64.0, 0.0, 970.0, 680.0]
[80.0, 32.0, 987.0, 712.0]
[96.0, 32.0, 1004.0, 713.0]
[32.0, 32.0, 941.0, 714.0]
[48.0, 32.0, 958.0, 714.0]
[48.0, 32.0, 959.0, 715.0]
[48.0, 16.0, 960.0, 700.0]
[32.0, 16.0, 945.0, 701.0]
[80.0, 32.0, 994.0, 718.0]
[80.0, 16.0, 995.0, 702.0]
[80.0, 0.0, 996.0, 687.0]
[64.0, 32.0, 981.0, 720.0]
[80.0, 32.0, 998.0, 720.0]
[80.0, 0.0, 999.0, 689.0]
[32.0, 16.0, 952.0, 706.0]
[80.0, 16.0, 1001.0, 707.0]
[64.0, 16.0, 986.0, 708.0]
[80.0, 0.0, 1003.0, 692.0]
[64.0, 16.0, 988.0, 709.0]
[32.0, 32.0, 957.0, 726.0]
[32.0, 16.0, 958.0, 710.0]
[64.0, 0.0, 991.0, 695.0]
[64.0, 32.0, 992.0, 728.0]
[32.0, 32.0, 961.0, 729.0]
[48.0, 32.0, 978.0, 730.0]
[64.0, 0.0, 995.0, 698.0]
[32.0, 0.0, 964.0, 699.0]
[32.0, 16.0, 965.0, 716.0]
[48.0, 16.0, 982.0, 716.0]
[48.0, 16.0, 983.0, 717.0]
[48.0, 0.0, 984.0, 702.0]
[32.0, 16.0, 969.0, 719.0]
[48.0, 16.0, 986.0, 720.0]
[32.0, 16.0, 971.0, 720.0]
[32.0, 32.0, 972.0, 737.0]
[48.0, 0.0, 989.0, 706.0]
[32.0, 0.0, 974.0, 706.0]
[32.0, 16.0, 975.0, 723.0]
[48.0, 0.0, 992.0, 708.0]
[48.0, 16.0, 993.0, 725.0]
[32.0, 16.0, 978.0, 726.0]
[48.0, 32.0, 995.0, 742.0]
[48.0, 32.0, 996.0, 743.0]
[32.0, 0.0, 981.0, 712.0]
[48.0, 16.0, 998.0, 728.0]
[48.0, 32.0, 999.0, 745.0]
[48.0, 0.0, 1000.0, 714.0]
[32.0, 16.0, 985.0, 731.0]
[32.0, 16.0, 986.0, 732.0]
[32.0, 16.0, 987.0, 732.0]
[32.0, 32.0, 988.0, 749.0]
