[224.0, 96.0, 941.0, 634.0]
[160.0, 112.0, 878.0, 650.0]
[160.0, 112.0, 879.0, 651.0]
[256.0, 96.0, 976.0, 636.0]
[192.0, 96.0, 913.0, 637.0]
[208.0, 112.0, 930.0, 654.0]
[192.0, 112.0, 915.0, 654.0]
[144.0, 64.0, 868.0, 607.0]
[192.0, 80.0, 917.0, 624.0]
[208.0, 80.0, 934.0, 624.0]
[208.0, 64.0, 935.0, 609.0]
[208.0, 80.0, 936.0, 626.0]
[256.0, 16.0, 985.0, 563.0]
[224.0, 48.0, 954.0, 596.0]
[224.0, 32.0, 955.0, 580.0]
[224.0, 112.0, 956.0, 661.0]
[256.0, 48.0, 989.0, 598.0]
[144.0, 16.0, 878.0, 566.0]
[272.0, 80.0, 1007.0, 631.0]
[192.0, 64.0, 928.0, 616.0]
[256.0, 16.0, 993.0, 569.0]
[256.0, 16.0, 994.0, 570.0]
[96.0, 64.0, 835.0, 618.0]
[224.0, 32.0, 964.0, 587.0]
[224.0, 16.0, 965.0, 572.0]
[208.0, 16.0, 950.0, 572.0]
[128.0, 96.0, 871.0, 653.0]
[224.0, 96.0, 968.0, 654.0]
[144.0, 0.0, 889.0, 559.0]
[192.0, 16.0, 938.0, 576.0]
[128.0, 16.0, 875.0, 576.0]
[176.0, 112.0, 924.0, 673.0]
[96.0, 64.0, 845.0, 626.0]
[160.0, 16.0, 910.0, 578.0]
[128.0, 48.0, 879.0, 611.0]
[208.0, 112.0, 960.0, 676.0]
[96.0, 64.0, 849.0, 629.0]
[208.0, 64.0, 962.0, 630.0]
[256.0, 64.0, 1011.0, 630.0]
[176.0, 80.0, 932.0, 647.0]
[80.0, 64.0, 837.0, 632.0]
[240.0, 48.0, 998.0, 616.0]
[160.0, 80.0, 919.0, 649.0]
[208.0, 0.0, 968.0, 570.0]
[96.0, 32.0, 857.0, 603.0]
[96.0, 80.0, 858.0, 652.0]
[160.0, 80.0, 923.0, 652.0]
[208.0, 48.0, 972.0, 621.0]
[96.0, 48.0, 861.0, 622.0]
[240.0, 96.0, 1006.0, 670.0]
[240.0, 96.0, 1007.0, 671.0]
[80.0, 16.0, 848.0, 592.0]
[208.0, 48.0, 977.0, 625.0]
[96.0, 96.0, 866.0, 674.0]
[96.0, 16.0, 867.0, 594.0]
[80.0, 48.0, 852.0, 627.0]
[96.0, 16.0, 869.0, 596.0]
[128.0, 48.0, 902.0, 628.0]
[240.0, 96.0, 1015.0, 677.0]
[240.0, 16.0, 1016.0, 598.0]
[160.0, 96.0, 937.0, 679.0]
[208.0, 0.0, 986.0, 584.0]
[224.0, 32.0, 1003.0, 616.0]
[144.0, 96.0, 924.0, 681.0]
[48.0, 48.0, 829.0, 634.0]
[64.0, 80.0, 846.0, 666.0]
[224.0, 80.0, 1007.0, 667.0]
[80.0, 0.0, 864.0, 588.0]
[128.0, 16.0, 913.0, 605.0]
[192.0, 32.0, 978.0, 622.0]
[80.0, 32.0, 867.0, 622.0]
[96.0, 64.0, 884.0, 655.0]
[144.0, 80.0, 933.0, 672.0]
[160.0, 0.0, 950.0, 592.0]
[160.0, 0.0, 951.0, 593.0]
[176.0, 64.0, 968.0, 658.0]
[128.0, 0.0, 921.0, 595.0]
[112.0, 80.0, 906.0, 676.0]
[224.0, 32.0, 1019.0, 628.0]
[128.0, 0.0, 924.0, 597.0]
[112.0, 16.0, 909.0, 614.0]
[48.0, 16.0, 846.0, 614.0]
[64.0, 48.0, 863.0, 647.0]
[80.0, 80.0, 880.0, 680.0]
[192.0, 16.0, 993.0, 617.0]
[32.0, 32.0, 834.0, 634.0]
[208.0, 32.0, 1011.0, 634.0]
[112.0, 0.0, 916.0, 603.0]
[48.0, 48.0, 853.0, 652.0]
[144.0, 48.0, 950.0, 652.0]
[80.0, 32.0, 887.0, 637.0]
[112.0, 16.0, 920.0, 622.0]
[64.0, 0.0, 873.0, 607.0]
[144.0, 48.0, 954.0, 656.0]
[16.0, 48.0, 827.0, 656.0]
[144.0, 64.0, 956.0, 673.0]
[176.0, 32.0, 989.0, 642.0]
[112.0, 0.0, 926.0, 610.0]
[80.0, 48.0, 895.0, 659.0]
[128.0, 16.0, 944.0, 628.0]
[176.0, 0.0, 993.0, 613.0]
[176.0, 48.0, 994.0, 662.0]
[16.0, 48.0, 835.0, 662.0]
[64.0, 64.0, 884.0, 679.0]
[48.0, 64.0, 869.0, 680.0]
[144.0, 64.0, 966.0, 680.0]
[160.0, 32.0, 983.0, 649.0]
[48.0, 48.0, 872.0, 666.0]
[176.0, 48.0, 1001.0, 667.0]
[144.0, 48.0, 970.0, 668.0]
[64.0, 16.0, 891.0, 636.0]
[160.0, 0.0, 988.0, 621.0]
[64.0, 32.0, 893.0, 654.0]
[192.0, 0.0, 1022.0, 622.0]
[176.0, 16.0, 1007.0, 639.0]
[144.0, 32.0, 976.0, 656.0]
[32.0, 48.0, 865.0, 673.0]
[128.0, 0.0, 962.0, 626.0]
[16.0, 16.0, 851.0, 642.0]
[80.0, 32.0, 916.0, 659.0]
[96.0, 48.0, 933.0, 676.0]
[48.0, 32.0, 886.0, 660.0]
[176.0, 16.0, 1015.0, 645.0]
[48.0, 0.0, 888.0, 630.0]
[96.0, 0.0, 937.0, 631.0]
[160.0, 48.0, 1002.0, 680.0]
[48.0, 0.0, 891.0, 632.0]
[96.0, 16.0, 940.0, 649.0]
[80.0, 0.0, 925.0, 634.0]
[128.0, 0.0, 974.0, 634.0]
[80.0, 32.0, 927.0, 667.0]
[32.0, 32.0, 880.0, 668.0]
[96.0, 32.0, 945.0, 669.0]
[48.0, 0.0, 898.0, 638.0]
[128.0, 0.0, 979.0, 638.0]
[144.0, 0.0, 996.0, 639.0]
[64.0, 16.0, 917.0, 656.0]
[32.0, 32.0, 886.0, 672.0]
[96.0, 16.0, 951.0, 657.0]
[80.0, 32.0, 936.0, 674.0]
[48.0, 0.0, 905.0, 643.0]
[48.0, 32.0, 906.0, 676.0]
[0.0, 32.0, 859.0, 676.0]
[0.0, 16.0, 860.0, 661.0]
[16.0, 32.0, 877.0, 678.0]
[112.0, 16.0, 974.0, 662.0]
[0.0, 16.0, 863.0, 663.0]
[48.0, 32.0, 912.0, 680.0]
[16.0, 32.0, 881.0, 681.0]
[112.0, 0.0, 978.0, 650.0]
[128.0, 16.0, 995.0, 666.0]
[96.0, 16.0, 964.0, 667.0]
[80.0, 0.0, 949.0, 652.0]
[80.0, 16.0, 950.0, 668.0]
[128.0, 0.0, 999.0, 653.0]
[128.0, 16.0, 1000.0, 670.0]
[0.0, 16.0, 873.0, 671.0]
[128.0, 0.0, 1002.0, 656.0]
[64.0, 16.0, 939.0, 672.0]
[64.0, 0.0, 940.0, 657.0]
[128.0, 16.0, 1005.0, 674.0]
[16.0, 0.0, 894.0, 658.0]
[48.0, 0.0, 927.0, 659.0]
[48.0, 0.0, 928.0, 660.0]
[48.0, 0.0, 929.0, 661.0]
[128.0, 16.0, 1010.0, 678.0]
[112.0, 0.0, 995.0, 662.0]
[80.0, 0.0, 964.0, 663.0]
[128.0, 16.0, 1013.0, 680.0]
[32.0, 0.0, 918.0, 664.0]
[112.0, 0.0, 999.0, 665.0]
[80.0, 0.0, 968.0, 666.0]
[96.0, 0.0, 985.0, 667.0]
[16.0, 0.0, 906.0, 668.0]
[64.0, 0.0, 955.0, 668.0]
[48.0, 0.0, 940.0, 669.0]
[48.0, 0.0, 941.0, 670.0]
[112.0, 0.0, 1006.0, 670.0]
[96.0, 0.0, 991.0, 671.0]
[96.0, 0.0, 992.0, 672.0]
[112.0, 0.0, 1009.0, 673.0]
[32.0, 0.0, 930.0, 674.0]
[48.0, 0.0, 947.0, 674.0]
[16.0, 0.0, 916.0, 675.0]
[16.0, 0.0, 917.0, 676.0]
[32.0, 0.0, 934.0, 676.0]
[96.0, 0.0, 999.0, 677.0]
[32.0, 0.0, 936.0, 678.0]
[80.0, 0.0, 985.0, 679.0]
[80.0, 0.0, 986.0, 680.0]
[64.0, 0.0, 971.0, 680.0]
[80.0, 0.0, 988.0, 681.0]
