[48.0, 144.0, 586.0, 861.0]
[32.0, 192.0, 570.0, 910.0]
[48.0, 32.0, 587.0, 751.0]
[64.0, 112.0, 604.0, 832.0]
[32.0, 32.0, 573.0, 753.0]
[80.0, 48.0, 622.0, 770.0]
[96.0, 80.0, 638.0, 803.0]
[80.0, 80.0, 623.0, 804.0]
[112.0, 176.0, 656.0, 901.0]
[32.0, 96.0, 576.0, 822.0]
[64.0, 192.0, 609.0, 919.0]
[80.0, 144.0, 626.0, 872.0]
[80.0, 80.0, 627.0, 809.0]
[96.0, 112.0, 644.0, 842.0]
[16.0, 64.0, 564.0, 795.0]
[112.0, 160.0, 661.0, 892.0]
[112.0, 112.0, 662.0, 845.0]
[48.0, 192.0, 598.0, 926.0]
[96.0, 144.0, 647.0, 879.0]
[64.0, 16.0, 616.0, 752.0]
[48.0, 16.0, 601.0, 753.0]
[64.0, 176.0, 618.0, 914.0]
[16.0, 160.0, 570.0, 899.0]
[80.0, 176.0, 635.0, 916.0]
[32.0, 16.0, 588.0, 757.0]
[0.0, 32.0, 556.0, 774.0]
[96.0, 96.0, 653.0, 839.0]
[64.0, 48.0, 622.0, 792.0]
[32.0, 144.0, 591.0, 889.0]
[64.0, 96.0, 624.0, 842.0]
[80.0, 144.0, 640.0, 891.0]
[0.0, 96.0, 561.0, 844.0]
[64.0, 112.0, 626.0, 861.0]
[32.0, 0.0, 594.0, 750.0]
[48.0, 48.0, 611.0, 799.0]
[32.0, 176.0, 596.0, 928.0]
[64.0, 112.0, 629.0, 865.0]
[96.0, 96.0, 662.0, 850.0]
[64.0, 96.0, 630.0, 851.0]
[48.0, 80.0, 615.0, 836.0]
[64.0, 16.0, 632.0, 773.0]
[16.0, 176.0, 584.0, 934.0]
[0.0, 32.0, 569.0, 791.0]
[64.0, 0.0, 634.0, 760.0]
[32.0, 192.0, 603.0, 953.0]
[64.0, 160.0, 636.0, 922.0]
[0.0, 112.0, 572.0, 875.0]
[64.0, 16.0, 637.0, 780.0]
[48.0, 192.0, 622.0, 957.0]
[16.0, 0.0, 590.0, 766.0]
[64.0, 0.0, 639.0, 767.0]
[0.0, 64.0, 576.0, 832.0]
[16.0, 176.0, 593.0, 945.0]
[64.0, 128.0, 642.0, 898.0]
[48.0, 160.0, 626.0, 931.0]
[16.0, 192.0, 595.0, 964.0]
[16.0, 32.0, 596.0, 805.0]
[16.0, 32.0, 596.0, 806.0]
[80.0, 48.0, 661.0, 823.0]
[48.0, 32.0, 630.0, 808.0]
[0.0, 16.0, 583.0, 793.0]
[32.0, 48.0, 616.0, 826.0]
[32.0, 160.0, 616.0, 939.0]
[64.0, 64.0, 649.0, 844.0]
[48.0, 32.0, 634.0, 813.0]
[64.0, 160.0, 650.0, 942.0]
[16.0, 160.0, 603.0, 943.0]
[64.0, 48.0, 652.0, 832.0]
[16.0, 64.0, 605.0, 849.0]
[48.0, 176.0, 638.0, 962.0]
[64.0, 16.0, 654.0, 803.0]
[32.0, 208.0, 623.0, 996.0]
[64.0, 32.0, 656.0, 821.0]
[48.0, 160.0, 640.0, 950.0]
[32.0, 112.0, 625.0, 903.0]
[0.0, 32.0, 594.0, 824.0]
[32.0, 32.0, 627.0, 825.0]
[32.0, 80.0, 628.0, 874.0]
[32.0, 80.0, 628.0, 875.0]
[64.0, 160.0, 661.0, 956.0]
[16.0, 80.0, 614.0, 877.0]
[0.0, 128.0, 598.0, 926.0]
[48.0, 80.0, 647.0, 879.0]
[0.0, 32.0, 600.0, 832.0]
[32.0, 96.0, 633.0, 897.0]
[32.0, 0.0, 634.0, 802.0]
[48.0, 176.0, 650.0, 979.0]
[0.0, 64.0, 603.0, 868.0]
[32.0, 128.0, 636.0, 933.0]
[32.0, 96.0, 636.0, 902.0]
[48.0, 16.0, 653.0, 823.0]
[16.0, 0.0, 622.0, 808.0]
[32.0, 80.0, 639.0, 889.0]
[32.0, 128.0, 640.0, 938.0]
[32.0, 96.0, 640.0, 907.0]
[48.0, 32.0, 657.0, 844.0]
[32.0, 16.0, 642.0, 829.0]
[48.0, 32.0, 658.0, 846.0]
[16.0, 48.0, 627.0, 863.0]
[16.0, 192.0, 628.0, 1008.0]
[16.0, 32.0, 629.0, 849.0]
[0.0, 0.0, 614.0, 818.0]
[32.0, 32.0, 646.0, 851.0]
[0.0, 176.0, 615.0, 996.0]
[0.0, 96.0, 616.0, 917.0]
[16.0, 0.0, 632.0, 822.0]
[32.0, 128.0, 649.0, 951.0]
[0.0, 96.0, 618.0, 920.0]
[16.0, 64.0, 635.0, 889.0]
[32.0, 64.0, 652.0, 890.0]
[16.0, 160.0, 636.0, 987.0]
[32.0, 112.0, 653.0, 940.0]
[16.0, 96.0, 638.0, 925.0]
[0.0, 0.0, 622.0, 830.0]
[0.0, 176.0, 623.0, 1007.0]
[32.0, 112.0, 656.0, 944.0]
[16.0, 160.0, 641.0, 993.0]
[16.0, 176.0, 642.0, 1010.0]
[0.0, 64.0, 626.0, 899.0]
[32.0, 176.0, 659.0, 1012.0]
[16.0, 0.0, 644.0, 837.0]
[32.0, 160.0, 660.0, 998.0]
[0.0, 16.0, 629.0, 855.0]
[0.0, 144.0, 630.0, 984.0]
[0.0, 32.0, 631.0, 873.0]
[0.0, 112.0, 632.0, 954.0]
[0.0, 112.0, 632.0, 955.0]
[16.0, 80.0, 649.0, 924.0]
[0.0, 144.0, 634.0, 989.0]
[16.0, 16.0, 650.0, 862.0]
[16.0, 16.0, 651.0, 863.0]
[16.0, 160.0, 652.0, 1008.0]
[0.0, 80.0, 637.0, 929.0]
[16.0, 128.0, 654.0, 978.0]
[16.0, 112.0, 654.0, 963.0]
[0.0, 160.0, 639.0, 1012.0]
[0.0, 32.0, 640.0, 885.0]
[0.0, 32.0, 640.0, 886.0]
[16.0, 128.0, 657.0, 983.0]
[16.0, 16.0, 658.0, 872.0]
[0.0, 64.0, 643.0, 921.0]
[16.0, 96.0, 660.0, 954.0]
[16.0, 64.0, 660.0, 923.0]
[16.0, 96.0, 661.0, 956.0]
[16.0, 16.0, 662.0, 877.0]
[16.0, 32.0, 662.0, 894.0]
[0.0, 32.0, 647.0, 895.0]
[0.0, 160.0, 648.0, 1024.0]
[0.0, 32.0, 649.0, 897.0]
[0.0, 144.0, 650.0, 1010.0]
[0.0, 144.0, 650.0, 1011.0]
[0.0, 64.0, 651.0, 932.0]
[0.0, 16.0, 652.0, 885.0]
[0.0, 16.0, 652.0, 886.0]
[0.0, 16.0, 653.0, 887.0]
[0.0, 128.0, 654.0, 1000.0]
[0.0, 96.0, 655.0, 969.0]
[0.0, 112.0, 656.0, 986.0]
[0.0, 144.0, 656.0, 1019.0]
[0.0, 80.0, 657.0, 956.0]
[0.0, 112.0, 658.0, 989.0]
[0.0, 80.0, 658.0, 958.0]
[0.0, 96.0, 659.0, 975.0]
[0.0, 112.0, 660.0, 992.0]
[0.0, 96.0, 661.0, 977.0]
[0.0, 112.0, 662.0, 994.0]
[0.0, 0.0, 662.0, 883.0]
