[64.0, 80.0, 805.0, 636.0]
[64.0, 32.0, 806.0, 588.0]
[48.0, 64.0, 791.0, 621.0]
[112.0, 48.0, 856.0, 606.0]
[176.0, 48.0, 921.0, 607.0]
[208.0, 80.0, 954.0, 640.0]
[160.0, 96.0, 907.0, 656.0]
[176.0, 64.0, 924.0, 625.0]
[112.0, 48.0, 861.0, 610.0]
[224.0, 96.0, 974.0, 658.0]
[224.0, 32.0, 975.0, 595.0]
[192.0, 48.0, 944.0, 612.0]
[112.0, 32.0, 865.0, 597.0]
[192.0, 64.0, 946.0, 630.0]
[64.0, 96.0, 819.0, 662.0]
[176.0, 96.0, 932.0, 663.0]
[160.0, 96.0, 917.0, 664.0]
[192.0, 80.0, 950.0, 648.0]
[192.0, 80.0, 951.0, 649.0]
[192.0, 48.0, 952.0, 618.0]
[80.0, 48.0, 841.0, 619.0]
[128.0, 32.0, 890.0, 604.0]
[192.0, 96.0, 955.0, 668.0]
[112.0, 64.0, 876.0, 637.0]
[128.0, 48.0, 893.0, 622.0]
[64.0, 48.0, 830.0, 622.0]
[192.0, 48.0, 959.0, 623.0]
[80.0, 80.0, 848.0, 656.0]
[32.0, 32.0, 801.0, 609.0]
[16.0, 48.0, 786.0, 626.0]
[128.0, 32.0, 899.0, 610.0]
[224.0, 80.0, 996.0, 659.0]
[64.0, 80.0, 837.0, 660.0]
[160.0, 48.0, 934.0, 628.0]
[48.0, 80.0, 823.0, 661.0]
[96.0, 32.0, 872.0, 614.0]
[80.0, 0.0, 857.0, 583.0]
[192.0, 96.0, 970.0, 680.0]
[32.0, 96.0, 811.0, 680.0]
[160.0, 96.0, 940.0, 681.0]
[48.0, 16.0, 829.0, 602.0]
[112.0, 0.0, 894.0, 586.0]
[128.0, 96.0, 911.0, 683.0]
[240.0, 64.0, 1024.0, 652.0]
[48.0, 0.0, 833.0, 589.0]
[112.0, 80.0, 898.0, 670.0]
[32.0, 0.0, 819.0, 590.0]
[16.0, 32.0, 804.0, 623.0]
[16.0, 64.0, 805.0, 656.0]
[48.0, 16.0, 838.0, 608.0]
[224.0, 80.0, 1015.0, 673.0]
[64.0, 16.0, 856.0, 610.0]
[112.0, 64.0, 905.0, 659.0]
[208.0, 48.0, 1002.0, 644.0]
[48.0, 16.0, 843.0, 612.0]
[32.0, 80.0, 828.0, 677.0]
[112.0, 80.0, 909.0, 678.0]
[208.0, 32.0, 1006.0, 630.0]
[32.0, 16.0, 831.0, 615.0]
[32.0, 64.0, 832.0, 664.0]
[160.0, 80.0, 961.0, 681.0]
[64.0, 0.0, 866.0, 602.0]
[160.0, 80.0, 963.0, 682.0]
[208.0, 16.0, 1012.0, 619.0]
[96.0, 16.0, 901.0, 620.0]
[16.0, 80.0, 822.0, 684.0]
[144.0, 32.0, 951.0, 637.0]
[16.0, 0.0, 824.0, 606.0]
[32.0, 32.0, 841.0, 639.0]
[96.0, 32.0, 906.0, 640.0]
[16.0, 0.0, 827.0, 608.0]
[48.0, 16.0, 860.0, 625.0]
[64.0, 64.0, 877.0, 674.0]
[112.0, 16.0, 926.0, 626.0]
[16.0, 32.0, 831.0, 643.0]
[192.0, 64.0, 1008.0, 676.0]
[64.0, 48.0, 881.0, 661.0]
[176.0, 64.0, 994.0, 678.0]
[0.0, 48.0, 819.0, 662.0]
[32.0, 16.0, 852.0, 631.0]
[128.0, 16.0, 949.0, 632.0]
[64.0, 16.0, 886.0, 632.0]
[48.0, 48.0, 871.0, 665.0]
[128.0, 64.0, 952.0, 682.0]
[80.0, 64.0, 905.0, 683.0]
[80.0, 32.0, 906.0, 652.0]
[96.0, 64.0, 923.0, 684.0]
[16.0, 0.0, 844.0, 621.0]
[176.0, 48.0, 1005.0, 670.0]
[112.0, 32.0, 942.0, 654.0]
[128.0, 32.0, 959.0, 655.0]
[144.0, 16.0, 976.0, 640.0]
[48.0, 0.0, 881.0, 625.0]
[160.0, 32.0, 994.0, 658.0]
[64.0, 48.0, 899.0, 674.0]
[32.0, 48.0, 868.0, 675.0]
[0.0, 32.0, 837.0, 660.0]
[48.0, 0.0, 886.0, 628.0]
[48.0, 32.0, 887.0, 661.0]
[16.0, 16.0, 856.0, 646.0]
[176.0, 48.0, 1017.0, 679.0]
[48.0, 32.0, 890.0, 664.0]
[160.0, 0.0, 1003.0, 632.0]
[0.0, 16.0, 844.0, 649.0]
[48.0, 32.0, 893.0, 666.0]
[144.0, 48.0, 990.0, 682.0]
[112.0, 48.0, 959.0, 683.0]
[160.0, 48.0, 1008.0, 684.0]
[48.0, 0.0, 897.0, 637.0]
[160.0, 0.0, 1010.0, 638.0]
[0.0, 16.0, 851.0, 654.0]
[80.0, 0.0, 932.0, 639.0]
[112.0, 0.0, 965.0, 640.0]
[32.0, 32.0, 886.0, 672.0]
[48.0, 0.0, 903.0, 641.0]
[96.0, 32.0, 952.0, 674.0]
[112.0, 0.0, 969.0, 643.0]
[144.0, 0.0, 1002.0, 644.0]
[112.0, 0.0, 971.0, 644.0]
[160.0, 16.0, 1020.0, 661.0]
[0.0, 0.0, 861.0, 646.0]
[160.0, 32.0, 1022.0, 678.0]
[160.0, 0.0, 1023.0, 647.0]
[0.0, 16.0, 864.0, 664.0]
[48.0, 16.0, 913.0, 665.0]
[64.0, 32.0, 930.0, 682.0]
[48.0, 32.0, 915.0, 682.0]
[144.0, 0.0, 1012.0, 651.0]
[128.0, 16.0, 997.0, 668.0]
[144.0, 32.0, 1014.0, 684.0]
[32.0, 16.0, 903.0, 669.0]
[48.0, 16.0, 920.0, 670.0]
[112.0, 0.0, 985.0, 655.0]
[16.0, 0.0, 890.0, 656.0]
[16.0, 16.0, 891.0, 672.0]
[80.0, 16.0, 956.0, 673.0]
[112.0, 16.0, 989.0, 674.0]
[0.0, 0.0, 878.0, 658.0]
[144.0, 16.0, 1023.0, 675.0]
[80.0, 16.0, 960.0, 676.0]
[16.0, 0.0, 897.0, 661.0]
[48.0, 16.0, 930.0, 678.0]
[112.0, 16.0, 995.0, 678.0]
[96.0, 16.0, 980.0, 679.0]
[96.0, 16.0, 981.0, 680.0]
[96.0, 0.0, 982.0, 664.0]
[64.0, 16.0, 951.0, 681.0]
[16.0, 0.0, 904.0, 666.0]
[48.0, 16.0, 937.0, 683.0]
[128.0, 0.0, 1018.0, 668.0]
[48.0, 16.0, 939.0, 684.0]
[112.0, 0.0, 1004.0, 669.0]
[16.0, 0.0, 909.0, 670.0]
[80.0, 0.0, 974.0, 670.0]
[112.0, 0.0, 1007.0, 671.0]
[0.0, 0.0, 896.0, 672.0]
[16.0, 0.0, 913.0, 673.0]
[0.0, 0.0, 898.0, 674.0]
[48.0, 0.0, 947.0, 674.0]
[112.0, 0.0, 1012.0, 675.0]
[112.0, 0.0, 1013.0, 676.0]
[64.0, 0.0, 966.0, 676.0]
[16.0, 0.0, 919.0, 677.0]
[64.0, 0.0, 968.0, 678.0]
[112.0, 0.0, 1017.0, 679.0]
[80.0, 0.0, 986.0, 680.0]
[64.0, 0.0, 971.0, 680.0]
[0.0, 0.0, 908.0, 681.0]
[0.0, 0.0, 909.0, 682.0]
[112.0, 0.0, 1022.0, 682.0]
[112.0, 0.0, 1023.0, 683.0]
[96.0, 0.0, 1008.0, 684.0]
