[208.0, 144.0, 925.0, 682.0]
[64.0, 160.0, 782.0, 698.0]
[192.0, 160.0, 911.0, 699.0]
[176.0, 96.0, 896.0, 636.0]
[160.0, 144.0, 881.0, 685.0]
[128.0, 80.0, 850.0, 622.0]
[192.0, 96.0, 915.0, 638.0]
[80.0, 144.0, 804.0, 687.0]
[176.0, 64.0, 901.0, 608.0]
[176.0, 112.0, 902.0, 656.0]
[16.0, 80.0, 743.0, 625.0]
[128.0, 128.0, 856.0, 674.0]
[128.0, 64.0, 857.0, 611.0]
[160.0, 96.0, 890.0, 644.0]
[48.0, 160.0, 779.0, 708.0]
[48.0, 96.0, 780.0, 645.0]
[128.0, 144.0, 861.0, 694.0]
[112.0, 96.0, 846.0, 646.0]
[176.0, 144.0, 911.0, 695.0]
[176.0, 64.0, 912.0, 616.0]
[144.0, 96.0, 881.0, 649.0]
[32.0, 96.0, 770.0, 650.0]
[176.0, 80.0, 915.0, 634.0]
[16.0, 128.0, 756.0, 683.0]
[160.0, 112.0, 901.0, 668.0]
[176.0, 112.0, 918.0, 668.0]
[48.0, 112.0, 791.0, 669.0]
[16.0, 144.0, 760.0, 702.0]
[176.0, 128.0, 921.0, 687.0]
[112.0, 144.0, 858.0, 704.0]
[128.0, 144.0, 875.0, 704.0]
[112.0, 96.0, 860.0, 657.0]
[176.0, 80.0, 925.0, 642.0]
[112.0, 64.0, 862.0, 626.0]
[32.0, 128.0, 783.0, 691.0]
[80.0, 96.0, 832.0, 660.0]
[16.0, 128.0, 769.0, 693.0]
[96.0, 112.0, 850.0, 678.0]
[64.0, 128.0, 819.0, 694.0]
[144.0, 144.0, 900.0, 711.0]
[16.0, 96.0, 773.0, 664.0]
[32.0, 96.0, 790.0, 664.0]
[80.0, 128.0, 839.0, 697.0]
[16.0, 96.0, 776.0, 666.0]
[32.0, 128.0, 793.0, 699.0]
[96.0, 112.0, 858.0, 684.0]
[16.0, 80.0, 779.0, 652.0]
[112.0, 80.0, 876.0, 653.0]
[144.0, 64.0, 909.0, 638.0]
[80.0, 64.0, 846.0, 638.0]
[64.0, 112.0, 831.0, 687.0]
[144.0, 112.0, 912.0, 688.0]
[80.0, 32.0, 849.0, 609.0]
[64.0, 64.0, 834.0, 642.0]
[16.0, 48.0, 787.0, 626.0]
[64.0, 64.0, 836.0, 643.0]
[80.0, 112.0, 853.0, 692.0]
[96.0, 112.0, 870.0, 692.0]
[80.0, 64.0, 855.0, 645.0]
[16.0, 96.0, 792.0, 678.0]
[112.0, 128.0, 889.0, 711.0]
[64.0, 64.0, 842.0, 648.0]
[128.0, 64.0, 907.0, 648.0]
[64.0, 32.0, 844.0, 617.0]
[96.0, 128.0, 877.0, 714.0]
[64.0, 128.0, 846.0, 714.0]
[80.0, 64.0, 863.0, 651.0]
[128.0, 112.0, 912.0, 700.0]
[64.0, 112.0, 849.0, 701.0]
[48.0, 112.0, 834.0, 702.0]
[64.0, 96.0, 851.0, 686.0]
[16.0, 112.0, 804.0, 703.0]
[96.0, 32.0, 885.0, 624.0]
[48.0, 112.0, 838.0, 704.0]
[64.0, 32.0, 855.0, 625.0]
[48.0, 96.0, 840.0, 690.0]
[96.0, 48.0, 889.0, 643.0]
[32.0, 80.0, 826.0, 676.0]
[48.0, 80.0, 843.0, 676.0]
[128.0, 48.0, 924.0, 645.0]
[32.0, 112.0, 829.0, 710.0]
[128.0, 112.0, 926.0, 710.0]
[128.0, 48.0, 927.0, 647.0]
[80.0, 112.0, 880.0, 712.0]
[64.0, 64.0, 865.0, 665.0]
[80.0, 48.0, 882.0, 650.0]
[80.0, 112.0, 883.0, 714.0]
[48.0, 16.0, 852.0, 619.0]
[80.0, 80.0, 885.0, 684.0]
[80.0, 96.0, 886.0, 700.0]
[112.0, 80.0, 919.0, 685.0]
[80.0, 48.0, 888.0, 654.0]
[64.0, 32.0, 873.0, 639.0]
[16.0, 32.0, 826.0, 640.0]
[32.0, 48.0, 843.0, 656.0]
[64.0, 64.0, 876.0, 673.0]
[80.0, 16.0, 893.0, 626.0]
[96.0, 96.0, 910.0, 706.0]
[48.0, 0.0, 863.0, 611.0]
[96.0, 16.0, 912.0, 628.0]
[48.0, 0.0, 865.0, 613.0]
[112.0, 16.0, 930.0, 630.0]
[64.0, 0.0, 883.0, 614.0]
[16.0, 64.0, 836.0, 679.0]
[16.0, 80.0, 837.0, 696.0]
[96.0, 96.0, 918.0, 712.0]
[32.0, 80.0, 855.0, 697.0]
[48.0, 96.0, 872.0, 714.0]
[64.0, 16.0, 889.0, 635.0]
[48.0, 96.0, 874.0, 716.0]
[96.0, 96.0, 923.0, 716.0]
[48.0, 64.0, 876.0, 685.0]
[64.0, 16.0, 893.0, 638.0]
[64.0, 48.0, 894.0, 670.0]
[32.0, 48.0, 863.0, 671.0]
[64.0, 80.0, 896.0, 704.0]
[80.0, 16.0, 913.0, 641.0]
[80.0, 16.0, 914.0, 642.0]
[80.0, 32.0, 915.0, 658.0]
[48.0, 32.0, 884.0, 659.0]
[64.0, 32.0, 901.0, 660.0]
[16.0, 0.0, 854.0, 628.0]
[32.0, 80.0, 871.0, 709.0]
[48.0, 64.0, 888.0, 694.0]
[32.0, 16.0, 873.0, 647.0]
[16.0, 16.0, 858.0, 648.0]
[16.0, 80.0, 859.0, 712.0]
[48.0, 80.0, 892.0, 713.0]
[48.0, 32.0, 893.0, 666.0]
[64.0, 48.0, 910.0, 682.0]
[16.0, 64.0, 863.0, 699.0]
[16.0, 16.0, 864.0, 652.0]
[48.0, 48.0, 897.0, 685.0]
[64.0, 64.0, 914.0, 702.0]
[64.0, 32.0, 915.0, 670.0]
[64.0, 48.0, 916.0, 687.0]
[16.0, 16.0, 869.0, 656.0]
[32.0, 64.0, 886.0, 704.0]
[16.0, 0.0, 871.0, 641.0]
[32.0, 16.0, 888.0, 658.0]
[16.0, 64.0, 873.0, 707.0]
[64.0, 48.0, 922.0, 692.0]
[16.0, 48.0, 875.0, 692.0]
[64.0, 0.0, 924.0, 645.0]
[16.0, 0.0, 877.0, 646.0]
[16.0, 64.0, 878.0, 710.0]
[48.0, 48.0, 911.0, 695.0]
[48.0, 16.0, 912.0, 664.0]
[32.0, 48.0, 897.0, 697.0]
[48.0, 16.0, 914.0, 666.0]
[32.0, 32.0, 899.0, 682.0]
[48.0, 0.0, 916.0, 651.0]
[48.0, 0.0, 917.0, 652.0]
[32.0, 48.0, 902.0, 700.0]
[16.0, 48.0, 887.0, 701.0]
[48.0, 32.0, 920.0, 686.0]
[48.0, 48.0, 921.0, 703.0]
[32.0, 32.0, 906.0, 688.0]
[16.0, 32.0, 891.0, 688.0]
[16.0, 16.0, 892.0, 673.0]
[16.0, 48.0, 893.0, 706.0]
[32.0, 48.0, 910.0, 706.0]
[16.0, 16.0, 895.0, 675.0]
[16.0, 16.0, 896.0, 676.0]
[32.0, 32.0, 913.0, 693.0]
