[112.0, 80.0, 829.0, 618.0]
[16.0, 128.0, 734.0, 666.0]
[80.0, 96.0, 799.0, 635.0]
[0.0, 48.0, 720.0, 588.0]
[80.0, 128.0, 801.0, 669.0]
[0.0, 96.0, 722.0, 638.0]
[48.0, 16.0, 771.0, 558.0]
[96.0, 32.0, 820.0, 575.0]
[80.0, 64.0, 805.0, 608.0]
[80.0, 16.0, 806.0, 560.0]
[48.0, 16.0, 775.0, 561.0]
[32.0, 112.0, 760.0, 658.0]
[48.0, 80.0, 777.0, 627.0]
[96.0, 64.0, 826.0, 612.0]
[16.0, 64.0, 747.0, 612.0]
[112.0, 16.0, 844.0, 565.0]
[0.0, 96.0, 733.0, 646.0]
[96.0, 96.0, 830.0, 646.0]
[64.0, 128.0, 799.0, 679.0]
[48.0, 112.0, 784.0, 664.0]
[144.0, 80.0, 881.0, 633.0]
[128.0, 64.0, 866.0, 618.0]
[144.0, 64.0, 883.0, 618.0]
[32.0, 80.0, 772.0, 635.0]
[16.0, 64.0, 757.0, 620.0]
[96.0, 128.0, 838.0, 684.0]
[112.0, 32.0, 855.0, 589.0]
[16.0, 48.0, 760.0, 606.0]
[80.0, 80.0, 825.0, 639.0]
[96.0, 64.0, 842.0, 624.0]
[0.0, 64.0, 747.0, 624.0]
[80.0, 80.0, 828.0, 641.0]
[96.0, 80.0, 845.0, 642.0]
[16.0, 0.0, 766.0, 562.0]
[64.0, 0.0, 815.0, 563.0]
[32.0, 64.0, 784.0, 628.0]
[16.0, 0.0, 769.0, 565.0]
[32.0, 80.0, 786.0, 646.0]
[96.0, 48.0, 851.0, 614.0]
[96.0, 0.0, 852.0, 567.0]
[0.0, 112.0, 757.0, 680.0]
[80.0, 16.0, 838.0, 584.0]
[96.0, 80.0, 855.0, 649.0]
[144.0, 80.0, 904.0, 650.0]
[112.0, 0.0, 873.0, 571.0]
[128.0, 48.0, 890.0, 620.0]
[112.0, 48.0, 875.0, 620.0]
[80.0, 0.0, 844.0, 573.0]
[112.0, 16.0, 877.0, 590.0]
[16.0, 32.0, 782.0, 606.0]
[96.0, 48.0, 863.0, 623.0]
[80.0, 48.0, 848.0, 624.0]
[96.0, 96.0, 865.0, 673.0]
[144.0, 32.0, 914.0, 610.0]
[128.0, 16.0, 899.0, 594.0]
[0.0, 48.0, 772.0, 627.0]
[16.0, 64.0, 789.0, 644.0]
[112.0, 32.0, 886.0, 612.0]
[0.0, 96.0, 775.0, 677.0]
[48.0, 96.0, 824.0, 678.0]
[128.0, 32.0, 905.0, 615.0]
[16.0, 0.0, 794.0, 584.0]
[32.0, 48.0, 811.0, 632.0]
[16.0, 96.0, 796.0, 681.0]
[16.0, 80.0, 797.0, 666.0]
[0.0, 64.0, 782.0, 650.0]
[16.0, 80.0, 799.0, 667.0]
[16.0, 80.0, 800.0, 668.0]
[32.0, 0.0, 817.0, 589.0]
[112.0, 16.0, 898.0, 606.0]
[96.0, 32.0, 883.0, 622.0]
[48.0, 80.0, 836.0, 671.0]
[128.0, 64.0, 917.0, 656.0]
[0.0, 80.0, 790.0, 672.0]
[32.0, 48.0, 823.0, 641.0]
[64.0, 32.0, 856.0, 626.0]
[0.0, 0.0, 793.0, 595.0]
[112.0, 0.0, 906.0, 596.0]
[112.0, 64.0, 907.0, 660.0]
[64.0, 64.0, 860.0, 661.0]
[16.0, 16.0, 813.0, 614.0]
[16.0, 80.0, 814.0, 678.0]
[144.0, 32.0, 943.0, 631.0]
[64.0, 16.0, 864.0, 616.0]
[80.0, 48.0, 881.0, 649.0]
[128.0, 16.0, 930.0, 618.0]
[64.0, 16.0, 867.0, 618.0]
[80.0, 32.0, 884.0, 635.0]
[16.0, 0.0, 821.0, 604.0]
[16.0, 32.0, 822.0, 636.0]
[128.0, 32.0, 935.0, 637.0]
[48.0, 32.0, 856.0, 638.0]
[80.0, 64.0, 889.0, 671.0]
[32.0, 16.0, 842.0, 624.0]
[128.0, 48.0, 939.0, 656.0]
[48.0, 48.0, 860.0, 657.0]
[16.0, 32.0, 829.0, 642.0]
[80.0, 0.0, 894.0, 610.0]
[80.0, 32.0, 895.0, 643.0]
[48.0, 16.0, 864.0, 628.0]
[64.0, 48.0, 881.0, 661.0]
[48.0, 16.0, 866.0, 630.0]
[32.0, 16.0, 851.0, 630.0]
[64.0, 16.0, 884.0, 631.0]
[16.0, 32.0, 837.0, 648.0]
[80.0, 16.0, 902.0, 632.0]
[80.0, 0.0, 903.0, 617.0]
[64.0, 48.0, 888.0, 666.0]
[16.0, 32.0, 841.0, 651.0]
[80.0, 64.0, 906.0, 684.0]
[64.0, 16.0, 891.0, 636.0]
[128.0, 16.0, 956.0, 637.0]
[16.0, 48.0, 845.0, 670.0]
[128.0, 16.0, 958.0, 638.0]
[96.0, 48.0, 927.0, 671.0]
[32.0, 0.0, 864.0, 624.0]
[0.0, 32.0, 833.0, 657.0]
[128.0, 32.0, 962.0, 658.0]
[128.0, 32.0, 963.0, 658.0]
[64.0, 32.0, 900.0, 659.0]
[96.0, 32.0, 933.0, 660.0]
[144.0, 32.0, 982.0, 660.0]
[64.0, 32.0, 903.0, 661.0]
[80.0, 0.0, 920.0, 630.0]
[112.0, 0.0, 953.0, 631.0]
[32.0, 48.0, 874.0, 680.0]
[64.0, 16.0, 907.0, 648.0]
[112.0, 0.0, 956.0, 633.0]
[0.0, 32.0, 845.0, 666.0]
[48.0, 32.0, 894.0, 666.0]
[112.0, 48.0, 959.0, 683.0]
[64.0, 32.0, 912.0, 668.0]
[80.0, 32.0, 929.0, 669.0]
[96.0, 32.0, 946.0, 670.0]
[0.0, 0.0, 851.0, 638.0]
[112.0, 32.0, 964.0, 671.0]
[112.0, 0.0, 965.0, 640.0]
[112.0, 16.0, 966.0, 656.0]
[16.0, 16.0, 871.0, 657.0]
[48.0, 0.0, 904.0, 642.0]
[32.0, 0.0, 889.0, 643.0]
[16.0, 16.0, 874.0, 660.0]
[80.0, 16.0, 939.0, 660.0]
[64.0, 16.0, 924.0, 661.0]
[0.0, 32.0, 861.0, 678.0]
[32.0, 16.0, 894.0, 662.0]
[128.0, 16.0, 991.0, 663.0]
[64.0, 0.0, 928.0, 648.0]
[64.0, 32.0, 929.0, 681.0]
[0.0, 0.0, 866.0, 650.0]
[80.0, 0.0, 947.0, 650.0]
[48.0, 32.0, 916.0, 683.0]
[48.0, 0.0, 917.0, 652.0]
[16.0, 16.0, 886.0, 668.0]
[16.0, 0.0, 887.0, 653.0]
[0.0, 0.0, 872.0, 654.0]
[32.0, 16.0, 905.0, 671.0]
[48.0, 0.0, 922.0, 656.0]
[48.0, 16.0, 923.0, 672.0]
[32.0, 0.0, 908.0, 657.0]
[32.0, 0.0, 909.0, 658.0]
[96.0, 0.0, 974.0, 658.0]
[0.0, 0.0, 879.0, 659.0]
[16.0, 16.0, 896.0, 676.0]
[80.0, 16.0, 961.0, 677.0]
[80.0, 0.0, 962.0, 662.0]
[64.0, 0.0, 947.0, 662.0]
[48.0, 0.0, 932.0, 663.0]
[96.0, 16.0, 981.0, 680.0]
[16.0, 16.0, 902.0, 680.0]
[48.0, 16.0, 935.0, 681.0]
[0.0, 0.0, 888.0, 666.0]
[16.0, 16.0, 905.0, 683.0]
[96.0, 16.0, 986.0, 684.0]
[0.0, 0.0, 891.0, 668.0]
[32.0, 0.0, 924.0, 669.0]
[64.0, 0.0, 957.0, 670.0]
[64.0, 0.0, 958.0, 670.0]
[96.0, 0.0, 991.0, 671.0]
[64.0, 0.0, 960.0, 672.0]
[16.0, 0.0, 913.0, 673.0]
[48.0, 0.0, 946.0, 674.0]
[0.0, 0.0, 899.0, 674.0]
[64.0, 0.0, 964.0, 675.0]
[80.0, 0.0, 981.0, 676.0]
[64.0, 0.0, 966.0, 676.0]
[48.0, 0.0, 951.0, 677.0]
[48.0, 0.0, 952.0, 678.0]
[80.0, 0.0, 985.0, 679.0]
[16.0, 0.0, 922.0, 680.0]
[80.0, 0.0, 987.0, 680.0]
[80.0, 0.0, 988.0, 681.0]
[0.0, 0.0, 909.0, 682.0]
[48.0, 0.0, 958.0, 682.0]
[0.0, 0.0, 911.0, 683.0]
[0.0, 0.0, 912.0, 684.0]
