[144.0, 112.0, 861.0, 650.0]
[64.0, 48.0, 782.0, 586.0]
[64.0, 80.0, 783.0, 619.0]
[176.0, 96.0, 896.0, 636.0]
[96.0, 96.0, 817.0, 637.0]
[32.0, 80.0, 754.0, 622.0]
[80.0, 80.0, 803.0, 622.0]
[64.0, 64.0, 788.0, 607.0]
[64.0, 16.0, 789.0, 560.0]
[32.0, 48.0, 758.0, 592.0]
[96.0, 32.0, 823.0, 577.0]
[160.0, 80.0, 888.0, 626.0]
[192.0, 32.0, 921.0, 579.0]
[32.0, 16.0, 762.0, 564.0]
[80.0, 48.0, 811.0, 596.0]
[96.0, 16.0, 828.0, 565.0]
[80.0, 64.0, 813.0, 614.0]
[112.0, 128.0, 846.0, 678.0]
[144.0, 80.0, 879.0, 631.0]
[32.0, 80.0, 768.0, 632.0]
[16.0, 32.0, 753.0, 585.0]
[160.0, 96.0, 898.0, 650.0]
[96.0, 128.0, 835.0, 682.0]
[64.0, 64.0, 804.0, 619.0]
[176.0, 16.0, 917.0, 572.0]
[176.0, 64.0, 918.0, 620.0]
[176.0, 64.0, 919.0, 621.0]
[128.0, 48.0, 872.0, 606.0]
[112.0, 112.0, 857.0, 671.0]
[96.0, 0.0, 842.0, 560.0]
[144.0, 0.0, 891.0, 560.0]
[80.0, 96.0, 828.0, 657.0]
[144.0, 64.0, 893.0, 626.0]
[32.0, 16.0, 782.0, 578.0]
[48.0, 16.0, 799.0, 579.0]
[128.0, 0.0, 880.0, 564.0]
[0.0, 32.0, 753.0, 597.0]
[80.0, 64.0, 834.0, 630.0]
[64.0, 16.0, 819.0, 582.0]
[48.0, 96.0, 804.0, 663.0]
[112.0, 16.0, 869.0, 584.0]
[16.0, 96.0, 774.0, 664.0]
[16.0, 96.0, 775.0, 665.0]
[144.0, 112.0, 904.0, 682.0]
[32.0, 48.0, 793.0, 619.0]
[64.0, 64.0, 826.0, 636.0]
[32.0, 80.0, 795.0, 652.0]
[128.0, 16.0, 892.0, 589.0]
[192.0, 32.0, 957.0, 606.0]
[48.0, 64.0, 814.0, 638.0]
[16.0, 16.0, 783.0, 591.0]
[160.0, 48.0, 928.0, 624.0]
[144.0, 48.0, 913.0, 625.0]
[80.0, 16.0, 850.0, 594.0]
[32.0, 64.0, 803.0, 642.0]
[48.0, 48.0, 820.0, 627.0]
[64.0, 0.0, 837.0, 580.0]
[64.0, 48.0, 838.0, 628.0]
[80.0, 96.0, 855.0, 677.0]
[128.0, 32.0, 904.0, 614.0]
[48.0, 80.0, 825.0, 663.0]
[16.0, 16.0, 794.0, 600.0]
[96.0, 64.0, 875.0, 648.0]
[176.0, 32.0, 956.0, 617.0]
[32.0, 96.0, 813.0, 682.0]
[176.0, 48.0, 958.0, 634.0]
[144.0, 96.0, 927.0, 683.0]
[64.0, 64.0, 848.0, 652.0]
[144.0, 64.0, 929.0, 653.0]
[80.0, 48.0, 866.0, 638.0]
[0.0, 0.0, 787.0, 590.0]
[128.0, 32.0, 916.0, 623.0]
[48.0, 48.0, 837.0, 640.0]
[96.0, 0.0, 886.0, 592.0]
[64.0, 32.0, 855.0, 625.0]
[128.0, 80.0, 920.0, 674.0]
[80.0, 64.0, 873.0, 659.0]
[144.0, 80.0, 938.0, 676.0]
[160.0, 64.0, 955.0, 660.0]
[48.0, 80.0, 844.0, 677.0]
[160.0, 16.0, 957.0, 614.0]
[64.0, 48.0, 862.0, 646.0]
[16.0, 80.0, 815.0, 679.0]
[16.0, 64.0, 816.0, 664.0]
[64.0, 48.0, 865.0, 649.0]
[64.0, 80.0, 866.0, 682.0]
[144.0, 0.0, 947.0, 602.0]
[16.0, 48.0, 820.0, 651.0]
[160.0, 32.0, 965.0, 636.0]
[0.0, 0.0, 806.0, 604.0]
[80.0, 0.0, 887.0, 605.0]
[192.0, 32.0, 1000.0, 638.0]
[48.0, 48.0, 857.0, 655.0]
[160.0, 32.0, 970.0, 640.0]
[80.0, 32.0, 891.0, 640.0]
[128.0, 0.0, 940.0, 609.0]
[64.0, 16.0, 877.0, 626.0]
[48.0, 48.0, 862.0, 658.0]
[32.0, 48.0, 847.0, 659.0]
[80.0, 32.0, 896.0, 644.0]
[0.0, 64.0, 817.0, 677.0]
[144.0, 48.0, 962.0, 662.0]
[16.0, 0.0, 835.0, 614.0]
[128.0, 48.0, 948.0, 663.0]
[144.0, 64.0, 965.0, 680.0]
[48.0, 0.0, 870.0, 616.0]
[112.0, 32.0, 935.0, 649.0]
[32.0, 32.0, 856.0, 650.0]
[96.0, 32.0, 921.0, 651.0]
[16.0, 48.0, 842.0, 668.0]
[0.0, 32.0, 827.0, 652.0]
[64.0, 48.0, 892.0, 669.0]
[160.0, 48.0, 989.0, 670.0]
[48.0, 48.0, 878.0, 670.0]
[32.0, 0.0, 863.0, 623.0]
[96.0, 16.0, 928.0, 640.0]
[96.0, 32.0, 929.0, 657.0]
[64.0, 16.0, 898.0, 642.0]
[144.0, 48.0, 979.0, 674.0]
[128.0, 48.0, 964.0, 675.0]
[64.0, 32.0, 901.0, 660.0]
[80.0, 48.0, 918.0, 676.0]
[32.0, 16.0, 871.0, 645.0]
[112.0, 48.0, 952.0, 678.0]
[0.0, 32.0, 841.0, 663.0]
[16.0, 0.0, 858.0, 632.0]
[16.0, 48.0, 859.0, 680.0]
[16.0, 16.0, 860.0, 649.0]
[80.0, 16.0, 925.0, 650.0]
[32.0, 0.0, 878.0, 634.0]
[112.0, 32.0, 959.0, 667.0]
[128.0, 32.0, 976.0, 668.0]
[0.0, 32.0, 849.0, 669.0]
[96.0, 16.0, 946.0, 654.0]
[144.0, 32.0, 995.0, 670.0]
[32.0, 0.0, 884.0, 639.0]
[160.0, 0.0, 1013.0, 640.0]
[48.0, 0.0, 902.0, 640.0]
[32.0, 32.0, 887.0, 673.0]
[144.0, 16.0, 1000.0, 658.0]
[16.0, 16.0, 873.0, 659.0]
[80.0, 0.0, 938.0, 644.0]
[160.0, 16.0, 1019.0, 660.0]
[80.0, 0.0, 940.0, 645.0]
[112.0, 32.0, 973.0, 678.0]
[48.0, 32.0, 910.0, 678.0]
[96.0, 16.0, 959.0, 663.0]
[0.0, 32.0, 864.0, 680.0]
[0.0, 0.0, 865.0, 649.0]
[48.0, 0.0, 914.0, 650.0]
[80.0, 32.0, 947.0, 682.0]
[80.0, 0.0, 948.0, 651.0]
[48.0, 0.0, 917.0, 652.0]
[64.0, 16.0, 934.0, 668.0]
[144.0, 16.0, 1015.0, 669.0]
[128.0, 16.0, 1000.0, 670.0]
[32.0, 0.0, 905.0, 655.0]
[80.0, 16.0, 954.0, 672.0]
[48.0, 0.0, 923.0, 656.0]
[80.0, 0.0, 956.0, 657.0]
[128.0, 16.0, 1005.0, 674.0]
[80.0, 0.0, 958.0, 658.0]
[80.0, 0.0, 959.0, 659.0]
[48.0, 16.0, 928.0, 676.0]
[96.0, 16.0, 977.0, 677.0]
[16.0, 16.0, 898.0, 678.0]
[32.0, 16.0, 915.0, 678.0]
[112.0, 16.0, 996.0, 679.0]
[48.0, 16.0, 933.0, 680.0]
[96.0, 0.0, 982.0, 664.0]
[128.0, 16.0, 1015.0, 681.0]
[64.0, 0.0, 952.0, 666.0]
[48.0, 16.0, 937.0, 683.0]
[80.0, 0.0, 970.0, 668.0]
[96.0, 0.0, 987.0, 668.0]
[128.0, 0.0, 1020.0, 669.0]
[96.0, 0.0, 989.0, 670.0]
[48.0, 0.0, 942.0, 670.0]
[0.0, 0.0, 895.0, 671.0]
[96.0, 0.0, 992.0, 672.0]
[16.0, 0.0, 913.0, 673.0]
[32.0, 0.0, 930.0, 674.0]
[0.0, 0.0, 899.0, 674.0]
[16.0, 0.0, 916.0, 675.0]
[32.0, 0.0, 933.0, 676.0]
[80.0, 0.0, 982.0, 676.0]
[112.0, 0.0, 1015.0, 677.0]
[0.0, 0.0, 904.0, 678.0]
[112.0, 0.0, 1017.0, 679.0]
[96.0, 0.0, 1002.0, 680.0]
[0.0, 0.0, 907.0, 680.0]
[80.0, 0.0, 988.0, 681.0]
[64.0, 0.0, 973.0, 682.0]
[0.0, 0.0, 910.0, 682.0]
[96.0, 0.0, 1007.0, 683.0]
