[48.0, 112.0, 604.0, 853.0]
[64.0, 112.0, 620.0, 854.0]
[96.0, 208.0, 653.0, 951.0]
[96.0, 192.0, 654.0, 936.0]
[32.0, 192.0, 591.0, 937.0]
[48.0, 64.0, 608.0, 810.0]
[32.0, 80.0, 592.0, 827.0]
[32.0, 240.0, 593.0, 988.0]
[80.0, 240.0, 642.0, 989.0]
[64.0, 128.0, 626.0, 878.0]
[80.0, 160.0, 643.0, 911.0]
[48.0, 144.0, 612.0, 896.0]
[64.0, 64.0, 629.0, 817.0]
[64.0, 96.0, 630.0, 850.0]
[48.0, 80.0, 614.0, 835.0]
[96.0, 128.0, 663.0, 884.0]
[16.0, 192.0, 584.0, 949.0]
[32.0, 240.0, 600.0, 998.0]
[96.0, 112.0, 665.0, 871.0]
[16.0, 160.0, 586.0, 920.0]
[80.0, 128.0, 651.0, 889.0]
[32.0, 208.0, 604.0, 970.0]
[48.0, 80.0, 620.0, 843.0]
[16.0, 112.0, 589.0, 876.0]
[48.0, 32.0, 622.0, 797.0]
[80.0, 240.0, 654.0, 1006.0]
[48.0, 160.0, 623.0, 927.0]
[32.0, 160.0, 608.0, 928.0]
[96.0, 64.0, 673.0, 833.0]
[96.0, 192.0, 674.0, 962.0]
[48.0, 208.0, 626.0, 979.0]
[96.0, 112.0, 675.0, 884.0]
[96.0, 208.0, 676.0, 981.0]
[48.0, 240.0, 628.0, 1014.0]
[96.0, 160.0, 677.0, 935.0]
[64.0, 32.0, 646.0, 808.0]
[32.0, 64.0, 615.0, 841.0]
[64.0, 192.0, 648.0, 970.0]
[64.0, 32.0, 648.0, 811.0]
[48.0, 64.0, 633.0, 844.0]
[0.0, 48.0, 586.0, 829.0]
[16.0, 32.0, 602.0, 814.0]
[80.0, 112.0, 667.0, 895.0]
[48.0, 224.0, 636.0, 1008.0]
[48.0, 32.0, 637.0, 817.0]
[64.0, 16.0, 654.0, 802.0]
[64.0, 224.0, 654.0, 1011.0]
[16.0, 208.0, 607.0, 996.0]
[48.0, 208.0, 640.0, 997.0]
[32.0, 176.0, 624.0, 966.0]
[32.0, 96.0, 625.0, 887.0]
[32.0, 144.0, 626.0, 936.0]
[48.0, 32.0, 643.0, 825.0]
[48.0, 112.0, 644.0, 906.0]
[16.0, 48.0, 612.0, 843.0]
[80.0, 80.0, 677.0, 876.0]
[80.0, 96.0, 678.0, 893.0]
[80.0, 32.0, 678.0, 830.0]
[32.0, 208.0, 631.0, 1007.0]
[80.0, 176.0, 680.0, 976.0]
[32.0, 32.0, 633.0, 833.0]
[0.0, 208.0, 602.0, 1010.0]
[48.0, 128.0, 650.0, 931.0]
[80.0, 96.0, 683.0, 900.0]
[48.0, 80.0, 652.0, 885.0]
[32.0, 160.0, 636.0, 966.0]
[48.0, 64.0, 653.0, 871.0]
[48.0, 96.0, 654.0, 904.0]
[32.0, 144.0, 639.0, 953.0]
[48.0, 64.0, 656.0, 874.0]
[16.0, 48.0, 624.0, 859.0]
[0.0, 0.0, 609.0, 812.0]
[48.0, 144.0, 658.0, 957.0]
[16.0, 16.0, 626.0, 830.0]
[0.0, 80.0, 611.0, 895.0]
[48.0, 64.0, 660.0, 880.0]
[0.0, 160.0, 613.0, 977.0]
[0.0, 112.0, 614.0, 930.0]
[32.0, 80.0, 646.0, 899.0]
[64.0, 0.0, 679.0, 820.0]
[32.0, 112.0, 648.0, 933.0]
[16.0, 176.0, 632.0, 998.0]
[32.0, 64.0, 649.0, 887.0]
[16.0, 96.0, 634.0, 920.0]
[0.0, 0.0, 619.0, 825.0]
[0.0, 144.0, 620.0, 970.0]
[32.0, 160.0, 652.0, 987.0]
[32.0, 192.0, 653.0, 1020.0]
[0.0, 64.0, 622.0, 893.0]
[16.0, 128.0, 638.0, 958.0]
[48.0, 112.0, 671.0, 943.0]
[32.0, 80.0, 656.0, 912.0]
[48.0, 144.0, 673.0, 977.0]
[0.0, 80.0, 626.0, 914.0]
[0.0, 176.0, 626.0, 1011.0]
[16.0, 160.0, 643.0, 996.0]
[48.0, 112.0, 676.0, 949.0]
[48.0, 128.0, 676.0, 966.0]
[48.0, 112.0, 677.0, 951.0]
[0.0, 128.0, 630.0, 968.0]
[32.0, 0.0, 663.0, 841.0]
[48.0, 64.0, 680.0, 906.0]
[48.0, 64.0, 680.0, 907.0]
[16.0, 16.0, 649.0, 860.0]
[48.0, 112.0, 682.0, 957.0]
[32.0, 0.0, 666.0, 846.0]
[0.0, 80.0, 635.0, 927.0]
[32.0, 64.0, 668.0, 912.0]
[32.0, 144.0, 669.0, 993.0]
[16.0, 16.0, 654.0, 866.0]
[16.0, 112.0, 654.0, 963.0]
[0.0, 128.0, 639.0, 980.0]
[32.0, 128.0, 672.0, 981.0]
[16.0, 16.0, 656.0, 870.0]
[32.0, 16.0, 673.0, 871.0]
[0.0, 80.0, 642.0, 936.0]
[32.0, 32.0, 675.0, 889.0]
[16.0, 160.0, 660.0, 1018.0]
[16.0, 32.0, 660.0, 891.0]
[32.0, 160.0, 677.0, 1020.0]
[0.0, 80.0, 646.0, 941.0]
[0.0, 80.0, 646.0, 942.0]
[16.0, 96.0, 663.0, 959.0]
[32.0, 0.0, 680.0, 864.0]
[0.0, 32.0, 649.0, 897.0]
[16.0, 128.0, 666.0, 994.0]
[16.0, 80.0, 666.0, 947.0]
[32.0, 144.0, 683.0, 1012.0]
[16.0, 144.0, 668.0, 1013.0]
[0.0, 112.0, 652.0, 982.0]
[0.0, 112.0, 653.0, 983.0]
[16.0, 96.0, 670.0, 968.0]
[16.0, 32.0, 671.0, 905.0]
[0.0, 0.0, 656.0, 874.0]
[16.0, 16.0, 672.0, 891.0]
[16.0, 64.0, 673.0, 940.0]
[16.0, 96.0, 674.0, 973.0]
[16.0, 64.0, 674.0, 942.0]
[16.0, 0.0, 675.0, 879.0]
[16.0, 64.0, 676.0, 944.0]
[16.0, 16.0, 677.0, 897.0]
[16.0, 112.0, 678.0, 994.0]
[16.0, 112.0, 678.0, 995.0]
[16.0, 128.0, 679.0, 1012.0]
[16.0, 48.0, 680.0, 933.0]
[16.0, 64.0, 680.0, 950.0]
[16.0, 16.0, 681.0, 903.0]
[0.0, 48.0, 666.0, 936.0]
[16.0, 64.0, 683.0, 953.0]
[16.0, 96.0, 684.0, 986.0]
[0.0, 32.0, 668.0, 923.0]
[0.0, 80.0, 669.0, 972.0]
[0.0, 80.0, 670.0, 973.0]
[0.0, 80.0, 670.0, 974.0]
[0.0, 48.0, 671.0, 943.0]
[0.0, 128.0, 672.0, 1024.0]
[0.0, 80.0, 673.0, 977.0]
[0.0, 96.0, 674.0, 994.0]
[0.0, 48.0, 674.0, 947.0]
[0.0, 112.0, 675.0, 1012.0]
[0.0, 48.0, 676.0, 949.0]
[0.0, 80.0, 676.0, 982.0]
[0.0, 48.0, 677.0, 951.0]
[0.0, 80.0, 678.0, 984.0]
[0.0, 80.0, 679.0, 985.0]
[0.0, 16.0, 680.0, 922.0]
[0.0, 32.0, 680.0, 939.0]
[0.0, 80.0, 681.0, 988.0]
[0.0, 96.0, 682.0, 1005.0]
[0.0, 48.0, 682.0, 958.0]
[0.0, 96.0, 683.0, 1007.0]
[0.0, 16.0, 684.0, 928.0]
