[112.0, 0.0, 829.0, 538.0]
[96.0, 32.0, 814.0, 570.0]
[192.0, 48.0, 911.0, 587.0]
[32.0, 16.0, 752.0, 556.0]
[128.0, 48.0, 849.0, 589.0]
[160.0, 32.0, 882.0, 574.0]
[160.0, 64.0, 883.0, 606.0]
[176.0, 16.0, 900.0, 559.0]
[176.0, 48.0, 901.0, 592.0]
[80.0, 32.0, 806.0, 576.0]
[0.0, 32.0, 727.0, 577.0]
[0.0, 32.0, 728.0, 578.0]
[80.0, 48.0, 809.0, 595.0]
[64.0, 16.0, 794.0, 564.0]
[144.0, 16.0, 875.0, 564.0]
[80.0, 16.0, 812.0, 565.0]
[128.0, 16.0, 861.0, 566.0]
[208.0, 32.0, 942.0, 582.0]
[64.0, 16.0, 799.0, 567.0]
[48.0, 16.0, 784.0, 568.0]
[112.0, 32.0, 849.0, 585.0]
[128.0, 64.0, 866.0, 618.0]
[0.0, 0.0, 739.0, 554.0]
[0.0, 0.0, 740.0, 555.0]
[176.0, 0.0, 917.0, 556.0]
[144.0, 64.0, 886.0, 620.0]
[64.0, 64.0, 807.0, 621.0]
[176.0, 32.0, 920.0, 590.0]
[160.0, 32.0, 905.0, 591.0]
[192.0, 0.0, 938.0, 560.0]
[160.0, 48.0, 907.0, 608.0]
[192.0, 32.0, 940.0, 593.0]
[112.0, 32.0, 861.0, 594.0]
[16.0, 0.0, 766.0, 562.0]
[48.0, 32.0, 799.0, 595.0]
[128.0, 48.0, 880.0, 612.0]
[160.0, 16.0, 913.0, 581.0]
[48.0, 64.0, 802.0, 630.0]
[192.0, 0.0, 947.0, 566.0]
[80.0, 64.0, 836.0, 631.0]
[64.0, 48.0, 821.0, 616.0]
[176.0, 0.0, 934.0, 568.0]
[16.0, 48.0, 775.0, 617.0]
[176.0, 0.0, 936.0, 570.0]
[80.0, 16.0, 841.0, 587.0]
[96.0, 0.0, 858.0, 572.0]
[112.0, 64.0, 875.0, 636.0]
[144.0, 48.0, 908.0, 621.0]
[96.0, 48.0, 861.0, 622.0]
[16.0, 48.0, 782.0, 622.0]
[160.0, 0.0, 927.0, 575.0]
[112.0, 48.0, 880.0, 624.0]
[128.0, 32.0, 897.0, 609.0]
[80.0, 64.0, 850.0, 642.0]
[64.0, 48.0, 835.0, 626.0]
[128.0, 64.0, 900.0, 643.0]
[160.0, 0.0, 933.0, 580.0]
[96.0, 0.0, 870.0, 580.0]
[176.0, 16.0, 951.0, 597.0]
[144.0, 16.0, 920.0, 598.0]
[176.0, 16.0, 953.0, 599.0]
[160.0, 32.0, 938.0, 616.0]
[48.0, 32.0, 827.0, 616.0]
[176.0, 16.0, 956.0, 601.0]
[80.0, 0.0, 861.0, 586.0]
[16.0, 0.0, 798.0, 586.0]
[32.0, 0.0, 815.0, 587.0]
[48.0, 48.0, 832.0, 636.0]
[80.0, 48.0, 865.0, 637.0]
[112.0, 16.0, 898.0, 606.0]
[80.0, 16.0, 867.0, 606.0]
[64.0, 64.0, 852.0, 655.0]
[16.0, 0.0, 805.0, 592.0]
[80.0, 48.0, 870.0, 640.0]
[96.0, 32.0, 887.0, 625.0]
[80.0, 32.0, 872.0, 626.0]
[96.0, 64.0, 889.0, 659.0]
[128.0, 32.0, 922.0, 628.0]
[96.0, 16.0, 891.0, 612.0]
[128.0, 48.0, 924.0, 645.0]
[16.0, 32.0, 813.0, 630.0]
[16.0, 0.0, 814.0, 598.0]
[48.0, 16.0, 847.0, 615.0]
[96.0, 16.0, 896.0, 616.0]
[80.0, 0.0, 881.0, 601.0]
[48.0, 48.0, 850.0, 650.0]
[80.0, 48.0, 883.0, 650.0]
[80.0, 0.0, 884.0, 603.0]
[48.0, 48.0, 853.0, 652.0]
[80.0, 48.0, 886.0, 652.0]
[48.0, 64.0, 855.0, 669.0]
[48.0, 64.0, 856.0, 670.0]
[128.0, 0.0, 937.0, 607.0]
[112.0, 0.0, 922.0, 608.0]
[144.0, 0.0, 955.0, 608.0]
[48.0, 16.0, 860.0, 625.0]
[32.0, 0.0, 845.0, 610.0]
[16.0, 32.0, 830.0, 642.0]
[80.0, 48.0, 895.0, 659.0]
[64.0, 48.0, 880.0, 660.0]
[112.0, 0.0, 929.0, 613.0]
[48.0, 0.0, 866.0, 614.0]
[16.0, 32.0, 835.0, 646.0]
[16.0, 0.0, 836.0, 615.0]
[0.0, 16.0, 821.0, 632.0]
[96.0, 16.0, 918.0, 632.0]
[64.0, 0.0, 887.0, 617.0]
[96.0, 16.0, 920.0, 634.0]
[48.0, 32.0, 873.0, 651.0]
[16.0, 0.0, 842.0, 620.0]
[96.0, 16.0, 923.0, 636.0]
[80.0, 32.0, 908.0, 653.0]
[48.0, 16.0, 877.0, 638.0]
[64.0, 32.0, 894.0, 654.0]
[16.0, 48.0, 847.0, 671.0]
[64.0, 16.0, 896.0, 640.0]
[0.0, 16.0, 833.0, 641.0]
[112.0, 0.0, 946.0, 626.0]
[48.0, 48.0, 883.0, 674.0]
[80.0, 32.0, 916.0, 659.0]
[32.0, 0.0, 869.0, 628.0]
[32.0, 16.0, 870.0, 644.0]
[112.0, 16.0, 951.0, 645.0]
[32.0, 48.0, 872.0, 678.0]
[96.0, 16.0, 937.0, 647.0]
[16.0, 32.0, 858.0, 664.0]
[0.0, 32.0, 843.0, 664.0]
[32.0, 0.0, 876.0, 633.0]
[80.0, 16.0, 925.0, 650.0]
[32.0, 48.0, 878.0, 682.0]
[48.0, 16.0, 895.0, 651.0]
[32.0, 16.0, 880.0, 652.0]
[48.0, 32.0, 897.0, 669.0]
[48.0, 32.0, 898.0, 670.0]
[16.0, 16.0, 867.0, 654.0]
[16.0, 32.0, 868.0, 671.0]
[0.0, 0.0, 853.0, 640.0]
[16.0, 32.0, 870.0, 672.0]
[16.0, 0.0, 871.0, 641.0]
[96.0, 16.0, 952.0, 658.0]
[32.0, 32.0, 889.0, 675.0]
[80.0, 16.0, 938.0, 660.0]
[80.0, 0.0, 939.0, 644.0]
[80.0, 32.0, 940.0, 677.0]
[0.0, 32.0, 861.0, 678.0]
[32.0, 16.0, 894.0, 662.0]
[48.0, 16.0, 911.0, 663.0]
[80.0, 0.0, 944.0, 648.0]
[0.0, 32.0, 865.0, 681.0]
[64.0, 16.0, 930.0, 666.0]
[80.0, 16.0, 947.0, 666.0]
[0.0, 32.0, 868.0, 683.0]
[32.0, 16.0, 901.0, 668.0]
[32.0, 0.0, 902.0, 652.0]
[48.0, 16.0, 919.0, 669.0]
[64.0, 16.0, 936.0, 670.0]
[32.0, 0.0, 905.0, 655.0]
[48.0, 16.0, 922.0, 672.0]
[64.0, 0.0, 939.0, 656.0]
[80.0, 16.0, 956.0, 673.0]
[80.0, 16.0, 957.0, 674.0]
[16.0, 0.0, 894.0, 658.0]
[0.0, 16.0, 879.0, 675.0]
[48.0, 0.0, 928.0, 660.0]
[48.0, 0.0, 929.0, 661.0]
[32.0, 0.0, 914.0, 662.0]
[32.0, 0.0, 915.0, 662.0]
[32.0, 0.0, 916.0, 663.0]
[64.0, 16.0, 949.0, 680.0]
[32.0, 0.0, 918.0, 664.0]
[48.0, 16.0, 935.0, 681.0]
[48.0, 0.0, 936.0, 666.0]
[64.0, 0.0, 953.0, 667.0]
[48.0, 0.0, 938.0, 668.0]
[64.0, 0.0, 955.0, 668.0]
[48.0, 0.0, 940.0, 669.0]
[48.0, 0.0, 941.0, 670.0]
[32.0, 0.0, 926.0, 670.0]
[0.0, 0.0, 895.0, 671.0]
[0.0, 0.0, 896.0, 672.0]
[32.0, 0.0, 929.0, 673.0]
[48.0, 0.0, 946.0, 674.0]
[32.0, 0.0, 931.0, 674.0]
[48.0, 0.0, 948.0, 675.0]
[48.0, 0.0, 949.0, 676.0]
[16.0, 0.0, 918.0, 676.0]
[0.0, 0.0, 903.0, 677.0]
[0.0, 0.0, 904.0, 678.0]
[32.0, 0.0, 937.0, 679.0]
[48.0, 0.0, 954.0, 680.0]
[32.0, 0.0, 939.0, 680.0]
[0.0, 0.0, 908.0, 681.0]
[0.0, 0.0, 909.0, 682.0]
[0.0, 0.0, 910.0, 682.0]
[0.0, 0.0, 911.0, 683.0]
