[48.0, 144.0, 765.0, 682.0]
[48.0, 192.0, 766.0, 730.0]
[64.0, 128.0, 783.0, 667.0]
[80.0, 160.0, 800.0, 700.0]
[48.0, 48.0, 769.0, 589.0]
[64.0, 192.0, 786.0, 734.0]
[80.0, 96.0, 803.0, 638.0]
[64.0, 112.0, 788.0, 655.0]
[32.0, 64.0, 757.0, 608.0]
[96.0, 80.0, 822.0, 624.0]
[32.0, 80.0, 759.0, 625.0]
[32.0, 64.0, 760.0, 610.0]
[96.0, 160.0, 825.0, 707.0]
[32.0, 192.0, 762.0, 740.0]
[48.0, 192.0, 779.0, 740.0]
[32.0, 192.0, 764.0, 741.0]
[64.0, 16.0, 797.0, 566.0]
[32.0, 160.0, 766.0, 710.0]
[64.0, 208.0, 799.0, 759.0]
[80.0, 96.0, 816.0, 648.0]
[96.0, 80.0, 833.0, 633.0]
[80.0, 80.0, 818.0, 634.0]
[80.0, 192.0, 819.0, 746.0]
[96.0, 80.0, 836.0, 635.0]
[64.0, 32.0, 805.0, 588.0]
[32.0, 112.0, 774.0, 668.0]
[48.0, 192.0, 791.0, 749.0]
[48.0, 144.0, 792.0, 702.0]
[32.0, 96.0, 777.0, 655.0]
[48.0, 144.0, 794.0, 704.0]
[80.0, 128.0, 827.0, 688.0]
[64.0, 16.0, 812.0, 577.0]
[80.0, 160.0, 829.0, 722.0]
[32.0, 48.0, 782.0, 610.0]
[64.0, 96.0, 815.0, 659.0]
[0.0, 64.0, 752.0, 628.0]
[80.0, 80.0, 833.0, 645.0]
[32.0, 128.0, 786.0, 694.0]
[80.0, 160.0, 835.0, 726.0]
[48.0, 32.0, 804.0, 599.0]
[96.0, 176.0, 853.0, 744.0]
[0.0, 32.0, 758.0, 600.0]
[80.0, 16.0, 839.0, 585.0]
[96.0, 64.0, 856.0, 634.0]
[64.0, 96.0, 825.0, 667.0]
[32.0, 160.0, 794.0, 732.0]
[16.0, 32.0, 779.0, 604.0]
[64.0, 144.0, 828.0, 717.0]
[48.0, 32.0, 813.0, 606.0]
[16.0, 80.0, 782.0, 654.0]
[64.0, 160.0, 831.0, 735.0]
[64.0, 160.0, 832.0, 736.0]
[0.0, 144.0, 769.0, 721.0]
[32.0, 176.0, 802.0, 754.0]
[48.0, 16.0, 819.0, 594.0]
[80.0, 32.0, 852.0, 611.0]
[96.0, 48.0, 869.0, 628.0]
[16.0, 16.0, 790.0, 596.0]
[80.0, 96.0, 855.0, 677.0]
[80.0, 144.0, 856.0, 726.0]
[32.0, 80.0, 809.0, 663.0]
[0.0, 144.0, 778.0, 728.0]
[96.0, 160.0, 875.0, 744.0]
[48.0, 144.0, 828.0, 729.0]
[96.0, 112.0, 877.0, 698.0]
[80.0, 176.0, 862.0, 762.0]
[64.0, 160.0, 847.0, 747.0]
[64.0, 80.0, 848.0, 668.0]
[32.0, 80.0, 817.0, 669.0]
[64.0, 160.0, 850.0, 750.0]
[48.0, 32.0, 835.0, 622.0]
[64.0, 16.0, 852.0, 607.0]
[48.0, 112.0, 837.0, 704.0]
[64.0, 144.0, 854.0, 736.0]
[48.0, 160.0, 839.0, 753.0]
[64.0, 96.0, 856.0, 690.0]
[64.0, 160.0, 857.0, 755.0]
[16.0, 64.0, 810.0, 660.0]
[0.0, 16.0, 795.0, 612.0]
[48.0, 64.0, 844.0, 661.0]
[64.0, 16.0, 861.0, 614.0]
[16.0, 128.0, 814.0, 726.0]
[48.0, 16.0, 847.0, 615.0]
[48.0, 0.0, 848.0, 600.0]
[64.0, 0.0, 865.0, 601.0]
[16.0, 112.0, 818.0, 714.0]
[80.0, 112.0, 883.0, 714.0]
[0.0, 96.0, 804.0, 699.0]
[16.0, 48.0, 821.0, 652.0]
[48.0, 16.0, 854.0, 620.0]
[96.0, 80.0, 903.0, 685.0]
[96.0, 48.0, 904.0, 654.0]
[0.0, 112.0, 809.0, 719.0]
[0.0, 128.0, 810.0, 736.0]
[64.0, 128.0, 875.0, 736.0]
[32.0, 0.0, 844.0, 609.0]
[32.0, 48.0, 845.0, 658.0]
[32.0, 80.0, 846.0, 690.0]
[16.0, 80.0, 831.0, 691.0]
[32.0, 48.0, 848.0, 660.0]
[80.0, 80.0, 897.0, 693.0]
[0.0, 64.0, 818.0, 678.0]
[48.0, 0.0, 867.0, 614.0]
[48.0, 0.0, 868.0, 615.0]
[48.0, 48.0, 869.0, 664.0]
[32.0, 80.0, 854.0, 696.0]
[0.0, 64.0, 823.0, 681.0]
[96.0, 48.0, 920.0, 666.0]
[48.0, 112.0, 873.0, 731.0]
[48.0, 128.0, 874.0, 748.0]
[48.0, 112.0, 875.0, 732.0]
[0.0, 96.0, 828.0, 717.0]
[96.0, 96.0, 925.0, 718.0]
[48.0, 128.0, 878.0, 750.0]
[32.0, 0.0, 863.0, 623.0]
[0.0, 48.0, 832.0, 672.0]
[16.0, 128.0, 849.0, 753.0]
[96.0, 112.0, 930.0, 738.0]
[32.0, 144.0, 867.0, 770.0]
[48.0, 0.0, 884.0, 627.0]
[16.0, 112.0, 853.0, 740.0]
[64.0, 128.0, 902.0, 756.0]
[0.0, 48.0, 839.0, 677.0]
[48.0, 0.0, 888.0, 630.0]
[80.0, 32.0, 921.0, 663.0]
[64.0, 16.0, 906.0, 648.0]
[16.0, 48.0, 859.0, 680.0]
[80.0, 16.0, 924.0, 649.0]
[64.0, 96.0, 909.0, 730.0]
[16.0, 112.0, 862.0, 746.0]
[16.0, 80.0, 863.0, 715.0]
[16.0, 64.0, 864.0, 700.0]
[80.0, 48.0, 929.0, 685.0]
[80.0, 128.0, 930.0, 766.0]
[48.0, 128.0, 899.0, 766.0]
[48.0, 128.0, 900.0, 767.0]
[32.0, 32.0, 885.0, 672.0]
[0.0, 16.0, 854.0, 656.0]
[64.0, 128.0, 919.0, 769.0]
[16.0, 96.0, 872.0, 738.0]
[48.0, 64.0, 905.0, 707.0]
[16.0, 80.0, 874.0, 724.0]
[48.0, 0.0, 907.0, 644.0]
[64.0, 80.0, 924.0, 725.0]
[80.0, 112.0, 941.0, 758.0]
[96.0, 32.0, 958.0, 678.0]
[80.0, 16.0, 943.0, 663.0]
[64.0, 112.0, 928.0, 760.0]
[32.0, 0.0, 897.0, 649.0]
[32.0, 80.0, 898.0, 730.0]
[64.0, 64.0, 931.0, 714.0]
[16.0, 96.0, 884.0, 747.0]
[64.0, 16.0, 933.0, 668.0]
[64.0, 48.0, 934.0, 700.0]
[80.0, 112.0, 951.0, 765.0]
[64.0, 16.0, 936.0, 670.0]
[80.0, 16.0, 953.0, 671.0]
[48.0, 112.0, 922.0, 768.0]
[64.0, 64.0, 939.0, 720.0]
[64.0, 0.0, 940.0, 657.0]
[64.0, 48.0, 941.0, 706.0]
[64.0, 16.0, 942.0, 674.0]
[0.0, 48.0, 879.0, 707.0]
[16.0, 64.0, 896.0, 724.0]
[0.0, 32.0, 881.0, 693.0]
[80.0, 16.0, 962.0, 678.0]
[96.0, 32.0, 979.0, 694.0]
[0.0, 112.0, 884.0, 775.0]
[64.0, 80.0, 949.0, 744.0]
[48.0, 32.0, 934.0, 696.0]
[64.0, 32.0, 951.0, 697.0]
[48.0, 64.0, 936.0, 730.0]
[96.0, 80.0, 985.0, 747.0]
[48.0, 32.0, 938.0, 700.0]
[48.0, 48.0, 939.0, 716.0]
[32.0, 0.0, 924.0, 669.0]
[96.0, 80.0, 989.0, 750.0]
[32.0, 64.0, 926.0, 734.0]
[48.0, 80.0, 943.0, 751.0]
[16.0, 16.0, 912.0, 688.0]
[32.0, 16.0, 929.0, 689.0]
[32.0, 48.0, 930.0, 722.0]
[64.0, 16.0, 963.0, 690.0]
[96.0, 64.0, 996.0, 739.0]
[64.0, 64.0, 965.0, 740.0]
[48.0, 16.0, 950.0, 692.0]
[0.0, 0.0, 903.0, 677.0]
[48.0, 80.0, 952.0, 758.0]
[64.0, 48.0, 969.0, 727.0]
[96.0, 64.0, 1002.0, 744.0]
[64.0, 32.0, 971.0, 712.0]
[16.0, 16.0, 924.0, 697.0]
[64.0, 16.0, 973.0, 698.0]
[48.0, 0.0, 958.0, 682.0]
[0.0, 16.0, 911.0, 699.0]
[96.0, 32.0, 1008.0, 716.0]
[48.0, 0.0, 961.0, 685.0]
[80.0, 32.0, 994.0, 718.0]
[0.0, 32.0, 915.0, 718.0]
[32.0, 16.0, 948.0, 703.0]
[96.0, 32.0, 1013.0, 720.0]
[16.0, 64.0, 934.0, 752.0]
[16.0, 0.0, 935.0, 689.0]
[48.0, 80.0, 968.0, 770.0]
[32.0, 0.0, 953.0, 691.0]
[16.0, 64.0, 938.0, 756.0]
[80.0, 16.0, 1003.0, 708.0]
[16.0, 80.0, 940.0, 773.0]
[32.0, 80.0, 957.0, 774.0]
[32.0, 16.0, 958.0, 710.0]
[48.0, 16.0, 975.0, 711.0]
[48.0, 16.0, 976.0, 712.0]
[48.0, 32.0, 977.0, 729.0]
[80.0, 32.0, 1010.0, 730.0]
[64.0, 32.0, 995.0, 730.0]
[16.0, 64.0, 948.0, 763.0]
[32.0, 64.0, 965.0, 764.0]
[32.0, 48.0, 966.0, 748.0]
[16.0, 48.0, 951.0, 749.0]
[64.0, 64.0, 1000.0, 766.0]
[80.0, 16.0, 1017.0, 719.0]
[48.0, 32.0, 986.0, 736.0]
[32.0, 32.0, 971.0, 736.0]
[32.0, 0.0, 972.0, 705.0]
[48.0, 0.0, 989.0, 706.0]
[16.0, 16.0, 958.0, 722.0]
[32.0, 48.0, 975.0, 755.0]
[48.0, 64.0, 992.0, 772.0]
[16.0, 64.0, 961.0, 773.0]
[64.0, 16.0, 1010.0, 726.0]
[64.0, 48.0, 1011.0, 758.0]
[48.0, 48.0, 996.0, 759.0]
[0.0, 48.0, 949.0, 760.0]
[64.0, 48.0, 1014.0, 760.0]
[0.0, 48.0, 951.0, 761.0]
[48.0, 48.0, 1000.0, 762.0]
[64.0, 16.0, 1017.0, 731.0]
[64.0, 32.0, 1018.0, 748.0]
[32.0, 16.0, 987.0, 732.0]
[16.0, 48.0, 972.0, 765.0]
[0.0, 48.0, 957.0, 766.0]
[48.0, 48.0, 1006.0, 766.0]
[16.0, 16.0, 975.0, 735.0]
[16.0, 0.0, 976.0, 720.0]
[16.0, 0.0, 977.0, 721.0]
[16.0, 32.0, 978.0, 754.0]
[0.0, 32.0, 963.0, 754.0]
[32.0, 0.0, 996.0, 723.0]
[32.0, 48.0, 997.0, 772.0]
[48.0, 32.0, 1014.0, 756.0]
[16.0, 16.0, 983.0, 741.0]
[32.0, 32.0, 1000.0, 758.0]
[0.0, 16.0, 969.0, 743.0]
[16.0, 32.0, 986.0, 760.0]
[32.0, 0.0, 1003.0, 728.0]
[0.0, 0.0, 972.0, 729.0]
[0.0, 16.0, 973.0, 746.0]
[0.0, 32.0, 974.0, 762.0]
[16.0, 32.0, 991.0, 763.0]
[16.0, 16.0, 992.0, 748.0]
[32.0, 0.0, 1009.0, 733.0]
[16.0, 16.0, 994.0, 750.0]
[0.0, 16.0, 979.0, 750.0]
[32.0, 0.0, 1012.0, 735.0]
[0.0, 0.0, 981.0, 736.0]
[32.0, 16.0, 1014.0, 752.0]
[16.0, 32.0, 999.0, 769.0]
[0.0, 16.0, 984.0, 754.0]
[32.0, 32.0, 1017.0, 771.0]
[16.0, 32.0, 1002.0, 772.0]
[32.0, 32.0, 1019.0, 772.0]
[16.0, 32.0, 1004.0, 773.0]
[32.0, 32.0, 1021.0, 774.0]
[16.0, 32.0, 1006.0, 774.0]
[16.0, 32.0, 1007.0, 775.0]
[16.0, 16.0, 1008.0, 760.0]
[0.0, 16.0, 993.0, 761.0]
[0.0, 0.0, 994.0, 746.0]
[0.0, 0.0, 995.0, 746.0]
[16.0, 0.0, 1012.0, 747.0]
[16.0, 16.0, 1013.0, 764.0]
[16.0, 16.0, 1014.0, 764.0]
[16.0, 16.0, 1015.0, 765.0]
[16.0, 16.0, 1016.0, 766.0]
[0.0, 16.0, 1001.0, 767.0]
[0.0, 16.0, 1002.0, 768.0]
[0.0, 16.0, 1003.0, 768.0]
[0.0, 0.0, 1004.0, 753.0]
[16.0, 0.0, 1021.0, 754.0]
[0.0, 0.0, 1006.0, 754.0]
[16.0, 16.0, 1023.0, 771.0]
[16.0, 16.0, 1024.0, 772.0]
[0.0, 0.0, 1009.0, 757.0]
[0.0, 0.0, 1010.0, 758.0]
[0.0, 16.0, 1011.0, 774.0]
[0.0, 16.0, 1012.0, 775.0]
[0.0, 0.0, 1013.0, 760.0]
[0.0, 0.0, 1014.0, 760.0]
[0.0, 0.0, 1015.0, 761.0]
[0.0, 0.0, 1016.0, 762.0]
[0.0, 0.0, 1017.0, 763.0]
[0.0, 0.0, 1018.0, 764.0]
[0.0, 0.0, 1019.0, 764.0]
