[176.0, 32.0, 893.0, 570.0]
[48.0, 48.0, 766.0, 586.0]
[176.0, 32.0, 895.0, 571.0]
[112.0, 64.0, 832.0, 604.0]
[160.0, 32.0, 881.0, 573.0]
[64.0, 16.0, 786.0, 558.0]
[192.0, 48.0, 915.0, 590.0]
[208.0, 64.0, 932.0, 607.0]
[256.0, 32.0, 981.0, 576.0]
[112.0, 32.0, 838.0, 576.0]
[144.0, 48.0, 871.0, 593.0]
[208.0, 64.0, 936.0, 610.0]
[208.0, 64.0, 937.0, 611.0]
[176.0, 64.0, 906.0, 612.0]
[144.0, 32.0, 875.0, 580.0]
[16.0, 48.0, 748.0, 597.0]
[32.0, 32.0, 765.0, 582.0]
[48.0, 48.0, 782.0, 598.0]
[96.0, 32.0, 831.0, 583.0]
[112.0, 64.0, 848.0, 616.0]
[80.0, 32.0, 817.0, 585.0]
[224.0, 48.0, 962.0, 602.0]
[144.0, 32.0, 883.0, 586.0]
[160.0, 0.0, 900.0, 555.0]
[208.0, 16.0, 949.0, 572.0]
[96.0, 64.0, 838.0, 620.0]
[64.0, 16.0, 807.0, 573.0]
[240.0, 64.0, 984.0, 622.0]
[64.0, 32.0, 809.0, 591.0]
[256.0, 48.0, 1002.0, 608.0]
[208.0, 48.0, 955.0, 608.0]
[240.0, 0.0, 988.0, 561.0]
[16.0, 16.0, 765.0, 578.0]
[176.0, 0.0, 926.0, 562.0]
[176.0, 48.0, 927.0, 611.0]
[208.0, 32.0, 960.0, 596.0]
[16.0, 32.0, 769.0, 597.0]
[32.0, 48.0, 786.0, 614.0]
[112.0, 48.0, 867.0, 614.0]
[32.0, 32.0, 788.0, 599.0]
[96.0, 16.0, 853.0, 584.0]
[256.0, 16.0, 1014.0, 584.0]
[128.0, 0.0, 887.0, 569.0]
[80.0, 32.0, 840.0, 602.0]
[0.0, 32.0, 761.0, 603.0]
[208.0, 48.0, 970.0, 620.0]
[208.0, 16.0, 971.0, 588.0]
[176.0, 64.0, 940.0, 637.0]
[208.0, 16.0, 973.0, 590.0]
[224.0, 32.0, 990.0, 606.0]
[208.0, 32.0, 975.0, 607.0]
[224.0, 16.0, 992.0, 592.0]
[160.0, 48.0, 929.0, 625.0]
[112.0, 16.0, 882.0, 594.0]
[176.0, 48.0, 947.0, 626.0]
[240.0, 0.0, 1012.0, 579.0]
[144.0, 48.0, 917.0, 628.0]
[240.0, 16.0, 1014.0, 596.0]
[144.0, 16.0, 919.0, 597.0]
[112.0, 32.0, 888.0, 614.0]
[96.0, 32.0, 873.0, 615.0]
[80.0, 32.0, 858.0, 616.0]
[144.0, 16.0, 923.0, 600.0]
[64.0, 64.0, 844.0, 649.0]
[80.0, 48.0, 861.0, 634.0]
[96.0, 16.0, 878.0, 602.0]
[64.0, 0.0, 847.0, 587.0]
[240.0, 0.0, 1024.0, 588.0]
[96.0, 48.0, 881.0, 637.0]
[80.0, 16.0, 866.0, 606.0]
[144.0, 0.0, 931.0, 590.0]
[32.0, 64.0, 820.0, 655.0]
[96.0, 16.0, 885.0, 608.0]
[32.0, 48.0, 822.0, 640.0]
[224.0, 48.0, 1015.0, 641.0]
[160.0, 0.0, 952.0, 594.0]
[144.0, 32.0, 937.0, 627.0]
[192.0, 64.0, 986.0, 660.0]
[144.0, 48.0, 939.0, 644.0]
[64.0, 16.0, 860.0, 613.0]
[80.0, 16.0, 877.0, 614.0]
[48.0, 32.0, 846.0, 630.0]
[32.0, 64.0, 831.0, 663.0]
[64.0, 48.0, 864.0, 648.0]
[192.0, 16.0, 993.0, 617.0]
[128.0, 48.0, 930.0, 650.0]
[208.0, 16.0, 1011.0, 618.0]
[128.0, 0.0, 932.0, 603.0]
[144.0, 64.0, 949.0, 668.0]
[208.0, 48.0, 1014.0, 652.0]
[208.0, 16.0, 1015.0, 621.0]
[48.0, 16.0, 856.0, 622.0]
[160.0, 64.0, 969.0, 671.0]
[48.0, 32.0, 858.0, 640.0]
[80.0, 0.0, 891.0, 608.0]
[144.0, 0.0, 956.0, 609.0]
[16.0, 0.0, 829.0, 610.0]
[0.0, 32.0, 814.0, 642.0]
[112.0, 64.0, 927.0, 675.0]
[176.0, 48.0, 992.0, 660.0]
[32.0, 32.0, 849.0, 645.0]
[144.0, 16.0, 962.0, 630.0]
[64.0, 64.0, 883.0, 678.0]
[96.0, 16.0, 916.0, 631.0]
[80.0, 48.0, 901.0, 664.0]
[64.0, 64.0, 886.0, 680.0]
[64.0, 32.0, 887.0, 649.0]
[0.0, 0.0, 824.0, 618.0]
[80.0, 48.0, 905.0, 667.0]
[192.0, 32.0, 1018.0, 652.0]
[144.0, 48.0, 971.0, 668.0]
[80.0, 32.0, 908.0, 653.0]
[32.0, 0.0, 861.0, 622.0]
[96.0, 16.0, 926.0, 638.0]
[128.0, 32.0, 959.0, 655.0]
[64.0, 16.0, 896.0, 640.0]
[0.0, 32.0, 833.0, 657.0]
[64.0, 16.0, 898.0, 642.0]
[128.0, 32.0, 963.0, 658.0]
[0.0, 0.0, 836.0, 627.0]
[0.0, 0.0, 837.0, 628.0]
[144.0, 48.0, 982.0, 676.0]
[128.0, 0.0, 967.0, 629.0]
[112.0, 16.0, 952.0, 646.0]
[32.0, 48.0, 873.0, 679.0]
[32.0, 16.0, 874.0, 648.0]
[112.0, 16.0, 955.0, 648.0]
[32.0, 0.0, 876.0, 633.0]
[160.0, 16.0, 1005.0, 650.0]
[112.0, 48.0, 958.0, 682.0]
[32.0, 48.0, 879.0, 683.0]
[144.0, 16.0, 992.0, 652.0]
[128.0, 0.0, 977.0, 637.0]
[32.0, 0.0, 882.0, 638.0]
[48.0, 0.0, 899.0, 638.0]
[64.0, 32.0, 916.0, 671.0]
[0.0, 0.0, 853.0, 640.0]
[160.0, 16.0, 1014.0, 656.0]
[48.0, 32.0, 903.0, 673.0]
[160.0, 16.0, 1016.0, 658.0]
[144.0, 32.0, 1001.0, 675.0]
[80.0, 0.0, 938.0, 644.0]
[80.0, 32.0, 939.0, 676.0]
[64.0, 16.0, 924.0, 661.0]
[80.0, 32.0, 941.0, 678.0]
[128.0, 0.0, 990.0, 646.0]
[16.0, 0.0, 879.0, 647.0]
[96.0, 16.0, 960.0, 664.0]
[32.0, 32.0, 897.0, 681.0]
[64.0, 16.0, 930.0, 666.0]
[96.0, 32.0, 963.0, 682.0]
[112.0, 0.0, 980.0, 651.0]
[144.0, 16.0, 1013.0, 668.0]
[112.0, 16.0, 982.0, 668.0]
[96.0, 0.0, 967.0, 653.0]
[80.0, 16.0, 952.0, 670.0]
[96.0, 16.0, 969.0, 671.0]
[32.0, 0.0, 906.0, 656.0]
[48.0, 0.0, 923.0, 656.0]
[128.0, 0.0, 1004.0, 657.0]
[16.0, 16.0, 893.0, 674.0]
[80.0, 0.0, 958.0, 658.0]
[96.0, 0.0, 975.0, 659.0]
[96.0, 0.0, 976.0, 660.0]
[32.0, 0.0, 913.0, 661.0]
[112.0, 0.0, 994.0, 662.0]
[48.0, 0.0, 931.0, 662.0]
[48.0, 0.0, 932.0, 663.0]
[16.0, 0.0, 901.0, 664.0]
[32.0, 0.0, 918.0, 664.0]
[0.0, 16.0, 887.0, 681.0]
[16.0, 0.0, 904.0, 666.0]
[64.0, 0.0, 953.0, 667.0]
[64.0, 0.0, 954.0, 668.0]
[96.0, 0.0, 987.0, 668.0]
[32.0, 0.0, 924.0, 669.0]
[96.0, 0.0, 989.0, 670.0]
[96.0, 0.0, 990.0, 670.0]
[0.0, 0.0, 895.0, 671.0]
[128.0, 0.0, 1024.0, 672.0]
[96.0, 0.0, 993.0, 673.0]
[64.0, 0.0, 962.0, 674.0]
[96.0, 0.0, 995.0, 674.0]
[96.0, 0.0, 996.0, 675.0]
[96.0, 0.0, 997.0, 676.0]
[80.0, 0.0, 982.0, 676.0]
[80.0, 0.0, 983.0, 677.0]
[112.0, 0.0, 1016.0, 678.0]
[48.0, 0.0, 953.0, 679.0]
[96.0, 0.0, 1002.0, 680.0]
[32.0, 0.0, 939.0, 680.0]
[32.0, 0.0, 940.0, 681.0]
[32.0, 0.0, 941.0, 682.0]
[32.0, 0.0, 942.0, 682.0]
[96.0, 0.0, 1007.0, 683.0]
