[96.0, 64.0, 837.0, 620.0]
[160.0, 96.0, 902.0, 652.0]
[144.0, 32.0, 887.0, 589.0]
[48.0, 64.0, 792.0, 622.0]
[224.0, 80.0, 969.0, 639.0]
[112.0, 48.0, 858.0, 608.0]
[208.0, 96.0, 955.0, 656.0]
[64.0, 64.0, 812.0, 625.0]
[176.0, 80.0, 925.0, 642.0]
[192.0, 32.0, 942.0, 594.0]
[160.0, 96.0, 911.0, 659.0]
[80.0, 48.0, 832.0, 612.0]
[96.0, 48.0, 849.0, 613.0]
[160.0, 48.0, 914.0, 614.0]
[176.0, 32.0, 931.0, 598.0]
[192.0, 32.0, 948.0, 599.0]
[96.0, 80.0, 853.0, 648.0]
[48.0, 32.0, 806.0, 600.0]
[32.0, 64.0, 791.0, 633.0]
[96.0, 80.0, 856.0, 650.0]
[208.0, 16.0, 969.0, 587.0]
[80.0, 32.0, 842.0, 604.0]
[80.0, 32.0, 843.0, 604.0]
[192.0, 80.0, 956.0, 653.0]
[48.0, 16.0, 813.0, 590.0]
[176.0, 32.0, 942.0, 606.0]
[112.0, 80.0, 879.0, 655.0]
[240.0, 48.0, 1008.0, 624.0]
[144.0, 48.0, 913.0, 625.0]
[128.0, 80.0, 898.0, 658.0]
[16.0, 48.0, 787.0, 626.0]
[144.0, 96.0, 916.0, 675.0]
[80.0, 16.0, 853.0, 596.0]
[112.0, 0.0, 886.0, 580.0]
[160.0, 64.0, 935.0, 645.0]
[144.0, 0.0, 920.0, 582.0]
[112.0, 96.0, 889.0, 679.0]
[128.0, 80.0, 906.0, 664.0]
[80.0, 32.0, 859.0, 616.0]
[144.0, 0.0, 924.0, 585.0]
[48.0, 16.0, 829.0, 602.0]
[80.0, 64.0, 862.0, 650.0]
[96.0, 16.0, 879.0, 603.0]
[112.0, 0.0, 896.0, 588.0]
[144.0, 48.0, 929.0, 637.0]
[192.0, 32.0, 978.0, 622.0]
[192.0, 0.0, 979.0, 590.0]
[144.0, 16.0, 932.0, 607.0]
[64.0, 64.0, 853.0, 656.0]
[176.0, 16.0, 966.0, 608.0]
[64.0, 16.0, 855.0, 609.0]
[48.0, 64.0, 840.0, 658.0]
[176.0, 80.0, 969.0, 675.0]
[96.0, 64.0, 890.0, 660.0]
[144.0, 0.0, 939.0, 596.0]
[16.0, 16.0, 812.0, 613.0]
[192.0, 80.0, 989.0, 678.0]
[112.0, 16.0, 910.0, 614.0]
[176.0, 80.0, 975.0, 679.0]
[16.0, 16.0, 816.0, 616.0]
[176.0, 64.0, 977.0, 665.0]
[32.0, 64.0, 834.0, 666.0]
[112.0, 32.0, 915.0, 634.0]
[64.0, 80.0, 868.0, 683.0]
[96.0, 16.0, 901.0, 620.0]
[208.0, 0.0, 1014.0, 604.0]
[64.0, 48.0, 871.0, 653.0]
[192.0, 48.0, 1000.0, 654.0]
[192.0, 32.0, 1001.0, 639.0]
[192.0, 0.0, 1002.0, 608.0]
[48.0, 64.0, 859.0, 672.0]
[32.0, 0.0, 844.0, 609.0]
[32.0, 64.0, 845.0, 674.0]
[64.0, 48.0, 878.0, 658.0]
[64.0, 0.0, 879.0, 611.0]
[16.0, 0.0, 832.0, 612.0]
[64.0, 16.0, 881.0, 629.0]
[80.0, 32.0, 898.0, 646.0]
[80.0, 16.0, 899.0, 630.0]
[32.0, 64.0, 852.0, 679.0]
[0.0, 64.0, 821.0, 680.0]
[0.0, 0.0, 822.0, 616.0]
[176.0, 64.0, 999.0, 681.0]
[176.0, 16.0, 1000.0, 634.0]
[80.0, 0.0, 905.0, 619.0]
[176.0, 32.0, 1002.0, 652.0]
[96.0, 16.0, 923.0, 636.0]
[32.0, 16.0, 860.0, 637.0]
[64.0, 32.0, 893.0, 654.0]
[96.0, 16.0, 926.0, 638.0]
[96.0, 0.0, 927.0, 623.0]
[32.0, 32.0, 864.0, 656.0]
[48.0, 32.0, 881.0, 657.0]
[176.0, 0.0, 1010.0, 626.0]
[0.0, 16.0, 835.0, 642.0]
[0.0, 48.0, 836.0, 675.0]
[128.0, 16.0, 965.0, 644.0]
[144.0, 0.0, 982.0, 628.0]
[144.0, 16.0, 983.0, 645.0]
[64.0, 16.0, 904.0, 646.0]
[64.0, 32.0, 905.0, 663.0]
[112.0, 48.0, 954.0, 680.0]
[48.0, 32.0, 891.0, 664.0]
[160.0, 32.0, 1004.0, 665.0]
[80.0, 16.0, 925.0, 650.0]
[48.0, 16.0, 894.0, 650.0]
[32.0, 16.0, 879.0, 651.0]
[80.0, 0.0, 928.0, 636.0]
[144.0, 32.0, 993.0, 669.0]
[32.0, 32.0, 882.0, 670.0]
[128.0, 0.0, 979.0, 638.0]
[16.0, 16.0, 868.0, 655.0]
[128.0, 32.0, 981.0, 672.0]
[0.0, 0.0, 854.0, 640.0]
[0.0, 32.0, 855.0, 673.0]
[80.0, 0.0, 936.0, 642.0]
[80.0, 32.0, 937.0, 675.0]
[48.0, 0.0, 906.0, 644.0]
[96.0, 16.0, 955.0, 660.0]
[32.0, 32.0, 892.0, 677.0]
[128.0, 0.0, 989.0, 646.0]
[64.0, 0.0, 926.0, 646.0]
[0.0, 0.0, 863.0, 647.0]
[0.0, 16.0, 864.0, 664.0]
[144.0, 0.0, 1009.0, 649.0]
[96.0, 16.0, 962.0, 666.0]
[80.0, 16.0, 947.0, 666.0]
[128.0, 0.0, 996.0, 651.0]
[80.0, 16.0, 949.0, 668.0]
[48.0, 0.0, 918.0, 652.0]
[112.0, 16.0, 983.0, 669.0]
[16.0, 16.0, 888.0, 670.0]
[0.0, 16.0, 873.0, 671.0]
[0.0, 16.0, 874.0, 672.0]
[48.0, 16.0, 923.0, 672.0]
[64.0, 16.0, 940.0, 673.0]
[80.0, 0.0, 957.0, 658.0]
[48.0, 16.0, 926.0, 674.0]
[64.0, 16.0, 943.0, 675.0]
[144.0, 0.0, 1024.0, 660.0]
[32.0, 16.0, 913.0, 677.0]
[0.0, 16.0, 882.0, 678.0]
[48.0, 0.0, 931.0, 662.0]
[64.0, 0.0, 948.0, 663.0]
[64.0, 16.0, 949.0, 680.0]
[80.0, 0.0, 966.0, 664.0]
[0.0, 16.0, 887.0, 681.0]
[96.0, 16.0, 984.0, 682.0]
[128.0, 16.0, 1017.0, 683.0]
[16.0, 0.0, 906.0, 668.0]
[64.0, 0.0, 955.0, 668.0]
[112.0, 0.0, 1004.0, 669.0]
[16.0, 0.0, 909.0, 670.0]
[112.0, 0.0, 1006.0, 670.0]
[112.0, 0.0, 1007.0, 671.0]
[64.0, 0.0, 960.0, 672.0]
[80.0, 0.0, 977.0, 673.0]
[80.0, 0.0, 978.0, 674.0]
[96.0, 0.0, 995.0, 674.0]
[0.0, 0.0, 900.0, 675.0]
[96.0, 0.0, 997.0, 676.0]
[32.0, 0.0, 934.0, 676.0]
[96.0, 0.0, 999.0, 677.0]
[0.0, 0.0, 904.0, 678.0]
[96.0, 0.0, 1001.0, 679.0]
[64.0, 0.0, 970.0, 680.0]
[32.0, 0.0, 939.0, 680.0]
[96.0, 0.0, 1004.0, 681.0]
[112.0, 0.0, 1021.0, 682.0]
[32.0, 0.0, 942.0, 682.0]
[0.0, 0.0, 911.0, 683.0]
