[176.0, 80.0, 893.0, 618.0]
[240.0, 48.0, 958.0, 586.0]
[272.0, 48.0, 991.0, 587.0]
[304.0, 80.0, 1024.0, 620.0]
[112.0, 64.0, 833.0, 605.0]
[144.0, 80.0, 866.0, 622.0]
[176.0, 80.0, 899.0, 622.0]
[208.0, 64.0, 932.0, 607.0]
[192.0, 48.0, 917.0, 592.0]
[208.0, 96.0, 934.0, 640.0]
[160.0, 32.0, 887.0, 577.0]
[160.0, 32.0, 888.0, 578.0]
[240.0, 80.0, 969.0, 627.0]
[272.0, 64.0, 1002.0, 612.0]
[176.0, 112.0, 907.0, 660.0]
[176.0, 32.0, 908.0, 581.0]
[224.0, 16.0, 957.0, 566.0]
[160.0, 32.0, 894.0, 582.0]
[112.0, 64.0, 847.0, 615.0]
[112.0, 112.0, 848.0, 664.0]
[192.0, 80.0, 929.0, 633.0]
[160.0, 80.0, 898.0, 634.0]
[192.0, 80.0, 931.0, 634.0]
[208.0, 112.0, 948.0, 667.0]
[96.0, 48.0, 837.0, 604.0]
[192.0, 32.0, 934.0, 588.0]
[176.0, 64.0, 919.0, 621.0]
[256.0, 48.0, 1000.0, 606.0]
[128.0, 96.0, 873.0, 655.0]
[208.0, 112.0, 954.0, 672.0]
[272.0, 96.0, 1019.0, 656.0]
[208.0, 0.0, 956.0, 561.0]
[240.0, 32.0, 989.0, 594.0]
[256.0, 32.0, 1006.0, 594.0]
[192.0, 112.0, 943.0, 675.0]
[80.0, 80.0, 832.0, 644.0]
[192.0, 0.0, 945.0, 565.0]
[256.0, 32.0, 1010.0, 598.0]
[256.0, 96.0, 1011.0, 662.0]
[80.0, 64.0, 836.0, 631.0]
[144.0, 48.0, 901.0, 616.0]
[208.0, 96.0, 966.0, 664.0]
[224.0, 0.0, 983.0, 569.0]
[192.0, 0.0, 952.0, 570.0]
[80.0, 32.0, 841.0, 603.0]
[160.0, 16.0, 922.0, 588.0]
[144.0, 0.0, 907.0, 572.0]
[176.0, 96.0, 940.0, 669.0]
[80.0, 64.0, 845.0, 638.0]
[208.0, 80.0, 974.0, 654.0]
[176.0, 32.0, 943.0, 607.0]
[224.0, 0.0, 992.0, 576.0]
[192.0, 48.0, 961.0, 625.0]
[112.0, 32.0, 882.0, 610.0]
[80.0, 64.0, 851.0, 642.0]
[144.0, 48.0, 916.0, 627.0]
[80.0, 64.0, 853.0, 644.0]
[160.0, 96.0, 934.0, 676.0]
[208.0, 96.0, 983.0, 677.0]
[240.0, 48.0, 1016.0, 630.0]
[192.0, 16.0, 969.0, 599.0]
[192.0, 0.0, 970.0, 584.0]
[160.0, 48.0, 939.0, 632.0]
[128.0, 48.0, 908.0, 633.0]
[128.0, 64.0, 909.0, 650.0]
[112.0, 80.0, 894.0, 666.0]
[128.0, 16.0, 911.0, 603.0]
[80.0, 96.0, 864.0, 684.0]
[80.0, 64.0, 865.0, 653.0]
[128.0, 0.0, 914.0, 590.0]
[176.0, 80.0, 963.0, 670.0]
[208.0, 32.0, 996.0, 623.0]
[208.0, 80.0, 997.0, 672.0]
[208.0, 16.0, 998.0, 608.0]
[160.0, 48.0, 951.0, 641.0]
[208.0, 16.0, 1000.0, 610.0]
[80.0, 48.0, 873.0, 643.0]
[176.0, 80.0, 970.0, 676.0]
[96.0, 80.0, 891.0, 676.0]
[112.0, 64.0, 908.0, 661.0]
[192.0, 80.0, 989.0, 678.0]
[144.0, 16.0, 942.0, 614.0]
[128.0, 32.0, 927.0, 631.0]
[176.0, 48.0, 976.0, 648.0]
[176.0, 64.0, 977.0, 665.0]
[192.0, 64.0, 994.0, 666.0]
[160.0, 80.0, 963.0, 682.0]
[112.0, 64.0, 916.0, 667.0]
[192.0, 0.0, 997.0, 604.0]
[64.0, 48.0, 870.0, 652.0]
[96.0, 64.0, 903.0, 669.0]
[128.0, 0.0, 936.0, 606.0]
[112.0, 32.0, 921.0, 639.0]
[144.0, 0.0, 954.0, 608.0]
[192.0, 0.0, 1003.0, 608.0]
[192.0, 32.0, 1004.0, 641.0]
[96.0, 0.0, 909.0, 610.0]
[160.0, 64.0, 974.0, 674.0]
[192.0, 16.0, 1007.0, 627.0]
[192.0, 32.0, 1008.0, 644.0]
[144.0, 64.0, 961.0, 677.0]
[176.0, 0.0, 994.0, 614.0]
[176.0, 16.0, 995.0, 630.0]
[144.0, 0.0, 964.0, 615.0]
[160.0, 64.0, 981.0, 680.0]
[80.0, 48.0, 902.0, 664.0]
[96.0, 32.0, 919.0, 649.0]
[112.0, 64.0, 936.0, 682.0]
[144.0, 64.0, 969.0, 683.0]
[144.0, 16.0, 970.0, 636.0]
[192.0, 48.0, 1019.0, 668.0]
[192.0, 32.0, 1020.0, 653.0]
[192.0, 16.0, 1021.0, 638.0]
[64.0, 48.0, 894.0, 670.0]
[144.0, 16.0, 975.0, 639.0]
[192.0, 16.0, 1024.0, 640.0]
[112.0, 16.0, 945.0, 641.0]
[160.0, 32.0, 994.0, 658.0]
[176.0, 0.0, 1011.0, 626.0]
[80.0, 32.0, 916.0, 659.0]
[144.0, 48.0, 981.0, 676.0]
[160.0, 0.0, 998.0, 628.0]
[96.0, 32.0, 935.0, 661.0]
[80.0, 32.0, 920.0, 662.0]
[128.0, 48.0, 969.0, 679.0]
[144.0, 0.0, 986.0, 632.0]
[176.0, 32.0, 1019.0, 664.0]
[112.0, 32.0, 956.0, 665.0]
[112.0, 48.0, 957.0, 682.0]
[144.0, 16.0, 990.0, 650.0]
[160.0, 32.0, 1007.0, 667.0]
[176.0, 16.0, 1024.0, 652.0]
[160.0, 32.0, 1009.0, 669.0]
[160.0, 16.0, 1010.0, 654.0]
[128.0, 32.0, 979.0, 670.0]
[144.0, 32.0, 996.0, 671.0]
[160.0, 32.0, 1013.0, 672.0]
[96.0, 16.0, 950.0, 656.0]
[144.0, 0.0, 999.0, 641.0]
[128.0, 32.0, 984.0, 674.0]
[80.0, 32.0, 937.0, 675.0]
[160.0, 32.0, 1018.0, 676.0]
[112.0, 16.0, 971.0, 660.0]
[112.0, 16.0, 972.0, 661.0]
[80.0, 32.0, 941.0, 678.0]
[144.0, 16.0, 1006.0, 662.0]
[112.0, 32.0, 975.0, 679.0]
[80.0, 32.0, 944.0, 680.0]
[128.0, 0.0, 993.0, 649.0]
[112.0, 32.0, 978.0, 682.0]
[96.0, 16.0, 963.0, 666.0]
[112.0, 0.0, 980.0, 651.0]
[112.0, 0.0, 981.0, 652.0]
[80.0, 0.0, 950.0, 652.0]
[96.0, 0.0, 967.0, 653.0]
[112.0, 16.0, 984.0, 670.0]
[112.0, 16.0, 985.0, 671.0]
[112.0, 0.0, 986.0, 656.0]
[80.0, 0.0, 955.0, 656.0]
[128.0, 16.0, 1004.0, 673.0]
[112.0, 0.0, 989.0, 658.0]
[112.0, 16.0, 990.0, 674.0]
[96.0, 16.0, 975.0, 675.0]
[80.0, 16.0, 960.0, 676.0]
[80.0, 0.0, 961.0, 661.0]
[128.0, 16.0, 1010.0, 678.0]
[96.0, 16.0, 979.0, 678.0]
[80.0, 16.0, 964.0, 679.0]
[80.0, 0.0, 965.0, 664.0]
[80.0, 0.0, 966.0, 664.0]
[112.0, 0.0, 999.0, 665.0]
[128.0, 16.0, 1016.0, 682.0]
[112.0, 16.0, 1001.0, 683.0]
[96.0, 16.0, 986.0, 684.0]
[128.0, 0.0, 1019.0, 668.0]
[80.0, 0.0, 972.0, 669.0]
[80.0, 0.0, 973.0, 670.0]
[80.0, 0.0, 974.0, 670.0]
[128.0, 0.0, 1023.0, 671.0]
[96.0, 0.0, 992.0, 672.0]
[80.0, 0.0, 977.0, 673.0]
[112.0, 0.0, 1010.0, 674.0]
[96.0, 0.0, 995.0, 674.0]
[112.0, 0.0, 1012.0, 675.0]
[112.0, 0.0, 1013.0, 676.0]
[80.0, 0.0, 982.0, 676.0]
[96.0, 0.0, 999.0, 677.0]
[96.0, 0.0, 1000.0, 678.0]
[112.0, 0.0, 1017.0, 679.0]
[96.0, 0.0, 1002.0, 680.0]
[80.0, 0.0, 987.0, 680.0]
[112.0, 0.0, 1020.0, 681.0]
[112.0, 0.0, 1021.0, 682.0]
[96.0, 0.0, 1006.0, 682.0]
[112.0, 0.0, 1023.0, 683.0]
[112.0, 0.0, 1024.0, 684.0]
