[80.0, 16.0, 797.0, 554.0]
[192.0, 16.0, 910.0, 554.0]
[192.0, 32.0, 911.0, 571.0]
[96.0, 16.0, 816.0, 556.0]
[208.0, 16.0, 929.0, 557.0]
[48.0, 0.0, 770.0, 542.0]
[48.0, 0.0, 771.0, 542.0]
[160.0, 0.0, 884.0, 543.0]
[160.0, 16.0, 885.0, 560.0]
[176.0, 32.0, 902.0, 576.0]
[112.0, 0.0, 839.0, 545.0]
[96.0, 16.0, 824.0, 562.0]
[112.0, 0.0, 841.0, 547.0]
[160.0, 16.0, 890.0, 564.0]
[144.0, 16.0, 875.0, 564.0]
[32.0, 16.0, 764.0, 565.0]
[96.0, 0.0, 829.0, 550.0]
[112.0, 16.0, 846.0, 566.0]
[176.0, 0.0, 911.0, 551.0]
[112.0, 16.0, 848.0, 568.0]
[96.0, 16.0, 833.0, 569.0]
[160.0, 0.0, 898.0, 554.0]
[96.0, 16.0, 835.0, 570.0]
[32.0, 16.0, 772.0, 571.0]
[80.0, 0.0, 821.0, 556.0]
[32.0, 0.0, 774.0, 556.0]
[16.0, 0.0, 759.0, 557.0]
[80.0, 16.0, 824.0, 574.0]
[80.0, 0.0, 825.0, 559.0]
[112.0, 16.0, 858.0, 576.0]
[16.0, 0.0, 763.0, 560.0]
[160.0, 0.0, 908.0, 561.0]
[128.0, 0.0, 877.0, 562.0]
[160.0, 0.0, 910.0, 562.0]
[112.0, 0.0, 863.0, 563.0]
[144.0, 0.0, 896.0, 564.0]
[80.0, 0.0, 833.0, 565.0]
[176.0, 0.0, 930.0, 566.0]
[48.0, 0.0, 803.0, 566.0]
[128.0, 0.0, 884.0, 567.0]
[160.0, 0.0, 917.0, 568.0]
[48.0, 0.0, 806.0, 568.0]
[160.0, 0.0, 919.0, 569.0]
[160.0, 0.0, 920.0, 570.0]
[160.0, 0.0, 921.0, 571.0]
[80.0, 0.0, 842.0, 572.0]
[112.0, 0.0, 875.0, 572.0]
[160.0, 0.0, 924.0, 573.0]
[16.0, 0.0, 781.0, 574.0]
[160.0, 0.0, 926.0, 574.0]
[48.0, 0.0, 815.0, 575.0]
[80.0, 0.0, 848.0, 576.0]
