[192.0, 16.0, 909.0, 554.0]
[208.0, 0.0, 926.0, 538.0]
[96.0, 16.0, 815.0, 555.0]
[80.0, 32.0, 800.0, 572.0]
[48.0, 16.0, 769.0, 557.0]
[256.0, 32.0, 978.0, 574.0]
[112.0, 32.0, 835.0, 574.0]
[240.0, 0.0, 964.0, 543.0]
[96.0, 0.0, 821.0, 544.0]
[64.0, 0.0, 790.0, 544.0]
[112.0, 32.0, 839.0, 577.0]
[208.0, 16.0, 936.0, 562.0]
[240.0, 32.0, 969.0, 579.0]
[96.0, 0.0, 826.0, 548.0]
[112.0, 16.0, 843.0, 564.0]
[208.0, 32.0, 940.0, 581.0]
[256.0, 0.0, 989.0, 550.0]
[208.0, 32.0, 942.0, 582.0]
[112.0, 32.0, 847.0, 583.0]
[96.0, 0.0, 832.0, 552.0]
[144.0, 0.0, 881.0, 553.0]
[96.0, 16.0, 834.0, 570.0]
[208.0, 16.0, 947.0, 570.0]
[96.0, 16.0, 836.0, 571.0]
[224.0, 16.0, 965.0, 572.0]
[80.0, 32.0, 822.0, 588.0]
[144.0, 32.0, 887.0, 589.0]
[208.0, 0.0, 952.0, 558.0]
[240.0, 16.0, 985.0, 575.0]
[192.0, 0.0, 938.0, 560.0]
[160.0, 16.0, 907.0, 576.0]
[48.0, 0.0, 796.0, 561.0]
[192.0, 16.0, 941.0, 578.0]
[80.0, 0.0, 830.0, 562.0]
[64.0, 16.0, 815.0, 579.0]
[192.0, 16.0, 944.0, 580.0]
[160.0, 16.0, 913.0, 581.0]
[112.0, 32.0, 866.0, 598.0]
[64.0, 32.0, 819.0, 598.0]
[192.0, 0.0, 948.0, 567.0]
[176.0, 32.0, 933.0, 600.0]
[96.0, 16.0, 854.0, 584.0]
[160.0, 16.0, 919.0, 585.0]
[144.0, 16.0, 904.0, 586.0]
[64.0, 16.0, 825.0, 587.0]
[224.0, 16.0, 986.0, 588.0]
[144.0, 16.0, 907.0, 588.0]
[208.0, 16.0, 972.0, 589.0]
[192.0, 0.0, 957.0, 574.0]
[48.0, 16.0, 814.0, 590.0]
[48.0, 32.0, 815.0, 607.0]
[48.0, 16.0, 816.0, 592.0]
[48.0, 16.0, 817.0, 593.0]
[192.0, 0.0, 962.0, 578.0]
[208.0, 16.0, 979.0, 594.0]
[96.0, 32.0, 868.0, 611.0]
[128.0, 32.0, 901.0, 612.0]
[96.0, 0.0, 870.0, 580.0]
[192.0, 0.0, 967.0, 581.0]
[160.0, 16.0, 936.0, 598.0]
[176.0, 32.0, 953.0, 615.0]
[208.0, 0.0, 986.0, 584.0]
[48.0, 32.0, 827.0, 616.0]
[176.0, 0.0, 956.0, 585.0]
[208.0, 16.0, 989.0, 602.0]
[160.0, 32.0, 942.0, 618.0]
[176.0, 0.0, 959.0, 587.0]
[96.0, 0.0, 880.0, 588.0]
[64.0, 16.0, 849.0, 605.0]
[64.0, 0.0, 850.0, 590.0]
[96.0, 0.0, 883.0, 590.0]
[160.0, 32.0, 948.0, 623.0]
[176.0, 0.0, 965.0, 592.0]
[112.0, 0.0, 902.0, 592.0]
[192.0, 0.0, 983.0, 593.0]
[160.0, 32.0, 952.0, 626.0]
[128.0, 32.0, 921.0, 627.0]
[80.0, 16.0, 874.0, 612.0]
[144.0, 32.0, 939.0, 628.0]
[112.0, 16.0, 908.0, 613.0]
[96.0, 0.0, 893.0, 598.0]
[160.0, 32.0, 958.0, 630.0]
[160.0, 16.0, 959.0, 615.0]
[192.0, 0.0, 992.0, 600.0]
[96.0, 16.0, 897.0, 617.0]
[112.0, 32.0, 914.0, 634.0]
[32.0, 0.0, 835.0, 602.0]
[144.0, 0.0, 948.0, 603.0]
[32.0, 0.0, 837.0, 604.0]
[48.0, 32.0, 854.0, 636.0]
[80.0, 32.0, 887.0, 637.0]
[112.0, 32.0, 920.0, 638.0]
[144.0, 32.0, 953.0, 639.0]
[144.0, 16.0, 954.0, 624.0]
[64.0, 16.0, 875.0, 624.0]
[144.0, 0.0, 956.0, 609.0]
[64.0, 32.0, 877.0, 642.0]
[128.0, 32.0, 942.0, 642.0]
[32.0, 16.0, 847.0, 627.0]
[176.0, 0.0, 992.0, 612.0]
[80.0, 32.0, 897.0, 645.0]
[128.0, 16.0, 946.0, 630.0]
[64.0, 32.0, 883.0, 646.0]
[128.0, 0.0, 948.0, 615.0]
[64.0, 0.0, 885.0, 616.0]
[96.0, 32.0, 918.0, 648.0]
[144.0, 32.0, 967.0, 649.0]
[48.0, 32.0, 872.0, 650.0]
[32.0, 16.0, 857.0, 635.0]
[96.0, 16.0, 922.0, 636.0]
[96.0, 32.0, 923.0, 652.0]
[80.0, 0.0, 908.0, 621.0]
[80.0, 16.0, 909.0, 638.0]
[32.0, 0.0, 862.0, 622.0]
[128.0, 32.0, 959.0, 655.0]
[128.0, 0.0, 960.0, 624.0]
[112.0, 16.0, 945.0, 641.0]
[128.0, 0.0, 962.0, 626.0]
[48.0, 16.0, 883.0, 642.0]
[48.0, 0.0, 884.0, 627.0]
[96.0, 0.0, 933.0, 628.0]
[128.0, 0.0, 966.0, 628.0]
[128.0, 0.0, 967.0, 629.0]
[96.0, 16.0, 936.0, 646.0]
[144.0, 0.0, 985.0, 631.0]
[80.0, 0.0, 922.0, 632.0]
[64.0, 0.0, 907.0, 632.0]
[112.0, 16.0, 956.0, 649.0]
[48.0, 0.0, 893.0, 634.0]
[144.0, 16.0, 990.0, 650.0]
[144.0, 16.0, 991.0, 651.0]
[64.0, 16.0, 912.0, 652.0]
[112.0, 0.0, 961.0, 637.0]
[128.0, 16.0, 978.0, 654.0]
[112.0, 0.0, 963.0, 638.0]
[96.0, 16.0, 948.0, 655.0]
[48.0, 0.0, 901.0, 640.0]
[112.0, 0.0, 966.0, 640.0]
[112.0, 0.0, 967.0, 641.0]
[112.0, 0.0, 968.0, 642.0]
[48.0, 0.0, 905.0, 643.0]
[64.0, 0.0, 922.0, 644.0]
[64.0, 0.0, 923.0, 644.0]
[64.0, 0.0, 924.0, 645.0]
[96.0, 0.0, 957.0, 646.0]
[48.0, 0.0, 910.0, 646.0]
[112.0, 0.0, 975.0, 647.0]
[112.0, 0.0, 976.0, 648.0]
[64.0, 0.0, 929.0, 649.0]
[48.0, 0.0, 914.0, 650.0]
[80.0, 0.0, 947.0, 650.0]
[48.0, 0.0, 916.0, 651.0]
[48.0, 0.0, 917.0, 652.0]
[96.0, 0.0, 966.0, 652.0]
[48.0, 0.0, 919.0, 653.0]
[96.0, 0.0, 968.0, 654.0]
[96.0, 0.0, 969.0, 655.0]
[48.0, 0.0, 922.0, 656.0]
[48.0, 0.0, 923.0, 656.0]
