[48.0, 128.0, 765.0, 666.0]
[48.0, 160.0, 766.0, 698.0]
[128.0, 160.0, 847.0, 699.0]
[16.0, 128.0, 736.0, 668.0]
[32.0, 128.0, 753.0, 669.0]
[144.0, 144.0, 866.0, 686.0]
[32.0, 144.0, 755.0, 686.0]
[64.0, 128.0, 788.0, 671.0]
[128.0, 160.0, 853.0, 704.0]
[32.0, 144.0, 758.0, 688.0]
[128.0, 160.0, 855.0, 705.0]
[0.0, 128.0, 728.0, 674.0]
[48.0, 144.0, 777.0, 691.0]
[80.0, 112.0, 810.0, 660.0]
[144.0, 144.0, 875.0, 692.0]
[48.0, 144.0, 780.0, 693.0]
[48.0, 144.0, 781.0, 694.0]
[48.0, 128.0, 782.0, 678.0]
[48.0, 144.0, 783.0, 695.0]
[128.0, 128.0, 864.0, 680.0]
[64.0, 96.0, 801.0, 649.0]
[128.0, 144.0, 866.0, 698.0]
[80.0, 144.0, 819.0, 698.0]
[32.0, 128.0, 772.0, 683.0]
[32.0, 144.0, 773.0, 700.0]
[16.0, 128.0, 758.0, 684.0]
[96.0, 112.0, 839.0, 669.0]
[96.0, 144.0, 840.0, 702.0]
[32.0, 112.0, 777.0, 671.0]
[32.0, 144.0, 778.0, 704.0]
[112.0, 112.0, 859.0, 672.0]
[16.0, 128.0, 764.0, 689.0]
[96.0, 112.0, 845.0, 674.0]
[32.0, 128.0, 782.0, 690.0]
[32.0, 144.0, 783.0, 707.0]
[64.0, 96.0, 816.0, 660.0]
[64.0, 144.0, 817.0, 709.0]
[16.0, 144.0, 770.0, 710.0]
[32.0, 128.0, 787.0, 694.0]
[32.0, 112.0, 788.0, 679.0]
[48.0, 96.0, 805.0, 664.0]
[32.0, 96.0, 790.0, 664.0]
[80.0, 96.0, 839.0, 665.0]
[0.0, 128.0, 760.0, 698.0]
[112.0, 128.0, 873.0, 699.0]
[112.0, 112.0, 874.0, 684.0]
[64.0, 80.0, 827.0, 652.0]
[32.0, 128.0, 796.0, 701.0]
[48.0, 96.0, 813.0, 670.0]
[80.0, 112.0, 846.0, 686.0]
[96.0, 128.0, 863.0, 703.0]
[16.0, 128.0, 784.0, 704.0]
[80.0, 128.0, 849.0, 705.0]
[0.0, 112.0, 770.0, 690.0]
[64.0, 80.0, 835.0, 658.0]
[48.0, 128.0, 820.0, 707.0]
[16.0, 128.0, 789.0, 708.0]
[0.0, 96.0, 774.0, 676.0]
[80.0, 112.0, 855.0, 693.0]
[64.0, 80.0, 840.0, 662.0]
[64.0, 80.0, 841.0, 663.0]
[32.0, 80.0, 810.0, 664.0]
[32.0, 112.0, 811.0, 696.0]
[96.0, 128.0, 876.0, 713.0]
[48.0, 112.0, 829.0, 698.0]
[16.0, 96.0, 798.0, 682.0]
[16.0, 112.0, 799.0, 699.0]
[32.0, 80.0, 816.0, 668.0]
[80.0, 112.0, 865.0, 701.0]
[16.0, 112.0, 802.0, 702.0]
[48.0, 96.0, 835.0, 686.0]
[0.0, 80.0, 788.0, 671.0]
[16.0, 96.0, 805.0, 688.0]
[32.0, 112.0, 822.0, 704.0]
[32.0, 96.0, 823.0, 689.0]
[32.0, 112.0, 824.0, 706.0]
[48.0, 96.0, 841.0, 691.0]
[64.0, 96.0, 858.0, 692.0]
[32.0, 80.0, 827.0, 676.0]
[16.0, 96.0, 812.0, 693.0]
[0.0, 80.0, 797.0, 678.0]
[32.0, 112.0, 830.0, 710.0]
[16.0, 64.0, 815.0, 663.0]
[64.0, 112.0, 864.0, 712.0]
[0.0, 112.0, 801.0, 713.0]
[16.0, 64.0, 818.0, 666.0]
[32.0, 96.0, 835.0, 698.0]
[16.0, 64.0, 820.0, 667.0]
[64.0, 80.0, 869.0, 684.0]
[48.0, 96.0, 854.0, 700.0]
[32.0, 96.0, 839.0, 701.0]
[32.0, 96.0, 840.0, 702.0]
[32.0, 80.0, 841.0, 687.0]
[32.0, 80.0, 842.0, 688.0]
[0.0, 96.0, 811.0, 704.0]
[0.0, 96.0, 812.0, 705.0]
[32.0, 80.0, 845.0, 690.0]
[48.0, 64.0, 862.0, 674.0]
[0.0, 80.0, 815.0, 691.0]
[32.0, 80.0, 848.0, 692.0]
[0.0, 64.0, 817.0, 677.0]
[16.0, 96.0, 834.0, 710.0]
[0.0, 96.0, 819.0, 710.0]
[0.0, 96.0, 820.0, 711.0]
[16.0, 96.0, 837.0, 712.0]
[16.0, 80.0, 838.0, 696.0]
[0.0, 96.0, 823.0, 713.0]
[48.0, 80.0, 872.0, 698.0]
[48.0, 80.0, 873.0, 699.0]
[32.0, 64.0, 858.0, 684.0]
[48.0, 80.0, 875.0, 700.0]
[32.0, 80.0, 860.0, 701.0]
[32.0, 80.0, 861.0, 702.0]
[0.0, 64.0, 830.0, 686.0]
[32.0, 64.0, 863.0, 687.0]
[32.0, 80.0, 864.0, 704.0]
[32.0, 80.0, 865.0, 705.0]
