[176.0, 112.0, 893.0, 650.0]
[160.0, 112.0, 878.0, 650.0]
[32.0, 96.0, 751.0, 635.0]
[64.0, 80.0, 784.0, 620.0]
[64.0, 112.0, 785.0, 653.0]
[96.0, 80.0, 818.0, 622.0]
[208.0, 80.0, 931.0, 622.0]
[80.0, 96.0, 804.0, 639.0]
[176.0, 80.0, 901.0, 624.0]
[240.0, 96.0, 966.0, 640.0]
[272.0, 96.0, 999.0, 641.0]
[96.0, 96.0, 824.0, 642.0]
[112.0, 80.0, 841.0, 627.0]
[64.0, 112.0, 794.0, 660.0]
[160.0, 96.0, 891.0, 644.0]
[240.0, 80.0, 972.0, 629.0]
[144.0, 112.0, 877.0, 662.0]
[32.0, 112.0, 766.0, 662.0]
[192.0, 128.0, 927.0, 679.0]
[80.0, 80.0, 816.0, 632.0]
[32.0, 96.0, 769.0, 649.0]
[208.0, 64.0, 946.0, 618.0]
[224.0, 128.0, 963.0, 682.0]
[16.0, 80.0, 756.0, 635.0]
[144.0, 96.0, 885.0, 652.0]
[32.0, 96.0, 774.0, 652.0]
[80.0, 96.0, 823.0, 653.0]
[112.0, 112.0, 856.0, 670.0]
[112.0, 64.0, 857.0, 623.0]
[256.0, 80.0, 1002.0, 640.0]
[64.0, 64.0, 811.0, 624.0]
[192.0, 80.0, 940.0, 641.0]
[240.0, 96.0, 989.0, 658.0]
[208.0, 80.0, 958.0, 642.0]
[128.0, 64.0, 879.0, 627.0]
[272.0, 80.0, 1024.0, 644.0]
[64.0, 112.0, 817.0, 677.0]
[192.0, 96.0, 946.0, 662.0]
[192.0, 48.0, 947.0, 614.0]
[144.0, 96.0, 900.0, 663.0]
[192.0, 80.0, 949.0, 648.0]
[48.0, 96.0, 806.0, 664.0]
[208.0, 64.0, 967.0, 633.0]
[208.0, 64.0, 968.0, 634.0]
[64.0, 64.0, 825.0, 635.0]
[224.0, 96.0, 986.0, 668.0]
[48.0, 80.0, 811.0, 652.0]
[96.0, 48.0, 860.0, 621.0]
[144.0, 96.0, 909.0, 670.0]
[176.0, 96.0, 942.0, 670.0]
[208.0, 96.0, 975.0, 671.0]
[80.0, 96.0, 848.0, 672.0]
[32.0, 80.0, 801.0, 657.0]
[208.0, 64.0, 978.0, 642.0]
[64.0, 32.0, 835.0, 610.0]
[208.0, 64.0, 980.0, 643.0]
[0.0, 96.0, 773.0, 676.0]
[80.0, 96.0, 854.0, 676.0]
[0.0, 64.0, 775.0, 645.0]
[96.0, 96.0, 872.0, 678.0]
[208.0, 64.0, 985.0, 647.0]
[160.0, 80.0, 938.0, 664.0]
[128.0, 48.0, 907.0, 632.0]
[128.0, 48.0, 908.0, 633.0]
[80.0, 96.0, 861.0, 682.0]
[80.0, 32.0, 862.0, 618.0]
[96.0, 64.0, 879.0, 651.0]
[160.0, 32.0, 944.0, 620.0]
[16.0, 80.0, 801.0, 669.0]
[80.0, 32.0, 866.0, 622.0]
[192.0, 48.0, 979.0, 638.0]
[48.0, 64.0, 836.0, 655.0]
[16.0, 64.0, 805.0, 656.0]
[160.0, 80.0, 950.0, 672.0]
[32.0, 48.0, 823.0, 641.0]
[80.0, 64.0, 872.0, 658.0]
[96.0, 64.0, 889.0, 659.0]
[128.0, 48.0, 922.0, 644.0]
[48.0, 48.0, 843.0, 644.0]
[224.0, 80.0, 1020.0, 677.0]
[80.0, 80.0, 877.0, 678.0]
[80.0, 16.0, 878.0, 614.0]
[208.0, 32.0, 1007.0, 631.0]
[192.0, 32.0, 992.0, 632.0]
[208.0, 80.0, 1009.0, 681.0]
[160.0, 16.0, 962.0, 618.0]
[48.0, 32.0, 851.0, 634.0]
[192.0, 32.0, 996.0, 635.0]
[64.0, 64.0, 869.0, 668.0]
[80.0, 64.0, 886.0, 668.0]
[208.0, 64.0, 1015.0, 669.0]
[144.0, 16.0, 952.0, 622.0]
[16.0, 64.0, 825.0, 671.0]
[64.0, 32.0, 874.0, 640.0]
[112.0, 48.0, 923.0, 656.0]
[16.0, 48.0, 828.0, 657.0]
[80.0, 64.0, 893.0, 674.0]
[160.0, 0.0, 974.0, 610.0]
[112.0, 16.0, 927.0, 627.0]
[96.0, 64.0, 912.0, 676.0]
[64.0, 0.0, 881.0, 613.0]
[160.0, 64.0, 978.0, 678.0]
[128.0, 16.0, 947.0, 630.0]
[144.0, 0.0, 964.0, 615.0]
[16.0, 32.0, 837.0, 648.0]
[48.0, 48.0, 870.0, 664.0]
[192.0, 64.0, 1015.0, 681.0]
[144.0, 48.0, 968.0, 666.0]
[160.0, 64.0, 985.0, 683.0]
[16.0, 16.0, 842.0, 636.0]
[64.0, 16.0, 891.0, 636.0]
[64.0, 16.0, 892.0, 637.0]
[48.0, 0.0, 877.0, 622.0]
[48.0, 48.0, 878.0, 670.0]
[80.0, 32.0, 911.0, 655.0]
[80.0, 0.0, 912.0, 624.0]
[0.0, 48.0, 833.0, 673.0]
[144.0, 0.0, 978.0, 626.0]
[144.0, 32.0, 979.0, 658.0]
[96.0, 32.0, 932.0, 659.0]
[128.0, 32.0, 965.0, 660.0]
[128.0, 0.0, 966.0, 628.0]
[0.0, 32.0, 839.0, 661.0]
[144.0, 48.0, 984.0, 678.0]
[48.0, 16.0, 889.0, 647.0]
[32.0, 48.0, 874.0, 680.0]
[80.0, 48.0, 923.0, 680.0]
[64.0, 48.0, 908.0, 681.0]
[128.0, 48.0, 973.0, 682.0]
[80.0, 0.0, 926.0, 634.0]
[96.0, 48.0, 943.0, 683.0]
[48.0, 32.0, 896.0, 668.0]
[64.0, 32.0, 913.0, 669.0]
[112.0, 16.0, 962.0, 654.0]
[64.0, 32.0, 915.0, 670.0]
[112.0, 32.0, 964.0, 671.0]
[160.0, 16.0, 1013.0, 656.0]
[32.0, 32.0, 886.0, 672.0]
[128.0, 32.0, 983.0, 673.0]
[112.0, 16.0, 968.0, 658.0]
[0.0, 32.0, 857.0, 675.0]
[80.0, 16.0, 938.0, 660.0]
[16.0, 0.0, 875.0, 644.0]
[32.0, 32.0, 892.0, 677.0]
[112.0, 0.0, 973.0, 646.0]
[128.0, 16.0, 990.0, 662.0]
[64.0, 0.0, 927.0, 647.0]
[96.0, 32.0, 960.0, 680.0]
[96.0, 16.0, 961.0, 665.0]
[128.0, 16.0, 994.0, 666.0]
[48.0, 32.0, 915.0, 682.0]
[128.0, 16.0, 996.0, 667.0]
[16.0, 0.0, 885.0, 652.0]
[0.0, 16.0, 870.0, 668.0]
[96.0, 16.0, 967.0, 669.0]
[48.0, 0.0, 920.0, 654.0]
[32.0, 16.0, 905.0, 671.0]
[80.0, 16.0, 954.0, 672.0]
[48.0, 0.0, 923.0, 656.0]
[112.0, 16.0, 988.0, 673.0]
[96.0, 16.0, 973.0, 674.0]
[48.0, 16.0, 926.0, 674.0]
[48.0, 0.0, 927.0, 659.0]
[16.0, 0.0, 896.0, 660.0]
[96.0, 16.0, 977.0, 677.0]
[0.0, 16.0, 882.0, 678.0]
[128.0, 16.0, 1011.0, 678.0]
[128.0, 0.0, 1012.0, 663.0]
[48.0, 16.0, 933.0, 680.0]
[96.0, 0.0, 982.0, 664.0]
[64.0, 0.0, 951.0, 665.0]
[80.0, 16.0, 968.0, 682.0]
[48.0, 0.0, 937.0, 667.0]
[96.0, 0.0, 986.0, 668.0]
[32.0, 0.0, 923.0, 668.0]
[32.0, 0.0, 924.0, 669.0]
[96.0, 0.0, 989.0, 670.0]
[80.0, 0.0, 974.0, 670.0]
[16.0, 0.0, 911.0, 671.0]
[0.0, 0.0, 896.0, 672.0]
[64.0, 0.0, 961.0, 673.0]
[32.0, 0.0, 930.0, 674.0]
[112.0, 0.0, 1011.0, 674.0]
[96.0, 0.0, 996.0, 675.0]
[96.0, 0.0, 997.0, 676.0]
[96.0, 0.0, 998.0, 676.0]
[16.0, 0.0, 919.0, 677.0]
[16.0, 0.0, 920.0, 678.0]
[112.0, 0.0, 1017.0, 679.0]
[64.0, 0.0, 970.0, 680.0]
[0.0, 0.0, 907.0, 680.0]
[16.0, 0.0, 924.0, 681.0]
[32.0, 0.0, 941.0, 682.0]
[16.0, 0.0, 926.0, 682.0]
[96.0, 0.0, 1007.0, 683.0]
