[16.0, 112.0, 733.0, 650.0]
[48.0, 64.0, 766.0, 602.0]
[32.0, 112.0, 751.0, 651.0]
[0.0, 80.0, 720.0, 620.0]
[0.0, 80.0, 721.0, 621.0]
[96.0, 96.0, 818.0, 638.0]
[16.0, 80.0, 739.0, 622.0]
[16.0, 128.0, 740.0, 671.0]
[48.0, 112.0, 773.0, 656.0]
[16.0, 64.0, 742.0, 608.0]
[48.0, 80.0, 775.0, 625.0]
[32.0, 64.0, 760.0, 610.0]
[0.0, 96.0, 729.0, 643.0]
[48.0, 64.0, 778.0, 612.0]
[64.0, 80.0, 795.0, 628.0]
[32.0, 16.0, 764.0, 565.0]
[16.0, 64.0, 749.0, 614.0]
[48.0, 128.0, 782.0, 678.0]
[0.0, 112.0, 735.0, 663.0]
[64.0, 96.0, 800.0, 648.0]
[16.0, 80.0, 753.0, 633.0]
[96.0, 80.0, 834.0, 634.0]
[0.0, 112.0, 739.0, 666.0]
[16.0, 112.0, 756.0, 667.0]
[0.0, 16.0, 741.0, 572.0]
[16.0, 0.0, 758.0, 556.0]
[80.0, 64.0, 823.0, 621.0]
[80.0, 112.0, 824.0, 670.0]
[80.0, 48.0, 825.0, 607.0]
[16.0, 32.0, 762.0, 592.0]
[64.0, 64.0, 811.0, 624.0]
[16.0, 16.0, 764.0, 577.0]
[32.0, 0.0, 781.0, 562.0]
[48.0, 80.0, 798.0, 642.0]
[0.0, 16.0, 751.0, 579.0]
[32.0, 64.0, 784.0, 628.0]
[0.0, 112.0, 753.0, 677.0]
[80.0, 16.0, 834.0, 582.0]
[80.0, 96.0, 835.0, 662.0]
[16.0, 80.0, 772.0, 647.0]
[48.0, 64.0, 805.0, 632.0]
[16.0, 0.0, 774.0, 568.0]
[0.0, 96.0, 759.0, 665.0]
[0.0, 16.0, 760.0, 586.0]
[0.0, 112.0, 761.0, 683.0]
[96.0, 48.0, 858.0, 620.0]
[64.0, 16.0, 827.0, 588.0]
[96.0, 80.0, 860.0, 653.0]
[48.0, 80.0, 813.0, 654.0]
[0.0, 96.0, 766.0, 670.0]
[96.0, 48.0, 863.0, 623.0]
[48.0, 0.0, 816.0, 576.0]
[64.0, 64.0, 833.0, 641.0]
[64.0, 96.0, 834.0, 674.0]
[32.0, 16.0, 803.0, 594.0]
[0.0, 0.0, 772.0, 579.0]
[0.0, 32.0, 773.0, 612.0]
[16.0, 80.0, 790.0, 660.0]
[48.0, 96.0, 823.0, 677.0]
[96.0, 64.0, 872.0, 646.0]
[48.0, 64.0, 825.0, 647.0]
[16.0, 96.0, 794.0, 680.0]
[48.0, 64.0, 827.0, 648.0]
[64.0, 96.0, 844.0, 681.0]
[48.0, 80.0, 829.0, 666.0]
[16.0, 80.0, 798.0, 666.0]
[80.0, 48.0, 863.0, 635.0]
[16.0, 16.0, 800.0, 604.0]
[48.0, 32.0, 833.0, 621.0]
[16.0, 0.0, 802.0, 590.0]
[48.0, 48.0, 835.0, 638.0]
[0.0, 32.0, 788.0, 623.0]
[32.0, 80.0, 821.0, 672.0]
[48.0, 64.0, 838.0, 656.0]
[48.0, 16.0, 839.0, 609.0]
[0.0, 80.0, 792.0, 674.0]
[0.0, 16.0, 793.0, 611.0]
[16.0, 16.0, 810.0, 612.0]
[64.0, 80.0, 859.0, 676.0]
[16.0, 16.0, 812.0, 613.0]
[48.0, 64.0, 845.0, 662.0]
[32.0, 48.0, 830.0, 646.0]
[64.0, 16.0, 863.0, 615.0]
[48.0, 80.0, 848.0, 680.0]
[48.0, 16.0, 849.0, 617.0]
[32.0, 32.0, 834.0, 634.0]
[16.0, 0.0, 819.0, 602.0]
[16.0, 16.0, 820.0, 619.0]
[0.0, 64.0, 805.0, 668.0]
[0.0, 16.0, 806.0, 620.0]
[48.0, 48.0, 855.0, 653.0]
[64.0, 48.0, 872.0, 654.0]
[80.0, 48.0, 889.0, 655.0]
[64.0, 48.0, 874.0, 656.0]
[96.0, 32.0, 907.0, 640.0]
[96.0, 48.0, 908.0, 657.0]
[16.0, 32.0, 829.0, 642.0]
[64.0, 64.0, 878.0, 674.0]
[0.0, 48.0, 815.0, 659.0]
[32.0, 32.0, 848.0, 644.0]
[32.0, 48.0, 849.0, 661.0]
[0.0, 32.0, 818.0, 646.0]
[16.0, 64.0, 835.0, 678.0]
[16.0, 0.0, 836.0, 615.0]
[32.0, 48.0, 853.0, 664.0]
[16.0, 64.0, 838.0, 680.0]
[80.0, 16.0, 903.0, 633.0]
[0.0, 0.0, 824.0, 618.0]
[64.0, 48.0, 889.0, 667.0]
[16.0, 16.0, 842.0, 636.0]
[32.0, 0.0, 859.0, 620.0]
[0.0, 48.0, 828.0, 669.0]
[16.0, 16.0, 845.0, 638.0]
[0.0, 48.0, 830.0, 670.0]
[0.0, 32.0, 831.0, 655.0]
[0.0, 32.0, 832.0, 656.0]
[48.0, 32.0, 881.0, 657.0]
[32.0, 0.0, 866.0, 626.0]
[48.0, 0.0, 883.0, 626.0]
[64.0, 16.0, 900.0, 643.0]
[0.0, 0.0, 837.0, 628.0]
[16.0, 32.0, 854.0, 660.0]
[48.0, 32.0, 887.0, 661.0]
[48.0, 0.0, 888.0, 630.0]
[48.0, 0.0, 889.0, 631.0]
[64.0, 32.0, 906.0, 664.0]
[32.0, 0.0, 875.0, 632.0]
[48.0, 0.0, 892.0, 633.0]
[48.0, 0.0, 893.0, 634.0]
[48.0, 16.0, 894.0, 650.0]
[0.0, 48.0, 847.0, 683.0]
[64.0, 0.0, 912.0, 636.0]
[16.0, 0.0, 865.0, 637.0]
[16.0, 32.0, 866.0, 670.0]
[64.0, 32.0, 915.0, 670.0]
[64.0, 32.0, 916.0, 671.0]
[64.0, 0.0, 917.0, 640.0]
[80.0, 16.0, 934.0, 656.0]
[64.0, 0.0, 919.0, 641.0]
[0.0, 16.0, 856.0, 658.0]
[48.0, 32.0, 905.0, 675.0]
[0.0, 16.0, 858.0, 660.0]
[48.0, 0.0, 907.0, 644.0]
[64.0, 32.0, 924.0, 677.0]
[0.0, 32.0, 861.0, 678.0]
[16.0, 16.0, 878.0, 662.0]
[48.0, 32.0, 911.0, 679.0]
[0.0, 32.0, 864.0, 680.0]
[48.0, 16.0, 913.0, 665.0]
[16.0, 0.0, 882.0, 650.0]
[64.0, 16.0, 931.0, 666.0]
[48.0, 16.0, 916.0, 667.0]
[32.0, 0.0, 901.0, 652.0]
[0.0, 16.0, 870.0, 668.0]
[48.0, 16.0, 919.0, 669.0]
[32.0, 16.0, 904.0, 670.0]
[32.0, 16.0, 905.0, 671.0]
[16.0, 0.0, 890.0, 656.0]
[0.0, 0.0, 875.0, 656.0]
[48.0, 0.0, 924.0, 657.0]
[16.0, 0.0, 893.0, 658.0]
[48.0, 0.0, 926.0, 658.0]
[32.0, 16.0, 911.0, 675.0]
[48.0, 16.0, 928.0, 676.0]
[32.0, 0.0, 913.0, 661.0]
[0.0, 16.0, 882.0, 678.0]
[0.0, 0.0, 883.0, 662.0]
[0.0, 16.0, 884.0, 679.0]
[48.0, 0.0, 933.0, 664.0]
[0.0, 0.0, 886.0, 664.0]
[32.0, 16.0, 919.0, 681.0]
[48.0, 16.0, 936.0, 682.0]
[0.0, 0.0, 889.0, 667.0]
[16.0, 0.0, 906.0, 668.0]
[32.0, 0.0, 923.0, 668.0]
[0.0, 0.0, 892.0, 669.0]
[0.0, 0.0, 893.0, 670.0]
[32.0, 0.0, 926.0, 670.0]
[48.0, 0.0, 943.0, 671.0]
[32.0, 0.0, 928.0, 672.0]
[16.0, 0.0, 913.0, 673.0]
[16.0, 0.0, 914.0, 674.0]
[16.0, 0.0, 915.0, 674.0]
[0.0, 0.0, 900.0, 675.0]
[32.0, 0.0, 933.0, 676.0]
[32.0, 0.0, 934.0, 676.0]
