[48.0, 96.0, 765.0, 634.0]
[48.0, 48.0, 766.0, 586.0]
[96.0, 32.0, 815.0, 571.0]
[144.0, 48.0, 864.0, 588.0]
[64.0, 32.0, 785.0, 573.0]
[176.0, 112.0, 898.0, 654.0]
[160.0, 96.0, 883.0, 638.0]
[128.0, 48.0, 852.0, 591.0]
[128.0, 80.0, 853.0, 624.0]
[144.0, 64.0, 870.0, 608.0]
[64.0, 64.0, 791.0, 609.0]
[160.0, 112.0, 888.0, 658.0]
[96.0, 16.0, 825.0, 563.0]
[192.0, 48.0, 922.0, 596.0]
[16.0, 80.0, 747.0, 628.0]
[176.0, 80.0, 908.0, 629.0]
[176.0, 32.0, 909.0, 582.0]
[48.0, 32.0, 782.0, 582.0]
[160.0, 64.0, 895.0, 615.0]
[64.0, 80.0, 800.0, 632.0]
[80.0, 80.0, 817.0, 633.0]
[112.0, 48.0, 850.0, 602.0]
[48.0, 16.0, 787.0, 570.0]
[192.0, 80.0, 932.0, 635.0]
[144.0, 96.0, 885.0, 652.0]
[96.0, 112.0, 838.0, 668.0]
[80.0, 80.0, 823.0, 637.0]
[64.0, 48.0, 808.0, 606.0]
[112.0, 96.0, 857.0, 655.0]
[0.0, 32.0, 746.0, 592.0]
[80.0, 48.0, 827.0, 608.0]
[16.0, 16.0, 764.0, 577.0]
[0.0, 32.0, 749.0, 594.0]
[32.0, 112.0, 782.0, 674.0]
[16.0, 48.0, 767.0, 611.0]
[128.0, 48.0, 880.0, 612.0]
[80.0, 16.0, 833.0, 581.0]
[64.0, 32.0, 818.0, 598.0]
[96.0, 64.0, 851.0, 630.0]
[64.0, 16.0, 820.0, 583.0]
[16.0, 16.0, 773.0, 584.0]
[80.0, 112.0, 838.0, 680.0]
[80.0, 64.0, 839.0, 633.0]
[176.0, 96.0, 936.0, 666.0]
[32.0, 0.0, 793.0, 571.0]
[32.0, 96.0, 794.0, 668.0]
[128.0, 64.0, 891.0, 636.0]
[96.0, 32.0, 860.0, 605.0]
[144.0, 0.0, 909.0, 574.0]
[128.0, 16.0, 894.0, 590.0]
[32.0, 64.0, 799.0, 639.0]
[64.0, 16.0, 832.0, 592.0]
[48.0, 96.0, 817.0, 673.0]
[0.0, 64.0, 770.0, 642.0]
[192.0, 32.0, 963.0, 610.0]
[112.0, 16.0, 884.0, 595.0]
[80.0, 32.0, 853.0, 612.0]
[0.0, 64.0, 774.0, 644.0]
[64.0, 16.0, 839.0, 597.0]
[80.0, 80.0, 856.0, 662.0]
[144.0, 80.0, 921.0, 663.0]
[48.0, 96.0, 826.0, 680.0]
[48.0, 64.0, 827.0, 648.0]
[96.0, 64.0, 876.0, 649.0]
[144.0, 64.0, 925.0, 650.0]
[32.0, 96.0, 814.0, 682.0]
[32.0, 0.0, 815.0, 587.0]
[32.0, 16.0, 816.0, 604.0]
[176.0, 48.0, 961.0, 637.0]
[128.0, 80.0, 914.0, 670.0]
[32.0, 48.0, 819.0, 638.0]
[80.0, 48.0, 868.0, 639.0]
[16.0, 48.0, 805.0, 640.0]
[128.0, 48.0, 918.0, 640.0]
[48.0, 64.0, 839.0, 657.0]
[112.0, 0.0, 904.0, 594.0]
[48.0, 32.0, 841.0, 627.0]
[160.0, 80.0, 954.0, 676.0]
[16.0, 0.0, 811.0, 596.0]
[128.0, 64.0, 924.0, 661.0]
[32.0, 64.0, 829.0, 662.0]
[160.0, 0.0, 958.0, 598.0]
[0.0, 0.0, 799.0, 599.0]
[64.0, 16.0, 864.0, 616.0]
[48.0, 80.0, 849.0, 681.0]
[48.0, 48.0, 850.0, 650.0]
[32.0, 0.0, 835.0, 602.0]
[112.0, 32.0, 916.0, 635.0]
[192.0, 48.0, 997.0, 652.0]
[144.0, 16.0, 950.0, 620.0]
[64.0, 64.0, 871.0, 669.0]
[112.0, 0.0, 920.0, 606.0]
[32.0, 48.0, 841.0, 655.0]
[144.0, 0.0, 954.0, 608.0]
[192.0, 32.0, 1003.0, 640.0]
[144.0, 48.0, 956.0, 657.0]
[64.0, 0.0, 877.0, 610.0]
[64.0, 48.0, 878.0, 658.0]
[160.0, 16.0, 975.0, 627.0]
[128.0, 16.0, 944.0, 628.0]
[160.0, 32.0, 977.0, 645.0]
[112.0, 32.0, 930.0, 646.0]
[144.0, 48.0, 963.0, 662.0]
[112.0, 16.0, 932.0, 631.0]
[128.0, 0.0, 949.0, 616.0]
[96.0, 48.0, 918.0, 664.0]
[48.0, 32.0, 871.0, 649.0]
[160.0, 48.0, 984.0, 666.0]
[32.0, 48.0, 857.0, 667.0]
[160.0, 48.0, 986.0, 668.0]
[16.0, 16.0, 843.0, 636.0]
[128.0, 48.0, 956.0, 669.0]
[32.0, 48.0, 861.0, 670.0]
[64.0, 48.0, 894.0, 670.0]
[48.0, 16.0, 879.0, 639.0]
[0.0, 32.0, 832.0, 656.0]
[96.0, 48.0, 929.0, 673.0]
[64.0, 48.0, 898.0, 674.0]
[80.0, 48.0, 915.0, 674.0]
[16.0, 48.0, 852.0, 675.0]
[64.0, 48.0, 901.0, 676.0]
[48.0, 16.0, 886.0, 644.0]
[128.0, 0.0, 967.0, 629.0]
[32.0, 48.0, 872.0, 678.0]
[176.0, 32.0, 1017.0, 663.0]
[64.0, 48.0, 906.0, 680.0]
[128.0, 0.0, 971.0, 632.0]
[0.0, 48.0, 844.0, 681.0]
[80.0, 0.0, 925.0, 634.0]
[112.0, 0.0, 958.0, 634.0]
[64.0, 48.0, 911.0, 683.0]
[64.0, 32.0, 912.0, 668.0]
[32.0, 0.0, 881.0, 637.0]
[160.0, 16.0, 1010.0, 654.0]
[144.0, 16.0, 995.0, 654.0]
[160.0, 32.0, 1012.0, 671.0]
[96.0, 32.0, 949.0, 672.0]
[64.0, 0.0, 918.0, 640.0]
[144.0, 16.0, 999.0, 657.0]
[128.0, 0.0, 984.0, 642.0]
[80.0, 32.0, 937.0, 675.0]
[80.0, 16.0, 938.0, 660.0]
[80.0, 32.0, 939.0, 676.0]
[144.0, 0.0, 1004.0, 645.0]
[64.0, 32.0, 925.0, 678.0]
[48.0, 0.0, 910.0, 646.0]
[64.0, 32.0, 927.0, 679.0]
[32.0, 16.0, 896.0, 664.0]
[0.0, 16.0, 865.0, 665.0]
[64.0, 0.0, 930.0, 650.0]
[96.0, 0.0, 963.0, 650.0]
[144.0, 32.0, 1012.0, 683.0]
[32.0, 0.0, 901.0, 652.0]
[48.0, 16.0, 918.0, 668.0]
[96.0, 16.0, 967.0, 669.0]
[16.0, 16.0, 888.0, 670.0]
[32.0, 0.0, 905.0, 655.0]
[112.0, 0.0, 986.0, 656.0]
[48.0, 16.0, 923.0, 672.0]
[80.0, 16.0, 956.0, 673.0]
[128.0, 16.0, 1005.0, 674.0]
[48.0, 0.0, 926.0, 658.0]
[80.0, 16.0, 959.0, 675.0]
[32.0, 16.0, 912.0, 676.0]
[0.0, 16.0, 881.0, 677.0]
[0.0, 0.0, 882.0, 662.0]
[32.0, 16.0, 915.0, 678.0]
[128.0, 0.0, 1012.0, 663.0]
[0.0, 0.0, 885.0, 664.0]
[48.0, 0.0, 934.0, 664.0]
[0.0, 0.0, 887.0, 665.0]
[80.0, 16.0, 968.0, 682.0]
[128.0, 0.0, 1017.0, 667.0]
[128.0, 0.0, 1018.0, 668.0]
[80.0, 0.0, 971.0, 668.0]
[16.0, 0.0, 908.0, 669.0]
[96.0, 0.0, 989.0, 670.0]
[16.0, 0.0, 910.0, 670.0]
[96.0, 0.0, 991.0, 671.0]
[96.0, 0.0, 992.0, 672.0]
[32.0, 0.0, 929.0, 673.0]
[16.0, 0.0, 914.0, 674.0]
[112.0, 0.0, 1011.0, 674.0]
[96.0, 0.0, 996.0, 675.0]
[32.0, 0.0, 933.0, 676.0]
[48.0, 0.0, 950.0, 676.0]
[48.0, 0.0, 951.0, 677.0]
[0.0, 0.0, 904.0, 678.0]
[48.0, 0.0, 953.0, 679.0]
[16.0, 0.0, 922.0, 680.0]
[32.0, 0.0, 939.0, 680.0]
[32.0, 0.0, 940.0, 681.0]
[96.0, 0.0, 1005.0, 682.0]
[16.0, 0.0, 926.0, 682.0]
[32.0, 0.0, 943.0, 683.0]
