[144.0, 32.0, 861.0, 570.0]
[272.0, 0.0, 990.0, 538.0]
[256.0, 32.0, 975.0, 571.0]
[144.0, 16.0, 864.0, 556.0]
[256.0, 0.0, 977.0, 541.0]
[192.0, 16.0, 914.0, 558.0]
[256.0, 32.0, 979.0, 574.0]
[128.0, 16.0, 852.0, 559.0]
[240.0, 0.0, 965.0, 544.0]
[208.0, 32.0, 934.0, 576.0]
[192.0, 0.0, 919.0, 545.0]
[160.0, 0.0, 888.0, 546.0]
[256.0, 16.0, 985.0, 563.0]
[128.0, 0.0, 858.0, 548.0]
[144.0, 32.0, 875.0, 580.0]
[144.0, 0.0, 876.0, 549.0]
[176.0, 32.0, 909.0, 582.0]
[144.0, 0.0, 878.0, 550.0]
[176.0, 16.0, 911.0, 567.0]
[176.0, 16.0, 912.0, 568.0]
[128.0, 16.0, 865.0, 569.0]
[128.0, 16.0, 866.0, 570.0]
[144.0, 16.0, 883.0, 570.0]
[128.0, 0.0, 868.0, 555.0]
[224.0, 32.0, 965.0, 588.0]
[224.0, 32.0, 966.0, 588.0]
[144.0, 0.0, 887.0, 557.0]
[192.0, 16.0, 936.0, 574.0]
[192.0, 0.0, 937.0, 559.0]
[208.0, 32.0, 954.0, 592.0]
[224.0, 32.0, 971.0, 592.0]
[240.0, 16.0, 988.0, 577.0]
[240.0, 16.0, 989.0, 578.0]
[128.0, 16.0, 878.0, 578.0]
[176.0, 0.0, 927.0, 563.0]
[160.0, 0.0, 912.0, 564.0]
[192.0, 32.0, 945.0, 597.0]
[240.0, 16.0, 994.0, 582.0]
[192.0, 32.0, 947.0, 598.0]
[208.0, 0.0, 964.0, 567.0]
[128.0, 16.0, 885.0, 584.0]
[192.0, 0.0, 950.0, 568.0]
[128.0, 0.0, 887.0, 569.0]
[192.0, 32.0, 952.0, 602.0]
[208.0, 16.0, 969.0, 587.0]
[224.0, 32.0, 986.0, 604.0]
[208.0, 16.0, 971.0, 588.0]
[192.0, 0.0, 956.0, 573.0]
[128.0, 0.0, 893.0, 574.0]
[208.0, 16.0, 974.0, 590.0]
[224.0, 0.0, 991.0, 575.0]
[144.0, 0.0, 912.0, 576.0]
[208.0, 32.0, 977.0, 609.0]
[224.0, 16.0, 994.0, 594.0]
[160.0, 0.0, 931.0, 578.0]
[192.0, 0.0, 964.0, 579.0]
[208.0, 16.0, 981.0, 596.0]
[176.0, 32.0, 950.0, 612.0]
[160.0, 32.0, 935.0, 613.0]
[176.0, 0.0, 952.0, 582.0]
[160.0, 0.0, 937.0, 583.0]
[176.0, 32.0, 954.0, 616.0]
[128.0, 16.0, 907.0, 600.0]
[144.0, 16.0, 924.0, 601.0]
[160.0, 32.0, 941.0, 618.0]
[192.0, 0.0, 974.0, 586.0]
[176.0, 16.0, 959.0, 603.0]
[128.0, 16.0, 912.0, 604.0]
[208.0, 16.0, 993.0, 605.0]
[176.0, 0.0, 962.0, 590.0]
[128.0, 0.0, 915.0, 590.0]
[192.0, 32.0, 980.0, 623.0]
[192.0, 0.0, 981.0, 592.0]
[144.0, 0.0, 934.0, 592.0]
[144.0, 16.0, 935.0, 609.0]
[192.0, 32.0, 984.0, 626.0]
[176.0, 0.0, 969.0, 595.0]
[192.0, 16.0, 986.0, 612.0]
[144.0, 0.0, 939.0, 596.0]
[144.0, 0.0, 940.0, 597.0]
[192.0, 16.0, 989.0, 614.0]
[160.0, 16.0, 958.0, 614.0]
[144.0, 0.0, 943.0, 599.0]
[176.0, 32.0, 976.0, 632.0]
[144.0, 32.0, 945.0, 633.0]
[128.0, 32.0, 930.0, 634.0]
[160.0, 16.0, 963.0, 618.0]
[144.0, 32.0, 948.0, 635.0]
[144.0, 16.0, 949.0, 620.0]
[144.0, 32.0, 950.0, 636.0]
[176.0, 0.0, 983.0, 605.0]
[176.0, 16.0, 984.0, 622.0]
[160.0, 0.0, 969.0, 607.0]
[160.0, 16.0, 970.0, 624.0]
[176.0, 16.0, 987.0, 624.0]
[144.0, 16.0, 956.0, 625.0]
[176.0, 16.0, 989.0, 626.0]
[160.0, 16.0, 974.0, 626.0]
[128.0, 0.0, 943.0, 611.0]
[160.0, 32.0, 976.0, 644.0]
[144.0, 32.0, 961.0, 645.0]
[160.0, 16.0, 978.0, 630.0]
[144.0, 16.0, 963.0, 630.0]
[144.0, 0.0, 964.0, 615.0]
[128.0, 0.0, 949.0, 616.0]
[144.0, 0.0, 966.0, 616.0]
[128.0, 16.0, 951.0, 633.0]
[160.0, 16.0, 984.0, 634.0]
[160.0, 16.0, 985.0, 635.0]
[160.0, 16.0, 986.0, 636.0]
[128.0, 32.0, 955.0, 652.0]
[144.0, 16.0, 972.0, 637.0]
[128.0, 32.0, 957.0, 654.0]
[128.0, 32.0, 958.0, 654.0]
[128.0, 16.0, 959.0, 639.0]
[128.0, 0.0, 960.0, 624.0]
[144.0, 16.0, 977.0, 641.0]
[128.0, 0.0, 962.0, 626.0]
[144.0, 16.0, 979.0, 642.0]
[144.0, 0.0, 980.0, 627.0]
[128.0, 16.0, 965.0, 644.0]
[144.0, 16.0, 982.0, 644.0]
[128.0, 0.0, 967.0, 629.0]
[144.0, 16.0, 984.0, 646.0]
[144.0, 16.0, 985.0, 647.0]
[144.0, 0.0, 986.0, 632.0]
[144.0, 16.0, 987.0, 648.0]
[128.0, 0.0, 972.0, 633.0]
[128.0, 0.0, 973.0, 634.0]
[128.0, 0.0, 974.0, 634.0]
[128.0, 0.0, 975.0, 635.0]
[128.0, 0.0, 976.0, 636.0]
[128.0, 0.0, 977.0, 637.0]
[128.0, 0.0, 978.0, 638.0]
[128.0, 0.0, 979.0, 638.0]
[128.0, 16.0, 980.0, 655.0]
[128.0, 0.0, 981.0, 640.0]
[128.0, 0.0, 982.0, 640.0]
[128.0, 0.0, 983.0, 641.0]
[128.0, 16.0, 984.0, 658.0]
