[48.0, 80.0, 833.0, 669.0]
[176.0, 80.0, 962.0, 670.0]
[176.0, 128.0, 963.0, 718.0]
[64.0, 112.0, 852.0, 703.0]
[80.0, 32.0, 869.0, 624.0]
[160.0, 112.0, 950.0, 704.0]
[64.0, 128.0, 855.0, 721.0]
[48.0, 64.0, 840.0, 658.0]
[192.0, 112.0, 985.0, 707.0]
[144.0, 112.0, 938.0, 708.0]
[96.0, 96.0, 891.0, 692.0]
[96.0, 64.0, 892.0, 661.0]
[112.0, 96.0, 909.0, 694.0]
[64.0, 48.0, 862.0, 646.0]
[80.0, 112.0, 879.0, 711.0]
[32.0, 48.0, 832.0, 648.0]
[192.0, 80.0, 993.0, 681.0]
[96.0, 96.0, 898.0, 698.0]
[128.0, 80.0, 931.0, 682.0]
[80.0, 96.0, 884.0, 699.0]
[32.0, 32.0, 837.0, 636.0]
[128.0, 64.0, 934.0, 668.0]
[128.0, 80.0, 935.0, 685.0]
[96.0, 32.0, 904.0, 638.0]
[192.0, 112.0, 1001.0, 719.0]
[16.0, 32.0, 826.0, 640.0]
[112.0, 80.0, 923.0, 688.0]
[176.0, 96.0, 988.0, 705.0]
[80.0, 80.0, 893.0, 690.0]
[16.0, 32.0, 830.0, 642.0]
[48.0, 112.0, 863.0, 723.0]
[80.0, 80.0, 896.0, 692.0]
[112.0, 64.0, 929.0, 677.0]
[64.0, 80.0, 882.0, 694.0]
[176.0, 96.0, 995.0, 710.0]
[112.0, 96.0, 932.0, 711.0]
[96.0, 144.0, 917.0, 760.0]
[112.0, 16.0, 934.0, 632.0]
[0.0, 80.0, 823.0, 697.0]
[192.0, 64.0, 1016.0, 682.0]
[16.0, 64.0, 841.0, 683.0]
[96.0, 96.0, 922.0, 716.0]
[176.0, 80.0, 1003.0, 700.0]
[176.0, 96.0, 1004.0, 717.0]
[144.0, 144.0, 973.0, 766.0]
[48.0, 96.0, 878.0, 718.0]
[112.0, 16.0, 943.0, 639.0]
[128.0, 64.0, 960.0, 688.0]
[32.0, 80.0, 865.0, 705.0]
[112.0, 16.0, 946.0, 642.0]
[160.0, 96.0, 995.0, 722.0]
[64.0, 32.0, 900.0, 659.0]
[144.0, 112.0, 981.0, 740.0]
[176.0, 64.0, 1014.0, 692.0]
[32.0, 96.0, 871.0, 725.0]
[160.0, 0.0, 1000.0, 630.0]
[160.0, 112.0, 1001.0, 743.0]
[96.0, 32.0, 938.0, 664.0]
[64.0, 48.0, 907.0, 680.0]
[128.0, 0.0, 972.0, 633.0]
[48.0, 48.0, 893.0, 682.0]
[80.0, 16.0, 926.0, 650.0]
[160.0, 32.0, 1007.0, 667.0]
[128.0, 128.0, 976.0, 764.0]
[16.0, 32.0, 865.0, 669.0]
[32.0, 0.0, 882.0, 638.0]
[32.0, 112.0, 883.0, 750.0]
[32.0, 96.0, 884.0, 735.0]
[16.0, 64.0, 869.0, 704.0]
[96.0, 0.0, 950.0, 640.0]
[48.0, 32.0, 903.0, 673.0]
[32.0, 112.0, 888.0, 754.0]
[64.0, 0.0, 921.0, 643.0]
[32.0, 80.0, 890.0, 724.0]
[16.0, 80.0, 875.0, 724.0]
[64.0, 48.0, 924.0, 693.0]
[160.0, 80.0, 1021.0, 726.0]
[144.0, 64.0, 1006.0, 710.0]
[16.0, 0.0, 879.0, 647.0]
[48.0, 32.0, 912.0, 680.0]
[48.0, 16.0, 913.0, 665.0]
[144.0, 48.0, 1010.0, 698.0]
[128.0, 0.0, 995.0, 650.0]
[96.0, 0.0, 964.0, 651.0]
[64.0, 0.0, 933.0, 652.0]
[80.0, 80.0, 950.0, 732.0]
[64.0, 112.0, 935.0, 765.0]
[80.0, 112.0, 952.0, 766.0]
[0.0, 48.0, 873.0, 703.0]
[64.0, 64.0, 938.0, 720.0]
[64.0, 64.0, 939.0, 720.0]
[96.0, 16.0, 972.0, 673.0]
[32.0, 96.0, 909.0, 754.0]
[16.0, 0.0, 894.0, 658.0]
[64.0, 16.0, 943.0, 675.0]
[48.0, 16.0, 928.0, 676.0]
[96.0, 16.0, 977.0, 677.0]
[128.0, 16.0, 1010.0, 678.0]
[32.0, 64.0, 915.0, 726.0]
[32.0, 16.0, 916.0, 679.0]
[96.0, 64.0, 981.0, 728.0]
[80.0, 0.0, 966.0, 664.0]
[48.0, 64.0, 935.0, 729.0]
[32.0, 64.0, 920.0, 730.0]
[32.0, 96.0, 921.0, 763.0]
[32.0, 16.0, 922.0, 684.0]
[32.0, 32.0, 923.0, 700.0]
[32.0, 0.0, 924.0, 669.0]
[128.0, 64.0, 1021.0, 734.0]
[0.0, 96.0, 894.0, 766.0]
[64.0, 64.0, 959.0, 735.0]
[112.0, 64.0, 1008.0, 736.0]
[0.0, 48.0, 897.0, 721.0]
[96.0, 64.0, 994.0, 738.0]
[0.0, 16.0, 899.0, 690.0]
[32.0, 16.0, 932.0, 691.0]
[64.0, 32.0, 965.0, 708.0]
[16.0, 32.0, 918.0, 708.0]
[48.0, 0.0, 951.0, 677.0]
[48.0, 16.0, 952.0, 694.0]
[96.0, 80.0, 1001.0, 759.0]
[16.0, 48.0, 922.0, 728.0]
[96.0, 32.0, 1003.0, 712.0]
[48.0, 80.0, 956.0, 761.0]
[48.0, 64.0, 957.0, 746.0]
[96.0, 48.0, 1006.0, 730.0]
[32.0, 64.0, 943.0, 747.0]
[32.0, 16.0, 944.0, 700.0]
[64.0, 0.0, 977.0, 685.0]
[64.0, 80.0, 978.0, 766.0]
[48.0, 0.0, 963.0, 686.0]
[32.0, 48.0, 948.0, 735.0]
[0.0, 48.0, 917.0, 736.0]
[80.0, 0.0, 998.0, 688.0]
[96.0, 16.0, 1015.0, 705.0]
[32.0, 16.0, 952.0, 706.0]
[96.0, 32.0, 1017.0, 723.0]
[64.0, 64.0, 986.0, 756.0]
[16.0, 48.0, 939.0, 740.0]
[16.0, 0.0, 940.0, 693.0]
[64.0, 16.0, 989.0, 710.0]
[64.0, 16.0, 990.0, 710.0]
[32.0, 64.0, 959.0, 759.0]
[80.0, 48.0, 1008.0, 744.0]
[80.0, 48.0, 1009.0, 745.0]
[48.0, 16.0, 978.0, 714.0]
[32.0, 16.0, 963.0, 714.0]
[32.0, 16.0, 964.0, 715.0]
[16.0, 32.0, 949.0, 732.0]
[16.0, 64.0, 950.0, 764.0]
[64.0, 48.0, 999.0, 749.0]
[32.0, 32.0, 968.0, 734.0]
[48.0, 64.0, 985.0, 767.0]
[64.0, 32.0, 1002.0, 736.0]
[32.0, 32.0, 971.0, 736.0]
[48.0, 48.0, 988.0, 753.0]
[48.0, 48.0, 989.0, 754.0]
[0.0, 0.0, 942.0, 706.0]
[16.0, 48.0, 959.0, 755.0]
[16.0, 32.0, 960.0, 740.0]
[48.0, 16.0, 993.0, 725.0]
[32.0, 16.0, 978.0, 726.0]
[64.0, 16.0, 1011.0, 726.0]
[64.0, 16.0, 1012.0, 727.0]
[0.0, 0.0, 949.0, 712.0]
[48.0, 32.0, 998.0, 744.0]
[64.0, 32.0, 1015.0, 745.0]
[32.0, 32.0, 984.0, 746.0]
[64.0, 48.0, 1017.0, 763.0]
[32.0, 16.0, 986.0, 732.0]
[48.0, 32.0, 1003.0, 748.0]
[0.0, 48.0, 956.0, 765.0]
[64.0, 0.0, 1021.0, 718.0]
[64.0, 32.0, 1022.0, 750.0]
[48.0, 48.0, 1007.0, 767.0]
[0.0, 32.0, 960.0, 752.0]
[16.0, 16.0, 977.0, 737.0]
[0.0, 32.0, 962.0, 754.0]
[32.0, 16.0, 995.0, 738.0]
[48.0, 0.0, 1012.0, 723.0]
[32.0, 32.0, 997.0, 756.0]
[48.0, 0.0, 1014.0, 724.0]
[16.0, 16.0, 983.0, 741.0]
[16.0, 32.0, 984.0, 758.0]
[48.0, 32.0, 1017.0, 759.0]
[16.0, 0.0, 986.0, 728.0]
[32.0, 0.0, 1003.0, 728.0]
[48.0, 0.0, 1020.0, 729.0]
[0.0, 16.0, 973.0, 746.0]
[0.0, 16.0, 974.0, 746.0]
[48.0, 0.0, 1023.0, 731.0]
[16.0, 32.0, 992.0, 764.0]
[0.0, 16.0, 977.0, 749.0]
[16.0, 16.0, 994.0, 750.0]
[32.0, 16.0, 1011.0, 750.0]
[32.0, 0.0, 1012.0, 735.0]
[16.0, 0.0, 997.0, 736.0]
[0.0, 0.0, 982.0, 736.0]
[0.0, 0.0, 983.0, 737.0]
[0.0, 16.0, 984.0, 754.0]
[32.0, 0.0, 1017.0, 739.0]
[16.0, 16.0, 1002.0, 756.0]
[32.0, 16.0, 1019.0, 756.0]
[0.0, 0.0, 988.0, 741.0]
[0.0, 16.0, 989.0, 758.0]
[16.0, 16.0, 1006.0, 758.0]
[32.0, 0.0, 1023.0, 743.0]
[16.0, 0.0, 1008.0, 744.0]
[0.0, 16.0, 993.0, 761.0]
[0.0, 16.0, 994.0, 762.0]
[16.0, 16.0, 1011.0, 762.0]
[16.0, 16.0, 1012.0, 763.0]
[16.0, 16.0, 1013.0, 764.0]
[16.0, 0.0, 1014.0, 748.0]
[0.0, 0.0, 999.0, 749.0]
[16.0, 16.0, 1016.0, 766.0]
[0.0, 16.0, 1001.0, 767.0]
[0.0, 16.0, 1002.0, 768.0]
[0.0, 0.0, 1003.0, 752.0]
[0.0, 0.0, 1004.0, 753.0]
[16.0, 0.0, 1021.0, 754.0]
[0.0, 0.0, 1006.0, 754.0]
[0.0, 0.0, 1007.0, 755.0]
[16.0, 0.0, 1024.0, 756.0]
[0.0, 0.0, 1009.0, 757.0]
[0.0, 0.0, 1010.0, 758.0]
[0.0, 0.0, 1011.0, 758.0]
[0.0, 0.0, 1012.0, 759.0]
[0.0, 0.0, 1013.0, 760.0]
[0.0, 0.0, 1014.0, 760.0]
[0.0, 0.0, 1015.0, 761.0]
[0.0, 0.0, 1016.0, 762.0]
[0.0, 0.0, 1017.0, 763.0]
[0.0, 0.0, 1018.0, 764.0]
[0.0, 0.0, 1019.0, 764.0]
[0.0, 0.0, 1020.0, 765.0]
[0.0, 0.0, 1021.0, 766.0]
[0.0, 0.0, 1022.0, 766.0]
[0.0, 0.0, 1023.0, 767.0]
[0.0, 0.0, 1024.0, 768.0]
