[224.0, 80.0, 941.0, 618.0]
[208.0, 96.0, 926.0, 634.0]
[288.0, 0.0, 1007.0, 539.0]
[144.0, 0.0, 864.0, 540.0]
[144.0, 64.0, 865.0, 605.0]
[96.0, 16.0, 818.0, 558.0]
[176.0, 0.0, 899.0, 542.0]
[112.0, 32.0, 836.0, 575.0]
[160.0, 80.0, 885.0, 624.0]
[176.0, 0.0, 902.0, 544.0]
[240.0, 16.0, 967.0, 561.0]
[128.0, 0.0, 856.0, 546.0]
[192.0, 64.0, 921.0, 611.0]
[160.0, 80.0, 890.0, 628.0]
[160.0, 48.0, 891.0, 596.0]
[160.0, 16.0, 892.0, 565.0]
[176.0, 16.0, 909.0, 566.0]
[160.0, 0.0, 894.0, 550.0]
[112.0, 48.0, 847.0, 599.0]
[224.0, 48.0, 960.0, 600.0]
[272.0, 16.0, 1009.0, 569.0]
[176.0, 80.0, 914.0, 634.0]
[192.0, 48.0, 931.0, 602.0]
[224.0, 64.0, 964.0, 619.0]
[192.0, 48.0, 933.0, 604.0]
[240.0, 48.0, 982.0, 604.0]
[208.0, 0.0, 951.0, 557.0]
[256.0, 16.0, 1000.0, 574.0]
[192.0, 16.0, 937.0, 575.0]
[208.0, 48.0, 954.0, 608.0]
[224.0, 16.0, 971.0, 576.0]
[208.0, 64.0, 956.0, 625.0]
[192.0, 16.0, 941.0, 578.0]
[144.0, 48.0, 894.0, 610.0]
[96.0, 0.0, 847.0, 563.0]
[224.0, 0.0, 976.0, 564.0]
[160.0, 0.0, 913.0, 565.0]
[160.0, 32.0, 914.0, 598.0]
[144.0, 0.0, 899.0, 566.0]
[128.0, 32.0, 884.0, 599.0]
[192.0, 64.0, 949.0, 632.0]
[256.0, 0.0, 1014.0, 568.0]
[144.0, 0.0, 903.0, 569.0]
[128.0, 0.0, 888.0, 570.0]
[224.0, 16.0, 985.0, 587.0]
[160.0, 48.0, 922.0, 620.0]
[112.0, 48.0, 875.0, 620.0]
[112.0, 48.0, 876.0, 621.0]
[144.0, 64.0, 909.0, 638.0]
[144.0, 0.0, 910.0, 574.0]
[192.0, 48.0, 959.0, 623.0]
[224.0, 32.0, 992.0, 608.0]
[192.0, 16.0, 961.0, 593.0]
[176.0, 48.0, 946.0, 626.0]
[112.0, 48.0, 883.0, 626.0]
[192.0, 32.0, 964.0, 611.0]
[112.0, 32.0, 885.0, 612.0]
[176.0, 48.0, 950.0, 628.0]
[160.0, 0.0, 935.0, 581.0]
[240.0, 0.0, 1016.0, 582.0]
[128.0, 16.0, 905.0, 599.0]
[240.0, 0.0, 1018.0, 584.0]
[192.0, 32.0, 971.0, 616.0]
[176.0, 0.0, 956.0, 585.0]
[208.0, 48.0, 989.0, 634.0]
[176.0, 32.0, 958.0, 618.0]
[128.0, 0.0, 911.0, 587.0]
[240.0, 16.0, 1024.0, 604.0]
[96.0, 0.0, 881.0, 589.0]
[112.0, 16.0, 898.0, 606.0]
[208.0, 0.0, 995.0, 590.0]
[224.0, 32.0, 1012.0, 623.0]
[160.0, 0.0, 949.0, 592.0]
[80.0, 16.0, 870.0, 608.0]
[128.0, 0.0, 919.0, 593.0]
[112.0, 0.0, 904.0, 594.0]
[112.0, 16.0, 905.0, 611.0]
[128.0, 32.0, 922.0, 628.0]
[144.0, 32.0, 939.0, 628.0]
[112.0, 0.0, 908.0, 597.0]
[96.0, 16.0, 893.0, 614.0]
[96.0, 32.0, 894.0, 630.0]
[192.0, 16.0, 991.0, 615.0]
[176.0, 0.0, 976.0, 600.0]
[144.0, 32.0, 945.0, 633.0]
[80.0, 16.0, 882.0, 618.0]
[208.0, 16.0, 1011.0, 618.0]
[160.0, 16.0, 964.0, 619.0]
[96.0, 16.0, 901.0, 620.0]
[192.0, 32.0, 998.0, 636.0]
[96.0, 32.0, 903.0, 637.0]
[208.0, 16.0, 1016.0, 622.0]
[128.0, 32.0, 937.0, 639.0]
[144.0, 0.0, 954.0, 608.0]
[144.0, 32.0, 955.0, 640.0]
[80.0, 16.0, 892.0, 625.0]
[208.0, 0.0, 1021.0, 610.0]
[160.0, 0.0, 974.0, 610.0]
[160.0, 0.0, 975.0, 611.0]
[160.0, 0.0, 976.0, 612.0]
