[80.0, 80.0, 797.0, 618.0]
[112.0, 16.0, 830.0, 554.0]
[48.0, 48.0, 767.0, 587.0]
[80.0, 96.0, 800.0, 636.0]
[176.0, 128.0, 897.0, 669.0]
[192.0, 64.0, 914.0, 606.0]
[128.0, 64.0, 851.0, 606.0]
[64.0, 48.0, 788.0, 591.0]
[128.0, 32.0, 853.0, 576.0]
[192.0, 128.0, 918.0, 672.0]
[16.0, 96.0, 743.0, 641.0]
[80.0, 96.0, 808.0, 642.0]
[192.0, 128.0, 921.0, 675.0]
[128.0, 112.0, 858.0, 660.0]
[64.0, 48.0, 795.0, 596.0]
[128.0, 96.0, 860.0, 645.0]
[128.0, 64.0, 861.0, 614.0]
[208.0, 80.0, 942.0, 630.0]
[64.0, 48.0, 799.0, 599.0]
[176.0, 80.0, 912.0, 632.0]
[64.0, 112.0, 801.0, 665.0]
[80.0, 112.0, 818.0, 666.0]
[208.0, 96.0, 947.0, 650.0]
[48.0, 32.0, 788.0, 587.0]
[64.0, 32.0, 805.0, 588.0]
[112.0, 128.0, 854.0, 684.0]
[32.0, 64.0, 775.0, 621.0]
[16.0, 80.0, 760.0, 638.0]
[112.0, 32.0, 857.0, 591.0]
[112.0, 16.0, 858.0, 576.0]
[64.0, 80.0, 811.0, 640.0]
[96.0, 64.0, 844.0, 625.0]
[0.0, 64.0, 749.0, 626.0]
[192.0, 112.0, 942.0, 674.0]
[80.0, 48.0, 831.0, 611.0]
[64.0, 96.0, 816.0, 660.0]
[128.0, 64.0, 881.0, 629.0]
[80.0, 80.0, 834.0, 646.0]
[32.0, 32.0, 787.0, 598.0]
[64.0, 80.0, 820.0, 647.0]
[64.0, 112.0, 821.0, 680.0]
[96.0, 16.0, 854.0, 584.0]
[128.0, 112.0, 887.0, 681.0]
[16.0, 80.0, 776.0, 650.0]
[112.0, 48.0, 873.0, 619.0]
[112.0, 32.0, 874.0, 604.0]
[96.0, 48.0, 859.0, 620.0]
[16.0, 64.0, 780.0, 637.0]
[128.0, 16.0, 893.0, 590.0]
[64.0, 80.0, 830.0, 654.0]
[16.0, 96.0, 783.0, 671.0]
[96.0, 48.0, 864.0, 624.0]
[144.0, 80.0, 913.0, 657.0]
[112.0, 16.0, 882.0, 594.0]
[32.0, 64.0, 803.0, 642.0]
[112.0, 64.0, 884.0, 643.0]
[160.0, 80.0, 933.0, 660.0]
[144.0, 64.0, 918.0, 644.0]
[64.0, 64.0, 839.0, 645.0]
[160.0, 80.0, 936.0, 662.0]
[80.0, 32.0, 857.0, 615.0]
[80.0, 64.0, 858.0, 648.0]
[160.0, 80.0, 939.0, 664.0]
[96.0, 32.0, 876.0, 617.0]
[48.0, 64.0, 829.0, 650.0]
[176.0, 96.0, 958.0, 682.0]
[128.0, 64.0, 911.0, 651.0]
[32.0, 16.0, 816.0, 604.0]
[112.0, 16.0, 897.0, 605.0]
[160.0, 80.0, 946.0, 670.0]
[112.0, 80.0, 899.0, 670.0]
[80.0, 64.0, 868.0, 655.0]
[112.0, 64.0, 901.0, 656.0]
[128.0, 16.0, 918.0, 608.0]
[16.0, 32.0, 807.0, 625.0]
[32.0, 48.0, 824.0, 642.0]
[64.0, 16.0, 857.0, 611.0]
[80.0, 80.0, 874.0, 676.0]
[80.0, 16.0, 875.0, 612.0]
[64.0, 80.0, 860.0, 677.0]
[128.0, 16.0, 925.0, 614.0]
[96.0, 80.0, 894.0, 678.0]
[128.0, 64.0, 927.0, 663.0]
[96.0, 64.0, 896.0, 664.0]
[16.0, 16.0, 817.0, 617.0]
[16.0, 16.0, 818.0, 618.0]
[112.0, 80.0, 915.0, 682.0]
[48.0, 32.0, 852.0, 635.0]
[144.0, 48.0, 949.0, 652.0]
[176.0, 80.0, 982.0, 684.0]
[80.0, 16.0, 887.0, 621.0]
[0.0, 48.0, 808.0, 654.0]
[16.0, 64.0, 825.0, 671.0]
[48.0, 32.0, 858.0, 640.0]
[96.0, 48.0, 907.0, 656.0]
[128.0, 48.0, 940.0, 657.0]
[128.0, 64.0, 941.0, 674.0]
[144.0, 48.0, 958.0, 658.0]
[32.0, 64.0, 847.0, 675.0]
[128.0, 64.0, 944.0, 676.0]
[112.0, 64.0, 929.0, 677.0]
[112.0, 32.0, 930.0, 646.0]
[32.0, 64.0, 851.0, 678.0]
[144.0, 64.0, 964.0, 679.0]
[144.0, 64.0, 965.0, 680.0]
[16.0, 64.0, 838.0, 680.0]
[48.0, 48.0, 871.0, 665.0]
[48.0, 48.0, 872.0, 666.0]
[80.0, 32.0, 905.0, 651.0]
[112.0, 48.0, 938.0, 668.0]
[64.0, 48.0, 891.0, 668.0]
[64.0, 48.0, 892.0, 669.0]
[48.0, 32.0, 877.0, 654.0]
[96.0, 32.0, 926.0, 654.0]
[80.0, 16.0, 911.0, 639.0]
[64.0, 16.0, 896.0, 640.0]
[16.0, 16.0, 849.0, 641.0]
[80.0, 32.0, 914.0, 658.0]
[64.0, 16.0, 899.0, 642.0]
[48.0, 32.0, 884.0, 659.0]
[128.0, 32.0, 965.0, 660.0]
[32.0, 16.0, 870.0, 644.0]
[16.0, 16.0, 855.0, 645.0]
[32.0, 32.0, 872.0, 662.0]
[112.0, 16.0, 953.0, 647.0]
[32.0, 16.0, 874.0, 648.0]
[80.0, 48.0, 923.0, 680.0]
[32.0, 48.0, 876.0, 681.0]
[128.0, 16.0, 973.0, 650.0]
[112.0, 32.0, 958.0, 666.0]
[32.0, 16.0, 879.0, 651.0]
[128.0, 32.0, 976.0, 668.0]
[128.0, 16.0, 977.0, 653.0]
[0.0, 16.0, 850.0, 654.0]
[0.0, 32.0, 851.0, 670.0]
[48.0, 16.0, 900.0, 655.0]
[64.0, 16.0, 917.0, 656.0]
[96.0, 32.0, 950.0, 672.0]
[80.0, 16.0, 935.0, 657.0]
[80.0, 32.0, 936.0, 674.0]
[80.0, 16.0, 937.0, 659.0]
[0.0, 32.0, 858.0, 676.0]
[96.0, 32.0, 955.0, 676.0]
[0.0, 16.0, 860.0, 661.0]
