[304.0, 128.0, 1021.0, 666.0]
[304.0, 80.0, 1022.0, 618.0]
[256.0, 64.0, 975.0, 603.0]
[208.0, 96.0, 928.0, 636.0]
[240.0, 112.0, 961.0, 653.0]
[272.0, 48.0, 994.0, 590.0]
[288.0, 112.0, 1011.0, 654.0]
[288.0, 112.0, 1012.0, 655.0]
[256.0, 48.0, 981.0, 592.0]
[240.0, 96.0, 966.0, 640.0]
[240.0, 128.0, 967.0, 673.0]
[176.0, 112.0, 904.0, 658.0]
[224.0, 128.0, 953.0, 675.0]
[208.0, 80.0, 938.0, 628.0]
[288.0, 128.0, 1019.0, 676.0]
[208.0, 80.0, 940.0, 629.0]
[256.0, 64.0, 989.0, 614.0]
[256.0, 80.0, 990.0, 630.0]
[256.0, 80.0, 991.0, 631.0]
[256.0, 128.0, 992.0, 680.0]
[272.0, 112.0, 1009.0, 665.0]
[224.0, 112.0, 962.0, 666.0]
[272.0, 64.0, 1011.0, 618.0]
[224.0, 128.0, 964.0, 683.0]
[256.0, 64.0, 997.0, 620.0]
[176.0, 112.0, 918.0, 668.0]
[256.0, 80.0, 999.0, 637.0]
[224.0, 64.0, 968.0, 622.0]
[208.0, 80.0, 953.0, 639.0]
[256.0, 112.0, 1002.0, 672.0]
[272.0, 112.0, 1019.0, 672.0]
[192.0, 80.0, 940.0, 641.0]
[240.0, 64.0, 989.0, 626.0]
[272.0, 64.0, 1022.0, 626.0]
[240.0, 64.0, 991.0, 627.0]
[224.0, 64.0, 976.0, 628.0]
[224.0, 112.0, 977.0, 677.0]
[240.0, 48.0, 994.0, 614.0]
[256.0, 112.0, 1011.0, 678.0]
[240.0, 48.0, 996.0, 615.0]
[240.0, 48.0, 997.0, 616.0]
[224.0, 80.0, 982.0, 648.0]
[192.0, 96.0, 951.0, 665.0]
[208.0, 96.0, 968.0, 666.0]
[224.0, 48.0, 985.0, 619.0]
[224.0, 80.0, 986.0, 652.0]
[256.0, 48.0, 1019.0, 620.0]
[256.0, 48.0, 1020.0, 621.0]
[208.0, 96.0, 973.0, 670.0]
[256.0, 64.0, 1022.0, 638.0]
[192.0, 64.0, 959.0, 639.0]
[256.0, 64.0, 1024.0, 640.0]
[224.0, 96.0, 993.0, 673.0]
[192.0, 96.0, 962.0, 674.0]
[192.0, 80.0, 963.0, 658.0]
[208.0, 64.0, 980.0, 643.0]
[192.0, 80.0, 965.0, 660.0]
[192.0, 96.0, 966.0, 676.0]
[208.0, 48.0, 983.0, 629.0]
[240.0, 80.0, 1016.0, 662.0]
[208.0, 48.0, 985.0, 631.0]
[208.0, 80.0, 986.0, 664.0]
[208.0, 48.0, 987.0, 632.0]
[176.0, 64.0, 956.0, 649.0]
[208.0, 80.0, 989.0, 666.0]
[192.0, 80.0, 974.0, 666.0]
[176.0, 64.0, 959.0, 651.0]
[240.0, 80.0, 1024.0, 668.0]
[224.0, 80.0, 1009.0, 669.0]
[208.0, 80.0, 994.0, 670.0]
[192.0, 48.0, 979.0, 638.0]
[192.0, 64.0, 980.0, 655.0]
[224.0, 48.0, 1013.0, 640.0]
[176.0, 80.0, 966.0, 672.0]
[224.0, 80.0, 1015.0, 673.0]
[208.0, 80.0, 1000.0, 674.0]
[224.0, 80.0, 1017.0, 675.0]
[192.0, 48.0, 986.0, 644.0]
[224.0, 48.0, 1019.0, 644.0]
[192.0, 64.0, 988.0, 661.0]
[224.0, 48.0, 1021.0, 646.0]
[224.0, 64.0, 1022.0, 662.0]
[176.0, 64.0, 975.0, 663.0]
[208.0, 80.0, 1008.0, 680.0]
[208.0, 48.0, 1009.0, 649.0]
[176.0, 48.0, 978.0, 650.0]
[192.0, 48.0, 995.0, 650.0]
[176.0, 48.0, 980.0, 651.0]
[192.0, 64.0, 997.0, 668.0]
[192.0, 48.0, 998.0, 652.0]
[176.0, 48.0, 983.0, 653.0]
[208.0, 64.0, 1016.0, 670.0]
[208.0, 64.0, 1017.0, 671.0]
[192.0, 48.0, 1002.0, 656.0]
[176.0, 64.0, 987.0, 672.0]
[176.0, 48.0, 988.0, 657.0]
[176.0, 64.0, 989.0, 674.0]
[208.0, 64.0, 1022.0, 674.0]
[192.0, 64.0, 1007.0, 675.0]
[192.0, 64.0, 1008.0, 676.0]
