[224.0, 96.0, 941.0, 634.0]
[208.0, 112.0, 926.0, 650.0]
[80.0, 112.0, 799.0, 651.0]
[160.0, 80.0, 880.0, 620.0]
[176.0, 112.0, 897.0, 653.0]
[80.0, 96.0, 802.0, 638.0]
[80.0, 96.0, 803.0, 638.0]
[48.0, 96.0, 772.0, 639.0]
[128.0, 80.0, 853.0, 624.0]
[160.0, 112.0, 886.0, 656.0]
[208.0, 96.0, 935.0, 641.0]
[208.0, 96.0, 936.0, 642.0]
[128.0, 96.0, 857.0, 643.0]
[176.0, 80.0, 906.0, 628.0]
[208.0, 96.0, 939.0, 644.0]
[112.0, 128.0, 844.0, 677.0]
[160.0, 80.0, 893.0, 630.0]
[80.0, 80.0, 814.0, 630.0]
[32.0, 96.0, 767.0, 647.0]
[64.0, 80.0, 800.0, 632.0]
[64.0, 96.0, 801.0, 649.0]
[16.0, 96.0, 754.0, 650.0]
[48.0, 64.0, 787.0, 618.0]
[240.0, 64.0, 980.0, 619.0]
[192.0, 64.0, 933.0, 620.0]
[144.0, 112.0, 886.0, 668.0]
[80.0, 96.0, 823.0, 653.0]
[0.0, 96.0, 744.0, 654.0]
[16.0, 80.0, 761.0, 639.0]
[224.0, 64.0, 970.0, 624.0]
[256.0, 112.0, 1003.0, 672.0]
[176.0, 96.0, 924.0, 657.0]
[48.0, 96.0, 797.0, 658.0]
[144.0, 64.0, 894.0, 626.0]
[224.0, 64.0, 975.0, 627.0]
[256.0, 80.0, 1008.0, 644.0]
[208.0, 96.0, 961.0, 661.0]
[96.0, 48.0, 850.0, 614.0]
[0.0, 80.0, 755.0, 646.0]
[80.0, 64.0, 836.0, 631.0]
[160.0, 96.0, 917.0, 664.0]
[112.0, 80.0, 870.0, 648.0]
[176.0, 96.0, 935.0, 665.0]
[144.0, 48.0, 904.0, 618.0]
[64.0, 64.0, 825.0, 635.0]
[224.0, 48.0, 986.0, 620.0]
[48.0, 48.0, 811.0, 620.0]
[32.0, 48.0, 796.0, 621.0]
[96.0, 48.0, 861.0, 622.0]
[32.0, 96.0, 798.0, 670.0]
[112.0, 48.0, 879.0, 623.0]
[256.0, 64.0, 1024.0, 640.0]
[96.0, 64.0, 865.0, 641.0]
[80.0, 96.0, 850.0, 674.0]
[240.0, 96.0, 1011.0, 674.0]
[176.0, 48.0, 948.0, 627.0]
[240.0, 80.0, 1013.0, 660.0]
[112.0, 48.0, 886.0, 628.0]
[208.0, 32.0, 983.0, 613.0]
[160.0, 48.0, 936.0, 630.0]
[192.0, 48.0, 969.0, 631.0]
[208.0, 48.0, 986.0, 632.0]
[32.0, 32.0, 811.0, 616.0]
[240.0, 64.0, 1020.0, 649.0]
[32.0, 80.0, 813.0, 666.0]
[224.0, 48.0, 1006.0, 634.0]
[128.0, 80.0, 911.0, 667.0]
[96.0, 64.0, 880.0, 652.0]
[96.0, 64.0, 881.0, 653.0]
[144.0, 64.0, 930.0, 654.0]
[112.0, 32.0, 899.0, 622.0]
[192.0, 32.0, 980.0, 623.0]
[112.0, 80.0, 901.0, 672.0]
[64.0, 48.0, 854.0, 640.0]
[144.0, 80.0, 935.0, 673.0]
[48.0, 32.0, 840.0, 626.0]
[144.0, 48.0, 937.0, 643.0]
[48.0, 16.0, 842.0, 612.0]
[32.0, 48.0, 827.0, 644.0]
[192.0, 48.0, 988.0, 645.0]
[80.0, 32.0, 877.0, 630.0]
[176.0, 80.0, 974.0, 678.0]
[128.0, 16.0, 927.0, 615.0]
[96.0, 48.0, 896.0, 648.0]
[32.0, 32.0, 833.0, 633.0]
[16.0, 48.0, 818.0, 650.0]
[16.0, 48.0, 819.0, 650.0]
[192.0, 16.0, 996.0, 619.0]
[64.0, 32.0, 869.0, 636.0]
[48.0, 48.0, 854.0, 652.0]
[80.0, 64.0, 887.0, 669.0]
[208.0, 32.0, 1016.0, 638.0]
[96.0, 16.0, 905.0, 623.0]
[128.0, 64.0, 938.0, 672.0]
[32.0, 32.0, 843.0, 640.0]
[16.0, 48.0, 828.0, 657.0]
[160.0, 48.0, 973.0, 658.0]
[96.0, 0.0, 910.0, 610.0]
[128.0, 48.0, 943.0, 659.0]
[208.0, 32.0, 1024.0, 644.0]
[64.0, 16.0, 881.0, 629.0]
[16.0, 48.0, 834.0, 662.0]
[48.0, 64.0, 867.0, 678.0]
[192.0, 32.0, 1012.0, 647.0]
[112.0, 64.0, 933.0, 680.0]
[16.0, 64.0, 838.0, 680.0]
[0.0, 48.0, 823.0, 665.0]
[48.0, 0.0, 872.0, 618.0]
[128.0, 16.0, 953.0, 635.0]
[128.0, 0.0, 954.0, 620.0]
[80.0, 0.0, 907.0, 620.0]
[32.0, 0.0, 860.0, 621.0]
[192.0, 32.0, 1021.0, 654.0]
[112.0, 16.0, 942.0, 638.0]
[160.0, 32.0, 991.0, 655.0]
[64.0, 48.0, 896.0, 672.0]
[96.0, 48.0, 929.0, 673.0]
[112.0, 16.0, 946.0, 642.0]
[0.0, 16.0, 835.0, 642.0]
[112.0, 16.0, 948.0, 643.0]
[144.0, 0.0, 981.0, 628.0]
[144.0, 48.0, 982.0, 676.0]
[16.0, 0.0, 855.0, 629.0]
[128.0, 32.0, 968.0, 662.0]
[96.0, 48.0, 937.0, 679.0]
[176.0, 16.0, 1018.0, 648.0]
[16.0, 48.0, 859.0, 680.0]
[96.0, 48.0, 940.0, 681.0]
[128.0, 48.0, 973.0, 682.0]
[160.0, 16.0, 1006.0, 650.0]
[80.0, 32.0, 927.0, 667.0]
[112.0, 0.0, 960.0, 636.0]
[16.0, 32.0, 865.0, 669.0]
[144.0, 16.0, 994.0, 654.0]
[16.0, 32.0, 867.0, 670.0]
[128.0, 16.0, 980.0, 655.0]
[64.0, 16.0, 917.0, 656.0]
[80.0, 16.0, 934.0, 656.0]
[48.0, 32.0, 903.0, 673.0]
[144.0, 0.0, 1000.0, 642.0]
[0.0, 16.0, 857.0, 659.0]
[144.0, 16.0, 1002.0, 660.0]
[80.0, 32.0, 939.0, 676.0]
[144.0, 0.0, 1004.0, 645.0]
[112.0, 0.0, 973.0, 646.0]
[64.0, 16.0, 926.0, 662.0]
[16.0, 0.0, 879.0, 647.0]
[0.0, 16.0, 864.0, 664.0]
[144.0, 16.0, 1009.0, 665.0]
[16.0, 16.0, 882.0, 666.0]
[16.0, 16.0, 883.0, 666.0]
[144.0, 16.0, 1012.0, 667.0]
[128.0, 0.0, 997.0, 652.0]
[144.0, 0.0, 1014.0, 652.0]
[48.0, 16.0, 919.0, 669.0]
[96.0, 16.0, 968.0, 670.0]
[112.0, 16.0, 985.0, 671.0]
[96.0, 16.0, 970.0, 672.0]
[32.0, 16.0, 907.0, 672.0]
[112.0, 0.0, 988.0, 657.0]
[128.0, 16.0, 1005.0, 674.0]
[0.0, 16.0, 878.0, 674.0]
[112.0, 0.0, 991.0, 659.0]
[0.0, 0.0, 880.0, 660.0]
[112.0, 16.0, 993.0, 677.0]
[112.0, 0.0, 994.0, 662.0]
[112.0, 16.0, 995.0, 678.0]
[32.0, 0.0, 916.0, 663.0]
[96.0, 0.0, 981.0, 664.0]
[64.0, 16.0, 950.0, 680.0]
[96.0, 16.0, 983.0, 681.0]
[64.0, 0.0, 952.0, 666.0]
[32.0, 16.0, 921.0, 683.0]
[48.0, 0.0, 938.0, 668.0]
[64.0, 0.0, 955.0, 668.0]
[80.0, 0.0, 972.0, 669.0]
[48.0, 0.0, 941.0, 670.0]
[64.0, 0.0, 958.0, 670.0]
[48.0, 0.0, 943.0, 671.0]
[32.0, 0.0, 928.0, 672.0]
[48.0, 0.0, 945.0, 673.0]
[96.0, 0.0, 994.0, 674.0]
[96.0, 0.0, 995.0, 674.0]
[32.0, 0.0, 932.0, 675.0]
[32.0, 0.0, 933.0, 676.0]
[48.0, 0.0, 950.0, 676.0]
[112.0, 0.0, 1015.0, 677.0]
[80.0, 0.0, 984.0, 678.0]
[0.0, 0.0, 905.0, 679.0]
[96.0, 0.0, 1002.0, 680.0]
[16.0, 0.0, 923.0, 680.0]
[112.0, 0.0, 1020.0, 681.0]
[112.0, 0.0, 1021.0, 682.0]
[64.0, 0.0, 974.0, 682.0]
[16.0, 0.0, 927.0, 683.0]
