[128.0, 32.0, 868.0, 587.0]
[240.0, 48.0, 981.0, 604.0]
[64.0, 48.0, 806.0, 604.0]
[80.0, 32.0, 823.0, 589.0]
[176.0, 48.0, 920.0, 606.0]
[144.0, 32.0, 889.0, 591.0]
[176.0, 80.0, 922.0, 640.0]
[192.0, 32.0, 939.0, 592.0]
[80.0, 96.0, 828.0, 657.0]
[112.0, 64.0, 861.0, 626.0]
[240.0, 80.0, 990.0, 642.0]
[240.0, 48.0, 991.0, 611.0]
[224.0, 32.0, 976.0, 596.0]
[64.0, 48.0, 817.0, 613.0]
[128.0, 80.0, 882.0, 646.0]
[112.0, 96.0, 867.0, 662.0]
[64.0, 32.0, 820.0, 599.0]
[48.0, 48.0, 805.0, 616.0]
[32.0, 48.0, 790.0, 616.0]
[112.0, 32.0, 871.0, 601.0]
[80.0, 48.0, 840.0, 618.0]
[64.0, 64.0, 825.0, 635.0]
[48.0, 16.0, 810.0, 588.0]
[208.0, 48.0, 971.0, 620.0]
[48.0, 16.0, 812.0, 589.0]
[112.0, 32.0, 877.0, 606.0]
[128.0, 80.0, 894.0, 654.0]
[128.0, 80.0, 895.0, 655.0]
[128.0, 48.0, 896.0, 624.0]
[64.0, 64.0, 833.0, 641.0]
[160.0, 32.0, 930.0, 610.0]
[128.0, 64.0, 899.0, 642.0]
[96.0, 80.0, 868.0, 659.0]
[96.0, 96.0, 869.0, 676.0]
[64.0, 48.0, 838.0, 628.0]
[176.0, 48.0, 951.0, 629.0]
[112.0, 32.0, 888.0, 614.0]
[208.0, 48.0, 985.0, 631.0]
[32.0, 64.0, 810.0, 648.0]
[128.0, 80.0, 907.0, 664.0]
[16.0, 48.0, 796.0, 633.0]
[64.0, 48.0, 845.0, 634.0]
[240.0, 32.0, 1022.0, 618.0]
[208.0, 16.0, 991.0, 603.0]
[64.0, 16.0, 848.0, 604.0]
[32.0, 64.0, 817.0, 653.0]
[208.0, 16.0, 994.0, 606.0]
[48.0, 0.0, 835.0, 590.0]
[128.0, 32.0, 916.0, 623.0]
[96.0, 32.0, 885.0, 624.0]
[224.0, 48.0, 1014.0, 640.0]
[80.0, 32.0, 871.0, 625.0]
[48.0, 80.0, 840.0, 674.0]
[192.0, 0.0, 985.0, 595.0]
[192.0, 48.0, 986.0, 644.0]
[16.0, 16.0, 811.0, 612.0]
[48.0, 16.0, 844.0, 613.0]
[80.0, 64.0, 877.0, 662.0]
[128.0, 0.0, 926.0, 598.0]
[96.0, 48.0, 895.0, 647.0]
[0.0, 32.0, 800.0, 632.0]
[32.0, 16.0, 833.0, 617.0]
[192.0, 48.0, 994.0, 650.0]
[80.0, 48.0, 883.0, 650.0]
[80.0, 64.0, 884.0, 667.0]
[64.0, 48.0, 869.0, 652.0]
[144.0, 48.0, 950.0, 652.0]
[192.0, 16.0, 999.0, 621.0]
[176.0, 32.0, 984.0, 638.0]
[64.0, 0.0, 873.0, 607.0]
[80.0, 16.0, 890.0, 624.0]
[160.0, 64.0, 971.0, 672.0]
[128.0, 0.0, 940.0, 609.0]
[176.0, 0.0, 989.0, 610.0]
[176.0, 0.0, 990.0, 610.0]
[112.0, 32.0, 927.0, 643.0]
[128.0, 16.0, 944.0, 628.0]
[0.0, 32.0, 817.0, 645.0]
[160.0, 48.0, 978.0, 662.0]
[96.0, 0.0, 915.0, 614.0]
[96.0, 48.0, 916.0, 663.0]
[112.0, 0.0, 933.0, 616.0]
[160.0, 32.0, 982.0, 648.0]
[32.0, 32.0, 855.0, 649.0]
[0.0, 0.0, 824.0, 618.0]
[32.0, 16.0, 857.0, 635.0]
[0.0, 48.0, 826.0, 668.0]
[112.0, 0.0, 939.0, 620.0]
[176.0, 16.0, 1004.0, 637.0]
[80.0, 16.0, 909.0, 638.0]
[192.0, 0.0, 1022.0, 622.0]
[144.0, 0.0, 975.0, 623.0]
[96.0, 32.0, 928.0, 656.0]
[16.0, 0.0, 849.0, 625.0]
[32.0, 16.0, 866.0, 642.0]
[48.0, 48.0, 883.0, 674.0]
[0.0, 48.0, 836.0, 675.0]
[16.0, 32.0, 853.0, 660.0]
[128.0, 48.0, 966.0, 676.0]
[160.0, 0.0, 999.0, 629.0]
[64.0, 48.0, 904.0, 678.0]
[64.0, 0.0, 905.0, 631.0]
[128.0, 32.0, 970.0, 664.0]
[112.0, 16.0, 955.0, 648.0]
[32.0, 0.0, 876.0, 633.0]
[16.0, 0.0, 861.0, 634.0]
[160.0, 16.0, 1006.0, 650.0]
[48.0, 0.0, 895.0, 635.0]
[96.0, 16.0, 944.0, 652.0]
[96.0, 0.0, 945.0, 637.0]
[112.0, 0.0, 962.0, 638.0]
[96.0, 32.0, 947.0, 670.0]
[80.0, 16.0, 932.0, 655.0]
[32.0, 16.0, 885.0, 656.0]
[0.0, 32.0, 854.0, 672.0]
[112.0, 32.0, 967.0, 673.0]
[16.0, 32.0, 872.0, 674.0]
[0.0, 0.0, 857.0, 643.0]
[80.0, 16.0, 938.0, 660.0]
[32.0, 0.0, 891.0, 644.0]
[112.0, 0.0, 972.0, 645.0]
[128.0, 32.0, 989.0, 678.0]
[0.0, 16.0, 862.0, 662.0]
[0.0, 16.0, 863.0, 663.0]
[112.0, 0.0, 976.0, 648.0]
[96.0, 16.0, 961.0, 665.0]
[144.0, 16.0, 1010.0, 666.0]
[32.0, 16.0, 899.0, 666.0]
[64.0, 16.0, 932.0, 667.0]
[80.0, 0.0, 949.0, 652.0]
[0.0, 16.0, 870.0, 668.0]
[112.0, 16.0, 983.0, 669.0]
[32.0, 0.0, 904.0, 654.0]
[96.0, 0.0, 969.0, 655.0]
[16.0, 0.0, 890.0, 656.0]
[16.0, 0.0, 891.0, 656.0]
[48.0, 0.0, 924.0, 657.0]
[0.0, 16.0, 877.0, 674.0]
[32.0, 0.0, 910.0, 658.0]
[48.0, 0.0, 927.0, 659.0]
[112.0, 0.0, 992.0, 660.0]
[64.0, 0.0, 945.0, 661.0]
[112.0, 16.0, 994.0, 678.0]
[0.0, 16.0, 883.0, 678.0]
[96.0, 16.0, 980.0, 679.0]
[112.0, 16.0, 997.0, 680.0]
[96.0, 0.0, 982.0, 664.0]
[64.0, 0.0, 951.0, 665.0]
[16.0, 0.0, 904.0, 666.0]
[48.0, 0.0, 937.0, 667.0]
[0.0, 0.0, 890.0, 668.0]
[112.0, 0.0, 1003.0, 668.0]
[80.0, 0.0, 972.0, 669.0]
[112.0, 0.0, 1005.0, 670.0]
[128.0, 0.0, 1022.0, 670.0]
[32.0, 0.0, 927.0, 671.0]
[32.0, 0.0, 928.0, 672.0]
[80.0, 0.0, 977.0, 673.0]
[64.0, 0.0, 962.0, 674.0]
[32.0, 0.0, 931.0, 674.0]
[0.0, 0.0, 900.0, 675.0]
[32.0, 0.0, 933.0, 676.0]
[0.0, 0.0, 902.0, 676.0]
[0.0, 0.0, 903.0, 677.0]
[80.0, 0.0, 984.0, 678.0]
[64.0, 0.0, 969.0, 679.0]
[112.0, 0.0, 1018.0, 680.0]
[96.0, 0.0, 1003.0, 680.0]
[32.0, 0.0, 940.0, 681.0]
