[80.0, 128.0, 797.0, 666.0]
[0.0, 144.0, 718.0, 682.0]
[16.0, 112.0, 735.0, 651.0]
[80.0, 128.0, 800.0, 668.0]
[48.0, 128.0, 769.0, 669.0]
[80.0, 112.0, 802.0, 654.0]
[128.0, 128.0, 851.0, 670.0]
[16.0, 144.0, 740.0, 687.0]
[16.0, 144.0, 741.0, 688.0]
[48.0, 128.0, 774.0, 672.0]
[96.0, 144.0, 823.0, 689.0]
[48.0, 128.0, 776.0, 674.0]
[64.0, 112.0, 793.0, 659.0]
[112.0, 128.0, 842.0, 676.0]
[48.0, 112.0, 779.0, 660.0]
[48.0, 96.0, 780.0, 645.0]
[16.0, 128.0, 749.0, 678.0]
[32.0, 96.0, 766.0, 646.0]
[128.0, 128.0, 863.0, 679.0]
[48.0, 112.0, 784.0, 664.0]
[128.0, 112.0, 865.0, 665.0]
[48.0, 80.0, 786.0, 634.0]
[80.0, 96.0, 819.0, 650.0]
[16.0, 96.0, 756.0, 651.0]
[128.0, 112.0, 869.0, 668.0]
[80.0, 80.0, 822.0, 636.0]
[64.0, 112.0, 807.0, 669.0]
[112.0, 128.0, 856.0, 686.0]
[64.0, 96.0, 809.0, 655.0]
[16.0, 96.0, 762.0, 656.0]
[16.0, 96.0, 763.0, 656.0]
[48.0, 128.0, 796.0, 689.0]
[48.0, 112.0, 797.0, 674.0]
[64.0, 96.0, 814.0, 658.0]
[112.0, 128.0, 863.0, 691.0]
[32.0, 112.0, 784.0, 676.0]
[64.0, 128.0, 817.0, 693.0]
[112.0, 128.0, 866.0, 694.0]
[80.0, 112.0, 835.0, 678.0]
[96.0, 112.0, 852.0, 679.0]
[32.0, 80.0, 789.0, 648.0]
[48.0, 112.0, 806.0, 680.0]
[64.0, 96.0, 823.0, 665.0]
[16.0, 96.0, 776.0, 666.0]
[64.0, 96.0, 825.0, 667.0]
[16.0, 96.0, 778.0, 668.0]
[96.0, 112.0, 859.0, 684.0]
[32.0, 96.0, 796.0, 669.0]
[64.0, 80.0, 829.0, 654.0]
[80.0, 96.0, 846.0, 670.0]
[64.0, 112.0, 831.0, 687.0]
[80.0, 112.0, 848.0, 688.0]
[64.0, 112.0, 833.0, 689.0]
[32.0, 64.0, 802.0, 642.0]
[48.0, 64.0, 819.0, 642.0]
[16.0, 96.0, 788.0, 675.0]
[96.0, 96.0, 869.0, 676.0]
[64.0, 112.0, 838.0, 692.0]
[0.0, 96.0, 775.0, 677.0]
[16.0, 96.0, 792.0, 678.0]
[32.0, 96.0, 809.0, 679.0]
[80.0, 80.0, 858.0, 664.0]
[16.0, 80.0, 795.0, 664.0]
[48.0, 64.0, 828.0, 649.0]
[0.0, 80.0, 781.0, 666.0]
[80.0, 80.0, 862.0, 666.0]
[32.0, 80.0, 815.0, 667.0]
[16.0, 64.0, 800.0, 652.0]
[0.0, 96.0, 785.0, 685.0]
[32.0, 80.0, 818.0, 670.0]
[16.0, 96.0, 803.0, 686.0]
[80.0, 80.0, 868.0, 671.0]
[0.0, 96.0, 789.0, 688.0]
[48.0, 80.0, 838.0, 672.0]
[0.0, 80.0, 791.0, 673.0]
[48.0, 80.0, 840.0, 674.0]
[0.0, 96.0, 793.0, 691.0]
[32.0, 64.0, 826.0, 660.0]
[0.0, 96.0, 795.0, 692.0]
[64.0, 96.0, 860.0, 693.0]
[0.0, 80.0, 797.0, 678.0]
[32.0, 64.0, 830.0, 662.0]
[16.0, 64.0, 815.0, 663.0]
[64.0, 64.0, 864.0, 664.0]
[48.0, 80.0, 849.0, 681.0]
[48.0, 80.0, 850.0, 682.0]
[0.0, 80.0, 803.0, 682.0]
[32.0, 64.0, 836.0, 667.0]
[32.0, 80.0, 837.0, 684.0]
[16.0, 64.0, 822.0, 668.0]
[32.0, 64.0, 839.0, 669.0]
[0.0, 64.0, 808.0, 670.0]
[16.0, 64.0, 825.0, 671.0]
[48.0, 64.0, 858.0, 672.0]
[48.0, 80.0, 859.0, 688.0]
[0.0, 64.0, 812.0, 673.0]
[32.0, 80.0, 845.0, 690.0]
[48.0, 64.0, 862.0, 674.0]
[48.0, 64.0, 863.0, 675.0]
[0.0, 80.0, 816.0, 692.0]
[48.0, 80.0, 865.0, 693.0]
[48.0, 80.0, 866.0, 694.0]
[0.0, 64.0, 819.0, 678.0]
[32.0, 80.0, 852.0, 695.0]
[32.0, 64.0, 853.0, 680.0]
[32.0, 64.0, 854.0, 680.0]
[16.0, 64.0, 839.0, 681.0]
