[192.0, 80.0, 909.0, 618.0]
[208.0, 112.0, 926.0, 650.0]
[176.0, 32.0, 895.0, 571.0]
[256.0, 64.0, 976.0, 604.0]
[144.0, 64.0, 865.0, 605.0]
[160.0, 80.0, 882.0, 622.0]
[192.0, 32.0, 915.0, 574.0]
[192.0, 96.0, 916.0, 639.0]
[144.0, 32.0, 869.0, 576.0]
[112.0, 32.0, 838.0, 576.0]
[272.0, 64.0, 999.0, 609.0]
[192.0, 16.0, 920.0, 562.0]
[160.0, 80.0, 889.0, 627.0]
[176.0, 80.0, 906.0, 628.0]
[112.0, 96.0, 843.0, 644.0]
[160.0, 16.0, 892.0, 565.0]
[256.0, 48.0, 989.0, 598.0]
[208.0, 80.0, 942.0, 630.0]
[192.0, 48.0, 927.0, 599.0]
[112.0, 112.0, 848.0, 664.0]
[256.0, 32.0, 993.0, 585.0]
[256.0, 96.0, 994.0, 650.0]
[144.0, 96.0, 883.0, 650.0]
[112.0, 16.0, 852.0, 571.0]
[128.0, 64.0, 869.0, 620.0]
[96.0, 48.0, 838.0, 604.0]
[240.0, 80.0, 983.0, 637.0]
[160.0, 48.0, 904.0, 606.0]
[128.0, 64.0, 873.0, 623.0]
[128.0, 96.0, 874.0, 656.0]
[208.0, 0.0, 955.0, 560.0]
[224.0, 96.0, 972.0, 657.0]
[80.0, 64.0, 829.0, 626.0]
[112.0, 80.0, 862.0, 642.0]
[176.0, 64.0, 927.0, 627.0]
[160.0, 16.0, 912.0, 580.0]
[208.0, 96.0, 961.0, 661.0]
[208.0, 64.0, 962.0, 630.0]
[128.0, 0.0, 883.0, 566.0]
[96.0, 96.0, 852.0, 663.0]
[224.0, 16.0, 981.0, 584.0]
[112.0, 80.0, 870.0, 648.0]
[144.0, 64.0, 903.0, 633.0]
[96.0, 96.0, 856.0, 666.0]
[96.0, 32.0, 857.0, 603.0]
[224.0, 32.0, 986.0, 604.0]
[160.0, 96.0, 923.0, 668.0]
[128.0, 96.0, 892.0, 669.0]
[176.0, 64.0, 941.0, 638.0]
[112.0, 80.0, 878.0, 654.0]
[160.0, 0.0, 927.0, 575.0]
[240.0, 32.0, 1008.0, 608.0]
[144.0, 0.0, 913.0, 577.0]
[144.0, 0.0, 914.0, 578.0]
[192.0, 64.0, 963.0, 642.0]
[80.0, 32.0, 852.0, 611.0]
[192.0, 48.0, 965.0, 628.0]
[112.0, 16.0, 886.0, 596.0]
[192.0, 96.0, 967.0, 677.0]
[224.0, 16.0, 1000.0, 598.0]
[128.0, 16.0, 905.0, 599.0]
[144.0, 0.0, 922.0, 584.0]
[144.0, 0.0, 923.0, 584.0]
[160.0, 80.0, 940.0, 665.0]
[176.0, 80.0, 957.0, 666.0]
[96.0, 0.0, 878.0, 586.0]
[112.0, 64.0, 895.0, 651.0]
[192.0, 48.0, 976.0, 636.0]
[112.0, 0.0, 897.0, 589.0]
[208.0, 80.0, 994.0, 670.0]
[144.0, 0.0, 931.0, 590.0]
[112.0, 64.0, 900.0, 655.0]
[112.0, 64.0, 901.0, 656.0]
[128.0, 64.0, 918.0, 656.0]
[112.0, 16.0, 903.0, 609.0]
[208.0, 64.0, 1000.0, 658.0]
[128.0, 64.0, 921.0, 659.0]
[112.0, 80.0, 906.0, 676.0]
[176.0, 32.0, 971.0, 628.0]
[96.0, 64.0, 892.0, 661.0]
[96.0, 0.0, 893.0, 598.0]
[96.0, 16.0, 894.0, 614.0]
[144.0, 80.0, 943.0, 679.0]
[160.0, 64.0, 960.0, 664.0]
[144.0, 80.0, 945.0, 681.0]
[160.0, 80.0, 962.0, 682.0]
[144.0, 64.0, 947.0, 666.0]
[96.0, 48.0, 900.0, 651.0]
[192.0, 48.0, 997.0, 652.0]
[176.0, 16.0, 982.0, 620.0]
[176.0, 32.0, 983.0, 637.0]
[112.0, 32.0, 920.0, 638.0]
[96.0, 16.0, 905.0, 623.0]
[48.0, 0.0, 858.0, 608.0]
[96.0, 48.0, 907.0, 656.0]
[144.0, 48.0, 956.0, 657.0]
[144.0, 16.0, 957.0, 626.0]
[16.0, 48.0, 830.0, 658.0]
[96.0, 32.0, 911.0, 643.0]
[144.0, 32.0, 960.0, 644.0]
[64.0, 32.0, 881.0, 645.0]
[80.0, 32.0, 898.0, 646.0]
[16.0, 32.0, 835.0, 646.0]
[176.0, 32.0, 996.0, 647.0]
[96.0, 64.0, 917.0, 680.0]
[176.0, 64.0, 998.0, 680.0]
[32.0, 16.0, 855.0, 633.0]
[64.0, 16.0, 888.0, 634.0]
[80.0, 32.0, 905.0, 651.0]
[128.0, 48.0, 954.0, 668.0]
[128.0, 48.0, 955.0, 668.0]
[80.0, 48.0, 908.0, 669.0]
[144.0, 32.0, 973.0, 654.0]
[80.0, 32.0, 910.0, 654.0]
[160.0, 0.0, 991.0, 623.0]
[96.0, 0.0, 928.0, 624.0]
[144.0, 16.0, 977.0, 641.0]
[112.0, 48.0, 946.0, 674.0]
[144.0, 48.0, 979.0, 674.0]
[112.0, 16.0, 948.0, 643.0]
[112.0, 32.0, 949.0, 660.0]
[96.0, 32.0, 934.0, 660.0]
[48.0, 16.0, 887.0, 645.0]
[160.0, 32.0, 1000.0, 662.0]
[48.0, 16.0, 889.0, 647.0]
[176.0, 16.0, 1018.0, 648.0]
[96.0, 32.0, 939.0, 664.0]
[64.0, 0.0, 908.0, 633.0]
[160.0, 16.0, 1005.0, 650.0]
[64.0, 48.0, 910.0, 682.0]
[32.0, 0.0, 879.0, 635.0]
[32.0, 0.0, 880.0, 636.0]
[128.0, 16.0, 977.0, 653.0]
[32.0, 16.0, 882.0, 654.0]
[128.0, 32.0, 979.0, 670.0]
[32.0, 0.0, 884.0, 639.0]
[128.0, 32.0, 981.0, 672.0]
[0.0, 16.0, 854.0, 656.0]
[0.0, 32.0, 855.0, 673.0]
[0.0, 32.0, 856.0, 674.0]
[144.0, 16.0, 1001.0, 659.0]
[0.0, 16.0, 858.0, 660.0]
[160.0, 0.0, 1019.0, 644.0]
[160.0, 16.0, 1020.0, 661.0]
[144.0, 32.0, 1005.0, 678.0]
[128.0, 0.0, 990.0, 646.0]
[48.0, 32.0, 911.0, 679.0]
[112.0, 0.0, 976.0, 648.0]
[16.0, 16.0, 881.0, 665.0]
[96.0, 16.0, 962.0, 666.0]
[64.0, 32.0, 931.0, 682.0]
[32.0, 16.0, 900.0, 667.0]
[0.0, 0.0, 869.0, 652.0]
[96.0, 0.0, 966.0, 652.0]
[112.0, 16.0, 983.0, 669.0]
[112.0, 16.0, 984.0, 670.0]
[144.0, 0.0, 1017.0, 655.0]
[32.0, 0.0, 906.0, 656.0]
[48.0, 0.0, 923.0, 656.0]
[112.0, 16.0, 988.0, 673.0]
[64.0, 0.0, 941.0, 658.0]
[80.0, 16.0, 958.0, 674.0]
[144.0, 16.0, 1023.0, 675.0]
[48.0, 16.0, 928.0, 676.0]
[64.0, 0.0, 945.0, 661.0]
[128.0, 0.0, 1010.0, 662.0]
[16.0, 16.0, 899.0, 678.0]
[32.0, 0.0, 916.0, 663.0]
[0.0, 16.0, 885.0, 680.0]
[32.0, 16.0, 918.0, 680.0]
[32.0, 16.0, 919.0, 681.0]
[80.0, 0.0, 968.0, 666.0]
[32.0, 16.0, 921.0, 683.0]
[112.0, 0.0, 1002.0, 668.0]
[96.0, 0.0, 987.0, 668.0]
[112.0, 0.0, 1004.0, 669.0]
[112.0, 0.0, 1005.0, 670.0]
[16.0, 0.0, 910.0, 670.0]
[32.0, 0.0, 927.0, 671.0]
[96.0, 0.0, 992.0, 672.0]
[96.0, 0.0, 993.0, 673.0]
[48.0, 0.0, 946.0, 674.0]
[16.0, 0.0, 915.0, 674.0]
[96.0, 0.0, 996.0, 675.0]
[96.0, 0.0, 997.0, 676.0]
[0.0, 0.0, 902.0, 676.0]
[48.0, 0.0, 951.0, 677.0]
[80.0, 0.0, 984.0, 678.0]
[80.0, 0.0, 985.0, 679.0]
[32.0, 0.0, 938.0, 680.0]
[0.0, 0.0, 907.0, 680.0]
[112.0, 0.0, 1020.0, 681.0]
[112.0, 0.0, 1021.0, 682.0]
[80.0, 0.0, 990.0, 682.0]
[32.0, 0.0, 943.0, 683.0]
