[240.0, 96.0, 957.0, 634.0]
[192.0, 128.0, 910.0, 666.0]
[224.0, 128.0, 943.0, 667.0]
[160.0, 112.0, 880.0, 652.0]
[208.0, 112.0, 929.0, 653.0]
[288.0, 112.0, 1010.0, 654.0]
[208.0, 64.0, 931.0, 606.0]
[176.0, 96.0, 900.0, 639.0]
[272.0, 80.0, 997.0, 624.0]
[256.0, 80.0, 982.0, 624.0]
[176.0, 80.0, 903.0, 625.0]
[240.0, 96.0, 968.0, 642.0]
[288.0, 128.0, 1017.0, 675.0]
[224.0, 80.0, 954.0, 628.0]
[288.0, 80.0, 1019.0, 628.0]
[272.0, 96.0, 1004.0, 645.0]
[176.0, 64.0, 909.0, 614.0]
[288.0, 80.0, 1022.0, 630.0]
[256.0, 64.0, 991.0, 615.0]
[256.0, 80.0, 992.0, 632.0]
[208.0, 112.0, 945.0, 665.0]
[160.0, 80.0, 898.0, 634.0]
[128.0, 128.0, 867.0, 682.0]
[272.0, 112.0, 1012.0, 667.0]
[240.0, 112.0, 981.0, 668.0]
[208.0, 64.0, 950.0, 620.0]
[240.0, 80.0, 983.0, 637.0]
[176.0, 64.0, 920.0, 622.0]
[256.0, 64.0, 1001.0, 623.0]
[192.0, 112.0, 938.0, 672.0]
[256.0, 112.0, 1003.0, 672.0]
[160.0, 96.0, 908.0, 657.0]
[160.0, 64.0, 909.0, 626.0]
[240.0, 64.0, 990.0, 626.0]
[160.0, 80.0, 911.0, 643.0]
[192.0, 112.0, 944.0, 676.0]
[256.0, 96.0, 1009.0, 661.0]
[208.0, 80.0, 962.0, 646.0]
[240.0, 96.0, 995.0, 662.0]
[128.0, 80.0, 884.0, 647.0]
[240.0, 64.0, 997.0, 632.0]
[192.0, 48.0, 950.0, 616.0]
[240.0, 80.0, 999.0, 649.0]
[208.0, 112.0, 968.0, 682.0]
[192.0, 80.0, 953.0, 651.0]
[160.0, 64.0, 922.0, 636.0]
[224.0, 96.0, 987.0, 668.0]
[224.0, 48.0, 988.0, 621.0]
[208.0, 32.0, 973.0, 606.0]
[192.0, 96.0, 958.0, 670.0]
[256.0, 48.0, 1023.0, 623.0]
[192.0, 96.0, 960.0, 672.0]
[176.0, 80.0, 945.0, 657.0]
[240.0, 96.0, 1010.0, 674.0]
[128.0, 80.0, 899.0, 658.0]
[224.0, 96.0, 996.0, 675.0]
[144.0, 80.0, 917.0, 660.0]
[208.0, 48.0, 982.0, 628.0]
[240.0, 48.0, 1015.0, 629.0]
[160.0, 96.0, 936.0, 678.0]
[192.0, 80.0, 969.0, 663.0]
[224.0, 96.0, 1002.0, 680.0]
[208.0, 32.0, 987.0, 616.0]
[240.0, 32.0, 1020.0, 617.0]
[160.0, 80.0, 941.0, 666.0]
[176.0, 64.0, 958.0, 650.0]
[176.0, 32.0, 959.0, 619.0]
[224.0, 32.0, 1008.0, 620.0]
[224.0, 64.0, 1009.0, 653.0]
[208.0, 32.0, 994.0, 622.0]
[208.0, 32.0, 995.0, 622.0]
[176.0, 32.0, 964.0, 623.0]
[208.0, 80.0, 997.0, 672.0]
[192.0, 80.0, 982.0, 672.0]
[176.0, 32.0, 967.0, 625.0]
[192.0, 16.0, 984.0, 610.0]
[192.0, 48.0, 985.0, 643.0]
[224.0, 48.0, 1018.0, 644.0]
[192.0, 32.0, 987.0, 628.0]
[144.0, 80.0, 940.0, 677.0]
[176.0, 80.0, 973.0, 678.0]
[160.0, 48.0, 958.0, 646.0]
[224.0, 80.0, 1023.0, 679.0]
[144.0, 48.0, 944.0, 648.0]
[192.0, 16.0, 993.0, 617.0]
[192.0, 32.0, 994.0, 634.0]
[128.0, 48.0, 931.0, 650.0]
[144.0, 64.0, 948.0, 667.0]
[208.0, 16.0, 1013.0, 620.0]
[128.0, 48.0, 934.0, 652.0]
[160.0, 32.0, 967.0, 637.0]
[176.0, 32.0, 984.0, 638.0]
[160.0, 48.0, 969.0, 655.0]
[192.0, 64.0, 1002.0, 672.0]
[160.0, 48.0, 971.0, 656.0]
[192.0, 32.0, 1004.0, 641.0]
[192.0, 16.0, 1005.0, 626.0]
[160.0, 48.0, 974.0, 658.0]
[192.0, 32.0, 1007.0, 643.0]
[128.0, 64.0, 944.0, 676.0]
[160.0, 16.0, 977.0, 629.0]
[160.0, 64.0, 978.0, 678.0]
[176.0, 32.0, 995.0, 646.0]
[144.0, 64.0, 964.0, 679.0]
[176.0, 64.0, 997.0, 680.0]
[160.0, 16.0, 982.0, 632.0]
[160.0, 48.0, 983.0, 665.0]
[192.0, 48.0, 1016.0, 666.0]
[160.0, 16.0, 985.0, 635.0]
[176.0, 48.0, 1002.0, 668.0]
[176.0, 16.0, 1003.0, 636.0]
[160.0, 32.0, 988.0, 653.0]
[128.0, 48.0, 957.0, 670.0]
[160.0, 16.0, 990.0, 638.0]
[176.0, 48.0, 1007.0, 671.0]
[176.0, 48.0, 1008.0, 672.0]
[160.0, 48.0, 993.0, 673.0]
[144.0, 48.0, 978.0, 674.0]
[160.0, 48.0, 995.0, 674.0]
[160.0, 48.0, 996.0, 675.0]
[160.0, 16.0, 997.0, 644.0]
[128.0, 48.0, 966.0, 676.0]
[128.0, 48.0, 967.0, 677.0]
[128.0, 48.0, 968.0, 678.0]
[176.0, 32.0, 1017.0, 663.0]
[160.0, 48.0, 1002.0, 680.0]
[160.0, 16.0, 1003.0, 648.0]
[160.0, 16.0, 1004.0, 649.0]
[160.0, 48.0, 1005.0, 682.0]
[176.0, 16.0, 1022.0, 650.0]
[144.0, 48.0, 991.0, 683.0]
[160.0, 32.0, 1008.0, 668.0]
[144.0, 32.0, 993.0, 669.0]
[128.0, 32.0, 978.0, 670.0]
[144.0, 32.0, 995.0, 670.0]
[160.0, 16.0, 1012.0, 655.0]
[144.0, 32.0, 997.0, 672.0]
[128.0, 32.0, 982.0, 672.0]
[160.0, 16.0, 1015.0, 657.0]
[128.0, 16.0, 984.0, 658.0]
[160.0, 16.0, 1017.0, 659.0]
[144.0, 16.0, 1002.0, 660.0]
[128.0, 32.0, 987.0, 676.0]
[160.0, 16.0, 1020.0, 661.0]
[160.0, 16.0, 1021.0, 662.0]
[128.0, 16.0, 990.0, 662.0]
[144.0, 16.0, 1007.0, 663.0]
[160.0, 16.0, 1024.0, 664.0]
[144.0, 32.0, 1009.0, 681.0]
