[80.0, 64.0, 797.0, 602.0]
[128.0, 96.0, 846.0, 634.0]
[160.0, 144.0, 879.0, 683.0]
[96.0, 128.0, 816.0, 668.0]
[112.0, 96.0, 833.0, 637.0]
[80.0, 128.0, 802.0, 670.0]
[48.0, 128.0, 771.0, 670.0]
[112.0, 128.0, 836.0, 671.0]
[112.0, 112.0, 837.0, 656.0]
[48.0, 112.0, 774.0, 656.0]
[16.0, 96.0, 743.0, 641.0]
[64.0, 112.0, 792.0, 658.0]
[160.0, 128.0, 889.0, 675.0]
[64.0, 96.0, 794.0, 644.0]
[112.0, 96.0, 843.0, 644.0]
[144.0, 112.0, 876.0, 661.0]
[16.0, 112.0, 749.0, 662.0]
[80.0, 112.0, 814.0, 662.0]
[128.0, 112.0, 863.0, 663.0]
[48.0, 112.0, 784.0, 664.0]
[112.0, 96.0, 849.0, 649.0]
[0.0, 112.0, 738.0, 666.0]
[0.0, 96.0, 739.0, 650.0]
[16.0, 64.0, 756.0, 619.0]
[16.0, 80.0, 757.0, 636.0]
[144.0, 96.0, 886.0, 652.0]
[96.0, 80.0, 839.0, 637.0]
[96.0, 80.0, 840.0, 638.0]
[80.0, 80.0, 825.0, 639.0]
[48.0, 64.0, 794.0, 624.0]
[64.0, 48.0, 811.0, 608.0]
[48.0, 48.0, 796.0, 609.0]
[48.0, 96.0, 797.0, 658.0]
[32.0, 48.0, 782.0, 610.0]
[64.0, 48.0, 815.0, 611.0]
[64.0, 80.0, 816.0, 644.0]
[0.0, 112.0, 753.0, 677.0]
[112.0, 96.0, 866.0, 662.0]
[80.0, 48.0, 835.0, 614.0]
[64.0, 112.0, 820.0, 679.0]
[64.0, 96.0, 821.0, 664.0]
[32.0, 96.0, 790.0, 664.0]
[80.0, 96.0, 839.0, 665.0]
[80.0, 112.0, 840.0, 682.0]
[112.0, 112.0, 873.0, 683.0]
[0.0, 80.0, 762.0, 652.0]
[144.0, 96.0, 907.0, 668.0]
[80.0, 64.0, 844.0, 637.0]
[0.0, 96.0, 765.0, 670.0]
[80.0, 48.0, 846.0, 622.0]
[48.0, 48.0, 815.0, 623.0]
[32.0, 32.0, 800.0, 608.0]
[80.0, 96.0, 849.0, 673.0]
[64.0, 96.0, 834.0, 674.0]
[128.0, 96.0, 899.0, 674.0]
[96.0, 48.0, 868.0, 627.0]
[96.0, 80.0, 869.0, 660.0]
[16.0, 64.0, 790.0, 644.0]
[48.0, 80.0, 823.0, 661.0]
[16.0, 64.0, 792.0, 646.0]
[64.0, 32.0, 841.0, 615.0]
[32.0, 64.0, 810.0, 648.0]
[48.0, 64.0, 827.0, 648.0]
[128.0, 96.0, 908.0, 681.0]
[64.0, 48.0, 845.0, 634.0]
[80.0, 80.0, 862.0, 666.0]
[64.0, 64.0, 847.0, 651.0]
[64.0, 80.0, 848.0, 668.0]
[0.0, 32.0, 785.0, 621.0]
[0.0, 64.0, 786.0, 654.0]
[0.0, 32.0, 787.0, 622.0]
[16.0, 32.0, 804.0, 623.0]
[96.0, 80.0, 885.0, 672.0]
[16.0, 32.0, 806.0, 624.0]
[112.0, 80.0, 903.0, 673.0]
[16.0, 48.0, 808.0, 642.0]
[48.0, 80.0, 841.0, 675.0]
[64.0, 48.0, 858.0, 644.0]
[0.0, 32.0, 795.0, 628.0]
[48.0, 48.0, 844.0, 645.0]
[16.0, 32.0, 813.0, 630.0]
[32.0, 80.0, 830.0, 678.0]
[48.0, 48.0, 847.0, 647.0]
[0.0, 64.0, 800.0, 664.0]
[64.0, 80.0, 865.0, 681.0]
[64.0, 32.0, 866.0, 634.0]
[64.0, 64.0, 867.0, 666.0]
[64.0, 32.0, 868.0, 635.0]
[0.0, 32.0, 805.0, 636.0]
[48.0, 16.0, 854.0, 620.0]
[0.0, 48.0, 807.0, 653.0]
[0.0, 64.0, 808.0, 670.0]
[96.0, 64.0, 905.0, 671.0]
[64.0, 48.0, 874.0, 656.0]
[0.0, 64.0, 811.0, 672.0]
[16.0, 16.0, 828.0, 625.0]
[96.0, 64.0, 909.0, 674.0]
[32.0, 16.0, 846.0, 626.0]
[0.0, 48.0, 815.0, 659.0]
[64.0, 64.0, 880.0, 676.0]
[0.0, 48.0, 817.0, 661.0]
[64.0, 32.0, 882.0, 646.0]
[16.0, 48.0, 835.0, 662.0]
[16.0, 48.0, 836.0, 663.0]
[32.0, 16.0, 853.0, 632.0]
[32.0, 32.0, 854.0, 648.0]
[48.0, 64.0, 871.0, 681.0]
[48.0, 48.0, 872.0, 666.0]
[0.0, 16.0, 825.0, 635.0]
[16.0, 32.0, 842.0, 652.0]
[0.0, 32.0, 827.0, 652.0]
[16.0, 16.0, 844.0, 637.0]
[48.0, 48.0, 877.0, 670.0]
[80.0, 48.0, 910.0, 670.0]
[64.0, 48.0, 895.0, 671.0]
[32.0, 48.0, 864.0, 672.0]
[48.0, 32.0, 881.0, 657.0]
[32.0, 32.0, 866.0, 658.0]
[32.0, 32.0, 867.0, 658.0]
[0.0, 48.0, 836.0, 675.0]
[64.0, 48.0, 901.0, 676.0]
[64.0, 48.0, 902.0, 676.0]
[32.0, 32.0, 871.0, 661.0]
[64.0, 32.0, 904.0, 662.0]
[0.0, 48.0, 841.0, 679.0]
[48.0, 32.0, 890.0, 664.0]
[48.0, 48.0, 891.0, 680.0]
[48.0, 48.0, 892.0, 681.0]
[16.0, 48.0, 861.0, 682.0]
[0.0, 16.0, 846.0, 650.0]
[32.0, 16.0, 879.0, 651.0]
[16.0, 16.0, 864.0, 652.0]
[0.0, 32.0, 849.0, 669.0]
[48.0, 32.0, 898.0, 670.0]
[16.0, 16.0, 867.0, 654.0]
[16.0, 16.0, 868.0, 655.0]
[0.0, 16.0, 853.0, 656.0]
[48.0, 16.0, 902.0, 656.0]
[48.0, 32.0, 903.0, 673.0]
[16.0, 16.0, 872.0, 658.0]
[48.0, 16.0, 905.0, 659.0]
[48.0, 32.0, 906.0, 676.0]
[32.0, 32.0, 891.0, 676.0]
[0.0, 16.0, 860.0, 661.0]
[0.0, 16.0, 861.0, 662.0]
[16.0, 16.0, 878.0, 662.0]
[0.0, 16.0, 863.0, 663.0]
[32.0, 32.0, 896.0, 680.0]
[16.0, 16.0, 881.0, 665.0]
