[64.0, 144.0, 620.0, 885.0]
[48.0, 64.0, 604.0, 806.0]
[64.0, 48.0, 621.0, 791.0]
[80.0, 64.0, 638.0, 808.0]
[64.0, 160.0, 623.0, 905.0]
[48.0, 80.0, 608.0, 826.0]
[64.0, 176.0, 624.0, 923.0]
[96.0, 96.0, 657.0, 844.0]
[48.0, 48.0, 610.0, 797.0]
[96.0, 128.0, 658.0, 878.0]
[48.0, 144.0, 611.0, 895.0]
[96.0, 224.0, 660.0, 976.0]
[64.0, 160.0, 629.0, 913.0]
[96.0, 176.0, 662.0, 930.0]
[48.0, 48.0, 614.0, 803.0]
[64.0, 240.0, 631.0, 996.0]
[64.0, 144.0, 632.0, 901.0]
[80.0, 208.0, 648.0, 966.0]
[32.0, 112.0, 601.0, 871.0]
[16.0, 96.0, 586.0, 856.0]
[96.0, 224.0, 667.0, 985.0]
[80.0, 64.0, 652.0, 826.0]
[32.0, 80.0, 604.0, 843.0]
[16.0, 176.0, 589.0, 940.0]
[48.0, 144.0, 622.0, 909.0]
[80.0, 128.0, 654.0, 894.0]
[64.0, 192.0, 639.0, 959.0]
[64.0, 192.0, 640.0, 960.0]
[80.0, 144.0, 657.0, 913.0]
[64.0, 224.0, 642.0, 994.0]
[64.0, 112.0, 642.0, 883.0]
[80.0, 144.0, 659.0, 916.0]
[48.0, 112.0, 628.0, 885.0]
[96.0, 208.0, 676.0, 982.0]
[64.0, 240.0, 645.0, 1015.0]
[32.0, 16.0, 614.0, 792.0]
[80.0, 160.0, 663.0, 937.0]
[80.0, 16.0, 664.0, 794.0]
[80.0, 144.0, 664.0, 923.0]
[64.0, 0.0, 649.0, 780.0]
[80.0, 80.0, 666.0, 861.0]
[0.0, 192.0, 586.0, 974.0]
[32.0, 208.0, 619.0, 991.0]
[64.0, 208.0, 652.0, 992.0]
[48.0, 224.0, 637.0, 1009.0]
[48.0, 112.0, 638.0, 898.0]
[32.0, 64.0, 622.0, 851.0]
[0.0, 32.0, 591.0, 820.0]
[48.0, 160.0, 640.0, 949.0]
[32.0, 128.0, 624.0, 918.0]
[0.0, 208.0, 593.0, 999.0]
[48.0, 128.0, 642.0, 920.0]
[48.0, 144.0, 643.0, 937.0]
[16.0, 176.0, 612.0, 970.0]
[16.0, 32.0, 612.0, 827.0]
[64.0, 48.0, 661.0, 844.0]
[64.0, 48.0, 662.0, 845.0]
[0.0, 96.0, 598.0, 894.0]
[80.0, 176.0, 679.0, 975.0]
[64.0, 224.0, 664.0, 1024.0]
[64.0, 192.0, 665.0, 993.0]
[0.0, 32.0, 602.0, 834.0]
[64.0, 96.0, 666.0, 899.0]
[32.0, 192.0, 635.0, 996.0]
[48.0, 0.0, 652.0, 805.0]
[48.0, 16.0, 652.0, 822.0]
[32.0, 80.0, 637.0, 887.0]
[16.0, 80.0, 622.0, 888.0]
[16.0, 192.0, 623.0, 1001.0]
[0.0, 144.0, 608.0, 954.0]
[16.0, 48.0, 624.0, 859.0]
[64.0, 192.0, 673.0, 1004.0]
[32.0, 144.0, 642.0, 957.0]
[48.0, 80.0, 658.0, 894.0]
[0.0, 16.0, 611.0, 831.0]
[64.0, 176.0, 676.0, 992.0]
[64.0, 0.0, 677.0, 817.0]
[16.0, 128.0, 630.0, 946.0]
[0.0, 144.0, 614.0, 963.0]
[48.0, 48.0, 663.0, 868.0]
[48.0, 176.0, 664.0, 997.0]
[16.0, 64.0, 632.0, 886.0]
[48.0, 64.0, 665.0, 887.0]
[32.0, 48.0, 650.0, 872.0]
[48.0, 0.0, 667.0, 825.0]
[0.0, 160.0, 620.0, 986.0]
[48.0, 48.0, 668.0, 875.0]
[16.0, 32.0, 637.0, 860.0]
[48.0, 112.0, 670.0, 941.0]
[0.0, 112.0, 622.0, 942.0]
[48.0, 80.0, 671.0, 911.0]
[32.0, 0.0, 656.0, 832.0]
[32.0, 160.0, 657.0, 993.0]
[48.0, 96.0, 674.0, 930.0]
[48.0, 160.0, 674.0, 995.0]
[48.0, 144.0, 675.0, 980.0]
[16.0, 48.0, 644.0, 885.0]
[16.0, 128.0, 644.0, 966.0]
[16.0, 112.0, 645.0, 951.0]
[32.0, 48.0, 662.0, 888.0]
[16.0, 16.0, 647.0, 857.0]
[0.0, 160.0, 632.0, 1002.0]
[48.0, 32.0, 680.0, 875.0]
[48.0, 144.0, 681.0, 988.0]
[0.0, 80.0, 634.0, 925.0]
[0.0, 48.0, 634.0, 894.0]
[16.0, 16.0, 651.0, 863.0]
[32.0, 176.0, 668.0, 1024.0]
[32.0, 80.0, 669.0, 929.0]
[0.0, 144.0, 638.0, 994.0]
[0.0, 96.0, 638.0, 947.0]
[32.0, 0.0, 671.0, 852.0]
[0.0, 48.0, 640.0, 901.0]
[32.0, 96.0, 672.0, 950.0]
[16.0, 48.0, 657.0, 903.0]
[16.0, 112.0, 658.0, 968.0]
[0.0, 128.0, 643.0, 985.0]
[0.0, 160.0, 644.0, 1018.0]
[32.0, 80.0, 676.0, 939.0]
[0.0, 48.0, 645.0, 908.0]
[0.0, 128.0, 646.0, 989.0]
[16.0, 144.0, 662.0, 1006.0]
[0.0, 144.0, 647.0, 1007.0]
[16.0, 48.0, 664.0, 912.0]
[32.0, 48.0, 681.0, 913.0]
[32.0, 112.0, 682.0, 978.0]
[16.0, 80.0, 666.0, 947.0]
[0.0, 0.0, 651.0, 868.0]
[0.0, 112.0, 652.0, 981.0]
[0.0, 128.0, 652.0, 998.0]
[16.0, 96.0, 669.0, 967.0]
[16.0, 48.0, 670.0, 920.0]
[16.0, 32.0, 671.0, 905.0]
[0.0, 128.0, 656.0, 1002.0]
[0.0, 32.0, 656.0, 907.0]
[16.0, 144.0, 673.0, 1020.0]
[0.0, 80.0, 658.0, 957.0]
[16.0, 16.0, 674.0, 894.0]
[0.0, 96.0, 659.0, 975.0]
[0.0, 96.0, 660.0, 976.0]
[16.0, 64.0, 677.0, 945.0]
[16.0, 48.0, 678.0, 930.0]
[0.0, 128.0, 662.0, 1011.0]
[0.0, 112.0, 663.0, 996.0]
[0.0, 0.0, 664.0, 885.0]
[16.0, 80.0, 680.0, 966.0]
[0.0, 64.0, 665.0, 951.0]
[0.0, 16.0, 666.0, 904.0]
[16.0, 0.0, 683.0, 889.0]
[0.0, 0.0, 668.0, 890.0]
[0.0, 112.0, 668.0, 1003.0]
[0.0, 64.0, 669.0, 956.0]
[0.0, 32.0, 670.0, 925.0]
[0.0, 16.0, 670.0, 910.0]
[0.0, 0.0, 671.0, 895.0]
[0.0, 32.0, 672.0, 928.0]
[0.0, 48.0, 673.0, 945.0]
[0.0, 16.0, 674.0, 914.0]
[0.0, 96.0, 674.0, 995.0]
[0.0, 48.0, 675.0, 948.0]
[0.0, 64.0, 676.0, 965.0]
[0.0, 48.0, 676.0, 950.0]
[0.0, 48.0, 677.0, 951.0]
[0.0, 16.0, 678.0, 920.0]
[0.0, 48.0, 679.0, 953.0]
[0.0, 96.0, 680.0, 1002.0]
[0.0, 96.0, 680.0, 1003.0]
[0.0, 96.0, 681.0, 1004.0]
[0.0, 16.0, 682.0, 925.0]
[0.0, 0.0, 682.0, 910.0]
[0.0, 80.0, 683.0, 991.0]
