[112.0, 32.0, 829.0, 570.0]
[288.0, 80.0, 1006.0, 618.0]
[288.0, 16.0, 1007.0, 555.0]
[128.0, 96.0, 848.0, 636.0]
[240.0, 80.0, 961.0, 621.0]
[224.0, 80.0, 946.0, 622.0]
[240.0, 64.0, 963.0, 606.0]
[176.0, 96.0, 900.0, 639.0]
[144.0, 16.0, 869.0, 560.0]
[176.0, 32.0, 902.0, 576.0]
[192.0, 32.0, 919.0, 577.0]
[192.0, 64.0, 920.0, 610.0]
[224.0, 80.0, 953.0, 627.0]
[208.0, 80.0, 938.0, 628.0]
[144.0, 48.0, 875.0, 596.0]
[224.0, 96.0, 956.0, 645.0]
[128.0, 80.0, 861.0, 630.0]
[192.0, 0.0, 926.0, 550.0]
[144.0, 48.0, 879.0, 599.0]
[176.0, 16.0, 912.0, 568.0]
[176.0, 0.0, 913.0, 553.0]
[224.0, 32.0, 962.0, 586.0]
[112.0, 80.0, 851.0, 634.0]
[96.0, 48.0, 836.0, 603.0]
[272.0, 16.0, 1013.0, 572.0]
[80.0, 16.0, 822.0, 572.0]
[80.0, 32.0, 823.0, 589.0]
[240.0, 16.0, 984.0, 574.0]
[256.0, 32.0, 1001.0, 591.0]
[112.0, 64.0, 858.0, 624.0]
[176.0, 16.0, 923.0, 576.0]
[224.0, 32.0, 972.0, 593.0]
[176.0, 48.0, 925.0, 610.0]
[48.0, 32.0, 798.0, 594.0]
[80.0, 64.0, 831.0, 627.0]
[208.0, 96.0, 960.0, 660.0]
[160.0, 0.0, 913.0, 565.0]
[64.0, 48.0, 818.0, 614.0]
[160.0, 16.0, 915.0, 582.0]
[160.0, 64.0, 916.0, 631.0]
[96.0, 32.0, 853.0, 600.0]
[192.0, 32.0, 950.0, 600.0]
[80.0, 64.0, 839.0, 633.0]
[96.0, 64.0, 856.0, 634.0]
[144.0, 80.0, 905.0, 651.0]
[128.0, 96.0, 890.0, 668.0]
[240.0, 80.0, 1003.0, 652.0]
[176.0, 64.0, 940.0, 637.0]
[240.0, 32.0, 1005.0, 606.0]
[240.0, 64.0, 1006.0, 638.0]
[240.0, 64.0, 1007.0, 639.0]
[208.0, 0.0, 976.0, 576.0]
[224.0, 16.0, 993.0, 593.0]
[112.0, 64.0, 882.0, 642.0]
[176.0, 0.0, 947.0, 578.0]
[224.0, 0.0, 996.0, 579.0]
[176.0, 96.0, 949.0, 676.0]
[176.0, 96.0, 950.0, 676.0]
[112.0, 80.0, 887.0, 661.0]
[176.0, 16.0, 952.0, 598.0]
[240.0, 80.0, 1017.0, 663.0]
[144.0, 80.0, 922.0, 664.0]
[192.0, 80.0, 971.0, 664.0]
[208.0, 32.0, 988.0, 617.0]
[112.0, 48.0, 893.0, 634.0]
[144.0, 16.0, 926.0, 602.0]
[224.0, 80.0, 1007.0, 667.0]
[144.0, 0.0, 928.0, 588.0]
[176.0, 96.0, 961.0, 685.0]
[48.0, 0.0, 834.0, 590.0]
[64.0, 0.0, 851.0, 590.0]
[224.0, 48.0, 1012.0, 639.0]
[128.0, 32.0, 917.0, 624.0]
[144.0, 64.0, 934.0, 656.0]
[96.0, 16.0, 887.0, 609.0]
[64.0, 48.0, 856.0, 642.0]
[144.0, 0.0, 937.0, 595.0]
[96.0, 32.0, 890.0, 628.0]
[80.0, 0.0, 875.0, 596.0]
[128.0, 0.0, 924.0, 597.0]
[208.0, 80.0, 1005.0, 678.0]
[192.0, 16.0, 990.0, 614.0]
[64.0, 16.0, 863.0, 615.0]
[112.0, 32.0, 912.0, 632.0]
[144.0, 0.0, 945.0, 601.0]
[144.0, 16.0, 946.0, 618.0]
[160.0, 96.0, 963.0, 698.0]
[144.0, 32.0, 948.0, 635.0]
[64.0, 0.0, 869.0, 604.0]
[208.0, 64.0, 1014.0, 668.0]
[208.0, 0.0, 1015.0, 605.0]
[112.0, 16.0, 920.0, 622.0]
[96.0, 16.0, 905.0, 623.0]
[112.0, 16.0, 922.0, 624.0]
[144.0, 96.0, 955.0, 704.0]
[32.0, 32.0, 844.0, 641.0]
[80.0, 32.0, 893.0, 642.0]
[176.0, 0.0, 990.0, 610.0]
[128.0, 64.0, 943.0, 675.0]
[112.0, 0.0, 928.0, 612.0]
[64.0, 48.0, 881.0, 661.0]
[176.0, 32.0, 994.0, 646.0]
[192.0, 32.0, 1011.0, 646.0]
[32.0, 16.0, 852.0, 631.0]
[176.0, 0.0, 997.0, 616.0]
[112.0, 16.0, 934.0, 632.0]
[96.0, 0.0, 919.0, 617.0]
[144.0, 48.0, 968.0, 666.0]
[160.0, 32.0, 985.0, 651.0]
[144.0, 80.0, 970.0, 700.0]
[144.0, 48.0, 971.0, 668.0]
[48.0, 0.0, 876.0, 621.0]
[160.0, 16.0, 989.0, 638.0]
[160.0, 0.0, 990.0, 622.0]
[112.0, 16.0, 943.0, 639.0]
[64.0, 32.0, 896.0, 656.0]
[144.0, 64.0, 977.0, 689.0]
[160.0, 64.0, 994.0, 690.0]
[80.0, 16.0, 915.0, 642.0]
[48.0, 32.0, 884.0, 659.0]
[160.0, 64.0, 997.0, 692.0]
[48.0, 16.0, 886.0, 644.0]
[112.0, 48.0, 951.0, 677.0]
[32.0, 0.0, 872.0, 630.0]
[96.0, 32.0, 937.0, 663.0]
[176.0, 80.0, 1018.0, 712.0]
[176.0, 32.0, 1019.0, 664.0]
[32.0, 16.0, 876.0, 649.0]
[160.0, 64.0, 1005.0, 698.0]
[144.0, 48.0, 990.0, 682.0]
[96.0, 32.0, 943.0, 667.0]
[48.0, 0.0, 896.0, 636.0]
[128.0, 80.0, 977.0, 717.0]
[48.0, 0.0, 898.0, 638.0]
[32.0, 0.0, 883.0, 638.0]
[112.0, 0.0, 964.0, 639.0]
[160.0, 32.0, 1013.0, 672.0]
[80.0, 0.0, 934.0, 640.0]
[160.0, 32.0, 1015.0, 673.0]
[112.0, 80.0, 968.0, 722.0]
[48.0, 16.0, 905.0, 659.0]
[144.0, 16.0, 1002.0, 660.0]
[160.0, 48.0, 1019.0, 692.0]
[112.0, 64.0, 972.0, 709.0]
[48.0, 32.0, 909.0, 678.0]
[112.0, 80.0, 974.0, 726.0]
[64.0, 64.0, 927.0, 711.0]
[160.0, 16.0, 1024.0, 664.0]
[32.0, 16.0, 897.0, 665.0]
[80.0, 64.0, 946.0, 714.0]
[80.0, 48.0, 947.0, 698.0]
[80.0, 0.0, 948.0, 651.0]
[144.0, 64.0, 1013.0, 716.0]
[144.0, 0.0, 1014.0, 652.0]
[48.0, 48.0, 919.0, 701.0]
[16.0, 0.0, 888.0, 654.0]
[112.0, 64.0, 985.0, 719.0]
[48.0, 32.0, 922.0, 688.0]
[64.0, 48.0, 939.0, 704.0]
[144.0, 0.0, 1020.0, 657.0]
[96.0, 80.0, 973.0, 738.0]
[32.0, 16.0, 910.0, 674.0]
[64.0, 32.0, 943.0, 691.0]
[80.0, 48.0, 960.0, 708.0]
[80.0, 64.0, 961.0, 725.0]
[48.0, 0.0, 930.0, 662.0]
[96.0, 16.0, 979.0, 678.0]
[80.0, 0.0, 964.0, 663.0]
[48.0, 16.0, 933.0, 680.0]
[96.0, 16.0, 982.0, 680.0]
[96.0, 16.0, 983.0, 681.0]
[96.0, 80.0, 984.0, 746.0]
[32.0, 16.0, 921.0, 683.0]
[96.0, 80.0, 986.0, 748.0]
[112.0, 48.0, 1003.0, 716.0]
[128.0, 48.0, 1020.0, 717.0]
[16.0, 0.0, 909.0, 670.0]
[96.0, 16.0, 990.0, 686.0]
[64.0, 48.0, 959.0, 719.0]
[96.0, 80.0, 992.0, 752.0]
[64.0, 16.0, 961.0, 689.0]
[64.0, 16.0, 962.0, 690.0]
[80.0, 32.0, 979.0, 706.0]
[112.0, 32.0, 1012.0, 707.0]
[64.0, 64.0, 965.0, 740.0]
[112.0, 48.0, 1014.0, 724.0]
[16.0, 32.0, 919.0, 709.0]
[96.0, 16.0, 1000.0, 694.0]
[80.0, 0.0, 985.0, 679.0]
[32.0, 0.0, 938.0, 680.0]
[16.0, 0.0, 923.0, 680.0]
[80.0, 0.0, 988.0, 681.0]
[80.0, 64.0, 989.0, 746.0]
[112.0, 16.0, 1022.0, 698.0]
[16.0, 0.0, 927.0, 683.0]
[96.0, 16.0, 1008.0, 700.0]
[64.0, 16.0, 977.0, 701.0]
[64.0, 16.0, 978.0, 702.0]
[48.0, 48.0, 963.0, 734.0]
[32.0, 16.0, 948.0, 703.0]
[80.0, 64.0, 997.0, 752.0]
[16.0, 0.0, 934.0, 688.0]
[32.0, 32.0, 951.0, 721.0]
[32.0, 16.0, 952.0, 706.0]
[16.0, 32.0, 937.0, 723.0]
[32.0, 0.0, 954.0, 692.0]
[96.0, 48.0, 1019.0, 740.0]
[48.0, 16.0, 972.0, 709.0]
[64.0, 48.0, 989.0, 742.0]
[16.0, 32.0, 942.0, 726.0]
[80.0, 48.0, 1007.0, 743.0]
[64.0, 0.0, 992.0, 696.0]
[48.0, 32.0, 977.0, 729.0]
[32.0, 32.0, 962.0, 730.0]
[80.0, 0.0, 1011.0, 698.0]
[80.0, 48.0, 1012.0, 747.0]
[80.0, 48.0, 1013.0, 748.0]
[64.0, 16.0, 998.0, 716.0]
[32.0, 0.0, 967.0, 701.0]
[80.0, 48.0, 1016.0, 750.0]
[80.0, 16.0, 1017.0, 719.0]
[48.0, 0.0, 986.0, 704.0]
[64.0, 16.0, 1003.0, 720.0]
[64.0, 48.0, 1004.0, 753.0]
[64.0, 48.0, 1005.0, 754.0]
[80.0, 16.0, 1022.0, 722.0]
[16.0, 0.0, 959.0, 707.0]
[80.0, 0.0, 1024.0, 708.0]
[16.0, 32.0, 961.0, 741.0]
[32.0, 0.0, 978.0, 710.0]
[48.0, 16.0, 995.0, 726.0]
[48.0, 16.0, 996.0, 727.0]
[16.0, 0.0, 965.0, 712.0]
[16.0, 16.0, 966.0, 728.0]
[32.0, 0.0, 983.0, 713.0]
[32.0, 0.0, 984.0, 714.0]
[32.0, 32.0, 985.0, 747.0]
[48.0, 32.0, 1002.0, 748.0]
[16.0, 0.0, 971.0, 716.0]
[16.0, 32.0, 972.0, 749.0]
[48.0, 32.0, 1005.0, 750.0]
[32.0, 16.0, 990.0, 734.0]
[64.0, 32.0, 1023.0, 751.0]
[64.0, 32.0, 1024.0, 752.0]
[16.0, 16.0, 977.0, 737.0]
[16.0, 16.0, 978.0, 738.0]
[32.0, 16.0, 995.0, 738.0]
[48.0, 0.0, 1012.0, 723.0]
[32.0, 32.0, 997.0, 756.0]
[48.0, 32.0, 1014.0, 756.0]
[16.0, 16.0, 983.0, 741.0]
