[160.0, 32.0, 946.0, 622.0]
[64.0, 112.0, 851.0, 702.0]
[192.0, 64.0, 980.0, 655.0]
[96.0, 128.0, 885.0, 720.0]
[48.0, 80.0, 838.0, 672.0]
[176.0, 112.0, 967.0, 705.0]
[160.0, 144.0, 952.0, 738.0]
[160.0, 64.0, 953.0, 659.0]
[80.0, 128.0, 874.0, 724.0]
[64.0, 112.0, 859.0, 708.0]
[32.0, 112.0, 828.0, 709.0]
[80.0, 80.0, 877.0, 678.0]
[144.0, 112.0, 942.0, 710.0]
[144.0, 128.0, 943.0, 727.0]
[48.0, 80.0, 848.0, 680.0]
[128.0, 96.0, 929.0, 697.0]
[144.0, 64.0, 946.0, 666.0]
[160.0, 128.0, 963.0, 730.0]
[32.0, 128.0, 836.0, 731.0]
[64.0, 96.0, 869.0, 700.0]
[160.0, 144.0, 966.0, 748.0]
[192.0, 96.0, 999.0, 701.0]
[48.0, 64.0, 856.0, 670.0]
[128.0, 144.0, 937.0, 751.0]
[32.0, 128.0, 842.0, 736.0]
[112.0, 48.0, 923.0, 656.0]
[128.0, 112.0, 940.0, 721.0]
[80.0, 112.0, 893.0, 722.0]
[80.0, 64.0, 894.0, 674.0]
[176.0, 32.0, 991.0, 643.0]
[80.0, 32.0, 896.0, 644.0]
[96.0, 48.0, 913.0, 661.0]
[160.0, 80.0, 978.0, 694.0]
[16.0, 32.0, 835.0, 646.0]
[48.0, 128.0, 868.0, 743.0]
[112.0, 80.0, 933.0, 696.0]
[176.0, 128.0, 998.0, 744.0]
[80.0, 96.0, 903.0, 713.0]
[160.0, 64.0, 984.0, 682.0]
[112.0, 32.0, 937.0, 651.0]
[144.0, 144.0, 970.0, 764.0]
[48.0, 48.0, 875.0, 668.0]
[192.0, 96.0, 1020.0, 717.0]
[64.0, 112.0, 893.0, 734.0]
[144.0, 80.0, 974.0, 702.0]
[160.0, 112.0, 991.0, 735.0]
[32.0, 128.0, 864.0, 752.0]
[128.0, 48.0, 961.0, 673.0]
[64.0, 16.0, 898.0, 642.0]
[160.0, 96.0, 995.0, 722.0]
[64.0, 0.0, 900.0, 627.0]
[128.0, 0.0, 965.0, 628.0]
[0.0, 64.0, 838.0, 692.0]
[32.0, 112.0, 871.0, 741.0]
[112.0, 112.0, 952.0, 742.0]
[96.0, 0.0, 937.0, 631.0]
[64.0, 96.0, 906.0, 728.0]
[64.0, 96.0, 907.0, 728.0]
[32.0, 16.0, 876.0, 649.0]
[160.0, 0.0, 1005.0, 634.0]
[112.0, 96.0, 958.0, 730.0]
[112.0, 80.0, 959.0, 715.0]
[176.0, 96.0, 1024.0, 732.0]
[80.0, 80.0, 929.0, 717.0]
[64.0, 64.0, 914.0, 702.0]
[144.0, 80.0, 995.0, 718.0]
[16.0, 64.0, 868.0, 703.0]
[144.0, 48.0, 997.0, 688.0]
[96.0, 96.0, 950.0, 736.0]
[64.0, 16.0, 919.0, 657.0]
[64.0, 80.0, 920.0, 722.0]
[64.0, 0.0, 921.0, 643.0]
[112.0, 112.0, 970.0, 756.0]
[16.0, 96.0, 875.0, 740.0]
[112.0, 48.0, 972.0, 693.0]
[0.0, 80.0, 861.0, 726.0]
[80.0, 96.0, 942.0, 742.0]
[0.0, 96.0, 863.0, 743.0]
[32.0, 112.0, 896.0, 760.0]
[64.0, 16.0, 929.0, 665.0]
[64.0, 64.0, 930.0, 714.0]
[112.0, 64.0, 979.0, 714.0]
[0.0, 80.0, 868.0, 731.0]
[96.0, 32.0, 965.0, 684.0]
[144.0, 16.0, 1014.0, 668.0]
[64.0, 48.0, 935.0, 701.0]
[48.0, 16.0, 920.0, 670.0]
[128.0, 0.0, 1001.0, 655.0]
[144.0, 96.0, 1018.0, 752.0]
[0.0, 64.0, 875.0, 720.0]
[112.0, 112.0, 988.0, 769.0]
[144.0, 80.0, 1021.0, 738.0]
[144.0, 16.0, 1022.0, 674.0]
[96.0, 80.0, 975.0, 739.0]
[48.0, 16.0, 928.0, 676.0]
[128.0, 32.0, 1009.0, 693.0]
[80.0, 96.0, 962.0, 758.0]
[32.0, 64.0, 915.0, 726.0]
[112.0, 48.0, 996.0, 711.0]
[128.0, 80.0, 1013.0, 744.0]
[128.0, 64.0, 1014.0, 728.0]
[32.0, 16.0, 919.0, 681.0]
[16.0, 96.0, 904.0, 762.0]
[112.0, 96.0, 1001.0, 763.0]
[32.0, 0.0, 922.0, 668.0]
[48.0, 80.0, 939.0, 748.0]
[48.0, 0.0, 940.0, 669.0]
[0.0, 80.0, 893.0, 750.0]
[128.0, 32.0, 1022.0, 702.0]
[96.0, 96.0, 991.0, 767.0]
[16.0, 64.0, 912.0, 736.0]
[16.0, 80.0, 913.0, 753.0]
[48.0, 80.0, 946.0, 754.0]
[64.0, 64.0, 963.0, 738.0]
[0.0, 0.0, 900.0, 675.0]
[16.0, 64.0, 917.0, 740.0]
[112.0, 64.0, 1014.0, 740.0]
[16.0, 32.0, 919.0, 709.0]
[32.0, 0.0, 936.0, 678.0]
[32.0, 16.0, 937.0, 695.0]
[112.0, 32.0, 1018.0, 712.0]
[16.0, 80.0, 923.0, 760.0]
[48.0, 32.0, 956.0, 713.0]
[32.0, 16.0, 941.0, 698.0]
[64.0, 48.0, 974.0, 730.0]
[80.0, 48.0, 991.0, 731.0]
[16.0, 80.0, 928.0, 764.0]
[32.0, 48.0, 945.0, 733.0]
[48.0, 32.0, 962.0, 718.0]
[80.0, 48.0, 995.0, 734.0]
[96.0, 48.0, 1012.0, 735.0]
[96.0, 48.0, 1013.0, 736.0]
[32.0, 0.0, 950.0, 688.0]
[48.0, 48.0, 967.0, 737.0]
[32.0, 16.0, 952.0, 706.0]
[96.0, 64.0, 1017.0, 755.0]
[32.0, 0.0, 954.0, 692.0]
[32.0, 64.0, 955.0, 756.0]
[0.0, 64.0, 924.0, 757.0]
[48.0, 0.0, 973.0, 694.0]
[16.0, 64.0, 942.0, 758.0]
[16.0, 48.0, 943.0, 743.0]
[48.0, 48.0, 976.0, 744.0]
[64.0, 32.0, 993.0, 729.0]
[80.0, 16.0, 1010.0, 714.0]
[80.0, 32.0, 1011.0, 730.0]
[0.0, 64.0, 932.0, 763.0]
[80.0, 16.0, 1013.0, 716.0]
[0.0, 0.0, 934.0, 700.0]
[48.0, 64.0, 983.0, 765.0]
[32.0, 64.0, 968.0, 766.0]
[64.0, 16.0, 1001.0, 719.0]
[80.0, 16.0, 1018.0, 720.0]
[16.0, 32.0, 955.0, 736.0]
[64.0, 64.0, 1004.0, 769.0]
[80.0, 48.0, 1021.0, 754.0]
[48.0, 16.0, 990.0, 722.0]
[16.0, 32.0, 959.0, 739.0]
[16.0, 48.0, 960.0, 756.0]
[16.0, 48.0, 961.0, 757.0]
[0.0, 16.0, 946.0, 726.0]
[32.0, 32.0, 979.0, 742.0]
[64.0, 48.0, 1012.0, 759.0]
[16.0, 32.0, 965.0, 744.0]
[16.0, 16.0, 966.0, 728.0]
[16.0, 48.0, 967.0, 761.0]
[0.0, 32.0, 952.0, 746.0]
[16.0, 16.0, 969.0, 731.0]
[48.0, 32.0, 1002.0, 748.0]
[64.0, 0.0, 1019.0, 716.0]
[32.0, 48.0, 988.0, 765.0]
[0.0, 0.0, 957.0, 718.0]
[0.0, 16.0, 958.0, 734.0]
[0.0, 48.0, 959.0, 767.0]
[48.0, 16.0, 1008.0, 736.0]
[16.0, 32.0, 977.0, 753.0]
[16.0, 32.0, 978.0, 754.0]
[16.0, 16.0, 979.0, 738.0]
[0.0, 16.0, 964.0, 739.0]
[32.0, 16.0, 997.0, 740.0]
[32.0, 16.0, 998.0, 740.0]
[48.0, 16.0, 1015.0, 741.0]
[32.0, 0.0, 1000.0, 726.0]
[0.0, 0.0, 969.0, 727.0]
[16.0, 0.0, 986.0, 728.0]
[16.0, 0.0, 987.0, 728.0]
[48.0, 0.0, 1020.0, 729.0]
[32.0, 32.0, 1005.0, 762.0]
[16.0, 16.0, 990.0, 746.0]
[48.0, 16.0, 1023.0, 747.0]
[48.0, 32.0, 1024.0, 764.0]
[32.0, 16.0, 1009.0, 749.0]
[32.0, 32.0, 1010.0, 766.0]
[0.0, 16.0, 979.0, 750.0]
[32.0, 0.0, 1012.0, 735.0]
[0.0, 32.0, 981.0, 768.0]
[32.0, 32.0, 1014.0, 768.0]
[32.0, 16.0, 1015.0, 753.0]
[32.0, 16.0, 1016.0, 754.0]
[32.0, 0.0, 1017.0, 739.0]
[16.0, 0.0, 1002.0, 740.0]
[32.0, 16.0, 1019.0, 756.0]
[32.0, 0.0, 1020.0, 741.0]
[32.0, 16.0, 1021.0, 758.0]
[16.0, 0.0, 1006.0, 742.0]
[0.0, 0.0, 991.0, 743.0]
[0.0, 16.0, 992.0, 760.0]
[0.0, 16.0, 993.0, 761.0]
[16.0, 0.0, 1010.0, 746.0]
[0.0, 0.0, 995.0, 746.0]
[0.0, 0.0, 996.0, 747.0]
[16.0, 0.0, 1013.0, 748.0]
[16.0, 0.0, 1014.0, 748.0]
[16.0, 16.0, 1015.0, 765.0]
[16.0, 0.0, 1016.0, 750.0]
[0.0, 16.0, 1001.0, 767.0]
[0.0, 16.0, 1002.0, 768.0]
[0.0, 16.0, 1003.0, 768.0]
[16.0, 0.0, 1020.0, 753.0]
[16.0, 0.0, 1021.0, 754.0]
[0.0, 0.0, 1006.0, 754.0]
[0.0, 0.0, 1007.0, 755.0]
[0.0, 0.0, 1008.0, 756.0]
[0.0, 0.0, 1009.0, 757.0]
[0.0, 0.0, 1010.0, 758.0]
[0.0, 0.0, 1011.0, 758.0]
[0.0, 0.0, 1012.0, 759.0]
[0.0, 0.0, 1013.0, 760.0]
[0.0, 0.0, 1014.0, 760.0]
[0.0, 0.0, 1015.0, 761.0]
[0.0, 0.0, 1016.0, 762.0]
[0.0, 0.0, 1017.0, 763.0]
[0.0, 0.0, 1018.0, 764.0]
[0.0, 0.0, 1019.0, 764.0]
[0.0, 0.0, 1020.0, 765.0]
[0.0, 0.0, 1021.0, 766.0]
[0.0, 0.0, 1022.0, 766.0]
[0.0, 0.0, 1023.0, 767.0]
[0.0, 0.0, 1024.0, 768.0]
