[288.0, 128.0, 1005.0, 666.0]
[288.0, 64.0, 1006.0, 602.0]
[160.0, 48.0, 879.0, 587.0]
[192.0, 112.0, 912.0, 652.0]
[160.0, 64.0, 881.0, 605.0]
[272.0, 112.0, 994.0, 654.0]
[208.0, 112.0, 931.0, 654.0]
[176.0, 16.0, 900.0, 559.0]
[240.0, 128.0, 965.0, 672.0]
[208.0, 32.0, 934.0, 576.0]
[288.0, 112.0, 1015.0, 657.0]
[240.0, 16.0, 968.0, 562.0]
[176.0, 48.0, 905.0, 595.0]
[272.0, 128.0, 1002.0, 676.0]
[192.0, 128.0, 923.0, 676.0]
[256.0, 32.0, 988.0, 581.0]
[160.0, 16.0, 893.0, 566.0]
[240.0, 64.0, 974.0, 614.0]
[224.0, 16.0, 959.0, 567.0]
[224.0, 0.0, 960.0, 552.0]
[256.0, 32.0, 993.0, 585.0]
[160.0, 112.0, 898.0, 666.0]
[224.0, 112.0, 963.0, 666.0]
[144.0, 48.0, 884.0, 603.0]
[176.0, 112.0, 917.0, 668.0]
[208.0, 128.0, 950.0, 684.0]
[272.0, 32.0, 1015.0, 589.0]
[208.0, 16.0, 952.0, 574.0]
[224.0, 80.0, 969.0, 639.0]
[224.0, 16.0, 970.0, 576.0]
[208.0, 112.0, 955.0, 672.0]
[160.0, 64.0, 908.0, 625.0]
[192.0, 48.0, 941.0, 610.0]
[192.0, 16.0, 942.0, 578.0]
[144.0, 80.0, 895.0, 643.0]
[128.0, 32.0, 880.0, 596.0]
[176.0, 80.0, 929.0, 645.0]
[192.0, 64.0, 946.0, 630.0]
[224.0, 96.0, 979.0, 662.0]
[240.0, 0.0, 996.0, 567.0]
[176.0, 48.0, 933.0, 616.0]
[256.0, 80.0, 1014.0, 648.0]
[160.0, 80.0, 919.0, 649.0]
[224.0, 96.0, 984.0, 666.0]
[192.0, 48.0, 953.0, 619.0]
[112.0, 48.0, 874.0, 620.0]
[144.0, 32.0, 907.0, 604.0]
[112.0, 32.0, 876.0, 605.0]
[112.0, 48.0, 877.0, 622.0]
[256.0, 16.0, 1022.0, 590.0]
[240.0, 96.0, 1007.0, 671.0]
[192.0, 48.0, 960.0, 624.0]
[112.0, 64.0, 881.0, 641.0]
[224.0, 64.0, 994.0, 642.0]
[160.0, 16.0, 931.0, 594.0]
[176.0, 96.0, 948.0, 675.0]
[208.0, 16.0, 981.0, 596.0]
[208.0, 96.0, 982.0, 676.0]
[224.0, 96.0, 999.0, 677.0]
[240.0, 96.0, 1016.0, 678.0]
[176.0, 32.0, 953.0, 615.0]
[128.0, 32.0, 906.0, 616.0]
[224.0, 64.0, 1003.0, 648.0]
[176.0, 16.0, 956.0, 601.0]
[160.0, 0.0, 941.0, 586.0]
[160.0, 32.0, 942.0, 618.0]
[160.0, 80.0, 943.0, 667.0]
[208.0, 64.0, 992.0, 652.0]
[176.0, 48.0, 961.0, 637.0]
[176.0, 32.0, 962.0, 622.0]
[176.0, 48.0, 963.0, 638.0]
[160.0, 64.0, 948.0, 655.0]
[160.0, 16.0, 949.0, 608.0]
[144.0, 16.0, 934.0, 608.0]
[144.0, 32.0, 935.0, 625.0]
[208.0, 80.0, 1000.0, 674.0]
[208.0, 64.0, 1001.0, 659.0]
[144.0, 48.0, 938.0, 644.0]
[128.0, 16.0, 923.0, 612.0]
[112.0, 64.0, 908.0, 661.0]
[224.0, 32.0, 1021.0, 630.0]
[176.0, 16.0, 974.0, 614.0]
[80.0, 48.0, 879.0, 647.0]
[176.0, 32.0, 976.0, 632.0]
[144.0, 0.0, 945.0, 601.0]
[112.0, 0.0, 914.0, 602.0]
[80.0, 48.0, 883.0, 650.0]
[128.0, 16.0, 932.0, 619.0]
[192.0, 80.0, 997.0, 684.0]
[144.0, 0.0, 950.0, 604.0]
[208.0, 64.0, 1015.0, 669.0]
[112.0, 32.0, 920.0, 638.0]
[192.0, 32.0, 1001.0, 639.0]
[176.0, 16.0, 986.0, 624.0]
[208.0, 16.0, 1019.0, 624.0]
[112.0, 32.0, 924.0, 641.0]
[128.0, 64.0, 941.0, 674.0]
[96.0, 0.0, 910.0, 610.0]
[192.0, 64.0, 1007.0, 675.0]
[192.0, 48.0, 1008.0, 660.0]
[96.0, 32.0, 913.0, 645.0]
[96.0, 0.0, 914.0, 614.0]
[96.0, 64.0, 915.0, 678.0]
[176.0, 32.0, 996.0, 647.0]
[128.0, 0.0, 949.0, 616.0]
[112.0, 16.0, 934.0, 632.0]
[176.0, 64.0, 999.0, 681.0]
[80.0, 16.0, 904.0, 634.0]
[128.0, 32.0, 953.0, 651.0]
[176.0, 32.0, 1002.0, 652.0]
[96.0, 16.0, 923.0, 636.0]
[128.0, 64.0, 956.0, 685.0]
[192.0, 48.0, 1021.0, 670.0]
[128.0, 0.0, 958.0, 622.0]
[112.0, 48.0, 943.0, 671.0]
[160.0, 0.0, 992.0, 624.0]
[176.0, 0.0, 1009.0, 625.0]
[112.0, 0.0, 946.0, 626.0]
[112.0, 32.0, 947.0, 658.0]
[80.0, 0.0, 916.0, 627.0]
[160.0, 0.0, 997.0, 628.0]
[144.0, 16.0, 982.0, 644.0]
[128.0, 0.0, 967.0, 629.0]
[128.0, 48.0, 968.0, 678.0]
[64.0, 32.0, 905.0, 663.0]
[112.0, 0.0, 954.0, 632.0]
[160.0, 0.0, 1003.0, 632.0]
[160.0, 16.0, 1004.0, 649.0]
[80.0, 0.0, 925.0, 634.0]
[112.0, 0.0, 958.0, 634.0]
[64.0, 0.0, 911.0, 635.0]
[64.0, 32.0, 912.0, 668.0]
[48.0, 16.0, 897.0, 653.0]
[48.0, 16.0, 898.0, 654.0]
[160.0, 32.0, 1011.0, 670.0]
[112.0, 16.0, 964.0, 655.0]
[112.0, 0.0, 965.0, 640.0]
[64.0, 16.0, 918.0, 656.0]
[64.0, 0.0, 919.0, 641.0]
[48.0, 16.0, 904.0, 658.0]
[128.0, 32.0, 985.0, 675.0]
[160.0, 32.0, 1018.0, 676.0]
[112.0, 16.0, 971.0, 660.0]
[80.0, 16.0, 940.0, 661.0]
[48.0, 0.0, 909.0, 646.0]
[96.0, 0.0, 958.0, 646.0]
[112.0, 0.0, 975.0, 647.0]
[80.0, 16.0, 944.0, 664.0]
[96.0, 32.0, 961.0, 681.0]
[64.0, 32.0, 930.0, 682.0]
[48.0, 0.0, 915.0, 650.0]
[112.0, 0.0, 980.0, 651.0]
[64.0, 0.0, 933.0, 652.0]
[64.0, 32.0, 934.0, 684.0]
[48.0, 0.0, 919.0, 653.0]
[80.0, 16.0, 952.0, 670.0]
[112.0, 0.0, 985.0, 655.0]
[32.0, 0.0, 906.0, 656.0]
[48.0, 0.0, 923.0, 656.0]
[80.0, 0.0, 956.0, 657.0]
[96.0, 16.0, 973.0, 674.0]
[96.0, 0.0, 974.0, 658.0]
[144.0, 16.0, 1023.0, 675.0]
[48.0, 0.0, 928.0, 660.0]
[128.0, 0.0, 1009.0, 661.0]
[96.0, 0.0, 978.0, 662.0]
[128.0, 0.0, 1011.0, 662.0]
[128.0, 0.0, 1012.0, 663.0]
[112.0, 16.0, 997.0, 680.0]
[80.0, 16.0, 966.0, 680.0]
[80.0, 16.0, 967.0, 681.0]
[112.0, 0.0, 1000.0, 666.0]
[96.0, 16.0, 985.0, 683.0]
[112.0, 0.0, 1002.0, 668.0]
[96.0, 0.0, 987.0, 668.0]
[64.0, 0.0, 956.0, 669.0]
[128.0, 0.0, 1021.0, 670.0]
[80.0, 0.0, 974.0, 670.0]
[96.0, 0.0, 991.0, 671.0]
[112.0, 0.0, 1008.0, 672.0]
[112.0, 0.0, 1009.0, 673.0]
[32.0, 0.0, 930.0, 674.0]
[96.0, 0.0, 995.0, 674.0]
[80.0, 0.0, 980.0, 675.0]
[32.0, 0.0, 933.0, 676.0]
[48.0, 0.0, 950.0, 676.0]
[112.0, 0.0, 1015.0, 677.0]
[32.0, 0.0, 936.0, 678.0]
[96.0, 0.0, 1001.0, 679.0]
[64.0, 0.0, 970.0, 680.0]
[80.0, 0.0, 987.0, 680.0]
[112.0, 0.0, 1020.0, 681.0]
[32.0, 0.0, 941.0, 682.0]
[48.0, 0.0, 958.0, 682.0]
[64.0, 0.0, 975.0, 683.0]
[112.0, 0.0, 1024.0, 684.0]
[32.0, 0.0, 945.0, 685.0]
