[48.0, 32.0, 765.0, 570.0]
[96.0, 16.0, 814.0, 554.0]
[160.0, 16.0, 879.0, 555.0]
[64.0, 16.0, 784.0, 556.0]
[224.0, 16.0, 945.0, 557.0]
[176.0, 16.0, 898.0, 558.0]
[208.0, 32.0, 931.0, 574.0]
[48.0, 32.0, 772.0, 575.0]
[240.0, 32.0, 965.0, 576.0]
[224.0, 16.0, 950.0, 560.0]
[160.0, 32.0, 887.0, 577.0]
[128.0, 16.0, 856.0, 562.0]
[96.0, 16.0, 825.0, 563.0]
[128.0, 16.0, 858.0, 564.0]
[48.0, 16.0, 779.0, 564.0]
[80.0, 16.0, 812.0, 565.0]
[112.0, 16.0, 845.0, 566.0]
[128.0, 16.0, 862.0, 566.0]
[64.0, 16.0, 799.0, 567.0]
[80.0, 0.0, 816.0, 552.0]
[208.0, 0.0, 945.0, 553.0]
[192.0, 16.0, 930.0, 570.0]
[240.0, 0.0, 979.0, 554.0]
[208.0, 16.0, 948.0, 571.0]
[64.0, 0.0, 805.0, 556.0]
[112.0, 16.0, 854.0, 572.0]
[208.0, 0.0, 951.0, 557.0]
[64.0, 0.0, 808.0, 558.0]
[128.0, 16.0, 873.0, 575.0]
[176.0, 0.0, 922.0, 560.0]
[192.0, 0.0, 939.0, 560.0]
[80.0, 16.0, 828.0, 577.0]
[192.0, 0.0, 941.0, 562.0]
[64.0, 0.0, 814.0, 562.0]
[48.0, 0.0, 799.0, 563.0]
[144.0, 0.0, 896.0, 564.0]
[96.0, 0.0, 849.0, 565.0]
[160.0, 0.0, 914.0, 566.0]
[208.0, 0.0, 963.0, 566.0]
[96.0, 0.0, 852.0, 567.0]
[160.0, 0.0, 917.0, 568.0]
[64.0, 0.0, 822.0, 568.0]
[128.0, 0.0, 887.0, 569.0]
[208.0, 0.0, 968.0, 570.0]
[64.0, 0.0, 825.0, 571.0]
[112.0, 0.0, 874.0, 572.0]
[112.0, 0.0, 875.0, 572.0]
[176.0, 0.0, 940.0, 573.0]
[112.0, 0.0, 877.0, 574.0]
[208.0, 0.0, 974.0, 574.0]
[192.0, 0.0, 959.0, 575.0]
[64.0, 0.0, 832.0, 576.0]
[80.0, 0.0, 849.0, 577.0]
