[64.0, 240.0, 602.0, 957.0]
[32.0, 128.0, 570.0, 846.0]
[48.0, 128.0, 587.0, 847.0]
[32.0, 208.0, 572.0, 928.0]
[32.0, 176.0, 573.0, 897.0]
[64.0, 112.0, 606.0, 834.0]
[64.0, 160.0, 606.0, 883.0]
[32.0, 144.0, 575.0, 868.0]
[48.0, 48.0, 592.0, 773.0]
[32.0, 48.0, 576.0, 774.0]
[32.0, 272.0, 577.0, 999.0]
[48.0, 256.0, 594.0, 984.0]
[32.0, 256.0, 579.0, 985.0]
[48.0, 272.0, 596.0, 1002.0]
[64.0, 32.0, 612.0, 763.0]
[48.0, 64.0, 597.0, 796.0]
[48.0, 208.0, 598.0, 941.0]
[32.0, 112.0, 582.0, 846.0]
[64.0, 144.0, 615.0, 879.0]
[16.0, 48.0, 568.0, 784.0]
[32.0, 160.0, 585.0, 897.0]
[64.0, 48.0, 618.0, 786.0]
[16.0, 80.0, 570.0, 819.0]
[16.0, 32.0, 571.0, 772.0]
[48.0, 80.0, 604.0, 821.0]
[32.0, 160.0, 588.0, 902.0]
[48.0, 48.0, 605.0, 791.0]
[32.0, 272.0, 590.0, 1016.0]
[48.0, 256.0, 607.0, 1001.0]
[64.0, 64.0, 624.0, 810.0]
[80.0, 160.0, 640.0, 907.0]
[0.0, 80.0, 561.0, 828.0]
[80.0, 80.0, 642.0, 829.0]
[80.0, 64.0, 642.0, 814.0]
[32.0, 16.0, 595.0, 767.0]
[64.0, 240.0, 628.0, 992.0]
[0.0, 64.0, 565.0, 817.0]
[0.0, 128.0, 566.0, 882.0]
[48.0, 112.0, 614.0, 867.0]
[16.0, 64.0, 583.0, 820.0]
[16.0, 112.0, 584.0, 869.0]
[64.0, 96.0, 632.0, 854.0]
[64.0, 80.0, 633.0, 839.0]
[32.0, 32.0, 602.0, 792.0]
[16.0, 176.0, 587.0, 937.0]
[48.0, 224.0, 620.0, 986.0]
[64.0, 80.0, 636.0, 843.0]
[32.0, 208.0, 605.0, 972.0]
[80.0, 112.0, 654.0, 877.0]
[48.0, 128.0, 622.0, 894.0]
[16.0, 96.0, 591.0, 863.0]
[16.0, 192.0, 592.0, 960.0]
[80.0, 144.0, 657.0, 913.0]
[64.0, 208.0, 642.0, 978.0]
[16.0, 224.0, 594.0, 995.0]
[48.0, 192.0, 627.0, 964.0]
[64.0, 96.0, 644.0, 869.0]
[48.0, 32.0, 628.0, 806.0]
[0.0, 16.0, 581.0, 791.0]
[32.0, 0.0, 614.0, 776.0]
[0.0, 80.0, 583.0, 857.0]
[16.0, 80.0, 600.0, 858.0]
[0.0, 80.0, 584.0, 859.0]
[32.0, 224.0, 617.0, 1004.0]
[16.0, 240.0, 602.0, 1021.0]
[16.0, 160.0, 602.0, 942.0]
[16.0, 80.0, 603.0, 863.0]
[32.0, 144.0, 620.0, 928.0]
[80.0, 96.0, 669.0, 881.0]
[16.0, 112.0, 606.0, 898.0]
[32.0, 16.0, 622.0, 803.0]
[0.0, 176.0, 591.0, 964.0]
[0.0, 80.0, 592.0, 869.0]
[80.0, 176.0, 672.0, 966.0]
[32.0, 32.0, 625.0, 823.0]
[64.0, 16.0, 658.0, 808.0]
[0.0, 160.0, 595.0, 953.0]
[48.0, 16.0, 644.0, 810.0]
[64.0, 64.0, 660.0, 859.0]
[48.0, 64.0, 645.0, 860.0]
[80.0, 128.0, 678.0, 925.0]
[32.0, 224.0, 630.0, 1022.0]
[16.0, 208.0, 615.0, 1007.0]
[16.0, 224.0, 616.0, 1024.0]
[0.0, 112.0, 601.0, 913.0]
[32.0, 112.0, 634.0, 914.0]
[48.0, 16.0, 650.0, 819.0]
[64.0, 16.0, 667.0, 820.0]
[0.0, 160.0, 604.0, 965.0]
[16.0, 16.0, 620.0, 822.0]
[64.0, 176.0, 669.0, 983.0]
[64.0, 192.0, 670.0, 1000.0]
[80.0, 176.0, 687.0, 985.0]
[0.0, 160.0, 608.0, 970.0]
[32.0, 0.0, 640.0, 811.0]
[64.0, 32.0, 673.0, 844.0]
[48.0, 32.0, 658.0, 845.0]
[16.0, 96.0, 626.0, 910.0]
[16.0, 0.0, 627.0, 815.0]
[80.0, 80.0, 692.0, 896.0]
[48.0, 16.0, 661.0, 833.0]
[80.0, 64.0, 694.0, 882.0]
[48.0, 32.0, 662.0, 851.0]
[0.0, 32.0, 615.0, 852.0]
[32.0, 48.0, 648.0, 869.0]
[80.0, 80.0, 696.0, 902.0]
[80.0, 96.0, 697.0, 919.0]
[80.0, 96.0, 698.0, 920.0]
[48.0, 128.0, 667.0, 953.0]
[0.0, 96.0, 620.0, 922.0]
[16.0, 112.0, 636.0, 939.0]
[48.0, 160.0, 669.0, 988.0]
[32.0, 176.0, 654.0, 1005.0]
[32.0, 176.0, 654.0, 1006.0]
[32.0, 112.0, 655.0, 943.0]
[80.0, 64.0, 704.0, 896.0]
[32.0, 48.0, 657.0, 881.0]
[16.0, 144.0, 642.0, 978.0]
[0.0, 112.0, 626.0, 947.0]
[48.0, 48.0, 675.0, 884.0]
[64.0, 80.0, 692.0, 917.0]
[32.0, 16.0, 660.0, 854.0]
[48.0, 16.0, 677.0, 855.0]
[32.0, 48.0, 662.0, 888.0]
[16.0, 160.0, 647.0, 1001.0]
[16.0, 160.0, 648.0, 1002.0]
[64.0, 32.0, 696.0, 875.0]
[64.0, 16.0, 697.0, 860.0]
[64.0, 64.0, 698.0, 909.0]
[16.0, 48.0, 650.0, 894.0]
[0.0, 0.0, 635.0, 847.0]
[64.0, 48.0, 700.0, 896.0]
[48.0, 80.0, 685.0, 929.0]
[16.0, 32.0, 654.0, 882.0]
[16.0, 32.0, 654.0, 883.0]
[0.0, 0.0, 639.0, 852.0]
[64.0, 16.0, 704.0, 869.0]
[48.0, 80.0, 688.0, 934.0]
[48.0, 80.0, 689.0, 935.0]
[32.0, 112.0, 674.0, 968.0]
[0.0, 64.0, 643.0, 921.0]
[48.0, 128.0, 692.0, 986.0]
[80.0, 128.0, 724.0, 987.0]
[0.0, 128.0, 645.0, 988.0]
[48.0, 80.0, 694.0, 941.0]
[64.0, 16.0, 710.0, 878.0]
[0.0, 144.0, 647.0, 1007.0]
[64.0, 16.0, 712.0, 880.0]
[32.0, 64.0, 681.0, 929.0]
[32.0, 96.0, 682.0, 962.0]
[32.0, 16.0, 682.0, 883.0]
[16.0, 96.0, 667.0, 964.0]
[64.0, 128.0, 716.0, 997.0]
[32.0, 0.0, 684.0, 870.0]
[32.0, 48.0, 685.0, 919.0]
[0.0, 16.0, 654.0, 888.0]
[64.0, 112.0, 719.0, 985.0]
[32.0, 32.0, 688.0, 906.0]
[64.0, 96.0, 720.0, 971.0]
[64.0, 128.0, 721.0, 1004.0]
[80.0, 80.0, 738.0, 957.0]
[0.0, 0.0, 658.0, 878.0]
[16.0, 48.0, 675.0, 927.0]
[32.0, 96.0, 692.0, 976.0]
[80.0, 96.0, 741.0, 977.0]
[80.0, 96.0, 742.0, 978.0]
[64.0, 112.0, 726.0, 995.0]
[64.0, 128.0, 727.0, 1012.0]
[16.0, 96.0, 680.0, 981.0]
[64.0, 64.0, 728.0, 950.0]
[32.0, 64.0, 697.0, 951.0]
[16.0, 64.0, 682.0, 952.0]
[64.0, 48.0, 731.0, 937.0]
[0.0, 96.0, 668.0, 986.0]
[48.0, 16.0, 716.0, 907.0]
[16.0, 64.0, 685.0, 956.0]
[0.0, 128.0, 670.0, 1021.0]
[0.0, 64.0, 670.0, 958.0]
[48.0, 112.0, 719.0, 1007.0]
[32.0, 32.0, 704.0, 928.0]
[48.0, 96.0, 721.0, 993.0]
[16.0, 80.0, 690.0, 978.0]
[32.0, 16.0, 706.0, 915.0]
[0.0, 80.0, 675.0, 980.0]
[48.0, 0.0, 724.0, 901.0]
[16.0, 96.0, 692.0, 998.0]
[0.0, 64.0, 677.0, 967.0]
[32.0, 16.0, 710.0, 920.0]
[32.0, 16.0, 711.0, 921.0]
[48.0, 16.0, 728.0, 922.0]
[16.0, 80.0, 696.0, 987.0]
[32.0, 0.0, 713.0, 908.0]
[0.0, 96.0, 682.0, 1005.0]
[16.0, 64.0, 698.0, 974.0]
[32.0, 48.0, 715.0, 959.0]
[0.0, 112.0, 684.0, 1024.0]
[80.0, 48.0, 765.0, 961.0]
[80.0, 64.0, 766.0, 978.0]
[16.0, 32.0, 702.0, 947.0]
[80.0, 48.0, 767.0, 964.0]
[0.0, 48.0, 688.0, 965.0]
[48.0, 64.0, 736.0, 982.0]
[0.0, 80.0, 689.0, 999.0]
[48.0, 64.0, 738.0, 984.0]
[48.0, 48.0, 739.0, 969.0]
[48.0, 80.0, 740.0, 1002.0]
[32.0, 48.0, 724.0, 971.0]
[48.0, 0.0, 741.0, 924.0]
[16.0, 32.0, 710.0, 957.0]
[16.0, 48.0, 710.0, 974.0]
[0.0, 0.0, 695.0, 927.0]
[0.0, 48.0, 696.0, 976.0]
[16.0, 80.0, 713.0, 1009.0]
[16.0, 48.0, 714.0, 978.0]
[16.0, 80.0, 714.0, 1011.0]
[48.0, 32.0, 747.0, 964.0]
[48.0, 48.0, 748.0, 981.0]
[64.0, 16.0, 764.0, 950.0]
[48.0, 80.0, 749.0, 1015.0]
[16.0, 48.0, 718.0, 984.0]
[64.0, 16.0, 767.0, 953.0]
[0.0, 16.0, 704.0, 954.0]
[64.0, 32.0, 768.0, 971.0]
[0.0, 16.0, 705.0, 956.0]
[16.0, 80.0, 722.0, 1021.0]
[16.0, 16.0, 722.0, 958.0]
[48.0, 80.0, 755.0, 1023.0]
[48.0, 16.0, 756.0, 960.0]
[48.0, 32.0, 757.0, 977.0]
[16.0, 32.0, 726.0, 978.0]
[32.0, 0.0, 742.0, 947.0]
[0.0, 32.0, 711.0, 980.0]
[48.0, 0.0, 760.0, 949.0]
[32.0, 16.0, 744.0, 966.0]
[16.0, 32.0, 729.0, 983.0]
[0.0, 0.0, 714.0, 952.0]
[0.0, 0.0, 715.0, 953.0]
[32.0, 48.0, 748.0, 1002.0]
[32.0, 32.0, 748.0, 987.0]
[32.0, 48.0, 749.0, 1004.0]
[32.0, 32.0, 750.0, 989.0]
[0.0, 32.0, 718.0, 990.0]
[0.0, 32.0, 719.0, 991.0]
[32.0, 48.0, 752.0, 1008.0]
[0.0, 48.0, 721.0, 1009.0]
[0.0, 32.0, 722.0, 994.0]
[0.0, 32.0, 722.0, 995.0]
[32.0, 32.0, 755.0, 996.0]
[0.0, 0.0, 724.0, 965.0]
[32.0, 16.0, 756.0, 982.0]
[16.0, 0.0, 741.0, 967.0]
[0.0, 48.0, 726.0, 1016.0]
[32.0, 32.0, 759.0, 1001.0]
[16.0, 0.0, 744.0, 970.0]
[0.0, 32.0, 728.0, 1003.0]
[0.0, 48.0, 729.0, 1020.0]
[16.0, 16.0, 746.0, 989.0]
[0.0, 32.0, 730.0, 1006.0]
[32.0, 0.0, 763.0, 975.0]
[32.0, 32.0, 764.0, 1008.0]
[0.0, 32.0, 733.0, 1009.0]
[32.0, 16.0, 766.0, 994.0]
[0.0, 16.0, 734.0, 995.0]
[32.0, 0.0, 767.0, 980.0]
[16.0, 0.0, 752.0, 981.0]
[0.0, 32.0, 736.0, 1014.0]
[32.0, 16.0, 769.0, 999.0]
[16.0, 0.0, 754.0, 984.0]
[16.0, 16.0, 755.0, 1001.0]
[0.0, 32.0, 740.0, 1018.0]
[16.0, 32.0, 756.0, 1019.0]
[0.0, 32.0, 741.0, 1020.0]
[16.0, 16.0, 758.0, 1005.0]
[0.0, 16.0, 742.0, 1006.0]
[16.0, 16.0, 759.0, 1007.0]
[0.0, 32.0, 744.0, 1024.0]
[0.0, 0.0, 745.0, 993.0]
[0.0, 16.0, 746.0, 1010.0]
[16.0, 0.0, 762.0, 995.0]
[0.0, 16.0, 747.0, 1012.0]
[0.0, 0.0, 748.0, 997.0]
[0.0, 0.0, 748.0, 998.0]
[16.0, 16.0, 765.0, 1015.0]
[16.0, 16.0, 766.0, 1016.0]
[0.0, 16.0, 751.0, 1017.0]
[0.0, 0.0, 752.0, 1002.0]
[0.0, 0.0, 752.0, 1003.0]
[16.0, 0.0, 769.0, 1004.0]
[0.0, 16.0, 754.0, 1021.0]
[0.0, 0.0, 754.0, 1006.0]
[0.0, 0.0, 755.0, 1007.0]
[0.0, 16.0, 756.0, 1024.0]
[0.0, 0.0, 757.0, 1009.0]
[0.0, 0.0, 758.0, 1010.0]
[0.0, 0.0, 758.0, 1011.0]
[0.0, 0.0, 759.0, 1012.0]
[0.0, 0.0, 760.0, 1013.0]
[0.0, 0.0, 760.0, 1014.0]
[0.0, 0.0, 761.0, 1015.0]
