[192.0, 112.0, 909.0, 650.0]
[112.0, 48.0, 830.0, 586.0]
[272.0, 96.0, 991.0, 635.0]
[272.0, 96.0, 992.0, 636.0]
[128.0, 16.0, 849.0, 557.0]
[128.0, 112.0, 850.0, 654.0]
[224.0, 112.0, 947.0, 654.0]
[176.0, 96.0, 900.0, 639.0]
[256.0, 16.0, 981.0, 560.0]
[128.0, 112.0, 854.0, 656.0]
[256.0, 48.0, 983.0, 593.0]
[160.0, 80.0, 888.0, 626.0]
[176.0, 96.0, 905.0, 643.0]
[192.0, 112.0, 922.0, 660.0]
[224.0, 48.0, 955.0, 596.0]
[96.0, 80.0, 828.0, 629.0]
[96.0, 32.0, 829.0, 582.0]
[256.0, 48.0, 990.0, 598.0]
[128.0, 112.0, 863.0, 663.0]
[128.0, 64.0, 864.0, 616.0]
[144.0, 96.0, 881.0, 649.0]
[208.0, 128.0, 946.0, 682.0]
[240.0, 96.0, 979.0, 650.0]
[272.0, 80.0, 1012.0, 635.0]
[144.0, 80.0, 885.0, 636.0]
[192.0, 0.0, 934.0, 556.0]
[128.0, 32.0, 871.0, 589.0]
[112.0, 64.0, 856.0, 622.0]
[160.0, 48.0, 905.0, 607.0]
[192.0, 16.0, 938.0, 576.0]
[240.0, 16.0, 987.0, 576.0]
[160.0, 80.0, 908.0, 641.0]
[224.0, 112.0, 973.0, 674.0]
[208.0, 0.0, 958.0, 562.0]
[160.0, 32.0, 911.0, 595.0]
[240.0, 96.0, 992.0, 660.0]
[96.0, 16.0, 849.0, 581.0]
[128.0, 48.0, 882.0, 614.0]
[208.0, 64.0, 963.0, 630.0]
[256.0, 16.0, 1012.0, 583.0]
[128.0, 128.0, 885.0, 696.0]
[144.0, 0.0, 902.0, 568.0]
[80.0, 64.0, 839.0, 633.0]
[208.0, 16.0, 968.0, 586.0]
[112.0, 96.0, 873.0, 667.0]
[96.0, 80.0, 858.0, 652.0]
[240.0, 16.0, 1003.0, 588.0]
[176.0, 128.0, 940.0, 701.0]
[160.0, 48.0, 925.0, 622.0]
[144.0, 64.0, 910.0, 638.0]
[192.0, 64.0, 959.0, 639.0]
[80.0, 32.0, 848.0, 608.0]
[240.0, 16.0, 1009.0, 593.0]
[144.0, 112.0, 914.0, 690.0]
[224.0, 16.0, 995.0, 594.0]
[80.0, 64.0, 852.0, 643.0]
[128.0, 48.0, 901.0, 628.0]
[240.0, 0.0, 1014.0, 580.0]
[192.0, 128.0, 967.0, 709.0]
[128.0, 16.0, 904.0, 598.0]
[128.0, 48.0, 905.0, 631.0]
[144.0, 96.0, 922.0, 680.0]
[96.0, 48.0, 875.0, 632.0]
[192.0, 48.0, 972.0, 633.0]
[144.0, 16.0, 925.0, 602.0]
[240.0, 16.0, 1022.0, 602.0]
[112.0, 80.0, 895.0, 667.0]
[96.0, 16.0, 880.0, 604.0]
[160.0, 80.0, 945.0, 669.0]
[208.0, 0.0, 994.0, 590.0]
[96.0, 32.0, 883.0, 622.0]
[176.0, 96.0, 964.0, 687.0]
[208.0, 32.0, 997.0, 624.0]
[128.0, 0.0, 918.0, 592.0]
[160.0, 32.0, 951.0, 625.0]
[224.0, 80.0, 1016.0, 674.0]
[208.0, 0.0, 1001.0, 595.0]
[176.0, 32.0, 970.0, 628.0]
[192.0, 80.0, 987.0, 676.0]
[224.0, 96.0, 1020.0, 693.0]
[112.0, 16.0, 909.0, 614.0]
[224.0, 80.0, 1022.0, 678.0]
[160.0, 64.0, 959.0, 663.0]
[112.0, 96.0, 912.0, 696.0]
[192.0, 0.0, 993.0, 601.0]
[80.0, 48.0, 882.0, 650.0]
[176.0, 128.0, 979.0, 730.0]
[160.0, 96.0, 964.0, 699.0]
[128.0, 0.0, 933.0, 604.0]
[128.0, 128.0, 934.0, 732.0]
[128.0, 0.0, 935.0, 605.0]
[80.0, 32.0, 888.0, 638.0]
[144.0, 64.0, 953.0, 671.0]
[176.0, 128.0, 986.0, 736.0]
[80.0, 80.0, 891.0, 688.0]
[176.0, 32.0, 988.0, 641.0]
[176.0, 16.0, 989.0, 626.0]
[48.0, 64.0, 862.0, 674.0]
[80.0, 64.0, 895.0, 675.0]
[80.0, 96.0, 896.0, 708.0]
[48.0, 32.0, 865.0, 645.0]
[128.0, 80.0, 946.0, 694.0]
[144.0, 128.0, 963.0, 742.0]
[192.0, 32.0, 1012.0, 647.0]
[192.0, 0.0, 1013.0, 616.0]
[192.0, 96.0, 1014.0, 712.0]
[144.0, 96.0, 967.0, 713.0]
[80.0, 0.0, 904.0, 618.0]
[96.0, 48.0, 921.0, 667.0]
[96.0, 32.0, 922.0, 652.0]
[160.0, 128.0, 987.0, 748.0]
[192.0, 96.0, 1020.0, 717.0]
[16.0, 48.0, 845.0, 670.0]
[192.0, 16.0, 1022.0, 638.0]
[80.0, 16.0, 911.0, 639.0]
[96.0, 96.0, 928.0, 720.0]
[176.0, 0.0, 1009.0, 625.0]
[64.0, 0.0, 898.0, 626.0]
[144.0, 48.0, 979.0, 674.0]
[96.0, 16.0, 932.0, 643.0]
[32.0, 32.0, 869.0, 660.0]
[112.0, 32.0, 950.0, 660.0]
[144.0, 16.0, 983.0, 645.0]
[144.0, 48.0, 984.0, 678.0]
[112.0, 0.0, 953.0, 631.0]
[144.0, 64.0, 986.0, 696.0]
[160.0, 96.0, 1003.0, 728.0]
[64.0, 0.0, 908.0, 633.0]
[160.0, 48.0, 1005.0, 682.0]
[176.0, 32.0, 1022.0, 666.0]
[176.0, 0.0, 1023.0, 635.0]
[112.0, 64.0, 960.0, 700.0]
[16.0, 32.0, 865.0, 669.0]
[144.0, 96.0, 994.0, 734.0]
[64.0, 48.0, 915.0, 686.0]
[112.0, 32.0, 964.0, 671.0]
[16.0, 16.0, 869.0, 656.0]
[32.0, 64.0, 886.0, 704.0]
[160.0, 64.0, 1015.0, 705.0]
[160.0, 48.0, 1016.0, 690.0]
[16.0, 48.0, 873.0, 691.0]
[0.0, 32.0, 858.0, 676.0]
[112.0, 32.0, 971.0, 676.0]
[128.0, 32.0, 988.0, 677.0]
[160.0, 96.0, 1021.0, 742.0]
[96.0, 16.0, 958.0, 662.0]
[144.0, 64.0, 1007.0, 711.0]
[80.0, 96.0, 944.0, 744.0]
[96.0, 16.0, 961.0, 665.0]
[64.0, 64.0, 930.0, 714.0]
[16.0, 0.0, 883.0, 650.0]
[96.0, 48.0, 964.0, 699.0]
[64.0, 0.0, 933.0, 652.0]
[112.0, 112.0, 982.0, 764.0]
[80.0, 48.0, 951.0, 701.0]
[128.0, 112.0, 1000.0, 766.0]
[96.0, 32.0, 969.0, 687.0]
[128.0, 32.0, 1002.0, 688.0]
[32.0, 0.0, 907.0, 656.0]
[112.0, 80.0, 988.0, 737.0]
[112.0, 16.0, 989.0, 674.0]
[128.0, 48.0, 1006.0, 706.0]
[0.0, 16.0, 879.0, 675.0]
[16.0, 16.0, 896.0, 676.0]
[16.0, 32.0, 897.0, 693.0]
[96.0, 80.0, 978.0, 742.0]
[64.0, 48.0, 947.0, 710.0]
[64.0, 16.0, 948.0, 679.0]
[64.0, 16.0, 949.0, 680.0]
[80.0, 96.0, 966.0, 760.0]
[48.0, 48.0, 935.0, 713.0]
[96.0, 64.0, 984.0, 730.0]
[112.0, 16.0, 1001.0, 683.0]
[32.0, 64.0, 922.0, 732.0]
[48.0, 48.0, 939.0, 716.0]
[80.0, 0.0, 972.0, 669.0]
[0.0, 16.0, 893.0, 686.0]
[128.0, 48.0, 1022.0, 718.0]
[48.0, 16.0, 943.0, 687.0]
[128.0, 0.0, 1024.0, 672.0]
[48.0, 80.0, 945.0, 753.0]
[112.0, 0.0, 1010.0, 674.0]
[64.0, 48.0, 963.0, 722.0]
[112.0, 48.0, 1012.0, 723.0]
[64.0, 48.0, 965.0, 724.0]
[64.0, 48.0, 966.0, 724.0]
[48.0, 0.0, 951.0, 677.0]
[64.0, 80.0, 968.0, 758.0]
[64.0, 80.0, 969.0, 759.0]
[80.0, 64.0, 986.0, 744.0]
[80.0, 96.0, 987.0, 776.0]
[64.0, 16.0, 972.0, 697.0]
[112.0, 80.0, 1021.0, 762.0]
[80.0, 96.0, 990.0, 778.0]
[32.0, 64.0, 943.0, 747.0]
[112.0, 16.0, 1024.0, 700.0]
[64.0, 80.0, 977.0, 765.0]
[96.0, 64.0, 1010.0, 750.0]
[16.0, 32.0, 931.0, 718.0]
[48.0, 32.0, 964.0, 719.0]
[32.0, 32.0, 949.0, 720.0]
[64.0, 80.0, 982.0, 768.0]
[48.0, 48.0, 967.0, 737.0]
[96.0, 16.0, 1016.0, 706.0]
[80.0, 0.0, 1001.0, 691.0]
[16.0, 16.0, 938.0, 708.0]
[96.0, 32.0, 1019.0, 724.0]
[48.0, 16.0, 972.0, 709.0]
[48.0, 64.0, 973.0, 758.0]
[16.0, 48.0, 942.0, 742.0]
[80.0, 64.0, 1007.0, 759.0]
[96.0, 80.0, 1024.0, 776.0]
[80.0, 0.0, 1009.0, 697.0]
[80.0, 16.0, 1010.0, 714.0]
[48.0, 16.0, 979.0, 714.0]
[16.0, 0.0, 948.0, 699.0]
[0.0, 16.0, 933.0, 716.0]
[48.0, 48.0, 982.0, 748.0]
[16.0, 32.0, 951.0, 733.0]
[64.0, 48.0, 1000.0, 750.0]
[32.0, 48.0, 969.0, 751.0]
[48.0, 16.0, 986.0, 720.0]
[80.0, 64.0, 1019.0, 768.0]
[64.0, 32.0, 1004.0, 737.0]
[48.0, 48.0, 989.0, 754.0]
[48.0, 64.0, 990.0, 770.0]
[80.0, 0.0, 1023.0, 707.0]
[16.0, 0.0, 960.0, 708.0]
[48.0, 48.0, 993.0, 757.0]
[0.0, 16.0, 946.0, 726.0]
[32.0, 48.0, 979.0, 758.0]
[48.0, 48.0, 996.0, 759.0]
[48.0, 32.0, 997.0, 744.0]
[16.0, 16.0, 966.0, 728.0]
[48.0, 48.0, 999.0, 761.0]
[48.0, 0.0, 1000.0, 714.0]
[64.0, 64.0, 1017.0, 779.0]
[32.0, 48.0, 986.0, 764.0]
[64.0, 0.0, 1019.0, 716.0]
[64.0, 32.0, 1020.0, 749.0]
[64.0, 32.0, 1021.0, 750.0]
[48.0, 48.0, 1006.0, 766.0]
[32.0, 48.0, 991.0, 767.0]
[48.0, 0.0, 1008.0, 720.0]
[32.0, 48.0, 993.0, 769.0]
[48.0, 32.0, 1010.0, 754.0]
[48.0, 0.0, 1011.0, 722.0]
[32.0, 16.0, 996.0, 739.0]
[32.0, 32.0, 997.0, 756.0]
[48.0, 48.0, 1014.0, 772.0]
[48.0, 16.0, 1015.0, 741.0]
[32.0, 32.0, 1000.0, 758.0]
[16.0, 16.0, 985.0, 743.0]
[48.0, 0.0, 1018.0, 728.0]
[16.0, 32.0, 987.0, 760.0]
[0.0, 32.0, 972.0, 761.0]
[48.0, 16.0, 1021.0, 746.0]
[0.0, 16.0, 974.0, 746.0]
[32.0, 32.0, 1007.0, 763.0]
[16.0, 48.0, 992.0, 780.0]
[0.0, 16.0, 977.0, 749.0]
[32.0, 48.0, 1010.0, 782.0]
[16.0, 16.0, 995.0, 750.0]
[16.0, 32.0, 996.0, 767.0]
[16.0, 0.0, 997.0, 736.0]
[16.0, 0.0, 998.0, 736.0]
[16.0, 32.0, 999.0, 769.0]
[32.0, 0.0, 1016.0, 738.0]
[32.0, 32.0, 1017.0, 771.0]
[16.0, 32.0, 1002.0, 772.0]
[32.0, 16.0, 1019.0, 756.0]
[0.0, 16.0, 988.0, 757.0]
[0.0, 32.0, 989.0, 774.0]
[16.0, 0.0, 1006.0, 742.0]
[16.0, 16.0, 1007.0, 759.0]
[0.0, 32.0, 992.0, 776.0]
[16.0, 16.0, 1009.0, 761.0]
[16.0, 0.0, 1010.0, 746.0]
[16.0, 0.0, 1011.0, 746.0]
[16.0, 0.0, 1012.0, 747.0]
[0.0, 16.0, 997.0, 764.0]
[0.0, 32.0, 998.0, 780.0]
[0.0, 32.0, 999.0, 781.0]
