[272.0, 32.0, 989.0, 570.0]
[160.0, 48.0, 878.0, 586.0]
[208.0, 32.0, 927.0, 571.0]
[160.0, 64.0, 880.0, 604.0]
[176.0, 0.0, 897.0, 541.0]
[224.0, 32.0, 946.0, 574.0]
[224.0, 0.0, 947.0, 542.0]
[128.0, 16.0, 852.0, 559.0]
[176.0, 16.0, 901.0, 560.0]
[208.0, 0.0, 934.0, 544.0]
[192.0, 16.0, 919.0, 561.0]
[144.0, 0.0, 872.0, 546.0]
[96.0, 0.0, 825.0, 547.0]
[112.0, 32.0, 842.0, 580.0]
[224.0, 0.0, 955.0, 548.0]
[256.0, 48.0, 988.0, 597.0]
[96.0, 32.0, 829.0, 582.0]
[208.0, 0.0, 942.0, 550.0]
[144.0, 64.0, 879.0, 615.0]
[160.0, 48.0, 896.0, 600.0]
[192.0, 16.0, 929.0, 569.0]
[192.0, 32.0, 930.0, 586.0]
[128.0, 16.0, 867.0, 570.0]
[256.0, 32.0, 996.0, 587.0]
[96.0, 48.0, 837.0, 604.0]
[192.0, 0.0, 934.0, 556.0]
[192.0, 16.0, 935.0, 573.0]
[144.0, 48.0, 888.0, 606.0]
[96.0, 32.0, 841.0, 591.0]
[256.0, 16.0, 1002.0, 576.0]
[240.0, 48.0, 987.0, 608.0]
[160.0, 48.0, 908.0, 609.0]
[176.0, 48.0, 925.0, 610.0]
[240.0, 0.0, 990.0, 562.0]
[192.0, 0.0, 943.0, 563.0]
[208.0, 64.0, 960.0, 628.0]
[256.0, 48.0, 1009.0, 613.0]
[160.0, 64.0, 914.0, 630.0]
[128.0, 32.0, 883.0, 598.0]
[176.0, 32.0, 932.0, 599.0]
[80.0, 16.0, 837.0, 584.0]
[224.0, 64.0, 982.0, 632.0]
[208.0, 16.0, 967.0, 585.0]
[128.0, 32.0, 888.0, 602.0]
[160.0, 32.0, 921.0, 603.0]
[176.0, 64.0, 938.0, 636.0]
[128.0, 16.0, 891.0, 588.0]
[112.0, 0.0, 876.0, 573.0]
[160.0, 0.0, 925.0, 574.0]
[112.0, 48.0, 878.0, 622.0]
[96.0, 32.0, 863.0, 607.0]
[224.0, 16.0, 992.0, 592.0]
[112.0, 16.0, 881.0, 593.0]
[128.0, 48.0, 898.0, 626.0]
[176.0, 48.0, 947.0, 626.0]
[240.0, 16.0, 1012.0, 595.0]
[176.0, 16.0, 949.0, 596.0]
[128.0, 0.0, 902.0, 580.0]
[224.0, 32.0, 999.0, 613.0]
[240.0, 0.0, 1016.0, 582.0]
[240.0, 16.0, 1017.0, 599.0]
[144.0, 0.0, 922.0, 584.0]
[224.0, 16.0, 1003.0, 600.0]
[176.0, 32.0, 956.0, 617.0]
[80.0, 0.0, 861.0, 586.0]
[112.0, 48.0, 894.0, 634.0]
[240.0, 0.0, 1023.0, 587.0]
[176.0, 0.0, 960.0, 588.0]
[96.0, 32.0, 881.0, 621.0]
[224.0, 48.0, 1010.0, 638.0]
[192.0, 0.0, 979.0, 590.0]
[160.0, 48.0, 948.0, 639.0]
[176.0, 16.0, 965.0, 608.0]
[224.0, 0.0, 1014.0, 592.0]
[128.0, 48.0, 919.0, 641.0]
[96.0, 32.0, 888.0, 626.0]
[192.0, 48.0, 985.0, 643.0]
[208.0, 16.0, 1002.0, 612.0]
[176.0, 64.0, 971.0, 660.0]
[224.0, 0.0, 1020.0, 597.0]
[208.0, 0.0, 1005.0, 598.0]
[128.0, 16.0, 926.0, 614.0]
[224.0, 16.0, 1023.0, 615.0]
[192.0, 0.0, 992.0, 600.0]
[96.0, 0.0, 897.0, 601.0]
[208.0, 16.0, 1010.0, 618.0]
[80.0, 32.0, 883.0, 634.0]
[176.0, 16.0, 980.0, 619.0]
[208.0, 48.0, 1013.0, 652.0]
[160.0, 0.0, 966.0, 604.0]
[144.0, 48.0, 951.0, 653.0]
[208.0, 0.0, 1016.0, 606.0]
[128.0, 16.0, 937.0, 623.0]
[208.0, 0.0, 1018.0, 608.0]
[160.0, 16.0, 971.0, 624.0]
[160.0, 16.0, 972.0, 625.0]
[80.0, 0.0, 893.0, 610.0]
[208.0, 0.0, 1022.0, 610.0]
[112.0, 16.0, 927.0, 627.0]
[192.0, 32.0, 1008.0, 644.0]
[160.0, 32.0, 977.0, 645.0]
[160.0, 64.0, 978.0, 678.0]
[176.0, 48.0, 995.0, 662.0]
[96.0, 48.0, 916.0, 663.0]
[128.0, 48.0, 949.0, 664.0]
[128.0, 64.0, 950.0, 680.0]
[144.0, 0.0, 967.0, 617.0]
[112.0, 32.0, 936.0, 650.0]
[160.0, 32.0, 985.0, 651.0]
[96.0, 0.0, 922.0, 620.0]
[112.0, 0.0, 939.0, 620.0]
[64.0, 0.0, 892.0, 621.0]
[128.0, 48.0, 957.0, 670.0]
[96.0, 16.0, 926.0, 638.0]
[176.0, 32.0, 1007.0, 655.0]
[144.0, 32.0, 976.0, 656.0]
[96.0, 48.0, 929.0, 673.0]
[144.0, 32.0, 978.0, 658.0]
[112.0, 16.0, 947.0, 642.0]
[144.0, 0.0, 980.0, 627.0]
[112.0, 0.0, 949.0, 628.0]
[144.0, 16.0, 982.0, 644.0]
[128.0, 32.0, 967.0, 661.0]
[80.0, 0.0, 920.0, 630.0]
[80.0, 32.0, 921.0, 663.0]
[176.0, 32.0, 1018.0, 664.0]
[160.0, 0.0, 1003.0, 632.0]
[160.0, 0.0, 1004.0, 633.0]
[96.0, 0.0, 941.0, 634.0]
[128.0, 0.0, 974.0, 634.0]
[144.0, 16.0, 991.0, 651.0]
[96.0, 16.0, 944.0, 652.0]
[96.0, 16.0, 945.0, 653.0]
[80.0, 32.0, 930.0, 670.0]
[112.0, 16.0, 963.0, 654.0]
[80.0, 16.0, 932.0, 655.0]
[112.0, 32.0, 965.0, 672.0]
[128.0, 0.0, 982.0, 640.0]
[128.0, 0.0, 983.0, 641.0]
[80.0, 16.0, 936.0, 658.0]
[128.0, 32.0, 985.0, 675.0]
[96.0, 0.0, 954.0, 644.0]
[80.0, 0.0, 939.0, 644.0]
[112.0, 0.0, 972.0, 645.0]
[96.0, 32.0, 957.0, 678.0]
[128.0, 16.0, 990.0, 662.0]
[144.0, 32.0, 1007.0, 679.0]
[128.0, 16.0, 992.0, 664.0]
[112.0, 0.0, 977.0, 649.0]
[112.0, 16.0, 978.0, 666.0]
[112.0, 16.0, 979.0, 666.0]
[112.0, 32.0, 980.0, 683.0]
[80.0, 16.0, 949.0, 668.0]
[96.0, 0.0, 966.0, 652.0]
[96.0, 16.0, 967.0, 669.0]
[96.0, 0.0, 968.0, 654.0]
[112.0, 16.0, 985.0, 671.0]
[112.0, 16.0, 986.0, 672.0]
[80.0, 16.0, 955.0, 672.0]
[112.0, 0.0, 988.0, 657.0]
[128.0, 16.0, 1005.0, 674.0]
[96.0, 0.0, 974.0, 658.0]
[80.0, 0.0, 959.0, 659.0]
[128.0, 16.0, 1008.0, 676.0]
[128.0, 16.0, 1009.0, 677.0]
[96.0, 0.0, 978.0, 662.0]
[112.0, 0.0, 995.0, 662.0]
[128.0, 16.0, 1012.0, 679.0]
[112.0, 16.0, 997.0, 680.0]
[96.0, 16.0, 982.0, 680.0]
[112.0, 16.0, 999.0, 681.0]
[128.0, 16.0, 1016.0, 682.0]
[96.0, 16.0, 985.0, 683.0]
[80.0, 16.0, 970.0, 684.0]
[128.0, 16.0, 1019.0, 684.0]
[80.0, 0.0, 972.0, 669.0]
[80.0, 0.0, 973.0, 670.0]
[96.0, 0.0, 990.0, 670.0]
[96.0, 0.0, 991.0, 671.0]
[96.0, 0.0, 992.0, 672.0]
[80.0, 0.0, 977.0, 673.0]
[112.0, 0.0, 1010.0, 674.0]
[80.0, 0.0, 979.0, 674.0]
[80.0, 0.0, 980.0, 675.0]
[112.0, 0.0, 1013.0, 676.0]
[112.0, 0.0, 1014.0, 676.0]
[96.0, 0.0, 999.0, 677.0]
[112.0, 0.0, 1016.0, 678.0]
[80.0, 0.0, 985.0, 679.0]
[80.0, 0.0, 986.0, 680.0]
[96.0, 0.0, 1003.0, 680.0]
[96.0, 0.0, 1004.0, 681.0]
[96.0, 0.0, 1005.0, 682.0]
[112.0, 0.0, 1022.0, 682.0]
[80.0, 0.0, 991.0, 683.0]
[96.0, 0.0, 1008.0, 684.0]
