[272.0, 96.0, 989.0, 634.0]
[256.0, 80.0, 974.0, 618.0]
[144.0, 64.0, 863.0, 603.0]
[160.0, 112.0, 880.0, 652.0]
[160.0, 64.0, 881.0, 605.0]
[112.0, 80.0, 834.0, 622.0]
[112.0, 112.0, 835.0, 654.0]
[224.0, 64.0, 948.0, 607.0]
[176.0, 112.0, 901.0, 656.0]
[128.0, 96.0, 854.0, 640.0]
[192.0, 112.0, 919.0, 657.0]
[176.0, 96.0, 904.0, 642.0]
[224.0, 128.0, 953.0, 675.0]
[192.0, 32.0, 922.0, 580.0]
[176.0, 96.0, 907.0, 644.0]
[256.0, 96.0, 988.0, 645.0]
[160.0, 48.0, 893.0, 598.0]
[256.0, 32.0, 990.0, 582.0]
[160.0, 64.0, 895.0, 615.0]
[288.0, 64.0, 1024.0, 616.0]
[160.0, 32.0, 897.0, 585.0]
[160.0, 112.0, 898.0, 666.0]
[128.0, 96.0, 867.0, 650.0]
[272.0, 80.0, 1012.0, 635.0]
[240.0, 48.0, 981.0, 604.0]
[256.0, 112.0, 998.0, 668.0]
[256.0, 16.0, 999.0, 573.0]
[128.0, 128.0, 872.0, 686.0]
[80.0, 48.0, 825.0, 607.0]
[224.0, 48.0, 970.0, 608.0]
[176.0, 80.0, 923.0, 640.0]
[240.0, 96.0, 988.0, 657.0]
[192.0, 112.0, 941.0, 674.0]
[96.0, 96.0, 846.0, 658.0]
[144.0, 112.0, 895.0, 675.0]
[96.0, 80.0, 848.0, 644.0]
[192.0, 64.0, 945.0, 629.0]
[80.0, 48.0, 834.0, 614.0]
[80.0, 48.0, 835.0, 614.0]
[160.0, 0.0, 916.0, 567.0]
[160.0, 16.0, 917.0, 584.0]
[240.0, 112.0, 998.0, 680.0]
[160.0, 48.0, 919.0, 617.0]
[144.0, 32.0, 904.0, 602.0]
[240.0, 48.0, 1001.0, 619.0]
[144.0, 48.0, 906.0, 620.0]
[144.0, 128.0, 907.0, 700.0]
[112.0, 80.0, 876.0, 653.0]
[224.0, 32.0, 989.0, 606.0]
[80.0, 48.0, 846.0, 622.0]
[256.0, 96.0, 1023.0, 671.0]
[192.0, 48.0, 960.0, 624.0]
[144.0, 16.0, 913.0, 593.0]
[96.0, 48.0, 866.0, 626.0]
[128.0, 48.0, 899.0, 626.0]
[240.0, 64.0, 1012.0, 643.0]
[160.0, 96.0, 933.0, 676.0]
[240.0, 96.0, 1014.0, 676.0]
[192.0, 112.0, 967.0, 693.0]
[192.0, 96.0, 968.0, 678.0]
[176.0, 48.0, 953.0, 631.0]
[192.0, 128.0, 970.0, 712.0]
[112.0, 16.0, 891.0, 600.0]
[192.0, 64.0, 972.0, 649.0]
[96.0, 96.0, 877.0, 682.0]
[128.0, 112.0, 910.0, 698.0]
[160.0, 64.0, 943.0, 651.0]
[96.0, 48.0, 880.0, 636.0]
[208.0, 32.0, 993.0, 621.0]
[96.0, 32.0, 882.0, 622.0]
[176.0, 80.0, 963.0, 670.0]
[208.0, 96.0, 996.0, 687.0]
[224.0, 96.0, 1013.0, 688.0]
[112.0, 32.0, 902.0, 624.0]
[192.0, 112.0, 983.0, 705.0]
[48.0, 48.0, 840.0, 642.0]
[128.0, 96.0, 921.0, 691.0]
[208.0, 48.0, 1002.0, 644.0]
[128.0, 32.0, 923.0, 628.0]
[208.0, 16.0, 1004.0, 613.0]
[176.0, 32.0, 973.0, 630.0]
[64.0, 16.0, 862.0, 614.0]
[224.0, 16.0, 1023.0, 615.0]
[128.0, 64.0, 928.0, 664.0]
[160.0, 112.0, 961.0, 713.0]
[96.0, 64.0, 898.0, 666.0]
[176.0, 128.0, 979.0, 730.0]
[192.0, 112.0, 996.0, 715.0]
[160.0, 112.0, 965.0, 716.0]
[144.0, 80.0, 950.0, 684.0]
[176.0, 48.0, 983.0, 653.0]
[144.0, 0.0, 952.0, 606.0]
[80.0, 16.0, 889.0, 623.0]
[144.0, 112.0, 954.0, 720.0]
[64.0, 64.0, 875.0, 672.0]
[96.0, 96.0, 908.0, 705.0]
[112.0, 64.0, 925.0, 674.0]
[208.0, 64.0, 1022.0, 674.0]
[192.0, 96.0, 1007.0, 707.0]
[16.0, 32.0, 832.0, 644.0]
[160.0, 128.0, 977.0, 741.0]
[160.0, 16.0, 978.0, 630.0]
[80.0, 64.0, 899.0, 678.0]
[144.0, 96.0, 964.0, 711.0]
[64.0, 48.0, 885.0, 664.0]
[80.0, 96.0, 902.0, 712.0]
[80.0, 32.0, 903.0, 649.0]
[64.0, 0.0, 888.0, 618.0]
[144.0, 112.0, 969.0, 731.0]
[64.0, 80.0, 890.0, 700.0]
[80.0, 80.0, 907.0, 700.0]
[48.0, 48.0, 876.0, 669.0]
[112.0, 80.0, 941.0, 702.0]
[96.0, 48.0, 926.0, 670.0]
[192.0, 32.0, 1023.0, 655.0]
[32.0, 48.0, 864.0, 672.0]
[176.0, 16.0, 1009.0, 641.0]
[160.0, 32.0, 994.0, 658.0]
[96.0, 80.0, 931.0, 706.0]
[144.0, 0.0, 980.0, 627.0]
[176.0, 16.0, 1013.0, 644.0]
[96.0, 48.0, 934.0, 676.0]
[48.0, 16.0, 887.0, 645.0]
[128.0, 32.0, 968.0, 662.0]
[0.0, 32.0, 841.0, 663.0]
[32.0, 16.0, 874.0, 648.0]
[80.0, 0.0, 923.0, 632.0]
[144.0, 96.0, 988.0, 729.0]
[144.0, 128.0, 989.0, 762.0]
[96.0, 64.0, 942.0, 698.0]
[112.0, 112.0, 959.0, 747.0]
[64.0, 16.0, 912.0, 652.0]
[96.0, 80.0, 945.0, 717.0]
[112.0, 32.0, 962.0, 670.0]
[48.0, 48.0, 899.0, 686.0]
[0.0, 16.0, 852.0, 655.0]
[48.0, 80.0, 901.0, 720.0]
[160.0, 0.0, 1014.0, 640.0]
[96.0, 80.0, 951.0, 721.0]
[96.0, 80.0, 952.0, 722.0]
[80.0, 0.0, 937.0, 643.0]
[32.0, 64.0, 890.0, 708.0]
[96.0, 80.0, 955.0, 724.0]
[80.0, 64.0, 940.0, 709.0]
[32.0, 0.0, 893.0, 646.0]
[32.0, 64.0, 894.0, 710.0]
[48.0, 64.0, 911.0, 711.0]
[144.0, 0.0, 1008.0, 648.0]
[96.0, 0.0, 961.0, 649.0]
[48.0, 48.0, 914.0, 698.0]
[64.0, 48.0, 931.0, 698.0]
[144.0, 80.0, 1012.0, 731.0]
[112.0, 0.0, 981.0, 652.0]
[32.0, 0.0, 902.0, 652.0]
[80.0, 80.0, 951.0, 733.0]
[48.0, 0.0, 920.0, 654.0]
[16.0, 0.0, 889.0, 655.0]
[112.0, 32.0, 986.0, 688.0]
[64.0, 64.0, 939.0, 720.0]
[96.0, 32.0, 972.0, 689.0]
[144.0, 16.0, 1021.0, 674.0]
[48.0, 32.0, 926.0, 690.0]
[128.0, 96.0, 1007.0, 755.0]
[144.0, 80.0, 1024.0, 740.0]
[112.0, 96.0, 993.0, 757.0]
[64.0, 32.0, 946.0, 694.0]
[48.0, 32.0, 931.0, 694.0]
[112.0, 64.0, 996.0, 727.0]
[64.0, 80.0, 949.0, 744.0]
[80.0, 80.0, 966.0, 744.0]
[112.0, 0.0, 999.0, 665.0]
[80.0, 48.0, 968.0, 714.0]
[0.0, 32.0, 889.0, 699.0]
[96.0, 64.0, 986.0, 732.0]
[0.0, 16.0, 891.0, 684.0]
[112.0, 48.0, 1004.0, 717.0]
[80.0, 80.0, 973.0, 750.0]
[16.0, 16.0, 910.0, 686.0]
[64.0, 0.0, 959.0, 671.0]
[96.0, 0.0, 992.0, 672.0]
[64.0, 32.0, 961.0, 705.0]
[112.0, 80.0, 1010.0, 754.0]
[32.0, 0.0, 931.0, 674.0]
[112.0, 48.0, 1012.0, 723.0]
[96.0, 96.0, 997.0, 772.0]
[32.0, 32.0, 934.0, 708.0]
[32.0, 32.0, 935.0, 709.0]
[112.0, 16.0, 1016.0, 694.0]
[96.0, 96.0, 1001.0, 775.0]
[0.0, 16.0, 906.0, 696.0]
[16.0, 48.0, 923.0, 728.0]
[48.0, 64.0, 956.0, 745.0]
[112.0, 32.0, 1021.0, 714.0]
[48.0, 80.0, 958.0, 762.0]
[32.0, 64.0, 943.0, 747.0]
[96.0, 96.0, 1008.0, 780.0]
[16.0, 0.0, 929.0, 685.0]
[80.0, 32.0, 994.0, 718.0]
[48.0, 32.0, 963.0, 718.0]
[0.0, 0.0, 916.0, 687.0]
[0.0, 0.0, 917.0, 688.0]
[32.0, 32.0, 950.0, 720.0]
[96.0, 48.0, 1015.0, 737.0]
[32.0, 64.0, 952.0, 754.0]
[0.0, 0.0, 921.0, 691.0]
[32.0, 32.0, 954.0, 724.0]
[64.0, 80.0, 987.0, 772.0]
[64.0, 32.0, 988.0, 725.0]
[96.0, 80.0, 1021.0, 774.0]
[16.0, 32.0, 942.0, 726.0]
[32.0, 0.0, 959.0, 695.0]
[64.0, 64.0, 992.0, 760.0]
[0.0, 48.0, 929.0, 745.0]
[64.0, 48.0, 994.0, 746.0]
[16.0, 16.0, 947.0, 714.0]
[64.0, 64.0, 996.0, 763.0]
[32.0, 48.0, 965.0, 748.0]
[64.0, 64.0, 998.0, 764.0]
[80.0, 80.0, 1015.0, 781.0]
[0.0, 48.0, 936.0, 750.0]
[80.0, 64.0, 1017.0, 767.0]
[64.0, 48.0, 1002.0, 752.0]
[32.0, 32.0, 971.0, 736.0]
[64.0, 32.0, 1004.0, 737.0]
[48.0, 0.0, 989.0, 706.0]
[64.0, 48.0, 1006.0, 754.0]
[80.0, 32.0, 1023.0, 739.0]
[80.0, 48.0, 1024.0, 756.0]
[48.0, 64.0, 993.0, 773.0]
[64.0, 64.0, 1010.0, 774.0]
[48.0, 0.0, 995.0, 710.0]
[32.0, 48.0, 980.0, 759.0]
[64.0, 64.0, 1013.0, 776.0]
[32.0, 64.0, 982.0, 776.0]
[16.0, 16.0, 967.0, 729.0]
[0.0, 48.0, 952.0, 762.0]
[16.0, 16.0, 969.0, 731.0]
[32.0, 0.0, 986.0, 716.0]
[0.0, 48.0, 955.0, 764.0]
[32.0, 48.0, 988.0, 765.0]
[16.0, 48.0, 973.0, 766.0]
[32.0, 48.0, 990.0, 766.0]
[64.0, 16.0, 1023.0, 735.0]
[16.0, 16.0, 976.0, 736.0]
[16.0, 48.0, 977.0, 769.0]
[0.0, 16.0, 962.0, 738.0]
[32.0, 0.0, 995.0, 722.0]
[0.0, 0.0, 964.0, 723.0]
[48.0, 0.0, 1013.0, 724.0]
[32.0, 16.0, 998.0, 740.0]
[0.0, 0.0, 967.0, 725.0]
[32.0, 48.0, 1000.0, 774.0]
[0.0, 32.0, 969.0, 759.0]
[32.0, 32.0, 1002.0, 760.0]
[0.0, 32.0, 971.0, 760.0]
[16.0, 16.0, 988.0, 745.0]
[16.0, 32.0, 989.0, 762.0]
[0.0, 0.0, 974.0, 730.0]
[0.0, 32.0, 975.0, 763.0]
[32.0, 48.0, 1008.0, 780.0]
[16.0, 16.0, 993.0, 749.0]
[16.0, 32.0, 994.0, 766.0]
[0.0, 32.0, 979.0, 766.0]
[32.0, 16.0, 1012.0, 751.0]
[0.0, 0.0, 981.0, 736.0]
[32.0, 0.0, 1014.0, 736.0]
[32.0, 48.0, 1015.0, 785.0]
[32.0, 0.0, 1016.0, 738.0]
[16.0, 16.0, 1001.0, 755.0]
[0.0, 0.0, 986.0, 740.0]
[0.0, 32.0, 987.0, 772.0]
[32.0, 16.0, 1020.0, 757.0]
[32.0, 0.0, 1021.0, 742.0]
[32.0, 0.0, 1022.0, 742.0]
[16.0, 0.0, 1007.0, 743.0]
[16.0, 16.0, 1008.0, 760.0]
[16.0, 16.0, 1009.0, 761.0]
[16.0, 0.0, 1010.0, 746.0]
[16.0, 32.0, 1011.0, 778.0]
[16.0, 0.0, 1012.0, 747.0]
[0.0, 32.0, 997.0, 780.0]
