[224.0, 160.0, 941.0, 698.0]
[160.0, 144.0, 878.0, 682.0]
[128.0, 160.0, 847.0, 699.0]
[176.0, 160.0, 896.0, 700.0]
[176.0, 144.0, 897.0, 685.0]
[112.0, 160.0, 834.0, 702.0]
[48.0, 128.0, 771.0, 670.0]
[192.0, 144.0, 916.0, 687.0]
[272.0, 160.0, 997.0, 704.0]
[176.0, 128.0, 902.0, 672.0]
[240.0, 144.0, 967.0, 689.0]
[128.0, 160.0, 856.0, 706.0]
[64.0, 128.0, 793.0, 675.0]
[176.0, 144.0, 906.0, 692.0]
[224.0, 128.0, 955.0, 676.0]
[96.0, 144.0, 828.0, 693.0]
[208.0, 160.0, 941.0, 710.0]
[240.0, 176.0, 974.0, 726.0]
[144.0, 176.0, 879.0, 727.0]
[240.0, 176.0, 976.0, 728.0]
[128.0, 160.0, 865.0, 713.0]
[240.0, 160.0, 978.0, 714.0]
[128.0, 128.0, 867.0, 682.0]
[176.0, 144.0, 916.0, 699.0]
[128.0, 176.0, 869.0, 732.0]
[64.0, 128.0, 806.0, 684.0]
[64.0, 112.0, 807.0, 669.0]
[256.0, 112.0, 1000.0, 670.0]
[208.0, 144.0, 953.0, 703.0]
[128.0, 144.0, 874.0, 704.0]
[112.0, 176.0, 859.0, 736.0]
[208.0, 128.0, 956.0, 689.0]
[176.0, 128.0, 925.0, 690.0]
[240.0, 160.0, 990.0, 722.0]
[144.0, 176.0, 895.0, 739.0]
[80.0, 176.0, 832.0, 740.0]
[160.0, 128.0, 913.0, 693.0]
[240.0, 160.0, 994.0, 726.0]
[160.0, 160.0, 915.0, 726.0]
[208.0, 128.0, 964.0, 695.0]
[208.0, 128.0, 965.0, 696.0]
[112.0, 160.0, 870.0, 728.0]
[96.0, 112.0, 855.0, 681.0]
[176.0, 176.0, 936.0, 746.0]
[176.0, 160.0, 937.0, 731.0]
[112.0, 96.0, 874.0, 668.0]
[48.0, 160.0, 811.0, 732.0]
[96.0, 112.0, 860.0, 685.0]
[192.0, 160.0, 957.0, 734.0]
[224.0, 160.0, 990.0, 734.0]
[240.0, 128.0, 1007.0, 703.0]
[144.0, 128.0, 912.0, 704.0]
[96.0, 80.0, 865.0, 657.0]
[80.0, 144.0, 850.0, 722.0]
[176.0, 96.0, 947.0, 674.0]
[128.0, 144.0, 900.0, 723.0]
[208.0, 160.0, 981.0, 740.0]
[48.0, 144.0, 822.0, 724.0]
[176.0, 128.0, 951.0, 709.0]
[64.0, 176.0, 840.0, 758.0]
[160.0, 112.0, 937.0, 695.0]
[32.0, 112.0, 810.0, 696.0]
[208.0, 144.0, 987.0, 728.0]
[208.0, 128.0, 988.0, 713.0]
[48.0, 144.0, 829.0, 730.0]
[48.0, 112.0, 830.0, 698.0]
[96.0, 176.0, 879.0, 763.0]
[160.0, 80.0, 944.0, 668.0]
[128.0, 96.0, 913.0, 685.0]
[80.0, 128.0, 866.0, 718.0]
[16.0, 144.0, 803.0, 734.0]
[128.0, 96.0, 916.0, 687.0]
[96.0, 80.0, 885.0, 672.0]
[160.0, 160.0, 950.0, 752.0]
[128.0, 160.0, 919.0, 753.0]
[160.0, 160.0, 952.0, 754.0]
[128.0, 128.0, 921.0, 723.0]
[208.0, 96.0, 1002.0, 692.0]
[176.0, 160.0, 971.0, 756.0]
[208.0, 144.0, 1004.0, 741.0]
[160.0, 64.0, 957.0, 662.0]
[80.0, 112.0, 878.0, 710.0]
[112.0, 80.0, 911.0, 679.0]
[160.0, 144.0, 960.0, 744.0]
[144.0, 160.0, 945.0, 761.0]
[32.0, 160.0, 834.0, 762.0]
[128.0, 144.0, 931.0, 746.0]
[160.0, 112.0, 964.0, 715.0]
[128.0, 80.0, 933.0, 684.0]
[96.0, 96.0, 902.0, 700.0]
[48.0, 80.0, 855.0, 685.0]
[176.0, 96.0, 984.0, 702.0]
[192.0, 160.0, 1001.0, 767.0]
[96.0, 128.0, 906.0, 736.0]
[96.0, 96.0, 907.0, 704.0]
[112.0, 48.0, 924.0, 657.0]
[80.0, 96.0, 893.0, 706.0]
[144.0, 64.0, 958.0, 674.0]
[128.0, 144.0, 943.0, 755.0]
[192.0, 144.0, 1008.0, 756.0]
[96.0, 80.0, 913.0, 693.0]
[144.0, 144.0, 962.0, 758.0]
[128.0, 48.0, 947.0, 662.0]
[96.0, 80.0, 916.0, 695.0]
[144.0, 96.0, 965.0, 712.0]
[64.0, 48.0, 886.0, 664.0]
[80.0, 48.0, 903.0, 665.0]
[48.0, 48.0, 872.0, 666.0]
[48.0, 128.0, 873.0, 747.0]
[16.0, 96.0, 842.0, 716.0]
[48.0, 144.0, 875.0, 764.0]
[128.0, 96.0, 956.0, 717.0]
[32.0, 96.0, 861.0, 718.0]
[128.0, 112.0, 958.0, 734.0]
[64.0, 96.0, 895.0, 719.0]
[144.0, 32.0, 976.0, 656.0]
[64.0, 96.0, 897.0, 721.0]
[128.0, 112.0, 962.0, 738.0]
[128.0, 64.0, 963.0, 690.0]
[48.0, 32.0, 884.0, 659.0]
[32.0, 80.0, 869.0, 708.0]
[16.0, 48.0, 854.0, 676.0]
[16.0, 48.0, 855.0, 677.0]
[48.0, 112.0, 888.0, 742.0]
[64.0, 112.0, 905.0, 743.0]
[64.0, 32.0, 906.0, 664.0]
[96.0, 48.0, 939.0, 680.0]
[48.0, 96.0, 892.0, 729.0]
[144.0, 80.0, 989.0, 714.0]
[160.0, 128.0, 1006.0, 762.0]
[128.0, 32.0, 975.0, 667.0]
[48.0, 128.0, 896.0, 764.0]
[48.0, 112.0, 897.0, 749.0]
[64.0, 112.0, 914.0, 750.0]
[80.0, 96.0, 931.0, 734.0]
[96.0, 112.0, 948.0, 751.0]
[64.0, 80.0, 917.0, 720.0]
[128.0, 128.0, 982.0, 768.0]
[144.0, 32.0, 999.0, 673.0]
[64.0, 32.0, 920.0, 674.0]
[128.0, 80.0, 985.0, 723.0]
[144.0, 112.0, 1002.0, 756.0]
[64.0, 32.0, 923.0, 676.0]
[48.0, 32.0, 908.0, 677.0]
[32.0, 112.0, 893.0, 758.0]
[80.0, 112.0, 942.0, 758.0]
[96.0, 32.0, 959.0, 679.0]
[128.0, 64.0, 992.0, 712.0]
[112.0, 112.0, 977.0, 761.0]
[80.0, 96.0, 946.0, 746.0]
[112.0, 96.0, 979.0, 746.0]
[64.0, 96.0, 932.0, 747.0]
[48.0, 96.0, 917.0, 748.0]
[128.0, 32.0, 998.0, 684.0]
[128.0, 48.0, 999.0, 701.0]
[80.0, 96.0, 952.0, 750.0]
[64.0, 96.0, 937.0, 751.0]
[96.0, 80.0, 970.0, 736.0]
[32.0, 112.0, 907.0, 768.0]
[128.0, 64.0, 1004.0, 721.0]
[112.0, 48.0, 989.0, 706.0]
[128.0, 80.0, 1006.0, 738.0]
[128.0, 96.0, 1007.0, 755.0]
[32.0, 80.0, 912.0, 740.0]
[48.0, 0.0, 929.0, 661.0]
[80.0, 96.0, 962.0, 758.0]
[32.0, 48.0, 915.0, 710.0]
[80.0, 32.0, 964.0, 695.0]
[64.0, 32.0, 949.0, 696.0]
[32.0, 48.0, 918.0, 712.0]
[80.0, 0.0, 967.0, 665.0]
[48.0, 0.0, 936.0, 666.0]
[32.0, 16.0, 921.0, 683.0]
[32.0, 16.0, 922.0, 684.0]
[80.0, 96.0, 971.0, 764.0]
[64.0, 96.0, 956.0, 765.0]
[64.0, 32.0, 957.0, 702.0]
[32.0, 48.0, 926.0, 718.0]
[96.0, 80.0, 991.0, 751.0]
[64.0, 80.0, 960.0, 752.0]
[32.0, 64.0, 929.0, 737.0]
[48.0, 0.0, 946.0, 674.0]
[64.0, 80.0, 963.0, 754.0]
[64.0, 48.0, 964.0, 723.0]
[80.0, 80.0, 981.0, 756.0]
[96.0, 48.0, 998.0, 724.0]
[32.0, 80.0, 935.0, 757.0]
[80.0, 32.0, 984.0, 710.0]
[32.0, 80.0, 937.0, 759.0]
[32.0, 48.0, 938.0, 728.0]
[48.0, 48.0, 955.0, 728.0]
[64.0, 32.0, 972.0, 713.0]
[64.0, 48.0, 973.0, 730.0]
[48.0, 64.0, 958.0, 746.0]
[48.0, 48.0, 959.0, 731.0]
[80.0, 32.0, 992.0, 716.0]
[64.0, 64.0, 977.0, 749.0]
[48.0, 64.0, 962.0, 750.0]
[48.0, 48.0, 963.0, 734.0]
[48.0, 16.0, 964.0, 703.0]
[32.0, 32.0, 949.0, 720.0]
[64.0, 0.0, 982.0, 688.0]
[64.0, 32.0, 983.0, 721.0]
[80.0, 32.0, 1000.0, 722.0]
[64.0, 64.0, 985.0, 755.0]
[80.0, 64.0, 1002.0, 756.0]
[80.0, 48.0, 1003.0, 740.0]
[32.0, 32.0, 956.0, 725.0]
[32.0, 32.0, 957.0, 726.0]
[64.0, 48.0, 990.0, 742.0]
[64.0, 32.0, 991.0, 727.0]
[64.0, 48.0, 992.0, 744.0]
[48.0, 0.0, 977.0, 697.0]
[32.0, 48.0, 962.0, 746.0]
[32.0, 16.0, 963.0, 714.0]
[48.0, 32.0, 980.0, 731.0]
[64.0, 0.0, 997.0, 700.0]
[32.0, 32.0, 966.0, 732.0]
[48.0, 48.0, 983.0, 749.0]
[64.0, 16.0, 1000.0, 718.0]
[32.0, 16.0, 969.0, 719.0]
[48.0, 48.0, 986.0, 752.0]
[32.0, 64.0, 971.0, 768.0]
[32.0, 32.0, 972.0, 737.0]
[32.0, 32.0, 973.0, 738.0]
[48.0, 48.0, 990.0, 754.0]
[32.0, 48.0, 975.0, 755.0]
[32.0, 0.0, 976.0, 708.0]
[32.0, 48.0, 977.0, 757.0]
[48.0, 16.0, 994.0, 726.0]
[32.0, 16.0, 979.0, 726.0]
[48.0, 48.0, 996.0, 759.0]
[48.0, 16.0, 997.0, 728.0]
[32.0, 16.0, 982.0, 728.0]
[32.0, 16.0, 983.0, 729.0]
[32.0, 0.0, 984.0, 714.0]
[32.0, 0.0, 985.0, 715.0]
[32.0, 16.0, 986.0, 732.0]
[32.0, 32.0, 987.0, 748.0]
[32.0, 48.0, 988.0, 765.0]
