[32.0, 0.0, 749.0, 538.0]
[96.0, 16.0, 814.0, 554.0]
[80.0, 16.0, 799.0, 555.0]
[144.0, 16.0, 864.0, 556.0]
[48.0, 16.0, 769.0, 557.0]
[176.0, 16.0, 898.0, 558.0]
[176.0, 32.0, 899.0, 574.0]
[128.0, 32.0, 852.0, 575.0]
[160.0, 32.0, 885.0, 576.0]
[176.0, 32.0, 902.0, 576.0]
[144.0, 0.0, 871.0, 545.0]
[128.0, 16.0, 856.0, 562.0]
[160.0, 16.0, 889.0, 563.0]
[112.0, 16.0, 842.0, 564.0]
[128.0, 16.0, 859.0, 564.0]
[144.0, 0.0, 876.0, 549.0]
[112.0, 0.0, 845.0, 550.0]
[112.0, 16.0, 846.0, 566.0]
[112.0, 16.0, 847.0, 567.0]
[96.0, 16.0, 832.0, 568.0]
[176.0, 16.0, 913.0, 569.0]
[48.0, 16.0, 786.0, 570.0]
[144.0, 16.0, 883.0, 570.0]
[80.0, 16.0, 820.0, 571.0]
[144.0, 0.0, 885.0, 556.0]
[48.0, 16.0, 790.0, 572.0]
[16.0, 0.0, 759.0, 557.0]
[112.0, 16.0, 856.0, 574.0]
[80.0, 0.0, 825.0, 559.0]
[32.0, 0.0, 778.0, 560.0]
[48.0, 16.0, 795.0, 576.0]
[80.0, 0.0, 828.0, 561.0]
[80.0, 0.0, 829.0, 562.0]
[0.0, 0.0, 750.0, 562.0]
[16.0, 0.0, 767.0, 563.0]
[128.0, 0.0, 880.0, 564.0]
[48.0, 0.0, 801.0, 565.0]
[0.0, 0.0, 754.0, 566.0]
[64.0, 0.0, 819.0, 566.0]
[112.0, 0.0, 868.0, 567.0]
[16.0, 0.0, 773.0, 568.0]
[80.0, 0.0, 838.0, 568.0]
[32.0, 0.0, 791.0, 569.0]
[128.0, 0.0, 888.0, 570.0]
[144.0, 0.0, 905.0, 571.0]
[128.0, 0.0, 890.0, 572.0]
[80.0, 0.0, 843.0, 572.0]
[144.0, 0.0, 908.0, 573.0]
[112.0, 0.0, 877.0, 574.0]
[144.0, 0.0, 910.0, 574.0]
[16.0, 0.0, 783.0, 575.0]
[32.0, 0.0, 800.0, 576.0]
