[176.0, 64.0, 917.0, 620.0]
[96.0, 32.0, 838.0, 588.0]
[144.0, 48.0, 887.0, 605.0]
[112.0, 64.0, 856.0, 622.0]
[96.0, 96.0, 841.0, 655.0]
[144.0, 64.0, 890.0, 624.0]
[64.0, 32.0, 811.0, 592.0]
[144.0, 80.0, 892.0, 641.0]
[208.0, 64.0, 957.0, 626.0]
[96.0, 48.0, 846.0, 610.0]
[192.0, 32.0, 943.0, 595.0]
[208.0, 64.0, 960.0, 628.0]
[192.0, 48.0, 945.0, 613.0]
[176.0, 96.0, 930.0, 662.0]
[48.0, 32.0, 803.0, 598.0]
[80.0, 32.0, 836.0, 599.0]
[208.0, 64.0, 965.0, 632.0]
[192.0, 64.0, 950.0, 632.0]
[32.0, 64.0, 791.0, 633.0]
[112.0, 64.0, 872.0, 634.0]
[80.0, 80.0, 841.0, 651.0]
[128.0, 32.0, 890.0, 604.0]
[144.0, 80.0, 907.0, 652.0]
[208.0, 16.0, 972.0, 589.0]
[192.0, 48.0, 957.0, 622.0]
[32.0, 80.0, 798.0, 654.0]
[160.0, 48.0, 927.0, 623.0]
[192.0, 80.0, 960.0, 656.0]
[208.0, 64.0, 977.0, 641.0]
[144.0, 80.0, 914.0, 658.0]
[192.0, 64.0, 963.0, 642.0]
[224.0, 64.0, 996.0, 643.0]
[80.0, 80.0, 853.0, 660.0]
[144.0, 16.0, 918.0, 596.0]
[96.0, 80.0, 871.0, 661.0]
[192.0, 96.0, 968.0, 678.0]
[64.0, 16.0, 841.0, 599.0]
[160.0, 96.0, 938.0, 680.0]
[160.0, 96.0, 939.0, 680.0]
[32.0, 48.0, 812.0, 633.0]
[0.0, 64.0, 781.0, 650.0]
[192.0, 64.0, 974.0, 650.0]
[112.0, 48.0, 895.0, 635.0]
[128.0, 32.0, 912.0, 620.0]
[48.0, 64.0, 833.0, 653.0]
[160.0, 48.0, 946.0, 638.0]
[80.0, 64.0, 867.0, 654.0]
[224.0, 48.0, 1012.0, 639.0]
[208.0, 48.0, 997.0, 640.0]
[144.0, 0.0, 934.0, 592.0]
[176.0, 16.0, 967.0, 609.0]
[208.0, 64.0, 1000.0, 658.0]
[48.0, 0.0, 841.0, 595.0]
[48.0, 16.0, 842.0, 612.0]
[128.0, 48.0, 923.0, 644.0]
[128.0, 64.0, 924.0, 661.0]
[96.0, 32.0, 893.0, 630.0]
[32.0, 0.0, 830.0, 598.0]
[64.0, 64.0, 863.0, 663.0]
[208.0, 0.0, 1008.0, 600.0]
[32.0, 64.0, 833.0, 665.0]
[16.0, 64.0, 818.0, 666.0]
[64.0, 64.0, 867.0, 666.0]
[144.0, 0.0, 948.0, 603.0]
[208.0, 16.0, 1013.0, 620.0]
[128.0, 48.0, 934.0, 652.0]
[208.0, 48.0, 1015.0, 653.0]
[48.0, 32.0, 856.0, 638.0]
[176.0, 0.0, 985.0, 607.0]
[64.0, 32.0, 874.0, 640.0]
[144.0, 0.0, 955.0, 608.0]
[160.0, 16.0, 972.0, 625.0]
[80.0, 48.0, 893.0, 658.0]
[128.0, 32.0, 942.0, 642.0]
[128.0, 64.0, 943.0, 675.0]
[16.0, 64.0, 832.0, 676.0]
[64.0, 32.0, 881.0, 645.0]
[144.0, 48.0, 962.0, 662.0]
[192.0, 16.0, 1011.0, 630.0]
[144.0, 32.0, 964.0, 647.0]
[176.0, 32.0, 997.0, 648.0]
[0.0, 32.0, 822.0, 648.0]
[112.0, 64.0, 935.0, 681.0]
[160.0, 16.0, 984.0, 634.0]
[192.0, 0.0, 1017.0, 619.0]
[128.0, 16.0, 954.0, 636.0]
[32.0, 0.0, 859.0, 620.0]
[192.0, 16.0, 1020.0, 637.0]
[192.0, 48.0, 1021.0, 670.0]
[64.0, 48.0, 894.0, 670.0]
[176.0, 0.0, 1007.0, 623.0]
[80.0, 16.0, 912.0, 640.0]
[176.0, 48.0, 1009.0, 673.0]
[96.0, 48.0, 930.0, 674.0]
[176.0, 16.0, 1011.0, 642.0]
[128.0, 0.0, 964.0, 627.0]
[16.0, 16.0, 853.0, 644.0]
[16.0, 32.0, 854.0, 660.0]
[128.0, 32.0, 967.0, 661.0]
[160.0, 32.0, 1000.0, 662.0]
[160.0, 48.0, 1001.0, 679.0]
[160.0, 32.0, 1002.0, 664.0]
[144.0, 16.0, 987.0, 648.0]
[144.0, 32.0, 988.0, 665.0]
[48.0, 48.0, 893.0, 682.0]
[48.0, 48.0, 894.0, 682.0]
[160.0, 32.0, 1007.0, 667.0]
[32.0, 16.0, 880.0, 652.0]
[64.0, 32.0, 913.0, 669.0]
[96.0, 0.0, 946.0, 638.0]
[160.0, 16.0, 1011.0, 654.0]
[0.0, 16.0, 852.0, 655.0]
[0.0, 32.0, 853.0, 672.0]
[32.0, 32.0, 886.0, 672.0]
[48.0, 16.0, 903.0, 657.0]
[128.0, 0.0, 984.0, 642.0]
[144.0, 16.0, 1001.0, 659.0]
[64.0, 16.0, 922.0, 660.0]
[0.0, 32.0, 859.0, 676.0]
[80.0, 0.0, 940.0, 645.0]
[48.0, 32.0, 909.0, 678.0]
[96.0, 16.0, 958.0, 662.0]
[32.0, 32.0, 895.0, 679.0]
[16.0, 16.0, 880.0, 664.0]
[112.0, 16.0, 977.0, 665.0]
[144.0, 16.0, 1010.0, 666.0]
[32.0, 16.0, 899.0, 666.0]
[96.0, 32.0, 964.0, 683.0]
[128.0, 16.0, 997.0, 668.0]
[48.0, 0.0, 918.0, 652.0]
[144.0, 0.0, 1015.0, 653.0]
[32.0, 0.0, 904.0, 654.0]
[96.0, 16.0, 969.0, 671.0]
[80.0, 0.0, 954.0, 656.0]
[112.0, 16.0, 987.0, 672.0]
[128.0, 0.0, 1004.0, 657.0]
[64.0, 0.0, 941.0, 658.0]
[0.0, 16.0, 878.0, 674.0]
[64.0, 0.0, 943.0, 659.0]
[32.0, 0.0, 912.0, 660.0]
[16.0, 16.0, 897.0, 677.0]
[112.0, 0.0, 994.0, 662.0]
[80.0, 0.0, 963.0, 662.0]
[64.0, 16.0, 948.0, 679.0]
[128.0, 0.0, 1013.0, 664.0]
[48.0, 0.0, 934.0, 664.0]
[64.0, 0.0, 951.0, 665.0]
[112.0, 0.0, 1000.0, 666.0]
[96.0, 16.0, 985.0, 683.0]
[0.0, 0.0, 890.0, 668.0]
[96.0, 0.0, 987.0, 668.0]
[64.0, 0.0, 956.0, 669.0]
[48.0, 0.0, 941.0, 670.0]
[16.0, 0.0, 910.0, 670.0]
[48.0, 0.0, 943.0, 671.0]
[64.0, 0.0, 960.0, 672.0]
[96.0, 0.0, 993.0, 673.0]
[80.0, 0.0, 978.0, 674.0]
[32.0, 0.0, 931.0, 674.0]
[112.0, 0.0, 1012.0, 675.0]
[64.0, 0.0, 965.0, 676.0]
[96.0, 0.0, 998.0, 676.0]
[80.0, 0.0, 983.0, 677.0]
[64.0, 0.0, 968.0, 678.0]
[112.0, 0.0, 1017.0, 679.0]
[80.0, 0.0, 986.0, 680.0]
[64.0, 0.0, 971.0, 680.0]
[16.0, 0.0, 924.0, 681.0]
[48.0, 0.0, 957.0, 682.0]
[32.0, 0.0, 942.0, 682.0]
[80.0, 0.0, 991.0, 683.0]
