[112.0, 208.0, 650.0, 925.0]
[16.0, 144.0, 554.0, 862.0]
[80.0, 208.0, 619.0, 927.0]
[32.0, 208.0, 572.0, 928.0]
[112.0, 272.0, 653.0, 993.0]
[0.0, 176.0, 542.0, 898.0]
[80.0, 144.0, 622.0, 867.0]
[48.0, 160.0, 591.0, 884.0]
[64.0, 144.0, 608.0, 869.0]
[16.0, 160.0, 560.0, 886.0]
[96.0, 128.0, 641.0, 855.0]
[80.0, 128.0, 626.0, 856.0]
[64.0, 128.0, 611.0, 857.0]
[48.0, 192.0, 596.0, 922.0]
[80.0, 176.0, 628.0, 907.0]
[112.0, 224.0, 661.0, 956.0]
[96.0, 160.0, 646.0, 893.0]
[0.0, 176.0, 550.0, 910.0]
[16.0, 128.0, 567.0, 863.0]
[112.0, 256.0, 664.0, 992.0]
[32.0, 128.0, 585.0, 865.0]
[96.0, 256.0, 650.0, 994.0]
[128.0, 176.0, 682.0, 915.0]
[32.0, 112.0, 587.0, 852.0]
[96.0, 160.0, 652.0, 901.0]
[48.0, 256.0, 604.0, 998.0]
[64.0, 176.0, 621.0, 919.0]
[80.0, 144.0, 638.0, 888.0]
[16.0, 128.0, 575.0, 873.0]
[48.0, 144.0, 608.0, 890.0]
[64.0, 192.0, 624.0, 939.0]
[32.0, 112.0, 593.0, 860.0]
[32.0, 192.0, 594.0, 941.0]
[32.0, 208.0, 594.0, 958.0]
[96.0, 144.0, 659.0, 895.0]
[96.0, 96.0, 660.0, 848.0]
[80.0, 224.0, 645.0, 977.0]
[80.0, 192.0, 646.0, 946.0]
[80.0, 256.0, 646.0, 1011.0]
[32.0, 160.0, 599.0, 916.0]
[64.0, 144.0, 632.0, 901.0]
[80.0, 176.0, 648.0, 934.0]
[32.0, 144.0, 601.0, 903.0]
[48.0, 176.0, 618.0, 936.0]
[64.0, 144.0, 635.0, 905.0]
[80.0, 144.0, 652.0, 906.0]
[16.0, 160.0, 588.0, 923.0]
[0.0, 192.0, 573.0, 956.0]
[16.0, 128.0, 590.0, 893.0]
[64.0, 256.0, 638.0, 1022.0]
[32.0, 224.0, 607.0, 991.0]
[80.0, 240.0, 656.0, 1008.0]
[32.0, 80.0, 609.0, 849.0]
[80.0, 192.0, 658.0, 962.0]
[64.0, 176.0, 642.0, 947.0]
[80.0, 128.0, 659.0, 900.0]
[48.0, 80.0, 628.0, 853.0]
[32.0, 128.0, 612.0, 902.0]
[80.0, 128.0, 661.0, 903.0]
[96.0, 160.0, 678.0, 936.0]
[32.0, 128.0, 615.0, 905.0]
[32.0, 112.0, 616.0, 890.0]
[64.0, 160.0, 648.0, 939.0]
[80.0, 224.0, 665.0, 1004.0]
[32.0, 144.0, 618.0, 925.0]
[96.0, 192.0, 682.0, 974.0]
[32.0, 176.0, 619.0, 959.0]
[0.0, 96.0, 588.0, 880.0]
[64.0, 112.0, 653.0, 897.0]
[0.0, 224.0, 590.0, 1010.0]
[32.0, 128.0, 622.0, 915.0]
[80.0, 96.0, 671.0, 884.0]
[32.0, 64.0, 624.0, 853.0]
[16.0, 224.0, 608.0, 1014.0]
[48.0, 128.0, 641.0, 919.0]
[64.0, 48.0, 658.0, 840.0]
[16.0, 80.0, 611.0, 873.0]
[32.0, 144.0, 628.0, 938.0]
[64.0, 160.0, 660.0, 955.0]
[0.0, 144.0, 597.0, 940.0]
[16.0, 112.0, 614.0, 909.0]
[0.0, 112.0, 598.0, 910.0]
[64.0, 176.0, 663.0, 975.0]
[64.0, 96.0, 664.0, 896.0]
[0.0, 160.0, 601.0, 961.0]
[0.0, 160.0, 602.0, 962.0]
[48.0, 48.0, 650.0, 851.0]
[32.0, 160.0, 635.0, 964.0]
[32.0, 128.0, 636.0, 933.0]
[0.0, 128.0, 604.0, 934.0]
[64.0, 112.0, 669.0, 919.0]
[16.0, 144.0, 622.0, 952.0]
[0.0, 112.0, 607.0, 921.0]
[48.0, 176.0, 656.0, 986.0]
[0.0, 176.0, 608.0, 987.0]
[32.0, 80.0, 641.0, 892.0]
[16.0, 48.0, 626.0, 861.0]
[64.0, 80.0, 674.0, 894.0]
[32.0, 128.0, 643.0, 943.0]
[16.0, 160.0, 628.0, 976.0]
[16.0, 80.0, 629.0, 897.0]
[64.0, 176.0, 678.0, 994.0]
[32.0, 128.0, 646.0, 947.0]
[32.0, 80.0, 647.0, 900.0]
[32.0, 144.0, 648.0, 965.0]
[64.0, 176.0, 680.0, 998.0]
[16.0, 176.0, 633.0, 999.0]
[48.0, 144.0, 666.0, 968.0]
[48.0, 80.0, 667.0, 905.0]
[32.0, 128.0, 652.0, 954.0]
[48.0, 176.0, 668.0, 1003.0]
[0.0, 64.0, 621.0, 892.0]
[32.0, 48.0, 654.0, 877.0]
[0.0, 48.0, 622.0, 878.0]
[16.0, 112.0, 639.0, 943.0]
[48.0, 48.0, 672.0, 880.0]
[0.0, 80.0, 625.0, 913.0]
[48.0, 112.0, 674.0, 946.0]
[0.0, 96.0, 626.0, 931.0]
[0.0, 80.0, 627.0, 916.0]
[16.0, 48.0, 644.0, 885.0]
[32.0, 48.0, 660.0, 886.0]
[48.0, 160.0, 677.0, 999.0]
[16.0, 96.0, 646.0, 936.0]
[0.0, 176.0, 631.0, 1017.0]
[48.0, 64.0, 680.0, 906.0]
[48.0, 176.0, 680.0, 1019.0]
[48.0, 96.0, 681.0, 940.0]
[48.0, 32.0, 682.0, 877.0]
[0.0, 128.0, 634.0, 974.0]
[32.0, 112.0, 667.0, 959.0]
[0.0, 48.0, 636.0, 896.0]
[16.0, 64.0, 653.0, 913.0]
[32.0, 64.0, 670.0, 914.0]
[32.0, 80.0, 670.0, 931.0]
[32.0, 16.0, 671.0, 868.0]
[0.0, 128.0, 640.0, 981.0]
[32.0, 64.0, 672.0, 918.0]
[32.0, 80.0, 673.0, 935.0]
[32.0, 32.0, 674.0, 888.0]
[32.0, 160.0, 675.0, 1017.0]
[32.0, 96.0, 676.0, 954.0]
[16.0, 48.0, 660.0, 907.0]
[16.0, 64.0, 661.0, 924.0]
[0.0, 16.0, 646.0, 877.0]
[16.0, 80.0, 662.0, 942.0]
[0.0, 144.0, 647.0, 1007.0]
[0.0, 160.0, 648.0, 1024.0]
[16.0, 16.0, 665.0, 881.0]
[0.0, 112.0, 650.0, 978.0]
[0.0, 96.0, 650.0, 963.0]
[0.0, 128.0, 651.0, 996.0]
[0.0, 144.0, 652.0, 1013.0]
[0.0, 48.0, 652.0, 918.0]
[16.0, 32.0, 669.0, 903.0]
[16.0, 112.0, 670.0, 984.0]
[0.0, 48.0, 655.0, 921.0]
[0.0, 80.0, 656.0, 954.0]
[0.0, 80.0, 656.0, 955.0]
[16.0, 64.0, 673.0, 940.0]
[0.0, 64.0, 658.0, 941.0]
[0.0, 112.0, 658.0, 990.0]
[16.0, 48.0, 675.0, 927.0]
[16.0, 0.0, 676.0, 880.0]
[16.0, 96.0, 677.0, 977.0]
[16.0, 128.0, 678.0, 1010.0]
[0.0, 0.0, 662.0, 883.0]
[0.0, 32.0, 663.0, 916.0]
[0.0, 112.0, 664.0, 997.0]
[16.0, 16.0, 680.0, 902.0]
[16.0, 64.0, 681.0, 951.0]
[0.0, 64.0, 666.0, 952.0]
[0.0, 16.0, 667.0, 905.0]
[0.0, 48.0, 668.0, 938.0]
[0.0, 0.0, 668.0, 891.0]
[0.0, 0.0, 669.0, 892.0]
[0.0, 128.0, 670.0, 1021.0]
[0.0, 128.0, 670.0, 1022.0]
[0.0, 16.0, 671.0, 911.0]
[0.0, 128.0, 672.0, 1024.0]
[0.0, 64.0, 673.0, 961.0]
[0.0, 64.0, 674.0, 962.0]
[0.0, 64.0, 674.0, 963.0]
[0.0, 96.0, 675.0, 996.0]
[0.0, 0.0, 676.0, 901.0]
[0.0, 0.0, 676.0, 902.0]
