[192.0, 32.0, 909.0, 570.0]
[144.0, 80.0, 862.0, 618.0]
[176.0, 80.0, 895.0, 619.0]
[16.0, 32.0, 736.0, 572.0]
[112.0, 48.0, 833.0, 589.0]
[176.0, 32.0, 898.0, 574.0]
[192.0, 96.0, 915.0, 638.0]
[32.0, 16.0, 756.0, 559.0]
[96.0, 32.0, 821.0, 576.0]
[32.0, 96.0, 758.0, 640.0]
[0.0, 64.0, 727.0, 609.0]
[96.0, 112.0, 824.0, 658.0]
[176.0, 112.0, 905.0, 659.0]
[32.0, 64.0, 762.0, 612.0]
[96.0, 64.0, 827.0, 612.0]
[16.0, 96.0, 748.0, 645.0]
[80.0, 48.0, 813.0, 598.0]
[176.0, 96.0, 910.0, 646.0]
[48.0, 16.0, 783.0, 567.0]
[96.0, 0.0, 832.0, 552.0]
[64.0, 112.0, 801.0, 665.0]
[80.0, 48.0, 818.0, 602.0]
[176.0, 96.0, 915.0, 650.0]
[64.0, 0.0, 804.0, 555.0]
[160.0, 96.0, 901.0, 652.0]
[112.0, 96.0, 854.0, 652.0]
[80.0, 32.0, 823.0, 589.0]
[16.0, 96.0, 760.0, 654.0]
[64.0, 80.0, 809.0, 639.0]
[16.0, 96.0, 762.0, 656.0]
[48.0, 32.0, 795.0, 592.0]
[80.0, 48.0, 828.0, 609.0]
[112.0, 32.0, 861.0, 594.0]
[16.0, 16.0, 766.0, 578.0]
[0.0, 80.0, 751.0, 643.0]
[16.0, 80.0, 768.0, 644.0]
[96.0, 48.0, 849.0, 613.0]
[64.0, 80.0, 818.0, 646.0]
[112.0, 16.0, 867.0, 582.0]
[160.0, 48.0, 916.0, 615.0]
[128.0, 96.0, 885.0, 664.0]
[176.0, 48.0, 934.0, 616.0]
[144.0, 0.0, 903.0, 569.0]
[112.0, 48.0, 872.0, 618.0]
[48.0, 32.0, 809.0, 603.0]
[160.0, 64.0, 922.0, 636.0]
[64.0, 16.0, 827.0, 588.0]
[144.0, 80.0, 908.0, 653.0]
[96.0, 32.0, 861.0, 606.0]
[16.0, 16.0, 782.0, 590.0]
[48.0, 64.0, 815.0, 639.0]
[0.0, 16.0, 768.0, 592.0]
[32.0, 0.0, 801.0, 577.0]
[64.0, 64.0, 834.0, 642.0]
[176.0, 32.0, 947.0, 610.0]
[96.0, 48.0, 868.0, 627.0]
[16.0, 16.0, 789.0, 596.0]
[128.0, 0.0, 902.0, 580.0]
[16.0, 80.0, 791.0, 661.0]
[112.0, 32.0, 888.0, 614.0]
[80.0, 32.0, 857.0, 615.0]
[0.0, 64.0, 778.0, 648.0]
[112.0, 16.0, 891.0, 600.0]
[112.0, 16.0, 892.0, 601.0]
[80.0, 80.0, 861.0, 666.0]
[160.0, 64.0, 942.0, 650.0]
[144.0, 16.0, 927.0, 603.0]
[32.0, 0.0, 816.0, 588.0]
[48.0, 32.0, 833.0, 621.0]
[96.0, 64.0, 882.0, 654.0]
[96.0, 16.0, 883.0, 606.0]
[112.0, 16.0, 900.0, 607.0]
[48.0, 32.0, 837.0, 624.0]
[96.0, 64.0, 886.0, 656.0]
[64.0, 32.0, 855.0, 625.0]
[48.0, 0.0, 840.0, 594.0]
[80.0, 16.0, 873.0, 611.0]
[0.0, 64.0, 794.0, 660.0]
[96.0, 0.0, 891.0, 596.0]
[144.0, 48.0, 940.0, 645.0]
[0.0, 48.0, 797.0, 646.0]
[32.0, 64.0, 830.0, 662.0]
[48.0, 32.0, 847.0, 631.0]
[80.0, 16.0, 880.0, 616.0]
[144.0, 64.0, 945.0, 665.0]
[16.0, 64.0, 818.0, 666.0]
[64.0, 48.0, 867.0, 650.0]
[96.0, 32.0, 900.0, 635.0]
[16.0, 64.0, 821.0, 668.0]
[0.0, 32.0, 806.0, 636.0]
[0.0, 16.0, 807.0, 621.0]
[48.0, 0.0, 856.0, 606.0]
[48.0, 0.0, 857.0, 607.0]
[64.0, 16.0, 874.0, 624.0]
[64.0, 16.0, 875.0, 624.0]
[80.0, 48.0, 892.0, 657.0]
[48.0, 48.0, 861.0, 658.0]
[16.0, 32.0, 830.0, 642.0]
[16.0, 48.0, 831.0, 659.0]
[96.0, 32.0, 912.0, 644.0]
[16.0, 0.0, 833.0, 613.0]
[16.0, 48.0, 834.0, 662.0]
[128.0, 0.0, 947.0, 614.0]
[32.0, 32.0, 852.0, 647.0]
[96.0, 16.0, 917.0, 632.0]
[16.0, 32.0, 838.0, 648.0]
[48.0, 16.0, 871.0, 633.0]
[80.0, 16.0, 904.0, 634.0]
[96.0, 48.0, 921.0, 667.0]
[64.0, 16.0, 890.0, 636.0]
[112.0, 32.0, 939.0, 652.0]
[80.0, 32.0, 908.0, 653.0]
[80.0, 16.0, 909.0, 638.0]
[64.0, 16.0, 894.0, 638.0]
[96.0, 0.0, 927.0, 623.0]
[64.0, 16.0, 896.0, 640.0]
[80.0, 0.0, 913.0, 625.0]
[48.0, 0.0, 882.0, 626.0]
[48.0, 0.0, 883.0, 626.0]
[0.0, 16.0, 836.0, 643.0]
[112.0, 16.0, 949.0, 644.0]
[16.0, 32.0, 854.0, 660.0]
[16.0, 0.0, 855.0, 629.0]
[64.0, 32.0, 904.0, 662.0]
[80.0, 16.0, 921.0, 647.0]
[16.0, 16.0, 858.0, 648.0]
[96.0, 32.0, 939.0, 664.0]
[32.0, 16.0, 876.0, 649.0]
[48.0, 16.0, 893.0, 650.0]
[48.0, 32.0, 894.0, 666.0]
[48.0, 32.0, 895.0, 667.0]
[32.0, 32.0, 880.0, 668.0]
[16.0, 16.0, 865.0, 653.0]
[64.0, 16.0, 914.0, 654.0]
[80.0, 16.0, 931.0, 654.0]
[32.0, 16.0, 884.0, 655.0]
[96.0, 0.0, 949.0, 640.0]
[48.0, 16.0, 902.0, 656.0]
[32.0, 16.0, 887.0, 657.0]
[64.0, 16.0, 920.0, 658.0]
[80.0, 0.0, 937.0, 643.0]
[0.0, 0.0, 858.0, 644.0]
[0.0, 16.0, 859.0, 660.0]
[48.0, 0.0, 908.0, 645.0]
[16.0, 16.0, 877.0, 662.0]
[16.0, 16.0, 878.0, 662.0]
[64.0, 16.0, 927.0, 663.0]
[0.0, 16.0, 864.0, 664.0]
[80.0, 0.0, 945.0, 649.0]
[0.0, 16.0, 866.0, 666.0]
[32.0, 0.0, 899.0, 650.0]
[64.0, 16.0, 932.0, 667.0]
[64.0, 0.0, 933.0, 652.0]
[0.0, 0.0, 870.0, 652.0]
[16.0, 16.0, 887.0, 669.0]
[32.0, 16.0, 904.0, 670.0]
[64.0, 0.0, 937.0, 655.0]
[32.0, 0.0, 906.0, 656.0]
[32.0, 0.0, 907.0, 656.0]
[48.0, 0.0, 924.0, 657.0]
[32.0, 0.0, 909.0, 658.0]
[32.0, 0.0, 910.0, 658.0]
[64.0, 0.0, 943.0, 659.0]
[16.0, 0.0, 896.0, 660.0]
[16.0, 0.0, 897.0, 661.0]
[0.0, 0.0, 882.0, 662.0]
[64.0, 0.0, 947.0, 662.0]
[0.0, 0.0, 884.0, 663.0]
[16.0, 0.0, 901.0, 664.0]
[48.0, 0.0, 934.0, 664.0]
[0.0, 0.0, 887.0, 665.0]
[0.0, 0.0, 888.0, 666.0]
[0.0, 0.0, 889.0, 667.0]
[48.0, 0.0, 938.0, 668.0]
[48.0, 0.0, 939.0, 668.0]
[48.0, 0.0, 940.0, 669.0]
[0.0, 0.0, 893.0, 670.0]
[48.0, 0.0, 942.0, 670.0]
