[96.0, 96.0, 881.0, 685.0]
[80.0, 80.0, 866.0, 670.0]
[128.0, 32.0, 915.0, 622.0]
[192.0, 80.0, 980.0, 671.0]
[96.0, 48.0, 885.0, 640.0]
[144.0, 96.0, 934.0, 688.0]
[144.0, 128.0, 935.0, 721.0]
[160.0, 144.0, 952.0, 738.0]
[144.0, 64.0, 937.0, 659.0]
[48.0, 144.0, 842.0, 740.0]
[80.0, 64.0, 875.0, 660.0]
[176.0, 48.0, 972.0, 645.0]
[48.0, 144.0, 845.0, 742.0]
[32.0, 96.0, 830.0, 694.0]
[80.0, 96.0, 879.0, 695.0]
[32.0, 112.0, 832.0, 712.0]
[32.0, 128.0, 833.0, 729.0]
[64.0, 128.0, 866.0, 730.0]
[128.0, 112.0, 931.0, 714.0]
[160.0, 32.0, 964.0, 635.0]
[192.0, 48.0, 997.0, 652.0]
[96.0, 128.0, 902.0, 732.0]
[160.0, 128.0, 967.0, 733.0]
[32.0, 32.0, 840.0, 638.0]
[176.0, 64.0, 985.0, 671.0]
[160.0, 112.0, 970.0, 720.0]
[48.0, 48.0, 859.0, 656.0]
[80.0, 16.0, 892.0, 625.0]
[32.0, 16.0, 845.0, 626.0]
[176.0, 80.0, 990.0, 690.0]
[80.0, 144.0, 895.0, 755.0]
[160.0, 128.0, 976.0, 740.0]
[176.0, 48.0, 993.0, 661.0]
[192.0, 112.0, 1010.0, 726.0]
[192.0, 64.0, 1011.0, 678.0]
[96.0, 112.0, 916.0, 727.0]
[96.0, 112.0, 917.0, 728.0]
[80.0, 112.0, 902.0, 728.0]
[48.0, 0.0, 871.0, 617.0]
[144.0, 96.0, 968.0, 714.0]
[96.0, 48.0, 921.0, 667.0]
[160.0, 96.0, 986.0, 716.0]
[48.0, 128.0, 875.0, 748.0]
[112.0, 64.0, 940.0, 685.0]
[192.0, 96.0, 1021.0, 718.0]
[160.0, 80.0, 990.0, 702.0]
[176.0, 80.0, 1007.0, 703.0]
[160.0, 144.0, 992.0, 768.0]
[0.0, 48.0, 833.0, 673.0]
[112.0, 0.0, 946.0, 626.0]
[96.0, 48.0, 931.0, 674.0]
[128.0, 48.0, 964.0, 675.0]
[112.0, 64.0, 949.0, 692.0]
[48.0, 48.0, 886.0, 676.0]
[32.0, 128.0, 871.0, 757.0]
[176.0, 80.0, 1016.0, 710.0]
[112.0, 48.0, 953.0, 679.0]
[176.0, 96.0, 1018.0, 728.0]
[80.0, 96.0, 923.0, 728.0]
[80.0, 16.0, 924.0, 649.0]
[64.0, 32.0, 909.0, 666.0]
[16.0, 32.0, 862.0, 666.0]
[128.0, 16.0, 975.0, 651.0]
[80.0, 112.0, 928.0, 748.0]
[128.0, 128.0, 977.0, 765.0]
[80.0, 0.0, 930.0, 638.0]
[128.0, 96.0, 979.0, 734.0]
[64.0, 64.0, 916.0, 703.0]
[112.0, 64.0, 965.0, 704.0]
[32.0, 64.0, 886.0, 704.0]
[160.0, 80.0, 1015.0, 721.0]
[128.0, 112.0, 984.0, 754.0]
[144.0, 64.0, 1001.0, 707.0]
[32.0, 96.0, 890.0, 740.0]
[16.0, 96.0, 875.0, 740.0]
[96.0, 32.0, 956.0, 677.0]
[16.0, 112.0, 877.0, 758.0]
[112.0, 0.0, 974.0, 646.0]
[64.0, 32.0, 927.0, 679.0]
[32.0, 96.0, 896.0, 744.0]
[112.0, 96.0, 977.0, 745.0]
[64.0, 0.0, 930.0, 650.0]
[0.0, 112.0, 867.0, 762.0]
[48.0, 0.0, 916.0, 651.0]
[112.0, 48.0, 981.0, 700.0]
[64.0, 80.0, 934.0, 732.0]
[48.0, 0.0, 919.0, 653.0]
[32.0, 112.0, 904.0, 766.0]
[32.0, 64.0, 905.0, 719.0]
[112.0, 48.0, 986.0, 704.0]
[80.0, 112.0, 955.0, 768.0]
[96.0, 32.0, 972.0, 689.0]
[128.0, 32.0, 1005.0, 690.0]
[144.0, 96.0, 1022.0, 754.0]
[128.0, 96.0, 1007.0, 755.0]
[64.0, 32.0, 944.0, 692.0]
[48.0, 32.0, 929.0, 693.0]
[96.0, 0.0, 978.0, 662.0]
[16.0, 0.0, 899.0, 662.0]
[16.0, 80.0, 900.0, 743.0]
[0.0, 48.0, 885.0, 712.0]
[96.0, 96.0, 982.0, 760.0]
[32.0, 96.0, 919.0, 761.0]
[64.0, 48.0, 952.0, 714.0]
[48.0, 16.0, 937.0, 683.0]
[96.0, 64.0, 986.0, 732.0]
[16.0, 0.0, 907.0, 668.0]
[96.0, 48.0, 988.0, 717.0]
[112.0, 64.0, 1005.0, 734.0]
[48.0, 64.0, 942.0, 734.0]
[80.0, 0.0, 975.0, 671.0]
[128.0, 0.0, 1024.0, 672.0]
[80.0, 32.0, 977.0, 705.0]
[32.0, 32.0, 930.0, 706.0]
[48.0, 16.0, 947.0, 690.0]
[0.0, 32.0, 900.0, 707.0]
[96.0, 64.0, 997.0, 740.0]
[112.0, 16.0, 1014.0, 692.0]
[16.0, 32.0, 919.0, 709.0]
[16.0, 64.0, 920.0, 742.0]
[112.0, 16.0, 1017.0, 695.0]
[32.0, 16.0, 938.0, 696.0]
[16.0, 48.0, 923.0, 728.0]
[112.0, 64.0, 1020.0, 745.0]
[80.0, 80.0, 989.0, 762.0]
[48.0, 32.0, 958.0, 714.0]
[112.0, 64.0, 1023.0, 747.0]
[32.0, 80.0, 944.0, 764.0]
[32.0, 64.0, 945.0, 749.0]
[96.0, 16.0, 1010.0, 702.0]
[32.0, 80.0, 947.0, 766.0]
[16.0, 16.0, 932.0, 703.0]
[64.0, 16.0, 981.0, 704.0]
[64.0, 16.0, 982.0, 704.0]
[48.0, 48.0, 967.0, 737.0]
[48.0, 64.0, 968.0, 754.0]
[96.0, 0.0, 1017.0, 691.0]
[80.0, 16.0, 1002.0, 708.0]
[48.0, 32.0, 971.0, 724.0]
[0.0, 48.0, 924.0, 741.0]
[64.0, 48.0, 989.0, 742.0]
[32.0, 0.0, 958.0, 694.0]
[32.0, 16.0, 959.0, 711.0]
[80.0, 0.0, 1008.0, 696.0]
[48.0, 48.0, 977.0, 745.0]
[0.0, 48.0, 930.0, 746.0]
[16.0, 48.0, 947.0, 746.0]
[48.0, 48.0, 980.0, 747.0]
[80.0, 0.0, 1013.0, 700.0]
[0.0, 16.0, 934.0, 716.0]
[80.0, 64.0, 1015.0, 765.0]
[0.0, 32.0, 936.0, 734.0]
[48.0, 16.0, 985.0, 719.0]
[64.0, 48.0, 1002.0, 752.0]
[32.0, 64.0, 971.0, 768.0]
[16.0, 16.0, 956.0, 721.0]
[48.0, 0.0, 989.0, 706.0]
[80.0, 48.0, 1022.0, 754.0]
[48.0, 0.0, 991.0, 707.0]
[0.0, 48.0, 944.0, 756.0]
[64.0, 16.0, 1009.0, 725.0]
[32.0, 48.0, 978.0, 758.0]
[64.0, 48.0, 1011.0, 758.0]
[16.0, 48.0, 964.0, 759.0]
[0.0, 16.0, 949.0, 728.0]
[16.0, 48.0, 966.0, 760.0]
[16.0, 16.0, 967.0, 729.0]
[48.0, 0.0, 1000.0, 714.0]
[64.0, 32.0, 1017.0, 747.0]
[64.0, 16.0, 1018.0, 732.0]
[48.0, 48.0, 1003.0, 764.0]
[0.0, 16.0, 956.0, 733.0]
[0.0, 16.0, 957.0, 734.0]
[32.0, 16.0, 990.0, 734.0]
[64.0, 48.0, 1023.0, 767.0]
[0.0, 48.0, 960.0, 768.0]
[48.0, 16.0, 1009.0, 737.0]
[16.0, 32.0, 978.0, 754.0]
[0.0, 16.0, 963.0, 738.0]
[48.0, 32.0, 1012.0, 755.0]
[32.0, 16.0, 997.0, 740.0]
[48.0, 0.0, 1014.0, 724.0]
[0.0, 16.0, 967.0, 741.0]
[48.0, 16.0, 1016.0, 742.0]
[32.0, 0.0, 1001.0, 727.0]
[32.0, 0.0, 1002.0, 728.0]
[16.0, 32.0, 987.0, 760.0]
[32.0, 32.0, 1004.0, 761.0]
[48.0, 32.0, 1021.0, 762.0]
[32.0, 0.0, 1006.0, 730.0]
[16.0, 0.0, 991.0, 731.0]
[48.0, 32.0, 1024.0, 764.0]
[16.0, 0.0, 993.0, 733.0]
[0.0, 32.0, 978.0, 766.0]
[32.0, 0.0, 1011.0, 734.0]
[32.0, 0.0, 1012.0, 735.0]
[32.0, 16.0, 1013.0, 752.0]
[0.0, 32.0, 982.0, 768.0]
[0.0, 16.0, 983.0, 753.0]
[32.0, 0.0, 1016.0, 738.0]
[0.0, 0.0, 985.0, 739.0]
[16.0, 16.0, 1002.0, 756.0]
[0.0, 0.0, 987.0, 740.0]
[0.0, 16.0, 988.0, 757.0]
[0.0, 0.0, 989.0, 742.0]
[32.0, 0.0, 1022.0, 742.0]
[0.0, 16.0, 991.0, 759.0]
[16.0, 0.0, 1008.0, 744.0]
[16.0, 16.0, 1009.0, 761.0]
[16.0, 0.0, 1010.0, 746.0]
[0.0, 16.0, 995.0, 762.0]
[0.0, 16.0, 996.0, 763.0]
[0.0, 0.0, 997.0, 748.0]
[16.0, 0.0, 1014.0, 748.0]
[16.0, 0.0, 1015.0, 749.0]
[0.0, 0.0, 1000.0, 750.0]
[16.0, 16.0, 1017.0, 767.0]
[0.0, 16.0, 1002.0, 768.0]
[16.0, 16.0, 1019.0, 768.0]
[16.0, 0.0, 1020.0, 753.0]
[0.0, 0.0, 1005.0, 754.0]
[16.0, 0.0, 1022.0, 754.0]
[0.0, 0.0, 1007.0, 755.0]
[16.0, 0.0, 1024.0, 756.0]
[0.0, 0.0, 1009.0, 757.0]
[0.0, 0.0, 1010.0, 758.0]
[0.0, 0.0, 1011.0, 758.0]
[0.0, 0.0, 1012.0, 759.0]
[0.0, 0.0, 1013.0, 760.0]
[0.0, 0.0, 1014.0, 760.0]
[0.0, 0.0, 1015.0, 761.0]
[0.0, 0.0, 1016.0, 762.0]
[0.0, 0.0, 1017.0, 763.0]
[0.0, 0.0, 1018.0, 764.0]
[0.0, 0.0, 1019.0, 764.0]
[0.0, 0.0, 1020.0, 765.0]
[0.0, 0.0, 1021.0, 766.0]
[0.0, 0.0, 1022.0, 766.0]
[0.0, 0.0, 1023.0, 767.0]
[0.0, 0.0, 1024.0, 768.0]
