[0.0, 144.0, 717.0, 682.0]
[80.0, 144.0, 798.0, 682.0]
[128.0, 128.0, 847.0, 667.0]
[64.0, 96.0, 784.0, 636.0]
[128.0, 128.0, 849.0, 669.0]
[112.0, 96.0, 834.0, 638.0]
[0.0, 112.0, 723.0, 654.0]
[32.0, 96.0, 756.0, 639.0]
[64.0, 96.0, 789.0, 640.0]
[96.0, 128.0, 822.0, 672.0]
[112.0, 112.0, 839.0, 657.0]
[96.0, 112.0, 824.0, 658.0]
[32.0, 112.0, 761.0, 659.0]
[48.0, 96.0, 778.0, 644.0]
[64.0, 128.0, 795.0, 676.0]
[48.0, 80.0, 780.0, 629.0]
[96.0, 112.0, 829.0, 662.0]
[48.0, 112.0, 782.0, 662.0]
[32.0, 96.0, 767.0, 647.0]
[80.0, 112.0, 816.0, 664.0]
[16.0, 128.0, 753.0, 681.0]
[0.0, 128.0, 738.0, 682.0]
[32.0, 80.0, 771.0, 634.0]
[16.0, 128.0, 756.0, 683.0]
[32.0, 96.0, 773.0, 652.0]
[48.0, 80.0, 790.0, 636.0]
[64.0, 128.0, 807.0, 685.0]
[96.0, 112.0, 840.0, 670.0]
[32.0, 96.0, 777.0, 655.0]
[16.0, 112.0, 762.0, 672.0]
[48.0, 64.0, 795.0, 624.0]
[32.0, 80.0, 780.0, 641.0]
[64.0, 112.0, 813.0, 674.0]
[96.0, 112.0, 846.0, 674.0]
[112.0, 112.0, 863.0, 675.0]
[64.0, 112.0, 816.0, 676.0]
[16.0, 96.0, 769.0, 661.0]
[96.0, 112.0, 850.0, 678.0]
[32.0, 112.0, 787.0, 678.0]
[48.0, 96.0, 804.0, 663.0]
[80.0, 112.0, 837.0, 680.0]
[48.0, 96.0, 806.0, 664.0]
[48.0, 80.0, 807.0, 649.0]
[64.0, 64.0, 824.0, 634.0]
[80.0, 96.0, 841.0, 667.0]
[16.0, 96.0, 778.0, 668.0]
[80.0, 96.0, 843.0, 668.0]
[48.0, 64.0, 812.0, 637.0]
[32.0, 64.0, 797.0, 638.0]
[32.0, 96.0, 798.0, 670.0]
[80.0, 96.0, 847.0, 671.0]
[48.0, 80.0, 816.0, 656.0]
[64.0, 96.0, 833.0, 673.0]
[16.0, 64.0, 786.0, 642.0]
[80.0, 80.0, 851.0, 658.0]
[64.0, 80.0, 836.0, 659.0]
[64.0, 64.0, 837.0, 644.0]
[16.0, 80.0, 790.0, 660.0]
[16.0, 80.0, 791.0, 661.0]
[32.0, 80.0, 808.0, 662.0]
[32.0, 64.0, 809.0, 647.0]
[0.0, 80.0, 778.0, 664.0]
[80.0, 96.0, 859.0, 680.0]
[64.0, 96.0, 844.0, 681.0]
[0.0, 80.0, 781.0, 666.0]
[32.0, 48.0, 814.0, 634.0]
[64.0, 80.0, 847.0, 667.0]
[64.0, 96.0, 848.0, 684.0]
[32.0, 64.0, 817.0, 653.0]
[64.0, 64.0, 850.0, 654.0]
[48.0, 80.0, 835.0, 670.0]
[64.0, 64.0, 852.0, 655.0]
[64.0, 80.0, 853.0, 672.0]
[48.0, 64.0, 838.0, 656.0]
[32.0, 80.0, 823.0, 673.0]
[16.0, 48.0, 808.0, 642.0]
[0.0, 64.0, 793.0, 659.0]
[48.0, 64.0, 842.0, 660.0]
[16.0, 80.0, 811.0, 676.0]
[16.0, 48.0, 812.0, 645.0]
[0.0, 64.0, 797.0, 662.0]
[32.0, 64.0, 830.0, 662.0]
[48.0, 80.0, 847.0, 679.0]
[32.0, 64.0, 832.0, 664.0]
[0.0, 64.0, 801.0, 665.0]
[32.0, 80.0, 834.0, 682.0]
[48.0, 48.0, 851.0, 650.0]
[16.0, 64.0, 820.0, 667.0]
[0.0, 48.0, 805.0, 652.0]
[0.0, 80.0, 806.0, 684.0]
[16.0, 80.0, 823.0, 685.0]
[32.0, 48.0, 840.0, 654.0]
[0.0, 48.0, 809.0, 655.0]
[0.0, 48.0, 810.0, 656.0]
[32.0, 48.0, 843.0, 656.0]
[0.0, 48.0, 812.0, 657.0]
[0.0, 48.0, 813.0, 658.0]
[16.0, 64.0, 830.0, 674.0]
[16.0, 48.0, 831.0, 659.0]
[32.0, 48.0, 848.0, 660.0]
