[128.0, 144.0, 845.0, 682.0]
[48.0, 144.0, 766.0, 682.0]
[80.0, 96.0, 799.0, 635.0]
[112.0, 64.0, 832.0, 604.0]
[64.0, 96.0, 785.0, 637.0]
[176.0, 80.0, 898.0, 622.0]
[192.0, 96.0, 915.0, 638.0]
[96.0, 128.0, 820.0, 671.0]
[144.0, 80.0, 869.0, 624.0]
[144.0, 48.0, 870.0, 592.0]
[240.0, 96.0, 967.0, 641.0]
[224.0, 112.0, 952.0, 658.0]
[80.0, 80.0, 809.0, 627.0]
[112.0, 80.0, 842.0, 628.0]
[128.0, 96.0, 859.0, 644.0]
[96.0, 80.0, 828.0, 629.0]
[160.0, 112.0, 893.0, 662.0]
[208.0, 80.0, 942.0, 630.0]
[176.0, 48.0, 911.0, 599.0]
[128.0, 48.0, 864.0, 600.0]
[128.0, 112.0, 865.0, 665.0]
[64.0, 80.0, 802.0, 634.0]
[144.0, 64.0, 883.0, 618.0]
[96.0, 112.0, 836.0, 667.0]
[80.0, 80.0, 821.0, 636.0]
[208.0, 80.0, 950.0, 636.0]
[160.0, 64.0, 903.0, 621.0]
[96.0, 96.0, 840.0, 654.0]
[160.0, 112.0, 905.0, 671.0]
[80.0, 80.0, 826.0, 640.0]
[208.0, 96.0, 955.0, 656.0]
[192.0, 96.0, 940.0, 657.0]
[160.0, 48.0, 909.0, 610.0]
[96.0, 64.0, 846.0, 626.0]
[128.0, 112.0, 879.0, 675.0]
[224.0, 96.0, 976.0, 660.0]
[176.0, 64.0, 929.0, 629.0]
[208.0, 112.0, 962.0, 678.0]
[64.0, 112.0, 819.0, 678.0]
[192.0, 112.0, 948.0, 679.0]
[96.0, 96.0, 853.0, 664.0]
[80.0, 64.0, 838.0, 632.0]
[144.0, 80.0, 903.0, 649.0]
[96.0, 64.0, 856.0, 634.0]
[192.0, 64.0, 953.0, 635.0]
[160.0, 80.0, 922.0, 652.0]
[160.0, 48.0, 923.0, 620.0]
[208.0, 96.0, 972.0, 669.0]
[128.0, 32.0, 893.0, 606.0]
[192.0, 96.0, 958.0, 670.0]
[144.0, 48.0, 911.0, 623.0]
[48.0, 96.0, 816.0, 672.0]
[176.0, 48.0, 945.0, 625.0]
[192.0, 64.0, 962.0, 642.0]
[112.0, 48.0, 883.0, 626.0]
[48.0, 96.0, 820.0, 675.0]
[48.0, 80.0, 821.0, 660.0]
[192.0, 64.0, 966.0, 644.0]
[112.0, 80.0, 887.0, 661.0]
[160.0, 48.0, 936.0, 630.0]
[96.0, 32.0, 873.0, 615.0]
[192.0, 80.0, 970.0, 664.0]
[128.0, 16.0, 907.0, 600.0]
[96.0, 32.0, 876.0, 617.0]
[144.0, 64.0, 925.0, 650.0]
[80.0, 64.0, 862.0, 650.0]
[192.0, 80.0, 975.0, 667.0]
[192.0, 80.0, 976.0, 668.0]
[96.0, 64.0, 881.0, 653.0]
[160.0, 48.0, 946.0, 638.0]
[144.0, 64.0, 931.0, 654.0]
[160.0, 48.0, 948.0, 639.0]
[64.0, 48.0, 853.0, 640.0]
[80.0, 64.0, 870.0, 656.0]
[32.0, 80.0, 823.0, 673.0]
[96.0, 48.0, 888.0, 642.0]
[80.0, 48.0, 873.0, 643.0]
[48.0, 48.0, 842.0, 644.0]
[80.0, 80.0, 875.0, 676.0]
[80.0, 48.0, 876.0, 645.0]
[176.0, 80.0, 973.0, 678.0]
[176.0, 64.0, 974.0, 662.0]
[80.0, 48.0, 879.0, 647.0]
[176.0, 64.0, 976.0, 664.0]
[160.0, 80.0, 961.0, 681.0]
[128.0, 64.0, 930.0, 666.0]
[48.0, 80.0, 851.0, 682.0]
[144.0, 48.0, 948.0, 651.0]
[64.0, 64.0, 869.0, 668.0]
[128.0, 16.0, 934.0, 620.0]
[96.0, 16.0, 903.0, 621.0]
[80.0, 32.0, 888.0, 638.0]
[112.0, 64.0, 921.0, 671.0]
[64.0, 32.0, 874.0, 640.0]
[160.0, 32.0, 971.0, 640.0]
[32.0, 64.0, 844.0, 673.0]
[32.0, 64.0, 845.0, 674.0]
[128.0, 32.0, 942.0, 642.0]
[48.0, 48.0, 863.0, 659.0]
[96.0, 32.0, 912.0, 644.0]
[112.0, 16.0, 929.0, 629.0]
[112.0, 64.0, 930.0, 678.0]
[144.0, 64.0, 963.0, 678.0]
[48.0, 64.0, 868.0, 679.0]
[160.0, 32.0, 981.0, 648.0]
[96.0, 48.0, 918.0, 664.0]
[80.0, 48.0, 903.0, 665.0]
[112.0, 16.0, 936.0, 634.0]
[64.0, 48.0, 889.0, 667.0]
[80.0, 48.0, 906.0, 668.0]
[48.0, 48.0, 875.0, 668.0]
[80.0, 48.0, 908.0, 669.0]
[144.0, 32.0, 973.0, 654.0]
[48.0, 48.0, 878.0, 670.0]
[160.0, 48.0, 991.0, 671.0]
[128.0, 32.0, 960.0, 656.0]
[32.0, 32.0, 865.0, 657.0]
[112.0, 16.0, 946.0, 642.0]
[80.0, 48.0, 915.0, 674.0]
[128.0, 32.0, 964.0, 659.0]
[144.0, 48.0, 981.0, 676.0]
[96.0, 16.0, 934.0, 644.0]
[128.0, 48.0, 967.0, 677.0]
[64.0, 16.0, 904.0, 646.0]
[144.0, 48.0, 985.0, 679.0]
[64.0, 48.0, 906.0, 680.0]
[128.0, 48.0, 971.0, 680.0]
[32.0, 48.0, 876.0, 681.0]
[32.0, 48.0, 877.0, 682.0]
[112.0, 32.0, 958.0, 666.0]
[64.0, 32.0, 911.0, 667.0]
[144.0, 32.0, 992.0, 668.0]
[64.0, 32.0, 913.0, 669.0]
[144.0, 32.0, 994.0, 670.0]
[64.0, 16.0, 915.0, 654.0]
[64.0, 16.0, 916.0, 655.0]
[48.0, 16.0, 901.0, 656.0]
[112.0, 16.0, 966.0, 656.0]
[48.0, 16.0, 903.0, 657.0]
[112.0, 32.0, 968.0, 674.0]
[32.0, 32.0, 889.0, 675.0]
[48.0, 32.0, 906.0, 676.0]
[112.0, 16.0, 971.0, 660.0]
[32.0, 32.0, 892.0, 677.0]
[128.0, 32.0, 989.0, 678.0]
[96.0, 16.0, 958.0, 662.0]
[32.0, 32.0, 895.0, 679.0]
[128.0, 32.0, 992.0, 680.0]
[48.0, 32.0, 913.0, 681.0]
