[144.0, 48.0, 861.0, 586.0]
[272.0, 32.0, 990.0, 570.0]
[48.0, 48.0, 767.0, 587.0]
[208.0, 48.0, 928.0, 588.0]
[128.0, 16.0, 849.0, 557.0]
[96.0, 16.0, 818.0, 558.0]
[208.0, 64.0, 931.0, 606.0]
[256.0, 32.0, 980.0, 575.0]
[272.0, 48.0, 997.0, 592.0]
[176.0, 16.0, 902.0, 560.0]
[64.0, 32.0, 791.0, 577.0]
[144.0, 48.0, 872.0, 594.0]
[128.0, 48.0, 857.0, 595.0]
[128.0, 64.0, 858.0, 612.0]
[256.0, 48.0, 987.0, 596.0]
[192.0, 48.0, 924.0, 597.0]
[224.0, 32.0, 957.0, 582.0]
[256.0, 32.0, 990.0, 582.0]
[112.0, 32.0, 847.0, 583.0]
[144.0, 48.0, 880.0, 600.0]
[192.0, 16.0, 929.0, 569.0]
[176.0, 64.0, 914.0, 618.0]
[96.0, 48.0, 835.0, 602.0]
[96.0, 0.0, 836.0, 555.0]
[144.0, 16.0, 885.0, 572.0]
[48.0, 32.0, 790.0, 588.0]
[96.0, 0.0, 839.0, 557.0]
[48.0, 32.0, 792.0, 590.0]
[224.0, 0.0, 969.0, 559.0]
[256.0, 32.0, 1002.0, 592.0]
[256.0, 32.0, 1003.0, 592.0]
[256.0, 48.0, 1004.0, 609.0]
[48.0, 0.0, 797.0, 562.0]
[256.0, 16.0, 1006.0, 578.0]
[80.0, 16.0, 831.0, 579.0]
[176.0, 48.0, 928.0, 612.0]
[112.0, 64.0, 865.0, 629.0]
[96.0, 64.0, 850.0, 630.0]
[16.0, 32.0, 771.0, 598.0]
[208.0, 16.0, 964.0, 583.0]
[176.0, 0.0, 933.0, 568.0]
[144.0, 16.0, 902.0, 584.0]
[48.0, 0.0, 807.0, 569.0]
[96.0, 16.0, 856.0, 586.0]
[48.0, 48.0, 809.0, 619.0]
[64.0, 0.0, 826.0, 572.0]
[128.0, 48.0, 891.0, 620.0]
[80.0, 48.0, 844.0, 621.0]
[160.0, 16.0, 925.0, 590.0]
[64.0, 32.0, 830.0, 606.0]
[176.0, 64.0, 943.0, 639.0]
[144.0, 0.0, 912.0, 576.0]
[192.0, 48.0, 961.0, 625.0]
[128.0, 48.0, 898.0, 626.0]
[96.0, 0.0, 867.0, 578.0]
[208.0, 32.0, 980.0, 611.0]
[112.0, 16.0, 885.0, 596.0]
[240.0, 32.0, 1014.0, 612.0]
[208.0, 0.0, 983.0, 581.0]
[48.0, 32.0, 824.0, 614.0]
[128.0, 48.0, 905.0, 631.0]
[80.0, 0.0, 858.0, 584.0]
[16.0, 16.0, 795.0, 600.0]
[16.0, 16.0, 796.0, 601.0]
[32.0, 48.0, 813.0, 634.0]
[160.0, 16.0, 942.0, 602.0]
[48.0, 16.0, 831.0, 603.0]
[16.0, 16.0, 800.0, 604.0]
[0.0, 16.0, 785.0, 605.0]
[32.0, 64.0, 818.0, 654.0]
[112.0, 64.0, 899.0, 654.0]
[96.0, 32.0, 884.0, 623.0]
[192.0, 64.0, 981.0, 656.0]
[32.0, 48.0, 822.0, 640.0]
[160.0, 16.0, 951.0, 609.0]
[224.0, 16.0, 1016.0, 610.0]
[112.0, 16.0, 905.0, 611.0]
[80.0, 0.0, 874.0, 596.0]
[96.0, 64.0, 891.0, 660.0]
[32.0, 64.0, 828.0, 661.0]
[176.0, 32.0, 973.0, 630.0]
[208.0, 16.0, 1006.0, 614.0]
[128.0, 48.0, 927.0, 647.0]
[48.0, 16.0, 848.0, 616.0]
[0.0, 16.0, 801.0, 617.0]
[144.0, 16.0, 946.0, 618.0]
[176.0, 64.0, 979.0, 666.0]
[192.0, 48.0, 996.0, 651.0]
[176.0, 0.0, 981.0, 604.0]
[32.0, 16.0, 838.0, 620.0]
[64.0, 0.0, 871.0, 605.0]
[48.0, 0.0, 856.0, 606.0]
[0.0, 0.0, 809.0, 607.0]
[32.0, 16.0, 842.0, 624.0]
[32.0, 64.0, 843.0, 672.0]
[208.0, 16.0, 1020.0, 625.0]
[96.0, 48.0, 909.0, 658.0]
[160.0, 16.0, 974.0, 626.0]
[96.0, 0.0, 911.0, 611.0]
[96.0, 0.0, 912.0, 612.0]
[144.0, 16.0, 961.0, 629.0]
[64.0, 0.0, 882.0, 614.0]
[128.0, 16.0, 947.0, 630.0]
[64.0, 32.0, 884.0, 647.0]
[112.0, 32.0, 933.0, 648.0]
[96.0, 48.0, 918.0, 664.0]
[144.0, 16.0, 967.0, 633.0]
[48.0, 0.0, 872.0, 618.0]
[144.0, 64.0, 969.0, 683.0]
[128.0, 32.0, 954.0, 652.0]
[16.0, 48.0, 843.0, 668.0]
[64.0, 16.0, 892.0, 637.0]
[48.0, 32.0, 877.0, 654.0]
[32.0, 0.0, 862.0, 622.0]
[0.0, 48.0, 831.0, 671.0]
[64.0, 32.0, 896.0, 656.0]
[16.0, 48.0, 849.0, 673.0]
[48.0, 0.0, 882.0, 626.0]
[48.0, 0.0, 883.0, 626.0]
[64.0, 32.0, 900.0, 659.0]
[176.0, 32.0, 1013.0, 660.0]
[64.0, 32.0, 902.0, 660.0]
[32.0, 0.0, 871.0, 629.0]
[144.0, 48.0, 984.0, 678.0]
[96.0, 16.0, 937.0, 647.0]
[32.0, 0.0, 874.0, 632.0]
[32.0, 16.0, 875.0, 648.0]
[128.0, 32.0, 972.0, 665.0]
[112.0, 16.0, 957.0, 650.0]
[96.0, 32.0, 942.0, 666.0]
[112.0, 0.0, 959.0, 635.0]
[48.0, 0.0, 896.0, 636.0]
[160.0, 16.0, 1009.0, 653.0]
[32.0, 16.0, 882.0, 654.0]
[0.0, 32.0, 851.0, 670.0]
[32.0, 32.0, 884.0, 671.0]
[112.0, 0.0, 965.0, 640.0]
[80.0, 32.0, 934.0, 672.0]
[64.0, 16.0, 919.0, 657.0]
[48.0, 32.0, 904.0, 674.0]
[80.0, 16.0, 937.0, 659.0]
[96.0, 0.0, 954.0, 644.0]
[64.0, 16.0, 923.0, 660.0]
[0.0, 0.0, 860.0, 645.0]
[0.0, 32.0, 861.0, 678.0]
[160.0, 16.0, 1022.0, 662.0]
[160.0, 32.0, 1023.0, 679.0]
[128.0, 0.0, 992.0, 648.0]
[0.0, 32.0, 865.0, 681.0]
[128.0, 0.0, 994.0, 650.0]
[48.0, 0.0, 915.0, 650.0]
[16.0, 0.0, 884.0, 651.0]
[64.0, 16.0, 933.0, 668.0]
[96.0, 0.0, 966.0, 652.0]
[128.0, 16.0, 999.0, 669.0]
[32.0, 16.0, 904.0, 670.0]
[16.0, 16.0, 889.0, 671.0]
[16.0, 0.0, 890.0, 656.0]
[128.0, 16.0, 1003.0, 672.0]
[0.0, 16.0, 876.0, 673.0]
[32.0, 0.0, 909.0, 658.0]
[0.0, 16.0, 878.0, 674.0]
[144.0, 0.0, 1023.0, 659.0]
[144.0, 16.0, 1024.0, 676.0]
[32.0, 16.0, 913.0, 677.0]
[96.0, 16.0, 978.0, 678.0]
[16.0, 16.0, 899.0, 678.0]
[16.0, 0.0, 900.0, 663.0]
[16.0, 16.0, 901.0, 680.0]
[112.0, 0.0, 998.0, 664.0]
[48.0, 16.0, 935.0, 681.0]
[128.0, 16.0, 1016.0, 682.0]
[128.0, 0.0, 1017.0, 667.0]
[32.0, 0.0, 922.0, 668.0]
[16.0, 0.0, 907.0, 668.0]
[112.0, 0.0, 1004.0, 669.0]
[32.0, 0.0, 925.0, 670.0]
[0.0, 0.0, 894.0, 670.0]
[96.0, 0.0, 991.0, 671.0]
[0.0, 0.0, 896.0, 672.0]
[32.0, 0.0, 929.0, 673.0]
[0.0, 0.0, 898.0, 674.0]
[48.0, 0.0, 947.0, 674.0]
[48.0, 0.0, 948.0, 675.0]
[16.0, 0.0, 917.0, 676.0]
[16.0, 0.0, 918.0, 676.0]
[32.0, 0.0, 935.0, 677.0]
[64.0, 0.0, 968.0, 678.0]
[96.0, 0.0, 1001.0, 679.0]
[48.0, 0.0, 954.0, 680.0]
[48.0, 0.0, 955.0, 680.0]
[80.0, 0.0, 988.0, 681.0]
[64.0, 0.0, 973.0, 682.0]
[16.0, 0.0, 926.0, 682.0]
[16.0, 0.0, 927.0, 683.0]
