[240.0, 16.0, 957.0, 554.0]
[224.0, 16.0, 942.0, 554.0]
[176.0, 0.0, 895.0, 539.0]
[96.0, 32.0, 816.0, 572.0]
[224.0, 16.0, 945.0, 557.0]
[96.0, 16.0, 818.0, 558.0]
[224.0, 16.0, 947.0, 558.0]
[144.0, 16.0, 868.0, 559.0]
[288.0, 32.0, 1013.0, 576.0]
[240.0, 32.0, 966.0, 576.0]
[160.0, 0.0, 887.0, 545.0]
[96.0, 32.0, 824.0, 578.0]
[160.0, 0.0, 889.0, 547.0]
[144.0, 32.0, 874.0, 580.0]
[256.0, 0.0, 987.0, 548.0]
[224.0, 16.0, 956.0, 565.0]
[192.0, 0.0, 925.0, 550.0]
[96.0, 32.0, 830.0, 582.0]
[208.0, 16.0, 943.0, 567.0]
[240.0, 16.0, 976.0, 568.0]
[240.0, 32.0, 977.0, 585.0]
[160.0, 32.0, 898.0, 586.0]
[272.0, 32.0, 1011.0, 586.0]
[112.0, 16.0, 852.0, 571.0]
[112.0, 16.0, 853.0, 572.0]
[144.0, 0.0, 886.0, 556.0]
[208.0, 0.0, 951.0, 557.0]
[96.0, 0.0, 840.0, 558.0]
[240.0, 16.0, 985.0, 575.0]
[160.0, 0.0, 906.0, 560.0]
[192.0, 0.0, 939.0, 560.0]
[176.0, 0.0, 924.0, 561.0]
[112.0, 0.0, 861.0, 562.0]
[272.0, 16.0, 1022.0, 578.0]
[272.0, 16.0, 1023.0, 579.0]
[224.0, 16.0, 976.0, 580.0]
[128.0, 0.0, 881.0, 565.0]
[128.0, 0.0, 882.0, 566.0]
[112.0, 0.0, 867.0, 566.0]
[208.0, 16.0, 964.0, 583.0]
[224.0, 0.0, 981.0, 568.0]
[96.0, 16.0, 854.0, 584.0]
[256.0, 16.0, 1015.0, 585.0]
[176.0, 0.0, 936.0, 570.0]
[224.0, 0.0, 985.0, 571.0]
[160.0, 0.0, 922.0, 572.0]
[144.0, 0.0, 907.0, 572.0]
[160.0, 0.0, 924.0, 573.0]
[160.0, 0.0, 925.0, 574.0]
[240.0, 0.0, 1006.0, 574.0]
[160.0, 0.0, 927.0, 575.0]
[128.0, 0.0, 896.0, 576.0]
[224.0, 0.0, 993.0, 577.0]
[128.0, 0.0, 898.0, 578.0]
[160.0, 0.0, 931.0, 578.0]
[208.0, 0.0, 980.0, 579.0]
[160.0, 0.0, 933.0, 580.0]
[240.0, 0.0, 1014.0, 580.0]
[224.0, 0.0, 999.0, 581.0]
[128.0, 0.0, 904.0, 582.0]
[144.0, 0.0, 921.0, 583.0]
[112.0, 0.0, 890.0, 584.0]
[144.0, 0.0, 923.0, 584.0]
[112.0, 0.0, 892.0, 585.0]
[128.0, 0.0, 909.0, 586.0]
[224.0, 0.0, 1006.0, 586.0]
