[128.0, 64.0, 771.0, 921.0]
[112.0, 112.0, 756.0, 970.0]
[96.0, 80.0, 740.0, 939.0]
[80.0, 80.0, 725.0, 940.0]
[192.0, 48.0, 838.0, 909.0]
[96.0, 48.0, 742.0, 910.0]
[112.0, 80.0, 759.0, 943.0]
[144.0, 80.0, 792.0, 944.0]
[112.0, 80.0, 761.0, 945.0]
[208.0, 80.0, 858.0, 946.0]
[96.0, 96.0, 746.0, 963.0]
[96.0, 32.0, 747.0, 900.0]
[192.0, 32.0, 844.0, 901.0]
[80.0, 32.0, 732.0, 902.0]
[96.0, 80.0, 749.0, 951.0]
[112.0, 32.0, 766.0, 904.0]
[48.0, 48.0, 703.0, 921.0]
[96.0, 80.0, 752.0, 954.0]
[160.0, 80.0, 816.0, 955.0]
[64.0, 80.0, 721.0, 956.0]
[144.0, 32.0, 802.0, 909.0]
[192.0, 80.0, 850.0, 958.0]
[32.0, 80.0, 691.0, 959.0]
[112.0, 48.0, 772.0, 928.0]
[64.0, 32.0, 725.0, 913.0]
[192.0, 112.0, 854.0, 994.0]
[16.0, 80.0, 678.0, 963.0]
[192.0, 112.0, 855.0, 996.0]
[80.0, 128.0, 744.0, 1013.0]
[192.0, 96.0, 856.0, 982.0]
[192.0, 48.0, 857.0, 935.0]
[16.0, 48.0, 682.0, 936.0]
[32.0, 64.0, 699.0, 953.0]
[192.0, 112.0, 860.0, 1002.0]
[144.0, 80.0, 812.0, 971.0]
[224.0, 32.0, 893.0, 924.0]
[96.0, 16.0, 766.0, 909.0]
[208.0, 16.0, 878.0, 910.0]
[32.0, 64.0, 703.0, 959.0]
[64.0, 112.0, 736.0, 1008.0]
[64.0, 80.0, 737.0, 977.0]
[48.0, 96.0, 722.0, 994.0]
[208.0, 16.0, 882.0, 915.0]
[144.0, 64.0, 819.0, 964.0]
[0.0, 64.0, 676.0, 965.0]
[160.0, 48.0, 836.0, 950.0]
[0.0, 80.0, 677.0, 983.0]
[16.0, 80.0, 694.0, 984.0]
[64.0, 80.0, 743.0, 985.0]
[176.0, 80.0, 856.0, 986.0]
[144.0, 16.0, 824.0, 923.0]
[80.0, 80.0, 761.0, 988.0]
[16.0, 80.0, 698.0, 989.0]
[16.0, 16.0, 698.0, 926.0]
[0.0, 80.0, 683.0, 991.0]
[128.0, 0.0, 812.0, 912.0]
[128.0, 32.0, 813.0, 945.0]
[96.0, 64.0, 782.0, 978.0]
[112.0, 32.0, 798.0, 947.0]
[0.0, 32.0, 687.0, 948.0]
[80.0, 16.0, 768.0, 933.0]
[48.0, 64.0, 736.0, 982.0]
[112.0, 64.0, 801.0, 983.0]
[208.0, 64.0, 898.0, 984.0]
[64.0, 0.0, 755.0, 921.0]
[80.0, 32.0, 772.0, 954.0]
[64.0, 64.0, 756.0, 987.0]
[128.0, 64.0, 821.0, 988.0]
[16.0, 48.0, 710.0, 973.0]
[160.0, 32.0, 854.0, 958.0]
[208.0, 32.0, 903.0, 959.0]
[16.0, 32.0, 712.0, 960.0]
[64.0, 0.0, 761.0, 929.0]
[32.0, 48.0, 730.0, 978.0]
[128.0, 16.0, 826.0, 947.0]
[144.0, 0.0, 843.0, 932.0]
[32.0, 80.0, 732.0, 1013.0]
[96.0, 80.0, 796.0, 1014.0]
[48.0, 48.0, 749.0, 983.0]
[16.0, 80.0, 718.0, 1016.0]
[16.0, 48.0, 719.0, 985.0]
[112.0, 80.0, 816.0, 1018.0]
[0.0, 48.0, 704.0, 987.0]
[16.0, 80.0, 721.0, 1020.0]
[16.0, 64.0, 722.0, 1005.0]
[128.0, 64.0, 834.0, 1006.0]
[96.0, 80.0, 803.0, 1023.0]
[160.0, 80.0, 868.0, 1024.0]
[16.0, 32.0, 725.0, 977.0]
[48.0, 0.0, 758.0, 946.0]
[80.0, 16.0, 790.0, 963.0]
[48.0, 16.0, 759.0, 964.0]
[64.0, 48.0, 776.0, 997.0]
[192.0, 64.0, 904.0, 1014.0]
[80.0, 0.0, 793.0, 951.0]
[96.0, 48.0, 810.0, 1000.0]
[64.0, 64.0, 779.0, 1017.0]
[32.0, 64.0, 748.0, 1018.0]
[96.0, 16.0, 812.0, 971.0]
[112.0, 0.0, 829.0, 956.0]
[96.0, 16.0, 814.0, 973.0]
[16.0, 0.0, 734.0, 958.0]
[176.0, 32.0, 895.0, 991.0]
[48.0, 0.0, 768.0, 960.0]
[96.0, 48.0, 817.0, 1009.0]
[112.0, 16.0, 834.0, 978.0]
[160.0, 48.0, 882.0, 1011.0]
[80.0, 0.0, 803.0, 964.0]
[112.0, 0.0, 836.0, 965.0]
[0.0, 16.0, 724.0, 982.0]
[32.0, 32.0, 757.0, 999.0]
[96.0, 48.0, 822.0, 1016.0]
[80.0, 32.0, 807.0, 1001.0]
[48.0, 0.0, 776.0, 970.0]
[128.0, 32.0, 856.0, 1003.0]
[0.0, 48.0, 729.0, 1020.0]
[0.0, 0.0, 730.0, 973.0]
[96.0, 32.0, 826.0, 1006.0]
[48.0, 16.0, 779.0, 991.0]
[96.0, 32.0, 828.0, 1008.0]
[160.0, 32.0, 893.0, 1009.0]
[48.0, 32.0, 782.0, 1010.0]
[112.0, 0.0, 846.0, 979.0]
[48.0, 32.0, 783.0, 1012.0]
[16.0, 16.0, 752.0, 997.0]
[48.0, 0.0, 784.0, 982.0]
[48.0, 0.0, 785.0, 983.0]
[160.0, 32.0, 898.0, 1016.0]
[48.0, 32.0, 787.0, 1017.0]
[160.0, 16.0, 900.0, 1002.0]
[48.0, 0.0, 788.0, 987.0]
[48.0, 32.0, 789.0, 1020.0]
[128.0, 32.0, 870.0, 1021.0]
[64.0, 16.0, 806.0, 1006.0]
[112.0, 0.0, 855.0, 991.0]
[16.0, 16.0, 760.0, 1008.0]
[144.0, 0.0, 889.0, 993.0]
[64.0, 16.0, 810.0, 1010.0]
[96.0, 0.0, 842.0, 995.0]
[96.0, 16.0, 843.0, 1012.0]
[0.0, 0.0, 748.0, 997.0]
[80.0, 0.0, 828.0, 998.0]
[32.0, 16.0, 781.0, 1015.0]
[80.0, 0.0, 830.0, 1000.0]
[96.0, 0.0, 847.0, 1001.0]
[64.0, 16.0, 816.0, 1018.0]
[80.0, 16.0, 832.0, 1019.0]
[0.0, 16.0, 753.0, 1020.0]
[160.0, 16.0, 914.0, 1021.0]
[80.0, 0.0, 834.0, 1006.0]
[128.0, 0.0, 883.0, 1007.0]
[48.0, 16.0, 804.0, 1024.0]
[144.0, 0.0, 901.0, 1009.0]
[16.0, 0.0, 774.0, 1010.0]
[128.0, 0.0, 886.0, 1011.0]
[48.0, 0.0, 807.0, 1012.0]
[48.0, 0.0, 808.0, 1013.0]
[32.0, 0.0, 792.0, 1014.0]
[16.0, 0.0, 777.0, 1015.0]
[144.0, 0.0, 906.0, 1016.0]
[48.0, 0.0, 811.0, 1017.0]
[64.0, 0.0, 828.0, 1018.0]
[96.0, 0.0, 860.0, 1019.0]
[0.0, 0.0, 765.0, 1020.0]
[96.0, 0.0, 862.0, 1021.0]
[32.0, 0.0, 798.0, 1022.0]
[80.0, 0.0, 847.0, 1023.0]
[64.0, 0.0, 832.0, 1024.0]
