[192.0, 0.0, 909.0, 538.0]
[208.0, 16.0, 926.0, 554.0]
[192.0, 16.0, 911.0, 555.0]
[128.0, 16.0, 848.0, 556.0]
[16.0, 32.0, 737.0, 573.0]
[48.0, 32.0, 770.0, 574.0]
[176.0, 48.0, 899.0, 590.0]
[144.0, 16.0, 868.0, 559.0]
[128.0, 48.0, 853.0, 592.0]
[48.0, 32.0, 774.0, 576.0]
[176.0, 32.0, 903.0, 577.0]
[48.0, 0.0, 776.0, 546.0]
[160.0, 32.0, 889.0, 579.0]
[128.0, 0.0, 858.0, 548.0]
[48.0, 32.0, 779.0, 580.0]
[16.0, 0.0, 748.0, 549.0]
[160.0, 48.0, 893.0, 598.0]
[128.0, 32.0, 862.0, 582.0]
[112.0, 0.0, 847.0, 551.0]
[96.0, 16.0, 832.0, 568.0]
[48.0, 48.0, 785.0, 601.0]
[48.0, 32.0, 786.0, 586.0]
[32.0, 0.0, 771.0, 554.0]
[48.0, 48.0, 788.0, 603.0]
[160.0, 0.0, 901.0, 556.0]
[160.0, 0.0, 902.0, 556.0]
[160.0, 0.0, 903.0, 557.0]
[48.0, 0.0, 792.0, 558.0]
[96.0, 16.0, 841.0, 575.0]
[128.0, 16.0, 874.0, 576.0]
[48.0, 48.0, 795.0, 608.0]
[64.0, 16.0, 812.0, 577.0]
[128.0, 16.0, 877.0, 578.0]
[64.0, 16.0, 814.0, 578.0]
[144.0, 16.0, 895.0, 579.0]
[176.0, 0.0, 928.0, 564.0]
[176.0, 0.0, 929.0, 565.0]
[176.0, 0.0, 930.0, 566.0]
[128.0, 0.0, 883.0, 566.0]
[128.0, 0.0, 884.0, 567.0]
[96.0, 16.0, 853.0, 584.0]
[80.0, 48.0, 838.0, 616.0]
[48.0, 16.0, 807.0, 585.0]
[96.0, 16.0, 856.0, 586.0]
[80.0, 16.0, 841.0, 587.0]
[128.0, 16.0, 890.0, 588.0]
[80.0, 32.0, 843.0, 604.0]
[48.0, 32.0, 812.0, 605.0]
[48.0, 48.0, 813.0, 622.0]
[96.0, 48.0, 862.0, 622.0]
[48.0, 32.0, 815.0, 607.0]
[112.0, 48.0, 880.0, 624.0]
[160.0, 32.0, 929.0, 609.0]
[112.0, 0.0, 882.0, 578.0]
[144.0, 32.0, 915.0, 610.0]
[48.0, 32.0, 820.0, 611.0]
[64.0, 16.0, 837.0, 596.0]
[0.0, 16.0, 774.0, 596.0]
[96.0, 32.0, 871.0, 613.0]
[48.0, 48.0, 824.0, 630.0]
[80.0, 32.0, 857.0, 615.0]
[80.0, 0.0, 858.0, 584.0]
[16.0, 0.0, 795.0, 584.0]
[32.0, 48.0, 812.0, 633.0]
[16.0, 32.0, 797.0, 618.0]
[128.0, 16.0, 910.0, 602.0]
[48.0, 48.0, 831.0, 635.0]
[16.0, 0.0, 800.0, 588.0]
[16.0, 0.0, 801.0, 589.0]
[32.0, 0.0, 818.0, 590.0]
[16.0, 0.0, 803.0, 590.0]
[48.0, 0.0, 836.0, 591.0]
[128.0, 16.0, 917.0, 608.0]
[96.0, 48.0, 886.0, 640.0]
[32.0, 16.0, 823.0, 609.0]
[80.0, 48.0, 872.0, 642.0]
[128.0, 32.0, 921.0, 627.0]
[32.0, 32.0, 826.0, 628.0]
[32.0, 32.0, 827.0, 628.0]
[0.0, 0.0, 796.0, 597.0]
[96.0, 16.0, 893.0, 614.0]
[48.0, 0.0, 846.0, 598.0]
[16.0, 32.0, 815.0, 631.0]
[48.0, 16.0, 848.0, 616.0]
[112.0, 16.0, 913.0, 617.0]
[64.0, 16.0, 866.0, 618.0]
[64.0, 0.0, 867.0, 602.0]
[48.0, 0.0, 852.0, 603.0]
[96.0, 0.0, 901.0, 604.0]
[96.0, 0.0, 902.0, 604.0]
[48.0, 0.0, 855.0, 605.0]
[64.0, 32.0, 872.0, 638.0]
[96.0, 32.0, 905.0, 639.0]
[128.0, 16.0, 938.0, 624.0]
[16.0, 16.0, 827.0, 624.0]
[96.0, 16.0, 908.0, 625.0]
[112.0, 0.0, 925.0, 610.0]
[64.0, 0.0, 878.0, 610.0]
[32.0, 32.0, 847.0, 643.0]
[96.0, 16.0, 912.0, 628.0]
[16.0, 0.0, 833.0, 613.0]
[112.0, 0.0, 930.0, 614.0]
[32.0, 16.0, 851.0, 630.0]
[96.0, 32.0, 916.0, 647.0]
[32.0, 0.0, 853.0, 616.0]
[112.0, 16.0, 934.0, 632.0]
[96.0, 0.0, 919.0, 617.0]
[80.0, 0.0, 904.0, 618.0]
[48.0, 0.0, 873.0, 619.0]
[32.0, 16.0, 858.0, 636.0]
[96.0, 32.0, 923.0, 652.0]
[0.0, 0.0, 828.0, 621.0]
[32.0, 16.0, 861.0, 638.0]
[64.0, 16.0, 894.0, 638.0]
[80.0, 0.0, 911.0, 623.0]
[64.0, 16.0, 896.0, 640.0]
[64.0, 0.0, 897.0, 625.0]
[32.0, 0.0, 866.0, 626.0]
[64.0, 0.0, 899.0, 626.0]
[80.0, 16.0, 916.0, 643.0]
[16.0, 16.0, 853.0, 644.0]
[0.0, 16.0, 838.0, 644.0]
[0.0, 0.0, 839.0, 629.0]
[48.0, 0.0, 888.0, 630.0]
[96.0, 16.0, 937.0, 647.0]
[64.0, 0.0, 906.0, 632.0]
[32.0, 16.0, 875.0, 648.0]
[32.0, 16.0, 876.0, 649.0]
[16.0, 16.0, 861.0, 650.0]
[32.0, 0.0, 878.0, 634.0]
[80.0, 16.0, 927.0, 651.0]
[16.0, 0.0, 864.0, 636.0]
[80.0, 0.0, 929.0, 637.0]
[48.0, 0.0, 898.0, 638.0]
[32.0, 0.0, 883.0, 638.0]
[48.0, 0.0, 900.0, 639.0]
[48.0, 0.0, 901.0, 640.0]
[80.0, 0.0, 934.0, 640.0]
[16.0, 0.0, 871.0, 641.0]
[32.0, 0.0, 888.0, 642.0]
[80.0, 0.0, 937.0, 643.0]
[48.0, 0.0, 906.0, 644.0]
[16.0, 0.0, 875.0, 644.0]
[16.0, 0.0, 876.0, 645.0]
[64.0, 0.0, 925.0, 646.0]
[64.0, 0.0, 926.0, 646.0]
[32.0, 0.0, 895.0, 647.0]
[64.0, 0.0, 928.0, 648.0]
[64.0, 0.0, 929.0, 649.0]
[64.0, 0.0, 930.0, 650.0]
[64.0, 0.0, 931.0, 650.0]
[64.0, 0.0, 932.0, 651.0]
[32.0, 0.0, 901.0, 652.0]
[32.0, 0.0, 902.0, 652.0]
