[32.0, 32.0, 749.0, 570.0]
[96.0, 0.0, 814.0, 538.0]
[256.0, 0.0, 975.0, 539.0]
[128.0, 16.0, 848.0, 556.0]
[160.0, 16.0, 881.0, 557.0]
[64.0, 32.0, 786.0, 574.0]
[64.0, 0.0, 787.0, 542.0]
[144.0, 0.0, 868.0, 543.0]
[256.0, 0.0, 981.0, 544.0]
[192.0, 32.0, 918.0, 576.0]
[208.0, 16.0, 935.0, 561.0]
[192.0, 32.0, 920.0, 578.0]
[64.0, 0.0, 793.0, 547.0]
[128.0, 0.0, 858.0, 548.0]
[208.0, 0.0, 939.0, 548.0]
[48.0, 32.0, 780.0, 581.0]
[32.0, 16.0, 765.0, 566.0]
[256.0, 0.0, 990.0, 550.0]
[48.0, 32.0, 783.0, 583.0]
[80.0, 32.0, 816.0, 584.0]
[64.0, 16.0, 801.0, 569.0]
[32.0, 0.0, 770.0, 554.0]
[144.0, 0.0, 883.0, 554.0]
[112.0, 16.0, 852.0, 571.0]
[160.0, 0.0, 901.0, 556.0]
[240.0, 32.0, 982.0, 588.0]
[64.0, 0.0, 807.0, 557.0]
[160.0, 16.0, 904.0, 574.0]
[112.0, 32.0, 857.0, 591.0]
[208.0, 0.0, 954.0, 560.0]
[112.0, 32.0, 859.0, 592.0]
[224.0, 32.0, 972.0, 593.0]
[192.0, 32.0, 941.0, 594.0]
[112.0, 32.0, 862.0, 594.0]
[224.0, 0.0, 975.0, 563.0]
[192.0, 16.0, 944.0, 580.0]
[176.0, 0.0, 929.0, 565.0]
[144.0, 32.0, 898.0, 598.0]
[192.0, 32.0, 947.0, 598.0]
[224.0, 32.0, 980.0, 599.0]
[48.0, 32.0, 805.0, 600.0]
[128.0, 16.0, 886.0, 584.0]
[224.0, 0.0, 983.0, 569.0]
[144.0, 32.0, 904.0, 602.0]
[224.0, 0.0, 985.0, 571.0]
[64.0, 16.0, 826.0, 588.0]
[176.0, 32.0, 939.0, 604.0]
[80.0, 0.0, 844.0, 573.0]
[192.0, 0.0, 957.0, 574.0]
[128.0, 16.0, 894.0, 590.0]
[160.0, 32.0, 927.0, 607.0]
[32.0, 32.0, 800.0, 608.0]
[208.0, 0.0, 977.0, 577.0]
[144.0, 16.0, 914.0, 594.0]
[96.0, 32.0, 867.0, 610.0]
[96.0, 32.0, 868.0, 611.0]
[160.0, 0.0, 933.0, 580.0]
[16.0, 0.0, 790.0, 580.0]
[176.0, 0.0, 951.0, 581.0]
[224.0, 0.0, 1000.0, 582.0]
[80.0, 32.0, 857.0, 615.0]
[144.0, 16.0, 922.0, 600.0]
[64.0, 0.0, 843.0, 584.0]
[192.0, 16.0, 972.0, 601.0]
[224.0, 0.0, 1005.0, 586.0]
[192.0, 0.0, 974.0, 586.0]
[96.0, 0.0, 879.0, 587.0]
[144.0, 0.0, 928.0, 588.0]
[112.0, 16.0, 897.0, 605.0]
[32.0, 0.0, 818.0, 590.0]
[96.0, 0.0, 883.0, 590.0]
[32.0, 16.0, 820.0, 607.0]
[32.0, 0.0, 821.0, 592.0]
[16.0, 0.0, 806.0, 592.0]
[192.0, 0.0, 983.0, 593.0]
[160.0, 16.0, 952.0, 610.0]
[176.0, 0.0, 969.0, 595.0]
[144.0, 16.0, 938.0, 612.0]
[144.0, 0.0, 939.0, 596.0]
[128.0, 16.0, 924.0, 613.0]
[96.0, 16.0, 893.0, 614.0]
[80.0, 16.0, 878.0, 614.0]
[80.0, 16.0, 879.0, 615.0]
[32.0, 16.0, 832.0, 616.0]
[32.0, 32.0, 833.0, 633.0]
[160.0, 0.0, 962.0, 602.0]
[32.0, 0.0, 835.0, 602.0]
[144.0, 16.0, 948.0, 619.0]
[64.0, 0.0, 869.0, 604.0]
[80.0, 0.0, 886.0, 604.0]
[96.0, 32.0, 903.0, 637.0]
[32.0, 0.0, 840.0, 606.0]
[16.0, 0.0, 825.0, 607.0]
[80.0, 16.0, 890.0, 624.0]
[176.0, 32.0, 987.0, 640.0]
[80.0, 16.0, 892.0, 625.0]
[64.0, 32.0, 877.0, 642.0]
[96.0, 16.0, 910.0, 626.0]
[64.0, 0.0, 879.0, 611.0]
[144.0, 0.0, 960.0, 612.0]
[160.0, 0.0, 977.0, 613.0]
[16.0, 16.0, 834.0, 630.0]
[16.0, 0.0, 835.0, 614.0]
[144.0, 32.0, 964.0, 647.0]
[48.0, 32.0, 869.0, 648.0]
[176.0, 16.0, 998.0, 632.0]
[80.0, 32.0, 903.0, 649.0]
[160.0, 16.0, 984.0, 634.0]
[112.0, 0.0, 937.0, 619.0]
[80.0, 16.0, 906.0, 636.0]
[112.0, 0.0, 939.0, 620.0]
[160.0, 16.0, 988.0, 637.0]
[160.0, 0.0, 989.0, 622.0]
[48.0, 0.0, 878.0, 622.0]
[160.0, 32.0, 991.0, 655.0]
[128.0, 32.0, 960.0, 656.0]
[96.0, 16.0, 929.0, 641.0]
[64.0, 32.0, 898.0, 658.0]
[128.0, 32.0, 963.0, 658.0]
[64.0, 32.0, 900.0, 659.0]
[144.0, 32.0, 981.0, 660.0]
[128.0, 0.0, 966.0, 628.0]
[160.0, 32.0, 999.0, 661.0]
[32.0, 16.0, 872.0, 646.0]
[64.0, 32.0, 905.0, 663.0]
[64.0, 16.0, 906.0, 648.0]
[160.0, 16.0, 1003.0, 648.0]
[48.0, 0.0, 892.0, 633.0]
[96.0, 32.0, 941.0, 666.0]
[96.0, 0.0, 942.0, 634.0]
[144.0, 16.0, 991.0, 651.0]
[80.0, 16.0, 928.0, 652.0]
[32.0, 32.0, 881.0, 669.0]
[32.0, 0.0, 882.0, 638.0]
[144.0, 0.0, 995.0, 638.0]
[96.0, 32.0, 948.0, 671.0]
[48.0, 0.0, 901.0, 640.0]
[128.0, 16.0, 982.0, 656.0]
[96.0, 32.0, 951.0, 673.0]
[32.0, 32.0, 888.0, 674.0]
[112.0, 32.0, 969.0, 675.0]
[128.0, 0.0, 986.0, 644.0]
[16.0, 16.0, 875.0, 660.0]
[112.0, 16.0, 972.0, 661.0]
[112.0, 32.0, 973.0, 678.0]
[64.0, 0.0, 926.0, 646.0]
[96.0, 16.0, 959.0, 663.0]
[128.0, 16.0, 992.0, 664.0]
[16.0, 16.0, 881.0, 665.0]
[64.0, 32.0, 930.0, 682.0]
[80.0, 0.0, 947.0, 650.0]
[80.0, 32.0, 948.0, 683.0]
[32.0, 16.0, 901.0, 668.0]
[16.0, 16.0, 886.0, 668.0]
[80.0, 16.0, 951.0, 669.0]
[32.0, 0.0, 904.0, 654.0]
[16.0, 16.0, 889.0, 671.0]
[128.0, 16.0, 1002.0, 672.0]
[96.0, 0.0, 971.0, 656.0]
[112.0, 0.0, 988.0, 657.0]
[48.0, 16.0, 925.0, 674.0]
[32.0, 16.0, 910.0, 674.0]
[80.0, 0.0, 959.0, 659.0]
[128.0, 0.0, 1008.0, 660.0]
[80.0, 16.0, 961.0, 677.0]
[64.0, 0.0, 946.0, 662.0]
[32.0, 0.0, 915.0, 662.0]
[64.0, 16.0, 948.0, 679.0]
[64.0, 16.0, 949.0, 680.0]
[96.0, 0.0, 982.0, 664.0]
[80.0, 0.0, 967.0, 665.0]
[64.0, 0.0, 952.0, 666.0]
[112.0, 16.0, 1001.0, 683.0]
[80.0, 0.0, 970.0, 668.0]
[48.0, 0.0, 939.0, 668.0]
[112.0, 0.0, 1004.0, 669.0]
[64.0, 0.0, 957.0, 670.0]
[96.0, 0.0, 990.0, 670.0]
[32.0, 0.0, 927.0, 671.0]
[96.0, 0.0, 992.0, 672.0]
[64.0, 0.0, 961.0, 673.0]
[64.0, 0.0, 962.0, 674.0]
[64.0, 0.0, 963.0, 674.0]
[96.0, 0.0, 996.0, 675.0]
[80.0, 0.0, 981.0, 676.0]
[48.0, 0.0, 950.0, 676.0]
[96.0, 0.0, 999.0, 677.0]
[80.0, 0.0, 984.0, 678.0]
[48.0, 0.0, 953.0, 679.0]
[80.0, 0.0, 986.0, 680.0]
[48.0, 0.0, 955.0, 680.0]
[64.0, 0.0, 972.0, 681.0]
[48.0, 0.0, 957.0, 682.0]
[96.0, 0.0, 1006.0, 682.0]
[32.0, 0.0, 943.0, 683.0]
