[224.0, 80.0, 941.0, 618.0]
[240.0, 48.0, 958.0, 586.0]
[208.0, 96.0, 927.0, 635.0]
[240.0, 48.0, 960.0, 588.0]
[160.0, 64.0, 881.0, 605.0]
[240.0, 96.0, 962.0, 638.0]
[256.0, 32.0, 979.0, 574.0]
[288.0, 16.0, 1012.0, 559.0]
[208.0, 16.0, 933.0, 560.0]
[208.0, 32.0, 934.0, 576.0]
[256.0, 0.0, 983.0, 545.0]
[224.0, 80.0, 952.0, 626.0]
[192.0, 16.0, 921.0, 563.0]
[240.0, 16.0, 970.0, 564.0]
[208.0, 64.0, 939.0, 612.0]
[288.0, 16.0, 1020.0, 565.0]
[144.0, 32.0, 877.0, 582.0]
[192.0, 80.0, 926.0, 630.0]
[128.0, 32.0, 863.0, 583.0]
[224.0, 80.0, 960.0, 632.0]
[240.0, 112.0, 977.0, 665.0]
[160.0, 64.0, 898.0, 618.0]
[256.0, 48.0, 995.0, 602.0]
[224.0, 80.0, 964.0, 635.0]
[272.0, 80.0, 1013.0, 636.0]
[240.0, 112.0, 982.0, 668.0]
[224.0, 48.0, 967.0, 605.0]
[208.0, 112.0, 952.0, 670.0]
[256.0, 0.0, 1001.0, 559.0]
[208.0, 16.0, 954.0, 576.0]
[176.0, 80.0, 923.0, 640.0]
[192.0, 16.0, 940.0, 577.0]
[224.0, 16.0, 973.0, 578.0]
[224.0, 32.0, 974.0, 594.0]
[224.0, 48.0, 975.0, 611.0]
[240.0, 96.0, 992.0, 660.0]
[192.0, 112.0, 945.0, 677.0]
[240.0, 80.0, 994.0, 646.0]
[192.0, 48.0, 947.0, 614.0]
[240.0, 16.0, 996.0, 583.0]
[256.0, 32.0, 1013.0, 600.0]
[128.0, 32.0, 886.0, 600.0]
[240.0, 64.0, 999.0, 633.0]
[240.0, 32.0, 1000.0, 602.0]
[208.0, 112.0, 969.0, 683.0]
[256.0, 32.0, 1018.0, 604.0]
[192.0, 32.0, 955.0, 604.0]
[160.0, 16.0, 924.0, 589.0]
[240.0, 0.0, 1005.0, 574.0]
[256.0, 48.0, 1022.0, 622.0]
[192.0, 80.0, 959.0, 655.0]
[128.0, 32.0, 896.0, 608.0]
[224.0, 96.0, 993.0, 673.0]
[176.0, 16.0, 946.0, 594.0]
[160.0, 32.0, 931.0, 610.0]
[192.0, 16.0, 964.0, 595.0]
[224.0, 32.0, 997.0, 612.0]
[144.0, 48.0, 918.0, 628.0]
[240.0, 80.0, 1015.0, 661.0]
[176.0, 96.0, 952.0, 678.0]
[192.0, 48.0, 969.0, 631.0]
[208.0, 80.0, 986.0, 664.0]
[224.0, 0.0, 1003.0, 584.0]
[144.0, 64.0, 924.0, 649.0]
[192.0, 64.0, 973.0, 650.0]
[224.0, 32.0, 1006.0, 618.0]
[128.0, 0.0, 911.0, 587.0]
[144.0, 16.0, 928.0, 604.0]
[144.0, 64.0, 929.0, 653.0]
[112.0, 16.0, 898.0, 606.0]
[208.0, 48.0, 995.0, 638.0]
[192.0, 0.0, 980.0, 591.0]
[144.0, 64.0, 933.0, 656.0]
[192.0, 48.0, 982.0, 640.0]
[160.0, 64.0, 951.0, 657.0]
[112.0, 48.0, 904.0, 642.0]
[128.0, 48.0, 921.0, 643.0]
[160.0, 32.0, 954.0, 628.0]
[144.0, 32.0, 939.0, 628.0]
[176.0, 16.0, 972.0, 613.0]
[160.0, 0.0, 957.0, 598.0]
[176.0, 32.0, 974.0, 630.0]
[224.0, 16.0, 1023.0, 615.0]
[192.0, 80.0, 992.0, 680.0]
[208.0, 16.0, 1009.0, 617.0]
[208.0, 64.0, 1010.0, 666.0]
[208.0, 64.0, 1011.0, 666.0]
[160.0, 16.0, 964.0, 619.0]
[144.0, 48.0, 949.0, 652.0]
[176.0, 64.0, 982.0, 668.0]
[112.0, 48.0, 919.0, 653.0]
[176.0, 64.0, 984.0, 670.0]
[112.0, 16.0, 921.0, 623.0]
[208.0, 64.0, 1018.0, 672.0]
[208.0, 48.0, 1019.0, 656.0]
[192.0, 16.0, 1004.0, 625.0]
[128.0, 48.0, 941.0, 658.0]
[160.0, 0.0, 974.0, 610.0]
[144.0, 64.0, 959.0, 675.0]
[160.0, 16.0, 976.0, 628.0]
[144.0, 16.0, 961.0, 629.0]
[176.0, 32.0, 994.0, 646.0]
[96.0, 32.0, 915.0, 646.0]
[128.0, 16.0, 948.0, 631.0]
[144.0, 0.0, 965.0, 616.0]
[160.0, 0.0, 982.0, 616.0]
[112.0, 32.0, 935.0, 649.0]
[144.0, 0.0, 968.0, 618.0]
[112.0, 0.0, 937.0, 619.0]
[176.0, 32.0, 1002.0, 652.0]
[80.0, 0.0, 907.0, 620.0]
[112.0, 48.0, 940.0, 669.0]
[176.0, 16.0, 1005.0, 638.0]
[128.0, 48.0, 958.0, 670.0]
[176.0, 0.0, 1007.0, 623.0]
[112.0, 48.0, 944.0, 672.0]
[80.0, 16.0, 913.0, 641.0]
[160.0, 0.0, 994.0, 626.0]
[176.0, 48.0, 1011.0, 674.0]
[144.0, 32.0, 980.0, 659.0]
[80.0, 16.0, 917.0, 644.0]
[160.0, 16.0, 998.0, 644.0]
[112.0, 0.0, 951.0, 629.0]
[112.0, 32.0, 952.0, 662.0]
[176.0, 0.0, 1017.0, 631.0]
[160.0, 16.0, 1002.0, 648.0]
[176.0, 32.0, 1019.0, 664.0]
[128.0, 32.0, 972.0, 665.0]
[96.0, 32.0, 941.0, 666.0]
[160.0, 0.0, 1006.0, 634.0]
[160.0, 16.0, 1007.0, 651.0]
[128.0, 16.0, 976.0, 652.0]
[112.0, 0.0, 961.0, 637.0]
[144.0, 32.0, 994.0, 670.0]
[80.0, 0.0, 931.0, 638.0]
[160.0, 16.0, 1012.0, 655.0]
[160.0, 32.0, 1013.0, 672.0]
[144.0, 16.0, 998.0, 656.0]
[112.0, 16.0, 967.0, 657.0]
[80.0, 0.0, 936.0, 642.0]
[96.0, 16.0, 953.0, 659.0]
[160.0, 16.0, 1018.0, 660.0]
[160.0, 0.0, 1019.0, 644.0]
[112.0, 16.0, 972.0, 661.0]
[160.0, 16.0, 1021.0, 662.0]
[80.0, 0.0, 942.0, 646.0]
[112.0, 16.0, 975.0, 663.0]
[144.0, 32.0, 1008.0, 680.0]
[128.0, 32.0, 993.0, 681.0]
[112.0, 32.0, 978.0, 682.0]
[144.0, 0.0, 1011.0, 650.0]
[96.0, 32.0, 964.0, 683.0]
[80.0, 16.0, 949.0, 668.0]
[112.0, 16.0, 982.0, 668.0]
[96.0, 16.0, 967.0, 669.0]
[96.0, 16.0, 968.0, 670.0]
[96.0, 16.0, 969.0, 671.0]
[144.0, 16.0, 1018.0, 672.0]
[96.0, 16.0, 971.0, 672.0]
[112.0, 16.0, 988.0, 673.0]
[112.0, 16.0, 989.0, 674.0]
[80.0, 16.0, 958.0, 674.0]
[112.0, 16.0, 991.0, 675.0]
[80.0, 0.0, 960.0, 660.0]
[112.0, 0.0, 993.0, 661.0]
[128.0, 0.0, 1010.0, 662.0]
[96.0, 16.0, 979.0, 678.0]
[96.0, 0.0, 980.0, 663.0]
[112.0, 0.0, 997.0, 664.0]
[96.0, 0.0, 982.0, 664.0]
[96.0, 16.0, 983.0, 681.0]
[96.0, 16.0, 984.0, 682.0]
[96.0, 16.0, 985.0, 683.0]
[128.0, 0.0, 1018.0, 668.0]
[112.0, 0.0, 1003.0, 668.0]
[80.0, 0.0, 972.0, 669.0]
[128.0, 0.0, 1021.0, 670.0]
[80.0, 0.0, 974.0, 670.0]
[128.0, 0.0, 1023.0, 671.0]
[128.0, 0.0, 1024.0, 672.0]
[80.0, 0.0, 977.0, 673.0]
[80.0, 0.0, 978.0, 674.0]
[80.0, 0.0, 979.0, 674.0]
[112.0, 0.0, 1012.0, 675.0]
[80.0, 0.0, 981.0, 676.0]
[80.0, 0.0, 982.0, 676.0]
[80.0, 0.0, 983.0, 677.0]
[80.0, 0.0, 984.0, 678.0]
[80.0, 0.0, 985.0, 679.0]
[80.0, 0.0, 986.0, 680.0]
[80.0, 0.0, 987.0, 680.0]
[112.0, 0.0, 1020.0, 681.0]
[96.0, 0.0, 1005.0, 682.0]
[112.0, 0.0, 1022.0, 682.0]
[96.0, 0.0, 1007.0, 683.0]
