[176.0, 32.0, 893.0, 570.0]
[144.0, 32.0, 862.0, 570.0]
[176.0, 32.0, 895.0, 571.0]
[128.0, 16.0, 848.0, 556.0]
[240.0, 0.0, 961.0, 541.0]
[144.0, 16.0, 866.0, 558.0]
[144.0, 32.0, 867.0, 574.0]
[192.0, 0.0, 916.0, 543.0]
[256.0, 32.0, 981.0, 576.0]
[192.0, 32.0, 918.0, 576.0]
[256.0, 16.0, 983.0, 561.0]
[192.0, 16.0, 920.0, 562.0]
[112.0, 32.0, 841.0, 579.0]
[224.0, 32.0, 954.0, 580.0]
[240.0, 32.0, 971.0, 580.0]
[144.0, 32.0, 876.0, 581.0]
[208.0, 32.0, 941.0, 582.0]
[256.0, 32.0, 990.0, 582.0]
[112.0, 32.0, 847.0, 583.0]
[256.0, 32.0, 992.0, 584.0]
[240.0, 0.0, 977.0, 553.0]
[160.0, 16.0, 898.0, 570.0]
[144.0, 16.0, 883.0, 570.0]
[256.0, 0.0, 996.0, 555.0]
[112.0, 32.0, 853.0, 588.0]
[240.0, 16.0, 982.0, 572.0]
[160.0, 32.0, 903.0, 589.0]
[160.0, 32.0, 904.0, 590.0]
[176.0, 0.0, 921.0, 559.0]
[192.0, 16.0, 938.0, 576.0]
[128.0, 16.0, 875.0, 576.0]
[192.0, 16.0, 940.0, 577.0]
[224.0, 16.0, 973.0, 578.0]
[192.0, 32.0, 942.0, 594.0]
[160.0, 16.0, 911.0, 579.0]
[224.0, 0.0, 976.0, 564.0]
[144.0, 32.0, 897.0, 597.0]
[144.0, 16.0, 898.0, 582.0]
[240.0, 0.0, 995.0, 566.0]
[112.0, 32.0, 868.0, 599.0]
[208.0, 32.0, 965.0, 600.0]
[112.0, 0.0, 870.0, 568.0]
[112.0, 16.0, 871.0, 585.0]
[176.0, 0.0, 936.0, 570.0]
[224.0, 0.0, 985.0, 571.0]
[176.0, 0.0, 938.0, 572.0]
[128.0, 16.0, 891.0, 588.0]
[128.0, 32.0, 892.0, 605.0]
[192.0, 0.0, 957.0, 574.0]
[160.0, 16.0, 926.0, 590.0]
[144.0, 16.0, 911.0, 591.0]
[112.0, 16.0, 880.0, 592.0]
[208.0, 16.0, 977.0, 593.0]
[160.0, 16.0, 930.0, 594.0]
[128.0, 32.0, 899.0, 610.0]
[112.0, 16.0, 884.0, 595.0]
[208.0, 0.0, 981.0, 580.0]
[176.0, 0.0, 950.0, 580.0]
[224.0, 0.0, 999.0, 581.0]
[144.0, 32.0, 920.0, 614.0]
[128.0, 0.0, 905.0, 583.0]
[112.0, 16.0, 890.0, 600.0]
[160.0, 0.0, 939.0, 584.0]
[144.0, 32.0, 924.0, 617.0]
[128.0, 16.0, 909.0, 602.0]
[224.0, 0.0, 1006.0, 586.0]
[176.0, 0.0, 959.0, 587.0]
[176.0, 0.0, 960.0, 588.0]
[112.0, 0.0, 897.0, 589.0]
[112.0, 32.0, 898.0, 622.0]
[112.0, 0.0, 899.0, 590.0]
[128.0, 0.0, 916.0, 591.0]
[128.0, 32.0, 917.0, 624.0]
[176.0, 32.0, 966.0, 624.0]
[128.0, 32.0, 919.0, 625.0]
[208.0, 0.0, 1000.0, 594.0]
[128.0, 0.0, 921.0, 595.0]
[208.0, 16.0, 1002.0, 612.0]
[192.0, 0.0, 987.0, 596.0]
[144.0, 16.0, 940.0, 613.0]
[112.0, 16.0, 909.0, 614.0]
[160.0, 16.0, 958.0, 614.0]
[144.0, 16.0, 943.0, 615.0]
[112.0, 0.0, 912.0, 600.0]
[192.0, 0.0, 993.0, 601.0]
[112.0, 0.0, 914.0, 602.0]
[144.0, 0.0, 947.0, 602.0]
[192.0, 0.0, 996.0, 603.0]
[176.0, 0.0, 981.0, 604.0]
[128.0, 16.0, 934.0, 620.0]
[192.0, 0.0, 999.0, 605.0]
[192.0, 16.0, 1000.0, 622.0]
[144.0, 0.0, 953.0, 607.0]
[176.0, 0.0, 986.0, 608.0]
[144.0, 16.0, 955.0, 624.0]
[128.0, 0.0, 940.0, 609.0]
[128.0, 0.0, 941.0, 610.0]
[112.0, 0.0, 926.0, 610.0]
[112.0, 0.0, 927.0, 611.0]
[176.0, 0.0, 992.0, 612.0]
[144.0, 0.0, 961.0, 613.0]
[128.0, 0.0, 946.0, 614.0]
[176.0, 0.0, 995.0, 614.0]
[112.0, 0.0, 932.0, 615.0]
[160.0, 0.0, 981.0, 616.0]
[112.0, 0.0, 934.0, 616.0]
[144.0, 0.0, 967.0, 617.0]
[128.0, 0.0, 952.0, 618.0]
[144.0, 0.0, 969.0, 619.0]
[160.0, 0.0, 986.0, 620.0]
[160.0, 0.0, 987.0, 620.0]
[128.0, 0.0, 956.0, 621.0]
[112.0, 0.0, 941.0, 622.0]
[128.0, 0.0, 958.0, 622.0]
[144.0, 0.0, 975.0, 623.0]
[144.0, 0.0, 976.0, 624.0]
[160.0, 0.0, 993.0, 625.0]
