[48.0, 64.0, 765.0, 602.0]
[128.0, 32.0, 846.0, 570.0]
[272.0, 32.0, 991.0, 571.0]
[208.0, 32.0, 928.0, 572.0]
[80.0, 64.0, 801.0, 605.0]
[160.0, 32.0, 882.0, 574.0]
[272.0, 32.0, 995.0, 574.0]
[192.0, 64.0, 916.0, 607.0]
[96.0, 48.0, 821.0, 592.0]
[240.0, 16.0, 966.0, 560.0]
[48.0, 64.0, 775.0, 609.0]
[128.0, 48.0, 856.0, 594.0]
[208.0, 64.0, 937.0, 611.0]
[144.0, 64.0, 874.0, 612.0]
[32.0, 48.0, 763.0, 596.0]
[128.0, 16.0, 860.0, 565.0]
[16.0, 32.0, 749.0, 582.0]
[224.0, 64.0, 958.0, 614.0]
[272.0, 32.0, 1007.0, 583.0]
[144.0, 32.0, 880.0, 584.0]
[256.0, 16.0, 993.0, 569.0]
[32.0, 16.0, 770.0, 570.0]
[128.0, 48.0, 867.0, 602.0]
[192.0, 64.0, 932.0, 619.0]
[240.0, 0.0, 981.0, 556.0]
[64.0, 64.0, 806.0, 620.0]
[64.0, 16.0, 807.0, 573.0]
[32.0, 64.0, 776.0, 622.0]
[80.0, 32.0, 825.0, 591.0]
[0.0, 32.0, 746.0, 592.0]
[144.0, 32.0, 891.0, 592.0]
[48.0, 0.0, 796.0, 561.0]
[176.0, 16.0, 925.0, 578.0]
[272.0, 32.0, 1022.0, 594.0]
[160.0, 32.0, 911.0, 595.0]
[256.0, 48.0, 1008.0, 612.0]
[240.0, 32.0, 993.0, 597.0]
[240.0, 16.0, 994.0, 582.0]
[144.0, 0.0, 899.0, 566.0]
[240.0, 48.0, 996.0, 615.0]
[80.0, 16.0, 837.0, 584.0]
[144.0, 32.0, 902.0, 600.0]
[176.0, 0.0, 935.0, 569.0]
[144.0, 32.0, 904.0, 602.0]
[48.0, 0.0, 809.0, 571.0]
[240.0, 32.0, 1002.0, 604.0]
[224.0, 48.0, 987.0, 620.0]
[64.0, 32.0, 828.0, 605.0]
[128.0, 48.0, 893.0, 622.0]
[144.0, 64.0, 910.0, 638.0]
[32.0, 64.0, 799.0, 639.0]
[64.0, 16.0, 832.0, 592.0]
[192.0, 32.0, 961.0, 609.0]
[208.0, 16.0, 978.0, 594.0]
[224.0, 48.0, 995.0, 626.0]
[240.0, 0.0, 1012.0, 579.0]
[96.0, 16.0, 869.0, 596.0]
[32.0, 32.0, 806.0, 612.0]
[176.0, 32.0, 951.0, 613.0]
[144.0, 16.0, 920.0, 598.0]
[240.0, 48.0, 1017.0, 631.0]
[160.0, 48.0, 938.0, 632.0]
[96.0, 0.0, 875.0, 584.0]
[48.0, 0.0, 828.0, 585.0]
[160.0, 0.0, 941.0, 586.0]
[144.0, 32.0, 926.0, 618.0]
[176.0, 0.0, 959.0, 587.0]
[32.0, 0.0, 816.0, 588.0]
[32.0, 48.0, 817.0, 637.0]
[144.0, 32.0, 930.0, 622.0]
[96.0, 32.0, 883.0, 622.0]
[48.0, 16.0, 836.0, 607.0]
[32.0, 64.0, 821.0, 656.0]
[224.0, 0.0, 1014.0, 592.0]
[112.0, 0.0, 903.0, 593.0]
[144.0, 32.0, 936.0, 626.0]
[96.0, 32.0, 889.0, 627.0]
[128.0, 64.0, 922.0, 660.0]
[160.0, 64.0, 955.0, 660.0]
[64.0, 16.0, 860.0, 613.0]
[32.0, 48.0, 829.0, 646.0]
[16.0, 32.0, 814.0, 630.0]
[144.0, 48.0, 943.0, 647.0]
[0.0, 0.0, 800.0, 600.0]
[80.0, 16.0, 881.0, 617.0]
[32.0, 48.0, 834.0, 650.0]
[160.0, 32.0, 963.0, 634.0]
[144.0, 48.0, 948.0, 651.0]
[48.0, 64.0, 853.0, 668.0]
[144.0, 16.0, 950.0, 620.0]
[16.0, 32.0, 823.0, 637.0]
[112.0, 16.0, 920.0, 622.0]
[32.0, 0.0, 841.0, 607.0]
[160.0, 0.0, 970.0, 608.0]
[208.0, 48.0, 1019.0, 656.0]
[144.0, 0.0, 956.0, 609.0]
[80.0, 32.0, 893.0, 642.0]
[144.0, 16.0, 958.0, 626.0]
[32.0, 16.0, 847.0, 627.0]
[32.0, 64.0, 848.0, 676.0]
[144.0, 48.0, 961.0, 661.0]
[96.0, 16.0, 914.0, 630.0]
[144.0, 48.0, 963.0, 662.0]
[96.0, 48.0, 916.0, 663.0]
[16.0, 16.0, 837.0, 632.0]
[128.0, 64.0, 950.0, 680.0]
[128.0, 0.0, 951.0, 617.0]
[64.0, 32.0, 888.0, 650.0]
[96.0, 48.0, 921.0, 667.0]
[144.0, 48.0, 970.0, 668.0]
[80.0, 16.0, 907.0, 636.0]
[64.0, 32.0, 892.0, 653.0]
[160.0, 16.0, 989.0, 638.0]
[176.0, 16.0, 1006.0, 638.0]
[192.0, 0.0, 1023.0, 623.0]
[112.0, 48.0, 944.0, 672.0]
[176.0, 16.0, 1009.0, 641.0]
[112.0, 0.0, 946.0, 626.0]
[0.0, 32.0, 835.0, 658.0]
[160.0, 32.0, 996.0, 659.0]
[176.0, 16.0, 1013.0, 644.0]
[0.0, 16.0, 838.0, 644.0]
[80.0, 0.0, 919.0, 629.0]
[160.0, 48.0, 1000.0, 678.0]
[80.0, 16.0, 921.0, 647.0]
[48.0, 0.0, 890.0, 632.0]
[0.0, 0.0, 843.0, 632.0]
[80.0, 48.0, 924.0, 681.0]
[16.0, 16.0, 861.0, 650.0]
[48.0, 32.0, 894.0, 666.0]
[32.0, 32.0, 879.0, 667.0]
[128.0, 0.0, 976.0, 636.0]
[48.0, 32.0, 897.0, 669.0]
[16.0, 0.0, 866.0, 638.0]
[144.0, 16.0, 995.0, 654.0]
[0.0, 0.0, 852.0, 639.0]
[160.0, 16.0, 1013.0, 656.0]
[144.0, 32.0, 998.0, 672.0]
[48.0, 0.0, 903.0, 641.0]
[112.0, 32.0, 968.0, 674.0]
[0.0, 32.0, 857.0, 675.0]
[112.0, 16.0, 970.0, 660.0]
[128.0, 0.0, 987.0, 644.0]
[0.0, 32.0, 860.0, 677.0]
[80.0, 32.0, 941.0, 678.0]
[0.0, 16.0, 862.0, 662.0]
[64.0, 32.0, 927.0, 679.0]
[160.0, 16.0, 1024.0, 664.0]
[32.0, 32.0, 897.0, 681.0]
[112.0, 16.0, 978.0, 666.0]
[0.0, 16.0, 867.0, 666.0]
[48.0, 0.0, 916.0, 651.0]
[128.0, 16.0, 997.0, 668.0]
[48.0, 0.0, 918.0, 652.0]
[48.0, 16.0, 919.0, 669.0]
[80.0, 16.0, 952.0, 670.0]
[32.0, 16.0, 905.0, 671.0]
[144.0, 0.0, 1018.0, 656.0]
[112.0, 16.0, 987.0, 672.0]
[80.0, 16.0, 956.0, 673.0]
[64.0, 0.0, 941.0, 658.0]
[128.0, 16.0, 1006.0, 674.0]
[112.0, 0.0, 991.0, 659.0]
[128.0, 0.0, 1008.0, 660.0]
[0.0, 16.0, 881.0, 677.0]
[32.0, 16.0, 914.0, 678.0]
[112.0, 16.0, 995.0, 678.0]
[48.0, 16.0, 932.0, 679.0]
[112.0, 0.0, 997.0, 664.0]
[48.0, 16.0, 934.0, 680.0]
[32.0, 0.0, 919.0, 665.0]
[128.0, 0.0, 1016.0, 666.0]
[96.0, 16.0, 985.0, 683.0]
[48.0, 0.0, 938.0, 668.0]
[112.0, 0.0, 1003.0, 668.0]
[64.0, 0.0, 956.0, 669.0]
[48.0, 0.0, 941.0, 670.0]
[96.0, 0.0, 990.0, 670.0]
[0.0, 0.0, 895.0, 671.0]
[112.0, 0.0, 1008.0, 672.0]
[96.0, 0.0, 993.0, 673.0]
[32.0, 0.0, 930.0, 674.0]
[80.0, 0.0, 979.0, 674.0]
[80.0, 0.0, 980.0, 675.0]
[64.0, 0.0, 965.0, 676.0]
[64.0, 0.0, 966.0, 676.0]
[32.0, 0.0, 935.0, 677.0]
[112.0, 0.0, 1016.0, 678.0]
[32.0, 0.0, 937.0, 679.0]
[0.0, 0.0, 906.0, 680.0]
[80.0, 0.0, 987.0, 680.0]
[112.0, 0.0, 1020.0, 681.0]
[64.0, 0.0, 973.0, 682.0]
[16.0, 0.0, 926.0, 682.0]
[64.0, 0.0, 975.0, 683.0]
