[80.0, 96.0, 797.0, 634.0]
[16.0, 80.0, 734.0, 618.0]
[48.0, 128.0, 767.0, 667.0]
[0.0, 80.0, 720.0, 620.0]
[128.0, 112.0, 849.0, 653.0]
[16.0, 80.0, 738.0, 622.0]
[48.0, 64.0, 771.0, 606.0]
[112.0, 80.0, 836.0, 623.0]
[16.0, 64.0, 741.0, 608.0]
[112.0, 64.0, 838.0, 608.0]
[48.0, 80.0, 775.0, 625.0]
[80.0, 80.0, 808.0, 626.0]
[0.0, 96.0, 729.0, 643.0]
[48.0, 96.0, 778.0, 644.0]
[80.0, 96.0, 811.0, 644.0]
[160.0, 96.0, 892.0, 645.0]
[64.0, 64.0, 797.0, 614.0]
[0.0, 112.0, 734.0, 662.0]
[64.0, 128.0, 799.0, 679.0]
[160.0, 112.0, 896.0, 664.0]
[64.0, 96.0, 801.0, 649.0]
[32.0, 64.0, 770.0, 618.0]
[48.0, 112.0, 787.0, 666.0]
[80.0, 80.0, 820.0, 635.0]
[48.0, 96.0, 789.0, 652.0]
[80.0, 48.0, 822.0, 604.0]
[80.0, 48.0, 823.0, 605.0]
[144.0, 96.0, 888.0, 654.0]
[80.0, 48.0, 825.0, 607.0]
[16.0, 112.0, 762.0, 672.0]
[32.0, 112.0, 779.0, 672.0]
[32.0, 80.0, 780.0, 641.0]
[80.0, 96.0, 829.0, 658.0]
[16.0, 64.0, 766.0, 626.0]
[0.0, 80.0, 751.0, 643.0]
[32.0, 48.0, 784.0, 612.0]
[112.0, 64.0, 865.0, 629.0]
[96.0, 64.0, 850.0, 630.0]
[32.0, 64.0, 787.0, 630.0]
[112.0, 96.0, 868.0, 663.0]
[48.0, 112.0, 805.0, 680.0]
[96.0, 96.0, 854.0, 664.0]
[48.0, 96.0, 807.0, 665.0]
[64.0, 96.0, 824.0, 666.0]
[16.0, 48.0, 777.0, 619.0]
[0.0, 80.0, 762.0, 652.0]
[0.0, 96.0, 763.0, 668.0]
[32.0, 96.0, 796.0, 669.0]
[80.0, 80.0, 845.0, 654.0]
[112.0, 96.0, 878.0, 670.0]
[64.0, 80.0, 831.0, 655.0]
[64.0, 96.0, 832.0, 672.0]
[64.0, 48.0, 833.0, 625.0]
[64.0, 64.0, 834.0, 642.0]
[32.0, 48.0, 803.0, 626.0]
[96.0, 64.0, 868.0, 643.0]
[96.0, 64.0, 869.0, 644.0]
[48.0, 80.0, 822.0, 660.0]
[80.0, 80.0, 855.0, 661.0]
[32.0, 16.0, 808.0, 598.0]
[32.0, 16.0, 809.0, 599.0]
[80.0, 48.0, 858.0, 632.0]
[48.0, 32.0, 827.0, 616.0]
[96.0, 96.0, 876.0, 681.0]
[32.0, 32.0, 813.0, 618.0]
[80.0, 64.0, 862.0, 650.0]
[48.0, 32.0, 831.0, 619.0]
[64.0, 32.0, 848.0, 620.0]
[48.0, 16.0, 833.0, 605.0]
[16.0, 48.0, 802.0, 638.0]
[48.0, 64.0, 835.0, 654.0]
[32.0, 48.0, 820.0, 639.0]
[48.0, 48.0, 837.0, 640.0]
[96.0, 48.0, 886.0, 640.0]
[32.0, 16.0, 823.0, 609.0]
[96.0, 48.0, 888.0, 642.0]
[96.0, 64.0, 889.0, 659.0]
[64.0, 80.0, 858.0, 676.0]
[80.0, 80.0, 875.0, 676.0]
[32.0, 16.0, 828.0, 613.0]
[48.0, 80.0, 845.0, 678.0]
[0.0, 80.0, 798.0, 678.0]
[48.0, 32.0, 847.0, 631.0]
[48.0, 80.0, 848.0, 680.0]
[48.0, 16.0, 849.0, 617.0]
[48.0, 64.0, 850.0, 666.0]
[96.0, 64.0, 899.0, 666.0]
[32.0, 48.0, 836.0, 651.0]
[48.0, 48.0, 853.0, 652.0]
[64.0, 64.0, 870.0, 668.0]
[32.0, 32.0, 839.0, 637.0]
[32.0, 32.0, 840.0, 638.0]
[16.0, 64.0, 825.0, 671.0]
[16.0, 48.0, 826.0, 656.0]
[32.0, 16.0, 843.0, 624.0]
[32.0, 32.0, 844.0, 641.0]
[32.0, 48.0, 845.0, 658.0]
[0.0, 48.0, 814.0, 658.0]
[0.0, 16.0, 815.0, 627.0]
[16.0, 16.0, 832.0, 628.0]
[32.0, 48.0, 849.0, 661.0]
[0.0, 16.0, 818.0, 630.0]
[16.0, 32.0, 835.0, 646.0]
[16.0, 16.0, 836.0, 631.0]
[48.0, 16.0, 869.0, 632.0]
[32.0, 32.0, 854.0, 648.0]
[0.0, 64.0, 823.0, 681.0]
[48.0, 48.0, 872.0, 666.0]
[80.0, 32.0, 905.0, 651.0]
[32.0, 32.0, 858.0, 652.0]
[80.0, 48.0, 907.0, 668.0]
[80.0, 48.0, 908.0, 669.0]
[16.0, 48.0, 845.0, 670.0]
[32.0, 48.0, 862.0, 670.0]
[48.0, 32.0, 879.0, 655.0]
[0.0, 48.0, 832.0, 672.0]
[0.0, 48.0, 833.0, 673.0]
[32.0, 48.0, 866.0, 674.0]
[0.0, 32.0, 835.0, 658.0]
[0.0, 32.0, 836.0, 659.0]
[16.0, 48.0, 853.0, 676.0]
[48.0, 48.0, 886.0, 676.0]
[32.0, 16.0, 871.0, 645.0]
[0.0, 48.0, 840.0, 678.0]
[0.0, 16.0, 841.0, 647.0]
[0.0, 32.0, 842.0, 664.0]
[64.0, 32.0, 907.0, 664.0]
[0.0, 16.0, 844.0, 649.0]
[48.0, 16.0, 893.0, 650.0]
[0.0, 16.0, 846.0, 650.0]
[16.0, 16.0, 863.0, 651.0]
[48.0, 32.0, 896.0, 668.0]
[16.0, 16.0, 865.0, 653.0]
[0.0, 16.0, 850.0, 654.0]
[0.0, 32.0, 851.0, 670.0]
[16.0, 16.0, 868.0, 655.0]
[0.0, 32.0, 853.0, 672.0]
[32.0, 32.0, 886.0, 672.0]
[32.0, 16.0, 887.0, 657.0]
[48.0, 16.0, 904.0, 658.0]
[0.0, 32.0, 857.0, 675.0]
[0.0, 32.0, 858.0, 676.0]
[16.0, 32.0, 875.0, 676.0]
[32.0, 16.0, 892.0, 661.0]
[0.0, 16.0, 861.0, 662.0]
[32.0, 32.0, 894.0, 678.0]
[32.0, 32.0, 895.0, 679.0]
[16.0, 16.0, 880.0, 664.0]
