[128.0, 0.0, 845.0, 538.0]
[304.0, 32.0, 1022.0, 570.0]
[208.0, 16.0, 927.0, 555.0]
[144.0, 16.0, 864.0, 556.0]
[208.0, 0.0, 929.0, 541.0]
[80.0, 32.0, 802.0, 574.0]
[80.0, 0.0, 803.0, 542.0]
[240.0, 0.0, 964.0, 543.0]
[144.0, 16.0, 869.0, 560.0]
[256.0, 16.0, 982.0, 560.0]
[208.0, 16.0, 935.0, 561.0]
[208.0, 16.0, 936.0, 562.0]
[288.0, 16.0, 1017.0, 563.0]
[240.0, 16.0, 970.0, 564.0]
[176.0, 0.0, 907.0, 548.0]
[80.0, 0.0, 812.0, 549.0]
[208.0, 16.0, 941.0, 566.0]
[80.0, 16.0, 814.0, 566.0]
[288.0, 0.0, 1023.0, 551.0]
[80.0, 0.0, 816.0, 552.0]
[80.0, 0.0, 817.0, 553.0]
[256.0, 0.0, 994.0, 554.0]
[144.0, 16.0, 883.0, 570.0]
[176.0, 16.0, 916.0, 571.0]
[112.0, 0.0, 853.0, 556.0]
[144.0, 0.0, 886.0, 556.0]
[96.0, 0.0, 839.0, 557.0]
[224.0, 16.0, 968.0, 574.0]
[256.0, 16.0, 1001.0, 575.0]
[80.0, 16.0, 826.0, 576.0]
[240.0, 16.0, 987.0, 576.0]
[272.0, 0.0, 1020.0, 561.0]
[256.0, 0.0, 1005.0, 562.0]
[80.0, 0.0, 830.0, 562.0]
[176.0, 0.0, 927.0, 563.0]
[96.0, 0.0, 848.0, 564.0]
[64.0, 0.0, 817.0, 565.0]
[80.0, 0.0, 834.0, 566.0]
[192.0, 0.0, 947.0, 566.0]
[208.0, 0.0, 964.0, 567.0]
[96.0, 0.0, 853.0, 568.0]
[160.0, 0.0, 918.0, 568.0]
[128.0, 0.0, 887.0, 569.0]
[176.0, 0.0, 936.0, 570.0]
[96.0, 0.0, 857.0, 571.0]
[208.0, 0.0, 970.0, 572.0]
[112.0, 0.0, 875.0, 572.0]
[96.0, 0.0, 860.0, 573.0]
[144.0, 0.0, 909.0, 574.0]
[144.0, 0.0, 910.0, 574.0]
[160.0, 0.0, 927.0, 575.0]
[80.0, 0.0, 848.0, 576.0]
