[224.0, 16.0, 941.0, 554.0]
[112.0, 32.0, 830.0, 570.0]
[80.0, 48.0, 799.0, 587.0]
[16.0, 0.0, 736.0, 540.0]
[112.0, 16.0, 833.0, 557.0]
[96.0, 32.0, 818.0, 574.0]
[96.0, 64.0, 819.0, 606.0]
[112.0, 0.0, 836.0, 543.0]
[64.0, 48.0, 789.0, 592.0]
[128.0, 0.0, 854.0, 544.0]
[80.0, 16.0, 807.0, 561.0]
[144.0, 0.0, 872.0, 546.0]
[160.0, 0.0, 889.0, 547.0]
[176.0, 32.0, 906.0, 580.0]
[32.0, 48.0, 763.0, 596.0]
[96.0, 16.0, 828.0, 565.0]
[32.0, 64.0, 765.0, 614.0]
[96.0, 64.0, 830.0, 614.0]
[192.0, 16.0, 927.0, 567.0]
[192.0, 32.0, 928.0, 584.0]
[48.0, 16.0, 785.0, 569.0]
[160.0, 48.0, 898.0, 602.0]
[160.0, 16.0, 899.0, 570.0]
[32.0, 0.0, 772.0, 555.0]
[96.0, 32.0, 837.0, 588.0]
[64.0, 16.0, 806.0, 572.0]
[0.0, 16.0, 743.0, 573.0]
[96.0, 0.0, 840.0, 558.0]
[128.0, 64.0, 873.0, 623.0]
[160.0, 64.0, 906.0, 624.0]
[16.0, 16.0, 763.0, 576.0]
[160.0, 0.0, 908.0, 561.0]
[96.0, 64.0, 845.0, 626.0]
[48.0, 32.0, 798.0, 594.0]
[96.0, 0.0, 847.0, 563.0]
[80.0, 48.0, 832.0, 612.0]
[160.0, 16.0, 913.0, 581.0]
[16.0, 32.0, 770.0, 598.0]
[64.0, 0.0, 819.0, 566.0]
[48.0, 0.0, 804.0, 567.0]
[192.0, 32.0, 949.0, 600.0]
[64.0, 32.0, 822.0, 600.0]
[80.0, 0.0, 839.0, 569.0]
[96.0, 16.0, 856.0, 586.0]
[0.0, 32.0, 761.0, 603.0]
[64.0, 32.0, 826.0, 604.0]
[0.0, 0.0, 763.0, 572.0]
[112.0, 48.0, 876.0, 621.0]
[160.0, 0.0, 925.0, 574.0]
[16.0, 48.0, 782.0, 622.0]
[144.0, 32.0, 911.0, 607.0]
[112.0, 48.0, 880.0, 624.0]
[192.0, 16.0, 961.0, 593.0]
[128.0, 16.0, 898.0, 594.0]
[80.0, 0.0, 851.0, 578.0]
[160.0, 48.0, 932.0, 627.0]
[64.0, 48.0, 837.0, 628.0]
[96.0, 48.0, 870.0, 628.0]
[64.0, 48.0, 839.0, 629.0]
[160.0, 32.0, 936.0, 614.0]
[16.0, 32.0, 793.0, 615.0]
[16.0, 0.0, 794.0, 584.0]
[0.0, 32.0, 779.0, 616.0]
[32.0, 0.0, 812.0, 585.0]
[128.0, 16.0, 909.0, 602.0]
[80.0, 0.0, 862.0, 586.0]
[176.0, 32.0, 959.0, 619.0]
[64.0, 16.0, 848.0, 604.0]
[0.0, 0.0, 785.0, 589.0]
[80.0, 16.0, 866.0, 606.0]
[144.0, 16.0, 931.0, 606.0]
[64.0, 0.0, 852.0, 591.0]
[112.0, 0.0, 901.0, 592.0]
[144.0, 0.0, 934.0, 592.0]
[128.0, 32.0, 919.0, 625.0]
[32.0, 0.0, 824.0, 594.0]
[0.0, 16.0, 793.0, 611.0]
[96.0, 0.0, 890.0, 596.0]
[128.0, 32.0, 923.0, 628.0]
[160.0, 0.0, 956.0, 597.0]
[32.0, 32.0, 829.0, 630.0]
[80.0, 32.0, 878.0, 630.0]
[16.0, 32.0, 815.0, 631.0]
[16.0, 32.0, 816.0, 632.0]
[128.0, 16.0, 929.0, 617.0]
[48.0, 16.0, 850.0, 618.0]
[128.0, 0.0, 931.0, 602.0]
[48.0, 0.0, 852.0, 603.0]
[96.0, 0.0, 901.0, 604.0]
[160.0, 16.0, 966.0, 620.0]
[128.0, 0.0, 935.0, 605.0]
[96.0, 16.0, 904.0, 622.0]
[0.0, 16.0, 809.0, 623.0]
[48.0, 16.0, 858.0, 624.0]
[112.0, 16.0, 923.0, 624.0]
[128.0, 16.0, 940.0, 625.0]
[144.0, 0.0, 957.0, 610.0]
[144.0, 0.0, 958.0, 610.0]
[48.0, 16.0, 863.0, 627.0]
[96.0, 0.0, 912.0, 612.0]
[80.0, 16.0, 897.0, 629.0]
[48.0, 16.0, 866.0, 630.0]
[128.0, 16.0, 947.0, 630.0]
[128.0, 0.0, 948.0, 615.0]
[16.0, 16.0, 837.0, 632.0]
[32.0, 16.0, 854.0, 632.0]
[16.0, 0.0, 839.0, 617.0]
[80.0, 0.0, 904.0, 618.0]
[32.0, 0.0, 857.0, 619.0]
[0.0, 0.0, 826.0, 620.0]
[64.0, 0.0, 891.0, 620.0]
[16.0, 0.0, 844.0, 621.0]
[80.0, 0.0, 909.0, 622.0]
[112.0, 0.0, 942.0, 622.0]
[64.0, 0.0, 895.0, 623.0]
[96.0, 0.0, 928.0, 624.0]
[96.0, 0.0, 929.0, 625.0]
[32.0, 0.0, 866.0, 626.0]
[16.0, 0.0, 851.0, 626.0]
[16.0, 0.0, 852.0, 627.0]
[48.0, 0.0, 885.0, 628.0]
[80.0, 0.0, 918.0, 628.0]
[0.0, 0.0, 839.0, 629.0]
[96.0, 0.0, 936.0, 630.0]
[96.0, 0.0, 937.0, 631.0]
[64.0, 0.0, 906.0, 632.0]
[112.0, 0.0, 955.0, 632.0]
[0.0, 0.0, 844.0, 633.0]
