[160.0, 48.0, 877.0, 586.0]
[48.0, 32.0, 766.0, 570.0]
[32.0, 48.0, 751.0, 587.0]
[96.0, 32.0, 816.0, 572.0]
[128.0, 64.0, 849.0, 605.0]
[112.0, 32.0, 834.0, 574.0]
[256.0, 48.0, 979.0, 590.0]
[240.0, 16.0, 964.0, 559.0]
[160.0, 32.0, 885.0, 576.0]
[96.0, 32.0, 822.0, 576.0]
[192.0, 64.0, 919.0, 609.0]
[144.0, 48.0, 872.0, 594.0]
[256.0, 32.0, 985.0, 579.0]
[192.0, 64.0, 922.0, 612.0]
[224.0, 32.0, 955.0, 580.0]
[96.0, 64.0, 828.0, 613.0]
[64.0, 64.0, 797.0, 614.0]
[112.0, 64.0, 846.0, 614.0]
[256.0, 16.0, 991.0, 567.0]
[240.0, 64.0, 976.0, 616.0]
[144.0, 32.0, 881.0, 585.0]
[240.0, 64.0, 978.0, 618.0]
[208.0, 16.0, 947.0, 570.0]
[256.0, 32.0, 996.0, 587.0]
[160.0, 32.0, 901.0, 588.0]
[176.0, 0.0, 918.0, 556.0]
[144.0, 64.0, 887.0, 621.0]
[192.0, 32.0, 936.0, 590.0]
[160.0, 64.0, 905.0, 623.0]
[256.0, 32.0, 1002.0, 592.0]
[176.0, 64.0, 923.0, 624.0]
[64.0, 48.0, 812.0, 609.0]
[240.0, 32.0, 989.0, 594.0]
[144.0, 48.0, 894.0, 610.0]
[112.0, 16.0, 863.0, 579.0]
[32.0, 48.0, 784.0, 612.0]
[144.0, 48.0, 897.0, 613.0]
[144.0, 64.0, 898.0, 630.0]
[240.0, 48.0, 995.0, 614.0]
[128.0, 0.0, 884.0, 567.0]
[144.0, 32.0, 901.0, 600.0]
[64.0, 64.0, 822.0, 632.0]
[32.0, 32.0, 791.0, 601.0]
[256.0, 32.0, 1016.0, 602.0]
[208.0, 0.0, 969.0, 571.0]
[208.0, 64.0, 970.0, 636.0]
[144.0, 16.0, 907.0, 588.0]
[64.0, 16.0, 828.0, 589.0]
[240.0, 0.0, 1005.0, 574.0]
[192.0, 48.0, 958.0, 622.0]
[32.0, 64.0, 799.0, 639.0]
[192.0, 16.0, 960.0, 592.0]
[208.0, 48.0, 977.0, 625.0]
[48.0, 32.0, 818.0, 610.0]
[16.0, 0.0, 787.0, 578.0]
[96.0, 48.0, 868.0, 627.0]
[16.0, 16.0, 789.0, 596.0]
[240.0, 16.0, 1014.0, 596.0]
[176.0, 16.0, 951.0, 597.0]
[176.0, 48.0, 952.0, 630.0]
[48.0, 16.0, 825.0, 599.0]
[16.0, 0.0, 794.0, 584.0]
[80.0, 0.0, 859.0, 584.0]
[160.0, 32.0, 940.0, 617.0]
[160.0, 0.0, 941.0, 586.0]
[160.0, 0.0, 942.0, 586.0]
[96.0, 48.0, 879.0, 635.0]
[96.0, 32.0, 880.0, 620.0]
[80.0, 0.0, 865.0, 589.0]
[144.0, 48.0, 930.0, 638.0]
[224.0, 0.0, 1011.0, 590.0]
[176.0, 16.0, 964.0, 607.0]
[208.0, 32.0, 997.0, 624.0]
[32.0, 32.0, 822.0, 624.0]
[80.0, 48.0, 871.0, 641.0]
[208.0, 16.0, 1000.0, 610.0]
[192.0, 32.0, 985.0, 627.0]
[144.0, 32.0, 938.0, 628.0]
[96.0, 16.0, 891.0, 612.0]
[176.0, 48.0, 972.0, 645.0]
[160.0, 16.0, 957.0, 614.0]
[128.0, 32.0, 926.0, 630.0]
[128.0, 32.0, 927.0, 631.0]
[32.0, 0.0, 832.0, 600.0]
[16.0, 16.0, 817.0, 617.0]
[80.0, 64.0, 882.0, 666.0]
[0.0, 0.0, 803.0, 602.0]
[128.0, 0.0, 932.0, 603.0]
[96.0, 32.0, 901.0, 636.0]
[192.0, 32.0, 998.0, 636.0]
[192.0, 32.0, 999.0, 637.0]
[160.0, 64.0, 968.0, 670.0]
[160.0, 64.0, 969.0, 671.0]
[112.0, 16.0, 922.0, 624.0]
[128.0, 48.0, 939.0, 656.0]
[96.0, 48.0, 908.0, 657.0]
[96.0, 64.0, 909.0, 674.0]
[0.0, 48.0, 814.0, 658.0]
[176.0, 16.0, 991.0, 627.0]
[16.0, 48.0, 832.0, 660.0]
[64.0, 64.0, 881.0, 677.0]
[144.0, 64.0, 962.0, 678.0]
[192.0, 0.0, 1011.0, 614.0]
[112.0, 32.0, 932.0, 647.0]
[16.0, 16.0, 837.0, 632.0]
[16.0, 0.0, 838.0, 616.0]
[160.0, 48.0, 983.0, 665.0]
[176.0, 0.0, 1000.0, 618.0]
[128.0, 0.0, 953.0, 619.0]
[96.0, 16.0, 922.0, 636.0]
[128.0, 64.0, 955.0, 684.0]
[80.0, 0.0, 908.0, 621.0]
[176.0, 32.0, 1005.0, 654.0]
[48.0, 32.0, 878.0, 654.0]
[176.0, 0.0, 1007.0, 623.0]
[192.0, 32.0, 1024.0, 656.0]
[128.0, 48.0, 961.0, 673.0]
[48.0, 0.0, 882.0, 626.0]
[112.0, 0.0, 947.0, 626.0]
[48.0, 16.0, 884.0, 643.0]
[32.0, 32.0, 869.0, 660.0]
[32.0, 32.0, 870.0, 660.0]
[160.0, 48.0, 999.0, 677.0]
[48.0, 0.0, 888.0, 630.0]
[16.0, 0.0, 857.0, 631.0]
[48.0, 0.0, 890.0, 632.0]
[32.0, 16.0, 875.0, 648.0]
[32.0, 16.0, 876.0, 649.0]
[128.0, 0.0, 973.0, 634.0]
[176.0, 32.0, 1022.0, 666.0]
[144.0, 0.0, 991.0, 635.0]
[0.0, 48.0, 848.0, 684.0]
[64.0, 16.0, 913.0, 653.0]
[48.0, 16.0, 898.0, 654.0]
[64.0, 32.0, 915.0, 670.0]
[64.0, 16.0, 916.0, 655.0]
[144.0, 16.0, 997.0, 656.0]
[32.0, 32.0, 886.0, 672.0]
[144.0, 0.0, 999.0, 641.0]
[128.0, 32.0, 984.0, 674.0]
[160.0, 16.0, 1017.0, 659.0]
[128.0, 32.0, 986.0, 676.0]
[96.0, 32.0, 955.0, 676.0]
[144.0, 16.0, 1004.0, 661.0]
[144.0, 16.0, 1005.0, 662.0]
[80.0, 32.0, 942.0, 678.0]
[96.0, 0.0, 959.0, 647.0]
[128.0, 16.0, 992.0, 664.0]
[48.0, 16.0, 913.0, 665.0]
[16.0, 16.0, 882.0, 666.0]
[48.0, 32.0, 915.0, 682.0]
[128.0, 16.0, 996.0, 667.0]
[112.0, 0.0, 981.0, 652.0]
[96.0, 0.0, 966.0, 652.0]
[16.0, 0.0, 887.0, 653.0]
[112.0, 16.0, 984.0, 670.0]
[32.0, 16.0, 905.0, 671.0]
[80.0, 0.0, 954.0, 656.0]
[128.0, 16.0, 1003.0, 672.0]
[48.0, 0.0, 924.0, 657.0]
[48.0, 16.0, 925.0, 674.0]
[96.0, 16.0, 974.0, 674.0]
[16.0, 16.0, 895.0, 675.0]
[32.0, 0.0, 912.0, 660.0]
[128.0, 16.0, 1009.0, 677.0]
[64.0, 16.0, 946.0, 678.0]
[32.0, 16.0, 915.0, 678.0]
[112.0, 0.0, 996.0, 663.0]
[32.0, 16.0, 917.0, 680.0]
[32.0, 0.0, 918.0, 664.0]
[80.0, 16.0, 967.0, 681.0]
[80.0, 16.0, 968.0, 682.0]
[32.0, 0.0, 921.0, 667.0]
[0.0, 0.0, 890.0, 668.0]
[128.0, 16.0, 1019.0, 684.0]
[128.0, 0.0, 1020.0, 669.0]
[128.0, 0.0, 1021.0, 670.0]
[48.0, 0.0, 942.0, 670.0]
[0.0, 0.0, 895.0, 671.0]
[64.0, 0.0, 960.0, 672.0]
[32.0, 0.0, 929.0, 673.0]
[16.0, 0.0, 914.0, 674.0]
[16.0, 0.0, 915.0, 674.0]
[80.0, 0.0, 980.0, 675.0]
[96.0, 0.0, 997.0, 676.0]
[80.0, 0.0, 982.0, 676.0]
[96.0, 0.0, 999.0, 677.0]
[64.0, 0.0, 968.0, 678.0]
[48.0, 0.0, 953.0, 679.0]
[32.0, 0.0, 938.0, 680.0]
[64.0, 0.0, 971.0, 680.0]
[80.0, 0.0, 988.0, 681.0]
[112.0, 0.0, 1021.0, 682.0]
[0.0, 0.0, 910.0, 682.0]
[16.0, 0.0, 927.0, 683.0]
[112.0, 0.0, 1024.0, 684.0]
