[224.0, 32.0, 941.0, 570.0]
[192.0, 64.0, 910.0, 602.0]
[48.0, 32.0, 767.0, 571.0]
[240.0, 32.0, 960.0, 572.0]
[48.0, 16.0, 769.0, 557.0]
[208.0, 16.0, 930.0, 558.0]
[32.0, 32.0, 755.0, 574.0]
[144.0, 32.0, 868.0, 575.0]
[192.0, 32.0, 917.0, 576.0]
[272.0, 48.0, 998.0, 592.0]
[64.0, 48.0, 791.0, 593.0]
[96.0, 48.0, 824.0, 594.0]
[32.0, 48.0, 761.0, 595.0]
[176.0, 64.0, 906.0, 612.0]
[272.0, 32.0, 1003.0, 580.0]
[80.0, 64.0, 812.0, 613.0]
[32.0, 16.0, 765.0, 566.0]
[240.0, 64.0, 974.0, 614.0]
[80.0, 16.0, 815.0, 567.0]
[272.0, 32.0, 1008.0, 584.0]
[160.0, 64.0, 897.0, 617.0]
[80.0, 48.0, 818.0, 602.0]
[192.0, 48.0, 931.0, 602.0]
[176.0, 0.0, 916.0, 555.0]
[96.0, 0.0, 837.0, 556.0]
[48.0, 16.0, 790.0, 572.0]
[192.0, 64.0, 935.0, 621.0]
[256.0, 48.0, 1000.0, 606.0]
[256.0, 48.0, 1001.0, 607.0]
[80.0, 32.0, 826.0, 592.0]
[128.0, 32.0, 875.0, 592.0]
[32.0, 32.0, 780.0, 593.0]
[96.0, 48.0, 845.0, 610.0]
[224.0, 0.0, 974.0, 562.0]
[80.0, 0.0, 831.0, 563.0]
[224.0, 64.0, 976.0, 628.0]
[160.0, 64.0, 913.0, 629.0]
[176.0, 16.0, 930.0, 582.0]
[48.0, 32.0, 803.0, 598.0]
[144.0, 48.0, 900.0, 615.0]
[192.0, 48.0, 949.0, 616.0]
[112.0, 16.0, 870.0, 584.0]
[16.0, 48.0, 775.0, 617.0]
[80.0, 16.0, 840.0, 586.0]
[64.0, 48.0, 825.0, 619.0]
[192.0, 16.0, 954.0, 588.0]
[208.0, 64.0, 971.0, 636.0]
[80.0, 64.0, 844.0, 637.0]
[176.0, 16.0, 941.0, 590.0]
[48.0, 16.0, 814.0, 590.0]
[176.0, 0.0, 943.0, 575.0]
[128.0, 16.0, 896.0, 592.0]
[112.0, 16.0, 881.0, 593.0]
[192.0, 0.0, 962.0, 578.0]
[64.0, 32.0, 835.0, 610.0]
[160.0, 48.0, 932.0, 627.0]
[16.0, 16.0, 789.0, 596.0]
[240.0, 0.0, 1014.0, 580.0]
[48.0, 64.0, 823.0, 645.0]
[128.0, 16.0, 904.0, 598.0]
[112.0, 64.0, 889.0, 647.0]
[208.0, 32.0, 986.0, 616.0]
[208.0, 0.0, 987.0, 584.0]
[176.0, 32.0, 956.0, 617.0]
[176.0, 16.0, 957.0, 602.0]
[128.0, 64.0, 910.0, 650.0]
[80.0, 32.0, 863.0, 619.0]
[176.0, 16.0, 960.0, 604.0]
[128.0, 48.0, 913.0, 637.0]
[32.0, 64.0, 818.0, 654.0]
[224.0, 48.0, 1011.0, 638.0]
[64.0, 32.0, 852.0, 623.0]
[224.0, 48.0, 1013.0, 640.0]
[160.0, 0.0, 950.0, 592.0]
[48.0, 32.0, 839.0, 625.0]
[48.0, 32.0, 840.0, 626.0]
[192.0, 0.0, 985.0, 595.0]
[144.0, 0.0, 938.0, 596.0]
[64.0, 48.0, 859.0, 644.0]
[208.0, 0.0, 1004.0, 597.0]
[96.0, 48.0, 893.0, 646.0]
[32.0, 48.0, 830.0, 646.0]
[16.0, 0.0, 815.0, 599.0]
[96.0, 16.0, 896.0, 616.0]
[80.0, 64.0, 881.0, 665.0]
[112.0, 16.0, 914.0, 618.0]
[128.0, 32.0, 931.0, 634.0]
[48.0, 64.0, 852.0, 667.0]
[48.0, 48.0, 853.0, 652.0]
[144.0, 64.0, 950.0, 668.0]
[32.0, 64.0, 839.0, 669.0]
[80.0, 64.0, 888.0, 670.0]
[32.0, 16.0, 841.0, 623.0]
[112.0, 32.0, 922.0, 640.0]
[160.0, 32.0, 971.0, 640.0]
[16.0, 0.0, 828.0, 609.0]
[0.0, 0.0, 813.0, 610.0]
[48.0, 0.0, 862.0, 610.0]
[16.0, 16.0, 831.0, 627.0]
[208.0, 32.0, 1024.0, 644.0]
[80.0, 0.0, 897.0, 613.0]
[176.0, 64.0, 994.0, 678.0]
[96.0, 32.0, 915.0, 646.0]
[64.0, 48.0, 884.0, 663.0]
[144.0, 48.0, 965.0, 664.0]
[160.0, 32.0, 982.0, 648.0]
[16.0, 0.0, 839.0, 617.0]
[128.0, 48.0, 952.0, 666.0]
[0.0, 0.0, 825.0, 619.0]
[96.0, 48.0, 922.0, 668.0]
[144.0, 32.0, 971.0, 652.0]
[112.0, 0.0, 940.0, 621.0]
[64.0, 32.0, 893.0, 654.0]
[0.0, 0.0, 830.0, 622.0]
[128.0, 32.0, 959.0, 655.0]
[48.0, 16.0, 880.0, 640.0]
[80.0, 32.0, 913.0, 657.0]
[64.0, 48.0, 898.0, 674.0]
[80.0, 48.0, 915.0, 674.0]
[176.0, 32.0, 1012.0, 659.0]
[128.0, 0.0, 965.0, 628.0]
[80.0, 0.0, 918.0, 628.0]
[0.0, 32.0, 839.0, 661.0]
[80.0, 0.0, 920.0, 630.0]
[160.0, 32.0, 1001.0, 663.0]
[160.0, 32.0, 1002.0, 664.0]
[80.0, 0.0, 923.0, 632.0]
[128.0, 16.0, 972.0, 649.0]
[128.0, 0.0, 973.0, 634.0]
[48.0, 32.0, 894.0, 666.0]
[176.0, 48.0, 1023.0, 683.0]
[128.0, 16.0, 976.0, 652.0]
[112.0, 16.0, 961.0, 653.0]
[96.0, 0.0, 946.0, 638.0]
[48.0, 16.0, 899.0, 654.0]
[160.0, 0.0, 1012.0, 639.0]
[16.0, 32.0, 869.0, 672.0]
[144.0, 16.0, 998.0, 656.0]
[144.0, 0.0, 999.0, 641.0]
[32.0, 0.0, 888.0, 642.0]
[96.0, 32.0, 953.0, 675.0]
[112.0, 0.0, 970.0, 644.0]
[32.0, 16.0, 891.0, 660.0]
[128.0, 32.0, 988.0, 677.0]
[32.0, 16.0, 893.0, 662.0]
[96.0, 0.0, 958.0, 646.0]
[160.0, 16.0, 1023.0, 663.0]
[160.0, 0.0, 1024.0, 648.0]
[80.0, 0.0, 945.0, 649.0]
[112.0, 32.0, 978.0, 682.0]
[80.0, 32.0, 947.0, 682.0]
[64.0, 0.0, 932.0, 651.0]
[112.0, 0.0, 981.0, 652.0]
[0.0, 16.0, 870.0, 668.0]
[80.0, 16.0, 951.0, 669.0]
[112.0, 0.0, 984.0, 654.0]
[64.0, 0.0, 937.0, 655.0]
[96.0, 0.0, 970.0, 656.0]
[112.0, 0.0, 987.0, 656.0]
[48.0, 0.0, 924.0, 657.0]
[0.0, 0.0, 877.0, 658.0]
[80.0, 0.0, 958.0, 658.0]
[144.0, 16.0, 1023.0, 675.0]
[112.0, 16.0, 992.0, 676.0]
[112.0, 0.0, 993.0, 661.0]
[0.0, 0.0, 882.0, 662.0]
[0.0, 0.0, 883.0, 662.0]
[64.0, 16.0, 948.0, 679.0]
[0.0, 16.0, 885.0, 680.0]
[0.0, 16.0, 886.0, 680.0]
[0.0, 0.0, 887.0, 665.0]
[64.0, 0.0, 952.0, 666.0]
[64.0, 0.0, 953.0, 667.0]
[128.0, 0.0, 1018.0, 668.0]
[64.0, 0.0, 955.0, 668.0]
[16.0, 0.0, 908.0, 669.0]
[80.0, 0.0, 973.0, 670.0]
[96.0, 0.0, 990.0, 670.0]
[96.0, 0.0, 991.0, 671.0]
[0.0, 0.0, 896.0, 672.0]
[48.0, 0.0, 945.0, 673.0]
[112.0, 0.0, 1010.0, 674.0]
[16.0, 0.0, 915.0, 674.0]
[32.0, 0.0, 932.0, 675.0]
[112.0, 0.0, 1013.0, 676.0]
[112.0, 0.0, 1014.0, 676.0]
[96.0, 0.0, 999.0, 677.0]
[48.0, 0.0, 952.0, 678.0]
[16.0, 0.0, 921.0, 679.0]
[64.0, 0.0, 970.0, 680.0]
[32.0, 0.0, 939.0, 680.0]
[64.0, 0.0, 972.0, 681.0]
[112.0, 0.0, 1021.0, 682.0]
[16.0, 0.0, 926.0, 682.0]
[64.0, 0.0, 975.0, 683.0]
