[112.0, 64.0, 829.0, 602.0]
[144.0, 128.0, 862.0, 666.0]
[144.0, 64.0, 863.0, 603.0]
[80.0, 96.0, 800.0, 636.0]
[32.0, 96.0, 753.0, 637.0]
[0.0, 96.0, 722.0, 638.0]
[112.0, 80.0, 835.0, 622.0]
[80.0, 112.0, 804.0, 655.0]
[48.0, 112.0, 773.0, 656.0]
[128.0, 96.0, 854.0, 640.0]
[112.0, 64.0, 839.0, 609.0]
[80.0, 128.0, 808.0, 674.0]
[112.0, 48.0, 841.0, 595.0]
[0.0, 128.0, 730.0, 676.0]
[64.0, 96.0, 795.0, 644.0]
[128.0, 128.0, 860.0, 677.0]
[16.0, 80.0, 749.0, 630.0]
[0.0, 112.0, 734.0, 662.0]
[64.0, 112.0, 799.0, 663.0]
[80.0, 32.0, 816.0, 584.0]
[80.0, 112.0, 817.0, 665.0]
[32.0, 128.0, 770.0, 682.0]
[64.0, 64.0, 803.0, 618.0]
[32.0, 96.0, 772.0, 651.0]
[32.0, 64.0, 773.0, 620.0]
[64.0, 112.0, 806.0, 668.0]
[80.0, 64.0, 823.0, 621.0]
[0.0, 96.0, 744.0, 654.0]
[80.0, 64.0, 825.0, 623.0]
[48.0, 96.0, 794.0, 656.0]
[0.0, 112.0, 747.0, 672.0]
[64.0, 48.0, 812.0, 609.0]
[112.0, 96.0, 861.0, 658.0]
[80.0, 80.0, 830.0, 642.0]
[32.0, 112.0, 783.0, 675.0]
[96.0, 80.0, 848.0, 644.0]
[80.0, 96.0, 833.0, 661.0]
[64.0, 80.0, 818.0, 646.0]
[64.0, 96.0, 819.0, 662.0]
[0.0, 80.0, 756.0, 647.0]
[48.0, 112.0, 805.0, 680.0]
[64.0, 64.0, 822.0, 632.0]
[64.0, 16.0, 823.0, 585.0]
[80.0, 48.0, 840.0, 618.0]
[0.0, 48.0, 761.0, 619.0]
[80.0, 16.0, 842.0, 588.0]
[64.0, 96.0, 827.0, 668.0]
[16.0, 64.0, 780.0, 637.0]
[32.0, 64.0, 797.0, 638.0]
[16.0, 80.0, 782.0, 654.0]
[32.0, 64.0, 799.0, 639.0]
[64.0, 48.0, 832.0, 624.0]
[16.0, 80.0, 785.0, 657.0]
[80.0, 32.0, 850.0, 610.0]
[0.0, 48.0, 771.0, 626.0]
[64.0, 80.0, 836.0, 659.0]
[32.0, 48.0, 805.0, 628.0]
[0.0, 48.0, 774.0, 628.0]
[16.0, 64.0, 791.0, 645.0]
[80.0, 80.0, 856.0, 662.0]
[48.0, 96.0, 825.0, 679.0]
[64.0, 96.0, 842.0, 680.0]
[64.0, 64.0, 843.0, 648.0]
[16.0, 80.0, 796.0, 665.0]
[32.0, 32.0, 813.0, 618.0]
[16.0, 96.0, 798.0, 682.0]
[48.0, 0.0, 831.0, 587.0]
[64.0, 64.0, 848.0, 652.0]
[0.0, 16.0, 785.0, 605.0]
[48.0, 64.0, 834.0, 654.0]
[64.0, 32.0, 851.0, 622.0]
[0.0, 64.0, 788.0, 655.0]
[32.0, 48.0, 821.0, 640.0]
[32.0, 48.0, 822.0, 640.0]
[32.0, 80.0, 823.0, 673.0]
[48.0, 32.0, 840.0, 626.0]
[64.0, 32.0, 857.0, 627.0]
[48.0, 80.0, 842.0, 676.0]
[48.0, 80.0, 843.0, 676.0]
[48.0, 80.0, 844.0, 677.0]
[48.0, 16.0, 845.0, 614.0]
[0.0, 64.0, 798.0, 662.0]
[16.0, 80.0, 815.0, 679.0]
[0.0, 48.0, 800.0, 648.0]
[0.0, 16.0, 801.0, 617.0]
[32.0, 0.0, 834.0, 602.0]
[0.0, 0.0, 803.0, 602.0]
[0.0, 16.0, 804.0, 619.0]
[48.0, 0.0, 853.0, 604.0]
[48.0, 32.0, 854.0, 636.0]
[0.0, 0.0, 807.0, 605.0]
[48.0, 32.0, 856.0, 638.0]
[32.0, 64.0, 841.0, 671.0]
[16.0, 48.0, 826.0, 656.0]
[0.0, 32.0, 811.0, 640.0]
[32.0, 0.0, 844.0, 609.0]
[32.0, 64.0, 845.0, 674.0]
[32.0, 64.0, 846.0, 674.0]
[16.0, 0.0, 831.0, 611.0]
