[176.0, 64.0, 893.0, 602.0]
[240.0, 96.0, 958.0, 634.0]
[288.0, 48.0, 1007.0, 587.0]
[176.0, 32.0, 896.0, 572.0]
[144.0, 64.0, 865.0, 605.0]
[176.0, 0.0, 898.0, 542.0]
[272.0, 48.0, 995.0, 590.0]
[256.0, 32.0, 980.0, 575.0]
[272.0, 80.0, 997.0, 624.0]
[192.0, 16.0, 918.0, 560.0]
[208.0, 16.0, 935.0, 561.0]
[240.0, 80.0, 968.0, 626.0]
[192.0, 48.0, 921.0, 595.0]
[160.0, 64.0, 890.0, 612.0]
[128.0, 32.0, 859.0, 580.0]
[144.0, 16.0, 876.0, 565.0]
[176.0, 80.0, 909.0, 630.0]
[288.0, 64.0, 1022.0, 614.0]
[176.0, 64.0, 911.0, 615.0]
[288.0, 32.0, 1024.0, 584.0]
[192.0, 16.0, 929.0, 569.0]
[240.0, 16.0, 978.0, 570.0]
[240.0, 32.0, 979.0, 586.0]
[272.0, 80.0, 1012.0, 635.0]
[128.0, 64.0, 869.0, 620.0]
[176.0, 48.0, 918.0, 604.0]
[272.0, 48.0, 1015.0, 605.0]
[208.0, 112.0, 952.0, 670.0]
[240.0, 48.0, 985.0, 607.0]
[208.0, 48.0, 954.0, 608.0]
[112.0, 16.0, 859.0, 576.0]
[208.0, 48.0, 956.0, 609.0]
[128.0, 48.0, 877.0, 610.0]
[144.0, 0.0, 894.0, 562.0]
[256.0, 48.0, 1007.0, 611.0]
[272.0, 48.0, 1024.0, 612.0]
[208.0, 0.0, 961.0, 565.0]
[176.0, 0.0, 930.0, 566.0]
[192.0, 64.0, 947.0, 630.0]
[224.0, 16.0, 980.0, 583.0]
[208.0, 32.0, 965.0, 600.0]
[192.0, 64.0, 950.0, 632.0]
[128.0, 64.0, 887.0, 633.0]
[112.0, 48.0, 872.0, 618.0]
[256.0, 64.0, 1017.0, 635.0]
[240.0, 0.0, 1002.0, 572.0]
[208.0, 64.0, 971.0, 636.0]
[160.0, 48.0, 924.0, 621.0]
[256.0, 48.0, 1021.0, 622.0]
[112.0, 16.0, 878.0, 590.0]
[96.0, 32.0, 863.0, 607.0]
[192.0, 32.0, 960.0, 608.0]
[208.0, 64.0, 977.0, 641.0]
[224.0, 96.0, 994.0, 674.0]
[176.0, 32.0, 947.0, 610.0]
[176.0, 96.0, 948.0, 675.0]
[224.0, 16.0, 997.0, 596.0]
[160.0, 32.0, 934.0, 612.0]
[176.0, 48.0, 951.0, 629.0]
[192.0, 96.0, 968.0, 678.0]
[224.0, 0.0, 1001.0, 583.0]
[192.0, 16.0, 970.0, 600.0]
[176.0, 80.0, 955.0, 664.0]
[144.0, 16.0, 924.0, 601.0]
[240.0, 48.0, 1021.0, 634.0]
[224.0, 0.0, 1006.0, 586.0]
[96.0, 16.0, 879.0, 603.0]
[240.0, 64.0, 1024.0, 652.0]
[112.0, 16.0, 897.0, 605.0]
[176.0, 48.0, 962.0, 638.0]
[176.0, 16.0, 963.0, 606.0]
[208.0, 16.0, 996.0, 607.0]
[192.0, 32.0, 981.0, 624.0]
[144.0, 32.0, 934.0, 624.0]
[128.0, 64.0, 919.0, 657.0]
[208.0, 64.0, 1000.0, 658.0]
[144.0, 32.0, 937.0, 627.0]
[160.0, 32.0, 954.0, 628.0]
[176.0, 32.0, 971.0, 628.0]
[144.0, 32.0, 940.0, 629.0]
[128.0, 32.0, 925.0, 630.0]
[144.0, 48.0, 942.0, 646.0]
[80.0, 16.0, 879.0, 615.0]
[80.0, 32.0, 880.0, 632.0]
[128.0, 16.0, 929.0, 617.0]
[208.0, 32.0, 1010.0, 634.0]
[192.0, 80.0, 995.0, 682.0]
[144.0, 16.0, 948.0, 619.0]
[128.0, 16.0, 933.0, 620.0]
[96.0, 16.0, 902.0, 620.0]
[176.0, 16.0, 983.0, 621.0]
[160.0, 0.0, 968.0, 606.0]
[160.0, 0.0, 969.0, 607.0]
[128.0, 16.0, 938.0, 624.0]
[208.0, 32.0, 1019.0, 640.0]
[144.0, 16.0, 956.0, 625.0]
[192.0, 0.0, 1005.0, 610.0]
[160.0, 32.0, 974.0, 642.0]
[192.0, 64.0, 1007.0, 675.0]
[80.0, 0.0, 896.0, 612.0]
[128.0, 64.0, 945.0, 677.0]
[160.0, 0.0, 978.0, 614.0]
[144.0, 16.0, 963.0, 630.0]
[144.0, 32.0, 964.0, 647.0]
[192.0, 64.0, 1013.0, 680.0]
[144.0, 16.0, 966.0, 632.0]
[128.0, 16.0, 951.0, 633.0]
[160.0, 48.0, 984.0, 666.0]
[160.0, 0.0, 985.0, 619.0]
[176.0, 64.0, 1002.0, 684.0]
[176.0, 16.0, 1003.0, 636.0]
[80.0, 0.0, 908.0, 621.0]
[80.0, 16.0, 909.0, 638.0]
[160.0, 32.0, 990.0, 654.0]
[112.0, 32.0, 943.0, 655.0]
[192.0, 32.0, 1024.0, 656.0]
[176.0, 0.0, 1009.0, 625.0]
[144.0, 48.0, 978.0, 674.0]
[160.0, 16.0, 995.0, 642.0]
[160.0, 48.0, 996.0, 675.0]
[80.0, 16.0, 917.0, 644.0]
[160.0, 32.0, 998.0, 660.0]
[112.0, 48.0, 951.0, 677.0]
[112.0, 16.0, 952.0, 646.0]
[96.0, 16.0, 937.0, 647.0]
[128.0, 16.0, 970.0, 648.0]
[160.0, 0.0, 1003.0, 632.0]
[112.0, 0.0, 956.0, 633.0]
[96.0, 16.0, 941.0, 650.0]
[112.0, 0.0, 958.0, 634.0]
[80.0, 0.0, 927.0, 635.0]
[112.0, 0.0, 960.0, 636.0]
[112.0, 32.0, 961.0, 669.0]
[96.0, 0.0, 946.0, 638.0]
[128.0, 0.0, 979.0, 638.0]
[128.0, 0.0, 980.0, 639.0]
[144.0, 16.0, 997.0, 656.0]
[128.0, 16.0, 982.0, 656.0]
[80.0, 32.0, 935.0, 673.0]
[160.0, 0.0, 1016.0, 642.0]
[128.0, 0.0, 985.0, 643.0]
[112.0, 0.0, 970.0, 644.0]
[128.0, 32.0, 987.0, 676.0]
[96.0, 32.0, 956.0, 677.0]
[160.0, 32.0, 1021.0, 678.0]
[80.0, 32.0, 942.0, 678.0]
[112.0, 16.0, 975.0, 663.0]
[80.0, 16.0, 944.0, 664.0]
[80.0, 32.0, 945.0, 681.0]
[144.0, 32.0, 1010.0, 682.0]
[128.0, 0.0, 995.0, 650.0]
[96.0, 32.0, 964.0, 683.0]
[144.0, 32.0, 1013.0, 684.0]
[112.0, 0.0, 982.0, 652.0]
[80.0, 0.0, 951.0, 653.0]
[144.0, 16.0, 1016.0, 670.0]
[128.0, 16.0, 1001.0, 671.0]
[80.0, 16.0, 954.0, 672.0]
[144.0, 16.0, 1019.0, 672.0]
[112.0, 0.0, 988.0, 657.0]
[96.0, 0.0, 973.0, 658.0]
[144.0, 0.0, 1022.0, 658.0]
[80.0, 0.0, 959.0, 659.0]
[144.0, 0.0, 1024.0, 660.0]
[128.0, 16.0, 1009.0, 677.0]
[128.0, 0.0, 1010.0, 662.0]
[96.0, 16.0, 979.0, 678.0]
[112.0, 16.0, 996.0, 679.0]
[112.0, 0.0, 997.0, 664.0]
[112.0, 0.0, 998.0, 664.0]
[128.0, 0.0, 1015.0, 665.0]
[128.0, 16.0, 1016.0, 682.0]
[112.0, 0.0, 1001.0, 667.0]
[112.0, 0.0, 1002.0, 668.0]
[112.0, 0.0, 1003.0, 668.0]
[80.0, 0.0, 972.0, 669.0]
[96.0, 0.0, 989.0, 670.0]
[112.0, 0.0, 1006.0, 670.0]
[80.0, 0.0, 975.0, 671.0]
[112.0, 0.0, 1008.0, 672.0]
[112.0, 0.0, 1009.0, 673.0]
[96.0, 0.0, 994.0, 674.0]
[80.0, 0.0, 979.0, 674.0]
[96.0, 0.0, 996.0, 675.0]
[80.0, 0.0, 981.0, 676.0]
[112.0, 0.0, 1014.0, 676.0]
[96.0, 0.0, 999.0, 677.0]
[96.0, 0.0, 1000.0, 678.0]
[80.0, 0.0, 985.0, 679.0]
[96.0, 0.0, 1002.0, 680.0]
[80.0, 0.0, 987.0, 680.0]
[80.0, 0.0, 988.0, 681.0]
[96.0, 0.0, 1005.0, 682.0]
[80.0, 0.0, 990.0, 682.0]
[112.0, 0.0, 1023.0, 683.0]
[96.0, 0.0, 1008.0, 684.0]
