[192.0, 64.0, 909.0, 602.0]
[32.0, 112.0, 750.0, 650.0]
[112.0, 128.0, 831.0, 667.0]
[48.0, 80.0, 768.0, 620.0]
[48.0, 80.0, 769.0, 621.0]
[112.0, 128.0, 834.0, 670.0]
[112.0, 80.0, 835.0, 622.0]
[160.0, 96.0, 884.0, 639.0]
[144.0, 96.0, 869.0, 640.0]
[80.0, 80.0, 806.0, 624.0]
[80.0, 96.0, 807.0, 641.0]
[80.0, 112.0, 808.0, 658.0]
[96.0, 112.0, 825.0, 659.0]
[176.0, 80.0, 906.0, 628.0]
[32.0, 128.0, 763.0, 676.0]
[144.0, 64.0, 876.0, 613.0]
[144.0, 48.0, 877.0, 598.0]
[144.0, 80.0, 878.0, 630.0]
[144.0, 48.0, 879.0, 599.0]
[112.0, 96.0, 848.0, 648.0]
[80.0, 128.0, 817.0, 681.0]
[64.0, 96.0, 802.0, 650.0]
[32.0, 48.0, 771.0, 602.0]
[96.0, 112.0, 836.0, 667.0]
[160.0, 64.0, 901.0, 620.0]
[96.0, 32.0, 838.0, 588.0]
[128.0, 112.0, 871.0, 669.0]
[112.0, 80.0, 856.0, 638.0]
[112.0, 32.0, 857.0, 591.0]
[144.0, 48.0, 890.0, 608.0]
[96.0, 112.0, 843.0, 672.0]
[128.0, 32.0, 876.0, 593.0]
[32.0, 64.0, 781.0, 626.0]
[112.0, 112.0, 862.0, 674.0]
[128.0, 32.0, 879.0, 595.0]
[64.0, 80.0, 816.0, 644.0]
[128.0, 64.0, 881.0, 629.0]
[96.0, 96.0, 850.0, 662.0]
[144.0, 80.0, 899.0, 646.0]
[144.0, 32.0, 900.0, 599.0]
[64.0, 48.0, 821.0, 616.0]
[80.0, 64.0, 838.0, 632.0]
[48.0, 32.0, 807.0, 601.0]
[144.0, 112.0, 904.0, 682.0]
[32.0, 96.0, 793.0, 667.0]
[144.0, 80.0, 906.0, 652.0]
[80.0, 64.0, 843.0, 636.0]
[64.0, 32.0, 828.0, 605.0]
[144.0, 80.0, 909.0, 654.0]
[112.0, 64.0, 878.0, 638.0]
[96.0, 16.0, 863.0, 591.0]
[112.0, 48.0, 880.0, 624.0]
[80.0, 48.0, 849.0, 625.0]
[48.0, 32.0, 818.0, 610.0]
[96.0, 64.0, 867.0, 642.0]
[80.0, 48.0, 852.0, 627.0]
[80.0, 32.0, 853.0, 612.0]
[64.0, 16.0, 838.0, 596.0]
[32.0, 64.0, 807.0, 645.0]
[96.0, 32.0, 872.0, 614.0]
[112.0, 64.0, 889.0, 647.0]
[96.0, 48.0, 874.0, 632.0]
[64.0, 16.0, 843.0, 600.0]
[64.0, 32.0, 844.0, 617.0]
[96.0, 16.0, 877.0, 602.0]
[32.0, 80.0, 814.0, 666.0]
[112.0, 96.0, 895.0, 683.0]
[128.0, 80.0, 912.0, 668.0]
[48.0, 80.0, 833.0, 669.0]
[64.0, 48.0, 850.0, 638.0]
[112.0, 32.0, 899.0, 622.0]
[64.0, 64.0, 852.0, 655.0]
[48.0, 0.0, 837.0, 592.0]
[48.0, 16.0, 838.0, 608.0]
[48.0, 16.0, 839.0, 609.0]
[80.0, 80.0, 872.0, 674.0]
[80.0, 64.0, 873.0, 659.0]
[80.0, 0.0, 874.0, 596.0]
[32.0, 0.0, 827.0, 596.0]
[32.0, 16.0, 828.0, 613.0]
[80.0, 16.0, 877.0, 614.0]
[112.0, 0.0, 910.0, 598.0]
[80.0, 16.0, 879.0, 615.0]
[64.0, 0.0, 864.0, 600.0]
[64.0, 32.0, 865.0, 633.0]
[64.0, 16.0, 866.0, 618.0]
[96.0, 48.0, 899.0, 650.0]
[32.0, 0.0, 836.0, 603.0]
[80.0, 0.0, 885.0, 604.0]
[96.0, 32.0, 902.0, 636.0]
[96.0, 32.0, 903.0, 637.0]
[96.0, 0.0, 904.0, 606.0]
[80.0, 64.0, 889.0, 671.0]
[64.0, 48.0, 874.0, 656.0]
[96.0, 16.0, 907.0, 624.0]
[32.0, 16.0, 844.0, 625.0]
[96.0, 16.0, 909.0, 626.0]
[32.0, 16.0, 846.0, 626.0]
[32.0, 48.0, 847.0, 659.0]
[80.0, 32.0, 896.0, 644.0]
[48.0, 48.0, 865.0, 661.0]
[32.0, 32.0, 850.0, 646.0]
[80.0, 32.0, 899.0, 646.0]
[48.0, 16.0, 868.0, 631.0]
[48.0, 64.0, 869.0, 680.0]
[32.0, 16.0, 854.0, 632.0]
[48.0, 16.0, 871.0, 633.0]
[80.0, 32.0, 904.0, 650.0]
[48.0, 0.0, 873.0, 619.0]
[32.0, 48.0, 858.0, 668.0]
[32.0, 32.0, 859.0, 652.0]
[48.0, 32.0, 876.0, 653.0]
[32.0, 0.0, 861.0, 622.0]
[64.0, 32.0, 894.0, 654.0]
[64.0, 48.0, 895.0, 671.0]
[48.0, 32.0, 880.0, 656.0]
[64.0, 0.0, 897.0, 625.0]
[32.0, 48.0, 866.0, 674.0]
[48.0, 48.0, 883.0, 674.0]
[48.0, 48.0, 884.0, 675.0]
[48.0, 32.0, 885.0, 660.0]
[64.0, 0.0, 902.0, 628.0]
[64.0, 48.0, 903.0, 677.0]
[48.0, 48.0, 888.0, 678.0]
[48.0, 0.0, 889.0, 631.0]
[64.0, 48.0, 906.0, 680.0]
[48.0, 0.0, 891.0, 632.0]
[48.0, 0.0, 892.0, 633.0]
[48.0, 32.0, 893.0, 666.0]
[48.0, 16.0, 894.0, 650.0]
[48.0, 0.0, 895.0, 635.0]
[48.0, 32.0, 896.0, 668.0]
[48.0, 0.0, 897.0, 637.0]
[48.0, 0.0, 898.0, 638.0]
[48.0, 0.0, 899.0, 638.0]
[48.0, 16.0, 900.0, 655.0]
[48.0, 0.0, 901.0, 640.0]
[48.0, 0.0, 902.0, 640.0]
[48.0, 0.0, 903.0, 641.0]
[48.0, 0.0, 904.0, 642.0]
