[304.0, 96.0, 1021.0, 634.0]
[304.0, 32.0, 1022.0, 570.0]
[272.0, 64.0, 991.0, 603.0]
[256.0, 0.0, 976.0, 540.0]
[176.0, 48.0, 897.0, 589.0]
[272.0, 112.0, 994.0, 654.0]
[256.0, 16.0, 979.0, 558.0]
[224.0, 16.0, 948.0, 559.0]
[224.0, 32.0, 949.0, 576.0]
[240.0, 0.0, 966.0, 544.0]
[272.0, 0.0, 999.0, 545.0]
[224.0, 48.0, 952.0, 594.0]
[288.0, 0.0, 1017.0, 547.0]
[192.0, 16.0, 922.0, 564.0]
[288.0, 64.0, 1019.0, 612.0]
[176.0, 48.0, 908.0, 597.0]
[256.0, 48.0, 989.0, 598.0]
[288.0, 64.0, 1022.0, 614.0]
[272.0, 16.0, 1007.0, 567.0]
[256.0, 48.0, 992.0, 600.0]
[224.0, 80.0, 961.0, 633.0]
[240.0, 96.0, 978.0, 650.0]
[256.0, 32.0, 995.0, 586.0]
[240.0, 64.0, 980.0, 619.0]
[256.0, 48.0, 997.0, 604.0]
[272.0, 16.0, 1014.0, 572.0]
[240.0, 48.0, 983.0, 605.0]
[192.0, 48.0, 936.0, 606.0]
[224.0, 64.0, 969.0, 623.0]
[272.0, 64.0, 1018.0, 624.0]
[272.0, 32.0, 1019.0, 592.0]
[240.0, 64.0, 988.0, 625.0]
[272.0, 16.0, 1021.0, 578.0]
[176.0, 48.0, 926.0, 610.0]
[224.0, 32.0, 975.0, 595.0]
[272.0, 16.0, 1024.0, 580.0]
[256.0, 80.0, 1009.0, 645.0]
[240.0, 0.0, 994.0, 566.0]
[256.0, 64.0, 1011.0, 630.0]
[208.0, 16.0, 964.0, 583.0]
[192.0, 64.0, 949.0, 632.0]
[240.0, 48.0, 998.0, 616.0]
[240.0, 0.0, 999.0, 569.0]
[224.0, 96.0, 984.0, 666.0]
[240.0, 64.0, 1001.0, 635.0]
[176.0, 32.0, 938.0, 604.0]
[208.0, 64.0, 971.0, 636.0]
[160.0, 16.0, 924.0, 589.0]
[224.0, 32.0, 989.0, 606.0]
[224.0, 80.0, 990.0, 654.0]
[256.0, 0.0, 1023.0, 575.0]
[176.0, 0.0, 944.0, 576.0]
[224.0, 0.0, 993.0, 577.0]
[224.0, 80.0, 994.0, 658.0]
[208.0, 64.0, 979.0, 642.0]
[224.0, 0.0, 996.0, 579.0]
[224.0, 16.0, 997.0, 596.0]
[224.0, 80.0, 998.0, 660.0]
[224.0, 80.0, 999.0, 661.0]
[176.0, 64.0, 952.0, 646.0]
[192.0, 32.0, 969.0, 615.0]
[208.0, 16.0, 986.0, 600.0]
[240.0, 32.0, 1019.0, 616.0]
[240.0, 64.0, 1020.0, 649.0]
[176.0, 48.0, 957.0, 634.0]
[240.0, 80.0, 1022.0, 666.0]
[192.0, 32.0, 975.0, 619.0]
[208.0, 64.0, 992.0, 652.0]
[144.0, 0.0, 929.0, 589.0]
[192.0, 48.0, 978.0, 638.0]
[208.0, 48.0, 995.0, 638.0]
[144.0, 32.0, 932.0, 623.0]
[208.0, 64.0, 997.0, 656.0]
[224.0, 64.0, 1014.0, 656.0]
[192.0, 80.0, 983.0, 673.0]
[208.0, 64.0, 1000.0, 658.0]
[224.0, 48.0, 1017.0, 643.0]
[160.0, 32.0, 954.0, 628.0]
[208.0, 0.0, 1003.0, 596.0]
[192.0, 0.0, 988.0, 597.0]
[192.0, 0.0, 989.0, 598.0]
[192.0, 64.0, 990.0, 662.0]
[208.0, 32.0, 1007.0, 631.0]
[176.0, 48.0, 976.0, 648.0]
[128.0, 0.0, 929.0, 601.0]
[208.0, 48.0, 1010.0, 650.0]
[128.0, 16.0, 931.0, 618.0]
[192.0, 16.0, 996.0, 619.0]
[208.0, 0.0, 1013.0, 604.0]
[176.0, 32.0, 982.0, 636.0]
[144.0, 16.0, 951.0, 621.0]
[176.0, 64.0, 984.0, 670.0]
[208.0, 16.0, 1017.0, 623.0]
[176.0, 0.0, 986.0, 608.0]
[144.0, 16.0, 955.0, 624.0]
[160.0, 48.0, 972.0, 657.0]
[208.0, 48.0, 1021.0, 658.0]
[208.0, 32.0, 1022.0, 642.0]
[208.0, 32.0, 1023.0, 643.0]
[160.0, 32.0, 976.0, 644.0]
[176.0, 32.0, 993.0, 645.0]
[144.0, 0.0, 962.0, 614.0]
[144.0, 16.0, 963.0, 630.0]
[176.0, 48.0, 996.0, 663.0]
[160.0, 48.0, 981.0, 664.0]
[192.0, 32.0, 1014.0, 648.0]
[192.0, 32.0, 1015.0, 649.0]
[160.0, 16.0, 984.0, 634.0]
[176.0, 32.0, 1001.0, 651.0]
[128.0, 0.0, 954.0, 620.0]
[176.0, 0.0, 1003.0, 620.0]
[144.0, 32.0, 972.0, 653.0]
[192.0, 16.0, 1021.0, 638.0]
[192.0, 32.0, 1022.0, 654.0]
[192.0, 16.0, 1023.0, 639.0]
[192.0, 32.0, 1024.0, 656.0]
[176.0, 0.0, 1009.0, 625.0]
[160.0, 48.0, 994.0, 674.0]
[128.0, 32.0, 963.0, 658.0]
[128.0, 0.0, 964.0, 627.0]
[144.0, 16.0, 981.0, 644.0]
[144.0, 0.0, 982.0, 628.0]
[128.0, 0.0, 967.0, 629.0]
[128.0, 32.0, 968.0, 662.0]
[176.0, 16.0, 1017.0, 647.0]
[160.0, 16.0, 1002.0, 648.0]
[144.0, 16.0, 987.0, 648.0]
[144.0, 32.0, 988.0, 665.0]
[160.0, 32.0, 1005.0, 666.0]
[160.0, 32.0, 1006.0, 666.0]
[144.0, 32.0, 991.0, 667.0]
[160.0, 0.0, 1008.0, 636.0]
[128.0, 32.0, 977.0, 669.0]
[144.0, 0.0, 994.0, 638.0]
[144.0, 0.0, 995.0, 638.0]
[144.0, 16.0, 996.0, 655.0]
[128.0, 32.0, 981.0, 672.0]
[144.0, 0.0, 998.0, 640.0]
[144.0, 32.0, 999.0, 673.0]
[144.0, 16.0, 1000.0, 658.0]
[160.0, 16.0, 1017.0, 659.0]
[160.0, 0.0, 1018.0, 644.0]
[128.0, 0.0, 987.0, 644.0]
[160.0, 0.0, 1020.0, 645.0]
