[144.0, 32.0, 885.0, 588.0]
[48.0, 48.0, 790.0, 604.0]
[192.0, 96.0, 935.0, 653.0]
[80.0, 64.0, 824.0, 622.0]
[48.0, 48.0, 793.0, 607.0]
[80.0, 80.0, 826.0, 640.0]
[48.0, 48.0, 795.0, 608.0]
[112.0, 96.0, 860.0, 657.0]
[112.0, 80.0, 861.0, 642.0]
[176.0, 80.0, 926.0, 642.0]
[192.0, 80.0, 943.0, 643.0]
[32.0, 32.0, 784.0, 596.0]
[160.0, 32.0, 913.0, 597.0]
[240.0, 64.0, 994.0, 630.0]
[144.0, 32.0, 899.0, 598.0]
[112.0, 32.0, 868.0, 599.0]
[80.0, 32.0, 837.0, 600.0]
[160.0, 80.0, 918.0, 648.0]
[32.0, 48.0, 791.0, 617.0]
[176.0, 80.0, 936.0, 650.0]
[160.0, 64.0, 921.0, 635.0]
[128.0, 96.0, 890.0, 668.0]
[64.0, 80.0, 827.0, 652.0]
[208.0, 16.0, 972.0, 589.0]
[112.0, 64.0, 877.0, 638.0]
[128.0, 96.0, 894.0, 670.0]
[176.0, 96.0, 943.0, 671.0]
[96.0, 96.0, 864.0, 672.0]
[224.0, 16.0, 993.0, 593.0]
[128.0, 64.0, 898.0, 642.0]
[192.0, 16.0, 963.0, 594.0]
[144.0, 96.0, 916.0, 675.0]
[160.0, 80.0, 933.0, 660.0]
[112.0, 80.0, 886.0, 660.0]
[144.0, 16.0, 919.0, 597.0]
[208.0, 0.0, 984.0, 582.0]
[80.0, 0.0, 857.0, 583.0]
[160.0, 48.0, 938.0, 632.0]
[144.0, 96.0, 923.0, 680.0]
[128.0, 16.0, 908.0, 601.0]
[112.0, 32.0, 893.0, 618.0]
[16.0, 80.0, 798.0, 666.0]
[144.0, 16.0, 927.0, 603.0]
[32.0, 48.0, 816.0, 636.0]
[176.0, 48.0, 961.0, 637.0]
[128.0, 32.0, 914.0, 622.0]
[48.0, 64.0, 835.0, 654.0]
[128.0, 32.0, 916.0, 623.0]
[208.0, 32.0, 997.0, 624.0]
[224.0, 64.0, 1014.0, 656.0]
[208.0, 16.0, 999.0, 609.0]
[208.0, 32.0, 1000.0, 626.0]
[208.0, 80.0, 1001.0, 675.0]
[112.0, 64.0, 906.0, 660.0]
[96.0, 64.0, 891.0, 660.0]
[208.0, 0.0, 1004.0, 597.0]
[0.0, 48.0, 797.0, 646.0]
[160.0, 16.0, 958.0, 614.0]
[176.0, 48.0, 975.0, 647.0]
[224.0, 64.0, 1024.0, 664.0]
[208.0, 0.0, 1009.0, 601.0]
[208.0, 16.0, 1010.0, 618.0]
[144.0, 16.0, 947.0, 618.0]
[192.0, 80.0, 996.0, 683.0]
[112.0, 48.0, 917.0, 652.0]
[16.0, 16.0, 822.0, 620.0]
[32.0, 48.0, 839.0, 653.0]
[16.0, 0.0, 824.0, 606.0]
[160.0, 32.0, 969.0, 639.0]
[96.0, 32.0, 906.0, 640.0]
[160.0, 48.0, 971.0, 656.0]
[112.0, 32.0, 924.0, 641.0]
[160.0, 64.0, 973.0, 674.0]
[64.0, 48.0, 878.0, 658.0]
[80.0, 0.0, 895.0, 611.0]
[64.0, 48.0, 880.0, 660.0]
[80.0, 16.0, 897.0, 629.0]
[32.0, 48.0, 850.0, 662.0]
[144.0, 16.0, 963.0, 630.0]
[176.0, 0.0, 996.0, 615.0]
[64.0, 32.0, 885.0, 648.0]
[16.0, 64.0, 838.0, 680.0]
[64.0, 16.0, 887.0, 633.0]
[96.0, 64.0, 920.0, 682.0]
[16.0, 32.0, 841.0, 651.0]
[144.0, 48.0, 970.0, 668.0]
[176.0, 0.0, 1003.0, 620.0]
[144.0, 16.0, 972.0, 637.0]
[176.0, 0.0, 1005.0, 622.0]
[80.0, 16.0, 910.0, 638.0]
[112.0, 48.0, 943.0, 671.0]
[128.0, 48.0, 960.0, 672.0]
[0.0, 48.0, 833.0, 673.0]
[48.0, 0.0, 882.0, 626.0]
[80.0, 16.0, 915.0, 642.0]
[144.0, 0.0, 980.0, 627.0]
[128.0, 32.0, 965.0, 660.0]
[48.0, 32.0, 886.0, 660.0]
[96.0, 16.0, 935.0, 645.0]
[32.0, 0.0, 872.0, 630.0]
[176.0, 16.0, 1017.0, 647.0]
[48.0, 16.0, 890.0, 648.0]
[16.0, 32.0, 859.0, 664.0]
[144.0, 16.0, 988.0, 649.0]
[112.0, 0.0, 957.0, 634.0]
[32.0, 0.0, 878.0, 634.0]
[112.0, 16.0, 959.0, 651.0]
[96.0, 16.0, 944.0, 652.0]
[16.0, 0.0, 865.0, 637.0]
[16.0, 0.0, 866.0, 638.0]
[160.0, 16.0, 1011.0, 654.0]
[96.0, 32.0, 948.0, 671.0]
[112.0, 16.0, 965.0, 656.0]
[80.0, 32.0, 934.0, 672.0]
[64.0, 0.0, 919.0, 641.0]
[112.0, 16.0, 968.0, 658.0]
[144.0, 0.0, 1001.0, 643.0]
[0.0, 0.0, 858.0, 644.0]
[96.0, 16.0, 955.0, 660.0]
[32.0, 16.0, 892.0, 661.0]
[48.0, 32.0, 909.0, 678.0]
[16.0, 16.0, 878.0, 662.0]
[112.0, 0.0, 975.0, 647.0]
[64.0, 16.0, 928.0, 664.0]
[64.0, 16.0, 929.0, 665.0]
[0.0, 32.0, 866.0, 682.0]
[144.0, 0.0, 1011.0, 650.0]
[48.0, 16.0, 916.0, 667.0]
[48.0, 16.0, 917.0, 668.0]
[80.0, 16.0, 950.0, 668.0]
[144.0, 16.0, 1015.0, 669.0]
[80.0, 0.0, 952.0, 654.0]
[144.0, 0.0, 1017.0, 655.0]
[144.0, 16.0, 1018.0, 672.0]
[16.0, 0.0, 891.0, 656.0]
[48.0, 0.0, 924.0, 657.0]
[48.0, 16.0, 925.0, 674.0]
[112.0, 0.0, 990.0, 658.0]
[80.0, 16.0, 959.0, 675.0]
[128.0, 16.0, 1008.0, 676.0]
[80.0, 0.0, 961.0, 661.0]
[64.0, 0.0, 946.0, 662.0]
[96.0, 16.0, 979.0, 678.0]
[48.0, 16.0, 932.0, 679.0]
[32.0, 0.0, 917.0, 664.0]
[80.0, 16.0, 966.0, 680.0]
[128.0, 16.0, 1015.0, 681.0]
[96.0, 16.0, 984.0, 682.0]
[128.0, 16.0, 1017.0, 683.0]
[80.0, 0.0, 970.0, 668.0]
[64.0, 0.0, 955.0, 668.0]
[0.0, 0.0, 892.0, 669.0]
[112.0, 0.0, 1005.0, 670.0]
[64.0, 0.0, 958.0, 670.0]
[16.0, 0.0, 911.0, 671.0]
[112.0, 0.0, 1008.0, 672.0]
[48.0, 0.0, 945.0, 673.0]
[64.0, 0.0, 962.0, 674.0]
[112.0, 0.0, 1011.0, 674.0]
[32.0, 0.0, 932.0, 675.0]
[80.0, 0.0, 981.0, 676.0]
[32.0, 0.0, 934.0, 676.0]
[80.0, 0.0, 983.0, 677.0]
[48.0, 0.0, 952.0, 678.0]
[48.0, 0.0, 953.0, 679.0]
[32.0, 0.0, 938.0, 680.0]
[0.0, 0.0, 907.0, 680.0]
[112.0, 0.0, 1020.0, 681.0]
[96.0, 0.0, 1005.0, 682.0]
[96.0, 0.0, 1006.0, 682.0]
[80.0, 0.0, 991.0, 683.0]
