[112.0, 48.0, 829.0, 586.0]
[192.0, 64.0, 910.0, 602.0]
[192.0, 64.0, 911.0, 603.0]
[80.0, 80.0, 800.0, 620.0]
[160.0, 80.0, 881.0, 621.0]
[112.0, 64.0, 834.0, 606.0]
[208.0, 16.0, 931.0, 558.0]
[128.0, 112.0, 852.0, 655.0]
[224.0, 16.0, 949.0, 560.0]
[224.0, 64.0, 950.0, 608.0]
[192.0, 80.0, 919.0, 625.0]
[80.0, 80.0, 808.0, 626.0]
[176.0, 112.0, 905.0, 659.0]
[144.0, 112.0, 874.0, 660.0]
[80.0, 80.0, 811.0, 628.0]
[176.0, 32.0, 908.0, 581.0]
[96.0, 0.0, 829.0, 550.0]
[176.0, 16.0, 910.0, 566.0]
[192.0, 0.0, 927.0, 551.0]
[128.0, 48.0, 864.0, 600.0]
[208.0, 32.0, 945.0, 585.0]
[96.0, 16.0, 834.0, 570.0]
[80.0, 0.0, 819.0, 554.0]
[224.0, 16.0, 964.0, 571.0]
[192.0, 0.0, 933.0, 556.0]
[96.0, 96.0, 838.0, 652.0]
[112.0, 16.0, 855.0, 573.0]
[144.0, 80.0, 888.0, 638.0]
[96.0, 48.0, 841.0, 607.0]
[16.0, 32.0, 762.0, 592.0]
[192.0, 0.0, 939.0, 560.0]
[128.0, 64.0, 876.0, 625.0]
[96.0, 80.0, 845.0, 642.0]
[112.0, 16.0, 862.0, 578.0]
[96.0, 96.0, 847.0, 659.0]
[192.0, 48.0, 944.0, 612.0]
[176.0, 64.0, 929.0, 629.0]
[64.0, 32.0, 818.0, 598.0]
[128.0, 80.0, 883.0, 646.0]
[112.0, 32.0, 868.0, 599.0]
[48.0, 16.0, 805.0, 584.0]
[256.0, 32.0, 1014.0, 600.0]
[176.0, 48.0, 935.0, 617.0]
[144.0, 16.0, 904.0, 586.0]
[64.0, 16.0, 825.0, 587.0]
[96.0, 80.0, 858.0, 652.0]
[192.0, 16.0, 955.0, 588.0]
[80.0, 16.0, 844.0, 589.0]
[224.0, 32.0, 989.0, 606.0]
[160.0, 64.0, 926.0, 638.0]
[112.0, 32.0, 879.0, 607.0]
[224.0, 0.0, 992.0, 576.0]
[128.0, 0.0, 897.0, 577.0]
[64.0, 32.0, 834.0, 610.0]
[176.0, 48.0, 947.0, 626.0]
[96.0, 48.0, 868.0, 627.0]
[192.0, 0.0, 965.0, 580.0]
[64.0, 80.0, 838.0, 660.0]
[144.0, 48.0, 919.0, 629.0]
[48.0, 16.0, 824.0, 598.0]
[176.0, 48.0, 953.0, 631.0]
[192.0, 16.0, 970.0, 600.0]
[64.0, 16.0, 843.0, 600.0]
[64.0, 48.0, 844.0, 633.0]
[144.0, 0.0, 925.0, 586.0]
[224.0, 16.0, 1006.0, 602.0]
[112.0, 48.0, 895.0, 635.0]
[48.0, 64.0, 832.0, 652.0]
[144.0, 16.0, 929.0, 605.0]
[192.0, 48.0, 978.0, 638.0]
[16.0, 32.0, 803.0, 622.0]
[176.0, 48.0, 964.0, 639.0]
[32.0, 48.0, 821.0, 640.0]
[16.0, 16.0, 806.0, 608.0]
[128.0, 32.0, 919.0, 625.0]
[128.0, 32.0, 920.0, 626.0]
[176.0, 48.0, 969.0, 643.0]
[192.0, 16.0, 986.0, 612.0]
[176.0, 64.0, 971.0, 660.0]
[128.0, 48.0, 924.0, 645.0]
[192.0, 0.0, 989.0, 598.0]
[64.0, 0.0, 862.0, 598.0]
[208.0, 16.0, 1007.0, 615.0]
[112.0, 0.0, 912.0, 600.0]
[144.0, 32.0, 945.0, 633.0]
[160.0, 48.0, 962.0, 650.0]
[144.0, 16.0, 947.0, 618.0]
[176.0, 16.0, 980.0, 619.0]
[128.0, 0.0, 933.0, 604.0]
[80.0, 48.0, 886.0, 652.0]
[64.0, 0.0, 871.0, 605.0]
[160.0, 0.0, 968.0, 606.0]
[112.0, 0.0, 921.0, 607.0]
[176.0, 16.0, 986.0, 624.0]
[0.0, 32.0, 811.0, 640.0]
[112.0, 0.0, 924.0, 609.0]
[16.0, 16.0, 829.0, 626.0]
[64.0, 48.0, 878.0, 658.0]
[176.0, 16.0, 991.0, 627.0]
[96.0, 16.0, 912.0, 628.0]
[96.0, 48.0, 913.0, 661.0]
[128.0, 48.0, 946.0, 662.0]
[128.0, 0.0, 947.0, 614.0]
[128.0, 16.0, 948.0, 631.0]
[128.0, 32.0, 949.0, 648.0]
[96.0, 32.0, 918.0, 648.0]
[192.0, 32.0, 1015.0, 649.0]
[16.0, 32.0, 840.0, 650.0]
[112.0, 32.0, 937.0, 651.0]
[48.0, 16.0, 874.0, 636.0]
[16.0, 0.0, 843.0, 620.0]
[176.0, 16.0, 1004.0, 637.0]
[112.0, 48.0, 941.0, 670.0]
[80.0, 32.0, 910.0, 654.0]
[96.0, 48.0, 927.0, 671.0]
[0.0, 32.0, 832.0, 656.0]
[112.0, 32.0, 945.0, 657.0]
[128.0, 48.0, 962.0, 674.0]
[176.0, 32.0, 1011.0, 658.0]
[112.0, 32.0, 948.0, 659.0]
[48.0, 16.0, 885.0, 644.0]
[160.0, 48.0, 998.0, 676.0]
[0.0, 0.0, 839.0, 629.0]
[176.0, 0.0, 1016.0, 630.0]
[144.0, 0.0, 985.0, 631.0]
[160.0, 16.0, 1002.0, 648.0]
[80.0, 0.0, 923.0, 632.0]
[160.0, 32.0, 1004.0, 665.0]
[160.0, 32.0, 1005.0, 666.0]
[176.0, 16.0, 1022.0, 650.0]
[96.0, 32.0, 943.0, 667.0]
[48.0, 16.0, 896.0, 652.0]
[48.0, 0.0, 897.0, 637.0]
[144.0, 16.0, 994.0, 654.0]
[0.0, 0.0, 851.0, 638.0]
[144.0, 0.0, 996.0, 639.0]
[112.0, 32.0, 965.0, 672.0]
[128.0, 0.0, 982.0, 640.0]
[48.0, 0.0, 903.0, 641.0]
[112.0, 0.0, 968.0, 642.0]
[96.0, 32.0, 953.0, 675.0]
[48.0, 32.0, 906.0, 676.0]
[16.0, 16.0, 875.0, 660.0]
[144.0, 16.0, 1004.0, 661.0]
[80.0, 0.0, 941.0, 646.0]
[64.0, 0.0, 926.0, 646.0]
[128.0, 16.0, 991.0, 663.0]
[64.0, 0.0, 928.0, 648.0]
[64.0, 0.0, 929.0, 649.0]
[80.0, 16.0, 946.0, 666.0]
[96.0, 16.0, 963.0, 666.0]
[32.0, 0.0, 900.0, 651.0]
[144.0, 0.0, 1013.0, 652.0]
[0.0, 0.0, 870.0, 652.0]
[64.0, 16.0, 935.0, 669.0]
[128.0, 0.0, 1000.0, 654.0]
[96.0, 16.0, 969.0, 671.0]
[48.0, 16.0, 922.0, 672.0]
[96.0, 0.0, 971.0, 656.0]
[144.0, 16.0, 1020.0, 673.0]
[64.0, 16.0, 941.0, 674.0]
[128.0, 0.0, 1006.0, 658.0]
[16.0, 16.0, 895.0, 675.0]
[0.0, 16.0, 880.0, 676.0]
[0.0, 0.0, 881.0, 661.0]
[128.0, 0.0, 1010.0, 662.0]
[96.0, 0.0, 979.0, 662.0]
[48.0, 0.0, 932.0, 663.0]
[96.0, 0.0, 981.0, 664.0]
[32.0, 0.0, 918.0, 664.0]
[96.0, 0.0, 983.0, 665.0]
[96.0, 0.0, 984.0, 666.0]
[48.0, 0.0, 937.0, 667.0]
[32.0, 0.0, 922.0, 668.0]
[32.0, 0.0, 923.0, 668.0]
[48.0, 0.0, 940.0, 669.0]
[48.0, 0.0, 941.0, 670.0]
[128.0, 0.0, 1022.0, 670.0]
[48.0, 0.0, 943.0, 671.0]
[48.0, 0.0, 944.0, 672.0]
[0.0, 0.0, 897.0, 673.0]
[32.0, 0.0, 930.0, 674.0]
[48.0, 0.0, 947.0, 674.0]
[80.0, 0.0, 980.0, 675.0]
[96.0, 0.0, 997.0, 676.0]
[48.0, 0.0, 950.0, 676.0]
[96.0, 0.0, 999.0, 677.0]
