[272.0, 112.0, 989.0, 650.0]
[112.0, 128.0, 830.0, 666.0]
[272.0, 112.0, 991.0, 651.0]
[176.0, 128.0, 896.0, 668.0]
[256.0, 128.0, 977.0, 669.0]
[112.0, 128.0, 834.0, 670.0]
[224.0, 128.0, 947.0, 670.0]
[256.0, 112.0, 980.0, 655.0]
[192.0, 112.0, 917.0, 656.0]
[272.0, 112.0, 998.0, 656.0]
[112.0, 112.0, 839.0, 657.0]
[208.0, 128.0, 936.0, 674.0]
[256.0, 128.0, 985.0, 675.0]
[192.0, 128.0, 922.0, 676.0]
[256.0, 128.0, 987.0, 676.0]
[144.0, 128.0, 876.0, 677.0]
[208.0, 112.0, 941.0, 662.0]
[240.0, 128.0, 974.0, 678.0]
[192.0, 128.0, 927.0, 679.0]
[112.0, 112.0, 848.0, 664.0]
[112.0, 128.0, 849.0, 681.0]
[176.0, 112.0, 914.0, 666.0]
[160.0, 128.0, 899.0, 682.0]
[240.0, 128.0, 980.0, 683.0]
[144.0, 128.0, 885.0, 684.0]
[160.0, 112.0, 902.0, 668.0]
[128.0, 112.0, 871.0, 669.0]
[160.0, 96.0, 904.0, 654.0]
[128.0, 96.0, 873.0, 655.0]
[128.0, 112.0, 874.0, 672.0]
[224.0, 112.0, 971.0, 672.0]
[240.0, 96.0, 988.0, 657.0]
[112.0, 112.0, 861.0, 674.0]
[160.0, 112.0, 910.0, 674.0]
[208.0, 96.0, 959.0, 659.0]
[112.0, 112.0, 864.0, 676.0]
[128.0, 96.0, 881.0, 661.0]
[208.0, 80.0, 962.0, 646.0]
[224.0, 96.0, 979.0, 662.0]
[224.0, 96.0, 980.0, 663.0]
[208.0, 112.0, 965.0, 680.0]
[144.0, 80.0, 902.0, 648.0]
[176.0, 80.0, 935.0, 649.0]
[144.0, 112.0, 904.0, 682.0]
[112.0, 112.0, 873.0, 683.0]
[128.0, 96.0, 890.0, 668.0]
[208.0, 80.0, 971.0, 652.0]
[176.0, 80.0, 940.0, 653.0]
[208.0, 80.0, 973.0, 654.0]
[144.0, 80.0, 910.0, 654.0]
[160.0, 80.0, 927.0, 655.0]
[128.0, 96.0, 896.0, 672.0]
[208.0, 96.0, 977.0, 673.0]
[224.0, 96.0, 994.0, 674.0]
[144.0, 96.0, 915.0, 674.0]
[208.0, 80.0, 980.0, 659.0]
[112.0, 96.0, 885.0, 676.0]
[112.0, 96.0, 886.0, 676.0]
[112.0, 80.0, 887.0, 661.0]
[128.0, 80.0, 904.0, 662.0]
[192.0, 80.0, 969.0, 663.0]
[128.0, 80.0, 906.0, 664.0]
[176.0, 80.0, 955.0, 664.0]
[160.0, 96.0, 940.0, 681.0]
[144.0, 96.0, 925.0, 682.0]
[176.0, 64.0, 958.0, 650.0]
[176.0, 96.0, 959.0, 683.0]
[144.0, 80.0, 928.0, 668.0]
[144.0, 64.0, 929.0, 653.0]
[176.0, 64.0, 962.0, 654.0]
[128.0, 64.0, 915.0, 654.0]
[176.0, 80.0, 964.0, 671.0]
[144.0, 64.0, 933.0, 656.0]
[112.0, 64.0, 902.0, 656.0]
[112.0, 80.0, 903.0, 673.0]
[128.0, 64.0, 920.0, 658.0]
[128.0, 64.0, 921.0, 659.0]
[160.0, 80.0, 954.0, 676.0]
[128.0, 64.0, 923.0, 660.0]
[160.0, 64.0, 956.0, 661.0]
[176.0, 64.0, 973.0, 662.0]
[192.0, 64.0, 990.0, 662.0]
[160.0, 64.0, 959.0, 663.0]
[144.0, 64.0, 944.0, 664.0]
[144.0, 64.0, 945.0, 665.0]
[176.0, 48.0, 978.0, 650.0]
[176.0, 48.0, 979.0, 650.0]
[160.0, 48.0, 964.0, 651.0]
[160.0, 64.0, 965.0, 668.0]
[176.0, 80.0, 982.0, 684.0]
[128.0, 64.0, 935.0, 669.0]
[160.0, 48.0, 968.0, 654.0]
[128.0, 48.0, 937.0, 655.0]
[176.0, 64.0, 986.0, 672.0]
[128.0, 64.0, 939.0, 672.0]
[176.0, 64.0, 988.0, 673.0]
[144.0, 64.0, 957.0, 674.0]
[144.0, 48.0, 958.0, 658.0]
[160.0, 64.0, 975.0, 675.0]
[160.0, 48.0, 976.0, 660.0]
[160.0, 64.0, 977.0, 677.0]
[160.0, 64.0, 978.0, 678.0]
[128.0, 48.0, 947.0, 662.0]
[160.0, 64.0, 980.0, 679.0]
[128.0, 64.0, 949.0, 680.0]
[160.0, 64.0, 982.0, 680.0]
[128.0, 64.0, 951.0, 681.0]
[160.0, 64.0, 984.0, 682.0]
[144.0, 32.0, 969.0, 651.0]
[144.0, 48.0, 970.0, 668.0]
[160.0, 64.0, 987.0, 684.0]
[144.0, 32.0, 972.0, 653.0]
[160.0, 48.0, 989.0, 670.0]
[144.0, 48.0, 974.0, 670.0]
[144.0, 48.0, 975.0, 671.0]
[144.0, 48.0, 976.0, 672.0]
[144.0, 32.0, 977.0, 657.0]
[144.0, 32.0, 978.0, 658.0]
[144.0, 48.0, 979.0, 674.0]
[128.0, 32.0, 964.0, 659.0]
[144.0, 48.0, 981.0, 676.0]
[128.0, 32.0, 966.0, 660.0]
[144.0, 32.0, 983.0, 661.0]
[144.0, 48.0, 984.0, 678.0]
[144.0, 32.0, 985.0, 663.0]
[144.0, 32.0, 986.0, 664.0]
[144.0, 48.0, 987.0, 680.0]
[128.0, 32.0, 972.0, 665.0]
[128.0, 32.0, 973.0, 666.0]
[144.0, 32.0, 990.0, 666.0]
[128.0, 16.0, 975.0, 651.0]
[128.0, 32.0, 976.0, 668.0]
[128.0, 16.0, 977.0, 653.0]
[128.0, 16.0, 978.0, 654.0]
[128.0, 16.0, 979.0, 654.0]
[128.0, 32.0, 980.0, 671.0]
[128.0, 16.0, 981.0, 656.0]
[128.0, 32.0, 982.0, 672.0]
[128.0, 32.0, 983.0, 673.0]
[128.0, 16.0, 984.0, 658.0]
[128.0, 32.0, 985.0, 675.0]
[128.0, 16.0, 986.0, 660.0]
[128.0, 16.0, 987.0, 660.0]
[128.0, 32.0, 988.0, 677.0]
