[208.0, 112.0, 925.0, 650.0]
[256.0, 112.0, 974.0, 650.0]
[272.0, 64.0, 991.0, 603.0]
[240.0, 128.0, 960.0, 668.0]
[160.0, 128.0, 881.0, 669.0]
[240.0, 80.0, 962.0, 622.0]
[144.0, 112.0, 867.0, 654.0]
[208.0, 128.0, 932.0, 671.0]
[192.0, 80.0, 917.0, 624.0]
[208.0, 64.0, 934.0, 608.0]
[208.0, 64.0, 935.0, 609.0]
[240.0, 96.0, 968.0, 642.0]
[224.0, 48.0, 953.0, 595.0]
[240.0, 80.0, 970.0, 628.0]
[160.0, 64.0, 891.0, 612.0]
[192.0, 112.0, 924.0, 661.0]
[208.0, 96.0, 941.0, 646.0]
[144.0, 64.0, 878.0, 614.0]
[192.0, 96.0, 927.0, 647.0]
[240.0, 64.0, 976.0, 616.0]
[224.0, 96.0, 961.0, 649.0]
[144.0, 48.0, 882.0, 602.0]
[192.0, 80.0, 931.0, 634.0]
[240.0, 112.0, 980.0, 667.0]
[208.0, 112.0, 949.0, 668.0]
[128.0, 96.0, 870.0, 652.0]
[240.0, 32.0, 983.0, 589.0]
[208.0, 32.0, 952.0, 590.0]
[176.0, 32.0, 921.0, 591.0]
[128.0, 96.0, 874.0, 656.0]
[128.0, 32.0, 875.0, 592.0]
[224.0, 48.0, 972.0, 609.0]
[176.0, 48.0, 925.0, 610.0]
[160.0, 96.0, 910.0, 658.0]
[192.0, 48.0, 943.0, 611.0]
[240.0, 64.0, 992.0, 628.0]
[224.0, 80.0, 977.0, 645.0]
[144.0, 32.0, 898.0, 598.0]
[192.0, 48.0, 947.0, 614.0]
[160.0, 64.0, 916.0, 631.0]
[208.0, 64.0, 965.0, 632.0]
[144.0, 16.0, 902.0, 584.0]
[144.0, 16.0, 903.0, 585.0]
[208.0, 64.0, 968.0, 634.0]
[192.0, 16.0, 953.0, 587.0]
[128.0, 96.0, 890.0, 668.0]
[176.0, 80.0, 939.0, 652.0]
[192.0, 80.0, 956.0, 653.0]
[176.0, 48.0, 941.0, 622.0]
[176.0, 48.0, 942.0, 622.0]
[208.0, 48.0, 975.0, 623.0]
[224.0, 80.0, 992.0, 656.0]
[208.0, 96.0, 977.0, 673.0]
[128.0, 32.0, 898.0, 610.0]
[144.0, 64.0, 915.0, 642.0]
[176.0, 32.0, 948.0, 611.0]
[192.0, 80.0, 965.0, 660.0]
[176.0, 16.0, 950.0, 596.0]
[128.0, 80.0, 903.0, 661.0]
[160.0, 32.0, 936.0, 614.0]
[128.0, 80.0, 905.0, 663.0]
[192.0, 80.0, 970.0, 664.0]
[192.0, 48.0, 971.0, 632.0]
[176.0, 16.0, 956.0, 601.0]
[144.0, 0.0, 925.0, 586.0]
[144.0, 48.0, 926.0, 634.0]
[176.0, 16.0, 959.0, 603.0]
[192.0, 48.0, 976.0, 636.0]
[192.0, 64.0, 977.0, 653.0]
[192.0, 80.0, 978.0, 670.0]
[144.0, 0.0, 931.0, 590.0]
[144.0, 32.0, 932.0, 623.0]
[128.0, 16.0, 917.0, 608.0]
[128.0, 0.0, 918.0, 592.0]
[128.0, 16.0, 919.0, 609.0]
[144.0, 32.0, 936.0, 626.0]
[144.0, 16.0, 937.0, 611.0]
[144.0, 0.0, 938.0, 596.0]
[176.0, 64.0, 971.0, 660.0]
[192.0, 48.0, 988.0, 645.0]
[192.0, 32.0, 989.0, 630.0]
[144.0, 0.0, 942.0, 598.0]
[128.0, 0.0, 927.0, 599.0]
[160.0, 48.0, 960.0, 648.0]
[144.0, 16.0, 945.0, 617.0]
[128.0, 0.0, 930.0, 602.0]
[176.0, 32.0, 979.0, 634.0]
[160.0, 0.0, 964.0, 603.0]
[160.0, 64.0, 965.0, 668.0]
[176.0, 32.0, 982.0, 636.0]
[176.0, 48.0, 983.0, 653.0]
[176.0, 16.0, 984.0, 622.0]
[128.0, 32.0, 937.0, 639.0]
[160.0, 32.0, 970.0, 640.0]
[128.0, 32.0, 939.0, 640.0]
[128.0, 16.0, 940.0, 625.0]
[144.0, 0.0, 957.0, 610.0]
[128.0, 64.0, 942.0, 674.0]
[160.0, 32.0, 975.0, 643.0]
[144.0, 48.0, 960.0, 660.0]
[144.0, 32.0, 961.0, 645.0]
[128.0, 16.0, 946.0, 630.0]
[144.0, 16.0, 963.0, 630.0]
[128.0, 0.0, 948.0, 615.0]
[144.0, 0.0, 965.0, 616.0]
[128.0, 16.0, 950.0, 632.0]
[144.0, 0.0, 967.0, 617.0]
[144.0, 0.0, 968.0, 618.0]
[144.0, 48.0, 969.0, 667.0]
[160.0, 0.0, 986.0, 620.0]
[160.0, 0.0, 987.0, 620.0]
[144.0, 16.0, 972.0, 637.0]
[128.0, 32.0, 957.0, 654.0]
[128.0, 32.0, 958.0, 654.0]
[128.0, 16.0, 959.0, 639.0]
[128.0, 16.0, 960.0, 640.0]
[128.0, 32.0, 961.0, 657.0]
[144.0, 48.0, 978.0, 674.0]
[128.0, 48.0, 963.0, 674.0]
[144.0, 0.0, 980.0, 627.0]
[128.0, 0.0, 965.0, 628.0]
[128.0, 32.0, 966.0, 660.0]
[144.0, 32.0, 983.0, 661.0]
[128.0, 16.0, 968.0, 646.0]
[128.0, 0.0, 969.0, 631.0]
[128.0, 32.0, 970.0, 664.0]
[128.0, 32.0, 971.0, 664.0]
[128.0, 32.0, 972.0, 665.0]
[128.0, 16.0, 973.0, 650.0]
[128.0, 0.0, 974.0, 634.0]
[128.0, 16.0, 975.0, 651.0]
[128.0, 0.0, 976.0, 636.0]
[128.0, 32.0, 977.0, 669.0]
[128.0, 16.0, 978.0, 654.0]
[128.0, 16.0, 979.0, 654.0]
[128.0, 32.0, 980.0, 671.0]
[128.0, 0.0, 981.0, 640.0]
[128.0, 0.0, 982.0, 640.0]
[128.0, 32.0, 983.0, 673.0]
