[96.0, 48.0, 776.0, 954.0]
[96.0, 48.0, 776.0, 955.0]
[144.0, 64.0, 825.0, 972.0]
[272.0, 48.0, 954.0, 957.0]
[128.0, 64.0, 810.0, 974.0]
[256.0, 48.0, 939.0, 959.0]
[240.0, 64.0, 924.0, 976.0]
[160.0, 48.0, 845.0, 961.0]
[80.0, 48.0, 766.0, 962.0]
[80.0, 48.0, 766.0, 963.0]
[224.0, 32.0, 911.0, 948.0]
[64.0, 64.0, 752.0, 981.0]
[144.0, 64.0, 832.0, 982.0]
[80.0, 48.0, 769.0, 967.0]
[192.0, 32.0, 882.0, 952.0]
[48.0, 64.0, 739.0, 985.0]
[224.0, 32.0, 916.0, 954.0]
[144.0, 32.0, 836.0, 955.0]
[240.0, 48.0, 933.0, 972.0]
[192.0, 48.0, 886.0, 973.0]
[288.0, 48.0, 982.0, 974.0]
[176.0, 32.0, 871.0, 959.0]
[256.0, 48.0, 952.0, 976.0]
[80.0, 48.0, 777.0, 977.0]
[256.0, 64.0, 954.0, 994.0]
[288.0, 32.0, 986.0, 963.0]
[64.0, 16.0, 763.0, 948.0]
[96.0, 32.0, 796.0, 965.0]
[64.0, 32.0, 764.0, 966.0]
[32.0, 64.0, 733.0, 999.0]
[208.0, 48.0, 910.0, 984.0]
[64.0, 32.0, 767.0, 969.0]
[112.0, 64.0, 816.0, 1002.0]
[224.0, 64.0, 928.0, 1003.0]
[96.0, 80.0, 801.0, 1020.0]
[48.0, 32.0, 754.0, 973.0]
[112.0, 32.0, 818.0, 974.0]
[144.0, 64.0, 851.0, 1007.0]
[256.0, 80.0, 964.0, 1024.0]
[176.0, 48.0, 885.0, 993.0]
[48.0, 48.0, 758.0, 994.0]
[240.0, 64.0, 950.0, 1011.0]
[176.0, 16.0, 887.0, 964.0]
[144.0, 48.0, 856.0, 997.0]
[272.0, 0.0, 984.0, 950.0]
[240.0, 32.0, 953.0, 983.0]
[96.0, 0.0, 810.0, 952.0]
[160.0, 16.0, 875.0, 969.0]
[240.0, 48.0, 956.0, 1002.0]
[224.0, 16.0, 940.0, 971.0]
[208.0, 0.0, 925.0, 956.0]
[80.0, 0.0, 798.0, 957.0]
[256.0, 0.0, 974.0, 958.0]
[160.0, 32.0, 879.0, 991.0]
[256.0, 48.0, 976.0, 1008.0]
[208.0, 48.0, 929.0, 1009.0]
[64.0, 16.0, 786.0, 978.0]
[240.0, 16.0, 962.0, 979.0]
[288.0, 16.0, 1011.0, 980.0]
[112.0, 16.0, 836.0, 981.0]
[272.0, 48.0, 996.0, 1014.0]
[80.0, 0.0, 805.0, 967.0]
[112.0, 16.0, 838.0, 984.0]
[80.0, 0.0, 807.0, 969.0]
[32.0, 0.0, 760.0, 970.0]
[176.0, 0.0, 904.0, 971.0]
[224.0, 16.0, 953.0, 988.0]
[176.0, 48.0, 906.0, 1021.0]
[272.0, 48.0, 1002.0, 1022.0]
[48.0, 48.0, 779.0, 1023.0]
[208.0, 32.0, 940.0, 1008.0]
[256.0, 0.0, 989.0, 977.0]
[176.0, 32.0, 910.0, 1010.0]
[240.0, 0.0, 974.0, 979.0]
[112.0, 16.0, 847.0, 996.0]
[192.0, 16.0, 928.0, 997.0]
[160.0, 16.0, 896.0, 998.0]
[48.0, 32.0, 785.0, 1015.0]
[208.0, 0.0, 946.0, 984.0]
[16.0, 0.0, 755.0, 985.0]
[224.0, 32.0, 964.0, 1018.0]
[112.0, 0.0, 852.0, 987.0]
[112.0, 16.0, 853.0, 1004.0]
[112.0, 16.0, 854.0, 1005.0]
[64.0, 0.0, 806.0, 990.0]
[256.0, 0.0, 999.0, 991.0]
[160.0, 16.0, 904.0, 1008.0]
[48.0, 16.0, 793.0, 1009.0]
[176.0, 16.0, 922.0, 1010.0]
[240.0, 0.0, 986.0, 995.0]
[160.0, 0.0, 907.0, 996.0]
[240.0, 16.0, 988.0, 1013.0]
[16.0, 16.0, 764.0, 1014.0]
[176.0, 16.0, 925.0, 1015.0]
[128.0, 16.0, 878.0, 1016.0]
[96.0, 16.0, 847.0, 1017.0]
[160.0, 16.0, 912.0, 1018.0]
[48.0, 0.0, 800.0, 1003.0]
[32.0, 16.0, 785.0, 1020.0]
[32.0, 16.0, 786.0, 1021.0]
[64.0, 0.0, 818.0, 1006.0]
[16.0, 0.0, 771.0, 1007.0]
[96.0, 16.0, 852.0, 1024.0]
[48.0, 0.0, 805.0, 1009.0]
[80.0, 0.0, 838.0, 1010.0]
[32.0, 0.0, 790.0, 1011.0]
[16.0, 0.0, 775.0, 1012.0]
[144.0, 0.0, 904.0, 1013.0]
[80.0, 0.0, 840.0, 1014.0]
[48.0, 0.0, 809.0, 1015.0]
[192.0, 0.0, 954.0, 1016.0]
[112.0, 0.0, 875.0, 1017.0]
[176.0, 0.0, 940.0, 1018.0]
[128.0, 0.0, 892.0, 1019.0]
[64.0, 0.0, 829.0, 1020.0]
[32.0, 0.0, 798.0, 1021.0]
[160.0, 0.0, 926.0, 1022.0]
[112.0, 0.0, 879.0, 1023.0]
[80.0, 0.0, 848.0, 1024.0]
