[192.0, 48.0, 909.0, 586.0]
[32.0, 32.0, 750.0, 570.0]
[128.0, 48.0, 847.0, 587.0]
[176.0, 64.0, 896.0, 604.0]
[256.0, 32.0, 977.0, 573.0]
[112.0, 16.0, 834.0, 558.0]
[48.0, 32.0, 771.0, 574.0]
[224.0, 64.0, 948.0, 607.0]
[80.0, 32.0, 805.0, 576.0]
[272.0, 48.0, 998.0, 592.0]
[144.0, 48.0, 871.0, 593.0]
[240.0, 48.0, 968.0, 594.0]
[80.0, 48.0, 809.0, 595.0]
[128.0, 48.0, 858.0, 596.0]
[224.0, 16.0, 955.0, 564.0]
[64.0, 32.0, 796.0, 581.0]
[160.0, 64.0, 893.0, 614.0]
[128.0, 64.0, 862.0, 614.0]
[32.0, 64.0, 767.0, 615.0]
[48.0, 16.0, 784.0, 568.0]
[240.0, 16.0, 977.0, 569.0]
[32.0, 48.0, 770.0, 602.0]
[240.0, 64.0, 979.0, 618.0]
[208.0, 16.0, 948.0, 571.0]
[144.0, 0.0, 885.0, 556.0]
[224.0, 32.0, 966.0, 588.0]
[80.0, 64.0, 823.0, 621.0]
[32.0, 32.0, 776.0, 590.0]
[128.0, 48.0, 873.0, 607.0]
[64.0, 48.0, 810.0, 608.0]
[208.0, 16.0, 955.0, 576.0]
[224.0, 32.0, 972.0, 593.0]
[128.0, 16.0, 877.0, 578.0]
[192.0, 64.0, 942.0, 626.0]
[128.0, 16.0, 879.0, 579.0]
[96.0, 32.0, 848.0, 596.0]
[64.0, 48.0, 817.0, 613.0]
[112.0, 32.0, 866.0, 598.0]
[208.0, 64.0, 963.0, 630.0]
[112.0, 0.0, 868.0, 567.0]
[160.0, 0.0, 917.0, 568.0]
[224.0, 32.0, 982.0, 600.0]
[80.0, 48.0, 839.0, 617.0]
[144.0, 64.0, 904.0, 634.0]
[176.0, 64.0, 937.0, 635.0]
[96.0, 16.0, 858.0, 588.0]
[144.0, 16.0, 907.0, 588.0]
[160.0, 16.0, 924.0, 589.0]
[48.0, 32.0, 813.0, 606.0]
[208.0, 32.0, 974.0, 606.0]
[112.0, 48.0, 879.0, 623.0]
[176.0, 0.0, 944.0, 576.0]
[64.0, 32.0, 833.0, 609.0]
[96.0, 32.0, 866.0, 610.0]
[48.0, 16.0, 819.0, 594.0]
[144.0, 0.0, 916.0, 579.0]
[224.0, 48.0, 997.0, 628.0]
[112.0, 64.0, 886.0, 644.0]
[16.0, 48.0, 791.0, 629.0]
[112.0, 32.0, 888.0, 614.0]
[96.0, 64.0, 873.0, 647.0]
[128.0, 48.0, 906.0, 632.0]
[112.0, 48.0, 891.0, 632.0]
[64.0, 48.0, 844.0, 633.0]
[96.0, 32.0, 877.0, 618.0]
[224.0, 48.0, 1006.0, 634.0]
[160.0, 64.0, 943.0, 651.0]
[240.0, 32.0, 1024.0, 620.0]
[80.0, 48.0, 865.0, 637.0]
[112.0, 16.0, 898.0, 606.0]
[64.0, 64.0, 851.0, 654.0]
[64.0, 32.0, 852.0, 623.0]
[176.0, 48.0, 965.0, 640.0]
[48.0, 32.0, 838.0, 624.0]
[176.0, 32.0, 967.0, 625.0]
[112.0, 32.0, 904.0, 626.0]
[64.0, 32.0, 857.0, 627.0]
[80.0, 0.0, 874.0, 596.0]
[176.0, 48.0, 971.0, 644.0]
[64.0, 64.0, 860.0, 661.0]
[128.0, 16.0, 925.0, 614.0]
[112.0, 48.0, 910.0, 646.0]
[80.0, 16.0, 879.0, 615.0]
[64.0, 48.0, 864.0, 648.0]
[160.0, 16.0, 961.0, 617.0]
[48.0, 0.0, 850.0, 602.0]
[144.0, 64.0, 947.0, 666.0]
[16.0, 48.0, 820.0, 651.0]
[192.0, 32.0, 997.0, 636.0]
[96.0, 32.0, 902.0, 636.0]
[64.0, 48.0, 871.0, 653.0]
[128.0, 0.0, 936.0, 606.0]
[32.0, 0.0, 841.0, 607.0]
[192.0, 16.0, 1002.0, 624.0]
[128.0, 48.0, 939.0, 656.0]
[48.0, 48.0, 860.0, 657.0]
[80.0, 0.0, 893.0, 610.0]
[112.0, 48.0, 926.0, 658.0]
[176.0, 16.0, 991.0, 627.0]
[160.0, 0.0, 976.0, 612.0]
[176.0, 48.0, 993.0, 661.0]
[160.0, 32.0, 978.0, 646.0]
[144.0, 32.0, 963.0, 646.0]
[112.0, 48.0, 932.0, 663.0]
[32.0, 16.0, 853.0, 632.0]
[64.0, 16.0, 886.0, 632.0]
[32.0, 16.0, 855.0, 633.0]
[128.0, 48.0, 952.0, 666.0]
[144.0, 0.0, 969.0, 619.0]
[48.0, 16.0, 874.0, 636.0]
[64.0, 64.0, 891.0, 684.0]
[144.0, 48.0, 972.0, 669.0]
[64.0, 32.0, 893.0, 654.0]
[128.0, 16.0, 958.0, 638.0]
[160.0, 32.0, 991.0, 655.0]
[96.0, 16.0, 928.0, 640.0]
[16.0, 0.0, 849.0, 625.0]
[80.0, 0.0, 914.0, 626.0]
[144.0, 16.0, 979.0, 642.0]
[96.0, 32.0, 932.0, 659.0]
[0.0, 16.0, 837.0, 644.0]
[160.0, 32.0, 998.0, 660.0]
[16.0, 32.0, 855.0, 661.0]
[32.0, 32.0, 872.0, 662.0]
[64.0, 0.0, 905.0, 631.0]
[64.0, 32.0, 906.0, 664.0]
[48.0, 0.0, 891.0, 632.0]
[32.0, 32.0, 876.0, 665.0]
[176.0, 16.0, 1021.0, 650.0]
[0.0, 16.0, 846.0, 650.0]
[160.0, 32.0, 1007.0, 667.0]
[16.0, 16.0, 864.0, 652.0]
[16.0, 48.0, 865.0, 685.0]
[32.0, 32.0, 882.0, 670.0]
[0.0, 16.0, 851.0, 654.0]
[16.0, 32.0, 868.0, 671.0]
[96.0, 16.0, 949.0, 656.0]
[32.0, 16.0, 886.0, 656.0]
[160.0, 32.0, 1015.0, 673.0]
[128.0, 32.0, 984.0, 674.0]
[0.0, 32.0, 857.0, 675.0]
[144.0, 0.0, 1002.0, 644.0]
[128.0, 16.0, 987.0, 660.0]
[128.0, 16.0, 988.0, 661.0]
[0.0, 0.0, 861.0, 646.0]
[64.0, 16.0, 926.0, 662.0]
[112.0, 16.0, 975.0, 663.0]
[80.0, 32.0, 944.0, 680.0]
[80.0, 16.0, 945.0, 665.0]
[96.0, 16.0, 962.0, 666.0]
[32.0, 16.0, 899.0, 666.0]
[80.0, 32.0, 948.0, 683.0]
[48.0, 32.0, 917.0, 684.0]
[96.0, 16.0, 966.0, 668.0]
[144.0, 0.0, 1015.0, 653.0]
[144.0, 0.0, 1016.0, 654.0]
[112.0, 0.0, 985.0, 655.0]
[64.0, 0.0, 938.0, 656.0]
[48.0, 16.0, 923.0, 672.0]
[32.0, 0.0, 908.0, 657.0]
[80.0, 0.0, 957.0, 658.0]
[0.0, 0.0, 878.0, 658.0]
[16.0, 0.0, 895.0, 659.0]
[80.0, 16.0, 960.0, 676.0]
[0.0, 0.0, 881.0, 661.0]
[96.0, 0.0, 978.0, 662.0]
[32.0, 0.0, 915.0, 662.0]
[96.0, 0.0, 980.0, 663.0]
[32.0, 0.0, 917.0, 664.0]
[48.0, 16.0, 934.0, 680.0]
[32.0, 16.0, 919.0, 681.0]
[80.0, 0.0, 968.0, 666.0]
[32.0, 0.0, 921.0, 667.0]
[128.0, 0.0, 1018.0, 668.0]
[96.0, 0.0, 987.0, 668.0]
[64.0, 16.0, 956.0, 685.0]
[0.0, 0.0, 893.0, 670.0]
[64.0, 0.0, 958.0, 670.0]
[96.0, 0.0, 991.0, 671.0]
[64.0, 0.0, 960.0, 672.0]
[80.0, 0.0, 977.0, 673.0]
[0.0, 0.0, 898.0, 674.0]
[16.0, 0.0, 915.0, 674.0]
[48.0, 0.0, 948.0, 675.0]
[64.0, 0.0, 965.0, 676.0]
[0.0, 0.0, 902.0, 676.0]
[48.0, 0.0, 951.0, 677.0]
[64.0, 0.0, 968.0, 678.0]
[32.0, 0.0, 937.0, 679.0]
[96.0, 0.0, 1002.0, 680.0]
[64.0, 0.0, 971.0, 680.0]
[64.0, 0.0, 972.0, 681.0]
[48.0, 0.0, 957.0, 682.0]
[112.0, 0.0, 1022.0, 682.0]
[48.0, 0.0, 959.0, 683.0]
[112.0, 0.0, 1024.0, 684.0]
[64.0, 0.0, 977.0, 685.0]
