[256.0, 64.0, 973.0, 602.0]
[144.0, 48.0, 862.0, 586.0]
[48.0, 48.0, 767.0, 587.0]
[48.0, 32.0, 768.0, 572.0]
[48.0, 48.0, 769.0, 589.0]
[240.0, 48.0, 962.0, 590.0]
[192.0, 64.0, 915.0, 606.0]
[240.0, 48.0, 964.0, 591.0]
[112.0, 64.0, 837.0, 608.0]
[272.0, 32.0, 998.0, 576.0]
[160.0, 64.0, 887.0, 609.0]
[144.0, 32.0, 872.0, 578.0]
[256.0, 16.0, 985.0, 563.0]
[64.0, 16.0, 794.0, 564.0]
[256.0, 16.0, 987.0, 564.0]
[128.0, 64.0, 860.0, 613.0]
[208.0, 32.0, 941.0, 582.0]
[208.0, 48.0, 942.0, 598.0]
[112.0, 64.0, 847.0, 615.0]
[128.0, 48.0, 864.0, 600.0]
[96.0, 32.0, 833.0, 585.0]
[224.0, 64.0, 962.0, 618.0]
[208.0, 48.0, 947.0, 602.0]
[192.0, 48.0, 932.0, 603.0]
[208.0, 48.0, 949.0, 604.0]
[192.0, 16.0, 934.0, 572.0]
[176.0, 48.0, 919.0, 605.0]
[240.0, 48.0, 984.0, 606.0]
[208.0, 32.0, 953.0, 591.0]
[48.0, 0.0, 794.0, 560.0]
[176.0, 0.0, 923.0, 560.0]
[208.0, 16.0, 956.0, 577.0]
[176.0, 32.0, 925.0, 594.0]
[160.0, 48.0, 910.0, 610.0]
[112.0, 48.0, 863.0, 611.0]
[224.0, 16.0, 976.0, 580.0]
[96.0, 0.0, 849.0, 565.0]
[240.0, 16.0, 994.0, 582.0]
[256.0, 16.0, 1011.0, 582.0]
[80.0, 64.0, 836.0, 631.0]
[240.0, 0.0, 997.0, 568.0]
[256.0, 48.0, 1014.0, 616.0]
[176.0, 16.0, 935.0, 585.0]
[176.0, 64.0, 936.0, 634.0]
[208.0, 16.0, 969.0, 587.0]
[128.0, 48.0, 890.0, 620.0]
[112.0, 32.0, 875.0, 604.0]
[112.0, 48.0, 876.0, 621.0]
[240.0, 32.0, 1005.0, 606.0]
[48.0, 32.0, 814.0, 606.0]
[144.0, 0.0, 911.0, 575.0]
[208.0, 48.0, 976.0, 624.0]
[64.0, 0.0, 833.0, 577.0]
[160.0, 64.0, 930.0, 642.0]
[48.0, 32.0, 819.0, 610.0]
[80.0, 0.0, 852.0, 579.0]
[208.0, 64.0, 981.0, 644.0]
[192.0, 48.0, 966.0, 628.0]
[176.0, 32.0, 951.0, 613.0]
[160.0, 48.0, 936.0, 630.0]
[80.0, 64.0, 857.0, 647.0]
[176.0, 16.0, 954.0, 600.0]
[144.0, 16.0, 923.0, 600.0]
[224.0, 48.0, 1004.0, 633.0]
[192.0, 48.0, 973.0, 634.0]
[64.0, 64.0, 846.0, 650.0]
[208.0, 64.0, 991.0, 651.0]
[0.0, 16.0, 784.0, 604.0]
[80.0, 64.0, 865.0, 653.0]
[176.0, 48.0, 962.0, 638.0]
[48.0, 48.0, 835.0, 638.0]
[176.0, 16.0, 964.0, 607.0]
[48.0, 0.0, 837.0, 592.0]
[112.0, 48.0, 902.0, 640.0]
[208.0, 32.0, 999.0, 625.0]
[192.0, 16.0, 984.0, 610.0]
[80.0, 48.0, 873.0, 643.0]
[176.0, 0.0, 970.0, 596.0]
[176.0, 16.0, 971.0, 612.0]
[144.0, 0.0, 940.0, 597.0]
[160.0, 64.0, 957.0, 662.0]
[112.0, 64.0, 910.0, 662.0]
[208.0, 0.0, 1007.0, 599.0]
[32.0, 16.0, 832.0, 616.0]
[128.0, 32.0, 929.0, 633.0]
[176.0, 32.0, 978.0, 634.0]
[144.0, 64.0, 947.0, 666.0]
[128.0, 64.0, 932.0, 667.0]
[48.0, 0.0, 853.0, 604.0]
[192.0, 48.0, 998.0, 652.0]
[16.0, 16.0, 823.0, 621.0]
[80.0, 16.0, 888.0, 622.0]
[192.0, 0.0, 1001.0, 607.0]
[96.0, 32.0, 906.0, 640.0]
[128.0, 16.0, 939.0, 624.0]
[0.0, 32.0, 812.0, 641.0]
[48.0, 0.0, 861.0, 610.0]
[80.0, 16.0, 894.0, 626.0]
[80.0, 16.0, 895.0, 627.0]
[16.0, 48.0, 832.0, 660.0]
[176.0, 64.0, 993.0, 677.0]
[160.0, 0.0, 978.0, 614.0]
[128.0, 48.0, 947.0, 662.0]
[160.0, 16.0, 980.0, 631.0]
[64.0, 16.0, 885.0, 632.0]
[144.0, 48.0, 966.0, 664.0]
[128.0, 64.0, 951.0, 681.0]
[128.0, 16.0, 952.0, 634.0]
[176.0, 0.0, 1001.0, 619.0]
[192.0, 0.0, 1018.0, 620.0]
[80.0, 32.0, 907.0, 652.0]
[176.0, 0.0, 1004.0, 621.0]
[128.0, 16.0, 957.0, 638.0]
[128.0, 48.0, 958.0, 670.0]
[192.0, 16.0, 1023.0, 639.0]
[192.0, 32.0, 1024.0, 656.0]
[128.0, 48.0, 961.0, 673.0]
[80.0, 16.0, 914.0, 642.0]
[144.0, 0.0, 979.0, 626.0]
[64.0, 0.0, 900.0, 627.0]
[176.0, 0.0, 1013.0, 628.0]
[80.0, 16.0, 918.0, 644.0]
[128.0, 16.0, 967.0, 645.0]
[128.0, 0.0, 968.0, 630.0]
[0.0, 16.0, 841.0, 647.0]
[176.0, 48.0, 1018.0, 680.0]
[160.0, 16.0, 1003.0, 648.0]
[176.0, 32.0, 1020.0, 665.0]
[32.0, 0.0, 877.0, 634.0]
[128.0, 48.0, 974.0, 682.0]
[128.0, 48.0, 975.0, 683.0]
[160.0, 16.0, 1008.0, 652.0]
[64.0, 0.0, 913.0, 637.0]
[48.0, 0.0, 898.0, 638.0]
[128.0, 0.0, 979.0, 638.0]
[16.0, 32.0, 868.0, 671.0]
[128.0, 32.0, 981.0, 672.0]
[64.0, 32.0, 918.0, 672.0]
[112.0, 16.0, 967.0, 657.0]
[96.0, 32.0, 952.0, 674.0]
[48.0, 0.0, 905.0, 643.0]
[0.0, 32.0, 858.0, 676.0]
[32.0, 16.0, 891.0, 660.0]
[128.0, 32.0, 988.0, 677.0]
[144.0, 16.0, 1005.0, 662.0]
[160.0, 16.0, 1022.0, 662.0]
[48.0, 32.0, 911.0, 679.0]
[64.0, 16.0, 928.0, 664.0]
[16.0, 16.0, 881.0, 665.0]
[0.0, 0.0, 866.0, 650.0]
[80.0, 32.0, 947.0, 682.0]
[144.0, 32.0, 1012.0, 683.0]
[48.0, 16.0, 917.0, 668.0]
[128.0, 0.0, 998.0, 652.0]
[64.0, 0.0, 935.0, 653.0]
[128.0, 16.0, 1000.0, 670.0]
[80.0, 0.0, 953.0, 655.0]
[144.0, 16.0, 1018.0, 672.0]
[112.0, 16.0, 987.0, 672.0]
[64.0, 0.0, 940.0, 657.0]
[96.0, 0.0, 973.0, 658.0]
[96.0, 16.0, 974.0, 674.0]
[0.0, 0.0, 879.0, 659.0]
[128.0, 16.0, 1008.0, 676.0]
[128.0, 16.0, 1009.0, 677.0]
[80.0, 0.0, 962.0, 662.0]
[16.0, 16.0, 899.0, 678.0]
[32.0, 16.0, 916.0, 679.0]
[128.0, 0.0, 1013.0, 664.0]
[64.0, 0.0, 950.0, 664.0]
[16.0, 16.0, 903.0, 681.0]
[16.0, 0.0, 904.0, 666.0]
[128.0, 16.0, 1017.0, 683.0]
[64.0, 0.0, 954.0, 668.0]
[0.0, 0.0, 891.0, 668.0]
[16.0, 0.0, 908.0, 669.0]
[16.0, 0.0, 909.0, 670.0]
[112.0, 0.0, 1006.0, 670.0]
[0.0, 0.0, 895.0, 671.0]
[80.0, 0.0, 976.0, 672.0]
[80.0, 0.0, 977.0, 673.0]
[64.0, 0.0, 962.0, 674.0]
[48.0, 0.0, 947.0, 674.0]
[96.0, 0.0, 996.0, 675.0]
[64.0, 0.0, 965.0, 676.0]
[32.0, 0.0, 934.0, 676.0]
[112.0, 0.0, 1015.0, 677.0]
[80.0, 0.0, 984.0, 678.0]
[16.0, 0.0, 921.0, 679.0]
[32.0, 0.0, 938.0, 680.0]
[96.0, 0.0, 1003.0, 680.0]
[32.0, 0.0, 940.0, 681.0]
[64.0, 0.0, 973.0, 682.0]
[80.0, 0.0, 990.0, 682.0]
[0.0, 0.0, 911.0, 683.0]
