[80.0, 144.0, 797.0, 682.0]
[112.0, 208.0, 830.0, 746.0]
[144.0, 176.0, 863.0, 715.0]
[112.0, 176.0, 832.0, 716.0]
[192.0, 160.0, 913.0, 701.0]
[208.0, 176.0, 930.0, 718.0]
[176.0, 192.0, 899.0, 734.0]
[80.0, 208.0, 804.0, 751.0]
[208.0, 160.0, 933.0, 704.0]
[224.0, 160.0, 950.0, 704.0]
[48.0, 176.0, 775.0, 721.0]
[160.0, 160.0, 888.0, 706.0]
[96.0, 160.0, 825.0, 707.0]
[16.0, 144.0, 746.0, 692.0]
[80.0, 192.0, 811.0, 740.0]
[32.0, 160.0, 764.0, 709.0]
[80.0, 176.0, 813.0, 726.0]
[80.0, 208.0, 814.0, 758.0]
[64.0, 176.0, 799.0, 727.0]
[208.0, 160.0, 944.0, 712.0]
[32.0, 160.0, 769.0, 713.0]
[144.0, 112.0, 882.0, 666.0]
[64.0, 112.0, 803.0, 666.0]
[32.0, 208.0, 772.0, 763.0]
[112.0, 160.0, 853.0, 716.0]
[16.0, 144.0, 758.0, 700.0]
[32.0, 176.0, 775.0, 733.0]
[128.0, 208.0, 872.0, 766.0]
[0.0, 176.0, 745.0, 735.0]
[176.0, 144.0, 922.0, 704.0]
[176.0, 192.0, 923.0, 752.0]
[160.0, 160.0, 908.0, 721.0]
[176.0, 160.0, 925.0, 722.0]
[144.0, 160.0, 894.0, 722.0]
[48.0, 112.0, 799.0, 675.0]
[112.0, 128.0, 864.0, 692.0]
[144.0, 112.0, 897.0, 677.0]
[96.0, 176.0, 850.0, 742.0]
[64.0, 176.0, 819.0, 742.0]
[96.0, 112.0, 852.0, 679.0]
[112.0, 192.0, 869.0, 760.0]
[96.0, 176.0, 854.0, 744.0]
[192.0, 192.0, 951.0, 761.0]
[112.0, 176.0, 872.0, 746.0]
[112.0, 192.0, 873.0, 763.0]
[80.0, 176.0, 842.0, 748.0]
[128.0, 176.0, 891.0, 748.0]
[80.0, 96.0, 844.0, 669.0]
[0.0, 144.0, 765.0, 718.0]
[128.0, 160.0, 894.0, 734.0]
[32.0, 96.0, 799.0, 671.0]
[208.0, 160.0, 976.0, 736.0]
[0.0, 176.0, 769.0, 753.0]
[96.0, 160.0, 866.0, 738.0]
[32.0, 128.0, 803.0, 706.0]
[176.0, 176.0, 948.0, 755.0]
[32.0, 128.0, 805.0, 708.0]
[0.0, 176.0, 774.0, 756.0]
[192.0, 160.0, 967.0, 741.0]
[64.0, 96.0, 840.0, 678.0]
[192.0, 144.0, 969.0, 727.0]
[16.0, 96.0, 794.0, 680.0]
[32.0, 112.0, 811.0, 696.0]
[128.0, 144.0, 908.0, 729.0]
[32.0, 176.0, 813.0, 762.0]
[208.0, 144.0, 990.0, 730.0]
[48.0, 176.0, 831.0, 763.0]
[144.0, 112.0, 928.0, 700.0]
[128.0, 176.0, 913.0, 765.0]
[112.0, 160.0, 898.0, 750.0]
[128.0, 128.0, 915.0, 718.0]
[112.0, 96.0, 900.0, 687.0]
[80.0, 80.0, 869.0, 672.0]
[48.0, 112.0, 838.0, 704.0]
[16.0, 112.0, 807.0, 705.0]
[160.0, 144.0, 952.0, 738.0]
[80.0, 96.0, 873.0, 691.0]
[192.0, 160.0, 986.0, 756.0]
[176.0, 144.0, 971.0, 740.0]
[96.0, 64.0, 892.0, 661.0]
[48.0, 144.0, 845.0, 742.0]
[16.0, 96.0, 814.0, 694.0]
[16.0, 144.0, 815.0, 743.0]
[32.0, 144.0, 832.0, 744.0]
[0.0, 144.0, 801.0, 745.0]
[192.0, 144.0, 994.0, 746.0]
[80.0, 160.0, 883.0, 762.0]
[160.0, 160.0, 964.0, 763.0]
[80.0, 64.0, 885.0, 668.0]
[112.0, 160.0, 918.0, 764.0]
[192.0, 160.0, 999.0, 765.0]
[32.0, 96.0, 840.0, 702.0]
[32.0, 128.0, 841.0, 735.0]
[144.0, 128.0, 954.0, 736.0]
[48.0, 160.0, 859.0, 768.0]
[112.0, 80.0, 924.0, 689.0]
[80.0, 64.0, 893.0, 674.0]
[32.0, 64.0, 846.0, 674.0]
[32.0, 112.0, 847.0, 723.0]
[32.0, 144.0, 848.0, 756.0]
[96.0, 144.0, 913.0, 757.0]
[160.0, 128.0, 978.0, 742.0]
[80.0, 80.0, 899.0, 694.0]
[32.0, 96.0, 852.0, 711.0]
[48.0, 80.0, 869.0, 696.0]
[144.0, 128.0, 966.0, 744.0]
[144.0, 144.0, 967.0, 761.0]
[112.0, 112.0, 936.0, 730.0]
[48.0, 80.0, 873.0, 699.0]
[144.0, 96.0, 970.0, 716.0]
[48.0, 48.0, 875.0, 668.0]
[80.0, 80.0, 908.0, 701.0]
[80.0, 128.0, 909.0, 750.0]
[32.0, 128.0, 862.0, 750.0]
[112.0, 96.0, 943.0, 719.0]
[64.0, 144.0, 896.0, 768.0]
[0.0, 80.0, 833.0, 705.0]
[80.0, 96.0, 914.0, 722.0]
[32.0, 80.0, 867.0, 706.0]
[0.0, 80.0, 836.0, 707.0]
[16.0, 64.0, 853.0, 692.0]
[48.0, 64.0, 886.0, 692.0]
[0.0, 64.0, 839.0, 693.0]
[0.0, 112.0, 840.0, 742.0]
[112.0, 112.0, 953.0, 743.0]
[144.0, 112.0, 986.0, 744.0]
[48.0, 112.0, 891.0, 744.0]
[112.0, 128.0, 956.0, 761.0]
[112.0, 128.0, 957.0, 762.0]
[160.0, 128.0, 1006.0, 762.0]
[80.0, 96.0, 927.0, 731.0]
[96.0, 96.0, 944.0, 732.0]
[0.0, 64.0, 849.0, 701.0]
[32.0, 80.0, 882.0, 718.0]
[48.0, 32.0, 899.0, 670.0]
[64.0, 64.0, 916.0, 703.0]
[80.0, 112.0, 933.0, 752.0]
[64.0, 112.0, 918.0, 752.0]
[144.0, 112.0, 999.0, 753.0]
[80.0, 48.0, 936.0, 690.0]
[80.0, 48.0, 937.0, 691.0]
[80.0, 64.0, 938.0, 708.0]
[16.0, 80.0, 875.0, 724.0]
[96.0, 64.0, 956.0, 709.0]
[128.0, 96.0, 989.0, 742.0]
[48.0, 64.0, 910.0, 710.0]
[64.0, 64.0, 927.0, 711.0]
[64.0, 64.0, 928.0, 712.0]
[16.0, 32.0, 881.0, 681.0]
[16.0, 32.0, 882.0, 682.0]
[64.0, 96.0, 931.0, 746.0]
[48.0, 48.0, 916.0, 699.0]
[96.0, 80.0, 965.0, 732.0]
[64.0, 80.0, 934.0, 732.0]
[16.0, 96.0, 887.0, 749.0]
[96.0, 64.0, 968.0, 718.0]
[16.0, 32.0, 889.0, 687.0]
[48.0, 64.0, 922.0, 720.0]
[64.0, 32.0, 939.0, 688.0]
[32.0, 64.0, 908.0, 721.0]
[80.0, 80.0, 957.0, 738.0]
[112.0, 80.0, 990.0, 738.0]
[64.0, 64.0, 943.0, 723.0]
[112.0, 64.0, 992.0, 724.0]
[96.0, 80.0, 977.0, 741.0]
[80.0, 80.0, 962.0, 742.0]
[96.0, 80.0, 979.0, 742.0]
[32.0, 32.0, 916.0, 695.0]
[48.0, 48.0, 933.0, 712.0]
[16.0, 48.0, 902.0, 712.0]
[112.0, 80.0, 999.0, 745.0]
[80.0, 48.0, 968.0, 714.0]
[96.0, 96.0, 985.0, 763.0]
[0.0, 48.0, 890.0, 716.0]
[96.0, 96.0, 987.0, 764.0]
[80.0, 48.0, 972.0, 717.0]
[32.0, 16.0, 925.0, 686.0]
[64.0, 48.0, 958.0, 718.0]
[64.0, 32.0, 959.0, 703.0]
[112.0, 80.0, 1008.0, 752.0]
[96.0, 64.0, 993.0, 737.0]
[64.0, 64.0, 962.0, 738.0]
[96.0, 64.0, 995.0, 738.0]
[32.0, 48.0, 932.0, 723.0]
[48.0, 48.0, 949.0, 724.0]
[48.0, 32.0, 950.0, 708.0]
[0.0, 32.0, 903.0, 709.0]
[64.0, 48.0, 968.0, 726.0]
[80.0, 80.0, 985.0, 759.0]
[48.0, 64.0, 954.0, 744.0]
[0.0, 64.0, 907.0, 744.0]
[80.0, 64.0, 988.0, 745.0]
[48.0, 48.0, 957.0, 730.0]
[32.0, 64.0, 942.0, 746.0]
[32.0, 80.0, 943.0, 763.0]
[16.0, 32.0, 928.0, 716.0]
[16.0, 48.0, 929.0, 733.0]
[64.0, 48.0, 978.0, 734.0]
[32.0, 64.0, 947.0, 750.0]
[0.0, 64.0, 916.0, 751.0]
[16.0, 48.0, 933.0, 736.0]
[48.0, 80.0, 966.0, 768.0]
[64.0, 48.0, 983.0, 737.0]
[0.0, 48.0, 920.0, 738.0]
[16.0, 16.0, 937.0, 707.0]
[64.0, 32.0, 986.0, 724.0]
[64.0, 64.0, 987.0, 756.0]
[64.0, 48.0, 988.0, 741.0]
[32.0, 32.0, 957.0, 726.0]
[48.0, 64.0, 974.0, 758.0]
[16.0, 32.0, 943.0, 727.0]
[80.0, 48.0, 1008.0, 744.0]
[48.0, 48.0, 977.0, 745.0]
[32.0, 64.0, 962.0, 762.0]
[16.0, 48.0, 947.0, 746.0]
[16.0, 64.0, 948.0, 763.0]
[48.0, 32.0, 981.0, 732.0]
[16.0, 64.0, 950.0, 764.0]
[16.0, 48.0, 951.0, 749.0]
[48.0, 48.0, 984.0, 750.0]
[48.0, 48.0, 985.0, 751.0]
[16.0, 32.0, 954.0, 736.0]
[32.0, 64.0, 971.0, 768.0]
[48.0, 48.0, 988.0, 753.0]
[64.0, 32.0, 1005.0, 738.0]
[48.0, 32.0, 990.0, 738.0]
[32.0, 48.0, 975.0, 755.0]
[16.0, 32.0, 960.0, 740.0]
[48.0, 48.0, 993.0, 757.0]
[16.0, 48.0, 962.0, 758.0]
[16.0, 48.0, 963.0, 758.0]
[32.0, 32.0, 980.0, 743.0]
[0.0, 48.0, 949.0, 760.0]
[0.0, 16.0, 950.0, 728.0]
[16.0, 16.0, 967.0, 729.0]
[16.0, 48.0, 968.0, 762.0]
[48.0, 16.0, 1001.0, 731.0]
[48.0, 48.0, 1002.0, 764.0]
[48.0, 32.0, 1003.0, 748.0]
[0.0, 32.0, 956.0, 749.0]
[32.0, 16.0, 989.0, 734.0]
[0.0, 32.0, 958.0, 750.0]
[0.0, 32.0, 959.0, 751.0]
[16.0, 32.0, 976.0, 752.0]
[0.0, 16.0, 961.0, 737.0]
[32.0, 32.0, 994.0, 754.0]
[16.0, 32.0, 979.0, 754.0]
[32.0, 32.0, 996.0, 755.0]
[32.0, 16.0, 997.0, 740.0]
[32.0, 32.0, 998.0, 756.0]
[0.0, 32.0, 967.0, 757.0]
