[48.0, 80.0, 765.0, 618.0]
[96.0, 112.0, 814.0, 650.0]
[176.0, 112.0, 895.0, 651.0]
[192.0, 80.0, 912.0, 620.0]
[128.0, 96.0, 849.0, 637.0]
[32.0, 80.0, 754.0, 622.0]
[224.0, 96.0, 947.0, 638.0]
[192.0, 96.0, 916.0, 639.0]
[208.0, 112.0, 933.0, 656.0]
[224.0, 112.0, 950.0, 656.0]
[128.0, 112.0, 855.0, 657.0]
[224.0, 96.0, 952.0, 642.0]
[64.0, 96.0, 793.0, 643.0]
[224.0, 112.0, 954.0, 660.0]
[48.0, 64.0, 779.0, 612.0]
[240.0, 112.0, 972.0, 661.0]
[80.0, 80.0, 813.0, 630.0]
[64.0, 128.0, 798.0, 678.0]
[32.0, 112.0, 767.0, 663.0]
[128.0, 80.0, 864.0, 632.0]
[240.0, 96.0, 977.0, 649.0]
[192.0, 96.0, 930.0, 650.0]
[128.0, 128.0, 867.0, 682.0]
[96.0, 64.0, 836.0, 619.0]
[208.0, 96.0, 949.0, 652.0]
[48.0, 64.0, 790.0, 620.0]
[64.0, 64.0, 807.0, 621.0]
[144.0, 96.0, 888.0, 654.0]
[64.0, 80.0, 809.0, 639.0]
[32.0, 80.0, 778.0, 640.0]
[224.0, 96.0, 971.0, 656.0]
[256.0, 80.0, 1004.0, 641.0]
[64.0, 80.0, 813.0, 642.0]
[144.0, 112.0, 894.0, 674.0]
[240.0, 80.0, 991.0, 643.0]
[96.0, 48.0, 848.0, 612.0]
[240.0, 112.0, 993.0, 677.0]
[96.0, 80.0, 850.0, 646.0]
[224.0, 96.0, 979.0, 662.0]
[176.0, 64.0, 932.0, 631.0]
[224.0, 96.0, 981.0, 664.0]
[208.0, 112.0, 966.0, 680.0]
[176.0, 64.0, 935.0, 633.0]
[192.0, 48.0, 952.0, 618.0]
[128.0, 80.0, 889.0, 651.0]
[16.0, 96.0, 778.0, 668.0]
[208.0, 80.0, 971.0, 652.0]
[224.0, 48.0, 988.0, 621.0]
[80.0, 96.0, 845.0, 670.0]
[128.0, 48.0, 894.0, 622.0]
[160.0, 80.0, 927.0, 655.0]
[176.0, 48.0, 944.0, 624.0]
[16.0, 80.0, 785.0, 657.0]
[224.0, 64.0, 994.0, 642.0]
[80.0, 64.0, 851.0, 642.0]
[160.0, 32.0, 932.0, 611.0]
[224.0, 96.0, 997.0, 676.0]
[48.0, 48.0, 822.0, 628.0]
[16.0, 64.0, 791.0, 645.0]
[48.0, 64.0, 824.0, 646.0]
[240.0, 64.0, 1017.0, 647.0]
[48.0, 48.0, 826.0, 632.0]
[208.0, 96.0, 987.0, 680.0]
[208.0, 32.0, 988.0, 617.0]
[96.0, 48.0, 877.0, 634.0]
[192.0, 96.0, 974.0, 682.0]
[176.0, 96.0, 959.0, 683.0]
[80.0, 32.0, 864.0, 620.0]
[16.0, 80.0, 801.0, 669.0]
[112.0, 32.0, 898.0, 622.0]
[80.0, 48.0, 867.0, 638.0]
[208.0, 32.0, 996.0, 623.0]
[192.0, 16.0, 981.0, 608.0]
[144.0, 48.0, 934.0, 640.0]
[160.0, 64.0, 951.0, 657.0]
[144.0, 48.0, 936.0, 642.0]
[64.0, 32.0, 857.0, 627.0]
[112.0, 16.0, 906.0, 612.0]
[192.0, 48.0, 987.0, 644.0]
[0.0, 80.0, 796.0, 677.0]
[144.0, 16.0, 941.0, 614.0]
[64.0, 32.0, 862.0, 630.0]
[144.0, 48.0, 943.0, 647.0]
[80.0, 48.0, 880.0, 648.0]
[80.0, 48.0, 881.0, 649.0]
[64.0, 80.0, 866.0, 682.0]
[176.0, 32.0, 979.0, 634.0]
[208.0, 64.0, 1012.0, 667.0]
[80.0, 32.0, 885.0, 636.0]
[48.0, 32.0, 854.0, 636.0]
[16.0, 48.0, 823.0, 653.0]
[128.0, 48.0, 936.0, 654.0]
[80.0, 16.0, 889.0, 623.0]
[80.0, 0.0, 890.0, 608.0]
[48.0, 64.0, 859.0, 672.0]
[64.0, 32.0, 876.0, 641.0]
[112.0, 16.0, 925.0, 626.0]
[64.0, 32.0, 878.0, 642.0]
[80.0, 32.0, 895.0, 643.0]
[64.0, 0.0, 880.0, 612.0]
[80.0, 16.0, 897.0, 629.0]
[176.0, 32.0, 994.0, 646.0]
[160.0, 64.0, 979.0, 678.0]
[112.0, 48.0, 932.0, 663.0]
[96.0, 32.0, 917.0, 648.0]
[128.0, 64.0, 950.0, 680.0]
[144.0, 32.0, 967.0, 649.0]
[48.0, 0.0, 872.0, 618.0]
[96.0, 0.0, 921.0, 619.0]
[128.0, 0.0, 954.0, 620.0]
[64.0, 32.0, 891.0, 652.0]
[144.0, 16.0, 972.0, 637.0]
[128.0, 16.0, 957.0, 638.0]
[64.0, 48.0, 894.0, 670.0]
[32.0, 0.0, 863.0, 623.0]
[80.0, 32.0, 912.0, 656.0]
[32.0, 32.0, 865.0, 657.0]
[128.0, 48.0, 962.0, 674.0]
[96.0, 32.0, 931.0, 658.0]
[80.0, 32.0, 916.0, 659.0]
[128.0, 48.0, 965.0, 676.0]
[16.0, 0.0, 854.0, 628.0]
[16.0, 16.0, 855.0, 645.0]
[160.0, 48.0, 1000.0, 678.0]
[48.0, 32.0, 889.0, 663.0]
[32.0, 16.0, 874.0, 648.0]
[48.0, 48.0, 891.0, 680.0]
[32.0, 0.0, 876.0, 633.0]
[176.0, 16.0, 1021.0, 650.0]
[16.0, 32.0, 862.0, 666.0]
[80.0, 48.0, 927.0, 683.0]
[112.0, 16.0, 960.0, 652.0]
[144.0, 32.0, 993.0, 669.0]
[128.0, 0.0, 978.0, 638.0]
[64.0, 0.0, 915.0, 638.0]
[128.0, 0.0, 980.0, 639.0]
[128.0, 32.0, 981.0, 672.0]
[16.0, 0.0, 870.0, 640.0]
[80.0, 16.0, 935.0, 657.0]
[128.0, 0.0, 984.0, 642.0]
[48.0, 0.0, 905.0, 643.0]
[32.0, 0.0, 890.0, 644.0]
[160.0, 32.0, 1019.0, 676.0]
[80.0, 32.0, 940.0, 677.0]
[48.0, 0.0, 909.0, 646.0]
[96.0, 0.0, 958.0, 646.0]
[0.0, 0.0, 863.0, 647.0]
[80.0, 32.0, 944.0, 680.0]
[0.0, 16.0, 865.0, 665.0]
[112.0, 16.0, 978.0, 666.0]
[48.0, 0.0, 915.0, 650.0]
[80.0, 32.0, 948.0, 683.0]
[96.0, 16.0, 965.0, 668.0]
[32.0, 0.0, 902.0, 652.0]
[64.0, 16.0, 935.0, 669.0]
[48.0, 0.0, 920.0, 654.0]
[48.0, 16.0, 921.0, 671.0]
[96.0, 0.0, 970.0, 656.0]
[144.0, 16.0, 1019.0, 672.0]
[144.0, 0.0, 1020.0, 657.0]
[144.0, 16.0, 1021.0, 674.0]
[96.0, 0.0, 974.0, 658.0]
[112.0, 0.0, 991.0, 659.0]
[0.0, 0.0, 880.0, 660.0]
[32.0, 0.0, 913.0, 661.0]
[32.0, 16.0, 914.0, 678.0]
[128.0, 0.0, 1011.0, 662.0]
[32.0, 16.0, 916.0, 679.0]
[96.0, 16.0, 981.0, 680.0]
[112.0, 16.0, 998.0, 680.0]
[96.0, 16.0, 983.0, 681.0]
[64.0, 0.0, 952.0, 666.0]
[112.0, 16.0, 1001.0, 683.0]
[96.0, 0.0, 986.0, 668.0]
[128.0, 0.0, 1019.0, 668.0]
[16.0, 0.0, 908.0, 669.0]
[128.0, 0.0, 1021.0, 670.0]
[48.0, 0.0, 942.0, 670.0]
[0.0, 0.0, 895.0, 671.0]
[128.0, 0.0, 1024.0, 672.0]
[48.0, 0.0, 945.0, 673.0]
[64.0, 0.0, 962.0, 674.0]
[16.0, 0.0, 915.0, 674.0]
[0.0, 0.0, 900.0, 675.0]
[112.0, 0.0, 1013.0, 676.0]
[0.0, 0.0, 902.0, 676.0]
[96.0, 0.0, 999.0, 677.0]
[96.0, 0.0, 1000.0, 678.0]
[112.0, 0.0, 1017.0, 679.0]
[64.0, 0.0, 970.0, 680.0]
[48.0, 0.0, 955.0, 680.0]
[112.0, 0.0, 1020.0, 681.0]
[64.0, 0.0, 973.0, 682.0]
[96.0, 0.0, 1006.0, 682.0]
[48.0, 0.0, 959.0, 683.0]
