[112.0, 64.0, 829.0, 602.0]
[240.0, 144.0, 958.0, 682.0]
[288.0, 112.0, 1007.0, 651.0]
[128.0, 64.0, 848.0, 604.0]
[272.0, 96.0, 993.0, 637.0]
[176.0, 112.0, 898.0, 654.0]
[192.0, 112.0, 915.0, 654.0]
[256.0, 64.0, 980.0, 607.0]
[208.0, 128.0, 933.0, 672.0]
[80.0, 80.0, 806.0, 624.0]
[240.0, 80.0, 967.0, 625.0]
[176.0, 96.0, 904.0, 642.0]
[256.0, 80.0, 985.0, 627.0]
[288.0, 96.0, 1018.0, 644.0]
[112.0, 128.0, 843.0, 676.0]
[176.0, 128.0, 908.0, 677.0]
[128.0, 80.0, 861.0, 630.0]
[128.0, 64.0, 862.0, 614.0]
[256.0, 80.0, 991.0, 631.0]
[112.0, 64.0, 848.0, 616.0]
[144.0, 80.0, 881.0, 633.0]
[160.0, 48.0, 898.0, 602.0]
[128.0, 48.0, 867.0, 602.0]
[160.0, 96.0, 900.0, 651.0]
[112.0, 48.0, 853.0, 604.0]
[144.0, 96.0, 886.0, 652.0]
[160.0, 96.0, 903.0, 653.0]
[160.0, 32.0, 904.0, 590.0]
[80.0, 96.0, 825.0, 655.0]
[240.0, 112.0, 986.0, 672.0]
[144.0, 64.0, 891.0, 624.0]
[128.0, 32.0, 876.0, 593.0]
[192.0, 32.0, 941.0, 594.0]
[80.0, 96.0, 830.0, 658.0]
[256.0, 48.0, 1007.0, 611.0]
[240.0, 112.0, 992.0, 676.0]
[240.0, 80.0, 993.0, 645.0]
[224.0, 80.0, 978.0, 646.0]
[192.0, 96.0, 947.0, 662.0]
[144.0, 80.0, 900.0, 647.0]
[48.0, 80.0, 805.0, 648.0]
[224.0, 80.0, 982.0, 648.0]
[240.0, 112.0, 999.0, 681.0]
[64.0, 112.0, 824.0, 682.0]
[64.0, 96.0, 825.0, 667.0]
[208.0, 32.0, 970.0, 604.0]
[256.0, 64.0, 1019.0, 636.0]
[224.0, 64.0, 988.0, 637.0]
[96.0, 96.0, 861.0, 670.0]
[144.0, 64.0, 910.0, 638.0]
[80.0, 80.0, 847.0, 655.0]
[224.0, 32.0, 992.0, 608.0]
[176.0, 16.0, 945.0, 593.0]
[224.0, 64.0, 994.0, 642.0]
[160.0, 80.0, 931.0, 658.0]
[176.0, 32.0, 948.0, 611.0]
[176.0, 16.0, 949.0, 596.0]
[160.0, 80.0, 934.0, 660.0]
[80.0, 80.0, 855.0, 661.0]
[112.0, 64.0, 888.0, 646.0]
[64.0, 48.0, 841.0, 631.0]
[112.0, 16.0, 890.0, 600.0]
[160.0, 32.0, 939.0, 616.0]
[128.0, 64.0, 908.0, 649.0]
[208.0, 80.0, 989.0, 666.0]
[240.0, 64.0, 1022.0, 650.0]
[112.0, 64.0, 895.0, 651.0]
[192.0, 64.0, 976.0, 652.0]
[112.0, 64.0, 897.0, 653.0]
[208.0, 64.0, 994.0, 654.0]
[144.0, 0.0, 931.0, 590.0]
[112.0, 64.0, 900.0, 655.0]
[112.0, 64.0, 901.0, 656.0]
[112.0, 48.0, 902.0, 640.0]
[48.0, 80.0, 839.0, 673.0]
[144.0, 0.0, 936.0, 594.0]
[112.0, 64.0, 905.0, 659.0]
[112.0, 80.0, 906.0, 676.0]
[80.0, 48.0, 875.0, 644.0]
[112.0, 48.0, 908.0, 645.0]
[176.0, 80.0, 973.0, 678.0]
[80.0, 48.0, 878.0, 646.0]
[176.0, 64.0, 975.0, 663.0]
[224.0, 16.0, 1024.0, 616.0]
[80.0, 80.0, 881.0, 681.0]
[176.0, 48.0, 978.0, 650.0]
[96.0, 48.0, 899.0, 650.0]
[48.0, 64.0, 852.0, 667.0]
[160.0, 64.0, 965.0, 668.0]
[192.0, 0.0, 998.0, 604.0]
[128.0, 48.0, 935.0, 653.0]
[128.0, 32.0, 936.0, 638.0]
[192.0, 64.0, 1001.0, 671.0]
[96.0, 32.0, 906.0, 640.0]
[192.0, 48.0, 1003.0, 656.0]
[160.0, 0.0, 972.0, 609.0]
[32.0, 48.0, 845.0, 658.0]
[128.0, 64.0, 942.0, 674.0]
[112.0, 16.0, 927.0, 627.0]
[128.0, 0.0, 944.0, 612.0]
[144.0, 0.0, 961.0, 613.0]
[192.0, 32.0, 1010.0, 646.0]
[160.0, 64.0, 979.0, 678.0]
[160.0, 16.0, 980.0, 631.0]
[192.0, 16.0, 1013.0, 632.0]
[64.0, 32.0, 886.0, 648.0]
[32.0, 32.0, 855.0, 649.0]
[176.0, 32.0, 1000.0, 650.0]
[80.0, 32.0, 905.0, 651.0]
[144.0, 0.0, 970.0, 620.0]
[112.0, 0.0, 939.0, 620.0]
[48.0, 32.0, 876.0, 653.0]
[192.0, 16.0, 1021.0, 638.0]
[64.0, 48.0, 894.0, 670.0]
[128.0, 0.0, 959.0, 623.0]
[160.0, 32.0, 992.0, 656.0]
[128.0, 0.0, 961.0, 625.0]
[128.0, 32.0, 962.0, 658.0]
[48.0, 48.0, 883.0, 674.0]
[64.0, 48.0, 900.0, 675.0]
[32.0, 32.0, 869.0, 660.0]
[64.0, 16.0, 902.0, 644.0]
[144.0, 0.0, 983.0, 629.0]
[96.0, 32.0, 936.0, 662.0]
[112.0, 16.0, 953.0, 647.0]
[176.0, 0.0, 1018.0, 632.0]
[64.0, 32.0, 907.0, 664.0]
[96.0, 32.0, 940.0, 665.0]
[48.0, 16.0, 893.0, 650.0]
[112.0, 32.0, 958.0, 666.0]
[128.0, 0.0, 975.0, 635.0]
[64.0, 32.0, 912.0, 668.0]
[160.0, 32.0, 1009.0, 669.0]
[144.0, 0.0, 994.0, 638.0]
[128.0, 0.0, 979.0, 638.0]
[64.0, 0.0, 916.0, 639.0]
[160.0, 0.0, 1013.0, 640.0]
[128.0, 0.0, 982.0, 640.0]
[48.0, 16.0, 903.0, 657.0]
[112.0, 0.0, 968.0, 642.0]
[64.0, 32.0, 921.0, 675.0]
[64.0, 0.0, 922.0, 644.0]
[80.0, 0.0, 939.0, 644.0]
[96.0, 0.0, 956.0, 645.0]
[96.0, 16.0, 957.0, 662.0]
[160.0, 32.0, 1022.0, 678.0]
[80.0, 0.0, 943.0, 647.0]
[160.0, 32.0, 1024.0, 680.0]
[32.0, 32.0, 897.0, 681.0]
[32.0, 32.0, 898.0, 682.0]
[96.0, 16.0, 963.0, 666.0]
[48.0, 32.0, 916.0, 683.0]
[32.0, 32.0, 901.0, 684.0]
[80.0, 32.0, 950.0, 684.0]
[144.0, 16.0, 1015.0, 669.0]
[64.0, 0.0, 936.0, 654.0]
[144.0, 16.0, 1017.0, 671.0]
[48.0, 16.0, 922.0, 672.0]
[32.0, 16.0, 907.0, 672.0]
[112.0, 16.0, 988.0, 673.0]
[112.0, 16.0, 989.0, 674.0]
[96.0, 16.0, 974.0, 674.0]
[96.0, 0.0, 975.0, 659.0]
[32.0, 0.0, 912.0, 660.0]
[96.0, 16.0, 977.0, 677.0]
[48.0, 16.0, 930.0, 678.0]
[64.0, 0.0, 947.0, 662.0]
[96.0, 0.0, 980.0, 663.0]
[48.0, 0.0, 933.0, 664.0]
[48.0, 0.0, 934.0, 664.0]
[96.0, 16.0, 983.0, 681.0]
[48.0, 16.0, 936.0, 682.0]
[96.0, 0.0, 985.0, 667.0]
[128.0, 0.0, 1018.0, 668.0]
[128.0, 16.0, 1019.0, 684.0]
[80.0, 0.0, 972.0, 669.0]
[32.0, 0.0, 925.0, 670.0]
[80.0, 0.0, 974.0, 670.0]
[96.0, 0.0, 991.0, 671.0]
[96.0, 0.0, 992.0, 672.0]
[64.0, 0.0, 961.0, 673.0]
[112.0, 0.0, 1010.0, 674.0]
[64.0, 0.0, 963.0, 674.0]
[64.0, 0.0, 964.0, 675.0]
[96.0, 0.0, 997.0, 676.0]
[32.0, 0.0, 934.0, 676.0]
[32.0, 0.0, 935.0, 677.0]
[96.0, 0.0, 1000.0, 678.0]
[112.0, 0.0, 1017.0, 679.0]
[64.0, 0.0, 970.0, 680.0]
[112.0, 0.0, 1019.0, 680.0]
[80.0, 0.0, 988.0, 681.0]
[80.0, 0.0, 989.0, 682.0]
[32.0, 0.0, 942.0, 682.0]
[32.0, 0.0, 943.0, 683.0]
[64.0, 0.0, 976.0, 684.0]
