[48.0, 144.0, 765.0, 682.0]
[48.0, 112.0, 766.0, 650.0]
[96.0, 80.0, 815.0, 619.0]
[80.0, 80.0, 800.0, 620.0]
[16.0, 48.0, 737.0, 589.0]
[48.0, 144.0, 770.0, 686.0]
[96.0, 160.0, 819.0, 702.0]
[64.0, 48.0, 788.0, 591.0]
[112.0, 48.0, 837.0, 592.0]
[64.0, 32.0, 790.0, 576.0]
[32.0, 96.0, 759.0, 641.0]
[64.0, 32.0, 792.0, 578.0]
[80.0, 64.0, 809.0, 611.0]
[80.0, 16.0, 810.0, 564.0]
[112.0, 64.0, 843.0, 612.0]
[96.0, 16.0, 828.0, 565.0]
[112.0, 64.0, 845.0, 614.0]
[16.0, 128.0, 750.0, 678.0]
[128.0, 48.0, 863.0, 599.0]
[0.0, 112.0, 736.0, 664.0]
[128.0, 64.0, 865.0, 617.0]
[48.0, 96.0, 786.0, 650.0]
[96.0, 32.0, 835.0, 586.0]
[80.0, 96.0, 820.0, 651.0]
[0.0, 48.0, 741.0, 604.0]
[112.0, 16.0, 854.0, 572.0]
[64.0, 144.0, 807.0, 701.0]
[80.0, 96.0, 824.0, 654.0]
[64.0, 32.0, 809.0, 591.0]
[96.0, 128.0, 842.0, 688.0]
[96.0, 128.0, 843.0, 688.0]
[16.0, 0.0, 764.0, 561.0]
[32.0, 80.0, 781.0, 642.0]
[80.0, 144.0, 830.0, 706.0]
[64.0, 80.0, 815.0, 643.0]
[96.0, 64.0, 848.0, 628.0]
[32.0, 32.0, 785.0, 597.0]
[32.0, 32.0, 786.0, 598.0]
[128.0, 48.0, 883.0, 614.0]
[112.0, 16.0, 868.0, 583.0]
[64.0, 80.0, 821.0, 648.0]
[16.0, 0.0, 774.0, 568.0]
[64.0, 144.0, 823.0, 713.0]
[128.0, 48.0, 888.0, 618.0]
[32.0, 160.0, 793.0, 731.0]
[128.0, 112.0, 890.0, 684.0]
[128.0, 32.0, 891.0, 604.0]
[16.0, 80.0, 780.0, 653.0]
[0.0, 80.0, 765.0, 654.0]
[96.0, 16.0, 862.0, 590.0]
[80.0, 32.0, 847.0, 607.0]
[112.0, 112.0, 880.0, 688.0]
[16.0, 32.0, 785.0, 609.0]
[48.0, 96.0, 818.0, 674.0]
[96.0, 0.0, 867.0, 578.0]
[64.0, 80.0, 836.0, 659.0]
[16.0, 144.0, 789.0, 724.0]
[16.0, 96.0, 790.0, 676.0]
[80.0, 80.0, 855.0, 661.0]
[32.0, 64.0, 808.0, 646.0]
[80.0, 112.0, 857.0, 695.0]
[0.0, 112.0, 778.0, 696.0]
[48.0, 16.0, 827.0, 600.0]
[96.0, 80.0, 876.0, 665.0]
[144.0, 64.0, 925.0, 650.0]
[16.0, 0.0, 798.0, 586.0]
[96.0, 48.0, 879.0, 635.0]
[32.0, 96.0, 816.0, 684.0]
[16.0, 16.0, 801.0, 605.0]
[64.0, 144.0, 850.0, 734.0]
[96.0, 16.0, 883.0, 606.0]
[48.0, 32.0, 836.0, 623.0]
[96.0, 16.0, 885.0, 608.0]
[128.0, 32.0, 918.0, 624.0]
[96.0, 0.0, 887.0, 593.0]
[112.0, 32.0, 904.0, 626.0]
[64.0, 112.0, 857.0, 707.0]
[16.0, 0.0, 810.0, 596.0]
[48.0, 64.0, 843.0, 660.0]
[0.0, 48.0, 796.0, 645.0]
[128.0, 48.0, 925.0, 646.0]
[32.0, 64.0, 830.0, 662.0]
[64.0, 16.0, 863.0, 615.0]
[32.0, 32.0, 832.0, 632.0]
[0.0, 112.0, 801.0, 713.0]
[32.0, 144.0, 834.0, 746.0]
[96.0, 64.0, 899.0, 666.0]
[32.0, 48.0, 836.0, 651.0]
[48.0, 64.0, 853.0, 668.0]
[80.0, 0.0, 886.0, 604.0]
[48.0, 0.0, 855.0, 605.0]
[96.0, 80.0, 904.0, 686.0]
[16.0, 112.0, 825.0, 719.0]
[128.0, 48.0, 938.0, 656.0]
[64.0, 112.0, 875.0, 720.0]
[64.0, 64.0, 876.0, 673.0]
[64.0, 112.0, 877.0, 722.0]
[32.0, 16.0, 846.0, 626.0]
[64.0, 64.0, 879.0, 675.0]
[80.0, 32.0, 896.0, 644.0]
[96.0, 0.0, 913.0, 613.0]
[96.0, 16.0, 914.0, 630.0]
[16.0, 80.0, 835.0, 694.0]
[64.0, 96.0, 884.0, 711.0]
[16.0, 128.0, 837.0, 744.0]
[48.0, 0.0, 870.0, 616.0]
[0.0, 64.0, 823.0, 681.0]
[0.0, 112.0, 824.0, 730.0]
[16.0, 64.0, 841.0, 683.0]
[112.0, 16.0, 938.0, 636.0]
[0.0, 112.0, 827.0, 732.0]
[32.0, 112.0, 860.0, 733.0]
[64.0, 48.0, 893.0, 670.0]
[64.0, 48.0, 894.0, 670.0]
[80.0, 32.0, 911.0, 655.0]
[48.0, 16.0, 880.0, 640.0]
[112.0, 16.0, 945.0, 641.0]
[32.0, 0.0, 866.0, 626.0]
[80.0, 96.0, 915.0, 722.0]
[112.0, 32.0, 948.0, 659.0]
[16.0, 96.0, 853.0, 724.0]
[64.0, 64.0, 902.0, 692.0]
[32.0, 64.0, 871.0, 693.0]
[48.0, 96.0, 888.0, 726.0]
[48.0, 112.0, 889.0, 743.0]
[64.0, 80.0, 906.0, 712.0]
[48.0, 64.0, 891.0, 696.0]
[0.0, 64.0, 844.0, 697.0]
[16.0, 16.0, 861.0, 650.0]
[0.0, 80.0, 846.0, 714.0]
[80.0, 16.0, 927.0, 651.0]
[0.0, 0.0, 848.0, 636.0]
[64.0, 96.0, 913.0, 733.0]
[0.0, 80.0, 850.0, 718.0]
[48.0, 48.0, 899.0, 686.0]
[96.0, 0.0, 948.0, 639.0]
[32.0, 64.0, 885.0, 704.0]
[64.0, 48.0, 918.0, 688.0]
[48.0, 64.0, 903.0, 705.0]
[80.0, 16.0, 936.0, 658.0]
[32.0, 96.0, 889.0, 739.0]
[64.0, 32.0, 922.0, 676.0]
[0.0, 0.0, 859.0, 644.0]
[0.0, 0.0, 860.0, 645.0]
[48.0, 80.0, 909.0, 726.0]
[48.0, 80.0, 910.0, 726.0]
[0.0, 48.0, 863.0, 695.0]
[96.0, 64.0, 960.0, 712.0]
[16.0, 16.0, 881.0, 665.0]
[128.0, 32.0, 994.0, 682.0]
[0.0, 64.0, 867.0, 714.0]
[128.0, 32.0, 996.0, 683.0]
[80.0, 16.0, 949.0, 668.0]
[0.0, 80.0, 870.0, 732.0]
[96.0, 48.0, 967.0, 701.0]
[64.0, 0.0, 936.0, 654.0]
[16.0, 80.0, 889.0, 735.0]
[32.0, 0.0, 906.0, 656.0]
[16.0, 32.0, 891.0, 688.0]
[48.0, 0.0, 924.0, 657.0]
[64.0, 32.0, 941.0, 690.0]
[32.0, 96.0, 910.0, 754.0]
[80.0, 48.0, 959.0, 707.0]
[48.0, 0.0, 928.0, 660.0]
[32.0, 64.0, 913.0, 725.0]
[48.0, 48.0, 930.0, 710.0]
[48.0, 32.0, 931.0, 694.0]
[16.0, 80.0, 900.0, 743.0]
[48.0, 80.0, 933.0, 744.0]
[96.0, 48.0, 982.0, 712.0]
[96.0, 0.0, 983.0, 665.0]
[64.0, 48.0, 952.0, 714.0]
[48.0, 48.0, 937.0, 715.0]
[48.0, 64.0, 938.0, 732.0]
[64.0, 64.0, 955.0, 732.0]
[16.0, 16.0, 908.0, 685.0]
[0.0, 48.0, 893.0, 718.0]
[16.0, 16.0, 910.0, 686.0]
[0.0, 16.0, 895.0, 687.0]
[48.0, 0.0, 944.0, 672.0]
[64.0, 48.0, 961.0, 721.0]
[32.0, 80.0, 930.0, 754.0]
[0.0, 16.0, 899.0, 690.0]
[64.0, 48.0, 964.0, 723.0]
[64.0, 16.0, 965.0, 692.0]
[48.0, 0.0, 950.0, 676.0]
[16.0, 80.0, 919.0, 757.0]
[80.0, 32.0, 984.0, 710.0]
[64.0, 16.0, 969.0, 695.0]
[96.0, 0.0, 1002.0, 680.0]
[64.0, 16.0, 971.0, 696.0]
[64.0, 16.0, 972.0, 697.0]
[16.0, 48.0, 925.0, 730.0]
[0.0, 0.0, 910.0, 682.0]
[48.0, 32.0, 959.0, 715.0]
[16.0, 64.0, 928.0, 748.0]
[0.0, 0.0, 913.0, 685.0]
[80.0, 16.0, 994.0, 702.0]
[16.0, 16.0, 931.0, 702.0]
[0.0, 64.0, 916.0, 751.0]
[48.0, 32.0, 965.0, 720.0]
[0.0, 64.0, 918.0, 752.0]
[48.0, 32.0, 967.0, 721.0]
[48.0, 48.0, 968.0, 738.0]
[32.0, 32.0, 953.0, 723.0]
[48.0, 48.0, 970.0, 740.0]
[48.0, 32.0, 971.0, 724.0]
[32.0, 16.0, 956.0, 709.0]
[48.0, 16.0, 973.0, 710.0]
[0.0, 48.0, 926.0, 742.0]
[0.0, 32.0, 927.0, 727.0]
[32.0, 0.0, 960.0, 696.0]
[16.0, 0.0, 945.0, 697.0]
[48.0, 48.0, 978.0, 746.0]
[0.0, 32.0, 931.0, 730.0]
[32.0, 16.0, 964.0, 715.0]
[0.0, 32.0, 933.0, 732.0]
[48.0, 0.0, 982.0, 700.0]
[0.0, 32.0, 935.0, 733.0]
[48.0, 32.0, 984.0, 734.0]
[0.0, 48.0, 937.0, 751.0]
[16.0, 48.0, 954.0, 752.0]
[0.0, 0.0, 939.0, 704.0]
[64.0, 32.0, 1004.0, 737.0]
[32.0, 32.0, 973.0, 738.0]
[48.0, 0.0, 990.0, 706.0]
[48.0, 0.0, 991.0, 707.0]
[0.0, 16.0, 944.0, 724.0]
[16.0, 0.0, 961.0, 709.0]
[32.0, 32.0, 978.0, 742.0]
[32.0, 0.0, 979.0, 710.0]
[0.0, 0.0, 948.0, 711.0]
[32.0, 32.0, 981.0, 744.0]
[48.0, 0.0, 998.0, 712.0]
[16.0, 32.0, 967.0, 745.0]
[0.0, 32.0, 952.0, 746.0]
[16.0, 0.0, 969.0, 715.0]
[16.0, 16.0, 970.0, 732.0]
[48.0, 0.0, 1003.0, 716.0]
[48.0, 0.0, 1004.0, 717.0]
[32.0, 32.0, 989.0, 750.0]
[48.0, 32.0, 1006.0, 750.0]
[48.0, 16.0, 1007.0, 735.0]
[0.0, 32.0, 960.0, 752.0]
[48.0, 16.0, 1009.0, 737.0]
[32.0, 16.0, 994.0, 738.0]
[0.0, 32.0, 963.0, 754.0]
[16.0, 16.0, 980.0, 739.0]
[32.0, 32.0, 997.0, 756.0]
[0.0, 0.0, 966.0, 724.0]
[16.0, 16.0, 983.0, 741.0]
