[208.0, 48.0, 925.0, 586.0]
[160.0, 128.0, 878.0, 666.0]
[176.0, 16.0, 895.0, 555.0]
[160.0, 48.0, 880.0, 588.0]
[144.0, 112.0, 865.0, 653.0]
[176.0, 48.0, 898.0, 590.0]
[176.0, 48.0, 899.0, 590.0]
[160.0, 0.0, 884.0, 543.0]
[224.0, 80.0, 949.0, 624.0]
[192.0, 128.0, 918.0, 672.0]
[112.0, 80.0, 839.0, 625.0]
[192.0, 112.0, 920.0, 658.0]
[176.0, 128.0, 905.0, 675.0]
[96.0, 32.0, 826.0, 580.0]
[208.0, 128.0, 939.0, 676.0]
[128.0, 48.0, 860.0, 597.0]
[176.0, 16.0, 909.0, 566.0]
[96.0, 32.0, 830.0, 582.0]
[64.0, 80.0, 799.0, 631.0]
[80.0, 80.0, 816.0, 632.0]
[208.0, 128.0, 945.0, 681.0]
[112.0, 32.0, 850.0, 586.0]
[144.0, 160.0, 883.0, 714.0]
[96.0, 128.0, 836.0, 683.0]
[128.0, 144.0, 869.0, 700.0]
[144.0, 160.0, 886.0, 716.0]
[112.0, 112.0, 855.0, 669.0]
[176.0, 144.0, 920.0, 702.0]
[128.0, 160.0, 873.0, 719.0]
[208.0, 48.0, 954.0, 608.0]
[144.0, 96.0, 891.0, 656.0]
[112.0, 144.0, 860.0, 705.0]
[128.0, 144.0, 877.0, 706.0]
[208.0, 96.0, 958.0, 658.0]
[112.0, 144.0, 863.0, 707.0]
[160.0, 16.0, 912.0, 580.0]
[128.0, 160.0, 881.0, 725.0]
[112.0, 112.0, 866.0, 678.0]
[144.0, 128.0, 899.0, 694.0]
[208.0, 80.0, 964.0, 647.0]
[96.0, 80.0, 853.0, 648.0]
[48.0, 80.0, 806.0, 648.0]
[64.0, 64.0, 823.0, 633.0]
[96.0, 48.0, 856.0, 618.0]
[224.0, 32.0, 985.0, 603.0]
[112.0, 112.0, 874.0, 684.0]
[112.0, 32.0, 875.0, 604.0]
[192.0, 112.0, 956.0, 685.0]
[80.0, 64.0, 845.0, 638.0]
[144.0, 48.0, 910.0, 622.0]
[224.0, 64.0, 991.0, 639.0]
[64.0, 32.0, 832.0, 608.0]
[112.0, 80.0, 881.0, 657.0]
[112.0, 160.0, 882.0, 738.0]
[144.0, 128.0, 915.0, 706.0]
[96.0, 80.0, 868.0, 659.0]
[144.0, 32.0, 917.0, 612.0]
[128.0, 144.0, 902.0, 724.0]
[160.0, 48.0, 935.0, 629.0]
[48.0, 16.0, 824.0, 598.0]
[80.0, 64.0, 857.0, 647.0]
[176.0, 48.0, 954.0, 632.0]
[48.0, 112.0, 827.0, 696.0]
[96.0, 112.0, 876.0, 697.0]
[96.0, 144.0, 877.0, 730.0]
[176.0, 96.0, 958.0, 682.0]
[80.0, 64.0, 863.0, 651.0]
[144.0, 128.0, 928.0, 716.0]
[32.0, 32.0, 817.0, 621.0]
[64.0, 0.0, 850.0, 590.0]
[160.0, 32.0, 947.0, 622.0]
[208.0, 96.0, 996.0, 687.0]
[96.0, 16.0, 885.0, 608.0]
[208.0, 48.0, 998.0, 640.0]
[144.0, 0.0, 935.0, 593.0]
[96.0, 16.0, 888.0, 610.0]
[64.0, 16.0, 857.0, 611.0]
[32.0, 16.0, 826.0, 612.0]
[96.0, 0.0, 891.0, 596.0]
[80.0, 48.0, 876.0, 645.0]
[128.0, 0.0, 925.0, 598.0]
[112.0, 0.0, 910.0, 598.0]
[80.0, 48.0, 879.0, 647.0]
[224.0, 64.0, 1024.0, 664.0]
[0.0, 48.0, 801.0, 649.0]
[144.0, 16.0, 946.0, 618.0]
[176.0, 80.0, 979.0, 682.0]
[96.0, 96.0, 900.0, 699.0]
[32.0, 0.0, 837.0, 604.0]
[176.0, 48.0, 982.0, 652.0]
[64.0, 48.0, 871.0, 653.0]
[112.0, 112.0, 920.0, 718.0]
[16.0, 80.0, 825.0, 687.0]
[112.0, 128.0, 922.0, 736.0]
[112.0, 128.0, 923.0, 736.0]
[192.0, 32.0, 1004.0, 641.0]
[80.0, 0.0, 893.0, 610.0]
[160.0, 96.0, 974.0, 706.0]
[96.0, 112.0, 911.0, 723.0]
[96.0, 32.0, 912.0, 644.0]
[96.0, 96.0, 913.0, 709.0]
[128.0, 128.0, 946.0, 742.0]
[176.0, 32.0, 995.0, 646.0]
[160.0, 32.0, 980.0, 647.0]
[160.0, 32.0, 981.0, 648.0]
[144.0, 64.0, 966.0, 680.0]
[192.0, 32.0, 1015.0, 649.0]
[64.0, 0.0, 888.0, 618.0]
[48.0, 48.0, 873.0, 667.0]
[64.0, 80.0, 890.0, 700.0]
[64.0, 96.0, 891.0, 716.0]
[160.0, 64.0, 988.0, 685.0]
[128.0, 96.0, 957.0, 718.0]
[128.0, 112.0, 958.0, 734.0]
[16.0, 64.0, 847.0, 687.0]
[192.0, 48.0, 1024.0, 672.0]
[96.0, 64.0, 929.0, 689.0]
[0.0, 64.0, 834.0, 690.0]
[32.0, 0.0, 867.0, 626.0]
[80.0, 96.0, 916.0, 723.0]
[112.0, 96.0, 949.0, 724.0]
[160.0, 48.0, 998.0, 676.0]
[80.0, 32.0, 919.0, 661.0]
[96.0, 96.0, 936.0, 726.0]
[96.0, 48.0, 937.0, 679.0]
[64.0, 32.0, 906.0, 664.0]
[112.0, 48.0, 955.0, 680.0]
[48.0, 0.0, 892.0, 633.0]
[112.0, 112.0, 957.0, 746.0]
[128.0, 0.0, 974.0, 634.0]
[64.0, 16.0, 911.0, 651.0]
[128.0, 32.0, 976.0, 668.0]
[64.0, 112.0, 913.0, 749.0]
[48.0, 16.0, 898.0, 654.0]
[160.0, 16.0, 1011.0, 654.0]
[80.0, 16.0, 932.0, 655.0]
[144.0, 0.0, 997.0, 640.0]
[144.0, 80.0, 998.0, 720.0]
[48.0, 64.0, 903.0, 705.0]
[128.0, 48.0, 984.0, 690.0]
[128.0, 64.0, 985.0, 707.0]
[48.0, 96.0, 906.0, 740.0]
[48.0, 32.0, 907.0, 676.0]
[80.0, 96.0, 940.0, 741.0]
[16.0, 16.0, 877.0, 662.0]
[112.0, 96.0, 974.0, 742.0]
[128.0, 96.0, 991.0, 743.0]
[16.0, 48.0, 880.0, 696.0]
[96.0, 80.0, 961.0, 729.0]
[16.0, 64.0, 882.0, 714.0]
[64.0, 48.0, 931.0, 698.0]
[80.0, 0.0, 948.0, 651.0]
[16.0, 32.0, 885.0, 684.0]
[32.0, 48.0, 902.0, 700.0]
[32.0, 96.0, 903.0, 749.0]
[64.0, 80.0, 936.0, 734.0]
[80.0, 96.0, 953.0, 751.0]
[32.0, 96.0, 906.0, 752.0]
[96.0, 64.0, 971.0, 720.0]
[96.0, 32.0, 972.0, 689.0]
[128.0, 48.0, 1005.0, 706.0]
[144.0, 16.0, 1022.0, 674.0]
[80.0, 80.0, 959.0, 739.0]
[128.0, 64.0, 1008.0, 724.0]
[48.0, 96.0, 929.0, 757.0]
[112.0, 80.0, 994.0, 742.0]
[128.0, 64.0, 1011.0, 726.0]
[96.0, 0.0, 980.0, 663.0]
[80.0, 48.0, 965.0, 712.0]
[112.0, 32.0, 998.0, 696.0]
[32.0, 0.0, 919.0, 665.0]
[64.0, 80.0, 952.0, 746.0]
[0.0, 80.0, 889.0, 747.0]
[0.0, 16.0, 890.0, 684.0]
[96.0, 16.0, 987.0, 684.0]
[128.0, 64.0, 1020.0, 733.0]
[80.0, 32.0, 973.0, 702.0]
[0.0, 48.0, 894.0, 718.0]
[96.0, 48.0, 991.0, 719.0]
[112.0, 64.0, 1008.0, 736.0]
[80.0, 16.0, 977.0, 689.0]
[64.0, 80.0, 962.0, 754.0]
[112.0, 48.0, 1011.0, 722.0]
[0.0, 16.0, 900.0, 691.0]
[48.0, 48.0, 949.0, 724.0]
[112.0, 80.0, 1014.0, 756.0]
[0.0, 32.0, 903.0, 709.0]
[16.0, 64.0, 920.0, 742.0]
[80.0, 32.0, 985.0, 711.0]
[96.0, 0.0, 1002.0, 680.0]
[0.0, 48.0, 907.0, 728.0]
[80.0, 16.0, 988.0, 697.0]
[16.0, 32.0, 925.0, 714.0]
[80.0, 64.0, 990.0, 746.0]
[48.0, 16.0, 959.0, 699.0]
[64.0, 0.0, 976.0, 684.0]
[64.0, 64.0, 977.0, 749.0]
[32.0, 32.0, 946.0, 718.0]
[16.0, 0.0, 931.0, 686.0]
[64.0, 16.0, 980.0, 703.0]
[48.0, 64.0, 965.0, 752.0]
[48.0, 16.0, 966.0, 704.0]
[80.0, 48.0, 999.0, 737.0]
[16.0, 0.0, 936.0, 690.0]
[16.0, 32.0, 937.0, 723.0]
[32.0, 16.0, 954.0, 708.0]
[64.0, 64.0, 987.0, 756.0]
[48.0, 48.0, 972.0, 741.0]
[0.0, 48.0, 925.0, 742.0]
[96.0, 48.0, 1022.0, 742.0]
[80.0, 16.0, 1007.0, 711.0]
[48.0, 16.0, 976.0, 712.0]
[0.0, 0.0, 929.0, 697.0]
[32.0, 0.0, 962.0, 698.0]
[64.0, 0.0, 995.0, 698.0]
[16.0, 0.0, 948.0, 699.0]
[16.0, 48.0, 949.0, 748.0]
[48.0, 32.0, 982.0, 732.0]
[0.0, 16.0, 935.0, 717.0]
[80.0, 16.0, 1016.0, 718.0]
[64.0, 32.0, 1001.0, 735.0]
[48.0, 16.0, 986.0, 720.0]
[48.0, 48.0, 987.0, 752.0]
[80.0, 32.0, 1020.0, 737.0]
[80.0, 32.0, 1021.0, 738.0]
[80.0, 0.0, 1022.0, 706.0]
[16.0, 0.0, 959.0, 707.0]
[16.0, 32.0, 960.0, 740.0]
[48.0, 48.0, 993.0, 757.0]
[32.0, 0.0, 978.0, 710.0]
[64.0, 0.0, 1011.0, 710.0]
[32.0, 16.0, 980.0, 727.0]
[16.0, 32.0, 965.0, 744.0]
[48.0, 32.0, 998.0, 744.0]
[48.0, 0.0, 999.0, 713.0]
[48.0, 0.0, 1000.0, 714.0]
[16.0, 0.0, 969.0, 715.0]
[48.0, 0.0, 1002.0, 716.0]
[64.0, 32.0, 1019.0, 748.0]
[32.0, 16.0, 988.0, 733.0]
[64.0, 0.0, 1021.0, 718.0]
[16.0, 32.0, 974.0, 750.0]
[16.0, 16.0, 975.0, 735.0]
[32.0, 16.0, 992.0, 736.0]
[32.0, 0.0, 993.0, 721.0]
[0.0, 32.0, 962.0, 754.0]
[16.0, 16.0, 979.0, 738.0]
[0.0, 16.0, 964.0, 739.0]
[16.0, 16.0, 981.0, 740.0]
[0.0, 16.0, 966.0, 740.0]
[0.0, 0.0, 967.0, 725.0]
