[160.0, 32.0, 877.0, 570.0]
[112.0, 48.0, 830.0, 586.0]
[256.0, 32.0, 975.0, 571.0]
[240.0, 32.0, 960.0, 572.0]
[208.0, 32.0, 929.0, 573.0]
[144.0, 48.0, 866.0, 590.0]
[160.0, 48.0, 883.0, 590.0]
[208.0, 16.0, 932.0, 559.0]
[224.0, 64.0, 949.0, 608.0]
[192.0, 48.0, 918.0, 592.0]
[192.0, 64.0, 919.0, 609.0]
[144.0, 16.0, 872.0, 562.0]
[80.0, 48.0, 809.0, 595.0]
[272.0, 48.0, 1002.0, 596.0]
[80.0, 48.0, 811.0, 596.0]
[208.0, 16.0, 940.0, 565.0]
[176.0, 16.0, 909.0, 566.0]
[112.0, 48.0, 846.0, 598.0]
[208.0, 32.0, 943.0, 583.0]
[96.0, 48.0, 832.0, 600.0]
[128.0, 48.0, 865.0, 601.0]
[192.0, 16.0, 930.0, 570.0]
[32.0, 16.0, 771.0, 570.0]
[96.0, 32.0, 836.0, 587.0]
[16.0, 48.0, 757.0, 604.0]
[80.0, 64.0, 822.0, 620.0]
[48.0, 64.0, 791.0, 621.0]
[160.0, 32.0, 904.0, 590.0]
[224.0, 32.0, 969.0, 591.0]
[160.0, 16.0, 906.0, 576.0]
[16.0, 32.0, 763.0, 592.0]
[176.0, 64.0, 924.0, 625.0]
[240.0, 48.0, 989.0, 610.0]
[64.0, 48.0, 814.0, 610.0]
[0.0, 32.0, 751.0, 595.0]
[176.0, 16.0, 928.0, 580.0]
[144.0, 16.0, 897.0, 581.0]
[176.0, 64.0, 930.0, 630.0]
[144.0, 32.0, 899.0, 598.0]
[64.0, 64.0, 820.0, 631.0]
[176.0, 16.0, 933.0, 584.0]
[176.0, 48.0, 934.0, 616.0]
[192.0, 0.0, 951.0, 569.0]
[240.0, 16.0, 1000.0, 586.0]
[176.0, 32.0, 937.0, 603.0]
[64.0, 0.0, 826.0, 572.0]
[176.0, 64.0, 939.0, 636.0]
[48.0, 64.0, 812.0, 637.0]
[240.0, 16.0, 1005.0, 590.0]
[64.0, 32.0, 830.0, 606.0]
[64.0, 64.0, 831.0, 639.0]
[144.0, 64.0, 912.0, 640.0]
[16.0, 32.0, 785.0, 609.0]
[16.0, 48.0, 786.0, 626.0]
[48.0, 32.0, 819.0, 610.0]
[128.0, 64.0, 900.0, 643.0]
[112.0, 64.0, 885.0, 644.0]
[192.0, 48.0, 966.0, 628.0]
[240.0, 16.0, 1015.0, 597.0]
[176.0, 64.0, 952.0, 646.0]
[144.0, 0.0, 921.0, 583.0]
[192.0, 16.0, 970.0, 600.0]
[64.0, 0.0, 843.0, 584.0]
[48.0, 0.0, 828.0, 585.0]
[240.0, 32.0, 1021.0, 618.0]
[32.0, 32.0, 814.0, 618.0]
[48.0, 0.0, 831.0, 587.0]
[160.0, 32.0, 944.0, 620.0]
[128.0, 32.0, 913.0, 621.0]
[80.0, 16.0, 866.0, 606.0]
[80.0, 0.0, 867.0, 590.0]
[160.0, 32.0, 948.0, 623.0]
[160.0, 32.0, 949.0, 624.0]
[96.0, 16.0, 886.0, 608.0]
[32.0, 48.0, 823.0, 641.0]
[48.0, 0.0, 840.0, 594.0]
[48.0, 64.0, 841.0, 659.0]
[80.0, 16.0, 874.0, 612.0]
[144.0, 48.0, 939.0, 644.0]
[112.0, 0.0, 908.0, 597.0]
[80.0, 16.0, 877.0, 614.0]
[128.0, 32.0, 926.0, 630.0]
[48.0, 64.0, 847.0, 663.0]
[112.0, 0.0, 912.0, 600.0]
[48.0, 32.0, 849.0, 633.0]
[128.0, 32.0, 930.0, 634.0]
[112.0, 48.0, 915.0, 650.0]
[128.0, 64.0, 932.0, 667.0]
[96.0, 32.0, 901.0, 636.0]
[176.0, 32.0, 982.0, 636.0]
[128.0, 48.0, 935.0, 653.0]
[176.0, 16.0, 984.0, 622.0]
[32.0, 16.0, 841.0, 623.0]
[112.0, 32.0, 922.0, 640.0]
[160.0, 48.0, 971.0, 656.0]
[0.0, 16.0, 812.0, 625.0]
[80.0, 32.0, 893.0, 642.0]
[0.0, 0.0, 814.0, 610.0]
[96.0, 16.0, 911.0, 627.0]
[80.0, 64.0, 896.0, 676.0]
[32.0, 0.0, 849.0, 613.0]
[128.0, 0.0, 946.0, 614.0]
[160.0, 64.0, 979.0, 678.0]
[176.0, 32.0, 996.0, 647.0]
[112.0, 48.0, 933.0, 664.0]
[112.0, 16.0, 934.0, 632.0]
[16.0, 16.0, 839.0, 633.0]
[192.0, 16.0, 1016.0, 634.0]
[96.0, 64.0, 921.0, 683.0]
[160.0, 48.0, 986.0, 668.0]
[16.0, 0.0, 843.0, 620.0]
[0.0, 32.0, 828.0, 653.0]
[96.0, 48.0, 925.0, 670.0]
[96.0, 0.0, 926.0, 622.0]
[176.0, 32.0, 1007.0, 655.0]
[64.0, 16.0, 896.0, 640.0]
[176.0, 0.0, 1009.0, 625.0]
[112.0, 0.0, 946.0, 626.0]
[144.0, 48.0, 979.0, 674.0]
[176.0, 0.0, 1012.0, 627.0]
[112.0, 32.0, 949.0, 660.0]
[64.0, 32.0, 902.0, 660.0]
[32.0, 16.0, 871.0, 645.0]
[96.0, 32.0, 936.0, 662.0]
[0.0, 0.0, 841.0, 631.0]
[144.0, 32.0, 986.0, 664.0]
[160.0, 48.0, 1003.0, 680.0]
[48.0, 16.0, 892.0, 649.0]
[16.0, 48.0, 861.0, 682.0]
[48.0, 0.0, 894.0, 634.0]
[128.0, 16.0, 975.0, 651.0]
[80.0, 32.0, 928.0, 668.0]
[16.0, 0.0, 865.0, 637.0]
[0.0, 0.0, 850.0, 638.0]
[0.0, 0.0, 851.0, 638.0]
[80.0, 32.0, 932.0, 671.0]
[48.0, 16.0, 901.0, 656.0]
[80.0, 0.0, 934.0, 640.0]
[0.0, 16.0, 855.0, 657.0]
[160.0, 16.0, 1016.0, 658.0]
[112.0, 32.0, 969.0, 675.0]
[64.0, 32.0, 922.0, 676.0]
[48.0, 16.0, 907.0, 660.0]
[144.0, 16.0, 1004.0, 661.0]
[144.0, 16.0, 1005.0, 662.0]
[144.0, 32.0, 1006.0, 678.0]
[16.0, 32.0, 879.0, 679.0]
[48.0, 32.0, 912.0, 680.0]
[16.0, 0.0, 881.0, 649.0]
[0.0, 0.0, 866.0, 650.0]
[80.0, 0.0, 947.0, 650.0]
[0.0, 0.0, 868.0, 651.0]
[16.0, 0.0, 885.0, 652.0]
[0.0, 16.0, 870.0, 668.0]
[96.0, 16.0, 967.0, 669.0]
[112.0, 0.0, 984.0, 654.0]
[80.0, 16.0, 953.0, 671.0]
[48.0, 0.0, 922.0, 656.0]
[0.0, 0.0, 875.0, 656.0]
[16.0, 16.0, 892.0, 673.0]
[0.0, 0.0, 877.0, 658.0]
[0.0, 16.0, 878.0, 674.0]
[144.0, 16.0, 1023.0, 675.0]
[80.0, 0.0, 960.0, 660.0]
[96.0, 16.0, 977.0, 677.0]
[112.0, 16.0, 994.0, 678.0]
[128.0, 0.0, 1011.0, 662.0]
[128.0, 16.0, 1012.0, 679.0]
[0.0, 0.0, 885.0, 664.0]
[64.0, 16.0, 950.0, 680.0]
[128.0, 16.0, 1015.0, 681.0]
[0.0, 16.0, 888.0, 682.0]
[64.0, 16.0, 953.0, 683.0]
[80.0, 0.0, 970.0, 668.0]
[0.0, 0.0, 891.0, 668.0]
[96.0, 0.0, 988.0, 669.0]
[128.0, 0.0, 1021.0, 670.0]
[128.0, 0.0, 1022.0, 670.0]
[96.0, 0.0, 991.0, 671.0]
[128.0, 0.0, 1024.0, 672.0]
[80.0, 0.0, 977.0, 673.0]
[112.0, 0.0, 1010.0, 674.0]
[32.0, 0.0, 931.0, 674.0]
[16.0, 0.0, 916.0, 675.0]
[0.0, 0.0, 901.0, 676.0]
[0.0, 0.0, 902.0, 676.0]
[32.0, 0.0, 935.0, 677.0]
[0.0, 0.0, 904.0, 678.0]
[80.0, 0.0, 985.0, 679.0]
[48.0, 0.0, 954.0, 680.0]
[32.0, 0.0, 939.0, 680.0]
[48.0, 0.0, 956.0, 681.0]
[80.0, 0.0, 989.0, 682.0]
[48.0, 0.0, 958.0, 682.0]
[32.0, 0.0, 943.0, 683.0]
