[144.0, 32.0, 861.0, 570.0]
[288.0, 64.0, 1006.0, 602.0]
[240.0, 64.0, 959.0, 603.0]
[240.0, 0.0, 960.0, 540.0]
[208.0, 32.0, 929.0, 573.0]
[272.0, 48.0, 994.0, 590.0]
[240.0, 16.0, 963.0, 558.0]
[224.0, 80.0, 948.0, 623.0]
[240.0, 64.0, 965.0, 608.0]
[208.0, 64.0, 934.0, 608.0]
[192.0, 32.0, 919.0, 577.0]
[208.0, 80.0, 936.0, 626.0]
[224.0, 48.0, 953.0, 595.0]
[272.0, 64.0, 1002.0, 612.0]
[144.0, 16.0, 875.0, 564.0]
[144.0, 48.0, 876.0, 597.0]
[256.0, 96.0, 989.0, 646.0]
[272.0, 64.0, 1006.0, 614.0]
[128.0, 64.0, 863.0, 615.0]
[176.0, 32.0, 912.0, 584.0]
[160.0, 80.0, 897.0, 633.0]
[224.0, 0.0, 962.0, 554.0]
[144.0, 48.0, 883.0, 602.0]
[176.0, 32.0, 916.0, 587.0]
[192.0, 64.0, 933.0, 620.0]
[272.0, 48.0, 1014.0, 604.0]
[208.0, 16.0, 951.0, 573.0]
[192.0, 64.0, 936.0, 622.0]
[192.0, 112.0, 937.0, 671.0]
[224.0, 48.0, 970.0, 608.0]
[272.0, 80.0, 1019.0, 640.0]
[176.0, 0.0, 924.0, 561.0]
[272.0, 80.0, 1021.0, 642.0]
[160.0, 0.0, 910.0, 562.0]
[240.0, 0.0, 991.0, 563.0]
[272.0, 32.0, 1024.0, 596.0]
[160.0, 16.0, 913.0, 581.0]
[144.0, 16.0, 898.0, 582.0]
[224.0, 16.0, 979.0, 582.0]
[256.0, 48.0, 1012.0, 615.0]
[192.0, 96.0, 949.0, 664.0]
[128.0, 48.0, 886.0, 616.0]
[176.0, 48.0, 935.0, 617.0]
[192.0, 32.0, 952.0, 602.0]
[208.0, 16.0, 969.0, 587.0]
[192.0, 16.0, 954.0, 588.0]
[160.0, 32.0, 923.0, 604.0]
[240.0, 48.0, 1004.0, 621.0]
[256.0, 16.0, 1021.0, 590.0]
[240.0, 32.0, 1006.0, 606.0]
[192.0, 96.0, 959.0, 671.0]
[240.0, 48.0, 1008.0, 624.0]
[160.0, 32.0, 929.0, 609.0]
[208.0, 0.0, 978.0, 578.0]
[208.0, 96.0, 979.0, 674.0]
[192.0, 80.0, 964.0, 659.0]
[224.0, 16.0, 997.0, 596.0]
[160.0, 80.0, 934.0, 660.0]
[160.0, 32.0, 935.0, 613.0]
[224.0, 80.0, 1000.0, 662.0]
[160.0, 64.0, 937.0, 647.0]
[208.0, 32.0, 986.0, 616.0]
[144.0, 16.0, 923.0, 600.0]
[112.0, 0.0, 892.0, 585.0]
[208.0, 80.0, 989.0, 666.0]
[208.0, 32.0, 990.0, 618.0]
[192.0, 80.0, 975.0, 667.0]
[208.0, 64.0, 992.0, 652.0]
[224.0, 80.0, 1009.0, 669.0]
[224.0, 16.0, 1010.0, 606.0]
[160.0, 64.0, 947.0, 654.0]
[144.0, 80.0, 932.0, 671.0]
[176.0, 16.0, 965.0, 608.0]
[128.0, 0.0, 918.0, 592.0]
[128.0, 16.0, 919.0, 609.0]
[192.0, 32.0, 984.0, 626.0]
[224.0, 64.0, 1017.0, 659.0]
[192.0, 64.0, 986.0, 660.0]
[160.0, 80.0, 955.0, 676.0]
[176.0, 64.0, 972.0, 661.0]
[192.0, 32.0, 989.0, 630.0]
[224.0, 32.0, 1022.0, 630.0]
[160.0, 48.0, 959.0, 647.0]
[144.0, 64.0, 944.0, 664.0]
[128.0, 48.0, 929.0, 649.0]
[176.0, 16.0, 978.0, 618.0]
[176.0, 64.0, 979.0, 666.0]
[160.0, 32.0, 964.0, 635.0]
[112.0, 48.0, 917.0, 652.0]
[176.0, 48.0, 982.0, 652.0]
[208.0, 32.0, 1015.0, 637.0]
[176.0, 32.0, 984.0, 638.0]
[128.0, 64.0, 937.0, 671.0]
[208.0, 32.0, 1018.0, 640.0]
[128.0, 64.0, 939.0, 672.0]
[208.0, 48.0, 1020.0, 657.0]
[192.0, 32.0, 1005.0, 642.0]
[176.0, 64.0, 990.0, 674.0]
[112.0, 0.0, 927.0, 611.0]
[112.0, 16.0, 928.0, 628.0]
[96.0, 0.0, 913.0, 613.0]
[160.0, 48.0, 978.0, 662.0]
[80.0, 32.0, 899.0, 646.0]
[160.0, 48.0, 980.0, 663.0]
[128.0, 16.0, 949.0, 632.0]
[112.0, 0.0, 934.0, 616.0]
[128.0, 0.0, 951.0, 617.0]
[144.0, 0.0, 968.0, 618.0]
[80.0, 0.0, 905.0, 619.0]
[160.0, 0.0, 986.0, 620.0]
[160.0, 16.0, 987.0, 636.0]
[112.0, 32.0, 940.0, 653.0]
[96.0, 16.0, 925.0, 638.0]
[176.0, 16.0, 1006.0, 638.0]
[160.0, 48.0, 991.0, 671.0]
[112.0, 48.0, 944.0, 672.0]
[128.0, 32.0, 961.0, 657.0]
[96.0, 32.0, 930.0, 658.0]
[128.0, 16.0, 963.0, 642.0]
[128.0, 0.0, 964.0, 627.0]
[112.0, 48.0, 949.0, 676.0]
[128.0, 16.0, 966.0, 644.0]
[144.0, 16.0, 983.0, 645.0]
[112.0, 32.0, 952.0, 662.0]
[176.0, 16.0, 1017.0, 647.0]
[144.0, 32.0, 986.0, 664.0]
[176.0, 16.0, 1019.0, 648.0]
[176.0, 48.0, 1020.0, 681.0]
[160.0, 48.0, 1005.0, 682.0]
[144.0, 16.0, 990.0, 650.0]
[176.0, 16.0, 1023.0, 651.0]
[176.0, 0.0, 1024.0, 636.0]
[144.0, 16.0, 993.0, 653.0]
[160.0, 0.0, 1010.0, 638.0]
[144.0, 16.0, 995.0, 654.0]
[112.0, 0.0, 964.0, 639.0]
[80.0, 0.0, 933.0, 640.0]
[160.0, 0.0, 1014.0, 640.0]
[80.0, 0.0, 935.0, 641.0]
[160.0, 0.0, 1016.0, 642.0]
[160.0, 32.0, 1017.0, 675.0]
[96.0, 0.0, 954.0, 644.0]
[160.0, 0.0, 1019.0, 644.0]
[96.0, 0.0, 956.0, 645.0]
[96.0, 0.0, 957.0, 646.0]
[128.0, 32.0, 990.0, 678.0]
[80.0, 16.0, 943.0, 663.0]
[96.0, 16.0, 960.0, 664.0]
[112.0, 16.0, 977.0, 665.0]
[128.0, 32.0, 994.0, 682.0]
[112.0, 32.0, 979.0, 682.0]
[80.0, 32.0, 948.0, 683.0]
[96.0, 16.0, 965.0, 668.0]
[128.0, 16.0, 998.0, 668.0]
[128.0, 16.0, 999.0, 669.0]
[96.0, 16.0, 968.0, 670.0]
[96.0, 0.0, 969.0, 655.0]
[128.0, 16.0, 1002.0, 672.0]
[96.0, 16.0, 971.0, 672.0]
[128.0, 0.0, 1004.0, 657.0]
[144.0, 0.0, 1021.0, 658.0]
[96.0, 0.0, 974.0, 658.0]
[112.0, 0.0, 991.0, 659.0]
[80.0, 0.0, 960.0, 660.0]
[96.0, 0.0, 977.0, 661.0]
[80.0, 0.0, 962.0, 662.0]
[80.0, 16.0, 963.0, 678.0]
[96.0, 16.0, 980.0, 679.0]
[112.0, 0.0, 997.0, 664.0]
[96.0, 16.0, 982.0, 680.0]
[80.0, 0.0, 967.0, 665.0]
[80.0, 0.0, 968.0, 666.0]
[128.0, 0.0, 1017.0, 667.0]
[128.0, 0.0, 1018.0, 668.0]
[80.0, 0.0, 971.0, 668.0]
[112.0, 0.0, 1004.0, 669.0]
[80.0, 0.0, 973.0, 670.0]
[96.0, 0.0, 990.0, 670.0]
[128.0, 0.0, 1023.0, 671.0]
[112.0, 0.0, 1008.0, 672.0]
[80.0, 0.0, 977.0, 673.0]
[80.0, 0.0, 978.0, 674.0]
[112.0, 0.0, 1011.0, 674.0]
[112.0, 0.0, 1012.0, 675.0]
[112.0, 0.0, 1013.0, 676.0]
[112.0, 0.0, 1014.0, 676.0]
[112.0, 0.0, 1015.0, 677.0]
[112.0, 0.0, 1016.0, 678.0]
[80.0, 0.0, 985.0, 679.0]
[112.0, 0.0, 1018.0, 680.0]
[80.0, 0.0, 987.0, 680.0]
[96.0, 0.0, 1004.0, 681.0]
[112.0, 0.0, 1021.0, 682.0]
[80.0, 0.0, 990.0, 682.0]
[96.0, 0.0, 1007.0, 683.0]
