[48.0, 176.0, 765.0, 714.0]
[160.0, 160.0, 878.0, 698.0]
[48.0, 192.0, 767.0, 731.0]
[96.0, 192.0, 816.0, 732.0]
[208.0, 176.0, 929.0, 717.0]
[224.0, 176.0, 946.0, 718.0]
[48.0, 160.0, 771.0, 702.0]
[128.0, 176.0, 852.0, 719.0]
[176.0, 192.0, 901.0, 736.0]
[32.0, 160.0, 758.0, 704.0]
[64.0, 160.0, 791.0, 705.0]
[48.0, 160.0, 776.0, 706.0]
[192.0, 160.0, 921.0, 707.0]
[224.0, 160.0, 954.0, 708.0]
[48.0, 176.0, 779.0, 724.0]
[48.0, 176.0, 780.0, 725.0]
[48.0, 192.0, 781.0, 742.0]
[112.0, 144.0, 846.0, 694.0]
[112.0, 144.0, 847.0, 695.0]
[128.0, 176.0, 864.0, 728.0]
[144.0, 144.0, 881.0, 697.0]
[32.0, 144.0, 770.0, 698.0]
[96.0, 160.0, 835.0, 714.0]
[80.0, 176.0, 820.0, 731.0]
[48.0, 160.0, 789.0, 716.0]
[80.0, 160.0, 822.0, 716.0]
[272.0, 176.0, 1015.0, 733.0]
[160.0, 176.0, 904.0, 734.0]
[224.0, 144.0, 969.0, 703.0]
[208.0, 176.0, 954.0, 736.0]
[32.0, 192.0, 779.0, 752.0]
[208.0, 144.0, 956.0, 705.0]
[160.0, 176.0, 909.0, 738.0]
[48.0, 144.0, 798.0, 706.0]
[240.0, 192.0, 991.0, 755.0]
[80.0, 128.0, 832.0, 692.0]
[96.0, 144.0, 849.0, 709.0]
[192.0, 160.0, 946.0, 726.0]
[64.0, 192.0, 819.0, 758.0]
[208.0, 192.0, 964.0, 759.0]
[192.0, 144.0, 949.0, 712.0]
[144.0, 192.0, 902.0, 760.0]
[64.0, 128.0, 823.0, 697.0]
[16.0, 160.0, 776.0, 730.0]
[16.0, 176.0, 777.0, 747.0]
[64.0, 176.0, 826.0, 748.0]
[96.0, 176.0, 859.0, 748.0]
[240.0, 192.0, 1004.0, 765.0]
[144.0, 176.0, 909.0, 750.0]
[32.0, 144.0, 798.0, 718.0]
[80.0, 176.0, 847.0, 751.0]
[112.0, 128.0, 880.0, 704.0]
[176.0, 112.0, 945.0, 689.0]
[192.0, 144.0, 962.0, 722.0]
[192.0, 144.0, 963.0, 722.0]
[0.0, 144.0, 772.0, 723.0]
[224.0, 160.0, 997.0, 740.0]
[64.0, 128.0, 838.0, 708.0]
[112.0, 176.0, 887.0, 757.0]
[112.0, 128.0, 888.0, 710.0]
[48.0, 176.0, 825.0, 759.0]
[240.0, 176.0, 1018.0, 760.0]
[16.0, 144.0, 795.0, 728.0]
[192.0, 112.0, 972.0, 697.0]
[144.0, 112.0, 925.0, 698.0]
[160.0, 112.0, 942.0, 698.0]
[32.0, 144.0, 815.0, 731.0]
[208.0, 144.0, 992.0, 732.0]
[160.0, 112.0, 945.0, 701.0]
[176.0, 112.0, 962.0, 702.0]
[48.0, 112.0, 835.0, 702.0]
[128.0, 112.0, 916.0, 703.0]
[208.0, 112.0, 997.0, 704.0]
[208.0, 160.0, 998.0, 752.0]
[80.0, 112.0, 871.0, 705.0]
[112.0, 96.0, 904.0, 690.0]
[0.0, 128.0, 793.0, 723.0]
[144.0, 144.0, 938.0, 740.0]
[160.0, 160.0, 955.0, 756.0]
[176.0, 112.0, 972.0, 709.0]
[224.0, 144.0, 1021.0, 742.0]
[144.0, 96.0, 942.0, 694.0]
[80.0, 128.0, 879.0, 727.0]
[96.0, 160.0, 896.0, 760.0]
[32.0, 112.0, 833.0, 713.0]
[96.0, 112.0, 898.0, 714.0]
[96.0, 144.0, 899.0, 746.0]
[64.0, 160.0, 868.0, 763.0]
[16.0, 144.0, 821.0, 748.0]
[176.0, 112.0, 982.0, 716.0]
[48.0, 160.0, 855.0, 765.0]
[80.0, 96.0, 888.0, 702.0]
[192.0, 160.0, 1001.0, 767.0]
[160.0, 80.0, 970.0, 688.0]
[160.0, 128.0, 971.0, 736.0]
[16.0, 96.0, 828.0, 705.0]
[192.0, 96.0, 1005.0, 706.0]
[144.0, 128.0, 958.0, 738.0]
[96.0, 128.0, 911.0, 739.0]
[48.0, 80.0, 864.0, 692.0]
[112.0, 112.0, 929.0, 725.0]
[112.0, 112.0, 930.0, 726.0]
[48.0, 80.0, 867.0, 694.0]
[176.0, 112.0, 996.0, 727.0]
[144.0, 112.0, 965.0, 728.0]
[80.0, 80.0, 902.0, 696.0]
[160.0, 144.0, 983.0, 761.0]
[160.0, 112.0, 984.0, 730.0]
[160.0, 112.0, 985.0, 731.0]
[176.0, 144.0, 1002.0, 764.0]
[176.0, 96.0, 1003.0, 716.0]
[80.0, 144.0, 908.0, 765.0]
[176.0, 80.0, 1005.0, 702.0]
[144.0, 96.0, 974.0, 718.0]
[160.0, 112.0, 991.0, 735.0]
[96.0, 64.0, 928.0, 688.0]
[176.0, 112.0, 1009.0, 737.0]
[48.0, 128.0, 882.0, 754.0]
[176.0, 112.0, 1011.0, 738.0]
[48.0, 128.0, 884.0, 755.0]
[112.0, 96.0, 949.0, 724.0]
[32.0, 112.0, 870.0, 740.0]
[112.0, 128.0, 951.0, 757.0]
[80.0, 80.0, 920.0, 710.0]
[112.0, 96.0, 953.0, 727.0]
[80.0, 80.0, 922.0, 712.0]
[0.0, 112.0, 843.0, 744.0]
[32.0, 64.0, 876.0, 697.0]
[160.0, 128.0, 1005.0, 762.0]
[0.0, 112.0, 846.0, 746.0]
[160.0, 112.0, 1007.0, 747.0]
[160.0, 80.0, 1008.0, 716.0]
[160.0, 80.0, 1009.0, 717.0]
[112.0, 80.0, 962.0, 718.0]
[80.0, 80.0, 931.0, 718.0]
[16.0, 128.0, 868.0, 767.0]
[112.0, 48.0, 965.0, 688.0]
[48.0, 112.0, 902.0, 752.0]
[96.0, 112.0, 951.0, 753.0]
[160.0, 80.0, 1016.0, 722.0]
[128.0, 112.0, 985.0, 755.0]
[160.0, 112.0, 1018.0, 756.0]
[32.0, 112.0, 891.0, 756.0]
[16.0, 80.0, 876.0, 725.0]
[128.0, 112.0, 989.0, 758.0]
[112.0, 64.0, 974.0, 710.0]
[16.0, 64.0, 879.0, 711.0]
[112.0, 48.0, 976.0, 696.0]
[96.0, 112.0, 961.0, 761.0]
[144.0, 64.0, 1010.0, 714.0]
[144.0, 64.0, 1011.0, 714.0]
[80.0, 112.0, 948.0, 763.0]
[16.0, 80.0, 885.0, 732.0]
[96.0, 80.0, 966.0, 732.0]
[64.0, 112.0, 935.0, 765.0]
[96.0, 112.0, 968.0, 766.0]
[64.0, 64.0, 937.0, 719.0]
[64.0, 96.0, 938.0, 752.0]
[128.0, 96.0, 1003.0, 752.0]
[144.0, 96.0, 1020.0, 753.0]
[80.0, 48.0, 957.0, 706.0]
[96.0, 96.0, 974.0, 754.0]
[112.0, 96.0, 991.0, 755.0]
[128.0, 64.0, 1008.0, 724.0]
[32.0, 96.0, 913.0, 757.0]
[96.0, 80.0, 978.0, 742.0]
[80.0, 32.0, 963.0, 694.0]
[128.0, 96.0, 1012.0, 759.0]
[128.0, 96.0, 1013.0, 760.0]
[48.0, 64.0, 934.0, 728.0]
[80.0, 80.0, 967.0, 745.0]
[32.0, 32.0, 920.0, 698.0]
[96.0, 80.0, 985.0, 747.0]
[32.0, 32.0, 922.0, 700.0]
[128.0, 64.0, 1019.0, 732.0]
[32.0, 32.0, 924.0, 701.0]
[32.0, 80.0, 925.0, 750.0]
[96.0, 96.0, 990.0, 766.0]
[128.0, 80.0, 1023.0, 751.0]
[64.0, 48.0, 960.0, 720.0]
[112.0, 32.0, 1009.0, 705.0]
[96.0, 32.0, 994.0, 706.0]
[16.0, 80.0, 915.0, 754.0]
[0.0, 64.0, 900.0, 739.0]
[48.0, 16.0, 949.0, 692.0]
[112.0, 64.0, 1014.0, 740.0]
[64.0, 32.0, 967.0, 709.0]
[0.0, 80.0, 904.0, 758.0]
[32.0, 32.0, 937.0, 711.0]
[80.0, 48.0, 986.0, 728.0]
[112.0, 48.0, 1019.0, 728.0]
[0.0, 32.0, 908.0, 713.0]
[80.0, 32.0, 989.0, 714.0]
[32.0, 32.0, 942.0, 714.0]
[112.0, 64.0, 1023.0, 747.0]
[112.0, 64.0, 1024.0, 748.0]
[96.0, 48.0, 1009.0, 733.0]
[32.0, 64.0, 946.0, 750.0]
[64.0, 80.0, 979.0, 766.0]
[80.0, 48.0, 996.0, 735.0]
[64.0, 64.0, 981.0, 752.0]
[48.0, 64.0, 966.0, 752.0]
[96.0, 32.0, 1015.0, 721.0]
[48.0, 0.0, 968.0, 690.0]
[32.0, 32.0, 953.0, 723.0]
[0.0, 64.0, 922.0, 756.0]
[64.0, 32.0, 987.0, 724.0]
[80.0, 48.0, 1004.0, 741.0]
[96.0, 48.0, 1021.0, 742.0]
[80.0, 48.0, 1006.0, 742.0]
[32.0, 0.0, 959.0, 695.0]
[96.0, 32.0, 1024.0, 728.0]
[64.0, 16.0, 993.0, 713.0]
[0.0, 16.0, 930.0, 714.0]
[16.0, 16.0, 947.0, 714.0]
[48.0, 0.0, 980.0, 699.0]
[48.0, 0.0, 981.0, 700.0]
[48.0, 48.0, 982.0, 748.0]
[16.0, 16.0, 951.0, 717.0]
[32.0, 48.0, 968.0, 750.0]
[0.0, 64.0, 937.0, 767.0]
[32.0, 32.0, 970.0, 736.0]
[80.0, 16.0, 1019.0, 720.0]
[64.0, 16.0, 1004.0, 721.0]
[80.0, 32.0, 1021.0, 738.0]
[48.0, 48.0, 990.0, 754.0]
[16.0, 0.0, 959.0, 707.0]
[16.0, 48.0, 960.0, 756.0]
[16.0, 16.0, 961.0, 725.0]
[64.0, 16.0, 1010.0, 726.0]
[32.0, 0.0, 979.0, 710.0]
[32.0, 16.0, 980.0, 727.0]
[32.0, 48.0, 981.0, 760.0]
[64.0, 32.0, 1014.0, 744.0]
[48.0, 0.0, 999.0, 713.0]
[32.0, 16.0, 984.0, 730.0]
[48.0, 32.0, 1001.0, 747.0]
[16.0, 48.0, 970.0, 764.0]
[16.0, 32.0, 971.0, 748.0]
[64.0, 16.0, 1020.0, 733.0]
[32.0, 16.0, 989.0, 734.0]
[64.0, 0.0, 1022.0, 718.0]
[48.0, 48.0, 1007.0, 767.0]
[48.0, 0.0, 1008.0, 720.0]
[48.0, 16.0, 1009.0, 737.0]
[48.0, 32.0, 1010.0, 754.0]
[0.0, 32.0, 963.0, 754.0]
[0.0, 32.0, 964.0, 755.0]
[0.0, 32.0, 965.0, 756.0]
[0.0, 32.0, 966.0, 756.0]
[0.0, 0.0, 967.0, 725.0]
[48.0, 0.0, 1016.0, 726.0]
[32.0, 16.0, 1001.0, 743.0]
[0.0, 16.0, 970.0, 744.0]
[16.0, 16.0, 987.0, 744.0]
[0.0, 16.0, 972.0, 745.0]
[16.0, 32.0, 989.0, 762.0]
[16.0, 0.0, 990.0, 730.0]
[16.0, 32.0, 991.0, 763.0]
[32.0, 0.0, 1008.0, 732.0]
[16.0, 32.0, 993.0, 765.0]
[0.0, 0.0, 978.0, 734.0]
[32.0, 0.0, 1011.0, 734.0]
[0.0, 32.0, 980.0, 767.0]
[32.0, 0.0, 1013.0, 736.0]
[16.0, 16.0, 998.0, 752.0]
[16.0, 16.0, 999.0, 753.0]
[0.0, 16.0, 984.0, 754.0]
[32.0, 0.0, 1017.0, 739.0]
[32.0, 0.0, 1018.0, 740.0]
[16.0, 0.0, 1003.0, 740.0]
[32.0, 0.0, 1020.0, 741.0]
[32.0, 0.0, 1021.0, 742.0]
[16.0, 16.0, 1006.0, 758.0]
[0.0, 16.0, 991.0, 759.0]
[16.0, 16.0, 1008.0, 760.0]
[16.0, 16.0, 1009.0, 761.0]
[16.0, 0.0, 1010.0, 746.0]
[0.0, 0.0, 995.0, 746.0]
[16.0, 16.0, 1012.0, 763.0]
[16.0, 0.0, 1013.0, 748.0]
[0.0, 0.0, 998.0, 748.0]
[16.0, 16.0, 1015.0, 765.0]
[0.0, 16.0, 1000.0, 766.0]
[0.0, 0.0, 1001.0, 751.0]
[0.0, 16.0, 1002.0, 768.0]
[16.0, 16.0, 1019.0, 768.0]
[0.0, 0.0, 1004.0, 753.0]
[16.0, 0.0, 1021.0, 754.0]
[0.0, 0.0, 1006.0, 754.0]
[0.0, 0.0, 1007.0, 755.0]
[0.0, 0.0, 1008.0, 756.0]
[0.0, 0.0, 1009.0, 757.0]
[0.0, 0.0, 1010.0, 758.0]
[0.0, 0.0, 1011.0, 758.0]
[0.0, 0.0, 1012.0, 759.0]
[0.0, 0.0, 1013.0, 760.0]
[0.0, 0.0, 1014.0, 760.0]
