[48.0, 32.0, 765.0, 570.0]
[256.0, 32.0, 974.0, 570.0]
[176.0, 32.0, 895.0, 571.0]
[256.0, 32.0, 976.0, 572.0]
[256.0, 0.0, 977.0, 541.0]
[160.0, 16.0, 882.0, 558.0]
[32.0, 0.0, 755.0, 542.0]
[192.0, 16.0, 916.0, 559.0]
[64.0, 16.0, 789.0, 560.0]
[64.0, 0.0, 790.0, 544.0]
[112.0, 32.0, 839.0, 577.0]
[96.0, 0.0, 824.0, 546.0]
[80.0, 16.0, 809.0, 563.0]
[160.0, 32.0, 890.0, 580.0]
[112.0, 0.0, 843.0, 548.0]
[208.0, 16.0, 940.0, 565.0]
[224.0, 16.0, 957.0, 566.0]
[48.0, 16.0, 782.0, 566.0]
[160.0, 32.0, 895.0, 583.0]
[144.0, 0.0, 880.0, 552.0]
[32.0, 0.0, 769.0, 553.0]
[96.0, 32.0, 834.0, 586.0]
[48.0, 16.0, 787.0, 570.0]
[224.0, 32.0, 964.0, 587.0]
[256.0, 16.0, 997.0, 572.0]
[160.0, 32.0, 902.0, 588.0]
[80.0, 0.0, 823.0, 557.0]
[224.0, 32.0, 968.0, 590.0]
[224.0, 0.0, 969.0, 559.0]
[208.0, 32.0, 954.0, 592.0]
[80.0, 32.0, 827.0, 592.0]
[240.0, 32.0, 988.0, 593.0]
[128.0, 0.0, 877.0, 562.0]
[96.0, 16.0, 846.0, 578.0]
[208.0, 16.0, 959.0, 579.0]
[176.0, 16.0, 928.0, 580.0]
[160.0, 16.0, 913.0, 581.0]
[80.0, 16.0, 834.0, 582.0]
[240.0, 16.0, 995.0, 582.0]
[96.0, 16.0, 852.0, 583.0]
[208.0, 32.0, 965.0, 600.0]
[64.0, 0.0, 822.0, 568.0]
[112.0, 32.0, 871.0, 601.0]
[192.0, 0.0, 952.0, 570.0]
[160.0, 32.0, 921.0, 603.0]
[208.0, 0.0, 970.0, 572.0]
[64.0, 32.0, 827.0, 604.0]
[32.0, 32.0, 796.0, 605.0]
[160.0, 32.0, 925.0, 606.0]
[176.0, 32.0, 942.0, 606.0]
[128.0, 16.0, 895.0, 591.0]
[208.0, 32.0, 976.0, 608.0]
[208.0, 32.0, 977.0, 609.0]
[176.0, 0.0, 946.0, 578.0]
[112.0, 16.0, 883.0, 594.0]
[32.0, 16.0, 804.0, 595.0]
[160.0, 32.0, 933.0, 612.0]
[112.0, 0.0, 886.0, 580.0]
[48.0, 0.0, 823.0, 581.0]
[224.0, 16.0, 1000.0, 598.0]
[64.0, 0.0, 841.0, 583.0]
[192.0, 0.0, 970.0, 584.0]
[192.0, 32.0, 971.0, 616.0]
[48.0, 32.0, 828.0, 617.0]
[224.0, 0.0, 1005.0, 586.0]
[64.0, 0.0, 846.0, 586.0]
[128.0, 16.0, 911.0, 603.0]
[112.0, 32.0, 896.0, 620.0]
[64.0, 0.0, 849.0, 589.0]
[192.0, 32.0, 978.0, 622.0]
[160.0, 0.0, 947.0, 590.0]
[208.0, 16.0, 996.0, 607.0]
[192.0, 0.0, 981.0, 592.0]
[48.0, 32.0, 838.0, 624.0]
[128.0, 0.0, 919.0, 593.0]
[160.0, 16.0, 952.0, 610.0]
[64.0, 0.0, 857.0, 595.0]
[144.0, 32.0, 938.0, 628.0]
[96.0, 32.0, 891.0, 628.0]
[128.0, 0.0, 924.0, 597.0]
[176.0, 32.0, 973.0, 630.0]
[80.0, 16.0, 878.0, 614.0]
[208.0, 0.0, 1007.0, 599.0]
[112.0, 16.0, 912.0, 616.0]
[80.0, 16.0, 881.0, 617.0]
[176.0, 16.0, 978.0, 618.0]
[80.0, 0.0, 883.0, 602.0]
[112.0, 32.0, 916.0, 635.0]
[48.0, 0.0, 853.0, 604.0]
[176.0, 16.0, 982.0, 620.0]
[96.0, 16.0, 903.0, 621.0]
[160.0, 0.0, 968.0, 606.0]
[128.0, 32.0, 937.0, 639.0]
[48.0, 0.0, 858.0, 608.0]
[160.0, 0.0, 971.0, 608.0]
[160.0, 0.0, 972.0, 609.0]
[192.0, 0.0, 1005.0, 610.0]
[144.0, 16.0, 958.0, 626.0]
[160.0, 16.0, 975.0, 627.0]
[176.0, 32.0, 992.0, 644.0]
[160.0, 0.0, 977.0, 613.0]
[128.0, 16.0, 946.0, 630.0]
[48.0, 16.0, 867.0, 630.0]
[32.0, 32.0, 852.0, 647.0]
[128.0, 16.0, 949.0, 632.0]
[32.0, 32.0, 854.0, 648.0]
[128.0, 32.0, 951.0, 649.0]
[96.0, 16.0, 920.0, 634.0]
[112.0, 32.0, 937.0, 651.0]
[64.0, 32.0, 890.0, 652.0]
[96.0, 32.0, 923.0, 652.0]
[64.0, 32.0, 892.0, 653.0]
[176.0, 16.0, 1005.0, 638.0]
[64.0, 32.0, 894.0, 654.0]
[48.0, 0.0, 879.0, 623.0]
[64.0, 32.0, 896.0, 656.0]
[128.0, 32.0, 961.0, 657.0]
[128.0, 32.0, 962.0, 658.0]
[64.0, 16.0, 899.0, 642.0]
[64.0, 0.0, 900.0, 627.0]
[160.0, 32.0, 997.0, 660.0]
[96.0, 32.0, 934.0, 660.0]
[160.0, 16.0, 999.0, 645.0]
[112.0, 32.0, 952.0, 662.0]
[112.0, 16.0, 953.0, 647.0]
[160.0, 16.0, 1002.0, 648.0]
[64.0, 16.0, 907.0, 648.0]
[160.0, 0.0, 1004.0, 633.0]
[32.0, 0.0, 877.0, 634.0]
[112.0, 16.0, 958.0, 650.0]
[112.0, 16.0, 959.0, 651.0]
[128.0, 0.0, 976.0, 636.0]
[80.0, 16.0, 929.0, 653.0]
[64.0, 16.0, 914.0, 654.0]
[32.0, 32.0, 883.0, 670.0]
[144.0, 0.0, 996.0, 639.0]
[32.0, 0.0, 885.0, 640.0]
[80.0, 32.0, 934.0, 672.0]
[64.0, 32.0, 919.0, 673.0]
[96.0, 16.0, 952.0, 658.0]
[128.0, 16.0, 985.0, 659.0]
[128.0, 32.0, 986.0, 676.0]
[48.0, 32.0, 907.0, 676.0]
[64.0, 32.0, 924.0, 677.0]
[80.0, 32.0, 941.0, 678.0]
[32.0, 0.0, 894.0, 646.0]
[96.0, 32.0, 959.0, 679.0]
[80.0, 16.0, 944.0, 664.0]
[80.0, 0.0, 945.0, 649.0]
[64.0, 16.0, 930.0, 666.0]
[48.0, 0.0, 915.0, 650.0]
[96.0, 0.0, 964.0, 651.0]
[128.0, 0.0, 997.0, 652.0]
[48.0, 16.0, 918.0, 668.0]
[80.0, 0.0, 951.0, 653.0]
[112.0, 0.0, 984.0, 654.0]
[96.0, 0.0, 969.0, 655.0]
[64.0, 0.0, 938.0, 656.0]
[96.0, 16.0, 971.0, 672.0]
[96.0, 16.0, 972.0, 673.0]
[128.0, 0.0, 1005.0, 658.0]
[32.0, 0.0, 910.0, 658.0]
[48.0, 0.0, 927.0, 659.0]
[80.0, 16.0, 960.0, 676.0]
[80.0, 16.0, 961.0, 677.0]
[64.0, 16.0, 946.0, 678.0]
[32.0, 0.0, 915.0, 662.0]
[32.0, 0.0, 916.0, 663.0]
[64.0, 0.0, 949.0, 664.0]
[96.0, 0.0, 982.0, 664.0]
[32.0, 0.0, 919.0, 665.0]
[80.0, 0.0, 968.0, 666.0]
[32.0, 0.0, 921.0, 667.0]
[64.0, 0.0, 954.0, 668.0]
[64.0, 0.0, 955.0, 668.0]
[32.0, 0.0, 924.0, 669.0]
[48.0, 0.0, 941.0, 670.0]
[80.0, 0.0, 974.0, 670.0]
[80.0, 0.0, 975.0, 671.0]
[32.0, 0.0, 928.0, 672.0]
[32.0, 0.0, 929.0, 673.0]
[96.0, 0.0, 994.0, 674.0]
[64.0, 0.0, 963.0, 674.0]
[96.0, 0.0, 996.0, 675.0]
[96.0, 0.0, 997.0, 676.0]
[80.0, 0.0, 982.0, 676.0]
[64.0, 0.0, 967.0, 677.0]
[80.0, 0.0, 984.0, 678.0]
[96.0, 0.0, 1001.0, 679.0]
