[64.0, 128.0, 781.0, 666.0]
[144.0, 128.0, 862.0, 666.0]
[48.0, 144.0, 767.0, 683.0]
[80.0, 128.0, 800.0, 668.0]
[16.0, 112.0, 737.0, 653.0]
[80.0, 96.0, 802.0, 638.0]
[48.0, 80.0, 771.0, 622.0]
[48.0, 112.0, 772.0, 655.0]
[80.0, 112.0, 805.0, 656.0]
[48.0, 96.0, 774.0, 640.0]
[32.0, 128.0, 759.0, 673.0]
[112.0, 112.0, 840.0, 658.0]
[0.0, 112.0, 729.0, 659.0]
[64.0, 96.0, 794.0, 644.0]
[128.0, 112.0, 859.0, 660.0]
[32.0, 80.0, 764.0, 629.0]
[64.0, 80.0, 797.0, 630.0]
[64.0, 128.0, 798.0, 678.0]
[16.0, 112.0, 751.0, 663.0]
[16.0, 112.0, 752.0, 664.0]
[112.0, 96.0, 849.0, 649.0]
[32.0, 80.0, 770.0, 634.0]
[64.0, 96.0, 803.0, 650.0]
[32.0, 128.0, 772.0, 683.0]
[80.0, 112.0, 821.0, 668.0]
[32.0, 112.0, 774.0, 668.0]
[96.0, 112.0, 839.0, 669.0]
[32.0, 80.0, 776.0, 638.0]
[64.0, 64.0, 809.0, 623.0]
[16.0, 112.0, 762.0, 672.0]
[64.0, 64.0, 811.0, 624.0]
[64.0, 112.0, 812.0, 673.0]
[32.0, 80.0, 781.0, 642.0]
[96.0, 112.0, 846.0, 674.0]
[32.0, 112.0, 783.0, 675.0]
[48.0, 112.0, 800.0, 676.0]
[32.0, 112.0, 785.0, 677.0]
[96.0, 112.0, 850.0, 678.0]
[80.0, 96.0, 835.0, 662.0]
[48.0, 96.0, 804.0, 663.0]
[96.0, 96.0, 853.0, 664.0]
[96.0, 112.0, 854.0, 680.0]
[32.0, 64.0, 791.0, 633.0]
[64.0, 80.0, 824.0, 650.0]
[64.0, 64.0, 825.0, 635.0]
[80.0, 96.0, 842.0, 668.0]
[16.0, 80.0, 779.0, 652.0]
[48.0, 80.0, 812.0, 653.0]
[48.0, 80.0, 813.0, 654.0]
[64.0, 64.0, 830.0, 638.0]
[16.0, 80.0, 783.0, 655.0]
[16.0, 64.0, 784.0, 640.0]
[48.0, 80.0, 817.0, 657.0]
[16.0, 80.0, 786.0, 658.0]
[0.0, 96.0, 771.0, 674.0]
[64.0, 96.0, 836.0, 675.0]
[64.0, 80.0, 837.0, 660.0]
[48.0, 80.0, 822.0, 660.0]
[16.0, 80.0, 791.0, 661.0]
[32.0, 96.0, 808.0, 678.0]
[80.0, 96.0, 857.0, 679.0]
[64.0, 80.0, 842.0, 664.0]
[16.0, 64.0, 795.0, 648.0]
[64.0, 80.0, 844.0, 665.0]
[80.0, 96.0, 861.0, 682.0]
[0.0, 96.0, 782.0, 682.0]
[64.0, 80.0, 847.0, 667.0]
[16.0, 80.0, 800.0, 668.0]
[16.0, 64.0, 801.0, 653.0]
[64.0, 80.0, 850.0, 670.0]
[64.0, 80.0, 851.0, 670.0]
[64.0, 80.0, 852.0, 671.0]
[32.0, 64.0, 821.0, 656.0]
[32.0, 64.0, 822.0, 656.0]
[48.0, 64.0, 839.0, 657.0]
[64.0, 64.0, 856.0, 658.0]
[0.0, 80.0, 793.0, 675.0]
[32.0, 64.0, 826.0, 660.0]
[16.0, 80.0, 811.0, 676.0]
[16.0, 48.0, 812.0, 645.0]
[32.0, 48.0, 829.0, 646.0]
[32.0, 48.0, 830.0, 646.0]
[48.0, 80.0, 847.0, 679.0]
[48.0, 80.0, 848.0, 680.0]
[16.0, 64.0, 817.0, 665.0]
[16.0, 64.0, 818.0, 666.0]
[32.0, 48.0, 835.0, 650.0]
[0.0, 80.0, 804.0, 683.0]
[48.0, 64.0, 853.0, 668.0]
[0.0, 64.0, 806.0, 668.0]
[48.0, 48.0, 855.0, 653.0]
[16.0, 48.0, 824.0, 654.0]
[16.0, 48.0, 825.0, 655.0]
[48.0, 48.0, 858.0, 656.0]
[32.0, 64.0, 843.0, 672.0]
[32.0, 48.0, 844.0, 657.0]
[32.0, 64.0, 845.0, 674.0]
[16.0, 48.0, 830.0, 658.0]
[16.0, 64.0, 831.0, 675.0]
[16.0, 64.0, 832.0, 676.0]
