[80.0, 272.0, 618.0, 989.0]
[64.0, 144.0, 602.0, 862.0]
[80.0, 208.0, 619.0, 927.0]
[96.0, 272.0, 636.0, 992.0]
[96.0, 32.0, 637.0, 753.0]
[64.0, 128.0, 606.0, 850.0]
[80.0, 64.0, 622.0, 787.0]
[96.0, 272.0, 639.0, 996.0]
[80.0, 96.0, 624.0, 821.0]
[80.0, 192.0, 624.0, 918.0]
[96.0, 64.0, 641.0, 791.0]
[96.0, 96.0, 642.0, 824.0]
[48.0, 128.0, 595.0, 857.0]
[48.0, 256.0, 596.0, 986.0]
[64.0, 80.0, 612.0, 811.0]
[48.0, 80.0, 597.0, 812.0]
[64.0, 256.0, 614.0, 989.0]
[112.0, 96.0, 662.0, 830.0]
[48.0, 192.0, 599.0, 927.0]
[96.0, 96.0, 648.0, 832.0]
[80.0, 64.0, 633.0, 801.0]
[96.0, 48.0, 650.0, 786.0]
[112.0, 240.0, 666.0, 979.0]
[64.0, 192.0, 619.0, 932.0]
[64.0, 160.0, 620.0, 901.0]
[80.0, 32.0, 636.0, 774.0]
[80.0, 64.0, 637.0, 807.0]
[112.0, 176.0, 670.0, 920.0]
[112.0, 128.0, 671.0, 873.0]
[48.0, 256.0, 608.0, 1002.0]
[80.0, 80.0, 640.0, 827.0]
[48.0, 224.0, 609.0, 972.0]
[32.0, 48.0, 594.0, 797.0]
[48.0, 96.0, 610.0, 846.0]
[64.0, 32.0, 627.0, 783.0]
[96.0, 160.0, 660.0, 912.0]
[48.0, 144.0, 613.0, 897.0]
[48.0, 224.0, 614.0, 978.0]
[112.0, 128.0, 678.0, 883.0]
[48.0, 32.0, 615.0, 788.0]
[80.0, 96.0, 648.0, 853.0]
[64.0, 96.0, 632.0, 854.0]
[96.0, 192.0, 665.0, 951.0]
[48.0, 240.0, 618.0, 1000.0]
[80.0, 176.0, 651.0, 937.0]
[112.0, 48.0, 684.0, 810.0]
[48.0, 192.0, 620.0, 955.0]
[80.0, 112.0, 653.0, 876.0]
[96.0, 128.0, 670.0, 893.0]
[80.0, 112.0, 654.0, 878.0]
[32.0, 176.0, 607.0, 943.0]
[96.0, 160.0, 672.0, 928.0]
[48.0, 128.0, 625.0, 897.0]
[32.0, 224.0, 610.0, 994.0]
[96.0, 160.0, 674.0, 931.0]
[32.0, 80.0, 611.0, 852.0]
[80.0, 96.0, 660.0, 869.0]
[32.0, 208.0, 612.0, 982.0]
[16.0, 48.0, 597.0, 823.0]
[48.0, 32.0, 630.0, 808.0]
[96.0, 224.0, 679.0, 1001.0]
[48.0, 128.0, 632.0, 906.0]
[32.0, 48.0, 616.0, 827.0]
[112.0, 176.0, 697.0, 956.0]
[80.0, 224.0, 666.0, 1005.0]
[16.0, 96.0, 602.0, 878.0]
[112.0, 48.0, 699.0, 831.0]
[80.0, 96.0, 668.0, 880.0]
[112.0, 96.0, 701.0, 881.0]
[48.0, 208.0, 638.0, 994.0]
[80.0, 144.0, 670.0, 931.0]
[32.0, 160.0, 623.0, 948.0]
[48.0, 208.0, 640.0, 997.0]
[80.0, 160.0, 672.0, 950.0]
[32.0, 64.0, 625.0, 855.0]
[16.0, 176.0, 610.0, 968.0]
[96.0, 16.0, 691.0, 809.0]
[80.0, 48.0, 676.0, 842.0]
[80.0, 112.0, 676.0, 907.0]
[96.0, 208.0, 693.0, 1004.0]
[64.0, 160.0, 662.0, 957.0]
[64.0, 144.0, 662.0, 942.0]
[32.0, 80.0, 631.0, 879.0]
[0.0, 160.0, 600.0, 960.0]
[80.0, 96.0, 681.0, 897.0]
[48.0, 176.0, 650.0, 978.0]
[112.0, 112.0, 714.0, 915.0]
[64.0, 176.0, 667.0, 980.0]
[80.0, 16.0, 684.0, 821.0]
[64.0, 128.0, 668.0, 934.0]
[0.0, 64.0, 605.0, 871.0]
[80.0, 80.0, 686.0, 888.0]
[96.0, 80.0, 703.0, 889.0]
[48.0, 64.0, 656.0, 874.0]
[48.0, 16.0, 656.0, 827.0]
[80.0, 112.0, 689.0, 924.0]
[80.0, 160.0, 690.0, 973.0]
[32.0, 160.0, 642.0, 974.0]
[80.0, 96.0, 691.0, 911.0]
[48.0, 80.0, 660.0, 896.0]
[32.0, 48.0, 645.0, 865.0]
[16.0, 128.0, 630.0, 946.0]
[32.0, 112.0, 646.0, 931.0]
[96.0, 128.0, 711.0, 948.0]
[16.0, 16.0, 632.0, 837.0]
[64.0, 160.0, 680.0, 982.0]
[48.0, 112.0, 665.0, 935.0]
[96.0, 64.0, 714.0, 888.0]
[64.0, 144.0, 683.0, 969.0]
[0.0, 48.0, 620.0, 874.0]
[0.0, 144.0, 620.0, 971.0]
[16.0, 144.0, 637.0, 972.0]
[96.0, 112.0, 718.0, 941.0]
[64.0, 80.0, 686.0, 910.0]
[32.0, 48.0, 655.0, 879.0]
[0.0, 144.0, 624.0, 976.0]
[112.0, 128.0, 737.0, 961.0]
[80.0, 80.0, 706.0, 914.0]
[16.0, 128.0, 642.0, 963.0]
[16.0, 16.0, 643.0, 852.0]
[32.0, 16.0, 660.0, 853.0]
[112.0, 64.0, 740.0, 902.0]
[80.0, 64.0, 709.0, 903.0]
[112.0, 80.0, 742.0, 920.0]
[16.0, 112.0, 647.0, 953.0]
[80.0, 96.0, 712.0, 938.0]
[112.0, 96.0, 744.0, 939.0]
[64.0, 80.0, 697.0, 924.0]
[48.0, 128.0, 682.0, 973.0]
[32.0, 144.0, 666.0, 990.0]
[32.0, 32.0, 667.0, 879.0]
[0.0, 160.0, 636.0, 1008.0]
[48.0, 64.0, 685.0, 913.0]
[0.0, 112.0, 638.0, 962.0]
[0.0, 32.0, 638.0, 883.0]
[0.0, 64.0, 639.0, 916.0]
[96.0, 48.0, 736.0, 901.0]
[0.0, 128.0, 640.0, 982.0]
[0.0, 128.0, 641.0, 983.0]
[0.0, 96.0, 642.0, 952.0]
[0.0, 16.0, 643.0, 873.0]
[80.0, 64.0, 724.0, 922.0]
[48.0, 32.0, 692.0, 891.0]
[32.0, 80.0, 677.0, 940.0]
[96.0, 112.0, 742.0, 973.0]
[48.0, 144.0, 694.0, 1006.0]
[48.0, 80.0, 695.0, 943.0]
[48.0, 32.0, 696.0, 896.0]
[0.0, 128.0, 649.0, 993.0]
[80.0, 96.0, 730.0, 962.0]
[0.0, 128.0, 650.0, 995.0]
[16.0, 80.0, 667.0, 948.0]
[32.0, 64.0, 684.0, 933.0]
[96.0, 32.0, 748.0, 902.0]
[64.0, 64.0, 717.0, 935.0]
[16.0, 128.0, 670.0, 1000.0]
[16.0, 48.0, 671.0, 921.0]
[80.0, 80.0, 736.0, 954.0]
[80.0, 48.0, 736.0, 923.0]
[96.0, 96.0, 753.0, 972.0]
[64.0, 48.0, 722.0, 925.0]
[96.0, 32.0, 754.0, 910.0]
[48.0, 80.0, 707.0, 959.0]
[96.0, 96.0, 756.0, 976.0]
[64.0, 48.0, 725.0, 929.0]
[80.0, 112.0, 742.0, 994.0]
[96.0, 112.0, 758.0, 995.0]
[64.0, 48.0, 727.0, 932.0]
[48.0, 48.0, 712.0, 933.0]
[64.0, 112.0, 728.0, 998.0]
[16.0, 48.0, 681.0, 935.0]
[80.0, 96.0, 746.0, 984.0]
[48.0, 96.0, 715.0, 985.0]
[80.0, 64.0, 748.0, 954.0]
[32.0, 112.0, 700.0, 1003.0]
[80.0, 48.0, 749.0, 940.0]
[0.0, 32.0, 670.0, 925.0]
[16.0, 48.0, 686.0, 942.0]
[48.0, 64.0, 719.0, 959.0]
[0.0, 80.0, 672.0, 976.0]
[64.0, 80.0, 737.0, 977.0]
[48.0, 80.0, 722.0, 978.0]
[48.0, 64.0, 722.0, 963.0]
[32.0, 48.0, 707.0, 948.0]
[80.0, 48.0, 756.0, 949.0]
[0.0, 64.0, 676.0, 966.0]
[48.0, 96.0, 725.0, 999.0]
[48.0, 48.0, 726.0, 952.0]
[32.0, 96.0, 711.0, 1001.0]
[0.0, 64.0, 680.0, 970.0]
[80.0, 48.0, 760.0, 955.0]
[16.0, 48.0, 697.0, 956.0]
[32.0, 64.0, 714.0, 973.0]
[64.0, 80.0, 746.0, 990.0]
[48.0, 80.0, 731.0, 991.0]
[80.0, 80.0, 764.0, 992.0]
[32.0, 80.0, 717.0, 993.0]
[80.0, 64.0, 766.0, 978.0]
[64.0, 48.0, 750.0, 963.0]
[16.0, 80.0, 703.0, 996.0]
[16.0, 80.0, 704.0, 997.0]
[32.0, 32.0, 720.0, 950.0]
[32.0, 80.0, 721.0, 999.0]
[32.0, 80.0, 722.0, 1000.0]
[16.0, 48.0, 707.0, 969.0]
[16.0, 48.0, 708.0, 970.0]
[64.0, 80.0, 756.0, 1003.0]
[32.0, 32.0, 725.0, 956.0]
[64.0, 64.0, 758.0, 989.0]
[64.0, 32.0, 758.0, 958.0]
[48.0, 64.0, 743.0, 991.0]
[16.0, 48.0, 712.0, 976.0]
[0.0, 64.0, 697.0, 993.0]
[48.0, 32.0, 746.0, 962.0]
[48.0, 48.0, 746.0, 979.0]
[48.0, 64.0, 747.0, 996.0]
[0.0, 32.0, 700.0, 965.0]
[16.0, 64.0, 716.0, 998.0]
[0.0, 32.0, 701.0, 967.0]
[0.0, 64.0, 702.0, 1000.0]
[32.0, 32.0, 735.0, 969.0]
[64.0, 32.0, 768.0, 970.0]
[16.0, 32.0, 720.0, 971.0]
[16.0, 48.0, 721.0, 988.0]
[0.0, 32.0, 706.0, 973.0]
[16.0, 32.0, 722.0, 974.0]
[32.0, 48.0, 739.0, 991.0]
[0.0, 32.0, 708.0, 976.0]
[48.0, 32.0, 757.0, 977.0]
[48.0, 48.0, 758.0, 994.0]
[0.0, 48.0, 710.0, 995.0]
[48.0, 32.0, 759.0, 980.0]
[0.0, 32.0, 712.0, 981.0]
[48.0, 48.0, 760.0, 998.0]
[16.0, 32.0, 729.0, 983.0]
[0.0, 32.0, 714.0, 984.0]
[32.0, 32.0, 747.0, 985.0]
[16.0, 32.0, 732.0, 986.0]
[0.0, 32.0, 716.0, 987.0]
[32.0, 32.0, 749.0, 988.0]
