[64.0, 96.0, 602.0, 813.0]
[48.0, 64.0, 586.0, 782.0]
[64.0, 96.0, 603.0, 815.0]
[48.0, 160.0, 588.0, 880.0]
[32.0, 176.0, 573.0, 897.0]
[32.0, 256.0, 574.0, 978.0]
[48.0, 80.0, 590.0, 803.0]
[16.0, 192.0, 559.0, 916.0]
[16.0, 240.0, 560.0, 965.0]
[64.0, 112.0, 608.0, 838.0]
[48.0, 80.0, 593.0, 807.0]
[32.0, 80.0, 578.0, 808.0]
[64.0, 176.0, 611.0, 905.0]
[64.0, 128.0, 612.0, 858.0]
[64.0, 176.0, 612.0, 907.0]
[64.0, 64.0, 613.0, 796.0]
[32.0, 176.0, 582.0, 909.0]
[16.0, 176.0, 566.0, 910.0]
[64.0, 192.0, 615.0, 927.0]
[32.0, 224.0, 584.0, 960.0]
[16.0, 128.0, 569.0, 865.0]
[48.0, 112.0, 602.0, 850.0]
[64.0, 112.0, 618.0, 851.0]
[32.0, 208.0, 587.0, 948.0]
[16.0, 80.0, 572.0, 821.0]
[48.0, 176.0, 604.0, 918.0]
[32.0, 240.0, 589.0, 983.0]
[16.0, 176.0, 574.0, 920.0]
[16.0, 224.0, 575.0, 969.0]
[48.0, 128.0, 608.0, 874.0]
[0.0, 208.0, 560.0, 955.0]
[64.0, 208.0, 625.0, 956.0]
[64.0, 208.0, 626.0, 957.0]
[64.0, 192.0, 626.0, 942.0]
[64.0, 144.0, 627.0, 895.0]
[16.0, 192.0, 580.0, 944.0]
[48.0, 128.0, 613.0, 881.0]
[32.0, 48.0, 598.0, 802.0]
[0.0, 96.0, 566.0, 851.0]
[48.0, 192.0, 615.0, 948.0]
[16.0, 176.0, 584.0, 933.0]
[16.0, 112.0, 584.0, 870.0]
[32.0, 16.0, 601.0, 775.0]
[64.0, 224.0, 634.0, 984.0]
[0.0, 96.0, 571.0, 857.0]
[48.0, 48.0, 620.0, 810.0]
[32.0, 16.0, 604.0, 779.0]
[32.0, 240.0, 605.0, 1004.0]
[32.0, 128.0, 606.0, 893.0]
[32.0, 32.0, 606.0, 798.0]
[32.0, 256.0, 607.0, 1023.0]
[32.0, 224.0, 608.0, 992.0]
[0.0, 160.0, 577.0, 929.0]
[16.0, 80.0, 594.0, 850.0]
[48.0, 240.0, 626.0, 1011.0]
[32.0, 16.0, 611.0, 788.0]
[48.0, 32.0, 628.0, 805.0]
[64.0, 32.0, 644.0, 806.0]
[48.0, 48.0, 629.0, 823.0]
[64.0, 192.0, 646.0, 968.0]
[32.0, 48.0, 615.0, 825.0]
[16.0, 224.0, 600.0, 1002.0]
[48.0, 48.0, 632.0, 827.0]
[16.0, 240.0, 601.0, 1020.0]
[48.0, 16.0, 634.0, 797.0]
[0.0, 96.0, 586.0, 878.0]
[32.0, 16.0, 619.0, 799.0]
[0.0, 48.0, 588.0, 832.0]
[0.0, 160.0, 589.0, 945.0]
[64.0, 96.0, 654.0, 882.0]
[64.0, 112.0, 654.0, 899.0]
[0.0, 96.0, 591.0, 884.0]
[32.0, 176.0, 624.0, 965.0]
[64.0, 48.0, 656.0, 838.0]
[32.0, 224.0, 625.0, 1015.0]
[32.0, 208.0, 626.0, 1000.0]
[64.0, 80.0, 659.0, 873.0]
[48.0, 160.0, 644.0, 954.0]
[16.0, 64.0, 612.0, 859.0]
[16.0, 192.0, 613.0, 988.0]
[32.0, 112.0, 630.0, 909.0]
[48.0, 16.0, 646.0, 814.0]
[32.0, 208.0, 631.0, 1007.0]
[0.0, 192.0, 600.0, 992.0]
[32.0, 32.0, 633.0, 833.0]
[64.0, 32.0, 666.0, 834.0]
[64.0, 48.0, 666.0, 851.0]
[0.0, 48.0, 603.0, 852.0]
[48.0, 208.0, 652.0, 1013.0]
[32.0, 48.0, 636.0, 854.0]
[0.0, 0.0, 605.0, 807.0]
[32.0, 96.0, 638.0, 904.0]
[48.0, 112.0, 655.0, 921.0]
[0.0, 64.0, 608.0, 874.0]
[64.0, 128.0, 672.0, 939.0]
[16.0, 208.0, 625.0, 1020.0]
[32.0, 80.0, 642.0, 893.0]
[32.0, 80.0, 642.0, 894.0]
[0.0, 192.0, 611.0, 1007.0]
[16.0, 128.0, 628.0, 944.0]
[32.0, 64.0, 645.0, 881.0]
[48.0, 48.0, 662.0, 866.0]
[16.0, 144.0, 630.0, 963.0]
[48.0, 48.0, 663.0, 868.0]
[64.0, 64.0, 680.0, 885.0]
[48.0, 96.0, 664.0, 918.0]
[16.0, 80.0, 633.0, 903.0]
[48.0, 32.0, 666.0, 856.0]
[16.0, 128.0, 635.0, 953.0]
[0.0, 0.0, 620.0, 826.0]
[16.0, 192.0, 636.0, 1019.0]
[48.0, 16.0, 669.0, 844.0]
[48.0, 112.0, 670.0, 941.0]
[32.0, 96.0, 654.0, 926.0]
[48.0, 0.0, 671.0, 831.0]
[16.0, 128.0, 640.0, 960.0]
[32.0, 176.0, 657.0, 1009.0]
[32.0, 112.0, 658.0, 946.0]
[0.0, 144.0, 626.0, 979.0]
[0.0, 32.0, 627.0, 868.0]
[0.0, 80.0, 628.0, 917.0]
[0.0, 128.0, 628.0, 966.0]
[16.0, 32.0, 645.0, 871.0]
[16.0, 48.0, 646.0, 888.0]
[48.0, 176.0, 679.0, 1017.0]
[48.0, 112.0, 680.0, 954.0]
[0.0, 48.0, 632.0, 891.0]
[16.0, 16.0, 649.0, 860.0]
[32.0, 64.0, 666.0, 909.0]
[0.0, 16.0, 634.0, 862.0]
[48.0, 64.0, 683.0, 911.0]
[32.0, 128.0, 668.0, 976.0]
[32.0, 112.0, 669.0, 961.0]
[0.0, 64.0, 638.0, 914.0]
[16.0, 112.0, 654.0, 963.0]
[0.0, 112.0, 639.0, 964.0]
[0.0, 96.0, 640.0, 949.0]
[32.0, 128.0, 672.0, 982.0]
[0.0, 64.0, 641.0, 919.0]
[0.0, 112.0, 642.0, 968.0]
[16.0, 32.0, 659.0, 889.0]
[0.0, 32.0, 644.0, 890.0]
[16.0, 80.0, 660.0, 939.0]
[0.0, 48.0, 645.0, 908.0]
[16.0, 80.0, 662.0, 941.0]
[32.0, 32.0, 678.0, 894.0]
[32.0, 16.0, 679.0, 879.0]
[0.0, 160.0, 648.0, 1024.0]
[16.0, 128.0, 665.0, 993.0]
[0.0, 48.0, 650.0, 914.0]
[0.0, 112.0, 650.0, 979.0]
[16.0, 16.0, 667.0, 884.0]
[16.0, 128.0, 668.0, 997.0]
[0.0, 64.0, 652.0, 934.0]
[16.0, 48.0, 669.0, 919.0]
[16.0, 16.0, 670.0, 888.0]
[16.0, 0.0, 671.0, 873.0]
[0.0, 144.0, 656.0, 1018.0]
[0.0, 16.0, 656.0, 891.0]
[0.0, 32.0, 657.0, 908.0]
[0.0, 128.0, 658.0, 1005.0]
[0.0, 32.0, 658.0, 910.0]
[16.0, 112.0, 675.0, 991.0]
[0.0, 128.0, 660.0, 1008.0]
[16.0, 128.0, 677.0, 1009.0]
[16.0, 32.0, 678.0, 914.0]
[0.0, 16.0, 662.0, 899.0]
[0.0, 48.0, 663.0, 932.0]
[16.0, 80.0, 680.0, 965.0]
[16.0, 48.0, 680.0, 934.0]
[0.0, 0.0, 665.0, 887.0]
[0.0, 48.0, 666.0, 936.0]
[0.0, 96.0, 667.0, 985.0]
[16.0, 0.0, 684.0, 890.0]
[16.0, 16.0, 684.0, 907.0]
[0.0, 96.0, 669.0, 988.0]
[0.0, 0.0, 670.0, 893.0]
[0.0, 0.0, 670.0, 894.0]
[0.0, 80.0, 671.0, 975.0]
[0.0, 48.0, 672.0, 944.0]
[0.0, 16.0, 673.0, 913.0]
[0.0, 64.0, 674.0, 962.0]
[0.0, 112.0, 674.0, 1011.0]
[0.0, 96.0, 675.0, 996.0]
[0.0, 32.0, 676.0, 933.0]
[0.0, 0.0, 676.0, 902.0]
[0.0, 112.0, 677.0, 1015.0]
[0.0, 112.0, 678.0, 1016.0]
[0.0, 16.0, 679.0, 921.0]
[0.0, 96.0, 680.0, 1002.0]
[0.0, 48.0, 680.0, 955.0]
[0.0, 96.0, 681.0, 1004.0]
[0.0, 112.0, 682.0, 1021.0]
[0.0, 32.0, 682.0, 942.0]
[0.0, 48.0, 683.0, 959.0]
[0.0, 80.0, 684.0, 992.0]
