[176.0, 96.0, 893.0, 634.0]
[160.0, 80.0, 878.0, 618.0]
[288.0, 112.0, 1007.0, 651.0]
[240.0, 96.0, 960.0, 636.0]
[240.0, 32.0, 961.0, 573.0]
[144.0, 128.0, 866.0, 670.0]
[192.0, 96.0, 915.0, 638.0]
[240.0, 48.0, 964.0, 591.0]
[128.0, 96.0, 853.0, 640.0]
[192.0, 96.0, 918.0, 640.0]
[240.0, 48.0, 967.0, 593.0]
[256.0, 16.0, 984.0, 562.0]
[192.0, 112.0, 921.0, 659.0]
[224.0, 64.0, 954.0, 612.0]
[144.0, 128.0, 875.0, 676.0]
[144.0, 96.0, 876.0, 645.0]
[160.0, 112.0, 893.0, 662.0]
[176.0, 128.0, 910.0, 678.0]
[272.0, 80.0, 1007.0, 631.0]
[192.0, 64.0, 928.0, 616.0]
[176.0, 64.0, 913.0, 617.0]
[176.0, 80.0, 914.0, 634.0]
[256.0, 32.0, 995.0, 586.0]
[240.0, 64.0, 980.0, 619.0]
[272.0, 48.0, 1013.0, 604.0]
[160.0, 64.0, 902.0, 620.0]
[128.0, 112.0, 871.0, 669.0]
[176.0, 80.0, 920.0, 638.0]
[160.0, 80.0, 905.0, 639.0]
[192.0, 16.0, 938.0, 576.0]
[224.0, 16.0, 971.0, 576.0]
[160.0, 32.0, 908.0, 593.0]
[176.0, 64.0, 925.0, 626.0]
[192.0, 32.0, 942.0, 594.0]
[224.0, 32.0, 975.0, 595.0]
[208.0, 16.0, 960.0, 580.0]
[96.0, 96.0, 849.0, 661.0]
[208.0, 96.0, 962.0, 662.0]
[176.0, 16.0, 931.0, 582.0]
[112.0, 96.0, 868.0, 663.0]
[192.0, 32.0, 949.0, 600.0]
[176.0, 32.0, 934.0, 600.0]
[256.0, 48.0, 1015.0, 617.0]
[112.0, 64.0, 872.0, 634.0]
[208.0, 64.0, 969.0, 635.0]
[224.0, 96.0, 986.0, 668.0]
[256.0, 80.0, 1019.0, 652.0]
[256.0, 96.0, 1020.0, 669.0]
[112.0, 64.0, 877.0, 638.0]
[112.0, 64.0, 878.0, 638.0]
[240.0, 96.0, 1007.0, 671.0]
[144.0, 48.0, 912.0, 624.0]
[240.0, 48.0, 1009.0, 625.0]
[144.0, 48.0, 914.0, 626.0]
[176.0, 96.0, 947.0, 674.0]
[96.0, 96.0, 868.0, 675.0]
[176.0, 48.0, 949.0, 628.0]
[240.0, 80.0, 1014.0, 660.0]
[96.0, 64.0, 871.0, 645.0]
[240.0, 64.0, 1016.0, 646.0]
[208.0, 48.0, 985.0, 631.0]
[208.0, 96.0, 986.0, 680.0]
[208.0, 32.0, 987.0, 616.0]
[240.0, 0.0, 1020.0, 585.0]
[128.0, 48.0, 909.0, 634.0]
[224.0, 0.0, 1006.0, 586.0]
[160.0, 80.0, 943.0, 667.0]
[128.0, 80.0, 912.0, 668.0]
[208.0, 32.0, 993.0, 621.0]
[96.0, 64.0, 882.0, 654.0]
[192.0, 16.0, 979.0, 606.0]
[224.0, 0.0, 1012.0, 591.0]
[80.0, 64.0, 869.0, 656.0]
[128.0, 80.0, 918.0, 672.0]
[208.0, 64.0, 999.0, 657.0]
[192.0, 80.0, 984.0, 674.0]
[160.0, 16.0, 953.0, 611.0]
[80.0, 64.0, 874.0, 660.0]
[144.0, 80.0, 939.0, 676.0]
[192.0, 80.0, 988.0, 677.0]
[160.0, 80.0, 957.0, 678.0]
[192.0, 16.0, 990.0, 614.0]
[160.0, 16.0, 959.0, 615.0]
[224.0, 32.0, 1024.0, 632.0]
[160.0, 16.0, 961.0, 617.0]
[128.0, 16.0, 930.0, 618.0]
[208.0, 0.0, 1011.0, 602.0]
[208.0, 64.0, 1012.0, 667.0]
[192.0, 48.0, 997.0, 652.0]
[176.0, 64.0, 982.0, 668.0]
[96.0, 48.0, 903.0, 653.0]
[144.0, 32.0, 952.0, 638.0]
[128.0, 16.0, 937.0, 623.0]
[176.0, 0.0, 986.0, 608.0]
[128.0, 64.0, 939.0, 672.0]
[176.0, 16.0, 988.0, 625.0]
[208.0, 64.0, 1021.0, 674.0]
[96.0, 64.0, 910.0, 674.0]
[128.0, 32.0, 943.0, 643.0]
[144.0, 0.0, 960.0, 612.0]
[80.0, 48.0, 897.0, 661.0]
[80.0, 48.0, 898.0, 662.0]
[112.0, 32.0, 931.0, 646.0]
[160.0, 64.0, 980.0, 679.0]
[144.0, 32.0, 965.0, 648.0]
[128.0, 0.0, 950.0, 616.0]
[192.0, 32.0, 1015.0, 649.0]
[160.0, 16.0, 984.0, 634.0]
[192.0, 0.0, 1017.0, 619.0]
[112.0, 16.0, 938.0, 636.0]
[192.0, 0.0, 1019.0, 620.0]
[128.0, 32.0, 956.0, 653.0]
[192.0, 16.0, 1021.0, 638.0]
[128.0, 32.0, 958.0, 654.0]
[96.0, 32.0, 927.0, 655.0]
[192.0, 0.0, 1024.0, 624.0]
[96.0, 32.0, 929.0, 657.0]
[96.0, 16.0, 930.0, 642.0]
[160.0, 48.0, 995.0, 674.0]
[128.0, 0.0, 964.0, 627.0]
[96.0, 16.0, 933.0, 644.0]
[96.0, 48.0, 934.0, 676.0]
[96.0, 16.0, 935.0, 645.0]
[112.0, 32.0, 952.0, 662.0]
[80.0, 48.0, 921.0, 679.0]
[144.0, 48.0, 986.0, 680.0]
[80.0, 32.0, 923.0, 664.0]
[176.0, 48.0, 1020.0, 681.0]
[96.0, 16.0, 941.0, 650.0]
[160.0, 0.0, 1006.0, 634.0]
[176.0, 48.0, 1023.0, 683.0]
[144.0, 16.0, 992.0, 652.0]
[144.0, 32.0, 993.0, 669.0]
[96.0, 32.0, 946.0, 670.0]
[128.0, 0.0, 979.0, 638.0]
[96.0, 32.0, 948.0, 671.0]
[96.0, 16.0, 949.0, 656.0]
[112.0, 32.0, 966.0, 672.0]
[112.0, 0.0, 967.0, 641.0]
[112.0, 16.0, 968.0, 658.0]
[96.0, 0.0, 953.0, 643.0]
[160.0, 0.0, 1018.0, 644.0]
[160.0, 16.0, 1019.0, 660.0]
[112.0, 0.0, 972.0, 645.0]
[160.0, 0.0, 1021.0, 646.0]
[128.0, 0.0, 990.0, 646.0]
[80.0, 16.0, 943.0, 663.0]
[128.0, 32.0, 992.0, 680.0]
[128.0, 16.0, 993.0, 665.0]
[112.0, 0.0, 978.0, 650.0]
[144.0, 0.0, 1011.0, 650.0]
[144.0, 16.0, 1012.0, 667.0]
[80.0, 0.0, 949.0, 652.0]
[112.0, 16.0, 982.0, 668.0]
[80.0, 0.0, 951.0, 653.0]
[80.0, 16.0, 952.0, 670.0]
[144.0, 0.0, 1017.0, 655.0]
[128.0, 0.0, 1002.0, 656.0]
[144.0, 16.0, 1019.0, 672.0]
[128.0, 16.0, 1004.0, 673.0]
[80.0, 0.0, 957.0, 658.0]
[112.0, 16.0, 990.0, 674.0]
[112.0, 16.0, 991.0, 675.0]
[80.0, 16.0, 960.0, 676.0]
[112.0, 16.0, 993.0, 677.0]
[128.0, 0.0, 1010.0, 662.0]
[96.0, 0.0, 979.0, 662.0]
[112.0, 16.0, 996.0, 679.0]
[112.0, 0.0, 997.0, 664.0]
[112.0, 0.0, 998.0, 664.0]
[128.0, 16.0, 1015.0, 681.0]
[96.0, 16.0, 984.0, 682.0]
[112.0, 0.0, 1001.0, 667.0]
[128.0, 0.0, 1018.0, 668.0]
[128.0, 0.0, 1019.0, 668.0]
[128.0, 0.0, 1020.0, 669.0]
[128.0, 0.0, 1021.0, 670.0]
[128.0, 0.0, 1022.0, 670.0]
[128.0, 0.0, 1023.0, 671.0]
[96.0, 0.0, 992.0, 672.0]
[96.0, 0.0, 993.0, 673.0]
[80.0, 0.0, 978.0, 674.0]
[80.0, 0.0, 979.0, 674.0]
[80.0, 0.0, 980.0, 675.0]
[112.0, 0.0, 1013.0, 676.0]
[80.0, 0.0, 982.0, 676.0]
[96.0, 0.0, 999.0, 677.0]
[96.0, 0.0, 1000.0, 678.0]
[112.0, 0.0, 1017.0, 679.0]
[80.0, 0.0, 986.0, 680.0]
[96.0, 0.0, 1003.0, 680.0]
[80.0, 0.0, 988.0, 681.0]
[112.0, 0.0, 1021.0, 682.0]
[96.0, 0.0, 1006.0, 682.0]
[80.0, 0.0, 991.0, 683.0]
