[144.0, 48.0, 861.0, 586.0]
[112.0, 80.0, 830.0, 618.0]
[64.0, 0.0, 783.0, 539.0]
[0.0, 32.0, 720.0, 572.0]
[144.0, 32.0, 865.0, 573.0]
[80.0, 48.0, 802.0, 590.0]
[160.0, 48.0, 883.0, 590.0]
[32.0, 96.0, 756.0, 639.0]
[160.0, 32.0, 885.0, 576.0]
[80.0, 96.0, 806.0, 640.0]
[16.0, 48.0, 743.0, 593.0]
[64.0, 32.0, 792.0, 578.0]
[112.0, 48.0, 841.0, 595.0]
[144.0, 32.0, 874.0, 580.0]
[128.0, 0.0, 859.0, 548.0]
[48.0, 64.0, 780.0, 613.0]
[112.0, 32.0, 845.0, 582.0]
[128.0, 0.0, 862.0, 550.0]
[32.0, 16.0, 767.0, 567.0]
[0.0, 16.0, 736.0, 568.0]
[0.0, 16.0, 737.0, 569.0]
[48.0, 64.0, 786.0, 618.0]
[64.0, 16.0, 803.0, 570.0]
[32.0, 48.0, 772.0, 603.0]
[64.0, 0.0, 805.0, 556.0]
[144.0, 80.0, 886.0, 636.0]
[128.0, 32.0, 871.0, 589.0]
[48.0, 16.0, 792.0, 574.0]
[128.0, 32.0, 873.0, 591.0]
[0.0, 64.0, 746.0, 624.0]
[128.0, 32.0, 875.0, 592.0]
[48.0, 0.0, 796.0, 561.0]
[96.0, 16.0, 845.0, 578.0]
[16.0, 64.0, 766.0, 626.0]
[144.0, 32.0, 895.0, 595.0]
[32.0, 0.0, 784.0, 564.0]
[32.0, 48.0, 785.0, 613.0]
[112.0, 32.0, 866.0, 598.0]
[128.0, 16.0, 883.0, 582.0]
[48.0, 32.0, 804.0, 599.0]
[16.0, 0.0, 773.0, 568.0]
[48.0, 64.0, 806.0, 632.0]
[48.0, 16.0, 807.0, 585.0]
[48.0, 48.0, 808.0, 618.0]
[96.0, 32.0, 857.0, 603.0]
[96.0, 16.0, 858.0, 588.0]
[32.0, 48.0, 795.0, 620.0]
[160.0, 48.0, 924.0, 621.0]
[144.0, 48.0, 909.0, 622.0]
[0.0, 48.0, 766.0, 622.0]
[64.0, 0.0, 831.0, 575.0]
[48.0, 32.0, 816.0, 608.0]
[112.0, 16.0, 881.0, 593.0]
[64.0, 0.0, 834.0, 578.0]
[96.0, 16.0, 867.0, 594.0]
[128.0, 48.0, 900.0, 627.0]
[160.0, 32.0, 933.0, 612.0]
[160.0, 16.0, 934.0, 596.0]
[80.0, 0.0, 855.0, 581.0]
[48.0, 0.0, 824.0, 582.0]
[32.0, 16.0, 809.0, 599.0]
[16.0, 0.0, 794.0, 584.0]
[32.0, 32.0, 811.0, 616.0]
[48.0, 48.0, 828.0, 633.0]
[80.0, 16.0, 861.0, 602.0]
[0.0, 0.0, 782.0, 586.0]
[80.0, 0.0, 863.0, 587.0]
[80.0, 48.0, 864.0, 636.0]
[48.0, 48.0, 833.0, 637.0]
[128.0, 32.0, 914.0, 622.0]
[48.0, 32.0, 835.0, 622.0]
[64.0, 32.0, 852.0, 623.0]
[80.0, 48.0, 869.0, 640.0]
[48.0, 0.0, 838.0, 592.0]
[144.0, 16.0, 935.0, 609.0]
[64.0, 32.0, 856.0, 626.0]
[0.0, 32.0, 793.0, 627.0]
[16.0, 16.0, 810.0, 612.0]
[32.0, 0.0, 827.0, 596.0]
[64.0, 16.0, 860.0, 613.0]
[48.0, 32.0, 845.0, 630.0]
[64.0, 16.0, 862.0, 614.0]
[80.0, 0.0, 879.0, 599.0]
[144.0, 16.0, 944.0, 616.0]
[80.0, 16.0, 881.0, 617.0]
[128.0, 16.0, 930.0, 618.0]
[16.0, 32.0, 819.0, 634.0]
[16.0, 16.0, 820.0, 619.0]
[48.0, 16.0, 853.0, 620.0]
[128.0, 16.0, 934.0, 620.0]
[80.0, 16.0, 887.0, 621.0]
[128.0, 16.0, 936.0, 622.0]
[16.0, 32.0, 825.0, 639.0]
[32.0, 16.0, 842.0, 624.0]
[32.0, 0.0, 843.0, 608.0]
[112.0, 0.0, 924.0, 609.0]
[0.0, 0.0, 813.0, 610.0]
[32.0, 0.0, 846.0, 610.0]
[96.0, 16.0, 911.0, 627.0]
[80.0, 16.0, 896.0, 628.0]
[48.0, 0.0, 865.0, 613.0]
[112.0, 0.0, 930.0, 614.0]
[112.0, 0.0, 931.0, 614.0]
[48.0, 0.0, 868.0, 615.0]
[0.0, 0.0, 821.0, 616.0]
[112.0, 0.0, 934.0, 616.0]
[128.0, 0.0, 951.0, 617.0]
[32.0, 0.0, 856.0, 618.0]
[64.0, 16.0, 889.0, 635.0]
[16.0, 0.0, 842.0, 620.0]
[128.0, 0.0, 955.0, 620.0]
[128.0, 16.0, 956.0, 637.0]
[48.0, 0.0, 877.0, 622.0]
[96.0, 0.0, 926.0, 622.0]
[80.0, 0.0, 911.0, 623.0]
[112.0, 0.0, 944.0, 624.0]
[96.0, 0.0, 929.0, 625.0]
[0.0, 0.0, 834.0, 626.0]
[32.0, 0.0, 867.0, 626.0]
[48.0, 0.0, 884.0, 627.0]
[64.0, 0.0, 901.0, 628.0]
[16.0, 0.0, 854.0, 628.0]
[80.0, 0.0, 919.0, 629.0]
[48.0, 0.0, 888.0, 630.0]
[64.0, 0.0, 905.0, 631.0]
[0.0, 0.0, 842.0, 632.0]
[96.0, 0.0, 939.0, 632.0]
[48.0, 0.0, 892.0, 633.0]
[96.0, 0.0, 941.0, 634.0]
[32.0, 0.0, 878.0, 634.0]
[16.0, 0.0, 863.0, 635.0]
[32.0, 0.0, 880.0, 636.0]
[32.0, 0.0, 881.0, 637.0]
[16.0, 0.0, 866.0, 638.0]
[96.0, 0.0, 947.0, 638.0]
[48.0, 0.0, 900.0, 639.0]
[80.0, 0.0, 933.0, 640.0]
[48.0, 0.0, 902.0, 640.0]
