[80.0, 48.0, 829.0, 610.0]
[48.0, 32.0, 798.0, 594.0]
[144.0, 80.0, 895.0, 643.0]
[176.0, 32.0, 928.0, 596.0]
[80.0, 48.0, 833.0, 613.0]
[128.0, 48.0, 882.0, 614.0]
[144.0, 64.0, 899.0, 630.0]
[176.0, 96.0, 932.0, 663.0]
[80.0, 32.0, 837.0, 600.0]
[48.0, 32.0, 806.0, 600.0]
[112.0, 48.0, 871.0, 617.0]
[32.0, 48.0, 792.0, 618.0]
[32.0, 80.0, 793.0, 651.0]
[112.0, 48.0, 874.0, 620.0]
[160.0, 80.0, 923.0, 652.0]
[144.0, 32.0, 908.0, 605.0]
[144.0, 48.0, 909.0, 622.0]
[80.0, 64.0, 846.0, 638.0]
[96.0, 80.0, 863.0, 655.0]
[96.0, 80.0, 864.0, 656.0]
[112.0, 64.0, 881.0, 641.0]
[80.0, 96.0, 850.0, 674.0]
[192.0, 32.0, 963.0, 610.0]
[32.0, 80.0, 804.0, 659.0]
[208.0, 48.0, 981.0, 628.0]
[192.0, 96.0, 966.0, 676.0]
[96.0, 16.0, 871.0, 597.0]
[224.0, 32.0, 1000.0, 614.0]
[192.0, 80.0, 969.0, 663.0]
[48.0, 96.0, 826.0, 680.0]
[112.0, 48.0, 891.0, 632.0]
[64.0, 16.0, 844.0, 601.0]
[16.0, 32.0, 797.0, 618.0]
[32.0, 64.0, 814.0, 650.0]
[112.0, 80.0, 895.0, 667.0]
[32.0, 96.0, 816.0, 684.0]
[48.0, 16.0, 833.0, 605.0]
[80.0, 96.0, 866.0, 686.0]
[80.0, 16.0, 867.0, 606.0]
[64.0, 0.0, 852.0, 591.0]
[80.0, 0.0, 869.0, 592.0]
[80.0, 16.0, 870.0, 608.0]
[224.0, 80.0, 1015.0, 673.0]
[0.0, 32.0, 792.0, 626.0]
[128.0, 64.0, 921.0, 659.0]
[80.0, 32.0, 874.0, 628.0]
[112.0, 64.0, 907.0, 660.0]
[224.0, 32.0, 1020.0, 629.0]
[144.0, 32.0, 941.0, 630.0]
[160.0, 112.0, 958.0, 710.0]
[64.0, 32.0, 863.0, 631.0]
[0.0, 64.0, 800.0, 664.0]
[80.0, 16.0, 881.0, 617.0]
[0.0, 48.0, 802.0, 650.0]
[192.0, 64.0, 995.0, 666.0]
[128.0, 96.0, 932.0, 699.0]
[144.0, 0.0, 949.0, 604.0]
[80.0, 32.0, 886.0, 636.0]
[0.0, 48.0, 807.0, 653.0]
[208.0, 32.0, 1016.0, 638.0]
[160.0, 48.0, 969.0, 655.0]
[64.0, 112.0, 874.0, 720.0]
[144.0, 16.0, 955.0, 624.0]
[128.0, 80.0, 940.0, 689.0]
[112.0, 96.0, 925.0, 706.0]
[112.0, 48.0, 926.0, 658.0]
[192.0, 96.0, 1007.0, 707.0]
[96.0, 0.0, 912.0, 612.0]
[0.0, 16.0, 817.0, 629.0]
[32.0, 32.0, 850.0, 646.0]
[48.0, 96.0, 867.0, 710.0]
[32.0, 48.0, 852.0, 663.0]
[192.0, 32.0, 1013.0, 648.0]
[176.0, 0.0, 998.0, 616.0]
[176.0, 80.0, 999.0, 697.0]
[144.0, 112.0, 968.0, 730.0]
[112.0, 80.0, 937.0, 699.0]
[144.0, 0.0, 970.0, 620.0]
[96.0, 64.0, 923.0, 684.0]
[144.0, 32.0, 972.0, 653.0]
[32.0, 16.0, 861.0, 638.0]
[144.0, 48.0, 974.0, 670.0]
[16.0, 32.0, 847.0, 655.0]
[176.0, 0.0, 1008.0, 624.0]
[32.0, 16.0, 865.0, 641.0]
[32.0, 80.0, 866.0, 706.0]
[16.0, 96.0, 851.0, 722.0]
[112.0, 32.0, 948.0, 659.0]
[160.0, 80.0, 997.0, 708.0]
[0.0, 48.0, 838.0, 676.0]
[0.0, 48.0, 839.0, 677.0]
[96.0, 0.0, 936.0, 630.0]
[32.0, 48.0, 873.0, 679.0]
[112.0, 112.0, 954.0, 744.0]
[128.0, 80.0, 971.0, 712.0]
[16.0, 96.0, 860.0, 729.0]
[112.0, 112.0, 957.0, 746.0]
[160.0, 32.0, 1006.0, 666.0]
[144.0, 16.0, 991.0, 651.0]
[112.0, 80.0, 960.0, 716.0]
[0.0, 16.0, 849.0, 653.0]
[112.0, 96.0, 962.0, 734.0]
[64.0, 80.0, 915.0, 718.0]
[128.0, 96.0, 980.0, 735.0]
[48.0, 112.0, 901.0, 752.0]
[32.0, 96.0, 886.0, 736.0]
[128.0, 112.0, 983.0, 753.0]
[112.0, 48.0, 968.0, 690.0]
[112.0, 0.0, 969.0, 643.0]
[96.0, 96.0, 954.0, 740.0]
[144.0, 96.0, 1003.0, 740.0]
[96.0, 32.0, 956.0, 677.0]
[144.0, 0.0, 1005.0, 646.0]
[96.0, 32.0, 958.0, 678.0]
[96.0, 112.0, 959.0, 759.0]
[128.0, 48.0, 992.0, 696.0]
[96.0, 96.0, 961.0, 745.0]
[128.0, 64.0, 994.0, 714.0]
[80.0, 16.0, 947.0, 666.0]
[144.0, 16.0, 1012.0, 667.0]
[144.0, 80.0, 1013.0, 732.0]
[144.0, 0.0, 1014.0, 652.0]
[112.0, 48.0, 983.0, 701.0]
[96.0, 80.0, 968.0, 734.0]
[64.0, 112.0, 937.0, 767.0]
[96.0, 48.0, 970.0, 704.0]
[128.0, 64.0, 1003.0, 720.0]
[112.0, 96.0, 988.0, 753.0]
[80.0, 32.0, 957.0, 690.0]
[0.0, 80.0, 878.0, 738.0]
[128.0, 32.0, 1007.0, 691.0]
[80.0, 64.0, 960.0, 724.0]
[112.0, 96.0, 993.0, 757.0]
[16.0, 32.0, 898.0, 694.0]
[96.0, 32.0, 979.0, 694.0]
[0.0, 48.0, 884.0, 711.0]
[0.0, 80.0, 885.0, 744.0]
[32.0, 0.0, 918.0, 664.0]
[32.0, 0.0, 919.0, 665.0]
[96.0, 64.0, 984.0, 730.0]
[64.0, 0.0, 953.0, 667.0]
[96.0, 32.0, 986.0, 700.0]
[32.0, 48.0, 923.0, 716.0]
[80.0, 16.0, 972.0, 685.0]
[112.0, 80.0, 1005.0, 750.0]
[48.0, 0.0, 942.0, 670.0]
[112.0, 64.0, 1007.0, 735.0]
[80.0, 16.0, 976.0, 688.0]
[96.0, 64.0, 993.0, 737.0]
[0.0, 16.0, 898.0, 690.0]
[64.0, 48.0, 963.0, 722.0]
[48.0, 48.0, 948.0, 723.0]
[64.0, 48.0, 965.0, 724.0]
[112.0, 16.0, 1014.0, 692.0]
[112.0, 48.0, 1015.0, 725.0]
[0.0, 16.0, 904.0, 694.0]
[0.0, 16.0, 905.0, 695.0]
[48.0, 64.0, 954.0, 744.0]
[64.0, 32.0, 971.0, 712.0]
[112.0, 0.0, 1020.0, 681.0]
[96.0, 64.0, 1005.0, 746.0]
[32.0, 16.0, 942.0, 698.0]
[64.0, 16.0, 975.0, 699.0]
[64.0, 80.0, 976.0, 764.0]
[32.0, 48.0, 945.0, 733.0]
[0.0, 16.0, 914.0, 702.0]
[48.0, 32.0, 963.0, 718.0]
[96.0, 32.0, 1012.0, 719.0]
[16.0, 0.0, 933.0, 688.0]
[0.0, 64.0, 918.0, 752.0]
[16.0, 16.0, 935.0, 705.0]
[96.0, 0.0, 1016.0, 690.0]
[80.0, 48.0, 1001.0, 739.0]
[0.0, 16.0, 922.0, 708.0]
[0.0, 64.0, 923.0, 756.0]
[48.0, 32.0, 972.0, 725.0]
[96.0, 16.0, 1021.0, 710.0]
[96.0, 64.0, 1022.0, 758.0]
[32.0, 0.0, 959.0, 695.0]
[32.0, 32.0, 960.0, 728.0]
[48.0, 16.0, 977.0, 713.0]
[48.0, 64.0, 978.0, 762.0]
[16.0, 64.0, 947.0, 762.0]
[48.0, 48.0, 980.0, 747.0]
[64.0, 48.0, 997.0, 748.0]
[48.0, 48.0, 982.0, 748.0]
[64.0, 0.0, 999.0, 701.0]
[48.0, 48.0, 984.0, 750.0]
[48.0, 16.0, 985.0, 719.0]
[80.0, 16.0, 1018.0, 720.0]
[64.0, 0.0, 1003.0, 704.0]
[80.0, 16.0, 1020.0, 721.0]
[16.0, 32.0, 957.0, 738.0]
[64.0, 16.0, 1006.0, 722.0]
[0.0, 48.0, 943.0, 755.0]
[80.0, 48.0, 1024.0, 756.0]
[64.0, 48.0, 1009.0, 757.0]
[48.0, 32.0, 994.0, 742.0]
[32.0, 0.0, 979.0, 710.0]
[48.0, 0.0, 996.0, 711.0]
[64.0, 0.0, 1013.0, 712.0]
[64.0, 0.0, 1014.0, 712.0]
[16.0, 32.0, 967.0, 745.0]
[32.0, 32.0, 984.0, 746.0]
[48.0, 16.0, 1001.0, 731.0]
[16.0, 32.0, 970.0, 748.0]
[16.0, 48.0, 971.0, 764.0]
[16.0, 48.0, 972.0, 765.0]
[32.0, 32.0, 989.0, 750.0]
[48.0, 48.0, 1006.0, 766.0]
[16.0, 16.0, 975.0, 735.0]
[48.0, 48.0, 1008.0, 768.0]
[0.0, 32.0, 961.0, 753.0]
[48.0, 0.0, 1010.0, 722.0]
[48.0, 16.0, 1011.0, 738.0]
[32.0, 32.0, 996.0, 755.0]
[48.0, 16.0, 1013.0, 740.0]
[0.0, 0.0, 966.0, 724.0]
[48.0, 32.0, 1015.0, 757.0]
[48.0, 0.0, 1016.0, 726.0]
[32.0, 0.0, 1001.0, 727.0]
[48.0, 16.0, 1018.0, 744.0]
[0.0, 0.0, 971.0, 728.0]
[48.0, 32.0, 1020.0, 761.0]
[0.0, 32.0, 973.0, 762.0]
[48.0, 32.0, 1022.0, 762.0]
[0.0, 32.0, 975.0, 763.0]
[16.0, 0.0, 992.0, 732.0]
[0.0, 16.0, 977.0, 749.0]
[0.0, 0.0, 978.0, 734.0]
[32.0, 16.0, 1011.0, 750.0]
[16.0, 0.0, 996.0, 735.0]
[16.0, 32.0, 997.0, 768.0]
[16.0, 0.0, 998.0, 736.0]
[0.0, 0.0, 983.0, 737.0]
[16.0, 16.0, 1000.0, 754.0]
[32.0, 16.0, 1017.0, 755.0]
[16.0, 16.0, 1002.0, 756.0]
[32.0, 16.0, 1019.0, 756.0]
[32.0, 16.0, 1020.0, 757.0]
[0.0, 16.0, 989.0, 758.0]
[0.0, 16.0, 990.0, 758.0]
[32.0, 0.0, 1023.0, 743.0]
[16.0, 16.0, 1008.0, 760.0]
[16.0, 0.0, 1009.0, 745.0]
[0.0, 0.0, 994.0, 746.0]
[16.0, 0.0, 1011.0, 746.0]
[16.0, 0.0, 1012.0, 747.0]
[16.0, 0.0, 1013.0, 748.0]
[16.0, 16.0, 1014.0, 764.0]
[16.0, 0.0, 1015.0, 749.0]
[16.0, 0.0, 1016.0, 750.0]
[0.0, 16.0, 1001.0, 767.0]
[16.0, 16.0, 1018.0, 768.0]
[16.0, 0.0, 1019.0, 752.0]
[16.0, 0.0, 1020.0, 753.0]
[16.0, 0.0, 1021.0, 754.0]
[16.0, 0.0, 1022.0, 754.0]
[16.0, 0.0, 1023.0, 755.0]
[16.0, 0.0, 1024.0, 756.0]
[0.0, 0.0, 1009.0, 757.0]
[0.0, 0.0, 1010.0, 758.0]
[0.0, 0.0, 1011.0, 758.0]
[0.0, 0.0, 1012.0, 759.0]
[0.0, 0.0, 1013.0, 760.0]
[0.0, 0.0, 1014.0, 760.0]
[0.0, 0.0, 1015.0, 761.0]
[0.0, 0.0, 1016.0, 762.0]
[0.0, 0.0, 1017.0, 763.0]
[0.0, 0.0, 1018.0, 764.0]
[0.0, 0.0, 1019.0, 764.0]
[0.0, 0.0, 1020.0, 765.0]
[0.0, 0.0, 1021.0, 766.0]
[0.0, 0.0, 1022.0, 766.0]
[0.0, 0.0, 1023.0, 767.0]
[0.0, 0.0, 1024.0, 768.0]
