[192.0, 64.0, 933.0, 620.0]
[176.0, 48.0, 918.0, 604.0]
[80.0, 80.0, 823.0, 637.0]
[144.0, 64.0, 888.0, 622.0]
[144.0, 64.0, 889.0, 623.0]
[192.0, 48.0, 938.0, 608.0]
[224.0, 96.0, 971.0, 656.0]
[112.0, 32.0, 860.0, 593.0]
[80.0, 96.0, 829.0, 658.0]
[64.0, 96.0, 814.0, 658.0]
[128.0, 32.0, 879.0, 595.0]
[144.0, 80.0, 896.0, 644.0]
[48.0, 32.0, 801.0, 597.0]
[64.0, 64.0, 818.0, 630.0]
[208.0, 48.0, 963.0, 614.0]
[176.0, 80.0, 932.0, 647.0]
[208.0, 48.0, 965.0, 616.0]
[176.0, 80.0, 934.0, 648.0]
[96.0, 32.0, 855.0, 601.0]
[64.0, 80.0, 824.0, 650.0]
[160.0, 80.0, 921.0, 651.0]
[96.0, 80.0, 858.0, 652.0]
[64.0, 32.0, 827.0, 604.0]
[48.0, 64.0, 812.0, 637.0]
[208.0, 32.0, 973.0, 606.0]
[160.0, 64.0, 926.0, 638.0]
[112.0, 64.0, 879.0, 639.0]
[112.0, 32.0, 880.0, 608.0]
[48.0, 80.0, 817.0, 657.0]
[96.0, 32.0, 866.0, 610.0]
[80.0, 16.0, 851.0, 594.0]
[64.0, 64.0, 836.0, 643.0]
[176.0, 16.0, 949.0, 596.0]
[128.0, 16.0, 902.0, 596.0]
[32.0, 48.0, 807.0, 629.0]
[208.0, 16.0, 984.0, 598.0]
[64.0, 64.0, 841.0, 647.0]
[48.0, 16.0, 826.0, 600.0]
[144.0, 48.0, 923.0, 632.0]
[80.0, 48.0, 860.0, 633.0]
[16.0, 80.0, 797.0, 666.0]
[112.0, 0.0, 894.0, 586.0]
[64.0, 64.0, 847.0, 651.0]
[64.0, 48.0, 848.0, 636.0]
[96.0, 48.0, 881.0, 637.0]
[144.0, 32.0, 930.0, 622.0]
[112.0, 64.0, 899.0, 654.0]
[96.0, 80.0, 884.0, 671.0]
[224.0, 64.0, 1013.0, 656.0]
[128.0, 16.0, 918.0, 608.0]
[96.0, 0.0, 887.0, 593.0]
[160.0, 64.0, 952.0, 658.0]
[0.0, 48.0, 793.0, 643.0]
[160.0, 0.0, 954.0, 596.0]
[176.0, 16.0, 971.0, 612.0]
[48.0, 48.0, 844.0, 645.0]
[16.0, 80.0, 813.0, 678.0]
[48.0, 0.0, 846.0, 598.0]
[32.0, 80.0, 831.0, 679.0]
[224.0, 32.0, 1024.0, 632.0]
[48.0, 64.0, 849.0, 665.0]
[112.0, 64.0, 914.0, 666.0]
[176.0, 0.0, 979.0, 602.0]
[32.0, 32.0, 836.0, 635.0]
[208.0, 0.0, 1013.0, 604.0]
[160.0, 32.0, 966.0, 636.0]
[48.0, 48.0, 855.0, 653.0]
[176.0, 32.0, 984.0, 638.0]
[48.0, 48.0, 857.0, 655.0]
[48.0, 64.0, 858.0, 672.0]
[112.0, 32.0, 923.0, 640.0]
[192.0, 48.0, 1004.0, 657.0]
[160.0, 48.0, 973.0, 658.0]
[160.0, 0.0, 974.0, 610.0]
[64.0, 0.0, 879.0, 611.0]
[160.0, 64.0, 976.0, 676.0]
[80.0, 64.0, 897.0, 677.0]
[96.0, 16.0, 914.0, 630.0]
[0.0, 48.0, 819.0, 662.0]
[32.0, 32.0, 852.0, 647.0]
[32.0, 0.0, 853.0, 616.0]
[176.0, 16.0, 998.0, 632.0]
[64.0, 16.0, 887.0, 633.0]
[48.0, 16.0, 872.0, 634.0]
[192.0, 0.0, 1017.0, 619.0]
[176.0, 32.0, 1002.0, 652.0]
[80.0, 0.0, 907.0, 620.0]
[48.0, 48.0, 876.0, 669.0]
[160.0, 16.0, 989.0, 638.0]
[16.0, 32.0, 846.0, 654.0]
[160.0, 32.0, 991.0, 655.0]
[192.0, 16.0, 1024.0, 640.0]
[96.0, 16.0, 929.0, 641.0]
[128.0, 48.0, 962.0, 674.0]
[48.0, 48.0, 883.0, 674.0]
[144.0, 32.0, 980.0, 659.0]
[128.0, 48.0, 965.0, 676.0]
[80.0, 16.0, 918.0, 644.0]
[176.0, 16.0, 1015.0, 645.0]
[0.0, 0.0, 840.0, 630.0]
[144.0, 0.0, 985.0, 631.0]
[160.0, 32.0, 1002.0, 664.0]
[64.0, 16.0, 907.0, 648.0]
[112.0, 32.0, 956.0, 665.0]
[32.0, 32.0, 877.0, 666.0]
[144.0, 0.0, 990.0, 634.0]
[16.0, 0.0, 863.0, 635.0]
[64.0, 0.0, 912.0, 636.0]
[80.0, 32.0, 929.0, 669.0]
[48.0, 32.0, 898.0, 670.0]
[32.0, 0.0, 883.0, 638.0]
[16.0, 32.0, 868.0, 671.0]
[96.0, 32.0, 949.0, 672.0]
[160.0, 16.0, 1014.0, 656.0]
[128.0, 0.0, 983.0, 641.0]
[128.0, 16.0, 984.0, 658.0]
[96.0, 16.0, 953.0, 659.0]
[128.0, 0.0, 986.0, 644.0]
[32.0, 0.0, 891.0, 644.0]
[128.0, 32.0, 988.0, 677.0]
[32.0, 16.0, 893.0, 662.0]
[32.0, 16.0, 894.0, 662.0]
[96.0, 16.0, 959.0, 663.0]
[48.0, 16.0, 912.0, 664.0]
[80.0, 16.0, 945.0, 665.0]
[96.0, 0.0, 962.0, 650.0]
[64.0, 32.0, 931.0, 682.0]
[96.0, 16.0, 964.0, 667.0]
[64.0, 0.0, 933.0, 652.0]
[32.0, 0.0, 902.0, 652.0]
[0.0, 16.0, 871.0, 669.0]
[16.0, 0.0, 888.0, 654.0]
[0.0, 16.0, 873.0, 671.0]
[64.0, 16.0, 938.0, 672.0]
[64.0, 0.0, 939.0, 656.0]
[16.0, 0.0, 892.0, 657.0]
[144.0, 16.0, 1021.0, 674.0]
[32.0, 16.0, 910.0, 674.0]
[128.0, 16.0, 1007.0, 675.0]
[48.0, 16.0, 928.0, 676.0]
[112.0, 0.0, 993.0, 661.0]
[128.0, 16.0, 1010.0, 678.0]
[48.0, 16.0, 931.0, 678.0]
[64.0, 16.0, 948.0, 679.0]
[48.0, 0.0, 933.0, 664.0]
[32.0, 0.0, 918.0, 664.0]
[96.0, 16.0, 983.0, 681.0]
[112.0, 0.0, 1000.0, 666.0]
[48.0, 16.0, 937.0, 683.0]
[48.0, 0.0, 938.0, 668.0]
[96.0, 0.0, 987.0, 668.0]
[96.0, 0.0, 988.0, 669.0]
[112.0, 0.0, 1005.0, 670.0]
[112.0, 0.0, 1006.0, 670.0]
[80.0, 0.0, 975.0, 671.0]
[80.0, 0.0, 976.0, 672.0]
[0.0, 0.0, 897.0, 673.0]
[64.0, 0.0, 962.0, 674.0]
[96.0, 0.0, 995.0, 674.0]
[64.0, 0.0, 964.0, 675.0]
[64.0, 0.0, 965.0, 676.0]
[0.0, 0.0, 902.0, 676.0]
[48.0, 0.0, 951.0, 677.0]
[16.0, 0.0, 920.0, 678.0]
[64.0, 0.0, 969.0, 679.0]
[32.0, 0.0, 938.0, 680.0]
[80.0, 0.0, 987.0, 680.0]
[64.0, 0.0, 972.0, 681.0]
[32.0, 0.0, 941.0, 682.0]
[112.0, 0.0, 1022.0, 682.0]
[80.0, 0.0, 991.0, 683.0]
