[96.0, 160.0, 813.0, 698.0]
[80.0, 96.0, 798.0, 634.0]
[112.0, 112.0, 831.0, 651.0]
[96.0, 176.0, 816.0, 716.0]
[96.0, 48.0, 817.0, 589.0]
[144.0, 192.0, 866.0, 734.0]
[80.0, 128.0, 803.0, 670.0]
[128.0, 160.0, 852.0, 703.0]
[112.0, 48.0, 837.0, 592.0]
[144.0, 176.0, 870.0, 720.0]
[64.0, 128.0, 791.0, 673.0]
[144.0, 32.0, 872.0, 578.0]
[128.0, 80.0, 857.0, 627.0]
[80.0, 128.0, 810.0, 676.0]
[80.0, 80.0, 811.0, 628.0]
[112.0, 16.0, 844.0, 565.0]
[64.0, 176.0, 797.0, 726.0]
[64.0, 80.0, 798.0, 630.0]
[96.0, 192.0, 831.0, 743.0]
[64.0, 176.0, 800.0, 728.0]
[64.0, 112.0, 801.0, 665.0]
[96.0, 96.0, 834.0, 650.0]
[64.0, 176.0, 803.0, 730.0]
[64.0, 32.0, 804.0, 587.0]
[64.0, 192.0, 805.0, 748.0]
[128.0, 32.0, 870.0, 588.0]
[64.0, 32.0, 807.0, 589.0]
[80.0, 176.0, 824.0, 734.0]
[64.0, 48.0, 809.0, 607.0]
[112.0, 96.0, 858.0, 656.0]
[128.0, 16.0, 875.0, 576.0]
[128.0, 16.0, 876.0, 577.0]
[96.0, 64.0, 845.0, 626.0]
[80.0, 48.0, 830.0, 610.0]
[112.0, 64.0, 863.0, 627.0]
[96.0, 176.0, 848.0, 740.0]
[144.0, 48.0, 897.0, 613.0]
[48.0, 144.0, 802.0, 710.0]
[80.0, 112.0, 835.0, 678.0]
[64.0, 64.0, 820.0, 631.0]
[48.0, 128.0, 805.0, 696.0]
[96.0, 64.0, 854.0, 632.0]
[96.0, 144.0, 855.0, 713.0]
[80.0, 176.0, 840.0, 746.0]
[32.0, 48.0, 793.0, 619.0]
[64.0, 48.0, 826.0, 620.0]
[144.0, 160.0, 907.0, 732.0]
[96.0, 64.0, 860.0, 637.0]
[112.0, 176.0, 877.0, 750.0]
[96.0, 144.0, 862.0, 718.0]
[144.0, 128.0, 911.0, 703.0]
[96.0, 176.0, 864.0, 752.0]
[144.0, 64.0, 913.0, 641.0]
[64.0, 96.0, 834.0, 674.0]
[32.0, 32.0, 803.0, 610.0]
[96.0, 144.0, 868.0, 723.0]
[144.0, 128.0, 917.0, 708.0]
[112.0, 128.0, 886.0, 708.0]
[80.0, 32.0, 855.0, 613.0]
[112.0, 48.0, 888.0, 630.0]
[144.0, 64.0, 921.0, 647.0]
[80.0, 80.0, 858.0, 664.0]
[128.0, 112.0, 907.0, 696.0]
[48.0, 80.0, 828.0, 665.0]
[64.0, 32.0, 845.0, 618.0]
[144.0, 112.0, 926.0, 698.0]
[144.0, 48.0, 927.0, 635.0]
[128.0, 96.0, 912.0, 684.0]
[96.0, 144.0, 881.0, 733.0]
[16.0, 64.0, 802.0, 654.0]
[96.0, 16.0, 883.0, 606.0]
[144.0, 64.0, 932.0, 655.0]
[64.0, 128.0, 853.0, 720.0]
[0.0, 64.0, 790.0, 656.0]
[48.0, 64.0, 839.0, 657.0]
[112.0, 32.0, 904.0, 626.0]
[0.0, 32.0, 793.0, 627.0]
[64.0, 144.0, 858.0, 740.0]
[48.0, 48.0, 843.0, 644.0]
[128.0, 64.0, 924.0, 661.0]
[80.0, 144.0, 877.0, 742.0]
[128.0, 144.0, 926.0, 742.0]
[80.0, 128.0, 879.0, 727.0]
[64.0, 96.0, 864.0, 696.0]
[48.0, 16.0, 849.0, 617.0]
[0.0, 32.0, 802.0, 634.0]
[128.0, 112.0, 931.0, 714.0]
[112.0, 64.0, 916.0, 667.0]
[64.0, 32.0, 869.0, 636.0]
[64.0, 48.0, 870.0, 652.0]
[144.0, 48.0, 951.0, 653.0]
[112.0, 112.0, 920.0, 718.0]
[64.0, 80.0, 873.0, 687.0]
[32.0, 32.0, 842.0, 640.0]
[0.0, 32.0, 811.0, 640.0]
[64.0, 64.0, 876.0, 673.0]
[0.0, 144.0, 813.0, 754.0]
[16.0, 128.0, 830.0, 738.0]
[128.0, 96.0, 943.0, 707.0]
[144.0, 48.0, 960.0, 660.0]
[80.0, 112.0, 897.0, 725.0]
[0.0, 96.0, 818.0, 710.0]
[64.0, 128.0, 883.0, 742.0]
[96.0, 80.0, 916.0, 695.0]
[128.0, 48.0, 949.0, 664.0]
[16.0, 112.0, 838.0, 728.0]
[64.0, 128.0, 887.0, 745.0]
[32.0, 32.0, 856.0, 650.0]
[112.0, 16.0, 937.0, 635.0]
[128.0, 112.0, 954.0, 732.0]
[32.0, 112.0, 859.0, 732.0]
[96.0, 64.0, 924.0, 685.0]
[128.0, 112.0, 957.0, 734.0]
[32.0, 48.0, 862.0, 670.0]
[16.0, 128.0, 847.0, 751.0]
[128.0, 48.0, 960.0, 672.0]
[16.0, 80.0, 849.0, 705.0]
[32.0, 80.0, 866.0, 706.0]
[64.0, 48.0, 899.0, 674.0]
[48.0, 16.0, 884.0, 643.0]
[48.0, 128.0, 885.0, 756.0]
[16.0, 48.0, 854.0, 676.0]
[112.0, 80.0, 951.0, 709.0]
[48.0, 112.0, 888.0, 742.0]
[144.0, 80.0, 985.0, 711.0]
[96.0, 96.0, 938.0, 728.0]
[144.0, 32.0, 987.0, 664.0]
[128.0, 112.0, 972.0, 745.0]
[16.0, 16.0, 861.0, 650.0]
[80.0, 32.0, 926.0, 666.0]
[144.0, 96.0, 991.0, 731.0]
[16.0, 112.0, 864.0, 748.0]
[96.0, 96.0, 945.0, 733.0]
[80.0, 80.0, 930.0, 718.0]
[112.0, 64.0, 963.0, 702.0]
[64.0, 32.0, 916.0, 671.0]
[144.0, 80.0, 997.0, 720.0]
[144.0, 32.0, 998.0, 672.0]
[16.0, 48.0, 871.0, 689.0]
[144.0, 80.0, 1000.0, 722.0]
[0.0, 16.0, 857.0, 659.0]
[64.0, 80.0, 922.0, 724.0]
[128.0, 16.0, 987.0, 660.0]
[16.0, 64.0, 876.0, 709.0]
[80.0, 96.0, 941.0, 742.0]
[128.0, 32.0, 990.0, 678.0]
[0.0, 96.0, 863.0, 743.0]
[128.0, 64.0, 992.0, 712.0]
[48.0, 32.0, 913.0, 681.0]
[112.0, 16.0, 978.0, 666.0]
[0.0, 96.0, 867.0, 746.0]
[32.0, 48.0, 900.0, 699.0]
[128.0, 16.0, 997.0, 668.0]
[80.0, 16.0, 950.0, 668.0]
[80.0, 48.0, 951.0, 701.0]
[144.0, 64.0, 1016.0, 718.0]
[96.0, 64.0, 969.0, 719.0]
[112.0, 48.0, 986.0, 704.0]
[64.0, 16.0, 939.0, 672.0]
[128.0, 16.0, 1004.0, 673.0]
[144.0, 64.0, 1021.0, 722.0]
[0.0, 96.0, 878.0, 754.0]
[96.0, 32.0, 975.0, 691.0]
[0.0, 32.0, 880.0, 692.0]
[32.0, 48.0, 913.0, 709.0]
[64.0, 32.0, 946.0, 694.0]
[80.0, 48.0, 963.0, 710.0]
[48.0, 48.0, 932.0, 711.0]
[48.0, 80.0, 933.0, 744.0]
[96.0, 64.0, 982.0, 728.0]
[48.0, 48.0, 935.0, 713.0]
[64.0, 48.0, 952.0, 714.0]
[64.0, 48.0, 953.0, 715.0]
[16.0, 64.0, 906.0, 732.0]
[48.0, 80.0, 939.0, 748.0]
[16.0, 16.0, 908.0, 685.0]
[16.0, 48.0, 909.0, 718.0]
[16.0, 32.0, 910.0, 702.0]
[48.0, 16.0, 943.0, 687.0]
[96.0, 16.0, 992.0, 688.0]
[32.0, 48.0, 929.0, 721.0]
[16.0, 80.0, 914.0, 754.0]
[64.0, 16.0, 963.0, 690.0]
[80.0, 64.0, 980.0, 739.0]
[0.0, 16.0, 901.0, 692.0]
[48.0, 48.0, 950.0, 724.0]
[48.0, 64.0, 951.0, 741.0]
[64.0, 48.0, 968.0, 726.0]
[16.0, 64.0, 921.0, 743.0]
[80.0, 48.0, 986.0, 728.0]
[16.0, 32.0, 923.0, 712.0]
[32.0, 64.0, 940.0, 745.0]
[64.0, 16.0, 973.0, 698.0]
[80.0, 48.0, 990.0, 730.0]
[112.0, 48.0, 1023.0, 731.0]
[112.0, 64.0, 1024.0, 748.0]
[0.0, 48.0, 913.0, 733.0]
[32.0, 16.0, 946.0, 702.0]
[96.0, 16.0, 1011.0, 702.0]
[32.0, 48.0, 948.0, 735.0]
[96.0, 48.0, 1013.0, 736.0]
[96.0, 48.0, 1014.0, 736.0]
[96.0, 64.0, 1015.0, 753.0]
[16.0, 16.0, 936.0, 706.0]
[48.0, 32.0, 969.0, 723.0]
[16.0, 48.0, 938.0, 740.0]
[32.0, 32.0, 955.0, 724.0]
[64.0, 48.0, 988.0, 741.0]
[0.0, 32.0, 925.0, 726.0]
[96.0, 32.0, 1022.0, 726.0]
[48.0, 48.0, 975.0, 743.0]
[32.0, 48.0, 960.0, 744.0]
[48.0, 16.0, 977.0, 713.0]
[0.0, 32.0, 930.0, 730.0]
[32.0, 32.0, 963.0, 730.0]
[80.0, 16.0, 1012.0, 715.0]
[0.0, 48.0, 933.0, 748.0]
[48.0, 32.0, 982.0, 732.0]
[0.0, 48.0, 935.0, 749.0]
[0.0, 32.0, 936.0, 734.0]
[0.0, 48.0, 937.0, 751.0]
[16.0, 32.0, 954.0, 736.0]
[48.0, 32.0, 987.0, 736.0]
[32.0, 32.0, 972.0, 737.0]
[32.0, 32.0, 973.0, 738.0]
[0.0, 32.0, 942.0, 738.0]
[64.0, 32.0, 1007.0, 739.0]
[32.0, 32.0, 976.0, 740.0]
[32.0, 32.0, 977.0, 741.0]
[16.0, 32.0, 962.0, 742.0]
[32.0, 32.0, 979.0, 742.0]
[64.0, 32.0, 1012.0, 743.0]
[48.0, 32.0, 997.0, 744.0]
[16.0, 32.0, 966.0, 744.0]
[48.0, 32.0, 999.0, 745.0]
[32.0, 32.0, 984.0, 746.0]
[0.0, 32.0, 953.0, 747.0]
[64.0, 32.0, 1018.0, 748.0]
[48.0, 32.0, 1003.0, 748.0]
[48.0, 32.0, 1004.0, 749.0]
