[96.0, 112.0, 813.0, 650.0]
[160.0, 80.0, 878.0, 618.0]
[144.0, 32.0, 863.0, 571.0]
[128.0, 32.0, 848.0, 572.0]
[96.0, 112.0, 817.0, 653.0]
[64.0, 80.0, 786.0, 622.0]
[96.0, 128.0, 819.0, 670.0]
[176.0, 32.0, 900.0, 575.0]
[96.0, 48.0, 821.0, 592.0]
[80.0, 32.0, 806.0, 576.0]
[112.0, 96.0, 839.0, 641.0]
[144.0, 128.0, 872.0, 674.0]
[192.0, 96.0, 921.0, 643.0]
[176.0, 96.0, 906.0, 644.0]
[48.0, 80.0, 779.0, 628.0]
[48.0, 112.0, 780.0, 661.0]
[160.0, 32.0, 893.0, 582.0]
[144.0, 32.0, 878.0, 582.0]
[64.0, 64.0, 799.0, 615.0]
[96.0, 128.0, 832.0, 680.0]
[16.0, 80.0, 753.0, 633.0]
[64.0, 96.0, 802.0, 650.0]
[48.0, 112.0, 787.0, 666.0]
[128.0, 80.0, 868.0, 635.0]
[192.0, 80.0, 933.0, 636.0]
[176.0, 64.0, 918.0, 620.0]
[112.0, 48.0, 855.0, 605.0]
[16.0, 48.0, 760.0, 606.0]
[32.0, 32.0, 777.0, 591.0]
[112.0, 80.0, 858.0, 640.0]
[64.0, 48.0, 811.0, 608.0]
[144.0, 32.0, 892.0, 593.0]
[0.0, 48.0, 749.0, 610.0]
[80.0, 64.0, 830.0, 626.0]
[192.0, 32.0, 943.0, 595.0]
[16.0, 32.0, 768.0, 596.0]
[32.0, 80.0, 785.0, 645.0]
[128.0, 80.0, 882.0, 646.0]
[16.0, 96.0, 771.0, 662.0]
[96.0, 80.0, 852.0, 647.0]
[144.0, 16.0, 901.0, 584.0]
[48.0, 64.0, 806.0, 632.0]
[160.0, 112.0, 919.0, 681.0]
[96.0, 96.0, 856.0, 666.0]
[80.0, 96.0, 841.0, 667.0]
[48.0, 0.0, 810.0, 572.0]
[112.0, 16.0, 875.0, 588.0]
[128.0, 48.0, 892.0, 621.0]
[160.0, 32.0, 925.0, 606.0]
[160.0, 80.0, 926.0, 654.0]
[64.0, 80.0, 831.0, 655.0]
[144.0, 64.0, 912.0, 640.0]
[80.0, 0.0, 849.0, 577.0]
[176.0, 80.0, 946.0, 658.0]
[128.0, 48.0, 899.0, 626.0]
[96.0, 64.0, 868.0, 643.0]
[176.0, 16.0, 949.0, 596.0]
[48.0, 48.0, 822.0, 628.0]
[160.0, 32.0, 935.0, 613.0]
[112.0, 0.0, 888.0, 582.0]
[48.0, 96.0, 825.0, 679.0]
[0.0, 64.0, 778.0, 648.0]
[96.0, 96.0, 875.0, 680.0]
[48.0, 96.0, 828.0, 681.0]
[0.0, 48.0, 781.0, 634.0]
[176.0, 32.0, 958.0, 618.0]
[0.0, 48.0, 783.0, 635.0]
[96.0, 96.0, 880.0, 684.0]
[144.0, 0.0, 929.0, 589.0]
[32.0, 80.0, 818.0, 670.0]
[128.0, 32.0, 915.0, 622.0]
[128.0, 32.0, 916.0, 623.0]
[192.0, 32.0, 981.0, 624.0]
[176.0, 48.0, 966.0, 640.0]
[0.0, 32.0, 791.0, 625.0]
[144.0, 80.0, 936.0, 674.0]
[112.0, 48.0, 905.0, 643.0]
[160.0, 48.0, 954.0, 644.0]
[16.0, 0.0, 811.0, 596.0]
[64.0, 80.0, 860.0, 677.0]
[160.0, 16.0, 957.0, 614.0]
[80.0, 80.0, 878.0, 678.0]
[144.0, 48.0, 943.0, 647.0]
[16.0, 16.0, 816.0, 616.0]
[32.0, 0.0, 833.0, 601.0]
[144.0, 80.0, 946.0, 682.0]
[32.0, 0.0, 835.0, 602.0]
[64.0, 16.0, 868.0, 619.0]
[128.0, 0.0, 933.0, 604.0]
[96.0, 0.0, 902.0, 604.0]
[160.0, 16.0, 967.0, 621.0]
[32.0, 32.0, 840.0, 638.0]
[112.0, 48.0, 921.0, 655.0]
[48.0, 48.0, 858.0, 656.0]
[192.0, 48.0, 1003.0, 656.0]
[0.0, 32.0, 812.0, 641.0]
[32.0, 64.0, 845.0, 674.0]
[32.0, 0.0, 846.0, 610.0]
[16.0, 0.0, 831.0, 611.0]
[16.0, 32.0, 832.0, 644.0]
[64.0, 16.0, 881.0, 629.0]
[160.0, 48.0, 978.0, 662.0]
[80.0, 48.0, 899.0, 662.0]
[176.0, 16.0, 996.0, 631.0]
[112.0, 0.0, 933.0, 616.0]
[0.0, 16.0, 822.0, 632.0]
[64.0, 64.0, 887.0, 681.0]
[176.0, 16.0, 1000.0, 634.0]
[176.0, 32.0, 1001.0, 651.0]
[96.0, 16.0, 922.0, 636.0]
[0.0, 0.0, 827.0, 620.0]
[160.0, 48.0, 988.0, 669.0]
[48.0, 16.0, 877.0, 638.0]
[64.0, 32.0, 894.0, 654.0]
[48.0, 0.0, 879.0, 623.0]
[16.0, 48.0, 848.0, 672.0]
[0.0, 32.0, 833.0, 657.0]
[48.0, 48.0, 882.0, 674.0]
[48.0, 48.0, 883.0, 674.0]
[0.0, 16.0, 836.0, 643.0]
[128.0, 0.0, 965.0, 628.0]
[96.0, 0.0, 934.0, 628.0]
[96.0, 32.0, 935.0, 661.0]
[144.0, 32.0, 984.0, 662.0]
[96.0, 48.0, 937.0, 679.0]
[160.0, 48.0, 1002.0, 680.0]
[32.0, 32.0, 875.0, 664.0]
[144.0, 0.0, 988.0, 633.0]
[64.0, 16.0, 909.0, 650.0]
[80.0, 32.0, 926.0, 666.0]
[16.0, 48.0, 863.0, 683.0]
[176.0, 16.0, 1024.0, 652.0]
[0.0, 16.0, 849.0, 653.0]
[112.0, 0.0, 962.0, 638.0]
[96.0, 32.0, 947.0, 670.0]
[64.0, 32.0, 916.0, 671.0]
[16.0, 16.0, 869.0, 656.0]
[112.0, 0.0, 966.0, 640.0]
[96.0, 16.0, 951.0, 657.0]
[128.0, 0.0, 984.0, 642.0]
[160.0, 16.0, 1017.0, 659.0]
[64.0, 0.0, 922.0, 644.0]
[64.0, 16.0, 923.0, 660.0]
[144.0, 16.0, 1004.0, 661.0]
[160.0, 16.0, 1021.0, 662.0]
[0.0, 0.0, 862.0, 646.0]
[112.0, 0.0, 975.0, 647.0]
[0.0, 0.0, 864.0, 648.0]
[128.0, 0.0, 993.0, 649.0]
[144.0, 16.0, 1010.0, 666.0]
[96.0, 0.0, 963.0, 650.0]
[144.0, 0.0, 1012.0, 651.0]
[144.0, 32.0, 1013.0, 684.0]
[0.0, 32.0, 870.0, 684.0]
[80.0, 16.0, 951.0, 669.0]
[80.0, 0.0, 952.0, 654.0]
[96.0, 0.0, 969.0, 655.0]
[80.0, 0.0, 954.0, 656.0]
[96.0, 16.0, 971.0, 672.0]
[32.0, 16.0, 908.0, 673.0]
[96.0, 16.0, 973.0, 674.0]
[128.0, 16.0, 1006.0, 674.0]
[64.0, 16.0, 943.0, 675.0]
[16.0, 0.0, 896.0, 660.0]
[64.0, 0.0, 945.0, 661.0]
[0.0, 0.0, 882.0, 662.0]
[64.0, 0.0, 947.0, 662.0]
[80.0, 0.0, 964.0, 663.0]
[128.0, 16.0, 1013.0, 680.0]
[32.0, 16.0, 918.0, 680.0]
[0.0, 0.0, 887.0, 665.0]
[32.0, 16.0, 920.0, 682.0]
[48.0, 16.0, 937.0, 683.0]
[96.0, 0.0, 986.0, 668.0]
[32.0, 16.0, 923.0, 684.0]
[112.0, 0.0, 1004.0, 669.0]
[80.0, 0.0, 973.0, 670.0]
[112.0, 0.0, 1006.0, 670.0]
[16.0, 0.0, 911.0, 671.0]
[112.0, 0.0, 1008.0, 672.0]
[16.0, 0.0, 913.0, 673.0]
[0.0, 0.0, 898.0, 674.0]
[96.0, 0.0, 995.0, 674.0]
[16.0, 0.0, 916.0, 675.0]
[32.0, 0.0, 933.0, 676.0]
[32.0, 0.0, 934.0, 676.0]
[48.0, 0.0, 951.0, 677.0]
[32.0, 0.0, 936.0, 678.0]
[64.0, 0.0, 969.0, 679.0]
[48.0, 0.0, 954.0, 680.0]
[32.0, 0.0, 939.0, 680.0]
[16.0, 0.0, 924.0, 681.0]
[0.0, 0.0, 909.0, 682.0]
[32.0, 0.0, 942.0, 682.0]
[80.0, 0.0, 991.0, 683.0]
[0.0, 0.0, 912.0, 684.0]
