[32.0, 32.0, 749.0, 570.0]
[208.0, 64.0, 926.0, 602.0]
[96.0, 48.0, 815.0, 587.0]
[256.0, 32.0, 976.0, 572.0]
[96.0, 48.0, 817.0, 589.0]
[32.0, 32.0, 754.0, 574.0]
[96.0, 32.0, 819.0, 574.0]
[272.0, 48.0, 996.0, 591.0]
[176.0, 64.0, 901.0, 608.0]
[48.0, 32.0, 774.0, 576.0]
[64.0, 16.0, 791.0, 561.0]
[64.0, 64.0, 792.0, 610.0]
[144.0, 48.0, 873.0, 595.0]
[112.0, 32.0, 842.0, 580.0]
[160.0, 64.0, 891.0, 612.0]
[256.0, 48.0, 988.0, 597.0]
[80.0, 64.0, 813.0, 614.0]
[240.0, 48.0, 974.0, 598.0]
[48.0, 48.0, 783.0, 599.0]
[144.0, 16.0, 880.0, 568.0]
[80.0, 32.0, 817.0, 585.0]
[144.0, 32.0, 882.0, 586.0]
[128.0, 16.0, 867.0, 570.0]
[16.0, 48.0, 756.0, 603.0]
[144.0, 64.0, 885.0, 620.0]
[16.0, 48.0, 758.0, 604.0]
[16.0, 48.0, 759.0, 605.0]
[208.0, 16.0, 952.0, 574.0]
[32.0, 16.0, 777.0, 575.0]
[224.0, 48.0, 970.0, 608.0]
[224.0, 16.0, 971.0, 576.0]
[192.0, 0.0, 940.0, 561.0]
[48.0, 48.0, 797.0, 610.0]
[192.0, 48.0, 942.0, 610.0]
[192.0, 48.0, 943.0, 611.0]
[144.0, 0.0, 896.0, 564.0]
[224.0, 48.0, 977.0, 613.0]
[256.0, 32.0, 1010.0, 598.0]
[96.0, 16.0, 851.0, 582.0]
[48.0, 32.0, 804.0, 599.0]
[128.0, 64.0, 885.0, 632.0]
[80.0, 48.0, 838.0, 616.0]
[240.0, 0.0, 999.0, 569.0]
[240.0, 48.0, 1000.0, 618.0]
[256.0, 48.0, 1017.0, 619.0]
[160.0, 0.0, 922.0, 572.0]
[64.0, 48.0, 827.0, 620.0]
[240.0, 16.0, 1004.0, 589.0]
[112.0, 32.0, 877.0, 606.0]
[112.0, 64.0, 878.0, 638.0]
[32.0, 48.0, 799.0, 623.0]
[112.0, 16.0, 880.0, 592.0]
[224.0, 32.0, 993.0, 609.0]
[160.0, 32.0, 930.0, 610.0]
[112.0, 64.0, 883.0, 642.0]
[96.0, 16.0, 868.0, 595.0]
[128.0, 0.0, 901.0, 580.0]
[240.0, 48.0, 1014.0, 628.0]
[32.0, 48.0, 807.0, 629.0]
[192.0, 64.0, 968.0, 646.0]
[144.0, 32.0, 921.0, 615.0]
[160.0, 48.0, 938.0, 632.0]
[240.0, 48.0, 1019.0, 632.0]
[240.0, 32.0, 1020.0, 617.0]
[112.0, 48.0, 893.0, 634.0]
[112.0, 48.0, 894.0, 634.0]
[160.0, 16.0, 943.0, 603.0]
[144.0, 48.0, 928.0, 636.0]
[224.0, 16.0, 1009.0, 605.0]
[144.0, 48.0, 930.0, 638.0]
[192.0, 64.0, 979.0, 654.0]
[48.0, 0.0, 836.0, 591.0]
[96.0, 48.0, 885.0, 640.0]
[80.0, 16.0, 870.0, 608.0]
[16.0, 16.0, 807.0, 609.0]
[64.0, 64.0, 856.0, 658.0]
[112.0, 48.0, 905.0, 643.0]
[112.0, 16.0, 906.0, 612.0]
[48.0, 32.0, 843.0, 628.0]
[128.0, 64.0, 924.0, 661.0]
[208.0, 0.0, 1005.0, 598.0]
[144.0, 48.0, 942.0, 646.0]
[48.0, 32.0, 847.0, 631.0]
[48.0, 64.0, 848.0, 664.0]
[176.0, 48.0, 977.0, 649.0]
[0.0, 0.0, 802.0, 602.0]
[192.0, 64.0, 995.0, 666.0]
[80.0, 16.0, 884.0, 619.0]
[144.0, 0.0, 949.0, 604.0]
[32.0, 64.0, 838.0, 668.0]
[48.0, 32.0, 855.0, 637.0]
[144.0, 64.0, 952.0, 670.0]
[112.0, 64.0, 921.0, 671.0]
[112.0, 16.0, 922.0, 624.0]
[48.0, 32.0, 859.0, 640.0]
[128.0, 64.0, 940.0, 673.0]
[128.0, 48.0, 941.0, 658.0]
[128.0, 32.0, 942.0, 642.0]
[64.0, 48.0, 879.0, 659.0]
[176.0, 32.0, 992.0, 644.0]
[64.0, 16.0, 881.0, 629.0]
[48.0, 48.0, 866.0, 662.0]
[128.0, 0.0, 947.0, 614.0]
[112.0, 32.0, 932.0, 647.0]
[160.0, 0.0, 981.0, 616.0]
[160.0, 0.0, 982.0, 616.0]
[80.0, 48.0, 903.0, 665.0]
[176.0, 0.0, 1000.0, 618.0]
[0.0, 16.0, 825.0, 635.0]
[112.0, 16.0, 938.0, 636.0]
[80.0, 16.0, 907.0, 636.0]
[160.0, 64.0, 988.0, 685.0]
[192.0, 0.0, 1021.0, 622.0]
[64.0, 16.0, 894.0, 638.0]
[128.0, 16.0, 959.0, 639.0]
[80.0, 48.0, 912.0, 672.0]
[80.0, 48.0, 913.0, 673.0]
[0.0, 0.0, 834.0, 626.0]
[160.0, 32.0, 995.0, 658.0]
[160.0, 16.0, 996.0, 643.0]
[16.0, 32.0, 853.0, 660.0]
[128.0, 32.0, 966.0, 660.0]
[96.0, 16.0, 935.0, 645.0]
[144.0, 16.0, 984.0, 646.0]
[160.0, 0.0, 1001.0, 631.0]
[128.0, 0.0, 970.0, 632.0]
[32.0, 0.0, 875.0, 632.0]
[0.0, 16.0, 844.0, 649.0]
[0.0, 16.0, 845.0, 650.0]
[160.0, 32.0, 1006.0, 666.0]
[80.0, 32.0, 927.0, 667.0]
[0.0, 0.0, 848.0, 636.0]
[96.0, 0.0, 945.0, 637.0]
[32.0, 48.0, 882.0, 686.0]
[160.0, 0.0, 1011.0, 638.0]
[48.0, 32.0, 900.0, 671.0]
[0.0, 0.0, 853.0, 640.0]
[32.0, 0.0, 886.0, 640.0]
[64.0, 32.0, 919.0, 673.0]
[128.0, 16.0, 984.0, 658.0]
[112.0, 32.0, 969.0, 675.0]
[16.0, 16.0, 874.0, 660.0]
[96.0, 32.0, 955.0, 676.0]
[64.0, 32.0, 924.0, 677.0]
[0.0, 16.0, 861.0, 662.0]
[32.0, 16.0, 894.0, 662.0]
[96.0, 0.0, 959.0, 647.0]
[48.0, 32.0, 912.0, 680.0]
[16.0, 32.0, 881.0, 681.0]
[64.0, 16.0, 930.0, 666.0]
[112.0, 16.0, 979.0, 666.0]
[128.0, 16.0, 996.0, 667.0]
[144.0, 16.0, 1013.0, 668.0]
[0.0, 0.0, 870.0, 652.0]
[0.0, 32.0, 871.0, 685.0]
[48.0, 32.0, 920.0, 686.0]
[16.0, 0.0, 889.0, 655.0]
[128.0, 16.0, 1002.0, 672.0]
[0.0, 0.0, 875.0, 656.0]
[16.0, 16.0, 892.0, 673.0]
[16.0, 0.0, 893.0, 658.0]
[96.0, 16.0, 974.0, 674.0]
[144.0, 0.0, 1023.0, 659.0]
[96.0, 0.0, 976.0, 660.0]
[64.0, 0.0, 945.0, 661.0]
[96.0, 0.0, 978.0, 662.0]
[128.0, 0.0, 1011.0, 662.0]
[80.0, 16.0, 964.0, 679.0]
[0.0, 0.0, 885.0, 664.0]
[48.0, 16.0, 934.0, 680.0]
[112.0, 0.0, 999.0, 665.0]
[64.0, 16.0, 952.0, 682.0]
[48.0, 0.0, 937.0, 667.0]
[0.0, 0.0, 890.0, 668.0]
[32.0, 0.0, 923.0, 668.0]
[112.0, 0.0, 1004.0, 669.0]
[32.0, 0.0, 925.0, 670.0]
[128.0, 0.0, 1022.0, 670.0]
[112.0, 0.0, 1007.0, 671.0]
[48.0, 0.0, 944.0, 672.0]
[48.0, 0.0, 945.0, 673.0]
[48.0, 0.0, 946.0, 674.0]
[48.0, 0.0, 947.0, 674.0]
[96.0, 0.0, 996.0, 675.0]
[64.0, 0.0, 965.0, 676.0]
[16.0, 0.0, 918.0, 676.0]
[16.0, 0.0, 919.0, 677.0]
[32.0, 0.0, 936.0, 678.0]
[112.0, 0.0, 1017.0, 679.0]
[32.0, 0.0, 938.0, 680.0]
[80.0, 0.0, 987.0, 680.0]
[16.0, 0.0, 924.0, 681.0]
[0.0, 0.0, 909.0, 682.0]
[32.0, 0.0, 942.0, 682.0]
[0.0, 0.0, 911.0, 683.0]
[64.0, 0.0, 976.0, 684.0]
[16.0, 0.0, 929.0, 685.0]
[64.0, 0.0, 978.0, 686.0]
[0.0, 0.0, 915.0, 686.0]
