[160.0, 112.0, 877.0, 650.0]
[80.0, 48.0, 798.0, 586.0]
[160.0, 96.0, 879.0, 635.0]
[64.0, 32.0, 784.0, 572.0]
[80.0, 80.0, 801.0, 621.0]
[48.0, 16.0, 770.0, 558.0]
[144.0, 112.0, 867.0, 654.0]
[112.0, 48.0, 836.0, 591.0]
[112.0, 16.0, 837.0, 560.0]
[48.0, 80.0, 774.0, 624.0]
[64.0, 96.0, 791.0, 641.0]
[32.0, 80.0, 760.0, 626.0]
[64.0, 80.0, 793.0, 627.0]
[128.0, 16.0, 858.0, 564.0]
[32.0, 96.0, 763.0, 644.0]
[144.0, 16.0, 876.0, 565.0]
[48.0, 128.0, 781.0, 678.0]
[80.0, 32.0, 814.0, 582.0]
[48.0, 96.0, 783.0, 647.0]
[48.0, 80.0, 784.0, 632.0]
[176.0, 80.0, 913.0, 633.0]
[112.0, 64.0, 850.0, 618.0]
[96.0, 48.0, 835.0, 602.0]
[80.0, 112.0, 820.0, 667.0]
[48.0, 64.0, 789.0, 620.0]
[112.0, 96.0, 854.0, 652.0]
[192.0, 32.0, 935.0, 589.0]
[32.0, 16.0, 776.0, 574.0]
[64.0, 16.0, 809.0, 575.0]
[176.0, 32.0, 922.0, 592.0]
[96.0, 112.0, 843.0, 672.0]
[0.0, 48.0, 748.0, 609.0]
[112.0, 0.0, 861.0, 562.0]
[176.0, 16.0, 926.0, 578.0]
[176.0, 16.0, 927.0, 579.0]
[80.0, 112.0, 832.0, 676.0]
[128.0, 0.0, 881.0, 565.0]
[64.0, 80.0, 818.0, 646.0]
[112.0, 112.0, 867.0, 678.0]
[48.0, 80.0, 804.0, 647.0]
[64.0, 80.0, 821.0, 648.0]
[176.0, 64.0, 934.0, 632.0]
[128.0, 48.0, 887.0, 617.0]
[112.0, 48.0, 872.0, 618.0]
[192.0, 64.0, 953.0, 635.0]
[16.0, 32.0, 778.0, 604.0]
[96.0, 48.0, 859.0, 620.0]
[192.0, 80.0, 956.0, 653.0]
[80.0, 80.0, 845.0, 654.0]
[128.0, 96.0, 894.0, 670.0]
[112.0, 48.0, 879.0, 623.0]
[16.0, 48.0, 784.0, 624.0]
[32.0, 48.0, 801.0, 625.0]
[48.0, 96.0, 818.0, 674.0]
[48.0, 96.0, 819.0, 674.0]
[96.0, 32.0, 868.0, 611.0]
[16.0, 48.0, 789.0, 628.0]
[128.0, 96.0, 902.0, 676.0]
[80.0, 80.0, 855.0, 661.0]
[128.0, 16.0, 904.0, 598.0]
[16.0, 16.0, 793.0, 599.0]
[64.0, 96.0, 842.0, 680.0]
[16.0, 96.0, 795.0, 680.0]
[64.0, 48.0, 844.0, 633.0]
[0.0, 96.0, 781.0, 682.0]
[144.0, 0.0, 926.0, 586.0]
[160.0, 80.0, 943.0, 667.0]
[0.0, 80.0, 784.0, 668.0]
[64.0, 32.0, 849.0, 621.0]
[64.0, 80.0, 850.0, 670.0]
[144.0, 16.0, 931.0, 606.0]
[80.0, 32.0, 868.0, 623.0]
[112.0, 0.0, 901.0, 592.0]
[0.0, 80.0, 790.0, 672.0]
[128.0, 64.0, 919.0, 657.0]
[0.0, 64.0, 792.0, 658.0]
[128.0, 0.0, 921.0, 595.0]
[112.0, 48.0, 906.0, 644.0]
[96.0, 0.0, 891.0, 596.0]
[32.0, 80.0, 828.0, 677.0]
[96.0, 32.0, 893.0, 630.0]
[48.0, 16.0, 846.0, 614.0]
[96.0, 32.0, 895.0, 631.0]
[160.0, 16.0, 960.0, 616.0]
[144.0, 0.0, 945.0, 601.0]
[128.0, 48.0, 930.0, 650.0]
[96.0, 48.0, 899.0, 650.0]
[128.0, 64.0, 932.0, 667.0]
[80.0, 0.0, 885.0, 604.0]
[0.0, 0.0, 806.0, 604.0]
[96.0, 16.0, 903.0, 621.0]
[160.0, 0.0, 968.0, 606.0]
[176.0, 48.0, 985.0, 655.0]
[128.0, 16.0, 938.0, 624.0]
[176.0, 48.0, 987.0, 656.0]
[160.0, 48.0, 972.0, 657.0]
[192.0, 48.0, 1005.0, 658.0]
[144.0, 16.0, 958.0, 626.0]
[96.0, 48.0, 911.0, 659.0]
[64.0, 48.0, 880.0, 660.0]
[176.0, 32.0, 993.0, 645.0]
[112.0, 0.0, 930.0, 614.0]
[16.0, 48.0, 835.0, 662.0]
[96.0, 16.0, 916.0, 631.0]
[16.0, 16.0, 837.0, 632.0]
[48.0, 0.0, 870.0, 616.0]
[0.0, 0.0, 823.0, 617.0]
[16.0, 64.0, 840.0, 682.0]
[16.0, 48.0, 841.0, 667.0]
[0.0, 16.0, 826.0, 636.0]
[192.0, 32.0, 1019.0, 652.0]
[32.0, 16.0, 860.0, 637.0]
[0.0, 32.0, 829.0, 654.0]
[64.0, 32.0, 894.0, 654.0]
[48.0, 16.0, 879.0, 639.0]
[64.0, 48.0, 896.0, 672.0]
[160.0, 32.0, 993.0, 657.0]
[176.0, 48.0, 1010.0, 674.0]
[128.0, 32.0, 963.0, 658.0]
[144.0, 48.0, 980.0, 675.0]
[32.0, 48.0, 869.0, 676.0]
[16.0, 16.0, 854.0, 644.0]
[96.0, 48.0, 935.0, 677.0]
[0.0, 48.0, 840.0, 678.0]
[32.0, 16.0, 873.0, 647.0]
[176.0, 32.0, 1018.0, 664.0]
[64.0, 0.0, 907.0, 632.0]
[32.0, 32.0, 876.0, 665.0]
[80.0, 32.0, 925.0, 666.0]
[96.0, 48.0, 942.0, 682.0]
[16.0, 16.0, 863.0, 651.0]
[64.0, 32.0, 912.0, 668.0]
[112.0, 32.0, 961.0, 669.0]
[32.0, 16.0, 882.0, 654.0]
[160.0, 32.0, 1011.0, 670.0]
[112.0, 16.0, 964.0, 655.0]
[32.0, 32.0, 885.0, 672.0]
[144.0, 0.0, 998.0, 640.0]
[64.0, 32.0, 919.0, 673.0]
[64.0, 0.0, 920.0, 642.0]
[144.0, 32.0, 1001.0, 675.0]
[64.0, 0.0, 922.0, 644.0]
[96.0, 0.0, 955.0, 644.0]
[112.0, 32.0, 972.0, 677.0]
[80.0, 16.0, 941.0, 662.0]
[96.0, 32.0, 958.0, 678.0]
[112.0, 32.0, 975.0, 679.0]
[48.0, 16.0, 912.0, 664.0]
[144.0, 0.0, 1009.0, 649.0]
[96.0, 0.0, 962.0, 650.0]
[112.0, 16.0, 979.0, 666.0]
[128.0, 16.0, 996.0, 667.0]
[64.0, 0.0, 933.0, 652.0]
[112.0, 0.0, 982.0, 652.0]
[16.0, 0.0, 887.0, 653.0]
[64.0, 16.0, 936.0, 670.0]
[96.0, 16.0, 969.0, 671.0]
[32.0, 16.0, 906.0, 672.0]
[64.0, 0.0, 939.0, 656.0]
[48.0, 16.0, 924.0, 673.0]
[96.0, 16.0, 973.0, 674.0]
[48.0, 0.0, 926.0, 658.0]
[80.0, 16.0, 959.0, 675.0]
[64.0, 16.0, 944.0, 676.0]
[112.0, 0.0, 993.0, 661.0]
[64.0, 0.0, 946.0, 662.0]
[0.0, 16.0, 883.0, 678.0]
[112.0, 16.0, 996.0, 679.0]
[64.0, 0.0, 949.0, 664.0]
[16.0, 0.0, 902.0, 664.0]
[112.0, 0.0, 999.0, 665.0]
[0.0, 16.0, 888.0, 682.0]
[16.0, 16.0, 905.0, 683.0]
[96.0, 0.0, 986.0, 668.0]
[112.0, 0.0, 1003.0, 668.0]
[80.0, 0.0, 972.0, 669.0]
[0.0, 0.0, 893.0, 670.0]
[128.0, 0.0, 1022.0, 670.0]
[48.0, 0.0, 943.0, 671.0]
[96.0, 0.0, 992.0, 672.0]
[80.0, 0.0, 977.0, 673.0]
[48.0, 0.0, 946.0, 674.0]
[96.0, 0.0, 995.0, 674.0]
[0.0, 0.0, 900.0, 675.0]
[32.0, 0.0, 933.0, 676.0]
[80.0, 0.0, 982.0, 676.0]
[112.0, 0.0, 1015.0, 677.0]
[80.0, 0.0, 984.0, 678.0]
[112.0, 0.0, 1017.0, 679.0]
[64.0, 0.0, 970.0, 680.0]
[80.0, 0.0, 987.0, 680.0]
[96.0, 0.0, 1004.0, 681.0]
[96.0, 0.0, 1005.0, 682.0]
[16.0, 0.0, 926.0, 682.0]
[16.0, 0.0, 927.0, 683.0]
