[32.0, 32.0, 749.0, 570.0]
[144.0, 112.0, 862.0, 650.0]
[144.0, 32.0, 863.0, 571.0]
[48.0, 64.0, 768.0, 604.0]
[192.0, 112.0, 913.0, 653.0]
[96.0, 32.0, 818.0, 574.0]
[32.0, 32.0, 755.0, 574.0]
[80.0, 64.0, 804.0, 607.0]
[176.0, 64.0, 901.0, 608.0]
[48.0, 32.0, 774.0, 576.0]
[128.0, 32.0, 855.0, 577.0]
[144.0, 80.0, 872.0, 626.0]
[112.0, 96.0, 841.0, 643.0]
[128.0, 48.0, 858.0, 596.0]
[160.0, 16.0, 891.0, 564.0]
[144.0, 80.0, 876.0, 629.0]
[48.0, 16.0, 781.0, 566.0]
[80.0, 64.0, 814.0, 614.0]
[144.0, 112.0, 879.0, 663.0]
[64.0, 80.0, 800.0, 632.0]
[96.0, 80.0, 833.0, 633.0]
[144.0, 112.0, 882.0, 666.0]
[176.0, 16.0, 915.0, 570.0]
[144.0, 0.0, 884.0, 555.0]
[144.0, 16.0, 885.0, 572.0]
[64.0, 32.0, 806.0, 588.0]
[96.0, 32.0, 839.0, 589.0]
[80.0, 48.0, 824.0, 606.0]
[144.0, 96.0, 889.0, 655.0]
[64.0, 112.0, 810.0, 672.0]
[160.0, 96.0, 907.0, 656.0]
[128.0, 96.0, 876.0, 657.0]
[160.0, 112.0, 909.0, 674.0]
[128.0, 112.0, 878.0, 674.0]
[144.0, 96.0, 895.0, 659.0]
[80.0, 48.0, 832.0, 612.0]
[96.0, 32.0, 849.0, 597.0]
[64.0, 48.0, 818.0, 614.0]
[128.0, 80.0, 883.0, 646.0]
[64.0, 96.0, 820.0, 663.0]
[64.0, 80.0, 821.0, 648.0]
[64.0, 80.0, 822.0, 648.0]
[112.0, 112.0, 871.0, 681.0]
[64.0, 96.0, 824.0, 666.0]
[0.0, 96.0, 761.0, 667.0]
[32.0, 64.0, 794.0, 636.0]
[64.0, 0.0, 827.0, 572.0]
[16.0, 64.0, 780.0, 637.0]
[160.0, 32.0, 925.0, 606.0]
[0.0, 64.0, 766.0, 638.0]
[112.0, 16.0, 879.0, 591.0]
[16.0, 48.0, 784.0, 624.0]
[16.0, 96.0, 785.0, 673.0]
[48.0, 96.0, 818.0, 674.0]
[96.0, 64.0, 867.0, 642.0]
[48.0, 16.0, 820.0, 595.0]
[64.0, 32.0, 837.0, 612.0]
[128.0, 48.0, 902.0, 628.0]
[192.0, 48.0, 967.0, 629.0]
[16.0, 0.0, 792.0, 582.0]
[192.0, 32.0, 969.0, 615.0]
[16.0, 48.0, 794.0, 632.0]
[96.0, 80.0, 875.0, 664.0]
[96.0, 96.0, 876.0, 681.0]
[32.0, 96.0, 813.0, 682.0]
[16.0, 0.0, 798.0, 586.0]
[32.0, 80.0, 815.0, 667.0]
[176.0, 80.0, 960.0, 668.0]
[176.0, 48.0, 961.0, 637.0]
[96.0, 0.0, 882.0, 590.0]
[32.0, 32.0, 819.0, 622.0]
[80.0, 80.0, 868.0, 671.0]
[112.0, 0.0, 901.0, 592.0]
[16.0, 48.0, 806.0, 640.0]
[112.0, 0.0, 903.0, 593.0]
[96.0, 32.0, 888.0, 626.0]
[48.0, 32.0, 841.0, 627.0]
[128.0, 16.0, 922.0, 612.0]
[0.0, 16.0, 795.0, 612.0]
[80.0, 64.0, 876.0, 661.0]
[176.0, 32.0, 973.0, 630.0]
[32.0, 80.0, 830.0, 678.0]
[128.0, 80.0, 927.0, 679.0]
[48.0, 16.0, 848.0, 616.0]
[48.0, 0.0, 849.0, 601.0]
[48.0, 16.0, 850.0, 618.0]
[96.0, 0.0, 899.0, 602.0]
[176.0, 48.0, 980.0, 651.0]
[144.0, 64.0, 949.0, 668.0]
[48.0, 64.0, 854.0, 668.0]
[160.0, 32.0, 967.0, 637.0]
[32.0, 48.0, 840.0, 654.0]
[16.0, 32.0, 825.0, 639.0]
[160.0, 0.0, 970.0, 608.0]
[16.0, 0.0, 827.0, 608.0]
[48.0, 32.0, 860.0, 641.0]
[96.0, 48.0, 909.0, 658.0]
[32.0, 64.0, 846.0, 674.0]
[32.0, 0.0, 847.0, 611.0]
[64.0, 48.0, 880.0, 660.0]
[176.0, 16.0, 993.0, 629.0]
[192.0, 32.0, 1010.0, 646.0]
[0.0, 64.0, 819.0, 678.0]
[0.0, 48.0, 820.0, 663.0]
[32.0, 64.0, 853.0, 680.0]
[176.0, 32.0, 998.0, 648.0]
[160.0, 32.0, 983.0, 649.0]
[64.0, 32.0, 888.0, 650.0]
[128.0, 32.0, 953.0, 651.0]
[48.0, 48.0, 874.0, 668.0]
[112.0, 48.0, 939.0, 668.0]
[80.0, 32.0, 908.0, 653.0]
[32.0, 0.0, 861.0, 622.0]
[32.0, 48.0, 862.0, 670.0]
[32.0, 0.0, 863.0, 623.0]
[48.0, 16.0, 880.0, 640.0]
[160.0, 48.0, 993.0, 673.0]
[128.0, 32.0, 962.0, 658.0]
[128.0, 16.0, 963.0, 642.0]
[128.0, 16.0, 964.0, 643.0]
[96.0, 32.0, 933.0, 660.0]
[16.0, 32.0, 854.0, 660.0]
[160.0, 16.0, 999.0, 645.0]
[0.0, 0.0, 840.0, 630.0]
[128.0, 48.0, 969.0, 679.0]
[96.0, 0.0, 938.0, 632.0]
[48.0, 48.0, 891.0, 680.0]
[144.0, 0.0, 988.0, 633.0]
[96.0, 16.0, 941.0, 650.0]
[80.0, 48.0, 926.0, 682.0]
[16.0, 32.0, 863.0, 667.0]
[176.0, 32.0, 1024.0, 668.0]
[32.0, 0.0, 881.0, 637.0]
[144.0, 32.0, 994.0, 670.0]
[112.0, 16.0, 963.0, 654.0]
[16.0, 32.0, 868.0, 671.0]
[112.0, 32.0, 965.0, 672.0]
[64.0, 16.0, 918.0, 656.0]
[128.0, 32.0, 983.0, 673.0]
[80.0, 0.0, 936.0, 642.0]
[144.0, 16.0, 1001.0, 659.0]
[80.0, 32.0, 938.0, 676.0]
[112.0, 16.0, 971.0, 660.0]
[144.0, 0.0, 1004.0, 645.0]
[32.0, 0.0, 893.0, 646.0]
[96.0, 16.0, 958.0, 662.0]
[16.0, 32.0, 879.0, 679.0]
[0.0, 32.0, 864.0, 680.0]
[128.0, 16.0, 993.0, 665.0]
[16.0, 32.0, 882.0, 682.0]
[0.0, 16.0, 867.0, 666.0]
[16.0, 32.0, 884.0, 683.0]
[128.0, 0.0, 997.0, 652.0]
[128.0, 0.0, 998.0, 652.0]
[16.0, 0.0, 887.0, 653.0]
[32.0, 16.0, 904.0, 670.0]
[16.0, 0.0, 889.0, 655.0]
[112.0, 16.0, 986.0, 672.0]
[16.0, 0.0, 891.0, 656.0]
[144.0, 0.0, 1020.0, 657.0]
[64.0, 16.0, 941.0, 674.0]
[32.0, 0.0, 910.0, 658.0]
[16.0, 0.0, 895.0, 659.0]
[80.0, 0.0, 960.0, 660.0]
[112.0, 0.0, 993.0, 661.0]
[128.0, 0.0, 1010.0, 662.0]
[112.0, 16.0, 995.0, 678.0]
[48.0, 0.0, 932.0, 663.0]
[32.0, 0.0, 917.0, 664.0]
[128.0, 16.0, 1014.0, 680.0]
[128.0, 16.0, 1015.0, 681.0]
[112.0, 16.0, 1000.0, 682.0]
[112.0, 0.0, 1001.0, 667.0]
[16.0, 0.0, 906.0, 668.0]
[0.0, 0.0, 891.0, 668.0]
[16.0, 0.0, 908.0, 669.0]
[64.0, 0.0, 957.0, 670.0]
[128.0, 0.0, 1022.0, 670.0]
[112.0, 0.0, 1007.0, 671.0]
[128.0, 0.0, 1024.0, 672.0]
[112.0, 0.0, 1009.0, 673.0]
[112.0, 0.0, 1010.0, 674.0]
[16.0, 0.0, 915.0, 674.0]
[96.0, 0.0, 996.0, 675.0]
[64.0, 0.0, 965.0, 676.0]
[48.0, 0.0, 950.0, 676.0]
[32.0, 0.0, 935.0, 677.0]
[112.0, 0.0, 1016.0, 678.0]
[96.0, 0.0, 1001.0, 679.0]
[0.0, 0.0, 906.0, 680.0]
[96.0, 0.0, 1003.0, 680.0]
[0.0, 0.0, 908.0, 681.0]
[64.0, 0.0, 973.0, 682.0]
[112.0, 0.0, 1022.0, 682.0]
[32.0, 0.0, 943.0, 683.0]
