[224.0, 16.0, 941.0, 554.0]
[128.0, 32.0, 846.0, 570.0]
[48.0, 64.0, 767.0, 603.0]
[224.0, 48.0, 944.0, 588.0]
[96.0, 16.0, 817.0, 557.0]
[112.0, 48.0, 834.0, 590.0]
[240.0, 48.0, 963.0, 590.0]
[144.0, 48.0, 868.0, 591.0]
[96.0, 48.0, 821.0, 592.0]
[80.0, 16.0, 806.0, 560.0]
[48.0, 64.0, 775.0, 609.0]
[208.0, 32.0, 936.0, 578.0]
[192.0, 48.0, 921.0, 595.0]
[112.0, 48.0, 842.0, 596.0]
[144.0, 64.0, 875.0, 612.0]
[48.0, 16.0, 780.0, 565.0]
[208.0, 0.0, 941.0, 550.0]
[240.0, 0.0, 974.0, 550.0]
[224.0, 16.0, 959.0, 567.0]
[224.0, 32.0, 960.0, 584.0]
[32.0, 48.0, 769.0, 601.0]
[80.0, 48.0, 818.0, 602.0]
[224.0, 48.0, 963.0, 602.0]
[208.0, 0.0, 948.0, 555.0]
[32.0, 32.0, 773.0, 588.0]
[144.0, 16.0, 886.0, 572.0]
[64.0, 64.0, 807.0, 621.0]
[176.0, 48.0, 920.0, 606.0]
[128.0, 0.0, 873.0, 559.0]
[16.0, 16.0, 762.0, 576.0]
[160.0, 0.0, 907.0, 560.0]
[224.0, 32.0, 972.0, 593.0]
[224.0, 48.0, 973.0, 610.0]
[96.0, 0.0, 846.0, 562.0]
[48.0, 48.0, 799.0, 611.0]
[224.0, 32.0, 976.0, 596.0]
[240.0, 0.0, 993.0, 565.0]
[112.0, 32.0, 866.0, 598.0]
[96.0, 48.0, 851.0, 614.0]
[160.0, 32.0, 916.0, 599.0]
[240.0, 48.0, 997.0, 616.0]
[208.0, 16.0, 966.0, 584.0]
[224.0, 32.0, 983.0, 601.0]
[176.0, 64.0, 936.0, 634.0]
[192.0, 64.0, 953.0, 635.0]
[0.0, 32.0, 762.0, 604.0]
[192.0, 64.0, 955.0, 636.0]
[176.0, 64.0, 940.0, 637.0]
[16.0, 16.0, 781.0, 590.0]
[112.0, 0.0, 878.0, 574.0]
[160.0, 48.0, 927.0, 623.0]
[80.0, 0.0, 848.0, 576.0]
[160.0, 0.0, 929.0, 577.0]
[16.0, 0.0, 786.0, 578.0]
[80.0, 32.0, 851.0, 610.0]
[32.0, 0.0, 804.0, 579.0]
[208.0, 48.0, 981.0, 628.0]
[48.0, 32.0, 822.0, 612.0]
[16.0, 0.0, 791.0, 581.0]
[192.0, 0.0, 968.0, 582.0]
[144.0, 0.0, 921.0, 583.0]
[48.0, 32.0, 826.0, 616.0]
[160.0, 64.0, 939.0, 648.0]
[128.0, 32.0, 908.0, 617.0]
[160.0, 32.0, 941.0, 618.0]
[128.0, 16.0, 910.0, 602.0]
[112.0, 32.0, 895.0, 619.0]
[48.0, 0.0, 832.0, 588.0]
[64.0, 32.0, 849.0, 621.0]
[128.0, 64.0, 914.0, 654.0]
[128.0, 64.0, 915.0, 654.0]
[80.0, 64.0, 868.0, 655.0]
[224.0, 16.0, 1013.0, 608.0]
[128.0, 32.0, 918.0, 624.0]
[112.0, 16.0, 903.0, 609.0]
[176.0, 32.0, 968.0, 626.0]
[144.0, 32.0, 937.0, 627.0]
[48.0, 16.0, 842.0, 612.0]
[176.0, 48.0, 971.0, 644.0]
[0.0, 0.0, 796.0, 597.0]
[176.0, 48.0, 973.0, 646.0]
[176.0, 64.0, 974.0, 662.0]
[96.0, 16.0, 895.0, 615.0]
[80.0, 16.0, 880.0, 616.0]
[160.0, 16.0, 961.0, 617.0]
[32.0, 16.0, 834.0, 618.0]
[160.0, 16.0, 963.0, 618.0]
[0.0, 32.0, 804.0, 635.0]
[0.0, 32.0, 805.0, 636.0]
[64.0, 16.0, 870.0, 620.0]
[144.0, 16.0, 951.0, 621.0]
[160.0, 32.0, 968.0, 638.0]
[64.0, 32.0, 873.0, 639.0]
[144.0, 48.0, 954.0, 656.0]
[64.0, 48.0, 875.0, 656.0]
[64.0, 0.0, 876.0, 609.0]
[96.0, 48.0, 909.0, 658.0]
[128.0, 32.0, 942.0, 642.0]
[16.0, 16.0, 831.0, 627.0]
[48.0, 0.0, 864.0, 612.0]
[128.0, 48.0, 945.0, 661.0]
[48.0, 16.0, 866.0, 630.0]
[144.0, 48.0, 963.0, 662.0]
[144.0, 0.0, 964.0, 615.0]
[16.0, 0.0, 837.0, 616.0]
[32.0, 16.0, 854.0, 632.0]
[48.0, 0.0, 871.0, 617.0]
[0.0, 0.0, 824.0, 618.0]
[80.0, 0.0, 905.0, 619.0]
[64.0, 32.0, 890.0, 652.0]
[176.0, 48.0, 1003.0, 668.0]
[160.0, 48.0, 988.0, 669.0]
[64.0, 32.0, 893.0, 654.0]
[64.0, 32.0, 894.0, 654.0]
[112.0, 32.0, 943.0, 655.0]
[32.0, 0.0, 864.0, 624.0]
[0.0, 16.0, 833.0, 641.0]
[160.0, 16.0, 994.0, 642.0]
[128.0, 0.0, 963.0, 626.0]
[112.0, 0.0, 948.0, 627.0]
[160.0, 0.0, 997.0, 628.0]
[128.0, 32.0, 966.0, 660.0]
[80.0, 16.0, 919.0, 645.0]
[112.0, 0.0, 952.0, 630.0]
[16.0, 32.0, 857.0, 663.0]
[64.0, 32.0, 906.0, 664.0]
[0.0, 16.0, 843.0, 648.0]
[0.0, 0.0, 844.0, 633.0]
[144.0, 32.0, 989.0, 666.0]
[0.0, 32.0, 846.0, 666.0]
[16.0, 0.0, 863.0, 635.0]
[16.0, 32.0, 864.0, 668.0]
[48.0, 0.0, 897.0, 637.0]
[48.0, 0.0, 898.0, 638.0]
[16.0, 32.0, 867.0, 670.0]
[128.0, 32.0, 980.0, 671.0]
[80.0, 32.0, 933.0, 672.0]
[0.0, 0.0, 854.0, 640.0]
[48.0, 0.0, 903.0, 641.0]
[32.0, 0.0, 888.0, 642.0]
[144.0, 16.0, 1001.0, 659.0]
[112.0, 16.0, 970.0, 660.0]
[160.0, 0.0, 1019.0, 644.0]
[112.0, 16.0, 972.0, 661.0]
[112.0, 0.0, 973.0, 646.0]
[0.0, 16.0, 862.0, 662.0]
[16.0, 16.0, 879.0, 663.0]
[160.0, 0.0, 1024.0, 648.0]
[128.0, 0.0, 993.0, 649.0]
[64.0, 0.0, 930.0, 650.0]
[64.0, 0.0, 931.0, 650.0]
[16.0, 0.0, 884.0, 651.0]
[144.0, 16.0, 1013.0, 668.0]
[80.0, 16.0, 950.0, 668.0]
[48.0, 0.0, 919.0, 653.0]
[16.0, 0.0, 888.0, 654.0]
[144.0, 16.0, 1017.0, 671.0]
[128.0, 16.0, 1002.0, 672.0]
[16.0, 16.0, 891.0, 672.0]
[80.0, 0.0, 956.0, 657.0]
[16.0, 0.0, 893.0, 658.0]
[96.0, 0.0, 974.0, 658.0]
[96.0, 0.0, 975.0, 659.0]
[48.0, 0.0, 928.0, 660.0]
[96.0, 0.0, 977.0, 661.0]
[128.0, 0.0, 1010.0, 662.0]
[0.0, 0.0, 883.0, 662.0]
[128.0, 0.0, 1012.0, 663.0]
[48.0, 0.0, 933.0, 664.0]
[96.0, 0.0, 982.0, 664.0]
[32.0, 0.0, 919.0, 665.0]
[128.0, 0.0, 1016.0, 666.0]
[0.0, 0.0, 889.0, 667.0]
[48.0, 0.0, 938.0, 668.0]
[16.0, 0.0, 907.0, 668.0]
[32.0, 0.0, 924.0, 669.0]
[96.0, 0.0, 989.0, 670.0]
[80.0, 0.0, 974.0, 670.0]
[128.0, 0.0, 1023.0, 671.0]
[128.0, 0.0, 1024.0, 672.0]
