[48.0, 32.0, 765.0, 570.0]
[176.0, 64.0, 894.0, 602.0]
[144.0, 64.0, 863.0, 603.0]
[176.0, 32.0, 896.0, 572.0]
[224.0, 32.0, 945.0, 573.0]
[160.0, 64.0, 882.0, 606.0]
[96.0, 48.0, 819.0, 590.0]
[224.0, 32.0, 948.0, 575.0]
[208.0, 48.0, 933.0, 592.0]
[96.0, 64.0, 822.0, 608.0]
[128.0, 32.0, 855.0, 577.0]
[112.0, 48.0, 840.0, 594.0]
[128.0, 64.0, 857.0, 611.0]
[112.0, 32.0, 842.0, 580.0]
[48.0, 48.0, 779.0, 596.0]
[192.0, 16.0, 924.0, 565.0]
[192.0, 16.0, 925.0, 566.0]
[16.0, 32.0, 750.0, 582.0]
[128.0, 16.0, 863.0, 567.0]
[32.0, 32.0, 768.0, 584.0]
[256.0, 64.0, 993.0, 617.0]
[224.0, 64.0, 962.0, 618.0]
[144.0, 32.0, 883.0, 586.0]
[48.0, 64.0, 788.0, 619.0]
[48.0, 48.0, 789.0, 604.0]
[256.0, 64.0, 998.0, 620.0]
[208.0, 32.0, 951.0, 589.0]
[48.0, 48.0, 792.0, 606.0]
[64.0, 64.0, 809.0, 623.0]
[240.0, 64.0, 986.0, 624.0]
[208.0, 64.0, 955.0, 624.0]
[192.0, 0.0, 940.0, 561.0]
[128.0, 0.0, 877.0, 562.0]
[16.0, 48.0, 766.0, 610.0]
[112.0, 48.0, 863.0, 611.0]
[208.0, 32.0, 960.0, 596.0]
[224.0, 64.0, 977.0, 629.0]
[16.0, 32.0, 770.0, 598.0]
[224.0, 80.0, 979.0, 646.0]
[112.0, 48.0, 868.0, 615.0]
[144.0, 0.0, 901.0, 568.0]
[208.0, 0.0, 966.0, 568.0]
[48.0, 16.0, 807.0, 585.0]
[176.0, 64.0, 936.0, 634.0]
[96.0, 0.0, 857.0, 571.0]
[240.0, 32.0, 1002.0, 604.0]
[128.0, 80.0, 891.0, 652.0]
[16.0, 16.0, 780.0, 589.0]
[32.0, 0.0, 797.0, 574.0]
[128.0, 0.0, 894.0, 574.0]
[144.0, 80.0, 911.0, 655.0]
[128.0, 80.0, 896.0, 656.0]
[80.0, 48.0, 849.0, 625.0]
[208.0, 32.0, 978.0, 610.0]
[64.0, 0.0, 835.0, 578.0]
[96.0, 16.0, 868.0, 595.0]
[80.0, 80.0, 853.0, 660.0]
[240.0, 48.0, 1014.0, 628.0]
[112.0, 64.0, 887.0, 645.0]
[96.0, 64.0, 872.0, 646.0]
[208.0, 0.0, 985.0, 583.0]
[0.0, 48.0, 778.0, 632.0]
[128.0, 48.0, 907.0, 632.0]
[48.0, 64.0, 828.0, 649.0]
[208.0, 48.0, 989.0, 634.0]
[224.0, 0.0, 1006.0, 586.0]
[224.0, 32.0, 1007.0, 619.0]
[16.0, 48.0, 800.0, 636.0]
[144.0, 16.0, 929.0, 605.0]
[32.0, 48.0, 818.0, 638.0]
[32.0, 0.0, 819.0, 590.0]
[48.0, 48.0, 836.0, 639.0]
[112.0, 64.0, 901.0, 656.0]
[208.0, 16.0, 998.0, 608.0]
[144.0, 16.0, 935.0, 609.0]
[80.0, 64.0, 872.0, 658.0]
[0.0, 48.0, 793.0, 643.0]
[0.0, 16.0, 794.0, 612.0]
[32.0, 48.0, 827.0, 644.0]
[0.0, 0.0, 796.0, 597.0]
[48.0, 48.0, 845.0, 646.0]
[160.0, 32.0, 958.0, 630.0]
[160.0, 32.0, 959.0, 631.0]
[48.0, 64.0, 848.0, 664.0]
[16.0, 0.0, 817.0, 601.0]
[192.0, 32.0, 994.0, 634.0]
[192.0, 0.0, 995.0, 602.0]
[80.0, 48.0, 884.0, 651.0]
[32.0, 64.0, 837.0, 668.0]
[64.0, 48.0, 870.0, 652.0]
[176.0, 16.0, 983.0, 621.0]
[96.0, 16.0, 904.0, 622.0]
[96.0, 64.0, 905.0, 671.0]
[112.0, 16.0, 922.0, 624.0]
[16.0, 64.0, 827.0, 672.0]
[48.0, 80.0, 860.0, 689.0]
[96.0, 16.0, 909.0, 626.0]
[144.0, 80.0, 958.0, 690.0]
[16.0, 64.0, 831.0, 675.0]
[144.0, 32.0, 960.0, 644.0]
[0.0, 32.0, 817.0, 645.0]
[48.0, 32.0, 866.0, 646.0]
[176.0, 48.0, 995.0, 662.0]
[32.0, 0.0, 852.0, 615.0]
[48.0, 80.0, 869.0, 696.0]
[192.0, 48.0, 1014.0, 664.0]
[16.0, 48.0, 839.0, 665.0]
[144.0, 48.0, 968.0, 666.0]
[32.0, 64.0, 857.0, 683.0]
[192.0, 32.0, 1018.0, 652.0]
[96.0, 48.0, 923.0, 668.0]
[0.0, 48.0, 828.0, 669.0]
[96.0, 32.0, 925.0, 654.0]
[32.0, 64.0, 862.0, 686.0]
[80.0, 48.0, 911.0, 671.0]
[48.0, 16.0, 880.0, 640.0]
[0.0, 0.0, 833.0, 625.0]
[160.0, 32.0, 994.0, 658.0]
[128.0, 48.0, 963.0, 674.0]
[48.0, 64.0, 884.0, 691.0]
[16.0, 48.0, 853.0, 676.0]
[112.0, 48.0, 950.0, 676.0]
[128.0, 80.0, 967.0, 709.0]
[0.0, 0.0, 840.0, 630.0]
[16.0, 48.0, 857.0, 679.0]
[96.0, 16.0, 938.0, 648.0]
[112.0, 0.0, 955.0, 632.0]
[96.0, 80.0, 940.0, 713.0]
[48.0, 80.0, 893.0, 714.0]
[176.0, 0.0, 1022.0, 634.0]
[0.0, 48.0, 847.0, 683.0]
[80.0, 32.0, 928.0, 668.0]
[144.0, 48.0, 993.0, 685.0]
[16.0, 64.0, 866.0, 702.0]
[80.0, 48.0, 931.0, 686.0]
[80.0, 64.0, 932.0, 703.0]
[16.0, 32.0, 869.0, 672.0]
[80.0, 0.0, 934.0, 640.0]
[32.0, 64.0, 887.0, 705.0]
[48.0, 32.0, 904.0, 674.0]
[160.0, 0.0, 1017.0, 643.0]
[16.0, 0.0, 874.0, 644.0]
[64.0, 64.0, 923.0, 708.0]
[48.0, 48.0, 908.0, 693.0]
[128.0, 16.0, 989.0, 662.0]
[64.0, 64.0, 926.0, 710.0]
[16.0, 0.0, 879.0, 647.0]
[96.0, 48.0, 960.0, 696.0]
[144.0, 0.0, 1009.0, 649.0]
[128.0, 16.0, 994.0, 666.0]
[96.0, 64.0, 963.0, 714.0]
[16.0, 32.0, 884.0, 683.0]
[16.0, 32.0, 885.0, 684.0]
[64.0, 32.0, 934.0, 684.0]
[96.0, 16.0, 967.0, 669.0]
[48.0, 0.0, 920.0, 654.0]
[16.0, 32.0, 889.0, 687.0]
[48.0, 0.0, 922.0, 656.0]
[80.0, 80.0, 955.0, 736.0]
[32.0, 48.0, 908.0, 705.0]
[64.0, 80.0, 941.0, 738.0]
[128.0, 0.0, 1006.0, 658.0]
[64.0, 80.0, 943.0, 739.0]
[128.0, 64.0, 1008.0, 724.0]
[16.0, 48.0, 897.0, 709.0]
[0.0, 0.0, 882.0, 662.0]
[112.0, 48.0, 995.0, 710.0]
[96.0, 0.0, 980.0, 663.0]
[80.0, 80.0, 965.0, 744.0]
[48.0, 64.0, 934.0, 728.0]
[112.0, 48.0, 999.0, 713.0]
[32.0, 64.0, 920.0, 730.0]
[48.0, 32.0, 937.0, 699.0]
[16.0, 48.0, 906.0, 716.0]
[0.0, 0.0, 891.0, 668.0]
[16.0, 48.0, 908.0, 717.0]
[48.0, 64.0, 941.0, 734.0]
[32.0, 32.0, 926.0, 702.0]
[80.0, 64.0, 975.0, 735.0]
[80.0, 80.0, 976.0, 752.0]
[16.0, 0.0, 913.0, 673.0]
[0.0, 16.0, 898.0, 690.0]
[0.0, 48.0, 899.0, 722.0]
[64.0, 16.0, 964.0, 691.0]
[48.0, 64.0, 949.0, 740.0]
[48.0, 32.0, 950.0, 708.0]
[64.0, 0.0, 967.0, 677.0]
[64.0, 16.0, 968.0, 694.0]
[112.0, 32.0, 1017.0, 711.0]
[80.0, 0.0, 986.0, 680.0]
[48.0, 80.0, 955.0, 760.0]
[64.0, 32.0, 972.0, 713.0]
[48.0, 32.0, 957.0, 714.0]
[112.0, 0.0, 1022.0, 682.0]
[96.0, 16.0, 1007.0, 699.0]
[48.0, 0.0, 960.0, 684.0]
[96.0, 0.0, 1009.0, 685.0]
[64.0, 48.0, 978.0, 734.0]
[64.0, 16.0, 979.0, 702.0]
[64.0, 48.0, 980.0, 735.0]
[64.0, 48.0, 981.0, 736.0]
[48.0, 48.0, 966.0, 736.0]
[64.0, 48.0, 983.0, 737.0]
[32.0, 48.0, 952.0, 738.0]
[16.0, 48.0, 937.0, 739.0]
[80.0, 0.0, 1002.0, 692.0]
[32.0, 32.0, 955.0, 724.0]
[96.0, 16.0, 1020.0, 709.0]
[32.0, 32.0, 957.0, 726.0]
[64.0, 32.0, 990.0, 726.0]
[0.0, 32.0, 927.0, 727.0]
[64.0, 32.0, 992.0, 728.0]
[32.0, 16.0, 961.0, 713.0]
[64.0, 64.0, 994.0, 762.0]
[48.0, 32.0, 979.0, 730.0]
[80.0, 16.0, 1012.0, 715.0]
[80.0, 32.0, 1013.0, 732.0]
[16.0, 32.0, 950.0, 732.0]
[80.0, 48.0, 1015.0, 749.0]
[64.0, 32.0, 1000.0, 734.0]
[16.0, 48.0, 953.0, 751.0]
[64.0, 0.0, 1002.0, 704.0]
[32.0, 48.0, 971.0, 752.0]
[64.0, 0.0, 1004.0, 705.0]
[16.0, 16.0, 957.0, 722.0]
[16.0, 48.0, 958.0, 754.0]
[16.0, 32.0, 959.0, 739.0]
[48.0, 16.0, 992.0, 724.0]
[0.0, 48.0, 945.0, 757.0]
[48.0, 48.0, 994.0, 758.0]
[16.0, 16.0, 963.0, 726.0]
[48.0, 32.0, 996.0, 743.0]
[32.0, 48.0, 981.0, 760.0]
[32.0, 32.0, 982.0, 744.0]
[64.0, 32.0, 1015.0, 745.0]
[0.0, 0.0, 952.0, 714.0]
[48.0, 16.0, 1001.0, 731.0]
[48.0, 32.0, 1002.0, 748.0]
[0.0, 16.0, 955.0, 732.0]
[16.0, 16.0, 972.0, 733.0]
[64.0, 0.0, 1021.0, 718.0]
[48.0, 16.0, 1006.0, 734.0]
[48.0, 0.0, 1007.0, 719.0]
[48.0, 32.0, 1008.0, 752.0]
[0.0, 32.0, 961.0, 753.0]
[16.0, 16.0, 978.0, 738.0]
[16.0, 0.0, 979.0, 722.0]
[16.0, 32.0, 980.0, 755.0]
[0.0, 16.0, 965.0, 740.0]
[0.0, 0.0, 966.0, 724.0]
[48.0, 32.0, 1015.0, 757.0]
[32.0, 0.0, 1000.0, 726.0]
[16.0, 0.0, 985.0, 727.0]
[48.0, 16.0, 1018.0, 744.0]
[48.0, 32.0, 1019.0, 760.0]
[0.0, 16.0, 972.0, 745.0]
[0.0, 0.0, 973.0, 730.0]
[16.0, 16.0, 990.0, 746.0]
[48.0, 0.0, 1023.0, 731.0]
[16.0, 16.0, 992.0, 748.0]
[0.0, 32.0, 977.0, 765.0]
[16.0, 16.0, 994.0, 750.0]
[32.0, 16.0, 1011.0, 750.0]
[0.0, 0.0, 980.0, 735.0]
[0.0, 16.0, 981.0, 752.0]
[0.0, 16.0, 982.0, 752.0]
[32.0, 16.0, 1015.0, 753.0]
[32.0, 0.0, 1016.0, 738.0]
[32.0, 16.0, 1017.0, 755.0]
[16.0, 16.0, 1002.0, 756.0]
[32.0, 0.0, 1019.0, 740.0]
[16.0, 16.0, 1004.0, 757.0]
[16.0, 0.0, 1005.0, 742.0]
[0.0, 0.0, 990.0, 742.0]
[32.0, 16.0, 1023.0, 759.0]
[16.0, 16.0, 1008.0, 760.0]
[0.0, 0.0, 993.0, 745.0]
[16.0, 0.0, 1010.0, 746.0]
[16.0, 0.0, 1011.0, 746.0]
[0.0, 16.0, 996.0, 763.0]
[16.0, 16.0, 1013.0, 764.0]
[0.0, 0.0, 998.0, 748.0]
[0.0, 16.0, 999.0, 765.0]
[0.0, 0.0, 1000.0, 750.0]
[0.0, 16.0, 1001.0, 767.0]
[0.0, 0.0, 1002.0, 752.0]
[0.0, 0.0, 1003.0, 752.0]
[0.0, 0.0, 1004.0, 753.0]
[0.0, 0.0, 1005.0, 754.0]
[0.0, 0.0, 1006.0, 754.0]
[16.0, 0.0, 1023.0, 755.0]
[16.0, 0.0, 1024.0, 756.0]
[0.0, 0.0, 1009.0, 757.0]
[0.0, 0.0, 1010.0, 758.0]
[0.0, 0.0, 1011.0, 758.0]
[0.0, 0.0, 1012.0, 759.0]
[0.0, 0.0, 1013.0, 760.0]
[0.0, 0.0, 1014.0, 760.0]
