[80.0, 112.0, 797.0, 650.0]
[144.0, 48.0, 862.0, 586.0]
[64.0, 16.0, 783.0, 555.0]
[80.0, 16.0, 800.0, 556.0]
[112.0, 80.0, 833.0, 621.0]
[32.0, 16.0, 754.0, 558.0]
[64.0, 128.0, 787.0, 670.0]
[96.0, 0.0, 820.0, 543.0]
[0.0, 112.0, 725.0, 656.0]
[80.0, 128.0, 806.0, 672.0]
[96.0, 96.0, 823.0, 641.0]
[96.0, 16.0, 824.0, 562.0]
[64.0, 128.0, 793.0, 675.0]
[16.0, 0.0, 746.0, 548.0]
[0.0, 48.0, 731.0, 596.0]
[96.0, 48.0, 828.0, 597.0]
[0.0, 80.0, 733.0, 630.0]
[32.0, 96.0, 766.0, 646.0]
[144.0, 32.0, 879.0, 583.0]
[80.0, 16.0, 816.0, 568.0]
[32.0, 32.0, 769.0, 585.0]
[128.0, 48.0, 866.0, 602.0]
[112.0, 128.0, 851.0, 682.0]
[144.0, 80.0, 884.0, 635.0]
[112.0, 80.0, 853.0, 636.0]
[32.0, 96.0, 774.0, 652.0]
[48.0, 96.0, 791.0, 653.0]
[96.0, 96.0, 840.0, 654.0]
[80.0, 0.0, 825.0, 559.0]
[64.0, 32.0, 810.0, 592.0]
[96.0, 96.0, 843.0, 656.0]
[16.0, 112.0, 764.0, 673.0]
[16.0, 16.0, 765.0, 578.0]
[96.0, 80.0, 846.0, 642.0]
[32.0, 112.0, 783.0, 675.0]
[80.0, 0.0, 832.0, 564.0]
[64.0, 64.0, 817.0, 629.0]
[48.0, 96.0, 802.0, 662.0]
[64.0, 112.0, 819.0, 678.0]
[80.0, 0.0, 836.0, 567.0]
[112.0, 80.0, 869.0, 648.0]
[128.0, 80.0, 886.0, 648.0]
[48.0, 32.0, 807.0, 601.0]
[64.0, 16.0, 824.0, 586.0]
[48.0, 32.0, 809.0, 603.0]
[48.0, 0.0, 810.0, 572.0]
[112.0, 32.0, 875.0, 604.0]
[0.0, 48.0, 764.0, 621.0]
[0.0, 96.0, 765.0, 670.0]
[96.0, 64.0, 862.0, 638.0]
[144.0, 48.0, 911.0, 623.0]
[48.0, 96.0, 816.0, 672.0]
[96.0, 64.0, 865.0, 641.0]
[96.0, 0.0, 866.0, 578.0]
[80.0, 0.0, 851.0, 578.0]
[48.0, 48.0, 820.0, 627.0]
[0.0, 48.0, 773.0, 628.0]
[112.0, 48.0, 886.0, 628.0]
[32.0, 16.0, 807.0, 597.0]
[0.0, 80.0, 776.0, 662.0]
[16.0, 0.0, 793.0, 583.0]
[0.0, 16.0, 778.0, 600.0]
[112.0, 0.0, 891.0, 584.0]
[96.0, 80.0, 876.0, 665.0]
[112.0, 16.0, 893.0, 602.0]
[64.0, 96.0, 846.0, 682.0]
[48.0, 32.0, 831.0, 619.0]
[96.0, 48.0, 880.0, 636.0]
[64.0, 32.0, 849.0, 621.0]
[0.0, 32.0, 786.0, 622.0]
[80.0, 0.0, 867.0, 590.0]
[96.0, 0.0, 884.0, 591.0]
[64.0, 48.0, 853.0, 640.0]
[80.0, 16.0, 870.0, 608.0]
[80.0, 0.0, 871.0, 593.0]
[128.0, 48.0, 920.0, 642.0]
[0.0, 32.0, 793.0, 627.0]
[16.0, 48.0, 810.0, 644.0]
[32.0, 0.0, 827.0, 596.0]
[96.0, 80.0, 892.0, 677.0]
[64.0, 16.0, 861.0, 614.0]
[48.0, 80.0, 846.0, 678.0]
[48.0, 80.0, 847.0, 679.0]
[144.0, 48.0, 944.0, 648.0]
[96.0, 80.0, 897.0, 681.0]
[16.0, 0.0, 818.0, 602.0]
[96.0, 80.0, 899.0, 682.0]
[112.0, 0.0, 916.0, 603.0]
[48.0, 32.0, 853.0, 636.0]
[48.0, 32.0, 854.0, 636.0]
[16.0, 0.0, 823.0, 605.0]
[96.0, 16.0, 904.0, 622.0]
[48.0, 32.0, 857.0, 639.0]
[80.0, 0.0, 890.0, 608.0]
[80.0, 48.0, 891.0, 656.0]
[144.0, 32.0, 956.0, 641.0]
[128.0, 64.0, 941.0, 674.0]
[80.0, 48.0, 894.0, 658.0]
[16.0, 16.0, 831.0, 627.0]
[0.0, 0.0, 816.0, 612.0]
[16.0, 16.0, 833.0, 629.0]
[64.0, 32.0, 882.0, 646.0]
[32.0, 48.0, 851.0, 662.0]
[112.0, 64.0, 932.0, 679.0]
[80.0, 16.0, 901.0, 632.0]
[96.0, 48.0, 918.0, 664.0]
[128.0, 16.0, 951.0, 633.0]
[48.0, 48.0, 872.0, 666.0]
[112.0, 32.0, 937.0, 651.0]
[32.0, 32.0, 858.0, 652.0]
[80.0, 16.0, 907.0, 636.0]
[0.0, 48.0, 828.0, 669.0]
[48.0, 32.0, 877.0, 654.0]
[96.0, 32.0, 926.0, 654.0]
[96.0, 48.0, 927.0, 671.0]
[32.0, 32.0, 864.0, 656.0]
[32.0, 48.0, 865.0, 673.0]
[32.0, 16.0, 866.0, 642.0]
[48.0, 0.0, 883.0, 626.0]
[80.0, 48.0, 916.0, 675.0]
[128.0, 32.0, 965.0, 660.0]
[32.0, 32.0, 870.0, 660.0]
[96.0, 48.0, 935.0, 677.0]
[0.0, 48.0, 840.0, 678.0]
[80.0, 16.0, 921.0, 647.0]
[0.0, 16.0, 842.0, 648.0]
[80.0, 16.0, 923.0, 648.0]
[96.0, 0.0, 940.0, 633.0]
[64.0, 16.0, 909.0, 650.0]
[80.0, 48.0, 926.0, 682.0]
[48.0, 16.0, 895.0, 651.0]
[112.0, 32.0, 960.0, 668.0]
[128.0, 16.0, 977.0, 653.0]
[64.0, 0.0, 914.0, 638.0]
[80.0, 32.0, 931.0, 670.0]
[64.0, 16.0, 916.0, 655.0]
[96.0, 0.0, 949.0, 640.0]
[112.0, 16.0, 966.0, 656.0]
[80.0, 16.0, 935.0, 657.0]
[32.0, 16.0, 888.0, 658.0]
[80.0, 0.0, 937.0, 643.0]
[112.0, 16.0, 970.0, 660.0]
[64.0, 0.0, 923.0, 644.0]
[128.0, 16.0, 988.0, 661.0]
[112.0, 16.0, 973.0, 662.0]
[16.0, 32.0, 878.0, 678.0]
[96.0, 0.0, 959.0, 647.0]
[80.0, 0.0, 944.0, 648.0]
[96.0, 16.0, 961.0, 665.0]
[80.0, 16.0, 946.0, 666.0]
[96.0, 16.0, 963.0, 666.0]
[16.0, 16.0, 884.0, 667.0]
[16.0, 16.0, 885.0, 668.0]
[16.0, 0.0, 886.0, 652.0]
[112.0, 16.0, 983.0, 669.0]
[16.0, 16.0, 888.0, 670.0]
[32.0, 0.0, 905.0, 655.0]
[80.0, 16.0, 954.0, 672.0]
[112.0, 0.0, 987.0, 656.0]
[16.0, 0.0, 892.0, 657.0]
[96.0, 16.0, 973.0, 674.0]
[112.0, 16.0, 990.0, 674.0]
[32.0, 0.0, 911.0, 659.0]
[112.0, 0.0, 992.0, 660.0]
[32.0, 16.0, 913.0, 677.0]
[64.0, 16.0, 946.0, 678.0]
[80.0, 16.0, 963.0, 678.0]
[32.0, 0.0, 916.0, 663.0]
[48.0, 0.0, 933.0, 664.0]
[96.0, 16.0, 982.0, 680.0]
[0.0, 16.0, 887.0, 681.0]
[16.0, 16.0, 904.0, 682.0]
[96.0, 16.0, 985.0, 683.0]
[0.0, 0.0, 890.0, 668.0]
[48.0, 0.0, 939.0, 668.0]
[80.0, 0.0, 972.0, 669.0]
[64.0, 0.0, 957.0, 670.0]
[96.0, 0.0, 990.0, 670.0]
[64.0, 0.0, 959.0, 671.0]
[64.0, 0.0, 960.0, 672.0]
[16.0, 0.0, 913.0, 673.0]
[48.0, 0.0, 946.0, 674.0]
[64.0, 0.0, 963.0, 674.0]
[32.0, 0.0, 932.0, 675.0]
[64.0, 0.0, 965.0, 676.0]
[64.0, 0.0, 966.0, 676.0]
[32.0, 0.0, 935.0, 677.0]
[80.0, 0.0, 984.0, 678.0]
[48.0, 0.0, 953.0, 679.0]
[32.0, 0.0, 938.0, 680.0]
[0.0, 0.0, 907.0, 680.0]
[16.0, 0.0, 924.0, 681.0]
[0.0, 0.0, 909.0, 682.0]
[80.0, 0.0, 990.0, 682.0]
[32.0, 0.0, 943.0, 683.0]
