[240.0, 128.0, 957.0, 666.0]
[128.0, 112.0, 846.0, 650.0]
[240.0, 80.0, 959.0, 619.0]
[272.0, 80.0, 992.0, 620.0]
[176.0, 144.0, 897.0, 685.0]
[224.0, 112.0, 946.0, 654.0]
[96.0, 96.0, 819.0, 638.0]
[176.0, 80.0, 900.0, 623.0]
[80.0, 80.0, 805.0, 624.0]
[128.0, 128.0, 854.0, 672.0]
[176.0, 96.0, 903.0, 641.0]
[208.0, 80.0, 936.0, 626.0]
[272.0, 64.0, 1001.0, 611.0]
[224.0, 48.0, 954.0, 596.0]
[224.0, 112.0, 955.0, 660.0]
[272.0, 64.0, 1004.0, 613.0]
[128.0, 112.0, 861.0, 662.0]
[208.0, 64.0, 942.0, 614.0]
[272.0, 96.0, 1007.0, 647.0]
[128.0, 128.0, 864.0, 680.0]
[64.0, 80.0, 801.0, 633.0]
[128.0, 96.0, 866.0, 650.0]
[112.0, 48.0, 851.0, 602.0]
[80.0, 112.0, 820.0, 667.0]
[256.0, 80.0, 997.0, 636.0]
[176.0, 80.0, 918.0, 636.0]
[208.0, 112.0, 951.0, 669.0]
[144.0, 32.0, 888.0, 590.0]
[112.0, 64.0, 857.0, 623.0]
[160.0, 48.0, 906.0, 608.0]
[224.0, 112.0, 971.0, 672.0]
[256.0, 48.0, 1004.0, 609.0]
[176.0, 32.0, 925.0, 594.0]
[240.0, 112.0, 990.0, 674.0]
[80.0, 96.0, 831.0, 659.0]
[272.0, 112.0, 1024.0, 676.0]
[176.0, 48.0, 929.0, 613.0]
[96.0, 80.0, 850.0, 646.0]
[240.0, 80.0, 995.0, 646.0]
[96.0, 80.0, 852.0, 647.0]
[192.0, 96.0, 949.0, 664.0]
[112.0, 96.0, 870.0, 664.0]
[176.0, 80.0, 935.0, 649.0]
[224.0, 112.0, 984.0, 682.0]
[208.0, 112.0, 969.0, 683.0]
[144.0, 16.0, 906.0, 588.0]
[192.0, 64.0, 955.0, 636.0]
[160.0, 112.0, 924.0, 685.0]
[80.0, 96.0, 845.0, 670.0]
[144.0, 32.0, 910.0, 606.0]
[192.0, 64.0, 959.0, 639.0]
[176.0, 48.0, 944.0, 624.0]
[144.0, 96.0, 913.0, 673.0]
[112.0, 32.0, 882.0, 610.0]
[128.0, 80.0, 899.0, 658.0]
[144.0, 80.0, 916.0, 659.0]
[112.0, 96.0, 885.0, 676.0]
[208.0, 32.0, 982.0, 612.0]
[240.0, 32.0, 1015.0, 613.0]
[112.0, 80.0, 888.0, 662.0]
[224.0, 48.0, 1001.0, 631.0]
[144.0, 48.0, 922.0, 632.0]
[240.0, 80.0, 1019.0, 664.0]
[112.0, 32.0, 892.0, 617.0]
[208.0, 16.0, 989.0, 602.0]
[80.0, 48.0, 862.0, 634.0]
[96.0, 48.0, 879.0, 635.0]
[96.0, 64.0, 880.0, 652.0]
[144.0, 0.0, 929.0, 589.0]
[32.0, 80.0, 818.0, 670.0]
[128.0, 32.0, 915.0, 622.0]
[208.0, 48.0, 996.0, 639.0]
[176.0, 16.0, 965.0, 608.0]
[208.0, 32.0, 998.0, 624.0]
[176.0, 0.0, 967.0, 593.0]
[192.0, 80.0, 984.0, 674.0]
[48.0, 48.0, 841.0, 643.0]
[96.0, 64.0, 890.0, 660.0]
[208.0, 32.0, 1003.0, 628.0]
[224.0, 48.0, 1020.0, 645.0]
[176.0, 48.0, 973.0, 646.0]
[176.0, 0.0, 974.0, 598.0]
[32.0, 64.0, 831.0, 663.0]
[224.0, 64.0, 1024.0, 664.0]
[80.0, 16.0, 881.0, 617.0]
[64.0, 32.0, 866.0, 634.0]
[208.0, 32.0, 1011.0, 634.0]
[176.0, 64.0, 980.0, 667.0]
[160.0, 16.0, 965.0, 620.0]
[128.0, 32.0, 934.0, 636.0]
[160.0, 48.0, 967.0, 653.0]
[176.0, 0.0, 984.0, 606.0]
[64.0, 64.0, 873.0, 671.0]
[80.0, 32.0, 890.0, 640.0]
[64.0, 32.0, 875.0, 640.0]
[128.0, 0.0, 940.0, 609.0]
[144.0, 32.0, 957.0, 642.0]
[144.0, 32.0, 958.0, 642.0]
[128.0, 16.0, 943.0, 627.0]
[144.0, 32.0, 960.0, 644.0]
[48.0, 32.0, 865.0, 645.0]
[192.0, 32.0, 1010.0, 646.0]
[96.0, 48.0, 915.0, 662.0]
[160.0, 0.0, 980.0, 615.0]
[96.0, 16.0, 917.0, 632.0]
[192.0, 48.0, 1014.0, 664.0]
[112.0, 64.0, 935.0, 681.0]
[80.0, 16.0, 904.0, 634.0]
[176.0, 32.0, 1001.0, 651.0]
[128.0, 32.0, 954.0, 652.0]
[80.0, 48.0, 907.0, 668.0]
[160.0, 0.0, 988.0, 621.0]
[32.0, 48.0, 861.0, 670.0]
[112.0, 32.0, 942.0, 654.0]
[176.0, 0.0, 1007.0, 623.0]
[80.0, 0.0, 912.0, 624.0]
[80.0, 48.0, 913.0, 673.0]
[176.0, 32.0, 1010.0, 658.0]
[160.0, 48.0, 995.0, 674.0]
[80.0, 16.0, 916.0, 643.0]
[96.0, 48.0, 933.0, 676.0]
[160.0, 0.0, 998.0, 628.0]
[48.0, 32.0, 887.0, 661.0]
[32.0, 48.0, 872.0, 678.0]
[128.0, 16.0, 969.0, 647.0]
[80.0, 16.0, 922.0, 648.0]
[80.0, 16.0, 923.0, 648.0]
[144.0, 16.0, 988.0, 649.0]
[64.0, 16.0, 909.0, 650.0]
[176.0, 32.0, 1022.0, 666.0]
[96.0, 16.0, 943.0, 651.0]
[128.0, 32.0, 976.0, 668.0]
[80.0, 48.0, 929.0, 685.0]
[48.0, 0.0, 898.0, 638.0]
[144.0, 32.0, 995.0, 670.0]
[144.0, 32.0, 996.0, 671.0]
[80.0, 32.0, 933.0, 672.0]
[80.0, 16.0, 934.0, 656.0]
[160.0, 0.0, 1015.0, 641.0]
[144.0, 16.0, 1000.0, 658.0]
[48.0, 32.0, 905.0, 675.0]
[128.0, 32.0, 986.0, 676.0]
[128.0, 32.0, 987.0, 676.0]
[144.0, 16.0, 1004.0, 661.0]
[112.0, 16.0, 973.0, 662.0]
[112.0, 0.0, 974.0, 646.0]
[32.0, 0.0, 895.0, 647.0]
[96.0, 16.0, 960.0, 664.0]
[48.0, 16.0, 913.0, 665.0]
[144.0, 0.0, 1010.0, 650.0]
[64.0, 32.0, 931.0, 682.0]
[32.0, 0.0, 900.0, 651.0]
[144.0, 32.0, 1013.0, 684.0]
[112.0, 16.0, 982.0, 668.0]
[32.0, 32.0, 903.0, 685.0]
[96.0, 0.0, 968.0, 654.0]
[64.0, 0.0, 937.0, 655.0]
[144.0, 0.0, 1018.0, 656.0]
[144.0, 16.0, 1019.0, 672.0]
[112.0, 16.0, 988.0, 673.0]
[112.0, 0.0, 989.0, 658.0]
[48.0, 0.0, 926.0, 658.0]
[80.0, 16.0, 959.0, 675.0]
[32.0, 16.0, 912.0, 676.0]
[64.0, 16.0, 945.0, 677.0]
[128.0, 0.0, 1010.0, 662.0]
[32.0, 0.0, 915.0, 662.0]
[32.0, 0.0, 916.0, 663.0]
[32.0, 0.0, 917.0, 664.0]
[112.0, 16.0, 998.0, 680.0]
[64.0, 16.0, 951.0, 681.0]
[80.0, 16.0, 968.0, 682.0]
[112.0, 0.0, 1001.0, 667.0]
[48.0, 16.0, 938.0, 684.0]
[48.0, 16.0, 939.0, 684.0]
[96.0, 16.0, 988.0, 685.0]
[96.0, 0.0, 989.0, 670.0]
[112.0, 0.0, 1006.0, 670.0]
[32.0, 0.0, 927.0, 671.0]
[128.0, 0.0, 1024.0, 672.0]
[48.0, 0.0, 945.0, 673.0]
[112.0, 0.0, 1010.0, 674.0]
[48.0, 0.0, 947.0, 674.0]
[48.0, 0.0, 948.0, 675.0]
[64.0, 0.0, 965.0, 676.0]
[48.0, 0.0, 950.0, 676.0]
[32.0, 0.0, 935.0, 677.0]
[48.0, 0.0, 952.0, 678.0]
[80.0, 0.0, 985.0, 679.0]
[112.0, 0.0, 1018.0, 680.0]
[48.0, 0.0, 955.0, 680.0]
[80.0, 0.0, 988.0, 681.0]
[80.0, 0.0, 989.0, 682.0]
[80.0, 0.0, 990.0, 682.0]
[96.0, 0.0, 1007.0, 683.0]
[112.0, 0.0, 1024.0, 684.0]
[80.0, 0.0, 993.0, 685.0]
