[128.0, 64.0, 845.0, 602.0]
[192.0, 96.0, 910.0, 634.0]
[256.0, 112.0, 975.0, 651.0]
[240.0, 64.0, 960.0, 604.0]
[208.0, 64.0, 929.0, 605.0]
[176.0, 96.0, 898.0, 638.0]
[176.0, 112.0, 899.0, 654.0]
[256.0, 96.0, 980.0, 639.0]
[208.0, 64.0, 933.0, 608.0]
[176.0, 16.0, 902.0, 560.0]
[176.0, 80.0, 903.0, 625.0]
[112.0, 80.0, 840.0, 626.0]
[272.0, 112.0, 1001.0, 659.0]
[112.0, 64.0, 842.0, 612.0]
[240.0, 32.0, 971.0, 580.0]
[240.0, 64.0, 972.0, 613.0]
[240.0, 64.0, 973.0, 614.0]
[144.0, 96.0, 878.0, 646.0]
[256.0, 64.0, 991.0, 615.0]
[160.0, 128.0, 896.0, 680.0]
[256.0, 32.0, 993.0, 585.0]
[208.0, 96.0, 946.0, 650.0]
[176.0, 64.0, 915.0, 618.0]
[144.0, 96.0, 884.0, 651.0]
[208.0, 16.0, 949.0, 572.0]
[160.0, 96.0, 902.0, 652.0]
[176.0, 112.0, 919.0, 669.0]
[256.0, 64.0, 1000.0, 622.0]
[96.0, 32.0, 841.0, 591.0]
[176.0, 0.0, 922.0, 560.0]
[112.0, 112.0, 859.0, 672.0]
[160.0, 80.0, 908.0, 641.0]
[176.0, 48.0, 925.0, 610.0]
[208.0, 80.0, 958.0, 642.0]
[240.0, 48.0, 991.0, 611.0]
[160.0, 0.0, 912.0, 564.0]
[208.0, 80.0, 961.0, 645.0]
[112.0, 112.0, 866.0, 678.0]
[128.0, 96.0, 883.0, 662.0]
[128.0, 96.0, 884.0, 663.0]
[112.0, 16.0, 869.0, 584.0]
[80.0, 80.0, 838.0, 648.0]
[176.0, 32.0, 935.0, 601.0]
[112.0, 32.0, 872.0, 602.0]
[112.0, 112.0, 873.0, 683.0]
[144.0, 80.0, 906.0, 652.0]
[80.0, 64.0, 843.0, 636.0]
[192.0, 96.0, 956.0, 669.0]
[112.0, 16.0, 877.0, 590.0]
[160.0, 96.0, 926.0, 670.0]
[112.0, 96.0, 879.0, 671.0]
[160.0, 64.0, 928.0, 640.0]
[144.0, 32.0, 913.0, 609.0]
[192.0, 0.0, 962.0, 578.0]
[80.0, 80.0, 851.0, 658.0]
[192.0, 0.0, 964.0, 579.0]
[160.0, 16.0, 933.0, 596.0]
[208.0, 64.0, 982.0, 644.0]
[144.0, 64.0, 919.0, 645.0]
[160.0, 96.0, 936.0, 678.0]
[96.0, 96.0, 873.0, 679.0]
[192.0, 0.0, 970.0, 584.0]
[160.0, 64.0, 939.0, 648.0]
[176.0, 80.0, 956.0, 665.0]
[240.0, 80.0, 1021.0, 666.0]
[192.0, 64.0, 974.0, 650.0]
[192.0, 48.0, 975.0, 635.0]
[176.0, 80.0, 960.0, 668.0]
[48.0, 48.0, 833.0, 637.0]
[192.0, 32.0, 978.0, 622.0]
[192.0, 32.0, 979.0, 622.0]
[80.0, 48.0, 868.0, 639.0]
[64.0, 16.0, 853.0, 608.0]
[176.0, 80.0, 966.0, 672.0]
[48.0, 32.0, 839.0, 625.0]
[208.0, 48.0, 1000.0, 642.0]
[32.0, 48.0, 825.0, 643.0]
[192.0, 64.0, 986.0, 660.0]
[48.0, 48.0, 843.0, 644.0]
[144.0, 48.0, 940.0, 645.0]
[80.0, 48.0, 877.0, 646.0]
[176.0, 16.0, 974.0, 614.0]
[144.0, 0.0, 943.0, 599.0]
[32.0, 48.0, 832.0, 648.0]
[48.0, 48.0, 849.0, 649.0]
[32.0, 32.0, 834.0, 634.0]
[208.0, 32.0, 1011.0, 634.0]
[144.0, 0.0, 948.0, 603.0]
[176.0, 16.0, 981.0, 620.0]
[144.0, 64.0, 950.0, 668.0]
[208.0, 64.0, 1015.0, 669.0]
[64.0, 0.0, 872.0, 606.0]
[176.0, 48.0, 985.0, 655.0]
[48.0, 48.0, 858.0, 656.0]
[208.0, 64.0, 1019.0, 672.0]
[80.0, 64.0, 892.0, 673.0]
[96.0, 64.0, 909.0, 674.0]
[80.0, 48.0, 894.0, 658.0]
[16.0, 48.0, 831.0, 659.0]
[80.0, 16.0, 896.0, 628.0]
[96.0, 48.0, 913.0, 661.0]
[160.0, 48.0, 978.0, 662.0]
[144.0, 64.0, 963.0, 678.0]
[112.0, 16.0, 932.0, 631.0]
[128.0, 16.0, 949.0, 632.0]
[80.0, 48.0, 902.0, 664.0]
[144.0, 16.0, 967.0, 633.0]
[128.0, 64.0, 952.0, 682.0]
[128.0, 64.0, 953.0, 683.0]
[48.0, 0.0, 874.0, 620.0]
[144.0, 32.0, 971.0, 652.0]
[16.0, 32.0, 844.0, 653.0]
[64.0, 48.0, 893.0, 670.0]
[176.0, 0.0, 1006.0, 622.0]
[176.0, 32.0, 1007.0, 655.0]
[192.0, 0.0, 1024.0, 624.0]
[48.0, 48.0, 881.0, 673.0]
[160.0, 16.0, 994.0, 642.0]
[64.0, 0.0, 899.0, 626.0]
[96.0, 0.0, 932.0, 627.0]
[112.0, 32.0, 949.0, 660.0]
[112.0, 32.0, 950.0, 660.0]
[0.0, 32.0, 839.0, 661.0]
[80.0, 0.0, 920.0, 630.0]
[48.0, 16.0, 889.0, 647.0]
[16.0, 48.0, 858.0, 680.0]
[128.0, 32.0, 971.0, 664.0]
[144.0, 16.0, 988.0, 649.0]
[112.0, 16.0, 957.0, 650.0]
[80.0, 32.0, 926.0, 666.0]
[176.0, 0.0, 1023.0, 635.0]
[96.0, 0.0, 944.0, 636.0]
[128.0, 32.0, 977.0, 669.0]
[160.0, 0.0, 1010.0, 638.0]
[80.0, 0.0, 931.0, 638.0]
[112.0, 32.0, 964.0, 671.0]
[144.0, 16.0, 997.0, 656.0]
[0.0, 16.0, 854.0, 656.0]
[96.0, 16.0, 951.0, 657.0]
[32.0, 0.0, 888.0, 642.0]
[96.0, 32.0, 953.0, 675.0]
[64.0, 16.0, 922.0, 660.0]
[80.0, 32.0, 939.0, 676.0]
[32.0, 32.0, 892.0, 677.0]
[16.0, 32.0, 877.0, 678.0]
[32.0, 0.0, 894.0, 646.0]
[144.0, 0.0, 1007.0, 647.0]
[144.0, 16.0, 1008.0, 664.0]
[0.0, 32.0, 865.0, 681.0]
[96.0, 16.0, 962.0, 666.0]
[32.0, 16.0, 899.0, 666.0]
[64.0, 32.0, 932.0, 683.0]
[32.0, 0.0, 901.0, 652.0]
[80.0, 16.0, 950.0, 668.0]
[16.0, 16.0, 887.0, 669.0]
[48.0, 0.0, 920.0, 654.0]
[80.0, 0.0, 953.0, 655.0]
[16.0, 16.0, 890.0, 672.0]
[96.0, 0.0, 971.0, 656.0]
[128.0, 16.0, 1004.0, 673.0]
[64.0, 16.0, 941.0, 674.0]
[16.0, 0.0, 894.0, 658.0]
[16.0, 0.0, 895.0, 659.0]
[112.0, 16.0, 992.0, 676.0]
[0.0, 16.0, 881.0, 677.0]
[112.0, 0.0, 994.0, 662.0]
[0.0, 16.0, 883.0, 678.0]
[0.0, 0.0, 884.0, 663.0]
[32.0, 0.0, 917.0, 664.0]
[64.0, 16.0, 950.0, 680.0]
[16.0, 0.0, 903.0, 665.0]
[80.0, 0.0, 968.0, 666.0]
[64.0, 16.0, 953.0, 683.0]
[80.0, 0.0, 970.0, 668.0]
[80.0, 0.0, 971.0, 668.0]
[32.0, 0.0, 924.0, 669.0]
[32.0, 0.0, 925.0, 670.0]
[112.0, 0.0, 1006.0, 670.0]
[16.0, 0.0, 911.0, 671.0]
[128.0, 0.0, 1024.0, 672.0]
[80.0, 0.0, 977.0, 673.0]
[0.0, 0.0, 898.0, 674.0]
[16.0, 0.0, 915.0, 674.0]
[112.0, 0.0, 1012.0, 675.0]
[32.0, 0.0, 933.0, 676.0]
[48.0, 0.0, 950.0, 676.0]
[48.0, 0.0, 951.0, 677.0]
[0.0, 0.0, 904.0, 678.0]
[80.0, 0.0, 985.0, 679.0]
[16.0, 0.0, 922.0, 680.0]
[0.0, 0.0, 907.0, 680.0]
[16.0, 0.0, 924.0, 681.0]
[112.0, 0.0, 1021.0, 682.0]
[112.0, 0.0, 1022.0, 682.0]
[32.0, 0.0, 943.0, 683.0]
