[176.0, 48.0, 893.0, 586.0]
[192.0, 112.0, 910.0, 650.0]
[192.0, 48.0, 911.0, 587.0]
[304.0, 80.0, 1024.0, 620.0]
[192.0, 48.0, 913.0, 589.0]
[144.0, 80.0, 866.0, 622.0]
[160.0, 64.0, 883.0, 606.0]
[80.0, 80.0, 804.0, 623.0]
[256.0, 112.0, 981.0, 656.0]
[160.0, 64.0, 886.0, 608.0]
[256.0, 128.0, 983.0, 673.0]
[240.0, 48.0, 968.0, 594.0]
[128.0, 48.0, 857.0, 595.0]
[144.0, 48.0, 874.0, 596.0]
[128.0, 48.0, 859.0, 596.0]
[112.0, 112.0, 844.0, 661.0]
[224.0, 128.0, 957.0, 678.0]
[112.0, 80.0, 846.0, 630.0]
[192.0, 64.0, 927.0, 615.0]
[80.0, 80.0, 816.0, 632.0]
[256.0, 80.0, 993.0, 633.0]
[240.0, 96.0, 978.0, 650.0]
[272.0, 64.0, 1011.0, 618.0]
[80.0, 80.0, 820.0, 635.0]
[80.0, 112.0, 821.0, 668.0]
[96.0, 96.0, 838.0, 652.0]
[144.0, 48.0, 887.0, 605.0]
[176.0, 80.0, 920.0, 638.0]
[224.0, 48.0, 969.0, 607.0]
[176.0, 112.0, 922.0, 672.0]
[208.0, 112.0, 955.0, 672.0]
[256.0, 48.0, 1004.0, 609.0]
[192.0, 48.0, 941.0, 610.0]
[128.0, 48.0, 878.0, 610.0]
[272.0, 64.0, 1023.0, 627.0]
[240.0, 32.0, 992.0, 596.0]
[192.0, 32.0, 945.0, 597.0]
[112.0, 32.0, 866.0, 598.0]
[208.0, 80.0, 963.0, 646.0]
[160.0, 64.0, 916.0, 631.0]
[208.0, 32.0, 965.0, 600.0]
[144.0, 32.0, 902.0, 600.0]
[80.0, 64.0, 839.0, 633.0]
[96.0, 48.0, 856.0, 618.0]
[144.0, 96.0, 905.0, 667.0]
[96.0, 64.0, 858.0, 636.0]
[48.0, 80.0, 811.0, 652.0]
[160.0, 80.0, 924.0, 653.0]
[208.0, 80.0, 973.0, 654.0]
[112.0, 32.0, 878.0, 606.0]
[240.0, 48.0, 1007.0, 623.0]
[176.0, 16.0, 944.0, 592.0]
[224.0, 80.0, 993.0, 657.0]
[144.0, 64.0, 914.0, 642.0]
[160.0, 96.0, 931.0, 674.0]
[240.0, 64.0, 1012.0, 643.0]
[128.0, 96.0, 901.0, 676.0]
[160.0, 16.0, 934.0, 596.0]
[240.0, 96.0, 1015.0, 677.0]
[128.0, 96.0, 904.0, 678.0]
[112.0, 48.0, 889.0, 631.0]
[208.0, 80.0, 986.0, 664.0]
[128.0, 48.0, 907.0, 632.0]
[96.0, 64.0, 876.0, 649.0]
[144.0, 48.0, 925.0, 634.0]
[128.0, 48.0, 910.0, 634.0]
[112.0, 80.0, 895.0, 667.0]
[144.0, 48.0, 928.0, 636.0]
[144.0, 64.0, 929.0, 653.0]
[112.0, 80.0, 898.0, 670.0]
[112.0, 16.0, 899.0, 606.0]
[96.0, 48.0, 884.0, 639.0]
[176.0, 80.0, 965.0, 672.0]
[96.0, 32.0, 886.0, 624.0]
[192.0, 32.0, 983.0, 625.0]
[128.0, 32.0, 920.0, 626.0]
[80.0, 64.0, 873.0, 659.0]
[192.0, 0.0, 986.0, 596.0]
[128.0, 80.0, 923.0, 676.0]
[96.0, 80.0, 892.0, 677.0]
[48.0, 64.0, 845.0, 662.0]
[192.0, 64.0, 990.0, 662.0]
[144.0, 16.0, 943.0, 615.0]
[160.0, 80.0, 960.0, 680.0]
[64.0, 32.0, 865.0, 633.0]
[96.0, 32.0, 898.0, 634.0]
[80.0, 16.0, 883.0, 618.0]
[144.0, 16.0, 948.0, 619.0]
[160.0, 32.0, 965.0, 636.0]
[112.0, 48.0, 918.0, 652.0]
[144.0, 0.0, 951.0, 605.0]
[80.0, 16.0, 888.0, 622.0]
[144.0, 32.0, 953.0, 639.0]
[176.0, 32.0, 986.0, 640.0]
[112.0, 48.0, 923.0, 656.0]
[144.0, 64.0, 956.0, 673.0]
[128.0, 64.0, 941.0, 674.0]
[128.0, 32.0, 942.0, 642.0]
[128.0, 64.0, 943.0, 675.0]
[96.0, 16.0, 912.0, 628.0]
[64.0, 32.0, 881.0, 645.0]
[32.0, 48.0, 850.0, 662.0]
[80.0, 32.0, 899.0, 646.0]
[176.0, 0.0, 996.0, 615.0]
[160.0, 32.0, 981.0, 648.0]
[96.0, 32.0, 918.0, 648.0]
[112.0, 32.0, 935.0, 649.0]
[96.0, 48.0, 920.0, 666.0]
[80.0, 16.0, 905.0, 635.0]
[96.0, 32.0, 922.0, 652.0]
[160.0, 48.0, 987.0, 668.0]
[96.0, 48.0, 924.0, 669.0]
[144.0, 16.0, 973.0, 638.0]
[144.0, 32.0, 974.0, 654.0]
[144.0, 0.0, 975.0, 623.0]
[176.0, 48.0, 1008.0, 672.0]
[48.0, 16.0, 881.0, 641.0]
[64.0, 32.0, 898.0, 658.0]
[128.0, 16.0, 963.0, 642.0]
[176.0, 0.0, 1012.0, 627.0]
[144.0, 16.0, 981.0, 644.0]
[80.0, 0.0, 918.0, 628.0]
[160.0, 48.0, 999.0, 677.0]
[32.0, 48.0, 872.0, 678.0]
[128.0, 32.0, 969.0, 663.0]
[64.0, 32.0, 906.0, 664.0]
[128.0, 0.0, 971.0, 632.0]
[32.0, 32.0, 876.0, 665.0]
[80.0, 16.0, 925.0, 650.0]
[80.0, 32.0, 926.0, 666.0]
[112.0, 32.0, 959.0, 667.0]
[96.0, 32.0, 944.0, 668.0]
[80.0, 0.0, 929.0, 637.0]
[48.0, 32.0, 898.0, 670.0]
[144.0, 16.0, 995.0, 654.0]
[64.0, 0.0, 916.0, 639.0]
[112.0, 32.0, 965.0, 672.0]
[64.0, 16.0, 918.0, 656.0]
[80.0, 16.0, 935.0, 657.0]
[48.0, 0.0, 904.0, 642.0]
[160.0, 0.0, 1017.0, 643.0]
[144.0, 16.0, 1002.0, 660.0]
[160.0, 32.0, 1019.0, 676.0]
[32.0, 16.0, 892.0, 661.0]
[144.0, 0.0, 1005.0, 646.0]
[48.0, 16.0, 910.0, 662.0]
[128.0, 32.0, 991.0, 679.0]
[128.0, 0.0, 992.0, 648.0]
[64.0, 16.0, 929.0, 665.0]
[128.0, 16.0, 994.0, 666.0]
[144.0, 16.0, 1011.0, 666.0]
[48.0, 16.0, 916.0, 667.0]
[80.0, 16.0, 949.0, 668.0]
[80.0, 16.0, 950.0, 668.0]
[32.0, 0.0, 903.0, 653.0]
[48.0, 0.0, 920.0, 654.0]
[144.0, 0.0, 1017.0, 655.0]
[96.0, 16.0, 970.0, 672.0]
[32.0, 0.0, 907.0, 656.0]
[80.0, 16.0, 956.0, 673.0]
[64.0, 16.0, 941.0, 674.0]
[48.0, 16.0, 926.0, 674.0]
[144.0, 16.0, 1023.0, 675.0]
[48.0, 0.0, 928.0, 660.0]
[80.0, 0.0, 961.0, 661.0]
[80.0, 0.0, 962.0, 662.0]
[128.0, 16.0, 1011.0, 678.0]
[112.0, 16.0, 996.0, 679.0]
[80.0, 0.0, 965.0, 664.0]
[96.0, 16.0, 982.0, 680.0]
[48.0, 0.0, 935.0, 665.0]
[64.0, 0.0, 952.0, 666.0]
[96.0, 0.0, 985.0, 667.0]
[112.0, 0.0, 1002.0, 668.0]
[112.0, 0.0, 1003.0, 668.0]
[48.0, 0.0, 940.0, 669.0]
[112.0, 0.0, 1005.0, 670.0]
[48.0, 0.0, 942.0, 670.0]
[48.0, 0.0, 943.0, 671.0]
[112.0, 0.0, 1008.0, 672.0]
[96.0, 0.0, 993.0, 673.0]
[32.0, 0.0, 930.0, 674.0]
[32.0, 0.0, 931.0, 674.0]
[48.0, 0.0, 948.0, 675.0]
[48.0, 0.0, 949.0, 676.0]
[80.0, 0.0, 982.0, 676.0]
[64.0, 0.0, 967.0, 677.0]
[112.0, 0.0, 1016.0, 678.0]
[112.0, 0.0, 1017.0, 679.0]
[80.0, 0.0, 986.0, 680.0]
[96.0, 0.0, 1003.0, 680.0]
[80.0, 0.0, 988.0, 681.0]
