[272.0, 0.0, 989.0, 538.0]
[256.0, 48.0, 974.0, 586.0]
[272.0, 16.0, 991.0, 555.0]
[192.0, 32.0, 912.0, 572.0]
[224.0, 16.0, 945.0, 557.0]
[224.0, 48.0, 946.0, 590.0]
[176.0, 32.0, 899.0, 574.0]
[240.0, 48.0, 964.0, 591.0]
[256.0, 48.0, 981.0, 592.0]
[192.0, 16.0, 918.0, 560.0]
[208.0, 0.0, 935.0, 545.0]
[288.0, 0.0, 1016.0, 546.0]
[240.0, 48.0, 969.0, 595.0]
[192.0, 0.0, 922.0, 548.0]
[240.0, 0.0, 971.0, 548.0]
[256.0, 32.0, 988.0, 581.0]
[208.0, 16.0, 941.0, 566.0]
[240.0, 32.0, 974.0, 582.0]
[256.0, 0.0, 991.0, 551.0]
[272.0, 16.0, 1008.0, 568.0]
[208.0, 32.0, 945.0, 585.0]
[176.0, 16.0, 914.0, 570.0]
[208.0, 48.0, 947.0, 602.0]
[192.0, 16.0, 932.0, 571.0]
[208.0, 48.0, 949.0, 604.0]
[224.0, 0.0, 966.0, 556.0]
[272.0, 16.0, 1015.0, 573.0]
[224.0, 0.0, 968.0, 558.0]
[272.0, 32.0, 1017.0, 591.0]
[224.0, 0.0, 970.0, 560.0]
[224.0, 16.0, 971.0, 576.0]
[192.0, 16.0, 940.0, 577.0]
[176.0, 16.0, 925.0, 578.0]
[240.0, 16.0, 990.0, 578.0]
[192.0, 0.0, 943.0, 563.0]
[256.0, 0.0, 1008.0, 564.0]
[176.0, 32.0, 929.0, 597.0]
[224.0, 0.0, 978.0, 566.0]
[240.0, 32.0, 995.0, 598.0]
[240.0, 48.0, 996.0, 615.0]
[176.0, 16.0, 933.0, 584.0]
[256.0, 0.0, 1014.0, 568.0]
[224.0, 16.0, 983.0, 585.0]
[224.0, 16.0, 984.0, 586.0]
[176.0, 0.0, 937.0, 571.0]
[192.0, 0.0, 954.0, 572.0]
[208.0, 32.0, 971.0, 604.0]
[240.0, 0.0, 1004.0, 573.0]
[256.0, 32.0, 1021.0, 606.0]
[208.0, 48.0, 974.0, 622.0]
[256.0, 0.0, 1023.0, 575.0]
[176.0, 16.0, 944.0, 592.0]
[208.0, 32.0, 977.0, 609.0]
[224.0, 0.0, 994.0, 578.0]
[224.0, 48.0, 995.0, 626.0]
[224.0, 32.0, 996.0, 611.0]
[208.0, 0.0, 981.0, 580.0]
[208.0, 16.0, 982.0, 596.0]
[192.0, 32.0, 967.0, 613.0]
[192.0, 32.0, 968.0, 614.0]
[240.0, 32.0, 1017.0, 615.0]
[192.0, 0.0, 970.0, 584.0]
[208.0, 32.0, 987.0, 616.0]
[192.0, 0.0, 972.0, 585.0]
[176.0, 32.0, 957.0, 618.0]
[192.0, 16.0, 974.0, 602.0]
[224.0, 32.0, 1007.0, 619.0]
[192.0, 0.0, 976.0, 588.0]
[176.0, 32.0, 961.0, 621.0]
[192.0, 16.0, 978.0, 606.0]
[176.0, 16.0, 963.0, 606.0]
[192.0, 16.0, 980.0, 607.0]
[176.0, 16.0, 965.0, 608.0]
[208.0, 0.0, 998.0, 592.0]
[224.0, 16.0, 1015.0, 609.0]
[192.0, 16.0, 984.0, 610.0]
[224.0, 0.0, 1017.0, 595.0]
[192.0, 0.0, 986.0, 596.0]
[192.0, 32.0, 987.0, 628.0]
[192.0, 32.0, 988.0, 629.0]
[208.0, 32.0, 1005.0, 630.0]
[176.0, 32.0, 974.0, 630.0]
[176.0, 0.0, 975.0, 599.0]
[192.0, 16.0, 992.0, 616.0]
[176.0, 16.0, 977.0, 617.0]
[176.0, 32.0, 978.0, 634.0]
[192.0, 32.0, 995.0, 634.0]
[192.0, 0.0, 996.0, 603.0]
[176.0, 16.0, 981.0, 620.0]
[208.0, 16.0, 1014.0, 620.0]
[176.0, 32.0, 983.0, 637.0]
[176.0, 16.0, 984.0, 622.0]
[208.0, 16.0, 1017.0, 623.0]
[208.0, 0.0, 1018.0, 608.0]
[208.0, 0.0, 1019.0, 608.0]
[176.0, 16.0, 988.0, 625.0]
