[272.0, 0.0, 989.0, 538.0]
[208.0, 0.0, 926.0, 538.0]
[64.0, 0.0, 783.0, 539.0]
[64.0, 16.0, 784.0, 556.0]
[256.0, 32.0, 977.0, 573.0]
[64.0, 32.0, 786.0, 574.0]
[176.0, 16.0, 899.0, 558.0]
[80.0, 32.0, 804.0, 575.0]
[32.0, 0.0, 757.0, 544.0]
[160.0, 32.0, 886.0, 576.0]
[48.0, 0.0, 775.0, 545.0]
[112.0, 16.0, 840.0, 562.0]
[112.0, 16.0, 841.0, 563.0]
[256.0, 16.0, 986.0, 564.0]
[96.0, 0.0, 827.0, 548.0]
[176.0, 32.0, 908.0, 581.0]
[208.0, 16.0, 941.0, 566.0]
[192.0, 48.0, 926.0, 598.0]
[176.0, 48.0, 911.0, 599.0]
[176.0, 16.0, 912.0, 568.0]
[192.0, 48.0, 929.0, 601.0]
[176.0, 0.0, 914.0, 554.0]
[48.0, 48.0, 787.0, 602.0]
[96.0, 48.0, 836.0, 603.0]
[160.0, 48.0, 901.0, 604.0]
[64.0, 32.0, 806.0, 588.0]
[192.0, 16.0, 935.0, 573.0]
[128.0, 32.0, 872.0, 590.0]
[144.0, 32.0, 889.0, 591.0]
[208.0, 48.0, 954.0, 608.0]
[192.0, 16.0, 939.0, 576.0]
[192.0, 16.0, 940.0, 577.0]
[64.0, 32.0, 813.0, 594.0]
[208.0, 32.0, 958.0, 594.0]
[208.0, 48.0, 959.0, 611.0]
[80.0, 32.0, 832.0, 596.0]
[96.0, 32.0, 849.0, 597.0]
[208.0, 32.0, 962.0, 598.0]
[80.0, 48.0, 835.0, 614.0]
[224.0, 48.0, 980.0, 615.0]
[144.0, 48.0, 901.0, 616.0]
[192.0, 48.0, 950.0, 616.0]
[128.0, 32.0, 887.0, 601.0]
[96.0, 16.0, 856.0, 586.0]
[240.0, 32.0, 1001.0, 603.0]
[80.0, 32.0, 842.0, 604.0]
[224.0, 0.0, 987.0, 572.0]
[96.0, 32.0, 860.0, 605.0]
[192.0, 0.0, 957.0, 574.0]
[96.0, 16.0, 862.0, 590.0]
[176.0, 0.0, 943.0, 575.0]
[208.0, 48.0, 976.0, 624.0]
[224.0, 0.0, 993.0, 577.0]
[160.0, 16.0, 930.0, 594.0]
[192.0, 32.0, 963.0, 610.0]
[96.0, 32.0, 868.0, 611.0]
[112.0, 0.0, 885.0, 580.0]
[128.0, 16.0, 902.0, 596.0]
[16.0, 0.0, 791.0, 581.0]
[208.0, 48.0, 984.0, 630.0]
[144.0, 32.0, 921.0, 615.0]
[208.0, 16.0, 986.0, 600.0]
[176.0, 32.0, 955.0, 616.0]
[16.0, 16.0, 796.0, 601.0]
[64.0, 32.0, 845.0, 618.0]
[16.0, 32.0, 798.0, 618.0]
[144.0, 16.0, 927.0, 603.0]
[32.0, 32.0, 816.0, 620.0]
[208.0, 16.0, 993.0, 605.0]
[96.0, 48.0, 882.0, 638.0]
[48.0, 48.0, 835.0, 638.0]
[176.0, 32.0, 964.0, 623.0]
[64.0, 0.0, 853.0, 592.0]
[128.0, 48.0, 918.0, 640.0]
[80.0, 32.0, 871.0, 625.0]
[16.0, 0.0, 808.0, 594.0]
[96.0, 16.0, 889.0, 611.0]
[128.0, 32.0, 922.0, 628.0]
[128.0, 16.0, 923.0, 612.0]
[144.0, 16.0, 940.0, 613.0]
[144.0, 32.0, 941.0, 630.0]
[160.0, 0.0, 958.0, 598.0]
[208.0, 16.0, 1007.0, 615.0]
[96.0, 0.0, 896.0, 600.0]
[144.0, 48.0, 945.0, 649.0]
[176.0, 48.0, 978.0, 650.0]
[16.0, 16.0, 819.0, 618.0]
[192.0, 0.0, 996.0, 603.0]
[112.0, 0.0, 917.0, 604.0]
[80.0, 0.0, 886.0, 604.0]
[112.0, 32.0, 919.0, 637.0]
[192.0, 16.0, 1000.0, 622.0]
[160.0, 48.0, 969.0, 655.0]
[160.0, 32.0, 970.0, 640.0]
[160.0, 32.0, 971.0, 640.0]
[176.0, 32.0, 988.0, 641.0]
[96.0, 32.0, 909.0, 642.0]
[64.0, 48.0, 878.0, 658.0]
[32.0, 32.0, 847.0, 643.0]
[144.0, 48.0, 960.0, 660.0]
[144.0, 32.0, 961.0, 645.0]
[128.0, 16.0, 946.0, 630.0]
[96.0, 16.0, 915.0, 630.0]
[64.0, 0.0, 884.0, 615.0]
[176.0, 32.0, 997.0, 648.0]
[128.0, 16.0, 950.0, 632.0]
[48.0, 32.0, 871.0, 649.0]
[48.0, 48.0, 872.0, 666.0]
[48.0, 16.0, 873.0, 635.0]
[128.0, 0.0, 954.0, 620.0]
[16.0, 0.0, 843.0, 620.0]
[16.0, 0.0, 844.0, 621.0]
[96.0, 16.0, 925.0, 638.0]
[112.0, 32.0, 942.0, 654.0]
[96.0, 0.0, 927.0, 623.0]
[32.0, 32.0, 864.0, 656.0]
[144.0, 0.0, 977.0, 625.0]
[144.0, 48.0, 978.0, 674.0]
[144.0, 48.0, 979.0, 674.0]
[80.0, 32.0, 916.0, 659.0]
[16.0, 32.0, 853.0, 660.0]
[144.0, 32.0, 982.0, 660.0]
[112.0, 48.0, 951.0, 677.0]
[144.0, 16.0, 984.0, 646.0]
[144.0, 0.0, 985.0, 631.0]
[128.0, 0.0, 970.0, 632.0]
[128.0, 16.0, 971.0, 648.0]
[48.0, 0.0, 892.0, 633.0]
[112.0, 48.0, 957.0, 682.0]
[80.0, 32.0, 926.0, 666.0]
[144.0, 32.0, 991.0, 667.0]
[96.0, 48.0, 944.0, 684.0]
[128.0, 48.0, 977.0, 685.0]
[48.0, 16.0, 898.0, 654.0]
[64.0, 16.0, 915.0, 654.0]
[112.0, 48.0, 964.0, 687.0]
[144.0, 16.0, 997.0, 656.0]
[144.0, 0.0, 998.0, 640.0]
[32.0, 0.0, 887.0, 641.0]
[112.0, 16.0, 968.0, 658.0]
[112.0, 32.0, 969.0, 675.0]
[48.0, 48.0, 906.0, 692.0]
[48.0, 0.0, 907.0, 644.0]
[48.0, 0.0, 908.0, 645.0]
[64.0, 48.0, 925.0, 694.0]
[80.0, 16.0, 942.0, 662.0]
[144.0, 0.0, 1007.0, 647.0]
[80.0, 0.0, 944.0, 648.0]
[128.0, 0.0, 993.0, 649.0]
[80.0, 0.0, 946.0, 650.0]
[128.0, 32.0, 995.0, 682.0]
[64.0, 32.0, 932.0, 683.0]
[32.0, 16.0, 901.0, 668.0]
[96.0, 48.0, 966.0, 700.0]
[112.0, 0.0, 983.0, 653.0]
[128.0, 16.0, 1000.0, 670.0]
[16.0, 0.0, 889.0, 655.0]
[96.0, 16.0, 970.0, 672.0]
[112.0, 32.0, 987.0, 688.0]
[112.0, 32.0, 988.0, 689.0]
[96.0, 16.0, 973.0, 674.0]
[32.0, 0.0, 910.0, 658.0]
[32.0, 16.0, 911.0, 675.0]
[32.0, 0.0, 912.0, 660.0]
[16.0, 0.0, 897.0, 661.0]
[64.0, 0.0, 946.0, 662.0]
[16.0, 32.0, 899.0, 694.0]
[32.0, 16.0, 916.0, 679.0]
[80.0, 32.0, 965.0, 696.0]
[48.0, 32.0, 934.0, 696.0]
[112.0, 16.0, 999.0, 681.0]
[96.0, 0.0, 984.0, 666.0]
[32.0, 32.0, 921.0, 699.0]
[32.0, 32.0, 922.0, 700.0]
[16.0, 0.0, 907.0, 668.0]
[112.0, 16.0, 1004.0, 685.0]
[112.0, 0.0, 1005.0, 670.0]
[48.0, 0.0, 942.0, 670.0]
[48.0, 32.0, 943.0, 703.0]
[48.0, 16.0, 944.0, 688.0]
[96.0, 0.0, 993.0, 673.0]
[80.0, 32.0, 978.0, 706.0]
[96.0, 0.0, 995.0, 674.0]
[48.0, 0.0, 948.0, 675.0]
[32.0, 0.0, 933.0, 676.0]
[80.0, 16.0, 982.0, 692.0]
[48.0, 16.0, 951.0, 693.0]
[80.0, 0.0, 984.0, 678.0]
[80.0, 16.0, 985.0, 695.0]
[48.0, 32.0, 954.0, 712.0]
[80.0, 32.0, 987.0, 712.0]
[32.0, 16.0, 940.0, 697.0]
[48.0, 16.0, 957.0, 698.0]
[96.0, 0.0, 1006.0, 682.0]
[80.0, 32.0, 991.0, 715.0]
[64.0, 32.0, 976.0, 716.0]
[32.0, 32.0, 945.0, 717.0]
[48.0, 0.0, 962.0, 686.0]
[32.0, 0.0, 947.0, 686.0]
[80.0, 32.0, 996.0, 719.0]
[80.0, 0.0, 997.0, 688.0]
[64.0, 0.0, 982.0, 688.0]
[80.0, 0.0, 999.0, 689.0]
[32.0, 0.0, 952.0, 690.0]
[64.0, 0.0, 985.0, 691.0]
[64.0, 16.0, 986.0, 708.0]
[32.0, 0.0, 955.0, 692.0]
[48.0, 32.0, 972.0, 725.0]
[48.0, 16.0, 973.0, 710.0]
[48.0, 16.0, 974.0, 710.0]
[32.0, 32.0, 959.0, 727.0]
[48.0, 32.0, 976.0, 728.0]
[48.0, 0.0, 977.0, 697.0]
[64.0, 0.0, 994.0, 698.0]
[32.0, 0.0, 963.0, 698.0]
[48.0, 0.0, 980.0, 699.0]
[32.0, 16.0, 965.0, 716.0]
[64.0, 32.0, 998.0, 732.0]
[32.0, 0.0, 967.0, 701.0]
[32.0, 16.0, 968.0, 718.0]
[64.0, 32.0, 1001.0, 735.0]
[32.0, 16.0, 970.0, 720.0]
[32.0, 0.0, 971.0, 704.0]
[48.0, 32.0, 988.0, 737.0]
[48.0, 0.0, 989.0, 706.0]
[32.0, 32.0, 974.0, 738.0]
[48.0, 0.0, 991.0, 707.0]
[32.0, 0.0, 976.0, 708.0]
[48.0, 32.0, 993.0, 741.0]
[48.0, 32.0, 994.0, 742.0]
[32.0, 16.0, 979.0, 726.0]
[32.0, 16.0, 980.0, 727.0]
[32.0, 16.0, 981.0, 728.0]
[48.0, 16.0, 998.0, 728.0]
[32.0, 0.0, 983.0, 713.0]
[48.0, 0.0, 1000.0, 714.0]
[32.0, 16.0, 985.0, 731.0]
[32.0, 0.0, 986.0, 716.0]
[32.0, 32.0, 987.0, 748.0]
[32.0, 0.0, 988.0, 717.0]
[32.0, 32.0, 989.0, 750.0]
