[112.0, 80.0, 727.0, 900.0]
[192.0, 96.0, 808.0, 917.0]
[192.0, 144.0, 808.0, 966.0]
[64.0, 128.0, 681.0, 951.0]
[160.0, 48.0, 778.0, 872.0]
[160.0, 48.0, 779.0, 873.0]
[176.0, 144.0, 796.0, 970.0]
[176.0, 48.0, 796.0, 875.0]
[112.0, 48.0, 733.0, 876.0]
[144.0, 48.0, 766.0, 877.0]
[176.0, 96.0, 798.0, 926.0]
[80.0, 112.0, 703.0, 943.0]
[160.0, 112.0, 784.0, 944.0]
[128.0, 144.0, 753.0, 977.0]
[96.0, 80.0, 722.0, 914.0]
[128.0, 128.0, 754.0, 963.0]
[176.0, 96.0, 803.0, 932.0]
[144.0, 160.0, 772.0, 997.0]
[48.0, 64.0, 676.0, 902.0]
[144.0, 96.0, 773.0, 935.0]
[160.0, 48.0, 790.0, 888.0]
[80.0, 64.0, 711.0, 905.0]
[64.0, 112.0, 696.0, 954.0]
[112.0, 128.0, 744.0, 971.0]
[192.0, 112.0, 825.0, 956.0]
[160.0, 16.0, 794.0, 861.0]
[64.0, 96.0, 698.0, 942.0]
[64.0, 144.0, 699.0, 991.0]
[128.0, 16.0, 764.0, 864.0]
[144.0, 32.0, 781.0, 881.0]
[32.0, 96.0, 670.0, 946.0]
[112.0, 160.0, 750.0, 1011.0]
[16.0, 80.0, 655.0, 932.0]
[96.0, 160.0, 736.0, 1013.0]
[64.0, 96.0, 704.0, 950.0]
[144.0, 128.0, 785.0, 983.0]
[128.0, 144.0, 770.0, 1000.0]
[48.0, 144.0, 691.0, 1001.0]
[96.0, 32.0, 740.0, 890.0]
[16.0, 64.0, 660.0, 923.0]
[48.0, 48.0, 693.0, 908.0]
[64.0, 80.0, 710.0, 941.0]
[16.0, 64.0, 662.0, 926.0]
[112.0, 128.0, 759.0, 991.0]
[192.0, 80.0, 840.0, 944.0]
[96.0, 128.0, 745.0, 993.0]
[128.0, 128.0, 778.0, 994.0]
[32.0, 112.0, 682.0, 979.0]
[32.0, 112.0, 683.0, 980.0]
[128.0, 64.0, 780.0, 933.0]
[144.0, 32.0, 796.0, 902.0]
[112.0, 48.0, 765.0, 919.0]
[144.0, 112.0, 798.0, 984.0]
[48.0, 16.0, 703.0, 889.0]
[32.0, 112.0, 688.0, 986.0]
[176.0, 128.0, 832.0, 1003.0]
[160.0, 0.0, 817.0, 876.0]
[32.0, 48.0, 690.0, 925.0]
[112.0, 64.0, 770.0, 942.0]
[112.0, 96.0, 771.0, 975.0]
[176.0, 16.0, 836.0, 896.0]
[48.0, 48.0, 709.0, 929.0]
[128.0, 96.0, 790.0, 978.0]
[144.0, 96.0, 806.0, 979.0]
[64.0, 16.0, 727.0, 900.0]
[80.0, 128.0, 744.0, 1013.0]
[80.0, 16.0, 744.0, 902.0]
[144.0, 64.0, 809.0, 951.0]
[160.0, 16.0, 826.0, 904.0]
[32.0, 48.0, 699.0, 937.0]
[128.0, 0.0, 796.0, 890.0]
[64.0, 64.0, 732.0, 955.0]
[96.0, 96.0, 765.0, 988.0]
[0.0, 48.0, 670.0, 941.0]
[128.0, 64.0, 798.0, 958.0]
[80.0, 16.0, 751.0, 911.0]
[128.0, 32.0, 800.0, 928.0]
[32.0, 112.0, 705.0, 1009.0]
[0.0, 112.0, 674.0, 1010.0]
[16.0, 96.0, 690.0, 995.0]
[144.0, 32.0, 819.0, 932.0]
[16.0, 64.0, 692.0, 965.0]
[176.0, 80.0, 852.0, 982.0]
[64.0, 64.0, 741.0, 967.0]
[112.0, 32.0, 790.0, 936.0]
[112.0, 80.0, 791.0, 985.0]
[176.0, 48.0, 856.0, 954.0]
[32.0, 0.0, 712.0, 907.0]
[32.0, 112.0, 713.0, 1020.0]
[32.0, 80.0, 714.0, 989.0]
[112.0, 16.0, 794.0, 926.0]
[48.0, 80.0, 731.0, 991.0]
[128.0, 64.0, 812.0, 976.0]
[96.0, 96.0, 781.0, 1009.0]
[80.0, 80.0, 766.0, 994.0]
[64.0, 16.0, 750.0, 931.0]
[144.0, 0.0, 831.0, 916.0]
[32.0, 80.0, 720.0, 997.0]
[160.0, 16.0, 848.0, 934.0]
[176.0, 32.0, 865.0, 951.0]
[64.0, 48.0, 754.0, 968.0]
[16.0, 0.0, 707.0, 921.0]
[32.0, 80.0, 724.0, 1002.0]
[16.0, 32.0, 708.0, 955.0]
[48.0, 80.0, 741.0, 1004.0]
[192.0, 64.0, 886.0, 989.0]
[192.0, 64.0, 886.0, 990.0]
[112.0, 80.0, 807.0, 1007.0]
[0.0, 96.0, 696.0, 1024.0]
[80.0, 64.0, 777.0, 993.0]
[128.0, 80.0, 826.0, 1010.0]
[128.0, 64.0, 826.0, 995.0]
[48.0, 80.0, 747.0, 1012.0]
[48.0, 16.0, 748.0, 949.0]
[48.0, 64.0, 748.0, 998.0]
[160.0, 32.0, 861.0, 967.0]
[0.0, 64.0, 702.0, 1000.0]
[16.0, 16.0, 719.0, 953.0]
[16.0, 0.0, 720.0, 938.0]
[48.0, 0.0, 752.0, 939.0]
[160.0, 80.0, 865.0, 1020.0]
[112.0, 48.0, 818.0, 989.0]
[112.0, 0.0, 818.0, 942.0]
[160.0, 64.0, 867.0, 1007.0]
[80.0, 64.0, 788.0, 1008.0]
[128.0, 32.0, 837.0, 977.0]
[192.0, 48.0, 902.0, 994.0]
[0.0, 32.0, 710.0, 979.0]
[112.0, 0.0, 823.0, 948.0]
[176.0, 32.0, 888.0, 981.0]
[16.0, 0.0, 728.0, 950.0]
[48.0, 64.0, 761.0, 1015.0]
[144.0, 0.0, 858.0, 952.0]
[16.0, 0.0, 731.0, 953.0]
[112.0, 64.0, 828.0, 1018.0]
[64.0, 32.0, 780.0, 987.0]
[96.0, 64.0, 813.0, 1020.0]
[128.0, 48.0, 846.0, 1005.0]
[32.0, 48.0, 750.0, 1006.0]
[48.0, 48.0, 767.0, 1007.0]
[128.0, 32.0, 848.0, 992.0]
[112.0, 0.0, 833.0, 961.0]
[112.0, 0.0, 834.0, 962.0]
[80.0, 48.0, 802.0, 1011.0]
[64.0, 16.0, 787.0, 980.0]
[64.0, 0.0, 788.0, 965.0]
[64.0, 32.0, 788.0, 998.0]
[144.0, 0.0, 869.0, 967.0]
[32.0, 16.0, 758.0, 984.0]
[64.0, 16.0, 791.0, 985.0]
[64.0, 32.0, 792.0, 1002.0]
[64.0, 0.0, 792.0, 971.0]
[144.0, 16.0, 873.0, 988.0]
[64.0, 0.0, 794.0, 973.0]
[80.0, 48.0, 810.0, 1022.0]
[176.0, 32.0, 907.0, 1007.0]
[176.0, 0.0, 908.0, 976.0]
[80.0, 16.0, 813.0, 993.0]
[160.0, 16.0, 894.0, 994.0]
[32.0, 0.0, 766.0, 979.0]
[80.0, 16.0, 815.0, 996.0]
[16.0, 0.0, 752.0, 981.0]
[96.0, 0.0, 832.0, 982.0]
[48.0, 32.0, 785.0, 1015.0]
[80.0, 0.0, 818.0, 984.0]
[32.0, 32.0, 771.0, 1017.0]
[32.0, 0.0, 772.0, 986.0]
[48.0, 0.0, 788.0, 987.0]
[32.0, 0.0, 773.0, 988.0]
[128.0, 32.0, 870.0, 1021.0]
[16.0, 32.0, 758.0, 1022.0]
[80.0, 16.0, 823.0, 1007.0]
[112.0, 32.0, 856.0, 1024.0]
[96.0, 16.0, 841.0, 1009.0]
[64.0, 0.0, 810.0, 994.0]
[80.0, 16.0, 826.0, 1011.0]
[64.0, 0.0, 811.0, 996.0]
[128.0, 16.0, 876.0, 1013.0]
[80.0, 0.0, 828.0, 998.0]
[112.0, 0.0, 861.0, 999.0]
[80.0, 16.0, 830.0, 1016.0]
[144.0, 16.0, 895.0, 1017.0]
[0.0, 0.0, 752.0, 1002.0]
[32.0, 0.0, 784.0, 1003.0]
[128.0, 16.0, 881.0, 1020.0]
[0.0, 0.0, 754.0, 1005.0]
[64.0, 16.0, 818.0, 1022.0]
[112.0, 0.0, 867.0, 1007.0]
[80.0, 16.0, 836.0, 1024.0]
[80.0, 0.0, 837.0, 1009.0]
[80.0, 0.0, 838.0, 1010.0]
[48.0, 0.0, 806.0, 1011.0]
[128.0, 0.0, 887.0, 1012.0]
[80.0, 0.0, 840.0, 1013.0]
[48.0, 0.0, 808.0, 1014.0]
[64.0, 0.0, 825.0, 1015.0]
[112.0, 0.0, 874.0, 1016.0]
[32.0, 0.0, 795.0, 1017.0]
[128.0, 0.0, 892.0, 1018.0]
[48.0, 0.0, 812.0, 1019.0]
[112.0, 0.0, 877.0, 1020.0]
[16.0, 0.0, 782.0, 1021.0]
[80.0, 0.0, 846.0, 1022.0]
[32.0, 0.0, 799.0, 1023.0]
[32.0, 0.0, 800.0, 1024.0]
