[240.0, 0.0, 957.0, 538.0]
[128.0, 16.0, 846.0, 554.0]
[144.0, 16.0, 863.0, 555.0]
[192.0, 0.0, 912.0, 540.0]
[288.0, 0.0, 1009.0, 541.0]
[256.0, 32.0, 978.0, 574.0]
[240.0, 16.0, 963.0, 558.0]
[80.0, 16.0, 804.0, 559.0]
[208.0, 32.0, 933.0, 576.0]
[272.0, 32.0, 998.0, 576.0]
[192.0, 16.0, 919.0, 561.0]
[144.0, 0.0, 872.0, 546.0]
[160.0, 0.0, 889.0, 547.0]
[112.0, 0.0, 842.0, 548.0]
[256.0, 0.0, 987.0, 548.0]
[128.0, 0.0, 860.0, 549.0]
[80.0, 0.0, 813.0, 550.0]
[288.0, 0.0, 1022.0, 550.0]
[80.0, 16.0, 815.0, 567.0]
[128.0, 0.0, 864.0, 552.0]
[208.0, 16.0, 945.0, 569.0]
[224.0, 16.0, 962.0, 570.0]
[144.0, 0.0, 883.0, 554.0]
[128.0, 0.0, 868.0, 555.0]
[80.0, 16.0, 821.0, 572.0]
[224.0, 16.0, 966.0, 572.0]
[208.0, 16.0, 951.0, 573.0]
[192.0, 0.0, 936.0, 558.0]
[160.0, 0.0, 905.0, 559.0]
[240.0, 0.0, 986.0, 560.0]
[272.0, 0.0, 1019.0, 560.0]
[256.0, 0.0, 1004.0, 561.0]
[160.0, 0.0, 909.0, 562.0]
[256.0, 0.0, 1006.0, 562.0]
[272.0, 0.0, 1023.0, 563.0]
[224.0, 0.0, 976.0, 564.0]
[112.0, 0.0, 865.0, 565.0]
[224.0, 0.0, 978.0, 566.0]
[192.0, 0.0, 947.0, 566.0]
[176.0, 0.0, 932.0, 567.0]
[128.0, 0.0, 885.0, 568.0]
[80.0, 0.0, 838.0, 568.0]
[208.0, 0.0, 967.0, 569.0]
[224.0, 0.0, 984.0, 570.0]
[80.0, 0.0, 841.0, 571.0]
[176.0, 0.0, 938.0, 572.0]
[80.0, 0.0, 843.0, 572.0]
[80.0, 0.0, 844.0, 573.0]
[144.0, 0.0, 909.0, 574.0]
[224.0, 0.0, 990.0, 574.0]
[96.0, 0.0, 863.0, 575.0]
[144.0, 0.0, 912.0, 576.0]
