[208.0, 48.0, 925.0, 586.0]
[112.0, 64.0, 830.0, 602.0]
[144.0, 64.0, 863.0, 603.0]
[48.0, 64.0, 768.0, 604.0]
[128.0, 32.0, 849.0, 573.0]
[192.0, 64.0, 914.0, 606.0]
[224.0, 48.0, 947.0, 590.0]
[32.0, 64.0, 756.0, 607.0]
[272.0, 48.0, 997.0, 592.0]
[128.0, 32.0, 854.0, 576.0]
[208.0, 48.0, 935.0, 593.0]
[128.0, 48.0, 856.0, 594.0]
[96.0, 32.0, 825.0, 579.0]
[224.0, 16.0, 954.0, 564.0]
[144.0, 48.0, 875.0, 596.0]
[96.0, 48.0, 828.0, 597.0]
[192.0, 64.0, 925.0, 614.0]
[112.0, 64.0, 846.0, 614.0]
[96.0, 48.0, 831.0, 599.0]
[256.0, 32.0, 992.0, 584.0]
[128.0, 48.0, 865.0, 601.0]
[32.0, 32.0, 770.0, 586.0]
[144.0, 64.0, 883.0, 618.0]
[160.0, 16.0, 900.0, 571.0]
[32.0, 64.0, 773.0, 620.0]
[112.0, 48.0, 854.0, 604.0]
[176.0, 32.0, 919.0, 589.0]
[224.0, 48.0, 968.0, 606.0]
[208.0, 48.0, 953.0, 607.0]
[144.0, 48.0, 890.0, 608.0]
[112.0, 64.0, 859.0, 624.0]
[224.0, 32.0, 972.0, 593.0]
[112.0, 64.0, 861.0, 626.0]
[160.0, 32.0, 910.0, 594.0]
[0.0, 32.0, 751.0, 595.0]
[48.0, 48.0, 800.0, 612.0]
[64.0, 0.0, 817.0, 565.0]
[224.0, 16.0, 978.0, 582.0]
[256.0, 32.0, 1011.0, 598.0]
[176.0, 0.0, 932.0, 567.0]
[176.0, 0.0, 933.0, 568.0]
[96.0, 32.0, 854.0, 600.0]
[96.0, 32.0, 855.0, 601.0]
[224.0, 32.0, 984.0, 602.0]
[208.0, 32.0, 969.0, 603.0]
[144.0, 64.0, 906.0, 636.0]
[32.0, 16.0, 795.0, 588.0]
[240.0, 32.0, 1004.0, 605.0]
[192.0, 32.0, 957.0, 606.0]
[224.0, 48.0, 990.0, 622.0]
[48.0, 16.0, 815.0, 591.0]
[96.0, 48.0, 864.0, 624.0]
[224.0, 32.0, 993.0, 609.0]
[96.0, 0.0, 866.0, 578.0]
[192.0, 32.0, 963.0, 610.0]
[160.0, 32.0, 932.0, 611.0]
[208.0, 32.0, 981.0, 612.0]
[128.0, 32.0, 902.0, 612.0]
[16.0, 0.0, 791.0, 581.0]
[64.0, 32.0, 840.0, 614.0]
[144.0, 0.0, 921.0, 583.0]
[144.0, 48.0, 922.0, 632.0]
[240.0, 48.0, 1019.0, 632.0]
[16.0, 0.0, 796.0, 585.0]
[176.0, 32.0, 957.0, 618.0]
[224.0, 16.0, 1006.0, 602.0]
[224.0, 32.0, 1007.0, 619.0]
[0.0, 0.0, 784.0, 588.0]
[16.0, 48.0, 801.0, 637.0]
[64.0, 64.0, 850.0, 654.0]
[48.0, 48.0, 835.0, 638.0]
[0.0, 0.0, 788.0, 591.0]
[144.0, 32.0, 933.0, 624.0]
[32.0, 32.0, 822.0, 624.0]
[128.0, 0.0, 919.0, 593.0]
[64.0, 32.0, 856.0, 626.0]
[96.0, 48.0, 889.0, 643.0]
[112.0, 48.0, 906.0, 644.0]
[112.0, 32.0, 907.0, 628.0]
[96.0, 64.0, 892.0, 661.0]
[128.0, 48.0, 925.0, 646.0]
[80.0, 32.0, 878.0, 630.0]
[80.0, 0.0, 879.0, 599.0]
[48.0, 32.0, 848.0, 632.0]
[96.0, 64.0, 897.0, 665.0]
[112.0, 64.0, 914.0, 666.0]
[144.0, 64.0, 947.0, 666.0]
[112.0, 64.0, 916.0, 667.0]
[112.0, 0.0, 917.0, 604.0]
[0.0, 48.0, 806.0, 652.0]
[0.0, 0.0, 807.0, 605.0]
[208.0, 48.0, 1016.0, 654.0]
[32.0, 64.0, 841.0, 671.0]
[16.0, 48.0, 826.0, 656.0]
[96.0, 48.0, 907.0, 656.0]
[208.0, 32.0, 1020.0, 641.0]
[80.0, 32.0, 893.0, 642.0]
[48.0, 64.0, 862.0, 674.0]
[48.0, 48.0, 863.0, 659.0]
[192.0, 0.0, 1008.0, 612.0]
[16.0, 0.0, 833.0, 613.0]
[128.0, 64.0, 946.0, 678.0]
[192.0, 32.0, 1011.0, 646.0]
[0.0, 0.0, 820.0, 615.0]
[32.0, 0.0, 853.0, 616.0]
[48.0, 0.0, 870.0, 616.0]
[0.0, 48.0, 823.0, 665.0]
[192.0, 32.0, 1016.0, 650.0]
[160.0, 64.0, 985.0, 683.0]
[64.0, 64.0, 890.0, 684.0]
[16.0, 48.0, 843.0, 668.0]
[160.0, 48.0, 988.0, 669.0]
[176.0, 48.0, 1005.0, 670.0]
[64.0, 64.0, 894.0, 686.0]
[128.0, 0.0, 959.0, 623.0]
[96.0, 0.0, 928.0, 624.0]
[176.0, 0.0, 1009.0, 625.0]
[80.0, 0.0, 914.0, 626.0]
[144.0, 0.0, 979.0, 626.0]
[144.0, 0.0, 980.0, 627.0]
[144.0, 0.0, 981.0, 628.0]
[176.0, 16.0, 1014.0, 644.0]
[48.0, 48.0, 887.0, 677.0]
[16.0, 32.0, 856.0, 662.0]
[0.0, 16.0, 841.0, 647.0]
[160.0, 32.0, 1002.0, 664.0]
[128.0, 32.0, 971.0, 664.0]
[32.0, 32.0, 876.0, 665.0]
[32.0, 0.0, 877.0, 634.0]
[32.0, 0.0, 878.0, 634.0]
[176.0, 48.0, 1023.0, 683.0]
[160.0, 16.0, 1008.0, 652.0]
[112.0, 16.0, 961.0, 653.0]
[0.0, 48.0, 850.0, 686.0]
[96.0, 0.0, 947.0, 638.0]
[0.0, 48.0, 852.0, 687.0]
[80.0, 0.0, 933.0, 640.0]
[112.0, 16.0, 966.0, 656.0]
[96.0, 0.0, 951.0, 641.0]
[16.0, 0.0, 872.0, 642.0]
[144.0, 0.0, 1001.0, 643.0]
[48.0, 16.0, 906.0, 660.0]
[144.0, 0.0, 1003.0, 644.0]
[160.0, 16.0, 1020.0, 661.0]
[144.0, 0.0, 1005.0, 646.0]
[0.0, 32.0, 862.0, 678.0]
[64.0, 32.0, 927.0, 679.0]
[128.0, 32.0, 992.0, 680.0]
[48.0, 16.0, 913.0, 665.0]
[16.0, 16.0, 882.0, 666.0]
[128.0, 32.0, 995.0, 682.0]
[96.0, 32.0, 964.0, 683.0]
[80.0, 32.0, 949.0, 684.0]
[112.0, 32.0, 982.0, 684.0]
[96.0, 0.0, 967.0, 653.0]
[64.0, 16.0, 936.0, 670.0]
[144.0, 32.0, 1017.0, 687.0]
[0.0, 0.0, 874.0, 656.0]
[144.0, 0.0, 1019.0, 656.0]
[80.0, 0.0, 956.0, 657.0]
[32.0, 16.0, 909.0, 674.0]
[48.0, 0.0, 926.0, 658.0]
[48.0, 16.0, 927.0, 675.0]
[0.0, 0.0, 880.0, 660.0]
[64.0, 0.0, 945.0, 661.0]
[0.0, 0.0, 882.0, 662.0]
[32.0, 16.0, 915.0, 678.0]
[48.0, 0.0, 932.0, 663.0]
[96.0, 0.0, 981.0, 664.0]
[112.0, 16.0, 998.0, 680.0]
[96.0, 0.0, 983.0, 665.0]
[32.0, 16.0, 920.0, 682.0]
[0.0, 16.0, 889.0, 683.0]
[64.0, 16.0, 954.0, 684.0]
[16.0, 0.0, 907.0, 668.0]
[112.0, 0.0, 1004.0, 669.0]
[128.0, 0.0, 1021.0, 670.0]
[80.0, 0.0, 974.0, 670.0]
[32.0, 0.0, 927.0, 671.0]
[96.0, 0.0, 992.0, 672.0]
[32.0, 0.0, 929.0, 673.0]
[32.0, 0.0, 930.0, 674.0]
[80.0, 0.0, 979.0, 674.0]
[64.0, 0.0, 964.0, 675.0]
[64.0, 0.0, 965.0, 676.0]
[96.0, 0.0, 998.0, 676.0]
[0.0, 0.0, 903.0, 677.0]
[80.0, 0.0, 984.0, 678.0]
[96.0, 0.0, 1001.0, 679.0]
[16.0, 0.0, 922.0, 680.0]
[0.0, 0.0, 907.0, 680.0]
[48.0, 0.0, 956.0, 681.0]
[80.0, 0.0, 989.0, 682.0]
[48.0, 0.0, 958.0, 682.0]
[0.0, 0.0, 911.0, 683.0]
[80.0, 0.0, 992.0, 684.0]
[48.0, 0.0, 961.0, 685.0]
[16.0, 0.0, 930.0, 686.0]
[64.0, 0.0, 979.0, 686.0]
[32.0, 0.0, 948.0, 687.0]
