[48.0, 32.0, 789.0, 588.0]
[48.0, 80.0, 790.0, 636.0]
[224.0, 96.0, 967.0, 653.0]
[64.0, 32.0, 808.0, 590.0]
[48.0, 64.0, 793.0, 623.0]
[144.0, 64.0, 890.0, 624.0]
[224.0, 64.0, 971.0, 624.0]
[128.0, 80.0, 876.0, 641.0]
[160.0, 96.0, 909.0, 658.0]
[128.0, 80.0, 878.0, 642.0]
[80.0, 80.0, 831.0, 643.0]
[48.0, 32.0, 800.0, 596.0]
[96.0, 80.0, 849.0, 645.0]
[48.0, 96.0, 802.0, 662.0]
[160.0, 32.0, 915.0, 598.0]
[80.0, 16.0, 836.0, 583.0]
[176.0, 48.0, 933.0, 616.0]
[208.0, 32.0, 966.0, 600.0]
[128.0, 80.0, 887.0, 649.0]
[240.0, 80.0, 1000.0, 650.0]
[208.0, 64.0, 969.0, 635.0]
[48.0, 64.0, 810.0, 636.0]
[160.0, 16.0, 923.0, 588.0]
[192.0, 96.0, 956.0, 669.0]
[96.0, 96.0, 861.0, 670.0]
[160.0, 16.0, 926.0, 590.0]
[64.0, 96.0, 831.0, 671.0]
[96.0, 64.0, 864.0, 640.0]
[80.0, 16.0, 849.0, 593.0]
[112.0, 16.0, 882.0, 594.0]
[96.0, 80.0, 867.0, 658.0]
[48.0, 32.0, 820.0, 611.0]
[32.0, 32.0, 805.0, 612.0]
[16.0, 32.0, 790.0, 612.0]
[64.0, 64.0, 839.0, 645.0]
[224.0, 32.0, 1000.0, 614.0]
[224.0, 16.0, 1001.0, 599.0]
[160.0, 80.0, 938.0, 664.0]
[160.0, 32.0, 939.0, 616.0]
[160.0, 32.0, 940.0, 617.0]
[176.0, 0.0, 957.0, 586.0]
[176.0, 32.0, 958.0, 618.0]
[224.0, 80.0, 1007.0, 667.0]
[176.0, 80.0, 960.0, 668.0]
[208.0, 48.0, 993.0, 637.0]
[176.0, 16.0, 962.0, 606.0]
[208.0, 32.0, 995.0, 622.0]
[144.0, 16.0, 932.0, 607.0]
[96.0, 80.0, 885.0, 672.0]
[80.0, 48.0, 870.0, 640.0]
[112.0, 16.0, 903.0, 609.0]
[128.0, 80.0, 920.0, 674.0]
[144.0, 32.0, 937.0, 627.0]
[176.0, 64.0, 970.0, 660.0]
[0.0, 64.0, 795.0, 660.0]
[128.0, 32.0, 924.0, 629.0]
[80.0, 0.0, 877.0, 598.0]
[112.0, 16.0, 910.0, 614.0]
[160.0, 32.0, 959.0, 631.0]
[112.0, 16.0, 912.0, 616.0]
[80.0, 0.0, 881.0, 601.0]
[112.0, 48.0, 914.0, 650.0]
[176.0, 48.0, 979.0, 650.0]
[160.0, 64.0, 964.0, 667.0]
[176.0, 16.0, 981.0, 620.0]
[96.0, 80.0, 902.0, 684.0]
[112.0, 32.0, 919.0, 637.0]
[208.0, 0.0, 1016.0, 606.0]
[112.0, 16.0, 921.0, 623.0]
[0.0, 64.0, 810.0, 672.0]
[112.0, 16.0, 923.0, 624.0]
[192.0, 48.0, 1004.0, 657.0]
[80.0, 16.0, 893.0, 626.0]
[0.0, 48.0, 814.0, 658.0]
[80.0, 16.0, 895.0, 627.0]
[0.0, 48.0, 816.0, 660.0]
[32.0, 48.0, 849.0, 661.0]
[112.0, 0.0, 930.0, 614.0]
[128.0, 16.0, 947.0, 630.0]
[64.0, 48.0, 884.0, 663.0]
[0.0, 48.0, 821.0, 664.0]
[64.0, 0.0, 886.0, 616.0]
[48.0, 64.0, 871.0, 681.0]
[192.0, 64.0, 1016.0, 682.0]
[192.0, 64.0, 1017.0, 683.0]
[48.0, 64.0, 874.0, 684.0]
[80.0, 16.0, 907.0, 636.0]
[32.0, 16.0, 860.0, 637.0]
[144.0, 16.0, 973.0, 638.0]
[64.0, 16.0, 894.0, 638.0]
[48.0, 32.0, 879.0, 655.0]
[112.0, 32.0, 944.0, 656.0]
[160.0, 48.0, 993.0, 673.0]
[160.0, 32.0, 994.0, 658.0]
[144.0, 0.0, 979.0, 626.0]
[0.0, 32.0, 836.0, 659.0]
[176.0, 16.0, 1013.0, 644.0]
[176.0, 48.0, 1014.0, 676.0]
[160.0, 32.0, 999.0, 661.0]
[160.0, 0.0, 1000.0, 630.0]
[128.0, 16.0, 969.0, 647.0]
[16.0, 48.0, 858.0, 680.0]
[0.0, 32.0, 843.0, 664.0]
[112.0, 0.0, 956.0, 633.0]
[16.0, 48.0, 861.0, 682.0]
[48.0, 0.0, 894.0, 634.0]
[128.0, 16.0, 975.0, 651.0]
[0.0, 48.0, 848.0, 684.0]
[0.0, 16.0, 849.0, 653.0]
[96.0, 32.0, 946.0, 670.0]
[144.0, 16.0, 995.0, 654.0]
[96.0, 32.0, 948.0, 671.0]
[128.0, 0.0, 981.0, 640.0]
[48.0, 32.0, 902.0, 672.0]
[64.0, 16.0, 919.0, 657.0]
[16.0, 16.0, 872.0, 658.0]
[16.0, 16.0, 873.0, 659.0]
[96.0, 16.0, 954.0, 660.0]
[96.0, 32.0, 955.0, 676.0]
[128.0, 16.0, 988.0, 661.0]
[128.0, 16.0, 989.0, 662.0]
[112.0, 32.0, 974.0, 678.0]
[144.0, 32.0, 1007.0, 679.0]
[160.0, 32.0, 1024.0, 680.0]
[64.0, 32.0, 929.0, 681.0]
[32.0, 32.0, 898.0, 682.0]
[16.0, 16.0, 883.0, 666.0]
[80.0, 32.0, 948.0, 683.0]
[48.0, 0.0, 917.0, 652.0]
[16.0, 32.0, 886.0, 684.0]
[48.0, 0.0, 919.0, 653.0]
[144.0, 0.0, 1016.0, 654.0]
[80.0, 0.0, 953.0, 655.0]
[80.0, 16.0, 954.0, 672.0]
[16.0, 16.0, 891.0, 672.0]
[144.0, 0.0, 1020.0, 657.0]
[16.0, 16.0, 893.0, 674.0]
[112.0, 16.0, 990.0, 674.0]
[80.0, 16.0, 959.0, 675.0]
[16.0, 0.0, 896.0, 660.0]
[48.0, 16.0, 929.0, 677.0]
[96.0, 0.0, 978.0, 662.0]
[16.0, 0.0, 899.0, 662.0]
[48.0, 0.0, 932.0, 663.0]
[16.0, 16.0, 901.0, 680.0]
[64.0, 16.0, 950.0, 680.0]
[112.0, 16.0, 999.0, 681.0]
[0.0, 16.0, 888.0, 682.0]
[48.0, 0.0, 937.0, 667.0]
[64.0, 16.0, 954.0, 684.0]
[48.0, 16.0, 939.0, 684.0]
[128.0, 0.0, 1020.0, 669.0]
[80.0, 0.0, 973.0, 670.0]
[48.0, 0.0, 942.0, 670.0]
[16.0, 0.0, 911.0, 671.0]
[112.0, 0.0, 1008.0, 672.0]
[48.0, 0.0, 945.0, 673.0]
[16.0, 0.0, 914.0, 674.0]
[16.0, 0.0, 915.0, 674.0]
[96.0, 0.0, 996.0, 675.0]
[48.0, 0.0, 949.0, 676.0]
[48.0, 0.0, 950.0, 676.0]
[112.0, 0.0, 1015.0, 677.0]
[96.0, 0.0, 1000.0, 678.0]
[80.0, 0.0, 985.0, 679.0]
[112.0, 0.0, 1018.0, 680.0]
[96.0, 0.0, 1003.0, 680.0]
[32.0, 0.0, 940.0, 681.0]
[32.0, 0.0, 941.0, 682.0]
[96.0, 0.0, 1006.0, 682.0]
[32.0, 0.0, 943.0, 683.0]
[0.0, 0.0, 912.0, 684.0]
