[48.0, 176.0, 822.0, 756.0]
[80.0, 96.0, 855.0, 677.0]
[64.0, 80.0, 840.0, 662.0]
[48.0, 32.0, 825.0, 615.0]
[64.0, 32.0, 842.0, 616.0]
[48.0, 128.0, 827.0, 712.0]
[80.0, 128.0, 860.0, 713.0]
[96.0, 64.0, 877.0, 650.0]
[112.0, 128.0, 894.0, 714.0]
[80.0, 160.0, 863.0, 747.0]
[32.0, 80.0, 816.0, 668.0]
[64.0, 176.0, 849.0, 765.0]
[48.0, 128.0, 834.0, 718.0]
[48.0, 96.0, 835.0, 686.0]
[64.0, 112.0, 852.0, 703.0]
[112.0, 80.0, 901.0, 672.0]
[64.0, 192.0, 854.0, 784.0]
[32.0, 128.0, 823.0, 721.0]
[112.0, 96.0, 904.0, 690.0]
[80.0, 112.0, 873.0, 707.0]
[96.0, 96.0, 890.0, 692.0]
[64.0, 80.0, 859.0, 676.0]
[80.0, 96.0, 876.0, 693.0]
[80.0, 48.0, 877.0, 646.0]
[48.0, 16.0, 846.0, 614.0]
[80.0, 176.0, 879.0, 775.0]
[64.0, 32.0, 864.0, 632.0]
[48.0, 192.0, 849.0, 793.0]
[96.0, 64.0, 898.0, 666.0]
[16.0, 96.0, 819.0, 698.0]
[96.0, 80.0, 900.0, 683.0]
[32.0, 80.0, 837.0, 684.0]
[96.0, 192.0, 902.0, 796.0]
[32.0, 80.0, 839.0, 685.0]
[64.0, 112.0, 872.0, 718.0]
[48.0, 144.0, 857.0, 751.0]
[96.0, 192.0, 906.0, 800.0]
[48.0, 176.0, 859.0, 784.0]
[128.0, 144.0, 940.0, 753.0]
[48.0, 176.0, 861.0, 786.0]
[112.0, 32.0, 926.0, 642.0]
[64.0, 160.0, 879.0, 771.0]
[128.0, 96.0, 944.0, 708.0]
[128.0, 128.0, 945.0, 741.0]
[48.0, 176.0, 866.0, 790.0]
[16.0, 144.0, 835.0, 758.0]
[128.0, 48.0, 948.0, 663.0]
[64.0, 64.0, 885.0, 680.0]
[64.0, 160.0, 886.0, 776.0]
[16.0, 80.0, 839.0, 697.0]
[80.0, 16.0, 904.0, 634.0]
[64.0, 64.0, 889.0, 683.0]
[112.0, 80.0, 938.0, 700.0]
[48.0, 16.0, 875.0, 636.0]
[80.0, 0.0, 908.0, 621.0]
[80.0, 192.0, 909.0, 814.0]
[64.0, 160.0, 894.0, 782.0]
[96.0, 96.0, 927.0, 719.0]
[96.0, 48.0, 928.0, 672.0]
[64.0, 112.0, 897.0, 737.0]
[0.0, 32.0, 834.0, 658.0]
[80.0, 112.0, 915.0, 738.0]
[112.0, 128.0, 948.0, 755.0]
[64.0, 160.0, 901.0, 788.0]
[32.0, 48.0, 870.0, 676.0]
[32.0, 32.0, 871.0, 661.0]
[0.0, 64.0, 840.0, 694.0]
[32.0, 96.0, 873.0, 727.0]
[48.0, 112.0, 890.0, 744.0]
[0.0, 128.0, 843.0, 760.0]
[64.0, 64.0, 908.0, 697.0]
[80.0, 32.0, 925.0, 666.0]
[16.0, 64.0, 862.0, 698.0]
[112.0, 128.0, 959.0, 763.0]
[48.0, 16.0, 896.0, 652.0]
[96.0, 128.0, 945.0, 765.0]
[80.0, 128.0, 930.0, 766.0]
[96.0, 144.0, 947.0, 782.0]
[128.0, 128.0, 980.0, 767.0]
[96.0, 32.0, 949.0, 672.0]
[80.0, 48.0, 934.0, 688.0]
[0.0, 48.0, 855.0, 689.0]
[48.0, 96.0, 904.0, 738.0]
[80.0, 16.0, 937.0, 659.0]
[32.0, 48.0, 890.0, 692.0]
[64.0, 32.0, 923.0, 676.0]
[16.0, 96.0, 876.0, 741.0]
[0.0, 64.0, 861.0, 710.0]
[128.0, 128.0, 990.0, 774.0]
[96.0, 80.0, 959.0, 727.0]
[32.0, 64.0, 896.0, 712.0]
[96.0, 144.0, 961.0, 793.0]
[112.0, 80.0, 978.0, 730.0]
[64.0, 0.0, 931.0, 650.0]
[32.0, 32.0, 900.0, 683.0]
[80.0, 96.0, 949.0, 748.0]
[0.0, 160.0, 870.0, 812.0]
[96.0, 48.0, 967.0, 701.0]
[64.0, 64.0, 936.0, 718.0]
[80.0, 112.0, 953.0, 767.0]
[16.0, 112.0, 890.0, 768.0]
[32.0, 48.0, 907.0, 704.0]
[128.0, 48.0, 1004.0, 705.0]
[0.0, 48.0, 877.0, 706.0]
[80.0, 32.0, 958.0, 690.0]
[0.0, 128.0, 879.0, 787.0]
[112.0, 112.0, 992.0, 772.0]
[16.0, 80.0, 897.0, 741.0]
[96.0, 32.0, 978.0, 694.0]
[32.0, 112.0, 915.0, 774.0]
[64.0, 48.0, 948.0, 711.0]
[16.0, 144.0, 901.0, 808.0]
[16.0, 128.0, 902.0, 792.0]
[16.0, 96.0, 903.0, 761.0]
[16.0, 32.0, 904.0, 698.0]
[64.0, 0.0, 953.0, 667.0]
[96.0, 96.0, 986.0, 764.0]
[80.0, 112.0, 971.0, 780.0]
[80.0, 48.0, 972.0, 717.0]
[64.0, 144.0, 957.0, 814.0]
[0.0, 16.0, 894.0, 686.0]
[96.0, 144.0, 991.0, 815.0]
[0.0, 48.0, 896.0, 720.0]
[80.0, 128.0, 977.0, 801.0]
[48.0, 32.0, 946.0, 706.0]
[0.0, 80.0, 899.0, 754.0]
[48.0, 16.0, 948.0, 691.0]
[80.0, 48.0, 981.0, 724.0]
[48.0, 96.0, 950.0, 772.0]
[32.0, 96.0, 935.0, 773.0]
[64.0, 128.0, 968.0, 806.0]
[0.0, 0.0, 905.0, 679.0]
[16.0, 128.0, 922.0, 808.0]
[96.0, 16.0, 1003.0, 696.0]
[48.0, 112.0, 956.0, 793.0]
[96.0, 112.0, 1005.0, 794.0]
[80.0, 128.0, 990.0, 810.0]
[64.0, 96.0, 975.0, 779.0]
[80.0, 80.0, 992.0, 764.0]
[0.0, 48.0, 913.0, 733.0]
[80.0, 0.0, 994.0, 686.0]
[64.0, 80.0, 979.0, 766.0]
[80.0, 64.0, 996.0, 751.0]
[48.0, 96.0, 965.0, 784.0]
[48.0, 16.0, 966.0, 704.0]
[64.0, 16.0, 983.0, 705.0]
[48.0, 32.0, 968.0, 722.0]
[64.0, 32.0, 985.0, 723.0]
[16.0, 112.0, 938.0, 804.0]
[32.0, 0.0, 955.0, 692.0]
[80.0, 80.0, 1004.0, 773.0]
[64.0, 96.0, 989.0, 790.0]
[48.0, 112.0, 974.0, 806.0]
[32.0, 16.0, 959.0, 711.0]
[32.0, 80.0, 960.0, 776.0]
[0.0, 16.0, 929.0, 713.0]
[80.0, 112.0, 1010.0, 810.0]
[32.0, 0.0, 963.0, 698.0]
[80.0, 96.0, 1012.0, 795.0]
[80.0, 64.0, 1013.0, 764.0]
[16.0, 32.0, 950.0, 732.0]
[80.0, 16.0, 1015.0, 717.0]
[64.0, 112.0, 1000.0, 814.0]
[80.0, 32.0, 1017.0, 735.0]
[48.0, 80.0, 986.0, 784.0]
[16.0, 16.0, 955.0, 720.0]
[48.0, 0.0, 988.0, 705.0]
[32.0, 80.0, 973.0, 786.0]
[80.0, 64.0, 1022.0, 770.0]
[80.0, 16.0, 1023.0, 723.0]
[80.0, 32.0, 1024.0, 740.0]
[48.0, 0.0, 993.0, 709.0]
[0.0, 16.0, 946.0, 726.0]
[0.0, 0.0, 947.0, 710.0]
[16.0, 0.0, 964.0, 711.0]
[64.0, 64.0, 1013.0, 776.0]
[0.0, 64.0, 950.0, 776.0]
[48.0, 16.0, 999.0, 729.0]
[32.0, 96.0, 984.0, 810.0]
[0.0, 64.0, 953.0, 779.0]
[16.0, 32.0, 970.0, 748.0]
[16.0, 64.0, 971.0, 780.0]
[64.0, 16.0, 1020.0, 733.0]
[16.0, 16.0, 973.0, 734.0]
[64.0, 48.0, 1022.0, 766.0]
[32.0, 16.0, 991.0, 735.0]
[64.0, 16.0, 1024.0, 736.0]
[16.0, 48.0, 977.0, 769.0]
[16.0, 0.0, 978.0, 722.0]
[16.0, 32.0, 979.0, 754.0]
[48.0, 32.0, 1012.0, 755.0]
[32.0, 80.0, 997.0, 804.0]
[32.0, 32.0, 998.0, 756.0]
[32.0, 32.0, 999.0, 757.0]
[48.0, 80.0, 1016.0, 806.0]
[16.0, 48.0, 985.0, 775.0]
[32.0, 64.0, 1002.0, 792.0]
[48.0, 0.0, 1019.0, 728.0]
[0.0, 80.0, 972.0, 809.0]
[16.0, 80.0, 989.0, 810.0]
[16.0, 64.0, 990.0, 794.0]
[0.0, 64.0, 975.0, 795.0]
[0.0, 80.0, 976.0, 812.0]
[0.0, 64.0, 977.0, 797.0]
[0.0, 32.0, 978.0, 766.0]
[32.0, 16.0, 1011.0, 750.0]
[16.0, 80.0, 996.0, 815.0]
[16.0, 64.0, 997.0, 800.0]
[16.0, 16.0, 998.0, 752.0]
[16.0, 16.0, 999.0, 753.0]
[16.0, 48.0, 1000.0, 786.0]
[32.0, 32.0, 1017.0, 771.0]
[0.0, 64.0, 986.0, 804.0]
[16.0, 64.0, 1003.0, 804.0]
[0.0, 32.0, 988.0, 773.0]
[0.0, 16.0, 989.0, 758.0]
[0.0, 16.0, 990.0, 758.0]
[32.0, 64.0, 1023.0, 807.0]
[32.0, 48.0, 1024.0, 792.0]
[0.0, 32.0, 993.0, 777.0]
[16.0, 16.0, 1010.0, 762.0]
[16.0, 0.0, 1011.0, 746.0]
[16.0, 64.0, 1012.0, 811.0]
[16.0, 48.0, 1013.0, 796.0]
[16.0, 64.0, 1014.0, 812.0]
[16.0, 32.0, 1015.0, 781.0]
[16.0, 48.0, 1016.0, 798.0]
[16.0, 64.0, 1017.0, 815.0]
[16.0, 32.0, 1018.0, 784.0]
[0.0, 16.0, 1003.0, 768.0]
[0.0, 16.0, 1004.0, 769.0]
[0.0, 16.0, 1005.0, 770.0]
[0.0, 64.0, 1006.0, 818.0]
[0.0, 0.0, 1007.0, 755.0]
[0.0, 32.0, 1008.0, 788.0]
[0.0, 32.0, 1009.0, 789.0]
[0.0, 48.0, 1010.0, 806.0]
[0.0, 0.0, 1011.0, 758.0]
[0.0, 48.0, 1012.0, 807.0]
[0.0, 48.0, 1013.0, 808.0]
[0.0, 0.0, 1014.0, 760.0]
[0.0, 0.0, 1015.0, 761.0]
[0.0, 32.0, 1016.0, 794.0]
[0.0, 48.0, 1017.0, 811.0]
[0.0, 0.0, 1018.0, 764.0]
[0.0, 16.0, 1019.0, 780.0]
[0.0, 16.0, 1020.0, 781.0]
[0.0, 16.0, 1021.0, 782.0]
[0.0, 16.0, 1022.0, 782.0]
[0.0, 48.0, 1023.0, 815.0]
[0.0, 16.0, 1024.0, 784.0]
