[224.0, 16.0, 941.0, 554.0]
[128.0, 16.0, 846.0, 554.0]
[224.0, 0.0, 943.0, 539.0]
[208.0, 32.0, 928.0, 572.0]
[144.0, 16.0, 865.0, 557.0]
[256.0, 0.0, 978.0, 542.0]
[224.0, 16.0, 947.0, 558.0]
[192.0, 32.0, 916.0, 575.0]
[176.0, 16.0, 901.0, 560.0]
[192.0, 16.0, 918.0, 560.0]
[144.0, 0.0, 871.0, 545.0]
[144.0, 0.0, 872.0, 546.0]
[208.0, 32.0, 937.0, 579.0]
[224.0, 0.0, 954.0, 548.0]
[208.0, 0.0, 939.0, 548.0]
[224.0, 0.0, 956.0, 549.0]
[224.0, 0.0, 957.0, 550.0]
[240.0, 16.0, 974.0, 566.0]
[224.0, 16.0, 959.0, 567.0]
[208.0, 16.0, 944.0, 568.0]
[224.0, 0.0, 961.0, 553.0]
[160.0, 16.0, 898.0, 570.0]
[240.0, 16.0, 979.0, 570.0]
[144.0, 16.0, 884.0, 571.0]
[208.0, 0.0, 949.0, 556.0]
[176.0, 16.0, 918.0, 572.0]
[224.0, 0.0, 967.0, 557.0]
[160.0, 16.0, 904.0, 574.0]
[176.0, 16.0, 921.0, 575.0]
[160.0, 0.0, 906.0, 560.0]
[192.0, 0.0, 939.0, 560.0]
[224.0, 0.0, 972.0, 561.0]
[208.0, 0.0, 957.0, 562.0]
[192.0, 16.0, 942.0, 578.0]
[208.0, 16.0, 959.0, 579.0]
[160.0, 16.0, 912.0, 580.0]
[128.0, 0.0, 883.0, 566.0]
[160.0, 0.0, 918.0, 568.0]
