[48.0, 96.0, 765.0, 634.0]
[160.0, 80.0, 878.0, 618.0]
[96.0, 80.0, 815.0, 619.0]
[96.0, 32.0, 816.0, 572.0]
[80.0, 64.0, 801.0, 605.0]
[64.0, 96.0, 786.0, 638.0]
[80.0, 48.0, 803.0, 590.0]
[176.0, 48.0, 900.0, 591.0]
[80.0, 96.0, 805.0, 640.0]
[80.0, 32.0, 806.0, 576.0]
[160.0, 64.0, 887.0, 609.0]
[144.0, 32.0, 872.0, 578.0]
[64.0, 112.0, 793.0, 659.0]
[48.0, 96.0, 778.0, 644.0]
[64.0, 16.0, 795.0, 564.0]
[80.0, 32.0, 812.0, 581.0]
[80.0, 16.0, 813.0, 566.0]
[80.0, 128.0, 814.0, 678.0]
[80.0, 64.0, 815.0, 615.0]
[112.0, 48.0, 848.0, 600.0]
[64.0, 80.0, 801.0, 633.0]
[16.0, 32.0, 754.0, 586.0]
[32.0, 80.0, 771.0, 634.0]
[80.0, 128.0, 820.0, 683.0]
[96.0, 112.0, 837.0, 668.0]
[176.0, 64.0, 918.0, 620.0]
[32.0, 80.0, 775.0, 637.0]
[48.0, 64.0, 792.0, 622.0]
[16.0, 48.0, 761.0, 607.0]
[64.0, 112.0, 810.0, 672.0]
[160.0, 32.0, 907.0, 592.0]
[32.0, 96.0, 780.0, 657.0]
[112.0, 96.0, 861.0, 658.0]
[32.0, 112.0, 782.0, 674.0]
[80.0, 80.0, 831.0, 643.0]
[96.0, 16.0, 848.0, 580.0]
[96.0, 16.0, 849.0, 581.0]
[128.0, 16.0, 882.0, 582.0]
[144.0, 16.0, 899.0, 582.0]
[0.0, 64.0, 756.0, 631.0]
[48.0, 96.0, 805.0, 664.0]
[96.0, 80.0, 854.0, 648.0]
[16.0, 64.0, 775.0, 633.0]
[32.0, 80.0, 792.0, 650.0]
[96.0, 96.0, 857.0, 667.0]
[160.0, 16.0, 922.0, 588.0]
[64.0, 80.0, 827.0, 652.0]
[192.0, 64.0, 956.0, 637.0]
[96.0, 32.0, 861.0, 606.0]
[64.0, 48.0, 830.0, 622.0]
[144.0, 0.0, 911.0, 575.0]
[96.0, 48.0, 864.0, 624.0]
[64.0, 32.0, 833.0, 609.0]
[176.0, 64.0, 946.0, 642.0]
[80.0, 0.0, 851.0, 578.0]
[32.0, 32.0, 804.0, 611.0]
[160.0, 48.0, 933.0, 628.0]
[64.0, 0.0, 838.0, 580.0]
[64.0, 0.0, 839.0, 581.0]
[144.0, 96.0, 920.0, 678.0]
[80.0, 64.0, 857.0, 647.0]
[160.0, 96.0, 938.0, 680.0]
[48.0, 48.0, 827.0, 632.0]
[96.0, 48.0, 876.0, 633.0]
[16.0, 0.0, 797.0, 586.0]
[144.0, 32.0, 926.0, 618.0]
[144.0, 16.0, 927.0, 603.0]
[176.0, 32.0, 960.0, 620.0]
[64.0, 48.0, 849.0, 637.0]
[0.0, 32.0, 786.0, 622.0]
[48.0, 0.0, 835.0, 590.0]
[0.0, 16.0, 788.0, 607.0]
[64.0, 0.0, 853.0, 592.0]
[0.0, 32.0, 790.0, 624.0]
[48.0, 80.0, 839.0, 673.0]
[160.0, 80.0, 952.0, 674.0]
[128.0, 32.0, 921.0, 627.0]
[112.0, 0.0, 906.0, 596.0]
[96.0, 0.0, 891.0, 596.0]
[160.0, 16.0, 956.0, 613.0]
[32.0, 0.0, 829.0, 598.0]
[64.0, 32.0, 862.0, 630.0]
[64.0, 48.0, 863.0, 647.0]
[96.0, 64.0, 896.0, 664.0]
[112.0, 64.0, 913.0, 665.0]
[64.0, 16.0, 866.0, 618.0]
[176.0, 64.0, 979.0, 666.0]
[64.0, 64.0, 868.0, 667.0]
[32.0, 48.0, 837.0, 652.0]
[64.0, 32.0, 870.0, 636.0]
[32.0, 48.0, 839.0, 653.0]
[160.0, 64.0, 968.0, 670.0]
[144.0, 48.0, 953.0, 655.0]
[80.0, 16.0, 890.0, 624.0]
[32.0, 32.0, 843.0, 640.0]
[112.0, 32.0, 924.0, 641.0]
[0.0, 64.0, 813.0, 674.0]
[128.0, 0.0, 942.0, 610.0]
[128.0, 48.0, 943.0, 659.0]
[176.0, 16.0, 992.0, 628.0]
[144.0, 0.0, 961.0, 613.0]
[16.0, 64.0, 834.0, 678.0]
[80.0, 64.0, 899.0, 678.0]
[144.0, 48.0, 964.0, 663.0]
[80.0, 48.0, 901.0, 664.0]
[0.0, 32.0, 822.0, 648.0]
[48.0, 16.0, 871.0, 633.0]
[16.0, 16.0, 840.0, 634.0]
[112.0, 64.0, 937.0, 683.0]
[64.0, 48.0, 890.0, 668.0]
[0.0, 16.0, 827.0, 636.0]
[176.0, 16.0, 1004.0, 637.0]
[0.0, 48.0, 829.0, 670.0]
[128.0, 0.0, 958.0, 622.0]
[16.0, 16.0, 847.0, 639.0]
[80.0, 0.0, 912.0, 624.0]
[112.0, 32.0, 945.0, 657.0]
[160.0, 16.0, 994.0, 642.0]
[16.0, 32.0, 851.0, 658.0]
[80.0, 0.0, 916.0, 627.0]
[144.0, 0.0, 981.0, 628.0]
[0.0, 32.0, 838.0, 660.0]
[64.0, 0.0, 903.0, 629.0]
[32.0, 48.0, 872.0, 678.0]
[176.0, 16.0, 1017.0, 647.0]
[32.0, 16.0, 874.0, 648.0]
[0.0, 16.0, 843.0, 648.0]
[128.0, 32.0, 972.0, 665.0]
[80.0, 48.0, 925.0, 682.0]
[16.0, 48.0, 862.0, 682.0]
[176.0, 16.0, 1023.0, 651.0]
[144.0, 32.0, 992.0, 668.0]
[112.0, 32.0, 961.0, 669.0]
[32.0, 32.0, 882.0, 670.0]
[160.0, 0.0, 1011.0, 638.0]
[16.0, 32.0, 868.0, 671.0]
[32.0, 0.0, 885.0, 640.0]
[0.0, 32.0, 854.0, 672.0]
[96.0, 32.0, 951.0, 673.0]
[112.0, 16.0, 968.0, 658.0]
[96.0, 32.0, 953.0, 675.0]
[80.0, 0.0, 938.0, 644.0]
[144.0, 16.0, 1003.0, 660.0]
[144.0, 0.0, 1004.0, 645.0]
[144.0, 32.0, 1005.0, 678.0]
[32.0, 16.0, 894.0, 662.0]
[96.0, 16.0, 959.0, 663.0]
[160.0, 16.0, 1024.0, 664.0]
[64.0, 0.0, 929.0, 649.0]
[80.0, 32.0, 946.0, 682.0]
[112.0, 0.0, 979.0, 650.0]
[112.0, 0.0, 980.0, 651.0]
[80.0, 0.0, 949.0, 652.0]
[112.0, 16.0, 982.0, 668.0]
[64.0, 0.0, 935.0, 653.0]
[144.0, 0.0, 1016.0, 654.0]
[128.0, 16.0, 1001.0, 671.0]
[32.0, 0.0, 906.0, 656.0]
[112.0, 16.0, 987.0, 672.0]
[80.0, 16.0, 956.0, 673.0]
[80.0, 0.0, 957.0, 658.0]
[112.0, 0.0, 990.0, 658.0]
[32.0, 16.0, 911.0, 675.0]
[80.0, 0.0, 960.0, 660.0]
[128.0, 0.0, 1009.0, 661.0]
[128.0, 16.0, 1010.0, 678.0]
[0.0, 0.0, 883.0, 662.0]
[48.0, 16.0, 932.0, 679.0]
[96.0, 16.0, 981.0, 680.0]
[0.0, 0.0, 886.0, 664.0]
[128.0, 16.0, 1015.0, 681.0]
[128.0, 0.0, 1016.0, 666.0]
[16.0, 16.0, 905.0, 683.0]
[48.0, 0.0, 938.0, 668.0]
[112.0, 0.0, 1003.0, 668.0]
[64.0, 0.0, 956.0, 669.0]
[48.0, 0.0, 941.0, 670.0]
[16.0, 0.0, 910.0, 670.0]
[80.0, 0.0, 975.0, 671.0]
[48.0, 0.0, 944.0, 672.0]
[0.0, 0.0, 897.0, 673.0]
[112.0, 0.0, 1010.0, 674.0]
[48.0, 0.0, 947.0, 674.0]
[0.0, 0.0, 900.0, 675.0]
[80.0, 0.0, 981.0, 676.0]
[112.0, 0.0, 1014.0, 676.0]
[16.0, 0.0, 919.0, 677.0]
[32.0, 0.0, 936.0, 678.0]
[96.0, 0.0, 1001.0, 679.0]
[112.0, 0.0, 1018.0, 680.0]
[96.0, 0.0, 1003.0, 680.0]
[112.0, 0.0, 1020.0, 681.0]
[16.0, 0.0, 925.0, 682.0]
[64.0, 0.0, 974.0, 682.0]
[112.0, 0.0, 1023.0, 683.0]
