[144.0, 96.0, 861.0, 634.0]
[16.0, 64.0, 734.0, 602.0]
[144.0, 80.0, 863.0, 619.0]
[16.0, 64.0, 736.0, 604.0]
[80.0, 32.0, 801.0, 573.0]
[48.0, 80.0, 770.0, 622.0]
[64.0, 48.0, 787.0, 590.0]
[112.0, 32.0, 836.0, 575.0]
[64.0, 0.0, 789.0, 544.0]
[80.0, 64.0, 806.0, 608.0]
[16.0, 64.0, 743.0, 609.0]
[128.0, 64.0, 856.0, 610.0]
[96.0, 16.0, 825.0, 563.0]
[128.0, 80.0, 858.0, 628.0]
[96.0, 80.0, 827.0, 628.0]
[16.0, 16.0, 748.0, 565.0]
[112.0, 32.0, 845.0, 582.0]
[96.0, 0.0, 830.0, 550.0]
[32.0, 48.0, 767.0, 599.0]
[80.0, 32.0, 816.0, 584.0]
[64.0, 32.0, 801.0, 585.0]
[0.0, 48.0, 738.0, 602.0]
[80.0, 80.0, 819.0, 634.0]
[128.0, 48.0, 868.0, 603.0]
[176.0, 80.0, 917.0, 636.0]
[64.0, 64.0, 806.0, 620.0]
[144.0, 48.0, 887.0, 605.0]
[0.0, 48.0, 744.0, 606.0]
[96.0, 16.0, 841.0, 575.0]
[64.0, 32.0, 810.0, 592.0]
[160.0, 48.0, 907.0, 608.0]
[112.0, 16.0, 860.0, 577.0]
[0.0, 64.0, 749.0, 626.0]
[112.0, 48.0, 862.0, 610.0]
[96.0, 64.0, 847.0, 627.0]
[128.0, 48.0, 880.0, 612.0]
[16.0, 16.0, 769.0, 581.0]
[0.0, 64.0, 754.0, 630.0]
[64.0, 48.0, 819.0, 614.0]
[160.0, 64.0, 916.0, 631.0]
[0.0, 48.0, 757.0, 616.0]
[96.0, 64.0, 854.0, 632.0]
[16.0, 48.0, 775.0, 617.0]
[0.0, 32.0, 760.0, 602.0]
[32.0, 0.0, 793.0, 571.0]
[0.0, 48.0, 762.0, 620.0]
[48.0, 0.0, 811.0, 572.0]
[32.0, 32.0, 796.0, 605.0]
[0.0, 0.0, 765.0, 574.0]
[0.0, 0.0, 766.0, 574.0]
[96.0, 16.0, 863.0, 591.0]
[80.0, 64.0, 848.0, 640.0]
[16.0, 16.0, 785.0, 593.0]
[64.0, 0.0, 834.0, 578.0]
[80.0, 0.0, 851.0, 578.0]
[144.0, 48.0, 916.0, 627.0]
[0.0, 48.0, 773.0, 628.0]
[16.0, 0.0, 790.0, 580.0]
[112.0, 16.0, 887.0, 597.0]
[64.0, 0.0, 840.0, 582.0]
[64.0, 0.0, 841.0, 583.0]
[80.0, 16.0, 858.0, 600.0]
[64.0, 0.0, 843.0, 584.0]
[80.0, 32.0, 860.0, 617.0]
[112.0, 32.0, 893.0, 618.0]
[64.0, 16.0, 846.0, 602.0]
[112.0, 32.0, 895.0, 619.0]
[32.0, 48.0, 816.0, 636.0]
[0.0, 0.0, 785.0, 589.0]
[80.0, 48.0, 866.0, 638.0]
[32.0, 16.0, 819.0, 606.0]
[64.0, 32.0, 852.0, 623.0]
[48.0, 32.0, 837.0, 624.0]
[0.0, 16.0, 790.0, 608.0]
[32.0, 0.0, 823.0, 593.0]
[16.0, 16.0, 808.0, 610.0]
[16.0, 0.0, 809.0, 595.0]
[16.0, 0.0, 810.0, 596.0]
[64.0, 16.0, 859.0, 612.0]
[96.0, 16.0, 892.0, 613.0]
[48.0, 32.0, 845.0, 630.0]
[16.0, 16.0, 814.0, 614.0]
[48.0, 0.0, 847.0, 599.0]
[32.0, 16.0, 832.0, 616.0]
[80.0, 16.0, 881.0, 617.0]
[32.0, 0.0, 834.0, 602.0]
[48.0, 0.0, 851.0, 602.0]
[64.0, 0.0, 868.0, 603.0]
[16.0, 32.0, 821.0, 636.0]
[16.0, 32.0, 822.0, 636.0]
[16.0, 32.0, 823.0, 637.0]
[80.0, 16.0, 888.0, 622.0]
[96.0, 0.0, 905.0, 607.0]
[48.0, 0.0, 858.0, 608.0]
[0.0, 32.0, 811.0, 640.0]
[0.0, 0.0, 812.0, 609.0]
[16.0, 0.0, 829.0, 610.0]
[64.0, 16.0, 878.0, 626.0]
[32.0, 16.0, 847.0, 627.0]
[0.0, 0.0, 816.0, 612.0]
[0.0, 16.0, 817.0, 629.0]
[48.0, 16.0, 866.0, 630.0]
[48.0, 0.0, 867.0, 614.0]
[16.0, 16.0, 836.0, 631.0]
[96.0, 16.0, 917.0, 632.0]
[32.0, 0.0, 854.0, 616.0]
[32.0, 0.0, 855.0, 617.0]
[80.0, 0.0, 904.0, 618.0]
[48.0, 0.0, 873.0, 619.0]
[48.0, 16.0, 874.0, 636.0]
[0.0, 16.0, 827.0, 636.0]
[64.0, 0.0, 892.0, 621.0]
[80.0, 0.0, 909.0, 622.0]
[80.0, 0.0, 910.0, 622.0]
[32.0, 16.0, 863.0, 639.0]
[64.0, 0.0, 896.0, 624.0]
[0.0, 0.0, 833.0, 625.0]
[48.0, 0.0, 882.0, 626.0]
[48.0, 0.0, 883.0, 626.0]
[64.0, 0.0, 900.0, 627.0]
[16.0, 0.0, 853.0, 628.0]
[80.0, 0.0, 918.0, 628.0]
[32.0, 0.0, 871.0, 629.0]
[16.0, 0.0, 856.0, 630.0]
[16.0, 0.0, 857.0, 631.0]
[0.0, 0.0, 842.0, 632.0]
[16.0, 0.0, 859.0, 632.0]
[80.0, 0.0, 924.0, 633.0]
[80.0, 0.0, 925.0, 634.0]
[16.0, 0.0, 862.0, 634.0]
[48.0, 0.0, 895.0, 635.0]
[48.0, 0.0, 896.0, 636.0]
[16.0, 0.0, 865.0, 637.0]
[32.0, 0.0, 882.0, 638.0]
[16.0, 0.0, 867.0, 638.0]
[0.0, 0.0, 852.0, 639.0]
[16.0, 0.0, 869.0, 640.0]
[64.0, 0.0, 918.0, 640.0]
