[48.0, 96.0, 833.0, 685.0]
[176.0, 64.0, 962.0, 654.0]
[64.0, 112.0, 851.0, 702.0]
[48.0, 32.0, 836.0, 623.0]
[80.0, 64.0, 869.0, 656.0]
[176.0, 96.0, 966.0, 688.0]
[176.0, 128.0, 967.0, 721.0]
[96.0, 128.0, 888.0, 722.0]
[128.0, 48.0, 921.0, 643.0]
[128.0, 96.0, 922.0, 692.0]
[144.0, 48.0, 939.0, 644.0]
[160.0, 112.0, 956.0, 709.0]
[64.0, 112.0, 861.0, 710.0]
[112.0, 80.0, 910.0, 678.0]
[128.0, 128.0, 927.0, 727.0]
[96.0, 144.0, 896.0, 744.0]
[96.0, 144.0, 897.0, 745.0]
[160.0, 48.0, 962.0, 650.0]
[96.0, 48.0, 899.0, 650.0]
[144.0, 112.0, 948.0, 715.0]
[80.0, 48.0, 885.0, 652.0]
[128.0, 48.0, 934.0, 652.0]
[144.0, 64.0, 951.0, 669.0]
[32.0, 112.0, 840.0, 718.0]
[128.0, 128.0, 937.0, 735.0]
[64.0, 112.0, 874.0, 720.0]
[16.0, 64.0, 827.0, 672.0]
[64.0, 32.0, 876.0, 641.0]
[192.0, 80.0, 1005.0, 690.0]
[144.0, 48.0, 958.0, 658.0]
[80.0, 32.0, 895.0, 643.0]
[48.0, 128.0, 864.0, 740.0]
[144.0, 144.0, 961.0, 757.0]
[144.0, 112.0, 962.0, 726.0]
[160.0, 80.0, 979.0, 694.0]
[192.0, 80.0, 1012.0, 695.0]
[48.0, 112.0, 869.0, 728.0]
[16.0, 64.0, 838.0, 680.0]
[112.0, 48.0, 935.0, 665.0]
[160.0, 32.0, 984.0, 650.0]
[64.0, 144.0, 889.0, 763.0]
[96.0, 128.0, 922.0, 748.0]
[144.0, 64.0, 971.0, 684.0]
[48.0, 32.0, 876.0, 653.0]
[48.0, 80.0, 877.0, 702.0]
[80.0, 112.0, 910.0, 734.0]
[144.0, 48.0, 975.0, 671.0]
[96.0, 128.0, 928.0, 752.0]
[16.0, 112.0, 849.0, 737.0]
[32.0, 48.0, 866.0, 674.0]
[16.0, 112.0, 851.0, 738.0]
[112.0, 96.0, 948.0, 723.0]
[48.0, 16.0, 885.0, 644.0]
[96.0, 64.0, 934.0, 692.0]
[96.0, 32.0, 935.0, 661.0]
[96.0, 96.0, 936.0, 726.0]
[0.0, 64.0, 841.0, 695.0]
[160.0, 128.0, 1002.0, 760.0]
[80.0, 32.0, 923.0, 664.0]
[160.0, 96.0, 1004.0, 729.0]
[80.0, 64.0, 925.0, 698.0]
[176.0, 96.0, 1022.0, 730.0]
[96.0, 96.0, 943.0, 731.0]
[64.0, 112.0, 912.0, 748.0]
[32.0, 0.0, 881.0, 637.0]
[96.0, 112.0, 946.0, 750.0]
[48.0, 0.0, 899.0, 638.0]
[96.0, 96.0, 948.0, 735.0]
[16.0, 32.0, 869.0, 672.0]
[0.0, 48.0, 854.0, 688.0]
[32.0, 0.0, 887.0, 641.0]
[32.0, 48.0, 888.0, 690.0]
[112.0, 0.0, 969.0, 643.0]
[80.0, 32.0, 938.0, 676.0]
[32.0, 32.0, 891.0, 676.0]
[80.0, 48.0, 940.0, 693.0]
[0.0, 16.0, 861.0, 662.0]
[128.0, 96.0, 990.0, 742.0]
[0.0, 64.0, 863.0, 711.0]
[64.0, 0.0, 928.0, 648.0]
[112.0, 32.0, 977.0, 681.0]
[64.0, 80.0, 930.0, 730.0]
[64.0, 16.0, 931.0, 666.0]
[80.0, 112.0, 948.0, 763.0]
[0.0, 80.0, 869.0, 732.0]
[144.0, 96.0, 1014.0, 748.0]
[96.0, 112.0, 967.0, 765.0]
[32.0, 80.0, 904.0, 734.0]
[96.0, 16.0, 969.0, 671.0]
[48.0, 32.0, 922.0, 688.0]
[0.0, 64.0, 875.0, 720.0]
[80.0, 32.0, 956.0, 689.0]
[128.0, 16.0, 1005.0, 674.0]
[112.0, 32.0, 990.0, 690.0]
[32.0, 0.0, 911.0, 659.0]
[0.0, 32.0, 880.0, 692.0]
[96.0, 96.0, 977.0, 757.0]
[112.0, 48.0, 994.0, 710.0]
[0.0, 80.0, 883.0, 742.0]
[128.0, 64.0, 1012.0, 727.0]
[16.0, 80.0, 901.0, 744.0]
[64.0, 16.0, 950.0, 680.0]
[0.0, 48.0, 887.0, 713.0]
[16.0, 64.0, 904.0, 730.0]
[112.0, 96.0, 1001.0, 763.0]
[16.0, 0.0, 906.0, 668.0]
[64.0, 80.0, 955.0, 748.0]
[64.0, 48.0, 956.0, 717.0]
[16.0, 64.0, 909.0, 734.0]
[96.0, 64.0, 990.0, 734.0]
[80.0, 64.0, 975.0, 735.0]
[64.0, 96.0, 960.0, 768.0]
[0.0, 80.0, 897.0, 753.0]
[64.0, 16.0, 962.0, 690.0]
[32.0, 48.0, 931.0, 722.0]
[32.0, 16.0, 932.0, 691.0]
[16.0, 0.0, 917.0, 676.0]
[0.0, 0.0, 902.0, 676.0]
[48.0, 32.0, 951.0, 709.0]
[64.0, 32.0, 968.0, 710.0]
[64.0, 16.0, 969.0, 695.0]
[64.0, 64.0, 970.0, 744.0]
[112.0, 16.0, 1019.0, 696.0]
[32.0, 32.0, 940.0, 713.0]
[112.0, 16.0, 1021.0, 698.0]
[48.0, 48.0, 958.0, 730.0]
[48.0, 16.0, 959.0, 699.0]
[16.0, 32.0, 928.0, 716.0]
[80.0, 32.0, 993.0, 717.0]
[0.0, 0.0, 914.0, 686.0]
[80.0, 0.0, 995.0, 686.0]
[48.0, 0.0, 964.0, 687.0]
[48.0, 64.0, 965.0, 752.0]
[0.0, 0.0, 918.0, 688.0]
[96.0, 48.0, 1015.0, 737.0]
[32.0, 64.0, 952.0, 754.0]
[0.0, 16.0, 921.0, 707.0]
[80.0, 0.0, 1002.0, 692.0]
[80.0, 48.0, 1003.0, 740.0]
[16.0, 48.0, 940.0, 741.0]
[16.0, 16.0, 941.0, 710.0]
[64.0, 16.0, 990.0, 710.0]
[96.0, 16.0, 1023.0, 711.0]
[80.0, 16.0, 1008.0, 712.0]
[80.0, 48.0, 1009.0, 745.0]
[32.0, 16.0, 962.0, 714.0]
[80.0, 0.0, 1011.0, 698.0]
[0.0, 0.0, 932.0, 699.0]
[48.0, 48.0, 981.0, 748.0]
[32.0, 32.0, 966.0, 732.0]
[80.0, 32.0, 1015.0, 733.0]
[32.0, 64.0, 968.0, 766.0]
[0.0, 64.0, 937.0, 767.0]
[32.0, 16.0, 970.0, 720.0]
[32.0, 32.0, 971.0, 736.0]
[32.0, 16.0, 972.0, 721.0]
[32.0, 48.0, 973.0, 754.0]
[64.0, 16.0, 1006.0, 722.0]
[80.0, 32.0, 1023.0, 739.0]
[16.0, 0.0, 960.0, 708.0]
[0.0, 0.0, 945.0, 709.0]
[64.0, 48.0, 1010.0, 758.0]
[32.0, 16.0, 979.0, 726.0]
[16.0, 48.0, 964.0, 759.0]
[64.0, 16.0, 1013.0, 728.0]
[48.0, 48.0, 998.0, 760.0]
[16.0, 0.0, 967.0, 713.0]
[48.0, 48.0, 1000.0, 762.0]
[48.0, 32.0, 1001.0, 747.0]
[64.0, 16.0, 1018.0, 732.0]
[16.0, 48.0, 971.0, 764.0]
[0.0, 48.0, 956.0, 765.0]
[32.0, 16.0, 989.0, 734.0]
[32.0, 0.0, 990.0, 718.0]
[48.0, 0.0, 1007.0, 719.0]
[64.0, 0.0, 1024.0, 720.0]
[48.0, 16.0, 1009.0, 737.0]
[0.0, 32.0, 962.0, 754.0]
[16.0, 0.0, 979.0, 722.0]
[16.0, 32.0, 980.0, 755.0]
[32.0, 16.0, 997.0, 740.0]
[48.0, 32.0, 1014.0, 756.0]
[0.0, 0.0, 967.0, 725.0]
[16.0, 0.0, 984.0, 726.0]
[32.0, 32.0, 1001.0, 759.0]
[32.0, 16.0, 1002.0, 744.0]
[48.0, 32.0, 1019.0, 760.0]
[0.0, 16.0, 972.0, 745.0]
[48.0, 16.0, 1021.0, 746.0]
[16.0, 0.0, 990.0, 730.0]
[32.0, 32.0, 1007.0, 763.0]
[32.0, 0.0, 1008.0, 732.0]
[0.0, 32.0, 977.0, 765.0]
[32.0, 32.0, 1010.0, 766.0]
[32.0, 0.0, 1011.0, 734.0]
[16.0, 32.0, 996.0, 767.0]
[16.0, 32.0, 997.0, 768.0]
[16.0, 16.0, 998.0, 752.0]
[16.0, 16.0, 999.0, 753.0]
[32.0, 16.0, 1016.0, 754.0]
[32.0, 0.0, 1017.0, 739.0]
[32.0, 16.0, 1018.0, 756.0]
[0.0, 16.0, 987.0, 756.0]
[0.0, 16.0, 988.0, 757.0]
[32.0, 16.0, 1021.0, 758.0]
[16.0, 16.0, 1006.0, 758.0]
[16.0, 16.0, 1007.0, 759.0]
[0.0, 16.0, 992.0, 760.0]
[0.0, 0.0, 993.0, 745.0]
[0.0, 16.0, 994.0, 762.0]
[16.0, 0.0, 1011.0, 746.0]
[0.0, 0.0, 996.0, 747.0]
[16.0, 16.0, 1013.0, 764.0]
[0.0, 16.0, 998.0, 764.0]
[16.0, 16.0, 1015.0, 765.0]
[16.0, 0.0, 1016.0, 750.0]
[16.0, 0.0, 1017.0, 751.0]
[16.0, 16.0, 1018.0, 768.0]
[16.0, 0.0, 1019.0, 752.0]
[0.0, 0.0, 1004.0, 753.0]
[16.0, 0.0, 1021.0, 754.0]
[0.0, 0.0, 1006.0, 754.0]
[16.0, 0.0, 1023.0, 755.0]
[16.0, 0.0, 1024.0, 756.0]
[0.0, 0.0, 1009.0, 757.0]
[0.0, 0.0, 1010.0, 758.0]
[0.0, 0.0, 1011.0, 758.0]
[0.0, 0.0, 1012.0, 759.0]
[0.0, 0.0, 1013.0, 760.0]
[0.0, 0.0, 1014.0, 760.0]
[0.0, 0.0, 1015.0, 761.0]
[0.0, 0.0, 1016.0, 762.0]
[0.0, 0.0, 1017.0, 763.0]
[0.0, 0.0, 1018.0, 764.0]
[0.0, 0.0, 1019.0, 764.0]
[0.0, 0.0, 1020.0, 765.0]
[0.0, 0.0, 1021.0, 766.0]
[0.0, 0.0, 1022.0, 766.0]
[0.0, 0.0, 1023.0, 767.0]
[0.0, 0.0, 1024.0, 768.0]
