[64.0, 64.0, 781.0, 602.0]
[160.0, 96.0, 878.0, 634.0]
[176.0, 48.0, 895.0, 587.0]
[96.0, 112.0, 816.0, 652.0]
[80.0, 32.0, 801.0, 573.0]
[64.0, 32.0, 786.0, 574.0]
[144.0, 80.0, 867.0, 622.0]
[96.0, 112.0, 820.0, 655.0]
[48.0, 80.0, 773.0, 624.0]
[176.0, 32.0, 902.0, 576.0]
[144.0, 32.0, 871.0, 577.0]
[128.0, 112.0, 856.0, 658.0]
[96.0, 112.0, 825.0, 659.0]
[32.0, 96.0, 762.0, 644.0]
[112.0, 96.0, 843.0, 644.0]
[64.0, 80.0, 796.0, 629.0]
[80.0, 80.0, 813.0, 630.0]
[160.0, 80.0, 894.0, 630.0]
[128.0, 96.0, 863.0, 647.0]
[144.0, 80.0, 880.0, 632.0]
[96.0, 64.0, 833.0, 617.0]
[128.0, 32.0, 866.0, 586.0]
[192.0, 96.0, 931.0, 650.0]
[48.0, 48.0, 788.0, 603.0]
[192.0, 80.0, 933.0, 636.0]
[32.0, 112.0, 774.0, 668.0]
[32.0, 96.0, 775.0, 653.0]
[192.0, 96.0, 936.0, 654.0]
[80.0, 0.0, 825.0, 559.0]
[144.0, 80.0, 890.0, 640.0]
[144.0, 80.0, 891.0, 640.0]
[16.0, 48.0, 764.0, 609.0]
[0.0, 64.0, 749.0, 626.0]
[144.0, 112.0, 894.0, 674.0]
[112.0, 32.0, 863.0, 595.0]
[0.0, 64.0, 752.0, 628.0]
[112.0, 64.0, 865.0, 629.0]
[144.0, 0.0, 898.0, 566.0]
[192.0, 80.0, 947.0, 646.0]
[16.0, 32.0, 772.0, 599.0]
[80.0, 0.0, 837.0, 568.0]
[96.0, 80.0, 854.0, 648.0]
[176.0, 32.0, 935.0, 601.0]
[128.0, 112.0, 888.0, 682.0]
[112.0, 16.0, 873.0, 587.0]
[16.0, 96.0, 778.0, 668.0]
[16.0, 96.0, 779.0, 668.0]
[176.0, 32.0, 940.0, 605.0]
[144.0, 96.0, 909.0, 670.0]
[48.0, 16.0, 814.0, 590.0]
[48.0, 48.0, 815.0, 623.0]
[16.0, 32.0, 784.0, 608.0]
[16.0, 48.0, 785.0, 625.0]
[16.0, 48.0, 786.0, 626.0]
[64.0, 64.0, 835.0, 642.0]
[144.0, 0.0, 916.0, 579.0]
[128.0, 0.0, 901.0, 580.0]
[160.0, 48.0, 934.0, 628.0]
[48.0, 0.0, 823.0, 581.0]
[192.0, 48.0, 968.0, 630.0]
[48.0, 96.0, 825.0, 679.0]
[0.0, 0.0, 778.0, 584.0]
[112.0, 64.0, 891.0, 648.0]
[128.0, 64.0, 908.0, 649.0]
[96.0, 16.0, 877.0, 602.0]
[192.0, 48.0, 974.0, 634.0]
[48.0, 96.0, 831.0, 683.0]
[160.0, 48.0, 944.0, 636.0]
[0.0, 48.0, 785.0, 637.0]
[192.0, 48.0, 978.0, 638.0]
[176.0, 80.0, 963.0, 670.0]
[48.0, 16.0, 836.0, 607.0]
[64.0, 32.0, 853.0, 624.0]
[16.0, 80.0, 806.0, 672.0]
[112.0, 80.0, 903.0, 673.0]
[80.0, 0.0, 872.0, 594.0]
[160.0, 32.0, 953.0, 627.0]
[48.0, 80.0, 842.0, 676.0]
[144.0, 16.0, 939.0, 612.0]
[32.0, 16.0, 828.0, 613.0]
[0.0, 32.0, 797.0, 630.0]
[112.0, 0.0, 910.0, 598.0]
[96.0, 48.0, 895.0, 647.0]
[144.0, 0.0, 944.0, 600.0]
[64.0, 32.0, 865.0, 633.0]
[0.0, 64.0, 802.0, 666.0]
[176.0, 48.0, 979.0, 650.0]
[32.0, 16.0, 836.0, 619.0]
[128.0, 32.0, 933.0, 636.0]
[176.0, 32.0, 982.0, 636.0]
[0.0, 64.0, 807.0, 669.0]
[16.0, 0.0, 824.0, 606.0]
[176.0, 16.0, 985.0, 623.0]
[48.0, 16.0, 858.0, 624.0]
[144.0, 64.0, 955.0, 672.0]
[48.0, 0.0, 860.0, 609.0]
[64.0, 64.0, 877.0, 674.0]
[160.0, 0.0, 974.0, 610.0]
[128.0, 32.0, 943.0, 643.0]
[160.0, 16.0, 976.0, 628.0]
[32.0, 64.0, 849.0, 677.0]
[176.0, 16.0, 994.0, 630.0]
[160.0, 32.0, 979.0, 646.0]
[128.0, 16.0, 948.0, 631.0]
[96.0, 32.0, 917.0, 648.0]
[32.0, 32.0, 854.0, 648.0]
[48.0, 48.0, 871.0, 665.0]
[32.0, 0.0, 856.0, 618.0]
[112.0, 64.0, 937.0, 683.0]
[128.0, 32.0, 954.0, 652.0]
[128.0, 0.0, 955.0, 620.0]
[96.0, 32.0, 924.0, 653.0]
[128.0, 32.0, 957.0, 654.0]
[112.0, 16.0, 942.0, 638.0]
[128.0, 0.0, 959.0, 623.0]
[80.0, 16.0, 912.0, 640.0]
[112.0, 16.0, 945.0, 641.0]
[32.0, 0.0, 866.0, 626.0]
[64.0, 48.0, 899.0, 674.0]
[96.0, 16.0, 932.0, 643.0]
[96.0, 16.0, 933.0, 644.0]
[64.0, 16.0, 902.0, 644.0]
[96.0, 16.0, 935.0, 645.0]
[64.0, 48.0, 904.0, 678.0]
[0.0, 48.0, 841.0, 679.0]
[160.0, 32.0, 1002.0, 664.0]
[176.0, 32.0, 1019.0, 664.0]
[16.0, 32.0, 860.0, 665.0]
[16.0, 0.0, 861.0, 634.0]
[144.0, 32.0, 990.0, 666.0]
[128.0, 32.0, 975.0, 667.0]
[160.0, 16.0, 1008.0, 652.0]
[32.0, 32.0, 881.0, 669.0]
[112.0, 32.0, 962.0, 670.0]
[0.0, 0.0, 851.0, 638.0]
[80.0, 16.0, 932.0, 655.0]
[16.0, 16.0, 869.0, 656.0]
[112.0, 0.0, 966.0, 640.0]
[128.0, 0.0, 983.0, 641.0]
[80.0, 16.0, 936.0, 658.0]
[160.0, 0.0, 1017.0, 643.0]
[160.0, 0.0, 1018.0, 644.0]
[32.0, 16.0, 891.0, 660.0]
[48.0, 32.0, 908.0, 677.0]
[32.0, 0.0, 893.0, 646.0]
[16.0, 0.0, 878.0, 646.0]
[80.0, 32.0, 943.0, 679.0]
[0.0, 32.0, 864.0, 680.0]
[16.0, 16.0, 881.0, 665.0]
[80.0, 16.0, 946.0, 666.0]
[112.0, 16.0, 979.0, 666.0]
[16.0, 32.0, 884.0, 683.0]
[80.0, 16.0, 949.0, 668.0]
[128.0, 16.0, 998.0, 668.0]
[48.0, 0.0, 919.0, 653.0]
[96.0, 16.0, 968.0, 670.0]
[144.0, 0.0, 1017.0, 655.0]
[96.0, 0.0, 970.0, 656.0]
[48.0, 0.0, 923.0, 656.0]
[32.0, 16.0, 908.0, 673.0]
[64.0, 0.0, 941.0, 658.0]
[32.0, 0.0, 910.0, 658.0]
[112.0, 16.0, 991.0, 675.0]
[64.0, 0.0, 944.0, 660.0]
[96.0, 0.0, 977.0, 661.0]
[16.0, 0.0, 898.0, 662.0]
[128.0, 0.0, 1011.0, 662.0]
[32.0, 16.0, 916.0, 679.0]
[16.0, 16.0, 901.0, 680.0]
[96.0, 0.0, 982.0, 664.0]
[112.0, 0.0, 999.0, 665.0]
[16.0, 0.0, 904.0, 666.0]
[96.0, 0.0, 985.0, 667.0]
[64.0, 0.0, 954.0, 668.0]
[64.0, 0.0, 955.0, 668.0]
[32.0, 0.0, 924.0, 669.0]
[80.0, 0.0, 973.0, 670.0]
[32.0, 0.0, 926.0, 670.0]
[48.0, 0.0, 943.0, 671.0]
[64.0, 0.0, 960.0, 672.0]
[80.0, 0.0, 977.0, 673.0]
[96.0, 0.0, 994.0, 674.0]
[80.0, 0.0, 979.0, 674.0]
[48.0, 0.0, 948.0, 675.0]
[112.0, 0.0, 1013.0, 676.0]
[64.0, 0.0, 966.0, 676.0]
[96.0, 0.0, 999.0, 677.0]
[48.0, 0.0, 952.0, 678.0]
[48.0, 0.0, 953.0, 679.0]
[80.0, 0.0, 986.0, 680.0]
[0.0, 0.0, 907.0, 680.0]
[0.0, 0.0, 908.0, 681.0]
[32.0, 0.0, 941.0, 682.0]
[48.0, 0.0, 958.0, 682.0]
[32.0, 0.0, 943.0, 683.0]
