[48.0, 48.0, 765.0, 586.0]
[208.0, 48.0, 926.0, 586.0]
[192.0, 32.0, 911.0, 571.0]
[128.0, 32.0, 848.0, 572.0]
[192.0, 32.0, 913.0, 573.0]
[224.0, 48.0, 946.0, 590.0]
[160.0, 48.0, 883.0, 590.0]
[208.0, 48.0, 932.0, 591.0]
[64.0, 48.0, 789.0, 592.0]
[224.0, 48.0, 950.0, 592.0]
[240.0, 48.0, 967.0, 593.0]
[224.0, 32.0, 952.0, 578.0]
[240.0, 32.0, 969.0, 579.0]
[224.0, 32.0, 954.0, 580.0]
[112.0, 32.0, 843.0, 580.0]
[224.0, 32.0, 956.0, 581.0]
[128.0, 16.0, 861.0, 566.0]
[240.0, 32.0, 974.0, 582.0]
[208.0, 32.0, 943.0, 583.0]
[48.0, 16.0, 784.0, 568.0]
[80.0, 16.0, 817.0, 569.0]
[144.0, 32.0, 882.0, 586.0]
[240.0, 16.0, 979.0, 570.0]
[224.0, 16.0, 964.0, 571.0]
[224.0, 16.0, 965.0, 572.0]
[128.0, 32.0, 870.0, 588.0]
[160.0, 16.0, 903.0, 573.0]
[240.0, 32.0, 984.0, 590.0]
[208.0, 16.0, 953.0, 575.0]
[80.0, 16.0, 826.0, 576.0]
[32.0, 16.0, 779.0, 576.0]
[96.0, 32.0, 844.0, 593.0]
[80.0, 0.0, 829.0, 562.0]
[160.0, 0.0, 910.0, 562.0]
[112.0, 0.0, 863.0, 563.0]
[208.0, 0.0, 960.0, 564.0]
[176.0, 0.0, 929.0, 565.0]
[176.0, 16.0, 930.0, 582.0]
[32.0, 16.0, 787.0, 582.0]
[48.0, 0.0, 804.0, 567.0]
[160.0, 16.0, 917.0, 584.0]
[208.0, 16.0, 966.0, 584.0]
[112.0, 16.0, 871.0, 585.0]
[128.0, 0.0, 888.0, 570.0]
[176.0, 0.0, 937.0, 571.0]
[208.0, 16.0, 970.0, 588.0]
[96.0, 16.0, 859.0, 588.0]
[112.0, 16.0, 876.0, 589.0]
[144.0, 0.0, 909.0, 574.0]
[32.0, 0.0, 798.0, 574.0]
[224.0, 0.0, 991.0, 575.0]
[112.0, 16.0, 880.0, 592.0]
[48.0, 16.0, 817.0, 593.0]
[128.0, 0.0, 898.0, 578.0]
[176.0, 0.0, 947.0, 578.0]
[192.0, 0.0, 964.0, 579.0]
[160.0, 0.0, 933.0, 580.0]
[144.0, 0.0, 918.0, 580.0]
[64.0, 0.0, 839.0, 581.0]
[112.0, 0.0, 888.0, 582.0]
[160.0, 0.0, 937.0, 583.0]
[112.0, 0.0, 890.0, 584.0]
[112.0, 0.0, 891.0, 584.0]
[32.0, 0.0, 812.0, 585.0]
[32.0, 0.0, 813.0, 586.0]
[208.0, 0.0, 990.0, 586.0]
[144.0, 0.0, 927.0, 587.0]
[48.0, 0.0, 832.0, 588.0]
[160.0, 0.0, 945.0, 589.0]
[208.0, 0.0, 994.0, 590.0]
[128.0, 0.0, 915.0, 590.0]
[192.0, 0.0, 980.0, 591.0]
[128.0, 0.0, 917.0, 592.0]
[96.0, 0.0, 886.0, 592.0]
[32.0, 0.0, 823.0, 593.0]
