[160.0, 112.0, 722.0, 861.0]
[128.0, 64.0, 690.0, 814.0]
[32.0, 96.0, 595.0, 847.0]
[128.0, 112.0, 692.0, 864.0]
[32.0, 96.0, 597.0, 849.0]
[48.0, 48.0, 614.0, 802.0]
[128.0, 80.0, 694.0, 835.0]
[144.0, 144.0, 711.0, 900.0]
[80.0, 128.0, 648.0, 885.0]
[64.0, 112.0, 632.0, 870.0]
[96.0, 80.0, 665.0, 839.0]
[144.0, 96.0, 714.0, 856.0]
[128.0, 64.0, 699.0, 825.0]
[96.0, 80.0, 668.0, 842.0]
[160.0, 112.0, 732.0, 875.0]
[48.0, 64.0, 621.0, 828.0]
[48.0, 80.0, 622.0, 845.0]
[80.0, 48.0, 654.0, 814.0]
[160.0, 32.0, 735.0, 799.0]
[96.0, 144.0, 672.0, 912.0]
[80.0, 112.0, 657.0, 881.0]
[112.0, 112.0, 690.0, 882.0]
[32.0, 144.0, 610.0, 915.0]
[176.0, 80.0, 755.0, 852.0]
[112.0, 112.0, 692.0, 885.0]
[144.0, 48.0, 724.0, 822.0]
[128.0, 144.0, 709.0, 919.0]
[16.0, 96.0, 598.0, 872.0]
[128.0, 112.0, 711.0, 889.0]
[128.0, 48.0, 712.0, 826.0]
[64.0, 32.0, 648.0, 811.0]
[144.0, 128.0, 729.0, 908.0]
[112.0, 16.0, 698.0, 797.0]
[32.0, 80.0, 618.0, 862.0]
[96.0, 128.0, 683.0, 911.0]
[64.0, 32.0, 652.0, 816.0]
[144.0, 80.0, 733.0, 865.0]
[32.0, 128.0, 622.0, 914.0]
[48.0, 0.0, 638.0, 787.0]
[32.0, 80.0, 623.0, 868.0]
[144.0, 96.0, 736.0, 885.0]
[80.0, 144.0, 672.0, 934.0]
[16.0, 32.0, 609.0, 823.0]
[32.0, 144.0, 626.0, 936.0]
[128.0, 16.0, 723.0, 809.0]
[128.0, 0.0, 724.0, 794.0]
[128.0, 112.0, 724.0, 907.0]
[48.0, 48.0, 645.0, 844.0]
[144.0, 32.0, 742.0, 829.0]
[144.0, 32.0, 742.0, 830.0]
[96.0, 80.0, 695.0, 879.0]
[160.0, 48.0, 760.0, 848.0]
[16.0, 64.0, 617.0, 865.0]
[0.0, 96.0, 602.0, 898.0]
[80.0, 0.0, 682.0, 803.0]
[64.0, 0.0, 667.0, 804.0]
[80.0, 0.0, 684.0, 805.0]
[144.0, 16.0, 748.0, 822.0]
[16.0, 112.0, 621.0, 919.0]
[48.0, 16.0, 654.0, 824.0]
[32.0, 64.0, 639.0, 873.0]
[48.0, 48.0, 656.0, 858.0]
[112.0, 112.0, 720.0, 923.0]
[0.0, 64.0, 609.0, 876.0]
[64.0, 64.0, 674.0, 877.0]
[96.0, 144.0, 706.0, 958.0]
[48.0, 0.0, 659.0, 815.0]
[80.0, 32.0, 692.0, 848.0]
[80.0, 112.0, 693.0, 929.0]
[48.0, 32.0, 662.0, 850.0]
[128.0, 32.0, 742.0, 851.0]
[16.0, 128.0, 631.0, 948.0]
[32.0, 64.0, 648.0, 885.0]
[80.0, 32.0, 696.0, 854.0]
[0.0, 64.0, 617.0, 887.0]
[128.0, 96.0, 746.0, 920.0]
[48.0, 144.0, 667.0, 969.0]
[80.0, 32.0, 700.0, 858.0]
[144.0, 48.0, 764.0, 875.0]
[80.0, 64.0, 701.0, 892.0]
[96.0, 16.0, 718.0, 845.0]
[128.0, 80.0, 750.0, 910.0]
[48.0, 48.0, 671.0, 879.0]
[80.0, 112.0, 704.0, 944.0]
[16.0, 64.0, 641.0, 897.0]
[80.0, 0.0, 706.0, 834.0]
[32.0, 64.0, 658.0, 899.0]
[112.0, 16.0, 739.0, 852.0]
[96.0, 48.0, 724.0, 885.0]
[48.0, 80.0, 676.0, 918.0]
[112.0, 96.0, 741.0, 935.0]
[80.0, 112.0, 710.0, 952.0]
[48.0, 16.0, 679.0, 857.0]
[64.0, 144.0, 696.0, 986.0]
[32.0, 144.0, 664.0, 987.0]
[64.0, 16.0, 697.0, 860.0]
[16.0, 96.0, 650.0, 941.0]
[96.0, 32.0, 730.0, 878.0]
[64.0, 48.0, 699.0, 895.0]
[80.0, 64.0, 716.0, 912.0]
[80.0, 48.0, 717.0, 897.0]
[32.0, 16.0, 670.0, 866.0]
[96.0, 16.0, 734.0, 867.0]
[112.0, 80.0, 751.0, 932.0]
[0.0, 0.0, 640.0, 853.0]
[96.0, 144.0, 736.0, 998.0]
[64.0, 128.0, 705.0, 983.0]
[32.0, 16.0, 674.0, 872.0]
[48.0, 80.0, 691.0, 937.0]
[80.0, 64.0, 724.0, 922.0]
[32.0, 128.0, 676.0, 987.0]
[112.0, 96.0, 757.0, 956.0]
[96.0, 112.0, 742.0, 973.0]
[0.0, 80.0, 646.0, 942.0]
[32.0, 32.0, 679.0, 895.0]
[48.0, 16.0, 696.0, 880.0]
[64.0, 96.0, 713.0, 961.0]
[32.0, 16.0, 682.0, 882.0]
[96.0, 112.0, 746.0, 979.0]
[80.0, 16.0, 731.0, 884.0]
[16.0, 16.0, 668.0, 885.0]
[32.0, 144.0, 684.0, 1014.0]
[112.0, 32.0, 765.0, 903.0]
[112.0, 16.0, 766.0, 888.0]
[48.0, 96.0, 703.0, 969.0]
[32.0, 112.0, 688.0, 986.0]
[96.0, 0.0, 752.0, 875.0]
[64.0, 64.0, 721.0, 940.0]
[64.0, 32.0, 722.0, 909.0]
[0.0, 64.0, 658.0, 942.0]
[80.0, 64.0, 739.0, 943.0]
[64.0, 96.0, 724.0, 976.0]
[16.0, 112.0, 677.0, 993.0]
[64.0, 16.0, 726.0, 898.0]
[0.0, 32.0, 662.0, 915.0]
[0.0, 32.0, 663.0, 916.0]
[96.0, 16.0, 760.0, 901.0]
[48.0, 16.0, 712.0, 902.0]
[48.0, 0.0, 713.0, 887.0]
[96.0, 48.0, 762.0, 936.0]
[0.0, 112.0, 667.0, 1001.0]
[16.0, 48.0, 684.0, 938.0]
[64.0, 112.0, 732.0, 1003.0]
[96.0, 112.0, 765.0, 1004.0]
[48.0, 32.0, 718.0, 925.0]
[16.0, 112.0, 686.0, 1006.0]
[48.0, 32.0, 719.0, 927.0]
[64.0, 0.0, 736.0, 896.0]
[64.0, 0.0, 737.0, 897.0]
[32.0, 32.0, 706.0, 930.0]
[80.0, 96.0, 754.0, 995.0]
[64.0, 96.0, 739.0, 996.0]
[80.0, 112.0, 756.0, 1013.0]
[80.0, 16.0, 756.0, 918.0]
[32.0, 112.0, 709.0, 1015.0]
[64.0, 96.0, 742.0, 1000.0]
[48.0, 80.0, 727.0, 985.0]
[80.0, 16.0, 760.0, 922.0]
[0.0, 80.0, 680.0, 987.0]
[64.0, 48.0, 745.0, 956.0]
[32.0, 48.0, 714.0, 957.0]
[48.0, 48.0, 730.0, 958.0]
[16.0, 48.0, 699.0, 959.0]
[16.0, 80.0, 700.0, 992.0]
[0.0, 0.0, 685.0, 913.0]
[0.0, 96.0, 686.0, 1010.0]
[0.0, 96.0, 686.0, 1011.0]
[32.0, 64.0, 719.0, 980.0]
[16.0, 96.0, 704.0, 1013.0]
[80.0, 80.0, 768.0, 998.0]
[16.0, 80.0, 705.0, 999.0]
[32.0, 80.0, 722.0, 1000.0]
[16.0, 96.0, 707.0, 1017.0]
[48.0, 96.0, 740.0, 1018.0]
[0.0, 32.0, 692.0, 955.0]
[64.0, 0.0, 757.0, 924.0]
[0.0, 16.0, 694.0, 941.0]
[0.0, 48.0, 694.0, 974.0]
[64.0, 96.0, 759.0, 1023.0]
[16.0, 80.0, 712.0, 1008.0]
[16.0, 64.0, 713.0, 993.0]
[64.0, 48.0, 762.0, 978.0]
[48.0, 16.0, 746.0, 947.0]
[32.0, 0.0, 731.0, 932.0]
[0.0, 32.0, 700.0, 965.0]
[32.0, 32.0, 732.0, 966.0]
[16.0, 64.0, 717.0, 999.0]
[48.0, 80.0, 750.0, 1016.0]
[64.0, 80.0, 767.0, 1017.0]
[64.0, 16.0, 768.0, 954.0]
[0.0, 80.0, 704.0, 1019.0]
[32.0, 16.0, 737.0, 956.0]
[48.0, 16.0, 754.0, 957.0]
[48.0, 64.0, 754.0, 1006.0]
[16.0, 48.0, 723.0, 991.0]
[0.0, 64.0, 708.0, 1008.0]
[32.0, 48.0, 741.0, 993.0]
[16.0, 16.0, 726.0, 962.0]
[48.0, 16.0, 758.0, 963.0]
[32.0, 0.0, 743.0, 948.0]
[48.0, 48.0, 760.0, 997.0]
[48.0, 16.0, 760.0, 966.0]
[48.0, 32.0, 761.0, 983.0]
[16.0, 32.0, 730.0, 984.0]
[32.0, 64.0, 747.0, 1017.0]
[32.0, 48.0, 748.0, 1002.0]
[32.0, 64.0, 748.0, 1019.0]
[16.0, 32.0, 733.0, 988.0]
[0.0, 32.0, 718.0, 989.0]
[0.0, 32.0, 718.0, 990.0]
[0.0, 32.0, 719.0, 991.0]
[32.0, 64.0, 752.0, 1024.0]
[32.0, 16.0, 753.0, 977.0]
[32.0, 0.0, 754.0, 962.0]
[32.0, 16.0, 754.0, 979.0]
[16.0, 48.0, 739.0, 1012.0]
[16.0, 32.0, 740.0, 997.0]
[32.0, 48.0, 756.0, 1014.0]
[0.0, 32.0, 725.0, 999.0]
[32.0, 32.0, 758.0, 1000.0]
[16.0, 48.0, 743.0, 1017.0]
[0.0, 48.0, 728.0, 1018.0]
[32.0, 16.0, 760.0, 987.0]
[32.0, 32.0, 761.0, 1004.0]
[0.0, 48.0, 730.0, 1021.0]
[0.0, 0.0, 730.0, 974.0]
[16.0, 32.0, 747.0, 1007.0]
[0.0, 16.0, 732.0, 992.0]
[0.0, 0.0, 733.0, 977.0]
[0.0, 16.0, 734.0, 994.0]
[32.0, 16.0, 766.0, 995.0]
[16.0, 32.0, 751.0, 1012.0]
[0.0, 32.0, 736.0, 1013.0]
[16.0, 32.0, 752.0, 1014.0]
[0.0, 0.0, 737.0, 983.0]
[0.0, 16.0, 738.0, 1000.0]
[16.0, 16.0, 755.0, 1001.0]
[0.0, 32.0, 740.0, 1018.0]
[0.0, 0.0, 740.0, 987.0]
[16.0, 16.0, 757.0, 1004.0]
[0.0, 16.0, 742.0, 1005.0]
[0.0, 16.0, 742.0, 1006.0]
[16.0, 32.0, 759.0, 1023.0]
[0.0, 16.0, 744.0, 1008.0]
[16.0, 0.0, 761.0, 993.0]
[0.0, 0.0, 746.0, 994.0]
[0.0, 0.0, 746.0, 995.0]
[16.0, 0.0, 763.0, 996.0]
[16.0, 16.0, 764.0, 1013.0]
[0.0, 16.0, 748.0, 1014.0]
[16.0, 0.0, 765.0, 999.0]
[16.0, 0.0, 766.0, 1000.0]
[0.0, 0.0, 751.0, 1001.0]
[16.0, 0.0, 768.0, 1002.0]
[16.0, 0.0, 768.0, 1003.0]
[0.0, 16.0, 753.0, 1020.0]
[0.0, 0.0, 754.0, 1005.0]
[0.0, 0.0, 754.0, 1006.0]
[0.0, 16.0, 755.0, 1023.0]
[0.0, 0.0, 756.0, 1008.0]
[0.0, 0.0, 757.0, 1009.0]
[0.0, 0.0, 758.0, 1010.0]
[0.0, 0.0, 758.0, 1011.0]
[0.0, 0.0, 759.0, 1012.0]
[0.0, 0.0, 760.0, 1013.0]
[0.0, 0.0, 760.0, 1014.0]
[0.0, 0.0, 761.0, 1015.0]
[0.0, 0.0, 762.0, 1016.0]
[0.0, 0.0, 763.0, 1017.0]
[0.0, 0.0, 764.0, 1018.0]
[0.0, 0.0, 764.0, 1019.0]
[0.0, 0.0, 765.0, 1020.0]
[0.0, 0.0, 766.0, 1021.0]
[0.0, 0.0, 766.0, 1022.0]
[0.0, 0.0, 767.0, 1023.0]
[0.0, 0.0, 768.0, 1024.0]
