[224.0, 128.0, 941.0, 666.0]
[256.0, 64.0, 974.0, 602.0]
[208.0, 32.0, 927.0, 571.0]
[240.0, 96.0, 960.0, 636.0]
[272.0, 96.0, 993.0, 637.0]
[144.0, 96.0, 866.0, 638.0]
[272.0, 48.0, 995.0, 590.0]
[176.0, 48.0, 900.0, 591.0]
[272.0, 96.0, 997.0, 640.0]
[224.0, 16.0, 950.0, 560.0]
[144.0, 128.0, 871.0, 673.0]
[176.0, 128.0, 904.0, 674.0]
[240.0, 48.0, 969.0, 595.0]
[288.0, 64.0, 1018.0, 612.0]
[160.0, 64.0, 891.0, 612.0]
[176.0, 128.0, 908.0, 677.0]
[192.0, 128.0, 925.0, 678.0]
[208.0, 16.0, 942.0, 566.0]
[176.0, 64.0, 911.0, 615.0]
[176.0, 64.0, 912.0, 616.0]
[192.0, 80.0, 929.0, 633.0]
[224.0, 64.0, 962.0, 618.0]
[272.0, 112.0, 1011.0, 666.0]
[224.0, 48.0, 964.0, 603.0]
[224.0, 64.0, 965.0, 620.0]
[144.0, 96.0, 886.0, 652.0]
[240.0, 80.0, 983.0, 637.0]
[256.0, 16.0, 1000.0, 574.0]
[160.0, 64.0, 905.0, 623.0]
[176.0, 32.0, 922.0, 592.0]
[224.0, 112.0, 971.0, 672.0]
[144.0, 96.0, 892.0, 657.0]
[240.0, 48.0, 989.0, 610.0]
[192.0, 80.0, 942.0, 642.0]
[240.0, 0.0, 991.0, 563.0]
[272.0, 48.0, 1024.0, 612.0]
[224.0, 0.0, 977.0, 565.0]
[224.0, 64.0, 978.0, 630.0]
[128.0, 80.0, 883.0, 646.0]
[256.0, 112.0, 1012.0, 679.0]
[208.0, 80.0, 965.0, 648.0]
[192.0, 80.0, 950.0, 648.0]
[240.0, 16.0, 999.0, 585.0]
[256.0, 16.0, 1016.0, 586.0]
[160.0, 64.0, 921.0, 635.0]
[256.0, 32.0, 1018.0, 604.0]
[176.0, 32.0, 939.0, 604.0]
[176.0, 64.0, 940.0, 637.0]
[192.0, 0.0, 957.0, 574.0]
[208.0, 48.0, 974.0, 622.0]
[224.0, 48.0, 991.0, 623.0]
[96.0, 96.0, 864.0, 672.0]
[208.0, 32.0, 977.0, 609.0]
[112.0, 64.0, 882.0, 642.0]
[192.0, 80.0, 963.0, 658.0]
[160.0, 32.0, 932.0, 611.0]
[224.0, 48.0, 997.0, 628.0]
[224.0, 64.0, 998.0, 644.0]
[224.0, 80.0, 999.0, 661.0]
[192.0, 0.0, 968.0, 582.0]
[192.0, 16.0, 969.0, 599.0]
[96.0, 80.0, 874.0, 664.0]
[208.0, 96.0, 987.0, 680.0]
[160.0, 64.0, 940.0, 649.0]
[240.0, 32.0, 1021.0, 618.0]
[160.0, 64.0, 942.0, 650.0]
[144.0, 16.0, 927.0, 603.0]
[240.0, 64.0, 1024.0, 652.0]
[176.0, 48.0, 961.0, 637.0]
[208.0, 48.0, 994.0, 638.0]
[112.0, 80.0, 899.0, 670.0]
[128.0, 80.0, 916.0, 671.0]
[160.0, 0.0, 949.0, 592.0]
[176.0, 32.0, 966.0, 624.0]
[224.0, 0.0, 1015.0, 593.0]
[224.0, 80.0, 1016.0, 674.0]
[176.0, 32.0, 969.0, 627.0]
[128.0, 32.0, 922.0, 628.0]
[192.0, 0.0, 987.0, 596.0]
[128.0, 64.0, 924.0, 661.0]
[160.0, 48.0, 957.0, 646.0]
[176.0, 32.0, 974.0, 630.0]
[224.0, 16.0, 1023.0, 615.0]
[80.0, 64.0, 880.0, 664.0]
[192.0, 64.0, 993.0, 665.0]
[208.0, 32.0, 1010.0, 634.0]
[160.0, 0.0, 963.0, 602.0]
[176.0, 0.0, 980.0, 603.0]
[176.0, 64.0, 981.0, 668.0]
[160.0, 0.0, 966.0, 604.0]
[208.0, 32.0, 1015.0, 637.0]
[176.0, 48.0, 984.0, 654.0]
[128.0, 64.0, 937.0, 671.0]
[128.0, 16.0, 938.0, 624.0]
[208.0, 16.0, 1019.0, 624.0]
[192.0, 16.0, 1004.0, 625.0]
[208.0, 32.0, 1021.0, 642.0]
[112.0, 48.0, 926.0, 658.0]
[160.0, 48.0, 975.0, 659.0]
[176.0, 32.0, 992.0, 644.0]
[128.0, 16.0, 945.0, 629.0]
[128.0, 64.0, 946.0, 678.0]
[80.0, 64.0, 899.0, 678.0]
[176.0, 32.0, 996.0, 647.0]
[176.0, 16.0, 997.0, 632.0]
[160.0, 64.0, 982.0, 680.0]
[160.0, 0.0, 983.0, 617.0]
[144.0, 64.0, 968.0, 682.0]
[144.0, 16.0, 969.0, 635.0]
[192.0, 48.0, 1018.0, 668.0]
[96.0, 16.0, 923.0, 636.0]
[144.0, 48.0, 972.0, 669.0]
[192.0, 16.0, 1021.0, 638.0]
[192.0, 0.0, 1022.0, 622.0]
[176.0, 16.0, 1007.0, 639.0]
[80.0, 48.0, 912.0, 672.0]
[128.0, 48.0, 961.0, 673.0]
[176.0, 48.0, 1010.0, 674.0]
[144.0, 32.0, 979.0, 658.0]
[144.0, 0.0, 980.0, 627.0]
[176.0, 32.0, 1013.0, 660.0]
[96.0, 16.0, 934.0, 644.0]
[160.0, 48.0, 999.0, 677.0]
[176.0, 16.0, 1016.0, 646.0]
[144.0, 48.0, 985.0, 679.0]
[144.0, 48.0, 986.0, 680.0]
[176.0, 0.0, 1019.0, 632.0]
[96.0, 16.0, 940.0, 649.0]
[128.0, 48.0, 973.0, 682.0]
[96.0, 48.0, 942.0, 682.0]
[176.0, 16.0, 1023.0, 651.0]
[112.0, 16.0, 960.0, 652.0]
[160.0, 0.0, 1009.0, 637.0]
[112.0, 0.0, 962.0, 638.0]
[112.0, 0.0, 963.0, 638.0]
[128.0, 16.0, 980.0, 655.0]
[96.0, 32.0, 949.0, 672.0]
[112.0, 0.0, 966.0, 640.0]
[144.0, 0.0, 999.0, 641.0]
[160.0, 32.0, 1016.0, 674.0]
[112.0, 16.0, 969.0, 659.0]
[112.0, 0.0, 970.0, 644.0]
[96.0, 32.0, 955.0, 676.0]
[144.0, 32.0, 1004.0, 677.0]
[80.0, 32.0, 941.0, 678.0]
[112.0, 0.0, 974.0, 646.0]
[96.0, 0.0, 959.0, 647.0]
[96.0, 32.0, 960.0, 680.0]
[112.0, 16.0, 977.0, 665.0]
[112.0, 32.0, 978.0, 682.0]
[144.0, 32.0, 1011.0, 682.0]
[144.0, 16.0, 1012.0, 667.0]
[128.0, 0.0, 997.0, 652.0]
[144.0, 0.0, 1014.0, 652.0]
[80.0, 0.0, 951.0, 653.0]
[96.0, 0.0, 968.0, 654.0]
[96.0, 0.0, 969.0, 655.0]
[128.0, 16.0, 1002.0, 672.0]
[96.0, 0.0, 971.0, 656.0]
[96.0, 16.0, 972.0, 673.0]
[144.0, 0.0, 1021.0, 658.0]
[112.0, 0.0, 990.0, 658.0]
[128.0, 16.0, 1007.0, 675.0]
[96.0, 0.0, 976.0, 660.0]
[112.0, 16.0, 993.0, 677.0]
[112.0, 16.0, 994.0, 678.0]
[80.0, 0.0, 963.0, 662.0]
[128.0, 0.0, 1012.0, 663.0]
[80.0, 0.0, 965.0, 664.0]
[128.0, 16.0, 1014.0, 680.0]
[112.0, 0.0, 999.0, 665.0]
[80.0, 0.0, 968.0, 666.0]
[80.0, 0.0, 969.0, 667.0]
[112.0, 0.0, 1002.0, 668.0]
[96.0, 0.0, 987.0, 668.0]
[112.0, 0.0, 1004.0, 669.0]
[96.0, 0.0, 989.0, 670.0]
[96.0, 0.0, 990.0, 670.0]
[112.0, 0.0, 1007.0, 671.0]
[80.0, 0.0, 976.0, 672.0]
[112.0, 0.0, 1009.0, 673.0]
[80.0, 0.0, 978.0, 674.0]
[112.0, 0.0, 1011.0, 674.0]
[112.0, 0.0, 1012.0, 675.0]
[80.0, 0.0, 981.0, 676.0]
[96.0, 0.0, 998.0, 676.0]
[96.0, 0.0, 999.0, 677.0]
[96.0, 0.0, 1000.0, 678.0]
[80.0, 0.0, 985.0, 679.0]
[96.0, 0.0, 1002.0, 680.0]
[80.0, 0.0, 987.0, 680.0]
[80.0, 0.0, 988.0, 681.0]
[96.0, 0.0, 1005.0, 682.0]
[80.0, 0.0, 990.0, 682.0]
