[160.0, 32.0, 877.0, 570.0]
[48.0, 48.0, 766.0, 586.0]
[80.0, 32.0, 799.0, 571.0]
[144.0, 0.0, 864.0, 540.0]
[192.0, 32.0, 913.0, 573.0]
[96.0, 64.0, 818.0, 606.0]
[80.0, 48.0, 803.0, 590.0]
[128.0, 0.0, 852.0, 543.0]
[64.0, 32.0, 789.0, 576.0]
[128.0, 32.0, 854.0, 576.0]
[80.0, 32.0, 807.0, 577.0]
[32.0, 0.0, 760.0, 546.0]
[32.0, 16.0, 761.0, 563.0]
[96.0, 64.0, 826.0, 612.0]
[224.0, 0.0, 955.0, 548.0]
[0.0, 16.0, 732.0, 565.0]
[176.0, 32.0, 909.0, 582.0]
[208.0, 16.0, 942.0, 566.0]
[80.0, 16.0, 815.0, 567.0]
[80.0, 48.0, 816.0, 600.0]
[80.0, 32.0, 817.0, 585.0]
[80.0, 0.0, 818.0, 554.0]
[48.0, 48.0, 787.0, 602.0]
[48.0, 48.0, 788.0, 603.0]
[128.0, 0.0, 869.0, 556.0]
[160.0, 48.0, 902.0, 604.0]
[96.0, 0.0, 839.0, 557.0]
[112.0, 32.0, 856.0, 590.0]
[0.0, 32.0, 745.0, 591.0]
[16.0, 0.0, 762.0, 560.0]
[64.0, 16.0, 811.0, 576.0]
[80.0, 32.0, 828.0, 593.0]
[176.0, 16.0, 925.0, 578.0]
[112.0, 0.0, 862.0, 562.0]
[80.0, 16.0, 831.0, 579.0]
[64.0, 48.0, 816.0, 612.0]
[48.0, 16.0, 801.0, 581.0]
[112.0, 32.0, 866.0, 598.0]
[0.0, 32.0, 755.0, 598.0]
[192.0, 32.0, 948.0, 599.0]
[16.0, 0.0, 773.0, 568.0]
[48.0, 16.0, 806.0, 584.0]
[48.0, 64.0, 807.0, 633.0]
[48.0, 16.0, 808.0, 586.0]
[80.0, 64.0, 841.0, 635.0]
[80.0, 48.0, 842.0, 620.0]
[80.0, 64.0, 843.0, 636.0]
[48.0, 16.0, 812.0, 589.0]
[48.0, 64.0, 813.0, 638.0]
[192.0, 32.0, 958.0, 606.0]
[176.0, 16.0, 943.0, 591.0]
[0.0, 32.0, 768.0, 608.0]
[160.0, 0.0, 929.0, 577.0]
[128.0, 32.0, 898.0, 610.0]
[32.0, 0.0, 803.0, 578.0]
[48.0, 0.0, 820.0, 579.0]
[80.0, 32.0, 853.0, 612.0]
[96.0, 64.0, 870.0, 644.0]
[16.0, 48.0, 791.0, 629.0]
[128.0, 64.0, 904.0, 646.0]
[112.0, 48.0, 889.0, 631.0]
[80.0, 32.0, 858.0, 616.0]
[48.0, 64.0, 827.0, 648.0]
[64.0, 32.0, 844.0, 617.0]
[16.0, 48.0, 797.0, 634.0]
[112.0, 64.0, 894.0, 650.0]
[176.0, 0.0, 959.0, 587.0]
[32.0, 48.0, 816.0, 636.0]
[128.0, 64.0, 913.0, 653.0]
[64.0, 0.0, 850.0, 590.0]
[80.0, 0.0, 867.0, 590.0]
[144.0, 48.0, 932.0, 639.0]
[128.0, 0.0, 917.0, 592.0]
[32.0, 32.0, 822.0, 624.0]
[144.0, 32.0, 935.0, 625.0]
[112.0, 32.0, 904.0, 626.0]
[80.0, 48.0, 873.0, 643.0]
[48.0, 0.0, 842.0, 596.0]
[16.0, 16.0, 811.0, 612.0]
[32.0, 0.0, 828.0, 597.0]
[64.0, 64.0, 861.0, 662.0]
[144.0, 32.0, 942.0, 630.0]
[96.0, 0.0, 895.0, 599.0]
[128.0, 48.0, 928.0, 648.0]
[0.0, 16.0, 801.0, 617.0]
[16.0, 0.0, 818.0, 602.0]
[80.0, 32.0, 883.0, 634.0]
[16.0, 32.0, 820.0, 635.0]
[64.0, 32.0, 869.0, 636.0]
[80.0, 32.0, 886.0, 636.0]
[144.0, 32.0, 951.0, 637.0]
[64.0, 16.0, 872.0, 622.0]
[48.0, 48.0, 857.0, 655.0]
[32.0, 48.0, 842.0, 656.0]
[0.0, 16.0, 811.0, 624.0]
[48.0, 64.0, 860.0, 673.0]
[80.0, 32.0, 893.0, 642.0]
[32.0, 0.0, 846.0, 610.0]
[112.0, 48.0, 927.0, 659.0]
[48.0, 48.0, 864.0, 660.0]
[128.0, 0.0, 945.0, 613.0]
[16.0, 0.0, 834.0, 614.0]
[64.0, 64.0, 883.0, 678.0]
[112.0, 32.0, 932.0, 647.0]
[16.0, 0.0, 837.0, 616.0]
[32.0, 64.0, 854.0, 680.0]
[16.0, 16.0, 839.0, 633.0]
[96.0, 32.0, 920.0, 650.0]
[96.0, 16.0, 921.0, 635.0]
[80.0, 64.0, 906.0, 684.0]
[64.0, 0.0, 891.0, 620.0]
[112.0, 0.0, 940.0, 621.0]
[80.0, 16.0, 909.0, 638.0]
[80.0, 0.0, 910.0, 622.0]
[80.0, 16.0, 911.0, 639.0]
[112.0, 32.0, 944.0, 656.0]
[32.0, 48.0, 865.0, 673.0]
[96.0, 32.0, 930.0, 658.0]
[80.0, 16.0, 915.0, 642.0]
[0.0, 0.0, 836.0, 627.0]
[48.0, 32.0, 885.0, 660.0]
[32.0, 48.0, 870.0, 676.0]
[0.0, 32.0, 839.0, 661.0]
[96.0, 32.0, 936.0, 662.0]
[32.0, 48.0, 873.0, 679.0]
[64.0, 48.0, 906.0, 680.0]
[80.0, 48.0, 923.0, 680.0]
[96.0, 16.0, 940.0, 649.0]
[32.0, 48.0, 877.0, 682.0]
[16.0, 48.0, 862.0, 682.0]
[64.0, 32.0, 911.0, 667.0]
[80.0, 16.0, 928.0, 652.0]
[112.0, 32.0, 961.0, 669.0]
[64.0, 0.0, 914.0, 638.0]
[0.0, 0.0, 851.0, 638.0]
[96.0, 16.0, 948.0, 655.0]
[112.0, 16.0, 965.0, 656.0]
[16.0, 16.0, 870.0, 656.0]
[80.0, 32.0, 935.0, 673.0]
[96.0, 0.0, 952.0, 642.0]
[16.0, 0.0, 873.0, 643.0]
[32.0, 16.0, 890.0, 660.0]
[64.0, 48.0, 923.0, 692.0]
[0.0, 16.0, 860.0, 661.0]
[32.0, 32.0, 893.0, 678.0]
[32.0, 0.0, 894.0, 646.0]
[0.0, 32.0, 863.0, 679.0]
[16.0, 48.0, 880.0, 696.0]
[64.0, 0.0, 929.0, 649.0]
[80.0, 32.0, 946.0, 682.0]
[64.0, 0.0, 931.0, 650.0]
[48.0, 16.0, 916.0, 667.0]
[0.0, 0.0, 869.0, 652.0]
[64.0, 32.0, 934.0, 684.0]
[16.0, 0.0, 887.0, 653.0]
[0.0, 16.0, 872.0, 670.0]
[32.0, 32.0, 905.0, 687.0]
[80.0, 16.0, 954.0, 672.0]
[16.0, 16.0, 891.0, 672.0]
[64.0, 16.0, 940.0, 673.0]
[64.0, 32.0, 941.0, 690.0]
[80.0, 32.0, 958.0, 690.0]
[16.0, 32.0, 895.0, 691.0]
[32.0, 16.0, 912.0, 676.0]
[32.0, 16.0, 913.0, 677.0]
[64.0, 16.0, 946.0, 678.0]
[80.0, 16.0, 963.0, 678.0]
[32.0, 16.0, 916.0, 679.0]
[0.0, 16.0, 885.0, 680.0]
[48.0, 0.0, 934.0, 664.0]
[48.0, 16.0, 935.0, 681.0]
[32.0, 16.0, 920.0, 682.0]
[64.0, 0.0, 953.0, 667.0]
[64.0, 16.0, 954.0, 684.0]
[16.0, 0.0, 907.0, 668.0]
[32.0, 16.0, 924.0, 685.0]
[48.0, 16.0, 941.0, 686.0]
[0.0, 0.0, 894.0, 670.0]
[16.0, 0.0, 911.0, 671.0]
[16.0, 16.0, 912.0, 688.0]
[16.0, 0.0, 913.0, 673.0]
[64.0, 0.0, 962.0, 674.0]
[16.0, 16.0, 915.0, 690.0]
[48.0, 0.0, 948.0, 675.0]
[64.0, 16.0, 965.0, 692.0]
[16.0, 0.0, 918.0, 676.0]
[0.0, 0.0, 903.0, 677.0]
[48.0, 16.0, 952.0, 694.0]
[16.0, 0.0, 921.0, 679.0]
[32.0, 0.0, 938.0, 680.0]
[32.0, 0.0, 939.0, 680.0]
[16.0, 0.0, 924.0, 681.0]
[48.0, 0.0, 957.0, 682.0]
[16.0, 0.0, 926.0, 682.0]
[0.0, 0.0, 911.0, 683.0]
[16.0, 0.0, 928.0, 684.0]
[0.0, 0.0, 913.0, 685.0]
[16.0, 0.0, 930.0, 686.0]
[32.0, 0.0, 947.0, 686.0]
[48.0, 0.0, 964.0, 687.0]
[32.0, 0.0, 949.0, 688.0]
[16.0, 0.0, 934.0, 688.0]
[32.0, 0.0, 951.0, 689.0]
[16.0, 0.0, 936.0, 690.0]
