[224.0, 32.0, 965.0, 588.0]
[48.0, 96.0, 790.0, 652.0]
[96.0, 48.0, 839.0, 605.0]
[64.0, 64.0, 808.0, 622.0]
[160.0, 48.0, 905.0, 607.0]
[192.0, 96.0, 938.0, 656.0]
[96.0, 80.0, 843.0, 640.0]
[48.0, 96.0, 796.0, 657.0]
[160.0, 64.0, 909.0, 626.0]
[192.0, 32.0, 942.0, 594.0]
[96.0, 80.0, 847.0, 643.0]
[48.0, 80.0, 800.0, 644.0]
[64.0, 64.0, 817.0, 629.0]
[176.0, 80.0, 930.0, 646.0]
[112.0, 96.0, 867.0, 662.0]
[128.0, 32.0, 884.0, 599.0]
[208.0, 80.0, 965.0, 648.0]
[32.0, 48.0, 790.0, 616.0]
[64.0, 64.0, 823.0, 633.0]
[224.0, 96.0, 984.0, 666.0]
[48.0, 96.0, 809.0, 667.0]
[192.0, 96.0, 954.0, 668.0]
[80.0, 16.0, 843.0, 588.0]
[112.0, 80.0, 876.0, 653.0]
[208.0, 48.0, 973.0, 622.0]
[224.0, 64.0, 990.0, 638.0]
[16.0, 32.0, 783.0, 607.0]
[176.0, 32.0, 944.0, 608.0]
[208.0, 32.0, 977.0, 609.0]
[112.0, 48.0, 882.0, 626.0]
[112.0, 64.0, 883.0, 642.0]
[32.0, 32.0, 804.0, 611.0]
[176.0, 64.0, 949.0, 644.0]
[64.0, 16.0, 838.0, 596.0]
[128.0, 48.0, 903.0, 629.0]
[80.0, 96.0, 856.0, 678.0]
[144.0, 48.0, 921.0, 631.0]
[112.0, 0.0, 890.0, 584.0]
[160.0, 80.0, 939.0, 664.0]
[224.0, 80.0, 1004.0, 665.0]
[240.0, 32.0, 1021.0, 618.0]
[96.0, 96.0, 878.0, 682.0]
[192.0, 32.0, 975.0, 619.0]
[144.0, 32.0, 928.0, 620.0]
[96.0, 48.0, 881.0, 637.0]
[128.0, 64.0, 914.0, 654.0]
[80.0, 48.0, 867.0, 638.0]
[32.0, 32.0, 820.0, 623.0]
[48.0, 64.0, 837.0, 656.0]
[128.0, 0.0, 918.0, 592.0]
[144.0, 80.0, 935.0, 673.0]
[32.0, 48.0, 824.0, 642.0]
[0.0, 32.0, 793.0, 627.0]
[96.0, 32.0, 890.0, 628.0]
[224.0, 48.0, 1019.0, 644.0]
[192.0, 80.0, 988.0, 677.0]
[96.0, 48.0, 893.0, 646.0]
[144.0, 0.0, 942.0, 598.0]
[144.0, 80.0, 943.0, 679.0]
[112.0, 0.0, 912.0, 600.0]
[96.0, 48.0, 897.0, 649.0]
[96.0, 16.0, 898.0, 618.0]
[96.0, 16.0, 899.0, 618.0]
[128.0, 80.0, 932.0, 683.0]
[80.0, 32.0, 885.0, 636.0]
[16.0, 64.0, 822.0, 668.0]
[208.0, 64.0, 1015.0, 669.0]
[48.0, 64.0, 856.0, 670.0]
[128.0, 0.0, 937.0, 607.0]
[208.0, 48.0, 1018.0, 656.0]
[96.0, 16.0, 907.0, 624.0]
[128.0, 32.0, 940.0, 641.0]
[64.0, 16.0, 877.0, 626.0]
[144.0, 48.0, 958.0, 658.0]
[32.0, 64.0, 847.0, 675.0]
[112.0, 0.0, 928.0, 612.0]
[128.0, 64.0, 945.0, 677.0]
[160.0, 32.0, 978.0, 646.0]
[112.0, 16.0, 931.0, 630.0]
[192.0, 16.0, 1012.0, 631.0]
[112.0, 48.0, 933.0, 664.0]
[80.0, 0.0, 902.0, 616.0]
[32.0, 48.0, 855.0, 665.0]
[48.0, 32.0, 872.0, 650.0]
[160.0, 48.0, 985.0, 667.0]
[128.0, 32.0, 954.0, 652.0]
[0.0, 16.0, 827.0, 636.0]
[176.0, 32.0, 1004.0, 653.0]
[112.0, 48.0, 941.0, 670.0]
[176.0, 48.0, 1006.0, 670.0]
[176.0, 32.0, 1007.0, 655.0]
[0.0, 16.0, 832.0, 640.0]
[128.0, 0.0, 961.0, 625.0]
[80.0, 16.0, 914.0, 642.0]
[64.0, 32.0, 899.0, 658.0]
[32.0, 0.0, 868.0, 627.0]
[32.0, 16.0, 869.0, 644.0]
[128.0, 32.0, 966.0, 660.0]
[0.0, 0.0, 839.0, 629.0]
[176.0, 0.0, 1016.0, 630.0]
[176.0, 0.0, 1017.0, 631.0]
[0.0, 16.0, 842.0, 648.0]
[112.0, 32.0, 955.0, 664.0]
[112.0, 48.0, 956.0, 681.0]
[48.0, 16.0, 893.0, 650.0]
[112.0, 48.0, 958.0, 682.0]
[112.0, 32.0, 959.0, 667.0]
[16.0, 16.0, 864.0, 652.0]
[48.0, 16.0, 897.0, 653.0]
[128.0, 32.0, 978.0, 670.0]
[128.0, 0.0, 979.0, 638.0]
[96.0, 16.0, 948.0, 655.0]
[80.0, 16.0, 933.0, 656.0]
[48.0, 32.0, 902.0, 672.0]
[112.0, 32.0, 967.0, 673.0]
[32.0, 16.0, 888.0, 658.0]
[96.0, 32.0, 953.0, 675.0]
[32.0, 32.0, 890.0, 676.0]
[112.0, 16.0, 971.0, 660.0]
[144.0, 32.0, 1004.0, 677.0]
[16.0, 32.0, 877.0, 678.0]
[64.0, 16.0, 926.0, 662.0]
[16.0, 32.0, 879.0, 679.0]
[160.0, 0.0, 1024.0, 648.0]
[96.0, 32.0, 961.0, 681.0]
[80.0, 32.0, 946.0, 682.0]
[80.0, 32.0, 947.0, 682.0]
[80.0, 32.0, 948.0, 683.0]
[96.0, 16.0, 965.0, 668.0]
[0.0, 0.0, 870.0, 652.0]
[128.0, 0.0, 999.0, 653.0]
[96.0, 16.0, 968.0, 670.0]
[48.0, 0.0, 921.0, 655.0]
[64.0, 16.0, 938.0, 672.0]
[144.0, 16.0, 1019.0, 672.0]
[144.0, 16.0, 1020.0, 673.0]
[48.0, 0.0, 925.0, 658.0]
[96.0, 0.0, 974.0, 658.0]
[48.0, 0.0, 927.0, 659.0]
[96.0, 0.0, 976.0, 660.0]
[48.0, 16.0, 929.0, 677.0]
[16.0, 16.0, 898.0, 678.0]
[96.0, 0.0, 979.0, 662.0]
[64.0, 16.0, 948.0, 679.0]
[16.0, 16.0, 901.0, 680.0]
[0.0, 0.0, 886.0, 664.0]
[112.0, 0.0, 999.0, 665.0]
[64.0, 0.0, 952.0, 666.0]
[96.0, 0.0, 985.0, 667.0]
[32.0, 0.0, 922.0, 668.0]
[128.0, 0.0, 1019.0, 668.0]
[16.0, 0.0, 908.0, 669.0]
[128.0, 0.0, 1021.0, 670.0]
[32.0, 0.0, 926.0, 670.0]
[96.0, 0.0, 991.0, 671.0]
[96.0, 0.0, 992.0, 672.0]
[16.0, 0.0, 913.0, 673.0]
[64.0, 0.0, 962.0, 674.0]
[0.0, 0.0, 899.0, 674.0]
[112.0, 0.0, 1012.0, 675.0]
[32.0, 0.0, 933.0, 676.0]
[0.0, 0.0, 902.0, 676.0]
[64.0, 0.0, 967.0, 677.0]
[0.0, 0.0, 904.0, 678.0]
[32.0, 0.0, 937.0, 679.0]
[0.0, 0.0, 906.0, 680.0]
[80.0, 0.0, 987.0, 680.0]
[80.0, 0.0, 988.0, 681.0]
[64.0, 0.0, 973.0, 682.0]
[96.0, 0.0, 1006.0, 682.0]
[80.0, 0.0, 991.0, 683.0]
