[256.0, 32.0, 973.0, 570.0]
[160.0, 0.0, 878.0, 538.0]
[96.0, 16.0, 815.0, 555.0]
[128.0, 32.0, 848.0, 572.0]
[160.0, 32.0, 881.0, 573.0]
[160.0, 16.0, 882.0, 558.0]
[176.0, 16.0, 899.0, 558.0]
[240.0, 0.0, 964.0, 543.0]
[272.0, 32.0, 997.0, 576.0]
[160.0, 32.0, 886.0, 576.0]
[160.0, 0.0, 887.0, 545.0]
[272.0, 16.0, 1000.0, 562.0]
[176.0, 0.0, 905.0, 547.0]
[256.0, 0.0, 986.0, 548.0]
[208.0, 0.0, 939.0, 548.0]
[272.0, 0.0, 1004.0, 549.0]
[256.0, 16.0, 989.0, 566.0]
[272.0, 0.0, 1006.0, 550.0]
[256.0, 0.0, 991.0, 551.0]
[272.0, 0.0, 1008.0, 552.0]
[160.0, 0.0, 897.0, 553.0]
[160.0, 0.0, 898.0, 554.0]
[160.0, 0.0, 899.0, 554.0]
[144.0, 0.0, 884.0, 555.0]
[192.0, 16.0, 933.0, 572.0]
[240.0, 16.0, 982.0, 572.0]
[96.0, 16.0, 839.0, 573.0]
[240.0, 16.0, 984.0, 574.0]
[160.0, 16.0, 905.0, 575.0]
[240.0, 0.0, 986.0, 560.0]
[128.0, 16.0, 875.0, 576.0]
[176.0, 0.0, 924.0, 561.0]
[224.0, 0.0, 973.0, 562.0]
[128.0, 0.0, 878.0, 562.0]
[128.0, 0.0, 879.0, 563.0]
[224.0, 0.0, 976.0, 564.0]
[160.0, 0.0, 913.0, 565.0]
[256.0, 0.0, 1010.0, 566.0]
[96.0, 0.0, 851.0, 566.0]
[144.0, 0.0, 900.0, 567.0]
[160.0, 0.0, 917.0, 568.0]
[128.0, 0.0, 886.0, 568.0]
[128.0, 0.0, 887.0, 569.0]
[224.0, 0.0, 984.0, 570.0]
[240.0, 0.0, 1001.0, 571.0]
[144.0, 0.0, 906.0, 572.0]
[160.0, 0.0, 923.0, 572.0]
[128.0, 0.0, 892.0, 573.0]
[160.0, 0.0, 925.0, 574.0]
[192.0, 0.0, 958.0, 574.0]
[224.0, 0.0, 991.0, 575.0]
[208.0, 0.0, 976.0, 576.0]
