[160.0, 112.0, 877.0, 650.0]
[64.0, 128.0, 782.0, 666.0]
[32.0, 128.0, 751.0, 667.0]
[192.0, 128.0, 912.0, 668.0]
[160.0, 128.0, 881.0, 669.0]
[128.0, 128.0, 850.0, 670.0]
[128.0, 112.0, 851.0, 654.0]
[128.0, 128.0, 852.0, 671.0]
[128.0, 112.0, 853.0, 656.0]
[160.0, 128.0, 886.0, 672.0]
[48.0, 128.0, 775.0, 673.0]
[128.0, 128.0, 856.0, 674.0]
[80.0, 128.0, 809.0, 675.0]
[48.0, 128.0, 778.0, 676.0]
[144.0, 112.0, 875.0, 660.0]
[80.0, 128.0, 812.0, 677.0]
[96.0, 128.0, 829.0, 678.0]
[48.0, 128.0, 782.0, 678.0]
[112.0, 128.0, 847.0, 679.0]
[96.0, 128.0, 832.0, 680.0]
[48.0, 112.0, 785.0, 665.0]
[112.0, 112.0, 850.0, 666.0]
[80.0, 128.0, 819.0, 682.0]
[160.0, 96.0, 900.0, 651.0]
[64.0, 96.0, 805.0, 652.0]
[144.0, 112.0, 886.0, 668.0]
[128.0, 96.0, 871.0, 653.0]
[80.0, 112.0, 824.0, 670.0]
[48.0, 96.0, 793.0, 655.0]
[160.0, 96.0, 906.0, 656.0]
[64.0, 96.0, 811.0, 656.0]
[144.0, 112.0, 892.0, 673.0]
[48.0, 96.0, 797.0, 658.0]
[64.0, 112.0, 814.0, 674.0]
[96.0, 112.0, 847.0, 675.0]
[128.0, 80.0, 880.0, 644.0]
[144.0, 96.0, 897.0, 661.0]
[48.0, 80.0, 802.0, 646.0]
[64.0, 80.0, 819.0, 646.0]
[128.0, 80.0, 884.0, 647.0]
[128.0, 80.0, 885.0, 648.0]
[80.0, 96.0, 838.0, 664.0]
[48.0, 96.0, 807.0, 665.0]
[32.0, 96.0, 792.0, 666.0]
[128.0, 80.0, 889.0, 651.0]
[80.0, 80.0, 842.0, 652.0]
[32.0, 80.0, 795.0, 652.0]
[32.0, 96.0, 796.0, 669.0]
[112.0, 80.0, 877.0, 654.0]
[144.0, 96.0, 910.0, 670.0]
[144.0, 96.0, 911.0, 671.0]
[32.0, 96.0, 800.0, 672.0]
[112.0, 80.0, 881.0, 657.0]
[112.0, 80.0, 882.0, 658.0]
[48.0, 96.0, 819.0, 674.0]
[128.0, 96.0, 900.0, 675.0]
[64.0, 80.0, 837.0, 660.0]
[96.0, 80.0, 870.0, 660.0]
[48.0, 80.0, 823.0, 661.0]
[128.0, 96.0, 904.0, 678.0]
[32.0, 96.0, 809.0, 679.0]
[112.0, 80.0, 890.0, 664.0]
[96.0, 80.0, 875.0, 664.0]
[64.0, 80.0, 844.0, 665.0]
[96.0, 64.0, 877.0, 650.0]
[96.0, 96.0, 878.0, 682.0]
[48.0, 80.0, 831.0, 667.0]
[48.0, 80.0, 832.0, 668.0]
[96.0, 80.0, 881.0, 669.0]
[48.0, 80.0, 834.0, 670.0]
[96.0, 64.0, 883.0, 654.0]
[96.0, 80.0, 884.0, 671.0]
[80.0, 80.0, 869.0, 672.0]
[64.0, 80.0, 854.0, 672.0]
[48.0, 80.0, 839.0, 673.0]
[64.0, 80.0, 856.0, 674.0]
[48.0, 64.0, 841.0, 659.0]
[32.0, 64.0, 826.0, 660.0]
[64.0, 64.0, 859.0, 660.0]
[48.0, 80.0, 844.0, 677.0]
[64.0, 64.0, 861.0, 662.0]
[48.0, 80.0, 846.0, 678.0]
[80.0, 48.0, 879.0, 647.0]
[64.0, 48.0, 864.0, 648.0]
[48.0, 48.0, 849.0, 649.0]
[96.0, 80.0, 898.0, 682.0]
[64.0, 80.0, 867.0, 682.0]
[80.0, 64.0, 884.0, 667.0]
[96.0, 64.0, 901.0, 668.0]
[48.0, 48.0, 854.0, 652.0]
[48.0, 48.0, 855.0, 653.0]
[64.0, 64.0, 872.0, 670.0]
[80.0, 64.0, 889.0, 671.0]
[96.0, 48.0, 906.0, 656.0]
[96.0, 48.0, 907.0, 656.0]
[48.0, 64.0, 860.0, 673.0]
[64.0, 48.0, 877.0, 658.0]
[48.0, 48.0, 862.0, 658.0]
[64.0, 64.0, 879.0, 675.0]
[48.0, 48.0, 864.0, 660.0]
[48.0, 48.0, 865.0, 661.0]
[32.0, 48.0, 850.0, 662.0]
[32.0, 64.0, 851.0, 678.0]
[48.0, 48.0, 868.0, 663.0]
[64.0, 64.0, 885.0, 680.0]
[32.0, 48.0, 854.0, 664.0]
[64.0, 64.0, 887.0, 681.0]
[32.0, 48.0, 856.0, 666.0]
[64.0, 48.0, 889.0, 667.0]
[48.0, 32.0, 874.0, 652.0]
[48.0, 48.0, 875.0, 668.0]
[48.0, 48.0, 876.0, 669.0]
[64.0, 32.0, 893.0, 654.0]
[32.0, 48.0, 862.0, 670.0]
[32.0, 48.0, 863.0, 671.0]
[64.0, 32.0, 896.0, 656.0]
[64.0, 48.0, 897.0, 673.0]
[48.0, 48.0, 882.0, 674.0]
[48.0, 32.0, 883.0, 658.0]
[64.0, 32.0, 900.0, 659.0]
[48.0, 48.0, 885.0, 676.0]
[48.0, 48.0, 886.0, 676.0]
[64.0, 32.0, 903.0, 661.0]
[48.0, 48.0, 888.0, 678.0]
[64.0, 32.0, 905.0, 663.0]
[48.0, 32.0, 890.0, 664.0]
[48.0, 32.0, 891.0, 664.0]
[48.0, 16.0, 892.0, 649.0]
[48.0, 48.0, 893.0, 682.0]
[48.0, 48.0, 894.0, 682.0]
[48.0, 32.0, 895.0, 667.0]
[48.0, 16.0, 896.0, 652.0]
[48.0, 32.0, 897.0, 669.0]
[48.0, 32.0, 898.0, 670.0]
[48.0, 16.0, 899.0, 654.0]
[48.0, 16.0, 900.0, 655.0]
[48.0, 32.0, 901.0, 672.0]
[48.0, 16.0, 902.0, 656.0]
[48.0, 16.0, 903.0, 657.0]
