[128.0, 32.0, 869.0, 588.0]
[208.0, 64.0, 950.0, 620.0]
[224.0, 64.0, 967.0, 621.0]
[128.0, 48.0, 872.0, 606.0]
[192.0, 80.0, 937.0, 639.0]
[64.0, 96.0, 810.0, 656.0]
[160.0, 96.0, 907.0, 656.0]
[160.0, 32.0, 908.0, 593.0]
[112.0, 48.0, 861.0, 610.0]
[64.0, 32.0, 814.0, 594.0]
[240.0, 64.0, 991.0, 627.0]
[208.0, 96.0, 960.0, 660.0]
[96.0, 32.0, 849.0, 597.0]
[96.0, 48.0, 850.0, 614.0]
[32.0, 48.0, 787.0, 614.0]
[64.0, 48.0, 820.0, 615.0]
[208.0, 16.0, 965.0, 584.0]
[80.0, 96.0, 838.0, 664.0]
[128.0, 16.0, 887.0, 585.0]
[144.0, 96.0, 904.0, 666.0]
[112.0, 16.0, 873.0, 587.0]
[144.0, 48.0, 906.0, 620.0]
[128.0, 96.0, 891.0, 668.0]
[144.0, 48.0, 908.0, 621.0]
[208.0, 64.0, 973.0, 638.0]
[48.0, 64.0, 814.0, 638.0]
[160.0, 16.0, 927.0, 591.0]
[64.0, 80.0, 832.0, 656.0]
[144.0, 96.0, 913.0, 673.0]
[80.0, 16.0, 850.0, 594.0]
[48.0, 16.0, 819.0, 594.0]
[128.0, 48.0, 900.0, 627.0]
[96.0, 16.0, 869.0, 596.0]
[240.0, 32.0, 1014.0, 612.0]
[16.0, 32.0, 791.0, 613.0]
[128.0, 16.0, 904.0, 598.0]
[80.0, 96.0, 857.0, 679.0]
[48.0, 80.0, 826.0, 664.0]
[144.0, 64.0, 923.0, 648.0]
[176.0, 48.0, 956.0, 633.0]
[176.0, 96.0, 957.0, 682.0]
[208.0, 0.0, 990.0, 586.0]
[64.0, 48.0, 847.0, 635.0]
[128.0, 48.0, 912.0, 636.0]
[48.0, 32.0, 833.0, 621.0]
[208.0, 0.0, 994.0, 590.0]
[80.0, 0.0, 867.0, 590.0]
[144.0, 0.0, 932.0, 591.0]
[160.0, 80.0, 949.0, 672.0]
[32.0, 64.0, 822.0, 656.0]
[16.0, 80.0, 807.0, 673.0]
[160.0, 16.0, 952.0, 610.0]
[112.0, 64.0, 905.0, 659.0]
[64.0, 32.0, 858.0, 628.0]
[224.0, 64.0, 1019.0, 660.0]
[176.0, 48.0, 972.0, 645.0]
[224.0, 16.0, 1021.0, 614.0]
[96.0, 64.0, 894.0, 662.0]
[80.0, 16.0, 879.0, 615.0]
[0.0, 48.0, 800.0, 648.0]
[208.0, 16.0, 1009.0, 617.0]
[112.0, 48.0, 914.0, 650.0]
[112.0, 32.0, 915.0, 634.0]
[112.0, 32.0, 916.0, 635.0]
[0.0, 32.0, 805.0, 636.0]
[80.0, 16.0, 886.0, 620.0]
[64.0, 48.0, 871.0, 653.0]
[144.0, 64.0, 952.0, 670.0]
[48.0, 48.0, 857.0, 655.0]
[64.0, 48.0, 874.0, 656.0]
[208.0, 48.0, 1019.0, 656.0]
[192.0, 0.0, 1004.0, 609.0]
[128.0, 16.0, 941.0, 626.0]
[32.0, 0.0, 846.0, 610.0]
[32.0, 0.0, 847.0, 611.0]
[48.0, 32.0, 864.0, 644.0]
[112.0, 0.0, 929.0, 613.0]
[16.0, 16.0, 834.0, 630.0]
[0.0, 32.0, 819.0, 646.0]
[16.0, 48.0, 836.0, 663.0]
[128.0, 64.0, 949.0, 680.0]
[32.0, 16.0, 854.0, 632.0]
[96.0, 48.0, 919.0, 665.0]
[96.0, 32.0, 920.0, 650.0]
[128.0, 32.0, 953.0, 651.0]
[64.0, 48.0, 890.0, 668.0]
[32.0, 48.0, 859.0, 668.0]
[128.0, 0.0, 956.0, 621.0]
[48.0, 48.0, 877.0, 670.0]
[192.0, 32.0, 1022.0, 654.0]
[32.0, 32.0, 863.0, 655.0]
[144.0, 0.0, 976.0, 624.0]
[96.0, 48.0, 929.0, 673.0]
[160.0, 32.0, 994.0, 658.0]
[176.0, 48.0, 1011.0, 674.0]
[160.0, 16.0, 996.0, 643.0]
[64.0, 16.0, 901.0, 644.0]
[96.0, 0.0, 934.0, 628.0]
[160.0, 0.0, 999.0, 629.0]
[64.0, 0.0, 904.0, 630.0]
[32.0, 16.0, 873.0, 647.0]
[144.0, 16.0, 986.0, 648.0]
[32.0, 16.0, 875.0, 648.0]
[64.0, 32.0, 908.0, 665.0]
[96.0, 0.0, 941.0, 634.0]
[0.0, 16.0, 846.0, 650.0]
[80.0, 48.0, 927.0, 683.0]
[144.0, 16.0, 992.0, 652.0]
[160.0, 16.0, 1009.0, 653.0]
[144.0, 16.0, 994.0, 654.0]
[48.0, 32.0, 899.0, 670.0]
[48.0, 0.0, 900.0, 639.0]
[64.0, 16.0, 917.0, 656.0]
[80.0, 16.0, 934.0, 656.0]
[96.0, 32.0, 951.0, 673.0]
[144.0, 0.0, 1000.0, 642.0]
[128.0, 0.0, 985.0, 643.0]
[144.0, 32.0, 1002.0, 676.0]
[0.0, 32.0, 859.0, 676.0]
[64.0, 16.0, 924.0, 661.0]
[160.0, 0.0, 1021.0, 646.0]
[144.0, 16.0, 1006.0, 662.0]
[48.0, 0.0, 911.0, 647.0]
[80.0, 0.0, 944.0, 648.0]
[64.0, 0.0, 929.0, 649.0]
[96.0, 16.0, 962.0, 666.0]
[128.0, 32.0, 995.0, 682.0]
[96.0, 16.0, 964.0, 667.0]
[96.0, 0.0, 965.0, 652.0]
[80.0, 0.0, 950.0, 652.0]
[80.0, 16.0, 951.0, 669.0]
[0.0, 0.0, 872.0, 654.0]
[16.0, 0.0, 889.0, 655.0]
[96.0, 16.0, 970.0, 672.0]
[16.0, 0.0, 891.0, 656.0]
[112.0, 16.0, 988.0, 673.0]
[32.0, 16.0, 909.0, 674.0]
[32.0, 0.0, 910.0, 658.0]
[144.0, 16.0, 1023.0, 675.0]
[144.0, 0.0, 1024.0, 660.0]
[128.0, 0.0, 1009.0, 661.0]
[128.0, 0.0, 1010.0, 662.0]
[0.0, 16.0, 883.0, 678.0]
[128.0, 0.0, 1012.0, 663.0]
[80.0, 16.0, 965.0, 680.0]
[96.0, 0.0, 982.0, 664.0]
[16.0, 16.0, 903.0, 681.0]
[112.0, 0.0, 1000.0, 666.0]
[128.0, 16.0, 1017.0, 683.0]
[64.0, 0.0, 954.0, 668.0]
[80.0, 0.0, 971.0, 668.0]
[112.0, 0.0, 1004.0, 669.0]
[32.0, 0.0, 925.0, 670.0]
[32.0, 0.0, 926.0, 670.0]
[128.0, 0.0, 1023.0, 671.0]
[128.0, 0.0, 1024.0, 672.0]
[80.0, 0.0, 977.0, 673.0]
[32.0, 0.0, 930.0, 674.0]
[80.0, 0.0, 979.0, 674.0]
[80.0, 0.0, 980.0, 675.0]
[0.0, 0.0, 901.0, 676.0]
[16.0, 0.0, 918.0, 676.0]
[0.0, 0.0, 903.0, 677.0]
[64.0, 0.0, 968.0, 678.0]
[64.0, 0.0, 969.0, 679.0]
[0.0, 0.0, 906.0, 680.0]
[16.0, 0.0, 923.0, 680.0]
[64.0, 0.0, 972.0, 681.0]
[48.0, 0.0, 957.0, 682.0]
[16.0, 0.0, 926.0, 682.0]
[112.0, 0.0, 1023.0, 683.0]
