[80.0, 80.0, 797.0, 618.0]
[80.0, 64.0, 798.0, 602.0]
[96.0, 80.0, 815.0, 619.0]
[48.0, 80.0, 768.0, 620.0]
[96.0, 64.0, 817.0, 605.0]
[64.0, 80.0, 786.0, 622.0]
[80.0, 80.0, 803.0, 622.0]
[96.0, 64.0, 820.0, 607.0]
[96.0, 64.0, 821.0, 608.0]
[48.0, 48.0, 774.0, 592.0]
[48.0, 80.0, 775.0, 625.0]
[32.0, 80.0, 760.0, 626.0]
[96.0, 64.0, 825.0, 611.0]
[32.0, 80.0, 762.0, 628.0]
[96.0, 64.0, 827.0, 612.0]
[32.0, 64.0, 764.0, 613.0]
[32.0, 64.0, 765.0, 614.0]
[64.0, 64.0, 798.0, 614.0]
[48.0, 64.0, 783.0, 615.0]
[48.0, 48.0, 784.0, 600.0]
[48.0, 48.0, 785.0, 601.0]
[80.0, 64.0, 818.0, 618.0]
[32.0, 48.0, 771.0, 602.0]
[32.0, 64.0, 772.0, 619.0]
[48.0, 64.0, 789.0, 620.0]
[80.0, 64.0, 822.0, 620.0]
[32.0, 48.0, 775.0, 605.0]
[80.0, 64.0, 824.0, 622.0]
[80.0, 64.0, 825.0, 623.0]
[64.0, 48.0, 810.0, 608.0]
[48.0, 64.0, 795.0, 624.0]
[32.0, 48.0, 780.0, 609.0]
[32.0, 48.0, 781.0, 610.0]
[48.0, 64.0, 798.0, 626.0]
[48.0, 32.0, 799.0, 595.0]
[48.0, 32.0, 800.0, 596.0]
[48.0, 32.0, 801.0, 597.0]
[32.0, 32.0, 786.0, 598.0]
[48.0, 48.0, 803.0, 614.0]
[64.0, 48.0, 820.0, 615.0]
[64.0, 48.0, 821.0, 616.0]
[32.0, 32.0, 790.0, 600.0]
[64.0, 48.0, 823.0, 617.0]
[32.0, 48.0, 792.0, 618.0]
[32.0, 32.0, 793.0, 603.0]
[32.0, 48.0, 794.0, 620.0]
[48.0, 32.0, 811.0, 604.0]
[32.0, 32.0, 796.0, 605.0]
[32.0, 32.0, 797.0, 606.0]
[48.0, 32.0, 814.0, 606.0]
[48.0, 48.0, 815.0, 623.0]
[48.0, 32.0, 816.0, 608.0]
[48.0, 48.0, 817.0, 625.0]
[48.0, 32.0, 818.0, 610.0]
[32.0, 48.0, 803.0, 626.0]
[48.0, 48.0, 820.0, 627.0]
[32.0, 32.0, 805.0, 612.0]
[48.0, 32.0, 822.0, 612.0]
[32.0, 32.0, 807.0, 613.0]
[48.0, 32.0, 824.0, 614.0]
[48.0, 32.0, 825.0, 615.0]
[32.0, 16.0, 810.0, 600.0]
[32.0, 32.0, 811.0, 616.0]
[32.0, 32.0, 812.0, 617.0]
[32.0, 16.0, 813.0, 602.0]
[32.0, 32.0, 814.0, 618.0]
[32.0, 16.0, 815.0, 603.0]
