[48.0, 32.0, 765.0, 570.0]
[192.0, 16.0, 910.0, 554.0]
[112.0, 0.0, 831.0, 539.0]
[176.0, 16.0, 896.0, 556.0]
[96.0, 32.0, 817.0, 573.0]
[128.0, 16.0, 850.0, 558.0]
[96.0, 0.0, 819.0, 542.0]
[128.0, 32.0, 852.0, 575.0]
[112.0, 32.0, 837.0, 576.0]
[144.0, 0.0, 870.0, 544.0]
[176.0, 0.0, 903.0, 545.0]
[112.0, 32.0, 840.0, 578.0]
[96.0, 16.0, 825.0, 563.0]
[32.0, 16.0, 762.0, 564.0]
[176.0, 0.0, 907.0, 548.0]
[160.0, 16.0, 892.0, 565.0]
[160.0, 32.0, 893.0, 582.0]
[128.0, 32.0, 862.0, 582.0]
[160.0, 16.0, 895.0, 567.0]
[160.0, 32.0, 896.0, 584.0]
[32.0, 0.0, 769.0, 553.0]
[112.0, 32.0, 850.0, 586.0]
[112.0, 32.0, 851.0, 586.0]
[128.0, 16.0, 868.0, 571.0]
[48.0, 0.0, 789.0, 556.0]
[48.0, 32.0, 790.0, 588.0]
[160.0, 0.0, 903.0, 557.0]
[160.0, 0.0, 904.0, 558.0]
[128.0, 0.0, 873.0, 559.0]
[144.0, 0.0, 890.0, 560.0]
[96.0, 0.0, 843.0, 560.0]
[80.0, 32.0, 828.0, 593.0]
[144.0, 32.0, 893.0, 594.0]
[80.0, 0.0, 830.0, 562.0]
[64.0, 0.0, 815.0, 563.0]
[64.0, 16.0, 816.0, 580.0]
[144.0, 16.0, 897.0, 581.0]
[32.0, 0.0, 786.0, 566.0]
[112.0, 16.0, 867.0, 582.0]
[96.0, 32.0, 852.0, 599.0]
[144.0, 16.0, 901.0, 584.0]
[112.0, 0.0, 870.0, 568.0]
[96.0, 32.0, 855.0, 601.0]
[64.0, 16.0, 824.0, 586.0]
[144.0, 16.0, 905.0, 587.0]
[128.0, 32.0, 890.0, 604.0]
[80.0, 0.0, 843.0, 572.0]
[80.0, 0.0, 844.0, 573.0]
[32.0, 16.0, 797.0, 590.0]
[112.0, 0.0, 878.0, 574.0]
[128.0, 16.0, 895.0, 591.0]
[32.0, 16.0, 800.0, 592.0]
[96.0, 0.0, 865.0, 577.0]
[32.0, 0.0, 802.0, 578.0]
[128.0, 16.0, 899.0, 594.0]
[80.0, 0.0, 852.0, 579.0]
[32.0, 16.0, 805.0, 596.0]
[80.0, 16.0, 854.0, 596.0]
[80.0, 16.0, 855.0, 597.0]
[112.0, 16.0, 888.0, 598.0]
[96.0, 0.0, 873.0, 583.0]
[64.0, 16.0, 842.0, 600.0]
[112.0, 16.0, 891.0, 600.0]
[112.0, 0.0, 892.0, 585.0]
[112.0, 0.0, 893.0, 586.0]
[64.0, 0.0, 846.0, 586.0]
[32.0, 0.0, 815.0, 587.0]
[128.0, 16.0, 912.0, 604.0]
[80.0, 0.0, 865.0, 589.0]
[32.0, 16.0, 818.0, 606.0]
[80.0, 16.0, 867.0, 606.0]
[64.0, 16.0, 852.0, 607.0]
[96.0, 16.0, 885.0, 608.0]
[64.0, 0.0, 854.0, 592.0]
[48.0, 0.0, 839.0, 593.0]
[80.0, 0.0, 872.0, 594.0]
[32.0, 0.0, 825.0, 595.0]
[96.0, 0.0, 890.0, 596.0]
[80.0, 0.0, 875.0, 596.0]
[48.0, 0.0, 844.0, 597.0]
[32.0, 0.0, 829.0, 598.0]
[48.0, 0.0, 846.0, 598.0]
[48.0, 0.0, 847.0, 599.0]
[80.0, 0.0, 880.0, 600.0]
[80.0, 0.0, 881.0, 601.0]
[96.0, 0.0, 898.0, 602.0]
[32.0, 0.0, 835.0, 602.0]
[80.0, 0.0, 884.0, 603.0]
[32.0, 0.0, 837.0, 604.0]
[48.0, 0.0, 854.0, 604.0]
[64.0, 0.0, 871.0, 605.0]
[96.0, 0.0, 904.0, 606.0]
[64.0, 0.0, 873.0, 607.0]
[96.0, 0.0, 906.0, 608.0]
[48.0, 0.0, 859.0, 608.0]
