[240.0, 352.0, 957.0, 890.0]
[192.0, 336.0, 910.0, 874.0]
[192.0, 384.0, 911.0, 923.0]
[208.0, 432.0, 928.0, 972.0]
[256.0, 432.0, 977.0, 973.0]
[208.0, 400.0, 930.0, 942.0]
[256.0, 384.0, 979.0, 926.0]
[256.0, 368.0, 980.0, 911.0]
[256.0, 368.0, 981.0, 912.0]
[224.0, 448.0, 950.0, 992.0]
[272.0, 304.0, 999.0, 849.0]
[192.0, 320.0, 920.0, 866.0]
[256.0, 432.0, 985.0, 979.0]
[224.0, 352.0, 954.0, 900.0]
[256.0, 384.0, 987.0, 932.0]
[192.0, 416.0, 924.0, 965.0]
[272.0, 304.0, 1005.0, 854.0]
[176.0, 384.0, 910.0, 934.0]
[208.0, 336.0, 943.0, 887.0]
[272.0, 352.0, 1008.0, 904.0]
[224.0, 288.0, 961.0, 841.0]
[192.0, 432.0, 930.0, 986.0]
[176.0, 336.0, 915.0, 890.0]
[224.0, 448.0, 964.0, 1003.0]
[256.0, 304.0, 997.0, 860.0]
[192.0, 384.0, 934.0, 940.0]
[256.0, 352.0, 999.0, 909.0]
[256.0, 304.0, 1000.0, 862.0]
[208.0, 368.0, 953.0, 927.0]
[208.0, 432.0, 954.0, 992.0]
[224.0, 384.0, 971.0, 944.0]
[192.0, 336.0, 940.0, 897.0]
[240.0, 320.0, 989.0, 882.0]
[208.0, 288.0, 958.0, 850.0]
[192.0, 368.0, 943.0, 931.0]
[224.0, 368.0, 976.0, 932.0]
[224.0, 384.0, 977.0, 949.0]
[176.0, 400.0, 930.0, 966.0]
[256.0, 368.0, 1011.0, 934.0]
[256.0, 352.0, 1012.0, 919.0]
[160.0, 384.0, 917.0, 952.0]
[160.0, 368.0, 918.0, 936.0]
[208.0, 304.0, 967.0, 873.0]
[240.0, 304.0, 1000.0, 874.0]
[240.0, 384.0, 1001.0, 955.0]
[208.0, 336.0, 970.0, 908.0]
[144.0, 368.0, 907.0, 940.0]
[256.0, 384.0, 1020.0, 957.0]
[160.0, 320.0, 925.0, 894.0]
[160.0, 288.0, 926.0, 862.0]
[240.0, 288.0, 1007.0, 863.0]
[208.0, 432.0, 976.0, 1008.0]
[176.0, 288.0, 945.0, 865.0]
[160.0, 336.0, 930.0, 914.0]
[144.0, 336.0, 915.0, 914.0]
[208.0, 304.0, 980.0, 883.0]
[224.0, 320.0, 997.0, 900.0]
[192.0, 352.0, 966.0, 932.0]
[160.0, 352.0, 935.0, 933.0]
[160.0, 384.0, 936.0, 966.0]
[208.0, 368.0, 985.0, 951.0]
[192.0, 352.0, 970.0, 936.0]
[192.0, 272.0, 971.0, 856.0]
[144.0, 384.0, 924.0, 969.0]
[208.0, 368.0, 989.0, 954.0]
[160.0, 352.0, 942.0, 938.0]
[160.0, 336.0, 943.0, 923.0]
[128.0, 384.0, 912.0, 972.0]
[176.0, 368.0, 961.0, 957.0]
[144.0, 320.0, 930.0, 910.0]
[160.0, 384.0, 947.0, 974.0]
[224.0, 352.0, 1012.0, 943.0]
[192.0, 320.0, 981.0, 912.0]
[208.0, 432.0, 998.0, 1024.0]
[208.0, 400.0, 999.0, 993.0]
[176.0, 256.0, 968.0, 850.0]
[208.0, 416.0, 1001.0, 1011.0]
[112.0, 368.0, 906.0, 964.0]
[192.0, 384.0, 987.0, 980.0]
[160.0, 256.0, 956.0, 853.0]
[224.0, 256.0, 1021.0, 854.0]
[112.0, 336.0, 910.0, 934.0]
[176.0, 368.0, 975.0, 967.0]
[128.0, 288.0, 928.0, 888.0]
[192.0, 384.0, 993.0, 985.0]
[128.0, 336.0, 930.0, 938.0]
[112.0, 352.0, 915.0, 954.0]
[208.0, 256.0, 1012.0, 859.0]
[208.0, 400.0, 1013.0, 1004.0]
[192.0, 336.0, 998.0, 940.0]
[176.0, 384.0, 983.0, 989.0]
[112.0, 336.0, 920.0, 942.0]
[144.0, 352.0, 953.0, 959.0]
[208.0, 320.0, 1018.0, 928.0]
[160.0, 304.0, 971.0, 912.0]
[128.0, 352.0, 940.0, 961.0]
[208.0, 272.0, 1021.0, 882.0]
[176.0, 336.0, 990.0, 946.0]
[176.0, 352.0, 991.0, 963.0]
[176.0, 304.0, 992.0, 916.0]
[144.0, 368.0, 961.0, 981.0]
[192.0, 288.0, 1010.0, 902.0]
[176.0, 256.0, 995.0, 870.0]
[176.0, 272.0, 996.0, 887.0]
[144.0, 368.0, 965.0, 984.0]
[192.0, 384.0, 1014.0, 1000.0]
[112.0, 384.0, 935.0, 1001.0]
[192.0, 256.0, 1016.0, 874.0]
[144.0, 336.0, 969.0, 955.0]
[144.0, 336.0, 970.0, 956.0]
[144.0, 288.0, 971.0, 908.0]
[144.0, 288.0, 972.0, 909.0]
[96.0, 368.0, 925.0, 990.0]
[80.0, 336.0, 910.0, 958.0]
[176.0, 240.0, 1007.0, 863.0]
[112.0, 304.0, 944.0, 928.0]
[80.0, 352.0, 913.0, 977.0]
[128.0, 352.0, 962.0, 978.0]
[176.0, 240.0, 1011.0, 866.0]
[144.0, 272.0, 980.0, 899.0]
[144.0, 384.0, 981.0, 1012.0]
[128.0, 368.0, 966.0, 996.0]
[176.0, 336.0, 1015.0, 965.0]
[112.0, 288.0, 952.0, 918.0]
[176.0, 336.0, 1017.0, 967.0]
[144.0, 320.0, 986.0, 952.0]
[80.0, 288.0, 923.0, 920.0]
[128.0, 272.0, 972.0, 905.0]
[112.0, 384.0, 957.0, 1018.0]
[128.0, 288.0, 974.0, 922.0]
[176.0, 384.0, 1023.0, 1019.0]
[96.0, 352.0, 944.0, 988.0]
[112.0, 288.0, 961.0, 925.0]
[160.0, 368.0, 1010.0, 1006.0]
[128.0, 256.0, 979.0, 894.0]
[128.0, 256.0, 980.0, 895.0]
[80.0, 352.0, 933.0, 992.0]
[48.0, 304.0, 902.0, 944.0]
[112.0, 352.0, 967.0, 993.0]
[128.0, 320.0, 984.0, 962.0]
[160.0, 368.0, 1017.0, 1011.0]
[160.0, 256.0, 1018.0, 900.0]
[144.0, 352.0, 1003.0, 996.0]
[160.0, 368.0, 1020.0, 1013.0]
[80.0, 304.0, 941.0, 950.0]
[96.0, 288.0, 958.0, 934.0]
[160.0, 272.0, 1023.0, 919.0]
[64.0, 336.0, 928.0, 984.0]
[128.0, 304.0, 993.0, 953.0]
[112.0, 304.0, 978.0, 954.0]
[128.0, 368.0, 995.0, 1018.0]
[128.0, 304.0, 996.0, 955.0]
[80.0, 320.0, 949.0, 972.0]
[144.0, 320.0, 1014.0, 972.0]
[64.0, 288.0, 935.0, 941.0]
[80.0, 256.0, 952.0, 910.0]
[48.0, 336.0, 921.0, 991.0]
[80.0, 368.0, 954.0, 1024.0]
[32.0, 320.0, 907.0, 976.0]
[128.0, 304.0, 1004.0, 961.0]
[64.0, 320.0, 941.0, 978.0]
[80.0, 304.0, 958.0, 962.0]
[64.0, 288.0, 943.0, 947.0]
[144.0, 256.0, 1024.0, 916.0]
[128.0, 352.0, 1009.0, 1013.0]
[80.0, 352.0, 962.0, 1014.0]
[112.0, 272.0, 995.0, 934.0]
[64.0, 304.0, 948.0, 967.0]
[64.0, 288.0, 949.0, 952.0]
[128.0, 336.0, 1014.0, 1000.0]
[96.0, 240.0, 983.0, 905.0]
[64.0, 352.0, 952.0, 1018.0]
[80.0, 304.0, 969.0, 971.0]
[96.0, 352.0, 986.0, 1020.0]
[80.0, 352.0, 971.0, 1020.0]
[96.0, 320.0, 988.0, 989.0]
[32.0, 304.0, 925.0, 974.0]
[64.0, 352.0, 958.0, 1022.0]
[64.0, 336.0, 959.0, 1007.0]
[16.0, 304.0, 912.0, 976.0]
[32.0, 288.0, 929.0, 961.0]
[112.0, 320.0, 1010.0, 994.0]
[112.0, 336.0, 1011.0, 1010.0]
[96.0, 240.0, 996.0, 915.0]
[64.0, 304.0, 965.0, 980.0]
[64.0, 272.0, 966.0, 948.0]
[112.0, 272.0, 1015.0, 949.0]
[112.0, 320.0, 1016.0, 998.0]
[32.0, 304.0, 937.0, 983.0]
[32.0, 320.0, 938.0, 1000.0]
[80.0, 320.0, 987.0, 1000.0]
[48.0, 336.0, 956.0, 1017.0]
[64.0, 320.0, 973.0, 1002.0]
[112.0, 272.0, 1022.0, 954.0]
[96.0, 288.0, 1007.0, 971.0]
[32.0, 288.0, 944.0, 972.0]
[80.0, 304.0, 993.0, 989.0]
[64.0, 336.0, 978.0, 1022.0]
[0.0, 304.0, 915.0, 990.0]
[48.0, 256.0, 964.0, 943.0]
[16.0, 288.0, 933.0, 976.0]
[48.0, 288.0, 966.0, 976.0]
[96.0, 288.0, 1015.0, 977.0]
[48.0, 288.0, 968.0, 978.0]
[32.0, 256.0, 953.0, 947.0]
[16.0, 288.0, 938.0, 980.0]
[32.0, 304.0, 955.0, 996.0]
[48.0, 256.0, 972.0, 949.0]
[80.0, 320.0, 1005.0, 1014.0]
[96.0, 288.0, 1022.0, 982.0]
[32.0, 272.0, 959.0, 967.0]
[96.0, 256.0, 1024.0, 952.0]
[32.0, 288.0, 961.0, 985.0]
[48.0, 256.0, 978.0, 954.0]
[0.0, 288.0, 931.0, 986.0]
[0.0, 288.0, 932.0, 987.0]
[16.0, 320.0, 949.0, 1020.0]
[16.0, 272.0, 950.0, 972.0]
[80.0, 288.0, 1015.0, 989.0]
[80.0, 288.0, 1016.0, 990.0]
[16.0, 272.0, 953.0, 975.0]
[32.0, 240.0, 970.0, 944.0]
[48.0, 320.0, 987.0, 1024.0]
[32.0, 288.0, 972.0, 993.0]
[48.0, 272.0, 989.0, 978.0]
[64.0, 256.0, 1006.0, 962.0]
[64.0, 288.0, 1007.0, 995.0]
[32.0, 272.0, 976.0, 980.0]
[16.0, 256.0, 961.0, 965.0]
[0.0, 288.0, 946.0, 998.0]
[16.0, 256.0, 963.0, 966.0]
[0.0, 304.0, 948.0, 1015.0]
[16.0, 256.0, 965.0, 968.0]
[64.0, 304.0, 1014.0, 1016.0]
[32.0, 256.0, 983.0, 969.0]
[16.0, 256.0, 968.0, 970.0]
[0.0, 304.0, 953.0, 1019.0]
[48.0, 288.0, 1002.0, 1004.0]
[16.0, 240.0, 971.0, 956.0]
[64.0, 288.0, 1020.0, 1005.0]
[16.0, 272.0, 973.0, 990.0]
[64.0, 288.0, 1022.0, 1006.0]
[16.0, 256.0, 975.0, 975.0]
[0.0, 288.0, 960.0, 1008.0]
[48.0, 256.0, 1009.0, 977.0]
[0.0, 272.0, 962.0, 994.0]
[48.0, 288.0, 1011.0, 1010.0]
[32.0, 256.0, 996.0, 979.0]
[16.0, 240.0, 981.0, 964.0]
[32.0, 256.0, 998.0, 980.0]
[0.0, 272.0, 967.0, 997.0]
[48.0, 240.0, 1016.0, 966.0]
[32.0, 272.0, 1001.0, 999.0]
[32.0, 240.0, 1002.0, 968.0]
[32.0, 288.0, 1003.0, 1016.0]
[48.0, 256.0, 1020.0, 985.0]
[0.0, 240.0, 973.0, 970.0]
[16.0, 240.0, 990.0, 970.0]
[0.0, 288.0, 975.0, 1019.0]
[0.0, 240.0, 976.0, 972.0]
[0.0, 272.0, 977.0, 1005.0]
[0.0, 288.0, 978.0, 1022.0]
[0.0, 256.0, 979.0, 990.0]
[0.0, 288.0, 980.0, 1023.0]
[16.0, 272.0, 997.0, 1008.0]
[16.0, 256.0, 998.0, 992.0]
[16.0, 272.0, 999.0, 1009.0]
[0.0, 240.0, 984.0, 978.0]
[0.0, 256.0, 985.0, 995.0]
[0.0, 256.0, 986.0, 996.0]
[32.0, 272.0, 1019.0, 1012.0]
[16.0, 272.0, 1004.0, 1013.0]
[32.0, 256.0, 1021.0, 998.0]
[16.0, 272.0, 1006.0, 1014.0]
[0.0, 240.0, 991.0, 983.0]
[0.0, 272.0, 992.0, 1016.0]
[16.0, 240.0, 1009.0, 985.0]
[16.0, 256.0, 1010.0, 1002.0]
[16.0, 256.0, 1011.0, 1002.0]
[16.0, 272.0, 1012.0, 1019.0]
[0.0, 272.0, 997.0, 1020.0]
[16.0, 272.0, 1014.0, 1020.0]
[0.0, 272.0, 999.0, 1021.0]
