[96.0, 16.0, 814.0, 554.0]
[256.0, 0.0, 975.0, 539.0]
[144.0, 16.0, 864.0, 556.0]
[96.0, 0.0, 817.0, 541.0]
[176.0, 0.0, 898.0, 542.0]
[112.0, 16.0, 835.0, 558.0]
[256.0, 0.0, 980.0, 543.0]
[176.0, 16.0, 901.0, 560.0]
[128.0, 16.0, 854.0, 560.0]
[144.0, 0.0, 871.0, 545.0]
[208.0, 16.0, 936.0, 562.0]
[112.0, 16.0, 841.0, 563.0]
[128.0, 0.0, 858.0, 548.0]
[160.0, 0.0, 891.0, 548.0]
[240.0, 16.0, 972.0, 565.0]
[208.0, 0.0, 941.0, 550.0]
[176.0, 0.0, 910.0, 550.0]
[144.0, 0.0, 879.0, 551.0]
[112.0, 16.0, 848.0, 568.0]
[128.0, 0.0, 865.0, 553.0]
[112.0, 0.0, 850.0, 554.0]
[160.0, 16.0, 899.0, 570.0]
[48.0, 0.0, 788.0, 555.0]
[48.0, 16.0, 789.0, 572.0]
[128.0, 16.0, 870.0, 572.0]
[48.0, 0.0, 791.0, 557.0]
[96.0, 0.0, 840.0, 558.0]
[144.0, 0.0, 889.0, 559.0]
[64.0, 0.0, 810.0, 560.0]
[64.0, 16.0, 811.0, 576.0]
[224.0, 0.0, 972.0, 561.0]
[176.0, 0.0, 925.0, 562.0]
[48.0, 0.0, 798.0, 562.0]
[128.0, 0.0, 879.0, 563.0]
[48.0, 0.0, 800.0, 564.0]
[208.0, 0.0, 961.0, 565.0]
[144.0, 0.0, 898.0, 566.0]
[176.0, 0.0, 931.0, 566.0]
[176.0, 0.0, 932.0, 567.0]
[128.0, 0.0, 885.0, 568.0]
[80.0, 0.0, 838.0, 568.0]
[160.0, 0.0, 919.0, 569.0]
[112.0, 0.0, 872.0, 570.0]
[128.0, 0.0, 889.0, 571.0]
[144.0, 0.0, 906.0, 572.0]
[80.0, 0.0, 843.0, 572.0]
[48.0, 0.0, 812.0, 573.0]
[80.0, 0.0, 845.0, 574.0]
[112.0, 0.0, 878.0, 574.0]
[208.0, 0.0, 975.0, 575.0]
[48.0, 0.0, 816.0, 576.0]
