[48.0, 16.0, 765.0, 554.0]
[112.0, 48.0, 830.0, 586.0]
[112.0, 0.0, 831.0, 539.0]
[96.0, 48.0, 816.0, 588.0]
[96.0, 48.0, 817.0, 589.0]
[192.0, 48.0, 914.0, 590.0]
[112.0, 0.0, 835.0, 542.0]
[64.0, 16.0, 788.0, 559.0]
[96.0, 48.0, 821.0, 592.0]
[160.0, 64.0, 886.0, 608.0]
[16.0, 48.0, 743.0, 593.0]
[96.0, 16.0, 824.0, 562.0]
[64.0, 48.0, 793.0, 595.0]
[112.0, 64.0, 842.0, 612.0]
[80.0, 48.0, 811.0, 596.0]
[0.0, 32.0, 732.0, 581.0]
[64.0, 16.0, 797.0, 566.0]
[48.0, 64.0, 782.0, 614.0]
[48.0, 0.0, 783.0, 551.0]
[160.0, 0.0, 896.0, 552.0]
[160.0, 48.0, 897.0, 601.0]
[192.0, 32.0, 930.0, 586.0]
[80.0, 64.0, 819.0, 618.0]
[16.0, 32.0, 756.0, 587.0]
[160.0, 0.0, 901.0, 556.0]
[96.0, 0.0, 838.0, 556.0]
[32.0, 48.0, 775.0, 605.0]
[80.0, 32.0, 824.0, 590.0]
[160.0, 64.0, 905.0, 623.0]
[16.0, 32.0, 762.0, 592.0]
[128.0, 0.0, 875.0, 560.0]
[128.0, 32.0, 876.0, 593.0]
[96.0, 16.0, 845.0, 578.0]
[96.0, 32.0, 846.0, 594.0]
[96.0, 32.0, 847.0, 595.0]
[64.0, 32.0, 816.0, 596.0]
[144.0, 64.0, 897.0, 629.0]
[64.0, 0.0, 818.0, 566.0]
[112.0, 16.0, 867.0, 582.0]
[48.0, 64.0, 804.0, 631.0]
[48.0, 16.0, 805.0, 584.0]
[64.0, 16.0, 822.0, 584.0]
[96.0, 32.0, 855.0, 601.0]
[64.0, 64.0, 824.0, 634.0]
[32.0, 48.0, 793.0, 619.0]
[80.0, 32.0, 842.0, 604.0]
[96.0, 32.0, 859.0, 604.0]
[16.0, 48.0, 780.0, 621.0]
[16.0, 48.0, 781.0, 622.0]
[160.0, 48.0, 926.0, 622.0]
[0.0, 16.0, 767.0, 591.0]
[32.0, 48.0, 800.0, 624.0]
[48.0, 32.0, 817.0, 609.0]
[128.0, 32.0, 898.0, 610.0]
[128.0, 64.0, 899.0, 642.0]
[160.0, 0.0, 932.0, 579.0]
[64.0, 48.0, 837.0, 628.0]
[96.0, 16.0, 870.0, 596.0]
[128.0, 48.0, 903.0, 629.0]
[0.0, 0.0, 776.0, 582.0]
[176.0, 16.0, 953.0, 599.0]
[48.0, 48.0, 826.0, 632.0]
[48.0, 0.0, 827.0, 584.0]
[96.0, 32.0, 876.0, 617.0]
[176.0, 16.0, 957.0, 602.0]
[64.0, 16.0, 846.0, 602.0]
[112.0, 32.0, 895.0, 619.0]
[48.0, 32.0, 832.0, 620.0]
[112.0, 0.0, 897.0, 589.0]
[32.0, 0.0, 818.0, 590.0]
[16.0, 48.0, 803.0, 638.0]
[112.0, 16.0, 900.0, 607.0]
[48.0, 0.0, 837.0, 592.0]
[48.0, 0.0, 838.0, 592.0]
[48.0, 48.0, 839.0, 641.0]
[128.0, 16.0, 920.0, 610.0]
[112.0, 48.0, 905.0, 643.0]
[112.0, 64.0, 906.0, 660.0]
[0.0, 16.0, 795.0, 612.0]
[112.0, 16.0, 908.0, 613.0]
[80.0, 64.0, 877.0, 662.0]
[96.0, 0.0, 894.0, 598.0]
[16.0, 0.0, 815.0, 599.0]
[64.0, 48.0, 864.0, 648.0]
[32.0, 0.0, 833.0, 601.0]
[64.0, 64.0, 866.0, 666.0]
[96.0, 0.0, 899.0, 602.0]
[32.0, 32.0, 836.0, 635.0]
[0.0, 0.0, 805.0, 604.0]
[144.0, 0.0, 950.0, 604.0]
[64.0, 0.0, 871.0, 605.0]
[0.0, 16.0, 808.0, 622.0]
[32.0, 32.0, 841.0, 639.0]
[80.0, 64.0, 890.0, 672.0]
[80.0, 32.0, 891.0, 640.0]
[16.0, 0.0, 828.0, 609.0]
[80.0, 32.0, 893.0, 642.0]
[64.0, 0.0, 878.0, 610.0]
[16.0, 32.0, 831.0, 643.0]
[16.0, 0.0, 832.0, 612.0]
[32.0, 0.0, 849.0, 613.0]
[112.0, 32.0, 930.0, 646.0]
[64.0, 48.0, 883.0, 662.0]
[112.0, 32.0, 932.0, 647.0]
[96.0, 0.0, 917.0, 616.0]
[16.0, 32.0, 838.0, 648.0]
[64.0, 16.0, 887.0, 633.0]
[80.0, 64.0, 904.0, 682.0]
[16.0, 48.0, 841.0, 667.0]
[112.0, 32.0, 938.0, 652.0]
[0.0, 0.0, 827.0, 620.0]
[128.0, 16.0, 956.0, 637.0]
[96.0, 0.0, 925.0, 622.0]
[112.0, 0.0, 942.0, 622.0]
[112.0, 32.0, 943.0, 655.0]
[16.0, 0.0, 848.0, 624.0]
[16.0, 0.0, 849.0, 625.0]
[64.0, 32.0, 898.0, 658.0]
[96.0, 32.0, 931.0, 658.0]
[80.0, 16.0, 916.0, 643.0]
[80.0, 48.0, 917.0, 676.0]
[112.0, 0.0, 950.0, 628.0]
[112.0, 16.0, 951.0, 645.0]
[48.0, 48.0, 888.0, 678.0]
[96.0, 0.0, 937.0, 631.0]
[16.0, 32.0, 858.0, 664.0]
[0.0, 0.0, 843.0, 632.0]
[16.0, 0.0, 860.0, 633.0]
[64.0, 16.0, 909.0, 650.0]
[48.0, 48.0, 894.0, 682.0]
[16.0, 0.0, 863.0, 635.0]
[96.0, 0.0, 944.0, 636.0]
[32.0, 48.0, 881.0, 685.0]
[48.0, 0.0, 898.0, 638.0]
[96.0, 32.0, 947.0, 670.0]
[0.0, 16.0, 852.0, 655.0]
[48.0, 0.0, 901.0, 640.0]
[16.0, 32.0, 870.0, 672.0]
[48.0, 0.0, 903.0, 641.0]
[64.0, 16.0, 920.0, 658.0]
[0.0, 32.0, 857.0, 675.0]
[48.0, 0.0, 906.0, 644.0]
[0.0, 32.0, 859.0, 676.0]
[16.0, 16.0, 876.0, 661.0]
[0.0, 16.0, 861.0, 662.0]
[32.0, 32.0, 894.0, 678.0]
[32.0, 0.0, 895.0, 647.0]
[32.0, 32.0, 896.0, 680.0]
[64.0, 0.0, 929.0, 649.0]
[80.0, 32.0, 946.0, 682.0]
[80.0, 0.0, 947.0, 650.0]
[64.0, 0.0, 932.0, 651.0]
[32.0, 16.0, 901.0, 668.0]
[32.0, 32.0, 902.0, 684.0]
[32.0, 0.0, 903.0, 653.0]
[0.0, 32.0, 872.0, 686.0]
[0.0, 0.0, 873.0, 655.0]
[48.0, 0.0, 922.0, 656.0]
[64.0, 0.0, 939.0, 656.0]
[16.0, 0.0, 892.0, 657.0]
[80.0, 0.0, 957.0, 658.0]
[80.0, 16.0, 958.0, 674.0]
[64.0, 0.0, 943.0, 659.0]
[16.0, 0.0, 896.0, 660.0]
[48.0, 0.0, 929.0, 661.0]
[32.0, 16.0, 914.0, 678.0]
[64.0, 16.0, 947.0, 678.0]
[48.0, 16.0, 932.0, 679.0]
[48.0, 0.0, 933.0, 664.0]
[32.0, 16.0, 918.0, 680.0]
[16.0, 16.0, 903.0, 681.0]
[48.0, 0.0, 936.0, 666.0]
[32.0, 16.0, 921.0, 683.0]
[64.0, 0.0, 954.0, 668.0]
[64.0, 16.0, 955.0, 684.0]
[64.0, 16.0, 956.0, 685.0]
[32.0, 0.0, 925.0, 670.0]
[0.0, 0.0, 894.0, 670.0]
[16.0, 0.0, 911.0, 671.0]
[48.0, 0.0, 944.0, 672.0]
[16.0, 0.0, 913.0, 673.0]
[48.0, 0.0, 946.0, 674.0]
[16.0, 0.0, 915.0, 674.0]
[0.0, 0.0, 900.0, 675.0]
[48.0, 0.0, 949.0, 676.0]
[0.0, 0.0, 902.0, 676.0]
[48.0, 0.0, 951.0, 677.0]
[48.0, 0.0, 952.0, 678.0]
[16.0, 0.0, 921.0, 679.0]
[48.0, 0.0, 954.0, 680.0]
[48.0, 0.0, 955.0, 680.0]
[0.0, 0.0, 908.0, 681.0]
[32.0, 0.0, 941.0, 682.0]
[16.0, 0.0, 926.0, 682.0]
[32.0, 0.0, 943.0, 683.0]
[0.0, 0.0, 912.0, 684.0]
[32.0, 0.0, 945.0, 685.0]
