[112.0, 0.0, 829.0, 538.0]
[96.0, 32.0, 814.0, 570.0]
[192.0, 16.0, 911.0, 555.0]
[192.0, 0.0, 912.0, 540.0]
[128.0, 32.0, 849.0, 573.0]
[112.0, 32.0, 834.0, 574.0]
[112.0, 32.0, 835.0, 574.0]
[48.0, 0.0, 772.0, 543.0]
[176.0, 16.0, 901.0, 560.0]
[160.0, 16.0, 886.0, 560.0]
[160.0, 0.0, 887.0, 545.0]
[48.0, 32.0, 776.0, 578.0]
[144.0, 32.0, 873.0, 579.0]
[144.0, 16.0, 874.0, 564.0]
[80.0, 32.0, 811.0, 580.0]
[96.0, 16.0, 828.0, 565.0]
[144.0, 0.0, 877.0, 550.0]
[144.0, 0.0, 878.0, 550.0]
[80.0, 0.0, 815.0, 551.0]
[48.0, 32.0, 784.0, 584.0]
[96.0, 32.0, 833.0, 585.0]
[64.0, 16.0, 802.0, 570.0]
[160.0, 0.0, 899.0, 554.0]
[160.0, 16.0, 900.0, 571.0]
[80.0, 16.0, 821.0, 572.0]
[48.0, 32.0, 790.0, 588.0]
[160.0, 16.0, 903.0, 573.0]
[96.0, 16.0, 840.0, 574.0]
[64.0, 0.0, 809.0, 559.0]
[112.0, 0.0, 858.0, 560.0]
[64.0, 32.0, 811.0, 592.0]
[32.0, 32.0, 780.0, 593.0]
[80.0, 0.0, 829.0, 562.0]
[96.0, 0.0, 846.0, 562.0]
[32.0, 0.0, 783.0, 563.0]
[96.0, 16.0, 848.0, 580.0]
[32.0, 0.0, 785.0, 565.0]
[48.0, 16.0, 802.0, 582.0]
[32.0, 32.0, 787.0, 598.0]
[96.0, 16.0, 852.0, 583.0]
[144.0, 0.0, 901.0, 568.0]
[144.0, 0.0, 902.0, 568.0]
[128.0, 0.0, 887.0, 569.0]
[64.0, 32.0, 824.0, 602.0]
[64.0, 16.0, 825.0, 587.0]
[128.0, 0.0, 890.0, 572.0]
[48.0, 0.0, 811.0, 572.0]
[48.0, 0.0, 812.0, 573.0]
[96.0, 16.0, 861.0, 590.0]
[64.0, 0.0, 830.0, 574.0]
[64.0, 0.0, 831.0, 575.0]
[96.0, 0.0, 864.0, 576.0]
[128.0, 16.0, 897.0, 593.0]
[112.0, 32.0, 882.0, 610.0]
[80.0, 16.0, 851.0, 594.0]
[80.0, 32.0, 852.0, 611.0]
[48.0, 16.0, 821.0, 596.0]
[96.0, 16.0, 870.0, 596.0]
[80.0, 0.0, 855.0, 581.0]
[128.0, 32.0, 904.0, 614.0]
[48.0, 32.0, 825.0, 615.0]
[112.0, 32.0, 890.0, 616.0]
[80.0, 32.0, 859.0, 616.0]
[48.0, 0.0, 828.0, 585.0]
[64.0, 0.0, 845.0, 586.0]
[128.0, 0.0, 910.0, 586.0]
[96.0, 0.0, 879.0, 587.0]
[128.0, 16.0, 912.0, 604.0]
[96.0, 0.0, 881.0, 589.0]
[112.0, 0.0, 898.0, 590.0]
[80.0, 0.0, 867.0, 590.0]
[80.0, 0.0, 868.0, 591.0]
[96.0, 16.0, 885.0, 608.0]
[64.0, 16.0, 854.0, 608.0]
[80.0, 16.0, 871.0, 609.0]
[112.0, 16.0, 904.0, 610.0]
[96.0, 32.0, 889.0, 627.0]
[48.0, 0.0, 842.0, 596.0]
[64.0, 16.0, 859.0, 612.0]
[112.0, 0.0, 908.0, 597.0]
[64.0, 0.0, 861.0, 598.0]
[80.0, 32.0, 878.0, 630.0]
[96.0, 16.0, 895.0, 615.0]
[80.0, 16.0, 880.0, 616.0]
[80.0, 0.0, 881.0, 601.0]
[96.0, 0.0, 898.0, 602.0]
[96.0, 32.0, 899.0, 634.0]
[80.0, 32.0, 884.0, 635.0]
[48.0, 16.0, 853.0, 620.0]
[48.0, 0.0, 854.0, 604.0]
[48.0, 0.0, 855.0, 605.0]
[96.0, 16.0, 904.0, 622.0]
[64.0, 32.0, 873.0, 639.0]
[80.0, 16.0, 890.0, 624.0]
[32.0, 0.0, 843.0, 608.0]
[80.0, 16.0, 892.0, 625.0]
[32.0, 0.0, 845.0, 610.0]
[96.0, 16.0, 910.0, 626.0]
[48.0, 32.0, 863.0, 643.0]
[48.0, 32.0, 864.0, 644.0]
[80.0, 0.0, 897.0, 613.0]
[64.0, 32.0, 882.0, 646.0]
[64.0, 0.0, 883.0, 614.0]
[80.0, 0.0, 900.0, 615.0]
[64.0, 0.0, 885.0, 616.0]
[64.0, 16.0, 886.0, 632.0]
[64.0, 32.0, 887.0, 649.0]
[64.0, 16.0, 888.0, 634.0]
[48.0, 16.0, 873.0, 635.0]
[48.0, 16.0, 874.0, 636.0]
[32.0, 16.0, 859.0, 636.0]
[48.0, 16.0, 876.0, 637.0]
[32.0, 16.0, 861.0, 638.0]
[32.0, 16.0, 862.0, 638.0]
[64.0, 32.0, 895.0, 655.0]
[32.0, 0.0, 864.0, 624.0]
[48.0, 0.0, 881.0, 625.0]
[48.0, 0.0, 882.0, 626.0]
[48.0, 0.0, 883.0, 626.0]
[48.0, 32.0, 884.0, 659.0]
[48.0, 0.0, 885.0, 628.0]
[64.0, 0.0, 902.0, 628.0]
[64.0, 16.0, 903.0, 645.0]
[48.0, 0.0, 888.0, 630.0]
[48.0, 16.0, 889.0, 647.0]
[64.0, 0.0, 906.0, 632.0]
[48.0, 32.0, 891.0, 664.0]
[48.0, 0.0, 892.0, 633.0]
[48.0, 16.0, 893.0, 650.0]
[48.0, 0.0, 894.0, 634.0]
[48.0, 16.0, 895.0, 651.0]
[48.0, 32.0, 896.0, 668.0]
[48.0, 32.0, 897.0, 669.0]
[48.0, 16.0, 898.0, 654.0]
[48.0, 16.0, 899.0, 654.0]
[48.0, 16.0, 900.0, 655.0]
[48.0, 16.0, 901.0, 656.0]
[48.0, 16.0, 902.0, 656.0]
[48.0, 16.0, 903.0, 657.0]
[48.0, 16.0, 904.0, 658.0]
