[112.0, 48.0, 829.0, 586.0]
[96.0, 96.0, 814.0, 634.0]
[176.0, 64.0, 895.0, 603.0]
[32.0, 48.0, 752.0, 588.0]
[144.0, 96.0, 865.0, 637.0]
[64.0, 32.0, 786.0, 574.0]
[128.0, 112.0, 851.0, 654.0]
[48.0, 80.0, 772.0, 623.0]
[144.0, 16.0, 869.0, 560.0]
[48.0, 16.0, 774.0, 560.0]
[96.0, 112.0, 823.0, 657.0]
[160.0, 48.0, 888.0, 594.0]
[112.0, 16.0, 841.0, 563.0]
[176.0, 96.0, 906.0, 644.0]
[160.0, 96.0, 891.0, 644.0]
[176.0, 96.0, 908.0, 645.0]
[80.0, 96.0, 813.0, 646.0]
[48.0, 112.0, 782.0, 662.0]
[48.0, 112.0, 783.0, 663.0]
[144.0, 32.0, 880.0, 584.0]
[96.0, 112.0, 833.0, 665.0]
[32.0, 80.0, 770.0, 634.0]
[32.0, 48.0, 771.0, 602.0]
[96.0, 16.0, 836.0, 571.0]
[128.0, 48.0, 869.0, 604.0]
[192.0, 48.0, 934.0, 604.0]
[192.0, 80.0, 935.0, 637.0]
[128.0, 80.0, 872.0, 638.0]
[80.0, 96.0, 825.0, 655.0]
[144.0, 48.0, 890.0, 608.0]
[192.0, 32.0, 939.0, 592.0]
[80.0, 80.0, 828.0, 641.0]
[48.0, 96.0, 797.0, 658.0]
[0.0, 80.0, 750.0, 642.0]
[48.0, 16.0, 799.0, 579.0]
[192.0, 32.0, 944.0, 596.0]
[192.0, 64.0, 945.0, 629.0]
[16.0, 32.0, 770.0, 598.0]
[64.0, 80.0, 819.0, 646.0]
[16.0, 16.0, 772.0, 583.0]
[64.0, 64.0, 821.0, 632.0]
[192.0, 48.0, 950.0, 616.0]
[128.0, 80.0, 887.0, 649.0]
[192.0, 32.0, 952.0, 602.0]
[144.0, 112.0, 905.0, 683.0]
[32.0, 32.0, 794.0, 604.0]
[48.0, 96.0, 811.0, 668.0]
[48.0, 0.0, 812.0, 573.0]
[160.0, 96.0, 925.0, 670.0]
[96.0, 48.0, 862.0, 622.0]
[0.0, 16.0, 767.0, 591.0]
[160.0, 0.0, 928.0, 576.0]
[144.0, 64.0, 913.0, 641.0]
[144.0, 80.0, 914.0, 658.0]
[128.0, 80.0, 899.0, 658.0]
[160.0, 48.0, 932.0, 627.0]
[112.0, 16.0, 885.0, 596.0]
[96.0, 32.0, 870.0, 612.0]
[64.0, 32.0, 839.0, 613.0]
[16.0, 96.0, 792.0, 678.0]
[160.0, 48.0, 937.0, 631.0]
[160.0, 16.0, 938.0, 600.0]
[16.0, 80.0, 795.0, 664.0]
[0.0, 16.0, 780.0, 601.0]
[16.0, 80.0, 797.0, 666.0]
[96.0, 48.0, 878.0, 634.0]
[64.0, 96.0, 847.0, 683.0]
[160.0, 0.0, 944.0, 588.0]
[16.0, 16.0, 801.0, 605.0]
[128.0, 80.0, 914.0, 670.0]
[64.0, 16.0, 851.0, 606.0]
[192.0, 64.0, 980.0, 655.0]
[112.0, 32.0, 901.0, 624.0]
[0.0, 32.0, 790.0, 624.0]
[192.0, 64.0, 983.0, 657.0]
[96.0, 16.0, 888.0, 610.0]
[112.0, 32.0, 905.0, 627.0]
[128.0, 16.0, 922.0, 612.0]
[0.0, 0.0, 795.0, 596.0]
[128.0, 64.0, 924.0, 661.0]
[16.0, 16.0, 813.0, 614.0]
[16.0, 32.0, 814.0, 630.0]
[48.0, 16.0, 847.0, 615.0]
[48.0, 0.0, 848.0, 600.0]
[96.0, 80.0, 897.0, 681.0]
[0.0, 48.0, 802.0, 650.0]
[112.0, 64.0, 915.0, 666.0]
[112.0, 0.0, 916.0, 603.0]
[112.0, 32.0, 917.0, 636.0]
[96.0, 48.0, 902.0, 652.0]
[144.0, 32.0, 951.0, 637.0]
[16.0, 48.0, 824.0, 654.0]
[96.0, 0.0, 905.0, 607.0]
[16.0, 0.0, 826.0, 608.0]
[16.0, 64.0, 827.0, 672.0]
[80.0, 48.0, 892.0, 657.0]
[0.0, 48.0, 813.0, 658.0]
[128.0, 16.0, 942.0, 626.0]
[0.0, 64.0, 815.0, 675.0]
[128.0, 16.0, 944.0, 628.0]
[64.0, 64.0, 881.0, 677.0]
[80.0, 16.0, 898.0, 630.0]
[192.0, 32.0, 1011.0, 646.0]
[0.0, 64.0, 820.0, 679.0]
[0.0, 48.0, 821.0, 664.0]
[32.0, 32.0, 854.0, 648.0]
[96.0, 16.0, 919.0, 633.0]
[32.0, 32.0, 856.0, 650.0]
[176.0, 32.0, 1001.0, 651.0]
[128.0, 48.0, 954.0, 668.0]
[16.0, 48.0, 843.0, 668.0]
[0.0, 48.0, 828.0, 669.0]
[16.0, 0.0, 845.0, 622.0]
[64.0, 48.0, 894.0, 670.0]
[128.0, 16.0, 959.0, 639.0]
[176.0, 16.0, 1008.0, 640.0]
[144.0, 32.0, 977.0, 657.0]
[128.0, 0.0, 962.0, 626.0]
[176.0, 48.0, 1011.0, 674.0]
[80.0, 0.0, 916.0, 627.0]
[32.0, 16.0, 869.0, 644.0]
[64.0, 16.0, 902.0, 644.0]
[176.0, 16.0, 1015.0, 645.0]
[176.0, 16.0, 1016.0, 646.0]
[80.0, 32.0, 921.0, 663.0]
[16.0, 0.0, 858.0, 632.0]
[80.0, 16.0, 923.0, 648.0]
[112.0, 0.0, 956.0, 633.0]
[0.0, 48.0, 845.0, 682.0]
[144.0, 0.0, 990.0, 634.0]
[112.0, 16.0, 959.0, 651.0]
[112.0, 0.0, 960.0, 636.0]
[0.0, 16.0, 849.0, 653.0]
[48.0, 0.0, 898.0, 638.0]
[32.0, 32.0, 883.0, 670.0]
[32.0, 0.0, 884.0, 639.0]
[96.0, 0.0, 949.0, 640.0]
[96.0, 16.0, 950.0, 656.0]
[80.0, 32.0, 935.0, 673.0]
[80.0, 0.0, 936.0, 642.0]
[0.0, 0.0, 857.0, 643.0]
[64.0, 0.0, 922.0, 644.0]
[144.0, 32.0, 1003.0, 676.0]
[0.0, 16.0, 860.0, 661.0]
[160.0, 0.0, 1021.0, 646.0]
[64.0, 32.0, 926.0, 678.0]
[96.0, 0.0, 959.0, 647.0]
[112.0, 16.0, 976.0, 664.0]
[32.0, 0.0, 897.0, 649.0]
[144.0, 0.0, 1010.0, 650.0]
[144.0, 0.0, 1011.0, 650.0]
[112.0, 16.0, 980.0, 667.0]
[80.0, 16.0, 949.0, 668.0]
[128.0, 16.0, 998.0, 668.0]
[64.0, 16.0, 935.0, 669.0]
[144.0, 0.0, 1016.0, 654.0]
[64.0, 16.0, 937.0, 671.0]
[32.0, 0.0, 906.0, 656.0]
[80.0, 0.0, 955.0, 656.0]
[96.0, 0.0, 972.0, 657.0]
[128.0, 16.0, 1005.0, 674.0]
[48.0, 16.0, 926.0, 674.0]
[112.0, 0.0, 991.0, 659.0]
[144.0, 0.0, 1024.0, 660.0]
[16.0, 0.0, 897.0, 661.0]
[128.0, 0.0, 1010.0, 662.0]
[128.0, 0.0, 1011.0, 662.0]
[96.0, 16.0, 980.0, 679.0]
[16.0, 16.0, 901.0, 680.0]
[96.0, 0.0, 982.0, 664.0]
[112.0, 0.0, 999.0, 665.0]
[0.0, 0.0, 888.0, 666.0]
[48.0, 16.0, 937.0, 683.0]
[128.0, 0.0, 1018.0, 668.0]
[0.0, 0.0, 891.0, 668.0]
[80.0, 0.0, 972.0, 669.0]
[80.0, 0.0, 973.0, 670.0]
[32.0, 0.0, 926.0, 670.0]
[48.0, 0.0, 943.0, 671.0]
[16.0, 0.0, 912.0, 672.0]
[16.0, 0.0, 913.0, 673.0]
[64.0, 0.0, 962.0, 674.0]
[80.0, 0.0, 979.0, 674.0]
[64.0, 0.0, 964.0, 675.0]
[112.0, 0.0, 1013.0, 676.0]
[96.0, 0.0, 998.0, 676.0]
[64.0, 0.0, 967.0, 677.0]
[80.0, 0.0, 984.0, 678.0]
[16.0, 0.0, 921.0, 679.0]
[80.0, 0.0, 986.0, 680.0]
[80.0, 0.0, 987.0, 680.0]
[0.0, 0.0, 908.0, 681.0]
[64.0, 0.0, 973.0, 682.0]
[64.0, 0.0, 974.0, 682.0]
[64.0, 0.0, 975.0, 683.0]
