[96.0, 64.0, 813.0, 602.0]
[48.0, 64.0, 766.0, 602.0]
[112.0, 144.0, 831.0, 683.0]
[0.0, 64.0, 720.0, 604.0]
[64.0, 48.0, 785.0, 589.0]
[128.0, 96.0, 850.0, 638.0]
[64.0, 112.0, 787.0, 654.0]
[128.0, 112.0, 852.0, 655.0]
[80.0, 96.0, 805.0, 640.0]
[112.0, 64.0, 838.0, 608.0]
[32.0, 112.0, 759.0, 657.0]
[16.0, 128.0, 744.0, 674.0]
[48.0, 32.0, 777.0, 579.0]
[112.0, 48.0, 842.0, 596.0]
[128.0, 48.0, 859.0, 596.0]
[64.0, 96.0, 796.0, 645.0]
[0.0, 128.0, 733.0, 678.0]
[112.0, 48.0, 846.0, 598.0]
[112.0, 48.0, 847.0, 599.0]
[16.0, 64.0, 752.0, 616.0]
[64.0, 112.0, 801.0, 665.0]
[96.0, 112.0, 834.0, 666.0]
[112.0, 96.0, 851.0, 650.0]
[80.0, 48.0, 820.0, 603.0]
[0.0, 96.0, 741.0, 652.0]
[16.0, 48.0, 758.0, 604.0]
[32.0, 16.0, 775.0, 573.0]
[32.0, 48.0, 776.0, 606.0]
[48.0, 16.0, 793.0, 575.0]
[0.0, 48.0, 746.0, 608.0]
[32.0, 16.0, 779.0, 576.0]
[64.0, 16.0, 812.0, 577.0]
[32.0, 32.0, 781.0, 594.0]
[0.0, 48.0, 750.0, 610.0]
[0.0, 112.0, 751.0, 675.0]
[0.0, 32.0, 752.0, 596.0]
[32.0, 64.0, 785.0, 629.0]
[80.0, 96.0, 834.0, 662.0]
[64.0, 64.0, 819.0, 630.0]
[16.0, 80.0, 772.0, 647.0]
[48.0, 0.0, 805.0, 568.0]
[32.0, 112.0, 790.0, 680.0]
[96.0, 32.0, 855.0, 601.0]
[16.0, 16.0, 776.0, 586.0]
[32.0, 112.0, 793.0, 683.0]
[64.0, 112.0, 826.0, 684.0]
[0.0, 96.0, 763.0, 668.0]
[48.0, 48.0, 812.0, 621.0]
[0.0, 64.0, 765.0, 638.0]
[96.0, 32.0, 862.0, 606.0]
[48.0, 0.0, 815.0, 575.0]
[64.0, 80.0, 832.0, 656.0]
[64.0, 80.0, 833.0, 657.0]
[16.0, 48.0, 786.0, 626.0]
[0.0, 48.0, 771.0, 626.0]
[48.0, 80.0, 820.0, 659.0]
[32.0, 32.0, 805.0, 612.0]
[16.0, 16.0, 790.0, 596.0]
[0.0, 32.0, 775.0, 613.0]
[0.0, 96.0, 776.0, 678.0]
[48.0, 96.0, 825.0, 679.0]
[16.0, 32.0, 794.0, 616.0]
[80.0, 32.0, 859.0, 616.0]
[16.0, 32.0, 796.0, 617.0]
[80.0, 96.0, 861.0, 682.0]
[0.0, 16.0, 782.0, 602.0]
[64.0, 32.0, 847.0, 619.0]
[64.0, 16.0, 848.0, 604.0]
[32.0, 80.0, 817.0, 669.0]
[16.0, 32.0, 802.0, 622.0]
[0.0, 16.0, 787.0, 606.0]
[48.0, 64.0, 836.0, 655.0]
[64.0, 32.0, 853.0, 624.0]
[32.0, 0.0, 822.0, 592.0]
[16.0, 48.0, 807.0, 641.0]
[48.0, 0.0, 840.0, 594.0]
[48.0, 64.0, 841.0, 659.0]
[64.0, 16.0, 858.0, 612.0]
[0.0, 48.0, 795.0, 644.0]
[48.0, 16.0, 844.0, 613.0]
[64.0, 48.0, 861.0, 646.0]
[32.0, 48.0, 830.0, 646.0]
[0.0, 80.0, 799.0, 679.0]
[32.0, 0.0, 832.0, 600.0]
[32.0, 48.0, 833.0, 649.0]
[48.0, 64.0, 850.0, 666.0]
[32.0, 0.0, 835.0, 602.0]
[32.0, 16.0, 836.0, 619.0]
[0.0, 0.0, 805.0, 604.0]
[48.0, 64.0, 854.0, 668.0]
[0.0, 16.0, 807.0, 621.0]
[32.0, 0.0, 840.0, 606.0]
[0.0, 48.0, 809.0, 655.0]
[0.0, 16.0, 810.0, 624.0]
[16.0, 0.0, 827.0, 608.0]
[0.0, 48.0, 812.0, 657.0]
[16.0, 0.0, 829.0, 610.0]
[0.0, 64.0, 814.0, 674.0]
[0.0, 64.0, 815.0, 675.0]
[0.0, 0.0, 816.0, 612.0]
