[112.0, 128.0, 829.0, 666.0]
[176.0, 112.0, 894.0, 650.0]
[224.0, 112.0, 943.0, 651.0]
[48.0, 112.0, 768.0, 652.0]
[208.0, 128.0, 929.0, 669.0]
[192.0, 128.0, 914.0, 670.0]
[96.0, 112.0, 819.0, 654.0]
[240.0, 128.0, 964.0, 671.0]
[240.0, 128.0, 965.0, 672.0]
[160.0, 128.0, 886.0, 672.0]
[128.0, 128.0, 855.0, 673.0]
[48.0, 96.0, 776.0, 642.0]
[176.0, 96.0, 905.0, 643.0]
[160.0, 128.0, 890.0, 676.0]
[240.0, 112.0, 971.0, 660.0]
[48.0, 96.0, 780.0, 645.0]
[192.0, 112.0, 925.0, 662.0]
[48.0, 96.0, 782.0, 646.0]
[208.0, 128.0, 943.0, 679.0]
[256.0, 112.0, 992.0, 664.0]
[48.0, 96.0, 785.0, 649.0]
[256.0, 112.0, 994.0, 666.0]
[64.0, 96.0, 803.0, 650.0]
[224.0, 128.0, 964.0, 683.0]
[256.0, 128.0, 997.0, 684.0]
[64.0, 112.0, 806.0, 668.0]
[128.0, 128.0, 871.0, 685.0]
[48.0, 96.0, 792.0, 654.0]
[96.0, 112.0, 841.0, 671.0]
[256.0, 96.0, 1002.0, 656.0]
[144.0, 96.0, 891.0, 656.0]
[96.0, 112.0, 844.0, 673.0]
[256.0, 96.0, 1005.0, 658.0]
[64.0, 80.0, 814.0, 642.0]
[176.0, 96.0, 927.0, 659.0]
[32.0, 96.0, 784.0, 660.0]
[128.0, 96.0, 881.0, 661.0]
[224.0, 112.0, 978.0, 678.0]
[128.0, 80.0, 883.0, 646.0]
[144.0, 96.0, 900.0, 663.0]
[96.0, 112.0, 853.0, 680.0]
[192.0, 80.0, 950.0, 648.0]
[112.0, 96.0, 871.0, 665.0]
[192.0, 96.0, 952.0, 666.0]
[208.0, 112.0, 969.0, 683.0]
[112.0, 80.0, 874.0, 652.0]
[208.0, 112.0, 971.0, 684.0]
[80.0, 96.0, 844.0, 669.0]
[48.0, 80.0, 813.0, 654.0]
[224.0, 96.0, 990.0, 670.0]
[64.0, 96.0, 831.0, 671.0]
[32.0, 96.0, 800.0, 672.0]
[128.0, 80.0, 897.0, 657.0]
[112.0, 96.0, 882.0, 674.0]
[80.0, 64.0, 851.0, 642.0]
[48.0, 80.0, 820.0, 659.0]
[48.0, 96.0, 821.0, 676.0]
[64.0, 64.0, 838.0, 644.0]
[112.0, 64.0, 887.0, 645.0]
[80.0, 96.0, 856.0, 678.0]
[48.0, 80.0, 825.0, 663.0]
[96.0, 96.0, 874.0, 680.0]
[96.0, 96.0, 875.0, 680.0]
[64.0, 96.0, 844.0, 681.0]
[80.0, 80.0, 861.0, 666.0]
[192.0, 64.0, 974.0, 650.0]
[192.0, 64.0, 975.0, 651.0]
[128.0, 80.0, 912.0, 668.0]
[64.0, 96.0, 849.0, 685.0]
[80.0, 80.0, 866.0, 670.0]
[128.0, 96.0, 915.0, 686.0]
[144.0, 64.0, 932.0, 655.0]
[48.0, 48.0, 837.0, 640.0]
[80.0, 48.0, 870.0, 640.0]
[32.0, 80.0, 823.0, 673.0]
[80.0, 64.0, 872.0, 658.0]
[160.0, 80.0, 953.0, 675.0]
[128.0, 80.0, 922.0, 676.0]
[80.0, 80.0, 875.0, 676.0]
[80.0, 48.0, 876.0, 645.0]
[96.0, 64.0, 893.0, 662.0]
[80.0, 64.0, 878.0, 662.0]
[144.0, 80.0, 943.0, 679.0]
[128.0, 80.0, 928.0, 680.0]
[80.0, 48.0, 881.0, 649.0]
[80.0, 64.0, 882.0, 666.0]
[32.0, 80.0, 835.0, 682.0]
[48.0, 48.0, 852.0, 651.0]
[112.0, 48.0, 917.0, 652.0]
[176.0, 64.0, 982.0, 668.0]
[112.0, 48.0, 919.0, 653.0]
[48.0, 48.0, 856.0, 654.0]
[192.0, 80.0, 1001.0, 687.0]
[160.0, 48.0, 970.0, 656.0]
[144.0, 32.0, 955.0, 640.0]
[64.0, 32.0, 876.0, 641.0]
[64.0, 48.0, 877.0, 658.0]
[96.0, 32.0, 910.0, 642.0]
[96.0, 32.0, 911.0, 643.0]
[144.0, 64.0, 960.0, 676.0]
[32.0, 48.0, 849.0, 661.0]
[144.0, 32.0, 962.0, 646.0]
[176.0, 48.0, 995.0, 662.0]
[48.0, 48.0, 868.0, 663.0]
[160.0, 32.0, 981.0, 648.0]
[48.0, 32.0, 870.0, 648.0]
[96.0, 48.0, 919.0, 665.0]
[32.0, 48.0, 856.0, 666.0]
[64.0, 32.0, 889.0, 651.0]
[160.0, 32.0, 986.0, 652.0]
[80.0, 32.0, 907.0, 652.0]
[144.0, 48.0, 972.0, 669.0]
[64.0, 64.0, 893.0, 686.0]
[64.0, 32.0, 894.0, 654.0]
[16.0, 64.0, 847.0, 687.0]
[96.0, 32.0, 928.0, 656.0]
[80.0, 48.0, 913.0, 673.0]
[144.0, 32.0, 978.0, 658.0]
[96.0, 48.0, 931.0, 674.0]
[96.0, 32.0, 932.0, 659.0]
[96.0, 16.0, 933.0, 644.0]
[160.0, 48.0, 998.0, 676.0]
[96.0, 16.0, 935.0, 645.0]
[32.0, 16.0, 872.0, 646.0]
[112.0, 32.0, 953.0, 663.0]
[128.0, 32.0, 970.0, 664.0]
[160.0, 48.0, 1003.0, 680.0]
[128.0, 48.0, 972.0, 681.0]
[64.0, 48.0, 909.0, 682.0]
[128.0, 48.0, 974.0, 682.0]
[48.0, 16.0, 895.0, 651.0]
[112.0, 48.0, 960.0, 684.0]
[128.0, 16.0, 977.0, 653.0]
[80.0, 48.0, 930.0, 686.0]
[160.0, 32.0, 1011.0, 670.0]
[96.0, 48.0, 948.0, 687.0]
[64.0, 32.0, 917.0, 672.0]
[64.0, 0.0, 918.0, 640.0]
[16.0, 32.0, 871.0, 673.0]
[32.0, 16.0, 888.0, 658.0]
[96.0, 0.0, 953.0, 643.0]
[112.0, 0.0, 970.0, 644.0]
[112.0, 16.0, 971.0, 660.0]
[112.0, 32.0, 972.0, 677.0]
[64.0, 0.0, 925.0, 646.0]
[112.0, 32.0, 974.0, 678.0]
[64.0, 32.0, 927.0, 679.0]
[96.0, 0.0, 960.0, 648.0]
[80.0, 32.0, 945.0, 681.0]
[128.0, 16.0, 994.0, 666.0]
[80.0, 0.0, 947.0, 650.0]
[112.0, 0.0, 980.0, 651.0]
[16.0, 32.0, 885.0, 684.0]
[48.0, 32.0, 918.0, 684.0]
[64.0, 0.0, 935.0, 653.0]
[112.0, 32.0, 984.0, 686.0]
[64.0, 0.0, 937.0, 655.0]
[80.0, 0.0, 954.0, 656.0]
[96.0, 16.0, 971.0, 672.0]
[64.0, 0.0, 940.0, 657.0]
[48.0, 0.0, 925.0, 658.0]
[48.0, 0.0, 926.0, 658.0]
[112.0, 16.0, 991.0, 675.0]
[128.0, 0.0, 1008.0, 660.0]
[80.0, 16.0, 961.0, 677.0]
[32.0, 16.0, 914.0, 678.0]
[80.0, 16.0, 963.0, 678.0]
[112.0, 16.0, 996.0, 679.0]
[48.0, 16.0, 933.0, 680.0]
[112.0, 0.0, 998.0, 664.0]
[16.0, 0.0, 903.0, 665.0]
[112.0, 0.0, 1000.0, 666.0]
[16.0, 0.0, 905.0, 667.0]
[96.0, 16.0, 986.0, 684.0]
[80.0, 0.0, 971.0, 668.0]
[48.0, 0.0, 940.0, 669.0]
[64.0, 16.0, 957.0, 686.0]
[48.0, 16.0, 942.0, 686.0]
[80.0, 16.0, 975.0, 687.0]
[96.0, 0.0, 992.0, 672.0]
[112.0, 0.0, 1009.0, 673.0]
[32.0, 0.0, 930.0, 674.0]
[48.0, 0.0, 947.0, 674.0]
[64.0, 0.0, 964.0, 675.0]
[80.0, 0.0, 981.0, 676.0]
[64.0, 0.0, 966.0, 676.0]
[64.0, 0.0, 967.0, 677.0]
[32.0, 0.0, 936.0, 678.0]
[64.0, 0.0, 969.0, 679.0]
[64.0, 0.0, 970.0, 680.0]
[80.0, 0.0, 987.0, 680.0]
[96.0, 0.0, 1004.0, 681.0]
[32.0, 0.0, 941.0, 682.0]
[48.0, 0.0, 958.0, 682.0]
[32.0, 0.0, 943.0, 683.0]
[80.0, 0.0, 992.0, 684.0]
[32.0, 0.0, 945.0, 685.0]
[32.0, 0.0, 946.0, 686.0]
[48.0, 0.0, 963.0, 686.0]
[64.0, 0.0, 980.0, 687.0]
