[48.0, 304.0, 822.0, 884.0]
[96.0, 304.0, 871.0, 885.0]
[128.0, 272.0, 904.0, 854.0]
[96.0, 224.0, 873.0, 807.0]
[144.0, 240.0, 922.0, 824.0]
[208.0, 240.0, 987.0, 824.0]
[160.0, 256.0, 940.0, 841.0]
[192.0, 272.0, 973.0, 858.0]
[192.0, 240.0, 974.0, 826.0]
[128.0, 240.0, 911.0, 827.0]
[96.0, 288.0, 880.0, 876.0]
[160.0, 240.0, 945.0, 829.0]
[208.0, 272.0, 994.0, 862.0]
[96.0, 240.0, 883.0, 830.0]
[144.0, 288.0, 932.0, 879.0]
[80.0, 304.0, 869.0, 896.0]
[64.0, 304.0, 854.0, 896.0]
[112.0, 304.0, 903.0, 897.0]
[48.0, 304.0, 840.0, 898.0]
[176.0, 272.0, 969.0, 867.0]
[176.0, 224.0, 970.0, 820.0]
[192.0, 256.0, 987.0, 852.0]
[208.0, 240.0, 1004.0, 837.0]
[48.0, 304.0, 845.0, 902.0]
[208.0, 272.0, 1006.0, 870.0]
[176.0, 192.0, 975.0, 791.0]
[208.0, 224.0, 1008.0, 824.0]
[144.0, 272.0, 945.0, 873.0]
[48.0, 256.0, 850.0, 858.0]
[64.0, 224.0, 867.0, 826.0]
[192.0, 256.0, 996.0, 859.0]
[96.0, 240.0, 901.0, 844.0]
[48.0, 256.0, 854.0, 860.0]
[128.0, 256.0, 935.0, 861.0]
[160.0, 240.0, 968.0, 846.0]
[80.0, 272.0, 889.0, 879.0]
[128.0, 208.0, 938.0, 816.0]
[48.0, 272.0, 859.0, 880.0]
[96.0, 304.0, 908.0, 913.0]
[160.0, 240.0, 973.0, 850.0]
[48.0, 240.0, 862.0, 850.0]
[80.0, 304.0, 895.0, 915.0]
[176.0, 240.0, 992.0, 852.0]
[128.0, 240.0, 945.0, 853.0]
[32.0, 208.0, 850.0, 822.0]
[128.0, 176.0, 947.0, 790.0]
[144.0, 304.0, 964.0, 919.0]
[144.0, 224.0, 965.0, 840.0]
[160.0, 304.0, 982.0, 920.0]
[128.0, 192.0, 951.0, 809.0]
[16.0, 272.0, 840.0, 890.0]
[0.0, 256.0, 825.0, 875.0]
[80.0, 304.0, 906.0, 924.0]
[64.0, 272.0, 891.0, 892.0]
[32.0, 304.0, 860.0, 925.0]
[64.0, 208.0, 893.0, 830.0]
[144.0, 176.0, 974.0, 798.0]
[128.0, 304.0, 959.0, 927.0]
[192.0, 256.0, 1024.0, 880.0]
[64.0, 176.0, 897.0, 801.0]
[64.0, 272.0, 898.0, 898.0]
[48.0, 224.0, 883.0, 850.0]
[48.0, 320.0, 884.0, 947.0]
[80.0, 320.0, 917.0, 948.0]
[176.0, 192.0, 1014.0, 820.0]
[0.0, 208.0, 839.0, 837.0]
[0.0, 224.0, 840.0, 854.0]
[96.0, 176.0, 937.0, 807.0]
[96.0, 272.0, 938.0, 904.0]
[80.0, 320.0, 923.0, 952.0]
[32.0, 176.0, 876.0, 809.0]
[64.0, 192.0, 909.0, 826.0]
[80.0, 272.0, 926.0, 906.0]
[144.0, 256.0, 991.0, 891.0]
[16.0, 272.0, 864.0, 908.0]
[144.0, 304.0, 993.0, 941.0]
[112.0, 224.0, 962.0, 862.0]
[48.0, 192.0, 899.0, 830.0]
[32.0, 272.0, 884.0, 911.0]
[144.0, 192.0, 997.0, 832.0]
[80.0, 304.0, 934.0, 944.0]
[64.0, 208.0, 919.0, 849.0]
[160.0, 256.0, 1016.0, 898.0]
[112.0, 272.0, 969.0, 915.0]
[16.0, 304.0, 874.0, 948.0]
[112.0, 272.0, 971.0, 916.0]
[64.0, 320.0, 924.0, 965.0]
[160.0, 288.0, 1021.0, 934.0]
[16.0, 240.0, 878.0, 886.0]
[48.0, 304.0, 911.0, 951.0]
[64.0, 256.0, 928.0, 904.0]
[32.0, 304.0, 897.0, 953.0]
[112.0, 256.0, 978.0, 906.0]
[64.0, 240.0, 931.0, 890.0]
[96.0, 256.0, 964.0, 907.0]
[80.0, 320.0, 949.0, 972.0]
[96.0, 288.0, 966.0, 940.0]
[48.0, 192.0, 919.0, 845.0]
[64.0, 160.0, 936.0, 814.0]
[16.0, 208.0, 889.0, 863.0]
[112.0, 240.0, 986.0, 896.0]
[64.0, 320.0, 939.0, 976.0]
[144.0, 192.0, 1020.0, 849.0]
[16.0, 304.0, 893.0, 962.0]
[112.0, 160.0, 990.0, 818.0]
[96.0, 240.0, 975.0, 899.0]
[112.0, 208.0, 992.0, 868.0]
[0.0, 288.0, 881.0, 949.0]
[112.0, 176.0, 994.0, 838.0]
[96.0, 192.0, 979.0, 854.0]
[48.0, 288.0, 932.0, 951.0]
[48.0, 128.0, 933.0, 792.0]
[64.0, 272.0, 950.0, 936.0]
[16.0, 192.0, 903.0, 857.0]
[16.0, 240.0, 904.0, 906.0]
[48.0, 288.0, 937.0, 955.0]
[80.0, 144.0, 970.0, 812.0]
[112.0, 144.0, 1003.0, 812.0]
[112.0, 304.0, 1004.0, 973.0]
[96.0, 256.0, 989.0, 926.0]
[0.0, 272.0, 894.0, 942.0]
[80.0, 160.0, 975.0, 831.0]
[32.0, 272.0, 928.0, 944.0]
[96.0, 208.0, 993.0, 881.0]
[96.0, 144.0, 994.0, 818.0]
[112.0, 208.0, 1011.0, 882.0]
[96.0, 192.0, 996.0, 867.0]
[64.0, 128.0, 965.0, 804.0]
[112.0, 208.0, 1014.0, 884.0]
[80.0, 304.0, 983.0, 981.0]
[32.0, 208.0, 936.0, 886.0]
[32.0, 176.0, 937.0, 855.0]
[16.0, 288.0, 922.0, 968.0]
[112.0, 176.0, 1019.0, 856.0]
[80.0, 320.0, 988.0, 1001.0]
[112.0, 208.0, 1021.0, 890.0]
[0.0, 192.0, 910.0, 874.0]
[64.0, 240.0, 975.0, 923.0]
[32.0, 160.0, 944.0, 844.0]
[48.0, 160.0, 961.0, 845.0]
[16.0, 256.0, 930.0, 942.0]
[48.0, 192.0, 963.0, 878.0]
[96.0, 256.0, 1012.0, 943.0]
[32.0, 304.0, 949.0, 992.0]
[0.0, 192.0, 918.0, 880.0]
[0.0, 144.0, 919.0, 833.0]
[0.0, 224.0, 920.0, 914.0]
[16.0, 192.0, 937.0, 883.0]
[64.0, 160.0, 986.0, 852.0]
[96.0, 144.0, 1019.0, 836.0]
[16.0, 256.0, 940.0, 949.0]
[32.0, 288.0, 957.0, 982.0]
[32.0, 144.0, 958.0, 838.0]
[0.0, 160.0, 927.0, 855.0]
[64.0, 272.0, 992.0, 968.0]
[16.0, 240.0, 945.0, 937.0]
[64.0, 160.0, 994.0, 858.0]
[0.0, 160.0, 931.0, 858.0]
[32.0, 96.0, 964.0, 795.0]
[48.0, 320.0, 981.0, 1020.0]
[64.0, 240.0, 998.0, 940.0]
[48.0, 128.0, 983.0, 829.0]
[32.0, 160.0, 968.0, 862.0]
[32.0, 256.0, 969.0, 959.0]
[0.0, 224.0, 938.0, 928.0]
[80.0, 176.0, 1019.0, 880.0]
[80.0, 192.0, 1020.0, 897.0]
[80.0, 192.0, 1021.0, 898.0]
[48.0, 208.0, 990.0, 914.0]
[48.0, 144.0, 991.0, 851.0]
[16.0, 304.0, 960.0, 1012.0]
[64.0, 256.0, 1009.0, 965.0]
[64.0, 192.0, 1010.0, 902.0]
[32.0, 304.0, 979.0, 1014.0]
[48.0, 96.0, 996.0, 807.0]
[48.0, 272.0, 997.0, 984.0]
[32.0, 304.0, 982.0, 1016.0]
[32.0, 80.0, 983.0, 793.0]
[64.0, 176.0, 1016.0, 890.0]
[0.0, 112.0, 953.0, 827.0]
[16.0, 272.0, 970.0, 988.0]
[48.0, 176.0, 1003.0, 892.0]
[48.0, 224.0, 1004.0, 941.0]
[64.0, 208.0, 1021.0, 926.0]
[16.0, 96.0, 974.0, 814.0]
[0.0, 128.0, 959.0, 847.0]
[16.0, 224.0, 976.0, 944.0]
[32.0, 144.0, 993.0, 865.0]
[48.0, 224.0, 1010.0, 946.0]
[16.0, 208.0, 979.0, 930.0]
[16.0, 272.0, 980.0, 995.0]
[48.0, 192.0, 1013.0, 916.0]
[48.0, 160.0, 1014.0, 884.0]
[16.0, 144.0, 983.0, 869.0]
[48.0, 256.0, 1016.0, 982.0]
[16.0, 192.0, 985.0, 919.0]
[0.0, 224.0, 970.0, 952.0]
[16.0, 256.0, 987.0, 984.0]
[48.0, 208.0, 1020.0, 937.0]
[0.0, 128.0, 973.0, 858.0]
[16.0, 112.0, 990.0, 842.0]
[16.0, 112.0, 991.0, 843.0]
[0.0, 272.0, 976.0, 1004.0]
[16.0, 112.0, 993.0, 845.0]
[32.0, 192.0, 1010.0, 926.0]
[16.0, 208.0, 995.0, 942.0]
[16.0, 176.0, 996.0, 911.0]
[0.0, 160.0, 981.0, 896.0]
[0.0, 192.0, 982.0, 928.0]
[16.0, 240.0, 999.0, 977.0]
[16.0, 272.0, 1000.0, 1010.0]
[16.0, 112.0, 1001.0, 851.0]
[16.0, 176.0, 1002.0, 916.0]
[16.0, 80.0, 1003.0, 820.0]
[32.0, 224.0, 1020.0, 965.0]
[32.0, 144.0, 1021.0, 886.0]
[0.0, 112.0, 990.0, 854.0]
[0.0, 144.0, 991.0, 887.0]
[32.0, 144.0, 1024.0, 888.0]
[16.0, 192.0, 1009.0, 937.0]
[0.0, 240.0, 994.0, 986.0]
[0.0, 160.0, 995.0, 906.0]
[16.0, 256.0, 1012.0, 1003.0]
[0.0, 256.0, 997.0, 1004.0]
[0.0, 160.0, 998.0, 908.0]
[0.0, 176.0, 999.0, 925.0]
[0.0, 208.0, 1000.0, 958.0]
[16.0, 80.0, 1017.0, 831.0]
[0.0, 272.0, 1002.0, 1024.0]
[0.0, 80.0, 1003.0, 832.0]
[16.0, 256.0, 1020.0, 1009.0]
[16.0, 208.0, 1021.0, 962.0]
[16.0, 224.0, 1022.0, 978.0]
[16.0, 224.0, 1023.0, 979.0]
[16.0, 208.0, 1024.0, 964.0]
[0.0, 224.0, 1009.0, 981.0]
[0.0, 208.0, 1010.0, 966.0]
[0.0, 240.0, 1011.0, 998.0]
[0.0, 256.0, 1012.0, 1015.0]
[0.0, 96.0, 1013.0, 856.0]
[0.0, 224.0, 1014.0, 984.0]
[0.0, 256.0, 1015.0, 1017.0]
[0.0, 96.0, 1016.0, 858.0]
[0.0, 112.0, 1017.0, 875.0]
[0.0, 144.0, 1018.0, 908.0]
[0.0, 112.0, 1019.0, 876.0]
[0.0, 208.0, 1020.0, 973.0]
[0.0, 112.0, 1021.0, 878.0]
[0.0, 240.0, 1022.0, 1006.0]
[0.0, 208.0, 1023.0, 975.0]
[0.0, 128.0, 1024.0, 896.0]
