[272.0, 64.0, 989.0, 602.0]
[80.0, 64.0, 798.0, 602.0]
[80.0, 48.0, 799.0, 587.0]
[80.0, 64.0, 800.0, 604.0]
[48.0, 48.0, 769.0, 589.0]
[192.0, 48.0, 914.0, 590.0]
[80.0, 16.0, 803.0, 558.0]
[192.0, 16.0, 916.0, 559.0]
[112.0, 64.0, 837.0, 608.0]
[256.0, 32.0, 982.0, 576.0]
[192.0, 48.0, 919.0, 593.0]
[176.0, 48.0, 904.0, 594.0]
[224.0, 48.0, 953.0, 595.0]
[192.0, 64.0, 922.0, 612.0]
[80.0, 64.0, 811.0, 612.0]
[208.0, 32.0, 940.0, 581.0]
[176.0, 64.0, 909.0, 614.0]
[64.0, 16.0, 798.0, 566.0]
[32.0, 48.0, 767.0, 599.0]
[224.0, 16.0, 960.0, 568.0]
[176.0, 48.0, 913.0, 601.0]
[64.0, 32.0, 802.0, 586.0]
[48.0, 64.0, 787.0, 618.0]
[208.0, 48.0, 948.0, 603.0]
[64.0, 48.0, 805.0, 604.0]
[208.0, 64.0, 950.0, 620.0]
[256.0, 32.0, 999.0, 589.0]
[224.0, 64.0, 968.0, 622.0]
[48.0, 32.0, 793.0, 591.0]
[96.0, 32.0, 842.0, 592.0]
[208.0, 64.0, 955.0, 624.0]
[112.0, 16.0, 860.0, 577.0]
[224.0, 16.0, 973.0, 578.0]
[192.0, 0.0, 942.0, 562.0]
[128.0, 16.0, 879.0, 579.0]
[96.0, 16.0, 848.0, 580.0]
[64.0, 16.0, 817.0, 581.0]
[32.0, 16.0, 786.0, 582.0]
[240.0, 64.0, 995.0, 630.0]
[128.0, 48.0, 884.0, 615.0]
[176.0, 32.0, 933.0, 600.0]
[144.0, 0.0, 902.0, 568.0]
[208.0, 64.0, 967.0, 633.0]
[48.0, 64.0, 808.0, 634.0]
[48.0, 32.0, 809.0, 603.0]
[64.0, 64.0, 826.0, 636.0]
[16.0, 16.0, 779.0, 588.0]
[208.0, 64.0, 972.0, 637.0]
[48.0, 64.0, 813.0, 638.0]
[64.0, 48.0, 830.0, 622.0]
[96.0, 48.0, 863.0, 623.0]
[48.0, 16.0, 816.0, 592.0]
[112.0, 16.0, 881.0, 593.0]
[224.0, 48.0, 994.0, 626.0]
[192.0, 64.0, 963.0, 642.0]
[240.0, 48.0, 1012.0, 627.0]
[32.0, 16.0, 805.0, 596.0]
[96.0, 0.0, 870.0, 580.0]
[48.0, 32.0, 823.0, 613.0]
[208.0, 48.0, 984.0, 630.0]
[208.0, 48.0, 985.0, 631.0]
[144.0, 48.0, 922.0, 632.0]
[16.0, 16.0, 795.0, 600.0]
[208.0, 64.0, 988.0, 649.0]
[32.0, 64.0, 813.0, 650.0]
[48.0, 0.0, 830.0, 586.0]
[224.0, 0.0, 1007.0, 587.0]
[160.0, 16.0, 944.0, 604.0]
[64.0, 32.0, 849.0, 621.0]
[96.0, 48.0, 882.0, 638.0]
[128.0, 64.0, 915.0, 654.0]
[128.0, 32.0, 916.0, 623.0]
[64.0, 64.0, 853.0, 656.0]
[80.0, 0.0, 870.0, 592.0]
[192.0, 0.0, 983.0, 593.0]
[128.0, 16.0, 920.0, 610.0]
[112.0, 0.0, 905.0, 595.0]
[224.0, 0.0, 1018.0, 596.0]
[112.0, 32.0, 907.0, 628.0]
[16.0, 48.0, 812.0, 645.0]
[80.0, 32.0, 877.0, 630.0]
[80.0, 16.0, 878.0, 614.0]
[64.0, 0.0, 863.0, 599.0]
[192.0, 32.0, 992.0, 632.0]
[144.0, 0.0, 945.0, 601.0]
[16.0, 0.0, 818.0, 602.0]
[48.0, 64.0, 851.0, 666.0]
[176.0, 0.0, 980.0, 603.0]
[80.0, 0.0, 885.0, 604.0]
[16.0, 0.0, 822.0, 604.0]
[16.0, 32.0, 823.0, 637.0]
[0.0, 32.0, 808.0, 638.0]
[112.0, 48.0, 921.0, 655.0]
[48.0, 32.0, 858.0, 640.0]
[64.0, 48.0, 875.0, 656.0]
[192.0, 32.0, 1004.0, 641.0]
[16.0, 48.0, 829.0, 658.0]
[160.0, 32.0, 974.0, 642.0]
[144.0, 0.0, 959.0, 611.0]
[0.0, 16.0, 816.0, 628.0]
[48.0, 32.0, 865.0, 645.0]
[160.0, 48.0, 978.0, 662.0]
[176.0, 0.0, 995.0, 614.0]
[16.0, 32.0, 836.0, 647.0]
[80.0, 16.0, 901.0, 632.0]
[32.0, 48.0, 854.0, 664.0]
[112.0, 64.0, 935.0, 681.0]
[128.0, 48.0, 952.0, 666.0]
[80.0, 64.0, 905.0, 683.0]
[96.0, 32.0, 922.0, 652.0]
[96.0, 48.0, 923.0, 668.0]
[144.0, 16.0, 972.0, 637.0]
[32.0, 16.0, 861.0, 638.0]
[16.0, 48.0, 846.0, 670.0]
[160.0, 16.0, 991.0, 639.0]
[64.0, 32.0, 896.0, 656.0]
[112.0, 32.0, 945.0, 657.0]
[0.0, 0.0, 834.0, 626.0]
[48.0, 32.0, 883.0, 658.0]
[48.0, 0.0, 884.0, 627.0]
[144.0, 32.0, 981.0, 660.0]
[128.0, 0.0, 966.0, 628.0]
[0.0, 32.0, 839.0, 661.0]
[160.0, 48.0, 1000.0, 678.0]
[48.0, 48.0, 889.0, 679.0]
[80.0, 48.0, 922.0, 680.0]
[80.0, 0.0, 923.0, 632.0]
[144.0, 48.0, 988.0, 681.0]
[64.0, 16.0, 909.0, 650.0]
[144.0, 0.0, 990.0, 634.0]
[64.0, 0.0, 911.0, 635.0]
[128.0, 0.0, 976.0, 636.0]
[80.0, 0.0, 929.0, 637.0]
[80.0, 0.0, 930.0, 638.0]
[144.0, 0.0, 995.0, 638.0]
[144.0, 32.0, 996.0, 671.0]
[144.0, 32.0, 997.0, 672.0]
[112.0, 32.0, 966.0, 672.0]
[32.0, 0.0, 887.0, 641.0]
[112.0, 0.0, 968.0, 642.0]
[32.0, 32.0, 889.0, 675.0]
[48.0, 32.0, 906.0, 676.0]
[160.0, 32.0, 1019.0, 676.0]
[16.0, 0.0, 876.0, 645.0]
[32.0, 32.0, 893.0, 678.0]
[80.0, 32.0, 942.0, 678.0]
[0.0, 32.0, 863.0, 679.0]
[128.0, 32.0, 992.0, 680.0]
[144.0, 16.0, 1009.0, 665.0]
[96.0, 16.0, 962.0, 666.0]
[128.0, 16.0, 995.0, 666.0]
[64.0, 0.0, 932.0, 651.0]
[144.0, 16.0, 1013.0, 668.0]
[96.0, 0.0, 966.0, 652.0]
[96.0, 0.0, 967.0, 653.0]
[48.0, 0.0, 920.0, 654.0]
[80.0, 0.0, 953.0, 655.0]
[0.0, 16.0, 874.0, 672.0]
[80.0, 16.0, 955.0, 672.0]
[128.0, 16.0, 1004.0, 673.0]
[32.0, 16.0, 909.0, 674.0]
[128.0, 16.0, 1006.0, 674.0]
[16.0, 16.0, 895.0, 675.0]
[128.0, 0.0, 1008.0, 660.0]
[0.0, 0.0, 881.0, 661.0]
[80.0, 0.0, 962.0, 662.0]
[16.0, 16.0, 899.0, 678.0]
[16.0, 16.0, 900.0, 679.0]
[128.0, 16.0, 1013.0, 680.0]
[96.0, 16.0, 982.0, 680.0]
[0.0, 16.0, 887.0, 681.0]
[48.0, 0.0, 936.0, 666.0]
[64.0, 16.0, 953.0, 683.0]
[0.0, 0.0, 890.0, 668.0]
[96.0, 16.0, 987.0, 684.0]
[80.0, 0.0, 972.0, 669.0]
[32.0, 0.0, 925.0, 670.0]
[48.0, 0.0, 942.0, 670.0]
[64.0, 0.0, 959.0, 671.0]
[32.0, 0.0, 928.0, 672.0]
[112.0, 0.0, 1009.0, 673.0]
[0.0, 0.0, 898.0, 674.0]
[32.0, 0.0, 931.0, 674.0]
[96.0, 0.0, 996.0, 675.0]
[112.0, 0.0, 1013.0, 676.0]
[0.0, 0.0, 902.0, 676.0]
[64.0, 0.0, 967.0, 677.0]
[16.0, 0.0, 920.0, 678.0]
[80.0, 0.0, 985.0, 679.0]
[112.0, 0.0, 1018.0, 680.0]
[96.0, 0.0, 1003.0, 680.0]
[0.0, 0.0, 908.0, 681.0]
[48.0, 0.0, 957.0, 682.0]
[0.0, 0.0, 910.0, 682.0]
[112.0, 0.0, 1023.0, 683.0]
[32.0, 0.0, 944.0, 684.0]
