[128.0, 112.0, 845.0, 650.0]
[96.0, 80.0, 814.0, 618.0]
[160.0, 96.0, 879.0, 635.0]
[224.0, 112.0, 944.0, 652.0]
[224.0, 112.0, 945.0, 653.0]
[64.0, 96.0, 786.0, 638.0]
[96.0, 96.0, 819.0, 638.0]
[96.0, 112.0, 820.0, 655.0]
[48.0, 112.0, 773.0, 656.0]
[144.0, 80.0, 870.0, 624.0]
[224.0, 112.0, 951.0, 657.0]
[48.0, 80.0, 776.0, 626.0]
[176.0, 96.0, 905.0, 643.0]
[144.0, 112.0, 874.0, 660.0]
[112.0, 80.0, 843.0, 628.0]
[176.0, 128.0, 908.0, 677.0]
[96.0, 112.0, 829.0, 662.0]
[160.0, 64.0, 894.0, 614.0]
[176.0, 128.0, 911.0, 679.0]
[176.0, 96.0, 912.0, 648.0]
[64.0, 96.0, 801.0, 649.0]
[208.0, 64.0, 946.0, 618.0]
[208.0, 64.0, 947.0, 618.0]
[224.0, 112.0, 964.0, 667.0]
[80.0, 112.0, 821.0, 668.0]
[176.0, 64.0, 918.0, 620.0]
[208.0, 64.0, 951.0, 621.0]
[224.0, 64.0, 968.0, 622.0]
[160.0, 80.0, 905.0, 639.0]
[64.0, 80.0, 810.0, 640.0]
[112.0, 112.0, 859.0, 672.0]
[80.0, 64.0, 828.0, 625.0]
[160.0, 80.0, 909.0, 642.0]
[80.0, 64.0, 830.0, 626.0]
[128.0, 112.0, 879.0, 675.0]
[80.0, 64.0, 832.0, 628.0]
[240.0, 80.0, 993.0, 645.0]
[224.0, 48.0, 978.0, 614.0]
[80.0, 96.0, 835.0, 662.0]
[192.0, 96.0, 948.0, 663.0]
[16.0, 96.0, 773.0, 664.0]
[48.0, 112.0, 806.0, 680.0]
[96.0, 64.0, 855.0, 633.0]
[64.0, 80.0, 824.0, 650.0]
[144.0, 96.0, 905.0, 667.0]
[160.0, 80.0, 922.0, 652.0]
[128.0, 96.0, 891.0, 668.0]
[160.0, 64.0, 924.0, 637.0]
[144.0, 96.0, 909.0, 670.0]
[256.0, 80.0, 1022.0, 654.0]
[48.0, 96.0, 815.0, 671.0]
[48.0, 48.0, 816.0, 624.0]
[0.0, 96.0, 769.0, 673.0]
[96.0, 80.0, 866.0, 658.0]
[208.0, 96.0, 979.0, 674.0]
[16.0, 96.0, 788.0, 675.0]
[240.0, 96.0, 1013.0, 676.0]
[0.0, 96.0, 774.0, 676.0]
[144.0, 48.0, 919.0, 629.0]
[0.0, 64.0, 776.0, 646.0]
[0.0, 96.0, 777.0, 679.0]
[0.0, 80.0, 778.0, 664.0]
[192.0, 96.0, 971.0, 680.0]
[144.0, 64.0, 924.0, 649.0]
[32.0, 64.0, 813.0, 650.0]
[176.0, 64.0, 958.0, 650.0]
[32.0, 80.0, 815.0, 667.0]
[208.0, 32.0, 992.0, 620.0]
[128.0, 32.0, 913.0, 621.0]
[48.0, 32.0, 834.0, 622.0]
[128.0, 64.0, 915.0, 654.0]
[48.0, 48.0, 836.0, 639.0]
[32.0, 80.0, 821.0, 672.0]
[64.0, 32.0, 854.0, 624.0]
[224.0, 64.0, 1015.0, 657.0]
[80.0, 80.0, 872.0, 674.0]
[160.0, 64.0, 953.0, 659.0]
[128.0, 16.0, 922.0, 612.0]
[208.0, 48.0, 1003.0, 644.0]
[112.0, 16.0, 908.0, 613.0]
[224.0, 48.0, 1021.0, 646.0]
[32.0, 80.0, 830.0, 678.0]
[96.0, 32.0, 895.0, 631.0]
[192.0, 16.0, 992.0, 616.0]
[144.0, 80.0, 945.0, 681.0]
[32.0, 16.0, 834.0, 618.0]
[32.0, 80.0, 835.0, 682.0]
[96.0, 48.0, 900.0, 651.0]
[64.0, 32.0, 869.0, 636.0]
[112.0, 64.0, 918.0, 668.0]
[176.0, 48.0, 983.0, 653.0]
[48.0, 64.0, 856.0, 670.0]
[96.0, 16.0, 905.0, 623.0]
[176.0, 64.0, 986.0, 672.0]
[128.0, 48.0, 939.0, 656.0]
[0.0, 64.0, 812.0, 673.0]
[160.0, 32.0, 973.0, 642.0]
[160.0, 64.0, 974.0, 674.0]
[144.0, 64.0, 959.0, 675.0]
[64.0, 48.0, 880.0, 660.0]
[32.0, 32.0, 849.0, 645.0]
[64.0, 48.0, 882.0, 662.0]
[128.0, 64.0, 947.0, 678.0]
[96.0, 48.0, 916.0, 663.0]
[96.0, 16.0, 917.0, 632.0]
[128.0, 32.0, 950.0, 648.0]
[112.0, 64.0, 935.0, 681.0]
[64.0, 16.0, 888.0, 634.0]
[144.0, 32.0, 969.0, 651.0]
[32.0, 32.0, 858.0, 652.0]
[112.0, 48.0, 939.0, 668.0]
[48.0, 32.0, 876.0, 653.0]
[96.0, 48.0, 925.0, 670.0]
[80.0, 0.0, 910.0, 622.0]
[160.0, 32.0, 991.0, 655.0]
[144.0, 48.0, 976.0, 672.0]
[96.0, 16.0, 929.0, 641.0]
[160.0, 48.0, 994.0, 674.0]
[128.0, 16.0, 963.0, 642.0]
[176.0, 16.0, 1012.0, 643.0]
[32.0, 48.0, 869.0, 676.0]
[0.0, 48.0, 838.0, 676.0]
[32.0, 16.0, 871.0, 645.0]
[96.0, 48.0, 936.0, 678.0]
[80.0, 0.0, 921.0, 631.0]
[80.0, 0.0, 922.0, 632.0]
[128.0, 0.0, 971.0, 632.0]
[0.0, 32.0, 844.0, 665.0]
[80.0, 16.0, 925.0, 650.0]
[160.0, 0.0, 1006.0, 634.0]
[0.0, 48.0, 847.0, 683.0]
[128.0, 32.0, 976.0, 668.0]
[48.0, 16.0, 897.0, 653.0]
[0.0, 0.0, 850.0, 638.0]
[64.0, 16.0, 915.0, 654.0]
[128.0, 0.0, 980.0, 639.0]
[80.0, 16.0, 933.0, 656.0]
[112.0, 0.0, 966.0, 640.0]
[96.0, 32.0, 951.0, 673.0]
[160.0, 16.0, 1016.0, 658.0]
[0.0, 16.0, 857.0, 659.0]
[0.0, 32.0, 858.0, 676.0]
[160.0, 32.0, 1019.0, 676.0]
[16.0, 16.0, 876.0, 661.0]
[16.0, 32.0, 877.0, 678.0]
[80.0, 32.0, 942.0, 678.0]
[96.0, 32.0, 959.0, 679.0]
[160.0, 16.0, 1024.0, 664.0]
[0.0, 0.0, 865.0, 649.0]
[80.0, 16.0, 946.0, 666.0]
[80.0, 32.0, 947.0, 682.0]
[144.0, 32.0, 1012.0, 683.0]
[0.0, 0.0, 869.0, 652.0]
[48.0, 0.0, 918.0, 652.0]
[64.0, 16.0, 935.0, 669.0]
[96.0, 0.0, 968.0, 654.0]
[0.0, 0.0, 873.0, 655.0]
[48.0, 0.0, 922.0, 656.0]
[128.0, 16.0, 1003.0, 672.0]
[112.0, 16.0, 988.0, 673.0]
[144.0, 0.0, 1021.0, 658.0]
[144.0, 0.0, 1022.0, 658.0]
[96.0, 16.0, 975.0, 675.0]
[80.0, 16.0, 960.0, 676.0]
[96.0, 0.0, 977.0, 661.0]
[112.0, 0.0, 994.0, 662.0]
[0.0, 16.0, 883.0, 678.0]
[128.0, 0.0, 1012.0, 663.0]
[32.0, 16.0, 917.0, 680.0]
[0.0, 16.0, 886.0, 680.0]
[80.0, 16.0, 967.0, 681.0]
[96.0, 0.0, 984.0, 666.0]
[48.0, 0.0, 937.0, 667.0]
[96.0, 0.0, 986.0, 668.0]
[48.0, 0.0, 939.0, 668.0]
[32.0, 0.0, 924.0, 669.0]
[112.0, 0.0, 1005.0, 670.0]
[64.0, 0.0, 958.0, 670.0]
[128.0, 0.0, 1023.0, 671.0]
[128.0, 0.0, 1024.0, 672.0]
[64.0, 0.0, 961.0, 673.0]
[112.0, 0.0, 1010.0, 674.0]
[32.0, 0.0, 931.0, 674.0]
[96.0, 0.0, 996.0, 675.0]
[48.0, 0.0, 949.0, 676.0]
[16.0, 0.0, 918.0, 676.0]
[96.0, 0.0, 999.0, 677.0]
[32.0, 0.0, 936.0, 678.0]
[48.0, 0.0, 953.0, 679.0]
[80.0, 0.0, 986.0, 680.0]
[0.0, 0.0, 907.0, 680.0]
[96.0, 0.0, 1004.0, 681.0]
[48.0, 0.0, 957.0, 682.0]
[16.0, 0.0, 926.0, 682.0]
[0.0, 0.0, 911.0, 683.0]
