[128.0, 96.0, 845.0, 634.0]
[32.0, 128.0, 750.0, 666.0]
[96.0, 32.0, 815.0, 571.0]
[96.0, 64.0, 816.0, 604.0]
[96.0, 128.0, 817.0, 669.0]
[48.0, 64.0, 770.0, 606.0]
[64.0, 0.0, 787.0, 542.0]
[64.0, 96.0, 788.0, 639.0]
[112.0, 0.0, 837.0, 544.0]
[80.0, 96.0, 806.0, 640.0]
[80.0, 48.0, 807.0, 593.0]
[96.0, 112.0, 824.0, 658.0]
[96.0, 64.0, 825.0, 611.0]
[64.0, 32.0, 794.0, 580.0]
[112.0, 48.0, 843.0, 596.0]
[96.0, 112.0, 828.0, 661.0]
[112.0, 112.0, 845.0, 662.0]
[96.0, 64.0, 830.0, 614.0]
[112.0, 128.0, 847.0, 679.0]
[64.0, 128.0, 800.0, 680.0]
[80.0, 32.0, 817.0, 585.0]
[16.0, 64.0, 754.0, 618.0]
[144.0, 32.0, 883.0, 586.0]
[32.0, 96.0, 772.0, 651.0]
[144.0, 48.0, 885.0, 604.0]
[32.0, 64.0, 774.0, 620.0]
[64.0, 16.0, 807.0, 573.0]
[96.0, 64.0, 840.0, 622.0]
[80.0, 16.0, 825.0, 575.0]
[128.0, 32.0, 874.0, 592.0]
[48.0, 32.0, 795.0, 592.0]
[64.0, 96.0, 812.0, 657.0]
[96.0, 0.0, 845.0, 562.0]
[16.0, 80.0, 766.0, 642.0]
[144.0, 32.0, 895.0, 595.0]
[48.0, 96.0, 800.0, 660.0]
[48.0, 48.0, 801.0, 613.0]
[64.0, 112.0, 818.0, 678.0]
[128.0, 96.0, 883.0, 662.0]
[16.0, 64.0, 772.0, 631.0]
[16.0, 0.0, 773.0, 568.0]
[32.0, 80.0, 790.0, 648.0]
[128.0, 16.0, 887.0, 585.0]
[32.0, 112.0, 792.0, 682.0]
[128.0, 80.0, 889.0, 651.0]
[112.0, 0.0, 874.0, 572.0]
[80.0, 96.0, 843.0, 668.0]
[48.0, 80.0, 812.0, 653.0]
[144.0, 48.0, 909.0, 622.0]
[128.0, 16.0, 894.0, 590.0]
[32.0, 16.0, 799.0, 591.0]
[112.0, 48.0, 880.0, 624.0]
[0.0, 64.0, 769.0, 641.0]
[112.0, 16.0, 882.0, 594.0]
[128.0, 32.0, 899.0, 610.0]
[48.0, 0.0, 820.0, 579.0]
[80.0, 80.0, 853.0, 660.0]
[16.0, 48.0, 790.0, 628.0]
[96.0, 48.0, 871.0, 629.0]
[64.0, 80.0, 840.0, 662.0]
[128.0, 64.0, 905.0, 647.0]
[128.0, 80.0, 906.0, 664.0]
[112.0, 80.0, 891.0, 664.0]
[80.0, 48.0, 860.0, 633.0]
[112.0, 96.0, 893.0, 682.0]
[64.0, 80.0, 846.0, 666.0]
[112.0, 64.0, 895.0, 651.0]
[80.0, 48.0, 864.0, 636.0]
[16.0, 80.0, 801.0, 669.0]
[144.0, 64.0, 930.0, 654.0]
[128.0, 64.0, 915.0, 654.0]
[96.0, 80.0, 884.0, 671.0]
[112.0, 80.0, 901.0, 672.0]
[112.0, 64.0, 902.0, 656.0]
[0.0, 32.0, 791.0, 625.0]
[32.0, 16.0, 824.0, 610.0]
[32.0, 0.0, 825.0, 595.0]
[112.0, 32.0, 906.0, 628.0]
[64.0, 48.0, 859.0, 644.0]
[32.0, 0.0, 828.0, 597.0]
[48.0, 0.0, 845.0, 598.0]
[80.0, 48.0, 878.0, 646.0]
[16.0, 48.0, 815.0, 647.0]
[16.0, 0.0, 816.0, 600.0]
[32.0, 32.0, 833.0, 633.0]
[16.0, 48.0, 818.0, 650.0]
[0.0, 0.0, 803.0, 602.0]
[32.0, 80.0, 836.0, 683.0]
[16.0, 32.0, 821.0, 636.0]
[128.0, 16.0, 934.0, 620.0]
[64.0, 16.0, 871.0, 621.0]
[96.0, 64.0, 904.0, 670.0]
[0.0, 64.0, 809.0, 671.0]
[16.0, 32.0, 826.0, 640.0]
[64.0, 16.0, 875.0, 624.0]
[96.0, 16.0, 908.0, 625.0]
[64.0, 48.0, 877.0, 658.0]
[16.0, 0.0, 830.0, 610.0]
[80.0, 16.0, 895.0, 627.0]
[96.0, 16.0, 912.0, 628.0]
[32.0, 48.0, 849.0, 661.0]
[32.0, 64.0, 850.0, 678.0]
[0.0, 0.0, 819.0, 614.0]
[96.0, 64.0, 916.0, 679.0]
[96.0, 48.0, 917.0, 664.0]
[48.0, 48.0, 870.0, 664.0]
[112.0, 0.0, 935.0, 617.0]
[64.0, 64.0, 888.0, 682.0]
[16.0, 48.0, 841.0, 667.0]
[0.0, 16.0, 826.0, 636.0]
[96.0, 32.0, 923.0, 652.0]
[96.0, 0.0, 924.0, 621.0]
[0.0, 16.0, 829.0, 638.0]
[80.0, 16.0, 910.0, 638.0]
[112.0, 16.0, 943.0, 639.0]
[128.0, 16.0, 960.0, 640.0]
[80.0, 48.0, 913.0, 673.0]
[48.0, 16.0, 882.0, 642.0]
[112.0, 16.0, 947.0, 642.0]
[0.0, 0.0, 836.0, 627.0]
[0.0, 32.0, 837.0, 660.0]
[80.0, 48.0, 918.0, 676.0]
[48.0, 48.0, 887.0, 677.0]
[80.0, 16.0, 920.0, 646.0]
[0.0, 16.0, 841.0, 647.0]
[96.0, 0.0, 938.0, 632.0]
[32.0, 48.0, 875.0, 680.0]
[112.0, 0.0, 956.0, 633.0]
[64.0, 16.0, 909.0, 650.0]
[112.0, 48.0, 958.0, 682.0]
[0.0, 0.0, 847.0, 635.0]
[96.0, 0.0, 944.0, 636.0]
[0.0, 0.0, 849.0, 637.0]
[48.0, 0.0, 898.0, 638.0]
[64.0, 32.0, 915.0, 670.0]
[80.0, 0.0, 932.0, 639.0]
[112.0, 32.0, 965.0, 672.0]
[128.0, 32.0, 982.0, 672.0]
[128.0, 32.0, 983.0, 673.0]
[16.0, 16.0, 872.0, 658.0]
[96.0, 32.0, 953.0, 675.0]
[48.0, 0.0, 906.0, 644.0]
[16.0, 0.0, 875.0, 644.0]
[64.0, 32.0, 924.0, 677.0]
[0.0, 16.0, 861.0, 662.0]
[128.0, 16.0, 990.0, 662.0]
[80.0, 16.0, 943.0, 663.0]
[80.0, 16.0, 944.0, 664.0]
[32.0, 16.0, 897.0, 665.0]
[48.0, 32.0, 914.0, 682.0]
[48.0, 0.0, 915.0, 650.0]
[32.0, 0.0, 900.0, 651.0]
[96.0, 16.0, 965.0, 668.0]
[80.0, 16.0, 950.0, 668.0]
[0.0, 16.0, 871.0, 669.0]
[112.0, 16.0, 984.0, 670.0]
[0.0, 16.0, 873.0, 671.0]
[64.0, 0.0, 938.0, 656.0]
[96.0, 0.0, 971.0, 656.0]
[32.0, 0.0, 908.0, 657.0]
[0.0, 16.0, 877.0, 674.0]
[112.0, 0.0, 990.0, 658.0]
[32.0, 0.0, 911.0, 659.0]
[16.0, 0.0, 896.0, 660.0]
[80.0, 0.0, 961.0, 661.0]
[48.0, 16.0, 930.0, 678.0]
[32.0, 0.0, 915.0, 662.0]
[16.0, 16.0, 900.0, 679.0]
[16.0, 16.0, 901.0, 680.0]
[80.0, 0.0, 966.0, 664.0]
[64.0, 0.0, 951.0, 665.0]
[64.0, 16.0, 952.0, 682.0]
[80.0, 0.0, 969.0, 667.0]
[48.0, 0.0, 938.0, 668.0]
[48.0, 0.0, 939.0, 668.0]
[64.0, 0.0, 956.0, 669.0]
[80.0, 0.0, 973.0, 670.0]
[64.0, 0.0, 958.0, 670.0]
[0.0, 0.0, 895.0, 671.0]
[64.0, 0.0, 960.0, 672.0]
[96.0, 0.0, 993.0, 673.0]
[16.0, 0.0, 914.0, 674.0]
[96.0, 0.0, 995.0, 674.0]
[0.0, 0.0, 900.0, 675.0]
[64.0, 0.0, 965.0, 676.0]
[32.0, 0.0, 934.0, 676.0]
[32.0, 0.0, 935.0, 677.0]
[0.0, 0.0, 904.0, 678.0]
[0.0, 0.0, 905.0, 679.0]
[32.0, 0.0, 938.0, 680.0]
[64.0, 0.0, 971.0, 680.0]
[80.0, 0.0, 988.0, 681.0]
[80.0, 0.0, 989.0, 682.0]
[0.0, 0.0, 910.0, 682.0]
[80.0, 0.0, 991.0, 683.0]
