[112.0, 32.0, 829.0, 570.0]
[112.0, 64.0, 830.0, 602.0]
[272.0, 48.0, 991.0, 587.0]
[240.0, 32.0, 960.0, 572.0]
[240.0, 48.0, 961.0, 589.0]
[256.0, 64.0, 978.0, 606.0]
[112.0, 48.0, 835.0, 590.0]
[128.0, 16.0, 852.0, 559.0]
[224.0, 64.0, 949.0, 608.0]
[192.0, 48.0, 918.0, 592.0]
[96.0, 64.0, 823.0, 609.0]
[192.0, 16.0, 920.0, 562.0]
[48.0, 16.0, 777.0, 563.0]
[16.0, 32.0, 746.0, 580.0]
[128.0, 64.0, 859.0, 612.0]
[96.0, 32.0, 828.0, 581.0]
[112.0, 16.0, 845.0, 566.0]
[192.0, 48.0, 926.0, 598.0]
[160.0, 48.0, 895.0, 599.0]
[144.0, 48.0, 880.0, 600.0]
[112.0, 64.0, 849.0, 617.0]
[192.0, 48.0, 930.0, 602.0]
[272.0, 48.0, 1011.0, 602.0]
[48.0, 16.0, 788.0, 571.0]
[256.0, 32.0, 997.0, 588.0]
[112.0, 16.0, 854.0, 572.0]
[144.0, 32.0, 887.0, 589.0]
[112.0, 64.0, 856.0, 622.0]
[80.0, 64.0, 825.0, 623.0]
[256.0, 16.0, 1002.0, 576.0]
[32.0, 16.0, 779.0, 576.0]
[80.0, 48.0, 828.0, 609.0]
[176.0, 0.0, 925.0, 562.0]
[208.0, 0.0, 958.0, 562.0]
[176.0, 16.0, 927.0, 579.0]
[32.0, 48.0, 784.0, 612.0]
[128.0, 64.0, 881.0, 629.0]
[96.0, 0.0, 850.0, 566.0]
[208.0, 16.0, 963.0, 582.0]
[80.0, 32.0, 836.0, 599.0]
[80.0, 48.0, 837.0, 616.0]
[144.0, 0.0, 902.0, 568.0]
[80.0, 48.0, 839.0, 617.0]
[80.0, 0.0, 840.0, 570.0]
[224.0, 48.0, 985.0, 619.0]
[240.0, 16.0, 1002.0, 588.0]
[128.0, 64.0, 891.0, 636.0]
[144.0, 48.0, 908.0, 621.0]
[144.0, 16.0, 909.0, 590.0]
[144.0, 16.0, 910.0, 590.0]
[112.0, 16.0, 879.0, 591.0]
[80.0, 16.0, 848.0, 592.0]
[176.0, 32.0, 945.0, 609.0]
[32.0, 48.0, 802.0, 626.0]
[80.0, 32.0, 851.0, 610.0]
[128.0, 0.0, 900.0, 579.0]
[224.0, 48.0, 997.0, 628.0]
[112.0, 64.0, 886.0, 644.0]
[160.0, 64.0, 935.0, 645.0]
[192.0, 32.0, 968.0, 614.0]
[0.0, 32.0, 777.0, 615.0]
[80.0, 16.0, 858.0, 600.0]
[80.0, 0.0, 859.0, 584.0]
[0.0, 32.0, 780.0, 617.0]
[176.0, 0.0, 957.0, 586.0]
[144.0, 48.0, 926.0, 634.0]
[112.0, 64.0, 895.0, 651.0]
[240.0, 0.0, 1024.0, 588.0]
[16.0, 48.0, 801.0, 637.0]
[48.0, 32.0, 834.0, 622.0]
[0.0, 0.0, 787.0, 590.0]
[128.0, 32.0, 916.0, 623.0]
[176.0, 32.0, 965.0, 624.0]
[192.0, 0.0, 982.0, 592.0]
[64.0, 48.0, 855.0, 641.0]
[128.0, 32.0, 920.0, 626.0]
[192.0, 64.0, 985.0, 659.0]
[208.0, 0.0, 1002.0, 596.0]
[16.0, 48.0, 811.0, 644.0]
[176.0, 64.0, 972.0, 661.0]
[112.0, 48.0, 909.0, 646.0]
[208.0, 16.0, 1006.0, 614.0]
[128.0, 16.0, 927.0, 615.0]
[16.0, 32.0, 816.0, 632.0]
[16.0, 32.0, 817.0, 633.0]
[112.0, 48.0, 914.0, 650.0]
[80.0, 32.0, 883.0, 634.0]
[96.0, 16.0, 900.0, 619.0]
[144.0, 16.0, 949.0, 620.0]
[0.0, 16.0, 806.0, 620.0]
[160.0, 16.0, 967.0, 621.0]
[192.0, 32.0, 1000.0, 638.0]
[208.0, 48.0, 1017.0, 655.0]
[160.0, 48.0, 970.0, 656.0]
[160.0, 0.0, 971.0, 608.0]
[64.0, 16.0, 876.0, 625.0]
[160.0, 32.0, 973.0, 642.0]
[208.0, 0.0, 1022.0, 610.0]
[48.0, 0.0, 863.0, 611.0]
[16.0, 32.0, 832.0, 644.0]
[48.0, 0.0, 865.0, 613.0]
[160.0, 48.0, 978.0, 662.0]
[160.0, 0.0, 979.0, 614.0]
[48.0, 16.0, 868.0, 631.0]
[144.0, 48.0, 965.0, 664.0]
[48.0, 16.0, 870.0, 632.0]
[192.0, 48.0, 1015.0, 665.0]
[48.0, 64.0, 872.0, 682.0]
[64.0, 16.0, 889.0, 635.0]
[176.0, 16.0, 1002.0, 636.0]
[144.0, 16.0, 971.0, 636.0]
[96.0, 48.0, 924.0, 669.0]
[144.0, 32.0, 973.0, 654.0]
[160.0, 32.0, 990.0, 654.0]
[16.0, 32.0, 847.0, 655.0]
[128.0, 48.0, 960.0, 672.0]
[64.0, 0.0, 897.0, 625.0]
[112.0, 16.0, 946.0, 642.0]
[96.0, 0.0, 931.0, 626.0]
[112.0, 0.0, 948.0, 627.0]
[64.0, 48.0, 901.0, 676.0]
[176.0, 0.0, 1014.0, 628.0]
[96.0, 0.0, 935.0, 629.0]
[112.0, 16.0, 952.0, 646.0]
[160.0, 0.0, 1001.0, 631.0]
[32.0, 32.0, 874.0, 664.0]
[32.0, 32.0, 875.0, 664.0]
[80.0, 48.0, 924.0, 681.0]
[0.0, 16.0, 845.0, 650.0]
[80.0, 32.0, 926.0, 666.0]
[32.0, 0.0, 879.0, 635.0]
[96.0, 16.0, 944.0, 652.0]
[16.0, 16.0, 865.0, 653.0]
[64.0, 0.0, 914.0, 638.0]
[160.0, 32.0, 1011.0, 670.0]
[128.0, 0.0, 980.0, 639.0]
[0.0, 0.0, 853.0, 640.0]
[64.0, 0.0, 918.0, 640.0]
[144.0, 16.0, 999.0, 657.0]
[160.0, 0.0, 1016.0, 642.0]
[0.0, 16.0, 857.0, 659.0]
[112.0, 0.0, 970.0, 644.0]
[32.0, 32.0, 891.0, 676.0]
[80.0, 16.0, 940.0, 661.0]
[128.0, 0.0, 989.0, 646.0]
[160.0, 32.0, 1022.0, 678.0]
[128.0, 16.0, 991.0, 663.0]
[64.0, 32.0, 928.0, 680.0]
[144.0, 32.0, 1009.0, 681.0]
[128.0, 16.0, 994.0, 666.0]
[80.0, 32.0, 947.0, 682.0]
[64.0, 16.0, 932.0, 667.0]
[0.0, 16.0, 869.0, 668.0]
[80.0, 0.0, 950.0, 652.0]
[0.0, 16.0, 871.0, 669.0]
[112.0, 0.0, 984.0, 654.0]
[64.0, 0.0, 937.0, 655.0]
[80.0, 16.0, 954.0, 672.0]
[80.0, 0.0, 955.0, 656.0]
[112.0, 16.0, 988.0, 673.0]
[128.0, 0.0, 1005.0, 658.0]
[144.0, 16.0, 1022.0, 674.0]
[128.0, 0.0, 1007.0, 659.0]
[112.0, 0.0, 992.0, 660.0]
[64.0, 16.0, 945.0, 677.0]
[96.0, 0.0, 978.0, 662.0]
[112.0, 0.0, 995.0, 662.0]
[96.0, 16.0, 980.0, 679.0]
[64.0, 0.0, 949.0, 664.0]
[112.0, 0.0, 998.0, 664.0]
[64.0, 16.0, 951.0, 681.0]
[128.0, 16.0, 1016.0, 682.0]
[0.0, 0.0, 889.0, 667.0]
[128.0, 0.0, 1018.0, 668.0]
[112.0, 0.0, 1003.0, 668.0]
[96.0, 0.0, 988.0, 669.0]
[112.0, 0.0, 1005.0, 670.0]
[128.0, 0.0, 1022.0, 670.0]
[64.0, 0.0, 959.0, 671.0]
[96.0, 0.0, 992.0, 672.0]
[112.0, 0.0, 1009.0, 673.0]
[112.0, 0.0, 1010.0, 674.0]
[32.0, 0.0, 931.0, 674.0]
[0.0, 0.0, 900.0, 675.0]
[48.0, 0.0, 949.0, 676.0]
[96.0, 0.0, 998.0, 676.0]
[32.0, 0.0, 935.0, 677.0]
[32.0, 0.0, 936.0, 678.0]
[112.0, 0.0, 1017.0, 679.0]
[16.0, 0.0, 922.0, 680.0]
[64.0, 0.0, 971.0, 680.0]
[16.0, 0.0, 924.0, 681.0]
[0.0, 0.0, 909.0, 682.0]
[112.0, 0.0, 1022.0, 682.0]
