[160.0, 32.0, 877.0, 570.0]
[128.0, 64.0, 846.0, 602.0]
[208.0, 64.0, 927.0, 603.0]
[240.0, 32.0, 960.0, 572.0]
[80.0, 64.0, 801.0, 605.0]
[128.0, 16.0, 850.0, 558.0]
[176.0, 48.0, 899.0, 590.0]
[128.0, 48.0, 852.0, 591.0]
[64.0, 32.0, 789.0, 576.0]
[128.0, 16.0, 854.0, 560.0]
[176.0, 16.0, 903.0, 561.0]
[128.0, 48.0, 856.0, 594.0]
[32.0, 32.0, 761.0, 579.0]
[192.0, 48.0, 922.0, 596.0]
[192.0, 16.0, 923.0, 564.0]
[144.0, 64.0, 876.0, 613.0]
[112.0, 48.0, 845.0, 598.0]
[144.0, 32.0, 878.0, 582.0]
[48.0, 64.0, 783.0, 615.0]
[144.0, 32.0, 880.0, 584.0]
[128.0, 64.0, 865.0, 617.0]
[16.0, 48.0, 754.0, 602.0]
[112.0, 0.0, 851.0, 554.0]
[144.0, 0.0, 884.0, 555.0]
[176.0, 32.0, 917.0, 588.0]
[48.0, 64.0, 790.0, 620.0]
[96.0, 48.0, 839.0, 605.0]
[240.0, 32.0, 984.0, 590.0]
[144.0, 64.0, 889.0, 623.0]
[32.0, 32.0, 778.0, 592.0]
[32.0, 64.0, 779.0, 624.0]
[112.0, 0.0, 860.0, 561.0]
[208.0, 32.0, 957.0, 594.0]
[160.0, 16.0, 910.0, 578.0]
[32.0, 16.0, 783.0, 579.0]
[64.0, 0.0, 816.0, 564.0]
[96.0, 64.0, 849.0, 629.0]
[192.0, 48.0, 946.0, 614.0]
[32.0, 16.0, 787.0, 582.0]
[160.0, 0.0, 916.0, 567.0]
[128.0, 48.0, 885.0, 616.0]
[32.0, 32.0, 790.0, 600.0]
[192.0, 0.0, 951.0, 569.0]
[240.0, 32.0, 1000.0, 602.0]
[112.0, 32.0, 873.0, 603.0]
[192.0, 64.0, 954.0, 636.0]
[64.0, 16.0, 827.0, 588.0]
[160.0, 16.0, 924.0, 589.0]
[112.0, 64.0, 877.0, 638.0]
[224.0, 48.0, 990.0, 622.0]
[192.0, 16.0, 959.0, 591.0]
[96.0, 48.0, 864.0, 624.0]
[80.0, 64.0, 849.0, 641.0]
[80.0, 48.0, 850.0, 626.0]
[80.0, 32.0, 851.0, 610.0]
[64.0, 32.0, 836.0, 611.0]
[80.0, 32.0, 853.0, 612.0]
[176.0, 0.0, 950.0, 580.0]
[32.0, 32.0, 807.0, 613.0]
[176.0, 64.0, 952.0, 646.0]
[208.0, 16.0, 985.0, 599.0]
[0.0, 16.0, 778.0, 600.0]
[160.0, 16.0, 939.0, 600.0]
[16.0, 16.0, 796.0, 601.0]
[96.0, 32.0, 877.0, 618.0]
[160.0, 16.0, 942.0, 602.0]
[192.0, 48.0, 975.0, 635.0]
[128.0, 32.0, 912.0, 620.0]
[80.0, 64.0, 865.0, 653.0]
[64.0, 0.0, 850.0, 590.0]
[192.0, 32.0, 979.0, 622.0]
[128.0, 48.0, 916.0, 639.0]
[160.0, 48.0, 949.0, 640.0]
[128.0, 16.0, 918.0, 608.0]
[48.0, 0.0, 839.0, 593.0]
[176.0, 0.0, 968.0, 594.0]
[224.0, 32.0, 1017.0, 627.0]
[224.0, 32.0, 1018.0, 628.0]
[160.0, 48.0, 955.0, 644.0]
[64.0, 0.0, 860.0, 597.0]
[16.0, 16.0, 813.0, 614.0]
[112.0, 16.0, 910.0, 614.0]
[48.0, 0.0, 847.0, 599.0]
[160.0, 16.0, 960.0, 616.0]
[16.0, 32.0, 817.0, 633.0]
[192.0, 16.0, 994.0, 618.0]
[64.0, 48.0, 867.0, 650.0]
[192.0, 0.0, 996.0, 603.0]
[208.0, 32.0, 1013.0, 636.0]
[0.0, 16.0, 806.0, 620.0]
[48.0, 48.0, 855.0, 653.0]
[64.0, 0.0, 872.0, 606.0]
[144.0, 16.0, 953.0, 623.0]
[0.0, 16.0, 810.0, 624.0]
[144.0, 64.0, 955.0, 672.0]
[32.0, 48.0, 844.0, 657.0]
[112.0, 64.0, 925.0, 674.0]
[176.0, 32.0, 990.0, 642.0]
[48.0, 16.0, 863.0, 627.0]
[80.0, 48.0, 896.0, 660.0]
[192.0, 32.0, 1009.0, 645.0]
[32.0, 16.0, 850.0, 630.0]
[176.0, 32.0, 995.0, 646.0]
[192.0, 32.0, 1012.0, 647.0]
[192.0, 16.0, 1013.0, 632.0]
[32.0, 32.0, 854.0, 648.0]
[176.0, 16.0, 999.0, 633.0]
[128.0, 64.0, 952.0, 682.0]
[48.0, 48.0, 873.0, 667.0]
[160.0, 0.0, 986.0, 620.0]
[192.0, 48.0, 1019.0, 668.0]
[64.0, 48.0, 892.0, 669.0]
[192.0, 32.0, 1021.0, 654.0]
[48.0, 48.0, 878.0, 670.0]
[32.0, 16.0, 863.0, 639.0]
[16.0, 48.0, 848.0, 672.0]
[32.0, 48.0, 865.0, 673.0]
[32.0, 32.0, 866.0, 658.0]
[0.0, 0.0, 835.0, 626.0]
[16.0, 0.0, 852.0, 627.0]
[0.0, 16.0, 837.0, 644.0]
[80.0, 32.0, 918.0, 660.0]
[144.0, 48.0, 983.0, 677.0]
[64.0, 32.0, 904.0, 662.0]
[16.0, 16.0, 857.0, 647.0]
[80.0, 48.0, 922.0, 680.0]
[80.0, 16.0, 923.0, 648.0]
[128.0, 32.0, 972.0, 665.0]
[112.0, 16.0, 957.0, 650.0]
[160.0, 0.0, 1006.0, 634.0]
[160.0, 0.0, 1007.0, 635.0]
[80.0, 32.0, 928.0, 668.0]
[96.0, 0.0, 945.0, 637.0]
[0.0, 0.0, 850.0, 638.0]
[128.0, 16.0, 979.0, 654.0]
[0.0, 32.0, 852.0, 671.0]
[112.0, 32.0, 965.0, 672.0]
[160.0, 0.0, 1014.0, 640.0]
[128.0, 32.0, 983.0, 673.0]
[160.0, 0.0, 1016.0, 642.0]
[0.0, 32.0, 857.0, 675.0]
[144.0, 16.0, 1002.0, 660.0]
[80.0, 0.0, 939.0, 644.0]
[96.0, 0.0, 956.0, 645.0]
[32.0, 32.0, 893.0, 678.0]
[128.0, 16.0, 990.0, 662.0]
[0.0, 32.0, 863.0, 679.0]
[112.0, 0.0, 976.0, 648.0]
[96.0, 16.0, 961.0, 665.0]
[32.0, 32.0, 898.0, 682.0]
[16.0, 16.0, 883.0, 666.0]
[96.0, 0.0, 964.0, 651.0]
[144.0, 16.0, 1013.0, 668.0]
[48.0, 16.0, 918.0, 668.0]
[96.0, 0.0, 967.0, 653.0]
[32.0, 16.0, 904.0, 670.0]
[144.0, 16.0, 1017.0, 671.0]
[64.0, 0.0, 938.0, 656.0]
[64.0, 16.0, 939.0, 672.0]
[144.0, 16.0, 1020.0, 673.0]
[112.0, 16.0, 989.0, 674.0]
[96.0, 16.0, 974.0, 674.0]
[96.0, 0.0, 975.0, 659.0]
[32.0, 0.0, 912.0, 660.0]
[16.0, 0.0, 897.0, 661.0]
[96.0, 0.0, 978.0, 662.0]
[48.0, 16.0, 931.0, 678.0]
[128.0, 16.0, 1012.0, 679.0]
[0.0, 16.0, 885.0, 680.0]
[96.0, 0.0, 982.0, 664.0]
[80.0, 16.0, 967.0, 681.0]
[64.0, 16.0, 952.0, 682.0]
[112.0, 0.0, 1001.0, 667.0]
[112.0, 0.0, 1002.0, 668.0]
[64.0, 0.0, 955.0, 668.0]
[80.0, 0.0, 972.0, 669.0]
[96.0, 0.0, 989.0, 670.0]
[0.0, 0.0, 894.0, 670.0]
[32.0, 0.0, 927.0, 671.0]
[80.0, 0.0, 976.0, 672.0]
[96.0, 0.0, 993.0, 673.0]
[48.0, 0.0, 946.0, 674.0]
[64.0, 0.0, 963.0, 674.0]
[0.0, 0.0, 900.0, 675.0]
[48.0, 0.0, 949.0, 676.0]
[16.0, 0.0, 918.0, 676.0]
[64.0, 0.0, 967.0, 677.0]
[0.0, 0.0, 904.0, 678.0]
[0.0, 0.0, 905.0, 679.0]
[96.0, 0.0, 1002.0, 680.0]
[48.0, 0.0, 955.0, 680.0]
[80.0, 0.0, 988.0, 681.0]
[48.0, 0.0, 957.0, 682.0]
[112.0, 0.0, 1022.0, 682.0]
