[256.0, 128.0, 973.0, 666.0]
[272.0, 112.0, 990.0, 650.0]
[192.0, 96.0, 911.0, 635.0]
[224.0, 112.0, 944.0, 652.0]
[176.0, 112.0, 897.0, 653.0]
[208.0, 96.0, 930.0, 638.0]
[208.0, 112.0, 931.0, 654.0]
[256.0, 80.0, 980.0, 623.0]
[192.0, 96.0, 917.0, 640.0]
[288.0, 112.0, 1014.0, 656.0]
[192.0, 112.0, 919.0, 657.0]
[256.0, 80.0, 984.0, 626.0]
[208.0, 80.0, 937.0, 627.0]
[288.0, 112.0, 1018.0, 660.0]
[288.0, 112.0, 1019.0, 660.0]
[224.0, 96.0, 956.0, 645.0]
[224.0, 112.0, 957.0, 662.0]
[224.0, 112.0, 958.0, 662.0]
[176.0, 112.0, 911.0, 663.0]
[224.0, 112.0, 960.0, 664.0]
[240.0, 128.0, 977.0, 681.0]
[240.0, 112.0, 978.0, 666.0]
[272.0, 128.0, 1011.0, 682.0]
[176.0, 112.0, 916.0, 667.0]
[240.0, 80.0, 981.0, 636.0]
[176.0, 112.0, 918.0, 668.0]
[256.0, 80.0, 999.0, 637.0]
[192.0, 80.0, 936.0, 638.0]
[192.0, 112.0, 937.0, 671.0]
[192.0, 80.0, 938.0, 640.0]
[272.0, 96.0, 1019.0, 656.0]
[256.0, 112.0, 1004.0, 673.0]
[272.0, 96.0, 1021.0, 658.0]
[272.0, 96.0, 1022.0, 658.0]
[256.0, 112.0, 1007.0, 675.0]
[272.0, 112.0, 1024.0, 676.0]
[208.0, 64.0, 961.0, 629.0]
[256.0, 112.0, 1010.0, 678.0]
[176.0, 96.0, 931.0, 662.0]
[240.0, 80.0, 996.0, 647.0]
[192.0, 80.0, 949.0, 648.0]
[208.0, 64.0, 966.0, 632.0]
[192.0, 96.0, 951.0, 665.0]
[192.0, 112.0, 952.0, 682.0]
[192.0, 80.0, 953.0, 651.0]
[192.0, 64.0, 954.0, 636.0]
[240.0, 64.0, 1003.0, 636.0]
[208.0, 64.0, 972.0, 637.0]
[176.0, 80.0, 941.0, 654.0]
[256.0, 96.0, 1022.0, 670.0]
[208.0, 96.0, 975.0, 671.0]
[208.0, 80.0, 976.0, 656.0]
[176.0, 80.0, 945.0, 657.0]
[176.0, 96.0, 946.0, 674.0]
[224.0, 96.0, 995.0, 674.0]
[176.0, 80.0, 948.0, 659.0]
[176.0, 80.0, 949.0, 660.0]
[192.0, 96.0, 966.0, 676.0]
[208.0, 48.0, 983.0, 629.0]
[208.0, 64.0, 984.0, 646.0]
[240.0, 64.0, 1017.0, 647.0]
[176.0, 64.0, 954.0, 648.0]
[208.0, 64.0, 987.0, 648.0]
[208.0, 64.0, 988.0, 649.0]
[208.0, 80.0, 989.0, 666.0]
[208.0, 48.0, 990.0, 634.0]
[192.0, 64.0, 975.0, 651.0]
[224.0, 80.0, 1008.0, 668.0]
[192.0, 64.0, 977.0, 653.0]
[224.0, 64.0, 1010.0, 654.0]
[224.0, 64.0, 1011.0, 654.0]
[208.0, 64.0, 996.0, 655.0]
[192.0, 80.0, 981.0, 672.0]
[192.0, 64.0, 982.0, 656.0]
[192.0, 48.0, 983.0, 641.0]
[176.0, 80.0, 968.0, 674.0]
[208.0, 48.0, 1001.0, 643.0]
[208.0, 48.0, 1002.0, 644.0]
[208.0, 64.0, 1003.0, 660.0]
[192.0, 48.0, 988.0, 645.0]
[176.0, 64.0, 973.0, 662.0]
[192.0, 64.0, 990.0, 662.0]
[192.0, 48.0, 991.0, 647.0]
[192.0, 64.0, 992.0, 664.0]
[176.0, 80.0, 977.0, 681.0]
[192.0, 80.0, 994.0, 682.0]
[176.0, 80.0, 979.0, 682.0]
[176.0, 64.0, 980.0, 667.0]
[192.0, 64.0, 997.0, 668.0]
[192.0, 48.0, 998.0, 652.0]
[208.0, 64.0, 1015.0, 669.0]
[192.0, 48.0, 1000.0, 654.0]
[208.0, 64.0, 1017.0, 671.0]
[192.0, 48.0, 1002.0, 656.0]
[208.0, 64.0, 1019.0, 672.0]
[208.0, 64.0, 1020.0, 673.0]
[208.0, 64.0, 1021.0, 674.0]
[208.0, 48.0, 1022.0, 658.0]
[192.0, 48.0, 1007.0, 659.0]
