[256.0, 64.0, 973.0, 602.0]
[176.0, 16.0, 894.0, 554.0]
[96.0, 32.0, 815.0, 571.0]
[176.0, 128.0, 896.0, 668.0]
[176.0, 16.0, 897.0, 557.0]
[192.0, 16.0, 914.0, 558.0]
[176.0, 16.0, 899.0, 558.0]
[128.0, 48.0, 852.0, 591.0]
[224.0, 96.0, 949.0, 640.0]
[176.0, 0.0, 902.0, 544.0]
[208.0, 64.0, 935.0, 609.0]
[160.0, 48.0, 888.0, 594.0]
[144.0, 96.0, 873.0, 643.0]
[160.0, 0.0, 890.0, 548.0]
[256.0, 48.0, 987.0, 596.0]
[96.0, 16.0, 828.0, 565.0]
[128.0, 64.0, 861.0, 614.0]
[192.0, 112.0, 926.0, 662.0]
[160.0, 80.0, 895.0, 631.0]
[128.0, 16.0, 864.0, 568.0]
[208.0, 80.0, 945.0, 633.0]
[128.0, 96.0, 866.0, 650.0]
[64.0, 48.0, 803.0, 602.0]
[160.0, 48.0, 900.0, 603.0]
[240.0, 48.0, 981.0, 604.0]
[176.0, 96.0, 918.0, 652.0]
[128.0, 32.0, 871.0, 589.0]
[208.0, 48.0, 952.0, 606.0]
[192.0, 0.0, 937.0, 559.0]
[112.0, 80.0, 858.0, 640.0]
[160.0, 112.0, 907.0, 672.0]
[144.0, 32.0, 892.0, 593.0]
[112.0, 64.0, 861.0, 626.0]
[160.0, 64.0, 910.0, 626.0]
[208.0, 96.0, 959.0, 659.0]
[64.0, 64.0, 816.0, 628.0]
[160.0, 16.0, 913.0, 581.0]
[96.0, 80.0, 850.0, 646.0]
[176.0, 112.0, 931.0, 678.0]
[160.0, 64.0, 916.0, 631.0]
[96.0, 0.0, 853.0, 568.0]
[192.0, 80.0, 950.0, 648.0]
[128.0, 96.0, 887.0, 665.0]
[128.0, 32.0, 888.0, 602.0]
[208.0, 64.0, 969.0, 635.0]
[112.0, 96.0, 874.0, 668.0]
[144.0, 48.0, 907.0, 620.0]
[64.0, 64.0, 828.0, 637.0]
[64.0, 96.0, 829.0, 670.0]
[96.0, 0.0, 862.0, 574.0]
[64.0, 16.0, 831.0, 591.0]
[176.0, 16.0, 944.0, 592.0]
[48.0, 96.0, 817.0, 673.0]
[176.0, 16.0, 946.0, 594.0]
[32.0, 32.0, 803.0, 610.0]
[80.0, 32.0, 852.0, 611.0]
[144.0, 32.0, 917.0, 612.0]
[128.0, 0.0, 902.0, 580.0]
[96.0, 32.0, 871.0, 613.0]
[208.0, 80.0, 984.0, 662.0]
[144.0, 16.0, 921.0, 599.0]
[32.0, 16.0, 810.0, 600.0]
[128.0, 32.0, 907.0, 616.0]
[192.0, 16.0, 972.0, 601.0]
[192.0, 48.0, 973.0, 634.0]
[192.0, 64.0, 974.0, 650.0]
[192.0, 16.0, 975.0, 603.0]
[96.0, 16.0, 880.0, 604.0]
[176.0, 48.0, 961.0, 637.0]
[64.0, 16.0, 850.0, 606.0]
[32.0, 32.0, 819.0, 622.0]
[192.0, 64.0, 980.0, 655.0]
[128.0, 32.0, 917.0, 624.0]
[48.0, 0.0, 838.0, 592.0]
[160.0, 0.0, 951.0, 593.0]
[160.0, 16.0, 952.0, 610.0]
[128.0, 64.0, 921.0, 659.0]
[112.0, 64.0, 906.0, 660.0]
[144.0, 64.0, 939.0, 660.0]
[112.0, 32.0, 908.0, 629.0]
[96.0, 64.0, 893.0, 662.0]
[80.0, 64.0, 878.0, 662.0]
[64.0, 48.0, 863.0, 647.0]
[192.0, 48.0, 992.0, 648.0]
[176.0, 48.0, 977.0, 649.0]
[64.0, 0.0, 866.0, 602.0]
[128.0, 64.0, 931.0, 666.0]
[128.0, 32.0, 932.0, 635.0]
[80.0, 0.0, 885.0, 604.0]
[176.0, 32.0, 982.0, 636.0]
[48.0, 16.0, 855.0, 621.0]
[160.0, 64.0, 968.0, 670.0]
[144.0, 48.0, 953.0, 655.0]
[160.0, 48.0, 970.0, 656.0]
[32.0, 64.0, 843.0, 672.0]
[80.0, 48.0, 892.0, 657.0]
[32.0, 16.0, 845.0, 626.0]
[48.0, 0.0, 862.0, 610.0]
[64.0, 16.0, 879.0, 627.0]
[64.0, 16.0, 880.0, 628.0]
[112.0, 64.0, 929.0, 677.0]
[80.0, 48.0, 898.0, 662.0]
[144.0, 64.0, 963.0, 678.0]
[144.0, 16.0, 964.0, 631.0]
[80.0, 48.0, 901.0, 664.0]
[96.0, 0.0, 918.0, 616.0]
[128.0, 48.0, 951.0, 665.0]
[160.0, 32.0, 984.0, 650.0]
[96.0, 48.0, 921.0, 667.0]
[160.0, 0.0, 986.0, 620.0]
[80.0, 48.0, 907.0, 668.0]
[64.0, 16.0, 892.0, 637.0]
[128.0, 48.0, 957.0, 670.0]
[80.0, 0.0, 910.0, 622.0]
[96.0, 0.0, 927.0, 623.0]
[144.0, 16.0, 976.0, 640.0]
[112.0, 16.0, 945.0, 641.0]
[48.0, 16.0, 882.0, 642.0]
[80.0, 16.0, 915.0, 642.0]
[80.0, 0.0, 916.0, 627.0]
[32.0, 16.0, 869.0, 644.0]
[64.0, 48.0, 902.0, 676.0]
[96.0, 48.0, 935.0, 677.0]
[80.0, 0.0, 920.0, 630.0]
[128.0, 48.0, 969.0, 679.0]
[96.0, 48.0, 938.0, 680.0]
[144.0, 16.0, 987.0, 648.0]
[128.0, 0.0, 972.0, 633.0]
[112.0, 48.0, 957.0, 682.0]
[112.0, 16.0, 958.0, 650.0]
[80.0, 32.0, 927.0, 667.0]
[32.0, 0.0, 880.0, 636.0]
[144.0, 16.0, 993.0, 653.0]
[48.0, 32.0, 898.0, 670.0]
[32.0, 32.0, 883.0, 670.0]
[32.0, 16.0, 884.0, 655.0]
[96.0, 32.0, 949.0, 672.0]
[80.0, 0.0, 934.0, 640.0]
[112.0, 0.0, 967.0, 641.0]
[32.0, 32.0, 888.0, 674.0]
[112.0, 16.0, 969.0, 659.0]
[112.0, 16.0, 970.0, 660.0]
[48.0, 32.0, 907.0, 676.0]
[64.0, 16.0, 924.0, 661.0]
[96.0, 32.0, 957.0, 678.0]
[96.0, 32.0, 958.0, 678.0]
[112.0, 32.0, 975.0, 679.0]
[48.0, 0.0, 912.0, 648.0]
[96.0, 32.0, 961.0, 681.0]
