[176.0, 16.0, 893.0, 554.0]
[128.0, 0.0, 846.0, 538.0]
[112.0, 16.0, 831.0, 555.0]
[96.0, 16.0, 816.0, 556.0]
[48.0, 16.0, 769.0, 557.0]
[176.0, 0.0, 898.0, 542.0]
[112.0, 0.0, 835.0, 542.0]
[144.0, 0.0, 868.0, 543.0]
[112.0, 32.0, 837.0, 576.0]
[160.0, 16.0, 886.0, 560.0]
[112.0, 0.0, 839.0, 545.0]
[96.0, 0.0, 824.0, 546.0]
[80.0, 0.0, 809.0, 547.0]
[176.0, 0.0, 906.0, 548.0]
[128.0, 32.0, 859.0, 580.0]
[176.0, 16.0, 908.0, 565.0]
[96.0, 16.0, 829.0, 566.0]
[48.0, 16.0, 782.0, 566.0]
[112.0, 0.0, 847.0, 551.0]
[128.0, 0.0, 864.0, 552.0]
[32.0, 0.0, 769.0, 553.0]
[32.0, 0.0, 770.0, 554.0]
[32.0, 0.0, 771.0, 554.0]
[128.0, 0.0, 868.0, 555.0]
[64.0, 16.0, 805.0, 572.0]
[64.0, 16.0, 806.0, 572.0]
[96.0, 16.0, 839.0, 573.0]
[96.0, 32.0, 840.0, 590.0]
[96.0, 16.0, 841.0, 575.0]
[80.0, 32.0, 826.0, 592.0]
[48.0, 0.0, 795.0, 560.0]
[128.0, 16.0, 876.0, 577.0]
[112.0, 32.0, 861.0, 594.0]
[64.0, 32.0, 814.0, 594.0]
[64.0, 16.0, 815.0, 579.0]
[48.0, 16.0, 800.0, 580.0]
[80.0, 32.0, 833.0, 597.0]
[32.0, 32.0, 786.0, 598.0]
[96.0, 32.0, 851.0, 598.0]
[48.0, 32.0, 804.0, 599.0]
[64.0, 0.0, 821.0, 568.0]
[96.0, 0.0, 854.0, 568.0]
[144.0, 16.0, 903.0, 585.0]
[112.0, 16.0, 872.0, 586.0]
[128.0, 32.0, 889.0, 603.0]
[96.0, 0.0, 858.0, 572.0]
[80.0, 32.0, 843.0, 604.0]
[144.0, 0.0, 908.0, 573.0]
[112.0, 0.0, 877.0, 574.0]
[48.0, 16.0, 814.0, 590.0]
[64.0, 0.0, 831.0, 575.0]
[80.0, 0.0, 848.0, 576.0]
[32.0, 32.0, 801.0, 609.0]
[80.0, 32.0, 850.0, 610.0]
[96.0, 16.0, 867.0, 594.0]
[48.0, 32.0, 820.0, 611.0]
[96.0, 32.0, 869.0, 612.0]
[128.0, 0.0, 902.0, 580.0]
[80.0, 0.0, 855.0, 581.0]
[80.0, 0.0, 856.0, 582.0]
[64.0, 0.0, 841.0, 583.0]
[112.0, 32.0, 890.0, 616.0]
[32.0, 16.0, 811.0, 600.0]
[80.0, 16.0, 860.0, 601.0]
[32.0, 0.0, 813.0, 586.0]
[80.0, 16.0, 862.0, 602.0]
[32.0, 16.0, 815.0, 603.0]
[112.0, 16.0, 896.0, 604.0]
[80.0, 0.0, 865.0, 589.0]
[112.0, 32.0, 898.0, 622.0]
[48.0, 32.0, 835.0, 622.0]
[48.0, 0.0, 836.0, 591.0]
[48.0, 16.0, 837.0, 608.0]
[32.0, 0.0, 822.0, 592.0]
[112.0, 16.0, 903.0, 609.0]
[48.0, 32.0, 840.0, 626.0]
[112.0, 32.0, 905.0, 627.0]
[96.0, 32.0, 890.0, 628.0]
[80.0, 32.0, 875.0, 628.0]
[64.0, 0.0, 860.0, 597.0]
[96.0, 0.0, 893.0, 598.0]
[80.0, 32.0, 878.0, 630.0]
[80.0, 32.0, 879.0, 631.0]
[80.0, 0.0, 880.0, 600.0]
[64.0, 32.0, 865.0, 633.0]
[96.0, 32.0, 898.0, 634.0]
[96.0, 16.0, 899.0, 618.0]
[64.0, 16.0, 868.0, 619.0]
[80.0, 32.0, 885.0, 636.0]
[96.0, 32.0, 902.0, 636.0]
[96.0, 16.0, 903.0, 621.0]
[80.0, 0.0, 888.0, 606.0]
[80.0, 32.0, 889.0, 639.0]
[48.0, 16.0, 858.0, 624.0]
[96.0, 16.0, 907.0, 624.0]
[80.0, 32.0, 892.0, 641.0]
[80.0, 16.0, 893.0, 626.0]
[96.0, 0.0, 910.0, 610.0]
[64.0, 32.0, 879.0, 643.0]
[48.0, 16.0, 864.0, 628.0]
[80.0, 32.0, 897.0, 645.0]
[64.0, 0.0, 882.0, 614.0]
[64.0, 32.0, 883.0, 646.0]
[80.0, 32.0, 900.0, 647.0]
[80.0, 16.0, 901.0, 632.0]
[32.0, 16.0, 854.0, 632.0]
[32.0, 16.0, 855.0, 633.0]
[32.0, 16.0, 856.0, 634.0]
[64.0, 16.0, 889.0, 635.0]
[64.0, 32.0, 890.0, 652.0]
[48.0, 16.0, 875.0, 636.0]
[64.0, 32.0, 892.0, 653.0]
[48.0, 16.0, 877.0, 638.0]
[32.0, 0.0, 862.0, 622.0]
[64.0, 0.0, 895.0, 623.0]
[32.0, 0.0, 864.0, 624.0]
[64.0, 0.0, 897.0, 625.0]
[32.0, 0.0, 866.0, 626.0]
[48.0, 0.0, 883.0, 626.0]
[32.0, 16.0, 868.0, 643.0]
[48.0, 16.0, 885.0, 644.0]
[48.0, 32.0, 886.0, 660.0]
[32.0, 16.0, 871.0, 645.0]
[48.0, 0.0, 888.0, 630.0]
[64.0, 16.0, 905.0, 647.0]
[64.0, 0.0, 906.0, 632.0]
[48.0, 32.0, 891.0, 664.0]
[48.0, 32.0, 892.0, 665.0]
[48.0, 32.0, 893.0, 666.0]
[48.0, 16.0, 894.0, 650.0]
[48.0, 0.0, 895.0, 635.0]
[48.0, 32.0, 896.0, 668.0]
[48.0, 32.0, 897.0, 669.0]
[48.0, 32.0, 898.0, 670.0]
[48.0, 16.0, 899.0, 654.0]
[48.0, 16.0, 900.0, 655.0]
[48.0, 0.0, 901.0, 640.0]
[48.0, 0.0, 902.0, 640.0]
[48.0, 16.0, 903.0, 657.0]
[48.0, 0.0, 904.0, 642.0]
