[176.0, 48.0, 915.0, 602.0]
[192.0, 80.0, 932.0, 635.0]
[240.0, 48.0, 981.0, 604.0]
[208.0, 48.0, 950.0, 604.0]
[208.0, 64.0, 951.0, 621.0]
[128.0, 80.0, 872.0, 638.0]
[48.0, 32.0, 793.0, 591.0]
[224.0, 80.0, 970.0, 640.0]
[128.0, 48.0, 875.0, 608.0]
[240.0, 48.0, 988.0, 609.0]
[80.0, 96.0, 829.0, 658.0]
[128.0, 48.0, 878.0, 610.0]
[224.0, 64.0, 975.0, 627.0]
[112.0, 48.0, 864.0, 612.0]
[208.0, 96.0, 961.0, 661.0]
[48.0, 80.0, 802.0, 646.0]
[48.0, 32.0, 803.0, 598.0]
[192.0, 96.0, 948.0, 663.0]
[208.0, 96.0, 965.0, 664.0]
[192.0, 64.0, 950.0, 632.0]
[160.0, 80.0, 919.0, 649.0]
[32.0, 48.0, 792.0, 618.0]
[176.0, 64.0, 937.0, 635.0]
[224.0, 80.0, 986.0, 652.0]
[80.0, 96.0, 843.0, 668.0]
[192.0, 48.0, 956.0, 621.0]
[64.0, 32.0, 829.0, 606.0]
[144.0, 48.0, 910.0, 622.0]
[32.0, 16.0, 799.0, 591.0]
[16.0, 48.0, 784.0, 624.0]
[112.0, 96.0, 881.0, 673.0]
[192.0, 48.0, 962.0, 626.0]
[96.0, 80.0, 867.0, 658.0]
[16.0, 64.0, 788.0, 643.0]
[144.0, 96.0, 917.0, 676.0]
[224.0, 80.0, 998.0, 660.0]
[80.0, 48.0, 855.0, 629.0]
[240.0, 48.0, 1016.0, 630.0]
[32.0, 48.0, 809.0, 631.0]
[32.0, 80.0, 810.0, 664.0]
[64.0, 64.0, 843.0, 648.0]
[80.0, 80.0, 860.0, 665.0]
[64.0, 32.0, 845.0, 618.0]
[144.0, 48.0, 926.0, 634.0]
[96.0, 32.0, 879.0, 619.0]
[144.0, 48.0, 928.0, 636.0]
[96.0, 0.0, 881.0, 589.0]
[112.0, 32.0, 898.0, 622.0]
[224.0, 64.0, 1011.0, 654.0]
[16.0, 32.0, 804.0, 623.0]
[16.0, 80.0, 805.0, 672.0]
[144.0, 32.0, 934.0, 624.0]
[160.0, 64.0, 951.0, 657.0]
[64.0, 48.0, 856.0, 642.0]
[128.0, 16.0, 921.0, 611.0]
[16.0, 32.0, 810.0, 628.0]
[176.0, 80.0, 971.0, 676.0]
[48.0, 32.0, 844.0, 629.0]
[80.0, 48.0, 877.0, 646.0]
[0.0, 32.0, 798.0, 630.0]
[64.0, 0.0, 863.0, 599.0]
[16.0, 32.0, 816.0, 632.0]
[96.0, 48.0, 897.0, 649.0]
[64.0, 64.0, 866.0, 666.0]
[96.0, 48.0, 899.0, 650.0]
[48.0, 0.0, 852.0, 603.0]
[48.0, 64.0, 853.0, 668.0]
[192.0, 48.0, 998.0, 652.0]
[80.0, 64.0, 887.0, 669.0]
[96.0, 16.0, 904.0, 622.0]
[192.0, 32.0, 1001.0, 639.0]
[144.0, 32.0, 954.0, 640.0]
[32.0, 16.0, 843.0, 624.0]
[144.0, 64.0, 956.0, 673.0]
[80.0, 0.0, 893.0, 610.0]
[144.0, 0.0, 958.0, 610.0]
[144.0, 0.0, 959.0, 611.0]
[80.0, 48.0, 896.0, 660.0]
[80.0, 16.0, 897.0, 629.0]
[128.0, 48.0, 946.0, 662.0]
[80.0, 16.0, 899.0, 630.0]
[96.0, 32.0, 916.0, 647.0]
[112.0, 48.0, 933.0, 664.0]
[16.0, 16.0, 838.0, 632.0]
[160.0, 32.0, 983.0, 649.0]
[16.0, 0.0, 840.0, 618.0]
[96.0, 0.0, 921.0, 619.0]
[32.0, 32.0, 858.0, 652.0]
[96.0, 32.0, 923.0, 652.0]
[144.0, 32.0, 972.0, 653.0]
[192.0, 48.0, 1021.0, 670.0]
[128.0, 16.0, 958.0, 638.0]
[16.0, 48.0, 847.0, 671.0]
[0.0, 16.0, 832.0, 640.0]
[48.0, 16.0, 881.0, 641.0]
[176.0, 48.0, 1010.0, 674.0]
[112.0, 16.0, 947.0, 642.0]
[176.0, 16.0, 1012.0, 643.0]
[32.0, 0.0, 869.0, 628.0]
[128.0, 0.0, 966.0, 628.0]
[96.0, 32.0, 935.0, 661.0]
[48.0, 32.0, 888.0, 662.0]
[16.0, 16.0, 857.0, 647.0]
[80.0, 0.0, 922.0, 632.0]
[112.0, 16.0, 955.0, 648.0]
[96.0, 0.0, 940.0, 633.0]
[144.0, 32.0, 989.0, 666.0]
[64.0, 32.0, 910.0, 666.0]
[32.0, 16.0, 879.0, 651.0]
[0.0, 0.0, 848.0, 636.0]
[128.0, 16.0, 977.0, 653.0]
[0.0, 0.0, 850.0, 638.0]
[16.0, 0.0, 867.0, 638.0]
[32.0, 0.0, 884.0, 639.0]
[0.0, 0.0, 853.0, 640.0]
[32.0, 0.0, 886.0, 640.0]
[16.0, 32.0, 871.0, 673.0]
[112.0, 0.0, 968.0, 642.0]
[32.0, 0.0, 889.0, 643.0]
[48.0, 0.0, 906.0, 644.0]
[64.0, 32.0, 923.0, 676.0]
[160.0, 0.0, 1020.0, 645.0]
[80.0, 32.0, 941.0, 678.0]
[144.0, 32.0, 1006.0, 678.0]
[0.0, 32.0, 863.0, 679.0]
[160.0, 0.0, 1024.0, 648.0]
[48.0, 0.0, 913.0, 649.0]
[0.0, 16.0, 866.0, 666.0]
[96.0, 0.0, 963.0, 650.0]
[48.0, 16.0, 916.0, 667.0]
[128.0, 16.0, 997.0, 668.0]
[64.0, 0.0, 934.0, 652.0]
[16.0, 16.0, 887.0, 669.0]
[96.0, 0.0, 968.0, 654.0]
[0.0, 0.0, 873.0, 655.0]
[144.0, 16.0, 1018.0, 672.0]
[80.0, 16.0, 955.0, 672.0]
[32.0, 0.0, 908.0, 657.0]
[16.0, 16.0, 893.0, 674.0]
[64.0, 0.0, 942.0, 658.0]
[112.0, 16.0, 991.0, 675.0]
[16.0, 16.0, 896.0, 676.0]
[48.0, 0.0, 929.0, 661.0]
[48.0, 0.0, 930.0, 662.0]
[112.0, 16.0, 995.0, 678.0]
[0.0, 16.0, 884.0, 679.0]
[32.0, 0.0, 917.0, 664.0]
[80.0, 0.0, 966.0, 664.0]
[112.0, 0.0, 999.0, 665.0]
[48.0, 0.0, 936.0, 666.0]
[112.0, 0.0, 1001.0, 667.0]
[64.0, 0.0, 954.0, 668.0]
[80.0, 0.0, 971.0, 668.0]
[16.0, 0.0, 908.0, 669.0]
[0.0, 0.0, 893.0, 670.0]
[32.0, 0.0, 926.0, 670.0]
[80.0, 0.0, 975.0, 671.0]
[48.0, 0.0, 944.0, 672.0]
[80.0, 0.0, 977.0, 673.0]
[32.0, 0.0, 930.0, 674.0]
[16.0, 0.0, 915.0, 674.0]
[16.0, 0.0, 916.0, 675.0]
[16.0, 0.0, 917.0, 676.0]
[48.0, 0.0, 950.0, 676.0]
[16.0, 0.0, 919.0, 677.0]
[16.0, 0.0, 920.0, 678.0]
[48.0, 0.0, 953.0, 679.0]
