[240.0, 80.0, 957.0, 618.0]
[32.0, 64.0, 750.0, 602.0]
[112.0, 96.0, 831.0, 635.0]
[64.0, 48.0, 784.0, 588.0]
[224.0, 64.0, 945.0, 605.0]
[256.0, 80.0, 978.0, 622.0]
[272.0, 64.0, 995.0, 606.0]
[96.0, 80.0, 820.0, 623.0]
[240.0, 64.0, 965.0, 608.0]
[176.0, 80.0, 902.0, 624.0]
[256.0, 64.0, 983.0, 609.0]
[272.0, 80.0, 1000.0, 626.0]
[256.0, 64.0, 985.0, 611.0]
[240.0, 48.0, 970.0, 596.0]
[32.0, 64.0, 763.0, 612.0]
[64.0, 80.0, 796.0, 629.0]
[160.0, 96.0, 893.0, 646.0]
[64.0, 80.0, 798.0, 630.0]
[192.0, 64.0, 927.0, 615.0]
[128.0, 48.0, 864.0, 600.0]
[224.0, 64.0, 961.0, 617.0]
[240.0, 80.0, 978.0, 634.0]
[96.0, 80.0, 835.0, 634.0]
[160.0, 32.0, 900.0, 587.0]
[176.0, 48.0, 917.0, 604.0]
[176.0, 64.0, 918.0, 620.0]
[240.0, 96.0, 983.0, 653.0]
[128.0, 80.0, 872.0, 638.0]
[160.0, 32.0, 905.0, 591.0]
[176.0, 80.0, 922.0, 640.0]
[80.0, 32.0, 827.0, 592.0]
[240.0, 48.0, 988.0, 609.0]
[112.0, 48.0, 861.0, 610.0]
[112.0, 48.0, 862.0, 610.0]
[176.0, 48.0, 927.0, 611.0]
[208.0, 96.0, 960.0, 660.0]
[208.0, 32.0, 961.0, 597.0]
[128.0, 64.0, 882.0, 630.0]
[240.0, 32.0, 995.0, 598.0]
[160.0, 48.0, 916.0, 615.0]
[192.0, 16.0, 949.0, 584.0]
[160.0, 64.0, 918.0, 632.0]
[112.0, 64.0, 871.0, 633.0]
[80.0, 32.0, 840.0, 602.0]
[96.0, 16.0, 857.0, 587.0]
[96.0, 32.0, 858.0, 604.0]
[160.0, 32.0, 923.0, 604.0]
[80.0, 64.0, 844.0, 637.0]
[144.0, 80.0, 909.0, 654.0]
[80.0, 96.0, 846.0, 670.0]
[48.0, 16.0, 815.0, 591.0]
[64.0, 48.0, 832.0, 624.0]
[48.0, 80.0, 817.0, 657.0]
[144.0, 48.0, 914.0, 626.0]
[80.0, 80.0, 851.0, 658.0]
[176.0, 80.0, 948.0, 659.0]
[112.0, 16.0, 885.0, 596.0]
[48.0, 0.0, 822.0, 580.0]
[112.0, 80.0, 887.0, 661.0]
[64.0, 32.0, 840.0, 614.0]
[160.0, 64.0, 937.0, 647.0]
[112.0, 16.0, 890.0, 600.0]
[192.0, 80.0, 971.0, 664.0]
[208.0, 0.0, 988.0, 585.0]
[224.0, 48.0, 1005.0, 634.0]
[208.0, 48.0, 990.0, 634.0]
[112.0, 48.0, 895.0, 635.0]
[32.0, 32.0, 816.0, 620.0]
[176.0, 64.0, 961.0, 653.0]
[80.0, 0.0, 866.0, 590.0]
[112.0, 16.0, 899.0, 606.0]
[160.0, 32.0, 948.0, 623.0]
[144.0, 64.0, 933.0, 656.0]
[96.0, 80.0, 886.0, 672.0]
[96.0, 16.0, 887.0, 609.0]
[80.0, 32.0, 872.0, 626.0]
[112.0, 32.0, 905.0, 627.0]
[192.0, 32.0, 986.0, 628.0]
[176.0, 64.0, 971.0, 660.0]
[64.0, 0.0, 860.0, 597.0]
[128.0, 80.0, 925.0, 678.0]
[80.0, 16.0, 878.0, 614.0]
[16.0, 80.0, 815.0, 679.0]
[48.0, 0.0, 848.0, 600.0]
[16.0, 64.0, 817.0, 665.0]
[16.0, 48.0, 818.0, 650.0]
[48.0, 32.0, 851.0, 634.0]
[128.0, 48.0, 932.0, 651.0]
[32.0, 16.0, 837.0, 620.0]
[176.0, 0.0, 982.0, 604.0]
[128.0, 16.0, 935.0, 621.0]
[144.0, 0.0, 952.0, 606.0]
[16.0, 32.0, 825.0, 639.0]
[96.0, 64.0, 906.0, 672.0]
[16.0, 0.0, 827.0, 608.0]
[176.0, 16.0, 988.0, 625.0]
[192.0, 64.0, 1005.0, 674.0]
[16.0, 48.0, 830.0, 658.0]
[176.0, 16.0, 991.0, 627.0]
[160.0, 0.0, 976.0, 612.0]
[144.0, 64.0, 961.0, 677.0]
[160.0, 16.0, 978.0, 630.0]
[176.0, 32.0, 995.0, 646.0]
[16.0, 16.0, 836.0, 631.0]
[48.0, 16.0, 869.0, 632.0]
[144.0, 48.0, 966.0, 664.0]
[112.0, 16.0, 935.0, 633.0]
[160.0, 0.0, 984.0, 618.0]
[48.0, 0.0, 873.0, 619.0]
[16.0, 32.0, 842.0, 652.0]
[160.0, 48.0, 987.0, 668.0]
[96.0, 48.0, 924.0, 669.0]
[176.0, 32.0, 1005.0, 654.0]
[176.0, 0.0, 1006.0, 622.0]
[48.0, 0.0, 879.0, 623.0]
[160.0, 16.0, 992.0, 640.0]
[16.0, 48.0, 849.0, 673.0]
[128.0, 32.0, 962.0, 658.0]
[80.0, 16.0, 915.0, 642.0]
[128.0, 48.0, 964.0, 675.0]
[112.0, 48.0, 949.0, 676.0]
[128.0, 0.0, 966.0, 628.0]
[32.0, 48.0, 871.0, 677.0]
[64.0, 16.0, 904.0, 646.0]
[80.0, 32.0, 921.0, 663.0]
[80.0, 0.0, 922.0, 632.0]
[64.0, 0.0, 907.0, 632.0]
[32.0, 32.0, 876.0, 665.0]
[96.0, 16.0, 941.0, 650.0]
[64.0, 0.0, 910.0, 634.0]
[128.0, 16.0, 975.0, 651.0]
[16.0, 0.0, 864.0, 636.0]
[160.0, 16.0, 1009.0, 653.0]
[64.0, 0.0, 914.0, 638.0]
[80.0, 32.0, 931.0, 670.0]
[80.0, 0.0, 932.0, 639.0]
[64.0, 16.0, 917.0, 656.0]
[80.0, 16.0, 934.0, 656.0]
[32.0, 16.0, 887.0, 657.0]
[64.0, 16.0, 920.0, 658.0]
[48.0, 16.0, 905.0, 659.0]
[48.0, 0.0, 906.0, 644.0]
[64.0, 16.0, 923.0, 660.0]
[16.0, 32.0, 876.0, 677.0]
[96.0, 32.0, 957.0, 678.0]
[144.0, 32.0, 1006.0, 678.0]
[144.0, 0.0, 1007.0, 647.0]
[32.0, 32.0, 896.0, 680.0]
[144.0, 32.0, 1009.0, 681.0]
[48.0, 16.0, 914.0, 666.0]
[48.0, 16.0, 915.0, 666.0]
[80.0, 16.0, 948.0, 667.0]
[112.0, 0.0, 981.0, 652.0]
[48.0, 16.0, 918.0, 668.0]
[96.0, 0.0, 967.0, 653.0]
[96.0, 16.0, 968.0, 670.0]
[16.0, 0.0, 889.0, 655.0]
[80.0, 0.0, 954.0, 656.0]
[128.0, 16.0, 1003.0, 672.0]
[128.0, 0.0, 1004.0, 657.0]
[64.0, 0.0, 941.0, 658.0]
[48.0, 0.0, 926.0, 658.0]
[64.0, 0.0, 943.0, 659.0]
[32.0, 16.0, 912.0, 676.0]
[16.0, 16.0, 897.0, 677.0]
[112.0, 16.0, 994.0, 678.0]
[64.0, 16.0, 947.0, 678.0]
[112.0, 0.0, 996.0, 663.0]
[112.0, 0.0, 997.0, 664.0]
[48.0, 0.0, 934.0, 664.0]
[48.0, 0.0, 935.0, 665.0]
[112.0, 16.0, 1000.0, 682.0]
[48.0, 0.0, 937.0, 667.0]
[48.0, 0.0, 938.0, 668.0]
[32.0, 0.0, 923.0, 668.0]
[48.0, 0.0, 940.0, 669.0]
[80.0, 0.0, 973.0, 670.0]
[112.0, 0.0, 1006.0, 670.0]
[80.0, 0.0, 975.0, 671.0]
[64.0, 0.0, 960.0, 672.0]
[32.0, 0.0, 929.0, 673.0]
[64.0, 0.0, 962.0, 674.0]
[64.0, 0.0, 963.0, 674.0]
[80.0, 0.0, 980.0, 675.0]
[80.0, 0.0, 981.0, 676.0]
[64.0, 0.0, 966.0, 676.0]
[96.0, 0.0, 999.0, 677.0]
[80.0, 0.0, 984.0, 678.0]
[96.0, 0.0, 1001.0, 679.0]
[32.0, 0.0, 938.0, 680.0]
[96.0, 0.0, 1003.0, 680.0]
[32.0, 0.0, 940.0, 681.0]
[48.0, 0.0, 957.0, 682.0]
[48.0, 0.0, 958.0, 682.0]
[64.0, 0.0, 975.0, 683.0]
