[96.0, 0.0, 813.0, 538.0]
[192.0, 32.0, 910.0, 570.0]
[256.0, 32.0, 975.0, 571.0]
[160.0, 0.0, 880.0, 540.0]
[112.0, 0.0, 833.0, 541.0]
[192.0, 16.0, 914.0, 558.0]
[224.0, 32.0, 947.0, 574.0]
[64.0, 16.0, 788.0, 559.0]
[80.0, 0.0, 805.0, 544.0]
[64.0, 32.0, 790.0, 576.0]
[80.0, 0.0, 807.0, 545.0]
[224.0, 16.0, 952.0, 562.0]
[256.0, 16.0, 985.0, 563.0]
[80.0, 16.0, 810.0, 564.0]
[208.0, 16.0, 939.0, 564.0]
[176.0, 32.0, 908.0, 581.0]
[176.0, 0.0, 909.0, 550.0]
[256.0, 32.0, 990.0, 582.0]
[48.0, 16.0, 783.0, 567.0]
[128.0, 32.0, 864.0, 584.0]
[48.0, 16.0, 785.0, 569.0]
[32.0, 16.0, 770.0, 570.0]
[112.0, 32.0, 851.0, 586.0]
[96.0, 32.0, 836.0, 587.0]
[112.0, 32.0, 853.0, 588.0]
[240.0, 32.0, 982.0, 588.0]
[224.0, 16.0, 967.0, 573.0]
[128.0, 16.0, 872.0, 574.0]
[48.0, 16.0, 793.0, 575.0]
[144.0, 16.0, 890.0, 576.0]
[96.0, 32.0, 843.0, 592.0]
[208.0, 32.0, 956.0, 593.0]
[128.0, 16.0, 877.0, 578.0]
[128.0, 16.0, 878.0, 578.0]
[112.0, 32.0, 863.0, 595.0]
[176.0, 0.0, 928.0, 564.0]
[208.0, 0.0, 961.0, 565.0]
[128.0, 32.0, 882.0, 598.0]
[240.0, 16.0, 995.0, 582.0]
[32.0, 16.0, 788.0, 583.0]
[192.0, 32.0, 949.0, 600.0]
[80.0, 32.0, 838.0, 600.0]
[64.0, 32.0, 823.0, 601.0]
[224.0, 32.0, 984.0, 602.0]
[48.0, 0.0, 809.0, 571.0]
[80.0, 0.0, 842.0, 572.0]
[224.0, 32.0, 987.0, 604.0]
[240.0, 0.0, 1004.0, 573.0]
[144.0, 32.0, 909.0, 606.0]
[176.0, 32.0, 942.0, 606.0]
[208.0, 32.0, 975.0, 607.0]
[144.0, 0.0, 912.0, 576.0]
[48.0, 0.0, 817.0, 577.0]
[176.0, 32.0, 946.0, 610.0]
[176.0, 16.0, 947.0, 594.0]
[192.0, 0.0, 964.0, 579.0]
[112.0, 32.0, 885.0, 612.0]
[112.0, 0.0, 886.0, 580.0]
[208.0, 32.0, 983.0, 613.0]
[112.0, 0.0, 888.0, 582.0]
[224.0, 16.0, 1001.0, 599.0]
[48.0, 32.0, 826.0, 616.0]
[128.0, 0.0, 907.0, 584.0]
[80.0, 16.0, 860.0, 601.0]
[64.0, 32.0, 845.0, 618.0]
[16.0, 16.0, 798.0, 602.0]
[160.0, 16.0, 943.0, 603.0]
[32.0, 0.0, 816.0, 588.0]
[160.0, 0.0, 945.0, 589.0]
[32.0, 16.0, 818.0, 606.0]
[112.0, 16.0, 899.0, 606.0]
[96.0, 16.0, 884.0, 607.0]
[176.0, 32.0, 965.0, 624.0]
[176.0, 0.0, 966.0, 592.0]
[192.0, 32.0, 983.0, 625.0]
[96.0, 32.0, 888.0, 626.0]
[96.0, 16.0, 889.0, 611.0]
[208.0, 32.0, 1002.0, 628.0]
[112.0, 0.0, 907.0, 596.0]
[176.0, 16.0, 972.0, 613.0]
[16.0, 0.0, 813.0, 598.0]
[144.0, 32.0, 942.0, 630.0]
[32.0, 32.0, 831.0, 631.0]
[160.0, 16.0, 960.0, 616.0]
[176.0, 32.0, 977.0, 633.0]
[80.0, 0.0, 882.0, 602.0]
[80.0, 32.0, 883.0, 634.0]
[112.0, 0.0, 916.0, 603.0]
[112.0, 32.0, 917.0, 636.0]
[160.0, 16.0, 966.0, 620.0]
[144.0, 16.0, 951.0, 621.0]
[128.0, 32.0, 936.0, 638.0]
[48.0, 32.0, 857.0, 639.0]
[160.0, 0.0, 970.0, 608.0]
[128.0, 0.0, 939.0, 608.0]
[32.0, 0.0, 844.0, 609.0]
[112.0, 16.0, 925.0, 626.0]
[96.0, 16.0, 910.0, 626.0]
[160.0, 16.0, 975.0, 627.0]
[96.0, 16.0, 912.0, 628.0]
[64.0, 0.0, 881.0, 613.0]
[32.0, 16.0, 850.0, 630.0]
[160.0, 32.0, 979.0, 646.0]
[112.0, 0.0, 932.0, 615.0]
[32.0, 16.0, 853.0, 632.0]
[64.0, 16.0, 886.0, 632.0]
[48.0, 16.0, 871.0, 633.0]
[64.0, 32.0, 888.0, 650.0]
[176.0, 0.0, 1001.0, 619.0]
[80.0, 32.0, 906.0, 652.0]
[176.0, 16.0, 1003.0, 636.0]
[128.0, 0.0, 956.0, 621.0]
[112.0, 16.0, 941.0, 638.0]
[160.0, 16.0, 990.0, 638.0]
[96.0, 32.0, 927.0, 655.0]
[16.0, 16.0, 848.0, 640.0]
[48.0, 32.0, 881.0, 657.0]
[48.0, 16.0, 882.0, 642.0]
[32.0, 0.0, 867.0, 626.0]
[80.0, 16.0, 916.0, 643.0]
[160.0, 0.0, 997.0, 628.0]
[16.0, 0.0, 854.0, 628.0]
[48.0, 32.0, 887.0, 661.0]
[16.0, 16.0, 856.0, 646.0]
[160.0, 0.0, 1001.0, 631.0]
[160.0, 16.0, 1002.0, 648.0]
[32.0, 16.0, 875.0, 648.0]
[96.0, 32.0, 940.0, 665.0]
[64.0, 16.0, 909.0, 650.0]
[96.0, 0.0, 942.0, 634.0]
[16.0, 0.0, 863.0, 635.0]
[48.0, 0.0, 896.0, 636.0]
[48.0, 32.0, 897.0, 669.0]
[112.0, 16.0, 962.0, 654.0]
[144.0, 16.0, 995.0, 654.0]
[144.0, 32.0, 996.0, 671.0]
[112.0, 32.0, 965.0, 672.0]
[80.0, 32.0, 934.0, 672.0]
[80.0, 16.0, 935.0, 657.0]
[16.0, 0.0, 872.0, 642.0]
[96.0, 16.0, 953.0, 659.0]
[64.0, 16.0, 922.0, 660.0]
[32.0, 16.0, 891.0, 660.0]
[128.0, 16.0, 988.0, 661.0]
[96.0, 32.0, 957.0, 678.0]
[112.0, 0.0, 974.0, 646.0]
[112.0, 16.0, 975.0, 663.0]
[32.0, 16.0, 896.0, 664.0]
[96.0, 16.0, 961.0, 665.0]
[80.0, 0.0, 946.0, 650.0]
[96.0, 0.0, 963.0, 650.0]
[32.0, 16.0, 900.0, 667.0]
[96.0, 0.0, 965.0, 652.0]
[128.0, 16.0, 998.0, 668.0]
[112.0, 0.0, 983.0, 653.0]
[48.0, 16.0, 920.0, 670.0]
[32.0, 16.0, 905.0, 671.0]
[80.0, 16.0, 954.0, 672.0]
[112.0, 0.0, 987.0, 656.0]
[96.0, 0.0, 972.0, 657.0]
[128.0, 16.0, 1005.0, 674.0]
[32.0, 0.0, 910.0, 658.0]
[64.0, 16.0, 943.0, 675.0]
[64.0, 16.0, 944.0, 676.0]
[96.0, 16.0, 977.0, 677.0]
[48.0, 16.0, 930.0, 678.0]
[80.0, 0.0, 963.0, 662.0]
[16.0, 16.0, 900.0, 679.0]
[32.0, 0.0, 917.0, 664.0]
[112.0, 16.0, 998.0, 680.0]
[48.0, 16.0, 935.0, 681.0]
[16.0, 0.0, 904.0, 666.0]
[80.0, 0.0, 969.0, 667.0]
[96.0, 0.0, 986.0, 668.0]
[64.0, 0.0, 955.0, 668.0]
[64.0, 0.0, 956.0, 669.0]
[48.0, 0.0, 941.0, 670.0]
[112.0, 0.0, 1006.0, 670.0]
[96.0, 0.0, 991.0, 671.0]
[96.0, 0.0, 992.0, 672.0]
[32.0, 0.0, 929.0, 673.0]
[48.0, 0.0, 946.0, 674.0]
[80.0, 0.0, 979.0, 674.0]
[32.0, 0.0, 932.0, 675.0]
[80.0, 0.0, 981.0, 676.0]
[32.0, 0.0, 934.0, 676.0]
[32.0, 0.0, 935.0, 677.0]
[96.0, 0.0, 1000.0, 678.0]
[64.0, 0.0, 969.0, 679.0]
[64.0, 0.0, 970.0, 680.0]
[80.0, 0.0, 987.0, 680.0]
[32.0, 0.0, 940.0, 681.0]
[80.0, 0.0, 989.0, 682.0]
[48.0, 0.0, 958.0, 682.0]
[32.0, 0.0, 943.0, 683.0]
[32.0, 0.0, 944.0, 684.0]
[80.0, 0.0, 993.0, 685.0]
