[32.0, 160.0, 570.0, 877.0]
[64.0, 256.0, 602.0, 974.0]
[64.0, 48.0, 603.0, 767.0]
[32.0, 48.0, 572.0, 768.0]
[64.0, 96.0, 605.0, 817.0]
[64.0, 224.0, 606.0, 946.0]
[16.0, 96.0, 558.0, 819.0]
[48.0, 32.0, 591.0, 756.0]
[48.0, 256.0, 592.0, 981.0]
[64.0, 96.0, 608.0, 822.0]
[16.0, 64.0, 561.0, 791.0]
[48.0, 224.0, 594.0, 952.0]
[16.0, 48.0, 563.0, 777.0]
[16.0, 128.0, 564.0, 858.0]
[48.0, 128.0, 596.0, 859.0]
[64.0, 96.0, 613.0, 828.0]
[64.0, 176.0, 614.0, 909.0]
[16.0, 256.0, 566.0, 990.0]
[64.0, 240.0, 615.0, 975.0]
[16.0, 160.0, 568.0, 896.0]
[64.0, 80.0, 617.0, 817.0]
[48.0, 128.0, 602.0, 866.0]
[64.0, 224.0, 618.0, 963.0]
[0.0, 160.0, 555.0, 900.0]
[48.0, 32.0, 604.0, 773.0]
[48.0, 96.0, 604.0, 838.0]
[0.0, 112.0, 557.0, 855.0]
[16.0, 16.0, 574.0, 760.0]
[64.0, 96.0, 623.0, 841.0]
[0.0, 96.0, 560.0, 842.0]
[32.0, 0.0, 592.0, 747.0]
[32.0, 256.0, 593.0, 1004.0]
[16.0, 96.0, 578.0, 845.0]
[16.0, 16.0, 578.0, 766.0]
[0.0, 80.0, 563.0, 831.0]
[0.0, 96.0, 564.0, 848.0]
[0.0, 32.0, 565.0, 785.0]
[0.0, 160.0, 566.0, 914.0]
[0.0, 208.0, 566.0, 963.0]
[48.0, 112.0, 615.0, 868.0]
[32.0, 224.0, 600.0, 981.0]
[32.0, 192.0, 600.0, 950.0]
[0.0, 160.0, 569.0, 919.0]
[0.0, 64.0, 570.0, 824.0]
[64.0, 192.0, 635.0, 953.0]
[16.0, 32.0, 588.0, 794.0]
[0.0, 64.0, 572.0, 827.0]
[0.0, 112.0, 573.0, 876.0]
[48.0, 192.0, 622.0, 957.0]
[0.0, 128.0, 574.0, 894.0]
[0.0, 96.0, 575.0, 863.0]
[32.0, 224.0, 608.0, 992.0]
[48.0, 176.0, 625.0, 945.0]
[32.0, 176.0, 610.0, 946.0]
[48.0, 80.0, 626.0, 851.0]
[64.0, 48.0, 643.0, 820.0]
[48.0, 112.0, 628.0, 885.0]
[64.0, 176.0, 644.0, 950.0]
[32.0, 96.0, 613.0, 871.0]
[32.0, 160.0, 614.0, 936.0]
[48.0, 16.0, 631.0, 793.0]
[32.0, 208.0, 616.0, 986.0]
[0.0, 160.0, 584.0, 939.0]
[48.0, 192.0, 633.0, 972.0]
[48.0, 48.0, 634.0, 829.0]
[0.0, 0.0, 586.0, 782.0]
[64.0, 64.0, 651.0, 847.0]
[32.0, 112.0, 620.0, 896.0]
[64.0, 128.0, 653.0, 913.0]
[0.0, 48.0, 590.0, 834.0]
[0.0, 160.0, 590.0, 947.0]
[48.0, 80.0, 639.0, 868.0]
[64.0, 208.0, 656.0, 997.0]
[48.0, 32.0, 640.0, 822.0]
[0.0, 192.0, 593.0, 983.0]
[0.0, 128.0, 594.0, 920.0]
[16.0, 176.0, 611.0, 969.0]
[32.0, 160.0, 628.0, 954.0]
[48.0, 224.0, 644.0, 1019.0]
[16.0, 224.0, 613.0, 1020.0]
[64.0, 64.0, 662.0, 861.0]
[64.0, 96.0, 662.0, 894.0]
[48.0, 176.0, 647.0, 975.0]
[0.0, 160.0, 600.0, 960.0]
[64.0, 128.0, 665.0, 929.0]
[0.0, 160.0, 602.0, 962.0]
[0.0, 176.0, 602.0, 979.0]
[64.0, 96.0, 667.0, 900.0]
[16.0, 128.0, 620.0, 933.0]
[32.0, 32.0, 636.0, 838.0]
[64.0, 160.0, 669.0, 967.0]
[0.0, 0.0, 606.0, 808.0]
[0.0, 208.0, 607.0, 1017.0]
[32.0, 128.0, 640.0, 938.0]
[0.0, 48.0, 608.0, 859.0]
[64.0, 160.0, 673.0, 972.0]
[48.0, 96.0, 658.0, 909.0]
[0.0, 208.0, 610.0, 1022.0]
[64.0, 96.0, 675.0, 911.0]
[64.0, 48.0, 676.0, 864.0]
[48.0, 16.0, 661.0, 833.0]
[0.0, 96.0, 614.0, 914.0]
[0.0, 96.0, 614.0, 915.0]
[48.0, 32.0, 663.0, 852.0]
[32.0, 48.0, 648.0, 869.0]
[0.0, 32.0, 616.0, 854.0]
[64.0, 48.0, 681.0, 871.0]
[64.0, 112.0, 682.0, 936.0]
[64.0, 80.0, 683.0, 905.0]
[32.0, 144.0, 652.0, 970.0]
[16.0, 32.0, 636.0, 859.0]
[32.0, 80.0, 653.0, 908.0]
[32.0, 48.0, 654.0, 877.0]
[16.0, 176.0, 638.0, 1006.0]
[16.0, 0.0, 639.0, 831.0]
[32.0, 144.0, 656.0, 976.0]
[0.0, 48.0, 625.0, 881.0]
[0.0, 144.0, 626.0, 978.0]
[32.0, 16.0, 658.0, 851.0]
[48.0, 32.0, 675.0, 868.0]
[48.0, 112.0, 676.0, 949.0]
[48.0, 128.0, 676.0, 966.0]
[48.0, 176.0, 677.0, 1015.0]
[48.0, 80.0, 678.0, 920.0]
[48.0, 64.0, 679.0, 905.0]
[48.0, 0.0, 680.0, 842.0]
[0.0, 128.0, 632.0, 971.0]
[48.0, 160.0, 681.0, 1004.0]
[48.0, 0.0, 682.0, 845.0]
[16.0, 16.0, 650.0, 862.0]
[16.0, 112.0, 651.0, 959.0]
[0.0, 144.0, 636.0, 992.0]
[16.0, 144.0, 653.0, 993.0]
[0.0, 16.0, 638.0, 866.0]
[16.0, 128.0, 654.0, 979.0]
[16.0, 160.0, 655.0, 1012.0]
[0.0, 144.0, 640.0, 997.0]
[16.0, 0.0, 656.0, 854.0]
[16.0, 32.0, 657.0, 887.0]
[0.0, 128.0, 642.0, 984.0]
[16.0, 48.0, 659.0, 905.0]
[0.0, 0.0, 644.0, 858.0]
[0.0, 80.0, 644.0, 939.0]
[0.0, 16.0, 645.0, 876.0]
[0.0, 32.0, 646.0, 893.0]
[32.0, 144.0, 678.0, 1006.0]
[0.0, 32.0, 647.0, 895.0]
[16.0, 160.0, 664.0, 1024.0]
[32.0, 32.0, 681.0, 897.0]
[32.0, 96.0, 682.0, 962.0]
[32.0, 16.0, 682.0, 883.0]
[0.0, 96.0, 651.0, 964.0]
[0.0, 144.0, 652.0, 1013.0]
[0.0, 96.0, 652.0, 966.0]
[0.0, 128.0, 653.0, 999.0]
[0.0, 32.0, 654.0, 904.0]
[0.0, 48.0, 655.0, 921.0]
[0.0, 80.0, 656.0, 954.0]
[0.0, 0.0, 656.0, 875.0]
[16.0, 112.0, 673.0, 988.0]
[0.0, 32.0, 658.0, 909.0]
[16.0, 32.0, 674.0, 910.0]
[0.0, 64.0, 659.0, 943.0]
[16.0, 80.0, 676.0, 960.0]
[16.0, 64.0, 677.0, 945.0]
[0.0, 112.0, 662.0, 994.0]
[16.0, 80.0, 678.0, 963.0]
[0.0, 112.0, 663.0, 996.0]
[16.0, 16.0, 680.0, 901.0]
[0.0, 0.0, 664.0, 886.0]
[16.0, 80.0, 681.0, 967.0]
[0.0, 32.0, 666.0, 920.0]
[0.0, 0.0, 667.0, 889.0]
[0.0, 16.0, 668.0, 906.0]
[0.0, 80.0, 668.0, 971.0]
[0.0, 80.0, 669.0, 972.0]
[0.0, 64.0, 670.0, 957.0]
[0.0, 96.0, 670.0, 990.0]
[0.0, 0.0, 671.0, 895.0]
[0.0, 32.0, 672.0, 928.0]
[0.0, 96.0, 673.0, 993.0]
[0.0, 0.0, 674.0, 898.0]
[0.0, 80.0, 674.0, 979.0]
[0.0, 16.0, 675.0, 916.0]
[0.0, 112.0, 676.0, 1013.0]
[0.0, 80.0, 676.0, 982.0]
[0.0, 16.0, 677.0, 919.0]
[0.0, 80.0, 678.0, 984.0]
[0.0, 64.0, 679.0, 969.0]
[0.0, 16.0, 680.0, 922.0]
[0.0, 112.0, 680.0, 1019.0]
[0.0, 48.0, 681.0, 956.0]
[0.0, 32.0, 682.0, 941.0]
[0.0, 96.0, 682.0, 1006.0]
[0.0, 32.0, 683.0, 943.0]
