[208.0, 64.0, 925.0, 602.0]
[128.0, 96.0, 846.0, 634.0]
[144.0, 96.0, 863.0, 635.0]
[128.0, 32.0, 848.0, 572.0]
[288.0, 80.0, 1009.0, 621.0]
[192.0, 48.0, 914.0, 590.0]
[112.0, 48.0, 835.0, 590.0]
[128.0, 16.0, 852.0, 559.0]
[272.0, 80.0, 997.0, 624.0]
[240.0, 112.0, 966.0, 656.0]
[192.0, 96.0, 919.0, 641.0]
[192.0, 80.0, 920.0, 626.0]
[288.0, 96.0, 1017.0, 643.0]
[128.0, 80.0, 858.0, 628.0]
[144.0, 96.0, 875.0, 644.0]
[240.0, 64.0, 972.0, 613.0]
[128.0, 112.0, 861.0, 662.0]
[96.0, 48.0, 830.0, 598.0]
[112.0, 96.0, 847.0, 647.0]
[240.0, 16.0, 976.0, 568.0]
[208.0, 96.0, 945.0, 649.0]
[144.0, 16.0, 882.0, 570.0]
[96.0, 48.0, 835.0, 602.0]
[208.0, 32.0, 948.0, 587.0]
[176.0, 32.0, 917.0, 588.0]
[256.0, 80.0, 998.0, 636.0]
[208.0, 0.0, 951.0, 557.0]
[256.0, 96.0, 1000.0, 654.0]
[128.0, 48.0, 873.0, 607.0]
[208.0, 80.0, 954.0, 640.0]
[272.0, 80.0, 1019.0, 640.0]
[176.0, 96.0, 924.0, 657.0]
[112.0, 32.0, 861.0, 594.0]
[128.0, 96.0, 878.0, 658.0]
[96.0, 32.0, 847.0, 595.0]
[224.0, 80.0, 976.0, 644.0]
[240.0, 80.0, 993.0, 645.0]
[176.0, 96.0, 930.0, 662.0]
[144.0, 112.0, 899.0, 678.0]
[192.0, 16.0, 948.0, 583.0]
[160.0, 64.0, 917.0, 632.0]
[96.0, 64.0, 854.0, 632.0]
[256.0, 32.0, 1015.0, 601.0]
[192.0, 48.0, 952.0, 618.0]
[176.0, 0.0, 937.0, 571.0]
[192.0, 64.0, 954.0, 636.0]
[208.0, 80.0, 971.0, 652.0]
[160.0, 0.0, 924.0, 573.0]
[96.0, 80.0, 861.0, 654.0]
[160.0, 96.0, 926.0, 670.0]
[160.0, 16.0, 927.0, 591.0]
[128.0, 80.0, 896.0, 656.0]
[208.0, 64.0, 977.0, 641.0]
[80.0, 32.0, 850.0, 610.0]
[80.0, 64.0, 851.0, 642.0]
[128.0, 32.0, 900.0, 611.0]
[240.0, 96.0, 1013.0, 676.0]
[96.0, 48.0, 870.0, 628.0]
[128.0, 32.0, 903.0, 613.0]
[224.0, 48.0, 1000.0, 630.0]
[128.0, 0.0, 905.0, 583.0]
[160.0, 0.0, 938.0, 584.0]
[224.0, 0.0, 1003.0, 584.0]
[160.0, 0.0, 940.0, 585.0]
[208.0, 96.0, 989.0, 682.0]
[144.0, 32.0, 926.0, 618.0]
[128.0, 64.0, 911.0, 651.0]
[208.0, 32.0, 992.0, 620.0]
[176.0, 48.0, 961.0, 637.0]
[144.0, 0.0, 930.0, 590.0]
[128.0, 0.0, 915.0, 590.0]
[224.0, 48.0, 1012.0, 639.0]
[144.0, 0.0, 933.0, 592.0]
[224.0, 0.0, 1014.0, 592.0]
[192.0, 80.0, 983.0, 673.0]
[80.0, 32.0, 872.0, 626.0]
[192.0, 64.0, 985.0, 659.0]
[176.0, 80.0, 970.0, 676.0]
[176.0, 32.0, 971.0, 628.0]
[224.0, 32.0, 1020.0, 629.0]
[176.0, 16.0, 973.0, 614.0]
[208.0, 80.0, 1006.0, 678.0]
[192.0, 64.0, 991.0, 663.0]
[144.0, 64.0, 944.0, 664.0]
[128.0, 16.0, 929.0, 617.0]
[208.0, 48.0, 1010.0, 650.0]
[192.0, 80.0, 995.0, 682.0]
[128.0, 16.0, 932.0, 619.0]
[208.0, 0.0, 1013.0, 604.0]
[144.0, 64.0, 950.0, 668.0]
[208.0, 32.0, 1015.0, 637.0]
[176.0, 16.0, 984.0, 622.0]
[176.0, 32.0, 985.0, 639.0]
[128.0, 64.0, 938.0, 672.0]
[128.0, 0.0, 939.0, 608.0]
[160.0, 32.0, 972.0, 641.0]
[192.0, 48.0, 1005.0, 658.0]
[176.0, 32.0, 990.0, 642.0]
[144.0, 48.0, 959.0, 659.0]
[96.0, 48.0, 912.0, 660.0]
[112.0, 0.0, 929.0, 613.0]
[192.0, 48.0, 1010.0, 662.0]
[96.0, 48.0, 915.0, 662.0]
[112.0, 64.0, 932.0, 679.0]
[112.0, 32.0, 933.0, 648.0]
[64.0, 32.0, 886.0, 648.0]
[160.0, 48.0, 983.0, 665.0]
[128.0, 32.0, 952.0, 650.0]
[96.0, 0.0, 921.0, 619.0]
[128.0, 32.0, 954.0, 652.0]
[96.0, 48.0, 923.0, 668.0]
[96.0, 0.0, 924.0, 621.0]
[128.0, 16.0, 957.0, 638.0]
[80.0, 16.0, 910.0, 638.0]
[128.0, 16.0, 959.0, 639.0]
[144.0, 16.0, 976.0, 640.0]
[112.0, 0.0, 945.0, 625.0]
[128.0, 48.0, 962.0, 674.0]
[64.0, 16.0, 899.0, 642.0]
[64.0, 32.0, 900.0, 659.0]
[160.0, 32.0, 997.0, 660.0]
[64.0, 48.0, 902.0, 676.0]
[112.0, 16.0, 951.0, 645.0]
[96.0, 16.0, 936.0, 646.0]
[112.0, 0.0, 953.0, 631.0]
[176.0, 48.0, 1018.0, 680.0]
[64.0, 48.0, 907.0, 680.0]
[112.0, 48.0, 956.0, 681.0]
[128.0, 48.0, 973.0, 682.0]
[176.0, 0.0, 1022.0, 634.0]
[96.0, 16.0, 943.0, 651.0]
[96.0, 32.0, 944.0, 668.0]
[144.0, 0.0, 993.0, 637.0]
[80.0, 16.0, 930.0, 654.0]
[128.0, 32.0, 979.0, 670.0]
[160.0, 16.0, 1012.0, 655.0]
[128.0, 16.0, 981.0, 656.0]
[128.0, 16.0, 982.0, 656.0]
[80.0, 32.0, 935.0, 673.0]
[128.0, 16.0, 984.0, 658.0]
[96.0, 0.0, 953.0, 643.0]
[128.0, 16.0, 986.0, 660.0]
[144.0, 32.0, 1003.0, 676.0]
[112.0, 32.0, 972.0, 677.0]
[96.0, 32.0, 957.0, 678.0]
[112.0, 0.0, 974.0, 646.0]
[160.0, 32.0, 1023.0, 679.0]
[96.0, 16.0, 960.0, 664.0]
[128.0, 32.0, 993.0, 681.0]
[128.0, 16.0, 994.0, 666.0]
[96.0, 0.0, 963.0, 650.0]
[144.0, 32.0, 1012.0, 683.0]
[112.0, 0.0, 981.0, 652.0]
[144.0, 16.0, 1014.0, 668.0]
[96.0, 0.0, 967.0, 653.0]
[128.0, 16.0, 1000.0, 670.0]
[112.0, 0.0, 985.0, 655.0]
[144.0, 0.0, 1018.0, 656.0]
[96.0, 16.0, 971.0, 672.0]
[80.0, 16.0, 956.0, 673.0]
[112.0, 16.0, 989.0, 674.0]
[96.0, 0.0, 974.0, 658.0]
[112.0, 16.0, 991.0, 675.0]
[80.0, 16.0, 960.0, 676.0]
[128.0, 16.0, 1009.0, 677.0]
[128.0, 16.0, 1010.0, 678.0]
[112.0, 0.0, 995.0, 662.0]
[128.0, 16.0, 1012.0, 679.0]
[96.0, 0.0, 981.0, 664.0]
[96.0, 0.0, 982.0, 664.0]
[96.0, 0.0, 983.0, 665.0]
[128.0, 16.0, 1016.0, 682.0]
[80.0, 16.0, 969.0, 683.0]
[112.0, 0.0, 1002.0, 668.0]
[128.0, 0.0, 1019.0, 668.0]
[80.0, 0.0, 972.0, 669.0]
[112.0, 0.0, 1005.0, 670.0]
[128.0, 0.0, 1022.0, 670.0]
[128.0, 0.0, 1023.0, 671.0]
[96.0, 0.0, 992.0, 672.0]
[80.0, 0.0, 977.0, 673.0]
[96.0, 0.0, 994.0, 674.0]
[96.0, 0.0, 995.0, 674.0]
[96.0, 0.0, 996.0, 675.0]
[80.0, 0.0, 981.0, 676.0]
[112.0, 0.0, 1014.0, 676.0]
[112.0, 0.0, 1015.0, 677.0]
[80.0, 0.0, 984.0, 678.0]
[112.0, 0.0, 1017.0, 679.0]
[80.0, 0.0, 986.0, 680.0]
[112.0, 0.0, 1019.0, 680.0]
[112.0, 0.0, 1020.0, 681.0]
[80.0, 0.0, 989.0, 682.0]
[112.0, 0.0, 1022.0, 682.0]
[112.0, 0.0, 1023.0, 683.0]
