[144.0, 48.0, 861.0, 586.0]
[128.0, 64.0, 846.0, 602.0]
[160.0, 48.0, 879.0, 587.0]
[192.0, 32.0, 912.0, 572.0]
[192.0, 16.0, 913.0, 557.0]
[192.0, 32.0, 914.0, 574.0]
[240.0, 32.0, 963.0, 574.0]
[128.0, 80.0, 852.0, 623.0]
[128.0, 48.0, 853.0, 592.0]
[256.0, 32.0, 982.0, 576.0]
[128.0, 80.0, 855.0, 625.0]
[80.0, 16.0, 808.0, 562.0]
[112.0, 64.0, 841.0, 611.0]
[160.0, 16.0, 890.0, 564.0]
[176.0, 64.0, 907.0, 612.0]
[112.0, 80.0, 844.0, 629.0]
[160.0, 80.0, 893.0, 630.0]
[192.0, 32.0, 926.0, 582.0]
[128.0, 0.0, 863.0, 551.0]
[176.0, 0.0, 912.0, 552.0]
[176.0, 0.0, 913.0, 553.0]
[48.0, 0.0, 786.0, 554.0]
[224.0, 0.0, 963.0, 554.0]
[192.0, 64.0, 932.0, 619.0]
[48.0, 16.0, 789.0, 572.0]
[176.0, 0.0, 918.0, 556.0]
[240.0, 16.0, 983.0, 573.0]
[80.0, 48.0, 824.0, 606.0]
[96.0, 32.0, 841.0, 591.0]
[240.0, 0.0, 986.0, 560.0]
[128.0, 80.0, 875.0, 640.0]
[48.0, 32.0, 796.0, 593.0]
[192.0, 32.0, 941.0, 594.0]
[160.0, 64.0, 910.0, 626.0]
[128.0, 48.0, 879.0, 611.0]
[128.0, 16.0, 880.0, 580.0]
[144.0, 16.0, 897.0, 581.0]
[112.0, 0.0, 866.0, 566.0]
[96.0, 0.0, 851.0, 566.0]
[208.0, 32.0, 964.0, 599.0]
[208.0, 32.0, 965.0, 600.0]
[176.0, 48.0, 934.0, 616.0]
[48.0, 32.0, 807.0, 601.0]
[128.0, 0.0, 888.0, 570.0]
[80.0, 16.0, 841.0, 587.0]
[96.0, 64.0, 858.0, 636.0]
[48.0, 16.0, 811.0, 588.0]
[128.0, 48.0, 892.0, 621.0]
[224.0, 16.0, 989.0, 590.0]
[128.0, 32.0, 894.0, 606.0]
[192.0, 48.0, 959.0, 623.0]
[192.0, 48.0, 960.0, 624.0]
[112.0, 64.0, 881.0, 641.0]
[80.0, 0.0, 850.0, 578.0]
[160.0, 32.0, 931.0, 610.0]
[112.0, 80.0, 884.0, 659.0]
[32.0, 0.0, 805.0, 580.0]
[80.0, 32.0, 854.0, 612.0]
[64.0, 32.0, 839.0, 613.0]
[48.0, 16.0, 824.0, 598.0]
[128.0, 16.0, 905.0, 599.0]
[80.0, 0.0, 858.0, 584.0]
[160.0, 0.0, 939.0, 584.0]
[208.0, 16.0, 988.0, 601.0]
[48.0, 32.0, 829.0, 618.0]
[64.0, 16.0, 846.0, 602.0]
[208.0, 16.0, 991.0, 603.0]
[144.0, 0.0, 928.0, 588.0]
[144.0, 64.0, 929.0, 653.0]
[128.0, 64.0, 914.0, 654.0]
[64.0, 48.0, 851.0, 638.0]
[176.0, 16.0, 964.0, 607.0]
[144.0, 48.0, 933.0, 640.0]
[64.0, 0.0, 854.0, 592.0]
[128.0, 0.0, 919.0, 593.0]
[32.0, 0.0, 824.0, 594.0]
[64.0, 0.0, 857.0, 595.0]
[80.0, 16.0, 874.0, 612.0]
[96.0, 48.0, 891.0, 644.0]
[176.0, 16.0, 972.0, 613.0]
[48.0, 16.0, 845.0, 614.0]
[128.0, 0.0, 926.0, 598.0]
[160.0, 16.0, 959.0, 615.0]
[64.0, 16.0, 864.0, 616.0]
[192.0, 16.0, 993.0, 617.0]
[160.0, 32.0, 962.0, 634.0]
[64.0, 0.0, 867.0, 602.0]
[128.0, 32.0, 932.0, 635.0]
[64.0, 48.0, 869.0, 652.0]
[32.0, 16.0, 838.0, 620.0]
[112.0, 0.0, 919.0, 605.0]
[144.0, 16.0, 952.0, 622.0]
[176.0, 0.0, 985.0, 607.0]
[144.0, 48.0, 954.0, 656.0]
[64.0, 0.0, 875.0, 608.0]
[80.0, 32.0, 892.0, 641.0]
[96.0, 16.0, 909.0, 626.0]
[112.0, 16.0, 926.0, 626.0]
[176.0, 16.0, 991.0, 627.0]
[64.0, 48.0, 880.0, 660.0]
[128.0, 48.0, 945.0, 661.0]
[48.0, 16.0, 866.0, 630.0]
[32.0, 0.0, 851.0, 614.0]
[96.0, 48.0, 916.0, 663.0]
[112.0, 0.0, 933.0, 616.0]
[144.0, 0.0, 966.0, 616.0]
[96.0, 16.0, 919.0, 633.0]
[144.0, 0.0, 968.0, 618.0]
[112.0, 0.0, 937.0, 619.0]
[96.0, 32.0, 922.0, 652.0]
[48.0, 16.0, 875.0, 636.0]
[64.0, 32.0, 892.0, 653.0]
[32.0, 0.0, 861.0, 622.0]
[112.0, 0.0, 942.0, 622.0]
[96.0, 16.0, 927.0, 639.0]
[80.0, 16.0, 912.0, 640.0]
[128.0, 48.0, 961.0, 673.0]
[48.0, 32.0, 882.0, 658.0]
[80.0, 0.0, 915.0, 626.0]
[112.0, 48.0, 948.0, 675.0]
[80.0, 32.0, 917.0, 660.0]
[144.0, 16.0, 982.0, 644.0]
[128.0, 32.0, 967.0, 661.0]
[112.0, 0.0, 952.0, 630.0]
[80.0, 32.0, 921.0, 663.0]
[96.0, 0.0, 938.0, 632.0]
[64.0, 0.0, 907.0, 632.0]
[32.0, 0.0, 876.0, 633.0]
[32.0, 0.0, 877.0, 634.0]
[96.0, 32.0, 942.0, 666.0]
[32.0, 0.0, 879.0, 635.0]
[96.0, 32.0, 944.0, 668.0]
[96.0, 0.0, 945.0, 637.0]
[128.0, 16.0, 978.0, 654.0]
[96.0, 32.0, 947.0, 670.0]
[96.0, 0.0, 948.0, 639.0]
[48.0, 32.0, 901.0, 672.0]
[112.0, 16.0, 966.0, 656.0]
[128.0, 0.0, 983.0, 641.0]
[96.0, 16.0, 952.0, 658.0]
[48.0, 16.0, 905.0, 659.0]
[48.0, 16.0, 906.0, 660.0]
[32.0, 0.0, 891.0, 644.0]
[64.0, 32.0, 924.0, 677.0]
[96.0, 16.0, 957.0, 662.0]
[128.0, 0.0, 990.0, 646.0]
[96.0, 0.0, 959.0, 647.0]
[48.0, 0.0, 912.0, 648.0]
[96.0, 16.0, 961.0, 665.0]
