[64.0, 32.0, 781.0, 570.0]
[128.0, 32.0, 846.0, 570.0]
[256.0, 32.0, 975.0, 571.0]
[192.0, 32.0, 912.0, 572.0]
[240.0, 0.0, 961.0, 541.0]
[160.0, 32.0, 882.0, 574.0]
[176.0, 0.0, 899.0, 542.0]
[176.0, 16.0, 900.0, 559.0]
[192.0, 32.0, 917.0, 576.0]
[160.0, 0.0, 886.0, 544.0]
[64.0, 16.0, 791.0, 561.0]
[80.0, 0.0, 808.0, 546.0]
[112.0, 16.0, 841.0, 563.0]
[208.0, 16.0, 938.0, 564.0]
[64.0, 32.0, 795.0, 580.0]
[176.0, 32.0, 908.0, 581.0]
[224.0, 16.0, 957.0, 566.0]
[112.0, 16.0, 846.0, 566.0]
[208.0, 16.0, 943.0, 567.0]
[32.0, 0.0, 768.0, 552.0]
[208.0, 32.0, 945.0, 585.0]
[176.0, 16.0, 914.0, 570.0]
[32.0, 32.0, 771.0, 586.0]
[256.0, 32.0, 996.0, 587.0]
[224.0, 0.0, 965.0, 556.0]
[240.0, 0.0, 982.0, 556.0]
[224.0, 32.0, 967.0, 589.0]
[96.0, 0.0, 840.0, 558.0]
[96.0, 32.0, 841.0, 591.0]
[96.0, 16.0, 842.0, 576.0]
[128.0, 16.0, 875.0, 576.0]
[192.0, 32.0, 940.0, 593.0]
[208.0, 0.0, 957.0, 562.0]
[224.0, 16.0, 974.0, 578.0]
[112.0, 32.0, 863.0, 595.0]
[48.0, 32.0, 800.0, 596.0]
[192.0, 16.0, 945.0, 581.0]
[208.0, 16.0, 962.0, 582.0]
[80.0, 32.0, 835.0, 598.0]
[176.0, 0.0, 932.0, 567.0]
[64.0, 16.0, 821.0, 584.0]
[224.0, 16.0, 982.0, 584.0]
[240.0, 0.0, 999.0, 569.0]
[208.0, 16.0, 968.0, 586.0]
[32.0, 0.0, 793.0, 571.0]
[192.0, 16.0, 954.0, 588.0]
[192.0, 16.0, 955.0, 588.0]
[208.0, 0.0, 972.0, 573.0]
[192.0, 32.0, 957.0, 606.0]
[144.0, 32.0, 910.0, 606.0]
[144.0, 32.0, 911.0, 607.0]
[32.0, 32.0, 800.0, 608.0]
[160.0, 32.0, 929.0, 609.0]
[176.0, 0.0, 946.0, 578.0]
[192.0, 32.0, 963.0, 610.0]
[160.0, 32.0, 932.0, 611.0]
[224.0, 16.0, 997.0, 596.0]
[224.0, 16.0, 998.0, 596.0]
[112.0, 0.0, 887.0, 581.0]
[64.0, 16.0, 840.0, 598.0]
[208.0, 32.0, 985.0, 615.0]
[112.0, 16.0, 890.0, 600.0]
[144.0, 32.0, 923.0, 616.0]
[128.0, 16.0, 908.0, 601.0]
[128.0, 16.0, 909.0, 602.0]
[192.0, 0.0, 974.0, 586.0]
[112.0, 0.0, 895.0, 587.0]
[192.0, 32.0, 976.0, 620.0]
[32.0, 0.0, 817.0, 589.0]
[192.0, 32.0, 978.0, 622.0]
[112.0, 0.0, 899.0, 590.0]
[80.0, 32.0, 868.0, 623.0]
[96.0, 32.0, 885.0, 624.0]
[32.0, 32.0, 822.0, 624.0]
[128.0, 32.0, 919.0, 625.0]
[80.0, 0.0, 872.0, 594.0]
[32.0, 0.0, 825.0, 595.0]
[48.0, 16.0, 842.0, 612.0]
[192.0, 16.0, 987.0, 612.0]
[64.0, 16.0, 860.0, 613.0]
[192.0, 16.0, 989.0, 614.0]
[128.0, 0.0, 926.0, 598.0]
[112.0, 0.0, 911.0, 599.0]
[48.0, 32.0, 848.0, 632.0]
[160.0, 0.0, 961.0, 601.0]
[32.0, 16.0, 834.0, 618.0]
[144.0, 0.0, 947.0, 602.0]
[144.0, 0.0, 948.0, 603.0]
[64.0, 16.0, 869.0, 620.0]
[192.0, 0.0, 998.0, 604.0]
[128.0, 16.0, 935.0, 621.0]
[176.0, 16.0, 984.0, 622.0]
[112.0, 32.0, 921.0, 639.0]
[192.0, 0.0, 1002.0, 608.0]
[48.0, 16.0, 859.0, 624.0]
[96.0, 16.0, 908.0, 625.0]
[192.0, 0.0, 1005.0, 610.0]
[80.0, 0.0, 894.0, 610.0]
[80.0, 0.0, 895.0, 611.0]
[96.0, 0.0, 912.0, 612.0]
[16.0, 16.0, 833.0, 629.0]
[176.0, 32.0, 994.0, 646.0]
[16.0, 16.0, 835.0, 630.0]
[176.0, 0.0, 996.0, 615.0]
[160.0, 16.0, 981.0, 632.0]
[80.0, 16.0, 902.0, 632.0]
[144.0, 0.0, 967.0, 617.0]
[176.0, 16.0, 1000.0, 634.0]
[96.0, 16.0, 921.0, 635.0]
[128.0, 0.0, 954.0, 620.0]
[112.0, 16.0, 939.0, 636.0]
[16.0, 0.0, 844.0, 621.0]
[160.0, 16.0, 989.0, 638.0]
[32.0, 32.0, 862.0, 654.0]
[112.0, 32.0, 943.0, 655.0]
[32.0, 0.0, 864.0, 624.0]
[32.0, 16.0, 865.0, 641.0]
[80.0, 0.0, 914.0, 626.0]
[144.0, 0.0, 979.0, 626.0]
[112.0, 0.0, 948.0, 627.0]
[96.0, 32.0, 933.0, 660.0]
[16.0, 16.0, 854.0, 644.0]
[32.0, 16.0, 871.0, 645.0]
[96.0, 16.0, 936.0, 646.0]
[64.0, 16.0, 905.0, 647.0]
[32.0, 0.0, 874.0, 632.0]
[16.0, 16.0, 859.0, 648.0]
[32.0, 16.0, 876.0, 649.0]
[64.0, 16.0, 909.0, 650.0]
[32.0, 32.0, 878.0, 666.0]
[32.0, 0.0, 879.0, 635.0]
[80.0, 0.0, 928.0, 636.0]
[144.0, 0.0, 993.0, 637.0]
[144.0, 16.0, 994.0, 654.0]
[80.0, 16.0, 931.0, 654.0]
[112.0, 32.0, 964.0, 671.0]
[80.0, 0.0, 933.0, 640.0]
[16.0, 0.0, 870.0, 640.0]
[144.0, 16.0, 999.0, 657.0]
[112.0, 32.0, 968.0, 674.0]
[128.0, 0.0, 985.0, 643.0]
[128.0, 0.0, 986.0, 644.0]
[32.0, 0.0, 891.0, 644.0]
[96.0, 0.0, 956.0, 645.0]
[96.0, 16.0, 957.0, 662.0]
[144.0, 16.0, 1006.0, 662.0]
[32.0, 16.0, 895.0, 663.0]
[112.0, 32.0, 976.0, 680.0]
[128.0, 32.0, 993.0, 681.0]
[64.0, 0.0, 930.0, 650.0]
[64.0, 0.0, 931.0, 650.0]
[80.0, 0.0, 948.0, 651.0]
[64.0, 0.0, 933.0, 652.0]
[80.0, 16.0, 950.0, 668.0]
[128.0, 16.0, 999.0, 669.0]
[128.0, 0.0, 1000.0, 654.0]
[96.0, 16.0, 969.0, 671.0]
[112.0, 16.0, 986.0, 672.0]
[128.0, 0.0, 1003.0, 656.0]
[48.0, 0.0, 924.0, 657.0]
[48.0, 16.0, 925.0, 674.0]
[80.0, 16.0, 958.0, 674.0]
[64.0, 16.0, 943.0, 675.0]
[64.0, 0.0, 944.0, 660.0]
[48.0, 0.0, 929.0, 661.0]
[48.0, 0.0, 930.0, 662.0]
[64.0, 0.0, 947.0, 662.0]
[32.0, 16.0, 916.0, 679.0]
[32.0, 16.0, 917.0, 680.0]
[96.0, 0.0, 982.0, 664.0]
[32.0, 16.0, 919.0, 681.0]
[48.0, 0.0, 936.0, 666.0]
[112.0, 0.0, 1001.0, 667.0]
[80.0, 0.0, 970.0, 668.0]
[48.0, 0.0, 939.0, 668.0]
[80.0, 0.0, 972.0, 669.0]
[64.0, 0.0, 957.0, 670.0]
[80.0, 0.0, 974.0, 670.0]
[32.0, 0.0, 927.0, 671.0]
[96.0, 0.0, 992.0, 672.0]
[32.0, 0.0, 929.0, 673.0]
[80.0, 0.0, 978.0, 674.0]
[48.0, 0.0, 947.0, 674.0]
[80.0, 0.0, 980.0, 675.0]
[32.0, 0.0, 933.0, 676.0]
[80.0, 0.0, 982.0, 676.0]
[96.0, 0.0, 999.0, 677.0]
[64.0, 0.0, 968.0, 678.0]
[48.0, 0.0, 953.0, 679.0]
[32.0, 0.0, 938.0, 680.0]
[64.0, 0.0, 971.0, 680.0]
[96.0, 0.0, 1004.0, 681.0]
