[128.0, 160.0, 845.0, 698.0]
[176.0, 176.0, 894.0, 714.0]
[304.0, 144.0, 1023.0, 683.0]
[256.0, 112.0, 976.0, 652.0]
[208.0, 112.0, 929.0, 653.0]
[240.0, 144.0, 962.0, 686.0]
[96.0, 144.0, 819.0, 686.0]
[208.0, 144.0, 932.0, 687.0]
[176.0, 128.0, 901.0, 672.0]
[208.0, 176.0, 934.0, 720.0]
[240.0, 144.0, 967.0, 689.0]
[208.0, 80.0, 936.0, 626.0]
[176.0, 96.0, 905.0, 643.0]
[128.0, 176.0, 858.0, 724.0]
[128.0, 96.0, 859.0, 644.0]
[256.0, 96.0, 988.0, 645.0]
[256.0, 144.0, 989.0, 694.0]
[240.0, 112.0, 974.0, 662.0]
[176.0, 144.0, 911.0, 695.0]
[224.0, 144.0, 960.0, 696.0]
[224.0, 176.0, 961.0, 729.0]
[256.0, 96.0, 994.0, 650.0]
[224.0, 96.0, 963.0, 650.0]
[192.0, 96.0, 932.0, 651.0]
[112.0, 144.0, 853.0, 700.0]
[176.0, 112.0, 918.0, 668.0]
[160.0, 64.0, 903.0, 621.0]
[240.0, 144.0, 984.0, 702.0]
[96.0, 112.0, 841.0, 671.0]
[224.0, 96.0, 970.0, 656.0]
[176.0, 96.0, 923.0, 656.0]
[208.0, 128.0, 956.0, 689.0]
[112.0, 128.0, 861.0, 690.0]
[160.0, 64.0, 910.0, 626.0]
[272.0, 128.0, 1023.0, 691.0]
[128.0, 144.0, 880.0, 708.0]
[96.0, 160.0, 849.0, 725.0]
[176.0, 112.0, 930.0, 678.0]
[240.0, 64.0, 995.0, 630.0]
[128.0, 112.0, 884.0, 679.0]
[256.0, 144.0, 1013.0, 712.0]
[112.0, 160.0, 870.0, 728.0]
[128.0, 160.0, 887.0, 729.0]
[144.0, 64.0, 904.0, 634.0]
[224.0, 144.0, 985.0, 715.0]
[128.0, 80.0, 890.0, 652.0]
[176.0, 144.0, 939.0, 716.0]
[160.0, 64.0, 924.0, 637.0]
[160.0, 96.0, 925.0, 670.0]
[160.0, 80.0, 926.0, 654.0]
[128.0, 80.0, 895.0, 655.0]
[240.0, 96.0, 1008.0, 672.0]
[240.0, 80.0, 1009.0, 657.0]
[224.0, 128.0, 994.0, 706.0]
[96.0, 80.0, 867.0, 658.0]
[144.0, 80.0, 916.0, 659.0]
[96.0, 112.0, 869.0, 692.0]
[160.0, 80.0, 934.0, 660.0]
[144.0, 112.0, 919.0, 693.0]
[176.0, 96.0, 952.0, 678.0]
[176.0, 80.0, 953.0, 663.0]
[192.0, 64.0, 970.0, 648.0]
[208.0, 48.0, 987.0, 632.0]
[144.0, 144.0, 924.0, 729.0]
[144.0, 64.0, 925.0, 650.0]
[208.0, 144.0, 990.0, 730.0]
[240.0, 144.0, 1023.0, 731.0]
[128.0, 32.0, 912.0, 620.0]
[112.0, 144.0, 897.0, 733.0]
[128.0, 96.0, 914.0, 686.0]
[112.0, 128.0, 899.0, 718.0]
[144.0, 96.0, 932.0, 687.0]
[144.0, 48.0, 933.0, 640.0]
[128.0, 32.0, 918.0, 624.0]
[128.0, 80.0, 919.0, 673.0]
[160.0, 80.0, 952.0, 674.0]
[96.0, 112.0, 889.0, 707.0]
[160.0, 48.0, 954.0, 644.0]
[112.0, 32.0, 907.0, 628.0]
[96.0, 48.0, 892.0, 645.0]
[112.0, 32.0, 909.0, 630.0]
[208.0, 80.0, 1006.0, 678.0]
[176.0, 32.0, 975.0, 631.0]
[176.0, 112.0, 976.0, 712.0]
[208.0, 112.0, 1009.0, 713.0]
[112.0, 80.0, 914.0, 682.0]
[128.0, 48.0, 931.0, 650.0]
[160.0, 112.0, 964.0, 715.0]
[208.0, 48.0, 1013.0, 652.0]
[208.0, 64.0, 1014.0, 668.0]
[176.0, 96.0, 983.0, 701.0]
[96.0, 96.0, 904.0, 702.0]
[144.0, 64.0, 953.0, 671.0]
[160.0, 32.0, 970.0, 640.0]
[176.0, 16.0, 987.0, 624.0]
[96.0, 64.0, 908.0, 673.0]
[96.0, 64.0, 909.0, 674.0]
[176.0, 16.0, 990.0, 626.0]
[112.0, 80.0, 927.0, 691.0]
[208.0, 32.0, 1024.0, 644.0]
[96.0, 112.0, 913.0, 725.0]
[112.0, 48.0, 930.0, 662.0]
[96.0, 112.0, 915.0, 726.0]
[112.0, 32.0, 932.0, 647.0]
[160.0, 80.0, 981.0, 696.0]
[176.0, 80.0, 998.0, 696.0]
[192.0, 96.0, 1015.0, 713.0]
[160.0, 16.0, 984.0, 634.0]
[112.0, 64.0, 937.0, 683.0]
[112.0, 96.0, 938.0, 716.0]
[112.0, 48.0, 939.0, 668.0]
[112.0, 16.0, 940.0, 637.0]
[128.0, 96.0, 957.0, 718.0]
[144.0, 80.0, 974.0, 702.0]
[160.0, 32.0, 991.0, 655.0]
[112.0, 96.0, 944.0, 720.0]
[176.0, 64.0, 1009.0, 689.0]
[112.0, 96.0, 946.0, 722.0]
[128.0, 64.0, 963.0, 690.0]
[96.0, 16.0, 932.0, 643.0]
[144.0, 96.0, 981.0, 724.0]
[176.0, 80.0, 1014.0, 708.0]
[176.0, 64.0, 1015.0, 693.0]
[160.0, 64.0, 1000.0, 694.0]
[112.0, 80.0, 953.0, 711.0]
[176.0, 32.0, 1018.0, 664.0]
[96.0, 48.0, 939.0, 680.0]
[144.0, 48.0, 988.0, 681.0]
[176.0, 48.0, 1021.0, 682.0]
[96.0, 16.0, 942.0, 650.0]
[96.0, 64.0, 943.0, 699.0]
[160.0, 16.0, 1008.0, 652.0]
[144.0, 16.0, 993.0, 653.0]
[96.0, 32.0, 946.0, 670.0]
[128.0, 64.0, 979.0, 702.0]
[128.0, 0.0, 980.0, 639.0]
[144.0, 64.0, 997.0, 704.0]
[128.0, 96.0, 982.0, 736.0]
[160.0, 32.0, 1015.0, 673.0]
[144.0, 80.0, 1000.0, 722.0]
[160.0, 64.0, 1017.0, 707.0]
[112.0, 16.0, 970.0, 660.0]
[96.0, 0.0, 955.0, 644.0]
[96.0, 16.0, 956.0, 661.0]
[96.0, 32.0, 957.0, 678.0]
[96.0, 0.0, 958.0, 646.0]
[96.0, 16.0, 959.0, 663.0]
[128.0, 80.0, 992.0, 728.0]
[112.0, 0.0, 977.0, 649.0]
[96.0, 80.0, 962.0, 730.0]
[144.0, 16.0, 1011.0, 666.0]
[96.0, 0.0, 964.0, 651.0]
[128.0, 64.0, 997.0, 716.0]
[128.0, 80.0, 998.0, 732.0]
[112.0, 80.0, 983.0, 733.0]
[144.0, 48.0, 1016.0, 702.0]
[144.0, 0.0, 1017.0, 655.0]
[112.0, 32.0, 986.0, 688.0]
[144.0, 32.0, 1019.0, 688.0]
[112.0, 0.0, 988.0, 657.0]
[96.0, 48.0, 973.0, 706.0]
[144.0, 32.0, 1022.0, 690.0]
[128.0, 0.0, 1007.0, 659.0]
[96.0, 16.0, 976.0, 676.0]
[96.0, 0.0, 977.0, 661.0]
[128.0, 16.0, 1010.0, 678.0]
[112.0, 64.0, 995.0, 726.0]
[128.0, 64.0, 1012.0, 727.0]
[128.0, 64.0, 1013.0, 728.0]
[96.0, 16.0, 982.0, 680.0]
[96.0, 48.0, 983.0, 713.0]
[96.0, 16.0, 984.0, 682.0]
[112.0, 0.0, 1001.0, 667.0]
[96.0, 32.0, 986.0, 700.0]
[96.0, 32.0, 987.0, 700.0]
[112.0, 32.0, 1004.0, 701.0]
[96.0, 0.0, 989.0, 670.0]
