[144.0, 80.0, 682.0, 797.0]
[96.0, 48.0, 634.0, 766.0]
[80.0, 16.0, 619.0, 735.0]
[128.0, 32.0, 668.0, 752.0]
[176.0, 16.0, 717.0, 737.0]
[80.0, 48.0, 622.0, 770.0]
[96.0, 128.0, 638.0, 851.0]
[48.0, 32.0, 591.0, 756.0]
[112.0, 32.0, 656.0, 757.0]
[112.0, 80.0, 656.0, 806.0]
[128.0, 16.0, 673.0, 743.0]
[48.0, 48.0, 594.0, 776.0]
[48.0, 48.0, 595.0, 777.0]
[80.0, 48.0, 628.0, 778.0]
[112.0, 32.0, 660.0, 763.0]
[32.0, 32.0, 581.0, 764.0]
[80.0, 16.0, 630.0, 749.0]
[64.0, 64.0, 614.0, 798.0]
[64.0, 48.0, 615.0, 783.0]
[96.0, 64.0, 648.0, 800.0]
[112.0, 16.0, 665.0, 753.0]
[96.0, 64.0, 650.0, 802.0]
[48.0, 16.0, 602.0, 755.0]
[112.0, 16.0, 667.0, 756.0]
[112.0, 96.0, 668.0, 837.0]
[176.0, 32.0, 732.0, 774.0]
[80.0, 16.0, 637.0, 759.0]
[96.0, 112.0, 654.0, 856.0]
[128.0, 96.0, 687.0, 841.0]
[144.0, 0.0, 704.0, 746.0]
[112.0, 64.0, 672.0, 811.0]
[112.0, 48.0, 673.0, 796.0]
[32.0, 48.0, 594.0, 797.0]
[96.0, 80.0, 658.0, 830.0]
[64.0, 0.0, 627.0, 751.0]
[48.0, 16.0, 612.0, 768.0]
[96.0, 48.0, 661.0, 801.0]
[160.0, 48.0, 726.0, 802.0]
[80.0, 32.0, 646.0, 787.0]
[144.0, 48.0, 711.0, 804.0]
[128.0, 96.0, 696.0, 853.0]
[64.0, 48.0, 632.0, 806.0]
[32.0, 16.0, 601.0, 775.0]
[144.0, 64.0, 714.0, 824.0]
[80.0, 48.0, 651.0, 809.0]
[80.0, 64.0, 652.0, 826.0]
[64.0, 80.0, 636.0, 843.0]
[160.0, 0.0, 733.0, 764.0]
[64.0, 16.0, 638.0, 781.0]
[96.0, 112.0, 670.0, 878.0]
[64.0, 48.0, 639.0, 815.0]
[64.0, 48.0, 640.0, 816.0]
[112.0, 32.0, 689.0, 801.0]
[96.0, 48.0, 674.0, 818.0]
[96.0, 96.0, 674.0, 867.0]
[96.0, 112.0, 675.0, 884.0]
[112.0, 32.0, 692.0, 805.0]
[112.0, 80.0, 692.0, 854.0]
[96.0, 96.0, 677.0, 871.0]
[32.0, 48.0, 614.0, 824.0]
[160.0, 16.0, 743.0, 793.0]
[112.0, 80.0, 696.0, 858.0]
[144.0, 48.0, 728.0, 827.0]
[32.0, 32.0, 617.0, 812.0]
[96.0, 16.0, 682.0, 797.0]
[96.0, 16.0, 682.0, 798.0]
[96.0, 48.0, 683.0, 831.0]
[48.0, 16.0, 636.0, 800.0]
[80.0, 0.0, 669.0, 785.0]
[48.0, 64.0, 638.0, 850.0]
[32.0, 16.0, 622.0, 803.0]
[48.0, 64.0, 639.0, 852.0]
[32.0, 0.0, 624.0, 789.0]
[64.0, 32.0, 656.0, 822.0]
[80.0, 96.0, 673.0, 887.0]
[80.0, 96.0, 674.0, 888.0]
[32.0, 32.0, 627.0, 825.0]
[96.0, 64.0, 692.0, 858.0]
[96.0, 0.0, 692.0, 795.0]
[64.0, 80.0, 661.0, 876.0]
[48.0, 16.0, 646.0, 813.0]
[64.0, 80.0, 662.0, 878.0]
[96.0, 80.0, 695.0, 879.0]
[32.0, 16.0, 632.0, 816.0]
[112.0, 32.0, 713.0, 833.0]
[112.0, 16.0, 714.0, 818.0]
[128.0, 32.0, 730.0, 835.0]
[80.0, 48.0, 683.0, 852.0]
[48.0, 32.0, 652.0, 837.0]
[80.0, 64.0, 684.0, 870.0]
[32.0, 16.0, 637.0, 823.0]
[64.0, 80.0, 670.0, 888.0]
[64.0, 16.0, 671.0, 825.0]
[96.0, 80.0, 704.0, 890.0]
[32.0, 16.0, 640.0, 827.0]
[96.0, 32.0, 705.0, 844.0]
[80.0, 16.0, 690.0, 829.0]
[48.0, 32.0, 658.0, 846.0]
[112.0, 48.0, 723.0, 863.0]
[64.0, 80.0, 676.0, 896.0]
[64.0, 16.0, 677.0, 833.0]
[64.0, 80.0, 678.0, 898.0]
[80.0, 64.0, 694.0, 883.0]
[32.0, 32.0, 647.0, 852.0]
[48.0, 16.0, 664.0, 837.0]
[96.0, 64.0, 712.0, 886.0]
[64.0, 80.0, 681.0, 903.0]
[80.0, 48.0, 698.0, 872.0]
[112.0, 32.0, 731.0, 857.0]
[48.0, 0.0, 668.0, 826.0]
[48.0, 16.0, 668.0, 843.0]
[80.0, 32.0, 701.0, 860.0]
[64.0, 32.0, 686.0, 861.0]
[112.0, 32.0, 734.0, 862.0]
[80.0, 16.0, 703.0, 847.0]
[80.0, 32.0, 704.0, 864.0]
[64.0, 0.0, 689.0, 833.0]
[32.0, 0.0, 658.0, 834.0]
[96.0, 32.0, 722.0, 867.0]
[32.0, 0.0, 659.0, 836.0]
[80.0, 48.0, 708.0, 885.0]
[112.0, 0.0, 740.0, 838.0]
[112.0, 0.0, 741.0, 839.0]
[64.0, 0.0, 694.0, 840.0]
[64.0, 48.0, 695.0, 889.0]
[32.0, 48.0, 664.0, 890.0]
[64.0, 32.0, 696.0, 875.0]
[32.0, 32.0, 665.0, 876.0]
[64.0, 16.0, 698.0, 861.0]
[48.0, 48.0, 682.0, 894.0]
[96.0, 0.0, 731.0, 847.0]
[64.0, 48.0, 700.0, 896.0]
[80.0, 16.0, 717.0, 865.0]
[96.0, 48.0, 734.0, 898.0]
[80.0, 48.0, 718.0, 899.0]
[64.0, 16.0, 703.0, 868.0]
[64.0, 0.0, 704.0, 853.0]
[48.0, 0.0, 688.0, 854.0]
[80.0, 48.0, 721.0, 903.0]
[48.0, 48.0, 690.0, 904.0]
[96.0, 16.0, 739.0, 873.0]
[80.0, 32.0, 724.0, 890.0]
[96.0, 16.0, 740.0, 875.0]
[32.0, 32.0, 677.0, 892.0]
[32.0, 16.0, 678.0, 877.0]
[48.0, 0.0, 694.0, 862.0]
[64.0, 16.0, 711.0, 879.0]
[64.0, 32.0, 712.0, 896.0]
