[64.0, 80.0, 781.0, 618.0]
[96.0, 32.0, 814.0, 570.0]
[48.0, 80.0, 767.0, 619.0]
[160.0, 64.0, 880.0, 604.0]
[64.0, 32.0, 785.0, 573.0]
[80.0, 112.0, 802.0, 654.0]
[32.0, 80.0, 755.0, 622.0]
[160.0, 112.0, 884.0, 655.0]
[96.0, 48.0, 821.0, 592.0]
[96.0, 80.0, 822.0, 624.0]
[64.0, 80.0, 791.0, 625.0]
[128.0, 32.0, 856.0, 578.0]
[112.0, 80.0, 841.0, 627.0]
[48.0, 32.0, 778.0, 580.0]
[48.0, 64.0, 779.0, 612.0]
[48.0, 96.0, 780.0, 645.0]
[128.0, 96.0, 861.0, 646.0]
[80.0, 80.0, 814.0, 630.0]
[176.0, 80.0, 911.0, 631.0]
[48.0, 80.0, 784.0, 632.0]
[176.0, 16.0, 913.0, 569.0]
[48.0, 32.0, 786.0, 586.0]
[64.0, 80.0, 803.0, 634.0]
[144.0, 32.0, 884.0, 587.0]
[144.0, 96.0, 885.0, 652.0]
[192.0, 32.0, 934.0, 588.0]
[48.0, 96.0, 791.0, 653.0]
[192.0, 64.0, 936.0, 622.0]
[96.0, 112.0, 841.0, 671.0]
[48.0, 64.0, 794.0, 624.0]
[0.0, 32.0, 747.0, 592.0]
[128.0, 80.0, 876.0, 641.0]
[64.0, 32.0, 813.0, 594.0]
[128.0, 96.0, 878.0, 658.0]
[128.0, 48.0, 879.0, 611.0]
[48.0, 64.0, 800.0, 628.0]
[176.0, 80.0, 929.0, 645.0]
[96.0, 80.0, 850.0, 646.0]
[96.0, 64.0, 851.0, 630.0]
[128.0, 0.0, 884.0, 567.0]
[192.0, 48.0, 949.0, 616.0]
[80.0, 48.0, 838.0, 616.0]
[112.0, 64.0, 871.0, 633.0]
[0.0, 64.0, 760.0, 634.0]
[64.0, 96.0, 825.0, 667.0]
[32.0, 32.0, 794.0, 604.0]
[176.0, 80.0, 939.0, 652.0]
[16.0, 0.0, 780.0, 573.0]
[144.0, 0.0, 909.0, 574.0]
[112.0, 16.0, 878.0, 590.0]
[64.0, 96.0, 831.0, 671.0]
[64.0, 96.0, 832.0, 672.0]
[16.0, 0.0, 785.0, 577.0]
[48.0, 32.0, 818.0, 610.0]
[192.0, 64.0, 963.0, 642.0]
[192.0, 64.0, 964.0, 643.0]
[16.0, 16.0, 789.0, 596.0]
[144.0, 48.0, 918.0, 628.0]
[48.0, 96.0, 823.0, 677.0]
[80.0, 16.0, 856.0, 598.0]
[80.0, 48.0, 857.0, 631.0]
[176.0, 48.0, 954.0, 632.0]
[192.0, 48.0, 971.0, 632.0]
[80.0, 16.0, 860.0, 601.0]
[16.0, 32.0, 797.0, 618.0]
[160.0, 80.0, 942.0, 666.0]
[80.0, 48.0, 863.0, 635.0]
[96.0, 16.0, 880.0, 604.0]
[128.0, 16.0, 913.0, 605.0]
[64.0, 0.0, 850.0, 590.0]
[0.0, 16.0, 787.0, 606.0]
[112.0, 48.0, 900.0, 639.0]
[32.0, 64.0, 821.0, 656.0]
[96.0, 80.0, 886.0, 672.0]
[16.0, 0.0, 807.0, 593.0]
[128.0, 16.0, 920.0, 610.0]
[128.0, 16.0, 921.0, 611.0]
[0.0, 64.0, 794.0, 660.0]
[112.0, 80.0, 907.0, 676.0]
[32.0, 64.0, 828.0, 661.0]
[144.0, 32.0, 941.0, 630.0]
[16.0, 64.0, 814.0, 662.0]
[16.0, 64.0, 815.0, 663.0]
[112.0, 64.0, 912.0, 664.0]
[64.0, 64.0, 865.0, 665.0]
[96.0, 32.0, 898.0, 634.0]
[16.0, 32.0, 819.0, 634.0]
[80.0, 48.0, 884.0, 651.0]
[112.0, 64.0, 917.0, 668.0]
[80.0, 32.0, 886.0, 636.0]
[16.0, 32.0, 823.0, 637.0]
[80.0, 16.0, 888.0, 622.0]
[16.0, 48.0, 825.0, 655.0]
[32.0, 48.0, 842.0, 656.0]
[144.0, 32.0, 955.0, 640.0]
[0.0, 0.0, 812.0, 609.0]
[16.0, 48.0, 829.0, 658.0]
[112.0, 64.0, 926.0, 674.0]
[176.0, 48.0, 991.0, 659.0]
[128.0, 48.0, 944.0, 660.0]
[160.0, 32.0, 977.0, 645.0]
[96.0, 32.0, 914.0, 646.0]
[80.0, 48.0, 899.0, 662.0]
[112.0, 32.0, 932.0, 647.0]
[32.0, 48.0, 853.0, 664.0]
[16.0, 16.0, 838.0, 632.0]
[80.0, 48.0, 903.0, 665.0]
[16.0, 16.0, 840.0, 634.0]
[16.0, 0.0, 841.0, 619.0]
[96.0, 0.0, 922.0, 620.0]
[112.0, 48.0, 939.0, 668.0]
[160.0, 32.0, 988.0, 653.0]
[96.0, 32.0, 925.0, 654.0]
[128.0, 16.0, 958.0, 638.0]
[176.0, 48.0, 1007.0, 671.0]
[96.0, 48.0, 928.0, 672.0]
[48.0, 0.0, 881.0, 625.0]
[16.0, 32.0, 850.0, 658.0]
[0.0, 16.0, 835.0, 642.0]
[48.0, 0.0, 884.0, 627.0]
[128.0, 16.0, 965.0, 644.0]
[80.0, 32.0, 918.0, 660.0]
[16.0, 32.0, 855.0, 661.0]
[64.0, 16.0, 904.0, 646.0]
[128.0, 32.0, 969.0, 663.0]
[96.0, 0.0, 938.0, 632.0]
[96.0, 16.0, 939.0, 648.0]
[176.0, 32.0, 1020.0, 665.0]
[176.0, 32.0, 1021.0, 666.0]
[16.0, 0.0, 862.0, 634.0]
[0.0, 16.0, 847.0, 651.0]
[96.0, 0.0, 944.0, 636.0]
[0.0, 0.0, 849.0, 637.0]
[80.0, 16.0, 930.0, 654.0]
[144.0, 0.0, 995.0, 638.0]
[112.0, 16.0, 964.0, 655.0]
[144.0, 32.0, 997.0, 672.0]
[48.0, 0.0, 902.0, 640.0]
[0.0, 32.0, 855.0, 673.0]
[0.0, 16.0, 856.0, 658.0]
[144.0, 0.0, 1001.0, 643.0]
[112.0, 32.0, 970.0, 676.0]
[96.0, 16.0, 955.0, 660.0]
[112.0, 0.0, 972.0, 645.0]
[112.0, 16.0, 973.0, 662.0]
[32.0, 16.0, 894.0, 662.0]
[32.0, 32.0, 895.0, 679.0]
[32.0, 0.0, 896.0, 648.0]
[80.0, 16.0, 945.0, 665.0]
[128.0, 16.0, 994.0, 666.0]
[144.0, 0.0, 1011.0, 650.0]
[112.0, 16.0, 980.0, 667.0]
[144.0, 0.0, 1013.0, 652.0]
[96.0, 0.0, 966.0, 652.0]
[16.0, 0.0, 887.0, 653.0]
[48.0, 0.0, 920.0, 654.0]
[48.0, 16.0, 921.0, 671.0]
[32.0, 0.0, 906.0, 656.0]
[112.0, 0.0, 987.0, 656.0]
[96.0, 16.0, 972.0, 673.0]
[16.0, 0.0, 893.0, 658.0]
[48.0, 16.0, 926.0, 674.0]
[80.0, 0.0, 959.0, 659.0]
[144.0, 0.0, 1024.0, 660.0]
[32.0, 16.0, 913.0, 677.0]
[64.0, 0.0, 946.0, 662.0]
[48.0, 0.0, 931.0, 662.0]
[112.0, 16.0, 996.0, 679.0]
[0.0, 0.0, 885.0, 664.0]
[0.0, 0.0, 886.0, 664.0]
[80.0, 0.0, 967.0, 665.0]
[112.0, 0.0, 1000.0, 666.0]
[48.0, 0.0, 937.0, 667.0]
[80.0, 0.0, 970.0, 668.0]
[16.0, 0.0, 907.0, 668.0]
[112.0, 0.0, 1004.0, 669.0]
[96.0, 0.0, 989.0, 670.0]
[112.0, 0.0, 1006.0, 670.0]
[128.0, 0.0, 1023.0, 671.0]
[64.0, 0.0, 960.0, 672.0]
[96.0, 0.0, 993.0, 673.0]
[80.0, 0.0, 978.0, 674.0]
[112.0, 0.0, 1011.0, 674.0]
[112.0, 0.0, 1012.0, 675.0]
[0.0, 0.0, 901.0, 676.0]
[32.0, 0.0, 934.0, 676.0]
[32.0, 0.0, 935.0, 677.0]
[112.0, 0.0, 1016.0, 678.0]
[32.0, 0.0, 937.0, 679.0]
