[176.0, 0.0, 893.0, 538.0]
[128.0, 64.0, 846.0, 602.0]
[272.0, 0.0, 991.0, 539.0]
[144.0, 32.0, 864.0, 572.0]
[224.0, 48.0, 945.0, 589.0]
[240.0, 16.0, 962.0, 558.0]
[192.0, 32.0, 915.0, 574.0]
[288.0, 32.0, 1012.0, 575.0]
[112.0, 0.0, 837.0, 544.0]
[192.0, 32.0, 918.0, 576.0]
[272.0, 0.0, 999.0, 545.0]
[272.0, 48.0, 1000.0, 594.0]
[256.0, 16.0, 985.0, 563.0]
[256.0, 48.0, 986.0, 596.0]
[224.0, 32.0, 955.0, 580.0]
[112.0, 48.0, 844.0, 597.0]
[272.0, 32.0, 1005.0, 582.0]
[208.0, 0.0, 942.0, 550.0]
[240.0, 0.0, 975.0, 551.0]
[224.0, 16.0, 960.0, 568.0]
[224.0, 64.0, 961.0, 617.0]
[240.0, 16.0, 978.0, 570.0]
[224.0, 16.0, 963.0, 570.0]
[256.0, 48.0, 996.0, 603.0]
[192.0, 0.0, 933.0, 556.0]
[160.0, 48.0, 902.0, 604.0]
[96.0, 16.0, 839.0, 573.0]
[96.0, 32.0, 840.0, 590.0]
[192.0, 48.0, 937.0, 607.0]
[192.0, 64.0, 938.0, 624.0]
[112.0, 48.0, 859.0, 608.0]
[128.0, 48.0, 876.0, 609.0]
[208.0, 16.0, 957.0, 578.0]
[160.0, 32.0, 910.0, 594.0]
[208.0, 32.0, 959.0, 595.0]
[240.0, 48.0, 992.0, 612.0]
[160.0, 32.0, 913.0, 597.0]
[176.0, 32.0, 930.0, 598.0]
[96.0, 48.0, 851.0, 614.0]
[208.0, 0.0, 964.0, 567.0]
[208.0, 48.0, 965.0, 616.0]
[160.0, 16.0, 918.0, 584.0]
[128.0, 16.0, 887.0, 585.0]
[176.0, 64.0, 936.0, 634.0]
[208.0, 32.0, 969.0, 603.0]
[208.0, 0.0, 970.0, 572.0]
[256.0, 32.0, 1019.0, 604.0]
[240.0, 48.0, 1004.0, 621.0]
[96.0, 32.0, 861.0, 606.0]
[128.0, 16.0, 894.0, 590.0]
[224.0, 16.0, 991.0, 591.0]
[192.0, 0.0, 960.0, 576.0]
[144.0, 16.0, 913.0, 593.0]
[128.0, 64.0, 898.0, 642.0]
[112.0, 32.0, 883.0, 610.0]
[128.0, 0.0, 900.0, 579.0]
[240.0, 48.0, 1013.0, 628.0]
[176.0, 64.0, 950.0, 644.0]
[240.0, 16.0, 1015.0, 597.0]
[160.0, 16.0, 936.0, 598.0]
[160.0, 64.0, 937.0, 647.0]
[208.0, 32.0, 986.0, 616.0]
[224.0, 16.0, 1003.0, 600.0]
[208.0, 16.0, 988.0, 601.0]
[192.0, 64.0, 973.0, 650.0]
[192.0, 64.0, 974.0, 650.0]
[128.0, 0.0, 911.0, 587.0]
[96.0, 16.0, 880.0, 604.0]
[128.0, 64.0, 913.0, 653.0]
[176.0, 32.0, 962.0, 622.0]
[112.0, 16.0, 899.0, 606.0]
[176.0, 64.0, 964.0, 655.0]
[224.0, 32.0, 1013.0, 624.0]
[160.0, 48.0, 950.0, 640.0]
[192.0, 48.0, 983.0, 641.0]
[192.0, 16.0, 984.0, 610.0]
[96.0, 0.0, 889.0, 595.0]
[80.0, 32.0, 874.0, 628.0]
[96.0, 16.0, 891.0, 612.0]
[176.0, 32.0, 972.0, 629.0]
[96.0, 0.0, 893.0, 598.0]
[208.0, 32.0, 1006.0, 630.0]
[160.0, 64.0, 959.0, 663.0]
[192.0, 48.0, 992.0, 648.0]
[128.0, 0.0, 929.0, 601.0]
[176.0, 16.0, 978.0, 618.0]
[96.0, 48.0, 899.0, 650.0]
[192.0, 32.0, 996.0, 635.0]
[128.0, 0.0, 933.0, 604.0]
[80.0, 32.0, 886.0, 636.0]
[144.0, 16.0, 951.0, 621.0]
[128.0, 64.0, 936.0, 670.0]
[80.0, 16.0, 889.0, 623.0]
[176.0, 0.0, 986.0, 608.0]
[128.0, 48.0, 939.0, 656.0]
[160.0, 16.0, 972.0, 625.0]
[176.0, 16.0, 989.0, 626.0]
[160.0, 64.0, 974.0, 674.0]
[176.0, 48.0, 991.0, 659.0]
[112.0, 32.0, 928.0, 644.0]
[160.0, 16.0, 977.0, 629.0]
[192.0, 0.0, 1010.0, 614.0]
[160.0, 16.0, 979.0, 630.0]
[128.0, 48.0, 948.0, 663.0]
[176.0, 48.0, 997.0, 664.0]
[64.0, 16.0, 886.0, 632.0]
[192.0, 16.0, 1015.0, 633.0]
[64.0, 16.0, 888.0, 634.0]
[176.0, 0.0, 1001.0, 619.0]
[160.0, 0.0, 986.0, 620.0]
[128.0, 48.0, 955.0, 668.0]
[96.0, 48.0, 924.0, 669.0]
[112.0, 32.0, 941.0, 654.0]
[96.0, 16.0, 926.0, 638.0]
[96.0, 32.0, 927.0, 655.0]
[176.0, 16.0, 1008.0, 640.0]
[112.0, 32.0, 945.0, 657.0]
[176.0, 48.0, 1010.0, 674.0]
[144.0, 16.0, 979.0, 642.0]
[96.0, 16.0, 932.0, 643.0]
[80.0, 0.0, 917.0, 628.0]
[112.0, 32.0, 950.0, 660.0]
[176.0, 32.0, 1015.0, 661.0]
[128.0, 48.0, 968.0, 678.0]
[128.0, 0.0, 969.0, 631.0]
[80.0, 32.0, 922.0, 664.0]
[144.0, 32.0, 987.0, 664.0]
[80.0, 32.0, 924.0, 665.0]
[176.0, 32.0, 1021.0, 666.0]
[112.0, 16.0, 958.0, 650.0]
[96.0, 0.0, 943.0, 635.0]
[80.0, 0.0, 928.0, 636.0]
[160.0, 0.0, 1009.0, 637.0]
[144.0, 32.0, 994.0, 670.0]
[80.0, 16.0, 931.0, 654.0]
[128.0, 16.0, 980.0, 655.0]
[112.0, 16.0, 965.0, 656.0]
[144.0, 32.0, 998.0, 672.0]
[112.0, 32.0, 967.0, 673.0]
[96.0, 32.0, 952.0, 674.0]
[160.0, 32.0, 1017.0, 675.0]
[144.0, 16.0, 1002.0, 660.0]
[96.0, 32.0, 955.0, 676.0]
[160.0, 16.0, 1020.0, 661.0]
[128.0, 0.0, 989.0, 646.0]
[160.0, 0.0, 1022.0, 646.0]
[112.0, 32.0, 975.0, 679.0]
[80.0, 32.0, 944.0, 680.0]
[80.0, 0.0, 945.0, 649.0]
[128.0, 16.0, 994.0, 666.0]
[144.0, 16.0, 1011.0, 666.0]
[96.0, 32.0, 964.0, 683.0]
[96.0, 0.0, 965.0, 652.0]
[112.0, 0.0, 982.0, 652.0]
[144.0, 0.0, 1015.0, 653.0]
[144.0, 0.0, 1016.0, 654.0]
[144.0, 0.0, 1017.0, 655.0]
[80.0, 16.0, 954.0, 672.0]
[144.0, 0.0, 1019.0, 656.0]
[112.0, 16.0, 988.0, 673.0]
[128.0, 16.0, 1005.0, 674.0]
[96.0, 0.0, 974.0, 658.0]
[80.0, 0.0, 959.0, 659.0]
[112.0, 16.0, 992.0, 676.0]
[96.0, 16.0, 977.0, 677.0]
[112.0, 16.0, 994.0, 678.0]
[96.0, 0.0, 979.0, 662.0]
[80.0, 16.0, 964.0, 679.0]
[112.0, 16.0, 997.0, 680.0]
[112.0, 0.0, 998.0, 664.0]
[112.0, 0.0, 999.0, 665.0]
[112.0, 0.0, 1000.0, 666.0]
[96.0, 0.0, 985.0, 667.0]
[128.0, 0.0, 1018.0, 668.0]
[112.0, 0.0, 1003.0, 668.0]
[128.0, 0.0, 1020.0, 669.0]
[112.0, 0.0, 1005.0, 670.0]
[96.0, 0.0, 990.0, 670.0]
[80.0, 0.0, 975.0, 671.0]
[128.0, 0.0, 1024.0, 672.0]
[80.0, 0.0, 977.0, 673.0]
[96.0, 0.0, 994.0, 674.0]
[80.0, 0.0, 979.0, 674.0]
[96.0, 0.0, 996.0, 675.0]
[80.0, 0.0, 981.0, 676.0]
[112.0, 0.0, 1014.0, 676.0]
[96.0, 0.0, 999.0, 677.0]
[96.0, 0.0, 1000.0, 678.0]
[80.0, 0.0, 985.0, 679.0]
[112.0, 0.0, 1018.0, 680.0]
[96.0, 0.0, 1003.0, 680.0]
[112.0, 0.0, 1020.0, 681.0]
[96.0, 0.0, 1005.0, 682.0]
[80.0, 0.0, 990.0, 682.0]
[96.0, 0.0, 1007.0, 683.0]
