[208.0, 128.0, 925.0, 666.0]
[112.0, 48.0, 830.0, 586.0]
[144.0, 96.0, 863.0, 635.0]
[240.0, 80.0, 960.0, 620.0]
[48.0, 64.0, 769.0, 605.0]
[96.0, 32.0, 818.0, 574.0]
[96.0, 128.0, 819.0, 670.0]
[48.0, 64.0, 772.0, 607.0]
[208.0, 64.0, 933.0, 608.0]
[112.0, 80.0, 838.0, 624.0]
[96.0, 112.0, 823.0, 657.0]
[128.0, 64.0, 856.0, 610.0]
[80.0, 112.0, 809.0, 659.0]
[128.0, 64.0, 858.0, 612.0]
[160.0, 112.0, 891.0, 660.0]
[144.0, 0.0, 876.0, 549.0]
[176.0, 16.0, 909.0, 566.0]
[128.0, 48.0, 862.0, 598.0]
[224.0, 80.0, 959.0, 631.0]
[48.0, 80.0, 784.0, 632.0]
[240.0, 48.0, 977.0, 601.0]
[112.0, 112.0, 850.0, 666.0]
[160.0, 0.0, 899.0, 554.0]
[224.0, 64.0, 964.0, 619.0]
[48.0, 48.0, 789.0, 604.0]
[64.0, 48.0, 806.0, 604.0]
[224.0, 80.0, 967.0, 637.0]
[96.0, 0.0, 840.0, 558.0]
[80.0, 96.0, 825.0, 655.0]
[192.0, 48.0, 938.0, 608.0]
[160.0, 32.0, 907.0, 592.0]
[224.0, 64.0, 972.0, 625.0]
[192.0, 80.0, 941.0, 642.0]
[128.0, 0.0, 878.0, 562.0]
[160.0, 96.0, 911.0, 659.0]
[144.0, 64.0, 896.0, 628.0]
[192.0, 112.0, 945.0, 677.0]
[48.0, 64.0, 802.0, 630.0]
[96.0, 64.0, 851.0, 630.0]
[176.0, 96.0, 932.0, 663.0]
[224.0, 64.0, 981.0, 632.0]
[224.0, 80.0, 982.0, 648.0]
[128.0, 64.0, 887.0, 633.0]
[208.0, 80.0, 968.0, 650.0]
[176.0, 64.0, 937.0, 635.0]
[144.0, 0.0, 906.0, 572.0]
[128.0, 0.0, 891.0, 572.0]
[96.0, 16.0, 860.0, 589.0]
[144.0, 48.0, 909.0, 622.0]
[160.0, 64.0, 926.0, 638.0]
[144.0, 96.0, 911.0, 671.0]
[208.0, 16.0, 976.0, 592.0]
[128.0, 48.0, 897.0, 625.0]
[160.0, 64.0, 930.0, 642.0]
[80.0, 96.0, 851.0, 674.0]
[64.0, 48.0, 836.0, 627.0]
[128.0, 48.0, 901.0, 628.0]
[64.0, 96.0, 838.0, 676.0]
[64.0, 32.0, 839.0, 613.0]
[80.0, 64.0, 856.0, 646.0]
[64.0, 0.0, 841.0, 583.0]
[80.0, 16.0, 858.0, 600.0]
[176.0, 32.0, 955.0, 616.0]
[160.0, 96.0, 940.0, 681.0]
[64.0, 80.0, 845.0, 666.0]
[32.0, 16.0, 814.0, 602.0]
[80.0, 64.0, 863.0, 651.0]
[112.0, 80.0, 896.0, 668.0]
[64.0, 32.0, 849.0, 621.0]
[192.0, 16.0, 978.0, 606.0]
[176.0, 16.0, 963.0, 606.0]
[64.0, 16.0, 852.0, 607.0]
[80.0, 32.0, 869.0, 624.0]
[144.0, 0.0, 934.0, 592.0]
[96.0, 80.0, 887.0, 673.0]
[144.0, 48.0, 936.0, 642.0]
[64.0, 16.0, 857.0, 611.0]
[96.0, 80.0, 890.0, 676.0]
[192.0, 16.0, 987.0, 612.0]
[176.0, 32.0, 972.0, 629.0]
[128.0, 64.0, 925.0, 662.0]
[32.0, 80.0, 830.0, 678.0]
[96.0, 80.0, 895.0, 679.0]
[128.0, 0.0, 928.0, 600.0]
[176.0, 80.0, 977.0, 681.0]
[176.0, 48.0, 978.0, 650.0]
[144.0, 16.0, 947.0, 618.0]
[64.0, 0.0, 868.0, 603.0]
[112.0, 64.0, 917.0, 668.0]
[48.0, 48.0, 854.0, 652.0]
[144.0, 48.0, 951.0, 653.0]
[112.0, 0.0, 920.0, 606.0]
[112.0, 32.0, 921.0, 639.0]
[48.0, 64.0, 858.0, 672.0]
[32.0, 0.0, 843.0, 608.0]
[64.0, 48.0, 876.0, 657.0]
[144.0, 48.0, 957.0, 658.0]
[32.0, 32.0, 846.0, 642.0]
[32.0, 16.0, 847.0, 627.0]
[176.0, 48.0, 992.0, 660.0]
[144.0, 0.0, 961.0, 613.0]
[144.0, 16.0, 962.0, 630.0]
[128.0, 16.0, 947.0, 630.0]
[64.0, 48.0, 884.0, 663.0]
[112.0, 64.0, 933.0, 680.0]
[48.0, 32.0, 870.0, 648.0]
[80.0, 48.0, 903.0, 665.0]
[80.0, 48.0, 904.0, 666.0]
[112.0, 16.0, 937.0, 635.0]
[128.0, 32.0, 954.0, 652.0]
[160.0, 16.0, 987.0, 636.0]
[128.0, 48.0, 956.0, 669.0]
[48.0, 0.0, 877.0, 622.0]
[128.0, 32.0, 958.0, 654.0]
[144.0, 16.0, 975.0, 639.0]
[96.0, 48.0, 928.0, 672.0]
[64.0, 48.0, 897.0, 673.0]
[32.0, 48.0, 866.0, 674.0]
[80.0, 48.0, 915.0, 674.0]
[96.0, 32.0, 932.0, 659.0]
[48.0, 32.0, 885.0, 660.0]
[64.0, 48.0, 902.0, 676.0]
[112.0, 16.0, 951.0, 645.0]
[48.0, 0.0, 888.0, 630.0]
[32.0, 32.0, 873.0, 663.0]
[112.0, 0.0, 954.0, 632.0]
[96.0, 32.0, 939.0, 664.0]
[112.0, 0.0, 956.0, 633.0]
[80.0, 32.0, 925.0, 666.0]
[32.0, 0.0, 878.0, 634.0]
[32.0, 32.0, 879.0, 667.0]
[64.0, 32.0, 912.0, 668.0]
[128.0, 32.0, 977.0, 669.0]
[80.0, 0.0, 930.0, 638.0]
[48.0, 0.0, 899.0, 638.0]
[96.0, 0.0, 948.0, 639.0]
[96.0, 32.0, 949.0, 672.0]
[96.0, 32.0, 950.0, 672.0]
[112.0, 16.0, 967.0, 657.0]
[128.0, 32.0, 984.0, 674.0]
[96.0, 32.0, 953.0, 675.0]
[48.0, 16.0, 906.0, 660.0]
[96.0, 32.0, 955.0, 676.0]
[80.0, 0.0, 940.0, 645.0]
[96.0, 32.0, 957.0, 678.0]
[80.0, 0.0, 942.0, 646.0]
[112.0, 32.0, 975.0, 679.0]
[112.0, 0.0, 976.0, 648.0]
