[192.0, 112.0, 909.0, 650.0]
[112.0, 80.0, 830.0, 618.0]
[80.0, 80.0, 799.0, 619.0]
[80.0, 64.0, 800.0, 604.0]
[128.0, 48.0, 849.0, 589.0]
[224.0, 16.0, 946.0, 558.0]
[224.0, 48.0, 947.0, 590.0]
[128.0, 16.0, 852.0, 559.0]
[256.0, 96.0, 981.0, 640.0]
[256.0, 32.0, 982.0, 576.0]
[256.0, 64.0, 983.0, 609.0]
[192.0, 48.0, 920.0, 594.0]
[176.0, 96.0, 905.0, 643.0]
[192.0, 16.0, 922.0, 564.0]
[128.0, 16.0, 859.0, 564.0]
[128.0, 112.0, 860.0, 661.0]
[288.0, 64.0, 1021.0, 614.0]
[240.0, 32.0, 974.0, 582.0]
[192.0, 80.0, 927.0, 631.0]
[256.0, 16.0, 992.0, 568.0]
[240.0, 96.0, 977.0, 649.0]
[272.0, 32.0, 1010.0, 586.0]
[176.0, 80.0, 915.0, 634.0]
[128.0, 112.0, 868.0, 667.0]
[80.0, 48.0, 821.0, 604.0]
[192.0, 96.0, 934.0, 652.0]
[272.0, 96.0, 1015.0, 653.0]
[128.0, 64.0, 872.0, 622.0]
[80.0, 64.0, 825.0, 623.0]
[160.0, 80.0, 906.0, 640.0]
[224.0, 48.0, 971.0, 608.0]
[192.0, 80.0, 940.0, 641.0]
[272.0, 96.0, 1021.0, 658.0]
[144.0, 80.0, 894.0, 642.0]
[192.0, 32.0, 943.0, 595.0]
[192.0, 96.0, 944.0, 660.0]
[240.0, 0.0, 993.0, 565.0]
[112.0, 96.0, 866.0, 662.0]
[224.0, 96.0, 979.0, 662.0]
[240.0, 64.0, 996.0, 631.0]
[160.0, 48.0, 917.0, 616.0]
[112.0, 96.0, 870.0, 664.0]
[240.0, 48.0, 999.0, 617.0]
[224.0, 96.0, 984.0, 666.0]
[224.0, 48.0, 985.0, 619.0]
[128.0, 96.0, 890.0, 668.0]
[208.0, 32.0, 971.0, 604.0]
[192.0, 0.0, 956.0, 573.0]
[208.0, 80.0, 973.0, 654.0]
[80.0, 80.0, 846.0, 654.0]
[192.0, 96.0, 959.0, 671.0]
[256.0, 64.0, 1024.0, 640.0]
[80.0, 80.0, 849.0, 657.0]
[96.0, 96.0, 866.0, 674.0]
[128.0, 80.0, 899.0, 658.0]
[96.0, 0.0, 868.0, 579.0]
[176.0, 32.0, 949.0, 612.0]
[112.0, 64.0, 886.0, 644.0]
[208.0, 0.0, 983.0, 581.0]
[96.0, 80.0, 872.0, 662.0]
[208.0, 16.0, 985.0, 599.0]
[208.0, 64.0, 986.0, 648.0]
[208.0, 48.0, 987.0, 632.0]
[144.0, 0.0, 924.0, 585.0]
[192.0, 80.0, 973.0, 666.0]
[80.0, 16.0, 862.0, 602.0]
[144.0, 80.0, 927.0, 667.0]
[96.0, 48.0, 880.0, 636.0]
[208.0, 0.0, 993.0, 589.0]
[96.0, 80.0, 882.0, 670.0]
[144.0, 32.0, 931.0, 622.0]
[96.0, 0.0, 884.0, 591.0]
[208.0, 64.0, 997.0, 656.0]
[176.0, 0.0, 966.0, 592.0]
[128.0, 32.0, 919.0, 625.0]
[128.0, 0.0, 920.0, 594.0]
[96.0, 80.0, 889.0, 675.0]
[192.0, 80.0, 986.0, 676.0]
[80.0, 80.0, 875.0, 676.0]
[112.0, 48.0, 908.0, 645.0]
[80.0, 32.0, 877.0, 630.0]
[224.0, 80.0, 1022.0, 678.0]
[208.0, 80.0, 1007.0, 679.0]
[80.0, 64.0, 880.0, 664.0]
[96.0, 0.0, 897.0, 601.0]
[192.0, 80.0, 994.0, 682.0]
[144.0, 0.0, 947.0, 602.0]
[80.0, 16.0, 884.0, 619.0]
[192.0, 16.0, 997.0, 620.0]
[64.0, 32.0, 870.0, 636.0]
[112.0, 16.0, 919.0, 621.0]
[80.0, 0.0, 888.0, 606.0]
[160.0, 32.0, 969.0, 639.0]
[96.0, 64.0, 906.0, 672.0]
[208.0, 32.0, 1019.0, 640.0]
[208.0, 16.0, 1020.0, 625.0]
[176.0, 32.0, 989.0, 642.0]
[80.0, 64.0, 894.0, 674.0]
[80.0, 32.0, 895.0, 643.0]
[192.0, 64.0, 1008.0, 676.0]
[144.0, 0.0, 961.0, 613.0]
[144.0, 16.0, 962.0, 630.0]
[80.0, 64.0, 899.0, 678.0]
[192.0, 48.0, 1012.0, 663.0]
[128.0, 32.0, 949.0, 648.0]
[144.0, 32.0, 966.0, 648.0]
[112.0, 16.0, 935.0, 633.0]
[144.0, 64.0, 968.0, 682.0]
[160.0, 48.0, 985.0, 667.0]
[96.0, 0.0, 922.0, 620.0]
[64.0, 16.0, 891.0, 636.0]
[112.0, 16.0, 940.0, 637.0]
[128.0, 48.0, 957.0, 670.0]
[192.0, 32.0, 1022.0, 654.0]
[144.0, 16.0, 975.0, 639.0]
[176.0, 32.0, 1008.0, 656.0]
[96.0, 32.0, 929.0, 657.0]
[96.0, 0.0, 930.0, 626.0]
[144.0, 0.0, 979.0, 626.0]
[128.0, 32.0, 964.0, 659.0]
[176.0, 32.0, 1013.0, 660.0]
[64.0, 32.0, 902.0, 660.0]
[96.0, 32.0, 935.0, 661.0]
[144.0, 48.0, 984.0, 678.0]
[128.0, 32.0, 969.0, 663.0]
[128.0, 16.0, 970.0, 648.0]
[128.0, 0.0, 971.0, 632.0]
[112.0, 32.0, 956.0, 665.0]
[160.0, 16.0, 1005.0, 650.0]
[64.0, 0.0, 910.0, 634.0]
[96.0, 16.0, 943.0, 651.0]
[176.0, 0.0, 1024.0, 636.0]
[96.0, 16.0, 945.0, 653.0]
[160.0, 0.0, 1010.0, 638.0]
[96.0, 16.0, 947.0, 654.0]
[160.0, 0.0, 1012.0, 639.0]
[128.0, 0.0, 981.0, 640.0]
[96.0, 32.0, 950.0, 672.0]
[96.0, 16.0, 951.0, 657.0]
[96.0, 0.0, 952.0, 642.0]
[128.0, 0.0, 985.0, 643.0]
[80.0, 0.0, 938.0, 644.0]
[160.0, 16.0, 1019.0, 660.0]
[80.0, 32.0, 940.0, 677.0]
[144.0, 32.0, 1005.0, 678.0]
[96.0, 0.0, 958.0, 646.0]
[112.0, 32.0, 975.0, 679.0]
[96.0, 0.0, 960.0, 648.0]
[80.0, 0.0, 945.0, 649.0]
[112.0, 0.0, 978.0, 650.0]
[128.0, 16.0, 995.0, 666.0]
[128.0, 0.0, 996.0, 651.0]
[144.0, 16.0, 1013.0, 668.0]
[80.0, 0.0, 950.0, 652.0]
[144.0, 16.0, 1015.0, 669.0]
[128.0, 0.0, 1000.0, 654.0]
[112.0, 16.0, 985.0, 671.0]
[144.0, 0.0, 1018.0, 656.0]
[96.0, 0.0, 971.0, 656.0]
[112.0, 0.0, 988.0, 657.0]
[96.0, 16.0, 973.0, 674.0]
[128.0, 0.0, 1006.0, 658.0]
[112.0, 0.0, 991.0, 659.0]
[80.0, 16.0, 960.0, 676.0]
[80.0, 0.0, 961.0, 661.0]
[96.0, 16.0, 978.0, 678.0]
[96.0, 0.0, 979.0, 662.0]
[96.0, 16.0, 980.0, 679.0]
[80.0, 16.0, 965.0, 680.0]
[80.0, 16.0, 966.0, 680.0]
[80.0, 16.0, 967.0, 681.0]
[80.0, 0.0, 968.0, 666.0]
[80.0, 16.0, 969.0, 683.0]
[96.0, 0.0, 986.0, 668.0]
[112.0, 0.0, 1003.0, 668.0]
[96.0, 0.0, 988.0, 669.0]
[96.0, 0.0, 989.0, 670.0]
[128.0, 0.0, 1022.0, 670.0]
[112.0, 0.0, 1007.0, 671.0]
[80.0, 0.0, 976.0, 672.0]
[80.0, 0.0, 977.0, 673.0]
[80.0, 0.0, 978.0, 674.0]
[80.0, 0.0, 979.0, 674.0]
[112.0, 0.0, 1012.0, 675.0]
[112.0, 0.0, 1013.0, 676.0]
[96.0, 0.0, 998.0, 676.0]
[96.0, 0.0, 999.0, 677.0]
[80.0, 0.0, 984.0, 678.0]
[96.0, 0.0, 1001.0, 679.0]
[96.0, 0.0, 1002.0, 680.0]
[80.0, 0.0, 987.0, 680.0]
[112.0, 0.0, 1020.0, 681.0]
[96.0, 0.0, 1005.0, 682.0]
[80.0, 0.0, 990.0, 682.0]
[112.0, 0.0, 1023.0, 683.0]
