[64.0, 224.0, 781.0, 762.0]
[144.0, 208.0, 862.0, 746.0]
[256.0, 192.0, 975.0, 731.0]
[32.0, 208.0, 752.0, 748.0]
[256.0, 224.0, 977.0, 765.0]
[272.0, 208.0, 994.0, 750.0]
[192.0, 224.0, 915.0, 766.0]
[272.0, 192.0, 996.0, 735.0]
[272.0, 208.0, 997.0, 752.0]
[192.0, 192.0, 918.0, 736.0]
[224.0, 176.0, 951.0, 721.0]
[112.0, 192.0, 840.0, 738.0]
[144.0, 208.0, 873.0, 755.0]
[32.0, 208.0, 762.0, 756.0]
[32.0, 208.0, 763.0, 756.0]
[64.0, 176.0, 796.0, 725.0]
[32.0, 192.0, 765.0, 742.0]
[208.0, 192.0, 942.0, 742.0]
[256.0, 208.0, 991.0, 759.0]
[176.0, 208.0, 912.0, 760.0]
[112.0, 192.0, 849.0, 745.0]
[208.0, 192.0, 946.0, 746.0]
[208.0, 176.0, 947.0, 730.0]
[208.0, 176.0, 948.0, 731.0]
[144.0, 208.0, 885.0, 764.0]
[256.0, 192.0, 998.0, 748.0]
[192.0, 192.0, 935.0, 749.0]
[256.0, 208.0, 1000.0, 766.0]
[48.0, 208.0, 793.0, 767.0]
[224.0, 192.0, 970.0, 752.0]
[80.0, 192.0, 827.0, 752.0]
[192.0, 192.0, 940.0, 753.0]
[48.0, 176.0, 797.0, 738.0]
[192.0, 160.0, 942.0, 722.0]
[176.0, 192.0, 927.0, 755.0]
[64.0, 160.0, 816.0, 724.0]
[192.0, 160.0, 945.0, 725.0]
[176.0, 192.0, 930.0, 758.0]
[48.0, 176.0, 803.0, 742.0]
[96.0, 192.0, 852.0, 759.0]
[112.0, 160.0, 869.0, 728.0]
[160.0, 176.0, 918.0, 744.0]
[224.0, 160.0, 983.0, 729.0]
[192.0, 160.0, 952.0, 730.0]
[96.0, 192.0, 857.0, 763.0]
[160.0, 176.0, 922.0, 748.0]
[224.0, 160.0, 987.0, 732.0]
[160.0, 160.0, 924.0, 733.0]
[48.0, 176.0, 813.0, 750.0]
[128.0, 192.0, 894.0, 766.0]
[160.0, 144.0, 927.0, 719.0]
[208.0, 192.0, 976.0, 768.0]
[176.0, 144.0, 945.0, 721.0]
[176.0, 176.0, 946.0, 754.0]
[176.0, 160.0, 947.0, 738.0]
[96.0, 144.0, 868.0, 723.0]
[208.0, 144.0, 981.0, 724.0]
[176.0, 144.0, 950.0, 724.0]
[96.0, 144.0, 871.0, 725.0]
[128.0, 176.0, 904.0, 758.0]
[48.0, 160.0, 825.0, 743.0]
[48.0, 176.0, 826.0, 760.0]
[96.0, 144.0, 875.0, 728.0]
[224.0, 176.0, 1004.0, 761.0]
[192.0, 176.0, 973.0, 762.0]
[96.0, 176.0, 878.0, 762.0]
[128.0, 176.0, 911.0, 763.0]
[144.0, 144.0, 928.0, 732.0]
[112.0, 160.0, 897.0, 749.0]
[128.0, 144.0, 914.0, 734.0]
[48.0, 144.0, 835.0, 734.0]
[32.0, 176.0, 820.0, 767.0]
[176.0, 176.0, 965.0, 768.0]
[112.0, 128.0, 902.0, 720.0]
[144.0, 144.0, 935.0, 737.0]
[48.0, 144.0, 840.0, 738.0]
[64.0, 144.0, 857.0, 739.0]
[176.0, 160.0, 970.0, 756.0]
[192.0, 128.0, 987.0, 724.0]
[80.0, 128.0, 876.0, 725.0]
[96.0, 144.0, 893.0, 742.0]
[176.0, 160.0, 974.0, 758.0]
[144.0, 128.0, 943.0, 727.0]
[48.0, 128.0, 848.0, 728.0]
[192.0, 160.0, 993.0, 761.0]
[192.0, 160.0, 994.0, 762.0]
[128.0, 128.0, 931.0, 730.0]
[16.0, 144.0, 820.0, 747.0]
[176.0, 128.0, 981.0, 732.0]
[176.0, 160.0, 982.0, 764.0]
[176.0, 128.0, 983.0, 733.0]
[112.0, 128.0, 920.0, 734.0]
[64.0, 144.0, 873.0, 751.0]
[192.0, 144.0, 1002.0, 752.0]
[16.0, 144.0, 827.0, 752.0]
[160.0, 112.0, 972.0, 721.0]
[96.0, 128.0, 909.0, 738.0]
[48.0, 128.0, 862.0, 738.0]
[48.0, 128.0, 863.0, 739.0]
[144.0, 128.0, 960.0, 740.0]
[64.0, 128.0, 881.0, 741.0]
[144.0, 112.0, 962.0, 726.0]
[144.0, 112.0, 963.0, 726.0]
[144.0, 128.0, 964.0, 743.0]
[176.0, 128.0, 997.0, 744.0]
[80.0, 128.0, 902.0, 744.0]
[96.0, 128.0, 919.0, 745.0]
[64.0, 144.0, 888.0, 762.0]
[80.0, 112.0, 905.0, 731.0]
[80.0, 128.0, 906.0, 748.0]
[80.0, 128.0, 907.0, 748.0]
[128.0, 112.0, 956.0, 733.0]
[48.0, 144.0, 877.0, 766.0]
[48.0, 128.0, 878.0, 750.0]
[16.0, 128.0, 847.0, 751.0]
[16.0, 144.0, 848.0, 768.0]
[96.0, 112.0, 929.0, 737.0]
[64.0, 112.0, 898.0, 738.0]
[96.0, 96.0, 931.0, 722.0]
[64.0, 112.0, 900.0, 739.0]
[128.0, 96.0, 965.0, 724.0]
[32.0, 128.0, 870.0, 756.0]
[144.0, 128.0, 983.0, 757.0]
[96.0, 128.0, 936.0, 758.0]
[64.0, 128.0, 905.0, 759.0]
[80.0, 96.0, 922.0, 728.0]
[80.0, 96.0, 923.0, 728.0]
[160.0, 128.0, 1004.0, 761.0]
[80.0, 112.0, 925.0, 746.0]
[32.0, 112.0, 878.0, 746.0]
[160.0, 128.0, 1007.0, 763.0]
[160.0, 112.0, 1008.0, 748.0]
[32.0, 96.0, 881.0, 733.0]
[48.0, 128.0, 898.0, 766.0]
[128.0, 112.0, 979.0, 750.0]
[144.0, 112.0, 996.0, 751.0]
[64.0, 96.0, 917.0, 736.0]
[128.0, 96.0, 982.0, 736.0]
[64.0, 96.0, 919.0, 737.0]
[64.0, 112.0, 920.0, 754.0]
[96.0, 112.0, 953.0, 755.0]
[128.0, 80.0, 986.0, 724.0]
[128.0, 112.0, 987.0, 756.0]
[48.0, 112.0, 908.0, 757.0]
[80.0, 80.0, 941.0, 726.0]
[64.0, 112.0, 926.0, 758.0]
[80.0, 80.0, 943.0, 727.0]
[80.0, 96.0, 944.0, 744.0]
[32.0, 112.0, 897.0, 761.0]
[32.0, 80.0, 898.0, 730.0]
[48.0, 96.0, 915.0, 746.0]
[48.0, 96.0, 916.0, 747.0]
[80.0, 112.0, 949.0, 764.0]
[128.0, 112.0, 998.0, 764.0]
[112.0, 112.0, 983.0, 765.0]
[112.0, 112.0, 984.0, 766.0]
[96.0, 96.0, 969.0, 751.0]
[112.0, 96.0, 986.0, 752.0]
[16.0, 80.0, 891.0, 736.0]
[32.0, 96.0, 908.0, 753.0]
[80.0, 64.0, 957.0, 722.0]
[32.0, 80.0, 910.0, 738.0]
[80.0, 96.0, 959.0, 755.0]
[96.0, 80.0, 976.0, 740.0]
[96.0, 80.0, 977.0, 741.0]
[80.0, 96.0, 962.0, 758.0]
[64.0, 64.0, 947.0, 726.0]
[64.0, 96.0, 948.0, 759.0]
[96.0, 64.0, 981.0, 728.0]
[32.0, 80.0, 918.0, 744.0]
[80.0, 64.0, 967.0, 729.0]
[80.0, 80.0, 968.0, 746.0]
[32.0, 96.0, 921.0, 763.0]
[112.0, 96.0, 1002.0, 764.0]
[64.0, 64.0, 955.0, 732.0]
[48.0, 64.0, 940.0, 733.0]
[112.0, 96.0, 1005.0, 766.0]
[96.0, 64.0, 990.0, 734.0]
[64.0, 96.0, 959.0, 767.0]
[48.0, 64.0, 944.0, 736.0]
[80.0, 64.0, 977.0, 737.0]
[48.0, 80.0, 946.0, 754.0]
[96.0, 80.0, 995.0, 754.0]
[32.0, 80.0, 932.0, 755.0]
[48.0, 48.0, 949.0, 724.0]
[32.0, 80.0, 934.0, 756.0]
[64.0, 64.0, 967.0, 741.0]
[80.0, 80.0, 984.0, 758.0]
[80.0, 64.0, 985.0, 743.0]
[96.0, 80.0, 1002.0, 760.0]
[80.0, 48.0, 987.0, 728.0]
[64.0, 80.0, 972.0, 761.0]
[32.0, 48.0, 941.0, 730.0]
[32.0, 64.0, 942.0, 746.0]
[32.0, 48.0, 943.0, 731.0]
[32.0, 64.0, 944.0, 748.0]
[32.0, 64.0, 945.0, 749.0]
[32.0, 64.0, 946.0, 750.0]
[64.0, 64.0, 979.0, 750.0]
[32.0, 64.0, 948.0, 751.0]
[48.0, 80.0, 965.0, 768.0]
[32.0, 64.0, 950.0, 752.0]
[48.0, 48.0, 967.0, 737.0]
[32.0, 64.0, 952.0, 754.0]
[32.0, 48.0, 953.0, 739.0]
[48.0, 48.0, 970.0, 740.0]
[64.0, 48.0, 987.0, 740.0]
[48.0, 64.0, 972.0, 757.0]
[64.0, 48.0, 989.0, 742.0]
[48.0, 32.0, 974.0, 726.0]
[48.0, 32.0, 975.0, 727.0]
[64.0, 64.0, 992.0, 760.0]
[48.0, 48.0, 977.0, 745.0]
[48.0, 48.0, 978.0, 746.0]
[48.0, 64.0, 979.0, 762.0]
[32.0, 48.0, 964.0, 747.0]
[64.0, 48.0, 997.0, 748.0]
[64.0, 64.0, 998.0, 764.0]
[48.0, 32.0, 983.0, 733.0]
[48.0, 48.0, 984.0, 750.0]
[48.0, 32.0, 985.0, 735.0]
[32.0, 48.0, 970.0, 752.0]
[48.0, 48.0, 987.0, 752.0]
[32.0, 32.0, 972.0, 737.0]
[32.0, 48.0, 973.0, 754.0]
[32.0, 48.0, 974.0, 754.0]
[32.0, 48.0, 975.0, 755.0]
[32.0, 48.0, 976.0, 756.0]
[32.0, 32.0, 977.0, 741.0]
[48.0, 32.0, 994.0, 742.0]
[32.0, 32.0, 979.0, 742.0]
[32.0, 48.0, 980.0, 759.0]
[48.0, 32.0, 997.0, 744.0]
[48.0, 32.0, 998.0, 744.0]
[32.0, 48.0, 983.0, 761.0]
[48.0, 32.0, 1000.0, 746.0]
[32.0, 32.0, 985.0, 747.0]
[32.0, 48.0, 986.0, 764.0]
[32.0, 32.0, 987.0, 748.0]
[32.0, 48.0, 988.0, 765.0]
