[48.0, 64.0, 765.0, 602.0]
[160.0, 64.0, 878.0, 602.0]
[112.0, 48.0, 831.0, 587.0]
[208.0, 64.0, 928.0, 604.0]
[48.0, 48.0, 769.0, 589.0]
[144.0, 32.0, 866.0, 574.0]
[64.0, 48.0, 787.0, 590.0]
[144.0, 64.0, 868.0, 607.0]
[128.0, 32.0, 853.0, 576.0]
[176.0, 64.0, 902.0, 608.0]
[256.0, 32.0, 983.0, 577.0]
[208.0, 48.0, 936.0, 594.0]
[96.0, 64.0, 825.0, 611.0]
[80.0, 32.0, 810.0, 580.0]
[240.0, 16.0, 971.0, 564.0]
[256.0, 64.0, 988.0, 613.0]
[208.0, 48.0, 941.0, 598.0]
[112.0, 48.0, 846.0, 598.0]
[224.0, 64.0, 959.0, 615.0]
[160.0, 48.0, 896.0, 600.0]
[80.0, 48.0, 817.0, 601.0]
[80.0, 48.0, 818.0, 602.0]
[256.0, 32.0, 995.0, 586.0]
[192.0, 0.0, 932.0, 555.0]
[192.0, 0.0, 933.0, 556.0]
[80.0, 16.0, 822.0, 572.0]
[16.0, 48.0, 759.0, 605.0]
[192.0, 0.0, 936.0, 558.0]
[192.0, 48.0, 937.0, 607.0]
[208.0, 48.0, 954.0, 608.0]
[32.0, 64.0, 779.0, 624.0]
[112.0, 64.0, 860.0, 625.0]
[176.0, 0.0, 925.0, 562.0]
[160.0, 16.0, 910.0, 578.0]
[112.0, 0.0, 863.0, 563.0]
[64.0, 48.0, 816.0, 612.0]
[112.0, 64.0, 865.0, 629.0]
[48.0, 48.0, 802.0, 614.0]
[32.0, 48.0, 787.0, 614.0]
[112.0, 16.0, 868.0, 583.0]
[192.0, 64.0, 949.0, 632.0]
[240.0, 32.0, 998.0, 600.0]
[192.0, 48.0, 951.0, 617.0]
[48.0, 64.0, 808.0, 634.0]
[160.0, 32.0, 921.0, 603.0]
[256.0, 32.0, 1018.0, 604.0]
[32.0, 48.0, 795.0, 620.0]
[48.0, 32.0, 812.0, 605.0]
[160.0, 16.0, 925.0, 590.0]
[128.0, 48.0, 894.0, 622.0]
[48.0, 32.0, 815.0, 607.0]
[144.0, 48.0, 912.0, 624.0]
[96.0, 32.0, 865.0, 609.0]
[80.0, 32.0, 850.0, 610.0]
[144.0, 48.0, 915.0, 626.0]
[144.0, 64.0, 916.0, 643.0]
[160.0, 16.0, 933.0, 596.0]
[144.0, 16.0, 918.0, 596.0]
[176.0, 64.0, 951.0, 645.0]
[160.0, 16.0, 936.0, 598.0]
[176.0, 16.0, 953.0, 599.0]
[96.0, 48.0, 874.0, 632.0]
[176.0, 48.0, 955.0, 632.0]
[160.0, 16.0, 940.0, 601.0]
[208.0, 48.0, 989.0, 634.0]
[0.0, 32.0, 782.0, 618.0]
[96.0, 64.0, 879.0, 651.0]
[64.0, 16.0, 848.0, 604.0]
[144.0, 48.0, 929.0, 637.0]
[32.0, 48.0, 818.0, 638.0]
[176.0, 32.0, 963.0, 622.0]
[96.0, 32.0, 884.0, 623.0]
[176.0, 16.0, 965.0, 608.0]
[176.0, 16.0, 966.0, 608.0]
[48.0, 32.0, 839.0, 625.0]
[0.0, 32.0, 792.0, 626.0]
[176.0, 0.0, 969.0, 595.0]
[80.0, 48.0, 874.0, 644.0]
[160.0, 32.0, 955.0, 628.0]
[160.0, 16.0, 956.0, 613.0]
[16.0, 16.0, 813.0, 614.0]
[16.0, 48.0, 814.0, 646.0]
[112.0, 48.0, 911.0, 647.0]
[192.0, 48.0, 992.0, 648.0]
[128.0, 48.0, 929.0, 649.0]
[208.0, 16.0, 1010.0, 618.0]
[176.0, 0.0, 979.0, 602.0]
[80.0, 16.0, 884.0, 619.0]
[160.0, 0.0, 965.0, 604.0]
[80.0, 48.0, 886.0, 652.0]
[160.0, 0.0, 967.0, 605.0]
[96.0, 0.0, 904.0, 606.0]
[32.0, 16.0, 841.0, 623.0]
[112.0, 48.0, 922.0, 656.0]
[208.0, 16.0, 1019.0, 624.0]
[96.0, 64.0, 908.0, 673.0]
[16.0, 48.0, 829.0, 658.0]
[160.0, 16.0, 974.0, 626.0]
[112.0, 48.0, 927.0, 659.0]
[112.0, 0.0, 928.0, 612.0]
[160.0, 64.0, 977.0, 677.0]
[80.0, 16.0, 898.0, 630.0]
[96.0, 48.0, 915.0, 662.0]
[176.0, 32.0, 996.0, 647.0]
[176.0, 32.0, 997.0, 648.0]
[32.0, 0.0, 854.0, 616.0]
[64.0, 0.0, 887.0, 617.0]
[64.0, 64.0, 888.0, 682.0]
[48.0, 16.0, 873.0, 635.0]
[160.0, 48.0, 986.0, 668.0]
[128.0, 0.0, 955.0, 620.0]
[48.0, 48.0, 876.0, 669.0]
[144.0, 16.0, 973.0, 638.0]
[128.0, 0.0, 958.0, 622.0]
[96.0, 48.0, 927.0, 671.0]
[0.0, 48.0, 832.0, 672.0]
[32.0, 32.0, 865.0, 657.0]
[96.0, 48.0, 930.0, 674.0]
[64.0, 16.0, 899.0, 642.0]
[80.0, 32.0, 916.0, 659.0]
[96.0, 0.0, 933.0, 628.0]
[48.0, 32.0, 886.0, 660.0]
[160.0, 16.0, 999.0, 645.0]
[128.0, 16.0, 968.0, 646.0]
[128.0, 16.0, 969.0, 647.0]
[48.0, 32.0, 890.0, 664.0]
[176.0, 48.0, 1019.0, 680.0]
[176.0, 0.0, 1020.0, 633.0]
[96.0, 48.0, 941.0, 682.0]
[64.0, 0.0, 910.0, 634.0]
[176.0, 0.0, 1023.0, 635.0]
[112.0, 0.0, 960.0, 636.0]
[64.0, 16.0, 913.0, 653.0]
[0.0, 32.0, 850.0, 670.0]
[32.0, 16.0, 883.0, 654.0]
[0.0, 0.0, 852.0, 639.0]
[160.0, 16.0, 1013.0, 656.0]
[144.0, 0.0, 998.0, 640.0]
[48.0, 32.0, 903.0, 673.0]
[112.0, 0.0, 968.0, 642.0]
[112.0, 16.0, 969.0, 659.0]
[112.0, 0.0, 970.0, 644.0]
[128.0, 0.0, 987.0, 644.0]
[80.0, 32.0, 940.0, 677.0]
[112.0, 32.0, 973.0, 678.0]
[112.0, 0.0, 974.0, 646.0]
[128.0, 0.0, 991.0, 647.0]
[96.0, 32.0, 960.0, 680.0]
[64.0, 32.0, 929.0, 681.0]
[0.0, 0.0, 866.0, 650.0]
[128.0, 0.0, 995.0, 650.0]
[48.0, 0.0, 916.0, 651.0]
[112.0, 0.0, 981.0, 652.0]
[48.0, 16.0, 918.0, 668.0]
[144.0, 16.0, 1015.0, 669.0]
[96.0, 16.0, 968.0, 670.0]
[80.0, 16.0, 953.0, 671.0]
[80.0, 16.0, 954.0, 672.0]
[144.0, 0.0, 1019.0, 656.0]
[96.0, 16.0, 972.0, 673.0]
[32.0, 16.0, 909.0, 674.0]
[48.0, 16.0, 926.0, 674.0]
[96.0, 16.0, 975.0, 675.0]
[16.0, 16.0, 896.0, 676.0]
[0.0, 16.0, 881.0, 677.0]
[96.0, 0.0, 978.0, 662.0]
[80.0, 0.0, 963.0, 662.0]
[64.0, 0.0, 948.0, 663.0]
[48.0, 0.0, 933.0, 664.0]
[16.0, 16.0, 902.0, 680.0]
[128.0, 0.0, 1015.0, 665.0]
[112.0, 16.0, 1000.0, 682.0]
[128.0, 0.0, 1017.0, 667.0]
[80.0, 0.0, 970.0, 668.0]
[80.0, 0.0, 971.0, 668.0]
[64.0, 0.0, 956.0, 669.0]
[16.0, 0.0, 909.0, 670.0]
[96.0, 0.0, 990.0, 670.0]
[16.0, 0.0, 911.0, 671.0]
[64.0, 0.0, 960.0, 672.0]
[112.0, 0.0, 1009.0, 673.0]
[96.0, 0.0, 994.0, 674.0]
[48.0, 0.0, 947.0, 674.0]
[80.0, 0.0, 980.0, 675.0]
[16.0, 0.0, 917.0, 676.0]
[0.0, 0.0, 902.0, 676.0]
[96.0, 0.0, 999.0, 677.0]
[16.0, 0.0, 920.0, 678.0]
[0.0, 0.0, 905.0, 679.0]
[80.0, 0.0, 986.0, 680.0]
[0.0, 0.0, 907.0, 680.0]
[64.0, 0.0, 972.0, 681.0]
[0.0, 0.0, 909.0, 682.0]
[112.0, 0.0, 1022.0, 682.0]
[0.0, 0.0, 911.0, 683.0]
