[32.0, 160.0, 570.0, 877.0]
[64.0, 160.0, 602.0, 878.0]
[64.0, 176.0, 603.0, 895.0]
[96.0, 176.0, 636.0, 896.0]
[112.0, 80.0, 653.0, 801.0]
[80.0, 64.0, 622.0, 786.0]
[96.0, 64.0, 638.0, 787.0]
[96.0, 80.0, 639.0, 804.0]
[112.0, 96.0, 656.0, 821.0]
[64.0, 144.0, 608.0, 870.0]
[64.0, 128.0, 609.0, 855.0]
[96.0, 144.0, 642.0, 872.0]
[112.0, 64.0, 659.0, 793.0]
[64.0, 48.0, 612.0, 778.0]
[128.0, 32.0, 676.0, 763.0]
[80.0, 128.0, 629.0, 860.0]
[16.0, 160.0, 566.0, 893.0]
[48.0, 32.0, 598.0, 766.0]
[112.0, 96.0, 663.0, 831.0]
[128.0, 96.0, 680.0, 832.0]
[32.0, 128.0, 585.0, 865.0]
[128.0, 144.0, 682.0, 882.0]
[96.0, 96.0, 650.0, 835.0]
[96.0, 176.0, 651.0, 916.0]
[80.0, 80.0, 636.0, 821.0]
[112.0, 112.0, 668.0, 854.0]
[16.0, 112.0, 573.0, 855.0]
[112.0, 96.0, 670.0, 840.0]
[112.0, 160.0, 671.0, 905.0]
[32.0, 96.0, 592.0, 842.0]
[48.0, 176.0, 608.0, 923.0]
[112.0, 128.0, 673.0, 876.0]
[80.0, 112.0, 642.0, 861.0]
[16.0, 144.0, 578.0, 894.0]
[128.0, 48.0, 691.0, 799.0]
[32.0, 160.0, 596.0, 912.0]
[80.0, 128.0, 645.0, 881.0]
[128.0, 80.0, 694.0, 834.0]
[112.0, 128.0, 678.0, 883.0]
[48.0, 144.0, 615.0, 900.0]
[80.0, 48.0, 648.0, 805.0]
[0.0, 128.0, 568.0, 886.0]
[48.0, 96.0, 617.0, 855.0]
[16.0, 48.0, 586.0, 808.0]
[0.0, 80.0, 571.0, 841.0]
[96.0, 160.0, 668.0, 922.0]
[48.0, 0.0, 620.0, 763.0]
[128.0, 128.0, 701.0, 892.0]
[0.0, 48.0, 574.0, 813.0]
[32.0, 0.0, 606.0, 766.0]
[64.0, 32.0, 639.0, 799.0]
[96.0, 96.0, 672.0, 864.0]
[80.0, 160.0, 657.0, 929.0]
[64.0, 16.0, 642.0, 786.0]
[32.0, 128.0, 610.0, 899.0]
[0.0, 112.0, 579.0, 884.0]
[16.0, 64.0, 596.0, 837.0]
[16.0, 32.0, 596.0, 806.0]
[48.0, 160.0, 629.0, 935.0]
[0.0, 144.0, 582.0, 920.0]
[32.0, 176.0, 615.0, 953.0]
[112.0, 112.0, 696.0, 890.0]
[128.0, 64.0, 712.0, 843.0]
[64.0, 112.0, 649.0, 892.0]
[64.0, 16.0, 650.0, 797.0]
[112.0, 64.0, 698.0, 846.0]
[32.0, 144.0, 619.0, 927.0]
[128.0, 112.0, 716.0, 896.0]
[32.0, 160.0, 621.0, 945.0]
[32.0, 0.0, 622.0, 786.0]
[48.0, 96.0, 638.0, 883.0]
[128.0, 112.0, 719.0, 900.0]
[112.0, 128.0, 704.0, 917.0]
[112.0, 32.0, 704.0, 822.0]
[112.0, 48.0, 705.0, 839.0]
[16.0, 128.0, 610.0, 920.0]
[64.0, 128.0, 659.0, 921.0]
[112.0, 144.0, 708.0, 938.0]
[64.0, 176.0, 660.0, 971.0]
[64.0, 80.0, 661.0, 876.0]
[0.0, 80.0, 598.0, 877.0]
[48.0, 0.0, 646.0, 798.0]
[128.0, 64.0, 727.0, 863.0]
[32.0, 32.0, 632.0, 832.0]
[96.0, 160.0, 697.0, 961.0]
[64.0, 112.0, 666.0, 914.0]
[64.0, 64.0, 666.0, 867.0]
[96.0, 16.0, 699.0, 820.0]
[48.0, 144.0, 652.0, 949.0]
[48.0, 112.0, 652.0, 918.0]
[112.0, 16.0, 717.0, 823.0]
[64.0, 176.0, 670.0, 984.0]
[48.0, 144.0, 655.0, 953.0]
[112.0, 0.0, 720.0, 810.0]
[16.0, 128.0, 624.0, 939.0]
[64.0, 16.0, 673.0, 828.0]
[16.0, 32.0, 626.0, 845.0]
[80.0, 80.0, 690.0, 894.0]
[16.0, 144.0, 627.0, 959.0]
[112.0, 64.0, 724.0, 880.0]
[80.0, 144.0, 693.0, 961.0]
[48.0, 96.0, 662.0, 914.0]
[96.0, 112.0, 710.0, 931.0]
[112.0, 64.0, 727.0, 884.0]
[48.0, 192.0, 664.0, 1013.0]
[16.0, 48.0, 632.0, 870.0]
[128.0, 80.0, 745.0, 903.0]
[16.0, 96.0, 634.0, 920.0]
[64.0, 0.0, 683.0, 825.0]
[64.0, 32.0, 684.0, 858.0]
[16.0, 32.0, 636.0, 859.0]
[80.0, 64.0, 701.0, 892.0]
[112.0, 48.0, 734.0, 877.0]
[96.0, 32.0, 718.0, 862.0]
[16.0, 48.0, 639.0, 879.0]
[144.0, 64.0, 768.0, 896.0]
[80.0, 48.0, 705.0, 881.0]
[64.0, 80.0, 690.0, 914.0]
[80.0, 80.0, 706.0, 915.0]
[32.0, 176.0, 659.0, 1012.0]
[96.0, 80.0, 724.0, 917.0]
[48.0, 160.0, 676.0, 998.0]
[96.0, 112.0, 725.0, 951.0]
[32.0, 96.0, 662.0, 936.0]
[80.0, 128.0, 711.0, 969.0]
[48.0, 144.0, 680.0, 986.0]
[96.0, 48.0, 728.0, 891.0]
[48.0, 144.0, 681.0, 988.0]
[64.0, 160.0, 698.0, 1005.0]
[112.0, 48.0, 746.0, 894.0]
[48.0, 128.0, 683.0, 975.0]
[64.0, 128.0, 700.0, 976.0]
[48.0, 16.0, 685.0, 865.0]
[96.0, 0.0, 734.0, 850.0]
[96.0, 80.0, 734.0, 931.0]
[64.0, 16.0, 703.0, 868.0]
[80.0, 96.0, 720.0, 949.0]
[32.0, 80.0, 672.0, 934.0]
[32.0, 128.0, 673.0, 983.0]
[0.0, 0.0, 642.0, 856.0]
[0.0, 48.0, 643.0, 905.0]
[0.0, 144.0, 644.0, 1002.0]
[48.0, 128.0, 692.0, 987.0]
[16.0, 64.0, 661.0, 924.0]
[80.0, 48.0, 726.0, 909.0]
[48.0, 160.0, 694.0, 1022.0]
[48.0, 160.0, 695.0, 1023.0]
[0.0, 144.0, 648.0, 1008.0]
[16.0, 64.0, 665.0, 929.0]
[32.0, 96.0, 682.0, 962.0]
[16.0, 80.0, 666.0, 947.0]
[32.0, 64.0, 683.0, 932.0]
[0.0, 144.0, 652.0, 1013.0]
[32.0, 0.0, 684.0, 870.0]
[64.0, 112.0, 717.0, 983.0]
[112.0, 48.0, 766.0, 920.0]
[48.0, 32.0, 703.0, 905.0]
[96.0, 0.0, 752.0, 874.0]
[64.0, 48.0, 720.0, 923.0]
[64.0, 128.0, 721.0, 1004.0]
[96.0, 80.0, 754.0, 957.0]
[80.0, 0.0, 738.0, 878.0]
[64.0, 128.0, 723.0, 1007.0]
[48.0, 48.0, 708.0, 928.0]
[16.0, 64.0, 677.0, 945.0]
[80.0, 64.0, 742.0, 946.0]
[16.0, 96.0, 678.0, 979.0]
[0.0, 112.0, 663.0, 996.0]
[64.0, 112.0, 728.0, 997.0]
[16.0, 48.0, 680.0, 934.0]
[16.0, 0.0, 681.0, 887.0]
[48.0, 48.0, 714.0, 936.0]
[96.0, 32.0, 763.0, 921.0]
[80.0, 96.0, 748.0, 986.0]
[48.0, 64.0, 716.0, 955.0]
[0.0, 64.0, 669.0, 956.0]
[64.0, 112.0, 734.0, 1005.0]
[0.0, 96.0, 670.0, 990.0]
[64.0, 80.0, 735.0, 975.0]
[64.0, 0.0, 736.0, 896.0]
[64.0, 96.0, 737.0, 993.0]
[64.0, 32.0, 738.0, 930.0]
[0.0, 32.0, 674.0, 931.0]
[80.0, 64.0, 755.0, 964.0]
[16.0, 80.0, 692.0, 981.0]
[80.0, 0.0, 756.0, 902.0]
[48.0, 64.0, 725.0, 967.0]
[16.0, 64.0, 694.0, 968.0]
[64.0, 48.0, 743.0, 953.0]
[0.0, 32.0, 680.0, 938.0]
[64.0, 64.0, 744.0, 971.0]
[0.0, 32.0, 681.0, 940.0]
[16.0, 96.0, 698.0, 1005.0]
[32.0, 32.0, 714.0, 942.0]
[48.0, 64.0, 731.0, 975.0]
[48.0, 96.0, 732.0, 1008.0]
[64.0, 16.0, 749.0, 929.0]
[16.0, 48.0, 702.0, 962.0]
[80.0, 0.0, 766.0, 915.0]
[16.0, 48.0, 703.0, 964.0]
[80.0, 48.0, 768.0, 965.0]
[0.0, 16.0, 688.0, 934.0]
[16.0, 64.0, 705.0, 983.0]
[16.0, 80.0, 706.0, 1000.0]
[48.0, 16.0, 739.0, 937.0]
[16.0, 64.0, 708.0, 986.0]
[48.0, 96.0, 740.0, 1019.0]
[16.0, 0.0, 709.0, 924.0]
[0.0, 0.0, 694.0, 925.0]
[32.0, 32.0, 726.0, 958.0]
[64.0, 16.0, 759.0, 943.0]
[64.0, 32.0, 760.0, 960.0]
[32.0, 32.0, 729.0, 961.0]
[48.0, 80.0, 746.0, 1010.0]
[48.0, 16.0, 746.0, 947.0]
[64.0, 0.0, 763.0, 932.0]
[64.0, 80.0, 764.0, 1013.0]
[48.0, 48.0, 748.0, 982.0]
[0.0, 80.0, 701.0, 1015.0]
[48.0, 16.0, 750.0, 952.0]
[48.0, 32.0, 751.0, 969.0]
[64.0, 64.0, 768.0, 1002.0]
[0.0, 16.0, 704.0, 955.0]
[0.0, 48.0, 705.0, 988.0]
[16.0, 80.0, 722.0, 1021.0]
[32.0, 64.0, 738.0, 1006.0]
[16.0, 80.0, 723.0, 1023.0]
[32.0, 16.0, 740.0, 960.0]
[32.0, 48.0, 741.0, 993.0]
[48.0, 16.0, 758.0, 962.0]
[32.0, 48.0, 742.0, 995.0]
[0.0, 48.0, 711.0, 996.0]
[48.0, 48.0, 760.0, 997.0]
[32.0, 48.0, 744.0, 998.0]
[0.0, 32.0, 713.0, 983.0]
[32.0, 16.0, 746.0, 968.0]
[0.0, 48.0, 715.0, 1001.0]
[16.0, 0.0, 732.0, 954.0]
[32.0, 0.0, 748.0, 955.0]
[16.0, 32.0, 733.0, 988.0]
[16.0, 48.0, 734.0, 1005.0]
[0.0, 16.0, 718.0, 974.0]
[16.0, 64.0, 735.0, 1023.0]
[0.0, 16.0, 720.0, 976.0]
[32.0, 48.0, 753.0, 1009.0]
[16.0, 16.0, 738.0, 978.0]
[0.0, 0.0, 722.0, 963.0]
[32.0, 48.0, 755.0, 1012.0]
[0.0, 48.0, 724.0, 1013.0]
[0.0, 16.0, 724.0, 982.0]
[32.0, 16.0, 757.0, 983.0]
[0.0, 16.0, 726.0, 984.0]
[0.0, 0.0, 727.0, 969.0]
[16.0, 32.0, 744.0, 1002.0]
[32.0, 16.0, 760.0, 987.0]
[16.0, 16.0, 745.0, 988.0]
[16.0, 32.0, 746.0, 1005.0]
[0.0, 16.0, 730.0, 990.0]
[16.0, 16.0, 747.0, 991.0]
[32.0, 16.0, 764.0, 992.0]
[16.0, 16.0, 749.0, 993.0]
[16.0, 16.0, 750.0, 994.0]
[32.0, 0.0, 766.0, 979.0]
[32.0, 16.0, 767.0, 996.0]
[0.0, 32.0, 736.0, 1013.0]
[16.0, 16.0, 752.0, 998.0]
[16.0, 32.0, 753.0, 1015.0]
[0.0, 32.0, 738.0, 1016.0]
[16.0, 32.0, 755.0, 1017.0]
[16.0, 32.0, 756.0, 1018.0]
[0.0, 32.0, 740.0, 1019.0]
[16.0, 16.0, 757.0, 1004.0]
[0.0, 32.0, 742.0, 1021.0]
[16.0, 16.0, 758.0, 1006.0]
[16.0, 16.0, 759.0, 1007.0]
[16.0, 16.0, 760.0, 1008.0]
[0.0, 16.0, 745.0, 1009.0]
[16.0, 0.0, 762.0, 994.0]
[16.0, 0.0, 762.0, 995.0]
[16.0, 16.0, 763.0, 1012.0]
[0.0, 0.0, 748.0, 997.0]
[0.0, 0.0, 748.0, 998.0]
[0.0, 16.0, 749.0, 1015.0]
[16.0, 0.0, 766.0, 1000.0]
[0.0, 16.0, 751.0, 1017.0]
[0.0, 16.0, 752.0, 1018.0]
[16.0, 16.0, 768.0, 1019.0]
[0.0, 0.0, 753.0, 1004.0]
[0.0, 0.0, 754.0, 1005.0]
[0.0, 0.0, 754.0, 1006.0]
[0.0, 0.0, 755.0, 1007.0]
[0.0, 0.0, 756.0, 1008.0]
[0.0, 0.0, 757.0, 1009.0]
[0.0, 0.0, 758.0, 1010.0]
[0.0, 0.0, 758.0, 1011.0]
[0.0, 0.0, 759.0, 1012.0]
[0.0, 0.0, 760.0, 1013.0]
[0.0, 0.0, 760.0, 1014.0]
[0.0, 0.0, 761.0, 1015.0]
[0.0, 0.0, 762.0, 1016.0]
[0.0, 0.0, 763.0, 1017.0]
[0.0, 0.0, 764.0, 1018.0]
[0.0, 0.0, 764.0, 1019.0]
