[256.0, 48.0, 973.0, 586.0]
[224.0, 32.0, 942.0, 570.0]
[304.0, 32.0, 1023.0, 571.0]
[176.0, 64.0, 896.0, 604.0]
[256.0, 80.0, 977.0, 621.0]
[240.0, 96.0, 962.0, 638.0]
[256.0, 96.0, 979.0, 638.0]
[272.0, 64.0, 996.0, 607.0]
[208.0, 48.0, 933.0, 592.0]
[256.0, 96.0, 982.0, 640.0]
[192.0, 96.0, 919.0, 641.0]
[272.0, 64.0, 1000.0, 610.0]
[224.0, 80.0, 953.0, 627.0]
[256.0, 48.0, 986.0, 596.0]
[256.0, 96.0, 987.0, 644.0]
[208.0, 80.0, 940.0, 629.0]
[272.0, 32.0, 1005.0, 582.0]
[256.0, 80.0, 990.0, 630.0]
[160.0, 64.0, 895.0, 615.0]
[192.0, 48.0, 928.0, 600.0]
[256.0, 32.0, 993.0, 585.0]
[160.0, 80.0, 898.0, 634.0]
[272.0, 64.0, 1011.0, 618.0]
[160.0, 80.0, 900.0, 635.0]
[256.0, 16.0, 997.0, 572.0]
[192.0, 64.0, 934.0, 620.0]
[240.0, 64.0, 983.0, 621.0]
[224.0, 80.0, 968.0, 638.0]
[256.0, 80.0, 1001.0, 639.0]
[208.0, 16.0, 954.0, 576.0]
[192.0, 80.0, 939.0, 640.0]
[192.0, 64.0, 940.0, 625.0]
[208.0, 80.0, 957.0, 642.0]
[224.0, 80.0, 974.0, 642.0]
[208.0, 32.0, 959.0, 595.0]
[224.0, 32.0, 976.0, 596.0]
[256.0, 64.0, 1009.0, 629.0]
[224.0, 0.0, 978.0, 566.0]
[160.0, 48.0, 915.0, 614.0]
[224.0, 48.0, 980.0, 615.0]
[160.0, 64.0, 917.0, 632.0]
[160.0, 64.0, 918.0, 632.0]
[224.0, 16.0, 983.0, 585.0]
[208.0, 32.0, 968.0, 602.0]
[208.0, 48.0, 969.0, 619.0]
[160.0, 64.0, 922.0, 636.0]
[256.0, 16.0, 1019.0, 588.0]
[256.0, 32.0, 1020.0, 605.0]
[208.0, 64.0, 973.0, 638.0]
[176.0, 32.0, 942.0, 606.0]
[192.0, 48.0, 959.0, 623.0]
[208.0, 0.0, 976.0, 576.0]
[176.0, 64.0, 945.0, 641.0]
[208.0, 0.0, 978.0, 578.0]
[208.0, 16.0, 979.0, 594.0]
[224.0, 32.0, 996.0, 611.0]
[208.0, 0.0, 981.0, 580.0]
[208.0, 64.0, 982.0, 644.0]
[192.0, 16.0, 967.0, 597.0]
[224.0, 48.0, 1000.0, 630.0]
[176.0, 16.0, 953.0, 599.0]
[240.0, 16.0, 1018.0, 600.0]
[176.0, 48.0, 955.0, 632.0]
[208.0, 48.0, 988.0, 633.0]
[208.0, 48.0, 989.0, 634.0]
[192.0, 48.0, 974.0, 634.0]
[208.0, 32.0, 991.0, 619.0]
[208.0, 32.0, 992.0, 620.0]
[160.0, 48.0, 945.0, 637.0]
[208.0, 0.0, 994.0, 590.0]
[192.0, 16.0, 979.0, 606.0]
[208.0, 48.0, 996.0, 639.0]
[208.0, 48.0, 997.0, 640.0]
[192.0, 0.0, 982.0, 592.0]
[176.0, 16.0, 967.0, 609.0]
[192.0, 48.0, 984.0, 642.0]
[160.0, 48.0, 953.0, 643.0]
[208.0, 16.0, 1002.0, 612.0]
[160.0, 32.0, 955.0, 628.0]
[160.0, 32.0, 956.0, 629.0]
[224.0, 16.0, 1021.0, 614.0]
[176.0, 0.0, 974.0, 598.0]
[192.0, 16.0, 991.0, 615.0]
[176.0, 16.0, 976.0, 616.0]
[192.0, 32.0, 993.0, 633.0]
[160.0, 16.0, 962.0, 618.0]
[192.0, 32.0, 995.0, 634.0]
[160.0, 32.0, 964.0, 635.0]
[192.0, 0.0, 997.0, 604.0]
[192.0, 32.0, 998.0, 636.0]
[208.0, 32.0, 1015.0, 637.0]
[192.0, 32.0, 1000.0, 638.0]
[176.0, 16.0, 985.0, 623.0]
[208.0, 0.0, 1018.0, 608.0]
[176.0, 32.0, 987.0, 640.0]
[192.0, 32.0, 1004.0, 641.0]
[208.0, 0.0, 1021.0, 610.0]
[208.0, 32.0, 1022.0, 642.0]
[192.0, 32.0, 1007.0, 643.0]
[192.0, 0.0, 1008.0, 612.0]
[176.0, 16.0, 993.0, 629.0]
[160.0, 0.0, 978.0, 614.0]
[192.0, 0.0, 1011.0, 614.0]
[176.0, 16.0, 996.0, 631.0]
[160.0, 0.0, 981.0, 616.0]
[192.0, 16.0, 1014.0, 632.0]
[160.0, 16.0, 983.0, 633.0]
[160.0, 16.0, 984.0, 634.0]
[176.0, 16.0, 1001.0, 635.0]
[160.0, 0.0, 986.0, 620.0]
[192.0, 0.0, 1019.0, 620.0]
[160.0, 16.0, 988.0, 637.0]
[160.0, 0.0, 989.0, 622.0]
[176.0, 16.0, 1006.0, 638.0]
[176.0, 0.0, 1007.0, 623.0]
[160.0, 16.0, 992.0, 640.0]
[176.0, 0.0, 1009.0, 625.0]
[176.0, 0.0, 1010.0, 626.0]
[160.0, 16.0, 995.0, 642.0]
