[256.0, 112.0, 973.0, 650.0]
[272.0, 64.0, 990.0, 602.0]
[272.0, 96.0, 991.0, 635.0]
[240.0, 128.0, 960.0, 668.0]
[272.0, 0.0, 993.0, 541.0]
[240.0, 16.0, 962.0, 558.0]
[256.0, 0.0, 979.0, 542.0]
[256.0, 80.0, 980.0, 623.0]
[224.0, 16.0, 949.0, 560.0]
[272.0, 96.0, 998.0, 640.0]
[256.0, 64.0, 983.0, 609.0]
[288.0, 16.0, 1016.0, 562.0]
[288.0, 16.0, 1017.0, 563.0]
[288.0, 80.0, 1018.0, 628.0]
[272.0, 16.0, 1003.0, 564.0]
[256.0, 128.0, 988.0, 677.0]
[272.0, 64.0, 1005.0, 614.0]
[192.0, 48.0, 926.0, 598.0]
[288.0, 0.0, 1023.0, 551.0]
[224.0, 80.0, 960.0, 632.0]
[208.0, 96.0, 945.0, 649.0]
[224.0, 64.0, 962.0, 618.0]
[192.0, 32.0, 931.0, 586.0]
[240.0, 80.0, 980.0, 635.0]
[256.0, 48.0, 997.0, 604.0]
[192.0, 32.0, 934.0, 588.0]
[240.0, 128.0, 983.0, 685.0]
[208.0, 112.0, 952.0, 670.0]
[208.0, 16.0, 953.0, 575.0]
[256.0, 16.0, 1002.0, 576.0]
[256.0, 96.0, 1003.0, 656.0]
[208.0, 48.0, 956.0, 609.0]
[208.0, 48.0, 957.0, 610.0]
[256.0, 32.0, 1006.0, 594.0]
[256.0, 16.0, 1007.0, 579.0]
[272.0, 64.0, 1024.0, 628.0]
[192.0, 96.0, 945.0, 661.0]
[224.0, 48.0, 978.0, 614.0]
[176.0, 96.0, 931.0, 662.0]
[208.0, 112.0, 964.0, 679.0]
[176.0, 32.0, 933.0, 600.0]
[224.0, 32.0, 982.0, 600.0]
[256.0, 32.0, 1015.0, 601.0]
[256.0, 64.0, 1016.0, 634.0]
[256.0, 48.0, 1017.0, 619.0]
[256.0, 48.0, 1018.0, 620.0]
[208.0, 48.0, 971.0, 620.0]
[208.0, 48.0, 972.0, 621.0]
[192.0, 0.0, 957.0, 574.0]
[208.0, 48.0, 974.0, 622.0]
[256.0, 64.0, 1023.0, 639.0]
[176.0, 32.0, 944.0, 608.0]
[208.0, 64.0, 977.0, 641.0]
[240.0, 64.0, 1010.0, 642.0]
[192.0, 80.0, 963.0, 658.0]
[208.0, 16.0, 980.0, 595.0]
[160.0, 32.0, 933.0, 612.0]
[208.0, 32.0, 982.0, 612.0]
[160.0, 80.0, 935.0, 661.0]
[160.0, 80.0, 936.0, 662.0]
[208.0, 64.0, 985.0, 647.0]
[192.0, 64.0, 970.0, 648.0]
[192.0, 48.0, 971.0, 632.0]
[224.0, 48.0, 1004.0, 633.0]
[208.0, 16.0, 989.0, 602.0]
[240.0, 16.0, 1022.0, 602.0]
[176.0, 96.0, 959.0, 683.0]
[176.0, 16.0, 960.0, 604.0]
[224.0, 16.0, 1009.0, 605.0]
[192.0, 80.0, 978.0, 670.0]
[176.0, 0.0, 963.0, 590.0]
[192.0, 0.0, 980.0, 591.0]
[160.0, 64.0, 949.0, 656.0]
[224.0, 64.0, 1014.0, 656.0]
[192.0, 80.0, 983.0, 673.0]
[176.0, 0.0, 968.0, 594.0]
[176.0, 80.0, 969.0, 675.0]
[144.0, 16.0, 938.0, 612.0]
[224.0, 80.0, 1019.0, 676.0]
[208.0, 48.0, 1004.0, 645.0]
[144.0, 64.0, 941.0, 662.0]
[224.0, 16.0, 1022.0, 614.0]
[208.0, 48.0, 1007.0, 647.0]
[208.0, 16.0, 1008.0, 616.0]
[160.0, 64.0, 961.0, 665.0]
[208.0, 32.0, 1010.0, 634.0]
[160.0, 64.0, 963.0, 666.0]
[176.0, 32.0, 980.0, 635.0]
[176.0, 16.0, 981.0, 620.0]
[176.0, 80.0, 982.0, 684.0]
[160.0, 64.0, 967.0, 669.0]
[208.0, 16.0, 1016.0, 622.0]
[160.0, 48.0, 969.0, 655.0]
[160.0, 48.0, 970.0, 656.0]
[160.0, 16.0, 971.0, 624.0]
[176.0, 64.0, 988.0, 673.0]
[192.0, 32.0, 1005.0, 642.0]
[160.0, 48.0, 974.0, 658.0]
[192.0, 0.0, 1007.0, 611.0]
[208.0, 0.0, 1024.0, 612.0]
[160.0, 32.0, 977.0, 645.0]
[176.0, 48.0, 994.0, 662.0]
[192.0, 48.0, 1011.0, 662.0]
[160.0, 32.0, 980.0, 647.0]
[192.0, 32.0, 1013.0, 648.0]
[128.0, 48.0, 950.0, 664.0]
[192.0, 32.0, 1015.0, 649.0]
[176.0, 64.0, 1000.0, 682.0]
[192.0, 48.0, 1017.0, 667.0]
[128.0, 16.0, 954.0, 636.0]
[128.0, 0.0, 955.0, 620.0]
[128.0, 48.0, 956.0, 669.0]
[144.0, 16.0, 973.0, 638.0]
[160.0, 48.0, 990.0, 670.0]
[128.0, 48.0, 959.0, 671.0]
[96.0, 32.0, 928.0, 656.0]
[160.0, 32.0, 993.0, 657.0]
[176.0, 32.0, 1010.0, 658.0]
[176.0, 32.0, 1011.0, 658.0]
[112.0, 16.0, 948.0, 643.0]
[112.0, 32.0, 949.0, 660.0]
[128.0, 16.0, 966.0, 644.0]
[96.0, 32.0, 935.0, 661.0]
[112.0, 48.0, 952.0, 678.0]
[128.0, 16.0, 969.0, 647.0]
[160.0, 0.0, 1002.0, 632.0]
[176.0, 0.0, 1019.0, 632.0]
[144.0, 32.0, 988.0, 665.0]
[160.0, 32.0, 1005.0, 666.0]
[160.0, 0.0, 1006.0, 634.0]
[128.0, 16.0, 975.0, 651.0]
[128.0, 0.0, 976.0, 636.0]
[160.0, 16.0, 1009.0, 653.0]
[112.0, 0.0, 962.0, 638.0]
[160.0, 32.0, 1011.0, 670.0]
[160.0, 0.0, 1012.0, 639.0]
[128.0, 16.0, 981.0, 656.0]
[144.0, 16.0, 998.0, 656.0]
[96.0, 32.0, 951.0, 673.0]
[144.0, 32.0, 1000.0, 674.0]
[160.0, 0.0, 1017.0, 643.0]
[112.0, 32.0, 970.0, 676.0]
[96.0, 32.0, 955.0, 676.0]
[112.0, 32.0, 972.0, 677.0]
[144.0, 0.0, 1005.0, 646.0]
[128.0, 32.0, 990.0, 678.0]
[128.0, 32.0, 991.0, 679.0]
[144.0, 0.0, 1008.0, 648.0]
[128.0, 32.0, 993.0, 681.0]
[128.0, 16.0, 994.0, 666.0]
[128.0, 16.0, 995.0, 666.0]
[144.0, 32.0, 1012.0, 683.0]
[96.0, 16.0, 965.0, 668.0]
[112.0, 16.0, 982.0, 668.0]
[112.0, 16.0, 983.0, 669.0]
[128.0, 16.0, 1000.0, 670.0]
[112.0, 0.0, 985.0, 655.0]
[112.0, 16.0, 986.0, 672.0]
[128.0, 16.0, 1003.0, 672.0]
[128.0, 16.0, 1004.0, 673.0]
[96.0, 0.0, 973.0, 658.0]
[112.0, 0.0, 990.0, 658.0]
[96.0, 16.0, 975.0, 675.0]
[112.0, 0.0, 992.0, 660.0]
[128.0, 16.0, 1009.0, 677.0]
[96.0, 16.0, 978.0, 678.0]
[96.0, 0.0, 979.0, 662.0]
[128.0, 0.0, 1012.0, 663.0]
[128.0, 0.0, 1013.0, 664.0]
[96.0, 0.0, 982.0, 664.0]
[96.0, 0.0, 983.0, 665.0]
[112.0, 0.0, 1000.0, 666.0]
[128.0, 16.0, 1017.0, 683.0]
[112.0, 0.0, 1002.0, 668.0]
[80.0, 0.0, 971.0, 668.0]
[112.0, 0.0, 1004.0, 669.0]
[80.0, 0.0, 973.0, 670.0]
[96.0, 0.0, 990.0, 670.0]
[80.0, 0.0, 975.0, 671.0]
[96.0, 0.0, 992.0, 672.0]
[80.0, 0.0, 977.0, 673.0]
[112.0, 0.0, 1010.0, 674.0]
[96.0, 0.0, 995.0, 674.0]
[96.0, 0.0, 996.0, 675.0]
[96.0, 0.0, 997.0, 676.0]
[112.0, 0.0, 1014.0, 676.0]
