[144.0, 240.0, 964.0, 855.0]
[80.0, 304.0, 901.0, 920.0]
[80.0, 256.0, 902.0, 872.0]
[144.0, 304.0, 967.0, 921.0]
[64.0, 272.0, 888.0, 890.0]
[48.0, 240.0, 873.0, 859.0]
[160.0, 256.0, 986.0, 876.0]
[128.0, 272.0, 955.0, 892.0]
[112.0, 240.0, 940.0, 861.0]
[112.0, 208.0, 941.0, 830.0]
[96.0, 288.0, 926.0, 910.0]
[112.0, 336.0, 943.0, 959.0]
[32.0, 240.0, 864.0, 864.0]
[144.0, 240.0, 977.0, 865.0]
[160.0, 256.0, 994.0, 882.0]
[128.0, 352.0, 963.0, 978.0]
[80.0, 224.0, 916.0, 851.0]
[48.0, 208.0, 885.0, 836.0]
[64.0, 208.0, 902.0, 836.0]
[80.0, 272.0, 919.0, 901.0]
[64.0, 304.0, 904.0, 934.0]
[128.0, 368.0, 969.0, 999.0]
[112.0, 256.0, 954.0, 888.0]
[64.0, 320.0, 907.0, 952.0]
[48.0, 288.0, 892.0, 921.0]
[48.0, 288.0, 893.0, 922.0]
[96.0, 368.0, 942.0, 1002.0]
[128.0, 224.0, 975.0, 859.0]
[32.0, 320.0, 880.0, 956.0]
[80.0, 336.0, 929.0, 973.0]
[64.0, 272.0, 914.0, 910.0]
[144.0, 208.0, 995.0, 846.0]
[16.0, 240.0, 868.0, 879.0]
[16.0, 288.0, 869.0, 928.0]
[112.0, 192.0, 966.0, 832.0]
[48.0, 208.0, 903.0, 849.0]
[32.0, 336.0, 888.0, 978.0]
[112.0, 304.0, 969.0, 947.0]
[16.0, 240.0, 874.0, 884.0]
[80.0, 240.0, 939.0, 884.0]
[112.0, 272.0, 972.0, 917.0]
[112.0, 320.0, 973.0, 966.0]
[48.0, 304.0, 910.0, 950.0]
[144.0, 336.0, 1007.0, 983.0]
[48.0, 288.0, 912.0, 936.0]
[32.0, 288.0, 897.0, 937.0]
[0.0, 288.0, 866.0, 938.0]
[112.0, 320.0, 979.0, 970.0]
[112.0, 368.0, 980.0, 1019.0]
[144.0, 256.0, 1013.0, 908.0]
[32.0, 288.0, 902.0, 940.0]
[96.0, 224.0, 967.0, 877.0]
[128.0, 352.0, 1000.0, 1006.0]
[32.0, 336.0, 905.0, 991.0]
[128.0, 256.0, 1002.0, 912.0]
[16.0, 208.0, 891.0, 864.0]
[96.0, 192.0, 972.0, 849.0]
[32.0, 208.0, 909.0, 866.0]
[0.0, 320.0, 878.0, 978.0]
[64.0, 304.0, 943.0, 963.0]
[96.0, 256.0, 976.0, 916.0]
[112.0, 176.0, 993.0, 837.0]
[128.0, 304.0, 1010.0, 966.0]
[128.0, 272.0, 1011.0, 934.0]
[32.0, 240.0, 916.0, 903.0]
[112.0, 320.0, 997.0, 984.0]
[32.0, 256.0, 918.0, 920.0]
[80.0, 352.0, 967.0, 1017.0]
[128.0, 256.0, 1016.0, 922.0]
[96.0, 192.0, 985.0, 859.0]
[0.0, 224.0, 890.0, 892.0]
[80.0, 336.0, 971.0, 1004.0]
[48.0, 192.0, 940.0, 861.0]
[128.0, 320.0, 1021.0, 990.0]
[16.0, 272.0, 910.0, 942.0]
[64.0, 352.0, 959.0, 1023.0]
[48.0, 224.0, 944.0, 896.0]
[16.0, 192.0, 913.0, 865.0]
[16.0, 320.0, 914.0, 994.0]
[64.0, 208.0, 963.0, 882.0]
[96.0, 160.0, 996.0, 835.0]
[96.0, 304.0, 997.0, 980.0]
[64.0, 192.0, 966.0, 868.0]
[32.0, 160.0, 935.0, 837.0]
[80.0, 320.0, 984.0, 998.0]
[80.0, 240.0, 985.0, 919.0]
[96.0, 176.0, 1002.0, 856.0]
[48.0, 240.0, 955.0, 920.0]
[96.0, 336.0, 1004.0, 1017.0]
[96.0, 192.0, 1005.0, 874.0]
[64.0, 224.0, 974.0, 906.0]
[16.0, 320.0, 927.0, 1003.0]
[64.0, 176.0, 976.0, 860.0]
[64.0, 304.0, 977.0, 989.0]
[0.0, 272.0, 914.0, 958.0]
[80.0, 336.0, 995.0, 1022.0]
[96.0, 160.0, 1012.0, 847.0]
[96.0, 336.0, 1013.0, 1024.0]
[96.0, 240.0, 1014.0, 928.0]
[96.0, 160.0, 1015.0, 849.0]
[96.0, 160.0, 1016.0, 850.0]
[96.0, 304.0, 1017.0, 995.0]
[80.0, 272.0, 1002.0, 964.0]
[16.0, 320.0, 939.0, 1012.0]
[32.0, 208.0, 956.0, 901.0]
[0.0, 176.0, 925.0, 870.0]
[32.0, 272.0, 958.0, 966.0]
[0.0, 272.0, 927.0, 967.0]
[32.0, 256.0, 960.0, 952.0]
[80.0, 320.0, 1009.0, 1017.0]
[16.0, 192.0, 946.0, 890.0]
[32.0, 272.0, 963.0, 970.0]
[48.0, 128.0, 980.0, 827.0]
[64.0, 144.0, 997.0, 844.0]
[64.0, 304.0, 998.0, 1004.0]
[0.0, 304.0, 935.0, 1005.0]
[80.0, 144.0, 1016.0, 846.0]
[16.0, 256.0, 953.0, 959.0]
[16.0, 192.0, 954.0, 896.0]
[32.0, 192.0, 971.0, 896.0]
[80.0, 256.0, 1020.0, 961.0]
[80.0, 192.0, 1021.0, 898.0]
[48.0, 288.0, 990.0, 994.0]
[80.0, 160.0, 1023.0, 867.0]
[80.0, 208.0, 1024.0, 916.0]
[16.0, 256.0, 961.0, 965.0]
[64.0, 208.0, 1010.0, 918.0]
[48.0, 272.0, 995.0, 982.0]
[64.0, 272.0, 1012.0, 983.0]
[48.0, 256.0, 997.0, 968.0]
[64.0, 144.0, 1014.0, 856.0]
[32.0, 288.0, 983.0, 1001.0]
[16.0, 256.0, 968.0, 970.0]
[48.0, 272.0, 1001.0, 987.0]
[16.0, 304.0, 970.0, 1020.0]
[0.0, 288.0, 955.0, 1004.0]
[32.0, 160.0, 988.0, 877.0]
[48.0, 224.0, 1005.0, 942.0]
[32.0, 160.0, 990.0, 878.0]
[16.0, 128.0, 975.0, 847.0]
[0.0, 144.0, 960.0, 864.0]
[48.0, 160.0, 1009.0, 881.0]
[48.0, 192.0, 1010.0, 914.0]
[16.0, 176.0, 979.0, 898.0]
[0.0, 192.0, 964.0, 915.0]
[48.0, 240.0, 1013.0, 964.0]
[48.0, 224.0, 1014.0, 948.0]
[0.0, 208.0, 967.0, 933.0]
[32.0, 160.0, 1000.0, 886.0]
[0.0, 288.0, 969.0, 1015.0]
[16.0, 144.0, 986.0, 872.0]
[48.0, 176.0, 1019.0, 904.0]
[48.0, 224.0, 1020.0, 953.0]
[16.0, 192.0, 989.0, 922.0]
[48.0, 192.0, 1022.0, 922.0]
[32.0, 288.0, 1007.0, 1019.0]
[0.0, 160.0, 976.0, 892.0]
[32.0, 272.0, 1009.0, 1005.0]
[16.0, 208.0, 994.0, 942.0]
[16.0, 112.0, 995.0, 846.0]
[16.0, 256.0, 996.0, 991.0]
[0.0, 176.0, 981.0, 912.0]
[32.0, 208.0, 1014.0, 944.0]
[32.0, 176.0, 1015.0, 913.0]
[0.0, 224.0, 984.0, 962.0]
[16.0, 272.0, 1001.0, 1011.0]
[0.0, 256.0, 986.0, 996.0]
[32.0, 272.0, 1019.0, 1012.0]
[16.0, 272.0, 1004.0, 1013.0]
[16.0, 128.0, 1005.0, 870.0]
[16.0, 160.0, 1006.0, 902.0]
[0.0, 160.0, 991.0, 903.0]
[16.0, 144.0, 1008.0, 888.0]
[16.0, 256.0, 1009.0, 1001.0]
[16.0, 256.0, 1010.0, 1002.0]
[16.0, 192.0, 1011.0, 938.0]
[16.0, 112.0, 1012.0, 859.0]
[16.0, 192.0, 1013.0, 940.0]
[16.0, 256.0, 1014.0, 1004.0]
[16.0, 144.0, 1015.0, 893.0]
[16.0, 176.0, 1016.0, 926.0]
[16.0, 240.0, 1017.0, 991.0]
[0.0, 144.0, 1002.0, 896.0]
[16.0, 208.0, 1019.0, 960.0]
[0.0, 112.0, 1004.0, 865.0]
[16.0, 240.0, 1021.0, 994.0]
[0.0, 112.0, 1006.0, 866.0]
[0.0, 240.0, 1007.0, 995.0]
[0.0, 144.0, 1008.0, 900.0]
[0.0, 208.0, 1009.0, 965.0]
[0.0, 112.0, 1010.0, 870.0]
[0.0, 160.0, 1011.0, 918.0]
[0.0, 208.0, 1012.0, 967.0]
[0.0, 160.0, 1013.0, 920.0]
[0.0, 256.0, 1014.0, 1016.0]
[0.0, 208.0, 1015.0, 969.0]
[0.0, 112.0, 1016.0, 874.0]
[0.0, 176.0, 1017.0, 939.0]
[0.0, 160.0, 1018.0, 924.0]
[0.0, 144.0, 1019.0, 908.0]
[0.0, 128.0, 1020.0, 893.0]
[0.0, 144.0, 1021.0, 910.0]
[0.0, 176.0, 1022.0, 942.0]
[0.0, 256.0, 1023.0, 1023.0]
[0.0, 208.0, 1024.0, 976.0]
