[192.0, 64.0, 909.0, 602.0]
[176.0, 64.0, 894.0, 602.0]
[160.0, 48.0, 879.0, 587.0]
[96.0, 48.0, 816.0, 588.0]
[208.0, 48.0, 929.0, 589.0]
[256.0, 48.0, 978.0, 590.0]
[176.0, 64.0, 899.0, 606.0]
[32.0, 48.0, 756.0, 591.0]
[80.0, 32.0, 805.0, 576.0]
[160.0, 32.0, 886.0, 576.0]
[240.0, 48.0, 967.0, 593.0]
[128.0, 32.0, 856.0, 578.0]
[32.0, 64.0, 761.0, 611.0]
[80.0, 48.0, 810.0, 596.0]
[208.0, 32.0, 939.0, 580.0]
[48.0, 48.0, 780.0, 597.0]
[240.0, 48.0, 973.0, 598.0]
[192.0, 48.0, 926.0, 598.0]
[208.0, 48.0, 943.0, 599.0]
[112.0, 32.0, 848.0, 584.0]
[144.0, 48.0, 881.0, 601.0]
[64.0, 32.0, 802.0, 586.0]
[256.0, 32.0, 995.0, 586.0]
[176.0, 32.0, 916.0, 587.0]
[240.0, 32.0, 981.0, 588.0]
[160.0, 16.0, 902.0, 572.0]
[144.0, 16.0, 887.0, 573.0]
[208.0, 48.0, 952.0, 606.0]
[240.0, 32.0, 985.0, 591.0]
[112.0, 16.0, 858.0, 576.0]
[240.0, 16.0, 987.0, 576.0]
[64.0, 32.0, 812.0, 593.0]
[240.0, 16.0, 989.0, 578.0]
[32.0, 32.0, 782.0, 594.0]
[128.0, 16.0, 879.0, 579.0]
[48.0, 48.0, 800.0, 612.0]
[64.0, 16.0, 817.0, 581.0]
[64.0, 16.0, 818.0, 582.0]
[176.0, 32.0, 931.0, 598.0]
[160.0, 16.0, 916.0, 583.0]
[64.0, 16.0, 821.0, 584.0]
[80.0, 16.0, 838.0, 584.0]
[208.0, 32.0, 967.0, 601.0]
[112.0, 32.0, 872.0, 602.0]
[80.0, 0.0, 841.0, 571.0]
[176.0, 0.0, 938.0, 572.0]
[112.0, 16.0, 875.0, 588.0]
[176.0, 32.0, 940.0, 605.0]
[48.0, 0.0, 813.0, 574.0]
[128.0, 0.0, 894.0, 574.0]
[192.0, 0.0, 959.0, 575.0]
[208.0, 0.0, 976.0, 576.0]
[64.0, 0.0, 833.0, 577.0]
[192.0, 16.0, 962.0, 594.0]
[128.0, 32.0, 899.0, 610.0]
[64.0, 32.0, 836.0, 611.0]
[192.0, 16.0, 965.0, 596.0]
[224.0, 32.0, 998.0, 612.0]
[224.0, 16.0, 999.0, 597.0]
[192.0, 16.0, 968.0, 598.0]
[192.0, 16.0, 969.0, 599.0]
[96.0, 0.0, 874.0, 584.0]
[64.0, 0.0, 843.0, 584.0]
[192.0, 0.0, 972.0, 585.0]
[112.0, 16.0, 893.0, 602.0]
[160.0, 16.0, 942.0, 602.0]
[96.0, 0.0, 879.0, 587.0]
[80.0, 0.0, 864.0, 588.0]
[160.0, 16.0, 945.0, 605.0]
[160.0, 16.0, 946.0, 606.0]
[128.0, 0.0, 915.0, 590.0]
[192.0, 0.0, 980.0, 591.0]
[48.0, 16.0, 837.0, 608.0]
[176.0, 0.0, 966.0, 592.0]
[176.0, 16.0, 967.0, 609.0]
[80.0, 16.0, 872.0, 610.0]
[128.0, 16.0, 921.0, 611.0]
[192.0, 0.0, 986.0, 596.0]
[160.0, 0.0, 955.0, 596.0]
[32.0, 0.0, 828.0, 597.0]
[208.0, 0.0, 1005.0, 598.0]
[32.0, 0.0, 830.0, 598.0]
[176.0, 0.0, 975.0, 599.0]
[48.0, 0.0, 848.0, 600.0]
[160.0, 0.0, 961.0, 601.0]
[80.0, 0.0, 882.0, 602.0]
[32.0, 0.0, 835.0, 602.0]
[176.0, 0.0, 980.0, 603.0]
[128.0, 0.0, 933.0, 604.0]
[96.0, 0.0, 902.0, 604.0]
[48.0, 0.0, 855.0, 605.0]
[176.0, 0.0, 984.0, 606.0]
[176.0, 0.0, 985.0, 607.0]
[144.0, 0.0, 954.0, 608.0]
[160.0, 0.0, 971.0, 608.0]
[64.0, 0.0, 876.0, 609.0]
[192.0, 0.0, 1005.0, 610.0]
[176.0, 0.0, 990.0, 610.0]
[64.0, 0.0, 879.0, 611.0]
[144.0, 0.0, 960.0, 612.0]
