[96.0, 32.0, 813.0, 570.0]
[240.0, 32.0, 958.0, 570.0]
[160.0, 32.0, 879.0, 571.0]
[160.0, 0.0, 880.0, 540.0]
[272.0, 16.0, 993.0, 557.0]
[208.0, 0.0, 930.0, 542.0]
[112.0, 0.0, 835.0, 542.0]
[96.0, 32.0, 820.0, 575.0]
[80.0, 32.0, 805.0, 576.0]
[192.0, 32.0, 918.0, 576.0]
[160.0, 32.0, 887.0, 577.0]
[176.0, 16.0, 904.0, 562.0]
[96.0, 16.0, 825.0, 563.0]
[96.0, 32.0, 826.0, 580.0]
[48.0, 16.0, 779.0, 564.0]
[208.0, 32.0, 940.0, 581.0]
[32.0, 32.0, 765.0, 582.0]
[176.0, 0.0, 910.0, 550.0]
[240.0, 0.0, 975.0, 551.0]
[144.0, 32.0, 880.0, 584.0]
[64.0, 16.0, 801.0, 569.0]
[240.0, 16.0, 978.0, 570.0]
[144.0, 32.0, 883.0, 586.0]
[48.0, 16.0, 788.0, 571.0]
[128.0, 0.0, 869.0, 556.0]
[48.0, 0.0, 790.0, 556.0]
[240.0, 0.0, 983.0, 557.0]
[208.0, 0.0, 952.0, 558.0]
[64.0, 32.0, 809.0, 591.0]
[160.0, 16.0, 906.0, 576.0]
[128.0, 0.0, 875.0, 560.0]
[80.0, 16.0, 828.0, 577.0]
[128.0, 16.0, 877.0, 578.0]
[192.0, 0.0, 942.0, 562.0]
[208.0, 16.0, 959.0, 579.0]
[176.0, 32.0, 928.0, 596.0]
[224.0, 0.0, 977.0, 565.0]
[208.0, 16.0, 962.0, 582.0]
[48.0, 0.0, 803.0, 566.0]
[80.0, 16.0, 836.0, 583.0]
[96.0, 16.0, 853.0, 584.0]
[64.0, 16.0, 822.0, 584.0]
[112.0, 16.0, 871.0, 585.0]
[224.0, 0.0, 984.0, 570.0]
[192.0, 0.0, 953.0, 571.0]
[176.0, 0.0, 938.0, 572.0]
[160.0, 0.0, 923.0, 572.0]
[208.0, 16.0, 972.0, 589.0]
[96.0, 32.0, 861.0, 606.0]
[80.0, 32.0, 846.0, 606.0]
[96.0, 0.0, 863.0, 575.0]
[192.0, 0.0, 960.0, 576.0]
[96.0, 0.0, 865.0, 577.0]
[32.0, 32.0, 802.0, 610.0]
[112.0, 0.0, 883.0, 578.0]
[128.0, 16.0, 900.0, 595.0]
[112.0, 16.0, 885.0, 596.0]
[112.0, 16.0, 886.0, 596.0]
[176.0, 32.0, 951.0, 613.0]
[144.0, 32.0, 920.0, 614.0]
[112.0, 16.0, 889.0, 599.0]
[80.0, 16.0, 858.0, 600.0]
[128.0, 0.0, 907.0, 584.0]
[112.0, 32.0, 892.0, 617.0]
[48.0, 0.0, 829.0, 586.0]
[112.0, 0.0, 894.0, 586.0]
[192.0, 0.0, 975.0, 587.0]
[208.0, 32.0, 992.0, 620.0]
[32.0, 16.0, 817.0, 605.0]
[176.0, 32.0, 962.0, 622.0]
[48.0, 32.0, 835.0, 622.0]
[32.0, 16.0, 820.0, 607.0]
[112.0, 16.0, 901.0, 608.0]
[176.0, 16.0, 966.0, 608.0]
[64.0, 16.0, 855.0, 609.0]
[144.0, 16.0, 936.0, 610.0]
[144.0, 0.0, 937.0, 595.0]
[160.0, 32.0, 954.0, 628.0]
[128.0, 32.0, 923.0, 628.0]
[64.0, 0.0, 860.0, 597.0]
[128.0, 0.0, 925.0, 598.0]
[48.0, 16.0, 846.0, 614.0]
[64.0, 32.0, 863.0, 631.0]
[176.0, 32.0, 976.0, 632.0]
[80.0, 16.0, 881.0, 617.0]
[32.0, 32.0, 834.0, 634.0]
[32.0, 32.0, 835.0, 634.0]
[176.0, 32.0, 980.0, 635.0]
[192.0, 32.0, 997.0, 636.0]
[160.0, 16.0, 966.0, 620.0]
[96.0, 16.0, 903.0, 621.0]
[32.0, 32.0, 840.0, 638.0]
[64.0, 16.0, 873.0, 623.0]
[160.0, 16.0, 970.0, 624.0]
[96.0, 32.0, 907.0, 640.0]
[128.0, 16.0, 940.0, 625.0]
[80.0, 32.0, 893.0, 642.0]
[48.0, 0.0, 862.0, 610.0]
[112.0, 0.0, 927.0, 611.0]
[176.0, 16.0, 992.0, 628.0]
[160.0, 32.0, 977.0, 645.0]
[160.0, 32.0, 978.0, 646.0]
[160.0, 16.0, 979.0, 630.0]
[48.0, 16.0, 868.0, 631.0]
[32.0, 0.0, 853.0, 616.0]
[112.0, 16.0, 934.0, 632.0]
[32.0, 32.0, 855.0, 649.0]
[80.0, 32.0, 904.0, 650.0]
[112.0, 16.0, 937.0, 635.0]
[80.0, 32.0, 906.0, 652.0]
[144.0, 0.0, 971.0, 620.0]
[160.0, 16.0, 988.0, 637.0]
[112.0, 0.0, 941.0, 622.0]
[160.0, 32.0, 990.0, 654.0]
[112.0, 32.0, 943.0, 655.0]
[48.0, 16.0, 880.0, 640.0]
[64.0, 32.0, 897.0, 657.0]
[128.0, 16.0, 962.0, 642.0]
[96.0, 32.0, 931.0, 658.0]
[128.0, 32.0, 964.0, 659.0]
[64.0, 32.0, 901.0, 660.0]
[144.0, 16.0, 982.0, 644.0]
[160.0, 32.0, 999.0, 661.0]
[80.0, 0.0, 920.0, 630.0]
[48.0, 32.0, 889.0, 663.0]
[32.0, 0.0, 874.0, 632.0]
[128.0, 0.0, 971.0, 632.0]
[112.0, 0.0, 956.0, 633.0]
[144.0, 32.0, 989.0, 666.0]
[112.0, 16.0, 958.0, 650.0]
[112.0, 32.0, 959.0, 667.0]
[96.0, 16.0, 944.0, 652.0]
[48.0, 0.0, 897.0, 637.0]
[48.0, 0.0, 898.0, 638.0]
[96.0, 0.0, 947.0, 638.0]
[128.0, 0.0, 980.0, 639.0]
[64.0, 16.0, 917.0, 656.0]
[64.0, 16.0, 918.0, 656.0]
[112.0, 0.0, 967.0, 641.0]
[112.0, 16.0, 968.0, 658.0]
[128.0, 0.0, 985.0, 643.0]
[48.0, 0.0, 906.0, 644.0]
[64.0, 0.0, 923.0, 644.0]
[128.0, 32.0, 988.0, 677.0]
[96.0, 0.0, 957.0, 646.0]
[96.0, 0.0, 958.0, 646.0]
[80.0, 16.0, 943.0, 663.0]
[96.0, 16.0, 960.0, 664.0]
[64.0, 32.0, 929.0, 681.0]
[112.0, 0.0, 978.0, 650.0]
[48.0, 32.0, 915.0, 682.0]
[128.0, 0.0, 996.0, 651.0]
[64.0, 32.0, 933.0, 684.0]
[96.0, 32.0, 966.0, 684.0]
[128.0, 16.0, 999.0, 669.0]
[64.0, 16.0, 936.0, 670.0]
[80.0, 0.0, 953.0, 655.0]
[112.0, 16.0, 986.0, 672.0]
[112.0, 16.0, 987.0, 672.0]
[48.0, 32.0, 924.0, 689.0]
[64.0, 0.0, 941.0, 658.0]
[48.0, 16.0, 926.0, 674.0]
[32.0, 0.0, 911.0, 659.0]
[112.0, 0.0, 992.0, 660.0]
[112.0, 32.0, 993.0, 693.0]
[112.0, 32.0, 994.0, 694.0]
[80.0, 32.0, 963.0, 694.0]
[112.0, 0.0, 996.0, 663.0]
[32.0, 32.0, 917.0, 696.0]
[80.0, 0.0, 966.0, 664.0]
[96.0, 16.0, 983.0, 681.0]
[32.0, 16.0, 920.0, 682.0]
[32.0, 16.0, 921.0, 683.0]
[80.0, 32.0, 970.0, 700.0]
[96.0, 32.0, 987.0, 700.0]
[64.0, 0.0, 956.0, 669.0]
[80.0, 32.0, 973.0, 702.0]
[32.0, 0.0, 926.0, 670.0]
[80.0, 16.0, 975.0, 687.0]
[80.0, 16.0, 976.0, 688.0]
[80.0, 0.0, 977.0, 673.0]
[64.0, 16.0, 962.0, 690.0]
[80.0, 0.0, 979.0, 674.0]
[32.0, 32.0, 932.0, 707.0]
[32.0, 0.0, 933.0, 676.0]
[64.0, 32.0, 966.0, 708.0]
[48.0, 32.0, 951.0, 709.0]
[32.0, 32.0, 936.0, 710.0]
[48.0, 32.0, 953.0, 711.0]
[80.0, 32.0, 986.0, 712.0]
[48.0, 16.0, 955.0, 696.0]
[48.0, 32.0, 956.0, 713.0]
[32.0, 32.0, 941.0, 714.0]
[80.0, 32.0, 990.0, 714.0]
[64.0, 32.0, 975.0, 715.0]
[32.0, 32.0, 944.0, 716.0]
[32.0, 16.0, 945.0, 701.0]
[32.0, 0.0, 946.0, 686.0]
[64.0, 16.0, 979.0, 702.0]
[64.0, 32.0, 980.0, 719.0]
[48.0, 32.0, 965.0, 720.0]
[48.0, 32.0, 966.0, 720.0]
[32.0, 0.0, 951.0, 689.0]
[32.0, 16.0, 952.0, 706.0]
[48.0, 32.0, 969.0, 723.0]
[32.0, 0.0, 954.0, 692.0]
[32.0, 0.0, 955.0, 692.0]
[64.0, 16.0, 988.0, 709.0]
[48.0, 16.0, 973.0, 710.0]
[32.0, 16.0, 958.0, 710.0]
[64.0, 0.0, 991.0, 695.0]
[48.0, 32.0, 976.0, 728.0]
[32.0, 16.0, 961.0, 713.0]
[48.0, 32.0, 978.0, 730.0]
[48.0, 0.0, 979.0, 698.0]
[32.0, 0.0, 964.0, 699.0]
[48.0, 32.0, 981.0, 732.0]
[32.0, 16.0, 966.0, 716.0]
[32.0, 0.0, 967.0, 701.0]
[48.0, 32.0, 984.0, 734.0]
[48.0, 0.0, 985.0, 703.0]
[48.0, 16.0, 986.0, 720.0]
[48.0, 32.0, 987.0, 736.0]
[48.0, 32.0, 988.0, 737.0]
[48.0, 16.0, 989.0, 722.0]
[48.0, 16.0, 990.0, 722.0]
