[112.0, 192.0, 650.0, 909.0]
[112.0, 192.0, 650.0, 910.0]
[112.0, 128.0, 651.0, 847.0]
[160.0, 176.0, 700.0, 896.0]
[160.0, 144.0, 701.0, 865.0]
[224.0, 176.0, 766.0, 898.0]
[144.0, 128.0, 686.0, 851.0]
[112.0, 224.0, 655.0, 948.0]
[160.0, 128.0, 704.0, 853.0]
[224.0, 128.0, 768.0, 854.0]
[160.0, 224.0, 705.0, 951.0]
[112.0, 96.0, 658.0, 824.0]
[128.0, 176.0, 675.0, 905.0]
[144.0, 176.0, 692.0, 906.0]
[96.0, 192.0, 644.0, 923.0]
[128.0, 80.0, 677.0, 812.0]
[208.0, 144.0, 758.0, 877.0]
[80.0, 128.0, 630.0, 862.0]
[112.0, 144.0, 663.0, 879.0]
[96.0, 112.0, 648.0, 848.0]
[176.0, 224.0, 729.0, 961.0]
[176.0, 64.0, 730.0, 802.0]
[160.0, 128.0, 714.0, 867.0]
[80.0, 112.0, 635.0, 852.0]
[112.0, 80.0, 668.0, 821.0]
[80.0, 80.0, 636.0, 822.0]
[192.0, 128.0, 749.0, 871.0]
[128.0, 160.0, 686.0, 904.0]
[144.0, 144.0, 703.0, 889.0]
[64.0, 128.0, 624.0, 874.0]
[176.0, 144.0, 736.0, 891.0]
[64.0, 128.0, 625.0, 876.0]
[112.0, 48.0, 674.0, 797.0]
[96.0, 128.0, 658.0, 878.0]
[64.0, 112.0, 627.0, 863.0]
[112.0, 48.0, 676.0, 800.0]
[160.0, 192.0, 725.0, 945.0]
[48.0, 144.0, 614.0, 898.0]
[64.0, 112.0, 630.0, 867.0]
[112.0, 96.0, 679.0, 852.0]
[80.0, 128.0, 648.0, 885.0]
[96.0, 80.0, 664.0, 838.0]
[96.0, 64.0, 665.0, 823.0]
[128.0, 176.0, 698.0, 936.0]
[192.0, 80.0, 763.0, 841.0]
[160.0, 208.0, 732.0, 970.0]
[128.0, 160.0, 700.0, 923.0]
[96.0, 96.0, 669.0, 860.0]
[80.0, 208.0, 654.0, 973.0]
[192.0, 80.0, 766.0, 846.0]
[144.0, 208.0, 719.0, 975.0]
[96.0, 192.0, 672.0, 960.0]
[32.0, 112.0, 609.0, 881.0]
[80.0, 64.0, 658.0, 834.0]
[176.0, 160.0, 754.0, 931.0]
[160.0, 32.0, 739.0, 804.0]
[96.0, 48.0, 676.0, 821.0]
[80.0, 112.0, 660.0, 886.0]
[32.0, 128.0, 613.0, 903.0]
[160.0, 48.0, 742.0, 824.0]
[128.0, 128.0, 711.0, 905.0]
[64.0, 96.0, 648.0, 874.0]
[144.0, 48.0, 728.0, 827.0]
[112.0, 224.0, 697.0, 1004.0]
[64.0, 160.0, 650.0, 941.0]
[128.0, 208.0, 714.0, 990.0]
[160.0, 96.0, 747.0, 879.0]
[128.0, 176.0, 716.0, 960.0]
[128.0, 16.0, 717.0, 801.0]
[112.0, 128.0, 702.0, 914.0]
[176.0, 176.0, 766.0, 963.0]
[128.0, 32.0, 719.0, 820.0]
[176.0, 176.0, 768.0, 965.0]
[112.0, 80.0, 704.0, 870.0]
[80.0, 208.0, 673.0, 999.0]
[112.0, 32.0, 706.0, 824.0]
[112.0, 112.0, 707.0, 905.0]
[144.0, 96.0, 740.0, 890.0]
[112.0, 32.0, 708.0, 827.0]
[112.0, 32.0, 709.0, 828.0]
[128.0, 160.0, 726.0, 957.0]
[128.0, 16.0, 726.0, 814.0]
[64.0, 80.0, 663.0, 879.0]
[80.0, 112.0, 680.0, 912.0]
[144.0, 144.0, 745.0, 945.0]
[160.0, 32.0, 762.0, 834.0]
[128.0, 144.0, 730.0, 947.0]
[160.0, 64.0, 763.0, 868.0]
[112.0, 112.0, 716.0, 917.0]
[128.0, 0.0, 732.0, 806.0]
[160.0, 160.0, 765.0, 967.0]
[160.0, 32.0, 766.0, 840.0]
[64.0, 48.0, 671.0, 857.0]
[64.0, 176.0, 672.0, 986.0]
[144.0, 192.0, 752.0, 1003.0]
[80.0, 128.0, 689.0, 940.0]
[16.0, 128.0, 626.0, 941.0]
[64.0, 96.0, 674.0, 910.0]
[112.0, 32.0, 723.0, 847.0]
[112.0, 16.0, 724.0, 832.0]
[16.0, 80.0, 629.0, 897.0]
[80.0, 160.0, 694.0, 978.0]
[96.0, 176.0, 710.0, 995.0]
[144.0, 112.0, 759.0, 932.0]
[96.0, 32.0, 712.0, 853.0]
[112.0, 160.0, 728.0, 982.0]
[32.0, 80.0, 649.0, 903.0]
[144.0, 32.0, 762.0, 856.0]
[64.0, 80.0, 683.0, 905.0]
[128.0, 64.0, 748.0, 890.0]
[48.0, 48.0, 668.0, 875.0]
[64.0, 64.0, 685.0, 892.0]
[144.0, 0.0, 766.0, 829.0]
[96.0, 64.0, 718.0, 894.0]
[64.0, 80.0, 687.0, 911.0]
[128.0, 128.0, 752.0, 960.0]
[96.0, 112.0, 721.0, 945.0]
[64.0, 160.0, 690.0, 994.0]
[96.0, 128.0, 722.0, 963.0]
[32.0, 96.0, 659.0, 932.0]
[128.0, 80.0, 756.0, 917.0]
[32.0, 64.0, 660.0, 902.0]
[112.0, 64.0, 741.0, 903.0]
[48.0, 144.0, 678.0, 984.0]
[112.0, 16.0, 743.0, 857.0]
[96.0, 128.0, 728.0, 970.0]
[112.0, 176.0, 744.0, 1019.0]
[128.0, 0.0, 761.0, 844.0]
[80.0, 16.0, 714.0, 861.0]
[64.0, 0.0, 698.0, 846.0]
[64.0, 144.0, 699.0, 991.0]
[16.0, 96.0, 652.0, 944.0]
[48.0, 16.0, 685.0, 865.0]
[96.0, 32.0, 734.0, 882.0]
[32.0, 112.0, 670.0, 963.0]
[80.0, 144.0, 719.0, 996.0]
[64.0, 32.0, 704.0, 885.0]
[16.0, 48.0, 656.0, 902.0]
[16.0, 96.0, 657.0, 951.0]
[48.0, 64.0, 690.0, 920.0]
[48.0, 0.0, 691.0, 857.0]
[80.0, 96.0, 724.0, 954.0]
[64.0, 160.0, 708.0, 1019.0]
[64.0, 128.0, 709.0, 988.0]
[80.0, 112.0, 726.0, 973.0]
[64.0, 96.0, 710.0, 958.0]
[32.0, 112.0, 679.0, 975.0]
[64.0, 64.0, 712.0, 928.0]
[112.0, 32.0, 761.0, 897.0]
[112.0, 112.0, 762.0, 978.0]
[48.0, 80.0, 698.0, 947.0]
[80.0, 64.0, 731.0, 932.0]
[64.0, 48.0, 716.0, 917.0]
[32.0, 64.0, 684.0, 934.0]
[32.0, 112.0, 685.0, 983.0]
[96.0, 128.0, 750.0, 1000.0]
[32.0, 112.0, 687.0, 985.0]
[32.0, 48.0, 688.0, 922.0]
[64.0, 32.0, 720.0, 907.0]
[64.0, 48.0, 721.0, 924.0]
[48.0, 16.0, 706.0, 893.0]
[32.0, 0.0, 690.0, 878.0]
[96.0, 32.0, 755.0, 911.0]
[48.0, 64.0, 708.0, 944.0]
[96.0, 112.0, 757.0, 993.0]
[96.0, 32.0, 758.0, 914.0]
[48.0, 48.0, 710.0, 931.0]
[16.0, 48.0, 679.0, 932.0]
[80.0, 48.0, 744.0, 933.0]
[16.0, 128.0, 680.0, 1014.0]
[32.0, 128.0, 697.0, 1015.0]
[16.0, 48.0, 682.0, 936.0]
[96.0, 64.0, 763.0, 953.0]
[16.0, 64.0, 684.0, 954.0]
[32.0, 0.0, 700.0, 891.0]
[48.0, 0.0, 717.0, 892.0]
[48.0, 64.0, 718.0, 957.0]
[80.0, 128.0, 750.0, 1022.0]
[16.0, 96.0, 687.0, 991.0]
[16.0, 80.0, 688.0, 976.0]
[64.0, 112.0, 737.0, 1009.0]
[80.0, 0.0, 754.0, 898.0]
[80.0, 112.0, 754.0, 1011.0]
[64.0, 32.0, 739.0, 932.0]
[48.0, 112.0, 724.0, 1013.0]
[32.0, 32.0, 708.0, 934.0]
[64.0, 48.0, 741.0, 951.0]
[64.0, 64.0, 742.0, 968.0]
[16.0, 96.0, 695.0, 1001.0]
[64.0, 0.0, 744.0, 906.0]
[48.0, 80.0, 728.0, 987.0]
[32.0, 0.0, 713.0, 908.0]
[32.0, 112.0, 714.0, 1021.0]
[80.0, 48.0, 762.0, 958.0]
[64.0, 112.0, 747.0, 1023.0]
[80.0, 96.0, 764.0, 1008.0]
[80.0, 48.0, 765.0, 961.0]
[16.0, 80.0, 702.0, 994.0]
[64.0, 16.0, 750.0, 931.0]
[48.0, 96.0, 735.0, 1012.0]
[64.0, 96.0, 752.0, 1013.0]
[80.0, 16.0, 768.0, 934.0]
[32.0, 64.0, 721.0, 983.0]
[64.0, 32.0, 754.0, 952.0]
[32.0, 64.0, 723.0, 985.0]
[64.0, 48.0, 756.0, 970.0]
[16.0, 0.0, 708.0, 923.0]
[16.0, 64.0, 709.0, 988.0]
[16.0, 32.0, 710.0, 957.0]
[32.0, 48.0, 726.0, 974.0]
[16.0, 32.0, 711.0, 959.0]
[32.0, 80.0, 728.0, 1008.0]
[32.0, 48.0, 729.0, 977.0]
[48.0, 48.0, 746.0, 978.0]
[32.0, 0.0, 730.0, 931.0]
[32.0, 16.0, 731.0, 948.0]
[16.0, 0.0, 716.0, 933.0]
[48.0, 32.0, 748.0, 966.0]
[48.0, 32.0, 749.0, 967.0]
[64.0, 48.0, 766.0, 984.0]
[48.0, 16.0, 751.0, 953.0]
[16.0, 0.0, 720.0, 938.0]
[16.0, 0.0, 720.0, 939.0]
[16.0, 64.0, 721.0, 1004.0]
[48.0, 32.0, 754.0, 973.0]
[16.0, 64.0, 722.0, 1006.0]
[16.0, 0.0, 723.0, 943.0]
[48.0, 0.0, 756.0, 944.0]
[48.0, 48.0, 757.0, 993.0]
[48.0, 48.0, 758.0, 994.0]
[32.0, 16.0, 742.0, 963.0]
[48.0, 32.0, 759.0, 980.0]
[32.0, 32.0, 744.0, 981.0]
[32.0, 64.0, 744.0, 1014.0]
[16.0, 64.0, 729.0, 1015.0]
[32.0, 32.0, 746.0, 984.0]
[16.0, 32.0, 731.0, 985.0]
[48.0, 64.0, 764.0, 1018.0]
[16.0, 64.0, 732.0, 1019.0]
[32.0, 0.0, 749.0, 956.0]
[16.0, 16.0, 734.0, 973.0]
[32.0, 16.0, 750.0, 974.0]
[16.0, 48.0, 735.0, 1007.0]
[16.0, 64.0, 736.0, 1024.0]
[16.0, 16.0, 737.0, 977.0]
[16.0, 48.0, 738.0, 1010.0]
[16.0, 16.0, 738.0, 979.0]
[32.0, 32.0, 755.0, 996.0]
[32.0, 16.0, 756.0, 981.0]
[32.0, 48.0, 756.0, 1014.0]
[32.0, 48.0, 757.0, 1015.0]
