[192.0, 80.0, 909.0, 618.0]
[96.0, 144.0, 814.0, 682.0]
[144.0, 144.0, 863.0, 683.0]
[96.0, 48.0, 816.0, 588.0]
[96.0, 64.0, 817.0, 605.0]
[208.0, 112.0, 930.0, 654.0]
[224.0, 96.0, 947.0, 638.0]
[64.0, 96.0, 788.0, 639.0]
[64.0, 96.0, 789.0, 640.0]
[128.0, 80.0, 854.0, 624.0]
[96.0, 128.0, 823.0, 673.0]
[160.0, 64.0, 888.0, 610.0]
[160.0, 48.0, 889.0, 595.0]
[176.0, 80.0, 906.0, 628.0]
[0.0, 96.0, 731.0, 644.0]
[64.0, 80.0, 796.0, 629.0]
[144.0, 80.0, 877.0, 630.0]
[48.0, 48.0, 782.0, 598.0]
[32.0, 96.0, 767.0, 647.0]
[112.0, 128.0, 848.0, 680.0]
[144.0, 48.0, 881.0, 601.0]
[32.0, 96.0, 770.0, 650.0]
[192.0, 128.0, 931.0, 682.0]
[144.0, 112.0, 884.0, 667.0]
[160.0, 96.0, 901.0, 652.0]
[0.0, 64.0, 742.0, 620.0]
[16.0, 64.0, 759.0, 621.0]
[0.0, 80.0, 744.0, 638.0]
[192.0, 112.0, 937.0, 671.0]
[208.0, 80.0, 954.0, 640.0]
[128.0, 112.0, 875.0, 672.0]
[16.0, 64.0, 764.0, 625.0]
[176.0, 96.0, 925.0, 658.0]
[48.0, 48.0, 798.0, 610.0]
[160.0, 80.0, 911.0, 643.0]
[0.0, 112.0, 752.0, 676.0]
[96.0, 48.0, 849.0, 613.0]
[96.0, 32.0, 850.0, 598.0]
[192.0, 80.0, 947.0, 646.0]
[176.0, 64.0, 932.0, 631.0]
[80.0, 48.0, 837.0, 616.0]
[16.0, 48.0, 774.0, 616.0]
[112.0, 16.0, 871.0, 585.0]
[112.0, 16.0, 872.0, 586.0]
[128.0, 64.0, 889.0, 635.0]
[144.0, 48.0, 906.0, 620.0]
[64.0, 80.0, 827.0, 652.0]
[96.0, 64.0, 860.0, 637.0]
[16.0, 80.0, 781.0, 654.0]
[16.0, 80.0, 782.0, 654.0]
[192.0, 64.0, 959.0, 639.0]
[160.0, 32.0, 928.0, 608.0]
[192.0, 80.0, 961.0, 657.0]
[144.0, 96.0, 914.0, 674.0]
[208.0, 96.0, 979.0, 674.0]
[112.0, 48.0, 884.0, 627.0]
[32.0, 48.0, 805.0, 628.0]
[48.0, 48.0, 822.0, 628.0]
[64.0, 32.0, 839.0, 613.0]
[144.0, 48.0, 920.0, 630.0]
[128.0, 16.0, 905.0, 599.0]
[64.0, 32.0, 842.0, 616.0]
[96.0, 80.0, 875.0, 664.0]
[64.0, 0.0, 844.0, 585.0]
[160.0, 96.0, 941.0, 682.0]
[48.0, 96.0, 830.0, 682.0]
[208.0, 80.0, 991.0, 667.0]
[32.0, 48.0, 816.0, 636.0]
[160.0, 80.0, 945.0, 669.0]
[112.0, 0.0, 898.0, 590.0]
[32.0, 64.0, 819.0, 654.0]
[48.0, 32.0, 836.0, 623.0]
[32.0, 16.0, 821.0, 608.0]
[192.0, 80.0, 982.0, 672.0]
[80.0, 16.0, 871.0, 609.0]
[96.0, 16.0, 888.0, 610.0]
[32.0, 80.0, 825.0, 675.0]
[16.0, 16.0, 810.0, 612.0]
[160.0, 80.0, 955.0, 676.0]
[16.0, 80.0, 812.0, 677.0]
[160.0, 64.0, 957.0, 662.0]
[48.0, 32.0, 846.0, 630.0]
[32.0, 16.0, 831.0, 615.0]
[160.0, 48.0, 960.0, 648.0]
[32.0, 32.0, 833.0, 633.0]
[128.0, 64.0, 930.0, 666.0]
[0.0, 80.0, 803.0, 682.0]
[80.0, 0.0, 884.0, 603.0]
[0.0, 32.0, 805.0, 636.0]
[64.0, 32.0, 870.0, 636.0]
[32.0, 64.0, 839.0, 669.0]
[32.0, 16.0, 840.0, 622.0]
[112.0, 0.0, 921.0, 607.0]
[64.0, 64.0, 874.0, 672.0]
[112.0, 48.0, 923.0, 656.0]
[64.0, 16.0, 876.0, 625.0]
[80.0, 0.0, 893.0, 610.0]
[64.0, 32.0, 878.0, 642.0]
[64.0, 0.0, 879.0, 611.0]
[176.0, 48.0, 992.0, 660.0]
[16.0, 48.0, 833.0, 661.0]
[80.0, 64.0, 898.0, 678.0]
[128.0, 48.0, 947.0, 662.0]
[176.0, 64.0, 996.0, 679.0]
[96.0, 48.0, 917.0, 664.0]
[64.0, 16.0, 886.0, 632.0]
[96.0, 16.0, 919.0, 633.0]
[144.0, 48.0, 968.0, 666.0]
[96.0, 16.0, 921.0, 635.0]
[96.0, 0.0, 922.0, 620.0]
[64.0, 32.0, 891.0, 652.0]
[64.0, 48.0, 892.0, 669.0]
[64.0, 32.0, 893.0, 654.0]
[48.0, 32.0, 878.0, 654.0]
[144.0, 16.0, 975.0, 639.0]
[128.0, 32.0, 960.0, 656.0]
[80.0, 48.0, 913.0, 673.0]
[64.0, 16.0, 898.0, 642.0]
[0.0, 16.0, 835.0, 642.0]
[16.0, 48.0, 852.0, 675.0]
[128.0, 32.0, 965.0, 660.0]
[144.0, 16.0, 982.0, 644.0]
[160.0, 48.0, 999.0, 677.0]
[0.0, 32.0, 840.0, 662.0]
[80.0, 48.0, 921.0, 679.0]
[144.0, 16.0, 986.0, 648.0]
[32.0, 16.0, 875.0, 648.0]
[144.0, 32.0, 988.0, 665.0]
[64.0, 32.0, 909.0, 666.0]
[64.0, 0.0, 910.0, 634.0]
[48.0, 32.0, 895.0, 667.0]
[96.0, 0.0, 944.0, 636.0]
[64.0, 0.0, 913.0, 637.0]
[128.0, 16.0, 978.0, 654.0]
[128.0, 16.0, 979.0, 654.0]
[96.0, 32.0, 948.0, 671.0]
[0.0, 16.0, 853.0, 656.0]
[64.0, 16.0, 918.0, 656.0]
[48.0, 32.0, 903.0, 673.0]
[16.0, 16.0, 872.0, 658.0]
[128.0, 32.0, 985.0, 675.0]
[48.0, 32.0, 906.0, 676.0]
[0.0, 0.0, 859.0, 644.0]
[96.0, 0.0, 956.0, 645.0]
[64.0, 16.0, 925.0, 662.0]
[0.0, 16.0, 862.0, 662.0]
[80.0, 0.0, 943.0, 647.0]
[16.0, 32.0, 880.0, 680.0]
[64.0, 16.0, 929.0, 665.0]
[32.0, 0.0, 898.0, 650.0]
[96.0, 0.0, 963.0, 650.0]
[32.0, 0.0, 900.0, 651.0]
[48.0, 0.0, 917.0, 652.0]
[16.0, 16.0, 886.0, 668.0]
[96.0, 16.0, 967.0, 669.0]
[64.0, 0.0, 936.0, 654.0]
[128.0, 0.0, 1001.0, 655.0]
[16.0, 0.0, 890.0, 656.0]
[80.0, 16.0, 955.0, 672.0]
[32.0, 0.0, 908.0, 657.0]
[96.0, 0.0, 973.0, 658.0]
[80.0, 0.0, 958.0, 658.0]
[64.0, 0.0, 943.0, 659.0]
[96.0, 16.0, 976.0, 676.0]
[112.0, 16.0, 993.0, 677.0]
[96.0, 16.0, 978.0, 678.0]
[80.0, 16.0, 963.0, 678.0]
[16.0, 16.0, 900.0, 679.0]
[48.0, 0.0, 933.0, 664.0]
[48.0, 16.0, 934.0, 680.0]
[64.0, 16.0, 951.0, 681.0]
[16.0, 16.0, 904.0, 682.0]
[96.0, 16.0, 985.0, 683.0]
[48.0, 0.0, 938.0, 668.0]
[80.0, 0.0, 971.0, 668.0]
[96.0, 0.0, 988.0, 669.0]
[0.0, 0.0, 893.0, 670.0]
[64.0, 0.0, 958.0, 670.0]
[16.0, 0.0, 911.0, 671.0]
[96.0, 0.0, 992.0, 672.0]
[32.0, 0.0, 929.0, 673.0]
[32.0, 0.0, 930.0, 674.0]
[96.0, 0.0, 995.0, 674.0]
[32.0, 0.0, 932.0, 675.0]
[32.0, 0.0, 933.0, 676.0]
[0.0, 0.0, 902.0, 676.0]
[64.0, 0.0, 967.0, 677.0]
[64.0, 0.0, 968.0, 678.0]
[64.0, 0.0, 969.0, 679.0]
[32.0, 0.0, 938.0, 680.0]
[16.0, 0.0, 923.0, 680.0]
[80.0, 0.0, 988.0, 681.0]
[80.0, 0.0, 989.0, 682.0]
[80.0, 0.0, 990.0, 682.0]
[32.0, 0.0, 943.0, 683.0]
