[64.0, 96.0, 602.0, 813.0]
[64.0, 128.0, 602.0, 846.0]
[64.0, 176.0, 603.0, 895.0]
[32.0, 80.0, 572.0, 800.0]
[32.0, 96.0, 573.0, 817.0]
[48.0, 112.0, 590.0, 834.0]
[112.0, 112.0, 654.0, 835.0]
[80.0, 64.0, 623.0, 788.0]
[96.0, 96.0, 640.0, 821.0]
[32.0, 64.0, 576.0, 790.0]
[96.0, 176.0, 641.0, 903.0]
[112.0, 64.0, 658.0, 792.0]
[112.0, 96.0, 659.0, 825.0]
[112.0, 128.0, 660.0, 858.0]
[32.0, 80.0, 580.0, 811.0]
[48.0, 112.0, 597.0, 844.0]
[128.0, 144.0, 678.0, 877.0]
[128.0, 64.0, 678.0, 798.0]
[48.0, 32.0, 599.0, 767.0]
[96.0, 16.0, 648.0, 752.0]
[96.0, 48.0, 649.0, 785.0]
[16.0, 48.0, 570.0, 786.0]
[64.0, 32.0, 618.0, 771.0]
[112.0, 32.0, 667.0, 772.0]
[32.0, 64.0, 588.0, 805.0]
[48.0, 192.0, 604.0, 934.0]
[80.0, 96.0, 637.0, 839.0]
[80.0, 160.0, 638.0, 904.0]
[32.0, 32.0, 591.0, 777.0]
[96.0, 144.0, 656.0, 890.0]
[80.0, 96.0, 640.0, 843.0]
[0.0, 112.0, 561.0, 860.0]
[64.0, 160.0, 626.0, 909.0]
[0.0, 80.0, 562.0, 830.0]
[0.0, 96.0, 563.0, 847.0]
[96.0, 144.0, 660.0, 896.0]
[48.0, 48.0, 613.0, 801.0]
[48.0, 160.0, 614.0, 914.0]
[96.0, 112.0, 662.0, 867.0]
[32.0, 160.0, 599.0, 916.0]
[112.0, 64.0, 680.0, 821.0]
[16.0, 96.0, 584.0, 854.0]
[96.0, 96.0, 665.0, 855.0]
[16.0, 80.0, 586.0, 840.0]
[80.0, 96.0, 651.0, 857.0]
[32.0, 64.0, 604.0, 826.0]
[16.0, 80.0, 588.0, 843.0]
[64.0, 80.0, 637.0, 844.0]
[96.0, 16.0, 670.0, 781.0]
[80.0, 80.0, 654.0, 846.0]
[96.0, 64.0, 671.0, 831.0]
[80.0, 160.0, 656.0, 928.0]
[48.0, 128.0, 625.0, 897.0]
[64.0, 192.0, 642.0, 962.0]
[64.0, 32.0, 642.0, 803.0]
[64.0, 160.0, 643.0, 932.0]
[48.0, 48.0, 628.0, 821.0]
[0.0, 80.0, 580.0, 854.0]
[16.0, 32.0, 597.0, 807.0]
[64.0, 16.0, 646.0, 792.0]
[16.0, 32.0, 599.0, 809.0]
[0.0, 160.0, 584.0, 938.0]
[32.0, 0.0, 616.0, 779.0]
[16.0, 144.0, 601.0, 924.0]
[16.0, 0.0, 602.0, 781.0]
[16.0, 144.0, 602.0, 926.0]
[0.0, 48.0, 587.0, 831.0]
[80.0, 112.0, 668.0, 896.0]
[48.0, 80.0, 637.0, 865.0]
[64.0, 112.0, 654.0, 898.0]
[0.0, 144.0, 590.0, 931.0]
[48.0, 192.0, 639.0, 980.0]
[48.0, 32.0, 640.0, 821.0]
[80.0, 96.0, 672.0, 886.0]
[48.0, 32.0, 641.0, 823.0]
[48.0, 160.0, 642.0, 952.0]
[80.0, 160.0, 675.0, 953.0]
[64.0, 80.0, 660.0, 874.0]
[16.0, 112.0, 612.0, 907.0]
[0.0, 160.0, 597.0, 956.0]
[80.0, 80.0, 678.0, 877.0]
[48.0, 176.0, 646.0, 974.0]
[0.0, 32.0, 599.0, 831.0]
[64.0, 96.0, 664.0, 896.0]
[16.0, 144.0, 617.0, 945.0]
[16.0, 48.0, 618.0, 850.0]
[32.0, 176.0, 634.0, 979.0]
[16.0, 144.0, 619.0, 948.0]
[48.0, 128.0, 652.0, 933.0]
[16.0, 0.0, 620.0, 806.0]
[16.0, 32.0, 621.0, 839.0]
[0.0, 160.0, 606.0, 968.0]
[16.0, 64.0, 623.0, 873.0]
[64.0, 32.0, 672.0, 842.0]
[64.0, 160.0, 672.0, 971.0]
[0.0, 112.0, 609.0, 924.0]
[48.0, 144.0, 658.0, 957.0]
[16.0, 128.0, 626.0, 942.0]
[32.0, 192.0, 643.0, 1007.0]
[48.0, 176.0, 660.0, 992.0]
[48.0, 0.0, 661.0, 817.0]
[48.0, 32.0, 662.0, 850.0]
[48.0, 112.0, 662.0, 931.0]
[16.0, 144.0, 631.0, 964.0]
[0.0, 96.0, 616.0, 917.0]
[32.0, 144.0, 648.0, 966.0]
[64.0, 48.0, 681.0, 871.0]
[16.0, 32.0, 634.0, 856.0]
[32.0, 128.0, 651.0, 953.0]
[0.0, 64.0, 620.0, 890.0]
[0.0, 0.0, 620.0, 827.0]
[32.0, 96.0, 653.0, 924.0]
[32.0, 96.0, 654.0, 925.0]
[32.0, 16.0, 654.0, 846.0]
[16.0, 80.0, 639.0, 911.0]
[48.0, 48.0, 672.0, 880.0]
[48.0, 64.0, 673.0, 897.0]
[16.0, 32.0, 642.0, 866.0]
[48.0, 64.0, 674.0, 899.0]
[48.0, 96.0, 675.0, 932.0]
[32.0, 160.0, 660.0, 997.0]
[48.0, 80.0, 676.0, 918.0]
[48.0, 160.0, 677.0, 999.0]
[0.0, 144.0, 630.0, 984.0]
[32.0, 0.0, 663.0, 841.0]
[32.0, 80.0, 664.0, 922.0]
[16.0, 144.0, 648.0, 987.0]
[0.0, 0.0, 633.0, 844.0]
[48.0, 112.0, 682.0, 957.0]
[16.0, 0.0, 650.0, 846.0]
[48.0, 64.0, 683.0, 911.0]
[0.0, 128.0, 636.0, 976.0]
[0.0, 48.0, 637.0, 897.0]
[32.0, 112.0, 670.0, 962.0]
[0.0, 16.0, 638.0, 867.0]
[0.0, 48.0, 639.0, 900.0]
[0.0, 64.0, 640.0, 917.0]
[0.0, 128.0, 640.0, 982.0]
[0.0, 160.0, 641.0, 1015.0]
[0.0, 96.0, 642.0, 952.0]
[32.0, 128.0, 675.0, 985.0]
[32.0, 64.0, 676.0, 922.0]
[16.0, 64.0, 660.0, 923.0]
[0.0, 80.0, 645.0, 940.0]
[16.0, 80.0, 662.0, 941.0]
[0.0, 128.0, 646.0, 990.0]
[16.0, 144.0, 663.0, 1007.0]
[0.0, 0.0, 648.0, 864.0]
[16.0, 96.0, 665.0, 961.0]
[16.0, 64.0, 666.0, 930.0]
[16.0, 144.0, 666.0, 1011.0]
[16.0, 112.0, 667.0, 980.0]
[0.0, 32.0, 652.0, 901.0]
[16.0, 16.0, 668.0, 886.0]
[0.0, 64.0, 653.0, 935.0]
[16.0, 32.0, 670.0, 904.0]
[0.0, 48.0, 655.0, 921.0]
[0.0, 96.0, 656.0, 970.0]
[16.0, 96.0, 672.0, 971.0]
[0.0, 0.0, 657.0, 876.0]
[16.0, 0.0, 674.0, 877.0]
[0.0, 144.0, 658.0, 1022.0]
[16.0, 80.0, 675.0, 959.0]
[0.0, 128.0, 660.0, 1008.0]
[16.0, 112.0, 677.0, 993.0]
[0.0, 0.0, 662.0, 882.0]
[0.0, 48.0, 662.0, 931.0]
[0.0, 0.0, 663.0, 884.0]
[16.0, 32.0, 680.0, 917.0]
[0.0, 64.0, 664.0, 950.0]
[0.0, 64.0, 665.0, 951.0]
[16.0, 96.0, 682.0, 984.0]
[0.0, 112.0, 667.0, 1001.0]
[0.0, 112.0, 668.0, 1002.0]
[0.0, 32.0, 668.0, 923.0]
[0.0, 96.0, 669.0, 988.0]
[0.0, 0.0, 670.0, 893.0]
[0.0, 64.0, 670.0, 958.0]
[0.0, 112.0, 671.0, 1007.0]
[0.0, 112.0, 672.0, 1008.0]
[0.0, 112.0, 673.0, 1009.0]
[0.0, 0.0, 674.0, 898.0]
[0.0, 64.0, 674.0, 963.0]
[0.0, 0.0, 675.0, 900.0]
[0.0, 0.0, 676.0, 901.0]
[0.0, 48.0, 676.0, 950.0]
[0.0, 112.0, 677.0, 1015.0]
[0.0, 0.0, 678.0, 904.0]
[0.0, 112.0, 679.0, 1017.0]
[0.0, 80.0, 680.0, 986.0]
[0.0, 48.0, 680.0, 955.0]
[0.0, 32.0, 681.0, 940.0]
[0.0, 16.0, 682.0, 925.0]
[0.0, 32.0, 682.0, 942.0]
[0.0, 112.0, 683.0, 1023.0]
