[16.0, 32.0, 733.0, 570.0]
[224.0, 32.0, 942.0, 570.0]
[256.0, 48.0, 975.0, 587.0]
[240.0, 16.0, 960.0, 556.0]
[224.0, 16.0, 945.0, 557.0]
[64.0, 16.0, 786.0, 558.0]
[96.0, 16.0, 819.0, 558.0]
[32.0, 32.0, 756.0, 575.0]
[48.0, 48.0, 773.0, 592.0]
[272.0, 32.0, 998.0, 576.0]
[224.0, 32.0, 951.0, 577.0]
[64.0, 0.0, 792.0, 546.0]
[64.0, 48.0, 793.0, 595.0]
[224.0, 48.0, 954.0, 596.0]
[256.0, 48.0, 987.0, 596.0]
[64.0, 32.0, 796.0, 581.0]
[96.0, 48.0, 829.0, 598.0]
[80.0, 0.0, 814.0, 550.0]
[256.0, 0.0, 991.0, 551.0]
[224.0, 0.0, 960.0, 552.0]
[144.0, 16.0, 881.0, 569.0]
[96.0, 0.0, 834.0, 554.0]
[208.0, 16.0, 947.0, 570.0]
[176.0, 32.0, 916.0, 587.0]
[176.0, 16.0, 917.0, 572.0]
[144.0, 0.0, 886.0, 556.0]
[224.0, 0.0, 967.0, 557.0]
[32.0, 32.0, 776.0, 590.0]
[48.0, 16.0, 793.0, 575.0]
[32.0, 16.0, 778.0, 576.0]
[80.0, 0.0, 827.0, 560.0]
[176.0, 0.0, 924.0, 561.0]
[32.0, 16.0, 781.0, 578.0]
[64.0, 32.0, 814.0, 594.0]
[16.0, 0.0, 767.0, 563.0]
[128.0, 32.0, 880.0, 596.0]
[128.0, 32.0, 881.0, 597.0]
[256.0, 16.0, 1010.0, 582.0]
[176.0, 16.0, 931.0, 582.0]
[16.0, 0.0, 772.0, 567.0]
[48.0, 16.0, 805.0, 584.0]
[96.0, 16.0, 854.0, 584.0]
[112.0, 48.0, 871.0, 617.0]
[208.0, 0.0, 968.0, 570.0]
[128.0, 32.0, 889.0, 603.0]
[240.0, 32.0, 1002.0, 604.0]
[48.0, 32.0, 811.0, 604.0]
[192.0, 32.0, 956.0, 605.0]
[112.0, 32.0, 877.0, 606.0]
[32.0, 16.0, 798.0, 590.0]
[112.0, 16.0, 879.0, 591.0]
[96.0, 0.0, 864.0, 576.0]
[64.0, 0.0, 833.0, 577.0]
[160.0, 32.0, 930.0, 610.0]
[192.0, 48.0, 963.0, 626.0]
[192.0, 32.0, 964.0, 611.0]
[112.0, 0.0, 885.0, 580.0]
[16.0, 32.0, 790.0, 612.0]
[128.0, 16.0, 903.0, 597.0]
[16.0, 16.0, 792.0, 598.0]
[0.0, 0.0, 777.0, 583.0]
[192.0, 16.0, 970.0, 600.0]
[112.0, 0.0, 891.0, 584.0]
[16.0, 32.0, 796.0, 617.0]
[176.0, 16.0, 957.0, 602.0]
[176.0, 32.0, 958.0, 618.0]
[96.0, 16.0, 879.0, 603.0]
[176.0, 16.0, 960.0, 604.0]
[128.0, 32.0, 913.0, 621.0]
[32.0, 32.0, 818.0, 622.0]
[96.0, 16.0, 883.0, 606.0]
[112.0, 48.0, 900.0, 639.0]
[128.0, 16.0, 917.0, 608.0]
[128.0, 0.0, 918.0, 592.0]
[128.0, 32.0, 919.0, 625.0]
[96.0, 16.0, 888.0, 610.0]
[96.0, 16.0, 889.0, 611.0]
[48.0, 16.0, 842.0, 612.0]
[48.0, 32.0, 843.0, 628.0]
[208.0, 0.0, 1004.0, 597.0]
[96.0, 32.0, 893.0, 630.0]
[160.0, 48.0, 958.0, 646.0]
[96.0, 0.0, 895.0, 599.0]
[64.0, 48.0, 864.0, 648.0]
[144.0, 32.0, 945.0, 633.0]
[128.0, 16.0, 930.0, 618.0]
[128.0, 32.0, 931.0, 634.0]
[176.0, 32.0, 980.0, 635.0]
[176.0, 32.0, 981.0, 636.0]
[160.0, 16.0, 966.0, 620.0]
[160.0, 0.0, 967.0, 605.0]
[16.0, 0.0, 824.0, 606.0]
[32.0, 16.0, 841.0, 623.0]
[32.0, 0.0, 842.0, 608.0]
[64.0, 16.0, 875.0, 624.0]
[96.0, 32.0, 908.0, 641.0]
[96.0, 16.0, 909.0, 626.0]
[128.0, 16.0, 942.0, 626.0]
[96.0, 0.0, 911.0, 611.0]
[64.0, 32.0, 880.0, 644.0]
[16.0, 16.0, 833.0, 629.0]
[192.0, 0.0, 1010.0, 614.0]
[144.0, 0.0, 963.0, 614.0]
[160.0, 16.0, 980.0, 631.0]
[0.0, 0.0, 821.0, 616.0]
[160.0, 32.0, 982.0, 648.0]
[144.0, 32.0, 967.0, 649.0]
[192.0, 16.0, 1016.0, 634.0]
[96.0, 16.0, 921.0, 635.0]
[32.0, 16.0, 858.0, 636.0]
[96.0, 16.0, 923.0, 636.0]
[192.0, 16.0, 1020.0, 637.0]
[32.0, 0.0, 861.0, 622.0]
[64.0, 16.0, 894.0, 638.0]
[16.0, 0.0, 847.0, 623.0]
[128.0, 0.0, 960.0, 624.0]
[16.0, 16.0, 849.0, 641.0]
[16.0, 0.0, 850.0, 626.0]
[16.0, 16.0, 851.0, 642.0]
[128.0, 0.0, 964.0, 627.0]
[32.0, 0.0, 869.0, 628.0]
[80.0, 0.0, 918.0, 628.0]
[64.0, 16.0, 903.0, 645.0]
[160.0, 16.0, 1000.0, 646.0]
[112.0, 0.0, 953.0, 631.0]
[48.0, 16.0, 890.0, 648.0]
[48.0, 0.0, 891.0, 632.0]
[128.0, 16.0, 972.0, 649.0]
[64.0, 0.0, 909.0, 634.0]
[16.0, 0.0, 862.0, 634.0]
[80.0, 0.0, 927.0, 635.0]
[16.0, 0.0, 864.0, 636.0]
[144.0, 0.0, 993.0, 637.0]
[64.0, 0.0, 914.0, 638.0]
[48.0, 0.0, 899.0, 638.0]
[80.0, 0.0, 932.0, 639.0]
[128.0, 0.0, 981.0, 640.0]
[160.0, 0.0, 1014.0, 640.0]
[96.0, 0.0, 951.0, 641.0]
[16.0, 0.0, 872.0, 642.0]
[160.0, 0.0, 1017.0, 643.0]
[32.0, 0.0, 890.0, 644.0]
[48.0, 0.0, 907.0, 644.0]
[64.0, 0.0, 924.0, 645.0]
[112.0, 0.0, 973.0, 646.0]
[112.0, 0.0, 974.0, 646.0]
[96.0, 0.0, 959.0, 647.0]
[16.0, 0.0, 880.0, 648.0]
[128.0, 0.0, 993.0, 649.0]
