[224.0, 112.0, 941.0, 650.0]
[128.0, 112.0, 846.0, 650.0]
[256.0, 128.0, 975.0, 667.0]
[160.0, 112.0, 880.0, 652.0]
[112.0, 128.0, 833.0, 669.0]
[272.0, 128.0, 994.0, 670.0]
[128.0, 96.0, 851.0, 638.0]
[240.0, 112.0, 964.0, 655.0]
[256.0, 128.0, 981.0, 672.0]
[128.0, 96.0, 854.0, 640.0]
[160.0, 96.0, 887.0, 641.0]
[64.0, 128.0, 792.0, 674.0]
[80.0, 128.0, 809.0, 675.0]
[176.0, 128.0, 906.0, 676.0]
[256.0, 112.0, 987.0, 660.0]
[32.0, 96.0, 764.0, 645.0]
[144.0, 128.0, 877.0, 678.0]
[64.0, 112.0, 798.0, 662.0]
[256.0, 96.0, 991.0, 647.0]
[144.0, 96.0, 880.0, 648.0]
[112.0, 112.0, 849.0, 665.0]
[80.0, 96.0, 818.0, 650.0]
[96.0, 96.0, 835.0, 650.0]
[80.0, 112.0, 820.0, 667.0]
[96.0, 112.0, 837.0, 668.0]
[256.0, 112.0, 998.0, 668.0]
[144.0, 96.0, 887.0, 653.0]
[64.0, 80.0, 808.0, 638.0]
[112.0, 112.0, 857.0, 671.0]
[112.0, 96.0, 858.0, 656.0]
[224.0, 80.0, 971.0, 640.0]
[176.0, 96.0, 924.0, 657.0]
[144.0, 80.0, 893.0, 642.0]
[80.0, 112.0, 830.0, 674.0]
[192.0, 112.0, 943.0, 675.0]
[192.0, 96.0, 944.0, 660.0]
[96.0, 96.0, 849.0, 661.0]
[208.0, 96.0, 962.0, 662.0]
[144.0, 80.0, 899.0, 646.0]
[96.0, 80.0, 852.0, 647.0]
[96.0, 80.0, 853.0, 648.0]
[128.0, 112.0, 886.0, 680.0]
[160.0, 80.0, 919.0, 649.0]
[128.0, 96.0, 888.0, 666.0]
[240.0, 96.0, 1001.0, 667.0]
[240.0, 96.0, 1002.0, 668.0]
[144.0, 80.0, 907.0, 652.0]
[128.0, 80.0, 892.0, 653.0]
[112.0, 80.0, 877.0, 654.0]
[160.0, 64.0, 926.0, 638.0]
[64.0, 64.0, 831.0, 639.0]
[48.0, 64.0, 816.0, 640.0]
[176.0, 96.0, 945.0, 673.0]
[192.0, 64.0, 962.0, 642.0]
[144.0, 64.0, 915.0, 642.0]
[224.0, 80.0, 996.0, 659.0]
[224.0, 96.0, 997.0, 676.0]
[32.0, 64.0, 806.0, 644.0]
[32.0, 64.0, 807.0, 645.0]
[160.0, 96.0, 936.0, 678.0]
[176.0, 64.0, 953.0, 647.0]
[192.0, 96.0, 970.0, 680.0]
[176.0, 96.0, 955.0, 680.0]
[192.0, 80.0, 972.0, 665.0]
[64.0, 80.0, 845.0, 666.0]
[144.0, 80.0, 926.0, 666.0]
[176.0, 64.0, 959.0, 651.0]
[176.0, 80.0, 960.0, 668.0]
[112.0, 80.0, 897.0, 669.0]
[192.0, 80.0, 978.0, 670.0]
[80.0, 64.0, 867.0, 654.0]
[160.0, 64.0, 948.0, 655.0]
[160.0, 80.0, 949.0, 672.0]
[176.0, 64.0, 966.0, 656.0]
[64.0, 64.0, 855.0, 657.0]
[144.0, 48.0, 936.0, 642.0]
[96.0, 48.0, 889.0, 643.0]
[48.0, 48.0, 842.0, 644.0]
[80.0, 64.0, 875.0, 660.0]
[48.0, 80.0, 844.0, 677.0]
[176.0, 64.0, 973.0, 662.0]
[112.0, 80.0, 910.0, 678.0]
[176.0, 64.0, 975.0, 663.0]
[64.0, 48.0, 864.0, 648.0]
[176.0, 64.0, 977.0, 665.0]
[64.0, 64.0, 866.0, 666.0]
[128.0, 64.0, 931.0, 666.0]
[128.0, 64.0, 932.0, 667.0]
[176.0, 32.0, 981.0, 636.0]
[144.0, 32.0, 950.0, 636.0]
[64.0, 48.0, 871.0, 653.0]
[48.0, 32.0, 856.0, 638.0]
[64.0, 64.0, 873.0, 671.0]
[112.0, 48.0, 922.0, 656.0]
[192.0, 64.0, 1003.0, 672.0]
[112.0, 32.0, 924.0, 641.0]
[32.0, 48.0, 845.0, 658.0]
[48.0, 48.0, 862.0, 658.0]
[128.0, 32.0, 943.0, 643.0]
[112.0, 32.0, 928.0, 644.0]
[160.0, 64.0, 977.0, 677.0]
[128.0, 32.0, 946.0, 646.0]
[80.0, 32.0, 899.0, 646.0]
[80.0, 32.0, 900.0, 647.0]
[48.0, 32.0, 869.0, 648.0]
[128.0, 32.0, 950.0, 648.0]
[144.0, 48.0, 967.0, 665.0]
[80.0, 48.0, 904.0, 666.0]
[48.0, 48.0, 873.0, 667.0]
[80.0, 32.0, 906.0, 652.0]
[160.0, 32.0, 987.0, 652.0]
[144.0, 32.0, 972.0, 653.0]
[64.0, 48.0, 893.0, 670.0]
[48.0, 16.0, 878.0, 638.0]
[80.0, 48.0, 911.0, 671.0]
[64.0, 16.0, 896.0, 640.0]
[112.0, 32.0, 945.0, 657.0]
[48.0, 32.0, 882.0, 658.0]
[80.0, 48.0, 915.0, 674.0]
[48.0, 16.0, 884.0, 643.0]
[144.0, 32.0, 981.0, 660.0]
[96.0, 16.0, 934.0, 644.0]
[144.0, 16.0, 983.0, 645.0]
[64.0, 16.0, 904.0, 646.0]
[144.0, 48.0, 985.0, 679.0]
[32.0, 16.0, 874.0, 648.0]
[32.0, 48.0, 875.0, 680.0]
[80.0, 32.0, 924.0, 665.0]
[64.0, 32.0, 909.0, 666.0]
[48.0, 16.0, 894.0, 650.0]
[48.0, 32.0, 895.0, 667.0]
[144.0, 16.0, 992.0, 652.0]
[48.0, 32.0, 897.0, 669.0]
[64.0, 16.0, 914.0, 654.0]
[48.0, 0.0, 899.0, 638.0]
[48.0, 32.0, 900.0, 671.0]
[128.0, 0.0, 981.0, 640.0]
[80.0, 0.0, 934.0, 640.0]
[128.0, 16.0, 983.0, 657.0]
[144.0, 32.0, 1000.0, 674.0]
[80.0, 32.0, 937.0, 675.0]
[144.0, 16.0, 1002.0, 660.0]
[32.0, 32.0, 891.0, 676.0]
[64.0, 16.0, 924.0, 661.0]
[112.0, 0.0, 973.0, 646.0]
[128.0, 16.0, 990.0, 662.0]
[64.0, 0.0, 927.0, 647.0]
[112.0, 0.0, 976.0, 648.0]
[48.0, 16.0, 913.0, 665.0]
[32.0, 0.0, 898.0, 650.0]
[64.0, 0.0, 931.0, 650.0]
[96.0, 16.0, 964.0, 667.0]
[80.0, 16.0, 949.0, 668.0]
[64.0, 16.0, 934.0, 668.0]
[128.0, 0.0, 999.0, 653.0]
[48.0, 16.0, 920.0, 670.0]
[96.0, 16.0, 969.0, 671.0]
[112.0, 16.0, 986.0, 672.0]
[96.0, 16.0, 971.0, 672.0]
[64.0, 16.0, 940.0, 673.0]
[48.0, 0.0, 925.0, 658.0]
[80.0, 0.0, 958.0, 658.0]
[80.0, 0.0, 959.0, 659.0]
[80.0, 16.0, 960.0, 676.0]
[80.0, 0.0, 961.0, 661.0]
[64.0, 0.0, 946.0, 662.0]
[48.0, 16.0, 931.0, 678.0]
[32.0, 0.0, 916.0, 663.0]
[32.0, 16.0, 917.0, 680.0]
[80.0, 16.0, 966.0, 680.0]
[32.0, 0.0, 919.0, 665.0]
[112.0, 0.0, 1000.0, 666.0]
[48.0, 0.0, 937.0, 667.0]
[112.0, 0.0, 1002.0, 668.0]
[64.0, 0.0, 955.0, 668.0]
[80.0, 0.0, 972.0, 669.0]
[48.0, 0.0, 941.0, 670.0]
[96.0, 0.0, 990.0, 670.0]
[32.0, 0.0, 927.0, 671.0]
[96.0, 0.0, 992.0, 672.0]
[80.0, 0.0, 977.0, 673.0]
[64.0, 0.0, 962.0, 674.0]
[80.0, 0.0, 979.0, 674.0]
[80.0, 0.0, 980.0, 675.0]
[96.0, 0.0, 997.0, 676.0]
[48.0, 0.0, 950.0, 676.0]
[32.0, 0.0, 935.0, 677.0]
[32.0, 0.0, 936.0, 678.0]
[64.0, 0.0, 969.0, 679.0]
[64.0, 0.0, 970.0, 680.0]
[96.0, 0.0, 1003.0, 680.0]
