[160.0, 128.0, 877.0, 666.0]
[160.0, 112.0, 878.0, 650.0]
[176.0, 64.0, 895.0, 603.0]
[160.0, 48.0, 880.0, 588.0]
[160.0, 64.0, 881.0, 605.0]
[160.0, 160.0, 882.0, 702.0]
[160.0, 128.0, 883.0, 670.0]
[144.0, 80.0, 868.0, 623.0]
[176.0, 128.0, 901.0, 672.0]
[144.0, 96.0, 870.0, 640.0]
[160.0, 160.0, 887.0, 705.0]
[128.0, 176.0, 856.0, 722.0]
[160.0, 16.0, 889.0, 563.0]
[112.0, 128.0, 842.0, 676.0]
[176.0, 96.0, 907.0, 644.0]
[160.0, 64.0, 892.0, 613.0]
[112.0, 160.0, 845.0, 710.0]
[160.0, 96.0, 894.0, 646.0]
[144.0, 96.0, 879.0, 647.0]
[144.0, 112.0, 880.0, 664.0]
[176.0, 144.0, 913.0, 697.0]
[144.0, 128.0, 882.0, 682.0]
[128.0, 160.0, 867.0, 714.0]
[96.0, 128.0, 836.0, 683.0]
[128.0, 96.0, 869.0, 652.0]
[112.0, 48.0, 854.0, 604.0]
[144.0, 48.0, 887.0, 605.0]
[160.0, 192.0, 904.0, 750.0]
[144.0, 112.0, 889.0, 671.0]
[128.0, 96.0, 874.0, 656.0]
[96.0, 160.0, 843.0, 720.0]
[96.0, 176.0, 844.0, 737.0]
[160.0, 144.0, 909.0, 706.0]
[112.0, 64.0, 862.0, 626.0]
[112.0, 144.0, 863.0, 707.0]
[176.0, 64.0, 928.0, 628.0]
[80.0, 96.0, 833.0, 661.0]
[128.0, 160.0, 882.0, 726.0]
[144.0, 96.0, 899.0, 662.0]
[176.0, 32.0, 932.0, 599.0]
[80.0, 32.0, 837.0, 600.0]
[160.0, 112.0, 918.0, 680.0]
[192.0, 112.0, 951.0, 681.0]
[80.0, 32.0, 840.0, 602.0]
[112.0, 64.0, 873.0, 635.0]
[144.0, 16.0, 906.0, 588.0]
[96.0, 80.0, 859.0, 652.0]
[128.0, 64.0, 892.0, 637.0]
[160.0, 80.0, 925.0, 654.0]
[128.0, 112.0, 894.0, 686.0]
[160.0, 128.0, 927.0, 703.0]
[160.0, 16.0, 928.0, 592.0]
[128.0, 128.0, 897.0, 705.0]
[160.0, 16.0, 930.0, 594.0]
[64.0, 144.0, 835.0, 722.0]
[80.0, 32.0, 852.0, 611.0]
[128.0, 144.0, 901.0, 724.0]
[160.0, 128.0, 934.0, 708.0]
[160.0, 128.0, 935.0, 709.0]
[160.0, 112.0, 936.0, 694.0]
[160.0, 112.0, 937.0, 695.0]
[96.0, 112.0, 874.0, 696.0]
[128.0, 80.0, 907.0, 664.0]
[176.0, 112.0, 956.0, 697.0]
[160.0, 48.0, 941.0, 634.0]
[64.0, 160.0, 846.0, 746.0]
[160.0, 144.0, 943.0, 731.0]
[112.0, 128.0, 896.0, 716.0]
[64.0, 144.0, 849.0, 733.0]
[80.0, 112.0, 866.0, 702.0]
[64.0, 80.0, 851.0, 670.0]
[160.0, 64.0, 948.0, 655.0]
[192.0, 112.0, 981.0, 704.0]
[80.0, 0.0, 870.0, 592.0]
[80.0, 96.0, 871.0, 689.0]
[128.0, 48.0, 920.0, 642.0]
[176.0, 80.0, 969.0, 675.0]
[64.0, 96.0, 858.0, 692.0]
[80.0, 32.0, 875.0, 628.0]
[96.0, 128.0, 892.0, 725.0]
[176.0, 144.0, 973.0, 742.0]
[80.0, 160.0, 878.0, 758.0]
[96.0, 160.0, 895.0, 759.0]
[128.0, 0.0, 928.0, 600.0]
[160.0, 144.0, 961.0, 745.0]
[96.0, 144.0, 898.0, 746.0]
[96.0, 112.0, 899.0, 714.0]
[96.0, 128.0, 900.0, 731.0]
[112.0, 0.0, 917.0, 604.0]
[112.0, 112.0, 918.0, 716.0]
[64.0, 0.0, 871.0, 605.0]
[32.0, 48.0, 840.0, 654.0]
[48.0, 128.0, 857.0, 735.0]
[48.0, 128.0, 858.0, 736.0]
[96.0, 112.0, 907.0, 720.0]
[96.0, 0.0, 908.0, 609.0]
[176.0, 32.0, 989.0, 642.0]
[128.0, 48.0, 942.0, 658.0]
[48.0, 48.0, 863.0, 659.0]
[192.0, 32.0, 1008.0, 644.0]
[80.0, 32.0, 897.0, 645.0]
[48.0, 32.0, 866.0, 646.0]
[144.0, 144.0, 963.0, 758.0]
[128.0, 112.0, 948.0, 727.0]
[128.0, 96.0, 949.0, 712.0]
[112.0, 144.0, 934.0, 760.0]
[128.0, 96.0, 951.0, 713.0]
[80.0, 0.0, 904.0, 618.0]
[112.0, 48.0, 937.0, 667.0]
[112.0, 80.0, 938.0, 700.0]
[96.0, 96.0, 923.0, 716.0]
[144.0, 128.0, 972.0, 749.0]
[112.0, 128.0, 941.0, 750.0]
[0.0, 64.0, 830.0, 686.0]
[160.0, 128.0, 991.0, 751.0]
[80.0, 128.0, 912.0, 752.0]
[48.0, 48.0, 881.0, 673.0]
[176.0, 80.0, 1010.0, 706.0]
[80.0, 32.0, 915.0, 658.0]
[144.0, 112.0, 980.0, 739.0]
[128.0, 48.0, 965.0, 676.0]
[32.0, 128.0, 870.0, 756.0]
[80.0, 64.0, 919.0, 693.0]
[32.0, 112.0, 872.0, 742.0]
[96.0, 64.0, 937.0, 695.0]
[144.0, 32.0, 986.0, 664.0]
[0.0, 80.0, 843.0, 712.0]
[80.0, 64.0, 924.0, 697.0]
[144.0, 112.0, 989.0, 746.0]
[16.0, 48.0, 862.0, 682.0]
[64.0, 48.0, 911.0, 683.0]
[64.0, 48.0, 912.0, 684.0]
[160.0, 64.0, 1009.0, 701.0]
[32.0, 0.0, 882.0, 638.0]
[160.0, 16.0, 1011.0, 654.0]
[0.0, 48.0, 852.0, 687.0]
[48.0, 48.0, 901.0, 688.0]
[32.0, 80.0, 886.0, 720.0]
[48.0, 16.0, 903.0, 657.0]
[0.0, 96.0, 856.0, 738.0]
[128.0, 0.0, 985.0, 643.0]
[32.0, 64.0, 890.0, 708.0]
[112.0, 48.0, 971.0, 692.0]
[80.0, 96.0, 940.0, 741.0]
[128.0, 32.0, 989.0, 678.0]
[64.0, 32.0, 926.0, 678.0]
[0.0, 32.0, 863.0, 679.0]
[112.0, 80.0, 976.0, 728.0]
[144.0, 16.0, 1009.0, 665.0]
[64.0, 112.0, 930.0, 762.0]
[96.0, 96.0, 963.0, 746.0]
[144.0, 32.0, 1012.0, 683.0]
[48.0, 112.0, 917.0, 764.0]
[96.0, 112.0, 966.0, 764.0]
[96.0, 32.0, 967.0, 685.0]
[48.0, 80.0, 920.0, 734.0]
[80.0, 0.0, 953.0, 655.0]
[96.0, 96.0, 970.0, 752.0]
[32.0, 16.0, 907.0, 672.0]
[0.0, 64.0, 876.0, 721.0]
[144.0, 64.0, 1021.0, 722.0]
[32.0, 32.0, 910.0, 690.0]
[128.0, 64.0, 1007.0, 723.0]
[0.0, 64.0, 880.0, 724.0]
[112.0, 80.0, 993.0, 741.0]
[48.0, 48.0, 930.0, 710.0]
[112.0, 96.0, 995.0, 758.0]
[0.0, 96.0, 884.0, 759.0]
[128.0, 80.0, 1013.0, 744.0]
[128.0, 80.0, 1014.0, 744.0]
[0.0, 0.0, 887.0, 665.0]
[112.0, 48.0, 1000.0, 714.0]
[48.0, 48.0, 937.0, 715.0]
[32.0, 64.0, 922.0, 732.0]
[16.0, 32.0, 907.0, 700.0]
[112.0, 16.0, 1004.0, 685.0]
[64.0, 32.0, 957.0, 702.0]
[80.0, 16.0, 974.0, 686.0]
[16.0, 16.0, 911.0, 687.0]
[112.0, 32.0, 1008.0, 704.0]
[16.0, 0.0, 913.0, 673.0]
[64.0, 64.0, 962.0, 738.0]
[48.0, 0.0, 947.0, 674.0]
[32.0, 64.0, 932.0, 739.0]
[80.0, 0.0, 981.0, 676.0]
[32.0, 16.0, 934.0, 692.0]
[64.0, 32.0, 967.0, 709.0]
[112.0, 16.0, 1016.0, 694.0]
[64.0, 64.0, 969.0, 743.0]
[16.0, 64.0, 922.0, 744.0]
[64.0, 80.0, 971.0, 760.0]
[112.0, 80.0, 1020.0, 761.0]
[48.0, 0.0, 957.0, 682.0]
[112.0, 80.0, 1022.0, 762.0]
[32.0, 80.0, 943.0, 763.0]
[112.0, 48.0, 1024.0, 732.0]
[16.0, 0.0, 929.0, 685.0]
[0.0, 0.0, 914.0, 686.0]
[96.0, 16.0, 1011.0, 702.0]
[32.0, 32.0, 948.0, 719.0]
[48.0, 0.0, 965.0, 688.0]
[0.0, 32.0, 918.0, 720.0]
[64.0, 32.0, 983.0, 721.0]
[80.0, 16.0, 1000.0, 706.0]
[64.0, 48.0, 985.0, 739.0]
[96.0, 0.0, 1018.0, 692.0]
[0.0, 32.0, 923.0, 724.0]
[48.0, 16.0, 972.0, 709.0]
[80.0, 0.0, 1005.0, 694.0]
[16.0, 16.0, 942.0, 710.0]
[96.0, 64.0, 1023.0, 759.0]
[32.0, 48.0, 960.0, 744.0]
[0.0, 48.0, 929.0, 745.0]
[64.0, 0.0, 994.0, 698.0]
[16.0, 32.0, 947.0, 730.0]
[32.0, 32.0, 964.0, 731.0]
[16.0, 48.0, 949.0, 748.0]
[80.0, 16.0, 1014.0, 716.0]
[80.0, 64.0, 1015.0, 765.0]
[16.0, 0.0, 952.0, 702.0]
[32.0, 0.0, 969.0, 703.0]
[16.0, 16.0, 954.0, 720.0]
[16.0, 16.0, 955.0, 720.0]
[16.0, 32.0, 956.0, 737.0]
[0.0, 0.0, 941.0, 706.0]
[32.0, 0.0, 974.0, 706.0]
[0.0, 48.0, 943.0, 755.0]
[48.0, 32.0, 992.0, 740.0]
[48.0, 48.0, 993.0, 757.0]
[0.0, 32.0, 946.0, 742.0]
[0.0, 48.0, 947.0, 758.0]
[48.0, 32.0, 996.0, 743.0]
[0.0, 32.0, 949.0, 744.0]
[0.0, 0.0, 950.0, 712.0]
[48.0, 0.0, 999.0, 713.0]
[16.0, 0.0, 968.0, 714.0]
[0.0, 32.0, 953.0, 747.0]
[64.0, 32.0, 1018.0, 748.0]
[64.0, 16.0, 1019.0, 732.0]
[32.0, 48.0, 988.0, 765.0]
[64.0, 0.0, 1021.0, 718.0]
[32.0, 32.0, 990.0, 750.0]
[16.0, 0.0, 975.0, 719.0]
[64.0, 48.0, 1024.0, 768.0]
[32.0, 32.0, 993.0, 753.0]
[32.0, 16.0, 994.0, 738.0]
[0.0, 0.0, 963.0, 722.0]
[32.0, 16.0, 996.0, 739.0]
[0.0, 32.0, 965.0, 756.0]
[0.0, 16.0, 966.0, 740.0]
[0.0, 16.0, 967.0, 741.0]
[48.0, 0.0, 1016.0, 726.0]
[16.0, 32.0, 985.0, 759.0]
[48.0, 32.0, 1018.0, 760.0]
[16.0, 32.0, 987.0, 760.0]
[0.0, 16.0, 972.0, 745.0]
[0.0, 0.0, 973.0, 730.0]
[48.0, 32.0, 1022.0, 762.0]
[16.0, 0.0, 991.0, 731.0]
[16.0, 32.0, 992.0, 764.0]
[0.0, 32.0, 977.0, 765.0]
[16.0, 16.0, 994.0, 750.0]
[16.0, 16.0, 995.0, 750.0]
[0.0, 0.0, 980.0, 735.0]
[32.0, 16.0, 1013.0, 752.0]
[16.0, 0.0, 998.0, 736.0]
[16.0, 16.0, 999.0, 753.0]
[16.0, 16.0, 1000.0, 754.0]
[32.0, 0.0, 1017.0, 739.0]
[32.0, 0.0, 1018.0, 740.0]
[0.0, 0.0, 987.0, 740.0]
[16.0, 0.0, 1004.0, 741.0]
[0.0, 0.0, 989.0, 742.0]
[16.0, 16.0, 1006.0, 758.0]
[32.0, 0.0, 1023.0, 743.0]
[32.0, 16.0, 1024.0, 760.0]
[16.0, 0.0, 1009.0, 745.0]
[0.0, 0.0, 994.0, 746.0]
[16.0, 16.0, 1011.0, 762.0]
[16.0, 0.0, 1012.0, 747.0]
[0.0, 16.0, 997.0, 764.0]
[16.0, 0.0, 1014.0, 748.0]
[16.0, 0.0, 1015.0, 749.0]
[0.0, 0.0, 1000.0, 750.0]
[0.0, 0.0, 1001.0, 751.0]
[0.0, 0.0, 1002.0, 752.0]
[0.0, 0.0, 1003.0, 752.0]
[16.0, 0.0, 1020.0, 753.0]
[0.0, 0.0, 1005.0, 754.0]
[0.0, 0.0, 1006.0, 754.0]
[0.0, 0.0, 1007.0, 755.0]
[16.0, 0.0, 1024.0, 756.0]
[0.0, 0.0, 1009.0, 757.0]
[0.0, 0.0, 1010.0, 758.0]
[0.0, 0.0, 1011.0, 758.0]
[0.0, 0.0, 1012.0, 759.0]
[0.0, 0.0, 1013.0, 760.0]
[0.0, 0.0, 1014.0, 760.0]
