[128.0, 80.0, 845.0, 618.0]
[128.0, 32.0, 846.0, 570.0]
[64.0, 144.0, 783.0, 683.0]
[64.0, 16.0, 784.0, 556.0]
[144.0, 64.0, 865.0, 605.0]
[80.0, 80.0, 802.0, 622.0]
[112.0, 32.0, 835.0, 574.0]
[80.0, 32.0, 804.0, 575.0]
[32.0, 16.0, 757.0, 560.0]
[128.0, 16.0, 854.0, 560.0]
[48.0, 128.0, 775.0, 673.0]
[64.0, 80.0, 792.0, 626.0]
[48.0, 112.0, 777.0, 659.0]
[32.0, 32.0, 762.0, 580.0]
[32.0, 128.0, 763.0, 676.0]
[0.0, 128.0, 732.0, 677.0]
[112.0, 48.0, 845.0, 598.0]
[0.0, 48.0, 734.0, 598.0]
[64.0, 112.0, 799.0, 663.0]
[32.0, 32.0, 768.0, 584.0]
[96.0, 96.0, 833.0, 649.0]
[96.0, 112.0, 834.0, 666.0]
[64.0, 0.0, 803.0, 554.0]
[0.0, 32.0, 740.0, 587.0]
[80.0, 0.0, 821.0, 556.0]
[80.0, 112.0, 822.0, 668.0]
[32.0, 16.0, 775.0, 573.0]
[144.0, 96.0, 888.0, 654.0]
[64.0, 16.0, 809.0, 575.0]
[144.0, 96.0, 890.0, 656.0]
[16.0, 64.0, 763.0, 624.0]
[80.0, 48.0, 828.0, 609.0]
[32.0, 48.0, 781.0, 610.0]
[112.0, 64.0, 862.0, 626.0]
[32.0, 0.0, 783.0, 563.0]
[32.0, 80.0, 784.0, 644.0]
[80.0, 48.0, 833.0, 613.0]
[32.0, 96.0, 786.0, 662.0]
[64.0, 80.0, 819.0, 646.0]
[32.0, 96.0, 788.0, 663.0]
[32.0, 16.0, 789.0, 584.0]
[80.0, 80.0, 838.0, 648.0]
[32.0, 0.0, 791.0, 569.0]
[64.0, 32.0, 824.0, 602.0]
[32.0, 112.0, 793.0, 683.0]
[64.0, 32.0, 826.0, 604.0]
[16.0, 48.0, 779.0, 620.0]
[80.0, 16.0, 844.0, 589.0]
[0.0, 0.0, 765.0, 574.0]
[0.0, 96.0, 766.0, 670.0]
[48.0, 48.0, 815.0, 623.0]
[144.0, 64.0, 912.0, 640.0]
[16.0, 48.0, 785.0, 625.0]
[96.0, 96.0, 866.0, 674.0]
[112.0, 48.0, 883.0, 626.0]
[64.0, 0.0, 836.0, 579.0]
[64.0, 48.0, 837.0, 628.0]
[96.0, 64.0, 870.0, 644.0]
[16.0, 96.0, 791.0, 677.0]
[80.0, 16.0, 856.0, 598.0]
[144.0, 64.0, 921.0, 647.0]
[128.0, 80.0, 906.0, 664.0]
[48.0, 32.0, 827.0, 616.0]
[0.0, 96.0, 780.0, 681.0]
[80.0, 32.0, 861.0, 618.0]
[144.0, 48.0, 926.0, 634.0]
[32.0, 80.0, 815.0, 667.0]
[48.0, 80.0, 832.0, 668.0]
[96.0, 96.0, 881.0, 685.0]
[144.0, 64.0, 930.0, 654.0]
[112.0, 80.0, 899.0, 670.0]
[16.0, 32.0, 804.0, 623.0]
[0.0, 48.0, 789.0, 640.0]
[96.0, 0.0, 886.0, 592.0]
[96.0, 32.0, 887.0, 625.0]
[96.0, 32.0, 888.0, 626.0]
[80.0, 64.0, 873.0, 659.0]
[80.0, 80.0, 874.0, 676.0]
[0.0, 16.0, 795.0, 612.0]
[80.0, 0.0, 876.0, 597.0]
[32.0, 32.0, 829.0, 630.0]
[48.0, 48.0, 846.0, 646.0]
[64.0, 64.0, 863.0, 663.0]
[16.0, 64.0, 816.0, 664.0]
[0.0, 64.0, 801.0, 665.0]
[32.0, 80.0, 834.0, 682.0]
[32.0, 48.0, 835.0, 650.0]
[80.0, 16.0, 884.0, 619.0]
[48.0, 80.0, 853.0, 684.0]
[112.0, 48.0, 918.0, 652.0]
[96.0, 48.0, 903.0, 653.0]
[128.0, 64.0, 936.0, 670.0]
[112.0, 48.0, 921.0, 655.0]
[112.0, 48.0, 922.0, 656.0]
[16.0, 48.0, 827.0, 656.0]
[80.0, 0.0, 892.0, 609.0]
[32.0, 32.0, 845.0, 642.0]
[112.0, 64.0, 926.0, 674.0]
[48.0, 32.0, 863.0, 643.0]
[0.0, 32.0, 816.0, 644.0]
[32.0, 64.0, 849.0, 677.0]
[48.0, 32.0, 866.0, 646.0]
[16.0, 64.0, 835.0, 678.0]
[48.0, 16.0, 868.0, 631.0]
[80.0, 48.0, 901.0, 664.0]
[80.0, 32.0, 902.0, 648.0]
[144.0, 32.0, 967.0, 649.0]
[0.0, 16.0, 824.0, 634.0]
[112.0, 64.0, 937.0, 683.0]
[80.0, 32.0, 906.0, 652.0]
[0.0, 64.0, 827.0, 684.0]
[112.0, 16.0, 940.0, 637.0]
[128.0, 48.0, 957.0, 670.0]
[128.0, 16.0, 958.0, 638.0]
[0.0, 48.0, 831.0, 671.0]
[64.0, 16.0, 896.0, 640.0]
[112.0, 0.0, 945.0, 625.0]
[32.0, 32.0, 866.0, 658.0]
[80.0, 16.0, 915.0, 642.0]
[112.0, 32.0, 948.0, 659.0]
[112.0, 16.0, 949.0, 644.0]
[16.0, 0.0, 854.0, 628.0]
[128.0, 16.0, 967.0, 645.0]
[80.0, 32.0, 920.0, 662.0]
[112.0, 48.0, 953.0, 679.0]
[0.0, 48.0, 842.0, 680.0]
[64.0, 0.0, 907.0, 632.0]
[64.0, 16.0, 908.0, 649.0]
[64.0, 16.0, 909.0, 650.0]
[48.0, 32.0, 894.0, 666.0]
[48.0, 32.0, 895.0, 667.0]
[80.0, 48.0, 928.0, 684.0]
[80.0, 48.0, 929.0, 685.0]
[128.0, 32.0, 978.0, 670.0]
[32.0, 16.0, 883.0, 654.0]
[32.0, 16.0, 884.0, 655.0]
[64.0, 0.0, 917.0, 640.0]
[112.0, 32.0, 966.0, 672.0]
[48.0, 32.0, 903.0, 673.0]
[64.0, 32.0, 920.0, 674.0]
[32.0, 16.0, 889.0, 659.0]
[48.0, 16.0, 906.0, 660.0]
[64.0, 32.0, 923.0, 676.0]
[32.0, 32.0, 892.0, 677.0]
[112.0, 16.0, 973.0, 662.0]
[64.0, 0.0, 926.0, 646.0]
[80.0, 0.0, 943.0, 647.0]
[16.0, 0.0, 880.0, 648.0]
[112.0, 32.0, 977.0, 681.0]
[80.0, 32.0, 946.0, 682.0]
[64.0, 0.0, 931.0, 650.0]
[48.0, 16.0, 916.0, 667.0]
[96.0, 16.0, 965.0, 668.0]
[80.0, 0.0, 950.0, 652.0]
[48.0, 0.0, 919.0, 653.0]
[96.0, 16.0, 968.0, 670.0]
[96.0, 16.0, 969.0, 671.0]
[64.0, 0.0, 938.0, 656.0]
[32.0, 16.0, 907.0, 672.0]
[80.0, 0.0, 956.0, 657.0]
[16.0, 16.0, 893.0, 674.0]
[0.0, 0.0, 878.0, 658.0]
[64.0, 0.0, 943.0, 659.0]
[32.0, 0.0, 912.0, 660.0]
[32.0, 0.0, 913.0, 661.0]
[96.0, 16.0, 978.0, 678.0]
[80.0, 0.0, 963.0, 662.0]
[64.0, 16.0, 948.0, 679.0]
[96.0, 16.0, 981.0, 680.0]
[0.0, 16.0, 886.0, 680.0]
[64.0, 0.0, 951.0, 665.0]
[32.0, 16.0, 920.0, 682.0]
[64.0, 16.0, 953.0, 683.0]
[16.0, 0.0, 906.0, 668.0]
[32.0, 16.0, 923.0, 684.0]
[48.0, 0.0, 940.0, 669.0]
[80.0, 0.0, 973.0, 670.0]
[64.0, 0.0, 958.0, 670.0]
[48.0, 0.0, 943.0, 671.0]
[80.0, 0.0, 976.0, 672.0]
[96.0, 0.0, 993.0, 673.0]
[32.0, 0.0, 930.0, 674.0]
[0.0, 0.0, 899.0, 674.0]
[16.0, 0.0, 916.0, 675.0]
[48.0, 0.0, 949.0, 676.0]
[0.0, 0.0, 902.0, 676.0]
[80.0, 0.0, 983.0, 677.0]
[16.0, 0.0, 920.0, 678.0]
[80.0, 0.0, 985.0, 679.0]
[16.0, 0.0, 922.0, 680.0]
[80.0, 0.0, 987.0, 680.0]
[80.0, 0.0, 988.0, 681.0]
[32.0, 0.0, 941.0, 682.0]
[0.0, 0.0, 910.0, 682.0]
[0.0, 0.0, 911.0, 683.0]
[64.0, 0.0, 976.0, 684.0]
[0.0, 0.0, 913.0, 685.0]
