[256.0, 32.0, 973.0, 570.0]
[80.0, 80.0, 798.0, 618.0]
[192.0, 32.0, 911.0, 571.0]
[176.0, 112.0, 896.0, 652.0]
[128.0, 32.0, 849.0, 573.0]
[240.0, 48.0, 962.0, 590.0]
[128.0, 64.0, 851.0, 606.0]
[192.0, 0.0, 916.0, 543.0]
[224.0, 64.0, 949.0, 608.0]
[192.0, 16.0, 918.0, 560.0]
[96.0, 16.0, 823.0, 561.0]
[96.0, 16.0, 824.0, 562.0]
[208.0, 64.0, 937.0, 611.0]
[32.0, 48.0, 762.0, 596.0]
[64.0, 0.0, 795.0, 548.0]
[192.0, 32.0, 924.0, 581.0]
[160.0, 112.0, 893.0, 662.0]
[176.0, 96.0, 910.0, 646.0]
[192.0, 64.0, 927.0, 615.0]
[160.0, 80.0, 896.0, 632.0]
[144.0, 64.0, 881.0, 617.0]
[48.0, 16.0, 786.0, 570.0]
[160.0, 48.0, 899.0, 602.0]
[64.0, 48.0, 804.0, 603.0]
[112.0, 112.0, 853.0, 668.0]
[208.0, 32.0, 950.0, 588.0]
[160.0, 0.0, 903.0, 557.0]
[48.0, 0.0, 792.0, 558.0]
[224.0, 16.0, 969.0, 575.0]
[16.0, 32.0, 762.0, 592.0]
[160.0, 80.0, 907.0, 640.0]
[96.0, 96.0, 844.0, 657.0]
[176.0, 96.0, 925.0, 658.0]
[128.0, 16.0, 878.0, 578.0]
[112.0, 16.0, 863.0, 579.0]
[224.0, 64.0, 976.0, 628.0]
[160.0, 112.0, 913.0, 677.0]
[240.0, 16.0, 994.0, 582.0]
[144.0, 0.0, 899.0, 566.0]
[240.0, 32.0, 996.0, 599.0]
[112.0, 96.0, 869.0, 664.0]
[64.0, 32.0, 822.0, 600.0]
[16.0, 16.0, 775.0, 585.0]
[176.0, 32.0, 936.0, 602.0]
[144.0, 16.0, 905.0, 587.0]
[96.0, 80.0, 858.0, 652.0]
[192.0, 64.0, 955.0, 636.0]
[144.0, 48.0, 908.0, 621.0]
[96.0, 0.0, 861.0, 574.0]
[96.0, 32.0, 862.0, 606.0]
[16.0, 32.0, 783.0, 607.0]
[16.0, 32.0, 784.0, 608.0]
[80.0, 0.0, 849.0, 577.0]
[176.0, 48.0, 946.0, 626.0]
[112.0, 64.0, 883.0, 642.0]
[176.0, 32.0, 948.0, 611.0]
[96.0, 48.0, 869.0, 628.0]
[32.0, 0.0, 806.0, 580.0]
[64.0, 48.0, 839.0, 629.0]
[64.0, 48.0, 840.0, 630.0]
[80.0, 64.0, 857.0, 647.0]
[208.0, 16.0, 986.0, 600.0]
[160.0, 0.0, 939.0, 584.0]
[192.0, 48.0, 972.0, 633.0]
[192.0, 0.0, 973.0, 586.0]
[176.0, 80.0, 958.0, 666.0]
[112.0, 16.0, 895.0, 603.0]
[176.0, 32.0, 960.0, 620.0]
[80.0, 64.0, 865.0, 653.0]
[192.0, 48.0, 978.0, 638.0]
[112.0, 32.0, 899.0, 622.0]
[112.0, 0.0, 900.0, 591.0]
[208.0, 16.0, 997.0, 608.0]
[16.0, 16.0, 806.0, 608.0]
[0.0, 16.0, 791.0, 609.0]
[128.0, 80.0, 920.0, 674.0]
[128.0, 16.0, 921.0, 611.0]
[144.0, 80.0, 938.0, 676.0]
[16.0, 16.0, 811.0, 612.0]
[64.0, 64.0, 860.0, 661.0]
[144.0, 0.0, 941.0, 598.0]
[16.0, 48.0, 814.0, 646.0]
[48.0, 48.0, 847.0, 647.0]
[144.0, 64.0, 944.0, 664.0]
[144.0, 64.0, 945.0, 665.0]
[144.0, 0.0, 946.0, 602.0]
[176.0, 32.0, 979.0, 634.0]
[0.0, 16.0, 804.0, 619.0]
[96.0, 0.0, 901.0, 604.0]
[160.0, 16.0, 966.0, 620.0]
[208.0, 32.0, 1015.0, 637.0]
[176.0, 0.0, 984.0, 606.0]
[176.0, 0.0, 985.0, 607.0]
[128.0, 48.0, 938.0, 656.0]
[192.0, 16.0, 1003.0, 624.0]
[128.0, 32.0, 940.0, 641.0]
[112.0, 16.0, 925.0, 626.0]
[160.0, 48.0, 974.0, 658.0]
[144.0, 0.0, 959.0, 611.0]
[192.0, 32.0, 1008.0, 644.0]
[112.0, 32.0, 929.0, 645.0]
[176.0, 48.0, 994.0, 662.0]
[96.0, 32.0, 915.0, 646.0]
[160.0, 0.0, 980.0, 615.0]
[112.0, 32.0, 933.0, 648.0]
[16.0, 32.0, 838.0, 648.0]
[32.0, 16.0, 855.0, 633.0]
[16.0, 0.0, 840.0, 618.0]
[48.0, 32.0, 873.0, 651.0]
[80.0, 0.0, 906.0, 620.0]
[80.0, 48.0, 907.0, 668.0]
[112.0, 0.0, 940.0, 621.0]
[80.0, 16.0, 909.0, 638.0]
[0.0, 0.0, 830.0, 622.0]
[0.0, 16.0, 831.0, 639.0]
[112.0, 48.0, 944.0, 672.0]
[128.0, 0.0, 961.0, 625.0]
[160.0, 0.0, 994.0, 626.0]
[160.0, 48.0, 995.0, 674.0]
[80.0, 48.0, 916.0, 675.0]
[128.0, 16.0, 965.0, 644.0]
[144.0, 32.0, 982.0, 660.0]
[176.0, 32.0, 1015.0, 661.0]
[160.0, 48.0, 1000.0, 678.0]
[0.0, 0.0, 841.0, 631.0]
[144.0, 0.0, 986.0, 632.0]
[32.0, 16.0, 875.0, 648.0]
[96.0, 32.0, 940.0, 665.0]
[80.0, 48.0, 925.0, 682.0]
[176.0, 32.0, 1022.0, 666.0]
[16.0, 0.0, 863.0, 635.0]
[144.0, 32.0, 992.0, 668.0]
[0.0, 0.0, 849.0, 637.0]
[0.0, 16.0, 850.0, 654.0]
[128.0, 32.0, 979.0, 670.0]
[64.0, 32.0, 916.0, 671.0]
[80.0, 0.0, 933.0, 640.0]
[0.0, 16.0, 854.0, 656.0]
[160.0, 32.0, 1015.0, 673.0]
[64.0, 16.0, 920.0, 658.0]
[32.0, 0.0, 889.0, 643.0]
[160.0, 16.0, 1018.0, 660.0]
[48.0, 0.0, 907.0, 644.0]
[32.0, 0.0, 892.0, 645.0]
[128.0, 0.0, 989.0, 646.0]
[112.0, 0.0, 974.0, 646.0]
[0.0, 32.0, 863.0, 679.0]
[64.0, 32.0, 928.0, 680.0]
[48.0, 0.0, 913.0, 649.0]
[32.0, 16.0, 898.0, 666.0]
[112.0, 32.0, 979.0, 682.0]
[128.0, 32.0, 996.0, 683.0]
[48.0, 0.0, 917.0, 652.0]
[0.0, 0.0, 870.0, 652.0]
[96.0, 16.0, 967.0, 669.0]
[128.0, 0.0, 1000.0, 654.0]
[128.0, 0.0, 1001.0, 655.0]
[112.0, 16.0, 986.0, 672.0]
[96.0, 16.0, 971.0, 672.0]
[16.0, 16.0, 892.0, 673.0]
[80.0, 0.0, 957.0, 658.0]
[144.0, 16.0, 1022.0, 674.0]
[128.0, 0.0, 1007.0, 659.0]
[112.0, 0.0, 992.0, 660.0]
[128.0, 16.0, 1009.0, 677.0]
[16.0, 16.0, 898.0, 678.0]
[64.0, 0.0, 947.0, 662.0]
[64.0, 0.0, 948.0, 663.0]
[16.0, 0.0, 901.0, 664.0]
[16.0, 0.0, 902.0, 664.0]
[112.0, 16.0, 999.0, 681.0]
[112.0, 0.0, 1000.0, 666.0]
[48.0, 0.0, 937.0, 667.0]
[96.0, 0.0, 986.0, 668.0]
[80.0, 0.0, 971.0, 668.0]
[48.0, 0.0, 940.0, 669.0]
[80.0, 0.0, 973.0, 670.0]
[64.0, 0.0, 958.0, 670.0]
[96.0, 0.0, 991.0, 671.0]
[64.0, 0.0, 960.0, 672.0]
[0.0, 0.0, 897.0, 673.0]
[64.0, 0.0, 962.0, 674.0]
[48.0, 0.0, 947.0, 674.0]
[32.0, 0.0, 932.0, 675.0]
[96.0, 0.0, 997.0, 676.0]
[112.0, 0.0, 1014.0, 676.0]
[48.0, 0.0, 951.0, 677.0]
[80.0, 0.0, 984.0, 678.0]
[64.0, 0.0, 969.0, 679.0]
[96.0, 0.0, 1002.0, 680.0]
[96.0, 0.0, 1003.0, 680.0]
[48.0, 0.0, 956.0, 681.0]
[80.0, 0.0, 989.0, 682.0]
[112.0, 0.0, 1022.0, 682.0]
[32.0, 0.0, 943.0, 683.0]
