[48.0, 192.0, 765.0, 730.0]
[256.0, 176.0, 974.0, 714.0]
[144.0, 176.0, 863.0, 715.0]
[240.0, 192.0, 960.0, 732.0]
[256.0, 176.0, 977.0, 717.0]
[32.0, 192.0, 754.0, 734.0]
[240.0, 176.0, 963.0, 718.0]
[256.0, 160.0, 980.0, 703.0]
[160.0, 192.0, 885.0, 736.0]
[256.0, 176.0, 982.0, 720.0]
[256.0, 192.0, 983.0, 737.0]
[176.0, 176.0, 904.0, 722.0]
[240.0, 176.0, 969.0, 723.0]
[240.0, 192.0, 970.0, 740.0]
[160.0, 144.0, 891.0, 692.0]
[128.0, 160.0, 860.0, 709.0]
[192.0, 176.0, 925.0, 726.0]
[224.0, 192.0, 958.0, 742.0]
[224.0, 176.0, 959.0, 727.0]
[192.0, 144.0, 928.0, 696.0]
[64.0, 160.0, 801.0, 713.0]
[176.0, 160.0, 914.0, 714.0]
[224.0, 192.0, 963.0, 746.0]
[208.0, 144.0, 948.0, 699.0]
[240.0, 144.0, 981.0, 700.0]
[192.0, 176.0, 934.0, 732.0]
[192.0, 144.0, 935.0, 701.0]
[96.0, 160.0, 840.0, 718.0]
[48.0, 192.0, 793.0, 751.0]
[80.0, 160.0, 826.0, 720.0]
[96.0, 176.0, 843.0, 736.0]
[208.0, 176.0, 956.0, 737.0]
[192.0, 192.0, 941.0, 754.0]
[176.0, 128.0, 926.0, 690.0]
[64.0, 176.0, 815.0, 739.0]
[80.0, 160.0, 832.0, 724.0]
[80.0, 192.0, 833.0, 757.0]
[192.0, 128.0, 946.0, 694.0]
[224.0, 176.0, 979.0, 742.0]
[32.0, 144.0, 788.0, 711.0]
[224.0, 160.0, 981.0, 728.0]
[48.0, 176.0, 806.0, 744.0]
[256.0, 176.0, 1015.0, 745.0]
[144.0, 144.0, 904.0, 714.0]
[224.0, 176.0, 985.0, 747.0]
[144.0, 192.0, 906.0, 764.0]
[176.0, 160.0, 939.0, 732.0]
[112.0, 144.0, 876.0, 717.0]
[176.0, 144.0, 941.0, 718.0]
[96.0, 128.0, 862.0, 702.0]
[32.0, 128.0, 799.0, 703.0]
[256.0, 144.0, 1024.0, 720.0]
[112.0, 176.0, 881.0, 753.0]
[224.0, 128.0, 994.0, 706.0]
[240.0, 144.0, 1011.0, 722.0]
[112.0, 144.0, 884.0, 723.0]
[160.0, 176.0, 933.0, 756.0]
[192.0, 160.0, 966.0, 740.0]
[192.0, 144.0, 967.0, 725.0]
[112.0, 144.0, 888.0, 726.0]
[32.0, 144.0, 809.0, 727.0]
[192.0, 176.0, 970.0, 760.0]
[224.0, 160.0, 1003.0, 744.0]
[160.0, 176.0, 940.0, 761.0]
[64.0, 176.0, 845.0, 762.0]
[16.0, 128.0, 798.0, 714.0]
[32.0, 176.0, 815.0, 763.0]
[64.0, 160.0, 848.0, 748.0]
[224.0, 176.0, 1009.0, 765.0]
[160.0, 144.0, 946.0, 734.0]
[128.0, 144.0, 915.0, 734.0]
[96.0, 176.0, 884.0, 767.0]
[64.0, 160.0, 853.0, 752.0]
[64.0, 128.0, 854.0, 720.0]
[48.0, 144.0, 839.0, 737.0]
[48.0, 112.0, 840.0, 706.0]
[224.0, 128.0, 1017.0, 723.0]
[144.0, 160.0, 938.0, 756.0]
[80.0, 112.0, 875.0, 708.0]
[64.0, 160.0, 860.0, 757.0]
[16.0, 112.0, 813.0, 710.0]
[224.0, 160.0, 1022.0, 758.0]
[96.0, 144.0, 895.0, 743.0]
[224.0, 160.0, 1024.0, 760.0]
[144.0, 144.0, 945.0, 745.0]
[64.0, 160.0, 866.0, 762.0]
[32.0, 128.0, 835.0, 730.0]
[112.0, 128.0, 916.0, 731.0]
[16.0, 128.0, 821.0, 732.0]
[48.0, 144.0, 854.0, 748.0]
[144.0, 160.0, 951.0, 765.0]
[0.0, 112.0, 808.0, 718.0]
[160.0, 144.0, 969.0, 751.0]
[96.0, 128.0, 906.0, 736.0]
[128.0, 112.0, 939.0, 720.0]
[192.0, 144.0, 1004.0, 753.0]
[32.0, 144.0, 845.0, 754.0]
[96.0, 112.0, 910.0, 722.0]
[160.0, 144.0, 975.0, 755.0]
[16.0, 144.0, 832.0, 756.0]
[176.0, 112.0, 993.0, 725.0]
[176.0, 128.0, 994.0, 742.0]
[112.0, 96.0, 931.0, 710.0]
[48.0, 144.0, 868.0, 759.0]
[32.0, 112.0, 853.0, 728.0]
[32.0, 96.0, 854.0, 712.0]
[176.0, 80.0, 999.0, 697.0]
[64.0, 96.0, 888.0, 714.0]
[64.0, 112.0, 889.0, 731.0]
[32.0, 128.0, 858.0, 748.0]
[0.0, 128.0, 827.0, 748.0]
[96.0, 96.0, 924.0, 717.0]
[32.0, 128.0, 861.0, 750.0]
[48.0, 128.0, 878.0, 750.0]
[64.0, 96.0, 895.0, 719.0]
[192.0, 112.0, 1024.0, 736.0]
[96.0, 128.0, 929.0, 753.0]
[176.0, 96.0, 1010.0, 722.0]
[160.0, 80.0, 995.0, 706.0]
[112.0, 112.0, 948.0, 739.0]
[176.0, 80.0, 1013.0, 708.0]
[176.0, 112.0, 1014.0, 740.0]
[48.0, 64.0, 887.0, 693.0]
[160.0, 80.0, 1000.0, 710.0]
[0.0, 96.0, 841.0, 727.0]
[32.0, 80.0, 874.0, 712.0]
[32.0, 96.0, 875.0, 728.0]
[176.0, 128.0, 1020.0, 761.0]
[16.0, 96.0, 861.0, 730.0]
[112.0, 112.0, 958.0, 746.0]
[48.0, 64.0, 895.0, 699.0]
[144.0, 64.0, 992.0, 700.0]
[112.0, 128.0, 961.0, 765.0]
[160.0, 80.0, 1010.0, 718.0]
[48.0, 48.0, 899.0, 686.0]
[96.0, 80.0, 948.0, 719.0]
[32.0, 128.0, 885.0, 768.0]
[144.0, 64.0, 998.0, 704.0]
[32.0, 64.0, 887.0, 705.0]
[0.0, 112.0, 856.0, 754.0]
[48.0, 96.0, 905.0, 739.0]
[16.0, 80.0, 874.0, 724.0]
[96.0, 112.0, 955.0, 756.0]
[32.0, 48.0, 892.0, 693.0]
[160.0, 96.0, 1021.0, 742.0]
[48.0, 96.0, 910.0, 742.0]
[144.0, 96.0, 1007.0, 743.0]
[112.0, 80.0, 976.0, 728.0]
[96.0, 96.0, 961.0, 745.0]
[144.0, 64.0, 1010.0, 714.0]
[32.0, 112.0, 899.0, 762.0]
[0.0, 64.0, 868.0, 715.0]
[48.0, 80.0, 917.0, 732.0]
[80.0, 112.0, 950.0, 764.0]
[0.0, 112.0, 871.0, 765.0]
[16.0, 48.0, 888.0, 702.0]
[0.0, 112.0, 873.0, 767.0]
[0.0, 64.0, 874.0, 720.0]
[112.0, 64.0, 987.0, 720.0]
[80.0, 80.0, 956.0, 737.0]
[16.0, 48.0, 893.0, 706.0]
[80.0, 96.0, 958.0, 754.0]
[48.0, 48.0, 927.0, 707.0]
[80.0, 80.0, 960.0, 740.0]
[96.0, 32.0, 977.0, 693.0]
[32.0, 32.0, 914.0, 694.0]
[80.0, 32.0, 963.0, 694.0]
[80.0, 96.0, 964.0, 759.0]
[0.0, 96.0, 885.0, 760.0]
[128.0, 64.0, 1014.0, 728.0]
[64.0, 64.0, 951.0, 729.0]
[32.0, 96.0, 920.0, 762.0]
[112.0, 64.0, 1001.0, 731.0]
[32.0, 96.0, 922.0, 764.0]
[64.0, 32.0, 955.0, 700.0]
[128.0, 48.0, 1020.0, 717.0]
[48.0, 48.0, 941.0, 718.0]
[128.0, 48.0, 1022.0, 718.0]
[48.0, 64.0, 943.0, 735.0]
[0.0, 80.0, 896.0, 752.0]
[48.0, 64.0, 945.0, 737.0]
[0.0, 48.0, 898.0, 722.0]
[80.0, 64.0, 979.0, 738.0]
[80.0, 64.0, 980.0, 739.0]
[96.0, 64.0, 997.0, 740.0]
[32.0, 32.0, 934.0, 708.0]
[112.0, 48.0, 1015.0, 725.0]
[96.0, 48.0, 1000.0, 726.0]
[80.0, 16.0, 985.0, 695.0]
[96.0, 48.0, 1002.0, 728.0]
[48.0, 80.0, 955.0, 760.0]
[32.0, 80.0, 940.0, 761.0]
[64.0, 48.0, 973.0, 730.0]
[0.0, 48.0, 910.0, 730.0]
[64.0, 32.0, 975.0, 715.0]
[112.0, 64.0, 1024.0, 748.0]
[96.0, 48.0, 1009.0, 733.0]
[0.0, 64.0, 914.0, 750.0]
[32.0, 80.0, 947.0, 766.0]
[0.0, 80.0, 916.0, 767.0]
[80.0, 64.0, 997.0, 752.0]
[32.0, 32.0, 950.0, 720.0]
[80.0, 64.0, 999.0, 753.0]
[32.0, 16.0, 952.0, 706.0]
[80.0, 32.0, 1001.0, 723.0]
[64.0, 48.0, 986.0, 740.0]
[64.0, 32.0, 987.0, 724.0]
[96.0, 32.0, 1020.0, 725.0]
[80.0, 32.0, 1005.0, 726.0]
[96.0, 64.0, 1022.0, 758.0]
[16.0, 32.0, 943.0, 727.0]
[64.0, 16.0, 992.0, 712.0]
[16.0, 48.0, 945.0, 745.0]
[48.0, 16.0, 978.0, 714.0]
[32.0, 16.0, 963.0, 714.0]
[0.0, 64.0, 932.0, 763.0]
[48.0, 32.0, 981.0, 732.0]
[0.0, 64.0, 934.0, 764.0]
[80.0, 64.0, 1015.0, 765.0]
[32.0, 48.0, 968.0, 750.0]
[64.0, 64.0, 1001.0, 767.0]
[32.0, 48.0, 970.0, 752.0]
[0.0, 32.0, 939.0, 736.0]
[0.0, 48.0, 940.0, 753.0]
[80.0, 16.0, 1021.0, 722.0]
[80.0, 32.0, 1022.0, 738.0]
[64.0, 16.0, 1007.0, 723.0]
[80.0, 32.0, 1024.0, 740.0]
[64.0, 16.0, 1009.0, 725.0]
[32.0, 48.0, 978.0, 758.0]
[48.0, 0.0, 995.0, 710.0]
[0.0, 48.0, 948.0, 759.0]
[32.0, 48.0, 981.0, 760.0]
[64.0, 0.0, 1014.0, 712.0]
[32.0, 16.0, 983.0, 729.0]
[48.0, 32.0, 1000.0, 746.0]
[64.0, 0.0, 1017.0, 715.0]
[16.0, 48.0, 970.0, 764.0]
[0.0, 48.0, 955.0, 764.0]
[48.0, 0.0, 1004.0, 717.0]
[0.0, 32.0, 957.0, 750.0]
[64.0, 0.0, 1022.0, 718.0]
[0.0, 48.0, 959.0, 767.0]
[64.0, 0.0, 1024.0, 720.0]
[48.0, 16.0, 1009.0, 737.0]
[32.0, 0.0, 994.0, 722.0]
[16.0, 0.0, 979.0, 722.0]
[0.0, 0.0, 964.0, 723.0]
[16.0, 32.0, 981.0, 756.0]
[48.0, 0.0, 1014.0, 724.0]
[48.0, 16.0, 1015.0, 741.0]
[16.0, 32.0, 984.0, 758.0]
[32.0, 0.0, 1001.0, 727.0]
[16.0, 16.0, 986.0, 744.0]
[0.0, 16.0, 971.0, 744.0]
[0.0, 0.0, 972.0, 729.0]
[48.0, 0.0, 1021.0, 730.0]
[0.0, 0.0, 974.0, 730.0]
[32.0, 16.0, 1007.0, 747.0]
[48.0, 16.0, 1024.0, 748.0]
[16.0, 32.0, 993.0, 765.0]
[16.0, 0.0, 994.0, 734.0]
[0.0, 16.0, 979.0, 750.0]
[16.0, 16.0, 996.0, 751.0]
[0.0, 0.0, 981.0, 736.0]
[0.0, 16.0, 982.0, 752.0]
[0.0, 16.0, 983.0, 753.0]
[32.0, 16.0, 1016.0, 754.0]
[32.0, 0.0, 1017.0, 739.0]
[16.0, 16.0, 1002.0, 756.0]
[16.0, 0.0, 1003.0, 740.0]
[32.0, 16.0, 1020.0, 757.0]
[32.0, 0.0, 1021.0, 742.0]
[0.0, 16.0, 990.0, 758.0]
[32.0, 16.0, 1023.0, 759.0]
[32.0, 0.0, 1024.0, 744.0]
[0.0, 0.0, 993.0, 745.0]
[16.0, 16.0, 1010.0, 762.0]
[16.0, 16.0, 1011.0, 762.0]
[0.0, 16.0, 996.0, 763.0]
[0.0, 16.0, 997.0, 764.0]
[0.0, 16.0, 998.0, 764.0]
[16.0, 16.0, 1015.0, 765.0]
[16.0, 0.0, 1016.0, 750.0]
[0.0, 0.0, 1001.0, 751.0]
[0.0, 16.0, 1002.0, 768.0]
[0.0, 0.0, 1003.0, 752.0]
[16.0, 0.0, 1020.0, 753.0]
[0.0, 0.0, 1005.0, 754.0]
[0.0, 0.0, 1006.0, 754.0]
[0.0, 0.0, 1007.0, 755.0]
[0.0, 0.0, 1008.0, 756.0]
[0.0, 0.0, 1009.0, 757.0]
[0.0, 0.0, 1010.0, 758.0]
[0.0, 0.0, 1011.0, 758.0]
[0.0, 0.0, 1012.0, 759.0]
[0.0, 0.0, 1013.0, 760.0]
[0.0, 0.0, 1014.0, 760.0]
