[160.0, 48.0, 717.0, 791.0]
[112.0, 160.0, 670.0, 904.0]
[96.0, 128.0, 655.0, 873.0]
[160.0, 208.0, 720.0, 954.0]
[144.0, 208.0, 704.0, 955.0]
[128.0, 160.0, 689.0, 908.0]
[160.0, 208.0, 722.0, 957.0]
[160.0, 48.0, 722.0, 798.0]
[160.0, 240.0, 723.0, 991.0]
[112.0, 80.0, 676.0, 832.0]
[96.0, 192.0, 661.0, 945.0]
[96.0, 208.0, 662.0, 962.0]
[128.0, 64.0, 694.0, 819.0]
[144.0, 96.0, 711.0, 852.0]
[128.0, 80.0, 696.0, 837.0]
[144.0, 112.0, 712.0, 870.0]
[160.0, 112.0, 729.0, 871.0]
[160.0, 160.0, 730.0, 920.0]
[80.0, 160.0, 651.0, 921.0]
[128.0, 80.0, 700.0, 842.0]
[128.0, 144.0, 700.0, 907.0]
[80.0, 176.0, 653.0, 940.0]
[128.0, 224.0, 702.0, 989.0]
[160.0, 128.0, 734.0, 894.0]
[96.0, 64.0, 671.0, 831.0]
[112.0, 208.0, 688.0, 976.0]
[112.0, 128.0, 689.0, 897.0]
[96.0, 176.0, 674.0, 946.0]
[112.0, 128.0, 690.0, 899.0]
[128.0, 224.0, 707.0, 996.0]
[144.0, 32.0, 724.0, 805.0]
[144.0, 32.0, 724.0, 806.0]
[80.0, 80.0, 661.0, 855.0]
[160.0, 48.0, 742.0, 824.0]
[96.0, 176.0, 679.0, 953.0]
[112.0, 64.0, 696.0, 842.0]
[160.0, 96.0, 744.0, 875.0]
[160.0, 176.0, 745.0, 956.0]
[160.0, 208.0, 746.0, 989.0]
[128.0, 48.0, 714.0, 830.0]
[128.0, 128.0, 715.0, 911.0]
[112.0, 80.0, 700.0, 864.0]
[144.0, 208.0, 733.0, 993.0]
[96.0, 144.0, 686.0, 930.0]
[80.0, 16.0, 670.0, 803.0]
[128.0, 208.0, 719.0, 996.0]
[96.0, 192.0, 688.0, 981.0]
[144.0, 96.0, 736.0, 886.0]
[96.0, 32.0, 689.0, 823.0]
[112.0, 64.0, 706.0, 856.0]
[80.0, 64.0, 675.0, 857.0]
[112.0, 176.0, 708.0, 970.0]
[128.0, 48.0, 724.0, 843.0]
[128.0, 32.0, 725.0, 828.0]
[96.0, 128.0, 694.0, 925.0]
[144.0, 176.0, 742.0, 974.0]
[64.0, 32.0, 663.0, 831.0]
[80.0, 224.0, 680.0, 1024.0]
[64.0, 208.0, 665.0, 1009.0]
[80.0, 64.0, 682.0, 866.0]
[128.0, 0.0, 730.0, 803.0]
[144.0, 32.0, 747.0, 836.0]
[144.0, 208.0, 748.0, 1013.0]
[80.0, 192.0, 684.0, 998.0]
[112.0, 112.0, 717.0, 919.0]
[112.0, 160.0, 718.0, 968.0]
[48.0, 80.0, 655.0, 889.0]
[64.0, 192.0, 672.0, 1002.0]
[80.0, 0.0, 688.0, 811.0]
[96.0, 112.0, 705.0, 924.0]
[128.0, 208.0, 738.0, 1021.0]
[144.0, 48.0, 754.0, 862.0]
[112.0, 80.0, 723.0, 895.0]
[128.0, 16.0, 740.0, 832.0]
[96.0, 128.0, 709.0, 945.0]
[112.0, 144.0, 726.0, 962.0]
[64.0, 96.0, 678.0, 915.0]
[32.0, 128.0, 647.0, 948.0]
[96.0, 80.0, 712.0, 901.0]
[32.0, 96.0, 648.0, 918.0]
[128.0, 192.0, 745.0, 1015.0]
[48.0, 160.0, 666.0, 984.0]
[32.0, 160.0, 651.0, 985.0]
[96.0, 192.0, 716.0, 1018.0]
[80.0, 80.0, 700.0, 907.0]
[128.0, 16.0, 749.0, 844.0]
[80.0, 176.0, 702.0, 1005.0]
[80.0, 80.0, 702.0, 910.0]
[48.0, 64.0, 671.0, 895.0]
[64.0, 16.0, 688.0, 848.0]
[128.0, 64.0, 753.0, 897.0]
[64.0, 176.0, 690.0, 1010.0]
[64.0, 160.0, 690.0, 995.0]
[32.0, 48.0, 659.0, 884.0]
[48.0, 16.0, 676.0, 853.0]
[80.0, 0.0, 708.0, 838.0]
[80.0, 32.0, 709.0, 871.0]
[64.0, 160.0, 694.0, 1000.0]
[80.0, 144.0, 711.0, 985.0]
[32.0, 160.0, 664.0, 1002.0]
[16.0, 80.0, 648.0, 923.0]
[16.0, 48.0, 649.0, 892.0]
[64.0, 144.0, 698.0, 989.0]
[48.0, 48.0, 682.0, 894.0]
[16.0, 144.0, 651.0, 991.0]
[16.0, 48.0, 652.0, 896.0]
[48.0, 48.0, 685.0, 897.0]
[32.0, 32.0, 670.0, 882.0]
[80.0, 128.0, 718.0, 979.0]
[80.0, 112.0, 719.0, 964.0]
[64.0, 160.0, 704.0, 1013.0]
[48.0, 64.0, 688.0, 918.0]
[96.0, 160.0, 737.0, 1015.0]
[112.0, 32.0, 754.0, 888.0]
[80.0, 16.0, 723.0, 873.0]
[48.0, 144.0, 692.0, 1002.0]
[96.0, 16.0, 740.0, 875.0]
[80.0, 16.0, 725.0, 876.0]
[80.0, 160.0, 726.0, 1021.0]
[64.0, 96.0, 710.0, 958.0]
[48.0, 32.0, 695.0, 895.0]
[32.0, 160.0, 680.0, 1024.0]
[32.0, 112.0, 681.0, 977.0]
[16.0, 80.0, 666.0, 946.0]
[48.0, 0.0, 698.0, 867.0]
[16.0, 48.0, 667.0, 916.0]
[64.0, 96.0, 716.0, 965.0]
[32.0, 80.0, 684.0, 950.0]
[48.0, 144.0, 701.0, 1015.0]
[64.0, 112.0, 718.0, 984.0]
[0.0, 80.0, 655.0, 953.0]
[32.0, 0.0, 688.0, 874.0]
[64.0, 16.0, 720.0, 891.0]
[48.0, 0.0, 705.0, 876.0]
[32.0, 112.0, 690.0, 989.0]
[48.0, 64.0, 706.0, 942.0]
[16.0, 80.0, 675.0, 959.0]
[32.0, 96.0, 692.0, 976.0]
[32.0, 96.0, 693.0, 977.0]
[64.0, 0.0, 726.0, 882.0]
[0.0, 32.0, 662.0, 915.0]
[16.0, 16.0, 679.0, 900.0]
[32.0, 96.0, 696.0, 981.0]
[16.0, 32.0, 680.0, 918.0]
[80.0, 48.0, 745.0, 935.0]
[32.0, 64.0, 698.0, 952.0]
[0.0, 64.0, 667.0, 953.0]
[0.0, 16.0, 668.0, 906.0]
[0.0, 64.0, 668.0, 955.0]
[80.0, 0.0, 749.0, 892.0]
[0.0, 48.0, 670.0, 941.0]
[16.0, 64.0, 686.0, 958.0]
[48.0, 112.0, 719.0, 1007.0]
[16.0, 16.0, 688.0, 912.0]
[48.0, 48.0, 721.0, 945.0]
[0.0, 96.0, 674.0, 994.0]
[64.0, 96.0, 738.0, 995.0]
[32.0, 64.0, 707.0, 964.0]
[32.0, 48.0, 708.0, 949.0]
[0.0, 32.0, 676.0, 934.0]
[16.0, 64.0, 693.0, 967.0]
[16.0, 16.0, 694.0, 920.0]
[0.0, 64.0, 679.0, 969.0]
[64.0, 64.0, 744.0, 970.0]
[64.0, 0.0, 744.0, 907.0]
[16.0, 64.0, 697.0, 972.0]
[16.0, 80.0, 698.0, 989.0]
[0.0, 80.0, 682.0, 990.0]
[0.0, 0.0, 683.0, 911.0]
[16.0, 32.0, 700.0, 944.0]
[48.0, 64.0, 733.0, 977.0]
[64.0, 32.0, 750.0, 946.0]
[64.0, 16.0, 750.0, 931.0]
[64.0, 80.0, 751.0, 996.0]
[48.0, 64.0, 736.0, 981.0]
[16.0, 0.0, 704.0, 918.0]
[32.0, 16.0, 721.0, 935.0]
[48.0, 0.0, 738.0, 920.0]
[0.0, 32.0, 691.0, 953.0]
[48.0, 64.0, 740.0, 986.0]
[48.0, 80.0, 740.0, 1003.0]
[16.0, 32.0, 709.0, 956.0]
[0.0, 96.0, 694.0, 1021.0]
[16.0, 0.0, 710.0, 926.0]
[16.0, 0.0, 711.0, 927.0]
[0.0, 48.0, 696.0, 976.0]
[0.0, 16.0, 697.0, 945.0]
[32.0, 64.0, 730.0, 994.0]
[0.0, 32.0, 698.0, 963.0]
[0.0, 80.0, 699.0, 1012.0]
[16.0, 0.0, 716.0, 933.0]
[0.0, 16.0, 700.0, 950.0]
[16.0, 32.0, 717.0, 967.0]
[0.0, 32.0, 702.0, 968.0]
[0.0, 16.0, 703.0, 953.0]
[48.0, 32.0, 752.0, 970.0]
[48.0, 48.0, 752.0, 987.0]
[16.0, 0.0, 721.0, 940.0]
[16.0, 80.0, 722.0, 1021.0]
[16.0, 0.0, 722.0, 942.0]
[32.0, 64.0, 739.0, 1007.0]
[32.0, 0.0, 740.0, 944.0]
[16.0, 0.0, 725.0, 945.0]
[0.0, 0.0, 710.0, 946.0]
[0.0, 64.0, 710.0, 1011.0]
[16.0, 48.0, 727.0, 996.0]
[32.0, 16.0, 744.0, 965.0]
[32.0, 0.0, 744.0, 950.0]
[0.0, 48.0, 713.0, 999.0]
[0.0, 32.0, 714.0, 984.0]
[16.0, 32.0, 731.0, 985.0]
[32.0, 64.0, 748.0, 1018.0]
[0.0, 48.0, 716.0, 1003.0]
[16.0, 64.0, 733.0, 1020.0]
[0.0, 16.0, 718.0, 973.0]
[0.0, 16.0, 718.0, 974.0]
[32.0, 16.0, 751.0, 975.0]
[32.0, 0.0, 752.0, 960.0]
[32.0, 0.0, 753.0, 961.0]
[0.0, 48.0, 722.0, 1010.0]
[0.0, 0.0, 722.0, 963.0]
[16.0, 48.0, 739.0, 1012.0]
[0.0, 32.0, 724.0, 997.0]
[0.0, 32.0, 724.0, 998.0]
[16.0, 32.0, 741.0, 999.0]
[0.0, 0.0, 726.0, 968.0]
[0.0, 0.0, 727.0, 969.0]
[16.0, 0.0, 744.0, 970.0]
[0.0, 32.0, 728.0, 1003.0]
[0.0, 16.0, 729.0, 988.0]
[0.0, 16.0, 730.0, 989.0]
[16.0, 48.0, 746.0, 1022.0]
[16.0, 32.0, 747.0, 1007.0]
[16.0, 32.0, 748.0, 1008.0]
[0.0, 16.0, 733.0, 993.0]
[16.0, 16.0, 750.0, 994.0]
[0.0, 32.0, 734.0, 1011.0]
[16.0, 32.0, 751.0, 1012.0]
[0.0, 0.0, 736.0, 981.0]
[16.0, 32.0, 752.0, 1014.0]
[0.0, 32.0, 737.0, 1015.0]
[16.0, 0.0, 754.0, 984.0]
[0.0, 0.0, 739.0, 985.0]
[0.0, 16.0, 740.0, 1002.0]
[0.0, 16.0, 740.0, 1003.0]
[0.0, 32.0, 741.0, 1020.0]
[0.0, 32.0, 742.0, 1021.0]
[0.0, 0.0, 742.0, 990.0]
[0.0, 32.0, 743.0, 1023.0]
[0.0, 32.0, 744.0, 1024.0]
[0.0, 0.0, 745.0, 993.0]
[0.0, 0.0, 746.0, 994.0]
[0.0, 0.0, 746.0, 995.0]
[0.0, 16.0, 747.0, 1012.0]
[0.0, 0.0, 748.0, 997.0]
[0.0, 16.0, 748.0, 1014.0]
[0.0, 0.0, 749.0, 999.0]
[0.0, 16.0, 750.0, 1016.0]
[0.0, 0.0, 751.0, 1001.0]
[0.0, 0.0, 752.0, 1002.0]
[0.0, 16.0, 752.0, 1019.0]
[0.0, 16.0, 753.0, 1020.0]
[0.0, 16.0, 754.0, 1021.0]
[0.0, 16.0, 754.0, 1022.0]
