[80.0, 64.0, 818.0, 618.0]
[176.0, 80.0, 915.0, 634.0]
[240.0, 96.0, 980.0, 651.0]
[224.0, 80.0, 965.0, 636.0]
[96.0, 32.0, 838.0, 588.0]
[96.0, 48.0, 839.0, 605.0]
[80.0, 64.0, 824.0, 622.0]
[80.0, 80.0, 825.0, 639.0]
[192.0, 32.0, 938.0, 592.0]
[144.0, 32.0, 891.0, 592.0]
[96.0, 32.0, 844.0, 593.0]
[208.0, 48.0, 957.0, 610.0]
[176.0, 80.0, 926.0, 642.0]
[240.0, 32.0, 991.0, 595.0]
[80.0, 64.0, 832.0, 628.0]
[96.0, 32.0, 849.0, 597.0]
[80.0, 64.0, 834.0, 630.0]
[64.0, 96.0, 819.0, 662.0]
[208.0, 32.0, 964.0, 599.0]
[176.0, 64.0, 933.0, 632.0]
[176.0, 32.0, 934.0, 600.0]
[64.0, 96.0, 823.0, 665.0]
[112.0, 48.0, 872.0, 618.0]
[112.0, 80.0, 873.0, 651.0]
[224.0, 48.0, 986.0, 620.0]
[160.0, 48.0, 923.0, 620.0]
[192.0, 48.0, 956.0, 621.0]
[112.0, 48.0, 877.0, 622.0]
[80.0, 32.0, 846.0, 606.0]
[240.0, 64.0, 1007.0, 639.0]
[144.0, 48.0, 912.0, 624.0]
[192.0, 80.0, 961.0, 657.0]
[16.0, 64.0, 786.0, 642.0]
[96.0, 64.0, 867.0, 642.0]
[176.0, 32.0, 948.0, 611.0]
[224.0, 48.0, 997.0, 628.0]
[64.0, 64.0, 838.0, 644.0]
[96.0, 64.0, 871.0, 645.0]
[80.0, 64.0, 856.0, 646.0]
[80.0, 64.0, 857.0, 647.0]
[208.0, 16.0, 986.0, 600.0]
[128.0, 16.0, 907.0, 600.0]
[128.0, 16.0, 908.0, 601.0]
[192.0, 80.0, 973.0, 666.0]
[160.0, 16.0, 942.0, 602.0]
[208.0, 0.0, 991.0, 587.0]
[224.0, 64.0, 1008.0, 652.0]
[192.0, 32.0, 977.0, 621.0]
[80.0, 32.0, 866.0, 622.0]
[80.0, 48.0, 867.0, 638.0]
[80.0, 80.0, 868.0, 671.0]
[64.0, 16.0, 853.0, 608.0]
[112.0, 16.0, 902.0, 608.0]
[176.0, 32.0, 967.0, 625.0]
[80.0, 0.0, 872.0, 594.0]
[16.0, 48.0, 809.0, 643.0]
[144.0, 64.0, 938.0, 660.0]
[144.0, 64.0, 939.0, 660.0]
[32.0, 64.0, 828.0, 661.0]
[144.0, 16.0, 941.0, 614.0]
[176.0, 80.0, 974.0, 678.0]
[176.0, 48.0, 975.0, 647.0]
[160.0, 48.0, 960.0, 648.0]
[112.0, 16.0, 913.0, 617.0]
[32.0, 64.0, 834.0, 666.0]
[96.0, 0.0, 899.0, 602.0]
[128.0, 0.0, 932.0, 603.0]
[32.0, 16.0, 837.0, 620.0]
[112.0, 64.0, 918.0, 668.0]
[144.0, 0.0, 951.0, 605.0]
[96.0, 64.0, 904.0, 670.0]
[112.0, 0.0, 921.0, 607.0]
[0.0, 0.0, 810.0, 608.0]
[128.0, 16.0, 939.0, 624.0]
[80.0, 16.0, 892.0, 625.0]
[0.0, 48.0, 813.0, 658.0]
[16.0, 32.0, 830.0, 642.0]
[144.0, 48.0, 959.0, 659.0]
[80.0, 48.0, 896.0, 660.0]
[144.0, 64.0, 961.0, 677.0]
[96.0, 0.0, 914.0, 614.0]
[176.0, 32.0, 995.0, 646.0]
[48.0, 16.0, 868.0, 631.0]
[192.0, 0.0, 1013.0, 616.0]
[192.0, 0.0, 1014.0, 616.0]
[96.0, 16.0, 919.0, 633.0]
[16.0, 16.0, 840.0, 634.0]
[176.0, 48.0, 1001.0, 667.0]
[128.0, 48.0, 954.0, 668.0]
[128.0, 32.0, 955.0, 652.0]
[128.0, 0.0, 956.0, 621.0]
[16.0, 32.0, 845.0, 654.0]
[96.0, 16.0, 926.0, 638.0]
[160.0, 48.0, 991.0, 671.0]
[32.0, 16.0, 864.0, 640.0]
[144.0, 32.0, 977.0, 657.0]
[80.0, 48.0, 914.0, 674.0]
[160.0, 0.0, 995.0, 626.0]
[48.0, 0.0, 884.0, 627.0]
[32.0, 16.0, 869.0, 644.0]
[32.0, 48.0, 870.0, 676.0]
[96.0, 48.0, 935.0, 677.0]
[64.0, 16.0, 904.0, 646.0]
[0.0, 0.0, 841.0, 631.0]
[32.0, 0.0, 874.0, 632.0]
[16.0, 0.0, 859.0, 632.0]
[176.0, 16.0, 1020.0, 649.0]
[176.0, 16.0, 1021.0, 650.0]
[144.0, 16.0, 990.0, 650.0]
[144.0, 16.0, 991.0, 651.0]
[16.0, 32.0, 864.0, 668.0]
[160.0, 16.0, 1009.0, 653.0]
[112.0, 16.0, 962.0, 654.0]
[48.0, 16.0, 899.0, 654.0]
[16.0, 16.0, 868.0, 655.0]
[160.0, 16.0, 1013.0, 656.0]
[16.0, 0.0, 870.0, 640.0]
[112.0, 32.0, 967.0, 673.0]
[160.0, 32.0, 1016.0, 674.0]
[0.0, 32.0, 857.0, 675.0]
[32.0, 32.0, 890.0, 676.0]
[32.0, 32.0, 891.0, 676.0]
[32.0, 32.0, 892.0, 677.0]
[64.0, 32.0, 925.0, 678.0]
[16.0, 16.0, 878.0, 662.0]
[0.0, 16.0, 863.0, 663.0]
[144.0, 0.0, 1008.0, 648.0]
[96.0, 0.0, 961.0, 649.0]
[32.0, 16.0, 898.0, 666.0]
[144.0, 16.0, 1011.0, 666.0]
[80.0, 16.0, 948.0, 667.0]
[80.0, 16.0, 949.0, 668.0]
[96.0, 0.0, 966.0, 652.0]
[16.0, 16.0, 887.0, 669.0]
[112.0, 16.0, 984.0, 670.0]
[144.0, 0.0, 1017.0, 655.0]
[80.0, 0.0, 954.0, 656.0]
[112.0, 16.0, 987.0, 672.0]
[128.0, 0.0, 1004.0, 657.0]
[32.0, 0.0, 909.0, 658.0]
[64.0, 16.0, 942.0, 674.0]
[32.0, 0.0, 911.0, 659.0]
[48.0, 16.0, 928.0, 676.0]
[64.0, 0.0, 945.0, 661.0]
[0.0, 0.0, 882.0, 662.0]
[16.0, 16.0, 899.0, 678.0]
[128.0, 0.0, 1012.0, 663.0]
[48.0, 0.0, 933.0, 664.0]
[128.0, 0.0, 1014.0, 664.0]
[48.0, 0.0, 935.0, 665.0]
[80.0, 0.0, 968.0, 666.0]
[64.0, 0.0, 953.0, 667.0]
[96.0, 0.0, 986.0, 668.0]
[16.0, 0.0, 907.0, 668.0]
[96.0, 0.0, 988.0, 669.0]
[32.0, 0.0, 925.0, 670.0]
[64.0, 0.0, 958.0, 670.0]
[16.0, 0.0, 911.0, 671.0]
[128.0, 0.0, 1024.0, 672.0]
[112.0, 0.0, 1009.0, 673.0]
[112.0, 0.0, 1010.0, 674.0]
[80.0, 0.0, 979.0, 674.0]
[0.0, 0.0, 900.0, 675.0]
[112.0, 0.0, 1013.0, 676.0]
[32.0, 0.0, 934.0, 676.0]
[112.0, 0.0, 1015.0, 677.0]
[80.0, 0.0, 984.0, 678.0]
