[240.0, 16.0, 957.0, 554.0]
[224.0, 0.0, 942.0, 538.0]
[128.0, 32.0, 847.0, 571.0]
[160.0, 32.0, 880.0, 572.0]
[144.0, 32.0, 865.0, 573.0]
[64.0, 64.0, 786.0, 606.0]
[160.0, 0.0, 883.0, 542.0]
[208.0, 64.0, 932.0, 607.0]
[160.0, 64.0, 885.0, 608.0]
[160.0, 16.0, 886.0, 560.0]
[144.0, 32.0, 871.0, 577.0]
[112.0, 64.0, 840.0, 610.0]
[144.0, 0.0, 873.0, 547.0]
[192.0, 64.0, 922.0, 612.0]
[176.0, 48.0, 907.0, 596.0]
[240.0, 16.0, 972.0, 565.0]
[160.0, 16.0, 893.0, 566.0]
[208.0, 0.0, 942.0, 550.0]
[176.0, 16.0, 911.0, 567.0]
[32.0, 16.0, 768.0, 568.0]
[48.0, 16.0, 785.0, 569.0]
[32.0, 16.0, 770.0, 570.0]
[64.0, 0.0, 803.0, 554.0]
[64.0, 0.0, 804.0, 555.0]
[240.0, 16.0, 981.0, 572.0]
[32.0, 48.0, 774.0, 604.0]
[192.0, 16.0, 935.0, 573.0]
[48.0, 0.0, 792.0, 558.0]
[64.0, 32.0, 809.0, 591.0]
[96.0, 48.0, 842.0, 608.0]
[80.0, 16.0, 827.0, 576.0]
[192.0, 48.0, 940.0, 609.0]
[192.0, 16.0, 941.0, 578.0]
[64.0, 0.0, 814.0, 562.0]
[160.0, 0.0, 911.0, 563.0]
[256.0, 32.0, 1008.0, 596.0]
[160.0, 32.0, 913.0, 597.0]
[144.0, 0.0, 898.0, 566.0]
[224.0, 32.0, 979.0, 598.0]
[64.0, 48.0, 820.0, 615.0]
[160.0, 16.0, 917.0, 584.0]
[176.0, 48.0, 934.0, 616.0]
[80.0, 0.0, 839.0, 569.0]
[128.0, 48.0, 888.0, 618.0]
[192.0, 16.0, 953.0, 587.0]
[240.0, 32.0, 1002.0, 604.0]
[128.0, 16.0, 891.0, 588.0]
[224.0, 16.0, 988.0, 589.0]
[208.0, 32.0, 973.0, 606.0]
[208.0, 32.0, 974.0, 606.0]
[80.0, 0.0, 847.0, 575.0]
[48.0, 0.0, 816.0, 576.0]
[144.0, 32.0, 913.0, 609.0]
[0.0, 16.0, 770.0, 594.0]
[64.0, 0.0, 835.0, 578.0]
[96.0, 32.0, 868.0, 611.0]
[176.0, 0.0, 949.0, 580.0]
[96.0, 32.0, 870.0, 612.0]
[80.0, 16.0, 855.0, 597.0]
[112.0, 32.0, 888.0, 614.0]
[208.0, 32.0, 985.0, 615.0]
[224.0, 32.0, 1002.0, 616.0]
[160.0, 0.0, 939.0, 584.0]
[64.0, 0.0, 844.0, 585.0]
[208.0, 16.0, 989.0, 602.0]
[96.0, 32.0, 878.0, 618.0]
[192.0, 0.0, 975.0, 587.0]
[112.0, 0.0, 896.0, 588.0]
[176.0, 16.0, 961.0, 605.0]
[16.0, 16.0, 802.0, 606.0]
[80.0, 0.0, 867.0, 590.0]
[224.0, 16.0, 1012.0, 607.0]
[0.0, 16.0, 789.0, 608.0]
[96.0, 16.0, 886.0, 608.0]
[112.0, 0.0, 903.0, 593.0]
[64.0, 16.0, 856.0, 610.0]
[208.0, 16.0, 1001.0, 611.0]
[80.0, 0.0, 874.0, 596.0]
[144.0, 16.0, 939.0, 612.0]
[224.0, 16.0, 1020.0, 613.0]
[112.0, 16.0, 909.0, 614.0]
[224.0, 16.0, 1022.0, 614.0]
[176.0, 0.0, 975.0, 599.0]
[32.0, 16.0, 832.0, 616.0]
[112.0, 0.0, 913.0, 601.0]
[48.0, 16.0, 850.0, 618.0]
[128.0, 16.0, 931.0, 618.0]
[80.0, 0.0, 884.0, 603.0]
[128.0, 0.0, 933.0, 604.0]
[32.0, 0.0, 838.0, 604.0]
[128.0, 0.0, 935.0, 605.0]
[176.0, 0.0, 984.0, 606.0]
[96.0, 0.0, 905.0, 607.0]
[192.0, 0.0, 1002.0, 608.0]
[80.0, 0.0, 891.0, 608.0]
[208.0, 0.0, 1020.0, 609.0]
[176.0, 0.0, 989.0, 610.0]
[176.0, 0.0, 990.0, 610.0]
[208.0, 0.0, 1023.0, 611.0]
[128.0, 0.0, 944.0, 612.0]
[80.0, 0.0, 897.0, 613.0]
[192.0, 0.0, 1010.0, 614.0]
[128.0, 0.0, 947.0, 614.0]
[144.0, 0.0, 964.0, 615.0]
[128.0, 0.0, 949.0, 616.0]
[16.0, 0.0, 838.0, 616.0]
[32.0, 0.0, 855.0, 617.0]
[96.0, 0.0, 920.0, 618.0]
