[80.0, 96.0, 797.0, 634.0]
[16.0, 80.0, 734.0, 618.0]
[16.0, 112.0, 735.0, 651.0]
[32.0, 48.0, 752.0, 588.0]
[16.0, 96.0, 737.0, 637.0]
[32.0, 80.0, 754.0, 622.0]
[64.0, 80.0, 787.0, 622.0]
[0.0, 64.0, 724.0, 607.0]
[64.0, 128.0, 789.0, 672.0]
[16.0, 64.0, 742.0, 608.0]
[16.0, 128.0, 743.0, 673.0]
[16.0, 112.0, 744.0, 658.0]
[16.0, 64.0, 745.0, 611.0]
[48.0, 128.0, 778.0, 676.0]
[64.0, 64.0, 795.0, 612.0]
[96.0, 128.0, 828.0, 677.0]
[32.0, 48.0, 765.0, 598.0]
[0.0, 128.0, 734.0, 678.0]
[0.0, 48.0, 735.0, 599.0]
[32.0, 96.0, 768.0, 648.0]
[16.0, 96.0, 753.0, 649.0]
[48.0, 80.0, 786.0, 634.0]
[32.0, 48.0, 771.0, 602.0]
[0.0, 48.0, 740.0, 603.0]
[64.0, 96.0, 805.0, 652.0]
[48.0, 64.0, 790.0, 620.0]
[0.0, 64.0, 743.0, 621.0]
[0.0, 96.0, 744.0, 654.0]
[0.0, 112.0, 745.0, 671.0]
[0.0, 48.0, 746.0, 608.0]
[48.0, 80.0, 795.0, 640.0]
[0.0, 112.0, 748.0, 673.0]
[32.0, 96.0, 781.0, 658.0]
[48.0, 64.0, 798.0, 626.0]
[16.0, 112.0, 767.0, 675.0]
[16.0, 80.0, 768.0, 644.0]
[32.0, 80.0, 785.0, 645.0]
[48.0, 96.0, 802.0, 662.0]
[16.0, 96.0, 771.0, 662.0]
[80.0, 96.0, 836.0, 663.0]
[32.0, 112.0, 789.0, 680.0]
[16.0, 64.0, 774.0, 632.0]
[32.0, 96.0, 791.0, 665.0]
[32.0, 48.0, 792.0, 618.0]
[64.0, 64.0, 825.0, 635.0]
[80.0, 96.0, 842.0, 668.0]
[32.0, 96.0, 795.0, 668.0]
[16.0, 48.0, 780.0, 621.0]
[48.0, 96.0, 813.0, 670.0]
[64.0, 80.0, 830.0, 654.0]
[32.0, 64.0, 799.0, 639.0]
[64.0, 80.0, 832.0, 656.0]
[0.0, 80.0, 769.0, 657.0]
[32.0, 80.0, 802.0, 658.0]
[16.0, 80.0, 787.0, 658.0]
[64.0, 96.0, 836.0, 675.0]
[0.0, 64.0, 773.0, 644.0]
[32.0, 48.0, 806.0, 628.0]
[32.0, 80.0, 807.0, 661.0]
[64.0, 80.0, 840.0, 662.0]
[32.0, 80.0, 809.0, 663.0]
[16.0, 48.0, 794.0, 632.0]
[64.0, 96.0, 843.0, 680.0]
[48.0, 48.0, 828.0, 633.0]
[0.0, 64.0, 781.0, 650.0]
[0.0, 64.0, 782.0, 650.0]
[32.0, 64.0, 815.0, 651.0]
[48.0, 80.0, 832.0, 668.0]
[48.0, 80.0, 833.0, 669.0]
[0.0, 80.0, 786.0, 670.0]
[48.0, 48.0, 835.0, 638.0]
[48.0, 80.0, 836.0, 671.0]
[48.0, 80.0, 837.0, 672.0]
[48.0, 48.0, 838.0, 640.0]
[0.0, 48.0, 791.0, 641.0]
[0.0, 64.0, 792.0, 658.0]
[48.0, 64.0, 841.0, 659.0]
[16.0, 80.0, 810.0, 676.0]
[32.0, 80.0, 827.0, 676.0]
[16.0, 48.0, 812.0, 645.0]
[48.0, 80.0, 845.0, 678.0]
[16.0, 64.0, 814.0, 662.0]
[32.0, 64.0, 831.0, 663.0]
[16.0, 64.0, 816.0, 664.0]
[32.0, 64.0, 833.0, 665.0]
[48.0, 80.0, 850.0, 682.0]
[48.0, 48.0, 851.0, 650.0]
[48.0, 64.0, 852.0, 667.0]
[32.0, 64.0, 837.0, 668.0]
[32.0, 48.0, 838.0, 652.0]
[32.0, 64.0, 839.0, 669.0]
[32.0, 48.0, 840.0, 654.0]
[16.0, 48.0, 825.0, 655.0]
[48.0, 48.0, 858.0, 656.0]
[0.0, 64.0, 811.0, 672.0]
[16.0, 48.0, 828.0, 657.0]
[32.0, 48.0, 845.0, 658.0]
[16.0, 48.0, 830.0, 658.0]
[16.0, 48.0, 831.0, 659.0]
