[32.0, 80.0, 749.0, 618.0]
[240.0, 80.0, 958.0, 618.0]
[160.0, 80.0, 879.0, 619.0]
[256.0, 64.0, 976.0, 604.0]
[192.0, 80.0, 913.0, 621.0]
[80.0, 64.0, 802.0, 606.0]
[80.0, 64.0, 803.0, 606.0]
[272.0, 64.0, 996.0, 607.0]
[64.0, 96.0, 789.0, 640.0]
[144.0, 96.0, 870.0, 640.0]
[160.0, 80.0, 887.0, 625.0]
[256.0, 80.0, 984.0, 626.0]
[176.0, 96.0, 905.0, 643.0]
[64.0, 48.0, 794.0, 596.0]
[64.0, 80.0, 795.0, 628.0]
[112.0, 96.0, 844.0, 645.0]
[176.0, 80.0, 909.0, 630.0]
[80.0, 96.0, 814.0, 646.0]
[240.0, 48.0, 975.0, 599.0]
[80.0, 112.0, 816.0, 664.0]
[240.0, 64.0, 977.0, 617.0]
[256.0, 64.0, 994.0, 618.0]
[192.0, 64.0, 931.0, 618.0]
[240.0, 112.0, 980.0, 667.0]
[112.0, 112.0, 853.0, 668.0]
[192.0, 80.0, 934.0, 636.0]
[80.0, 64.0, 823.0, 621.0]
[240.0, 80.0, 984.0, 638.0]
[128.0, 80.0, 873.0, 639.0]
[208.0, 96.0, 954.0, 656.0]
[224.0, 32.0, 971.0, 592.0]
[240.0, 48.0, 988.0, 609.0]
[128.0, 96.0, 877.0, 658.0]
[64.0, 96.0, 814.0, 658.0]
[240.0, 48.0, 991.0, 611.0]
[128.0, 96.0, 880.0, 660.0]
[32.0, 48.0, 785.0, 613.0]
[48.0, 80.0, 802.0, 646.0]
[48.0, 112.0, 803.0, 678.0]
[176.0, 80.0, 932.0, 647.0]
[224.0, 64.0, 981.0, 632.0]
[176.0, 80.0, 934.0, 648.0]
[192.0, 48.0, 951.0, 617.0]
[192.0, 32.0, 952.0, 602.0]
[192.0, 32.0, 953.0, 603.0]
[160.0, 112.0, 922.0, 684.0]
[112.0, 112.0, 875.0, 684.0]
[144.0, 96.0, 908.0, 669.0]
[176.0, 32.0, 941.0, 606.0]
[240.0, 48.0, 1006.0, 622.0]
[128.0, 64.0, 895.0, 639.0]
[160.0, 112.0, 928.0, 688.0]
[224.0, 96.0, 993.0, 673.0]
[208.0, 16.0, 978.0, 594.0]
[208.0, 64.0, 979.0, 642.0]
[192.0, 64.0, 964.0, 643.0]
[192.0, 48.0, 965.0, 628.0]
[96.0, 112.0, 870.0, 692.0]
[160.0, 112.0, 935.0, 693.0]
[96.0, 80.0, 872.0, 662.0]
[208.0, 32.0, 985.0, 615.0]
[80.0, 48.0, 858.0, 632.0]
[64.0, 96.0, 843.0, 680.0]
[112.0, 32.0, 892.0, 617.0]
[48.0, 80.0, 829.0, 666.0]
[128.0, 112.0, 910.0, 698.0]
[224.0, 64.0, 1007.0, 651.0]
[32.0, 32.0, 816.0, 620.0]
[96.0, 80.0, 881.0, 669.0]
[160.0, 16.0, 946.0, 606.0]
[208.0, 64.0, 995.0, 654.0]
[80.0, 112.0, 868.0, 703.0]
[128.0, 48.0, 917.0, 640.0]
[16.0, 96.0, 806.0, 688.0]
[16.0, 32.0, 807.0, 625.0]
[176.0, 64.0, 968.0, 658.0]
[128.0, 32.0, 921.0, 627.0]
[16.0, 16.0, 810.0, 612.0]
[64.0, 48.0, 859.0, 644.0]
[160.0, 80.0, 956.0, 677.0]
[160.0, 32.0, 957.0, 630.0]
[80.0, 0.0, 878.0, 598.0]
[32.0, 16.0, 831.0, 615.0]
[128.0, 80.0, 928.0, 680.0]
[48.0, 48.0, 849.0, 649.0]
[96.0, 112.0, 898.0, 714.0]
[160.0, 96.0, 963.0, 698.0]
[32.0, 64.0, 836.0, 667.0]
[64.0, 32.0, 869.0, 636.0]
[16.0, 80.0, 822.0, 684.0]
[96.0, 64.0, 903.0, 669.0]
[32.0, 80.0, 840.0, 686.0]
[112.0, 16.0, 921.0, 623.0]
[192.0, 64.0, 1002.0, 672.0]
[64.0, 16.0, 875.0, 624.0]
[64.0, 80.0, 876.0, 689.0]
[48.0, 48.0, 861.0, 658.0]
[176.0, 0.0, 990.0, 610.0]
[16.0, 32.0, 831.0, 643.0]
[64.0, 96.0, 880.0, 708.0]
[112.0, 80.0, 929.0, 693.0]
[32.0, 16.0, 850.0, 630.0]
[112.0, 48.0, 931.0, 662.0]
[112.0, 96.0, 932.0, 711.0]
[48.0, 112.0, 869.0, 728.0]
[64.0, 80.0, 886.0, 696.0]
[96.0, 16.0, 919.0, 633.0]
[160.0, 64.0, 984.0, 682.0]
[112.0, 96.0, 937.0, 715.0]
[64.0, 112.0, 890.0, 732.0]
[112.0, 64.0, 939.0, 684.0]
[160.0, 96.0, 988.0, 717.0]
[160.0, 80.0, 989.0, 702.0]
[32.0, 16.0, 862.0, 638.0]
[112.0, 48.0, 943.0, 671.0]
[112.0, 0.0, 944.0, 624.0]
[128.0, 0.0, 961.0, 625.0]
[16.0, 64.0, 850.0, 690.0]
[80.0, 48.0, 915.0, 674.0]
[48.0, 112.0, 884.0, 739.0]
[160.0, 48.0, 997.0, 676.0]
[96.0, 112.0, 934.0, 740.0]
[48.0, 112.0, 887.0, 741.0]
[160.0, 16.0, 1000.0, 646.0]
[128.0, 96.0, 969.0, 727.0]
[32.0, 48.0, 874.0, 680.0]
[16.0, 0.0, 859.0, 632.0]
[96.0, 112.0, 940.0, 745.0]
[48.0, 64.0, 893.0, 698.0]
[112.0, 112.0, 958.0, 746.0]
[64.0, 64.0, 911.0, 699.0]
[64.0, 0.0, 912.0, 636.0]
[80.0, 16.0, 929.0, 653.0]
[48.0, 16.0, 898.0, 654.0]
[112.0, 32.0, 963.0, 670.0]
[16.0, 80.0, 868.0, 719.0]
[48.0, 80.0, 901.0, 720.0]
[48.0, 64.0, 902.0, 704.0]
[96.0, 80.0, 951.0, 721.0]
[48.0, 48.0, 904.0, 690.0]
[112.0, 32.0, 969.0, 675.0]
[16.0, 16.0, 874.0, 660.0]
[144.0, 80.0, 1003.0, 724.0]
[96.0, 96.0, 956.0, 741.0]
[64.0, 48.0, 925.0, 694.0]
[144.0, 96.0, 1006.0, 742.0]
[80.0, 112.0, 943.0, 759.0]
[64.0, 80.0, 928.0, 728.0]
[128.0, 16.0, 993.0, 665.0]
[16.0, 32.0, 882.0, 682.0]
[128.0, 32.0, 995.0, 682.0]
[112.0, 96.0, 980.0, 747.0]
[48.0, 64.0, 917.0, 716.0]
[32.0, 32.0, 902.0, 684.0]
[128.0, 96.0, 999.0, 749.0]
[112.0, 32.0, 984.0, 686.0]
[80.0, 32.0, 953.0, 687.0]
[112.0, 0.0, 986.0, 656.0]
[16.0, 48.0, 891.0, 704.0]
[32.0, 48.0, 908.0, 705.0]
[96.0, 80.0, 973.0, 738.0]
[32.0, 0.0, 910.0, 658.0]
[112.0, 32.0, 991.0, 691.0]
[96.0, 32.0, 976.0, 692.0]
[32.0, 80.0, 913.0, 741.0]
[112.0, 0.0, 994.0, 662.0]
[112.0, 64.0, 995.0, 726.0]
[80.0, 96.0, 964.0, 759.0]
[112.0, 96.0, 997.0, 760.0]
[80.0, 16.0, 966.0, 680.0]
[48.0, 0.0, 935.0, 665.0]
[112.0, 64.0, 1000.0, 730.0]
[96.0, 96.0, 985.0, 763.0]
[96.0, 80.0, 986.0, 748.0]
[64.0, 0.0, 955.0, 668.0]
[80.0, 80.0, 972.0, 749.0]
[80.0, 16.0, 973.0, 686.0]
[32.0, 0.0, 926.0, 670.0]
[64.0, 64.0, 959.0, 735.0]
[64.0, 64.0, 960.0, 736.0]
[32.0, 80.0, 929.0, 753.0]
[80.0, 16.0, 978.0, 690.0]
[96.0, 48.0, 995.0, 722.0]
[32.0, 0.0, 932.0, 675.0]
[48.0, 16.0, 949.0, 692.0]
[48.0, 64.0, 950.0, 740.0]
[32.0, 64.0, 935.0, 741.0]
[32.0, 16.0, 936.0, 694.0]
[48.0, 16.0, 953.0, 695.0]
[80.0, 32.0, 986.0, 712.0]
[96.0, 80.0, 1003.0, 760.0]
[32.0, 0.0, 940.0, 681.0]
[64.0, 80.0, 973.0, 762.0]
[80.0, 16.0, 990.0, 698.0]
[64.0, 32.0, 975.0, 715.0]
[80.0, 80.0, 992.0, 764.0]
[48.0, 80.0, 961.0, 765.0]
[48.0, 64.0, 962.0, 750.0]
[80.0, 48.0, 995.0, 734.0]
[64.0, 16.0, 980.0, 703.0]
[32.0, 64.0, 949.0, 752.0]
[48.0, 64.0, 966.0, 752.0]
[64.0, 32.0, 983.0, 721.0]
[48.0, 64.0, 968.0, 754.0]
[80.0, 16.0, 1001.0, 707.0]
[48.0, 48.0, 970.0, 740.0]
[80.0, 32.0, 1003.0, 724.0]
[64.0, 16.0, 988.0, 709.0]
[64.0, 32.0, 989.0, 726.0]
[48.0, 64.0, 974.0, 758.0]
[64.0, 64.0, 991.0, 759.0]
[32.0, 0.0, 960.0, 696.0]
[32.0, 0.0, 961.0, 697.0]
[64.0, 64.0, 994.0, 762.0]
[64.0, 64.0, 995.0, 762.0]
[48.0, 0.0, 980.0, 699.0]
[32.0, 48.0, 965.0, 748.0]
[64.0, 64.0, 998.0, 764.0]
[64.0, 0.0, 999.0, 701.0]
[64.0, 0.0, 1000.0, 702.0]
[32.0, 48.0, 969.0, 751.0]
[32.0, 16.0, 970.0, 720.0]
[32.0, 48.0, 971.0, 752.0]
[48.0, 0.0, 988.0, 705.0]
[48.0, 32.0, 989.0, 738.0]
[32.0, 32.0, 974.0, 738.0]
[32.0, 0.0, 975.0, 707.0]
[48.0, 0.0, 992.0, 708.0]
[48.0, 32.0, 993.0, 741.0]
[48.0, 16.0, 994.0, 726.0]
[32.0, 32.0, 979.0, 742.0]
[48.0, 0.0, 996.0, 711.0]
[32.0, 0.0, 981.0, 712.0]
[32.0, 32.0, 982.0, 744.0]
[32.0, 0.0, 983.0, 713.0]
[32.0, 32.0, 984.0, 746.0]
[32.0, 48.0, 985.0, 763.0]
[32.0, 16.0, 986.0, 732.0]
[32.0, 32.0, 987.0, 748.0]
[32.0, 0.0, 988.0, 717.0]
