[240.0, 112.0, 957.0, 650.0]
[128.0, 128.0, 846.0, 666.0]
[256.0, 112.0, 975.0, 651.0]
[128.0, 112.0, 848.0, 652.0]
[64.0, 112.0, 785.0, 653.0]
[176.0, 128.0, 898.0, 670.0]
[112.0, 112.0, 835.0, 654.0]
[240.0, 112.0, 964.0, 655.0]
[192.0, 128.0, 917.0, 672.0]
[240.0, 96.0, 966.0, 640.0]
[224.0, 128.0, 951.0, 673.0]
[64.0, 112.0, 792.0, 658.0]
[192.0, 144.0, 921.0, 691.0]
[240.0, 96.0, 970.0, 644.0]
[160.0, 128.0, 891.0, 676.0]
[80.0, 144.0, 812.0, 693.0]
[80.0, 112.0, 813.0, 662.0]
[96.0, 128.0, 830.0, 678.0]
[192.0, 112.0, 927.0, 663.0]
[128.0, 128.0, 864.0, 680.0]
[112.0, 80.0, 849.0, 633.0]
[64.0, 80.0, 802.0, 634.0]
[176.0, 144.0, 915.0, 698.0]
[176.0, 144.0, 916.0, 699.0]
[192.0, 144.0, 933.0, 700.0]
[80.0, 80.0, 822.0, 636.0]
[160.0, 128.0, 903.0, 685.0]
[80.0, 96.0, 824.0, 654.0]
[176.0, 96.0, 921.0, 655.0]
[112.0, 80.0, 858.0, 640.0]
[224.0, 96.0, 971.0, 656.0]
[112.0, 128.0, 860.0, 689.0]
[80.0, 112.0, 829.0, 674.0]
[160.0, 96.0, 910.0, 658.0]
[96.0, 96.0, 847.0, 659.0]
[144.0, 112.0, 896.0, 676.0]
[64.0, 144.0, 817.0, 709.0]
[224.0, 128.0, 978.0, 694.0]
[208.0, 80.0, 963.0, 646.0]
[96.0, 96.0, 852.0, 663.0]
[160.0, 112.0, 917.0, 680.0]
[48.0, 128.0, 806.0, 696.0]
[208.0, 144.0, 967.0, 713.0]
[96.0, 112.0, 856.0, 682.0]
[160.0, 80.0, 921.0, 651.0]
[112.0, 96.0, 874.0, 668.0]
[192.0, 64.0, 955.0, 636.0]
[112.0, 112.0, 876.0, 685.0]
[160.0, 64.0, 925.0, 638.0]
[176.0, 112.0, 942.0, 686.0]
[176.0, 96.0, 943.0, 671.0]
[48.0, 128.0, 816.0, 704.0]
[128.0, 96.0, 897.0, 673.0]
[48.0, 128.0, 818.0, 706.0]
[112.0, 112.0, 883.0, 690.0]
[192.0, 80.0, 964.0, 659.0]
[192.0, 64.0, 965.0, 644.0]
[160.0, 96.0, 934.0, 676.0]
[80.0, 96.0, 855.0, 677.0]
[144.0, 80.0, 920.0, 662.0]
[128.0, 96.0, 905.0, 679.0]
[160.0, 112.0, 938.0, 696.0]
[48.0, 80.0, 827.0, 664.0]
[192.0, 128.0, 972.0, 713.0]
[144.0, 48.0, 925.0, 634.0]
[80.0, 80.0, 862.0, 666.0]
[112.0, 96.0, 895.0, 683.0]
[144.0, 48.0, 928.0, 636.0]
[160.0, 48.0, 945.0, 637.0]
[160.0, 128.0, 946.0, 718.0]
[128.0, 80.0, 915.0, 670.0]
[160.0, 80.0, 948.0, 671.0]
[80.0, 128.0, 869.0, 720.0]
[48.0, 80.0, 838.0, 672.0]
[112.0, 64.0, 903.0, 657.0]
[112.0, 128.0, 904.0, 722.0]
[112.0, 128.0, 905.0, 723.0]
[80.0, 80.0, 874.0, 676.0]
[144.0, 96.0, 939.0, 692.0]
[96.0, 112.0, 892.0, 709.0]
[144.0, 96.0, 941.0, 694.0]
[160.0, 96.0, 958.0, 694.0]
[160.0, 64.0, 959.0, 663.0]
[96.0, 64.0, 896.0, 664.0]
[48.0, 96.0, 849.0, 697.0]
[160.0, 96.0, 962.0, 698.0]
[96.0, 64.0, 899.0, 666.0]
[128.0, 64.0, 932.0, 667.0]
[48.0, 96.0, 853.0, 700.0]
[80.0, 32.0, 886.0, 636.0]
[112.0, 96.0, 919.0, 701.0]
[112.0, 96.0, 920.0, 702.0]
[64.0, 80.0, 873.0, 687.0]
[48.0, 80.0, 858.0, 688.0]
[160.0, 96.0, 971.0, 704.0]
[112.0, 80.0, 924.0, 689.0]
[80.0, 80.0, 893.0, 690.0]
[128.0, 64.0, 942.0, 674.0]
[144.0, 48.0, 959.0, 659.0]
[128.0, 96.0, 944.0, 708.0]
[144.0, 48.0, 961.0, 661.0]
[80.0, 96.0, 898.0, 710.0]
[160.0, 64.0, 979.0, 678.0]
[112.0, 48.0, 932.0, 663.0]
[160.0, 64.0, 981.0, 680.0]
[160.0, 80.0, 982.0, 696.0]
[160.0, 64.0, 983.0, 681.0]
[80.0, 96.0, 904.0, 714.0]
[144.0, 96.0, 969.0, 715.0]
[96.0, 80.0, 922.0, 700.0]
[112.0, 80.0, 939.0, 700.0]
[48.0, 96.0, 876.0, 717.0]
[64.0, 96.0, 893.0, 718.0]
[80.0, 96.0, 910.0, 718.0]
[96.0, 80.0, 927.0, 703.0]
[80.0, 32.0, 912.0, 656.0]
[112.0, 64.0, 945.0, 689.0]
[80.0, 16.0, 914.0, 642.0]
[144.0, 64.0, 979.0, 690.0]
[80.0, 32.0, 916.0, 659.0]
[112.0, 64.0, 949.0, 692.0]
[80.0, 64.0, 918.0, 692.0]
[64.0, 48.0, 903.0, 677.0]
[96.0, 80.0, 936.0, 710.0]
[128.0, 48.0, 969.0, 679.0]
[128.0, 32.0, 970.0, 664.0]
[96.0, 64.0, 939.0, 696.0]
[80.0, 0.0, 924.0, 633.0]
[48.0, 48.0, 893.0, 682.0]
[128.0, 48.0, 974.0, 682.0]
[128.0, 64.0, 975.0, 699.0]
[112.0, 0.0, 960.0, 636.0]
[80.0, 32.0, 929.0, 669.0]
[48.0, 16.0, 898.0, 654.0]
[112.0, 64.0, 963.0, 702.0]
[112.0, 16.0, 964.0, 655.0]
[80.0, 64.0, 933.0, 704.0]
[128.0, 48.0, 982.0, 688.0]
[48.0, 64.0, 903.0, 705.0]
[64.0, 64.0, 920.0, 706.0]
[112.0, 48.0, 969.0, 691.0]
[80.0, 32.0, 938.0, 676.0]
[64.0, 0.0, 923.0, 644.0]
[48.0, 16.0, 908.0, 661.0]
[112.0, 16.0, 973.0, 662.0]
[64.0, 0.0, 926.0, 646.0]
[80.0, 32.0, 943.0, 679.0]
[80.0, 16.0, 944.0, 664.0]
[80.0, 16.0, 945.0, 665.0]
[48.0, 64.0, 915.0, 714.0]
[80.0, 16.0, 948.0, 667.0]
[96.0, 64.0, 966.0, 716.0]
