[160.0, 48.0, 980.0, 663.0]
[144.0, 192.0, 965.0, 808.0]
[80.0, 64.0, 902.0, 680.0]
[96.0, 80.0, 919.0, 697.0]
[80.0, 48.0, 904.0, 666.0]
[160.0, 64.0, 985.0, 683.0]
[144.0, 128.0, 970.0, 748.0]
[112.0, 80.0, 939.0, 700.0]
[160.0, 112.0, 988.0, 733.0]
[112.0, 64.0, 941.0, 686.0]
[48.0, 176.0, 878.0, 798.0]
[96.0, 64.0, 927.0, 687.0]
[160.0, 128.0, 992.0, 752.0]
[160.0, 80.0, 993.0, 705.0]
[80.0, 144.0, 914.0, 770.0]
[80.0, 176.0, 915.0, 802.0]
[144.0, 128.0, 980.0, 755.0]
[48.0, 160.0, 885.0, 788.0]
[112.0, 32.0, 950.0, 660.0]
[160.0, 64.0, 999.0, 693.0]
[80.0, 128.0, 920.0, 758.0]
[64.0, 64.0, 905.0, 695.0]
[96.0, 144.0, 938.0, 776.0]
[32.0, 32.0, 875.0, 664.0]
[96.0, 96.0, 940.0, 729.0]
[16.0, 96.0, 861.0, 730.0]
[16.0, 176.0, 862.0, 810.0]
[112.0, 32.0, 959.0, 667.0]
[128.0, 112.0, 976.0, 748.0]
[144.0, 128.0, 993.0, 765.0]
[112.0, 32.0, 962.0, 670.0]
[32.0, 96.0, 883.0, 734.0]
[112.0, 112.0, 964.0, 751.0]
[80.0, 48.0, 933.0, 688.0]
[160.0, 112.0, 1014.0, 752.0]
[96.0, 128.0, 951.0, 769.0]
[80.0, 192.0, 936.0, 834.0]
[16.0, 80.0, 873.0, 723.0]
[48.0, 112.0, 906.0, 756.0]
[64.0, 176.0, 923.0, 820.0]
[112.0, 96.0, 972.0, 741.0]
[96.0, 176.0, 957.0, 822.0]
[64.0, 192.0, 926.0, 838.0]
[48.0, 112.0, 911.0, 759.0]
[96.0, 192.0, 960.0, 840.0]
[112.0, 96.0, 977.0, 745.0]
[128.0, 32.0, 994.0, 682.0]
[32.0, 64.0, 899.0, 714.0]
[16.0, 48.0, 884.0, 699.0]
[32.0, 160.0, 901.0, 812.0]
[16.0, 112.0, 886.0, 764.0]
[80.0, 80.0, 951.0, 733.0]
[16.0, 160.0, 888.0, 814.0]
[96.0, 80.0, 969.0, 735.0]
[112.0, 96.0, 986.0, 752.0]
[96.0, 16.0, 971.0, 672.0]
[80.0, 112.0, 956.0, 769.0]
[112.0, 16.0, 989.0, 674.0]
[32.0, 144.0, 910.0, 802.0]
[80.0, 48.0, 959.0, 707.0]
[80.0, 80.0, 960.0, 740.0]
[96.0, 176.0, 977.0, 837.0]
[96.0, 128.0, 978.0, 790.0]
[16.0, 80.0, 899.0, 742.0]
[112.0, 64.0, 996.0, 727.0]
[48.0, 112.0, 933.0, 776.0]
[32.0, 160.0, 918.0, 824.0]
[80.0, 48.0, 967.0, 713.0]
[96.0, 16.0, 984.0, 682.0]
[0.0, 112.0, 889.0, 779.0]
[48.0, 112.0, 938.0, 780.0]
[32.0, 16.0, 923.0, 684.0]
[48.0, 48.0, 940.0, 717.0]
[112.0, 48.0, 1005.0, 718.0]
[16.0, 32.0, 910.0, 702.0]
[16.0, 160.0, 911.0, 831.0]
[80.0, 128.0, 976.0, 800.0]
[0.0, 128.0, 897.0, 801.0]
[64.0, 32.0, 962.0, 706.0]
[80.0, 96.0, 979.0, 770.0]
[96.0, 64.0, 996.0, 739.0]
[32.0, 160.0, 933.0, 836.0]
[32.0, 176.0, 934.0, 852.0]
[80.0, 160.0, 983.0, 837.0]
[80.0, 144.0, 984.0, 822.0]
[112.0, 160.0, 1017.0, 839.0]
[0.0, 80.0, 906.0, 760.0]
[64.0, 32.0, 971.0, 712.0]
[48.0, 96.0, 956.0, 777.0]
[64.0, 128.0, 973.0, 810.0]
[0.0, 112.0, 910.0, 794.0]
[0.0, 112.0, 911.0, 795.0]
[48.0, 160.0, 960.0, 844.0]
[48.0, 0.0, 961.0, 685.0]
[0.0, 48.0, 914.0, 734.0]
[32.0, 80.0, 947.0, 766.0]
[0.0, 128.0, 916.0, 815.0]
[80.0, 112.0, 997.0, 800.0]
[64.0, 144.0, 982.0, 832.0]
[0.0, 64.0, 919.0, 753.0]
[16.0, 64.0, 936.0, 754.0]
[32.0, 32.0, 953.0, 723.0]
[16.0, 64.0, 938.0, 756.0]
[16.0, 64.0, 939.0, 756.0]
[80.0, 160.0, 1004.0, 853.0]
[16.0, 64.0, 941.0, 758.0]
[16.0, 80.0, 942.0, 774.0]
[96.0, 176.0, 1023.0, 871.0]
[16.0, 176.0, 944.0, 872.0]
[64.0, 80.0, 993.0, 777.0]
[16.0, 176.0, 946.0, 874.0]
[48.0, 192.0, 979.0, 890.0]
[48.0, 112.0, 980.0, 811.0]
[64.0, 192.0, 997.0, 892.0]
[48.0, 16.0, 982.0, 716.0]
[48.0, 64.0, 983.0, 765.0]
[64.0, 0.0, 1000.0, 702.0]
[48.0, 144.0, 985.0, 847.0]
[0.0, 144.0, 938.0, 848.0]
[0.0, 144.0, 939.0, 848.0]
[32.0, 96.0, 972.0, 801.0]
[0.0, 128.0, 941.0, 834.0]
[0.0, 48.0, 942.0, 754.0]
[64.0, 96.0, 1007.0, 803.0]
[16.0, 160.0, 960.0, 868.0]
[16.0, 80.0, 961.0, 789.0]
[64.0, 128.0, 1010.0, 838.0]
[48.0, 32.0, 995.0, 742.0]
[48.0, 0.0, 996.0, 711.0]
[64.0, 16.0, 1013.0, 728.0]
[32.0, 176.0, 982.0, 888.0]
[48.0, 0.0, 999.0, 713.0]
[64.0, 144.0, 1016.0, 858.0]
[0.0, 64.0, 953.0, 779.0]
[64.0, 0.0, 1018.0, 716.0]
[48.0, 0.0, 1003.0, 716.0]
[16.0, 96.0, 972.0, 813.0]
[48.0, 0.0, 1005.0, 718.0]
[32.0, 128.0, 990.0, 846.0]
[48.0, 128.0, 1007.0, 847.0]
[32.0, 64.0, 992.0, 784.0]
[48.0, 48.0, 1009.0, 769.0]
[32.0, 0.0, 994.0, 722.0]
[16.0, 112.0, 979.0, 834.0]
[48.0, 112.0, 1012.0, 835.0]
[32.0, 48.0, 997.0, 772.0]
[0.0, 16.0, 966.0, 740.0]
[32.0, 112.0, 999.0, 837.0]
[16.0, 176.0, 984.0, 902.0]
[0.0, 160.0, 969.0, 887.0]
[0.0, 112.0, 970.0, 840.0]
[48.0, 160.0, 1019.0, 888.0]
[16.0, 176.0, 988.0, 905.0]
[16.0, 176.0, 989.0, 906.0]
[16.0, 96.0, 990.0, 826.0]
[48.0, 144.0, 1023.0, 875.0]
[48.0, 144.0, 1024.0, 876.0]
[32.0, 0.0, 1009.0, 733.0]
[16.0, 16.0, 994.0, 750.0]
[16.0, 96.0, 995.0, 830.0]
[16.0, 96.0, 996.0, 831.0]
[0.0, 160.0, 981.0, 896.0]
[32.0, 176.0, 1014.0, 912.0]
[16.0, 160.0, 999.0, 897.0]
[32.0, 32.0, 1016.0, 770.0]
[32.0, 16.0, 1017.0, 755.0]
[32.0, 112.0, 1018.0, 852.0]
[32.0, 144.0, 1019.0, 884.0]
[32.0, 144.0, 1020.0, 885.0]
[0.0, 144.0, 989.0, 886.0]
[16.0, 160.0, 1006.0, 902.0]
[32.0, 32.0, 1023.0, 775.0]
[0.0, 128.0, 992.0, 872.0]
[0.0, 80.0, 993.0, 825.0]
[0.0, 128.0, 994.0, 874.0]
[16.0, 48.0, 1011.0, 794.0]
[16.0, 80.0, 1012.0, 827.0]
[16.0, 32.0, 1013.0, 780.0]
[0.0, 16.0, 998.0, 764.0]
[0.0, 144.0, 999.0, 893.0]
[0.0, 160.0, 1000.0, 910.0]
[16.0, 128.0, 1017.0, 879.0]
[0.0, 32.0, 1002.0, 784.0]
[16.0, 112.0, 1019.0, 864.0]
[16.0, 160.0, 1020.0, 913.0]
[0.0, 96.0, 1005.0, 850.0]
[0.0, 112.0, 1006.0, 866.0]
[0.0, 48.0, 1007.0, 803.0]
[0.0, 80.0, 1008.0, 836.0]
[0.0, 144.0, 1009.0, 901.0]
[0.0, 48.0, 1010.0, 806.0]
[0.0, 48.0, 1011.0, 806.0]
[0.0, 64.0, 1012.0, 823.0]
[0.0, 48.0, 1013.0, 808.0]
[0.0, 96.0, 1014.0, 856.0]
[0.0, 32.0, 1015.0, 793.0]
[0.0, 80.0, 1016.0, 842.0]
[0.0, 0.0, 1017.0, 763.0]
[0.0, 64.0, 1018.0, 828.0]
[0.0, 48.0, 1019.0, 812.0]
[0.0, 80.0, 1020.0, 845.0]
[0.0, 64.0, 1021.0, 830.0]
[0.0, 16.0, 1022.0, 782.0]
[0.0, 144.0, 1023.0, 911.0]
[0.0, 48.0, 1024.0, 816.0]
