[160.0, 16.0, 877.0, 554.0]
[192.0, 48.0, 910.0, 586.0]
[160.0, 32.0, 879.0, 571.0]
[32.0, 32.0, 752.0, 572.0]
[96.0, 64.0, 817.0, 605.0]
[48.0, 48.0, 770.0, 590.0]
[64.0, 16.0, 787.0, 558.0]
[80.0, 0.0, 804.0, 543.0]
[208.0, 32.0, 933.0, 576.0]
[144.0, 0.0, 870.0, 544.0]
[32.0, 32.0, 759.0, 577.0]
[144.0, 16.0, 872.0, 562.0]
[160.0, 16.0, 889.0, 563.0]
[96.0, 64.0, 826.0, 612.0]
[16.0, 16.0, 747.0, 564.0]
[80.0, 16.0, 812.0, 565.0]
[32.0, 64.0, 765.0, 614.0]
[48.0, 0.0, 782.0, 550.0]
[144.0, 48.0, 879.0, 599.0]
[160.0, 0.0, 896.0, 552.0]
[128.0, 64.0, 865.0, 617.0]
[224.0, 16.0, 962.0, 570.0]
[160.0, 64.0, 899.0, 618.0]
[48.0, 16.0, 788.0, 571.0]
[32.0, 48.0, 773.0, 604.0]
[32.0, 48.0, 774.0, 604.0]
[96.0, 16.0, 839.0, 573.0]
[160.0, 16.0, 904.0, 574.0]
[192.0, 16.0, 937.0, 575.0]
[96.0, 48.0, 842.0, 608.0]
[160.0, 0.0, 907.0, 560.0]
[144.0, 64.0, 892.0, 625.0]
[208.0, 0.0, 957.0, 562.0]
[16.0, 32.0, 766.0, 594.0]
[128.0, 64.0, 879.0, 627.0]
[64.0, 32.0, 816.0, 596.0]
[48.0, 64.0, 801.0, 629.0]
[64.0, 32.0, 818.0, 598.0]
[0.0, 16.0, 755.0, 582.0]
[16.0, 32.0, 772.0, 599.0]
[48.0, 16.0, 805.0, 584.0]
[64.0, 32.0, 822.0, 600.0]
[96.0, 16.0, 855.0, 585.0]
[160.0, 0.0, 920.0, 570.0]
[176.0, 0.0, 937.0, 571.0]
[32.0, 64.0, 794.0, 636.0]
[96.0, 0.0, 859.0, 572.0]
[160.0, 48.0, 924.0, 621.0]
[80.0, 0.0, 845.0, 574.0]
[0.0, 48.0, 766.0, 622.0]
[80.0, 32.0, 847.0, 607.0]
[64.0, 16.0, 832.0, 592.0]
[144.0, 32.0, 913.0, 609.0]
[176.0, 0.0, 946.0, 578.0]
[80.0, 32.0, 851.0, 610.0]
[96.0, 48.0, 868.0, 627.0]
[160.0, 48.0, 933.0, 628.0]
[144.0, 48.0, 918.0, 628.0]
[0.0, 48.0, 775.0, 629.0]
[32.0, 0.0, 808.0, 582.0]
[48.0, 32.0, 825.0, 615.0]
[48.0, 32.0, 826.0, 616.0]
[160.0, 48.0, 939.0, 632.0]
[96.0, 0.0, 876.0, 585.0]
[48.0, 0.0, 829.0, 586.0]
[128.0, 16.0, 910.0, 602.0]
[112.0, 16.0, 895.0, 603.0]
[112.0, 16.0, 896.0, 604.0]
[128.0, 16.0, 913.0, 605.0]
[112.0, 48.0, 898.0, 638.0]
[80.0, 48.0, 867.0, 638.0]
[80.0, 32.0, 868.0, 623.0]
[64.0, 16.0, 853.0, 608.0]
[48.0, 16.0, 838.0, 608.0]
[48.0, 32.0, 839.0, 625.0]
[64.0, 0.0, 856.0, 594.0]
[0.0, 32.0, 793.0, 627.0]
[176.0, 16.0, 970.0, 612.0]
[112.0, 0.0, 907.0, 596.0]
[64.0, 16.0, 860.0, 613.0]
[144.0, 16.0, 941.0, 614.0]
[96.0, 32.0, 894.0, 630.0]
[160.0, 0.0, 959.0, 599.0]
[16.0, 0.0, 816.0, 600.0]
[0.0, 16.0, 801.0, 617.0]
[0.0, 16.0, 802.0, 618.0]
[0.0, 0.0, 803.0, 602.0]
[80.0, 16.0, 884.0, 619.0]
[128.0, 0.0, 933.0, 604.0]
[64.0, 0.0, 870.0, 604.0]
[160.0, 0.0, 967.0, 605.0]
[64.0, 16.0, 872.0, 622.0]
[128.0, 0.0, 937.0, 607.0]
[96.0, 16.0, 906.0, 624.0]
[112.0, 16.0, 923.0, 624.0]
[16.0, 16.0, 828.0, 625.0]
[48.0, 0.0, 861.0, 610.0]
[0.0, 16.0, 814.0, 626.0]
[64.0, 0.0, 879.0, 611.0]
[32.0, 0.0, 848.0, 612.0]
[0.0, 0.0, 817.0, 613.0]
[128.0, 0.0, 946.0, 614.0]
[112.0, 0.0, 931.0, 614.0]
[96.0, 0.0, 916.0, 615.0]
[144.0, 16.0, 965.0, 632.0]
[16.0, 16.0, 838.0, 632.0]
[16.0, 0.0, 839.0, 617.0]
[48.0, 16.0, 872.0, 634.0]
[96.0, 16.0, 921.0, 635.0]
[96.0, 16.0, 922.0, 636.0]
[16.0, 16.0, 843.0, 636.0]
[80.0, 0.0, 908.0, 621.0]
[48.0, 16.0, 877.0, 638.0]
[16.0, 16.0, 846.0, 638.0]
[16.0, 0.0, 847.0, 623.0]
[64.0, 0.0, 896.0, 624.0]
[96.0, 0.0, 929.0, 625.0]
[80.0, 0.0, 914.0, 626.0]
[96.0, 0.0, 931.0, 626.0]
[80.0, 0.0, 916.0, 627.0]
[112.0, 0.0, 949.0, 628.0]
[0.0, 0.0, 838.0, 628.0]
[32.0, 0.0, 871.0, 629.0]
[96.0, 0.0, 936.0, 630.0]
[128.0, 0.0, 969.0, 631.0]
[112.0, 0.0, 954.0, 632.0]
[80.0, 0.0, 923.0, 632.0]
[80.0, 0.0, 924.0, 633.0]
[32.0, 0.0, 877.0, 634.0]
[112.0, 0.0, 958.0, 634.0]
[32.0, 0.0, 879.0, 635.0]
[48.0, 0.0, 896.0, 636.0]
[16.0, 0.0, 865.0, 637.0]
[32.0, 0.0, 882.0, 638.0]
[96.0, 0.0, 947.0, 638.0]
