[96.0, 0.0, 813.0, 538.0]
[48.0, 16.0, 766.0, 554.0]
[96.0, 0.0, 815.0, 539.0]
[16.0, 16.0, 736.0, 556.0]
[128.0, 16.0, 849.0, 557.0]
[96.0, 0.0, 818.0, 542.0]
[64.0, 16.0, 787.0, 558.0]
[16.0, 32.0, 740.0, 575.0]
[96.0, 16.0, 821.0, 560.0]
[48.0, 16.0, 774.0, 560.0]
[64.0, 16.0, 791.0, 561.0]
[16.0, 0.0, 744.0, 546.0]
[80.0, 0.0, 809.0, 547.0]
[112.0, 16.0, 842.0, 564.0]
[16.0, 0.0, 747.0, 548.0]
[112.0, 16.0, 844.0, 565.0]
[64.0, 16.0, 797.0, 566.0]
[64.0, 16.0, 798.0, 566.0]
[0.0, 0.0, 735.0, 551.0]
[112.0, 16.0, 848.0, 568.0]
[112.0, 0.0, 849.0, 553.0]
[32.0, 16.0, 770.0, 570.0]
[32.0, 0.0, 771.0, 554.0]
[48.0, 16.0, 788.0, 571.0]
[96.0, 0.0, 837.0, 556.0]
[0.0, 0.0, 742.0, 556.0]
[32.0, 16.0, 775.0, 573.0]
[16.0, 0.0, 760.0, 558.0]
[112.0, 16.0, 857.0, 575.0]
[16.0, 16.0, 762.0, 576.0]
[64.0, 16.0, 811.0, 576.0]
[16.0, 0.0, 764.0, 561.0]
[80.0, 0.0, 829.0, 562.0]
[32.0, 0.0, 782.0, 562.0]
[32.0, 0.0, 783.0, 563.0]
[16.0, 0.0, 768.0, 564.0]
[0.0, 0.0, 753.0, 565.0]
[64.0, 0.0, 818.0, 566.0]
[96.0, 0.0, 851.0, 566.0]
[32.0, 0.0, 788.0, 567.0]
[48.0, 0.0, 805.0, 568.0]
[80.0, 0.0, 838.0, 568.0]
[0.0, 0.0, 759.0, 569.0]
[96.0, 0.0, 856.0, 570.0]
[32.0, 0.0, 793.0, 571.0]
[32.0, 0.0, 794.0, 572.0]
[64.0, 0.0, 827.0, 572.0]
[16.0, 0.0, 780.0, 573.0]
[64.0, 0.0, 829.0, 574.0]
[96.0, 0.0, 862.0, 574.0]
[48.0, 0.0, 815.0, 575.0]
[64.0, 0.0, 832.0, 576.0]
