[208.0, 144.0, 925.0, 682.0]
[192.0, 112.0, 910.0, 650.0]
[160.0, 112.0, 879.0, 651.0]
[208.0, 128.0, 928.0, 668.0]
[48.0, 96.0, 769.0, 637.0]
[208.0, 128.0, 930.0, 670.0]
[32.0, 96.0, 755.0, 638.0]
[32.0, 128.0, 756.0, 671.0]
[160.0, 80.0, 885.0, 624.0]
[192.0, 96.0, 918.0, 640.0]
[192.0, 112.0, 919.0, 657.0]
[208.0, 96.0, 936.0, 642.0]
[112.0, 80.0, 841.0, 627.0]
[112.0, 112.0, 842.0, 660.0]
[48.0, 128.0, 779.0, 676.0]
[64.0, 96.0, 796.0, 645.0]
[176.0, 96.0, 909.0, 646.0]
[48.0, 112.0, 782.0, 662.0]
[112.0, 80.0, 847.0, 631.0]
[96.0, 80.0, 832.0, 632.0]
[160.0, 96.0, 897.0, 649.0]
[0.0, 112.0, 738.0, 666.0]
[64.0, 96.0, 803.0, 650.0]
[208.0, 112.0, 948.0, 667.0]
[32.0, 96.0, 773.0, 652.0]
[96.0, 64.0, 838.0, 620.0]
[144.0, 96.0, 887.0, 653.0]
[80.0, 112.0, 824.0, 670.0]
[144.0, 96.0, 889.0, 655.0]
[128.0, 64.0, 874.0, 624.0]
[0.0, 96.0, 747.0, 656.0]
[128.0, 96.0, 876.0, 657.0]
[96.0, 64.0, 845.0, 626.0]
[32.0, 96.0, 782.0, 658.0]
[192.0, 96.0, 943.0, 659.0]
[176.0, 96.0, 928.0, 660.0]
[112.0, 112.0, 865.0, 677.0]
[112.0, 64.0, 866.0, 630.0]
[144.0, 64.0, 899.0, 630.0]
[96.0, 96.0, 852.0, 663.0]
[32.0, 64.0, 789.0, 632.0]
[160.0, 80.0, 918.0, 648.0]
[16.0, 96.0, 775.0, 665.0]
[112.0, 80.0, 872.0, 650.0]
[128.0, 48.0, 889.0, 619.0]
[112.0, 80.0, 874.0, 652.0]
[16.0, 80.0, 779.0, 652.0]
[112.0, 64.0, 876.0, 637.0]
[32.0, 80.0, 797.0, 654.0]
[128.0, 80.0, 894.0, 654.0]
[112.0, 80.0, 879.0, 655.0]
[32.0, 64.0, 800.0, 640.0]
[0.0, 80.0, 769.0, 657.0]
[112.0, 96.0, 882.0, 674.0]
[80.0, 48.0, 851.0, 626.0]
[112.0, 96.0, 884.0, 675.0]
[48.0, 80.0, 821.0, 660.0]
[128.0, 48.0, 902.0, 628.0]
[176.0, 80.0, 951.0, 661.0]
[128.0, 64.0, 904.0, 646.0]
[16.0, 80.0, 793.0, 663.0]
[32.0, 80.0, 810.0, 664.0]
[128.0, 80.0, 907.0, 664.0]
[64.0, 48.0, 844.0, 633.0]
[160.0, 64.0, 941.0, 650.0]
[176.0, 96.0, 958.0, 682.0]
[144.0, 96.0, 927.0, 683.0]
[80.0, 80.0, 864.0, 668.0]
[96.0, 80.0, 881.0, 669.0]
[112.0, 64.0, 898.0, 654.0]
[96.0, 80.0, 883.0, 670.0]
[112.0, 80.0, 900.0, 671.0]
[64.0, 48.0, 853.0, 640.0]
[112.0, 32.0, 902.0, 624.0]
[128.0, 80.0, 919.0, 673.0]
[48.0, 80.0, 840.0, 674.0]
[112.0, 80.0, 905.0, 675.0]
[96.0, 80.0, 890.0, 676.0]
[160.0, 64.0, 955.0, 660.0]
[112.0, 32.0, 908.0, 629.0]
[0.0, 48.0, 797.0, 646.0]
[96.0, 64.0, 894.0, 662.0]
[112.0, 80.0, 911.0, 679.0]
[32.0, 64.0, 832.0, 664.0]
[96.0, 16.0, 897.0, 617.0]
[32.0, 64.0, 834.0, 666.0]
[0.0, 80.0, 803.0, 682.0]
[144.0, 64.0, 948.0, 667.0]
[144.0, 48.0, 949.0, 652.0]
[96.0, 16.0, 902.0, 620.0]
[112.0, 32.0, 919.0, 637.0]
[0.0, 64.0, 808.0, 670.0]
[80.0, 32.0, 889.0, 639.0]
[16.0, 32.0, 826.0, 640.0]
[128.0, 48.0, 939.0, 656.0]
[48.0, 16.0, 860.0, 625.0]
[128.0, 48.0, 941.0, 658.0]
[64.0, 32.0, 878.0, 642.0]
[96.0, 32.0, 911.0, 643.0]
[32.0, 64.0, 848.0, 676.0]
[96.0, 16.0, 913.0, 629.0]
[96.0, 16.0, 914.0, 630.0]
[0.0, 48.0, 819.0, 662.0]
[96.0, 64.0, 916.0, 679.0]
[112.0, 48.0, 933.0, 664.0]
[16.0, 48.0, 838.0, 664.0]
[0.0, 32.0, 823.0, 649.0]
[0.0, 48.0, 824.0, 666.0]
[64.0, 16.0, 889.0, 635.0]
[80.0, 32.0, 906.0, 652.0]
[48.0, 48.0, 875.0, 668.0]
[128.0, 48.0, 956.0, 669.0]
[96.0, 32.0, 925.0, 654.0]
[80.0, 16.0, 910.0, 638.0]
[80.0, 48.0, 911.0, 671.0]
[48.0, 0.0, 880.0, 624.0]
[0.0, 32.0, 833.0, 657.0]
[112.0, 48.0, 946.0, 674.0]
[32.0, 16.0, 867.0, 642.0]
[16.0, 32.0, 852.0, 659.0]
[0.0, 16.0, 837.0, 644.0]
[16.0, 32.0, 854.0, 660.0]
[80.0, 16.0, 919.0, 645.0]
[64.0, 0.0, 904.0, 630.0]
[0.0, 48.0, 841.0, 679.0]
[112.0, 32.0, 954.0, 664.0]
[80.0, 16.0, 923.0, 648.0]
[64.0, 48.0, 908.0, 681.0]
[64.0, 48.0, 909.0, 682.0]
[64.0, 32.0, 910.0, 666.0]
[96.0, 48.0, 943.0, 683.0]
[64.0, 0.0, 912.0, 636.0]
[16.0, 32.0, 865.0, 669.0]
[96.0, 16.0, 946.0, 654.0]
[80.0, 16.0, 931.0, 654.0]
[80.0, 0.0, 932.0, 639.0]
[96.0, 32.0, 949.0, 672.0]
[48.0, 16.0, 902.0, 656.0]
[48.0, 32.0, 903.0, 673.0]
[32.0, 16.0, 888.0, 658.0]
[48.0, 16.0, 905.0, 659.0]
[0.0, 16.0, 858.0, 660.0]
[80.0, 0.0, 939.0, 644.0]
[0.0, 16.0, 860.0, 661.0]
[48.0, 16.0, 909.0, 662.0]
[96.0, 16.0, 958.0, 662.0]
[48.0, 0.0, 911.0, 647.0]
[0.0, 32.0, 864.0, 680.0]
[0.0, 0.0, 865.0, 649.0]
[0.0, 16.0, 866.0, 666.0]
[32.0, 16.0, 899.0, 666.0]
[64.0, 0.0, 932.0, 651.0]
[0.0, 16.0, 869.0, 668.0]
[48.0, 16.0, 918.0, 668.0]
[32.0, 16.0, 903.0, 669.0]
[0.0, 16.0, 872.0, 670.0]
[32.0, 0.0, 905.0, 655.0]
[32.0, 0.0, 906.0, 656.0]
[80.0, 16.0, 955.0, 672.0]
[64.0, 16.0, 940.0, 673.0]
[16.0, 16.0, 893.0, 674.0]
[64.0, 0.0, 942.0, 658.0]
[32.0, 0.0, 911.0, 659.0]
[0.0, 16.0, 880.0, 676.0]
[64.0, 0.0, 945.0, 661.0]
[64.0, 0.0, 946.0, 662.0]
[64.0, 16.0, 947.0, 678.0]
[0.0, 16.0, 884.0, 679.0]
[32.0, 16.0, 917.0, 680.0]
[16.0, 16.0, 902.0, 680.0]
[48.0, 16.0, 935.0, 681.0]
[16.0, 16.0, 904.0, 682.0]
[64.0, 16.0, 953.0, 683.0]
[64.0, 0.0, 954.0, 668.0]
[64.0, 0.0, 955.0, 668.0]
[16.0, 0.0, 908.0, 669.0]
[48.0, 0.0, 941.0, 670.0]
[32.0, 0.0, 926.0, 670.0]
[0.0, 0.0, 895.0, 671.0]
[32.0, 0.0, 928.0, 672.0]
[0.0, 0.0, 897.0, 673.0]
[16.0, 0.0, 914.0, 674.0]
[16.0, 0.0, 915.0, 674.0]
[0.0, 0.0, 900.0, 675.0]
[48.0, 0.0, 949.0, 676.0]
[16.0, 0.0, 918.0, 676.0]
[48.0, 0.0, 951.0, 677.0]
[32.0, 0.0, 936.0, 678.0]
[16.0, 0.0, 921.0, 679.0]
[0.0, 0.0, 906.0, 680.0]
[16.0, 0.0, 923.0, 680.0]
[16.0, 0.0, 924.0, 681.0]
[0.0, 0.0, 909.0, 682.0]
[32.0, 0.0, 942.0, 682.0]
[32.0, 0.0, 943.0, 683.0]
