[128.0, 64.0, 845.0, 602.0]
[64.0, 64.0, 782.0, 602.0]
[128.0, 112.0, 847.0, 651.0]
[96.0, 80.0, 816.0, 620.0]
[160.0, 32.0, 881.0, 573.0]
[80.0, 16.0, 802.0, 558.0]
[32.0, 112.0, 755.0, 654.0]
[160.0, 80.0, 884.0, 623.0]
[160.0, 32.0, 885.0, 576.0]
[144.0, 112.0, 870.0, 656.0]
[112.0, 96.0, 839.0, 641.0]
[176.0, 16.0, 904.0, 562.0]
[176.0, 112.0, 905.0, 659.0]
[128.0, 48.0, 858.0, 596.0]
[144.0, 48.0, 875.0, 596.0]
[16.0, 48.0, 748.0, 597.0]
[80.0, 64.0, 813.0, 614.0]
[48.0, 128.0, 782.0, 678.0]
[112.0, 128.0, 847.0, 679.0]
[176.0, 32.0, 912.0, 584.0]
[128.0, 16.0, 865.0, 569.0]
[176.0, 32.0, 914.0, 586.0]
[112.0, 80.0, 851.0, 634.0]
[80.0, 0.0, 820.0, 555.0]
[64.0, 96.0, 805.0, 652.0]
[96.0, 80.0, 838.0, 636.0]
[64.0, 16.0, 807.0, 573.0]
[32.0, 48.0, 776.0, 606.0]
[32.0, 48.0, 777.0, 607.0]
[48.0, 48.0, 794.0, 608.0]
[96.0, 96.0, 843.0, 656.0]
[176.0, 16.0, 924.0, 577.0]
[112.0, 48.0, 861.0, 610.0]
[80.0, 48.0, 830.0, 610.0]
[96.0, 0.0, 847.0, 563.0]
[144.0, 64.0, 896.0, 628.0]
[48.0, 48.0, 801.0, 613.0]
[160.0, 96.0, 914.0, 662.0]
[176.0, 48.0, 931.0, 614.0]
[128.0, 0.0, 884.0, 567.0]
[144.0, 32.0, 901.0, 600.0]
[64.0, 0.0, 822.0, 568.0]
[176.0, 96.0, 935.0, 665.0]
[32.0, 32.0, 792.0, 602.0]
[112.0, 112.0, 873.0, 683.0]
[64.0, 96.0, 826.0, 668.0]
[64.0, 96.0, 827.0, 668.0]
[0.0, 96.0, 764.0, 669.0]
[64.0, 96.0, 829.0, 670.0]
[96.0, 64.0, 862.0, 638.0]
[96.0, 0.0, 863.0, 575.0]
[48.0, 16.0, 816.0, 592.0]
[192.0, 64.0, 961.0, 641.0]
[80.0, 32.0, 850.0, 610.0]
[80.0, 80.0, 851.0, 658.0]
[16.0, 32.0, 788.0, 611.0]
[96.0, 32.0, 869.0, 612.0]
[96.0, 80.0, 870.0, 660.0]
[96.0, 48.0, 871.0, 629.0]
[96.0, 80.0, 872.0, 662.0]
[0.0, 0.0, 777.0, 583.0]
[176.0, 80.0, 954.0, 664.0]
[144.0, 64.0, 923.0, 648.0]
[0.0, 64.0, 780.0, 649.0]
[0.0, 64.0, 781.0, 650.0]
[32.0, 48.0, 814.0, 634.0]
[112.0, 64.0, 895.0, 651.0]
[48.0, 64.0, 832.0, 652.0]
[96.0, 32.0, 881.0, 621.0]
[80.0, 32.0, 866.0, 622.0]
[64.0, 16.0, 851.0, 606.0]
[192.0, 32.0, 980.0, 623.0]
[96.0, 48.0, 885.0, 640.0]
[112.0, 48.0, 902.0, 640.0]
[160.0, 16.0, 951.0, 609.0]
[80.0, 80.0, 872.0, 674.0]
[96.0, 80.0, 889.0, 675.0]
[176.0, 32.0, 970.0, 628.0]
[176.0, 16.0, 971.0, 612.0]
[144.0, 48.0, 940.0, 645.0]
[16.0, 32.0, 813.0, 630.0]
[80.0, 64.0, 878.0, 662.0]
[128.0, 48.0, 927.0, 647.0]
[160.0, 80.0, 960.0, 680.0]
[48.0, 0.0, 849.0, 601.0]
[144.0, 16.0, 946.0, 618.0]
[48.0, 16.0, 851.0, 618.0]
[0.0, 64.0, 804.0, 667.0]
[48.0, 32.0, 853.0, 636.0]
[160.0, 48.0, 966.0, 652.0]
[80.0, 0.0, 887.0, 605.0]
[48.0, 64.0, 856.0, 670.0]
[64.0, 48.0, 873.0, 655.0]
[112.0, 0.0, 922.0, 608.0]
[160.0, 16.0, 971.0, 624.0]
[96.0, 32.0, 908.0, 641.0]
[16.0, 0.0, 829.0, 610.0]
[128.0, 48.0, 942.0, 658.0]
[16.0, 48.0, 831.0, 659.0]
[96.0, 48.0, 912.0, 660.0]
[64.0, 32.0, 881.0, 645.0]
[160.0, 16.0, 978.0, 630.0]
[48.0, 0.0, 867.0, 614.0]
[192.0, 32.0, 1012.0, 647.0]
[96.0, 64.0, 917.0, 680.0]
[0.0, 32.0, 822.0, 648.0]
[48.0, 32.0, 871.0, 649.0]
[160.0, 16.0, 984.0, 634.0]
[144.0, 48.0, 969.0, 667.0]
[48.0, 0.0, 874.0, 620.0]
[64.0, 0.0, 891.0, 620.0]
[128.0, 0.0, 956.0, 621.0]
[96.0, 16.0, 925.0, 638.0]
[0.0, 16.0, 830.0, 638.0]
[32.0, 48.0, 863.0, 671.0]
[192.0, 32.0, 1024.0, 656.0]
[32.0, 0.0, 865.0, 625.0]
[16.0, 32.0, 850.0, 658.0]
[160.0, 32.0, 995.0, 658.0]
[144.0, 0.0, 980.0, 627.0]
[32.0, 32.0, 869.0, 660.0]
[144.0, 32.0, 982.0, 660.0]
[160.0, 32.0, 999.0, 661.0]
[112.0, 32.0, 952.0, 662.0]
[80.0, 32.0, 921.0, 663.0]
[144.0, 16.0, 986.0, 648.0]
[80.0, 16.0, 923.0, 648.0]
[160.0, 0.0, 1004.0, 633.0]
[64.0, 48.0, 909.0, 682.0]
[48.0, 32.0, 894.0, 666.0]
[32.0, 32.0, 879.0, 667.0]
[96.0, 32.0, 944.0, 668.0]
[32.0, 16.0, 881.0, 653.0]
[160.0, 0.0, 1010.0, 638.0]
[128.0, 0.0, 979.0, 638.0]
[80.0, 16.0, 932.0, 655.0]
[112.0, 16.0, 965.0, 656.0]
[80.0, 16.0, 934.0, 656.0]
[80.0, 16.0, 935.0, 657.0]
[160.0, 0.0, 1016.0, 642.0]
[96.0, 16.0, 953.0, 659.0]
[160.0, 16.0, 1018.0, 660.0]
[0.0, 0.0, 859.0, 644.0]
[64.0, 32.0, 924.0, 677.0]
[144.0, 0.0, 1005.0, 646.0]
[144.0, 16.0, 1006.0, 662.0]
[64.0, 16.0, 927.0, 663.0]
[128.0, 16.0, 992.0, 664.0]
[64.0, 0.0, 929.0, 649.0]
[32.0, 0.0, 898.0, 650.0]
[80.0, 0.0, 947.0, 650.0]
[48.0, 0.0, 916.0, 651.0]
[80.0, 16.0, 949.0, 668.0]
[96.0, 16.0, 966.0, 668.0]
[64.0, 16.0, 935.0, 669.0]
[32.0, 0.0, 904.0, 654.0]
[112.0, 16.0, 985.0, 671.0]
[80.0, 0.0, 954.0, 656.0]
[80.0, 0.0, 955.0, 656.0]
[96.0, 0.0, 972.0, 657.0]
[112.0, 16.0, 989.0, 674.0]
[0.0, 0.0, 878.0, 658.0]
[64.0, 0.0, 943.0, 659.0]
[64.0, 0.0, 944.0, 660.0]
[64.0, 16.0, 945.0, 677.0]
[32.0, 0.0, 914.0, 662.0]
[0.0, 0.0, 883.0, 662.0]
[32.0, 16.0, 916.0, 679.0]
[80.0, 16.0, 965.0, 680.0]
[96.0, 16.0, 982.0, 680.0]
[128.0, 16.0, 1015.0, 681.0]
[64.0, 16.0, 952.0, 682.0]
[80.0, 16.0, 969.0, 683.0]
[80.0, 0.0, 970.0, 668.0]
[80.0, 0.0, 971.0, 668.0]
[112.0, 0.0, 1004.0, 669.0]
[80.0, 0.0, 973.0, 670.0]
[0.0, 0.0, 894.0, 670.0]
[96.0, 0.0, 991.0, 671.0]
[128.0, 0.0, 1024.0, 672.0]
[112.0, 0.0, 1009.0, 673.0]
[16.0, 0.0, 914.0, 674.0]
[0.0, 0.0, 899.0, 674.0]
[48.0, 0.0, 948.0, 675.0]
[96.0, 0.0, 997.0, 676.0]
[112.0, 0.0, 1014.0, 676.0]
[32.0, 0.0, 935.0, 677.0]
[0.0, 0.0, 904.0, 678.0]
[112.0, 0.0, 1017.0, 679.0]
[16.0, 0.0, 922.0, 680.0]
[32.0, 0.0, 939.0, 680.0]
[48.0, 0.0, 956.0, 681.0]
[112.0, 0.0, 1021.0, 682.0]
[16.0, 0.0, 926.0, 682.0]
[112.0, 0.0, 1023.0, 683.0]
