[176.0, 144.0, 961.0, 733.0]
[192.0, 144.0, 978.0, 734.0]
[160.0, 128.0, 947.0, 718.0]
[80.0, 128.0, 868.0, 719.0]
[192.0, 48.0, 981.0, 640.0]
[48.0, 96.0, 838.0, 688.0]
[48.0, 80.0, 839.0, 673.0]
[144.0, 48.0, 936.0, 642.0]
[96.0, 144.0, 889.0, 739.0]
[112.0, 80.0, 906.0, 676.0]
[48.0, 128.0, 843.0, 724.0]
[128.0, 32.0, 924.0, 629.0]
[192.0, 112.0, 989.0, 710.0]
[112.0, 112.0, 910.0, 710.0]
[112.0, 48.0, 911.0, 647.0]
[64.0, 80.0, 864.0, 680.0]
[96.0, 144.0, 897.0, 745.0]
[112.0, 48.0, 914.0, 650.0]
[80.0, 112.0, 883.0, 714.0]
[96.0, 80.0, 900.0, 683.0]
[192.0, 48.0, 997.0, 652.0]
[96.0, 64.0, 902.0, 668.0]
[144.0, 16.0, 951.0, 621.0]
[80.0, 48.0, 888.0, 654.0]
[128.0, 48.0, 937.0, 655.0]
[80.0, 48.0, 890.0, 656.0]
[160.0, 128.0, 971.0, 736.0]
[48.0, 32.0, 860.0, 641.0]
[64.0, 32.0, 877.0, 642.0]
[144.0, 32.0, 958.0, 642.0]
[64.0, 144.0, 879.0, 755.0]
[96.0, 16.0, 912.0, 628.0]
[96.0, 112.0, 913.0, 725.0]
[96.0, 48.0, 914.0, 662.0]
[112.0, 48.0, 931.0, 662.0]
[48.0, 64.0, 868.0, 679.0]
[192.0, 96.0, 1013.0, 712.0]
[112.0, 32.0, 934.0, 648.0]
[128.0, 32.0, 951.0, 649.0]
[96.0, 48.0, 920.0, 666.0]
[176.0, 96.0, 1001.0, 715.0]
[32.0, 112.0, 858.0, 732.0]
[64.0, 96.0, 891.0, 716.0]
[128.0, 64.0, 956.0, 685.0]
[64.0, 0.0, 893.0, 622.0]
[96.0, 112.0, 926.0, 734.0]
[80.0, 16.0, 911.0, 639.0]
[144.0, 32.0, 976.0, 656.0]
[96.0, 0.0, 929.0, 625.0]
[48.0, 0.0, 882.0, 626.0]
[96.0, 96.0, 931.0, 722.0]
[80.0, 112.0, 916.0, 739.0]
[16.0, 128.0, 853.0, 756.0]
[80.0, 96.0, 918.0, 724.0]
[128.0, 80.0, 967.0, 709.0]
[128.0, 80.0, 968.0, 710.0]
[48.0, 32.0, 889.0, 663.0]
[96.0, 16.0, 938.0, 648.0]
[0.0, 80.0, 843.0, 712.0]
[0.0, 96.0, 844.0, 729.0]
[16.0, 80.0, 861.0, 714.0]
[32.0, 80.0, 878.0, 714.0]
[32.0, 48.0, 879.0, 683.0]
[160.0, 64.0, 1008.0, 700.0]
[48.0, 16.0, 897.0, 653.0]
[144.0, 112.0, 994.0, 750.0]
[64.0, 128.0, 915.0, 766.0]
[48.0, 48.0, 900.0, 687.0]
[16.0, 32.0, 869.0, 672.0]
[144.0, 0.0, 998.0, 640.0]
[112.0, 112.0, 967.0, 753.0]
[112.0, 64.0, 968.0, 706.0]
[16.0, 16.0, 873.0, 659.0]
[112.0, 64.0, 970.0, 708.0]
[112.0, 16.0, 971.0, 660.0]
[32.0, 64.0, 892.0, 709.0]
[128.0, 16.0, 989.0, 662.0]
[128.0, 80.0, 990.0, 726.0]
[16.0, 16.0, 879.0, 663.0]
[144.0, 80.0, 1008.0, 728.0]
[112.0, 64.0, 977.0, 713.0]
[64.0, 48.0, 930.0, 698.0]
[32.0, 112.0, 899.0, 762.0]
[32.0, 80.0, 900.0, 731.0]
[144.0, 16.0, 1013.0, 668.0]
[128.0, 32.0, 998.0, 684.0]
[144.0, 64.0, 1015.0, 717.0]
[32.0, 80.0, 904.0, 734.0]
[64.0, 80.0, 937.0, 735.0]
[144.0, 112.0, 1018.0, 768.0]
[112.0, 80.0, 987.0, 736.0]
[16.0, 32.0, 892.0, 689.0]
[128.0, 64.0, 1005.0, 722.0]
[64.0, 0.0, 942.0, 658.0]
[112.0, 96.0, 991.0, 755.0]
[48.0, 96.0, 928.0, 756.0]
[112.0, 64.0, 993.0, 725.0]
[16.0, 32.0, 898.0, 694.0]
[16.0, 0.0, 899.0, 662.0]
[16.0, 96.0, 900.0, 759.0]
[0.0, 64.0, 885.0, 728.0]
[32.0, 0.0, 918.0, 664.0]
[48.0, 16.0, 935.0, 681.0]
[112.0, 0.0, 1000.0, 666.0]
[80.0, 80.0, 969.0, 747.0]
[16.0, 48.0, 906.0, 716.0]
[16.0, 64.0, 907.0, 732.0]
[0.0, 80.0, 892.0, 749.0]
[32.0, 80.0, 925.0, 750.0]
[96.0, 48.0, 990.0, 718.0]
[32.0, 64.0, 927.0, 735.0]
[64.0, 80.0, 960.0, 752.0]
[0.0, 16.0, 897.0, 689.0]
[16.0, 16.0, 914.0, 690.0]
[16.0, 80.0, 915.0, 754.0]
[80.0, 0.0, 980.0, 675.0]
[16.0, 16.0, 917.0, 692.0]
[96.0, 48.0, 998.0, 724.0]
[112.0, 0.0, 1015.0, 677.0]
[16.0, 80.0, 920.0, 758.0]
[0.0, 64.0, 905.0, 743.0]
[64.0, 16.0, 970.0, 696.0]
[96.0, 0.0, 1003.0, 680.0]
[96.0, 48.0, 1004.0, 729.0]
[16.0, 0.0, 925.0, 682.0]
[80.0, 32.0, 990.0, 714.0]
[0.0, 48.0, 911.0, 731.0]
[48.0, 48.0, 960.0, 732.0]
[32.0, 16.0, 945.0, 701.0]
[48.0, 32.0, 962.0, 718.0]
[0.0, 80.0, 915.0, 766.0]
[48.0, 48.0, 964.0, 735.0]
[48.0, 0.0, 965.0, 688.0]
[80.0, 80.0, 998.0, 768.0]
[16.0, 48.0, 935.0, 737.0]
[96.0, 0.0, 1016.0, 690.0]
[80.0, 16.0, 1001.0, 707.0]
[16.0, 0.0, 938.0, 692.0]
[0.0, 64.0, 923.0, 756.0]
[0.0, 0.0, 924.0, 693.0]
[0.0, 64.0, 925.0, 758.0]
[96.0, 32.0, 1022.0, 726.0]
[96.0, 64.0, 1023.0, 759.0]
[32.0, 48.0, 960.0, 744.0]
[48.0, 16.0, 977.0, 713.0]
[32.0, 48.0, 962.0, 746.0]
[48.0, 16.0, 979.0, 714.0]
[16.0, 48.0, 948.0, 747.0]
[80.0, 48.0, 1013.0, 748.0]
[80.0, 16.0, 1014.0, 716.0]
[32.0, 48.0, 967.0, 749.0]
[64.0, 0.0, 1000.0, 702.0]
[48.0, 32.0, 985.0, 735.0]
[48.0, 48.0, 986.0, 752.0]
[32.0, 0.0, 971.0, 704.0]
[80.0, 0.0, 1020.0, 705.0]
[0.0, 32.0, 941.0, 738.0]
[16.0, 48.0, 958.0, 754.0]
[0.0, 32.0, 943.0, 739.0]
[64.0, 32.0, 1008.0, 740.0]
[16.0, 0.0, 961.0, 709.0]
[64.0, 48.0, 1010.0, 758.0]
[32.0, 48.0, 979.0, 758.0]
[0.0, 0.0, 948.0, 711.0]
[32.0, 48.0, 981.0, 760.0]
[48.0, 48.0, 998.0, 760.0]
[48.0, 16.0, 999.0, 729.0]
[0.0, 16.0, 952.0, 730.0]
[48.0, 32.0, 1001.0, 747.0]
[64.0, 48.0, 1018.0, 764.0]
[64.0, 48.0, 1019.0, 764.0]
[64.0, 32.0, 1020.0, 749.0]
[0.0, 0.0, 957.0, 718.0]
[64.0, 32.0, 1022.0, 750.0]
[48.0, 0.0, 1007.0, 719.0]
[64.0, 0.0, 1024.0, 720.0]
[0.0, 0.0, 961.0, 721.0]
[32.0, 32.0, 994.0, 754.0]
[16.0, 16.0, 979.0, 738.0]
[16.0, 32.0, 980.0, 755.0]
[32.0, 16.0, 997.0, 740.0]
[48.0, 16.0, 1014.0, 740.0]
[48.0, 0.0, 1015.0, 725.0]
[0.0, 16.0, 968.0, 742.0]
[32.0, 0.0, 1001.0, 727.0]
[48.0, 0.0, 1018.0, 728.0]
[16.0, 0.0, 987.0, 728.0]
[48.0, 0.0, 1020.0, 729.0]
[16.0, 32.0, 989.0, 762.0]
[48.0, 0.0, 1022.0, 730.0]
[48.0, 0.0, 1023.0, 731.0]
[48.0, 16.0, 1024.0, 748.0]
[32.0, 0.0, 1009.0, 733.0]
[0.0, 32.0, 978.0, 766.0]
[32.0, 16.0, 1011.0, 750.0]
[32.0, 0.0, 1012.0, 735.0]
[0.0, 32.0, 981.0, 768.0]
[32.0, 0.0, 1014.0, 736.0]
[16.0, 0.0, 999.0, 737.0]
[32.0, 16.0, 1016.0, 754.0]
[32.0, 0.0, 1017.0, 739.0]
[0.0, 16.0, 986.0, 756.0]
[0.0, 0.0, 987.0, 740.0]
[32.0, 16.0, 1020.0, 757.0]
[0.0, 16.0, 989.0, 758.0]
[16.0, 16.0, 1006.0, 758.0]
[16.0, 0.0, 1007.0, 743.0]
[16.0, 16.0, 1008.0, 760.0]
[16.0, 0.0, 1009.0, 745.0]
[16.0, 16.0, 1010.0, 762.0]
[0.0, 0.0, 995.0, 746.0]
[0.0, 16.0, 996.0, 763.0]
[0.0, 16.0, 997.0, 764.0]
[0.0, 16.0, 998.0, 764.0]
[0.0, 0.0, 999.0, 749.0]
[0.0, 0.0, 1000.0, 750.0]
[0.0, 0.0, 1001.0, 751.0]
[0.0, 0.0, 1002.0, 752.0]
[16.0, 0.0, 1019.0, 752.0]
[16.0, 0.0, 1020.0, 753.0]
[16.0, 0.0, 1021.0, 754.0]
[0.0, 0.0, 1006.0, 754.0]
[16.0, 0.0, 1023.0, 755.0]
[16.0, 0.0, 1024.0, 756.0]
[0.0, 0.0, 1009.0, 757.0]
[0.0, 0.0, 1010.0, 758.0]
[0.0, 0.0, 1011.0, 758.0]
[0.0, 0.0, 1012.0, 759.0]
[0.0, 0.0, 1013.0, 760.0]
[0.0, 0.0, 1014.0, 760.0]
[0.0, 0.0, 1015.0, 761.0]
[0.0, 0.0, 1016.0, 762.0]
[0.0, 0.0, 1017.0, 763.0]
[0.0, 0.0, 1018.0, 764.0]
[0.0, 0.0, 1019.0, 764.0]
[0.0, 0.0, 1020.0, 765.0]
[0.0, 0.0, 1021.0, 766.0]
[0.0, 0.0, 1022.0, 766.0]
[0.0, 0.0, 1023.0, 767.0]
[0.0, 0.0, 1024.0, 768.0]
