[112.0, 16.0, 829.0, 554.0]
[96.0, 32.0, 814.0, 570.0]
[112.0, 16.0, 831.0, 555.0]
[160.0, 32.0, 880.0, 572.0]
[176.0, 48.0, 897.0, 589.0]
[96.0, 64.0, 818.0, 606.0]
[80.0, 64.0, 803.0, 606.0]
[80.0, 16.0, 804.0, 559.0]
[160.0, 48.0, 885.0, 592.0]
[96.0, 64.0, 822.0, 608.0]
[128.0, 48.0, 855.0, 593.0]
[128.0, 32.0, 856.0, 578.0]
[48.0, 48.0, 777.0, 595.0]
[96.0, 48.0, 826.0, 596.0]
[112.0, 32.0, 843.0, 580.0]
[80.0, 16.0, 812.0, 565.0]
[64.0, 32.0, 797.0, 582.0]
[48.0, 48.0, 782.0, 598.0]
[128.0, 48.0, 863.0, 599.0]
[112.0, 16.0, 848.0, 568.0]
[64.0, 16.0, 801.0, 569.0]
[144.0, 32.0, 882.0, 586.0]
[80.0, 48.0, 819.0, 602.0]
[112.0, 16.0, 852.0, 571.0]
[48.0, 48.0, 789.0, 604.0]
[128.0, 32.0, 870.0, 588.0]
[128.0, 16.0, 871.0, 573.0]
[144.0, 48.0, 888.0, 606.0]
[144.0, 48.0, 889.0, 607.0]
[96.0, 32.0, 842.0, 592.0]
[112.0, 48.0, 859.0, 608.0]
[96.0, 16.0, 844.0, 577.0]
[112.0, 32.0, 861.0, 594.0]
[96.0, 48.0, 846.0, 610.0]
[80.0, 16.0, 831.0, 579.0]
[96.0, 32.0, 848.0, 596.0]
[128.0, 32.0, 881.0, 597.0]
[96.0, 16.0, 850.0, 582.0]
[48.0, 16.0, 803.0, 582.0]
[96.0, 32.0, 852.0, 599.0]
[48.0, 32.0, 805.0, 600.0]
[128.0, 16.0, 886.0, 584.0]
[64.0, 16.0, 823.0, 585.0]
[64.0, 16.0, 824.0, 586.0]
[128.0, 32.0, 889.0, 603.0]
[80.0, 16.0, 842.0, 588.0]
[64.0, 32.0, 827.0, 604.0]
[96.0, 16.0, 860.0, 589.0]
[80.0, 16.0, 845.0, 590.0]
[112.0, 32.0, 878.0, 606.0]
[64.0, 32.0, 831.0, 607.0]
[48.0, 32.0, 816.0, 608.0]
[96.0, 32.0, 865.0, 609.0]
[128.0, 32.0, 898.0, 610.0]
[80.0, 32.0, 851.0, 610.0]
