[64.0, 32.0, 781.0, 570.0]
[32.0, 64.0, 750.0, 602.0]
[48.0, 32.0, 767.0, 571.0]
[80.0, 48.0, 800.0, 588.0]
[48.0, 80.0, 769.0, 621.0]
[64.0, 64.0, 786.0, 606.0]
[48.0, 80.0, 771.0, 622.0]
[112.0, 128.0, 836.0, 671.0]
[48.0, 64.0, 773.0, 608.0]
[0.0, 16.0, 726.0, 560.0]
[0.0, 16.0, 727.0, 561.0]
[80.0, 112.0, 808.0, 658.0]
[16.0, 128.0, 745.0, 675.0]
[16.0, 32.0, 746.0, 580.0]
[32.0, 32.0, 763.0, 580.0]
[64.0, 32.0, 796.0, 581.0]
[16.0, 128.0, 749.0, 678.0]
[112.0, 112.0, 846.0, 662.0]
[16.0, 80.0, 751.0, 631.0]
[16.0, 128.0, 752.0, 680.0]
[16.0, 16.0, 753.0, 569.0]
[112.0, 112.0, 850.0, 666.0]
[0.0, 96.0, 739.0, 650.0]
[16.0, 128.0, 756.0, 683.0]
[64.0, 80.0, 805.0, 636.0]
[32.0, 80.0, 774.0, 636.0]
[16.0, 32.0, 759.0, 589.0]
[128.0, 96.0, 872.0, 654.0]
[112.0, 112.0, 857.0, 671.0]
[64.0, 32.0, 810.0, 592.0]
[128.0, 96.0, 875.0, 656.0]
[96.0, 80.0, 844.0, 641.0]
[64.0, 64.0, 813.0, 626.0]
[80.0, 80.0, 830.0, 642.0]
[64.0, 112.0, 815.0, 675.0]
[16.0, 32.0, 768.0, 596.0]
[48.0, 16.0, 801.0, 581.0]
[32.0, 96.0, 786.0, 662.0]
[64.0, 96.0, 819.0, 662.0]
[32.0, 32.0, 788.0, 599.0]
[96.0, 96.0, 853.0, 664.0]
[64.0, 112.0, 822.0, 680.0]
[16.0, 96.0, 775.0, 665.0]
[32.0, 64.0, 792.0, 634.0]
[48.0, 16.0, 809.0, 587.0]
[16.0, 80.0, 778.0, 652.0]
[32.0, 16.0, 795.0, 588.0]
[0.0, 16.0, 764.0, 589.0]
[112.0, 96.0, 877.0, 670.0]
[112.0, 80.0, 878.0, 654.0]
[32.0, 32.0, 799.0, 607.0]
[112.0, 96.0, 880.0, 672.0]
[80.0, 64.0, 849.0, 641.0]
[16.0, 96.0, 786.0, 674.0]
[16.0, 48.0, 787.0, 626.0]
[80.0, 64.0, 852.0, 643.0]
[64.0, 32.0, 837.0, 612.0]
[64.0, 64.0, 838.0, 644.0]
[64.0, 80.0, 839.0, 661.0]
[16.0, 80.0, 792.0, 662.0]
[32.0, 80.0, 809.0, 663.0]
[16.0, 96.0, 794.0, 680.0]
[16.0, 96.0, 795.0, 680.0]
[16.0, 80.0, 796.0, 665.0]
[32.0, 96.0, 813.0, 682.0]
[80.0, 48.0, 862.0, 634.0]
[96.0, 96.0, 879.0, 683.0]
[64.0, 32.0, 848.0, 620.0]
[96.0, 80.0, 881.0, 669.0]
[64.0, 64.0, 850.0, 654.0]
[16.0, 80.0, 803.0, 670.0]
[32.0, 16.0, 820.0, 607.0]
[80.0, 64.0, 869.0, 656.0]
[0.0, 80.0, 790.0, 672.0]
[32.0, 80.0, 823.0, 673.0]
[32.0, 48.0, 824.0, 642.0]
[16.0, 48.0, 809.0, 643.0]
[0.0, 80.0, 794.0, 676.0]
[48.0, 48.0, 843.0, 644.0]
[48.0, 16.0, 844.0, 613.0]
[48.0, 16.0, 845.0, 614.0]
[0.0, 80.0, 798.0, 678.0]
[32.0, 80.0, 831.0, 679.0]
[48.0, 32.0, 848.0, 632.0]
[64.0, 48.0, 865.0, 649.0]
[64.0, 80.0, 866.0, 682.0]
[64.0, 64.0, 867.0, 666.0]
[32.0, 64.0, 836.0, 667.0]
[64.0, 64.0, 869.0, 668.0]
[16.0, 48.0, 822.0, 652.0]
[80.0, 48.0, 887.0, 653.0]
[16.0, 48.0, 824.0, 654.0]
[80.0, 64.0, 889.0, 671.0]
[0.0, 64.0, 810.0, 672.0]
[0.0, 32.0, 811.0, 640.0]
[16.0, 32.0, 828.0, 641.0]
[32.0, 16.0, 845.0, 626.0]
[32.0, 16.0, 846.0, 626.0]
[32.0, 16.0, 847.0, 627.0]
[80.0, 64.0, 896.0, 676.0]
[32.0, 48.0, 849.0, 661.0]
[0.0, 64.0, 818.0, 678.0]
[16.0, 16.0, 835.0, 630.0]
[64.0, 32.0, 884.0, 647.0]
[64.0, 48.0, 885.0, 664.0]
[32.0, 16.0, 854.0, 632.0]
[48.0, 16.0, 871.0, 633.0]
[0.0, 64.0, 824.0, 682.0]
[32.0, 32.0, 857.0, 651.0]
[48.0, 16.0, 874.0, 636.0]
[0.0, 48.0, 827.0, 668.0]
[48.0, 16.0, 876.0, 637.0]
[0.0, 16.0, 829.0, 638.0]
[0.0, 48.0, 830.0, 670.0]
[48.0, 48.0, 879.0, 671.0]
[32.0, 16.0, 864.0, 640.0]
[16.0, 32.0, 849.0, 657.0]
[16.0, 48.0, 850.0, 674.0]
[32.0, 16.0, 867.0, 642.0]
[16.0, 32.0, 852.0, 659.0]
[64.0, 48.0, 901.0, 676.0]
[48.0, 48.0, 886.0, 676.0]
[0.0, 32.0, 839.0, 661.0]
[16.0, 48.0, 856.0, 678.0]
[16.0, 48.0, 857.0, 679.0]
[32.0, 16.0, 874.0, 648.0]
[32.0, 32.0, 875.0, 664.0]
[32.0, 32.0, 876.0, 665.0]
[32.0, 16.0, 877.0, 650.0]
[32.0, 32.0, 878.0, 666.0]
[16.0, 32.0, 863.0, 667.0]
[0.0, 32.0, 848.0, 668.0]
[0.0, 16.0, 849.0, 653.0]
[0.0, 16.0, 850.0, 654.0]
[16.0, 32.0, 867.0, 670.0]
[0.0, 32.0, 852.0, 671.0]
[48.0, 16.0, 901.0, 656.0]
[48.0, 32.0, 902.0, 672.0]
[16.0, 16.0, 871.0, 657.0]
[32.0, 32.0, 888.0, 674.0]
[0.0, 32.0, 857.0, 675.0]
[32.0, 32.0, 890.0, 676.0]
[16.0, 32.0, 875.0, 676.0]
[32.0, 16.0, 892.0, 661.0]
