[208.0, 144.0, 957.0, 706.0]
[96.0, 112.0, 846.0, 674.0]
[144.0, 96.0, 895.0, 659.0]
[208.0, 96.0, 960.0, 660.0]
[224.0, 160.0, 977.0, 725.0]
[128.0, 160.0, 882.0, 726.0]
[176.0, 160.0, 931.0, 726.0]
[176.0, 112.0, 932.0, 679.0]
[80.0, 112.0, 837.0, 680.0]
[48.0, 96.0, 806.0, 664.0]
[128.0, 128.0, 887.0, 697.0]
[80.0, 160.0, 840.0, 730.0]
[64.0, 128.0, 825.0, 699.0]
[160.0, 128.0, 922.0, 700.0]
[48.0, 96.0, 811.0, 668.0]
[48.0, 96.0, 812.0, 669.0]
[96.0, 144.0, 861.0, 718.0]
[128.0, 112.0, 894.0, 686.0]
[192.0, 112.0, 959.0, 687.0]
[48.0, 144.0, 816.0, 720.0]
[144.0, 160.0, 913.0, 737.0]
[160.0, 96.0, 930.0, 674.0]
[80.0, 80.0, 851.0, 658.0]
[32.0, 128.0, 804.0, 707.0]
[208.0, 128.0, 981.0, 708.0]
[224.0, 160.0, 998.0, 740.0]
[80.0, 144.0, 855.0, 725.0]
[224.0, 96.0, 1000.0, 678.0]
[32.0, 80.0, 809.0, 663.0]
[80.0, 144.0, 858.0, 728.0]
[64.0, 112.0, 843.0, 696.0]
[128.0, 128.0, 908.0, 713.0]
[144.0, 80.0, 925.0, 666.0]
[80.0, 112.0, 862.0, 698.0]
[112.0, 144.0, 895.0, 731.0]
[48.0, 128.0, 832.0, 716.0]
[80.0, 128.0, 865.0, 717.0]
[160.0, 96.0, 946.0, 686.0]
[160.0, 160.0, 947.0, 750.0]
[128.0, 96.0, 916.0, 687.0]
[64.0, 144.0, 853.0, 736.0]
[160.0, 96.0, 950.0, 688.0]
[0.0, 96.0, 791.0, 689.0]
[128.0, 64.0, 920.0, 658.0]
[112.0, 128.0, 905.0, 723.0]
[80.0, 160.0, 874.0, 756.0]
[112.0, 160.0, 907.0, 756.0]
[160.0, 112.0, 956.0, 709.0]
[0.0, 128.0, 797.0, 726.0]
[176.0, 160.0, 974.0, 758.0]
[96.0, 80.0, 895.0, 679.0]
[64.0, 128.0, 864.0, 728.0]
[80.0, 160.0, 881.0, 761.0]
[160.0, 160.0, 962.0, 762.0]
[208.0, 80.0, 1011.0, 682.0]
[144.0, 128.0, 948.0, 731.0]
[192.0, 160.0, 997.0, 764.0]
[64.0, 144.0, 870.0, 748.0]
[160.0, 80.0, 967.0, 685.0]
[160.0, 64.0, 968.0, 670.0]
[112.0, 144.0, 921.0, 751.0]
[192.0, 112.0, 1002.0, 720.0]
[192.0, 144.0, 1003.0, 752.0]
[48.0, 96.0, 860.0, 705.0]
[160.0, 48.0, 973.0, 658.0]
[160.0, 128.0, 974.0, 738.0]
[192.0, 144.0, 1007.0, 755.0]
[80.0, 128.0, 896.0, 740.0]
[160.0, 144.0, 977.0, 757.0]
[32.0, 64.0, 850.0, 678.0]
[96.0, 96.0, 915.0, 710.0]
[80.0, 64.0, 900.0, 679.0]
[80.0, 112.0, 901.0, 728.0]
[16.0, 96.0, 838.0, 712.0]
[80.0, 144.0, 903.0, 761.0]
[144.0, 64.0, 968.0, 682.0]
[144.0, 80.0, 969.0, 699.0]
[16.0, 112.0, 842.0, 732.0]
[112.0, 144.0, 939.0, 764.0]
[144.0, 128.0, 972.0, 749.0]
[176.0, 112.0, 1005.0, 734.0]
[80.0, 48.0, 910.0, 670.0]
[48.0, 112.0, 879.0, 735.0]
[16.0, 144.0, 848.0, 768.0]
[80.0, 128.0, 913.0, 753.0]
[96.0, 64.0, 930.0, 690.0]
[80.0, 48.0, 915.0, 674.0]
[48.0, 112.0, 884.0, 739.0]
[80.0, 80.0, 917.0, 708.0]
[80.0, 48.0, 918.0, 676.0]
[176.0, 112.0, 1015.0, 741.0]
[160.0, 128.0, 1000.0, 758.0]
[160.0, 128.0, 1001.0, 759.0]
[48.0, 48.0, 890.0, 680.0]
[80.0, 48.0, 923.0, 680.0]
[16.0, 112.0, 860.0, 745.0]
[144.0, 96.0, 989.0, 730.0]
[16.0, 64.0, 862.0, 698.0]
[48.0, 64.0, 895.0, 699.0]
[80.0, 64.0, 928.0, 700.0]
[48.0, 16.0, 897.0, 653.0]
[32.0, 64.0, 882.0, 702.0]
[16.0, 48.0, 867.0, 686.0]
[16.0, 80.0, 868.0, 719.0]
[0.0, 112.0, 853.0, 752.0]
[96.0, 16.0, 950.0, 656.0]
[112.0, 64.0, 967.0, 705.0]
[32.0, 48.0, 888.0, 690.0]
[96.0, 32.0, 953.0, 675.0]
[0.0, 112.0, 858.0, 756.0]
[64.0, 32.0, 923.0, 676.0]
[0.0, 64.0, 860.0, 709.0]
[48.0, 32.0, 909.0, 678.0]
[64.0, 80.0, 926.0, 726.0]
[32.0, 112.0, 895.0, 759.0]
[32.0, 48.0, 896.0, 696.0]
[144.0, 112.0, 1009.0, 761.0]
[112.0, 64.0, 978.0, 714.0]
[96.0, 80.0, 963.0, 730.0]
[64.0, 96.0, 932.0, 747.0]
[96.0, 96.0, 965.0, 748.0]
[112.0, 32.0, 982.0, 684.0]
[16.0, 32.0, 887.0, 685.0]
[64.0, 64.0, 936.0, 718.0]
[112.0, 80.0, 985.0, 735.0]
[32.0, 16.0, 906.0, 672.0]
[32.0, 80.0, 907.0, 736.0]
[96.0, 96.0, 972.0, 753.0]
[48.0, 80.0, 925.0, 738.0]
[80.0, 32.0, 958.0, 690.0]
[32.0, 32.0, 911.0, 691.0]
[48.0, 96.0, 928.0, 756.0]
[80.0, 32.0, 961.0, 693.0]
[96.0, 64.0, 978.0, 726.0]
[48.0, 48.0, 931.0, 710.0]
[32.0, 16.0, 916.0, 679.0]
[32.0, 16.0, 917.0, 680.0]
[112.0, 96.0, 998.0, 760.0]
[96.0, 64.0, 983.0, 729.0]
[112.0, 0.0, 1000.0, 666.0]
[64.0, 32.0, 953.0, 699.0]
[64.0, 48.0, 954.0, 716.0]
[80.0, 80.0, 971.0, 748.0]
[32.0, 96.0, 924.0, 765.0]
[128.0, 96.0, 1021.0, 766.0]
[96.0, 0.0, 990.0, 670.0]
[48.0, 80.0, 943.0, 751.0]
[112.0, 0.0, 1008.0, 672.0]
[48.0, 48.0, 945.0, 721.0]
[80.0, 80.0, 978.0, 754.0]
[48.0, 48.0, 947.0, 722.0]
[112.0, 0.0, 1012.0, 675.0]
[64.0, 64.0, 965.0, 740.0]
[96.0, 48.0, 998.0, 724.0]
[48.0, 80.0, 951.0, 757.0]
[80.0, 80.0, 984.0, 758.0]
[96.0, 80.0, 1001.0, 759.0]
[112.0, 48.0, 1018.0, 728.0]
[112.0, 32.0, 1019.0, 712.0]
[112.0, 0.0, 1020.0, 681.0]
[16.0, 80.0, 925.0, 762.0]
[16.0, 48.0, 926.0, 730.0]
[48.0, 80.0, 959.0, 763.0]
[96.0, 48.0, 1008.0, 732.0]
[0.0, 80.0, 913.0, 765.0]
[96.0, 80.0, 1010.0, 766.0]
[48.0, 80.0, 963.0, 766.0]
[96.0, 0.0, 1012.0, 687.0]
[32.0, 48.0, 949.0, 736.0]
[96.0, 32.0, 1014.0, 720.0]
[64.0, 32.0, 983.0, 721.0]
[96.0, 64.0, 1016.0, 754.0]
[16.0, 0.0, 937.0, 691.0]
[80.0, 32.0, 1002.0, 724.0]
[16.0, 0.0, 939.0, 692.0]
[32.0, 64.0, 956.0, 757.0]
[48.0, 0.0, 973.0, 694.0]
[32.0, 64.0, 958.0, 758.0]
[48.0, 48.0, 975.0, 743.0]
[96.0, 32.0, 1024.0, 728.0]
[80.0, 64.0, 1009.0, 761.0]
[64.0, 16.0, 994.0, 714.0]
[64.0, 0.0, 995.0, 698.0]
[32.0, 0.0, 964.0, 699.0]
[32.0, 0.0, 965.0, 700.0]
[64.0, 64.0, 998.0, 764.0]
[0.0, 48.0, 935.0, 749.0]
[32.0, 48.0, 968.0, 750.0]
[32.0, 32.0, 969.0, 735.0]
[48.0, 48.0, 986.0, 752.0]
[0.0, 0.0, 939.0, 704.0]
[80.0, 0.0, 1020.0, 705.0]
[32.0, 16.0, 973.0, 722.0]
[16.0, 16.0, 958.0, 722.0]
[0.0, 48.0, 943.0, 755.0]
[16.0, 48.0, 960.0, 756.0]
[32.0, 0.0, 977.0, 709.0]
[16.0, 16.0, 962.0, 726.0]
[0.0, 32.0, 947.0, 742.0]
[64.0, 16.0, 1012.0, 727.0]
[0.0, 32.0, 949.0, 744.0]
[32.0, 16.0, 982.0, 728.0]
[48.0, 16.0, 999.0, 729.0]
[32.0, 16.0, 984.0, 730.0]
[48.0, 48.0, 1001.0, 763.0]
[32.0, 0.0, 986.0, 716.0]
[16.0, 32.0, 971.0, 748.0]
[16.0, 0.0, 972.0, 717.0]
[32.0, 32.0, 989.0, 750.0]
[16.0, 32.0, 974.0, 750.0]
[32.0, 32.0, 991.0, 751.0]
[0.0, 16.0, 960.0, 736.0]
[0.0, 32.0, 961.0, 753.0]
[0.0, 0.0, 962.0, 722.0]
[32.0, 32.0, 995.0, 754.0]
[48.0, 32.0, 1012.0, 755.0]
[16.0, 0.0, 981.0, 724.0]
[16.0, 16.0, 982.0, 740.0]
[48.0, 16.0, 1015.0, 741.0]
[0.0, 32.0, 968.0, 758.0]
[48.0, 16.0, 1017.0, 743.0]
[0.0, 32.0, 970.0, 760.0]
[48.0, 32.0, 1019.0, 760.0]
[32.0, 32.0, 1004.0, 761.0]
[32.0, 16.0, 1005.0, 746.0]
[32.0, 0.0, 1006.0, 730.0]
[48.0, 32.0, 1023.0, 763.0]
[32.0, 0.0, 1008.0, 732.0]
[0.0, 32.0, 977.0, 765.0]
[32.0, 32.0, 1010.0, 766.0]
[0.0, 16.0, 979.0, 750.0]
[32.0, 16.0, 1012.0, 751.0]
[16.0, 16.0, 997.0, 752.0]
[32.0, 0.0, 1014.0, 736.0]
[32.0, 16.0, 1015.0, 753.0]
[0.0, 0.0, 984.0, 738.0]
[0.0, 0.0, 985.0, 739.0]
[32.0, 16.0, 1018.0, 756.0]
[32.0, 0.0, 1019.0, 740.0]
[0.0, 16.0, 988.0, 757.0]
[0.0, 16.0, 989.0, 758.0]
[16.0, 0.0, 1006.0, 742.0]
[32.0, 0.0, 1023.0, 743.0]
[32.0, 16.0, 1024.0, 760.0]
[0.0, 16.0, 993.0, 761.0]
[16.0, 0.0, 1010.0, 746.0]
[16.0, 0.0, 1011.0, 746.0]
[0.0, 16.0, 996.0, 763.0]
[0.0, 0.0, 997.0, 748.0]
[0.0, 0.0, 998.0, 748.0]
[16.0, 16.0, 1015.0, 765.0]
[16.0, 0.0, 1016.0, 750.0]
[16.0, 16.0, 1017.0, 767.0]
[0.0, 0.0, 1002.0, 752.0]
[0.0, 0.0, 1003.0, 752.0]
[0.0, 0.0, 1004.0, 753.0]
[16.0, 0.0, 1021.0, 754.0]
[16.0, 0.0, 1022.0, 754.0]
[0.0, 0.0, 1007.0, 755.0]
[16.0, 0.0, 1024.0, 756.0]
[0.0, 0.0, 1009.0, 757.0]
[0.0, 0.0, 1010.0, 758.0]
[0.0, 0.0, 1011.0, 758.0]
[0.0, 0.0, 1012.0, 759.0]
[0.0, 0.0, 1013.0, 760.0]
[0.0, 0.0, 1014.0, 760.0]
[0.0, 0.0, 1015.0, 761.0]
[0.0, 0.0, 1016.0, 762.0]
[0.0, 0.0, 1017.0, 763.0]
[0.0, 0.0, 1018.0, 764.0]
[0.0, 0.0, 1019.0, 764.0]
[0.0, 0.0, 1020.0, 765.0]
[0.0, 0.0, 1021.0, 766.0]
[0.0, 0.0, 1022.0, 766.0]
[0.0, 0.0, 1023.0, 767.0]
[0.0, 0.0, 1024.0, 768.0]
