[128.0, 0.0, 845.0, 538.0]
[96.0, 0.0, 814.0, 538.0]
[160.0, 64.0, 879.0, 603.0]
[128.0, 0.0, 848.0, 540.0]
[0.0, 80.0, 721.0, 621.0]
[32.0, 80.0, 754.0, 622.0]
[32.0, 64.0, 755.0, 606.0]
[64.0, 32.0, 788.0, 575.0]
[48.0, 48.0, 773.0, 592.0]
[64.0, 0.0, 790.0, 544.0]
[96.0, 64.0, 823.0, 609.0]
[144.0, 64.0, 872.0, 610.0]
[64.0, 64.0, 793.0, 611.0]
[64.0, 48.0, 794.0, 596.0]
[48.0, 48.0, 779.0, 596.0]
[144.0, 32.0, 876.0, 581.0]
[64.0, 48.0, 797.0, 598.0]
[144.0, 64.0, 878.0, 614.0]
[96.0, 32.0, 831.0, 583.0]
[32.0, 16.0, 768.0, 568.0]
[96.0, 16.0, 833.0, 569.0]
[144.0, 16.0, 882.0, 570.0]
[16.0, 64.0, 755.0, 618.0]
[48.0, 32.0, 788.0, 587.0]
[48.0, 16.0, 789.0, 572.0]
[80.0, 0.0, 822.0, 556.0]
[48.0, 16.0, 791.0, 573.0]
[48.0, 0.0, 792.0, 558.0]
[80.0, 32.0, 825.0, 591.0]
[48.0, 0.0, 794.0, 560.0]
[32.0, 32.0, 779.0, 592.0]
[64.0, 0.0, 812.0, 561.0]
[32.0, 0.0, 781.0, 562.0]
[80.0, 16.0, 830.0, 578.0]
[112.0, 48.0, 863.0, 611.0]
[128.0, 48.0, 880.0, 612.0]
[160.0, 32.0, 913.0, 597.0]
[96.0, 0.0, 850.0, 566.0]
[48.0, 0.0, 803.0, 566.0]
[64.0, 32.0, 820.0, 599.0]
[80.0, 32.0, 837.0, 600.0]
[112.0, 32.0, 870.0, 600.0]
[48.0, 0.0, 807.0, 569.0]
[64.0, 0.0, 824.0, 570.0]
[80.0, 48.0, 841.0, 619.0]
[32.0, 0.0, 794.0, 572.0]
[32.0, 32.0, 795.0, 604.0]
[32.0, 32.0, 796.0, 605.0]
[16.0, 16.0, 781.0, 590.0]
[80.0, 48.0, 846.0, 622.0]
[144.0, 0.0, 911.0, 575.0]
[160.0, 32.0, 928.0, 608.0]
[80.0, 32.0, 849.0, 609.0]
[16.0, 32.0, 786.0, 610.0]
[32.0, 0.0, 803.0, 578.0]
[0.0, 16.0, 772.0, 595.0]
[112.0, 0.0, 885.0, 580.0]
[0.0, 16.0, 774.0, 596.0]
[80.0, 0.0, 855.0, 581.0]
[0.0, 16.0, 776.0, 598.0]
[144.0, 32.0, 921.0, 615.0]
[32.0, 16.0, 810.0, 600.0]
[80.0, 0.0, 859.0, 584.0]
[144.0, 32.0, 924.0, 617.0]
[128.0, 16.0, 909.0, 602.0]
[16.0, 16.0, 798.0, 602.0]
[112.0, 0.0, 895.0, 587.0]
[128.0, 0.0, 912.0, 588.0]
[32.0, 32.0, 817.0, 621.0]
[128.0, 16.0, 914.0, 606.0]
[0.0, 16.0, 787.0, 606.0]
[80.0, 16.0, 868.0, 607.0]
[144.0, 0.0, 933.0, 592.0]
[112.0, 16.0, 902.0, 608.0]
[128.0, 16.0, 919.0, 609.0]
[112.0, 16.0, 904.0, 610.0]
[32.0, 16.0, 825.0, 611.0]
[32.0, 0.0, 826.0, 596.0]
[80.0, 0.0, 875.0, 596.0]
[80.0, 16.0, 876.0, 613.0]
[144.0, 0.0, 941.0, 598.0]
[48.0, 16.0, 846.0, 614.0]
[0.0, 16.0, 799.0, 615.0]
[128.0, 0.0, 928.0, 600.0]
[112.0, 16.0, 913.0, 617.0]
[48.0, 16.0, 850.0, 618.0]
[16.0, 0.0, 819.0, 602.0]
[96.0, 16.0, 900.0, 619.0]
[96.0, 16.0, 901.0, 620.0]
[0.0, 16.0, 806.0, 620.0]
[112.0, 16.0, 919.0, 621.0]
[128.0, 16.0, 936.0, 622.0]
[64.0, 0.0, 873.0, 607.0]
[80.0, 0.0, 890.0, 608.0]
[64.0, 0.0, 875.0, 608.0]
[48.0, 0.0, 860.0, 609.0]
[16.0, 0.0, 829.0, 610.0]
[48.0, 0.0, 862.0, 610.0]
[48.0, 0.0, 863.0, 611.0]
[80.0, 0.0, 896.0, 612.0]
[96.0, 0.0, 913.0, 613.0]
[0.0, 0.0, 818.0, 614.0]
[80.0, 0.0, 899.0, 614.0]
[64.0, 0.0, 884.0, 615.0]
[0.0, 0.0, 821.0, 616.0]
[80.0, 0.0, 902.0, 616.0]
[112.0, 0.0, 935.0, 617.0]
[112.0, 0.0, 936.0, 618.0]
[48.0, 0.0, 873.0, 619.0]
[64.0, 0.0, 890.0, 620.0]
[48.0, 0.0, 875.0, 620.0]
[32.0, 0.0, 860.0, 621.0]
[32.0, 0.0, 861.0, 622.0]
[64.0, 0.0, 894.0, 622.0]
