[240.0, 64.0, 981.0, 620.0]
[160.0, 80.0, 902.0, 636.0]
[48.0, 32.0, 791.0, 589.0]
[208.0, 96.0, 952.0, 654.0]
[96.0, 32.0, 841.0, 591.0]
[208.0, 64.0, 954.0, 624.0]
[112.0, 64.0, 859.0, 624.0]
[80.0, 32.0, 828.0, 593.0]
[240.0, 64.0, 989.0, 626.0]
[80.0, 64.0, 830.0, 626.0]
[80.0, 48.0, 831.0, 611.0]
[32.0, 64.0, 784.0, 628.0]
[192.0, 96.0, 945.0, 661.0]
[64.0, 64.0, 818.0, 630.0]
[144.0, 80.0, 899.0, 646.0]
[64.0, 80.0, 820.0, 647.0]
[80.0, 96.0, 837.0, 664.0]
[32.0, 32.0, 790.0, 600.0]
[144.0, 48.0, 903.0, 617.0]
[160.0, 16.0, 920.0, 586.0]
[48.0, 96.0, 809.0, 667.0]
[80.0, 80.0, 842.0, 652.0]
[80.0, 80.0, 843.0, 652.0]
[32.0, 64.0, 796.0, 637.0]
[192.0, 48.0, 957.0, 622.0]
[16.0, 80.0, 782.0, 654.0]
[144.0, 32.0, 911.0, 607.0]
[64.0, 64.0, 832.0, 640.0]
[208.0, 64.0, 977.0, 641.0]
[112.0, 96.0, 882.0, 674.0]
[192.0, 96.0, 963.0, 674.0]
[112.0, 16.0, 884.0, 595.0]
[112.0, 32.0, 885.0, 612.0]
[80.0, 48.0, 854.0, 628.0]
[112.0, 80.0, 887.0, 661.0]
[96.0, 48.0, 872.0, 630.0]
[112.0, 0.0, 889.0, 583.0]
[32.0, 32.0, 810.0, 616.0]
[176.0, 96.0, 955.0, 680.0]
[224.0, 48.0, 1004.0, 633.0]
[48.0, 48.0, 829.0, 634.0]
[144.0, 96.0, 926.0, 682.0]
[80.0, 48.0, 863.0, 635.0]
[16.0, 80.0, 800.0, 668.0]
[0.0, 64.0, 785.0, 653.0]
[192.0, 64.0, 978.0, 654.0]
[96.0, 0.0, 883.0, 590.0]
[64.0, 32.0, 852.0, 623.0]
[160.0, 64.0, 949.0, 656.0]
[80.0, 16.0, 870.0, 608.0]
[144.0, 64.0, 935.0, 657.0]
[96.0, 64.0, 888.0, 658.0]
[32.0, 48.0, 825.0, 643.0]
[16.0, 16.0, 810.0, 612.0]
[192.0, 0.0, 987.0, 596.0]
[144.0, 16.0, 940.0, 613.0]
[32.0, 64.0, 829.0, 662.0]
[176.0, 0.0, 974.0, 598.0]
[48.0, 64.0, 847.0, 663.0]
[176.0, 48.0, 976.0, 648.0]
[192.0, 80.0, 993.0, 681.0]
[176.0, 80.0, 978.0, 682.0]
[64.0, 64.0, 867.0, 666.0]
[160.0, 64.0, 964.0, 667.0]
[208.0, 32.0, 1013.0, 636.0]
[80.0, 64.0, 886.0, 668.0]
[80.0, 64.0, 887.0, 669.0]
[64.0, 48.0, 872.0, 654.0]
[208.0, 48.0, 1017.0, 655.0]
[16.0, 0.0, 826.0, 608.0]
[64.0, 0.0, 875.0, 608.0]
[64.0, 48.0, 876.0, 657.0]
[144.0, 64.0, 957.0, 674.0]
[144.0, 48.0, 958.0, 658.0]
[0.0, 32.0, 815.0, 643.0]
[144.0, 16.0, 960.0, 628.0]
[80.0, 48.0, 897.0, 661.0]
[80.0, 32.0, 898.0, 646.0]
[128.0, 0.0, 947.0, 614.0]
[112.0, 32.0, 932.0, 647.0]
[64.0, 64.0, 885.0, 680.0]
[0.0, 48.0, 822.0, 664.0]
[128.0, 32.0, 951.0, 649.0]
[160.0, 64.0, 984.0, 682.0]
[128.0, 64.0, 953.0, 683.0]
[192.0, 0.0, 1018.0, 620.0]
[192.0, 32.0, 1019.0, 652.0]
[192.0, 48.0, 1020.0, 669.0]
[64.0, 16.0, 893.0, 638.0]
[96.0, 16.0, 926.0, 638.0]
[144.0, 32.0, 975.0, 655.0]
[192.0, 48.0, 1024.0, 672.0]
[144.0, 16.0, 977.0, 641.0]
[32.0, 16.0, 866.0, 642.0]
[96.0, 0.0, 931.0, 626.0]
[176.0, 16.0, 1012.0, 643.0]
[128.0, 48.0, 965.0, 676.0]
[64.0, 48.0, 902.0, 676.0]
[80.0, 32.0, 919.0, 661.0]
[96.0, 32.0, 936.0, 662.0]
[64.0, 48.0, 905.0, 679.0]
[32.0, 32.0, 874.0, 664.0]
[176.0, 32.0, 1019.0, 664.0]
[0.0, 0.0, 844.0, 633.0]
[144.0, 48.0, 989.0, 682.0]
[32.0, 0.0, 878.0, 634.0]
[16.0, 32.0, 863.0, 667.0]
[96.0, 0.0, 944.0, 636.0]
[160.0, 0.0, 1009.0, 637.0]
[0.0, 0.0, 850.0, 638.0]
[48.0, 16.0, 899.0, 654.0]
[80.0, 16.0, 932.0, 655.0]
[160.0, 16.0, 1013.0, 656.0]
[128.0, 0.0, 982.0, 640.0]
[0.0, 0.0, 855.0, 641.0]
[128.0, 16.0, 984.0, 658.0]
[144.0, 32.0, 1001.0, 675.0]
[0.0, 32.0, 858.0, 676.0]
[32.0, 0.0, 891.0, 644.0]
[0.0, 32.0, 860.0, 677.0]
[128.0, 0.0, 989.0, 646.0]
[128.0, 32.0, 990.0, 678.0]
[144.0, 0.0, 1007.0, 647.0]
[144.0, 16.0, 1008.0, 664.0]
[0.0, 0.0, 865.0, 649.0]
[144.0, 0.0, 1010.0, 650.0]
[80.0, 0.0, 947.0, 650.0]
[112.0, 16.0, 980.0, 667.0]
[16.0, 16.0, 885.0, 668.0]
[80.0, 16.0, 950.0, 668.0]
[144.0, 16.0, 1015.0, 669.0]
[16.0, 16.0, 888.0, 670.0]
[80.0, 16.0, 953.0, 671.0]
[80.0, 0.0, 954.0, 656.0]
[80.0, 16.0, 955.0, 672.0]
[0.0, 0.0, 876.0, 657.0]
[80.0, 16.0, 957.0, 674.0]
[128.0, 0.0, 1006.0, 658.0]
[144.0, 0.0, 1023.0, 659.0]
[0.0, 16.0, 880.0, 676.0]
[32.0, 16.0, 913.0, 677.0]
[112.0, 0.0, 994.0, 662.0]
[0.0, 16.0, 883.0, 678.0]
[16.0, 16.0, 900.0, 679.0]
[112.0, 16.0, 997.0, 680.0]
[32.0, 16.0, 918.0, 680.0]
[64.0, 16.0, 951.0, 681.0]
[112.0, 16.0, 1000.0, 682.0]
[0.0, 16.0, 889.0, 683.0]
[48.0, 0.0, 938.0, 668.0]
[16.0, 0.0, 907.0, 668.0]
[64.0, 0.0, 956.0, 669.0]
[48.0, 0.0, 941.0, 670.0]
[0.0, 0.0, 894.0, 670.0]
[16.0, 0.0, 911.0, 671.0]
[112.0, 0.0, 1008.0, 672.0]
[0.0, 0.0, 897.0, 673.0]
[64.0, 0.0, 962.0, 674.0]
[64.0, 0.0, 963.0, 674.0]
[64.0, 0.0, 964.0, 675.0]
[48.0, 0.0, 949.0, 676.0]
[16.0, 0.0, 918.0, 676.0]
[16.0, 0.0, 919.0, 677.0]
[48.0, 0.0, 952.0, 678.0]
[0.0, 0.0, 905.0, 679.0]
[112.0, 0.0, 1018.0, 680.0]
[0.0, 0.0, 907.0, 680.0]
[96.0, 0.0, 1004.0, 681.0]
[64.0, 0.0, 973.0, 682.0]
[16.0, 0.0, 926.0, 682.0]
[48.0, 0.0, 959.0, 683.0]
