[48.0, 96.0, 610.0, 845.0]
[48.0, 64.0, 610.0, 814.0]
[32.0, 64.0, 595.0, 815.0]
[144.0, 112.0, 708.0, 864.0]
[128.0, 80.0, 693.0, 833.0]
[160.0, 80.0, 726.0, 834.0]
[112.0, 96.0, 678.0, 851.0]
[144.0, 48.0, 711.0, 804.0]
[128.0, 128.0, 696.0, 885.0]
[64.0, 96.0, 632.0, 854.0]
[96.0, 32.0, 665.0, 791.0]
[160.0, 144.0, 730.0, 904.0]
[32.0, 128.0, 603.0, 889.0]
[112.0, 64.0, 684.0, 826.0]
[144.0, 96.0, 716.0, 859.0]
[64.0, 32.0, 637.0, 796.0]
[128.0, 144.0, 702.0, 909.0]
[128.0, 112.0, 702.0, 878.0]
[160.0, 96.0, 735.0, 863.0]
[32.0, 80.0, 608.0, 848.0]
[128.0, 144.0, 705.0, 913.0]
[48.0, 32.0, 626.0, 802.0]
[176.0, 64.0, 754.0, 835.0]
[128.0, 96.0, 707.0, 868.0]
[112.0, 80.0, 692.0, 853.0]
[144.0, 32.0, 724.0, 806.0]
[80.0, 144.0, 661.0, 919.0]
[16.0, 80.0, 598.0, 856.0]
[112.0, 16.0, 695.0, 793.0]
[176.0, 80.0, 760.0, 858.0]
[96.0, 144.0, 680.0, 923.0]
[144.0, 48.0, 729.0, 828.0]
[128.0, 16.0, 714.0, 797.0]
[80.0, 144.0, 666.0, 926.0]
[32.0, 48.0, 619.0, 831.0]
[80.0, 48.0, 668.0, 832.0]
[64.0, 48.0, 653.0, 833.0]
[96.0, 0.0, 686.0, 786.0]
[32.0, 16.0, 622.0, 803.0]
[128.0, 112.0, 719.0, 900.0]
[176.0, 96.0, 768.0, 885.0]
[96.0, 32.0, 688.0, 822.0]
[112.0, 64.0, 705.0, 855.0]
[80.0, 0.0, 674.0, 792.0]
[32.0, 80.0, 627.0, 873.0]
[48.0, 48.0, 644.0, 842.0]
[64.0, 0.0, 660.0, 795.0]
[96.0, 112.0, 693.0, 908.0]
[160.0, 48.0, 758.0, 845.0]
[144.0, 96.0, 742.0, 894.0]
[16.0, 32.0, 615.0, 831.0]
[64.0, 80.0, 664.0, 880.0]
[0.0, 64.0, 601.0, 865.0]
[64.0, 48.0, 666.0, 850.0]
[16.0, 96.0, 618.0, 899.0]
[96.0, 48.0, 699.0, 852.0]
[112.0, 80.0, 716.0, 885.0]
[48.0, 144.0, 652.0, 950.0]
[112.0, 32.0, 717.0, 839.0]
[112.0, 0.0, 718.0, 808.0]
[64.0, 96.0, 671.0, 905.0]
[144.0, 128.0, 752.0, 938.0]
[0.0, 64.0, 608.0, 875.0]
[144.0, 112.0, 753.0, 924.0]
[64.0, 16.0, 674.0, 829.0]
[128.0, 128.0, 738.0, 942.0]
[32.0, 64.0, 643.0, 879.0]
[48.0, 0.0, 660.0, 816.0]
[96.0, 32.0, 709.0, 849.0]
[80.0, 128.0, 694.0, 946.0]
[16.0, 48.0, 630.0, 867.0]
[32.0, 80.0, 647.0, 900.0]
[144.0, 96.0, 760.0, 917.0]
[80.0, 0.0, 696.0, 822.0]
[16.0, 112.0, 633.0, 935.0]
[0.0, 0.0, 618.0, 824.0]
[96.0, 80.0, 715.0, 905.0]
[48.0, 112.0, 668.0, 938.0]
[32.0, 32.0, 652.0, 859.0]
[0.0, 80.0, 621.0, 908.0]
[0.0, 48.0, 622.0, 877.0]
[80.0, 48.0, 702.0, 878.0]
[80.0, 96.0, 703.0, 927.0]
[80.0, 80.0, 704.0, 912.0]
[64.0, 16.0, 689.0, 849.0]
[64.0, 96.0, 690.0, 930.0]
[128.0, 96.0, 754.0, 931.0]
[0.0, 16.0, 627.0, 852.0]
[16.0, 48.0, 644.0, 885.0]
[64.0, 16.0, 692.0, 854.0]
[96.0, 0.0, 725.0, 839.0]
[0.0, 112.0, 630.0, 952.0]
[32.0, 96.0, 663.0, 937.0]
[32.0, 64.0, 664.0, 906.0]
[16.0, 0.0, 648.0, 843.0]
[32.0, 112.0, 665.0, 956.0]
[112.0, 0.0, 746.0, 845.0]
[0.0, 16.0, 634.0, 862.0]
[112.0, 0.0, 747.0, 847.0]
[128.0, 80.0, 764.0, 928.0]
[112.0, 128.0, 749.0, 977.0]
[48.0, 16.0, 686.0, 866.0]
[128.0, 32.0, 766.0, 883.0]
[112.0, 48.0, 751.0, 900.0]
[48.0, 128.0, 688.0, 981.0]
[80.0, 0.0, 720.0, 854.0]
[64.0, 80.0, 705.0, 935.0]
[80.0, 48.0, 722.0, 904.0]
[48.0, 112.0, 691.0, 969.0]
[112.0, 112.0, 756.0, 970.0]
[64.0, 0.0, 708.0, 859.0]
[112.0, 64.0, 757.0, 924.0]
[64.0, 144.0, 710.0, 1005.0]
[16.0, 128.0, 662.0, 990.0]
[0.0, 16.0, 647.0, 879.0]
[112.0, 80.0, 760.0, 944.0]
[112.0, 96.0, 761.0, 961.0]
[112.0, 0.0, 762.0, 866.0]
[0.0, 48.0, 650.0, 915.0]
[80.0, 48.0, 731.0, 916.0]
[80.0, 128.0, 732.0, 997.0]
[48.0, 128.0, 700.0, 998.0]
[64.0, 128.0, 717.0, 999.0]
[64.0, 64.0, 718.0, 936.0]
[64.0, 80.0, 719.0, 953.0]
[112.0, 0.0, 768.0, 874.0]
[16.0, 32.0, 672.0, 907.0]
[80.0, 80.0, 737.0, 956.0]
[32.0, 32.0, 690.0, 909.0]
[0.0, 32.0, 658.0, 910.0]
[32.0, 80.0, 691.0, 959.0]
[48.0, 128.0, 708.0, 1008.0]
[80.0, 0.0, 741.0, 881.0]
[96.0, 48.0, 758.0, 930.0]
[16.0, 0.0, 678.0, 883.0]
[80.0, 0.0, 743.0, 884.0]
[16.0, 16.0, 680.0, 901.0]
[16.0, 64.0, 680.0, 950.0]
[0.0, 48.0, 665.0, 935.0]
[96.0, 64.0, 762.0, 952.0]
[96.0, 128.0, 763.0, 1017.0]
[0.0, 64.0, 668.0, 954.0]
[80.0, 64.0, 748.0, 955.0]
[16.0, 32.0, 685.0, 924.0]
[80.0, 32.0, 750.0, 925.0]
[16.0, 112.0, 686.0, 1006.0]
[32.0, 128.0, 703.0, 1023.0]
[80.0, 112.0, 752.0, 1008.0]
[80.0, 48.0, 753.0, 945.0]
[48.0, 96.0, 722.0, 994.0]
[0.0, 48.0, 674.0, 947.0]
[32.0, 96.0, 707.0, 996.0]
[80.0, 16.0, 756.0, 917.0]
[16.0, 32.0, 692.0, 934.0]
[80.0, 16.0, 757.0, 919.0]
[48.0, 16.0, 726.0, 920.0]
[16.0, 16.0, 695.0, 921.0]
[0.0, 0.0, 680.0, 906.0]
[0.0, 48.0, 680.0, 955.0]
[64.0, 64.0, 745.0, 972.0]
[48.0, 0.0, 730.0, 909.0]
[80.0, 80.0, 762.0, 990.0]
[16.0, 0.0, 699.0, 911.0]
[0.0, 96.0, 684.0, 1008.0]
[48.0, 0.0, 733.0, 913.0]
[0.0, 0.0, 686.0, 914.0]
[16.0, 96.0, 702.0, 1011.0]
[32.0, 16.0, 719.0, 932.0]
[48.0, 48.0, 736.0, 965.0]
[80.0, 64.0, 768.0, 982.0]
[16.0, 96.0, 705.0, 1015.0]
[32.0, 0.0, 722.0, 920.0]
[64.0, 16.0, 755.0, 937.0]
[0.0, 48.0, 692.0, 970.0]
[16.0, 96.0, 708.0, 1019.0]
[48.0, 0.0, 741.0, 924.0]
[16.0, 16.0, 710.0, 941.0]
[0.0, 96.0, 694.0, 1022.0]
[0.0, 32.0, 695.0, 959.0]
[32.0, 96.0, 728.0, 1024.0]
[0.0, 48.0, 697.0, 977.0]
[16.0, 64.0, 714.0, 994.0]
[0.0, 32.0, 698.0, 963.0]
[16.0, 16.0, 715.0, 948.0]
[48.0, 48.0, 748.0, 981.0]
[48.0, 32.0, 748.0, 966.0]
[48.0, 32.0, 749.0, 967.0]
[32.0, 0.0, 734.0, 936.0]
[64.0, 32.0, 767.0, 969.0]
[32.0, 0.0, 736.0, 938.0]
[64.0, 64.0, 768.0, 1003.0]
[16.0, 80.0, 721.0, 1020.0]
[0.0, 64.0, 706.0, 1005.0]
[16.0, 64.0, 722.0, 1006.0]
[48.0, 0.0, 755.0, 943.0]
[0.0, 80.0, 708.0, 1024.0]
[32.0, 64.0, 741.0, 1009.0]
[0.0, 0.0, 710.0, 946.0]
[48.0, 48.0, 758.0, 995.0]
[32.0, 64.0, 743.0, 1012.0]
[16.0, 0.0, 728.0, 949.0]
[32.0, 16.0, 744.0, 966.0]
[48.0, 0.0, 761.0, 951.0]
[48.0, 48.0, 762.0, 1000.0]
[48.0, 0.0, 763.0, 953.0]
[0.0, 0.0, 716.0, 954.0]
[32.0, 0.0, 748.0, 955.0]
[16.0, 0.0, 733.0, 956.0]
[48.0, 16.0, 766.0, 973.0]
[48.0, 0.0, 766.0, 958.0]
[0.0, 0.0, 719.0, 959.0]
[0.0, 16.0, 720.0, 976.0]
[0.0, 16.0, 721.0, 977.0]
[16.0, 0.0, 738.0, 962.0]
[16.0, 16.0, 738.0, 979.0]
[0.0, 32.0, 723.0, 996.0]
[0.0, 48.0, 724.0, 1013.0]
[32.0, 32.0, 756.0, 998.0]
[0.0, 16.0, 725.0, 983.0]
[16.0, 32.0, 742.0, 1000.0]
[0.0, 48.0, 727.0, 1017.0]
[16.0, 16.0, 744.0, 986.0]
[0.0, 16.0, 728.0, 987.0]
[16.0, 16.0, 745.0, 988.0]
[16.0, 48.0, 746.0, 1021.0]
[32.0, 32.0, 762.0, 1006.0]
[32.0, 16.0, 763.0, 991.0]
[0.0, 16.0, 732.0, 992.0]
[16.0, 16.0, 749.0, 993.0]
[0.0, 32.0, 734.0, 1010.0]
[16.0, 32.0, 750.0, 1011.0]
[0.0, 16.0, 735.0, 996.0]
[16.0, 0.0, 752.0, 981.0]
[16.0, 32.0, 752.0, 1014.0]
[0.0, 16.0, 737.0, 999.0]
[16.0, 16.0, 754.0, 1000.0]
[16.0, 16.0, 755.0, 1001.0]
[0.0, 32.0, 740.0, 1018.0]
[16.0, 16.0, 756.0, 1003.0]
[0.0, 16.0, 741.0, 1004.0]
[16.0, 0.0, 758.0, 989.0]
[0.0, 0.0, 742.0, 990.0]
[16.0, 16.0, 759.0, 1007.0]
[16.0, 0.0, 760.0, 992.0]
[0.0, 0.0, 745.0, 993.0]
[16.0, 0.0, 762.0, 994.0]
[16.0, 0.0, 762.0, 995.0]
[0.0, 16.0, 747.0, 1012.0]
[16.0, 16.0, 764.0, 1013.0]
[16.0, 0.0, 764.0, 998.0]
[0.0, 0.0, 749.0, 999.0]
[16.0, 0.0, 766.0, 1000.0]
[0.0, 16.0, 751.0, 1017.0]
[16.0, 0.0, 768.0, 1002.0]
[16.0, 16.0, 768.0, 1019.0]
[0.0, 0.0, 753.0, 1004.0]
[0.0, 16.0, 754.0, 1021.0]
[0.0, 16.0, 754.0, 1022.0]
[0.0, 0.0, 755.0, 1007.0]
[0.0, 0.0, 756.0, 1008.0]
[0.0, 0.0, 757.0, 1009.0]
[0.0, 0.0, 758.0, 1010.0]
[0.0, 0.0, 758.0, 1011.0]
[0.0, 0.0, 759.0, 1012.0]
[0.0, 0.0, 760.0, 1013.0]
[0.0, 0.0, 760.0, 1014.0]
[0.0, 0.0, 761.0, 1015.0]
[0.0, 0.0, 762.0, 1016.0]
[0.0, 0.0, 763.0, 1017.0]
[0.0, 0.0, 764.0, 1018.0]
[0.0, 0.0, 764.0, 1019.0]
[0.0, 0.0, 765.0, 1020.0]
[0.0, 0.0, 766.0, 1021.0]
[0.0, 0.0, 766.0, 1022.0]
[0.0, 0.0, 767.0, 1023.0]
[0.0, 0.0, 768.0, 1024.0]
