[64.0, 48.0, 805.0, 604.0]
[176.0, 64.0, 918.0, 620.0]
[80.0, 96.0, 823.0, 653.0]
[224.0, 96.0, 968.0, 654.0]
[176.0, 64.0, 921.0, 623.0]
[96.0, 64.0, 842.0, 624.0]
[112.0, 64.0, 859.0, 624.0]
[208.0, 48.0, 956.0, 609.0]
[240.0, 64.0, 989.0, 626.0]
[128.0, 96.0, 878.0, 658.0]
[112.0, 64.0, 863.0, 627.0]
[224.0, 80.0, 976.0, 644.0]
[64.0, 32.0, 817.0, 597.0]
[192.0, 96.0, 946.0, 662.0]
[80.0, 80.0, 835.0, 646.0]
[48.0, 32.0, 804.0, 599.0]
[80.0, 96.0, 837.0, 664.0]
[32.0, 64.0, 790.0, 632.0]
[64.0, 64.0, 823.0, 633.0]
[224.0, 16.0, 984.0, 586.0]
[240.0, 32.0, 1001.0, 603.0]
[192.0, 32.0, 954.0, 604.0]
[128.0, 16.0, 891.0, 588.0]
[192.0, 48.0, 956.0, 621.0]
[160.0, 32.0, 925.0, 606.0]
[240.0, 32.0, 1006.0, 606.0]
[48.0, 80.0, 815.0, 655.0]
[80.0, 48.0, 848.0, 624.0]
[64.0, 64.0, 833.0, 641.0]
[48.0, 32.0, 818.0, 610.0]
[192.0, 16.0, 963.0, 594.0]
[176.0, 16.0, 948.0, 595.0]
[32.0, 48.0, 805.0, 628.0]
[192.0, 48.0, 966.0, 628.0]
[48.0, 0.0, 823.0, 581.0]
[32.0, 64.0, 808.0, 646.0]
[224.0, 32.0, 1001.0, 615.0]
[192.0, 80.0, 970.0, 664.0]
[32.0, 48.0, 811.0, 632.0]
[96.0, 80.0, 876.0, 665.0]
[80.0, 48.0, 861.0, 634.0]
[128.0, 0.0, 910.0, 586.0]
[144.0, 32.0, 927.0, 619.0]
[48.0, 32.0, 832.0, 620.0]
[144.0, 32.0, 929.0, 621.0]
[16.0, 64.0, 802.0, 654.0]
[16.0, 16.0, 803.0, 606.0]
[64.0, 0.0, 852.0, 591.0]
[176.0, 80.0, 965.0, 672.0]
[144.0, 64.0, 934.0, 656.0]
[128.0, 16.0, 919.0, 609.0]
[224.0, 16.0, 1016.0, 610.0]
[144.0, 64.0, 937.0, 659.0]
[112.0, 48.0, 906.0, 644.0]
[32.0, 48.0, 827.0, 644.0]
[48.0, 16.0, 844.0, 613.0]
[112.0, 80.0, 909.0, 678.0]
[208.0, 0.0, 1006.0, 598.0]
[144.0, 16.0, 943.0, 615.0]
[208.0, 0.0, 1008.0, 600.0]
[128.0, 80.0, 929.0, 681.0]
[176.0, 16.0, 978.0, 618.0]
[112.0, 0.0, 915.0, 602.0]
[176.0, 64.0, 980.0, 667.0]
[208.0, 0.0, 1013.0, 604.0]
[0.0, 48.0, 806.0, 652.0]
[176.0, 64.0, 983.0, 669.0]
[208.0, 0.0, 1016.0, 606.0]
[48.0, 64.0, 857.0, 671.0]
[112.0, 64.0, 922.0, 672.0]
[48.0, 0.0, 859.0, 608.0]
[64.0, 16.0, 876.0, 625.0]
[0.0, 64.0, 813.0, 674.0]
[192.0, 0.0, 1006.0, 610.0]
[160.0, 64.0, 975.0, 675.0]
[176.0, 16.0, 992.0, 628.0]
[176.0, 32.0, 993.0, 645.0]
[0.0, 64.0, 818.0, 678.0]
[16.0, 32.0, 835.0, 646.0]
[96.0, 16.0, 916.0, 631.0]
[64.0, 16.0, 885.0, 632.0]
[16.0, 48.0, 838.0, 664.0]
[112.0, 48.0, 935.0, 665.0]
[80.0, 0.0, 904.0, 618.0]
[16.0, 0.0, 841.0, 619.0]
[112.0, 32.0, 938.0, 652.0]
[32.0, 48.0, 859.0, 668.0]
[48.0, 48.0, 876.0, 669.0]
[0.0, 48.0, 829.0, 670.0]
[16.0, 0.0, 846.0, 622.0]
[64.0, 16.0, 895.0, 639.0]
[48.0, 0.0, 880.0, 624.0]
[80.0, 32.0, 913.0, 657.0]
[64.0, 32.0, 898.0, 658.0]
[80.0, 0.0, 915.0, 626.0]
[160.0, 0.0, 996.0, 627.0]
[16.0, 48.0, 853.0, 676.0]
[176.0, 32.0, 1014.0, 660.0]
[144.0, 0.0, 983.0, 629.0]
[112.0, 32.0, 952.0, 662.0]
[176.0, 0.0, 1017.0, 631.0]
[80.0, 16.0, 922.0, 648.0]
[16.0, 0.0, 859.0, 632.0]
[112.0, 16.0, 956.0, 649.0]
[128.0, 0.0, 973.0, 634.0]
[16.0, 0.0, 862.0, 634.0]
[112.0, 16.0, 959.0, 651.0]
[80.0, 0.0, 928.0, 636.0]
[112.0, 0.0, 961.0, 637.0]
[48.0, 32.0, 898.0, 670.0]
[96.0, 32.0, 947.0, 670.0]
[128.0, 0.0, 980.0, 639.0]
[48.0, 16.0, 901.0, 656.0]
[112.0, 32.0, 966.0, 672.0]
[32.0, 0.0, 887.0, 641.0]
[144.0, 32.0, 1000.0, 674.0]
[128.0, 0.0, 985.0, 643.0]
[80.0, 0.0, 938.0, 644.0]
[48.0, 16.0, 907.0, 660.0]
[0.0, 0.0, 860.0, 645.0]
[160.0, 0.0, 1021.0, 646.0]
[64.0, 32.0, 926.0, 678.0]
[64.0, 32.0, 927.0, 679.0]
[128.0, 32.0, 992.0, 680.0]
[64.0, 32.0, 929.0, 681.0]
[96.0, 32.0, 962.0, 682.0]
[32.0, 32.0, 899.0, 682.0]
[0.0, 16.0, 868.0, 667.0]
[32.0, 0.0, 901.0, 652.0]
[80.0, 0.0, 950.0, 652.0]
[0.0, 16.0, 871.0, 669.0]
[32.0, 0.0, 904.0, 654.0]
[112.0, 16.0, 985.0, 671.0]
[16.0, 0.0, 890.0, 656.0]
[16.0, 16.0, 891.0, 672.0]
[32.0, 16.0, 908.0, 673.0]
[64.0, 16.0, 941.0, 674.0]
[80.0, 0.0, 958.0, 658.0]
[80.0, 16.0, 959.0, 675.0]
[112.0, 16.0, 992.0, 676.0]
[0.0, 0.0, 881.0, 661.0]
[16.0, 16.0, 898.0, 678.0]
[128.0, 0.0, 1011.0, 662.0]
[80.0, 0.0, 964.0, 663.0]
[64.0, 0.0, 949.0, 664.0]
[128.0, 0.0, 1014.0, 664.0]
[64.0, 0.0, 951.0, 665.0]
[0.0, 16.0, 888.0, 682.0]
[80.0, 0.0, 969.0, 667.0]
[96.0, 0.0, 986.0, 668.0]
[0.0, 0.0, 891.0, 668.0]
[112.0, 0.0, 1004.0, 669.0]
[128.0, 0.0, 1021.0, 670.0]
[96.0, 0.0, 990.0, 670.0]
[16.0, 0.0, 911.0, 671.0]
[128.0, 0.0, 1024.0, 672.0]
[80.0, 0.0, 977.0, 673.0]
[48.0, 0.0, 946.0, 674.0]
[32.0, 0.0, 931.0, 674.0]
[80.0, 0.0, 980.0, 675.0]
[112.0, 0.0, 1013.0, 676.0]
[32.0, 0.0, 934.0, 676.0]
[32.0, 0.0, 935.0, 677.0]
[64.0, 0.0, 968.0, 678.0]
[48.0, 0.0, 953.0, 679.0]
[96.0, 0.0, 1002.0, 680.0]
[64.0, 0.0, 971.0, 680.0]
[16.0, 0.0, 924.0, 681.0]
[80.0, 0.0, 989.0, 682.0]
[32.0, 0.0, 942.0, 682.0]
[80.0, 0.0, 991.0, 683.0]
