[160.0, 32.0, 877.0, 570.0]
[192.0, 0.0, 910.0, 538.0]
[288.0, 32.0, 1007.0, 571.0]
[240.0, 0.0, 960.0, 540.0]
[224.0, 32.0, 945.0, 573.0]
[240.0, 32.0, 962.0, 574.0]
[176.0, 16.0, 899.0, 558.0]
[208.0, 0.0, 932.0, 543.0]
[160.0, 32.0, 885.0, 576.0]
[176.0, 0.0, 902.0, 544.0]
[144.0, 16.0, 871.0, 561.0]
[96.0, 0.0, 824.0, 546.0]
[160.0, 16.0, 889.0, 563.0]
[160.0, 16.0, 890.0, 564.0]
[288.0, 0.0, 1019.0, 548.0]
[144.0, 16.0, 876.0, 565.0]
[208.0, 0.0, 941.0, 550.0]
[288.0, 0.0, 1022.0, 550.0]
[256.0, 16.0, 991.0, 567.0]
[160.0, 0.0, 896.0, 552.0]
[144.0, 0.0, 881.0, 553.0]
[192.0, 16.0, 930.0, 570.0]
[192.0, 0.0, 931.0, 554.0]
[112.0, 16.0, 852.0, 571.0]
[96.0, 16.0, 837.0, 572.0]
[144.0, 0.0, 886.0, 556.0]
[128.0, 16.0, 871.0, 573.0]
[256.0, 0.0, 1000.0, 558.0]
[112.0, 0.0, 857.0, 559.0]
[112.0, 16.0, 858.0, 576.0]
[144.0, 16.0, 891.0, 576.0]
[240.0, 0.0, 988.0, 561.0]
[128.0, 0.0, 877.0, 562.0]
[224.0, 0.0, 974.0, 562.0]
[208.0, 0.0, 959.0, 563.0]
[240.0, 0.0, 992.0, 564.0]
[208.0, 0.0, 961.0, 565.0]
[224.0, 0.0, 978.0, 566.0]
[240.0, 0.0, 995.0, 566.0]
[208.0, 0.0, 964.0, 567.0]
[256.0, 0.0, 1013.0, 568.0]
[96.0, 0.0, 854.0, 568.0]
[224.0, 0.0, 983.0, 569.0]
[224.0, 0.0, 984.0, 570.0]
[208.0, 0.0, 969.0, 571.0]
[208.0, 0.0, 970.0, 572.0]
[240.0, 0.0, 1003.0, 572.0]
[176.0, 0.0, 940.0, 573.0]
[256.0, 0.0, 1021.0, 574.0]
[160.0, 0.0, 926.0, 574.0]
[160.0, 0.0, 927.0, 575.0]
[256.0, 0.0, 1024.0, 576.0]
