[160.0, 16.0, 877.0, 554.0]
[144.0, 0.0, 862.0, 538.0]
[256.0, 0.0, 975.0, 539.0]
[240.0, 16.0, 960.0, 556.0]
[128.0, 0.0, 849.0, 541.0]
[208.0, 0.0, 930.0, 542.0]
[272.0, 0.0, 995.0, 542.0]
[224.0, 16.0, 948.0, 559.0]
[192.0, 0.0, 917.0, 544.0]
[208.0, 16.0, 934.0, 560.0]
[272.0, 0.0, 999.0, 545.0]
[272.0, 16.0, 1000.0, 562.0]
[64.0, 16.0, 793.0, 563.0]
[176.0, 16.0, 906.0, 564.0]
[288.0, 0.0, 1019.0, 548.0]
[144.0, 0.0, 876.0, 549.0]
[208.0, 0.0, 941.0, 550.0]
[256.0, 16.0, 990.0, 566.0]
[160.0, 0.0, 895.0, 551.0]
[240.0, 0.0, 976.0, 552.0]
[272.0, 16.0, 1009.0, 569.0]
[80.0, 0.0, 818.0, 554.0]
[272.0, 16.0, 1011.0, 570.0]
[192.0, 0.0, 932.0, 555.0]
[144.0, 0.0, 885.0, 556.0]
[192.0, 0.0, 934.0, 556.0]
[256.0, 0.0, 999.0, 557.0]
[112.0, 0.0, 856.0, 558.0]
[192.0, 16.0, 937.0, 575.0]
[80.0, 0.0, 826.0, 560.0]
[96.0, 0.0, 843.0, 560.0]
[128.0, 0.0, 876.0, 561.0]
[208.0, 0.0, 957.0, 562.0]
[112.0, 0.0, 862.0, 562.0]
[224.0, 0.0, 975.0, 563.0]
[112.0, 0.0, 864.0, 564.0]
[144.0, 0.0, 897.0, 565.0]
[80.0, 0.0, 834.0, 566.0]
[224.0, 0.0, 979.0, 566.0]
[96.0, 0.0, 852.0, 567.0]
[192.0, 0.0, 949.0, 568.0]
[224.0, 0.0, 982.0, 568.0]
[192.0, 0.0, 951.0, 569.0]
[240.0, 0.0, 1000.0, 570.0]
[208.0, 0.0, 969.0, 571.0]
[240.0, 0.0, 1002.0, 572.0]
[256.0, 0.0, 1019.0, 572.0]
[80.0, 0.0, 844.0, 573.0]
[64.0, 0.0, 829.0, 574.0]
[128.0, 0.0, 894.0, 574.0]
[192.0, 0.0, 959.0, 575.0]
[160.0, 0.0, 928.0, 576.0]
