[112.0, 96.0, 871.0, 665.0]
[160.0, 32.0, 920.0, 602.0]
[96.0, 112.0, 857.0, 683.0]
[128.0, 96.0, 890.0, 668.0]
[160.0, 48.0, 923.0, 620.0]
[192.0, 96.0, 956.0, 669.0]
[48.0, 112.0, 813.0, 686.0]
[48.0, 48.0, 814.0, 622.0]
[176.0, 80.0, 943.0, 655.0]
[224.0, 112.0, 992.0, 688.0]
[64.0, 112.0, 833.0, 689.0]
[208.0, 80.0, 978.0, 658.0]
[144.0, 32.0, 915.0, 610.0]
[208.0, 64.0, 980.0, 643.0]
[176.0, 80.0, 949.0, 660.0]
[128.0, 64.0, 902.0, 644.0]
[160.0, 48.0, 935.0, 629.0]
[96.0, 64.0, 872.0, 646.0]
[80.0, 112.0, 857.0, 695.0]
[176.0, 32.0, 954.0, 616.0]
[48.0, 96.0, 827.0, 680.0]
[32.0, 32.0, 812.0, 617.0]
[32.0, 96.0, 813.0, 682.0]
[160.0, 96.0, 942.0, 682.0]
[96.0, 96.0, 879.0, 683.0]
[208.0, 112.0, 992.0, 700.0]
[224.0, 32.0, 1009.0, 621.0]
[80.0, 16.0, 866.0, 606.0]
[112.0, 48.0, 899.0, 638.0]
[160.0, 112.0, 948.0, 703.0]
[48.0, 96.0, 837.0, 688.0]
[64.0, 96.0, 854.0, 688.0]
[48.0, 112.0, 839.0, 705.0]
[128.0, 80.0, 920.0, 674.0]
[128.0, 96.0, 921.0, 691.0]
[144.0, 96.0, 938.0, 692.0]
[144.0, 16.0, 939.0, 612.0]
[144.0, 16.0, 940.0, 613.0]
[0.0, 32.0, 797.0, 630.0]
[64.0, 16.0, 862.0, 614.0]
[208.0, 64.0, 1007.0, 663.0]
[96.0, 0.0, 896.0, 600.0]
[16.0, 48.0, 817.0, 649.0]
[96.0, 64.0, 898.0, 666.0]
[112.0, 80.0, 915.0, 682.0]
[32.0, 32.0, 836.0, 635.0]
[112.0, 112.0, 917.0, 716.0]
[80.0, 112.0, 886.0, 716.0]
[128.0, 112.0, 935.0, 717.0]
[16.0, 96.0, 824.0, 702.0]
[80.0, 0.0, 889.0, 607.0]
[144.0, 64.0, 954.0, 672.0]
[48.0, 32.0, 859.0, 640.0]
[128.0, 96.0, 940.0, 705.0]
[192.0, 96.0, 1005.0, 706.0]
[64.0, 16.0, 878.0, 626.0]
[176.0, 96.0, 991.0, 707.0]
[160.0, 112.0, 976.0, 724.0]
[64.0, 0.0, 881.0, 613.0]
[176.0, 112.0, 994.0, 726.0]
[192.0, 48.0, 1011.0, 662.0]
[0.0, 32.0, 820.0, 647.0]
[48.0, 16.0, 869.0, 632.0]
[16.0, 0.0, 838.0, 616.0]
[64.0, 64.0, 887.0, 681.0]
[160.0, 80.0, 984.0, 698.0]
[0.0, 96.0, 825.0, 715.0]
[112.0, 32.0, 938.0, 652.0]
[160.0, 112.0, 987.0, 732.0]
[192.0, 32.0, 1020.0, 653.0]
[128.0, 48.0, 957.0, 670.0]
[64.0, 80.0, 894.0, 702.0]
[96.0, 32.0, 927.0, 655.0]
[32.0, 0.0, 864.0, 624.0]
[144.0, 48.0, 977.0, 673.0]
[176.0, 80.0, 1010.0, 706.0]
[128.0, 112.0, 963.0, 738.0]
[144.0, 80.0, 980.0, 707.0]
[80.0, 80.0, 917.0, 708.0]
[16.0, 80.0, 854.0, 708.0]
[32.0, 96.0, 871.0, 725.0]
[0.0, 48.0, 840.0, 678.0]
[176.0, 64.0, 1017.0, 695.0]
[48.0, 96.0, 890.0, 728.0]
[144.0, 96.0, 987.0, 728.0]
[112.0, 32.0, 956.0, 665.0]
[128.0, 80.0, 973.0, 714.0]
[160.0, 48.0, 1006.0, 682.0]
[16.0, 96.0, 863.0, 731.0]
[64.0, 48.0, 912.0, 684.0]
[80.0, 48.0, 929.0, 685.0]
[64.0, 48.0, 914.0, 686.0]
[112.0, 32.0, 963.0, 670.0]
[48.0, 80.0, 900.0, 719.0]
[32.0, 0.0, 885.0, 640.0]
[112.0, 48.0, 966.0, 688.0]
[0.0, 96.0, 855.0, 737.0]
[32.0, 80.0, 888.0, 722.0]
[64.0, 96.0, 921.0, 739.0]
[160.0, 80.0, 1018.0, 724.0]
[160.0, 96.0, 1019.0, 740.0]
[0.0, 16.0, 860.0, 661.0]
[48.0, 16.0, 909.0, 662.0]
[144.0, 64.0, 1006.0, 710.0]
[112.0, 32.0, 975.0, 679.0]
[32.0, 16.0, 896.0, 664.0]
[128.0, 80.0, 993.0, 729.0]
[0.0, 48.0, 866.0, 698.0]
[96.0, 48.0, 963.0, 698.0]
[32.0, 112.0, 900.0, 763.0]
[128.0, 16.0, 997.0, 668.0]
[64.0, 128.0, 934.0, 780.0]
[96.0, 48.0, 967.0, 701.0]
[0.0, 32.0, 872.0, 686.0]
[64.0, 0.0, 937.0, 655.0]
[64.0, 64.0, 938.0, 720.0]
[144.0, 80.0, 1019.0, 736.0]
[96.0, 0.0, 972.0, 657.0]
[96.0, 128.0, 973.0, 786.0]
[80.0, 80.0, 958.0, 738.0]
[16.0, 96.0, 895.0, 755.0]
[32.0, 32.0, 912.0, 692.0]
[32.0, 0.0, 913.0, 661.0]
[96.0, 96.0, 978.0, 758.0]
[96.0, 0.0, 979.0, 662.0]
[96.0, 112.0, 980.0, 775.0]
[80.0, 32.0, 965.0, 696.0]
[64.0, 48.0, 950.0, 712.0]
[0.0, 32.0, 887.0, 697.0]
[112.0, 96.0, 1000.0, 762.0]
[48.0, 48.0, 937.0, 715.0]
[80.0, 48.0, 970.0, 716.0]
[112.0, 80.0, 1003.0, 748.0]
[96.0, 96.0, 988.0, 765.0]
[112.0, 64.0, 1005.0, 734.0]
[64.0, 64.0, 958.0, 734.0]
[128.0, 96.0, 1023.0, 767.0]
[32.0, 32.0, 928.0, 704.0]
[16.0, 96.0, 913.0, 769.0]
[64.0, 80.0, 962.0, 754.0]
[64.0, 0.0, 963.0, 674.0]
[32.0, 112.0, 932.0, 787.0]
[64.0, 80.0, 965.0, 756.0]
[112.0, 32.0, 1014.0, 708.0]
[112.0, 80.0, 1015.0, 757.0]
[16.0, 80.0, 920.0, 758.0]
[16.0, 48.0, 921.0, 727.0]
[16.0, 0.0, 922.0, 680.0]
[32.0, 64.0, 939.0, 744.0]
[64.0, 32.0, 972.0, 713.0]
[96.0, 48.0, 1005.0, 730.0]
[112.0, 96.0, 1022.0, 778.0]
[64.0, 48.0, 975.0, 731.0]
[48.0, 80.0, 960.0, 764.0]
[96.0, 0.0, 1009.0, 685.0]
[64.0, 32.0, 978.0, 718.0]
[96.0, 48.0, 1011.0, 734.0]
[48.0, 0.0, 964.0, 687.0]
[48.0, 96.0, 965.0, 784.0]
[16.0, 64.0, 934.0, 752.0]
[16.0, 96.0, 935.0, 785.0]
[48.0, 0.0, 968.0, 690.0]
[48.0, 0.0, 969.0, 691.0]
[48.0, 0.0, 970.0, 692.0]
[16.0, 48.0, 939.0, 740.0]
[16.0, 80.0, 940.0, 773.0]
[80.0, 16.0, 1005.0, 710.0]
[32.0, 80.0, 958.0, 774.0]
[32.0, 0.0, 959.0, 695.0]
[80.0, 32.0, 1008.0, 728.0]
[16.0, 80.0, 945.0, 777.0]
[0.0, 48.0, 930.0, 746.0]
[64.0, 0.0, 995.0, 698.0]
[80.0, 32.0, 1012.0, 731.0]
[64.0, 64.0, 997.0, 764.0]
[16.0, 48.0, 950.0, 748.0]
[48.0, 48.0, 983.0, 749.0]
[48.0, 80.0, 984.0, 782.0]
[0.0, 80.0, 937.0, 783.0]
[80.0, 16.0, 1018.0, 720.0]
[48.0, 80.0, 987.0, 784.0]
[0.0, 0.0, 940.0, 705.0]
[80.0, 48.0, 1021.0, 754.0]
[48.0, 48.0, 990.0, 754.0]
[32.0, 80.0, 975.0, 787.0]
[48.0, 32.0, 992.0, 740.0]
[16.0, 32.0, 961.0, 741.0]
[0.0, 64.0, 946.0, 774.0]
[0.0, 48.0, 947.0, 758.0]
[16.0, 48.0, 964.0, 759.0]
[16.0, 0.0, 965.0, 712.0]
[16.0, 64.0, 966.0, 776.0]
[0.0, 0.0, 951.0, 713.0]
[32.0, 16.0, 984.0, 730.0]
[48.0, 0.0, 1001.0, 715.0]
[0.0, 0.0, 954.0, 716.0]
[64.0, 0.0, 1019.0, 716.0]
[64.0, 48.0, 1020.0, 765.0]
[16.0, 32.0, 973.0, 750.0]
[16.0, 48.0, 974.0, 766.0]
[48.0, 0.0, 1007.0, 719.0]
[32.0, 64.0, 992.0, 784.0]
[0.0, 64.0, 961.0, 785.0]
[48.0, 32.0, 1010.0, 754.0]
[32.0, 32.0, 995.0, 754.0]
[0.0, 32.0, 964.0, 755.0]
[32.0, 0.0, 997.0, 724.0]
[0.0, 0.0, 966.0, 724.0]
[32.0, 0.0, 999.0, 725.0]
[0.0, 0.0, 968.0, 726.0]
[16.0, 16.0, 985.0, 743.0]
[16.0, 32.0, 986.0, 760.0]
[32.0, 16.0, 1003.0, 744.0]
[48.0, 32.0, 1020.0, 761.0]
[16.0, 16.0, 989.0, 746.0]
[48.0, 48.0, 1022.0, 778.0]
[16.0, 0.0, 991.0, 731.0]
[16.0, 32.0, 992.0, 764.0]
[16.0, 0.0, 993.0, 733.0]
[32.0, 16.0, 1010.0, 750.0]
[16.0, 16.0, 995.0, 750.0]
[16.0, 48.0, 996.0, 783.0]
[32.0, 16.0, 1013.0, 752.0]
[32.0, 48.0, 1014.0, 784.0]
[0.0, 48.0, 983.0, 785.0]
[16.0, 16.0, 1000.0, 754.0]
[32.0, 0.0, 1017.0, 739.0]
[0.0, 0.0, 986.0, 740.0]
[0.0, 32.0, 987.0, 772.0]
[0.0, 0.0, 988.0, 741.0]
[16.0, 32.0, 1005.0, 774.0]
[0.0, 16.0, 990.0, 758.0]
[16.0, 16.0, 1007.0, 759.0]
[16.0, 16.0, 1008.0, 760.0]
[0.0, 0.0, 993.0, 745.0]
[0.0, 16.0, 994.0, 762.0]
[0.0, 32.0, 995.0, 778.0]
[0.0, 0.0, 996.0, 747.0]
[0.0, 0.0, 997.0, 748.0]
[16.0, 16.0, 1014.0, 764.0]
[16.0, 16.0, 1015.0, 765.0]
[0.0, 32.0, 1000.0, 782.0]
[16.0, 16.0, 1017.0, 767.0]
[16.0, 32.0, 1018.0, 784.0]
[0.0, 0.0, 1003.0, 752.0]
[0.0, 32.0, 1004.0, 785.0]
[16.0, 16.0, 1021.0, 770.0]
[16.0, 16.0, 1022.0, 770.0]
[0.0, 0.0, 1007.0, 755.0]
[0.0, 32.0, 1008.0, 788.0]
[0.0, 0.0, 1009.0, 757.0]
[0.0, 0.0, 1010.0, 758.0]
[0.0, 0.0, 1011.0, 758.0]
[0.0, 0.0, 1012.0, 759.0]
[0.0, 16.0, 1013.0, 776.0]
[0.0, 0.0, 1014.0, 760.0]
[0.0, 16.0, 1015.0, 777.0]
[0.0, 0.0, 1016.0, 762.0]
[0.0, 0.0, 1017.0, 763.0]
[0.0, 16.0, 1018.0, 780.0]
[0.0, 0.0, 1019.0, 764.0]
[0.0, 16.0, 1020.0, 781.0]
[0.0, 16.0, 1021.0, 782.0]
[0.0, 16.0, 1022.0, 782.0]
[0.0, 16.0, 1023.0, 783.0]
[0.0, 0.0, 1024.0, 768.0]
