[80.0, 96.0, 797.0, 634.0]
[96.0, 80.0, 814.0, 618.0]
[128.0, 112.0, 847.0, 651.0]
[144.0, 80.0, 864.0, 620.0]
[128.0, 32.0, 849.0, 573.0]
[96.0, 96.0, 818.0, 638.0]
[160.0, 48.0, 883.0, 590.0]
[48.0, 16.0, 772.0, 559.0]
[112.0, 16.0, 837.0, 560.0]
[112.0, 64.0, 838.0, 608.0]
[96.0, 64.0, 823.0, 609.0]
[48.0, 64.0, 776.0, 610.0]
[96.0, 96.0, 825.0, 643.0]
[96.0, 80.0, 826.0, 628.0]
[176.0, 80.0, 907.0, 628.0]
[32.0, 16.0, 764.0, 565.0]
[112.0, 32.0, 845.0, 582.0]
[128.0, 128.0, 862.0, 678.0]
[144.0, 64.0, 879.0, 615.0]
[48.0, 128.0, 784.0, 680.0]
[128.0, 96.0, 865.0, 649.0]
[176.0, 48.0, 914.0, 602.0]
[128.0, 16.0, 867.0, 570.0]
[96.0, 80.0, 836.0, 635.0]
[192.0, 64.0, 933.0, 620.0]
[112.0, 32.0, 854.0, 588.0]
[48.0, 64.0, 791.0, 621.0]
[64.0, 96.0, 808.0, 654.0]
[32.0, 64.0, 777.0, 623.0]
[80.0, 80.0, 826.0, 640.0]
[48.0, 80.0, 795.0, 640.0]
[0.0, 32.0, 748.0, 593.0]
[32.0, 32.0, 781.0, 594.0]
[48.0, 16.0, 798.0, 578.0]
[16.0, 64.0, 767.0, 627.0]
[144.0, 112.0, 896.0, 676.0]
[64.0, 64.0, 817.0, 629.0]
[0.0, 48.0, 754.0, 614.0]
[80.0, 64.0, 835.0, 630.0]
[16.0, 64.0, 772.0, 631.0]
[96.0, 96.0, 853.0, 664.0]
[16.0, 64.0, 774.0, 632.0]
[128.0, 0.0, 887.0, 569.0]
[48.0, 0.0, 808.0, 570.0]
[48.0, 32.0, 809.0, 603.0]
[96.0, 64.0, 858.0, 636.0]
[96.0, 32.0, 859.0, 604.0]
[64.0, 0.0, 828.0, 573.0]
[112.0, 32.0, 877.0, 606.0]
[0.0, 80.0, 766.0, 654.0]
[32.0, 0.0, 799.0, 575.0]
[48.0, 32.0, 816.0, 608.0]
[144.0, 32.0, 913.0, 609.0]
[48.0, 80.0, 818.0, 658.0]
[144.0, 48.0, 915.0, 626.0]
[0.0, 80.0, 772.0, 659.0]
[80.0, 64.0, 853.0, 644.0]
[16.0, 48.0, 790.0, 628.0]
[32.0, 80.0, 807.0, 661.0]
[176.0, 48.0, 952.0, 630.0]
[96.0, 80.0, 873.0, 663.0]
[64.0, 48.0, 842.0, 632.0]
[112.0, 80.0, 891.0, 664.0]
[0.0, 96.0, 780.0, 681.0]
[16.0, 48.0, 797.0, 634.0]
[112.0, 48.0, 894.0, 634.0]
[144.0, 96.0, 927.0, 683.0]
[32.0, 48.0, 816.0, 636.0]
[64.0, 32.0, 849.0, 621.0]
[48.0, 48.0, 834.0, 638.0]
[32.0, 64.0, 819.0, 654.0]
[128.0, 32.0, 916.0, 623.0]
[176.0, 32.0, 965.0, 624.0]
[144.0, 80.0, 934.0, 672.0]
[192.0, 32.0, 983.0, 625.0]
[32.0, 16.0, 824.0, 610.0]
[16.0, 80.0, 809.0, 675.0]
[192.0, 64.0, 986.0, 660.0]
[80.0, 0.0, 875.0, 596.0]
[16.0, 16.0, 812.0, 613.0]
[176.0, 48.0, 973.0, 646.0]
[160.0, 48.0, 958.0, 646.0]
[112.0, 32.0, 911.0, 631.0]
[176.0, 16.0, 976.0, 616.0]
[160.0, 16.0, 961.0, 617.0]
[192.0, 32.0, 994.0, 634.0]
[16.0, 32.0, 819.0, 634.0]
[64.0, 0.0, 868.0, 603.0]
[128.0, 64.0, 933.0, 668.0]
[80.0, 48.0, 886.0, 652.0]
[160.0, 64.0, 967.0, 669.0]
[128.0, 48.0, 936.0, 654.0]
[48.0, 64.0, 857.0, 671.0]
[176.0, 16.0, 986.0, 624.0]
[64.0, 16.0, 875.0, 624.0]
[128.0, 32.0, 940.0, 641.0]
[160.0, 0.0, 973.0, 610.0]
[0.0, 64.0, 814.0, 674.0]
[160.0, 0.0, 975.0, 611.0]
[80.0, 16.0, 896.0, 628.0]
[48.0, 0.0, 865.0, 613.0]
[96.0, 32.0, 914.0, 646.0]
[176.0, 48.0, 995.0, 662.0]
[48.0, 0.0, 868.0, 615.0]
[16.0, 48.0, 837.0, 664.0]
[64.0, 0.0, 886.0, 616.0]
[32.0, 16.0, 855.0, 633.0]
[0.0, 16.0, 824.0, 634.0]
[160.0, 48.0, 985.0, 667.0]
[0.0, 48.0, 826.0, 668.0]
[0.0, 0.0, 827.0, 620.0]
[32.0, 32.0, 860.0, 653.0]
[128.0, 0.0, 957.0, 622.0]
[160.0, 16.0, 990.0, 638.0]
[48.0, 16.0, 879.0, 639.0]
[48.0, 48.0, 880.0, 672.0]
[48.0, 32.0, 881.0, 657.0]
[64.0, 16.0, 898.0, 642.0]
[160.0, 0.0, 995.0, 626.0]
[128.0, 48.0, 964.0, 675.0]
[16.0, 0.0, 853.0, 628.0]
[160.0, 16.0, 998.0, 644.0]
[16.0, 32.0, 855.0, 661.0]
[64.0, 0.0, 904.0, 630.0]
[80.0, 32.0, 921.0, 663.0]
[0.0, 16.0, 842.0, 648.0]
[96.0, 0.0, 939.0, 632.0]
[0.0, 48.0, 844.0, 681.0]
[96.0, 48.0, 941.0, 682.0]
[80.0, 0.0, 926.0, 634.0]
[144.0, 0.0, 991.0, 635.0]
[64.0, 16.0, 912.0, 652.0]
[0.0, 32.0, 849.0, 669.0]
[144.0, 16.0, 994.0, 654.0]
[112.0, 0.0, 963.0, 638.0]
[16.0, 16.0, 868.0, 655.0]
[64.0, 16.0, 917.0, 656.0]
[96.0, 32.0, 950.0, 672.0]
[160.0, 16.0, 1015.0, 657.0]
[128.0, 0.0, 984.0, 642.0]
[128.0, 16.0, 985.0, 659.0]
[112.0, 0.0, 970.0, 644.0]
[160.0, 16.0, 1019.0, 660.0]
[96.0, 16.0, 956.0, 661.0]
[0.0, 32.0, 861.0, 678.0]
[80.0, 32.0, 942.0, 678.0]
[64.0, 0.0, 927.0, 647.0]
[128.0, 32.0, 992.0, 680.0]
[16.0, 0.0, 881.0, 649.0]
[48.0, 0.0, 914.0, 650.0]
[16.0, 16.0, 883.0, 666.0]
[0.0, 32.0, 868.0, 683.0]
[32.0, 16.0, 901.0, 668.0]
[144.0, 0.0, 1014.0, 652.0]
[80.0, 0.0, 951.0, 653.0]
[128.0, 0.0, 1000.0, 654.0]
[128.0, 16.0, 1001.0, 671.0]
[16.0, 16.0, 890.0, 672.0]
[32.0, 0.0, 907.0, 656.0]
[96.0, 0.0, 972.0, 657.0]
[80.0, 16.0, 957.0, 674.0]
[0.0, 0.0, 878.0, 658.0]
[144.0, 16.0, 1023.0, 675.0]
[112.0, 16.0, 992.0, 676.0]
[96.0, 16.0, 977.0, 677.0]
[128.0, 0.0, 1010.0, 662.0]
[112.0, 0.0, 995.0, 662.0]
[16.0, 16.0, 900.0, 679.0]
[128.0, 0.0, 1013.0, 664.0]
[80.0, 0.0, 966.0, 664.0]
[128.0, 16.0, 1015.0, 681.0]
[48.0, 16.0, 936.0, 682.0]
[80.0, 0.0, 969.0, 667.0]
[32.0, 0.0, 922.0, 668.0]
[32.0, 0.0, 923.0, 668.0]
[112.0, 0.0, 1004.0, 669.0]
[0.0, 0.0, 893.0, 670.0]
[64.0, 0.0, 958.0, 670.0]
[64.0, 0.0, 959.0, 671.0]
[64.0, 0.0, 960.0, 672.0]
[112.0, 0.0, 1009.0, 673.0]
[16.0, 0.0, 914.0, 674.0]
[64.0, 0.0, 963.0, 674.0]
[48.0, 0.0, 948.0, 675.0]
[0.0, 0.0, 901.0, 676.0]
[16.0, 0.0, 918.0, 676.0]
[16.0, 0.0, 919.0, 677.0]
[96.0, 0.0, 1000.0, 678.0]
[16.0, 0.0, 921.0, 679.0]
[0.0, 0.0, 906.0, 680.0]
[112.0, 0.0, 1019.0, 680.0]
[48.0, 0.0, 956.0, 681.0]
[48.0, 0.0, 957.0, 682.0]
[48.0, 0.0, 958.0, 682.0]
[96.0, 0.0, 1007.0, 683.0]
