[192.0, 16.0, 909.0, 554.0]
[128.0, 48.0, 846.0, 586.0]
[48.0, 16.0, 767.0, 555.0]
[160.0, 48.0, 880.0, 588.0]
[128.0, 32.0, 849.0, 573.0]
[48.0, 48.0, 770.0, 590.0]
[96.0, 48.0, 819.0, 590.0]
[176.0, 0.0, 900.0, 543.0]
[144.0, 32.0, 869.0, 576.0]
[272.0, 16.0, 998.0, 560.0]
[96.0, 48.0, 823.0, 593.0]
[144.0, 0.0, 872.0, 546.0]
[208.0, 32.0, 937.0, 579.0]
[208.0, 16.0, 938.0, 564.0]
[112.0, 0.0, 843.0, 548.0]
[176.0, 0.0, 908.0, 549.0]
[240.0, 16.0, 973.0, 566.0]
[80.0, 48.0, 814.0, 598.0]
[176.0, 0.0, 911.0, 551.0]
[112.0, 16.0, 848.0, 568.0]
[208.0, 32.0, 945.0, 585.0]
[32.0, 32.0, 770.0, 586.0]
[32.0, 16.0, 771.0, 570.0]
[112.0, 48.0, 852.0, 603.0]
[240.0, 0.0, 981.0, 556.0]
[80.0, 32.0, 822.0, 588.0]
[208.0, 16.0, 951.0, 573.0]
[128.0, 48.0, 872.0, 606.0]
[192.0, 48.0, 937.0, 607.0]
[96.0, 16.0, 842.0, 576.0]
[48.0, 16.0, 795.0, 576.0]
[64.0, 16.0, 812.0, 577.0]
[96.0, 48.0, 845.0, 610.0]
[32.0, 0.0, 782.0, 562.0]
[80.0, 16.0, 831.0, 579.0]
[112.0, 0.0, 864.0, 564.0]
[160.0, 48.0, 913.0, 613.0]
[16.0, 16.0, 770.0, 582.0]
[160.0, 0.0, 915.0, 566.0]
[80.0, 48.0, 836.0, 615.0]
[128.0, 48.0, 885.0, 616.0]
[208.0, 0.0, 966.0, 568.0]
[240.0, 32.0, 999.0, 601.0]
[64.0, 16.0, 824.0, 586.0]
[224.0, 0.0, 985.0, 571.0]
[208.0, 48.0, 970.0, 620.0]
[240.0, 32.0, 1003.0, 604.0]
[160.0, 16.0, 924.0, 589.0]
[224.0, 16.0, 989.0, 590.0]
[176.0, 48.0, 942.0, 622.0]
[240.0, 0.0, 1007.0, 575.0]
[64.0, 32.0, 832.0, 608.0]
[208.0, 32.0, 977.0, 609.0]
[176.0, 0.0, 946.0, 578.0]
[144.0, 0.0, 915.0, 578.0]
[176.0, 16.0, 948.0, 595.0]
[48.0, 0.0, 821.0, 580.0]
[16.0, 16.0, 790.0, 596.0]
[80.0, 32.0, 855.0, 613.0]
[96.0, 48.0, 872.0, 630.0]
[224.0, 32.0, 1001.0, 615.0]
[80.0, 16.0, 858.0, 600.0]
[64.0, 16.0, 843.0, 600.0]
[144.0, 16.0, 924.0, 601.0]
[144.0, 48.0, 925.0, 634.0]
[80.0, 0.0, 862.0, 586.0]
[80.0, 48.0, 863.0, 635.0]
[80.0, 16.0, 864.0, 604.0]
[176.0, 16.0, 961.0, 605.0]
[16.0, 32.0, 802.0, 622.0]
[16.0, 16.0, 803.0, 606.0]
[144.0, 16.0, 932.0, 607.0]
[32.0, 0.0, 821.0, 592.0]
[144.0, 32.0, 934.0, 624.0]
[64.0, 48.0, 855.0, 641.0]
[64.0, 0.0, 856.0, 594.0]
[80.0, 16.0, 873.0, 611.0]
[144.0, 48.0, 938.0, 644.0]
[64.0, 32.0, 859.0, 628.0]
[96.0, 48.0, 892.0, 645.0]
[96.0, 32.0, 893.0, 630.0]
[112.0, 48.0, 910.0, 646.0]
[192.0, 0.0, 991.0, 599.0]
[96.0, 0.0, 896.0, 600.0]
[112.0, 48.0, 913.0, 649.0]
[96.0, 16.0, 898.0, 618.0]
[112.0, 16.0, 915.0, 618.0]
[32.0, 0.0, 836.0, 603.0]
[160.0, 16.0, 965.0, 620.0]
[144.0, 48.0, 950.0, 652.0]
[96.0, 16.0, 903.0, 621.0]
[80.0, 16.0, 888.0, 622.0]
[16.0, 16.0, 825.0, 623.0]
[64.0, 16.0, 874.0, 624.0]
[16.0, 16.0, 827.0, 624.0]
[192.0, 32.0, 1004.0, 641.0]
[144.0, 0.0, 957.0, 610.0]
[144.0, 32.0, 958.0, 642.0]
[80.0, 0.0, 895.0, 611.0]
[64.0, 16.0, 880.0, 628.0]
[64.0, 48.0, 881.0, 661.0]
[16.0, 32.0, 834.0, 646.0]
[144.0, 48.0, 963.0, 662.0]
[160.0, 16.0, 980.0, 631.0]
[96.0, 32.0, 917.0, 648.0]
[16.0, 16.0, 838.0, 632.0]
[144.0, 16.0, 967.0, 633.0]
[176.0, 0.0, 1000.0, 618.0]
[32.0, 0.0, 857.0, 619.0]
[16.0, 32.0, 842.0, 652.0]
[16.0, 0.0, 843.0, 620.0]
[32.0, 0.0, 860.0, 621.0]
[32.0, 0.0, 861.0, 622.0]
[176.0, 32.0, 1006.0, 654.0]
[144.0, 48.0, 975.0, 671.0]
[32.0, 16.0, 864.0, 640.0]
[128.0, 48.0, 961.0, 673.0]
[160.0, 0.0, 994.0, 626.0]
[16.0, 32.0, 851.0, 658.0]
[32.0, 32.0, 868.0, 659.0]
[32.0, 32.0, 869.0, 660.0]
[96.0, 0.0, 934.0, 628.0]
[96.0, 32.0, 935.0, 661.0]
[32.0, 16.0, 872.0, 646.0]
[96.0, 48.0, 937.0, 679.0]
[16.0, 32.0, 858.0, 664.0]
[32.0, 16.0, 875.0, 648.0]
[112.0, 0.0, 956.0, 633.0]
[48.0, 32.0, 893.0, 666.0]
[48.0, 32.0, 894.0, 666.0]
[16.0, 0.0, 863.0, 635.0]
[48.0, 16.0, 896.0, 652.0]
[32.0, 16.0, 881.0, 653.0]
[160.0, 16.0, 1010.0, 654.0]
[160.0, 32.0, 1011.0, 670.0]
[112.0, 32.0, 964.0, 671.0]
[32.0, 32.0, 885.0, 672.0]
[96.0, 32.0, 950.0, 672.0]
[64.0, 32.0, 919.0, 673.0]
[112.0, 32.0, 968.0, 674.0]
[32.0, 0.0, 889.0, 643.0]
[48.0, 32.0, 906.0, 676.0]
[112.0, 48.0, 971.0, 692.0]
[48.0, 16.0, 908.0, 661.0]
[96.0, 0.0, 957.0, 646.0]
[144.0, 32.0, 1006.0, 678.0]
[32.0, 32.0, 895.0, 679.0]
[96.0, 0.0, 960.0, 648.0]
[96.0, 32.0, 961.0, 681.0]
[112.0, 32.0, 978.0, 682.0]
[32.0, 0.0, 899.0, 650.0]
[48.0, 0.0, 916.0, 651.0]
[64.0, 0.0, 933.0, 652.0]
[128.0, 16.0, 998.0, 668.0]
[112.0, 32.0, 983.0, 685.0]
[64.0, 0.0, 936.0, 654.0]
[112.0, 16.0, 985.0, 671.0]
[48.0, 0.0, 922.0, 656.0]
[48.0, 32.0, 923.0, 688.0]
[48.0, 0.0, 924.0, 657.0]
[48.0, 32.0, 925.0, 690.0]
[80.0, 16.0, 958.0, 674.0]
[64.0, 16.0, 943.0, 675.0]
[16.0, 0.0, 896.0, 660.0]
[64.0, 0.0, 945.0, 661.0]
[80.0, 0.0, 962.0, 662.0]
[48.0, 32.0, 931.0, 694.0]
[96.0, 16.0, 980.0, 679.0]
[32.0, 16.0, 917.0, 680.0]
[128.0, 0.0, 1014.0, 664.0]
[16.0, 16.0, 903.0, 681.0]
[96.0, 0.0, 984.0, 666.0]
[112.0, 0.0, 1001.0, 667.0]
[112.0, 16.0, 1002.0, 684.0]
[64.0, 0.0, 955.0, 668.0]
[16.0, 0.0, 908.0, 669.0]
[80.0, 0.0, 973.0, 670.0]
[112.0, 16.0, 1006.0, 686.0]
[48.0, 0.0, 943.0, 671.0]
[96.0, 16.0, 992.0, 688.0]
[32.0, 0.0, 929.0, 673.0]
[16.0, 16.0, 914.0, 690.0]
[64.0, 16.0, 963.0, 690.0]
[48.0, 16.0, 948.0, 691.0]
[32.0, 16.0, 933.0, 692.0]
[48.0, 16.0, 950.0, 692.0]
[96.0, 0.0, 999.0, 677.0]
[80.0, 0.0, 984.0, 678.0]
[96.0, 0.0, 1001.0, 679.0]
[64.0, 16.0, 970.0, 696.0]
[32.0, 0.0, 939.0, 680.0]
[16.0, 16.0, 924.0, 697.0]
[16.0, 0.0, 925.0, 682.0]
[32.0, 0.0, 942.0, 682.0]
[32.0, 0.0, 943.0, 683.0]
[48.0, 0.0, 960.0, 684.0]
[96.0, 0.0, 1009.0, 685.0]
[16.0, 0.0, 930.0, 686.0]
[96.0, 0.0, 1011.0, 686.0]
[48.0, 0.0, 964.0, 687.0]
[32.0, 0.0, 949.0, 688.0]
[64.0, 0.0, 982.0, 688.0]
[32.0, 0.0, 951.0, 689.0]
[64.0, 0.0, 984.0, 690.0]
[64.0, 0.0, 985.0, 691.0]
[32.0, 0.0, 954.0, 692.0]
[16.0, 0.0, 939.0, 692.0]
[48.0, 0.0, 972.0, 693.0]
[32.0, 0.0, 957.0, 694.0]
[16.0, 0.0, 942.0, 694.0]
[64.0, 0.0, 991.0, 695.0]
[32.0, 0.0, 960.0, 696.0]
[32.0, 0.0, 961.0, 697.0]
