[160.0, 64.0, 877.0, 602.0]
[192.0, 48.0, 910.0, 586.0]
[240.0, 48.0, 959.0, 587.0]
[128.0, 16.0, 848.0, 556.0]
[128.0, 80.0, 849.0, 621.0]
[224.0, 48.0, 946.0, 590.0]
[192.0, 48.0, 915.0, 590.0]
[192.0, 32.0, 916.0, 575.0]
[208.0, 64.0, 933.0, 608.0]
[208.0, 64.0, 934.0, 608.0]
[224.0, 16.0, 951.0, 561.0]
[96.0, 16.0, 824.0, 562.0]
[128.0, 80.0, 857.0, 627.0]
[64.0, 16.0, 794.0, 564.0]
[144.0, 32.0, 875.0, 580.0]
[208.0, 0.0, 940.0, 549.0]
[48.0, 16.0, 781.0, 566.0]
[112.0, 64.0, 846.0, 614.0]
[224.0, 48.0, 959.0, 599.0]
[176.0, 80.0, 912.0, 632.0]
[240.0, 0.0, 977.0, 553.0]
[176.0, 16.0, 914.0, 570.0]
[144.0, 0.0, 883.0, 554.0]
[128.0, 16.0, 868.0, 571.0]
[160.0, 16.0, 901.0, 572.0]
[240.0, 16.0, 982.0, 572.0]
[240.0, 32.0, 983.0, 589.0]
[128.0, 80.0, 872.0, 638.0]
[80.0, 48.0, 825.0, 607.0]
[128.0, 48.0, 874.0, 608.0]
[96.0, 64.0, 843.0, 624.0]
[128.0, 64.0, 876.0, 625.0]
[176.0, 64.0, 925.0, 626.0]
[112.0, 32.0, 862.0, 594.0]
[48.0, 16.0, 799.0, 579.0]
[208.0, 0.0, 960.0, 564.0]
[224.0, 32.0, 977.0, 597.0]
[144.0, 32.0, 898.0, 598.0]
[112.0, 48.0, 867.0, 614.0]
[160.0, 32.0, 916.0, 599.0]
[80.0, 16.0, 837.0, 584.0]
[64.0, 16.0, 822.0, 584.0]
[128.0, 0.0, 887.0, 569.0]
[96.0, 16.0, 856.0, 586.0]
[160.0, 0.0, 921.0, 571.0]
[160.0, 0.0, 922.0, 572.0]
[96.0, 32.0, 859.0, 604.0]
[192.0, 32.0, 956.0, 605.0]
[160.0, 0.0, 925.0, 574.0]
[96.0, 16.0, 862.0, 590.0]
[160.0, 32.0, 927.0, 607.0]
[64.0, 16.0, 832.0, 592.0]
[128.0, 64.0, 897.0, 641.0]
[112.0, 80.0, 882.0, 658.0]
[192.0, 48.0, 963.0, 626.0]
[208.0, 16.0, 980.0, 595.0]
[128.0, 48.0, 901.0, 628.0]
[48.0, 32.0, 822.0, 612.0]
[176.0, 0.0, 951.0, 581.0]
[128.0, 48.0, 904.0, 630.0]
[128.0, 48.0, 905.0, 631.0]
[208.0, 32.0, 986.0, 616.0]
[32.0, 0.0, 811.0, 584.0]
[192.0, 32.0, 972.0, 617.0]
[64.0, 32.0, 845.0, 618.0]
[96.0, 0.0, 878.0, 586.0]
[80.0, 16.0, 863.0, 603.0]
[128.0, 32.0, 912.0, 620.0]
[128.0, 16.0, 913.0, 605.0]
[144.0, 16.0, 930.0, 606.0]
[128.0, 32.0, 915.0, 622.0]
[32.0, 16.0, 820.0, 607.0]
[128.0, 0.0, 917.0, 592.0]
[48.0, 32.0, 838.0, 624.0]
[48.0, 16.0, 839.0, 609.0]
[48.0, 16.0, 840.0, 610.0]
[112.0, 32.0, 905.0, 627.0]
[144.0, 32.0, 938.0, 628.0]
[32.0, 0.0, 827.0, 596.0]
[96.0, 16.0, 892.0, 613.0]
[64.0, 32.0, 861.0, 630.0]
[144.0, 16.0, 942.0, 614.0]
[112.0, 16.0, 911.0, 615.0]
[112.0, 32.0, 912.0, 632.0]
[80.0, 32.0, 881.0, 633.0]
[144.0, 48.0, 946.0, 650.0]
[96.0, 0.0, 899.0, 602.0]
[128.0, 64.0, 932.0, 667.0]
[96.0, 32.0, 901.0, 636.0]
[96.0, 16.0, 902.0, 620.0]
[64.0, 16.0, 871.0, 621.0]
[96.0, 16.0, 904.0, 622.0]
[96.0, 32.0, 905.0, 639.0]
[48.0, 16.0, 858.0, 624.0]
[176.0, 32.0, 987.0, 640.0]
[112.0, 0.0, 924.0, 609.0]
[176.0, 16.0, 989.0, 626.0]
[112.0, 48.0, 926.0, 658.0]
[80.0, 0.0, 895.0, 611.0]
[144.0, 16.0, 960.0, 628.0]
[80.0, 0.0, 897.0, 613.0]
[128.0, 32.0, 946.0, 646.0]
[160.0, 16.0, 979.0, 630.0]
[80.0, 48.0, 900.0, 663.0]
[80.0, 48.0, 901.0, 664.0]
[80.0, 32.0, 902.0, 648.0]
[112.0, 48.0, 935.0, 665.0]
[48.0, 32.0, 872.0, 650.0]
[112.0, 0.0, 937.0, 619.0]
[96.0, 32.0, 922.0, 652.0]
[96.0, 0.0, 923.0, 620.0]
[48.0, 32.0, 876.0, 653.0]
[64.0, 48.0, 893.0, 670.0]
[96.0, 32.0, 926.0, 654.0]
[96.0, 48.0, 927.0, 671.0]
[112.0, 32.0, 944.0, 656.0]
[128.0, 32.0, 961.0, 657.0]
[96.0, 32.0, 930.0, 658.0]
[96.0, 0.0, 931.0, 626.0]
[128.0, 48.0, 964.0, 675.0]
[48.0, 32.0, 885.0, 660.0]
[144.0, 32.0, 982.0, 660.0]
[32.0, 16.0, 871.0, 645.0]
[144.0, 16.0, 984.0, 646.0]
[144.0, 0.0, 985.0, 631.0]
[144.0, 16.0, 986.0, 648.0]
[128.0, 32.0, 971.0, 664.0]
[128.0, 32.0, 972.0, 665.0]
[80.0, 16.0, 925.0, 650.0]
[64.0, 32.0, 910.0, 666.0]
[144.0, 0.0, 991.0, 635.0]
[96.0, 0.0, 944.0, 636.0]
[48.0, 0.0, 897.0, 637.0]
[144.0, 16.0, 994.0, 654.0]
[48.0, 16.0, 899.0, 654.0]
[32.0, 0.0, 884.0, 639.0]
[48.0, 32.0, 901.0, 672.0]
[80.0, 0.0, 934.0, 640.0]
[80.0, 16.0, 935.0, 657.0]
[112.0, 32.0, 968.0, 674.0]
[80.0, 32.0, 937.0, 675.0]
[80.0, 32.0, 938.0, 676.0]
[32.0, 16.0, 891.0, 660.0]
[128.0, 0.0, 988.0, 645.0]
[32.0, 0.0, 893.0, 646.0]
[80.0, 16.0, 942.0, 662.0]
[64.0, 16.0, 927.0, 663.0]
[80.0, 0.0, 944.0, 648.0]
[48.0, 0.0, 913.0, 649.0]
