[160.0, 0.0, 877.0, 538.0]
[48.0, 32.0, 766.0, 570.0]
[144.0, 0.0, 863.0, 539.0]
[96.0, 0.0, 816.0, 540.0]
[144.0, 32.0, 865.0, 573.0]
[64.0, 32.0, 786.0, 574.0]
[48.0, 32.0, 771.0, 574.0]
[96.0, 0.0, 820.0, 543.0]
[240.0, 32.0, 965.0, 576.0]
[64.0, 16.0, 790.0, 560.0]
[224.0, 16.0, 951.0, 561.0]
[240.0, 16.0, 968.0, 562.0]
[48.0, 16.0, 777.0, 563.0]
[256.0, 32.0, 986.0, 580.0]
[160.0, 16.0, 891.0, 564.0]
[224.0, 32.0, 956.0, 581.0]
[112.0, 32.0, 845.0, 582.0]
[192.0, 32.0, 926.0, 582.0]
[96.0, 0.0, 831.0, 551.0]
[112.0, 0.0, 848.0, 552.0]
[224.0, 0.0, 961.0, 553.0]
[32.0, 0.0, 770.0, 554.0]
[80.0, 16.0, 819.0, 570.0]
[48.0, 32.0, 788.0, 587.0]
[96.0, 16.0, 837.0, 572.0]
[48.0, 0.0, 790.0, 556.0]
[96.0, 32.0, 839.0, 589.0]
[192.0, 16.0, 936.0, 574.0]
[64.0, 16.0, 809.0, 575.0]
[224.0, 16.0, 970.0, 576.0]
[128.0, 0.0, 875.0, 560.0]
[160.0, 16.0, 908.0, 577.0]
[256.0, 0.0, 1005.0, 562.0]
[80.0, 32.0, 830.0, 594.0]
[96.0, 32.0, 847.0, 595.0]
[128.0, 32.0, 880.0, 596.0]
[240.0, 32.0, 993.0, 597.0]
[144.0, 32.0, 898.0, 598.0]
[176.0, 0.0, 931.0, 566.0]
[224.0, 32.0, 980.0, 599.0]
[48.0, 16.0, 805.0, 584.0]
[192.0, 16.0, 950.0, 584.0]
[80.0, 0.0, 839.0, 569.0]
[128.0, 32.0, 888.0, 602.0]
[64.0, 16.0, 825.0, 587.0]
[224.0, 32.0, 986.0, 604.0]
[96.0, 0.0, 859.0, 572.0]
[176.0, 0.0, 940.0, 573.0]
[64.0, 0.0, 829.0, 574.0]
[96.0, 0.0, 862.0, 574.0]
[128.0, 16.0, 895.0, 591.0]
[192.0, 16.0, 960.0, 592.0]
[128.0, 16.0, 897.0, 593.0]
[160.0, 32.0, 930.0, 610.0]
[208.0, 16.0, 979.0, 594.0]
[32.0, 32.0, 804.0, 611.0]
[32.0, 16.0, 805.0, 596.0]
[128.0, 16.0, 902.0, 596.0]
[112.0, 16.0, 887.0, 597.0]
[48.0, 16.0, 824.0, 598.0]
[80.0, 32.0, 857.0, 615.0]
[112.0, 32.0, 890.0, 616.0]
[176.0, 16.0, 955.0, 600.0]
[208.0, 32.0, 988.0, 617.0]
[176.0, 32.0, 957.0, 618.0]
[176.0, 0.0, 958.0, 586.0]
[64.0, 32.0, 847.0, 619.0]
[80.0, 32.0, 864.0, 620.0]
[80.0, 16.0, 865.0, 605.0]
[80.0, 16.0, 866.0, 606.0]
[176.0, 32.0, 963.0, 622.0]
[112.0, 32.0, 900.0, 623.0]
[80.0, 16.0, 869.0, 608.0]
[128.0, 16.0, 918.0, 608.0]
[128.0, 16.0, 919.0, 609.0]
[16.0, 16.0, 808.0, 610.0]
[112.0, 32.0, 905.0, 627.0]
[32.0, 32.0, 826.0, 628.0]
[160.0, 0.0, 955.0, 596.0]
[80.0, 16.0, 876.0, 613.0]
[160.0, 32.0, 957.0, 630.0]
[48.0, 0.0, 846.0, 598.0]
[64.0, 16.0, 863.0, 615.0]
[80.0, 0.0, 880.0, 600.0]
[64.0, 16.0, 865.0, 617.0]
[160.0, 16.0, 962.0, 618.0]
[128.0, 0.0, 931.0, 602.0]
[48.0, 32.0, 852.0, 635.0]
[176.0, 32.0, 981.0, 636.0]
[176.0, 0.0, 982.0, 604.0]
[32.0, 0.0, 839.0, 605.0]
[128.0, 16.0, 936.0, 622.0]
[64.0, 0.0, 873.0, 607.0]
[32.0, 16.0, 842.0, 624.0]
[32.0, 32.0, 843.0, 640.0]
[32.0, 16.0, 844.0, 625.0]
[128.0, 0.0, 941.0, 610.0]
[160.0, 32.0, 974.0, 642.0]
[192.0, 0.0, 1007.0, 611.0]
[160.0, 32.0, 976.0, 644.0]
[176.0, 0.0, 993.0, 613.0]
[160.0, 0.0, 978.0, 614.0]
[176.0, 0.0, 995.0, 614.0]
[160.0, 0.0, 980.0, 615.0]
[112.0, 32.0, 933.0, 648.0]
[16.0, 16.0, 838.0, 632.0]
[64.0, 0.0, 887.0, 617.0]
[128.0, 0.0, 952.0, 618.0]
[176.0, 32.0, 1001.0, 651.0]
[32.0, 32.0, 858.0, 652.0]
[96.0, 0.0, 923.0, 620.0]
[64.0, 16.0, 892.0, 637.0]
[128.0, 32.0, 957.0, 654.0]
[160.0, 0.0, 990.0, 622.0]
[48.0, 32.0, 879.0, 655.0]
[64.0, 32.0, 896.0, 656.0]
[80.0, 16.0, 913.0, 641.0]
[48.0, 16.0, 882.0, 642.0]
[16.0, 0.0, 851.0, 626.0]
[32.0, 16.0, 868.0, 643.0]
[16.0, 16.0, 853.0, 644.0]
[32.0, 16.0, 870.0, 644.0]
[160.0, 0.0, 999.0, 629.0]
[64.0, 32.0, 904.0, 662.0]
[160.0, 16.0, 1001.0, 647.0]
[112.0, 0.0, 954.0, 632.0]
[64.0, 32.0, 907.0, 664.0]
[64.0, 0.0, 908.0, 633.0]
[80.0, 32.0, 925.0, 666.0]
[96.0, 16.0, 942.0, 650.0]
[16.0, 16.0, 863.0, 651.0]
[128.0, 16.0, 976.0, 652.0]
[32.0, 16.0, 881.0, 653.0]
[144.0, 32.0, 994.0, 670.0]
[144.0, 32.0, 995.0, 670.0]
[96.0, 0.0, 948.0, 639.0]
[128.0, 32.0, 981.0, 672.0]
[144.0, 16.0, 998.0, 656.0]
[32.0, 16.0, 887.0, 657.0]
[128.0, 16.0, 984.0, 658.0]
[48.0, 0.0, 905.0, 643.0]
[32.0, 16.0, 890.0, 660.0]
[144.0, 16.0, 1003.0, 660.0]
[48.0, 16.0, 908.0, 661.0]
[32.0, 16.0, 893.0, 662.0]
[128.0, 0.0, 990.0, 646.0]
[16.0, 16.0, 879.0, 663.0]
[48.0, 32.0, 912.0, 680.0]
[80.0, 0.0, 945.0, 649.0]
[32.0, 32.0, 898.0, 682.0]
[32.0, 0.0, 899.0, 650.0]
[64.0, 0.0, 932.0, 651.0]
[96.0, 16.0, 965.0, 668.0]
[48.0, 0.0, 918.0, 652.0]
[96.0, 0.0, 967.0, 653.0]
[96.0, 0.0, 968.0, 654.0]
[48.0, 0.0, 921.0, 655.0]
[80.0, 0.0, 954.0, 656.0]
[112.0, 0.0, 987.0, 656.0]
[48.0, 16.0, 924.0, 673.0]
[16.0, 0.0, 893.0, 658.0]
[48.0, 16.0, 926.0, 674.0]
[48.0, 0.0, 927.0, 659.0]
[32.0, 0.0, 912.0, 660.0]
[16.0, 0.0, 897.0, 661.0]
[16.0, 16.0, 898.0, 678.0]
[32.0, 0.0, 915.0, 662.0]
[16.0, 16.0, 900.0, 679.0]
[64.0, 0.0, 949.0, 664.0]
[32.0, 16.0, 918.0, 680.0]
[80.0, 16.0, 967.0, 681.0]
[64.0, 0.0, 952.0, 666.0]
[80.0, 0.0, 969.0, 667.0]
[112.0, 0.0, 1002.0, 668.0]
[96.0, 0.0, 987.0, 668.0]
[80.0, 0.0, 972.0, 669.0]
[112.0, 0.0, 1005.0, 670.0]
[64.0, 0.0, 958.0, 670.0]
[32.0, 0.0, 927.0, 671.0]
[80.0, 0.0, 976.0, 672.0]
[80.0, 0.0, 977.0, 673.0]
[32.0, 0.0, 930.0, 674.0]
[48.0, 0.0, 947.0, 674.0]
[48.0, 0.0, 948.0, 675.0]
[80.0, 0.0, 981.0, 676.0]
[48.0, 0.0, 950.0, 676.0]
[32.0, 0.0, 935.0, 677.0]
[80.0, 0.0, 984.0, 678.0]
[96.0, 0.0, 1001.0, 679.0]
[96.0, 0.0, 1002.0, 680.0]
[64.0, 0.0, 971.0, 680.0]
[48.0, 0.0, 956.0, 681.0]
[48.0, 0.0, 957.0, 682.0]
[80.0, 0.0, 990.0, 682.0]
[32.0, 0.0, 943.0, 683.0]
