[160.0, 96.0, 877.0, 634.0]
[208.0, 160.0, 926.0, 698.0]
[144.0, 96.0, 863.0, 635.0]
[192.0, 128.0, 912.0, 668.0]
[96.0, 144.0, 817.0, 685.0]
[144.0, 128.0, 866.0, 670.0]
[240.0, 112.0, 963.0, 654.0]
[128.0, 112.0, 852.0, 655.0]
[224.0, 128.0, 949.0, 672.0]
[272.0, 128.0, 998.0, 672.0]
[256.0, 144.0, 983.0, 689.0]
[160.0, 128.0, 888.0, 674.0]
[112.0, 112.0, 841.0, 659.0]
[208.0, 144.0, 938.0, 692.0]
[144.0, 112.0, 875.0, 660.0]
[288.0, 144.0, 1020.0, 693.0]
[128.0, 112.0, 861.0, 662.0]
[96.0, 144.0, 830.0, 694.0]
[240.0, 96.0, 975.0, 647.0]
[256.0, 112.0, 992.0, 664.0]
[272.0, 96.0, 1009.0, 649.0]
[192.0, 112.0, 930.0, 666.0]
[240.0, 144.0, 979.0, 698.0]
[128.0, 80.0, 868.0, 635.0]
[224.0, 80.0, 965.0, 636.0]
[144.0, 96.0, 886.0, 652.0]
[208.0, 80.0, 951.0, 637.0]
[144.0, 96.0, 888.0, 654.0]
[240.0, 96.0, 985.0, 655.0]
[112.0, 128.0, 858.0, 688.0]
[208.0, 112.0, 955.0, 672.0]
[80.0, 112.0, 828.0, 673.0]
[128.0, 128.0, 877.0, 690.0]
[240.0, 80.0, 990.0, 642.0]
[192.0, 112.0, 943.0, 675.0]
[256.0, 112.0, 1008.0, 676.0]
[144.0, 128.0, 897.0, 693.0]
[80.0, 128.0, 834.0, 694.0]
[64.0, 128.0, 819.0, 694.0]
[224.0, 96.0, 980.0, 663.0]
[208.0, 112.0, 965.0, 680.0]
[208.0, 96.0, 966.0, 664.0]
[112.0, 96.0, 871.0, 665.0]
[160.0, 112.0, 920.0, 682.0]
[160.0, 96.0, 921.0, 667.0]
[160.0, 112.0, 922.0, 684.0]
[160.0, 96.0, 923.0, 668.0]
[112.0, 112.0, 876.0, 685.0]
[144.0, 96.0, 909.0, 670.0]
[240.0, 96.0, 1006.0, 670.0]
[128.0, 112.0, 895.0, 687.0]
[112.0, 112.0, 880.0, 688.0]
[192.0, 96.0, 961.0, 673.0]
[80.0, 80.0, 850.0, 658.0]
[208.0, 48.0, 979.0, 626.0]
[96.0, 96.0, 868.0, 675.0]
[80.0, 80.0, 853.0, 660.0]
[96.0, 112.0, 870.0, 692.0]
[176.0, 112.0, 951.0, 693.0]
[240.0, 96.0, 1016.0, 678.0]
[64.0, 96.0, 841.0, 679.0]
[112.0, 80.0, 890.0, 664.0]
[224.0, 112.0, 1003.0, 696.0]
[192.0, 80.0, 972.0, 665.0]
[160.0, 48.0, 941.0, 634.0]
[208.0, 64.0, 990.0, 650.0]
[240.0, 112.0, 1023.0, 699.0]
[96.0, 80.0, 880.0, 668.0]
[112.0, 48.0, 897.0, 637.0]
[128.0, 96.0, 914.0, 686.0]
[128.0, 96.0, 915.0, 686.0]
[96.0, 96.0, 884.0, 687.0]
[128.0, 48.0, 917.0, 640.0]
[144.0, 96.0, 934.0, 688.0]
[208.0, 80.0, 999.0, 673.0]
[192.0, 96.0, 984.0, 690.0]
[160.0, 80.0, 953.0, 675.0]
[208.0, 96.0, 1002.0, 692.0]
[176.0, 32.0, 971.0, 628.0]
[96.0, 64.0, 892.0, 661.0]
[128.0, 80.0, 925.0, 678.0]
[80.0, 64.0, 878.0, 662.0]
[208.0, 80.0, 1007.0, 679.0]
[96.0, 96.0, 896.0, 696.0]
[128.0, 64.0, 929.0, 665.0]
[160.0, 96.0, 962.0, 698.0]
[176.0, 96.0, 979.0, 698.0]
[192.0, 96.0, 996.0, 699.0]
[128.0, 80.0, 933.0, 684.0]
[112.0, 64.0, 918.0, 668.0]
[176.0, 48.0, 983.0, 653.0]
[112.0, 48.0, 920.0, 654.0]
[192.0, 32.0, 1001.0, 639.0]
[208.0, 64.0, 1018.0, 672.0]
[64.0, 64.0, 875.0, 672.0]
[208.0, 48.0, 1020.0, 657.0]
[80.0, 48.0, 893.0, 658.0]
[208.0, 80.0, 1022.0, 690.0]
[80.0, 48.0, 895.0, 659.0]
[160.0, 32.0, 976.0, 644.0]
[176.0, 32.0, 993.0, 645.0]
[128.0, 80.0, 946.0, 694.0]
[112.0, 80.0, 931.0, 694.0]
[160.0, 80.0, 980.0, 695.0]
[96.0, 64.0, 917.0, 680.0]
[192.0, 32.0, 1014.0, 648.0]
[192.0, 64.0, 1015.0, 681.0]
[160.0, 48.0, 984.0, 666.0]
[64.0, 64.0, 889.0, 683.0]
[128.0, 48.0, 954.0, 668.0]
[96.0, 32.0, 923.0, 652.0]
[160.0, 48.0, 988.0, 669.0]
[160.0, 32.0, 989.0, 654.0]
[112.0, 48.0, 942.0, 670.0]
[80.0, 64.0, 911.0, 687.0]
[144.0, 48.0, 976.0, 672.0]
[176.0, 16.0, 1009.0, 641.0]
[64.0, 48.0, 898.0, 674.0]
[80.0, 32.0, 915.0, 658.0]
[64.0, 48.0, 900.0, 675.0]
[160.0, 32.0, 997.0, 660.0]
[176.0, 48.0, 1014.0, 676.0]
[160.0, 32.0, 999.0, 661.0]
[64.0, 64.0, 904.0, 694.0]
[64.0, 64.0, 905.0, 695.0]
[176.0, 48.0, 1018.0, 680.0]
[80.0, 48.0, 923.0, 680.0]
[96.0, 16.0, 940.0, 649.0]
[128.0, 32.0, 973.0, 666.0]
[176.0, 16.0, 1022.0, 650.0]
[128.0, 48.0, 975.0, 683.0]
[144.0, 16.0, 992.0, 652.0]
[80.0, 32.0, 929.0, 669.0]
[80.0, 32.0, 930.0, 670.0]
[80.0, 32.0, 931.0, 670.0]
[128.0, 0.0, 980.0, 639.0]
[96.0, 48.0, 949.0, 688.0]
[80.0, 48.0, 934.0, 688.0]
[144.0, 0.0, 999.0, 641.0]
[160.0, 16.0, 1016.0, 658.0]
[80.0, 48.0, 937.0, 691.0]
[80.0, 32.0, 938.0, 676.0]
[144.0, 48.0, 1003.0, 692.0]
[64.0, 32.0, 924.0, 677.0]
[144.0, 0.0, 1005.0, 646.0]
[160.0, 32.0, 1022.0, 678.0]
[128.0, 0.0, 991.0, 647.0]
[112.0, 0.0, 976.0, 648.0]
[144.0, 16.0, 1009.0, 665.0]
[112.0, 16.0, 978.0, 666.0]
[80.0, 32.0, 947.0, 682.0]
[112.0, 32.0, 980.0, 683.0]
[64.0, 16.0, 933.0, 668.0]
[144.0, 32.0, 1014.0, 684.0]
[144.0, 0.0, 1015.0, 653.0]
[128.0, 32.0, 1000.0, 686.0]
[96.0, 16.0, 969.0, 671.0]
[80.0, 32.0, 954.0, 688.0]
[64.0, 32.0, 939.0, 688.0]
[64.0, 32.0, 940.0, 689.0]
[96.0, 0.0, 973.0, 658.0]
[64.0, 32.0, 942.0, 690.0]
[80.0, 16.0, 959.0, 675.0]
[128.0, 16.0, 1008.0, 676.0]
[96.0, 32.0, 977.0, 693.0]
[128.0, 0.0, 1010.0, 662.0]
[112.0, 16.0, 995.0, 678.0]
[112.0, 32.0, 996.0, 695.0]
[96.0, 32.0, 981.0, 696.0]
[80.0, 0.0, 966.0, 664.0]
[80.0, 16.0, 967.0, 681.0]
[112.0, 16.0, 1000.0, 682.0]
[80.0, 32.0, 969.0, 699.0]
[96.0, 16.0, 986.0, 684.0]
[96.0, 0.0, 987.0, 668.0]
[64.0, 16.0, 956.0, 685.0]
[112.0, 16.0, 1005.0, 686.0]
[112.0, 16.0, 1006.0, 686.0]
[80.0, 0.0, 975.0, 671.0]
[96.0, 16.0, 992.0, 688.0]
[96.0, 0.0, 993.0, 673.0]
[80.0, 16.0, 978.0, 690.0]
[96.0, 0.0, 995.0, 674.0]
[64.0, 16.0, 964.0, 691.0]
[112.0, 0.0, 1013.0, 676.0]
[112.0, 0.0, 1014.0, 676.0]
[64.0, 16.0, 967.0, 693.0]
[64.0, 0.0, 968.0, 678.0]
[96.0, 16.0, 1001.0, 695.0]
[112.0, 16.0, 1018.0, 696.0]
[96.0, 0.0, 1003.0, 680.0]
[64.0, 0.0, 972.0, 681.0]
[96.0, 16.0, 1005.0, 698.0]
[80.0, 16.0, 990.0, 698.0]
[112.0, 0.0, 1023.0, 683.0]
[96.0, 0.0, 1008.0, 684.0]
[96.0, 0.0, 1009.0, 685.0]
[96.0, 0.0, 1010.0, 686.0]
[96.0, 0.0, 1011.0, 686.0]
[80.0, 0.0, 996.0, 687.0]
[80.0, 0.0, 997.0, 688.0]
[64.0, 0.0, 982.0, 688.0]
[80.0, 0.0, 999.0, 689.0]
[96.0, 0.0, 1016.0, 690.0]
[64.0, 0.0, 985.0, 691.0]
[96.0, 0.0, 1018.0, 692.0]
