[272.0, 48.0, 989.0, 586.0]
[144.0, 32.0, 862.0, 570.0]
[208.0, 48.0, 927.0, 587.0]
[96.0, 32.0, 816.0, 572.0]
[112.0, 32.0, 833.0, 573.0]
[208.0, 48.0, 930.0, 590.0]
[208.0, 48.0, 931.0, 590.0]
[80.0, 16.0, 804.0, 559.0]
[64.0, 16.0, 789.0, 560.0]
[112.0, 48.0, 838.0, 592.0]
[112.0, 32.0, 839.0, 577.0]
[96.0, 64.0, 824.0, 610.0]
[80.0, 16.0, 809.0, 563.0]
[48.0, 16.0, 778.0, 564.0]
[240.0, 64.0, 971.0, 612.0]
[48.0, 32.0, 780.0, 581.0]
[240.0, 64.0, 973.0, 614.0]
[64.0, 48.0, 798.0, 598.0]
[176.0, 64.0, 911.0, 615.0]
[160.0, 16.0, 896.0, 568.0]
[32.0, 16.0, 769.0, 569.0]
[48.0, 64.0, 786.0, 618.0]
[256.0, 32.0, 995.0, 586.0]
[112.0, 32.0, 852.0, 587.0]
[160.0, 16.0, 901.0, 572.0]
[48.0, 64.0, 790.0, 620.0]
[208.0, 16.0, 951.0, 573.0]
[240.0, 0.0, 984.0, 558.0]
[80.0, 0.0, 825.0, 559.0]
[112.0, 48.0, 858.0, 608.0]
[128.0, 32.0, 875.0, 592.0]
[192.0, 48.0, 940.0, 609.0]
[96.0, 0.0, 845.0, 562.0]
[192.0, 16.0, 942.0, 578.0]
[32.0, 16.0, 783.0, 579.0]
[256.0, 48.0, 1008.0, 612.0]
[80.0, 16.0, 833.0, 581.0]
[176.0, 16.0, 930.0, 582.0]
[224.0, 48.0, 979.0, 614.0]
[128.0, 32.0, 884.0, 599.0]
[176.0, 0.0, 933.0, 568.0]
[160.0, 64.0, 918.0, 632.0]
[192.0, 64.0, 951.0, 633.0]
[224.0, 0.0, 984.0, 570.0]
[128.0, 32.0, 889.0, 603.0]
[80.0, 0.0, 842.0, 572.0]
[192.0, 0.0, 955.0, 572.0]
[16.0, 32.0, 780.0, 605.0]
[80.0, 48.0, 845.0, 622.0]
[80.0, 0.0, 846.0, 574.0]
[128.0, 64.0, 895.0, 639.0]
[96.0, 16.0, 864.0, 592.0]
[176.0, 32.0, 945.0, 609.0]
[32.0, 0.0, 802.0, 578.0]
[176.0, 0.0, 947.0, 578.0]
[96.0, 16.0, 868.0, 595.0]
[48.0, 0.0, 821.0, 580.0]
[64.0, 64.0, 838.0, 644.0]
[208.0, 0.0, 983.0, 581.0]
[80.0, 48.0, 856.0, 630.0]
[32.0, 0.0, 809.0, 583.0]
[160.0, 48.0, 938.0, 632.0]
[240.0, 0.0, 1019.0, 584.0]
[96.0, 0.0, 876.0, 585.0]
[224.0, 16.0, 1005.0, 602.0]
[128.0, 64.0, 910.0, 650.0]
[80.0, 48.0, 863.0, 635.0]
[192.0, 48.0, 976.0, 636.0]
[192.0, 32.0, 977.0, 621.0]
[128.0, 64.0, 914.0, 654.0]
[48.0, 16.0, 835.0, 606.0]
[160.0, 64.0, 948.0, 655.0]
[16.0, 32.0, 805.0, 624.0]
[32.0, 32.0, 822.0, 624.0]
[192.0, 64.0, 983.0, 657.0]
[32.0, 16.0, 824.0, 610.0]
[32.0, 32.0, 825.0, 627.0]
[16.0, 0.0, 810.0, 596.0]
[176.0, 0.0, 971.0, 596.0]
[48.0, 0.0, 844.0, 597.0]
[160.0, 0.0, 957.0, 598.0]
[16.0, 0.0, 814.0, 598.0]
[128.0, 16.0, 927.0, 615.0]
[208.0, 16.0, 1008.0, 616.0]
[112.0, 16.0, 913.0, 617.0]
[96.0, 16.0, 898.0, 618.0]
[112.0, 48.0, 915.0, 650.0]
[144.0, 0.0, 948.0, 603.0]
[160.0, 48.0, 965.0, 652.0]
[160.0, 48.0, 966.0, 652.0]
[0.0, 32.0, 807.0, 637.0]
[96.0, 0.0, 904.0, 606.0]
[64.0, 64.0, 873.0, 671.0]
[64.0, 0.0, 874.0, 608.0]
[112.0, 32.0, 923.0, 640.0]
[128.0, 0.0, 940.0, 609.0]
[80.0, 32.0, 893.0, 642.0]
[144.0, 64.0, 958.0, 674.0]
[80.0, 64.0, 895.0, 675.0]
[128.0, 64.0, 944.0, 676.0]
[160.0, 48.0, 977.0, 661.0]
[128.0, 32.0, 946.0, 646.0]
[32.0, 16.0, 851.0, 630.0]
[128.0, 16.0, 948.0, 631.0]
[176.0, 64.0, 997.0, 680.0]
[128.0, 16.0, 950.0, 632.0]
[32.0, 32.0, 855.0, 649.0]
[48.0, 64.0, 872.0, 682.0]
[80.0, 48.0, 905.0, 667.0]
[176.0, 16.0, 1002.0, 636.0]
[160.0, 48.0, 987.0, 668.0]
[176.0, 16.0, 1004.0, 637.0]
[48.0, 48.0, 877.0, 670.0]
[192.0, 0.0, 1022.0, 622.0]
[0.0, 48.0, 831.0, 671.0]
[96.0, 48.0, 928.0, 672.0]
[128.0, 48.0, 961.0, 673.0]
[80.0, 16.0, 914.0, 642.0]
[16.0, 0.0, 851.0, 626.0]
[64.0, 0.0, 900.0, 627.0]
[48.0, 0.0, 885.0, 628.0]
[64.0, 16.0, 902.0, 644.0]
[80.0, 0.0, 919.0, 629.0]
[144.0, 32.0, 984.0, 662.0]
[176.0, 32.0, 1017.0, 663.0]
[80.0, 48.0, 922.0, 680.0]
[144.0, 32.0, 987.0, 664.0]
[64.0, 48.0, 908.0, 681.0]
[96.0, 16.0, 941.0, 650.0]
[0.0, 0.0, 846.0, 634.0]
[80.0, 32.0, 927.0, 667.0]
[80.0, 16.0, 928.0, 652.0]
[16.0, 0.0, 865.0, 637.0]
[0.0, 32.0, 850.0, 670.0]
[80.0, 32.0, 931.0, 670.0]
[0.0, 16.0, 852.0, 655.0]
[0.0, 16.0, 853.0, 656.0]
[0.0, 0.0, 854.0, 640.0]
[128.0, 32.0, 983.0, 673.0]
[96.0, 0.0, 952.0, 642.0]
[96.0, 0.0, 953.0, 643.0]
[96.0, 0.0, 954.0, 644.0]
[64.0, 0.0, 923.0, 644.0]
[32.0, 16.0, 892.0, 661.0]
[0.0, 0.0, 861.0, 646.0]
[0.0, 16.0, 862.0, 662.0]
[64.0, 0.0, 927.0, 647.0]
[144.0, 0.0, 1008.0, 648.0]
[80.0, 0.0, 945.0, 649.0]
[112.0, 32.0, 978.0, 682.0]
[48.0, 0.0, 915.0, 650.0]
[32.0, 32.0, 900.0, 683.0]
[80.0, 0.0, 949.0, 652.0]
[32.0, 0.0, 902.0, 652.0]
[112.0, 16.0, 983.0, 669.0]
[16.0, 0.0, 888.0, 654.0]
[128.0, 0.0, 1001.0, 655.0]
[96.0, 0.0, 970.0, 656.0]
[0.0, 16.0, 875.0, 672.0]
[64.0, 16.0, 940.0, 673.0]
[16.0, 0.0, 893.0, 658.0]
[80.0, 16.0, 958.0, 674.0]
[16.0, 0.0, 895.0, 659.0]
[32.0, 16.0, 912.0, 676.0]
[80.0, 16.0, 961.0, 677.0]
[48.0, 16.0, 930.0, 678.0]
[80.0, 0.0, 963.0, 662.0]
[64.0, 0.0, 948.0, 663.0]
[128.0, 0.0, 1013.0, 664.0]
[128.0, 16.0, 1014.0, 680.0]
[16.0, 0.0, 903.0, 665.0]
[96.0, 0.0, 984.0, 666.0]
[32.0, 16.0, 921.0, 683.0]
[48.0, 0.0, 938.0, 668.0]
[96.0, 0.0, 987.0, 668.0]
[48.0, 0.0, 940.0, 669.0]
[64.0, 0.0, 957.0, 670.0]
[96.0, 0.0, 990.0, 670.0]
[48.0, 0.0, 943.0, 671.0]
[48.0, 0.0, 944.0, 672.0]
[48.0, 0.0, 945.0, 673.0]
[80.0, 0.0, 978.0, 674.0]
[48.0, 0.0, 947.0, 674.0]
[96.0, 0.0, 996.0, 675.0]
[112.0, 0.0, 1013.0, 676.0]
[32.0, 0.0, 934.0, 676.0]
[48.0, 0.0, 951.0, 677.0]
[96.0, 0.0, 1000.0, 678.0]
[48.0, 0.0, 953.0, 679.0]
[48.0, 0.0, 954.0, 680.0]
[0.0, 0.0, 907.0, 680.0]
[32.0, 0.0, 940.0, 681.0]
[16.0, 0.0, 925.0, 682.0]
[64.0, 0.0, 974.0, 682.0]
[112.0, 0.0, 1023.0, 683.0]
