[176.0, 128.0, 893.0, 666.0]
[96.0, 112.0, 814.0, 650.0]
[144.0, 144.0, 863.0, 683.0]
[96.0, 112.0, 816.0, 652.0]
[112.0, 48.0, 833.0, 589.0]
[160.0, 112.0, 882.0, 654.0]
[16.0, 128.0, 739.0, 670.0]
[112.0, 48.0, 836.0, 591.0]
[96.0, 112.0, 821.0, 656.0]
[176.0, 112.0, 902.0, 656.0]
[160.0, 128.0, 887.0, 673.0]
[112.0, 80.0, 840.0, 626.0]
[176.0, 96.0, 905.0, 643.0]
[96.0, 112.0, 826.0, 660.0]
[112.0, 128.0, 843.0, 676.0]
[112.0, 112.0, 844.0, 661.0]
[48.0, 128.0, 781.0, 678.0]
[64.0, 80.0, 798.0, 630.0]
[0.0, 112.0, 735.0, 663.0]
[80.0, 48.0, 816.0, 600.0]
[192.0, 96.0, 929.0, 649.0]
[16.0, 96.0, 754.0, 650.0]
[144.0, 128.0, 883.0, 682.0]
[64.0, 96.0, 804.0, 651.0]
[192.0, 112.0, 933.0, 668.0]
[48.0, 112.0, 790.0, 668.0]
[48.0, 80.0, 791.0, 637.0]
[32.0, 96.0, 776.0, 654.0]
[32.0, 112.0, 777.0, 671.0]
[112.0, 80.0, 858.0, 640.0]
[96.0, 80.0, 843.0, 640.0]
[80.0, 80.0, 828.0, 641.0]
[32.0, 96.0, 781.0, 658.0]
[176.0, 96.0, 926.0, 658.0]
[32.0, 96.0, 783.0, 659.0]
[176.0, 96.0, 928.0, 660.0]
[96.0, 48.0, 849.0, 613.0]
[16.0, 80.0, 770.0, 646.0]
[32.0, 80.0, 787.0, 646.0]
[16.0, 112.0, 772.0, 679.0]
[144.0, 64.0, 901.0, 632.0]
[128.0, 64.0, 886.0, 632.0]
[112.0, 80.0, 871.0, 649.0]
[0.0, 96.0, 760.0, 666.0]
[80.0, 80.0, 841.0, 651.0]
[112.0, 64.0, 874.0, 636.0]
[48.0, 48.0, 811.0, 620.0]
[96.0, 80.0, 860.0, 653.0]
[16.0, 96.0, 781.0, 670.0]
[80.0, 48.0, 846.0, 622.0]
[48.0, 80.0, 815.0, 655.0]
[80.0, 80.0, 848.0, 656.0]
[32.0, 80.0, 801.0, 657.0]
[128.0, 64.0, 898.0, 642.0]
[64.0, 80.0, 835.0, 658.0]
[16.0, 64.0, 788.0, 643.0]
[80.0, 64.0, 853.0, 644.0]
[80.0, 80.0, 854.0, 660.0]
[160.0, 80.0, 935.0, 661.0]
[32.0, 96.0, 808.0, 678.0]
[96.0, 96.0, 873.0, 679.0]
[0.0, 96.0, 778.0, 680.0]
[96.0, 80.0, 875.0, 664.0]
[112.0, 96.0, 892.0, 681.0]
[144.0, 64.0, 925.0, 650.0]
[128.0, 48.0, 910.0, 634.0]
[48.0, 64.0, 831.0, 651.0]
[96.0, 64.0, 880.0, 652.0]
[80.0, 80.0, 865.0, 669.0]
[64.0, 80.0, 850.0, 670.0]
[80.0, 80.0, 867.0, 670.0]
[128.0, 80.0, 916.0, 671.0]
[144.0, 80.0, 933.0, 672.0]
[112.0, 80.0, 902.0, 672.0]
[96.0, 64.0, 887.0, 657.0]
[128.0, 80.0, 920.0, 674.0]
[16.0, 80.0, 809.0, 675.0]
[16.0, 48.0, 810.0, 644.0]
[128.0, 64.0, 923.0, 660.0]
[64.0, 80.0, 860.0, 677.0]
[48.0, 64.0, 845.0, 662.0]
[144.0, 64.0, 942.0, 662.0]
[112.0, 48.0, 911.0, 647.0]
[16.0, 64.0, 816.0, 664.0]
[48.0, 48.0, 849.0, 649.0]
[80.0, 48.0, 882.0, 650.0]
[96.0, 48.0, 899.0, 650.0]
[64.0, 80.0, 868.0, 683.0]
[32.0, 64.0, 837.0, 668.0]
[80.0, 48.0, 886.0, 652.0]
[96.0, 48.0, 903.0, 653.0]
[48.0, 48.0, 856.0, 654.0]
[112.0, 64.0, 921.0, 671.0]
[48.0, 48.0, 858.0, 656.0]
[0.0, 48.0, 811.0, 656.0]
[96.0, 64.0, 908.0, 673.0]
[32.0, 64.0, 845.0, 674.0]
[96.0, 48.0, 910.0, 658.0]
[128.0, 48.0, 943.0, 659.0]
[96.0, 48.0, 912.0, 660.0]
