[48.0, 240.0, 586.0, 957.0]
[32.0, 160.0, 570.0, 878.0]
[48.0, 48.0, 587.0, 767.0]
[48.0, 208.0, 588.0, 928.0]
[48.0, 48.0, 589.0, 769.0]
[48.0, 32.0, 590.0, 754.0]
[16.0, 208.0, 558.0, 931.0]
[48.0, 112.0, 591.0, 836.0]
[16.0, 112.0, 560.0, 837.0]
[48.0, 128.0, 592.0, 854.0]
[32.0, 128.0, 577.0, 855.0]
[16.0, 208.0, 562.0, 936.0]
[32.0, 96.0, 579.0, 825.0]
[48.0, 176.0, 596.0, 906.0]
[16.0, 48.0, 564.0, 779.0]
[48.0, 176.0, 597.0, 908.0]
[48.0, 48.0, 598.0, 781.0]
[16.0, 144.0, 566.0, 878.0]
[16.0, 64.0, 567.0, 799.0]
[48.0, 32.0, 600.0, 768.0]
[16.0, 256.0, 569.0, 993.0]
[32.0, 48.0, 586.0, 786.0]
[32.0, 144.0, 586.0, 883.0]
[48.0, 96.0, 603.0, 836.0]
[64.0, 64.0, 620.0, 805.0]
[0.0, 192.0, 556.0, 934.0]
[64.0, 112.0, 621.0, 855.0]
[16.0, 64.0, 574.0, 808.0]
[64.0, 160.0, 623.0, 905.0]
[0.0, 192.0, 560.0, 938.0]
[16.0, 160.0, 576.0, 907.0]
[32.0, 16.0, 593.0, 764.0]
[64.0, 32.0, 626.0, 781.0]
[0.0, 160.0, 562.0, 910.0]
[16.0, 224.0, 579.0, 975.0]
[0.0, 192.0, 564.0, 944.0]
[0.0, 128.0, 565.0, 881.0]
[16.0, 160.0, 582.0, 914.0]
[32.0, 160.0, 598.0, 915.0]
[64.0, 80.0, 631.0, 836.0]
[32.0, 160.0, 600.0, 917.0]
[16.0, 224.0, 584.0, 982.0]
[48.0, 144.0, 617.0, 903.0]
[48.0, 240.0, 618.0, 1000.0]
[64.0, 96.0, 635.0, 857.0]
[16.0, 208.0, 588.0, 970.0]
[32.0, 112.0, 604.0, 875.0]
[32.0, 192.0, 605.0, 956.0]
[64.0, 144.0, 638.0, 909.0]
[0.0, 192.0, 574.0, 958.0]
[64.0, 96.0, 639.0, 863.0]
[16.0, 240.0, 592.0, 1008.0]
[48.0, 16.0, 625.0, 785.0]
[0.0, 80.0, 578.0, 850.0]
[32.0, 240.0, 610.0, 1011.0]
[48.0, 176.0, 627.0, 948.0]
[16.0, 0.0, 596.0, 773.0]
[0.0, 16.0, 580.0, 790.0]
[0.0, 176.0, 581.0, 951.0]
[32.0, 80.0, 614.0, 856.0]
[64.0, 64.0, 647.0, 841.0]
[0.0, 80.0, 584.0, 858.0]
[0.0, 176.0, 584.0, 955.0]
[16.0, 208.0, 601.0, 988.0]
[16.0, 192.0, 602.0, 973.0]
[0.0, 208.0, 586.0, 990.0]
[64.0, 48.0, 651.0, 831.0]
[64.0, 128.0, 652.0, 912.0]
[16.0, 64.0, 605.0, 849.0]
[32.0, 128.0, 622.0, 914.0]
[16.0, 128.0, 606.0, 915.0]
[64.0, 160.0, 655.0, 948.0]
[48.0, 160.0, 640.0, 949.0]
[32.0, 176.0, 624.0, 966.0]
[64.0, 112.0, 657.0, 903.0]
[32.0, 160.0, 626.0, 952.0]
[48.0, 96.0, 643.0, 889.0]
[32.0, 144.0, 628.0, 938.0]
[16.0, 0.0, 612.0, 795.0]
[48.0, 176.0, 645.0, 972.0]
[16.0, 96.0, 614.0, 893.0]
[64.0, 64.0, 662.0, 862.0]
[64.0, 64.0, 663.0, 863.0]
[48.0, 128.0, 648.0, 928.0]
[32.0, 96.0, 633.0, 897.0]
[32.0, 48.0, 634.0, 850.0]
[32.0, 144.0, 634.0, 947.0]
[48.0, 128.0, 651.0, 932.0]
[32.0, 0.0, 636.0, 805.0]
[0.0, 208.0, 604.0, 1014.0]
[0.0, 48.0, 605.0, 855.0]
[16.0, 176.0, 622.0, 984.0]
[16.0, 96.0, 623.0, 905.0]
[64.0, 144.0, 672.0, 954.0]
[48.0, 208.0, 656.0, 1019.0]
[64.0, 80.0, 673.0, 892.0]
[32.0, 144.0, 642.0, 957.0]
[16.0, 0.0, 626.0, 814.0]
[32.0, 176.0, 643.0, 991.0]
[64.0, 80.0, 676.0, 896.0]
[32.0, 176.0, 645.0, 993.0]
[48.0, 0.0, 662.0, 818.0]
[48.0, 160.0, 662.0, 979.0]
[16.0, 192.0, 631.0, 1012.0]
[48.0, 48.0, 664.0, 869.0]
[16.0, 80.0, 632.0, 902.0]
[48.0, 128.0, 665.0, 951.0]
[16.0, 48.0, 634.0, 872.0]
[48.0, 80.0, 667.0, 905.0]
[48.0, 32.0, 668.0, 858.0]
[64.0, 128.0, 684.0, 955.0]
[32.0, 112.0, 653.0, 940.0]
[48.0, 0.0, 670.0, 829.0]
[48.0, 64.0, 670.0, 894.0]
[16.0, 48.0, 639.0, 879.0]
[16.0, 160.0, 640.0, 992.0]
[16.0, 144.0, 641.0, 977.0]
[32.0, 0.0, 658.0, 834.0]
[16.0, 160.0, 642.0, 995.0]
[0.0, 96.0, 627.0, 932.0]
[32.0, 144.0, 660.0, 981.0]
[0.0, 112.0, 628.0, 950.0]
[32.0, 128.0, 661.0, 967.0]
[16.0, 64.0, 646.0, 904.0]
[32.0, 0.0, 663.0, 841.0]
[32.0, 112.0, 664.0, 954.0]
[0.0, 16.0, 632.0, 859.0]
[0.0, 112.0, 633.0, 956.0]
[48.0, 64.0, 682.0, 909.0]
[0.0, 32.0, 634.0, 878.0]
[16.0, 32.0, 651.0, 879.0]
[32.0, 112.0, 668.0, 960.0]
[32.0, 144.0, 669.0, 993.0]
[32.0, 32.0, 670.0, 882.0]
[0.0, 48.0, 638.0, 899.0]
[16.0, 144.0, 655.0, 996.0]
[16.0, 144.0, 656.0, 997.0]
[32.0, 16.0, 672.0, 870.0]
[0.0, 112.0, 641.0, 967.0]
[16.0, 96.0, 658.0, 952.0]
[16.0, 48.0, 659.0, 905.0]
[0.0, 64.0, 644.0, 922.0]
[0.0, 0.0, 644.0, 859.0]
[16.0, 0.0, 661.0, 860.0]
[0.0, 128.0, 646.0, 989.0]
[16.0, 48.0, 662.0, 910.0]
[0.0, 112.0, 647.0, 975.0]
[16.0, 64.0, 664.0, 928.0]
[16.0, 80.0, 665.0, 945.0]
[32.0, 32.0, 682.0, 898.0]
[0.0, 96.0, 650.0, 963.0]
[0.0, 48.0, 651.0, 916.0]
[16.0, 16.0, 668.0, 885.0]
[0.0, 64.0, 652.0, 934.0]
[0.0, 112.0, 653.0, 983.0]
[0.0, 32.0, 654.0, 904.0]
[0.0, 48.0, 655.0, 921.0]
[0.0, 96.0, 656.0, 970.0]
[0.0, 96.0, 656.0, 971.0]
[16.0, 48.0, 673.0, 924.0]
[0.0, 32.0, 658.0, 909.0]
[0.0, 48.0, 658.0, 926.0]
[0.0, 0.0, 659.0, 879.0]
[0.0, 64.0, 660.0, 944.0]
[0.0, 64.0, 661.0, 945.0]
[0.0, 112.0, 662.0, 994.0]
[16.0, 96.0, 678.0, 979.0]
[0.0, 32.0, 663.0, 916.0]
[16.0, 96.0, 680.0, 981.0]
[16.0, 80.0, 680.0, 966.0]
[0.0, 96.0, 665.0, 983.0]
[16.0, 80.0, 682.0, 968.0]
[0.0, 32.0, 667.0, 921.0]
[0.0, 0.0, 668.0, 890.0]
[16.0, 48.0, 684.0, 939.0]
[0.0, 0.0, 669.0, 892.0]
[0.0, 32.0, 670.0, 925.0]
[0.0, 64.0, 670.0, 958.0]
[0.0, 128.0, 671.0, 1023.0]
[0.0, 0.0, 672.0, 896.0]
[0.0, 80.0, 673.0, 977.0]
[0.0, 64.0, 674.0, 962.0]
[0.0, 112.0, 674.0, 1011.0]
[0.0, 48.0, 675.0, 948.0]
[0.0, 0.0, 676.0, 901.0]
[0.0, 112.0, 676.0, 1014.0]
[0.0, 96.0, 677.0, 999.0]
[0.0, 64.0, 678.0, 968.0]
[0.0, 16.0, 679.0, 921.0]
[0.0, 16.0, 680.0, 922.0]
[0.0, 16.0, 680.0, 923.0]
[0.0, 0.0, 681.0, 908.0]
[0.0, 96.0, 682.0, 1005.0]
[0.0, 48.0, 682.0, 958.0]
[0.0, 48.0, 683.0, 959.0]
[0.0, 16.0, 684.0, 928.0]
