[208.0, 32.0, 925.0, 570.0]
[256.0, 32.0, 974.0, 570.0]
[176.0, 32.0, 895.0, 571.0]
[64.0, 48.0, 784.0, 588.0]
[80.0, 48.0, 801.0, 589.0]
[208.0, 16.0, 930.0, 558.0]
[240.0, 64.0, 963.0, 606.0]
[176.0, 16.0, 900.0, 559.0]
[256.0, 64.0, 981.0, 608.0]
[224.0, 64.0, 950.0, 608.0]
[96.0, 64.0, 823.0, 609.0]
[160.0, 64.0, 888.0, 610.0]
[128.0, 32.0, 857.0, 579.0]
[112.0, 48.0, 842.0, 596.0]
[176.0, 16.0, 907.0, 564.0]
[128.0, 32.0, 860.0, 581.0]
[80.0, 64.0, 813.0, 614.0]
[224.0, 64.0, 958.0, 614.0]
[48.0, 32.0, 783.0, 583.0]
[64.0, 64.0, 800.0, 616.0]
[208.0, 48.0, 945.0, 601.0]
[192.0, 16.0, 930.0, 570.0]
[112.0, 0.0, 851.0, 554.0]
[128.0, 64.0, 868.0, 619.0]
[96.0, 16.0, 837.0, 572.0]
[256.0, 48.0, 998.0, 604.0]
[80.0, 0.0, 823.0, 557.0]
[112.0, 48.0, 856.0, 606.0]
[112.0, 64.0, 857.0, 623.0]
[128.0, 64.0, 874.0, 624.0]
[224.0, 16.0, 971.0, 576.0]
[192.0, 64.0, 940.0, 625.0]
[224.0, 48.0, 973.0, 610.0]
[112.0, 32.0, 862.0, 594.0]
[96.0, 48.0, 847.0, 611.0]
[208.0, 48.0, 960.0, 612.0]
[176.0, 48.0, 929.0, 613.0]
[16.0, 32.0, 770.0, 598.0]
[176.0, 48.0, 931.0, 614.0]
[240.0, 0.0, 996.0, 567.0]
[64.0, 0.0, 821.0, 568.0]
[80.0, 0.0, 838.0, 568.0]
[176.0, 64.0, 935.0, 633.0]
[208.0, 0.0, 968.0, 570.0]
[32.0, 0.0, 793.0, 571.0]
[16.0, 16.0, 778.0, 588.0]
[176.0, 0.0, 939.0, 572.0]
[240.0, 16.0, 1004.0, 589.0]
[128.0, 16.0, 893.0, 590.0]
[32.0, 32.0, 798.0, 606.0]
[48.0, 16.0, 815.0, 591.0]
[256.0, 16.0, 1024.0, 592.0]
[16.0, 0.0, 785.0, 577.0]
[128.0, 16.0, 898.0, 594.0]
[208.0, 48.0, 979.0, 626.0]
[32.0, 64.0, 804.0, 643.0]
[240.0, 48.0, 1013.0, 628.0]
[0.0, 16.0, 774.0, 596.0]
[32.0, 0.0, 807.0, 581.0]
[128.0, 0.0, 904.0, 582.0]
[240.0, 16.0, 1017.0, 599.0]
[64.0, 16.0, 842.0, 600.0]
[224.0, 16.0, 1003.0, 600.0]
[240.0, 16.0, 1020.0, 601.0]
[32.0, 64.0, 813.0, 650.0]
[112.0, 64.0, 894.0, 650.0]
[80.0, 48.0, 863.0, 635.0]
[32.0, 64.0, 816.0, 652.0]
[112.0, 48.0, 897.0, 637.0]
[80.0, 16.0, 866.0, 606.0]
[32.0, 64.0, 819.0, 654.0]
[176.0, 48.0, 964.0, 639.0]
[96.0, 0.0, 885.0, 592.0]
[112.0, 32.0, 902.0, 624.0]
[224.0, 16.0, 1015.0, 609.0]
[32.0, 16.0, 824.0, 610.0]
[224.0, 0.0, 1017.0, 595.0]
[80.0, 32.0, 874.0, 628.0]
[208.0, 0.0, 1003.0, 596.0]
[16.0, 0.0, 812.0, 597.0]
[0.0, 32.0, 797.0, 630.0]
[160.0, 64.0, 958.0, 662.0]
[80.0, 32.0, 879.0, 631.0]
[224.0, 0.0, 1024.0, 600.0]
[160.0, 0.0, 961.0, 601.0]
[48.0, 16.0, 850.0, 618.0]
[144.0, 64.0, 947.0, 666.0]
[32.0, 0.0, 836.0, 603.0]
[144.0, 32.0, 949.0, 636.0]
[192.0, 0.0, 998.0, 604.0]
[144.0, 16.0, 951.0, 621.0]
[128.0, 16.0, 936.0, 622.0]
[96.0, 0.0, 905.0, 607.0]
[112.0, 64.0, 922.0, 672.0]
[112.0, 0.0, 923.0, 608.0]
[128.0, 32.0, 940.0, 641.0]
[32.0, 16.0, 845.0, 626.0]
[176.0, 0.0, 990.0, 610.0]
[32.0, 64.0, 847.0, 675.0]
[32.0, 32.0, 848.0, 644.0]
[80.0, 48.0, 897.0, 661.0]
[128.0, 0.0, 946.0, 614.0]
[32.0, 48.0, 851.0, 662.0]
[192.0, 16.0, 1012.0, 631.0]
[48.0, 32.0, 869.0, 648.0]
[64.0, 0.0, 886.0, 616.0]
[144.0, 48.0, 967.0, 665.0]
[80.0, 32.0, 904.0, 650.0]
[144.0, 0.0, 969.0, 619.0]
[32.0, 0.0, 858.0, 620.0]
[128.0, 48.0, 955.0, 668.0]
[160.0, 48.0, 988.0, 669.0]
[48.0, 48.0, 877.0, 670.0]
[112.0, 48.0, 942.0, 670.0]
[80.0, 16.0, 911.0, 639.0]
[32.0, 48.0, 864.0, 672.0]
[0.0, 32.0, 833.0, 657.0]
[80.0, 32.0, 914.0, 658.0]
[64.0, 32.0, 899.0, 658.0]
[80.0, 32.0, 916.0, 659.0]
[48.0, 32.0, 885.0, 660.0]
[160.0, 16.0, 998.0, 644.0]
[144.0, 32.0, 983.0, 661.0]
[176.0, 0.0, 1016.0, 630.0]
[160.0, 48.0, 1001.0, 679.0]
[0.0, 0.0, 842.0, 632.0]
[0.0, 0.0, 843.0, 632.0]
[0.0, 32.0, 844.0, 665.0]
[48.0, 32.0, 893.0, 666.0]
[48.0, 16.0, 894.0, 650.0]
[80.0, 16.0, 927.0, 651.0]
[144.0, 32.0, 992.0, 668.0]
[144.0, 16.0, 993.0, 653.0]
[96.0, 32.0, 946.0, 670.0]
[80.0, 0.0, 931.0, 638.0]
[32.0, 16.0, 884.0, 655.0]
[16.0, 0.0, 869.0, 640.0]
[48.0, 0.0, 902.0, 640.0]
[48.0, 0.0, 903.0, 641.0]
[32.0, 32.0, 888.0, 674.0]
[80.0, 32.0, 937.0, 675.0]
[144.0, 32.0, 1002.0, 676.0]
[112.0, 0.0, 971.0, 644.0]
[16.0, 0.0, 876.0, 645.0]
[112.0, 32.0, 973.0, 678.0]
[0.0, 16.0, 862.0, 662.0]
[128.0, 16.0, 991.0, 663.0]
[48.0, 32.0, 912.0, 680.0]
[0.0, 16.0, 865.0, 665.0]
[112.0, 0.0, 978.0, 650.0]
[48.0, 16.0, 915.0, 666.0]
[48.0, 0.0, 916.0, 651.0]
[64.0, 0.0, 933.0, 652.0]
[112.0, 0.0, 982.0, 652.0]
[112.0, 0.0, 983.0, 653.0]
[0.0, 16.0, 872.0, 670.0]
[96.0, 16.0, 969.0, 671.0]
[80.0, 16.0, 954.0, 672.0]
[96.0, 16.0, 971.0, 672.0]
[128.0, 16.0, 1004.0, 673.0]
[48.0, 0.0, 925.0, 658.0]
[80.0, 0.0, 958.0, 658.0]
[48.0, 0.0, 927.0, 659.0]
[16.0, 0.0, 896.0, 660.0]
[48.0, 16.0, 929.0, 677.0]
[112.0, 0.0, 994.0, 662.0]
[112.0, 0.0, 995.0, 662.0]
[96.0, 0.0, 980.0, 663.0]
[0.0, 0.0, 885.0, 664.0]
[128.0, 16.0, 1014.0, 680.0]
[16.0, 0.0, 903.0, 665.0]
[128.0, 0.0, 1016.0, 666.0]
[0.0, 0.0, 889.0, 667.0]
[96.0, 0.0, 986.0, 668.0]
[112.0, 0.0, 1003.0, 668.0]
[96.0, 0.0, 988.0, 669.0]
[96.0, 0.0, 989.0, 670.0]
[0.0, 0.0, 894.0, 670.0]
[96.0, 0.0, 991.0, 671.0]
[64.0, 0.0, 960.0, 672.0]
[112.0, 0.0, 1009.0, 673.0]
[16.0, 0.0, 914.0, 674.0]
[32.0, 0.0, 931.0, 674.0]
[0.0, 0.0, 900.0, 675.0]
[0.0, 0.0, 901.0, 676.0]
[112.0, 0.0, 1014.0, 676.0]
[32.0, 0.0, 935.0, 677.0]
[48.0, 0.0, 952.0, 678.0]
[80.0, 0.0, 985.0, 679.0]
[0.0, 0.0, 906.0, 680.0]
[32.0, 0.0, 939.0, 680.0]
