[192.0, 48.0, 909.0, 586.0]
[96.0, 48.0, 814.0, 586.0]
[96.0, 16.0, 815.0, 555.0]
[64.0, 64.0, 784.0, 604.0]
[32.0, 48.0, 753.0, 589.0]
[272.0, 48.0, 994.0, 590.0]
[96.0, 64.0, 819.0, 606.0]
[64.0, 32.0, 788.0, 575.0]
[80.0, 48.0, 805.0, 592.0]
[64.0, 64.0, 790.0, 608.0]
[64.0, 16.0, 791.0, 561.0]
[256.0, 64.0, 984.0, 610.0]
[144.0, 16.0, 873.0, 563.0]
[48.0, 48.0, 778.0, 596.0]
[144.0, 32.0, 875.0, 580.0]
[64.0, 64.0, 796.0, 613.0]
[256.0, 16.0, 989.0, 566.0]
[96.0, 16.0, 830.0, 566.0]
[160.0, 64.0, 895.0, 615.0]
[208.0, 64.0, 944.0, 616.0]
[208.0, 48.0, 945.0, 601.0]
[192.0, 0.0, 930.0, 554.0]
[176.0, 16.0, 915.0, 570.0]
[144.0, 64.0, 884.0, 619.0]
[208.0, 32.0, 949.0, 588.0]
[16.0, 48.0, 758.0, 604.0]
[64.0, 16.0, 807.0, 573.0]
[192.0, 16.0, 936.0, 574.0]
[240.0, 32.0, 985.0, 591.0]
[192.0, 48.0, 938.0, 608.0]
[192.0, 0.0, 939.0, 560.0]
[160.0, 48.0, 908.0, 609.0]
[128.0, 32.0, 877.0, 594.0]
[128.0, 16.0, 878.0, 578.0]
[80.0, 0.0, 831.0, 563.0]
[144.0, 0.0, 896.0, 564.0]
[192.0, 64.0, 945.0, 629.0]
[176.0, 32.0, 930.0, 598.0]
[160.0, 48.0, 915.0, 614.0]
[32.0, 16.0, 788.0, 583.0]
[32.0, 0.0, 789.0, 568.0]
[64.0, 48.0, 822.0, 616.0]
[96.0, 64.0, 855.0, 633.0]
[32.0, 32.0, 792.0, 602.0]
[128.0, 16.0, 889.0, 587.0]
[32.0, 0.0, 794.0, 572.0]
[128.0, 16.0, 891.0, 588.0]
[208.0, 32.0, 972.0, 605.0]
[240.0, 48.0, 1005.0, 622.0]
[80.0, 48.0, 846.0, 622.0]
[32.0, 48.0, 799.0, 623.0]
[240.0, 0.0, 1008.0, 576.0]
[96.0, 0.0, 865.0, 577.0]
[160.0, 32.0, 930.0, 610.0]
[0.0, 32.0, 771.0, 610.0]
[112.0, 0.0, 884.0, 579.0]
[96.0, 32.0, 869.0, 612.0]
[96.0, 32.0, 870.0, 612.0]
[176.0, 64.0, 951.0, 645.0]
[80.0, 64.0, 856.0, 646.0]
[0.0, 0.0, 777.0, 583.0]
[192.0, 64.0, 970.0, 648.0]
[112.0, 0.0, 891.0, 584.0]
[128.0, 16.0, 908.0, 601.0]
[16.0, 16.0, 797.0, 602.0]
[64.0, 16.0, 846.0, 602.0]
[128.0, 32.0, 911.0, 619.0]
[112.0, 48.0, 896.0, 636.0]
[144.0, 32.0, 929.0, 621.0]
[32.0, 48.0, 818.0, 638.0]
[64.0, 32.0, 851.0, 622.0]
[64.0, 48.0, 852.0, 639.0]
[64.0, 32.0, 853.0, 624.0]
[192.0, 0.0, 982.0, 592.0]
[112.0, 48.0, 903.0, 641.0]
[112.0, 48.0, 904.0, 642.0]
[192.0, 64.0, 985.0, 659.0]
[144.0, 48.0, 938.0, 644.0]
[176.0, 16.0, 971.0, 612.0]
[48.0, 0.0, 844.0, 597.0]
[96.0, 64.0, 893.0, 662.0]
[128.0, 64.0, 926.0, 662.0]
[112.0, 48.0, 911.0, 647.0]
[224.0, 16.0, 1024.0, 616.0]
[96.0, 0.0, 897.0, 601.0]
[80.0, 16.0, 882.0, 618.0]
[64.0, 0.0, 867.0, 602.0]
[176.0, 32.0, 980.0, 635.0]
[96.0, 64.0, 901.0, 668.0]
[176.0, 16.0, 982.0, 620.0]
[48.0, 48.0, 855.0, 653.0]
[192.0, 32.0, 1000.0, 638.0]
[96.0, 64.0, 905.0, 671.0]
[64.0, 32.0, 874.0, 640.0]
[48.0, 32.0, 859.0, 640.0]
[112.0, 0.0, 924.0, 609.0]
[64.0, 0.0, 877.0, 610.0]
[160.0, 0.0, 974.0, 610.0]
[48.0, 32.0, 863.0, 643.0]
[96.0, 48.0, 912.0, 660.0]
[32.0, 16.0, 849.0, 629.0]
[32.0, 48.0, 850.0, 662.0]
[176.0, 16.0, 995.0, 630.0]
[128.0, 64.0, 948.0, 679.0]
[112.0, 16.0, 933.0, 632.0]
[16.0, 48.0, 838.0, 664.0]
[80.0, 16.0, 903.0, 633.0]
[112.0, 0.0, 936.0, 618.0]
[32.0, 0.0, 857.0, 619.0]
[160.0, 48.0, 986.0, 668.0]
[16.0, 32.0, 843.0, 652.0]
[96.0, 32.0, 924.0, 653.0]
[112.0, 0.0, 941.0, 622.0]
[160.0, 48.0, 990.0, 670.0]
[112.0, 48.0, 943.0, 671.0]
[144.0, 16.0, 976.0, 640.0]
[32.0, 16.0, 865.0, 641.0]
[48.0, 16.0, 882.0, 642.0]
[96.0, 32.0, 931.0, 658.0]
[96.0, 0.0, 932.0, 627.0]
[32.0, 0.0, 869.0, 628.0]
[32.0, 16.0, 870.0, 644.0]
[0.0, 32.0, 839.0, 661.0]
[144.0, 0.0, 984.0, 630.0]
[144.0, 0.0, 985.0, 631.0]
[48.0, 0.0, 890.0, 632.0]
[80.0, 16.0, 923.0, 648.0]
[112.0, 16.0, 956.0, 649.0]
[48.0, 32.0, 893.0, 666.0]
[112.0, 32.0, 958.0, 666.0]
[128.0, 16.0, 975.0, 651.0]
[96.0, 32.0, 944.0, 668.0]
[80.0, 16.0, 929.0, 653.0]
[112.0, 32.0, 962.0, 670.0]
[32.0, 32.0, 883.0, 670.0]
[0.0, 16.0, 852.0, 655.0]
[160.0, 0.0, 1013.0, 640.0]
[96.0, 0.0, 950.0, 640.0]
[32.0, 16.0, 887.0, 657.0]
[32.0, 16.0, 888.0, 658.0]
[160.0, 16.0, 1017.0, 659.0]
[16.0, 0.0, 874.0, 644.0]
[0.0, 32.0, 859.0, 676.0]
[0.0, 0.0, 860.0, 645.0]
[64.0, 0.0, 925.0, 646.0]
[48.0, 16.0, 910.0, 662.0]
[32.0, 16.0, 895.0, 663.0]
[64.0, 0.0, 928.0, 648.0]
[48.0, 0.0, 913.0, 649.0]
[16.0, 0.0, 882.0, 650.0]
[80.0, 0.0, 947.0, 650.0]
[64.0, 16.0, 932.0, 667.0]
[128.0, 0.0, 997.0, 652.0]
[112.0, 16.0, 982.0, 668.0]
[128.0, 16.0, 999.0, 669.0]
[112.0, 0.0, 984.0, 654.0]
[144.0, 16.0, 1017.0, 671.0]
[32.0, 16.0, 906.0, 672.0]
[64.0, 0.0, 939.0, 656.0]
[16.0, 0.0, 892.0, 657.0]
[112.0, 16.0, 989.0, 674.0]
[128.0, 0.0, 1006.0, 658.0]
[16.0, 16.0, 895.0, 675.0]
[144.0, 0.0, 1024.0, 660.0]
[112.0, 16.0, 993.0, 677.0]
[96.0, 16.0, 978.0, 678.0]
[80.0, 16.0, 963.0, 678.0]
[112.0, 0.0, 996.0, 663.0]
[48.0, 0.0, 933.0, 664.0]
[64.0, 0.0, 950.0, 664.0]
[128.0, 0.0, 1015.0, 665.0]
[128.0, 0.0, 1016.0, 666.0]
[80.0, 0.0, 969.0, 667.0]
[0.0, 0.0, 890.0, 668.0]
[16.0, 0.0, 907.0, 668.0]
[32.0, 0.0, 924.0, 669.0]
[32.0, 0.0, 925.0, 670.0]
[16.0, 0.0, 910.0, 670.0]
[128.0, 0.0, 1023.0, 671.0]
[16.0, 0.0, 912.0, 672.0]
[112.0, 0.0, 1009.0, 673.0]
[16.0, 0.0, 914.0, 674.0]
[48.0, 0.0, 947.0, 674.0]
[64.0, 0.0, 964.0, 675.0]
[64.0, 0.0, 965.0, 676.0]
[96.0, 0.0, 998.0, 676.0]
[96.0, 0.0, 999.0, 677.0]
[64.0, 0.0, 968.0, 678.0]
[48.0, 0.0, 953.0, 679.0]
