[112.0, 96.0, 829.0, 634.0]
[128.0, 80.0, 846.0, 618.0]
[32.0, 96.0, 751.0, 635.0]
[128.0, 64.0, 848.0, 604.0]
[64.0, 128.0, 785.0, 669.0]
[80.0, 64.0, 802.0, 606.0]
[80.0, 96.0, 803.0, 638.0]
[112.0, 96.0, 836.0, 639.0]
[32.0, 80.0, 757.0, 624.0]
[32.0, 80.0, 758.0, 624.0]
[176.0, 64.0, 903.0, 609.0]
[80.0, 80.0, 808.0, 626.0]
[64.0, 64.0, 793.0, 611.0]
[112.0, 128.0, 842.0, 676.0]
[96.0, 128.0, 827.0, 676.0]
[112.0, 64.0, 844.0, 613.0]
[112.0, 96.0, 845.0, 646.0]
[128.0, 112.0, 862.0, 662.0]
[96.0, 64.0, 831.0, 615.0]
[112.0, 112.0, 848.0, 664.0]
[112.0, 128.0, 849.0, 681.0]
[160.0, 48.0, 898.0, 602.0]
[112.0, 96.0, 851.0, 650.0]
[48.0, 96.0, 788.0, 651.0]
[48.0, 112.0, 789.0, 668.0]
[48.0, 64.0, 790.0, 620.0]
[128.0, 64.0, 871.0, 621.0]
[64.0, 80.0, 808.0, 638.0]
[48.0, 96.0, 793.0, 655.0]
[160.0, 64.0, 906.0, 624.0]
[48.0, 80.0, 795.0, 640.0]
[144.0, 48.0, 892.0, 609.0]
[144.0, 112.0, 893.0, 674.0]
[32.0, 32.0, 782.0, 594.0]
[128.0, 96.0, 879.0, 659.0]
[96.0, 48.0, 848.0, 612.0]
[96.0, 64.0, 849.0, 629.0]
[112.0, 112.0, 866.0, 678.0]
[64.0, 96.0, 819.0, 662.0]
[48.0, 80.0, 804.0, 647.0]
[128.0, 80.0, 885.0, 648.0]
[48.0, 48.0, 806.0, 616.0]
[144.0, 48.0, 903.0, 617.0]
[48.0, 32.0, 808.0, 602.0]
[64.0, 64.0, 825.0, 635.0]
[112.0, 80.0, 874.0, 652.0]
[64.0, 32.0, 827.0, 604.0]
[96.0, 64.0, 860.0, 637.0]
[128.0, 48.0, 893.0, 622.0]
[112.0, 16.0, 878.0, 590.0]
[144.0, 48.0, 911.0, 623.0]
[48.0, 48.0, 816.0, 624.0]
[80.0, 32.0, 849.0, 609.0]
[32.0, 80.0, 802.0, 658.0]
[48.0, 32.0, 819.0, 610.0]
[96.0, 96.0, 868.0, 675.0]
[48.0, 80.0, 821.0, 660.0]
[48.0, 48.0, 822.0, 628.0]
[64.0, 16.0, 839.0, 597.0]
[128.0, 32.0, 904.0, 614.0]
[128.0, 16.0, 905.0, 599.0]
[128.0, 96.0, 906.0, 680.0]
[48.0, 16.0, 827.0, 600.0]
[112.0, 32.0, 892.0, 617.0]
[128.0, 32.0, 909.0, 618.0]
[32.0, 48.0, 814.0, 634.0]
[80.0, 16.0, 863.0, 603.0]
[32.0, 16.0, 816.0, 604.0]
[80.0, 0.0, 865.0, 589.0]
[48.0, 48.0, 834.0, 638.0]
[112.0, 64.0, 899.0, 654.0]
[64.0, 64.0, 852.0, 655.0]
[80.0, 64.0, 869.0, 656.0]
[48.0, 80.0, 838.0, 672.0]
[80.0, 16.0, 871.0, 609.0]
[96.0, 80.0, 888.0, 674.0]
[112.0, 64.0, 905.0, 659.0]
[32.0, 80.0, 826.0, 676.0]
[96.0, 32.0, 891.0, 628.0]
[48.0, 0.0, 844.0, 597.0]
[48.0, 32.0, 845.0, 630.0]
[96.0, 64.0, 894.0, 662.0]
[80.0, 48.0, 879.0, 647.0]
[80.0, 48.0, 880.0, 648.0]
[48.0, 32.0, 849.0, 633.0]
[64.0, 32.0, 866.0, 634.0]
[96.0, 0.0, 899.0, 602.0]
[96.0, 80.0, 900.0, 683.0]
[64.0, 0.0, 869.0, 604.0]
[48.0, 48.0, 854.0, 652.0]
[64.0, 32.0, 871.0, 637.0]
[32.0, 32.0, 840.0, 638.0]
[96.0, 16.0, 905.0, 623.0]
[64.0, 32.0, 874.0, 640.0]
[64.0, 64.0, 875.0, 672.0]
[32.0, 48.0, 844.0, 657.0]
[48.0, 0.0, 861.0, 610.0]
[96.0, 0.0, 910.0, 610.0]
[80.0, 64.0, 895.0, 675.0]
[48.0, 0.0, 864.0, 612.0]
[64.0, 16.0, 881.0, 629.0]
[48.0, 32.0, 866.0, 646.0]
[48.0, 16.0, 867.0, 630.0]
[80.0, 0.0, 900.0, 615.0]
[48.0, 64.0, 869.0, 680.0]
[32.0, 48.0, 854.0, 664.0]
[32.0, 32.0, 855.0, 649.0]
[32.0, 32.0, 856.0, 650.0]
[64.0, 16.0, 889.0, 635.0]
[32.0, 0.0, 858.0, 620.0]
[48.0, 32.0, 875.0, 652.0]
[80.0, 16.0, 908.0, 637.0]
[48.0, 16.0, 877.0, 638.0]
[32.0, 16.0, 862.0, 638.0]
[48.0, 0.0, 879.0, 623.0]
[48.0, 16.0, 880.0, 640.0]
[32.0, 48.0, 865.0, 673.0]
[64.0, 32.0, 898.0, 658.0]
[64.0, 32.0, 899.0, 658.0]
[32.0, 0.0, 868.0, 627.0]
[48.0, 48.0, 885.0, 676.0]
[48.0, 16.0, 886.0, 644.0]
[64.0, 32.0, 903.0, 661.0]
[64.0, 0.0, 904.0, 630.0]
[64.0, 48.0, 905.0, 679.0]
[48.0, 16.0, 890.0, 648.0]
[48.0, 0.0, 891.0, 632.0]
[48.0, 32.0, 892.0, 665.0]
[48.0, 0.0, 893.0, 634.0]
[48.0, 0.0, 894.0, 634.0]
[48.0, 16.0, 895.0, 651.0]
[48.0, 16.0, 896.0, 652.0]
[48.0, 16.0, 897.0, 653.0]
[48.0, 0.0, 898.0, 638.0]
[48.0, 16.0, 899.0, 654.0]
[48.0, 32.0, 900.0, 671.0]
[48.0, 32.0, 901.0, 672.0]
[48.0, 32.0, 902.0, 672.0]
[48.0, 32.0, 903.0, 673.0]
[48.0, 32.0, 904.0, 674.0]
