[64.0, 0.0, 781.0, 538.0]
[96.0, 32.0, 814.0, 570.0]
[32.0, 0.0, 751.0, 539.0]
[240.0, 16.0, 960.0, 556.0]
[240.0, 16.0, 961.0, 557.0]
[32.0, 16.0, 754.0, 558.0]
[256.0, 0.0, 979.0, 542.0]
[272.0, 32.0, 996.0, 575.0]
[144.0, 16.0, 869.0, 560.0]
[96.0, 0.0, 822.0, 544.0]
[128.0, 0.0, 855.0, 545.0]
[256.0, 0.0, 984.0, 546.0]
[240.0, 32.0, 969.0, 579.0]
[128.0, 0.0, 858.0, 548.0]
[160.0, 32.0, 891.0, 580.0]
[192.0, 0.0, 924.0, 549.0]
[256.0, 0.0, 989.0, 550.0]
[32.0, 16.0, 766.0, 566.0]
[224.0, 32.0, 959.0, 583.0]
[32.0, 0.0, 768.0, 552.0]
[192.0, 16.0, 929.0, 569.0]
[144.0, 32.0, 882.0, 586.0]
[192.0, 0.0, 931.0, 554.0]
[80.0, 16.0, 820.0, 571.0]
[192.0, 16.0, 933.0, 572.0]
[240.0, 32.0, 982.0, 588.0]
[48.0, 0.0, 791.0, 557.0]
[32.0, 16.0, 776.0, 574.0]
[64.0, 32.0, 809.0, 591.0]
[32.0, 0.0, 778.0, 560.0]
[192.0, 16.0, 939.0, 576.0]
[112.0, 16.0, 860.0, 577.0]
[256.0, 16.0, 1005.0, 578.0]
[224.0, 0.0, 974.0, 562.0]
[96.0, 32.0, 847.0, 595.0]
[112.0, 16.0, 864.0, 580.0]
[128.0, 32.0, 881.0, 597.0]
[112.0, 0.0, 866.0, 566.0]
[48.0, 32.0, 803.0, 598.0]
[144.0, 16.0, 900.0, 583.0]
[64.0, 32.0, 821.0, 600.0]
[160.0, 0.0, 918.0, 568.0]
[224.0, 16.0, 983.0, 585.0]
[64.0, 16.0, 824.0, 586.0]
[96.0, 32.0, 857.0, 603.0]
[160.0, 32.0, 922.0, 604.0]
[48.0, 0.0, 811.0, 572.0]
[224.0, 16.0, 988.0, 589.0]
[80.0, 0.0, 845.0, 574.0]
[160.0, 0.0, 926.0, 574.0]
[32.0, 16.0, 799.0, 591.0]
[128.0, 32.0, 896.0, 608.0]
[160.0, 0.0, 929.0, 577.0]
[32.0, 32.0, 802.0, 610.0]
[208.0, 0.0, 979.0, 578.0]
[96.0, 0.0, 868.0, 579.0]
[32.0, 32.0, 805.0, 612.0]
[128.0, 32.0, 902.0, 612.0]
[144.0, 32.0, 919.0, 613.0]
[80.0, 16.0, 856.0, 598.0]
[80.0, 32.0, 857.0, 615.0]
[192.0, 0.0, 970.0, 584.0]
[176.0, 0.0, 955.0, 584.0]
[16.0, 0.0, 796.0, 585.0]
[32.0, 32.0, 813.0, 618.0]
[64.0, 32.0, 846.0, 618.0]
[192.0, 0.0, 975.0, 587.0]
[48.0, 0.0, 832.0, 588.0]
[80.0, 32.0, 865.0, 621.0]
[176.0, 16.0, 962.0, 606.0]
[176.0, 16.0, 963.0, 606.0]
[160.0, 0.0, 948.0, 591.0]
[48.0, 16.0, 837.0, 608.0]
[96.0, 16.0, 886.0, 608.0]
[208.0, 16.0, 999.0, 609.0]
[144.0, 16.0, 936.0, 610.0]
[128.0, 16.0, 921.0, 611.0]
[176.0, 32.0, 970.0, 628.0]
[16.0, 0.0, 811.0, 596.0]
[192.0, 32.0, 988.0, 629.0]
[144.0, 0.0, 941.0, 598.0]
[32.0, 0.0, 830.0, 598.0]
[192.0, 32.0, 991.0, 631.0]
[96.0, 0.0, 896.0, 600.0]
[96.0, 0.0, 897.0, 601.0]
[112.0, 0.0, 914.0, 602.0]
[144.0, 16.0, 947.0, 618.0]
[48.0, 16.0, 852.0, 619.0]
[96.0, 32.0, 901.0, 636.0]
[160.0, 0.0, 966.0, 604.0]
[64.0, 32.0, 871.0, 637.0]
[176.0, 0.0, 984.0, 606.0]
[80.0, 16.0, 889.0, 623.0]
[96.0, 0.0, 906.0, 608.0]
[128.0, 0.0, 939.0, 608.0]
[80.0, 16.0, 892.0, 625.0]
[128.0, 0.0, 941.0, 610.0]
[80.0, 16.0, 894.0, 626.0]
[96.0, 16.0, 911.0, 627.0]
[48.0, 0.0, 864.0, 612.0]
[112.0, 32.0, 929.0, 645.0]
[80.0, 0.0, 898.0, 614.0]
[64.0, 32.0, 883.0, 646.0]
[96.0, 0.0, 916.0, 615.0]
[96.0, 16.0, 917.0, 632.0]
[64.0, 32.0, 886.0, 648.0]
[128.0, 32.0, 951.0, 649.0]
[128.0, 0.0, 952.0, 618.0]
[80.0, 32.0, 905.0, 651.0]
[176.0, 0.0, 1002.0, 620.0]
[80.0, 16.0, 907.0, 636.0]
[128.0, 32.0, 956.0, 653.0]
[176.0, 16.0, 1005.0, 638.0]
[176.0, 16.0, 1006.0, 638.0]
[144.0, 16.0, 975.0, 639.0]
[32.0, 0.0, 864.0, 624.0]
[128.0, 16.0, 961.0, 641.0]
[144.0, 32.0, 978.0, 658.0]
[32.0, 16.0, 867.0, 642.0]
[96.0, 16.0, 932.0, 643.0]
[112.0, 0.0, 949.0, 628.0]
[96.0, 16.0, 934.0, 644.0]
[16.0, 0.0, 855.0, 629.0]
[112.0, 16.0, 952.0, 646.0]
[80.0, 16.0, 921.0, 647.0]
[32.0, 16.0, 874.0, 648.0]
[160.0, 32.0, 1003.0, 664.0]
[80.0, 16.0, 924.0, 649.0]
[144.0, 16.0, 989.0, 650.0]
[64.0, 0.0, 910.0, 634.0]
[160.0, 0.0, 1007.0, 635.0]
[144.0, 16.0, 992.0, 652.0]
[96.0, 0.0, 945.0, 637.0]
[16.0, 16.0, 866.0, 654.0]
[16.0, 16.0, 867.0, 654.0]
[128.0, 16.0, 980.0, 655.0]
[16.0, 0.0, 869.0, 640.0]
[128.0, 16.0, 982.0, 656.0]
[64.0, 0.0, 919.0, 641.0]
[48.0, 16.0, 904.0, 658.0]
[32.0, 32.0, 889.0, 675.0]
[32.0, 16.0, 890.0, 660.0]
[112.0, 0.0, 971.0, 644.0]
[48.0, 32.0, 908.0, 677.0]
[48.0, 32.0, 909.0, 678.0]
[48.0, 16.0, 910.0, 662.0]
[80.0, 32.0, 943.0, 679.0]
[80.0, 32.0, 944.0, 680.0]
[32.0, 16.0, 897.0, 665.0]
[16.0, 16.0, 882.0, 666.0]
[32.0, 32.0, 899.0, 682.0]
[128.0, 16.0, 996.0, 667.0]
[64.0, 16.0, 933.0, 668.0]
[64.0, 16.0, 934.0, 668.0]
[80.0, 0.0, 951.0, 653.0]
[80.0, 0.0, 952.0, 654.0]
[16.0, 0.0, 889.0, 655.0]
[64.0, 16.0, 938.0, 672.0]
[64.0, 0.0, 939.0, 656.0]
[128.0, 0.0, 1004.0, 657.0]
[128.0, 0.0, 1005.0, 658.0]
[16.0, 0.0, 894.0, 658.0]
[128.0, 16.0, 1007.0, 675.0]
[64.0, 16.0, 944.0, 676.0]
[48.0, 16.0, 929.0, 677.0]
[32.0, 0.0, 914.0, 662.0]
[48.0, 0.0, 931.0, 662.0]
[48.0, 0.0, 932.0, 663.0]
[32.0, 16.0, 917.0, 680.0]
[80.0, 0.0, 966.0, 664.0]
[32.0, 0.0, 919.0, 665.0]
[48.0, 16.0, 936.0, 682.0]
[48.0, 16.0, 937.0, 683.0]
[48.0, 0.0, 938.0, 668.0]
[80.0, 0.0, 971.0, 668.0]
[112.0, 0.0, 1004.0, 669.0]
[80.0, 0.0, 973.0, 670.0]
[48.0, 0.0, 942.0, 670.0]
[64.0, 0.0, 959.0, 671.0]
[32.0, 0.0, 928.0, 672.0]
[32.0, 0.0, 929.0, 673.0]
[48.0, 0.0, 946.0, 674.0]
[96.0, 0.0, 995.0, 674.0]
[48.0, 0.0, 948.0, 675.0]
[96.0, 0.0, 997.0, 676.0]
[32.0, 0.0, 934.0, 676.0]
[64.0, 0.0, 967.0, 677.0]
[96.0, 0.0, 1000.0, 678.0]
[48.0, 0.0, 953.0, 679.0]
[96.0, 0.0, 1002.0, 680.0]
[80.0, 0.0, 987.0, 680.0]
[32.0, 0.0, 940.0, 681.0]
[96.0, 0.0, 1005.0, 682.0]
[80.0, 0.0, 990.0, 682.0]
[80.0, 0.0, 991.0, 683.0]
