[80.0, 96.0, 797.0, 634.0]
[160.0, 112.0, 878.0, 650.0]
[160.0, 96.0, 879.0, 635.0]
[160.0, 32.0, 880.0, 572.0]
[192.0, 64.0, 913.0, 605.0]
[128.0, 80.0, 850.0, 622.0]
[192.0, 144.0, 915.0, 686.0]
[224.0, 64.0, 948.0, 607.0]
[112.0, 48.0, 837.0, 592.0]
[80.0, 112.0, 806.0, 656.0]
[80.0, 80.0, 807.0, 625.0]
[112.0, 112.0, 840.0, 658.0]
[160.0, 144.0, 889.0, 691.0]
[128.0, 80.0, 858.0, 628.0]
[128.0, 64.0, 859.0, 612.0]
[176.0, 128.0, 908.0, 677.0]
[96.0, 80.0, 829.0, 630.0]
[208.0, 48.0, 942.0, 598.0]
[112.0, 32.0, 847.0, 583.0]
[192.0, 112.0, 928.0, 664.0]
[96.0, 80.0, 833.0, 633.0]
[160.0, 48.0, 898.0, 602.0]
[192.0, 48.0, 931.0, 602.0]
[112.0, 128.0, 852.0, 683.0]
[160.0, 96.0, 901.0, 652.0]
[176.0, 48.0, 918.0, 604.0]
[128.0, 64.0, 871.0, 621.0]
[192.0, 48.0, 936.0, 606.0]
[176.0, 112.0, 921.0, 671.0]
[128.0, 64.0, 874.0, 624.0]
[192.0, 80.0, 939.0, 640.0]
[176.0, 128.0, 924.0, 689.0]
[144.0, 64.0, 893.0, 626.0]
[160.0, 80.0, 910.0, 642.0]
[80.0, 48.0, 831.0, 611.0]
[160.0, 80.0, 912.0, 644.0]
[160.0, 48.0, 913.0, 613.0]
[192.0, 96.0, 946.0, 662.0]
[96.0, 32.0, 851.0, 598.0]
[160.0, 112.0, 916.0, 679.0]
[112.0, 32.0, 869.0, 600.0]
[96.0, 96.0, 854.0, 664.0]
[192.0, 96.0, 951.0, 665.0]
[128.0, 48.0, 888.0, 618.0]
[160.0, 112.0, 921.0, 683.0]
[112.0, 96.0, 874.0, 668.0]
[160.0, 48.0, 923.0, 620.0]
[176.0, 96.0, 940.0, 669.0]
[144.0, 32.0, 909.0, 606.0]
[144.0, 96.0, 910.0, 670.0]
[144.0, 48.0, 911.0, 623.0]
[112.0, 64.0, 880.0, 640.0]
[144.0, 80.0, 913.0, 657.0]
[176.0, 112.0, 946.0, 690.0]
[112.0, 16.0, 883.0, 594.0]
[176.0, 112.0, 948.0, 691.0]
[96.0, 96.0, 869.0, 676.0]
[96.0, 48.0, 870.0, 628.0]
[128.0, 48.0, 903.0, 629.0]
[176.0, 32.0, 952.0, 614.0]
[128.0, 80.0, 905.0, 663.0]
[112.0, 64.0, 890.0, 648.0]
[144.0, 16.0, 923.0, 600.0]
[160.0, 32.0, 940.0, 617.0]
[160.0, 64.0, 941.0, 650.0]
[128.0, 80.0, 910.0, 666.0]
[112.0, 64.0, 895.0, 651.0]
[96.0, 48.0, 880.0, 636.0]
[96.0, 16.0, 881.0, 605.0]
[144.0, 80.0, 930.0, 670.0]
[128.0, 96.0, 915.0, 686.0]
[96.0, 16.0, 884.0, 607.0]
[96.0, 64.0, 885.0, 656.0]
[96.0, 96.0, 886.0, 688.0]
[80.0, 48.0, 871.0, 641.0]
[112.0, 96.0, 904.0, 690.0]
[96.0, 80.0, 889.0, 675.0]
[112.0, 80.0, 906.0, 676.0]
[112.0, 32.0, 907.0, 628.0]
[96.0, 16.0, 892.0, 613.0]
[112.0, 0.0, 909.0, 598.0]
[144.0, 64.0, 942.0, 662.0]
[80.0, 32.0, 879.0, 631.0]
[80.0, 80.0, 880.0, 680.0]
[96.0, 0.0, 897.0, 601.0]
[112.0, 16.0, 914.0, 618.0]
[144.0, 16.0, 947.0, 618.0]
[128.0, 16.0, 932.0, 619.0]
[128.0, 48.0, 933.0, 652.0]
[96.0, 48.0, 902.0, 652.0]
[112.0, 80.0, 919.0, 685.0]
[96.0, 64.0, 904.0, 670.0]
[112.0, 64.0, 921.0, 671.0]
[96.0, 16.0, 906.0, 624.0]
[96.0, 32.0, 907.0, 640.0]
[96.0, 48.0, 908.0, 657.0]
[96.0, 0.0, 909.0, 610.0]
[112.0, 16.0, 926.0, 626.0]
[96.0, 32.0, 911.0, 643.0]
[96.0, 64.0, 912.0, 676.0]
[112.0, 16.0, 929.0, 629.0]
[80.0, 0.0, 898.0, 614.0]
[96.0, 32.0, 915.0, 646.0]
[128.0, 32.0, 948.0, 647.0]
[80.0, 32.0, 901.0, 648.0]
[96.0, 64.0, 918.0, 680.0]
