[48.0, 48.0, 809.0, 619.0]
[144.0, 112.0, 906.0, 684.0]
[144.0, 80.0, 907.0, 652.0]
[64.0, 64.0, 828.0, 637.0]
[48.0, 112.0, 813.0, 686.0]
[176.0, 80.0, 942.0, 654.0]
[160.0, 48.0, 927.0, 623.0]
[160.0, 48.0, 928.0, 624.0]
[64.0, 80.0, 833.0, 657.0]
[32.0, 32.0, 802.0, 610.0]
[208.0, 80.0, 979.0, 658.0]
[144.0, 48.0, 916.0, 627.0]
[128.0, 32.0, 901.0, 612.0]
[192.0, 112.0, 966.0, 692.0]
[144.0, 48.0, 919.0, 629.0]
[144.0, 96.0, 920.0, 678.0]
[208.0, 48.0, 985.0, 631.0]
[144.0, 32.0, 922.0, 616.0]
[48.0, 96.0, 827.0, 680.0]
[176.0, 96.0, 956.0, 681.0]
[144.0, 80.0, 925.0, 666.0]
[192.0, 16.0, 974.0, 602.0]
[96.0, 16.0, 879.0, 603.0]
[192.0, 96.0, 976.0, 684.0]
[112.0, 80.0, 897.0, 669.0]
[176.0, 32.0, 962.0, 622.0]
[80.0, 16.0, 867.0, 606.0]
[144.0, 48.0, 932.0, 639.0]
[208.0, 96.0, 997.0, 688.0]
[48.0, 32.0, 838.0, 624.0]
[176.0, 96.0, 967.0, 689.0]
[112.0, 48.0, 904.0, 642.0]
[80.0, 64.0, 873.0, 659.0]
[80.0, 64.0, 874.0, 660.0]
[48.0, 80.0, 843.0, 676.0]
[64.0, 48.0, 860.0, 645.0]
[16.0, 96.0, 813.0, 694.0]
[64.0, 64.0, 862.0, 662.0]
[176.0, 32.0, 975.0, 631.0]
[48.0, 0.0, 848.0, 600.0]
[96.0, 64.0, 897.0, 665.0]
[64.0, 80.0, 866.0, 682.0]
[112.0, 48.0, 915.0, 650.0]
[112.0, 64.0, 916.0, 667.0]
[192.0, 96.0, 997.0, 700.0]
[0.0, 80.0, 806.0, 684.0]
[128.0, 0.0, 935.0, 605.0]
[192.0, 48.0, 1000.0, 654.0]
[160.0, 48.0, 969.0, 655.0]
[160.0, 112.0, 970.0, 720.0]
[192.0, 96.0, 1003.0, 704.0]
[64.0, 64.0, 876.0, 673.0]
[80.0, 0.0, 893.0, 610.0]
[0.0, 80.0, 814.0, 690.0]
[16.0, 48.0, 831.0, 659.0]
[0.0, 16.0, 816.0, 628.0]
[64.0, 64.0, 881.0, 677.0]
[16.0, 48.0, 834.0, 662.0]
[192.0, 32.0, 1011.0, 646.0]
[32.0, 80.0, 852.0, 695.0]
[176.0, 80.0, 997.0, 696.0]
[80.0, 16.0, 902.0, 632.0]
[0.0, 16.0, 823.0, 633.0]
[192.0, 96.0, 1016.0, 714.0]
[112.0, 64.0, 937.0, 683.0]
[64.0, 64.0, 890.0, 684.0]
[0.0, 64.0, 827.0, 684.0]
[64.0, 80.0, 892.0, 701.0]
[128.0, 80.0, 957.0, 702.0]
[176.0, 96.0, 1006.0, 718.0]
[144.0, 80.0, 975.0, 703.0]
[96.0, 64.0, 928.0, 688.0]
[96.0, 80.0, 929.0, 705.0]
[48.0, 48.0, 882.0, 674.0]
[48.0, 16.0, 883.0, 642.0]
[144.0, 32.0, 980.0, 659.0]
[48.0, 16.0, 885.0, 644.0]
[48.0, 80.0, 886.0, 708.0]
[32.0, 64.0, 871.0, 693.0]
[176.0, 0.0, 1016.0, 630.0]
[32.0, 16.0, 873.0, 647.0]
[32.0, 0.0, 874.0, 632.0]
[64.0, 48.0, 907.0, 680.0]
[16.0, 0.0, 860.0, 633.0]
[128.0, 80.0, 973.0, 714.0]
[144.0, 0.0, 990.0, 634.0]
[96.0, 48.0, 943.0, 683.0]
[32.0, 0.0, 880.0, 636.0]
[160.0, 80.0, 1009.0, 717.0]
[128.0, 32.0, 978.0, 670.0]
[144.0, 16.0, 995.0, 654.0]
[144.0, 16.0, 996.0, 655.0]
[160.0, 64.0, 1013.0, 704.0]
[48.0, 64.0, 902.0, 704.0]
[160.0, 0.0, 1015.0, 641.0]
[80.0, 16.0, 936.0, 658.0]
[96.0, 0.0, 953.0, 643.0]
[0.0, 16.0, 858.0, 660.0]
[160.0, 32.0, 1019.0, 676.0]
[80.0, 64.0, 940.0, 709.0]
[112.0, 16.0, 973.0, 662.0]
[96.0, 16.0, 958.0, 662.0]
[32.0, 16.0, 895.0, 663.0]
[144.0, 64.0, 1008.0, 712.0]
[80.0, 32.0, 945.0, 681.0]
[48.0, 48.0, 914.0, 698.0]
[64.0, 64.0, 931.0, 714.0]
[16.0, 64.0, 884.0, 715.0]
[80.0, 0.0, 949.0, 652.0]
[64.0, 16.0, 934.0, 668.0]
[16.0, 64.0, 887.0, 717.0]
[0.0, 64.0, 872.0, 718.0]
[112.0, 32.0, 985.0, 687.0]
[144.0, 32.0, 1018.0, 688.0]
[64.0, 16.0, 939.0, 672.0]
[0.0, 48.0, 876.0, 705.0]
[128.0, 16.0, 1005.0, 674.0]
[112.0, 32.0, 990.0, 690.0]
[96.0, 0.0, 975.0, 659.0]
[32.0, 48.0, 912.0, 708.0]
[16.0, 48.0, 897.0, 709.0]
[96.0, 32.0, 978.0, 694.0]
[96.0, 32.0, 979.0, 694.0]
[64.0, 0.0, 948.0, 663.0]
[0.0, 48.0, 885.0, 712.0]
[48.0, 48.0, 934.0, 712.0]
[96.0, 16.0, 983.0, 681.0]
[0.0, 48.0, 888.0, 714.0]
[32.0, 16.0, 921.0, 683.0]
[112.0, 48.0, 1002.0, 716.0]
[16.0, 0.0, 907.0, 668.0]
[112.0, 48.0, 1004.0, 717.0]
[16.0, 32.0, 909.0, 702.0]
[48.0, 48.0, 942.0, 718.0]
[32.0, 32.0, 927.0, 703.0]
[48.0, 32.0, 944.0, 704.0]
[64.0, 0.0, 961.0, 673.0]
[16.0, 32.0, 914.0, 706.0]
[0.0, 16.0, 899.0, 690.0]
[48.0, 16.0, 948.0, 691.0]
[16.0, 16.0, 917.0, 692.0]
[112.0, 0.0, 1014.0, 676.0]
[0.0, 0.0, 903.0, 677.0]
[16.0, 0.0, 920.0, 678.0]
[112.0, 0.0, 1017.0, 679.0]
[48.0, 16.0, 954.0, 696.0]
[32.0, 16.0, 939.0, 696.0]
[0.0, 32.0, 908.0, 713.0]
[96.0, 16.0, 1005.0, 698.0]
[48.0, 16.0, 958.0, 698.0]
[80.0, 0.0, 991.0, 683.0]
[16.0, 0.0, 928.0, 684.0]
[64.0, 16.0, 977.0, 701.0]
[64.0, 16.0, 978.0, 702.0]
[64.0, 32.0, 979.0, 718.0]
[0.0, 32.0, 916.0, 719.0]
[48.0, 32.0, 965.0, 720.0]
[16.0, 16.0, 934.0, 704.0]
[64.0, 0.0, 983.0, 689.0]
[0.0, 0.0, 920.0, 690.0]
[96.0, 16.0, 1017.0, 707.0]
[0.0, 16.0, 922.0, 708.0]
[32.0, 0.0, 955.0, 692.0]
[32.0, 0.0, 956.0, 693.0]
[0.0, 0.0, 925.0, 694.0]
[16.0, 16.0, 942.0, 710.0]
[0.0, 0.0, 927.0, 695.0]
[48.0, 16.0, 976.0, 712.0]
[64.0, 16.0, 993.0, 713.0]
[32.0, 16.0, 962.0, 714.0]
[0.0, 0.0, 931.0, 698.0]
[0.0, 16.0, 932.0, 715.0]
[16.0, 16.0, 949.0, 716.0]
[48.0, 16.0, 982.0, 716.0]
[0.0, 0.0, 935.0, 701.0]
[64.0, 16.0, 1000.0, 718.0]
[16.0, 16.0, 953.0, 719.0]
[16.0, 16.0, 954.0, 720.0]
[80.0, 0.0, 1019.0, 704.0]
[64.0, 0.0, 1004.0, 705.0]
[0.0, 0.0, 941.0, 706.0]
[0.0, 0.0, 942.0, 706.0]
[32.0, 0.0, 975.0, 707.0]
[32.0, 0.0, 976.0, 708.0]
[64.0, 0.0, 1009.0, 709.0]
[48.0, 0.0, 994.0, 710.0]
[0.0, 0.0, 947.0, 710.0]
[64.0, 0.0, 1012.0, 711.0]
[48.0, 0.0, 997.0, 712.0]
[64.0, 0.0, 1014.0, 712.0]
[48.0, 0.0, 999.0, 713.0]
[64.0, 0.0, 1016.0, 714.0]
[64.0, 0.0, 1017.0, 715.0]
[48.0, 0.0, 1002.0, 716.0]
[48.0, 0.0, 1003.0, 716.0]
[32.0, 0.0, 988.0, 717.0]
[16.0, 0.0, 973.0, 718.0]
[32.0, 0.0, 990.0, 718.0]
[32.0, 0.0, 991.0, 719.0]
[48.0, 0.0, 1008.0, 720.0]
