[80.0, 96.0, 695.0, 916.0]
[192.0, 128.0, 808.0, 949.0]
[80.0, 48.0, 696.0, 870.0]
[160.0, 48.0, 777.0, 871.0]
[80.0, 160.0, 698.0, 984.0]
[48.0, 128.0, 667.0, 953.0]
[128.0, 48.0, 748.0, 874.0]
[160.0, 128.0, 780.0, 955.0]
[96.0, 64.0, 717.0, 892.0]
[176.0, 144.0, 798.0, 973.0]
[96.0, 128.0, 718.0, 958.0]
[176.0, 160.0, 799.0, 991.0]
[128.0, 64.0, 752.0, 896.0]
[128.0, 144.0, 753.0, 977.0]
[64.0, 160.0, 690.0, 994.0]
[80.0, 48.0, 706.0, 883.0]
[160.0, 144.0, 787.0, 980.0]
[176.0, 160.0, 804.0, 997.0]
[64.0, 64.0, 692.0, 902.0]
[192.0, 80.0, 821.0, 919.0]
[32.0, 96.0, 662.0, 936.0]
[176.0, 160.0, 807.0, 1001.0]
[176.0, 80.0, 808.0, 922.0]
[144.0, 112.0, 776.0, 955.0]
[80.0, 144.0, 713.0, 988.0]
[160.0, 112.0, 794.0, 957.0]
[32.0, 96.0, 666.0, 942.0]
[64.0, 96.0, 699.0, 943.0]
[80.0, 64.0, 716.0, 912.0]
[128.0, 64.0, 765.0, 913.0]
[160.0, 144.0, 798.0, 994.0]
[112.0, 128.0, 750.0, 979.0]
[96.0, 96.0, 735.0, 948.0]
[192.0, 128.0, 832.0, 981.0]
[160.0, 64.0, 800.0, 918.0]
[160.0, 160.0, 801.0, 1015.0]
[48.0, 144.0, 690.0, 1000.0]
[160.0, 144.0, 803.0, 1001.0]
[64.0, 96.0, 708.0, 954.0]
[160.0, 64.0, 804.0, 923.0]
[16.0, 128.0, 661.0, 988.0]
[176.0, 144.0, 822.0, 1005.0]
[96.0, 128.0, 742.0, 990.0]
[112.0, 0.0, 759.0, 863.0]
[96.0, 160.0, 744.0, 1024.0]
[160.0, 80.0, 809.0, 945.0]
[144.0, 112.0, 794.0, 978.0]
[144.0, 112.0, 794.0, 979.0]
[160.0, 32.0, 811.0, 900.0]
[48.0, 0.0, 700.0, 869.0]
[160.0, 48.0, 812.0, 918.0]
[160.0, 16.0, 813.0, 887.0]
[112.0, 64.0, 766.0, 936.0]
[48.0, 16.0, 703.0, 889.0]
[48.0, 64.0, 704.0, 938.0]
[112.0, 48.0, 768.0, 923.0]
[96.0, 64.0, 753.0, 940.0]
[112.0, 48.0, 770.0, 925.0]
[64.0, 80.0, 722.0, 958.0]
[80.0, 64.0, 739.0, 943.0]
[16.0, 80.0, 676.0, 960.0]
[144.0, 128.0, 805.0, 1009.0]
[176.0, 112.0, 838.0, 994.0]
[80.0, 80.0, 742.0, 963.0]
[0.0, 64.0, 663.0, 948.0]
[16.0, 96.0, 680.0, 981.0]
[32.0, 0.0, 696.0, 886.0]
[176.0, 96.0, 841.0, 983.0]
[80.0, 112.0, 746.0, 1000.0]
[112.0, 32.0, 779.0, 921.0]
[48.0, 96.0, 716.0, 986.0]
[128.0, 0.0, 796.0, 891.0]
[144.0, 0.0, 813.0, 892.0]
[64.0, 80.0, 734.0, 973.0]
[16.0, 96.0, 686.0, 990.0]
[48.0, 112.0, 719.0, 1007.0]
[48.0, 64.0, 720.0, 960.0]
[176.0, 80.0, 849.0, 977.0]
[16.0, 96.0, 690.0, 994.0]
[16.0, 16.0, 690.0, 915.0]
[128.0, 80.0, 803.0, 980.0]
[48.0, 32.0, 724.0, 933.0]
[144.0, 80.0, 820.0, 982.0]
[112.0, 48.0, 789.0, 951.0]
[128.0, 64.0, 806.0, 968.0]
[176.0, 48.0, 855.0, 953.0]
[48.0, 64.0, 728.0, 970.0]
[176.0, 64.0, 856.0, 971.0]
[96.0, 64.0, 777.0, 972.0]
[144.0, 16.0, 826.0, 925.0]
[0.0, 48.0, 682.0, 958.0]
[16.0, 32.0, 699.0, 943.0]
[144.0, 112.0, 828.0, 1024.0]
[128.0, 80.0, 813.0, 993.0]
[48.0, 96.0, 734.0, 1010.0]
[128.0, 64.0, 814.0, 979.0]
[64.0, 64.0, 751.0, 980.0]
[144.0, 80.0, 832.0, 997.0]
[64.0, 96.0, 752.0, 1014.0]
[80.0, 16.0, 769.0, 935.0]
[0.0, 32.0, 690.0, 952.0]
[16.0, 80.0, 707.0, 1001.0]
[144.0, 32.0, 836.0, 954.0]
[128.0, 48.0, 820.0, 971.0]
[64.0, 48.0, 757.0, 972.0]
[0.0, 0.0, 694.0, 925.0]
[128.0, 96.0, 822.0, 1022.0]
[16.0, 80.0, 711.0, 1007.0]
[48.0, 0.0, 744.0, 928.0]
[0.0, 48.0, 697.0, 977.0]
[128.0, 32.0, 826.0, 962.0]
[96.0, 0.0, 794.0, 931.0]
[16.0, 64.0, 715.0, 996.0]
[160.0, 0.0, 860.0, 933.0]
[32.0, 16.0, 732.0, 950.0]
[16.0, 48.0, 717.0, 983.0]
[112.0, 64.0, 814.0, 1000.0]
[0.0, 0.0, 703.0, 937.0]
[112.0, 48.0, 816.0, 986.0]
[0.0, 16.0, 704.0, 955.0]
[64.0, 48.0, 769.0, 988.0]
[112.0, 48.0, 818.0, 989.0]
[80.0, 16.0, 786.0, 958.0]
[96.0, 48.0, 803.0, 991.0]
[176.0, 48.0, 884.0, 992.0]
[0.0, 64.0, 709.0, 1009.0]
[160.0, 16.0, 870.0, 962.0]
[80.0, 32.0, 790.0, 979.0]
[144.0, 48.0, 855.0, 996.0]
[16.0, 16.0, 728.0, 965.0]
[48.0, 16.0, 760.0, 966.0]
[16.0, 0.0, 729.0, 951.0]
[128.0, 64.0, 842.0, 1016.0]
[96.0, 0.0, 811.0, 953.0]
[96.0, 32.0, 812.0, 986.0]
[16.0, 48.0, 732.0, 1003.0]
[0.0, 16.0, 717.0, 972.0]
[160.0, 64.0, 878.0, 1021.0]
[0.0, 0.0, 718.0, 958.0]
[0.0, 32.0, 719.0, 991.0]
[48.0, 16.0, 768.0, 976.0]
[64.0, 32.0, 785.0, 993.0]
[0.0, 16.0, 722.0, 978.0]
[64.0, 16.0, 786.0, 979.0]
[128.0, 32.0, 851.0, 996.0]
[112.0, 48.0, 836.0, 1013.0]
[16.0, 32.0, 740.0, 998.0]
[112.0, 0.0, 837.0, 967.0]
[16.0, 16.0, 742.0, 984.0]
[0.0, 16.0, 727.0, 985.0]
[0.0, 48.0, 728.0, 1018.0]
[160.0, 16.0, 888.0, 987.0]
[48.0, 32.0, 777.0, 1004.0]
[160.0, 0.0, 890.0, 973.0]
[144.0, 48.0, 874.0, 1022.0]
[64.0, 48.0, 795.0, 1023.0]
[16.0, 0.0, 748.0, 976.0]
[48.0, 0.0, 781.0, 977.0]
[32.0, 16.0, 766.0, 994.0]
[128.0, 32.0, 862.0, 1011.0]
[176.0, 16.0, 911.0, 996.0]
[0.0, 32.0, 736.0, 1013.0]
[32.0, 0.0, 768.0, 982.0]
[16.0, 0.0, 753.0, 983.0]
[112.0, 16.0, 850.0, 1000.0]
[160.0, 32.0, 899.0, 1017.0]
[112.0, 32.0, 852.0, 1018.0]
[0.0, 16.0, 740.0, 1003.0]
[96.0, 32.0, 837.0, 1020.0]
[144.0, 0.0, 886.0, 989.0]
[96.0, 16.0, 838.0, 1006.0]
[48.0, 32.0, 791.0, 1023.0]
[112.0, 32.0, 856.0, 1024.0]
[80.0, 0.0, 825.0, 993.0]
[0.0, 16.0, 746.0, 1010.0]
[48.0, 16.0, 794.0, 1011.0]
[0.0, 0.0, 747.0, 996.0]
[0.0, 16.0, 748.0, 1013.0]
[16.0, 0.0, 764.0, 998.0]
[0.0, 16.0, 749.0, 1015.0]
[128.0, 16.0, 878.0, 1016.0]
[128.0, 0.0, 879.0, 1001.0]
[128.0, 0.0, 880.0, 1002.0]
[80.0, 0.0, 832.0, 1003.0]
[128.0, 0.0, 881.0, 1004.0]
[16.0, 0.0, 770.0, 1005.0]
[128.0, 0.0, 882.0, 1006.0]
[160.0, 0.0, 915.0, 1007.0]
[80.0, 16.0, 836.0, 1024.0]
[144.0, 0.0, 901.0, 1009.0]
[96.0, 0.0, 854.0, 1010.0]
[112.0, 0.0, 870.0, 1011.0]
[96.0, 0.0, 855.0, 1012.0]
[144.0, 0.0, 904.0, 1013.0]
[64.0, 0.0, 824.0, 1014.0]
[48.0, 0.0, 809.0, 1015.0]
[144.0, 0.0, 906.0, 1016.0]
[112.0, 0.0, 875.0, 1017.0]
[32.0, 0.0, 796.0, 1018.0]
[128.0, 0.0, 892.0, 1019.0]
[64.0, 0.0, 829.0, 1020.0]
[128.0, 0.0, 894.0, 1021.0]
[112.0, 0.0, 878.0, 1022.0]
[48.0, 0.0, 815.0, 1023.0]
[144.0, 0.0, 912.0, 1024.0]
