[272.0, 16.0, 989.0, 554.0]
[144.0, 0.0, 862.0, 538.0]
[288.0, 16.0, 1007.0, 555.0]
[256.0, 0.0, 976.0, 540.0]
[160.0, 0.0, 881.0, 541.0]
[160.0, 16.0, 882.0, 558.0]
[176.0, 16.0, 899.0, 558.0]
[256.0, 32.0, 980.0, 575.0]
[208.0, 32.0, 933.0, 576.0]
[272.0, 0.0, 998.0, 544.0]
[112.0, 0.0, 839.0, 545.0]
[208.0, 0.0, 936.0, 546.0]
[112.0, 0.0, 841.0, 547.0]
[112.0, 0.0, 842.0, 548.0]
[144.0, 0.0, 875.0, 548.0]
[272.0, 16.0, 1004.0, 565.0]
[112.0, 16.0, 845.0, 566.0]
[112.0, 16.0, 846.0, 566.0]
[272.0, 0.0, 1007.0, 551.0]
[96.0, 16.0, 832.0, 568.0]
[176.0, 0.0, 913.0, 553.0]
[272.0, 16.0, 1010.0, 570.0]
[224.0, 0.0, 963.0, 554.0]
[128.0, 0.0, 868.0, 555.0]
[160.0, 16.0, 901.0, 572.0]
[192.0, 0.0, 934.0, 556.0]
[96.0, 0.0, 839.0, 557.0]
[160.0, 16.0, 904.0, 574.0]
[144.0, 16.0, 889.0, 575.0]
[176.0, 0.0, 922.0, 560.0]
[256.0, 0.0, 1003.0, 560.0]
[176.0, 0.0, 924.0, 561.0]
[192.0, 0.0, 941.0, 562.0]
[192.0, 0.0, 942.0, 562.0]
[208.0, 0.0, 959.0, 563.0]
[224.0, 0.0, 976.0, 564.0]
[176.0, 0.0, 929.0, 565.0]
[192.0, 0.0, 946.0, 566.0]
[256.0, 0.0, 1011.0, 566.0]
[240.0, 0.0, 996.0, 567.0]
[208.0, 0.0, 965.0, 568.0]
[256.0, 0.0, 1014.0, 568.0]
[192.0, 0.0, 951.0, 569.0]
[160.0, 0.0, 920.0, 570.0]
[192.0, 0.0, 953.0, 571.0]
[192.0, 0.0, 954.0, 572.0]
[112.0, 0.0, 875.0, 572.0]
[240.0, 0.0, 1004.0, 573.0]
[160.0, 0.0, 925.0, 574.0]
[224.0, 0.0, 990.0, 574.0]
[192.0, 0.0, 959.0, 575.0]
[224.0, 0.0, 992.0, 576.0]
