[80.0, 80.0, 797.0, 618.0]
[80.0, 64.0, 798.0, 602.0]
[32.0, 64.0, 751.0, 603.0]
[112.0, 64.0, 832.0, 604.0]
[272.0, 80.0, 993.0, 621.0]
[224.0, 64.0, 946.0, 606.0]
[192.0, 64.0, 915.0, 606.0]
[176.0, 80.0, 900.0, 623.0]
[160.0, 64.0, 885.0, 608.0]
[96.0, 96.0, 822.0, 640.0]
[208.0, 80.0, 935.0, 625.0]
[112.0, 96.0, 840.0, 642.0]
[48.0, 64.0, 777.0, 611.0]
[80.0, 80.0, 810.0, 628.0]
[48.0, 80.0, 779.0, 628.0]
[192.0, 96.0, 924.0, 645.0]
[176.0, 96.0, 909.0, 646.0]
[64.0, 96.0, 798.0, 646.0]
[208.0, 112.0, 943.0, 663.0]
[176.0, 80.0, 912.0, 632.0]
[192.0, 80.0, 929.0, 633.0]
[224.0, 80.0, 962.0, 634.0]
[160.0, 48.0, 899.0, 602.0]
[112.0, 64.0, 852.0, 619.0]
[32.0, 96.0, 773.0, 652.0]
[80.0, 64.0, 822.0, 620.0]
[240.0, 80.0, 983.0, 637.0]
[208.0, 48.0, 952.0, 606.0]
[48.0, 96.0, 793.0, 655.0]
[192.0, 64.0, 938.0, 624.0]
[64.0, 48.0, 811.0, 608.0]
[80.0, 96.0, 828.0, 657.0]
[160.0, 112.0, 909.0, 674.0]
[144.0, 32.0, 894.0, 594.0]
[192.0, 64.0, 943.0, 627.0]
[176.0, 112.0, 928.0, 676.0]
[224.0, 48.0, 977.0, 613.0]
[48.0, 80.0, 802.0, 646.0]
[112.0, 32.0, 867.0, 598.0]
[112.0, 32.0, 868.0, 599.0]
[112.0, 64.0, 869.0, 632.0]
[80.0, 96.0, 838.0, 664.0]
[240.0, 48.0, 999.0, 617.0]
[128.0, 64.0, 888.0, 634.0]
[144.0, 48.0, 905.0, 619.0]
[112.0, 32.0, 874.0, 604.0]
[160.0, 64.0, 923.0, 636.0]
[160.0, 112.0, 924.0, 685.0]
[192.0, 32.0, 957.0, 606.0]
[128.0, 48.0, 894.0, 622.0]
[80.0, 32.0, 847.0, 607.0]
[80.0, 112.0, 848.0, 688.0]
[48.0, 112.0, 817.0, 689.0]
[128.0, 96.0, 898.0, 674.0]
[208.0, 48.0, 979.0, 626.0]
[80.0, 16.0, 852.0, 595.0]
[192.0, 48.0, 965.0, 628.0]
[48.0, 32.0, 822.0, 612.0]
[208.0, 80.0, 983.0, 661.0]
[192.0, 112.0, 968.0, 694.0]
[208.0, 64.0, 985.0, 647.0]
[208.0, 96.0, 986.0, 680.0]
[48.0, 64.0, 827.0, 648.0]
[32.0, 96.0, 812.0, 681.0]
[128.0, 64.0, 909.0, 650.0]
[32.0, 16.0, 814.0, 602.0]
[96.0, 80.0, 879.0, 667.0]
[32.0, 80.0, 816.0, 668.0]
[192.0, 32.0, 977.0, 621.0]
[160.0, 96.0, 946.0, 686.0]
[128.0, 64.0, 915.0, 654.0]
[64.0, 16.0, 852.0, 607.0]
[64.0, 16.0, 853.0, 608.0]
[32.0, 16.0, 822.0, 608.0]
[48.0, 96.0, 839.0, 689.0]
[80.0, 48.0, 872.0, 642.0]
[64.0, 80.0, 857.0, 675.0]
[144.0, 0.0, 938.0, 596.0]
[80.0, 112.0, 875.0, 708.0]
[160.0, 80.0, 956.0, 677.0]
[80.0, 16.0, 877.0, 614.0]
[128.0, 96.0, 926.0, 694.0]
[48.0, 80.0, 847.0, 679.0]
[160.0, 80.0, 960.0, 680.0]
[192.0, 64.0, 993.0, 665.0]
[144.0, 0.0, 946.0, 602.0]
[32.0, 32.0, 835.0, 634.0]
[176.0, 0.0, 980.0, 603.0]
[176.0, 16.0, 981.0, 620.0]
[176.0, 64.0, 982.0, 668.0]
[160.0, 32.0, 967.0, 637.0]
[112.0, 112.0, 920.0, 718.0]
[144.0, 48.0, 953.0, 655.0]
[96.0, 64.0, 906.0, 672.0]
[192.0, 80.0, 1003.0, 688.0]
[112.0, 96.0, 924.0, 705.0]
[48.0, 112.0, 861.0, 722.0]
[112.0, 112.0, 926.0, 722.0]
[160.0, 96.0, 975.0, 707.0]
[64.0, 16.0, 880.0, 628.0]
[112.0, 0.0, 929.0, 613.0]
[96.0, 96.0, 914.0, 710.0]
[144.0, 16.0, 963.0, 630.0]
[112.0, 32.0, 932.0, 647.0]
[144.0, 80.0, 965.0, 696.0]
[144.0, 80.0, 966.0, 696.0]
[80.0, 16.0, 903.0, 633.0]
[128.0, 64.0, 952.0, 682.0]
[16.0, 32.0, 841.0, 651.0]
[128.0, 112.0, 954.0, 732.0]
[64.0, 112.0, 891.0, 732.0]
[144.0, 80.0, 972.0, 701.0]
[112.0, 16.0, 941.0, 638.0]
[128.0, 48.0, 958.0, 670.0]
[176.0, 0.0, 1007.0, 623.0]
[64.0, 16.0, 896.0, 640.0]
[176.0, 16.0, 1009.0, 641.0]
[48.0, 80.0, 882.0, 706.0]
[112.0, 80.0, 947.0, 706.0]
[64.0, 112.0, 900.0, 739.0]
[96.0, 64.0, 933.0, 692.0]
[96.0, 0.0, 934.0, 628.0]
[128.0, 16.0, 967.0, 645.0]
[144.0, 32.0, 984.0, 662.0]
[112.0, 64.0, 953.0, 695.0]
[48.0, 48.0, 890.0, 680.0]
[160.0, 80.0, 1003.0, 712.0]
[128.0, 96.0, 972.0, 729.0]
[144.0, 64.0, 989.0, 698.0]
[128.0, 64.0, 974.0, 698.0]
[80.0, 32.0, 927.0, 667.0]
[80.0, 96.0, 928.0, 732.0]
[32.0, 16.0, 881.0, 653.0]
[96.0, 96.0, 946.0, 734.0]
[112.0, 96.0, 963.0, 734.0]
[96.0, 80.0, 948.0, 719.0]
[112.0, 96.0, 965.0, 736.0]
[48.0, 0.0, 902.0, 640.0]
[96.0, 112.0, 951.0, 753.0]
[64.0, 16.0, 920.0, 658.0]
[128.0, 0.0, 985.0, 643.0]
[112.0, 32.0, 970.0, 676.0]
[128.0, 0.0, 987.0, 644.0]
[128.0, 16.0, 988.0, 661.0]
[16.0, 32.0, 877.0, 678.0]
[80.0, 48.0, 942.0, 694.0]
[32.0, 48.0, 895.0, 695.0]
[16.0, 80.0, 880.0, 728.0]
[48.0, 80.0, 913.0, 729.0]
[32.0, 64.0, 898.0, 714.0]
[64.0, 112.0, 931.0, 762.0]
[128.0, 0.0, 996.0, 651.0]
[96.0, 80.0, 965.0, 732.0]
[32.0, 96.0, 902.0, 748.0]
[16.0, 96.0, 887.0, 749.0]
[128.0, 32.0, 1000.0, 686.0]
[96.0, 16.0, 969.0, 671.0]
[32.0, 80.0, 906.0, 736.0]
[64.0, 0.0, 939.0, 656.0]
[96.0, 0.0, 972.0, 657.0]
[80.0, 64.0, 957.0, 722.0]
[96.0, 64.0, 974.0, 722.0]
[32.0, 64.0, 911.0, 723.0]
[112.0, 96.0, 992.0, 756.0]
[112.0, 48.0, 993.0, 709.0]
[112.0, 32.0, 994.0, 694.0]
[96.0, 48.0, 979.0, 710.0]
[80.0, 80.0, 964.0, 743.0]
[80.0, 80.0, 965.0, 744.0]
[112.0, 64.0, 998.0, 728.0]
[64.0, 96.0, 951.0, 761.0]
[32.0, 80.0, 920.0, 746.0]
[48.0, 0.0, 937.0, 667.0]
[32.0, 48.0, 922.0, 716.0]
[64.0, 16.0, 955.0, 684.0]
[80.0, 80.0, 972.0, 749.0]
[64.0, 0.0, 957.0, 670.0]
[64.0, 32.0, 958.0, 702.0]
[96.0, 96.0, 991.0, 767.0]
[64.0, 80.0, 960.0, 752.0]
[80.0, 16.0, 977.0, 689.0]
[80.0, 48.0, 978.0, 722.0]
[80.0, 16.0, 979.0, 690.0]
[48.0, 64.0, 948.0, 739.0]
[32.0, 16.0, 933.0, 692.0]
[32.0, 16.0, 934.0, 692.0]
[96.0, 0.0, 999.0, 677.0]
[32.0, 0.0, 936.0, 678.0]
[96.0, 0.0, 1001.0, 679.0]
[32.0, 16.0, 938.0, 696.0]
[48.0, 80.0, 955.0, 760.0]
[48.0, 64.0, 956.0, 745.0]
[96.0, 80.0, 1005.0, 762.0]
[80.0, 64.0, 990.0, 746.0]
[80.0, 0.0, 991.0, 683.0]
[64.0, 16.0, 976.0, 700.0]
[64.0, 16.0, 977.0, 701.0]
[64.0, 48.0, 978.0, 734.0]
[48.0, 16.0, 963.0, 702.0]
[48.0, 0.0, 964.0, 687.0]
[64.0, 80.0, 981.0, 768.0]
[64.0, 16.0, 982.0, 704.0]
[32.0, 16.0, 951.0, 705.0]
[64.0, 64.0, 984.0, 754.0]
[32.0, 0.0, 953.0, 691.0]
[48.0, 0.0, 970.0, 692.0]
[64.0, 64.0, 987.0, 756.0]
[64.0, 0.0, 988.0, 693.0]
[32.0, 0.0, 957.0, 694.0]
[32.0, 16.0, 958.0, 710.0]
[48.0, 0.0, 975.0, 695.0]
[32.0, 32.0, 960.0, 728.0]
[32.0, 64.0, 961.0, 761.0]
[64.0, 16.0, 994.0, 714.0]
[48.0, 64.0, 979.0, 762.0]
[48.0, 64.0, 980.0, 763.0]
[48.0, 64.0, 981.0, 764.0]
[64.0, 32.0, 998.0, 732.0]
[32.0, 0.0, 967.0, 701.0]
[64.0, 0.0, 1000.0, 702.0]
[32.0, 48.0, 969.0, 751.0]
[48.0, 64.0, 986.0, 768.0]
[48.0, 32.0, 987.0, 736.0]
[32.0, 16.0, 972.0, 721.0]
[32.0, 0.0, 973.0, 706.0]
[48.0, 48.0, 990.0, 754.0]
[48.0, 32.0, 991.0, 739.0]
[32.0, 0.0, 976.0, 708.0]
[32.0, 48.0, 977.0, 757.0]
[32.0, 32.0, 978.0, 742.0]
[48.0, 48.0, 995.0, 758.0]
[48.0, 48.0, 996.0, 759.0]
[32.0, 48.0, 981.0, 760.0]
[48.0, 0.0, 998.0, 712.0]
[48.0, 0.0, 999.0, 713.0]
[48.0, 0.0, 1000.0, 714.0]
[32.0, 32.0, 985.0, 747.0]
[32.0, 0.0, 986.0, 716.0]
[32.0, 48.0, 987.0, 764.0]
[32.0, 48.0, 988.0, 765.0]
