[144.0, 16.0, 862.0, 554.0]
[208.0, 32.0, 927.0, 571.0]
[96.0, 16.0, 816.0, 556.0]
[112.0, 16.0, 833.0, 557.0]
[208.0, 16.0, 930.0, 558.0]
[64.0, 32.0, 787.0, 574.0]
[176.0, 16.0, 900.0, 559.0]
[192.0, 32.0, 917.0, 576.0]
[144.0, 16.0, 870.0, 560.0]
[112.0, 16.0, 839.0, 561.0]
[160.0, 16.0, 888.0, 562.0]
[240.0, 16.0, 969.0, 563.0]
[176.0, 16.0, 906.0, 564.0]
[176.0, 16.0, 907.0, 564.0]
[192.0, 16.0, 924.0, 565.0]
[64.0, 16.0, 797.0, 566.0]
[64.0, 16.0, 798.0, 566.0]
[112.0, 16.0, 847.0, 567.0]
[176.0, 16.0, 912.0, 568.0]
[80.0, 16.0, 817.0, 569.0]
[192.0, 0.0, 930.0, 554.0]
[208.0, 16.0, 947.0, 570.0]
[176.0, 0.0, 916.0, 555.0]
[128.0, 0.0, 869.0, 556.0]
[144.0, 16.0, 886.0, 572.0]
[160.0, 16.0, 903.0, 573.0]
[208.0, 0.0, 952.0, 558.0]
[208.0, 0.0, 953.0, 559.0]
[128.0, 16.0, 874.0, 576.0]
[48.0, 16.0, 795.0, 576.0]
[80.0, 0.0, 828.0, 561.0]
[144.0, 0.0, 893.0, 562.0]
[80.0, 0.0, 830.0, 562.0]
[96.0, 0.0, 847.0, 563.0]
[176.0, 0.0, 928.0, 564.0]
[224.0, 0.0, 977.0, 565.0]
[128.0, 0.0, 882.0, 566.0]
[48.0, 0.0, 803.0, 566.0]
[208.0, 0.0, 964.0, 567.0]
[96.0, 0.0, 853.0, 568.0]
[112.0, 0.0, 870.0, 568.0]
[80.0, 0.0, 839.0, 569.0]
[144.0, 0.0, 904.0, 570.0]
[176.0, 0.0, 937.0, 571.0]
[96.0, 0.0, 858.0, 572.0]
[48.0, 0.0, 811.0, 572.0]
[208.0, 0.0, 972.0, 573.0]
[64.0, 0.0, 829.0, 574.0]
[160.0, 0.0, 926.0, 574.0]
[64.0, 0.0, 831.0, 575.0]
[208.0, 0.0, 976.0, 576.0]
