[128.0, 144.0, 921.0, 739.0]
[64.0, 96.0, 858.0, 692.0]
[48.0, 48.0, 843.0, 644.0]
[64.0, 96.0, 860.0, 693.0]
[160.0, 48.0, 957.0, 646.0]
[64.0, 128.0, 862.0, 726.0]
[48.0, 64.0, 847.0, 663.0]
[176.0, 112.0, 976.0, 712.0]
[80.0, 96.0, 881.0, 697.0]
[80.0, 112.0, 882.0, 714.0]
[48.0, 128.0, 851.0, 730.0]
[176.0, 112.0, 980.0, 715.0]
[80.0, 128.0, 885.0, 732.0]
[32.0, 64.0, 838.0, 668.0]
[96.0, 128.0, 903.0, 733.0]
[80.0, 128.0, 888.0, 734.0]
[144.0, 48.0, 953.0, 655.0]
[128.0, 32.0, 938.0, 640.0]
[144.0, 128.0, 955.0, 736.0]
[144.0, 48.0, 956.0, 657.0]
[112.0, 144.0, 925.0, 754.0]
[176.0, 128.0, 990.0, 738.0]
[48.0, 16.0, 863.0, 627.0]
[48.0, 64.0, 864.0, 676.0]
[16.0, 96.0, 833.0, 709.0]
[16.0, 128.0, 834.0, 742.0]
[176.0, 128.0, 995.0, 742.0]
[64.0, 64.0, 884.0, 679.0]
[96.0, 128.0, 917.0, 744.0]
[192.0, 48.0, 1014.0, 664.0]
[80.0, 112.0, 903.0, 729.0]
[160.0, 16.0, 984.0, 634.0]
[160.0, 96.0, 985.0, 715.0]
[96.0, 32.0, 922.0, 652.0]
[48.0, 16.0, 875.0, 636.0]
[128.0, 48.0, 956.0, 669.0]
[32.0, 64.0, 861.0, 686.0]
[192.0, 64.0, 1022.0, 686.0]
[176.0, 80.0, 1007.0, 703.0]
[80.0, 64.0, 912.0, 688.0]
[144.0, 32.0, 977.0, 657.0]
[16.0, 112.0, 850.0, 738.0]
[176.0, 48.0, 1011.0, 674.0]
[32.0, 80.0, 868.0, 707.0]
[144.0, 96.0, 981.0, 724.0]
[96.0, 16.0, 934.0, 644.0]
[48.0, 112.0, 887.0, 741.0]
[160.0, 48.0, 1000.0, 678.0]
[32.0, 112.0, 873.0, 743.0]
[80.0, 64.0, 922.0, 696.0]
[80.0, 64.0, 923.0, 696.0]
[80.0, 64.0, 924.0, 697.0]
[160.0, 16.0, 1005.0, 650.0]
[112.0, 128.0, 958.0, 762.0]
[16.0, 128.0, 863.0, 763.0]
[80.0, 128.0, 928.0, 764.0]
[144.0, 96.0, 993.0, 733.0]
[144.0, 96.0, 994.0, 734.0]
[96.0, 128.0, 947.0, 766.0]
[96.0, 128.0, 948.0, 767.0]
[112.0, 32.0, 965.0, 672.0]
[0.0, 32.0, 854.0, 672.0]
[112.0, 112.0, 967.0, 753.0]
[64.0, 96.0, 920.0, 738.0]
[48.0, 16.0, 905.0, 659.0]
[48.0, 0.0, 906.0, 644.0]
[144.0, 64.0, 1003.0, 708.0]
[32.0, 112.0, 892.0, 757.0]
[80.0, 96.0, 941.0, 742.0]
[48.0, 48.0, 910.0, 694.0]
[112.0, 128.0, 975.0, 775.0]
[48.0, 64.0, 912.0, 712.0]
[16.0, 112.0, 881.0, 761.0]
[112.0, 48.0, 978.0, 698.0]
[32.0, 16.0, 899.0, 666.0]
[48.0, 48.0, 916.0, 699.0]
[64.0, 80.0, 933.0, 732.0]
[16.0, 64.0, 886.0, 716.0]
[128.0, 80.0, 999.0, 733.0]
[96.0, 112.0, 968.0, 766.0]
[48.0, 0.0, 921.0, 655.0]
[48.0, 48.0, 922.0, 704.0]
[144.0, 112.0, 1019.0, 768.0]
[0.0, 16.0, 876.0, 673.0]
[32.0, 112.0, 909.0, 770.0]
[48.0, 112.0, 926.0, 770.0]
[16.0, 64.0, 895.0, 723.0]
[128.0, 80.0, 1008.0, 740.0]
[64.0, 80.0, 945.0, 741.0]
[128.0, 32.0, 1010.0, 694.0]
[64.0, 96.0, 947.0, 758.0]
[48.0, 0.0, 932.0, 663.0]
[128.0, 112.0, 1013.0, 776.0]
[16.0, 64.0, 902.0, 728.0]
[16.0, 48.0, 903.0, 713.0]
[16.0, 0.0, 904.0, 666.0]
[16.0, 96.0, 905.0, 763.0]
[96.0, 16.0, 986.0, 684.0]
[32.0, 16.0, 923.0, 684.0]
[112.0, 80.0, 1004.0, 749.0]
[48.0, 32.0, 941.0, 702.0]
[32.0, 112.0, 926.0, 782.0]
[80.0, 112.0, 975.0, 783.0]
[48.0, 16.0, 944.0, 688.0]
[16.0, 16.0, 913.0, 689.0]
[80.0, 64.0, 978.0, 738.0]
[64.0, 32.0, 963.0, 706.0]
[48.0, 0.0, 948.0, 675.0]
[16.0, 16.0, 917.0, 692.0]
[48.0, 16.0, 950.0, 692.0]
[80.0, 64.0, 983.0, 741.0]
[0.0, 48.0, 904.0, 726.0]
[80.0, 48.0, 985.0, 727.0]
[80.0, 96.0, 986.0, 776.0]
[32.0, 0.0, 939.0, 680.0]
[112.0, 96.0, 1020.0, 777.0]
[0.0, 16.0, 909.0, 698.0]
[80.0, 48.0, 990.0, 730.0]
[0.0, 96.0, 911.0, 779.0]
[64.0, 48.0, 976.0, 732.0]
[48.0, 32.0, 961.0, 717.0]
[80.0, 0.0, 994.0, 686.0]
[96.0, 64.0, 1011.0, 750.0]
[48.0, 32.0, 964.0, 719.0]
[64.0, 0.0, 981.0, 688.0]
[64.0, 16.0, 982.0, 704.0]
[48.0, 64.0, 967.0, 753.0]
[32.0, 48.0, 952.0, 738.0]
[48.0, 0.0, 969.0, 691.0]
[64.0, 48.0, 986.0, 740.0]
[80.0, 32.0, 1003.0, 724.0]
[16.0, 32.0, 940.0, 725.0]
[64.0, 0.0, 989.0, 694.0]
[32.0, 48.0, 958.0, 742.0]
[96.0, 48.0, 1023.0, 743.0]
[16.0, 80.0, 944.0, 776.0]
[48.0, 0.0, 977.0, 697.0]
[0.0, 64.0, 930.0, 762.0]
[0.0, 80.0, 931.0, 778.0]
[48.0, 80.0, 980.0, 779.0]
[32.0, 48.0, 965.0, 748.0]
[48.0, 80.0, 982.0, 780.0]
[0.0, 48.0, 935.0, 749.0]
[64.0, 32.0, 1000.0, 734.0]
[0.0, 32.0, 937.0, 735.0]
[64.0, 80.0, 1002.0, 784.0]
[48.0, 64.0, 987.0, 768.0]
[80.0, 32.0, 1020.0, 737.0]
[0.0, 16.0, 941.0, 722.0]
[0.0, 48.0, 942.0, 754.0]
[16.0, 64.0, 959.0, 771.0]
[32.0, 16.0, 976.0, 724.0]
[48.0, 48.0, 993.0, 757.0]
[32.0, 48.0, 978.0, 758.0]
[16.0, 64.0, 963.0, 774.0]
[16.0, 32.0, 964.0, 743.0]
[16.0, 16.0, 965.0, 728.0]
[16.0, 48.0, 966.0, 760.0]
[32.0, 64.0, 983.0, 777.0]
[16.0, 0.0, 968.0, 714.0]
[32.0, 0.0, 985.0, 715.0]
[32.0, 32.0, 986.0, 748.0]
[16.0, 0.0, 971.0, 716.0]
[16.0, 64.0, 972.0, 781.0]
[32.0, 48.0, 989.0, 766.0]
[48.0, 64.0, 1006.0, 782.0]
[64.0, 32.0, 1023.0, 751.0]
[64.0, 0.0, 1024.0, 720.0]
[0.0, 32.0, 961.0, 753.0]
[48.0, 0.0, 1010.0, 722.0]
[0.0, 32.0, 963.0, 754.0]
[0.0, 16.0, 964.0, 739.0]
[48.0, 32.0, 1013.0, 756.0]
[32.0, 32.0, 998.0, 756.0]
[32.0, 48.0, 999.0, 773.0]
[0.0, 32.0, 968.0, 758.0]
[16.0, 0.0, 985.0, 727.0]
[48.0, 48.0, 1018.0, 776.0]
[16.0, 48.0, 987.0, 776.0]
[32.0, 0.0, 1004.0, 729.0]
[0.0, 32.0, 973.0, 762.0]
[0.0, 48.0, 974.0, 778.0]
[16.0, 48.0, 991.0, 779.0]
[16.0, 48.0, 992.0, 780.0]
[32.0, 0.0, 1009.0, 733.0]
[16.0, 48.0, 994.0, 782.0]
[0.0, 16.0, 979.0, 750.0]
[0.0, 0.0, 980.0, 735.0]
[0.0, 0.0, 981.0, 736.0]
[16.0, 16.0, 998.0, 752.0]
[0.0, 32.0, 983.0, 769.0]
[0.0, 32.0, 984.0, 770.0]
[16.0, 32.0, 1001.0, 771.0]
[32.0, 0.0, 1018.0, 740.0]
[0.0, 16.0, 987.0, 756.0]
[0.0, 16.0, 988.0, 757.0]
[0.0, 16.0, 989.0, 758.0]
[32.0, 32.0, 1022.0, 774.0]
[0.0, 0.0, 991.0, 743.0]
[0.0, 0.0, 992.0, 744.0]
[16.0, 0.0, 1009.0, 745.0]
[16.0, 0.0, 1010.0, 746.0]
[0.0, 0.0, 995.0, 746.0]
[16.0, 32.0, 1012.0, 779.0]
[16.0, 0.0, 1013.0, 748.0]
[0.0, 0.0, 998.0, 748.0]
[0.0, 0.0, 999.0, 749.0]
[16.0, 32.0, 1016.0, 782.0]
[0.0, 0.0, 1001.0, 751.0]
[16.0, 32.0, 1018.0, 784.0]
[16.0, 0.0, 1019.0, 752.0]
[0.0, 16.0, 1004.0, 769.0]
[16.0, 0.0, 1021.0, 754.0]
[16.0, 0.0, 1022.0, 754.0]
[0.0, 0.0, 1007.0, 755.0]
[0.0, 16.0, 1008.0, 772.0]
[0.0, 0.0, 1009.0, 757.0]
[0.0, 16.0, 1010.0, 774.0]
[0.0, 16.0, 1011.0, 774.0]
[0.0, 0.0, 1012.0, 759.0]
[0.0, 0.0, 1013.0, 760.0]
[0.0, 16.0, 1014.0, 776.0]
[0.0, 16.0, 1015.0, 777.0]
[0.0, 0.0, 1016.0, 762.0]
[0.0, 16.0, 1017.0, 779.0]
[0.0, 0.0, 1018.0, 764.0]
[0.0, 16.0, 1019.0, 780.0]
[0.0, 0.0, 1020.0, 765.0]
[0.0, 0.0, 1021.0, 766.0]
[0.0, 0.0, 1022.0, 766.0]
[0.0, 16.0, 1023.0, 783.0]
[0.0, 16.0, 1024.0, 784.0]
