[176.0, 112.0, 893.0, 650.0]
[112.0, 128.0, 830.0, 666.0]
[160.0, 128.0, 879.0, 667.0]
[176.0, 112.0, 896.0, 652.0]
[32.0, 96.0, 753.0, 637.0]
[48.0, 96.0, 770.0, 638.0]
[96.0, 112.0, 819.0, 654.0]
[80.0, 112.0, 804.0, 655.0]
[224.0, 112.0, 949.0, 656.0]
[112.0, 96.0, 838.0, 640.0]
[176.0, 128.0, 903.0, 673.0]
[96.0, 128.0, 824.0, 674.0]
[240.0, 128.0, 969.0, 675.0]
[256.0, 128.0, 986.0, 676.0]
[160.0, 80.0, 891.0, 628.0]
[64.0, 112.0, 796.0, 661.0]
[224.0, 128.0, 957.0, 678.0]
[128.0, 80.0, 862.0, 630.0]
[64.0, 80.0, 799.0, 631.0]
[80.0, 112.0, 816.0, 664.0]
[208.0, 96.0, 945.0, 649.0]
[144.0, 80.0, 882.0, 634.0]
[144.0, 96.0, 883.0, 650.0]
[96.0, 112.0, 836.0, 667.0]
[128.0, 80.0, 869.0, 636.0]
[48.0, 80.0, 790.0, 636.0]
[112.0, 80.0, 855.0, 637.0]
[96.0, 80.0, 840.0, 638.0]
[192.0, 112.0, 937.0, 671.0]
[160.0, 144.0, 906.0, 704.0]
[160.0, 144.0, 907.0, 704.0]
[176.0, 96.0, 924.0, 657.0]
[208.0, 144.0, 957.0, 706.0]
[128.0, 112.0, 878.0, 674.0]
[144.0, 144.0, 895.0, 707.0]
[144.0, 144.0, 896.0, 708.0]
[240.0, 112.0, 993.0, 677.0]
[208.0, 112.0, 962.0, 678.0]
[160.0, 112.0, 915.0, 678.0]
[208.0, 64.0, 964.0, 631.0]
[0.0, 96.0, 757.0, 664.0]
[176.0, 128.0, 934.0, 696.0]
[192.0, 144.0, 951.0, 713.0]
[64.0, 112.0, 824.0, 682.0]
[16.0, 112.0, 777.0, 683.0]
[112.0, 128.0, 874.0, 700.0]
[240.0, 112.0, 1003.0, 684.0]
[64.0, 112.0, 828.0, 685.0]
[64.0, 144.0, 829.0, 718.0]
[0.0, 112.0, 766.0, 686.0]
[192.0, 128.0, 959.0, 703.0]
[176.0, 144.0, 944.0, 720.0]
[208.0, 112.0, 977.0, 689.0]
[208.0, 80.0, 978.0, 658.0]
[48.0, 96.0, 819.0, 674.0]
[160.0, 96.0, 932.0, 675.0]
[112.0, 48.0, 885.0, 628.0]
[128.0, 64.0, 902.0, 644.0]
[128.0, 48.0, 903.0, 629.0]
[128.0, 144.0, 904.0, 726.0]
[160.0, 128.0, 937.0, 711.0]
[32.0, 96.0, 810.0, 680.0]
[144.0, 112.0, 923.0, 696.0]
[80.0, 64.0, 860.0, 649.0]
[208.0, 64.0, 989.0, 650.0]
[112.0, 128.0, 894.0, 714.0]
[96.0, 128.0, 879.0, 715.0]
[112.0, 112.0, 896.0, 700.0]
[48.0, 80.0, 833.0, 669.0]
[208.0, 80.0, 994.0, 670.0]
[32.0, 64.0, 819.0, 654.0]
[48.0, 48.0, 836.0, 639.0]
[112.0, 144.0, 901.0, 736.0]
[16.0, 96.0, 806.0, 688.0]
[32.0, 96.0, 823.0, 689.0]
[176.0, 80.0, 968.0, 674.0]
[64.0, 48.0, 857.0, 643.0]
[144.0, 144.0, 938.0, 740.0]
[192.0, 80.0, 987.0, 676.0]
[80.0, 64.0, 876.0, 661.0]
[112.0, 32.0, 909.0, 630.0]
[128.0, 112.0, 926.0, 710.0]
[192.0, 96.0, 991.0, 695.0]
[112.0, 96.0, 912.0, 696.0]
[48.0, 32.0, 849.0, 633.0]
[80.0, 112.0, 882.0, 714.0]
[160.0, 48.0, 963.0, 650.0]
[192.0, 96.0, 996.0, 699.0]
[32.0, 32.0, 837.0, 636.0]
[144.0, 128.0, 950.0, 732.0]
[208.0, 112.0, 1015.0, 717.0]
[208.0, 96.0, 1016.0, 702.0]
[144.0, 144.0, 953.0, 751.0]
[96.0, 16.0, 906.0, 624.0]
[0.0, 96.0, 811.0, 704.0]
[48.0, 112.0, 860.0, 721.0]
[80.0, 64.0, 893.0, 674.0]
[16.0, 128.0, 830.0, 738.0]
[80.0, 32.0, 895.0, 643.0]
[144.0, 80.0, 960.0, 692.0]
[96.0, 16.0, 913.0, 629.0]
[160.0, 48.0, 978.0, 662.0]
[48.0, 48.0, 867.0, 662.0]
[32.0, 32.0, 852.0, 647.0]
[128.0, 96.0, 949.0, 712.0]
[192.0, 48.0, 1014.0, 664.0]
[144.0, 128.0, 967.0, 745.0]
[144.0, 112.0, 968.0, 730.0]
[80.0, 144.0, 905.0, 763.0]
[16.0, 80.0, 842.0, 700.0]
[48.0, 144.0, 875.0, 764.0]
[32.0, 16.0, 860.0, 637.0]
[128.0, 16.0, 957.0, 638.0]
[96.0, 64.0, 926.0, 686.0]
[48.0, 144.0, 879.0, 767.0]
[48.0, 48.0, 880.0, 672.0]
[32.0, 112.0, 865.0, 737.0]
[176.0, 128.0, 1010.0, 754.0]
[144.0, 64.0, 979.0, 690.0]
[96.0, 64.0, 932.0, 691.0]
[112.0, 64.0, 949.0, 692.0]
[32.0, 16.0, 870.0, 644.0]
[64.0, 96.0, 903.0, 725.0]
[32.0, 80.0, 872.0, 710.0]
[128.0, 80.0, 969.0, 711.0]
[16.0, 16.0, 858.0, 648.0]
[128.0, 64.0, 971.0, 696.0]
[128.0, 32.0, 972.0, 665.0]
[64.0, 0.0, 909.0, 634.0]
[64.0, 64.0, 910.0, 698.0]
[48.0, 32.0, 895.0, 667.0]
[32.0, 96.0, 880.0, 732.0]
[0.0, 112.0, 849.0, 749.0]
[0.0, 16.0, 850.0, 654.0]
[32.0, 32.0, 883.0, 670.0]
[128.0, 128.0, 980.0, 767.0]
[0.0, 96.0, 853.0, 736.0]
[160.0, 80.0, 1014.0, 720.0]
[160.0, 16.0, 1015.0, 657.0]
[112.0, 128.0, 968.0, 770.0]
[144.0, 112.0, 1001.0, 755.0]
[48.0, 32.0, 906.0, 676.0]
[0.0, 32.0, 859.0, 676.0]
[112.0, 48.0, 972.0, 693.0]
[112.0, 96.0, 973.0, 742.0]
[32.0, 64.0, 894.0, 710.0]
[64.0, 112.0, 927.0, 759.0]
[32.0, 112.0, 896.0, 760.0]
[80.0, 64.0, 945.0, 713.0]
[64.0, 16.0, 930.0, 666.0]
[112.0, 96.0, 979.0, 746.0]
[80.0, 64.0, 948.0, 715.0]
[16.0, 48.0, 885.0, 700.0]
[0.0, 64.0, 870.0, 716.0]
[128.0, 48.0, 999.0, 701.0]
[144.0, 16.0, 1016.0, 670.0]
[0.0, 0.0, 873.0, 655.0]
[112.0, 80.0, 986.0, 736.0]
[0.0, 32.0, 875.0, 688.0]
[144.0, 16.0, 1020.0, 673.0]
[112.0, 96.0, 989.0, 754.0]
[96.0, 0.0, 974.0, 658.0]
[48.0, 32.0, 927.0, 691.0]
[112.0, 96.0, 992.0, 756.0]
[128.0, 80.0, 1009.0, 741.0]
[128.0, 16.0, 1010.0, 678.0]
[80.0, 16.0, 963.0, 678.0]
[32.0, 16.0, 916.0, 679.0]
[128.0, 64.0, 1013.0, 728.0]
[32.0, 0.0, 918.0, 664.0]
[48.0, 48.0, 935.0, 713.0]
[0.0, 0.0, 888.0, 666.0]
[48.0, 16.0, 937.0, 683.0]
[112.0, 16.0, 1002.0, 684.0]
[16.0, 48.0, 907.0, 716.0]
[32.0, 64.0, 924.0, 733.0]
[16.0, 80.0, 909.0, 750.0]
[96.0, 48.0, 990.0, 718.0]
[128.0, 48.0, 1023.0, 719.0]
[112.0, 80.0, 1008.0, 752.0]
[64.0, 32.0, 961.0, 705.0]
[16.0, 96.0, 914.0, 770.0]
[48.0, 0.0, 947.0, 674.0]
[48.0, 0.0, 948.0, 675.0]
[64.0, 16.0, 965.0, 692.0]
[48.0, 48.0, 950.0, 724.0]
[0.0, 16.0, 903.0, 693.0]
[64.0, 0.0, 968.0, 678.0]
[48.0, 80.0, 953.0, 759.0]
[48.0, 16.0, 954.0, 696.0]
[80.0, 80.0, 987.0, 760.0]
[80.0, 0.0, 988.0, 681.0]
[96.0, 0.0, 1005.0, 682.0]
[16.0, 64.0, 926.0, 746.0]
[96.0, 80.0, 1007.0, 763.0]
[80.0, 64.0, 992.0, 748.0]
[16.0, 32.0, 929.0, 717.0]
[48.0, 48.0, 962.0, 734.0]
[48.0, 48.0, 963.0, 734.0]
[16.0, 32.0, 932.0, 719.0]
[64.0, 80.0, 981.0, 768.0]
[32.0, 32.0, 950.0, 720.0]
[32.0, 16.0, 951.0, 705.0]
[64.0, 0.0, 984.0, 690.0]
[0.0, 64.0, 921.0, 755.0]
[32.0, 48.0, 954.0, 740.0]
[80.0, 0.0, 1003.0, 692.0]
[32.0, 16.0, 956.0, 709.0]
[32.0, 64.0, 957.0, 758.0]
[32.0, 32.0, 958.0, 726.0]
[16.0, 64.0, 943.0, 759.0]
[64.0, 0.0, 992.0, 696.0]
[0.0, 48.0, 929.0, 745.0]
[80.0, 48.0, 1010.0, 746.0]
[64.0, 32.0, 995.0, 730.0]
[16.0, 48.0, 948.0, 747.0]
[80.0, 48.0, 1013.0, 748.0]
[32.0, 32.0, 966.0, 732.0]
[64.0, 16.0, 999.0, 717.0]
[48.0, 32.0, 984.0, 734.0]
[0.0, 32.0, 937.0, 735.0]
[48.0, 64.0, 986.0, 768.0]
[32.0, 64.0, 971.0, 768.0]
[48.0, 16.0, 988.0, 721.0]
[48.0, 0.0, 989.0, 706.0]
[32.0, 16.0, 974.0, 722.0]
[64.0, 16.0, 1007.0, 723.0]
[48.0, 16.0, 992.0, 724.0]
[16.0, 0.0, 961.0, 709.0]
[64.0, 0.0, 1010.0, 710.0]
[0.0, 48.0, 947.0, 758.0]
[64.0, 16.0, 1012.0, 727.0]
[32.0, 16.0, 981.0, 728.0]
[32.0, 32.0, 982.0, 744.0]
[32.0, 48.0, 983.0, 761.0]
[0.0, 0.0, 952.0, 714.0]
[64.0, 32.0, 1017.0, 747.0]
[16.0, 16.0, 970.0, 732.0]
[0.0, 48.0, 955.0, 764.0]
[64.0, 16.0, 1020.0, 733.0]
[16.0, 0.0, 973.0, 718.0]
[64.0, 48.0, 1022.0, 766.0]
[32.0, 16.0, 991.0, 735.0]
[16.0, 16.0, 976.0, 736.0]
[32.0, 32.0, 993.0, 753.0]
[0.0, 0.0, 962.0, 722.0]
[32.0, 0.0, 995.0, 722.0]
[16.0, 16.0, 980.0, 739.0]
[0.0, 0.0, 965.0, 724.0]
[0.0, 0.0, 966.0, 724.0]
[32.0, 16.0, 999.0, 741.0]
[32.0, 32.0, 1000.0, 758.0]
[32.0, 32.0, 1001.0, 759.0]
[32.0, 16.0, 1002.0, 744.0]
[48.0, 16.0, 1019.0, 744.0]
[32.0, 0.0, 1004.0, 729.0]
[16.0, 32.0, 989.0, 762.0]
[16.0, 0.0, 990.0, 730.0]
[16.0, 32.0, 991.0, 763.0]
[0.0, 16.0, 976.0, 748.0]
[16.0, 16.0, 993.0, 749.0]
[16.0, 16.0, 994.0, 750.0]
[16.0, 16.0, 995.0, 750.0]
[0.0, 16.0, 980.0, 751.0]
[0.0, 32.0, 981.0, 768.0]
[0.0, 0.0, 982.0, 736.0]
[16.0, 0.0, 999.0, 737.0]
[16.0, 0.0, 1000.0, 738.0]
[32.0, 0.0, 1017.0, 739.0]
[0.0, 0.0, 986.0, 740.0]
[16.0, 0.0, 1003.0, 740.0]
[16.0, 16.0, 1004.0, 757.0]
[16.0, 0.0, 1005.0, 742.0]
[32.0, 0.0, 1022.0, 742.0]
[0.0, 16.0, 991.0, 759.0]
[0.0, 0.0, 992.0, 744.0]
[16.0, 16.0, 1009.0, 761.0]
[0.0, 0.0, 994.0, 746.0]
[16.0, 16.0, 1011.0, 762.0]
[0.0, 16.0, 996.0, 763.0]
[16.0, 0.0, 1013.0, 748.0]
[16.0, 0.0, 1014.0, 748.0]
[0.0, 16.0, 999.0, 765.0]
[0.0, 0.0, 1000.0, 750.0]
[16.0, 16.0, 1017.0, 767.0]
[16.0, 0.0, 1018.0, 752.0]
[16.0, 0.0, 1019.0, 752.0]
[16.0, 0.0, 1020.0, 753.0]
[16.0, 0.0, 1021.0, 754.0]
[0.0, 16.0, 1006.0, 770.0]
[16.0, 0.0, 1023.0, 755.0]
[0.0, 0.0, 1008.0, 756.0]
[0.0, 0.0, 1009.0, 757.0]
[0.0, 0.0, 1010.0, 758.0]
[0.0, 0.0, 1011.0, 758.0]
[0.0, 0.0, 1012.0, 759.0]
[0.0, 0.0, 1013.0, 760.0]
[0.0, 0.0, 1014.0, 760.0]
[0.0, 0.0, 1015.0, 761.0]
[0.0, 0.0, 1016.0, 762.0]
