[176.0, 48.0, 893.0, 586.0]
[112.0, 48.0, 830.0, 586.0]
[96.0, 16.0, 815.0, 555.0]
[112.0, 0.0, 832.0, 540.0]
[144.0, 64.0, 865.0, 605.0]
[144.0, 16.0, 866.0, 558.0]
[112.0, 16.0, 835.0, 558.0]
[96.0, 112.0, 820.0, 655.0]
[112.0, 48.0, 837.0, 592.0]
[128.0, 80.0, 854.0, 624.0]
[128.0, 0.0, 855.0, 545.0]
[128.0, 96.0, 856.0, 642.0]
[48.0, 64.0, 777.0, 611.0]
[144.0, 16.0, 874.0, 564.0]
[48.0, 64.0, 779.0, 612.0]
[48.0, 112.0, 780.0, 661.0]
[80.0, 64.0, 813.0, 614.0]
[96.0, 48.0, 830.0, 598.0]
[64.0, 48.0, 799.0, 599.0]
[64.0, 0.0, 800.0, 552.0]
[96.0, 16.0, 833.0, 569.0]
[128.0, 0.0, 866.0, 554.0]
[80.0, 64.0, 819.0, 618.0]
[160.0, 96.0, 900.0, 651.0]
[16.0, 96.0, 757.0, 652.0]
[112.0, 0.0, 854.0, 556.0]
[64.0, 96.0, 807.0, 653.0]
[16.0, 32.0, 760.0, 590.0]
[64.0, 16.0, 809.0, 575.0]
[128.0, 64.0, 874.0, 624.0]
[160.0, 64.0, 907.0, 624.0]
[96.0, 80.0, 844.0, 641.0]
[48.0, 0.0, 797.0, 562.0]
[128.0, 80.0, 878.0, 642.0]
[16.0, 48.0, 767.0, 611.0]
[80.0, 96.0, 832.0, 660.0]
[128.0, 16.0, 881.0, 581.0]
[176.0, 32.0, 930.0, 598.0]
[176.0, 96.0, 931.0, 662.0]
[80.0, 112.0, 836.0, 679.0]
[160.0, 64.0, 917.0, 632.0]
[144.0, 48.0, 902.0, 616.0]
[144.0, 16.0, 903.0, 585.0]
[128.0, 16.0, 888.0, 586.0]
[128.0, 32.0, 889.0, 603.0]
[128.0, 0.0, 890.0, 572.0]
[176.0, 32.0, 939.0, 604.0]
[80.0, 48.0, 844.0, 621.0]
[48.0, 80.0, 813.0, 654.0]
[160.0, 80.0, 926.0, 654.0]
[160.0, 96.0, 927.0, 671.0]
[48.0, 64.0, 816.0, 640.0]
[64.0, 0.0, 833.0, 577.0]
[160.0, 48.0, 930.0, 626.0]
[96.0, 64.0, 867.0, 642.0]
[96.0, 16.0, 868.0, 595.0]
[48.0, 0.0, 821.0, 580.0]
[96.0, 80.0, 870.0, 660.0]
[32.0, 32.0, 807.0, 613.0]
[0.0, 64.0, 776.0, 646.0]
[0.0, 48.0, 777.0, 631.0]
[128.0, 64.0, 906.0, 648.0]
[128.0, 16.0, 907.0, 600.0]
[112.0, 96.0, 892.0, 681.0]
[16.0, 48.0, 797.0, 634.0]
[80.0, 0.0, 862.0, 586.0]
[48.0, 48.0, 831.0, 635.0]
[112.0, 48.0, 896.0, 636.0]
[128.0, 32.0, 913.0, 621.0]
[32.0, 32.0, 818.0, 622.0]
[32.0, 32.0, 819.0, 622.0]
[16.0, 48.0, 804.0, 639.0]
[48.0, 64.0, 837.0, 656.0]
[32.0, 64.0, 822.0, 656.0]
[128.0, 80.0, 919.0, 673.0]
[0.0, 80.0, 792.0, 674.0]
[160.0, 80.0, 953.0, 675.0]
[32.0, 80.0, 826.0, 676.0]
[160.0, 32.0, 955.0, 628.0]
[112.0, 64.0, 908.0, 661.0]
[96.0, 80.0, 893.0, 678.0]
[176.0, 32.0, 974.0, 630.0]
[32.0, 32.0, 831.0, 631.0]
[0.0, 32.0, 800.0, 632.0]
[128.0, 48.0, 929.0, 649.0]
[80.0, 32.0, 882.0, 634.0]
[160.0, 16.0, 963.0, 618.0]
[16.0, 32.0, 820.0, 635.0]
[32.0, 48.0, 837.0, 652.0]
[112.0, 32.0, 918.0, 636.0]
[112.0, 16.0, 919.0, 621.0]
[80.0, 16.0, 888.0, 622.0]
[64.0, 32.0, 873.0, 639.0]
[32.0, 0.0, 842.0, 608.0]
[176.0, 48.0, 987.0, 656.0]
[80.0, 16.0, 892.0, 625.0]
[112.0, 32.0, 925.0, 642.0]
[80.0, 0.0, 894.0, 610.0]
[176.0, 48.0, 991.0, 659.0]
[160.0, 64.0, 976.0, 676.0]
[160.0, 64.0, 977.0, 677.0]
[144.0, 32.0, 962.0, 646.0]
[32.0, 0.0, 851.0, 614.0]
[160.0, 48.0, 980.0, 663.0]
[160.0, 48.0, 981.0, 664.0]
[144.0, 16.0, 966.0, 632.0]
[144.0, 16.0, 967.0, 633.0]
[16.0, 16.0, 840.0, 634.0]
[16.0, 64.0, 841.0, 683.0]
[160.0, 48.0, 986.0, 668.0]
[32.0, 48.0, 859.0, 668.0]
[32.0, 48.0, 860.0, 669.0]
[16.0, 16.0, 845.0, 638.0]
[144.0, 0.0, 974.0, 622.0]
[80.0, 32.0, 911.0, 655.0]
[16.0, 0.0, 848.0, 624.0]
[160.0, 32.0, 993.0, 657.0]
[160.0, 16.0, 994.0, 642.0]
[32.0, 32.0, 867.0, 658.0]
[16.0, 0.0, 852.0, 627.0]
[64.0, 16.0, 901.0, 644.0]
[144.0, 16.0, 982.0, 644.0]
[144.0, 32.0, 983.0, 661.0]
[80.0, 32.0, 920.0, 662.0]
[32.0, 0.0, 873.0, 631.0]
[48.0, 16.0, 890.0, 648.0]
[112.0, 16.0, 955.0, 648.0]
[64.0, 16.0, 908.0, 649.0]
[80.0, 48.0, 925.0, 682.0]
[16.0, 48.0, 862.0, 682.0]
[16.0, 16.0, 863.0, 651.0]
[80.0, 32.0, 928.0, 668.0]
[64.0, 32.0, 913.0, 669.0]
[32.0, 0.0, 882.0, 638.0]
[128.0, 0.0, 979.0, 638.0]
[144.0, 32.0, 996.0, 671.0]
[128.0, 0.0, 981.0, 640.0]
[112.0, 0.0, 966.0, 640.0]
[96.0, 0.0, 951.0, 641.0]
[16.0, 16.0, 872.0, 658.0]
[16.0, 0.0, 873.0, 643.0]
[80.0, 32.0, 938.0, 676.0]
[80.0, 0.0, 939.0, 644.0]
[112.0, 0.0, 972.0, 645.0]
[128.0, 0.0, 989.0, 646.0]
[16.0, 16.0, 878.0, 662.0]
[48.0, 16.0, 911.0, 663.0]
[64.0, 0.0, 928.0, 648.0]
[96.0, 0.0, 961.0, 649.0]
[0.0, 0.0, 866.0, 650.0]
[128.0, 16.0, 995.0, 666.0]
[48.0, 0.0, 916.0, 651.0]
[16.0, 16.0, 885.0, 668.0]
[32.0, 16.0, 902.0, 668.0]
[32.0, 0.0, 903.0, 653.0]
[80.0, 16.0, 952.0, 670.0]
[96.0, 16.0, 969.0, 671.0]
[128.0, 0.0, 1002.0, 656.0]
[112.0, 16.0, 987.0, 672.0]
[144.0, 16.0, 1020.0, 673.0]
[32.0, 0.0, 909.0, 658.0]
[48.0, 0.0, 926.0, 658.0]
[0.0, 16.0, 879.0, 675.0]
[48.0, 16.0, 928.0, 676.0]
[112.0, 16.0, 993.0, 677.0]
[128.0, 16.0, 1010.0, 678.0]
[112.0, 0.0, 995.0, 662.0]
[96.0, 0.0, 980.0, 663.0]
[128.0, 16.0, 1013.0, 680.0]
[128.0, 16.0, 1014.0, 680.0]
[64.0, 16.0, 951.0, 681.0]
[96.0, 16.0, 984.0, 682.0]
[96.0, 16.0, 985.0, 683.0]
[112.0, 0.0, 1002.0, 668.0]
[16.0, 0.0, 907.0, 668.0]
[96.0, 0.0, 988.0, 669.0]
[128.0, 0.0, 1021.0, 670.0]
[128.0, 0.0, 1022.0, 670.0]
[0.0, 0.0, 895.0, 671.0]
[48.0, 0.0, 944.0, 672.0]
[96.0, 0.0, 993.0, 673.0]
[64.0, 0.0, 962.0, 674.0]
[32.0, 0.0, 931.0, 674.0]
[48.0, 0.0, 948.0, 675.0]
[0.0, 0.0, 901.0, 676.0]
[80.0, 0.0, 982.0, 676.0]
[16.0, 0.0, 919.0, 677.0]
