[208.0, 32.0, 925.0, 570.0]
[80.0, 16.0, 798.0, 554.0]
[112.0, 16.0, 831.0, 555.0]
[160.0, 80.0, 880.0, 620.0]
[176.0, 0.0, 897.0, 541.0]
[64.0, 48.0, 786.0, 590.0]
[144.0, 112.0, 867.0, 654.0]
[176.0, 0.0, 900.0, 543.0]
[80.0, 64.0, 805.0, 608.0]
[224.0, 48.0, 950.0, 592.0]
[176.0, 80.0, 903.0, 625.0]
[80.0, 0.0, 808.0, 546.0]
[144.0, 48.0, 873.0, 595.0]
[240.0, 16.0, 970.0, 564.0]
[160.0, 16.0, 891.0, 564.0]
[32.0, 48.0, 764.0, 597.0]
[224.0, 16.0, 957.0, 566.0]
[208.0, 16.0, 942.0, 566.0]
[176.0, 80.0, 911.0, 631.0]
[32.0, 32.0, 768.0, 584.0]
[48.0, 48.0, 785.0, 601.0]
[112.0, 112.0, 850.0, 666.0]
[176.0, 112.0, 915.0, 666.0]
[64.0, 48.0, 804.0, 603.0]
[160.0, 112.0, 901.0, 668.0]
[128.0, 80.0, 870.0, 636.0]
[64.0, 0.0, 807.0, 557.0]
[32.0, 48.0, 776.0, 606.0]
[176.0, 16.0, 921.0, 575.0]
[112.0, 80.0, 858.0, 640.0]
[240.0, 32.0, 987.0, 592.0]
[144.0, 112.0, 892.0, 673.0]
[48.0, 32.0, 797.0, 594.0]
[32.0, 16.0, 782.0, 578.0]
[96.0, 16.0, 847.0, 579.0]
[112.0, 64.0, 864.0, 628.0]
[64.0, 64.0, 817.0, 629.0]
[128.0, 48.0, 882.0, 614.0]
[144.0, 64.0, 899.0, 630.0]
[144.0, 48.0, 900.0, 615.0]
[32.0, 16.0, 789.0, 584.0]
[144.0, 0.0, 902.0, 568.0]
[128.0, 0.0, 887.0, 569.0]
[128.0, 0.0, 888.0, 570.0]
[128.0, 32.0, 889.0, 603.0]
[64.0, 0.0, 826.0, 572.0]
[80.0, 48.0, 843.0, 620.0]
[96.0, 48.0, 860.0, 621.0]
[208.0, 16.0, 973.0, 590.0]
[144.0, 80.0, 910.0, 654.0]
[240.0, 16.0, 1007.0, 591.0]
[80.0, 32.0, 848.0, 608.0]
[112.0, 16.0, 881.0, 593.0]
[208.0, 0.0, 978.0, 578.0]
[112.0, 96.0, 883.0, 674.0]
[112.0, 48.0, 884.0, 627.0]
[64.0, 64.0, 837.0, 644.0]
[48.0, 32.0, 822.0, 612.0]
[64.0, 48.0, 839.0, 629.0]
[112.0, 96.0, 888.0, 678.0]
[144.0, 80.0, 921.0, 663.0]
[48.0, 32.0, 826.0, 616.0]
[192.0, 16.0, 971.0, 600.0]
[112.0, 16.0, 892.0, 601.0]
[240.0, 16.0, 1021.0, 602.0]
[208.0, 32.0, 990.0, 618.0]
[80.0, 0.0, 863.0, 587.0]
[80.0, 32.0, 864.0, 620.0]
[128.0, 80.0, 913.0, 669.0]
[48.0, 32.0, 834.0, 622.0]
[0.0, 16.0, 787.0, 606.0]
[192.0, 32.0, 980.0, 623.0]
[32.0, 16.0, 821.0, 608.0]
[112.0, 48.0, 902.0, 640.0]
[192.0, 64.0, 983.0, 657.0]
[64.0, 64.0, 856.0, 658.0]
[16.0, 48.0, 809.0, 643.0]
[192.0, 32.0, 986.0, 628.0]
[176.0, 16.0, 971.0, 612.0]
[64.0, 0.0, 860.0, 597.0]
[192.0, 16.0, 989.0, 614.0]
[80.0, 0.0, 878.0, 598.0]
[224.0, 16.0, 1023.0, 615.0]
[112.0, 32.0, 912.0, 632.0]
[0.0, 0.0, 801.0, 601.0]
[16.0, 16.0, 818.0, 618.0]
[112.0, 32.0, 915.0, 634.0]
[80.0, 0.0, 884.0, 603.0]
[96.0, 0.0, 901.0, 604.0]
[176.0, 64.0, 982.0, 668.0]
[160.0, 48.0, 967.0, 653.0]
[80.0, 16.0, 888.0, 622.0]
[96.0, 32.0, 905.0, 639.0]
[160.0, 48.0, 970.0, 656.0]
[48.0, 64.0, 859.0, 672.0]
[32.0, 16.0, 844.0, 625.0]
[128.0, 32.0, 941.0, 642.0]
[96.0, 32.0, 910.0, 642.0]
[0.0, 32.0, 815.0, 643.0]
[80.0, 0.0, 896.0, 612.0]
[32.0, 0.0, 849.0, 613.0]
[160.0, 48.0, 978.0, 662.0]
[32.0, 16.0, 851.0, 630.0]
[32.0, 0.0, 852.0, 615.0]
[112.0, 0.0, 933.0, 616.0]
[0.0, 0.0, 822.0, 616.0]
[160.0, 0.0, 983.0, 617.0]
[48.0, 32.0, 872.0, 650.0]
[160.0, 0.0, 985.0, 619.0]
[80.0, 0.0, 906.0, 620.0]
[80.0, 0.0, 907.0, 620.0]
[48.0, 32.0, 876.0, 653.0]
[112.0, 48.0, 941.0, 670.0]
[80.0, 0.0, 910.0, 622.0]
[112.0, 48.0, 943.0, 671.0]
[64.0, 48.0, 896.0, 672.0]
[80.0, 16.0, 913.0, 641.0]
[160.0, 48.0, 994.0, 674.0]
[48.0, 32.0, 883.0, 658.0]
[16.0, 32.0, 852.0, 659.0]
[64.0, 0.0, 901.0, 628.0]
[160.0, 48.0, 998.0, 676.0]
[176.0, 32.0, 1015.0, 661.0]
[144.0, 32.0, 984.0, 662.0]
[48.0, 32.0, 889.0, 663.0]
[176.0, 0.0, 1018.0, 632.0]
[176.0, 32.0, 1019.0, 664.0]
[128.0, 0.0, 972.0, 633.0]
[0.0, 32.0, 845.0, 666.0]
[48.0, 32.0, 894.0, 666.0]
[176.0, 32.0, 1023.0, 667.0]
[96.0, 0.0, 944.0, 636.0]
[80.0, 32.0, 929.0, 669.0]
[96.0, 0.0, 946.0, 638.0]
[64.0, 0.0, 915.0, 638.0]
[128.0, 32.0, 980.0, 671.0]
[64.0, 32.0, 917.0, 672.0]
[48.0, 32.0, 902.0, 672.0]
[112.0, 32.0, 967.0, 673.0]
[80.0, 32.0, 936.0, 674.0]
[48.0, 16.0, 905.0, 659.0]
[112.0, 32.0, 970.0, 676.0]
[128.0, 16.0, 987.0, 660.0]
[64.0, 16.0, 924.0, 661.0]
[96.0, 0.0, 957.0, 646.0]
[0.0, 0.0, 862.0, 646.0]
[48.0, 0.0, 911.0, 647.0]
[96.0, 16.0, 960.0, 664.0]
[64.0, 0.0, 929.0, 649.0]
[128.0, 16.0, 994.0, 666.0]
[112.0, 32.0, 979.0, 682.0]
[80.0, 0.0, 948.0, 651.0]
[80.0, 0.0, 949.0, 652.0]
[16.0, 16.0, 886.0, 668.0]
[64.0, 0.0, 935.0, 653.0]
[32.0, 0.0, 904.0, 654.0]
[144.0, 0.0, 1017.0, 655.0]
[80.0, 16.0, 954.0, 672.0]
[96.0, 16.0, 971.0, 672.0]
[112.0, 16.0, 988.0, 673.0]
[48.0, 16.0, 925.0, 674.0]
[144.0, 16.0, 1022.0, 674.0]
[32.0, 0.0, 911.0, 659.0]
[48.0, 16.0, 928.0, 676.0]
[128.0, 0.0, 1009.0, 661.0]
[0.0, 16.0, 882.0, 678.0]
[32.0, 0.0, 915.0, 662.0]
[96.0, 16.0, 980.0, 679.0]
[0.0, 16.0, 885.0, 680.0]
[64.0, 16.0, 950.0, 680.0]
[32.0, 0.0, 919.0, 665.0]
[48.0, 16.0, 936.0, 682.0]
[96.0, 0.0, 985.0, 667.0]
[128.0, 0.0, 1018.0, 668.0]
[16.0, 0.0, 907.0, 668.0]
[48.0, 0.0, 940.0, 669.0]
[0.0, 0.0, 893.0, 670.0]
[16.0, 0.0, 910.0, 670.0]
[64.0, 0.0, 959.0, 671.0]
[32.0, 0.0, 928.0, 672.0]
[32.0, 0.0, 929.0, 673.0]
[32.0, 0.0, 930.0, 674.0]
[80.0, 0.0, 979.0, 674.0]
[16.0, 0.0, 916.0, 675.0]
[16.0, 0.0, 917.0, 676.0]
[64.0, 0.0, 966.0, 676.0]
[48.0, 0.0, 951.0, 677.0]
[80.0, 0.0, 984.0, 678.0]
[0.0, 0.0, 905.0, 679.0]
[64.0, 0.0, 970.0, 680.0]
[16.0, 0.0, 923.0, 680.0]
[0.0, 0.0, 908.0, 681.0]
[64.0, 0.0, 973.0, 682.0]
[32.0, 0.0, 942.0, 682.0]
[80.0, 0.0, 991.0, 683.0]
