[304.0, 80.0, 1021.0, 618.0]
[208.0, 48.0, 926.0, 586.0]
[304.0, 48.0, 1023.0, 587.0]
[192.0, 16.0, 912.0, 556.0]
[256.0, 16.0, 977.0, 557.0]
[240.0, 0.0, 962.0, 542.0]
[272.0, 64.0, 995.0, 606.0]
[224.0, 80.0, 948.0, 623.0]
[240.0, 0.0, 965.0, 544.0]
[256.0, 0.0, 982.0, 544.0]
[192.0, 80.0, 919.0, 625.0]
[256.0, 64.0, 984.0, 610.0]
[208.0, 80.0, 937.0, 627.0]
[272.0, 48.0, 1002.0, 596.0]
[192.0, 64.0, 923.0, 612.0]
[224.0, 32.0, 956.0, 581.0]
[128.0, 64.0, 861.0, 614.0]
[208.0, 16.0, 942.0, 566.0]
[272.0, 0.0, 1007.0, 551.0]
[224.0, 32.0, 960.0, 584.0]
[240.0, 32.0, 977.0, 585.0]
[192.0, 48.0, 930.0, 602.0]
[208.0, 64.0, 947.0, 618.0]
[272.0, 32.0, 1012.0, 587.0]
[272.0, 0.0, 1013.0, 556.0]
[208.0, 0.0, 950.0, 556.0]
[176.0, 32.0, 919.0, 589.0]
[128.0, 32.0, 872.0, 590.0]
[240.0, 32.0, 985.0, 591.0]
[128.0, 64.0, 874.0, 624.0]
[256.0, 64.0, 1003.0, 624.0]
[256.0, 32.0, 1004.0, 593.0]
[160.0, 16.0, 909.0, 578.0]
[144.0, 16.0, 894.0, 578.0]
[256.0, 32.0, 1007.0, 595.0]
[208.0, 48.0, 960.0, 612.0]
[192.0, 32.0, 945.0, 597.0]
[256.0, 16.0, 1010.0, 582.0]
[160.0, 16.0, 915.0, 582.0]
[192.0, 16.0, 948.0, 583.0]
[256.0, 32.0, 1013.0, 600.0]
[176.0, 0.0, 934.0, 568.0]
[224.0, 48.0, 983.0, 617.0]
[176.0, 32.0, 936.0, 602.0]
[192.0, 0.0, 953.0, 571.0]
[160.0, 48.0, 922.0, 620.0]
[160.0, 0.0, 923.0, 572.0]
[256.0, 48.0, 1020.0, 621.0]
[160.0, 48.0, 925.0, 622.0]
[176.0, 48.0, 942.0, 622.0]
[240.0, 16.0, 1007.0, 591.0]
[240.0, 0.0, 1008.0, 576.0]
[144.0, 32.0, 913.0, 609.0]
[176.0, 0.0, 946.0, 578.0]
[112.0, 32.0, 883.0, 610.0]
[160.0, 0.0, 932.0, 579.0]
[240.0, 0.0, 1013.0, 580.0]
[224.0, 16.0, 998.0, 596.0]
[208.0, 32.0, 983.0, 613.0]
[240.0, 0.0, 1016.0, 582.0]
[240.0, 16.0, 1017.0, 599.0]
[224.0, 32.0, 1002.0, 616.0]
[160.0, 16.0, 939.0, 600.0]
[192.0, 16.0, 972.0, 601.0]
[176.0, 0.0, 957.0, 586.0]
[224.0, 32.0, 1006.0, 618.0]
[208.0, 16.0, 991.0, 603.0]
[208.0, 0.0, 992.0, 588.0]
[208.0, 16.0, 993.0, 605.0]
[208.0, 0.0, 994.0, 590.0]
[144.0, 32.0, 931.0, 622.0]
[192.0, 16.0, 980.0, 607.0]
[192.0, 16.0, 981.0, 608.0]
[224.0, 0.0, 1014.0, 592.0]
[128.0, 0.0, 919.0, 593.0]
[160.0, 0.0, 952.0, 594.0]
[144.0, 32.0, 937.0, 627.0]
[128.0, 16.0, 922.0, 612.0]
[144.0, 16.0, 939.0, 612.0]
[128.0, 0.0, 924.0, 597.0]
[160.0, 16.0, 957.0, 614.0]
[192.0, 16.0, 990.0, 614.0]
[160.0, 16.0, 959.0, 615.0]
[208.0, 0.0, 1008.0, 600.0]
[128.0, 16.0, 929.0, 617.0]
[144.0, 16.0, 946.0, 618.0]
[208.0, 0.0, 1011.0, 602.0]
[208.0, 0.0, 1012.0, 603.0]
[160.0, 16.0, 965.0, 620.0]
[160.0, 0.0, 966.0, 604.0]
[112.0, 0.0, 919.0, 605.0]
[128.0, 0.0, 936.0, 606.0]
[176.0, 16.0, 985.0, 623.0]
[128.0, 16.0, 938.0, 624.0]
[128.0, 16.0, 939.0, 624.0]
[128.0, 0.0, 940.0, 609.0]
[208.0, 0.0, 1021.0, 610.0]
[144.0, 16.0, 958.0, 626.0]
[176.0, 16.0, 991.0, 627.0]
[128.0, 0.0, 944.0, 612.0]
[192.0, 0.0, 1009.0, 613.0]
[128.0, 0.0, 946.0, 614.0]
[176.0, 0.0, 995.0, 614.0]
[176.0, 0.0, 996.0, 615.0]
[128.0, 0.0, 949.0, 616.0]
[144.0, 0.0, 966.0, 616.0]
[192.0, 0.0, 1015.0, 617.0]
[144.0, 0.0, 968.0, 618.0]
[160.0, 0.0, 985.0, 619.0]
[192.0, 0.0, 1018.0, 620.0]
[128.0, 0.0, 955.0, 620.0]
[160.0, 0.0, 988.0, 621.0]
[112.0, 0.0, 941.0, 622.0]
[160.0, 0.0, 990.0, 622.0]
[112.0, 0.0, 943.0, 623.0]
[176.0, 0.0, 1008.0, 624.0]
[176.0, 0.0, 1009.0, 625.0]
[160.0, 0.0, 994.0, 626.0]
[112.0, 0.0, 947.0, 626.0]
[128.0, 0.0, 964.0, 627.0]
