[48.0, 80.0, 765.0, 618.0]
[48.0, 80.0, 766.0, 618.0]
[64.0, 80.0, 783.0, 619.0]
[32.0, 48.0, 752.0, 588.0]
[64.0, 64.0, 785.0, 605.0]
[96.0, 64.0, 818.0, 606.0]
[80.0, 96.0, 803.0, 638.0]
[0.0, 16.0, 724.0, 559.0]
[32.0, 16.0, 757.0, 560.0]
[80.0, 112.0, 806.0, 656.0]
[16.0, 0.0, 743.0, 545.0]
[16.0, 112.0, 744.0, 658.0]
[16.0, 96.0, 745.0, 643.0]
[0.0, 32.0, 730.0, 580.0]
[80.0, 80.0, 811.0, 628.0]
[48.0, 112.0, 780.0, 661.0]
[80.0, 48.0, 813.0, 598.0]
[96.0, 48.0, 830.0, 598.0]
[0.0, 0.0, 735.0, 551.0]
[80.0, 96.0, 816.0, 648.0]
[0.0, 64.0, 737.0, 617.0]
[80.0, 16.0, 818.0, 570.0]
[0.0, 32.0, 739.0, 586.0]
[16.0, 64.0, 756.0, 619.0]
[32.0, 96.0, 773.0, 652.0]
[80.0, 96.0, 822.0, 652.0]
[16.0, 64.0, 759.0, 621.0]
[32.0, 80.0, 776.0, 638.0]
[32.0, 0.0, 777.0, 559.0]
[16.0, 48.0, 762.0, 608.0]
[80.0, 80.0, 827.0, 640.0]
[48.0, 48.0, 796.0, 609.0]
[48.0, 0.0, 797.0, 562.0]
[80.0, 16.0, 830.0, 578.0]
[80.0, 96.0, 831.0, 659.0]
[0.0, 80.0, 752.0, 644.0]
[80.0, 48.0, 833.0, 613.0]
[64.0, 48.0, 818.0, 614.0]
[48.0, 0.0, 803.0, 566.0]
[0.0, 48.0, 756.0, 615.0]
[48.0, 48.0, 805.0, 616.0]
[64.0, 48.0, 822.0, 616.0]
[80.0, 64.0, 839.0, 633.0]
[48.0, 32.0, 808.0, 602.0]
[0.0, 0.0, 761.0, 571.0]
[64.0, 48.0, 826.0, 620.0]
[48.0, 16.0, 811.0, 588.0]
[16.0, 64.0, 780.0, 637.0]
[64.0, 16.0, 829.0, 590.0]
[16.0, 80.0, 782.0, 654.0]
[80.0, 48.0, 847.0, 623.0]
[96.0, 32.0, 864.0, 608.0]
[32.0, 32.0, 801.0, 609.0]
[48.0, 80.0, 818.0, 658.0]
[80.0, 16.0, 851.0, 594.0]
[0.0, 96.0, 772.0, 675.0]
[0.0, 80.0, 773.0, 660.0]
[0.0, 32.0, 774.0, 612.0]
[80.0, 16.0, 855.0, 597.0]
[96.0, 32.0, 872.0, 614.0]
[80.0, 32.0, 857.0, 615.0]
[80.0, 48.0, 858.0, 632.0]
[0.0, 0.0, 779.0, 584.0]
[16.0, 80.0, 796.0, 665.0]
[32.0, 16.0, 813.0, 602.0]
[48.0, 48.0, 830.0, 634.0]
[48.0, 48.0, 831.0, 635.0]
[32.0, 32.0, 816.0, 620.0]
[32.0, 64.0, 817.0, 653.0]
[96.0, 48.0, 882.0, 638.0]
[96.0, 48.0, 883.0, 638.0]
[64.0, 0.0, 852.0, 591.0]
[16.0, 0.0, 805.0, 592.0]
[96.0, 64.0, 886.0, 656.0]
[48.0, 48.0, 839.0, 641.0]
[0.0, 80.0, 792.0, 674.0]
[64.0, 16.0, 857.0, 611.0]
[32.0, 32.0, 826.0, 628.0]
[48.0, 64.0, 843.0, 660.0]
[0.0, 0.0, 796.0, 597.0]
[0.0, 64.0, 797.0, 662.0]
[32.0, 0.0, 830.0, 598.0]
[64.0, 64.0, 863.0, 663.0]
[96.0, 48.0, 896.0, 648.0]
[32.0, 80.0, 833.0, 681.0]
[0.0, 48.0, 802.0, 650.0]
[80.0, 64.0, 883.0, 666.0]
[16.0, 64.0, 820.0, 667.0]
[32.0, 16.0, 837.0, 620.0]
[16.0, 16.0, 822.0, 620.0]
[48.0, 16.0, 855.0, 621.0]
[48.0, 64.0, 856.0, 670.0]
[64.0, 16.0, 873.0, 623.0]
[16.0, 64.0, 826.0, 672.0]
[96.0, 32.0, 907.0, 640.0]
[80.0, 32.0, 892.0, 641.0]
[48.0, 64.0, 861.0, 674.0]
[96.0, 48.0, 910.0, 658.0]
[64.0, 64.0, 879.0, 675.0]
[0.0, 0.0, 816.0, 612.0]
[0.0, 16.0, 817.0, 629.0]
[16.0, 16.0, 834.0, 630.0]
[0.0, 48.0, 819.0, 662.0]
[0.0, 64.0, 820.0, 679.0]
[0.0, 64.0, 821.0, 680.0]
[80.0, 32.0, 902.0, 648.0]
[48.0, 16.0, 871.0, 633.0]
[48.0, 32.0, 872.0, 650.0]
[0.0, 0.0, 825.0, 619.0]
[64.0, 48.0, 890.0, 668.0]
[48.0, 32.0, 875.0, 652.0]
[32.0, 16.0, 860.0, 637.0]
[32.0, 0.0, 861.0, 622.0]
[48.0, 32.0, 878.0, 654.0]
[48.0, 0.0, 879.0, 623.0]
[0.0, 0.0, 832.0, 624.0]
[0.0, 48.0, 833.0, 673.0]
[16.0, 32.0, 850.0, 658.0]
[80.0, 48.0, 915.0, 674.0]
[32.0, 48.0, 868.0, 675.0]
[16.0, 0.0, 853.0, 628.0]
[64.0, 0.0, 902.0, 628.0]
[64.0, 32.0, 903.0, 661.0]
[0.0, 16.0, 840.0, 646.0]
[64.0, 16.0, 905.0, 647.0]
[0.0, 48.0, 842.0, 680.0]
[48.0, 16.0, 891.0, 648.0]
[0.0, 32.0, 844.0, 665.0]
[64.0, 16.0, 909.0, 650.0]
[48.0, 0.0, 894.0, 634.0]
[16.0, 32.0, 863.0, 667.0]
[80.0, 32.0, 928.0, 668.0]
[80.0, 16.0, 929.0, 653.0]
[16.0, 0.0, 866.0, 638.0]
[0.0, 0.0, 851.0, 638.0]
[32.0, 16.0, 884.0, 655.0]
[0.0, 16.0, 853.0, 656.0]
[48.0, 16.0, 902.0, 656.0]
[0.0, 0.0, 855.0, 641.0]
[16.0, 16.0, 872.0, 658.0]
[64.0, 0.0, 921.0, 643.0]
[16.0, 16.0, 874.0, 660.0]
[80.0, 16.0, 939.0, 660.0]
[64.0, 32.0, 924.0, 677.0]
[0.0, 16.0, 861.0, 662.0]
[16.0, 16.0, 878.0, 662.0]
[48.0, 32.0, 911.0, 679.0]
[0.0, 32.0, 864.0, 680.0]
[48.0, 0.0, 913.0, 649.0]
[0.0, 0.0, 866.0, 650.0]
[32.0, 16.0, 899.0, 666.0]
[32.0, 32.0, 900.0, 683.0]
[0.0, 0.0, 869.0, 652.0]
[16.0, 0.0, 886.0, 652.0]
[48.0, 16.0, 919.0, 669.0]
[16.0, 16.0, 888.0, 670.0]
[32.0, 0.0, 905.0, 655.0]
[0.0, 0.0, 874.0, 656.0]
[0.0, 16.0, 875.0, 672.0]
[16.0, 0.0, 892.0, 657.0]
[32.0, 16.0, 909.0, 674.0]
[48.0, 16.0, 926.0, 674.0]
[32.0, 0.0, 911.0, 659.0]
[0.0, 16.0, 880.0, 676.0]
[16.0, 0.0, 897.0, 661.0]
[48.0, 0.0, 930.0, 662.0]
[0.0, 16.0, 883.0, 678.0]
[32.0, 0.0, 916.0, 663.0]
[0.0, 16.0, 885.0, 680.0]
[32.0, 0.0, 918.0, 664.0]
[48.0, 16.0, 935.0, 681.0]
[0.0, 16.0, 888.0, 682.0]
[32.0, 16.0, 921.0, 683.0]
[32.0, 0.0, 922.0, 668.0]
[48.0, 0.0, 939.0, 668.0]
[16.0, 0.0, 908.0, 669.0]
[32.0, 0.0, 925.0, 670.0]
[48.0, 0.0, 942.0, 670.0]
[16.0, 0.0, 911.0, 671.0]
[32.0, 0.0, 928.0, 672.0]
[32.0, 0.0, 929.0, 673.0]
[32.0, 0.0, 930.0, 674.0]
[16.0, 0.0, 915.0, 674.0]
[16.0, 0.0, 916.0, 675.0]
[0.0, 0.0, 901.0, 676.0]
[0.0, 0.0, 902.0, 676.0]
