[192.0, 48.0, 933.0, 604.0]
[144.0, 96.0, 886.0, 652.0]
[192.0, 48.0, 935.0, 605.0]
[144.0, 32.0, 888.0, 590.0]
[96.0, 32.0, 841.0, 591.0]
[80.0, 96.0, 826.0, 656.0]
[64.0, 64.0, 811.0, 624.0]
[160.0, 32.0, 908.0, 593.0]
[128.0, 64.0, 877.0, 626.0]
[128.0, 48.0, 878.0, 610.0]
[48.0, 32.0, 799.0, 595.0]
[128.0, 96.0, 880.0, 660.0]
[160.0, 80.0, 913.0, 645.0]
[192.0, 96.0, 946.0, 662.0]
[48.0, 64.0, 803.0, 630.0]
[48.0, 96.0, 804.0, 663.0]
[80.0, 80.0, 837.0, 648.0]
[64.0, 96.0, 822.0, 664.0]
[144.0, 48.0, 903.0, 617.0]
[32.0, 32.0, 792.0, 602.0]
[176.0, 64.0, 937.0, 635.0]
[208.0, 32.0, 970.0, 604.0]
[32.0, 80.0, 795.0, 652.0]
[48.0, 64.0, 812.0, 637.0]
[96.0, 32.0, 861.0, 606.0]
[48.0, 96.0, 814.0, 670.0]
[96.0, 64.0, 863.0, 639.0]
[240.0, 80.0, 1008.0, 656.0]
[192.0, 64.0, 961.0, 641.0]
[144.0, 48.0, 914.0, 626.0]
[16.0, 48.0, 787.0, 626.0]
[64.0, 32.0, 836.0, 611.0]
[80.0, 48.0, 853.0, 628.0]
[176.0, 80.0, 950.0, 660.0]
[128.0, 32.0, 903.0, 613.0]
[48.0, 48.0, 824.0, 630.0]
[64.0, 0.0, 841.0, 583.0]
[240.0, 32.0, 1018.0, 616.0]
[32.0, 64.0, 811.0, 648.0]
[80.0, 64.0, 860.0, 649.0]
[96.0, 96.0, 877.0, 682.0]
[144.0, 48.0, 926.0, 634.0]
[144.0, 0.0, 927.0, 587.0]
[144.0, 96.0, 928.0, 684.0]
[32.0, 32.0, 817.0, 621.0]
[48.0, 48.0, 834.0, 638.0]
[192.0, 48.0, 979.0, 638.0]
[128.0, 32.0, 916.0, 623.0]
[16.0, 32.0, 805.0, 624.0]
[192.0, 64.0, 982.0, 656.0]
[112.0, 32.0, 903.0, 625.0]
[80.0, 48.0, 872.0, 642.0]
[16.0, 48.0, 809.0, 643.0]
[80.0, 48.0, 874.0, 644.0]
[32.0, 0.0, 827.0, 596.0]
[144.0, 80.0, 940.0, 677.0]
[192.0, 64.0, 989.0, 662.0]
[32.0, 0.0, 830.0, 598.0]
[160.0, 32.0, 959.0, 631.0]
[160.0, 32.0, 960.0, 632.0]
[48.0, 0.0, 849.0, 601.0]
[80.0, 80.0, 882.0, 682.0]
[176.0, 0.0, 979.0, 602.0]
[48.0, 32.0, 852.0, 635.0]
[96.0, 0.0, 901.0, 604.0]
[48.0, 64.0, 854.0, 668.0]
[96.0, 0.0, 903.0, 605.0]
[96.0, 0.0, 904.0, 606.0]
[32.0, 64.0, 841.0, 671.0]
[48.0, 16.0, 858.0, 624.0]
[144.0, 32.0, 955.0, 640.0]
[32.0, 48.0, 844.0, 657.0]
[144.0, 32.0, 957.0, 642.0]
[176.0, 48.0, 990.0, 658.0]
[112.0, 64.0, 927.0, 675.0]
[112.0, 16.0, 928.0, 628.0]
[160.0, 64.0, 977.0, 677.0]
[128.0, 32.0, 946.0, 646.0]
[32.0, 48.0, 851.0, 662.0]
[64.0, 32.0, 884.0, 647.0]
[128.0, 16.0, 949.0, 632.0]
[80.0, 32.0, 902.0, 648.0]
[48.0, 16.0, 871.0, 633.0]
[160.0, 64.0, 984.0, 682.0]
[176.0, 0.0, 1001.0, 619.0]
[128.0, 64.0, 954.0, 684.0]
[144.0, 48.0, 971.0, 668.0]
[80.0, 16.0, 908.0, 637.0]
[32.0, 16.0, 861.0, 638.0]
[32.0, 0.0, 862.0, 622.0]
[16.0, 32.0, 847.0, 655.0]
[144.0, 32.0, 976.0, 656.0]
[160.0, 16.0, 993.0, 641.0]
[32.0, 0.0, 866.0, 626.0]
[0.0, 0.0, 835.0, 626.0]
[144.0, 16.0, 980.0, 643.0]
[112.0, 48.0, 949.0, 676.0]
[96.0, 48.0, 934.0, 676.0]
[144.0, 0.0, 983.0, 629.0]
[0.0, 48.0, 840.0, 678.0]
[176.0, 0.0, 1017.0, 631.0]
[48.0, 0.0, 890.0, 632.0]
[144.0, 0.0, 987.0, 632.0]
[112.0, 32.0, 956.0, 665.0]
[80.0, 48.0, 925.0, 682.0]
[176.0, 32.0, 1022.0, 666.0]
[80.0, 0.0, 927.0, 635.0]
[80.0, 16.0, 928.0, 652.0]
[96.0, 32.0, 945.0, 669.0]
[96.0, 16.0, 946.0, 654.0]
[48.0, 0.0, 899.0, 638.0]
[64.0, 32.0, 916.0, 671.0]
[32.0, 0.0, 885.0, 640.0]
[80.0, 0.0, 934.0, 640.0]
[80.0, 0.0, 935.0, 641.0]
[0.0, 0.0, 856.0, 642.0]
[16.0, 16.0, 873.0, 659.0]
[112.0, 32.0, 970.0, 676.0]
[16.0, 16.0, 875.0, 660.0]
[16.0, 0.0, 876.0, 645.0]
[128.0, 32.0, 989.0, 678.0]
[128.0, 32.0, 990.0, 678.0]
[96.0, 16.0, 959.0, 663.0]
[96.0, 32.0, 960.0, 680.0]
[144.0, 0.0, 1009.0, 649.0]
[128.0, 0.0, 994.0, 650.0]
[64.0, 0.0, 931.0, 650.0]
[80.0, 16.0, 948.0, 667.0]
[48.0, 32.0, 917.0, 684.0]
[16.0, 0.0, 886.0, 652.0]
[128.0, 16.0, 999.0, 669.0]
[80.0, 16.0, 952.0, 670.0]
[16.0, 16.0, 889.0, 671.0]
[112.0, 0.0, 986.0, 656.0]
[32.0, 0.0, 907.0, 656.0]
[64.0, 16.0, 940.0, 673.0]
[48.0, 16.0, 925.0, 674.0]
[80.0, 0.0, 958.0, 658.0]
[128.0, 16.0, 1007.0, 675.0]
[16.0, 16.0, 896.0, 676.0]
[80.0, 16.0, 961.0, 677.0]
[32.0, 16.0, 914.0, 678.0]
[80.0, 0.0, 963.0, 662.0]
[112.0, 16.0, 996.0, 679.0]
[48.0, 0.0, 933.0, 664.0]
[48.0, 0.0, 934.0, 664.0]
[112.0, 16.0, 999.0, 681.0]
[32.0, 0.0, 920.0, 666.0]
[32.0, 0.0, 921.0, 667.0]
[112.0, 16.0, 1002.0, 684.0]
[32.0, 0.0, 923.0, 668.0]
[80.0, 0.0, 972.0, 669.0]
[128.0, 0.0, 1021.0, 670.0]
[64.0, 0.0, 958.0, 670.0]
[80.0, 0.0, 975.0, 671.0]
[80.0, 0.0, 976.0, 672.0]
[0.0, 0.0, 897.0, 673.0]
[80.0, 0.0, 978.0, 674.0]
[64.0, 0.0, 963.0, 674.0]
[16.0, 0.0, 916.0, 675.0]
[48.0, 0.0, 949.0, 676.0]
[112.0, 0.0, 1014.0, 676.0]
[48.0, 0.0, 951.0, 677.0]
[32.0, 0.0, 936.0, 678.0]
[96.0, 0.0, 1001.0, 679.0]
[64.0, 0.0, 970.0, 680.0]
[80.0, 0.0, 987.0, 680.0]
[32.0, 0.0, 940.0, 681.0]
[80.0, 0.0, 989.0, 682.0]
[112.0, 0.0, 1022.0, 682.0]
[96.0, 0.0, 1007.0, 683.0]
[16.0, 0.0, 928.0, 684.0]
