[128.0, 64.0, 845.0, 602.0]
[112.0, 80.0, 830.0, 618.0]
[96.0, 128.0, 815.0, 667.0]
[96.0, 80.0, 816.0, 620.0]
[64.0, 128.0, 785.0, 669.0]
[16.0, 64.0, 738.0, 606.0]
[80.0, 64.0, 803.0, 606.0]
[32.0, 128.0, 756.0, 671.0]
[16.0, 48.0, 741.0, 592.0]
[96.0, 128.0, 822.0, 672.0]
[96.0, 32.0, 823.0, 577.0]
[128.0, 64.0, 856.0, 610.0]
[16.0, 80.0, 745.0, 627.0]
[16.0, 128.0, 746.0, 676.0]
[32.0, 64.0, 763.0, 612.0]
[48.0, 96.0, 780.0, 645.0]
[128.0, 112.0, 861.0, 662.0]
[96.0, 32.0, 830.0, 582.0]
[128.0, 48.0, 863.0, 599.0]
[48.0, 112.0, 784.0, 664.0]
[64.0, 112.0, 801.0, 665.0]
[0.0, 48.0, 738.0, 602.0]
[32.0, 128.0, 771.0, 682.0]
[112.0, 48.0, 852.0, 603.0]
[32.0, 96.0, 773.0, 652.0]
[32.0, 64.0, 774.0, 620.0]
[96.0, 48.0, 839.0, 605.0]
[96.0, 96.0, 840.0, 654.0]
[16.0, 64.0, 761.0, 623.0]
[32.0, 96.0, 778.0, 656.0]
[80.0, 48.0, 827.0, 608.0]
[96.0, 112.0, 844.0, 673.0]
[32.0, 48.0, 781.0, 610.0]
[0.0, 48.0, 750.0, 610.0]
[48.0, 80.0, 799.0, 643.0]
[32.0, 64.0, 784.0, 628.0]
[0.0, 80.0, 753.0, 645.0]
[32.0, 80.0, 786.0, 646.0]
[16.0, 48.0, 771.0, 614.0]
[32.0, 32.0, 788.0, 599.0]
[64.0, 48.0, 821.0, 616.0]
[0.0, 64.0, 758.0, 632.0]
[32.0, 32.0, 791.0, 601.0]
[16.0, 64.0, 776.0, 634.0]
[32.0, 80.0, 793.0, 651.0]
[0.0, 64.0, 762.0, 636.0]
[48.0, 32.0, 811.0, 604.0]
[96.0, 64.0, 860.0, 637.0]
[48.0, 48.0, 813.0, 622.0]
[96.0, 48.0, 862.0, 622.0]
[64.0, 96.0, 831.0, 671.0]
[32.0, 16.0, 800.0, 592.0]
[64.0, 64.0, 833.0, 641.0]
[48.0, 96.0, 818.0, 674.0]
[64.0, 64.0, 835.0, 642.0]
[64.0, 48.0, 836.0, 627.0]
[32.0, 16.0, 805.0, 596.0]
[80.0, 16.0, 854.0, 596.0]
[48.0, 16.0, 823.0, 597.0]
[48.0, 96.0, 824.0, 678.0]
[80.0, 16.0, 857.0, 599.0]
[0.0, 16.0, 778.0, 600.0]
[0.0, 16.0, 779.0, 600.0]
[64.0, 16.0, 844.0, 601.0]
[32.0, 96.0, 813.0, 682.0]
[64.0, 32.0, 846.0, 618.0]
[48.0, 48.0, 831.0, 635.0]
[32.0, 0.0, 816.0, 588.0]
[16.0, 32.0, 801.0, 621.0]
[16.0, 0.0, 802.0, 590.0]
[48.0, 16.0, 835.0, 606.0]
[64.0, 80.0, 852.0, 671.0]
[48.0, 64.0, 837.0, 656.0]
[0.0, 32.0, 790.0, 624.0]
[16.0, 64.0, 807.0, 657.0]
[0.0, 48.0, 792.0, 642.0]
[16.0, 64.0, 809.0, 659.0]
[32.0, 48.0, 826.0, 644.0]
[48.0, 80.0, 843.0, 676.0]
[32.0, 48.0, 828.0, 645.0]
[48.0, 32.0, 845.0, 630.0]
[0.0, 80.0, 798.0, 678.0]
[0.0, 0.0, 799.0, 599.0]
[16.0, 48.0, 816.0, 648.0]
[32.0, 48.0, 833.0, 649.0]
[32.0, 32.0, 834.0, 634.0]
[48.0, 0.0, 851.0, 602.0]
[32.0, 0.0, 836.0, 603.0]
[0.0, 48.0, 805.0, 652.0]
[0.0, 64.0, 806.0, 668.0]
[48.0, 32.0, 855.0, 637.0]
[16.0, 0.0, 824.0, 606.0]
[48.0, 32.0, 857.0, 639.0]
[32.0, 32.0, 842.0, 640.0]
[32.0, 64.0, 843.0, 672.0]
[16.0, 16.0, 828.0, 625.0]
[16.0, 0.0, 829.0, 610.0]
[0.0, 32.0, 814.0, 642.0]
[0.0, 16.0, 815.0, 627.0]
[16.0, 64.0, 832.0, 676.0]
