[32.0, 144.0, 749.0, 682.0]
[0.0, 48.0, 718.0, 586.0]
[112.0, 48.0, 831.0, 587.0]
[32.0, 96.0, 752.0, 636.0]
[16.0, 80.0, 737.0, 621.0]
[128.0, 16.0, 850.0, 558.0]
[32.0, 0.0, 755.0, 542.0]
[80.0, 32.0, 804.0, 575.0]
[96.0, 96.0, 821.0, 640.0]
[128.0, 80.0, 854.0, 624.0]
[48.0, 16.0, 775.0, 561.0]
[0.0, 80.0, 728.0, 626.0]
[48.0, 128.0, 777.0, 675.0]
[64.0, 64.0, 794.0, 612.0]
[80.0, 16.0, 811.0, 564.0]
[32.0, 16.0, 764.0, 565.0]
[128.0, 80.0, 861.0, 630.0]
[96.0, 32.0, 830.0, 582.0]
[16.0, 16.0, 751.0, 567.0]
[0.0, 112.0, 736.0, 664.0]
[128.0, 64.0, 865.0, 617.0]
[16.0, 64.0, 754.0, 618.0]
[112.0, 48.0, 851.0, 602.0]
[0.0, 48.0, 740.0, 603.0]
[16.0, 64.0, 757.0, 620.0]
[112.0, 64.0, 854.0, 620.0]
[64.0, 32.0, 807.0, 589.0]
[64.0, 96.0, 808.0, 654.0]
[64.0, 0.0, 809.0, 559.0]
[64.0, 32.0, 810.0, 592.0]
[144.0, 32.0, 891.0, 592.0]
[32.0, 32.0, 780.0, 593.0]
[64.0, 32.0, 813.0, 594.0]
[64.0, 32.0, 814.0, 594.0]
[64.0, 48.0, 815.0, 611.0]
[32.0, 96.0, 784.0, 660.0]
[96.0, 96.0, 849.0, 661.0]
[32.0, 80.0, 786.0, 646.0]
[48.0, 96.0, 803.0, 662.0]
[64.0, 0.0, 820.0, 567.0]
[80.0, 96.0, 837.0, 664.0]
[16.0, 96.0, 774.0, 664.0]
[64.0, 64.0, 823.0, 633.0]
[32.0, 96.0, 792.0, 666.0]
[64.0, 16.0, 825.0, 587.0]
[0.0, 32.0, 762.0, 604.0]
[112.0, 96.0, 875.0, 668.0]
[64.0, 16.0, 828.0, 589.0]
[80.0, 48.0, 845.0, 622.0]
[80.0, 32.0, 846.0, 606.0]
[80.0, 96.0, 847.0, 671.0]
[32.0, 80.0, 800.0, 656.0]
[0.0, 64.0, 769.0, 641.0]
[32.0, 32.0, 802.0, 610.0]
[96.0, 48.0, 867.0, 626.0]
[0.0, 0.0, 772.0, 579.0]
[96.0, 16.0, 869.0, 596.0]
[64.0, 64.0, 838.0, 644.0]
[0.0, 0.0, 775.0, 581.0]
[0.0, 64.0, 776.0, 646.0]
[96.0, 32.0, 873.0, 615.0]
[128.0, 48.0, 906.0, 632.0]
[112.0, 64.0, 891.0, 648.0]
[96.0, 64.0, 876.0, 649.0]
[112.0, 48.0, 893.0, 634.0]
[48.0, 64.0, 830.0, 650.0]
[80.0, 32.0, 863.0, 619.0]
[80.0, 48.0, 864.0, 636.0]
[96.0, 16.0, 881.0, 605.0]
[96.0, 32.0, 882.0, 622.0]
[16.0, 16.0, 803.0, 606.0]
[80.0, 32.0, 868.0, 623.0]
[128.0, 32.0, 917.0, 624.0]
[48.0, 0.0, 838.0, 592.0]
[32.0, 32.0, 823.0, 625.0]
[128.0, 64.0, 920.0, 658.0]
[16.0, 80.0, 809.0, 675.0]
[32.0, 16.0, 826.0, 612.0]
[32.0, 32.0, 827.0, 628.0]
[16.0, 64.0, 812.0, 661.0]
[32.0, 64.0, 829.0, 662.0]
[112.0, 64.0, 910.0, 662.0]
[144.0, 48.0, 943.0, 647.0]
[128.0, 16.0, 928.0, 616.0]
[80.0, 16.0, 881.0, 617.0]
[64.0, 80.0, 866.0, 682.0]
[0.0, 48.0, 803.0, 650.0]
[128.0, 32.0, 932.0, 635.0]
[96.0, 0.0, 901.0, 604.0]
[48.0, 64.0, 854.0, 668.0]
[16.0, 48.0, 823.0, 653.0]
[48.0, 32.0, 856.0, 638.0]
[80.0, 48.0, 889.0, 655.0]
[80.0, 48.0, 890.0, 656.0]
[112.0, 32.0, 923.0, 640.0]
[16.0, 64.0, 828.0, 673.0]
[48.0, 32.0, 861.0, 642.0]
[64.0, 0.0, 878.0, 610.0]
[80.0, 64.0, 895.0, 675.0]
[0.0, 48.0, 816.0, 660.0]
[144.0, 48.0, 961.0, 661.0]
[0.0, 16.0, 818.0, 630.0]
[112.0, 0.0, 931.0, 614.0]
[96.0, 16.0, 916.0, 631.0]
[32.0, 16.0, 853.0, 632.0]
[48.0, 32.0, 870.0, 648.0]
[16.0, 64.0, 839.0, 681.0]
[112.0, 48.0, 936.0, 666.0]
[64.0, 16.0, 889.0, 635.0]
[96.0, 32.0, 922.0, 652.0]
[64.0, 48.0, 891.0, 668.0]
[112.0, 32.0, 940.0, 653.0]
[32.0, 48.0, 861.0, 670.0]
[64.0, 32.0, 894.0, 654.0]
[0.0, 32.0, 831.0, 655.0]
[32.0, 16.0, 864.0, 640.0]
[0.0, 16.0, 833.0, 641.0]
[32.0, 32.0, 866.0, 658.0]
[16.0, 0.0, 851.0, 626.0]
[64.0, 16.0, 900.0, 643.0]
[32.0, 48.0, 869.0, 676.0]
[32.0, 48.0, 870.0, 676.0]
[0.0, 0.0, 839.0, 629.0]
[112.0, 0.0, 952.0, 630.0]
[48.0, 48.0, 889.0, 679.0]
[48.0, 32.0, 890.0, 664.0]
[64.0, 48.0, 907.0, 680.0]
[48.0, 0.0, 892.0, 633.0]
[112.0, 48.0, 957.0, 682.0]
[64.0, 16.0, 910.0, 650.0]
[80.0, 16.0, 927.0, 651.0]
[96.0, 16.0, 944.0, 652.0]
[16.0, 0.0, 865.0, 637.0]
[64.0, 0.0, 914.0, 638.0]
[64.0, 16.0, 915.0, 654.0]
[128.0, 16.0, 980.0, 655.0]
[16.0, 0.0, 869.0, 640.0]
[64.0, 16.0, 918.0, 656.0]
[96.0, 0.0, 951.0, 641.0]
[96.0, 32.0, 952.0, 674.0]
[80.0, 16.0, 937.0, 659.0]
[80.0, 16.0, 938.0, 660.0]
[0.0, 16.0, 859.0, 660.0]
[64.0, 16.0, 924.0, 661.0]
[32.0, 32.0, 893.0, 678.0]
[96.0, 32.0, 958.0, 678.0]
[64.0, 16.0, 927.0, 663.0]
[96.0, 0.0, 960.0, 648.0]
[0.0, 32.0, 865.0, 681.0]
[112.0, 0.0, 978.0, 650.0]
[16.0, 32.0, 883.0, 682.0]
[0.0, 16.0, 868.0, 667.0]
[64.0, 16.0, 933.0, 668.0]
[48.0, 16.0, 918.0, 668.0]
[96.0, 0.0, 967.0, 653.0]
[48.0, 16.0, 920.0, 670.0]
[64.0, 16.0, 937.0, 671.0]
[80.0, 0.0, 954.0, 656.0]
[0.0, 0.0, 875.0, 656.0]
[32.0, 16.0, 908.0, 673.0]
[0.0, 0.0, 877.0, 658.0]
[96.0, 16.0, 974.0, 674.0]
[96.0, 0.0, 975.0, 659.0]
[48.0, 16.0, 928.0, 676.0]
[0.0, 16.0, 881.0, 677.0]
[80.0, 0.0, 962.0, 662.0]
[48.0, 0.0, 931.0, 662.0]
[96.0, 16.0, 980.0, 679.0]
[16.0, 16.0, 901.0, 680.0]
[32.0, 16.0, 918.0, 680.0]
[16.0, 16.0, 903.0, 681.0]
[80.0, 0.0, 968.0, 666.0]
[0.0, 16.0, 889.0, 683.0]
[32.0, 0.0, 922.0, 668.0]
[64.0, 0.0, 955.0, 668.0]
[48.0, 0.0, 940.0, 669.0]
[16.0, 0.0, 909.0, 670.0]
[48.0, 0.0, 942.0, 670.0]
[0.0, 0.0, 895.0, 671.0]
[80.0, 0.0, 976.0, 672.0]
[0.0, 0.0, 897.0, 673.0]
[16.0, 0.0, 914.0, 674.0]
[80.0, 0.0, 979.0, 674.0]
[0.0, 0.0, 900.0, 675.0]
[0.0, 0.0, 901.0, 676.0]
[32.0, 0.0, 934.0, 676.0]
[80.0, 0.0, 983.0, 677.0]
[16.0, 0.0, 920.0, 678.0]
[80.0, 0.0, 985.0, 679.0]
[80.0, 0.0, 986.0, 680.0]
[32.0, 0.0, 939.0, 680.0]
[0.0, 0.0, 908.0, 681.0]
[0.0, 0.0, 909.0, 682.0]
[48.0, 0.0, 958.0, 682.0]
[48.0, 0.0, 959.0, 683.0]
