[80.0, 96.0, 797.0, 634.0]
[80.0, 144.0, 798.0, 682.0]
[96.0, 144.0, 815.0, 683.0]
[80.0, 64.0, 800.0, 604.0]
[0.0, 32.0, 721.0, 573.0]
[16.0, 80.0, 738.0, 622.0]
[80.0, 96.0, 803.0, 638.0]
[48.0, 32.0, 772.0, 575.0]
[80.0, 48.0, 805.0, 592.0]
[32.0, 64.0, 758.0, 608.0]
[96.0, 64.0, 823.0, 609.0]
[0.0, 128.0, 728.0, 674.0]
[80.0, 128.0, 809.0, 675.0]
[0.0, 64.0, 730.0, 612.0]
[128.0, 96.0, 859.0, 644.0]
[0.0, 96.0, 732.0, 645.0]
[48.0, 64.0, 781.0, 614.0]
[16.0, 32.0, 750.0, 582.0]
[0.0, 96.0, 735.0, 647.0]
[32.0, 64.0, 768.0, 616.0]
[112.0, 96.0, 849.0, 649.0]
[64.0, 112.0, 802.0, 666.0]
[48.0, 96.0, 787.0, 650.0]
[16.0, 16.0, 756.0, 571.0]
[0.0, 80.0, 741.0, 636.0]
[64.0, 48.0, 806.0, 604.0]
[16.0, 32.0, 759.0, 589.0]
[80.0, 112.0, 824.0, 670.0]
[96.0, 96.0, 841.0, 655.0]
[32.0, 80.0, 778.0, 640.0]
[64.0, 80.0, 811.0, 640.0]
[32.0, 112.0, 780.0, 673.0]
[64.0, 80.0, 813.0, 642.0]
[64.0, 112.0, 814.0, 674.0]
[16.0, 96.0, 767.0, 659.0]
[16.0, 32.0, 768.0, 596.0]
[32.0, 48.0, 785.0, 613.0]
[64.0, 80.0, 818.0, 646.0]
[48.0, 32.0, 803.0, 598.0]
[32.0, 80.0, 788.0, 647.0]
[32.0, 64.0, 789.0, 632.0]
[80.0, 96.0, 838.0, 664.0]
[48.0, 32.0, 807.0, 601.0]
[48.0, 112.0, 808.0, 682.0]
[112.0, 80.0, 873.0, 651.0]
[0.0, 32.0, 762.0, 604.0]
[80.0, 64.0, 843.0, 636.0]
[16.0, 96.0, 780.0, 669.0]
[16.0, 16.0, 781.0, 590.0]
[16.0, 64.0, 782.0, 638.0]
[96.0, 96.0, 863.0, 671.0]
[64.0, 64.0, 832.0, 640.0]
[48.0, 32.0, 817.0, 609.0]
[48.0, 64.0, 818.0, 642.0]
[96.0, 96.0, 867.0, 674.0]
[112.0, 80.0, 884.0, 659.0]
[96.0, 80.0, 869.0, 660.0]
[0.0, 80.0, 774.0, 660.0]
[112.0, 80.0, 887.0, 661.0]
[64.0, 32.0, 840.0, 614.0]
[96.0, 96.0, 873.0, 679.0]
[16.0, 32.0, 794.0, 616.0]
[80.0, 64.0, 859.0, 648.0]
[80.0, 64.0, 860.0, 649.0]
[0.0, 32.0, 781.0, 618.0]
[48.0, 32.0, 830.0, 618.0]
[16.0, 32.0, 799.0, 619.0]
[80.0, 80.0, 864.0, 668.0]
[48.0, 64.0, 833.0, 653.0]
[16.0, 64.0, 802.0, 654.0]
[32.0, 16.0, 819.0, 606.0]
[80.0, 48.0, 868.0, 639.0]
[32.0, 48.0, 821.0, 640.0]
[64.0, 48.0, 854.0, 640.0]
[80.0, 80.0, 871.0, 673.0]
[64.0, 80.0, 856.0, 674.0]
[0.0, 32.0, 793.0, 627.0]
[80.0, 80.0, 874.0, 676.0]
[16.0, 32.0, 811.0, 628.0]
[32.0, 16.0, 828.0, 613.0]
[16.0, 80.0, 813.0, 678.0]
[32.0, 32.0, 830.0, 630.0]
[0.0, 48.0, 799.0, 647.0]
[0.0, 32.0, 800.0, 632.0]
[80.0, 48.0, 881.0, 649.0]
[0.0, 48.0, 802.0, 650.0]
[80.0, 48.0, 883.0, 650.0]
[16.0, 16.0, 820.0, 619.0]
[16.0, 32.0, 821.0, 636.0]
[16.0, 32.0, 822.0, 636.0]
[32.0, 48.0, 839.0, 653.0]
[16.0, 32.0, 824.0, 638.0]
[48.0, 48.0, 857.0, 655.0]
[64.0, 32.0, 874.0, 640.0]
[48.0, 48.0, 859.0, 656.0]
[48.0, 16.0, 860.0, 625.0]
[16.0, 64.0, 829.0, 674.0]
[16.0, 32.0, 830.0, 642.0]
[48.0, 64.0, 863.0, 675.0]
[64.0, 48.0, 880.0, 660.0]
[64.0, 48.0, 881.0, 661.0]
[64.0, 64.0, 882.0, 678.0]
[16.0, 16.0, 835.0, 630.0]
[32.0, 64.0, 852.0, 679.0]
[0.0, 64.0, 821.0, 680.0]
[16.0, 48.0, 838.0, 664.0]
[0.0, 64.0, 823.0, 681.0]
[0.0, 64.0, 824.0, 682.0]
[48.0, 64.0, 873.0, 683.0]
[16.0, 48.0, 842.0, 668.0]
[32.0, 16.0, 859.0, 636.0]
[0.0, 48.0, 828.0, 669.0]
[0.0, 32.0, 829.0, 654.0]
[16.0, 32.0, 846.0, 654.0]
[16.0, 16.0, 847.0, 639.0]
[32.0, 48.0, 864.0, 672.0]
[48.0, 48.0, 881.0, 673.0]
[32.0, 32.0, 866.0, 658.0]
[16.0, 16.0, 851.0, 642.0]
[32.0, 16.0, 868.0, 643.0]
[48.0, 16.0, 885.0, 644.0]
[16.0, 48.0, 854.0, 676.0]
[0.0, 16.0, 839.0, 645.0]
[48.0, 48.0, 888.0, 678.0]
[0.0, 32.0, 841.0, 663.0]
[16.0, 16.0, 858.0, 648.0]
[16.0, 48.0, 859.0, 680.0]
[16.0, 48.0, 860.0, 681.0]
[48.0, 32.0, 893.0, 666.0]
[0.0, 32.0, 846.0, 666.0]
[16.0, 32.0, 863.0, 667.0]
[48.0, 16.0, 896.0, 652.0]
[0.0, 32.0, 849.0, 669.0]
[0.0, 32.0, 850.0, 670.0]
[32.0, 16.0, 883.0, 654.0]
[48.0, 16.0, 900.0, 655.0]
[32.0, 16.0, 885.0, 656.0]
[48.0, 16.0, 902.0, 656.0]
[0.0, 16.0, 855.0, 657.0]
[32.0, 32.0, 888.0, 674.0]
[0.0, 32.0, 857.0, 675.0]
[0.0, 32.0, 858.0, 676.0]
[16.0, 16.0, 875.0, 660.0]
[16.0, 16.0, 876.0, 661.0]
