[224.0, 96.0, 941.0, 634.0]
[256.0, 64.0, 974.0, 602.0]
[160.0, 64.0, 879.0, 603.0]
[208.0, 48.0, 928.0, 588.0]
[80.0, 96.0, 801.0, 637.0]
[224.0, 64.0, 946.0, 606.0]
[128.0, 96.0, 851.0, 638.0]
[192.0, 128.0, 916.0, 671.0]
[144.0, 64.0, 869.0, 608.0]
[288.0, 96.0, 1014.0, 640.0]
[160.0, 80.0, 887.0, 625.0]
[240.0, 48.0, 968.0, 594.0]
[208.0, 48.0, 937.0, 595.0]
[192.0, 64.0, 922.0, 612.0]
[80.0, 112.0, 811.0, 660.0]
[256.0, 64.0, 988.0, 613.0]
[176.0, 80.0, 909.0, 630.0]
[256.0, 64.0, 990.0, 614.0]
[192.0, 64.0, 927.0, 615.0]
[240.0, 80.0, 976.0, 632.0]
[240.0, 80.0, 977.0, 633.0]
[176.0, 80.0, 914.0, 634.0]
[176.0, 48.0, 915.0, 602.0]
[112.0, 48.0, 852.0, 603.0]
[80.0, 96.0, 821.0, 652.0]
[256.0, 112.0, 998.0, 668.0]
[96.0, 80.0, 839.0, 637.0]
[176.0, 112.0, 920.0, 670.0]
[256.0, 96.0, 1001.0, 655.0]
[224.0, 32.0, 970.0, 592.0]
[240.0, 96.0, 987.0, 656.0]
[144.0, 80.0, 892.0, 641.0]
[112.0, 48.0, 861.0, 610.0]
[80.0, 80.0, 830.0, 642.0]
[272.0, 96.0, 1023.0, 659.0]
[144.0, 64.0, 896.0, 628.0]
[64.0, 96.0, 817.0, 661.0]
[144.0, 96.0, 898.0, 662.0]
[144.0, 80.0, 899.0, 646.0]
[192.0, 64.0, 948.0, 631.0]
[128.0, 96.0, 885.0, 664.0]
[80.0, 96.0, 838.0, 664.0]
[144.0, 32.0, 903.0, 601.0]
[96.0, 48.0, 856.0, 618.0]
[144.0, 96.0, 905.0, 667.0]
[192.0, 48.0, 954.0, 620.0]
[208.0, 16.0, 971.0, 588.0]
[128.0, 48.0, 892.0, 621.0]
[208.0, 48.0, 973.0, 622.0]
[128.0, 32.0, 894.0, 606.0]
[128.0, 80.0, 895.0, 655.0]
[64.0, 96.0, 832.0, 672.0]
[144.0, 64.0, 913.0, 641.0]
[48.0, 64.0, 818.0, 642.0]
[240.0, 96.0, 1011.0, 674.0]
[240.0, 32.0, 1012.0, 611.0]
[80.0, 48.0, 853.0, 628.0]
[240.0, 32.0, 1014.0, 612.0]
[192.0, 32.0, 967.0, 613.0]
[160.0, 16.0, 936.0, 598.0]
[208.0, 32.0, 985.0, 615.0]
[128.0, 32.0, 906.0, 616.0]
[144.0, 64.0, 923.0, 648.0]
[32.0, 80.0, 812.0, 665.0]
[240.0, 48.0, 1021.0, 634.0]
[128.0, 64.0, 910.0, 650.0]
[112.0, 48.0, 895.0, 635.0]
[192.0, 80.0, 976.0, 668.0]
[96.0, 64.0, 881.0, 653.0]
[64.0, 64.0, 850.0, 654.0]
[224.0, 80.0, 1011.0, 670.0]
[32.0, 64.0, 820.0, 655.0]
[128.0, 48.0, 917.0, 640.0]
[192.0, 16.0, 982.0, 608.0]
[176.0, 64.0, 967.0, 657.0]
[160.0, 16.0, 952.0, 610.0]
[208.0, 32.0, 1001.0, 627.0]
[112.0, 48.0, 906.0, 644.0]
[208.0, 32.0, 1003.0, 628.0]
[144.0, 80.0, 940.0, 677.0]
[192.0, 48.0, 989.0, 646.0]
[128.0, 48.0, 926.0, 646.0]
[224.0, 80.0, 1023.0, 679.0]
[176.0, 80.0, 976.0, 680.0]
[64.0, 64.0, 865.0, 665.0]
[112.0, 32.0, 914.0, 634.0]
[208.0, 48.0, 1011.0, 650.0]
[48.0, 64.0, 852.0, 667.0]
[144.0, 32.0, 949.0, 636.0]
[96.0, 48.0, 902.0, 652.0]
[128.0, 0.0, 935.0, 605.0]
[64.0, 32.0, 872.0, 638.0]
[176.0, 64.0, 985.0, 671.0]
[96.0, 0.0, 906.0, 608.0]
[112.0, 16.0, 923.0, 624.0]
[208.0, 0.0, 1020.0, 609.0]
[128.0, 32.0, 941.0, 642.0]
[64.0, 32.0, 878.0, 642.0]
[208.0, 32.0, 1023.0, 643.0]
[192.0, 32.0, 1008.0, 644.0]
[48.0, 48.0, 865.0, 661.0]
[96.0, 48.0, 914.0, 662.0]
[112.0, 0.0, 931.0, 614.0]
[112.0, 16.0, 932.0, 631.0]
[80.0, 64.0, 901.0, 680.0]
[48.0, 64.0, 870.0, 680.0]
[144.0, 64.0, 967.0, 681.0]
[128.0, 32.0, 952.0, 650.0]
[112.0, 16.0, 937.0, 635.0]
[128.0, 0.0, 954.0, 620.0]
[160.0, 16.0, 987.0, 636.0]
[128.0, 16.0, 956.0, 637.0]
[96.0, 0.0, 925.0, 622.0]
[80.0, 48.0, 910.0, 670.0]
[128.0, 0.0, 959.0, 623.0]
[96.0, 0.0, 928.0, 624.0]
[128.0, 48.0, 961.0, 673.0]
[80.0, 0.0, 914.0, 626.0]
[32.0, 32.0, 867.0, 658.0]
[144.0, 48.0, 980.0, 675.0]
[32.0, 48.0, 869.0, 676.0]
[48.0, 16.0, 886.0, 644.0]
[48.0, 48.0, 887.0, 677.0]
[144.0, 16.0, 984.0, 646.0]
[64.0, 48.0, 905.0, 679.0]
[64.0, 0.0, 906.0, 632.0]
[48.0, 48.0, 891.0, 680.0]
[96.0, 32.0, 940.0, 665.0]
[128.0, 0.0, 973.0, 634.0]
[96.0, 48.0, 942.0, 682.0]
[64.0, 16.0, 911.0, 651.0]
[176.0, 32.0, 1024.0, 668.0]
[112.0, 16.0, 961.0, 653.0]
[144.0, 0.0, 994.0, 638.0]
[64.0, 16.0, 915.0, 654.0]
[128.0, 0.0, 980.0, 639.0]
[80.0, 16.0, 933.0, 656.0]
[32.0, 16.0, 886.0, 656.0]
[96.0, 0.0, 951.0, 641.0]
[128.0, 32.0, 984.0, 674.0]
[96.0, 16.0, 953.0, 659.0]
[128.0, 0.0, 986.0, 644.0]
[96.0, 16.0, 955.0, 660.0]
[80.0, 0.0, 940.0, 645.0]
[128.0, 32.0, 989.0, 678.0]
[96.0, 0.0, 958.0, 646.0]
[112.0, 0.0, 975.0, 647.0]
[64.0, 0.0, 928.0, 648.0]
[144.0, 16.0, 1009.0, 665.0]
[48.0, 0.0, 914.0, 650.0]
[32.0, 16.0, 899.0, 666.0]
[96.0, 16.0, 964.0, 667.0]
[112.0, 0.0, 981.0, 652.0]
[80.0, 16.0, 950.0, 668.0]
[128.0, 0.0, 999.0, 653.0]
[32.0, 0.0, 904.0, 654.0]
[112.0, 16.0, 985.0, 671.0]
[80.0, 0.0, 954.0, 656.0]
[80.0, 0.0, 955.0, 656.0]
[64.0, 16.0, 940.0, 673.0]
[32.0, 16.0, 909.0, 674.0]
[64.0, 0.0, 942.0, 658.0]
[64.0, 0.0, 943.0, 659.0]
[144.0, 0.0, 1024.0, 660.0]
[96.0, 16.0, 977.0, 677.0]
[48.0, 0.0, 930.0, 662.0]
[112.0, 0.0, 995.0, 662.0]
[112.0, 0.0, 996.0, 663.0]
[64.0, 16.0, 949.0, 680.0]
[48.0, 0.0, 934.0, 664.0]
[128.0, 16.0, 1015.0, 681.0]
[80.0, 16.0, 968.0, 682.0]
[96.0, 0.0, 985.0, 667.0]
[96.0, 0.0, 986.0, 668.0]
[80.0, 0.0, 971.0, 668.0]
[96.0, 0.0, 988.0, 669.0]
[32.0, 0.0, 925.0, 670.0]
[128.0, 0.0, 1022.0, 670.0]
[80.0, 0.0, 975.0, 671.0]
[128.0, 0.0, 1024.0, 672.0]
[48.0, 0.0, 945.0, 673.0]
[64.0, 0.0, 962.0, 674.0]
[32.0, 0.0, 931.0, 674.0]
[96.0, 0.0, 996.0, 675.0]
[48.0, 0.0, 949.0, 676.0]
[32.0, 0.0, 934.0, 676.0]
[112.0, 0.0, 1015.0, 677.0]
[80.0, 0.0, 984.0, 678.0]
[112.0, 0.0, 1017.0, 679.0]
[32.0, 0.0, 938.0, 680.0]
[64.0, 0.0, 971.0, 680.0]
[32.0, 0.0, 940.0, 681.0]
[80.0, 0.0, 989.0, 682.0]
[112.0, 0.0, 1022.0, 682.0]
