[160.0, 336.0, 884.0, 879.0]
[48.0, 400.0, 773.0, 944.0]
[80.0, 288.0, 806.0, 832.0]
[128.0, 304.0, 855.0, 849.0]
[112.0, 304.0, 840.0, 850.0]
[48.0, 368.0, 777.0, 915.0]
[112.0, 400.0, 842.0, 948.0]
[64.0, 336.0, 795.0, 884.0]
[144.0, 304.0, 876.0, 853.0]
[112.0, 384.0, 845.0, 934.0]
[64.0, 352.0, 798.0, 902.0]
[144.0, 368.0, 879.0, 919.0]
[128.0, 368.0, 864.0, 920.0]
[96.0, 384.0, 833.0, 937.0]
[96.0, 384.0, 834.0, 938.0]
[80.0, 352.0, 819.0, 906.0]
[48.0, 384.0, 788.0, 939.0]
[112.0, 368.0, 853.0, 924.0]
[144.0, 400.0, 886.0, 956.0]
[96.0, 320.0, 839.0, 877.0]
[80.0, 288.0, 824.0, 846.0]
[128.0, 272.0, 873.0, 831.0]
[48.0, 304.0, 794.0, 864.0]
[96.0, 352.0, 843.0, 912.0]
[80.0, 352.0, 828.0, 913.0]
[64.0, 272.0, 813.0, 834.0]
[128.0, 320.0, 878.0, 882.0]
[144.0, 272.0, 895.0, 835.0]
[48.0, 288.0, 800.0, 852.0]
[80.0, 320.0, 833.0, 885.0]
[128.0, 400.0, 882.0, 966.0]
[32.0, 368.0, 787.0, 934.0]
[16.0, 288.0, 772.0, 855.0]
[48.0, 272.0, 805.0, 840.0]
[96.0, 368.0, 854.0, 936.0]
[80.0, 352.0, 839.0, 921.0]
[64.0, 384.0, 824.0, 954.0]
[80.0, 272.0, 841.0, 843.0]
[64.0, 256.0, 826.0, 828.0]
[176.0, 320.0, 939.0, 892.0]
[144.0, 368.0, 908.0, 941.0]
[0.0, 336.0, 765.0, 910.0]
[144.0, 384.0, 910.0, 958.0]
[64.0, 336.0, 831.0, 911.0]
[32.0, 288.0, 800.0, 864.0]
[48.0, 288.0, 817.0, 865.0]
[48.0, 336.0, 818.0, 914.0]
[144.0, 320.0, 915.0, 898.0]
[48.0, 288.0, 820.0, 867.0]
[96.0, 272.0, 869.0, 852.0]
[0.0, 368.0, 774.0, 948.0]
[0.0, 320.0, 775.0, 901.0]
[112.0, 256.0, 888.0, 838.0]
[128.0, 256.0, 905.0, 839.0]
[32.0, 336.0, 810.0, 920.0]
[32.0, 288.0, 811.0, 872.0]
[32.0, 288.0, 812.0, 873.0]
[96.0, 288.0, 877.0, 874.0]
[96.0, 272.0, 878.0, 858.0]
[176.0, 304.0, 959.0, 891.0]
[32.0, 272.0, 816.0, 860.0]
[144.0, 352.0, 929.0, 941.0]
[64.0, 384.0, 850.0, 974.0]
[80.0, 288.0, 867.0, 878.0]
[80.0, 288.0, 868.0, 879.0]
[32.0, 336.0, 821.0, 928.0]
[96.0, 320.0, 886.0, 912.0]
[48.0, 336.0, 839.0, 929.0]
[48.0, 368.0, 840.0, 962.0]
[80.0, 336.0, 873.0, 931.0]
[16.0, 320.0, 810.0, 916.0]
[0.0, 320.0, 795.0, 916.0]
[112.0, 256.0, 908.0, 853.0]
[96.0, 352.0, 893.0, 950.0]
[32.0, 256.0, 830.0, 854.0]
[48.0, 336.0, 847.0, 935.0]
[128.0, 352.0, 928.0, 952.0]
[0.0, 336.0, 801.0, 937.0]
[160.0, 272.0, 962.0, 874.0]
[16.0, 320.0, 819.0, 922.0]
[80.0, 352.0, 884.0, 955.0]
[144.0, 352.0, 949.0, 956.0]
[112.0, 320.0, 918.0, 924.0]
[112.0, 288.0, 919.0, 893.0]
[64.0, 368.0, 872.0, 974.0]
[16.0, 240.0, 825.0, 847.0]
[64.0, 288.0, 874.0, 896.0]
[0.0, 272.0, 811.0, 880.0]
[144.0, 352.0, 956.0, 961.0]
[32.0, 224.0, 845.0, 834.0]
[16.0, 240.0, 830.0, 850.0]
[112.0, 240.0, 927.0, 851.0]
[112.0, 304.0, 928.0, 916.0]
[128.0, 368.0, 945.0, 981.0]
[128.0, 272.0, 946.0, 886.0]
[16.0, 256.0, 835.0, 870.0]
[96.0, 240.0, 916.0, 855.0]
[80.0, 256.0, 901.0, 872.0]
[176.0, 320.0, 998.0, 936.0]
[64.0, 368.0, 887.0, 985.0]
[48.0, 256.0, 872.0, 874.0]
[176.0, 288.0, 1001.0, 907.0]
[128.0, 256.0, 954.0, 876.0]
[64.0, 240.0, 891.0, 860.0]
[64.0, 320.0, 892.0, 941.0]
[32.0, 288.0, 861.0, 910.0]
[64.0, 272.0, 894.0, 894.0]
[48.0, 352.0, 879.0, 975.0]
[64.0, 288.0, 896.0, 912.0]
[32.0, 336.0, 865.0, 961.0]
[48.0, 256.0, 882.0, 882.0]
[96.0, 304.0, 931.0, 930.0]
[0.0, 272.0, 836.0, 899.0]
[80.0, 240.0, 917.0, 868.0]
[16.0, 288.0, 854.0, 916.0]
[16.0, 256.0, 855.0, 885.0]
[16.0, 336.0, 856.0, 966.0]
[32.0, 224.0, 873.0, 855.0]
[96.0, 352.0, 938.0, 984.0]
[128.0, 272.0, 971.0, 904.0]
[144.0, 304.0, 988.0, 937.0]
[160.0, 272.0, 1005.0, 906.0]
[16.0, 304.0, 862.0, 938.0]
[80.0, 304.0, 927.0, 939.0]
[80.0, 224.0, 928.0, 860.0]
[48.0, 240.0, 897.0, 877.0]
[32.0, 288.0, 882.0, 926.0]
[32.0, 256.0, 883.0, 894.0]
[32.0, 272.0, 884.0, 911.0]
[16.0, 320.0, 869.0, 960.0]
[96.0, 240.0, 950.0, 880.0]
[80.0, 320.0, 935.0, 961.0]
[16.0, 320.0, 872.0, 962.0]
[0.0, 240.0, 857.0, 883.0]
[64.0, 208.0, 922.0, 852.0]
[112.0, 272.0, 971.0, 916.0]
[0.0, 304.0, 860.0, 949.0]
[0.0, 256.0, 861.0, 902.0]
[96.0, 320.0, 958.0, 966.0]
[128.0, 336.0, 991.0, 983.0]
[0.0, 224.0, 864.0, 872.0]
[80.0, 320.0, 945.0, 969.0]
[16.0, 256.0, 882.0, 906.0]
[0.0, 224.0, 867.0, 874.0]
[0.0, 224.0, 868.0, 875.0]
[64.0, 240.0, 933.0, 892.0]
[48.0, 272.0, 918.0, 924.0]
[16.0, 208.0, 887.0, 861.0]
[48.0, 320.0, 920.0, 974.0]
[80.0, 272.0, 953.0, 927.0]
[0.0, 256.0, 874.0, 912.0]
[32.0, 304.0, 907.0, 960.0]
[48.0, 304.0, 924.0, 961.0]
[16.0, 224.0, 893.0, 882.0]
[80.0, 208.0, 958.0, 866.0]
[48.0, 272.0, 927.0, 931.0]
[80.0, 208.0, 960.0, 868.0]
[16.0, 208.0, 897.0, 869.0]
[32.0, 256.0, 914.0, 918.0]
[112.0, 320.0, 995.0, 982.0]
[0.0, 240.0, 884.0, 903.0]
[80.0, 240.0, 965.0, 904.0]
[48.0, 224.0, 934.0, 888.0]
[0.0, 208.0, 887.0, 873.0]
[32.0, 208.0, 920.0, 874.0]
[0.0, 256.0, 889.0, 923.0]
[0.0, 224.0, 890.0, 892.0]
[64.0, 272.0, 955.0, 940.0]
[96.0, 224.0, 988.0, 893.0]
[64.0, 272.0, 957.0, 942.0]
[0.0, 256.0, 894.0, 926.0]
[112.0, 240.0, 1007.0, 911.0]
[32.0, 288.0, 928.0, 960.0]
[64.0, 304.0, 961.0, 977.0]
[16.0, 240.0, 914.0, 914.0]
[48.0, 192.0, 947.0, 866.0]
[16.0, 272.0, 916.0, 947.0]
[48.0, 288.0, 949.0, 964.0]
[96.0, 288.0, 998.0, 964.0]
[64.0, 224.0, 967.0, 901.0]
[96.0, 256.0, 1000.0, 934.0]
[32.0, 256.0, 937.0, 935.0]
[16.0, 240.0, 922.0, 920.0]
[96.0, 272.0, 1003.0, 952.0]
[0.0, 240.0, 908.0, 921.0]
[64.0, 208.0, 973.0, 890.0]
[80.0, 304.0, 990.0, 986.0]
[64.0, 288.0, 975.0, 971.0]
[16.0, 272.0, 928.0, 956.0]
[32.0, 256.0, 945.0, 941.0]
[32.0, 224.0, 946.0, 910.0]
[32.0, 176.0, 947.0, 862.0]
[80.0, 272.0, 996.0, 959.0]
[80.0, 288.0, 997.0, 976.0]
[64.0, 208.0, 982.0, 896.0]
[16.0, 224.0, 935.0, 913.0]
[64.0, 272.0, 984.0, 962.0]
[96.0, 272.0, 1017.0, 963.0]
[16.0, 224.0, 938.0, 916.0]
[32.0, 256.0, 955.0, 948.0]
[96.0, 272.0, 1020.0, 965.0]
[80.0, 288.0, 1005.0, 982.0]
[32.0, 240.0, 958.0, 934.0]
[32.0, 224.0, 959.0, 919.0]
[32.0, 240.0, 960.0, 936.0]
[64.0, 256.0, 993.0, 953.0]
[48.0, 224.0, 978.0, 922.0]
[0.0, 176.0, 931.0, 874.0]
[64.0, 192.0, 996.0, 891.0]
[0.0, 224.0, 933.0, 924.0]
[32.0, 208.0, 966.0, 908.0]
[0.0, 192.0, 935.0, 893.0]
[64.0, 224.0, 1000.0, 926.0]
[80.0, 240.0, 1017.0, 943.0]
[0.0, 208.0, 938.0, 912.0]
[80.0, 272.0, 1019.0, 976.0]
[16.0, 240.0, 956.0, 945.0]
[48.0, 272.0, 989.0, 978.0]
[80.0, 208.0, 1022.0, 914.0]
[16.0, 208.0, 959.0, 915.0]
[80.0, 224.0, 1024.0, 932.0]
[16.0, 256.0, 961.0, 965.0]
[16.0, 176.0, 962.0, 886.0]
[16.0, 224.0, 963.0, 934.0]
[0.0, 256.0, 948.0, 967.0]
[0.0, 224.0, 949.0, 936.0]
[64.0, 256.0, 1014.0, 968.0]
[32.0, 272.0, 983.0, 985.0]
[48.0, 256.0, 1000.0, 970.0]
[48.0, 272.0, 1001.0, 987.0]
[48.0, 192.0, 1002.0, 908.0]
[64.0, 240.0, 1019.0, 956.0]
[64.0, 208.0, 1020.0, 925.0]
[16.0, 192.0, 973.0, 910.0]
[64.0, 224.0, 1022.0, 942.0]
[48.0, 208.0, 1007.0, 927.0]
[48.0, 256.0, 1008.0, 976.0]
[32.0, 176.0, 993.0, 897.0]
[48.0, 240.0, 1010.0, 962.0]
[0.0, 256.0, 963.0, 978.0]
[32.0, 192.0, 996.0, 915.0]
[32.0, 208.0, 997.0, 932.0]
[0.0, 192.0, 966.0, 916.0]
[32.0, 176.0, 999.0, 901.0]
[32.0, 256.0, 1000.0, 982.0]
[48.0, 176.0, 1017.0, 903.0]
[0.0, 224.0, 970.0, 952.0]
[0.0, 208.0, 971.0, 936.0]
[16.0, 224.0, 988.0, 953.0]
[16.0, 256.0, 989.0, 986.0]
[32.0, 208.0, 1006.0, 938.0]
[48.0, 176.0, 1023.0, 907.0]
[16.0, 208.0, 992.0, 940.0]
[16.0, 176.0, 993.0, 909.0]
[16.0, 176.0, 994.0, 910.0]
[32.0, 240.0, 1011.0, 974.0]
[16.0, 176.0, 996.0, 911.0]
[16.0, 240.0, 997.0, 976.0]
[32.0, 240.0, 1014.0, 976.0]
[32.0, 176.0, 1015.0, 913.0]
[32.0, 240.0, 1016.0, 978.0]
[16.0, 240.0, 1001.0, 979.0]
[0.0, 208.0, 986.0, 948.0]
[32.0, 192.0, 1019.0, 932.0]
[16.0, 224.0, 1004.0, 965.0]
[0.0, 240.0, 989.0, 982.0]
[16.0, 224.0, 1006.0, 966.0]
[0.0, 240.0, 991.0, 983.0]
[32.0, 240.0, 1024.0, 984.0]
[16.0, 192.0, 1009.0, 937.0]
[0.0, 208.0, 994.0, 954.0]
[0.0, 224.0, 995.0, 970.0]
[16.0, 192.0, 1012.0, 939.0]
[16.0, 208.0, 1013.0, 956.0]
[0.0, 176.0, 998.0, 924.0]
[16.0, 192.0, 1015.0, 941.0]
[16.0, 176.0, 1016.0, 926.0]
[16.0, 224.0, 1017.0, 975.0]
[16.0, 192.0, 1018.0, 944.0]
[16.0, 176.0, 1019.0, 928.0]
[16.0, 224.0, 1020.0, 977.0]
[0.0, 208.0, 1005.0, 962.0]
[16.0, 192.0, 1022.0, 946.0]
[0.0, 192.0, 1007.0, 947.0]
[0.0, 192.0, 1008.0, 948.0]
[0.0, 176.0, 1009.0, 933.0]
[0.0, 192.0, 1010.0, 950.0]
[0.0, 176.0, 1011.0, 934.0]
[0.0, 224.0, 1012.0, 983.0]
[0.0, 208.0, 1013.0, 968.0]
[0.0, 192.0, 1014.0, 952.0]
[0.0, 192.0, 1015.0, 953.0]
[0.0, 176.0, 1016.0, 938.0]
[0.0, 224.0, 1017.0, 987.0]
[0.0, 176.0, 1018.0, 940.0]
[0.0, 192.0, 1019.0, 956.0]
[0.0, 176.0, 1020.0, 941.0]
[0.0, 192.0, 1021.0, 958.0]
[0.0, 208.0, 1022.0, 974.0]
[0.0, 208.0, 1023.0, 975.0]
[0.0, 176.0, 1024.0, 944.0]
