[176.0, 80.0, 917.0, 636.0]
[64.0, 32.0, 806.0, 588.0]
[144.0, 32.0, 887.0, 589.0]
[64.0, 96.0, 808.0, 654.0]
[160.0, 80.0, 905.0, 639.0]
[144.0, 48.0, 890.0, 608.0]
[224.0, 64.0, 971.0, 624.0]
[48.0, 48.0, 796.0, 609.0]
[160.0, 48.0, 909.0, 610.0]
[144.0, 48.0, 894.0, 610.0]
[32.0, 32.0, 783.0, 595.0]
[176.0, 64.0, 928.0, 628.0]
[96.0, 80.0, 849.0, 645.0]
[96.0, 32.0, 850.0, 598.0]
[32.0, 48.0, 787.0, 614.0]
[48.0, 80.0, 804.0, 647.0]
[80.0, 64.0, 837.0, 632.0]
[240.0, 64.0, 998.0, 632.0]
[64.0, 32.0, 823.0, 601.0]
[160.0, 64.0, 920.0, 634.0]
[224.0, 80.0, 985.0, 651.0]
[80.0, 64.0, 842.0, 636.0]
[80.0, 16.0, 843.0, 588.0]
[48.0, 16.0, 812.0, 589.0]
[144.0, 16.0, 909.0, 590.0]
[144.0, 32.0, 910.0, 606.0]
[48.0, 96.0, 815.0, 671.0]
[32.0, 64.0, 800.0, 640.0]
[192.0, 96.0, 961.0, 673.0]
[96.0, 64.0, 866.0, 642.0]
[224.0, 64.0, 995.0, 642.0]
[80.0, 80.0, 852.0, 659.0]
[160.0, 96.0, 933.0, 676.0]
[192.0, 32.0, 966.0, 612.0]
[80.0, 80.0, 855.0, 661.0]
[160.0, 0.0, 936.0, 582.0]
[208.0, 32.0, 985.0, 615.0]
[96.0, 80.0, 874.0, 664.0]
[48.0, 0.0, 827.0, 584.0]
[208.0, 16.0, 988.0, 601.0]
[112.0, 32.0, 893.0, 618.0]
[32.0, 96.0, 814.0, 682.0]
[48.0, 0.0, 831.0, 587.0]
[176.0, 64.0, 960.0, 652.0]
[96.0, 64.0, 881.0, 653.0]
[208.0, 80.0, 994.0, 670.0]
[160.0, 48.0, 947.0, 638.0]
[0.0, 48.0, 788.0, 639.0]
[32.0, 0.0, 821.0, 592.0]
[32.0, 80.0, 822.0, 672.0]
[96.0, 16.0, 887.0, 609.0]
[224.0, 64.0, 1016.0, 658.0]
[208.0, 64.0, 1001.0, 659.0]
[160.0, 48.0, 954.0, 644.0]
[128.0, 16.0, 923.0, 612.0]
[48.0, 32.0, 844.0, 629.0]
[208.0, 16.0, 1005.0, 614.0]
[16.0, 80.0, 814.0, 678.0]
[32.0, 16.0, 831.0, 615.0]
[80.0, 64.0, 880.0, 664.0]
[48.0, 80.0, 849.0, 681.0]
[80.0, 16.0, 882.0, 618.0]
[0.0, 48.0, 803.0, 650.0]
[112.0, 32.0, 916.0, 635.0]
[160.0, 64.0, 965.0, 668.0]
[96.0, 64.0, 902.0, 668.0]
[144.0, 0.0, 951.0, 605.0]
[112.0, 64.0, 920.0, 670.0]
[128.0, 16.0, 937.0, 623.0]
[192.0, 64.0, 1002.0, 672.0]
[96.0, 48.0, 907.0, 656.0]
[80.0, 48.0, 892.0, 657.0]
[128.0, 48.0, 941.0, 658.0]
[192.0, 48.0, 1006.0, 658.0]
[144.0, 64.0, 959.0, 675.0]
[176.0, 48.0, 992.0, 660.0]
[16.0, 0.0, 833.0, 613.0]
[160.0, 16.0, 978.0, 630.0]
[144.0, 32.0, 963.0, 646.0]
[96.0, 64.0, 916.0, 679.0]
[112.0, 48.0, 933.0, 664.0]
[16.0, 16.0, 838.0, 632.0]
[64.0, 0.0, 887.0, 617.0]
[144.0, 48.0, 968.0, 666.0]
[64.0, 16.0, 889.0, 635.0]
[128.0, 0.0, 954.0, 620.0]
[32.0, 16.0, 859.0, 636.0]
[192.0, 16.0, 1020.0, 637.0]
[64.0, 0.0, 893.0, 622.0]
[0.0, 0.0, 830.0, 622.0]
[64.0, 48.0, 895.0, 671.0]
[16.0, 48.0, 848.0, 672.0]
[176.0, 0.0, 1009.0, 625.0]
[176.0, 16.0, 1010.0, 642.0]
[64.0, 16.0, 899.0, 642.0]
[16.0, 0.0, 852.0, 627.0]
[16.0, 0.0, 853.0, 628.0]
[96.0, 48.0, 934.0, 676.0]
[32.0, 32.0, 871.0, 661.0]
[96.0, 0.0, 936.0, 630.0]
[48.0, 48.0, 889.0, 679.0]
[144.0, 48.0, 986.0, 680.0]
[48.0, 0.0, 891.0, 632.0]
[96.0, 0.0, 940.0, 633.0]
[128.0, 48.0, 973.0, 682.0]
[80.0, 16.0, 926.0, 650.0]
[128.0, 16.0, 975.0, 651.0]
[176.0, 32.0, 1024.0, 668.0]
[96.0, 32.0, 945.0, 669.0]
[144.0, 32.0, 994.0, 670.0]
[16.0, 0.0, 867.0, 638.0]
[80.0, 0.0, 932.0, 639.0]
[16.0, 0.0, 869.0, 640.0]
[64.0, 16.0, 918.0, 656.0]
[48.0, 16.0, 903.0, 657.0]
[144.0, 16.0, 1000.0, 658.0]
[32.0, 16.0, 889.0, 659.0]
[144.0, 0.0, 1002.0, 644.0]
[16.0, 16.0, 875.0, 660.0]
[64.0, 16.0, 924.0, 661.0]
[32.0, 32.0, 893.0, 678.0]
[64.0, 16.0, 926.0, 662.0]
[96.0, 32.0, 959.0, 679.0]
[64.0, 32.0, 928.0, 680.0]
[16.0, 32.0, 881.0, 681.0]
[64.0, 32.0, 930.0, 682.0]
[80.0, 32.0, 947.0, 682.0]
[128.0, 16.0, 996.0, 667.0]
[144.0, 16.0, 1013.0, 668.0]
[144.0, 16.0, 1014.0, 668.0]
[16.0, 0.0, 887.0, 653.0]
[128.0, 16.0, 1000.0, 670.0]
[80.0, 0.0, 953.0, 655.0]
[48.0, 0.0, 922.0, 656.0]
[112.0, 16.0, 987.0, 672.0]
[48.0, 16.0, 924.0, 673.0]
[144.0, 16.0, 1021.0, 674.0]
[16.0, 16.0, 894.0, 674.0]
[32.0, 0.0, 911.0, 659.0]
[64.0, 0.0, 944.0, 660.0]
[128.0, 0.0, 1009.0, 661.0]
[48.0, 0.0, 930.0, 662.0]
[64.0, 0.0, 947.0, 662.0]
[80.0, 0.0, 964.0, 663.0]
[32.0, 16.0, 917.0, 680.0]
[0.0, 0.0, 886.0, 664.0]
[16.0, 16.0, 903.0, 681.0]
[112.0, 0.0, 1000.0, 666.0]
[80.0, 0.0, 969.0, 667.0]
[32.0, 0.0, 922.0, 668.0]
[96.0, 0.0, 987.0, 668.0]
[64.0, 0.0, 956.0, 669.0]
[96.0, 0.0, 989.0, 670.0]
[0.0, 0.0, 894.0, 670.0]
[0.0, 0.0, 895.0, 671.0]
[32.0, 0.0, 928.0, 672.0]
[0.0, 0.0, 897.0, 673.0]
[96.0, 0.0, 994.0, 674.0]
[48.0, 0.0, 947.0, 674.0]
[32.0, 0.0, 932.0, 675.0]
[64.0, 0.0, 965.0, 676.0]
[0.0, 0.0, 902.0, 676.0]
[64.0, 0.0, 967.0, 677.0]
[0.0, 0.0, 904.0, 678.0]
[16.0, 0.0, 921.0, 679.0]
[48.0, 0.0, 954.0, 680.0]
[0.0, 0.0, 907.0, 680.0]
[112.0, 0.0, 1020.0, 681.0]
[16.0, 0.0, 925.0, 682.0]
[0.0, 0.0, 910.0, 682.0]
[112.0, 0.0, 1023.0, 683.0]
