[224.0, 48.0, 843.0, 873.0]
[80.0, 64.0, 700.0, 890.0]
[144.0, 64.0, 764.0, 891.0]
[224.0, 64.0, 845.0, 892.0]
[208.0, 48.0, 830.0, 877.0]
[96.0, 64.0, 718.0, 894.0]
[128.0, 48.0, 751.0, 879.0]
[176.0, 64.0, 800.0, 896.0]
[112.0, 64.0, 737.0, 897.0]
[208.0, 32.0, 834.0, 866.0]
[144.0, 48.0, 770.0, 883.0]
[112.0, 64.0, 739.0, 900.0]
[272.0, 64.0, 900.0, 901.0]
[208.0, 48.0, 836.0, 886.0]
[80.0, 32.0, 709.0, 871.0]
[96.0, 32.0, 726.0, 872.0]
[48.0, 32.0, 679.0, 873.0]
[256.0, 64.0, 888.0, 906.0]
[256.0, 64.0, 888.0, 907.0]
[192.0, 48.0, 825.0, 892.0]
[128.0, 32.0, 762.0, 877.0]
[192.0, 48.0, 826.0, 894.0]
[192.0, 48.0, 827.0, 895.0]
[256.0, 16.0, 892.0, 864.0]
[48.0, 48.0, 685.0, 897.0]
[208.0, 64.0, 846.0, 914.0]
[208.0, 32.0, 846.0, 883.0]
[80.0, 32.0, 719.0, 884.0]
[48.0, 64.0, 688.0, 917.0]
[192.0, 16.0, 832.0, 870.0]
[48.0, 16.0, 689.0, 871.0]
[224.0, 48.0, 866.0, 904.0]
[224.0, 32.0, 867.0, 889.0]
[160.0, 16.0, 804.0, 874.0]
[208.0, 32.0, 852.0, 891.0]
[192.0, 48.0, 837.0, 908.0]
[240.0, 48.0, 886.0, 909.0]
[96.0, 32.0, 742.0, 894.0]
[224.0, 64.0, 871.0, 927.0]
[176.0, 32.0, 824.0, 896.0]
[256.0, 16.0, 905.0, 881.0]
[224.0, 16.0, 874.0, 882.0]
[208.0, 48.0, 858.0, 915.0]
[256.0, 16.0, 907.0, 884.0]
[160.0, 0.0, 812.0, 869.0]
[224.0, 32.0, 876.0, 902.0]
[32.0, 16.0, 685.0, 887.0]
[128.0, 16.0, 782.0, 888.0]
[64.0, 48.0, 719.0, 921.0]
[176.0, 16.0, 832.0, 890.0]
[240.0, 0.0, 896.0, 875.0]
[112.0, 64.0, 769.0, 940.0]
[176.0, 0.0, 834.0, 877.0]
[208.0, 0.0, 866.0, 878.0]
[240.0, 32.0, 899.0, 911.0]
[96.0, 64.0, 756.0, 944.0]
[96.0, 48.0, 757.0, 929.0]
[256.0, 32.0, 918.0, 914.0]
[32.0, 32.0, 694.0, 915.0]
[128.0, 80.0, 791.0, 964.0]
[192.0, 80.0, 856.0, 965.0]
[80.0, 32.0, 744.0, 918.0]
[48.0, 80.0, 713.0, 967.0]
[32.0, 16.0, 698.0, 904.0]
[256.0, 32.0, 923.0, 921.0]
[240.0, 48.0, 908.0, 938.0]
[192.0, 0.0, 860.0, 891.0]
[48.0, 48.0, 717.0, 940.0]
[176.0, 48.0, 846.0, 941.0]
[176.0, 32.0, 846.0, 926.0]
[144.0, 0.0, 815.0, 895.0]
[112.0, 16.0, 784.0, 912.0]
[32.0, 64.0, 705.0, 961.0]
[160.0, 64.0, 834.0, 962.0]
[208.0, 0.0, 882.0, 899.0]
[144.0, 80.0, 819.0, 980.0]
[176.0, 48.0, 852.0, 949.0]
[64.0, 80.0, 740.0, 982.0]
[16.0, 32.0, 693.0, 935.0]
[48.0, 64.0, 726.0, 968.0]
[80.0, 48.0, 759.0, 953.0]
[48.0, 64.0, 728.0, 970.0]
[80.0, 0.0, 760.0, 907.0]
[128.0, 64.0, 809.0, 972.0]
[240.0, 16.0, 922.0, 925.0]
[224.0, 16.0, 906.0, 926.0]
[176.0, 64.0, 859.0, 975.0]
[128.0, 32.0, 812.0, 944.0]
[112.0, 32.0, 797.0, 945.0]
[48.0, 64.0, 734.0, 978.0]
[96.0, 32.0, 782.0, 947.0]
[176.0, 0.0, 863.0, 916.0]
[112.0, 64.0, 800.0, 981.0]
[144.0, 64.0, 832.0, 982.0]
[48.0, 16.0, 737.0, 935.0]
[144.0, 0.0, 834.0, 920.0]
[128.0, 80.0, 819.0, 1001.0]
[128.0, 0.0, 820.0, 922.0]
[224.0, 48.0, 916.0, 971.0]
[80.0, 16.0, 773.0, 940.0]
[32.0, 16.0, 726.0, 941.0]
[176.0, 48.0, 870.0, 974.0]
[80.0, 80.0, 775.0, 1007.0]
[64.0, 0.0, 760.0, 928.0]
[224.0, 32.0, 921.0, 961.0]
[192.0, 16.0, 890.0, 946.0]
[112.0, 32.0, 810.0, 963.0]
[176.0, 48.0, 875.0, 980.0]
[64.0, 48.0, 764.0, 981.0]
[48.0, 48.0, 748.0, 982.0]
[48.0, 0.0, 749.0, 935.0]
[48.0, 64.0, 750.0, 1000.0]
[96.0, 0.0, 799.0, 937.0]
[144.0, 16.0, 848.0, 954.0]
[176.0, 16.0, 880.0, 955.0]
[224.0, 0.0, 929.0, 940.0]
[64.0, 64.0, 770.0, 1005.0]
[160.0, 80.0, 866.0, 1022.0]
[32.0, 64.0, 739.0, 1007.0]
[208.0, 32.0, 916.0, 976.0]
[160.0, 32.0, 869.0, 977.0]
[48.0, 0.0, 758.0, 946.0]
[48.0, 0.0, 758.0, 947.0]
[192.0, 16.0, 903.0, 964.0]
[64.0, 0.0, 776.0, 949.0]
[64.0, 48.0, 776.0, 998.0]
[96.0, 48.0, 809.0, 999.0]
[32.0, 32.0, 746.0, 984.0]
[192.0, 16.0, 907.0, 969.0]
[64.0, 32.0, 780.0, 986.0]
[128.0, 0.0, 844.0, 955.0]
[192.0, 32.0, 909.0, 988.0]
[160.0, 16.0, 878.0, 973.0]
[208.0, 0.0, 926.0, 958.0]
[128.0, 32.0, 847.0, 991.0]
[176.0, 16.0, 896.0, 976.0]
[208.0, 16.0, 929.0, 977.0]
[144.0, 48.0, 866.0, 1010.0]
[160.0, 16.0, 882.0, 979.0]
[96.0, 32.0, 819.0, 996.0]
[128.0, 0.0, 852.0, 965.0]
[112.0, 48.0, 836.0, 1014.0]
[32.0, 0.0, 757.0, 967.0]
[16.0, 32.0, 742.0, 1000.0]
[112.0, 32.0, 839.0, 1001.0]
[64.0, 16.0, 792.0, 986.0]
[160.0, 0.0, 888.0, 971.0]
[160.0, 0.0, 889.0, 972.0]
[48.0, 48.0, 778.0, 1021.0]
[160.0, 16.0, 890.0, 990.0]
[32.0, 32.0, 763.0, 1007.0]
[96.0, 32.0, 828.0, 1008.0]
[96.0, 32.0, 829.0, 1009.0]
[128.0, 0.0, 862.0, 978.0]
[192.0, 16.0, 926.0, 995.0]
[144.0, 0.0, 879.0, 980.0]
[128.0, 0.0, 864.0, 981.0]
[16.0, 32.0, 752.0, 1014.0]
[144.0, 16.0, 881.0, 999.0]
[144.0, 32.0, 882.0, 1016.0]
[160.0, 32.0, 899.0, 1017.0]
[112.0, 32.0, 852.0, 1018.0]
[176.0, 16.0, 916.0, 1003.0]
[144.0, 16.0, 885.0, 1004.0]
[48.0, 32.0, 790.0, 1021.0]
[32.0, 32.0, 774.0, 1022.0]
[128.0, 16.0, 871.0, 1007.0]
[176.0, 0.0, 920.0, 992.0]
[64.0, 16.0, 809.0, 1009.0]
[16.0, 16.0, 762.0, 1010.0]
[16.0, 16.0, 762.0, 1011.0]
[64.0, 16.0, 811.0, 1012.0]
[144.0, 0.0, 892.0, 997.0]
[96.0, 16.0, 844.0, 1014.0]
[80.0, 0.0, 829.0, 999.0]
[32.0, 0.0, 782.0, 1000.0]
[48.0, 0.0, 799.0, 1001.0]
[128.0, 16.0, 880.0, 1018.0]
[112.0, 16.0, 864.0, 1019.0]
[80.0, 0.0, 833.0, 1004.0]
[64.0, 16.0, 818.0, 1021.0]
[160.0, 16.0, 914.0, 1022.0]
[144.0, 16.0, 899.0, 1023.0]
[48.0, 0.0, 804.0, 1008.0]
[176.0, 0.0, 933.0, 1009.0]
[112.0, 0.0, 870.0, 1010.0]
[128.0, 0.0, 886.0, 1011.0]
[48.0, 0.0, 807.0, 1012.0]
[128.0, 0.0, 888.0, 1013.0]
[160.0, 0.0, 920.0, 1014.0]
[32.0, 0.0, 793.0, 1015.0]
[64.0, 0.0, 826.0, 1016.0]
[160.0, 0.0, 923.0, 1017.0]
[32.0, 0.0, 796.0, 1018.0]
[64.0, 0.0, 828.0, 1019.0]
[96.0, 0.0, 861.0, 1020.0]
[48.0, 0.0, 814.0, 1021.0]
[96.0, 0.0, 862.0, 1022.0]
[48.0, 0.0, 815.0, 1023.0]
[128.0, 0.0, 896.0, 1024.0]
