[208.0, 64.0, 925.0, 602.0]
[48.0, 64.0, 766.0, 602.0]
[48.0, 64.0, 767.0, 603.0]
[112.0, 64.0, 832.0, 604.0]
[256.0, 32.0, 977.0, 573.0]
[96.0, 64.0, 818.0, 606.0]
[256.0, 32.0, 979.0, 574.0]
[240.0, 32.0, 964.0, 575.0]
[144.0, 16.0, 869.0, 560.0]
[160.0, 32.0, 886.0, 576.0]
[224.0, 64.0, 951.0, 609.0]
[64.0, 32.0, 792.0, 578.0]
[256.0, 64.0, 985.0, 611.0]
[80.0, 48.0, 810.0, 596.0]
[32.0, 48.0, 763.0, 596.0]
[32.0, 32.0, 764.0, 581.0]
[208.0, 16.0, 941.0, 566.0]
[240.0, 32.0, 974.0, 582.0]
[96.0, 16.0, 831.0, 567.0]
[32.0, 48.0, 768.0, 600.0]
[160.0, 48.0, 897.0, 601.0]
[128.0, 48.0, 866.0, 602.0]
[176.0, 64.0, 915.0, 618.0]
[48.0, 48.0, 788.0, 603.0]
[256.0, 48.0, 997.0, 604.0]
[128.0, 16.0, 870.0, 572.0]
[32.0, 48.0, 775.0, 605.0]
[160.0, 48.0, 904.0, 606.0]
[144.0, 64.0, 889.0, 623.0]
[32.0, 48.0, 778.0, 608.0]
[256.0, 32.0, 1003.0, 592.0]
[64.0, 64.0, 812.0, 625.0]
[240.0, 48.0, 989.0, 610.0]
[144.0, 48.0, 894.0, 610.0]
[48.0, 32.0, 799.0, 595.0]
[80.0, 64.0, 832.0, 628.0]
[160.0, 0.0, 913.0, 565.0]
[208.0, 0.0, 962.0, 566.0]
[208.0, 16.0, 963.0, 582.0]
[208.0, 32.0, 964.0, 599.0]
[16.0, 32.0, 773.0, 600.0]
[16.0, 48.0, 774.0, 616.0]
[240.0, 16.0, 999.0, 585.0]
[160.0, 32.0, 920.0, 602.0]
[224.0, 64.0, 985.0, 635.0]
[144.0, 48.0, 906.0, 620.0]
[160.0, 48.0, 923.0, 620.0]
[128.0, 48.0, 892.0, 621.0]
[96.0, 64.0, 861.0, 638.0]
[176.0, 0.0, 942.0, 574.0]
[208.0, 64.0, 975.0, 639.0]
[160.0, 32.0, 928.0, 608.0]
[64.0, 32.0, 833.0, 609.0]
[176.0, 48.0, 946.0, 626.0]
[96.0, 64.0, 867.0, 642.0]
[32.0, 0.0, 804.0, 579.0]
[64.0, 16.0, 837.0, 596.0]
[208.0, 32.0, 982.0, 612.0]
[144.0, 0.0, 919.0, 581.0]
[128.0, 0.0, 904.0, 582.0]
[176.0, 32.0, 953.0, 615.0]
[48.0, 16.0, 826.0, 600.0]
[48.0, 16.0, 827.0, 600.0]
[208.0, 48.0, 988.0, 633.0]
[240.0, 32.0, 1021.0, 618.0]
[112.0, 64.0, 894.0, 650.0]
[32.0, 48.0, 815.0, 635.0]
[208.0, 48.0, 992.0, 636.0]
[208.0, 16.0, 993.0, 605.0]
[16.0, 0.0, 802.0, 590.0]
[128.0, 0.0, 915.0, 590.0]
[80.0, 48.0, 868.0, 639.0]
[176.0, 32.0, 965.0, 624.0]
[112.0, 0.0, 902.0, 592.0]
[64.0, 0.0, 855.0, 593.0]
[112.0, 0.0, 904.0, 594.0]
[64.0, 0.0, 857.0, 595.0]
[112.0, 64.0, 906.0, 660.0]
[208.0, 0.0, 1003.0, 596.0]
[48.0, 16.0, 844.0, 613.0]
[96.0, 16.0, 893.0, 614.0]
[32.0, 16.0, 830.0, 614.0]
[64.0, 0.0, 863.0, 599.0]
[128.0, 64.0, 928.0, 664.0]
[128.0, 16.0, 929.0, 617.0]
[208.0, 48.0, 1010.0, 650.0]
[160.0, 48.0, 963.0, 650.0]
[208.0, 32.0, 1012.0, 635.0]
[192.0, 64.0, 997.0, 668.0]
[160.0, 16.0, 966.0, 620.0]
[192.0, 0.0, 999.0, 605.0]
[96.0, 0.0, 904.0, 606.0]
[16.0, 48.0, 825.0, 655.0]
[80.0, 48.0, 890.0, 656.0]
[16.0, 0.0, 827.0, 608.0]
[128.0, 0.0, 940.0, 609.0]
[64.0, 0.0, 877.0, 610.0]
[176.0, 16.0, 990.0, 626.0]
[176.0, 32.0, 991.0, 643.0]
[80.0, 48.0, 896.0, 660.0]
[96.0, 48.0, 913.0, 661.0]
[96.0, 32.0, 914.0, 646.0]
[112.0, 32.0, 931.0, 646.0]
[80.0, 48.0, 900.0, 663.0]
[192.0, 16.0, 1013.0, 632.0]
[112.0, 32.0, 934.0, 648.0]
[192.0, 0.0, 1015.0, 617.0]
[32.0, 16.0, 856.0, 634.0]
[160.0, 64.0, 985.0, 683.0]
[16.0, 0.0, 842.0, 620.0]
[128.0, 48.0, 955.0, 668.0]
[176.0, 48.0, 1004.0, 669.0]
[96.0, 16.0, 925.0, 638.0]
[128.0, 32.0, 958.0, 654.0]
[96.0, 48.0, 927.0, 671.0]
[64.0, 16.0, 896.0, 640.0]
[96.0, 32.0, 929.0, 657.0]
[16.0, 0.0, 850.0, 626.0]
[144.0, 32.0, 979.0, 658.0]
[160.0, 32.0, 996.0, 659.0]
[176.0, 0.0, 1013.0, 628.0]
[112.0, 48.0, 950.0, 676.0]
[160.0, 48.0, 999.0, 677.0]
[128.0, 32.0, 968.0, 662.0]
[144.0, 16.0, 985.0, 647.0]
[160.0, 16.0, 1002.0, 648.0]
[160.0, 48.0, 1003.0, 680.0]
[32.0, 32.0, 876.0, 665.0]
[144.0, 16.0, 989.0, 650.0]
[160.0, 48.0, 1006.0, 682.0]
[160.0, 48.0, 1007.0, 683.0]
[16.0, 0.0, 864.0, 636.0]
[96.0, 0.0, 945.0, 637.0]
[128.0, 16.0, 978.0, 654.0]
[64.0, 16.0, 915.0, 654.0]
[112.0, 32.0, 964.0, 671.0]
[96.0, 0.0, 949.0, 640.0]
[32.0, 16.0, 886.0, 656.0]
[80.0, 16.0, 935.0, 657.0]
[16.0, 16.0, 872.0, 658.0]
[64.0, 0.0, 921.0, 643.0]
[16.0, 16.0, 874.0, 660.0]
[16.0, 16.0, 875.0, 660.0]
[112.0, 32.0, 972.0, 677.0]
[80.0, 16.0, 941.0, 662.0]
[80.0, 32.0, 942.0, 678.0]
[16.0, 16.0, 879.0, 663.0]
[112.0, 0.0, 976.0, 648.0]
[48.0, 32.0, 913.0, 681.0]
[48.0, 16.0, 914.0, 666.0]
[80.0, 32.0, 947.0, 682.0]
[0.0, 0.0, 868.0, 651.0]
[144.0, 0.0, 1013.0, 652.0]
[128.0, 16.0, 998.0, 668.0]
[128.0, 16.0, 999.0, 669.0]
[96.0, 16.0, 968.0, 670.0]
[80.0, 0.0, 953.0, 655.0]
[128.0, 16.0, 1002.0, 672.0]
[0.0, 0.0, 875.0, 656.0]
[64.0, 0.0, 940.0, 657.0]
[48.0, 16.0, 925.0, 674.0]
[112.0, 16.0, 990.0, 674.0]
[0.0, 0.0, 879.0, 659.0]
[48.0, 16.0, 928.0, 676.0]
[16.0, 0.0, 897.0, 661.0]
[64.0, 16.0, 946.0, 678.0]
[128.0, 0.0, 1011.0, 662.0]
[80.0, 16.0, 964.0, 679.0]
[0.0, 0.0, 885.0, 664.0]
[16.0, 0.0, 902.0, 664.0]
[96.0, 0.0, 983.0, 665.0]
[32.0, 16.0, 920.0, 682.0]
[80.0, 16.0, 969.0, 683.0]
[96.0, 0.0, 986.0, 668.0]
[64.0, 0.0, 955.0, 668.0]
[32.0, 0.0, 924.0, 669.0]
[128.0, 0.0, 1021.0, 670.0]
[96.0, 0.0, 990.0, 670.0]
[16.0, 0.0, 911.0, 671.0]
[64.0, 0.0, 960.0, 672.0]
[16.0, 0.0, 913.0, 673.0]
[80.0, 0.0, 978.0, 674.0]
[96.0, 0.0, 995.0, 674.0]
[96.0, 0.0, 996.0, 675.0]
[16.0, 0.0, 917.0, 676.0]
[16.0, 0.0, 918.0, 676.0]
[48.0, 0.0, 951.0, 677.0]
[0.0, 0.0, 904.0, 678.0]
[0.0, 0.0, 905.0, 679.0]
[32.0, 0.0, 938.0, 680.0]
[32.0, 0.0, 939.0, 680.0]
[112.0, 0.0, 1020.0, 681.0]
[32.0, 0.0, 941.0, 682.0]
[16.0, 0.0, 926.0, 682.0]
[32.0, 0.0, 943.0, 683.0]
