[48.0, 112.0, 586.0, 829.0]
[64.0, 144.0, 602.0, 862.0]
[64.0, 80.0, 603.0, 799.0]
[80.0, 176.0, 620.0, 896.0]
[80.0, 80.0, 621.0, 801.0]
[112.0, 32.0, 654.0, 754.0]
[80.0, 144.0, 622.0, 867.0]
[16.0, 128.0, 559.0, 852.0]
[80.0, 48.0, 624.0, 773.0]
[32.0, 32.0, 576.0, 758.0]
[16.0, 128.0, 561.0, 855.0]
[48.0, 144.0, 594.0, 872.0]
[96.0, 144.0, 643.0, 873.0]
[96.0, 192.0, 644.0, 922.0]
[16.0, 160.0, 564.0, 891.0]
[32.0, 48.0, 581.0, 780.0]
[112.0, 32.0, 662.0, 765.0]
[112.0, 128.0, 662.0, 862.0]
[64.0, 128.0, 615.0, 863.0]
[48.0, 64.0, 600.0, 800.0]
[64.0, 16.0, 617.0, 753.0]
[32.0, 64.0, 586.0, 802.0]
[64.0, 80.0, 618.0, 819.0]
[32.0, 80.0, 587.0, 820.0]
[32.0, 112.0, 588.0, 853.0]
[32.0, 48.0, 588.0, 790.0]
[96.0, 64.0, 653.0, 807.0]
[96.0, 128.0, 654.0, 872.0]
[96.0, 192.0, 655.0, 937.0]
[96.0, 48.0, 656.0, 794.0]
[16.0, 80.0, 576.0, 827.0]
[32.0, 144.0, 593.0, 892.0]
[96.0, 32.0, 658.0, 781.0]
[64.0, 112.0, 626.0, 862.0]
[16.0, 96.0, 579.0, 847.0]
[16.0, 112.0, 580.0, 864.0]
[32.0, 128.0, 597.0, 881.0]
[112.0, 96.0, 678.0, 850.0]
[80.0, 192.0, 646.0, 947.0]
[48.0, 128.0, 615.0, 884.0]
[80.0, 32.0, 648.0, 789.0]
[96.0, 0.0, 664.0, 758.0]
[0.0, 112.0, 569.0, 871.0]
[48.0, 64.0, 618.0, 824.0]
[64.0, 192.0, 635.0, 953.0]
[96.0, 80.0, 668.0, 842.0]
[32.0, 0.0, 604.0, 763.0]
[16.0, 16.0, 589.0, 780.0]
[64.0, 112.0, 638.0, 877.0]
[16.0, 96.0, 590.0, 862.0]
[80.0, 176.0, 655.0, 943.0]
[32.0, 96.0, 608.0, 864.0]
[16.0, 48.0, 593.0, 817.0]
[32.0, 144.0, 610.0, 914.0]
[0.0, 96.0, 578.0, 867.0]
[16.0, 160.0, 595.0, 932.0]
[48.0, 192.0, 628.0, 965.0]
[16.0, 144.0, 596.0, 918.0]
[80.0, 64.0, 661.0, 839.0]
[48.0, 176.0, 630.0, 952.0]
[64.0, 0.0, 647.0, 777.0]
[96.0, 16.0, 680.0, 794.0]
[0.0, 16.0, 584.0, 795.0]
[32.0, 64.0, 617.0, 844.0]
[96.0, 128.0, 682.0, 909.0]
[48.0, 32.0, 634.0, 814.0]
[48.0, 96.0, 635.0, 879.0]
[32.0, 32.0, 620.0, 816.0]
[48.0, 0.0, 637.0, 785.0]
[64.0, 0.0, 654.0, 786.0]
[32.0, 32.0, 622.0, 819.0]
[16.0, 80.0, 607.0, 868.0]
[64.0, 176.0, 656.0, 965.0]
[0.0, 160.0, 592.0, 950.0]
[48.0, 192.0, 641.0, 983.0]
[64.0, 64.0, 658.0, 856.0]
[0.0, 128.0, 595.0, 921.0]
[0.0, 112.0, 596.0, 906.0]
[48.0, 48.0, 644.0, 843.0]
[0.0, 112.0, 597.0, 908.0]
[0.0, 16.0, 598.0, 813.0]
[32.0, 64.0, 630.0, 862.0]
[0.0, 160.0, 599.0, 959.0]
[80.0, 0.0, 680.0, 800.0]
[16.0, 64.0, 617.0, 865.0]
[64.0, 96.0, 666.0, 898.0]
[32.0, 96.0, 634.0, 899.0]
[0.0, 112.0, 603.0, 916.0]
[32.0, 0.0, 636.0, 805.0]
[48.0, 64.0, 652.0, 870.0]
[16.0, 176.0, 621.0, 983.0]
[32.0, 160.0, 638.0, 968.0]
[64.0, 144.0, 671.0, 953.0]
[16.0, 80.0, 624.0, 890.0]
[16.0, 128.0, 624.0, 939.0]
[64.0, 64.0, 673.0, 876.0]
[0.0, 80.0, 610.0, 893.0]
[64.0, 176.0, 674.0, 990.0]
[32.0, 0.0, 643.0, 815.0]
[48.0, 0.0, 660.0, 816.0]
[0.0, 64.0, 613.0, 881.0]
[16.0, 80.0, 630.0, 898.0]
[16.0, 112.0, 630.0, 931.0]
[16.0, 64.0, 631.0, 884.0]
[0.0, 64.0, 616.0, 885.0]
[32.0, 160.0, 648.0, 982.0]
[48.0, 80.0, 665.0, 903.0]
[32.0, 64.0, 650.0, 888.0]
[0.0, 16.0, 619.0, 841.0]
[48.0, 176.0, 668.0, 1002.0]
[0.0, 112.0, 620.0, 939.0]
[16.0, 64.0, 637.0, 892.0]
[16.0, 160.0, 638.0, 989.0]
[48.0, 0.0, 670.0, 830.0]
[32.0, 32.0, 655.0, 863.0]
[16.0, 80.0, 640.0, 912.0]
[16.0, 176.0, 641.0, 1009.0]
[32.0, 48.0, 658.0, 882.0]
[48.0, 80.0, 674.0, 915.0]
[32.0, 0.0, 659.0, 836.0]
[48.0, 144.0, 676.0, 981.0]
[48.0, 48.0, 676.0, 886.0]
[32.0, 16.0, 661.0, 855.0]
[0.0, 0.0, 630.0, 840.0]
[0.0, 32.0, 631.0, 873.0]
[0.0, 0.0, 632.0, 842.0]
[32.0, 32.0, 664.0, 875.0]
[32.0, 176.0, 665.0, 1020.0]
[32.0, 128.0, 666.0, 973.0]
[16.0, 64.0, 650.0, 910.0]
[48.0, 0.0, 683.0, 847.0]
[32.0, 80.0, 668.0, 928.0]
[32.0, 80.0, 669.0, 929.0]
[0.0, 32.0, 638.0, 882.0]
[32.0, 80.0, 670.0, 931.0]
[32.0, 48.0, 671.0, 900.0]
[32.0, 128.0, 672.0, 981.0]
[0.0, 48.0, 640.0, 902.0]
[0.0, 48.0, 641.0, 903.0]
[0.0, 112.0, 642.0, 968.0]
[0.0, 160.0, 643.0, 1017.0]
[32.0, 48.0, 676.0, 906.0]
[0.0, 64.0, 644.0, 923.0]
[0.0, 64.0, 645.0, 924.0]
[0.0, 128.0, 646.0, 989.0]
[0.0, 96.0, 646.0, 958.0]
[16.0, 0.0, 663.0, 863.0]
[0.0, 0.0, 648.0, 864.0]
[16.0, 32.0, 665.0, 897.0]
[16.0, 48.0, 666.0, 914.0]
[0.0, 48.0, 650.0, 915.0]
[16.0, 96.0, 667.0, 964.0]
[16.0, 112.0, 668.0, 981.0]
[16.0, 32.0, 668.0, 902.0]
[0.0, 32.0, 653.0, 903.0]
[16.0, 112.0, 670.0, 984.0]
[0.0, 128.0, 655.0, 1001.0]
[0.0, 0.0, 656.0, 874.0]
[0.0, 16.0, 656.0, 891.0]
[0.0, 64.0, 657.0, 940.0]
[0.0, 112.0, 658.0, 989.0]
[16.0, 32.0, 674.0, 910.0]
[0.0, 80.0, 659.0, 959.0]
[0.0, 112.0, 660.0, 992.0]
[16.0, 32.0, 677.0, 913.0]
[0.0, 128.0, 662.0, 1010.0]
[0.0, 128.0, 662.0, 1011.0]
[16.0, 128.0, 679.0, 1012.0]
[16.0, 96.0, 680.0, 981.0]
[16.0, 48.0, 680.0, 934.0]
[16.0, 96.0, 681.0, 983.0]
[0.0, 64.0, 666.0, 952.0]
[0.0, 96.0, 667.0, 985.0]
[0.0, 80.0, 668.0, 970.0]
[0.0, 32.0, 668.0, 923.0]
[0.0, 64.0, 669.0, 956.0]
[0.0, 48.0, 670.0, 941.0]
[0.0, 96.0, 670.0, 990.0]
[0.0, 48.0, 671.0, 943.0]
[0.0, 112.0, 672.0, 1008.0]
[0.0, 48.0, 673.0, 945.0]
[0.0, 16.0, 674.0, 914.0]
[0.0, 16.0, 674.0, 915.0]
[0.0, 16.0, 675.0, 916.0]
[0.0, 64.0, 676.0, 965.0]
[0.0, 96.0, 676.0, 998.0]
[0.0, 0.0, 677.0, 903.0]
[0.0, 96.0, 678.0, 1000.0]
[0.0, 0.0, 679.0, 905.0]
[0.0, 112.0, 680.0, 1018.0]
[0.0, 112.0, 680.0, 1019.0]
[0.0, 80.0, 681.0, 988.0]
[0.0, 96.0, 682.0, 1005.0]
[0.0, 48.0, 682.0, 958.0]
[0.0, 96.0, 683.0, 1007.0]
