[224.0, 48.0, 941.0, 586.0]
[288.0, 32.0, 1006.0, 570.0]
[272.0, 128.0, 991.0, 667.0]
[224.0, 48.0, 944.0, 588.0]
[240.0, 32.0, 961.0, 573.0]
[256.0, 16.0, 978.0, 558.0]
[272.0, 16.0, 995.0, 558.0]
[240.0, 32.0, 964.0, 575.0]
[272.0, 16.0, 997.0, 560.0]
[208.0, 80.0, 934.0, 624.0]
[288.0, 96.0, 1015.0, 641.0]
[224.0, 112.0, 952.0, 658.0]
[192.0, 128.0, 921.0, 675.0]
[256.0, 48.0, 986.0, 596.0]
[224.0, 128.0, 955.0, 676.0]
[240.0, 112.0, 972.0, 661.0]
[192.0, 80.0, 925.0, 630.0]
[208.0, 96.0, 942.0, 646.0]
[272.0, 48.0, 1007.0, 599.0]
[256.0, 32.0, 992.0, 584.0]
[208.0, 96.0, 945.0, 649.0]
[256.0, 96.0, 994.0, 650.0]
[208.0, 80.0, 947.0, 634.0]
[192.0, 96.0, 932.0, 651.0]
[224.0, 32.0, 965.0, 588.0]
[224.0, 112.0, 966.0, 668.0]
[224.0, 96.0, 967.0, 653.0]
[256.0, 48.0, 1000.0, 606.0]
[208.0, 96.0, 953.0, 655.0]
[224.0, 96.0, 970.0, 656.0]
[224.0, 96.0, 971.0, 656.0]
[192.0, 64.0, 940.0, 625.0]
[208.0, 96.0, 957.0, 658.0]
[256.0, 80.0, 1006.0, 642.0]
[176.0, 112.0, 927.0, 675.0]
[272.0, 112.0, 1024.0, 676.0]
[256.0, 96.0, 1009.0, 661.0]
[240.0, 96.0, 994.0, 662.0]
[208.0, 48.0, 963.0, 614.0]
[192.0, 80.0, 948.0, 647.0]
[160.0, 80.0, 917.0, 648.0]
[240.0, 16.0, 998.0, 584.0]
[256.0, 64.0, 1015.0, 633.0]
[192.0, 32.0, 952.0, 602.0]
[192.0, 64.0, 953.0, 635.0]
[256.0, 32.0, 1018.0, 604.0]
[240.0, 16.0, 1003.0, 588.0]
[240.0, 16.0, 1004.0, 589.0]
[224.0, 64.0, 989.0, 638.0]
[224.0, 96.0, 990.0, 670.0]
[192.0, 64.0, 959.0, 639.0]
[208.0, 48.0, 976.0, 624.0]
[192.0, 32.0, 961.0, 609.0]
[160.0, 96.0, 930.0, 674.0]
[160.0, 80.0, 931.0, 658.0]
[144.0, 80.0, 916.0, 659.0]
[208.0, 16.0, 981.0, 596.0]
[224.0, 48.0, 998.0, 628.0]
[240.0, 80.0, 1015.0, 661.0]
[224.0, 16.0, 1000.0, 598.0]
[192.0, 64.0, 969.0, 647.0]
[240.0, 16.0, 1018.0, 600.0]
[208.0, 80.0, 987.0, 664.0]
[144.0, 64.0, 924.0, 649.0]
[160.0, 64.0, 941.0, 650.0]
[192.0, 48.0, 974.0, 634.0]
[176.0, 80.0, 959.0, 667.0]
[224.0, 48.0, 1008.0, 636.0]
[224.0, 64.0, 1009.0, 653.0]
[208.0, 32.0, 994.0, 622.0]
[224.0, 80.0, 1011.0, 670.0]
[192.0, 16.0, 980.0, 607.0]
[144.0, 80.0, 933.0, 672.0]
[176.0, 32.0, 966.0, 624.0]
[176.0, 64.0, 967.0, 657.0]
[224.0, 16.0, 1016.0, 610.0]
[224.0, 80.0, 1017.0, 675.0]
[208.0, 80.0, 1002.0, 676.0]
[176.0, 48.0, 971.0, 644.0]
[192.0, 48.0, 988.0, 645.0]
[224.0, 48.0, 1021.0, 646.0]
[224.0, 48.0, 1022.0, 646.0]
[144.0, 64.0, 943.0, 663.0]
[176.0, 16.0, 976.0, 616.0]
[192.0, 48.0, 993.0, 649.0]
[192.0, 16.0, 994.0, 618.0]
[176.0, 48.0, 979.0, 650.0]
[176.0, 32.0, 980.0, 635.0]
[208.0, 64.0, 1013.0, 668.0]
[144.0, 48.0, 950.0, 652.0]
[144.0, 32.0, 951.0, 637.0]
[208.0, 16.0, 1016.0, 622.0]
[192.0, 64.0, 1001.0, 671.0]
[144.0, 32.0, 954.0, 640.0]
[192.0, 16.0, 1003.0, 624.0]
[192.0, 32.0, 1004.0, 641.0]
[160.0, 64.0, 973.0, 674.0]
[160.0, 16.0, 974.0, 626.0]
[208.0, 16.0, 1023.0, 627.0]
[144.0, 64.0, 960.0, 676.0]
[144.0, 32.0, 961.0, 645.0]
[176.0, 32.0, 994.0, 646.0]
[192.0, 16.0, 1011.0, 630.0]
[192.0, 48.0, 1012.0, 663.0]
[160.0, 16.0, 981.0, 632.0]
[192.0, 16.0, 1014.0, 632.0]
[128.0, 48.0, 951.0, 665.0]
[128.0, 48.0, 952.0, 666.0]
[192.0, 16.0, 1017.0, 635.0]
[128.0, 48.0, 954.0, 668.0]
[192.0, 32.0, 1019.0, 652.0]
[160.0, 48.0, 988.0, 669.0]
[192.0, 48.0, 1021.0, 670.0]
[176.0, 16.0, 1006.0, 638.0]
[144.0, 16.0, 975.0, 639.0]
[192.0, 48.0, 1024.0, 672.0]
[160.0, 16.0, 993.0, 641.0]
[176.0, 48.0, 1010.0, 674.0]
[128.0, 32.0, 963.0, 658.0]
[144.0, 48.0, 980.0, 675.0]
[160.0, 16.0, 997.0, 644.0]
[176.0, 16.0, 1014.0, 644.0]
[160.0, 32.0, 999.0, 661.0]
[128.0, 48.0, 968.0, 678.0]
[144.0, 16.0, 985.0, 647.0]
[128.0, 32.0, 970.0, 664.0]
[160.0, 16.0, 1003.0, 648.0]
[176.0, 32.0, 1020.0, 665.0]
[128.0, 16.0, 973.0, 650.0]
[144.0, 32.0, 990.0, 666.0]
[176.0, 32.0, 1023.0, 667.0]
[176.0, 16.0, 1024.0, 652.0]
[128.0, 16.0, 977.0, 653.0]
[144.0, 32.0, 994.0, 670.0]
[128.0, 16.0, 979.0, 654.0]
[144.0, 16.0, 996.0, 655.0]
[128.0, 16.0, 981.0, 656.0]
[128.0, 32.0, 982.0, 672.0]
[128.0, 16.0, 983.0, 657.0]
[144.0, 16.0, 1000.0, 658.0]
