[48.0, 304.0, 586.0, 1021.0]
[112.0, 240.0, 650.0, 958.0]
[16.0, 272.0, 555.0, 991.0]
[112.0, 256.0, 652.0, 976.0]
[16.0, 240.0, 557.0, 961.0]
[112.0, 256.0, 654.0, 978.0]
[112.0, 272.0, 654.0, 995.0]
[48.0, 240.0, 591.0, 964.0]
[112.0, 256.0, 656.0, 981.0]
[64.0, 208.0, 608.0, 934.0]
[16.0, 240.0, 561.0, 967.0]
[0.0, 208.0, 546.0, 936.0]
[112.0, 240.0, 659.0, 969.0]
[80.0, 256.0, 628.0, 986.0]
[96.0, 240.0, 644.0, 971.0]
[16.0, 224.0, 565.0, 956.0]
[32.0, 224.0, 582.0, 957.0]
[0.0, 224.0, 550.0, 958.0]
[32.0, 272.0, 583.0, 1007.0]
[112.0, 256.0, 664.0, 992.0]
[64.0, 256.0, 617.0, 993.0]
[48.0, 256.0, 602.0, 994.0]
[32.0, 208.0, 586.0, 947.0]
[96.0, 224.0, 651.0, 964.0]
[32.0, 208.0, 588.0, 949.0]
[64.0, 192.0, 620.0, 934.0]
[16.0, 240.0, 573.0, 983.0]
[80.0, 224.0, 638.0, 968.0]
[96.0, 240.0, 655.0, 985.0]
[80.0, 208.0, 640.0, 954.0]
[64.0, 208.0, 624.0, 955.0]
[48.0, 176.0, 609.0, 924.0]
[80.0, 240.0, 642.0, 989.0]
[32.0, 240.0, 594.0, 990.0]
[16.0, 192.0, 579.0, 943.0]
[80.0, 208.0, 644.0, 960.0]
[16.0, 224.0, 581.0, 977.0]
[64.0, 208.0, 630.0, 962.0]
[32.0, 224.0, 598.0, 979.0]
[32.0, 192.0, 599.0, 948.0]
[0.0, 176.0, 568.0, 933.0]
[32.0, 144.0, 600.0, 902.0]
[96.0, 240.0, 665.0, 999.0]
[80.0, 256.0, 650.0, 1016.0]
[32.0, 160.0, 603.0, 921.0]
[96.0, 256.0, 668.0, 1018.0]
[0.0, 208.0, 572.0, 971.0]
[64.0, 208.0, 637.0, 972.0]
[32.0, 256.0, 606.0, 1021.0]
[96.0, 224.0, 670.0, 990.0]
[80.0, 208.0, 655.0, 975.0]
[80.0, 256.0, 656.0, 1024.0]
[0.0, 224.0, 577.0, 993.0]
[64.0, 192.0, 642.0, 962.0]
[16.0, 176.0, 594.0, 947.0]
[16.0, 208.0, 595.0, 980.0]
[32.0, 192.0, 612.0, 965.0]
[48.0, 176.0, 628.0, 950.0]
[16.0, 192.0, 597.0, 967.0]
[16.0, 208.0, 598.0, 984.0]
[32.0, 192.0, 615.0, 969.0]
[32.0, 192.0, 616.0, 970.0]
[80.0, 192.0, 664.0, 971.0]
[32.0, 144.0, 617.0, 924.0]
[16.0, 160.0, 602.0, 941.0]
[64.0, 176.0, 650.0, 958.0]
[16.0, 176.0, 603.0, 959.0]
[32.0, 240.0, 620.0, 1024.0]
[16.0, 192.0, 605.0, 977.0]
[32.0, 208.0, 622.0, 994.0]
[64.0, 176.0, 654.0, 963.0]
[32.0, 224.0, 623.0, 1012.0]
[48.0, 176.0, 640.0, 965.0]
[0.0, 224.0, 592.0, 1014.0]
[64.0, 192.0, 657.0, 983.0]
[16.0, 208.0, 610.0, 1000.0]
[0.0, 144.0, 595.0, 937.0]
[48.0, 176.0, 644.0, 970.0]
[32.0, 176.0, 628.0, 971.0]
[0.0, 192.0, 597.0, 988.0]
[64.0, 176.0, 662.0, 973.0]
[48.0, 176.0, 646.0, 974.0]
[48.0, 176.0, 647.0, 975.0]
[64.0, 224.0, 664.0, 1024.0]
[32.0, 176.0, 633.0, 977.0]
[32.0, 208.0, 634.0, 1010.0]
[32.0, 144.0, 634.0, 947.0]
[0.0, 160.0, 603.0, 964.0]
[0.0, 192.0, 604.0, 997.0]
[16.0, 144.0, 620.0, 950.0]
[48.0, 208.0, 653.0, 1015.0]
[32.0, 144.0, 638.0, 952.0]
[0.0, 128.0, 607.0, 937.0]
[0.0, 176.0, 608.0, 986.0]
[0.0, 192.0, 608.0, 1003.0]
[32.0, 160.0, 641.0, 972.0]
[16.0, 208.0, 626.0, 1021.0]
[48.0, 192.0, 658.0, 1006.0]
[0.0, 128.0, 611.0, 943.0]
[0.0, 192.0, 612.0, 1008.0]
[48.0, 176.0, 661.0, 993.0]
[0.0, 176.0, 614.0, 994.0]
[16.0, 192.0, 630.0, 1011.0]
[48.0, 160.0, 663.0, 980.0]
[48.0, 176.0, 664.0, 997.0]
[16.0, 144.0, 632.0, 966.0]
[32.0, 144.0, 649.0, 967.0]
[0.0, 144.0, 618.0, 968.0]
[32.0, 160.0, 651.0, 985.0]
[48.0, 192.0, 668.0, 1018.0]
[32.0, 160.0, 652.0, 987.0]
[32.0, 144.0, 653.0, 972.0]
[32.0, 128.0, 654.0, 957.0]
[32.0, 160.0, 654.0, 990.0]
[0.0, 160.0, 623.0, 991.0]
[0.0, 128.0, 624.0, 960.0]
[0.0, 144.0, 625.0, 977.0]
[16.0, 144.0, 642.0, 978.0]
[0.0, 176.0, 626.0, 1011.0]
[16.0, 144.0, 643.0, 980.0]
[32.0, 128.0, 660.0, 965.0]
[0.0, 128.0, 628.0, 966.0]
[0.0, 128.0, 629.0, 967.0]
[16.0, 176.0, 646.0, 1016.0]
[32.0, 144.0, 663.0, 985.0]
[16.0, 176.0, 648.0, 1018.0]
[16.0, 160.0, 648.0, 1003.0]
[32.0, 144.0, 665.0, 988.0]
[16.0, 160.0, 650.0, 1005.0]
[16.0, 128.0, 650.0, 974.0]
[16.0, 176.0, 651.0, 1023.0]
[16.0, 160.0, 652.0, 1008.0]
[0.0, 144.0, 637.0, 993.0]
[16.0, 128.0, 654.0, 978.0]
[16.0, 144.0, 654.0, 995.0]
[32.0, 144.0, 671.0, 996.0]
[16.0, 160.0, 656.0, 1013.0]
[32.0, 160.0, 672.0, 1014.0]
[32.0, 160.0, 673.0, 1015.0]
[0.0, 144.0, 642.0, 1000.0]
[0.0, 160.0, 643.0, 1017.0]
[0.0, 144.0, 644.0, 1002.0]
[0.0, 160.0, 644.0, 1019.0]
[0.0, 144.0, 645.0, 1004.0]
