[192.0, 32.0, 909.0, 570.0]
[256.0, 32.0, 974.0, 570.0]
[128.0, 0.0, 847.0, 539.0]
[256.0, 16.0, 976.0, 556.0]
[224.0, 16.0, 945.0, 557.0]
[32.0, 16.0, 754.0, 558.0]
[112.0, 16.0, 835.0, 558.0]
[208.0, 32.0, 932.0, 575.0]
[80.0, 32.0, 805.0, 576.0]
[208.0, 16.0, 934.0, 560.0]
[208.0, 32.0, 935.0, 577.0]
[176.0, 16.0, 904.0, 562.0]
[112.0, 0.0, 841.0, 547.0]
[64.0, 16.0, 794.0, 564.0]
[128.0, 32.0, 859.0, 580.0]
[240.0, 16.0, 972.0, 565.0]
[32.0, 32.0, 765.0, 582.0]
[160.0, 16.0, 894.0, 566.0]
[96.0, 0.0, 831.0, 551.0]
[80.0, 32.0, 816.0, 584.0]
[208.0, 16.0, 945.0, 569.0]
[256.0, 0.0, 994.0, 554.0]
[128.0, 16.0, 867.0, 570.0]
[128.0, 32.0, 868.0, 587.0]
[160.0, 16.0, 901.0, 572.0]
[176.0, 32.0, 918.0, 588.0]
[240.0, 32.0, 983.0, 589.0]
[208.0, 0.0, 952.0, 558.0]
[112.0, 32.0, 857.0, 591.0]
[64.0, 16.0, 810.0, 576.0]
[80.0, 0.0, 827.0, 560.0]
[48.0, 16.0, 796.0, 577.0]
[64.0, 32.0, 813.0, 594.0]
[192.0, 0.0, 942.0, 562.0]
[208.0, 32.0, 959.0, 595.0]
[128.0, 32.0, 880.0, 596.0]
[128.0, 0.0, 881.0, 565.0]
[112.0, 0.0, 866.0, 566.0]
[128.0, 16.0, 883.0, 582.0]
[96.0, 32.0, 852.0, 599.0]
[240.0, 16.0, 997.0, 584.0]
[32.0, 32.0, 790.0, 600.0]
[64.0, 16.0, 823.0, 585.0]
[112.0, 0.0, 872.0, 570.0]
[96.0, 16.0, 857.0, 587.0]
[128.0, 0.0, 890.0, 572.0]
[64.0, 0.0, 827.0, 572.0]
[192.0, 0.0, 956.0, 573.0]
[32.0, 16.0, 797.0, 590.0]
[96.0, 32.0, 862.0, 606.0]
[128.0, 16.0, 895.0, 591.0]
[224.0, 16.0, 992.0, 592.0]
[48.0, 16.0, 817.0, 593.0]
[192.0, 16.0, 962.0, 594.0]
[96.0, 32.0, 867.0, 610.0]
[160.0, 32.0, 932.0, 611.0]
[80.0, 0.0, 853.0, 580.0]
[96.0, 0.0, 870.0, 580.0]
[64.0, 16.0, 839.0, 597.0]
[32.0, 16.0, 808.0, 598.0]
[112.0, 16.0, 889.0, 599.0]
[224.0, 0.0, 1002.0, 584.0]
[160.0, 0.0, 939.0, 584.0]
[64.0, 0.0, 844.0, 585.0]
[80.0, 32.0, 861.0, 618.0]
[160.0, 32.0, 942.0, 618.0]
[64.0, 0.0, 847.0, 587.0]
[144.0, 32.0, 928.0, 620.0]
[192.0, 16.0, 977.0, 605.0]
[112.0, 16.0, 898.0, 606.0]
[176.0, 32.0, 963.0, 622.0]
[144.0, 0.0, 932.0, 591.0]
[208.0, 16.0, 997.0, 608.0]
[32.0, 16.0, 822.0, 608.0]
[144.0, 32.0, 935.0, 625.0]
[48.0, 0.0, 840.0, 594.0]
[208.0, 32.0, 1001.0, 627.0]
[192.0, 0.0, 986.0, 596.0]
[176.0, 32.0, 971.0, 628.0]
[32.0, 0.0, 828.0, 597.0]
[48.0, 0.0, 845.0, 598.0]
[144.0, 0.0, 942.0, 598.0]
[208.0, 16.0, 1007.0, 615.0]
[176.0, 32.0, 976.0, 632.0]
[112.0, 16.0, 913.0, 617.0]
[80.0, 16.0, 882.0, 618.0]
[32.0, 0.0, 835.0, 602.0]
[80.0, 0.0, 884.0, 603.0]
[48.0, 0.0, 853.0, 604.0]
[48.0, 16.0, 854.0, 620.0]
[32.0, 32.0, 839.0, 637.0]
[192.0, 0.0, 1000.0, 606.0]
[176.0, 16.0, 985.0, 623.0]
[128.0, 0.0, 938.0, 608.0]
[32.0, 32.0, 843.0, 640.0]
[128.0, 32.0, 940.0, 641.0]
[16.0, 0.0, 829.0, 610.0]
[160.0, 32.0, 974.0, 642.0]
[80.0, 32.0, 895.0, 643.0]
[80.0, 0.0, 896.0, 612.0]
[144.0, 16.0, 961.0, 629.0]
[96.0, 16.0, 914.0, 630.0]
[16.0, 0.0, 835.0, 614.0]
[48.0, 0.0, 868.0, 615.0]
[144.0, 16.0, 965.0, 632.0]
[48.0, 32.0, 870.0, 648.0]
[176.0, 0.0, 999.0, 617.0]
[32.0, 32.0, 856.0, 650.0]
[128.0, 32.0, 953.0, 651.0]
[160.0, 16.0, 986.0, 636.0]
[96.0, 32.0, 923.0, 652.0]
[144.0, 32.0, 972.0, 653.0]
[112.0, 32.0, 941.0, 654.0]
[48.0, 0.0, 878.0, 622.0]
[112.0, 0.0, 943.0, 623.0]
[160.0, 0.0, 992.0, 624.0]
[48.0, 16.0, 881.0, 641.0]
[144.0, 0.0, 978.0, 626.0]
[80.0, 32.0, 915.0, 658.0]
[144.0, 32.0, 980.0, 659.0]
[128.0, 16.0, 965.0, 644.0]
[32.0, 16.0, 870.0, 644.0]
[64.0, 16.0, 903.0, 645.0]
[96.0, 0.0, 936.0, 630.0]
[128.0, 32.0, 969.0, 663.0]
[80.0, 16.0, 922.0, 648.0]
[64.0, 0.0, 907.0, 632.0]
[32.0, 16.0, 876.0, 649.0]
[32.0, 0.0, 877.0, 634.0]
[64.0, 0.0, 910.0, 634.0]
[144.0, 16.0, 991.0, 651.0]
[144.0, 32.0, 992.0, 668.0]
[64.0, 32.0, 913.0, 669.0]
[64.0, 0.0, 914.0, 638.0]
[112.0, 16.0, 963.0, 654.0]
[48.0, 0.0, 900.0, 639.0]
[64.0, 0.0, 917.0, 640.0]
[48.0, 0.0, 902.0, 640.0]
[144.0, 16.0, 999.0, 657.0]
[128.0, 0.0, 984.0, 642.0]
[112.0, 0.0, 969.0, 643.0]
[80.0, 0.0, 938.0, 644.0]
[112.0, 32.0, 971.0, 676.0]
[144.0, 0.0, 1004.0, 645.0]
[32.0, 16.0, 893.0, 662.0]
[112.0, 16.0, 974.0, 662.0]
[96.0, 0.0, 959.0, 647.0]
[128.0, 16.0, 992.0, 664.0]
[112.0, 0.0, 977.0, 649.0]
[32.0, 0.0, 898.0, 650.0]
[96.0, 32.0, 963.0, 682.0]
[112.0, 16.0, 980.0, 667.0]
[128.0, 0.0, 997.0, 652.0]
[64.0, 16.0, 934.0, 668.0]
[32.0, 16.0, 903.0, 669.0]
[32.0, 16.0, 904.0, 670.0]
[96.0, 16.0, 969.0, 671.0]
[16.0, 0.0, 890.0, 656.0]
[48.0, 0.0, 923.0, 656.0]
[112.0, 0.0, 988.0, 657.0]
[16.0, 16.0, 893.0, 674.0]
[96.0, 0.0, 974.0, 658.0]
[16.0, 16.0, 895.0, 675.0]
[128.0, 16.0, 1008.0, 676.0]
[32.0, 16.0, 913.0, 677.0]
[112.0, 0.0, 994.0, 662.0]
[96.0, 0.0, 979.0, 662.0]
[64.0, 16.0, 948.0, 679.0]
[32.0, 0.0, 917.0, 664.0]
[96.0, 16.0, 982.0, 680.0]
[32.0, 0.0, 919.0, 665.0]
[16.0, 0.0, 904.0, 666.0]
[64.0, 16.0, 953.0, 683.0]
[64.0, 0.0, 954.0, 668.0]
[32.0, 0.0, 923.0, 668.0]
[32.0, 0.0, 924.0, 669.0]
[48.0, 0.0, 941.0, 670.0]
[96.0, 0.0, 990.0, 670.0]
[80.0, 0.0, 975.0, 671.0]
[48.0, 0.0, 944.0, 672.0]
[64.0, 0.0, 961.0, 673.0]
[48.0, 0.0, 946.0, 674.0]
[96.0, 0.0, 995.0, 674.0]
[32.0, 0.0, 932.0, 675.0]
[64.0, 0.0, 965.0, 676.0]
[96.0, 0.0, 998.0, 676.0]
[32.0, 0.0, 935.0, 677.0]
[64.0, 0.0, 968.0, 678.0]
[96.0, 0.0, 1001.0, 679.0]
[48.0, 0.0, 954.0, 680.0]
[48.0, 0.0, 955.0, 680.0]
[32.0, 0.0, 940.0, 681.0]
[96.0, 0.0, 1005.0, 682.0]
[48.0, 0.0, 958.0, 682.0]
[32.0, 0.0, 943.0, 683.0]
