[160.0, 96.0, 910.0, 658.0]
[192.0, 64.0, 943.0, 627.0]
[144.0, 96.0, 896.0, 660.0]
[144.0, 128.0, 897.0, 693.0]
[160.0, 128.0, 914.0, 694.0]
[128.0, 144.0, 883.0, 710.0]
[176.0, 32.0, 932.0, 599.0]
[224.0, 96.0, 981.0, 664.0]
[208.0, 96.0, 966.0, 664.0]
[192.0, 64.0, 951.0, 633.0]
[144.0, 128.0, 904.0, 698.0]
[128.0, 128.0, 889.0, 699.0]
[176.0, 144.0, 938.0, 716.0]
[208.0, 96.0, 971.0, 668.0]
[224.0, 144.0, 988.0, 717.0]
[160.0, 48.0, 925.0, 622.0]
[224.0, 144.0, 990.0, 718.0]
[128.0, 96.0, 895.0, 671.0]
[112.0, 112.0, 880.0, 688.0]
[128.0, 48.0, 897.0, 625.0]
[160.0, 112.0, 930.0, 690.0]
[128.0, 32.0, 899.0, 610.0]
[176.0, 64.0, 948.0, 643.0]
[160.0, 128.0, 933.0, 708.0]
[208.0, 176.0, 982.0, 756.0]
[112.0, 80.0, 887.0, 661.0]
[112.0, 112.0, 888.0, 694.0]
[112.0, 32.0, 889.0, 615.0]
[128.0, 64.0, 906.0, 648.0]
[144.0, 96.0, 923.0, 680.0]
[112.0, 128.0, 892.0, 713.0]
[96.0, 64.0, 877.0, 650.0]
[208.0, 160.0, 990.0, 746.0]
[128.0, 112.0, 911.0, 699.0]
[112.0, 144.0, 896.0, 732.0]
[160.0, 32.0, 945.0, 621.0]
[112.0, 64.0, 898.0, 654.0]
[128.0, 48.0, 915.0, 638.0]
[192.0, 112.0, 980.0, 703.0]
[112.0, 160.0, 901.0, 752.0]
[176.0, 48.0, 966.0, 640.0]
[160.0, 16.0, 951.0, 609.0]
[128.0, 96.0, 920.0, 690.0]
[112.0, 128.0, 905.0, 723.0]
[224.0, 128.0, 1018.0, 724.0]
[96.0, 96.0, 891.0, 692.0]
[176.0, 144.0, 972.0, 741.0]
[192.0, 160.0, 989.0, 758.0]
[128.0, 0.0, 926.0, 598.0]
[192.0, 0.0, 991.0, 599.0]
[128.0, 32.0, 928.0, 632.0]
[176.0, 64.0, 977.0, 665.0]
[192.0, 32.0, 994.0, 634.0]
[112.0, 160.0, 915.0, 762.0]
[144.0, 16.0, 948.0, 619.0]
[80.0, 128.0, 885.0, 732.0]
[128.0, 0.0, 934.0, 604.0]
[176.0, 64.0, 983.0, 669.0]
[192.0, 48.0, 1000.0, 654.0]
[128.0, 0.0, 937.0, 607.0]
[176.0, 160.0, 986.0, 768.0]
[176.0, 144.0, 987.0, 752.0]
[192.0, 80.0, 1004.0, 689.0]
[128.0, 144.0, 941.0, 754.0]
[64.0, 128.0, 878.0, 738.0]
[64.0, 96.0, 879.0, 707.0]
[128.0, 128.0, 944.0, 740.0]
[64.0, 112.0, 881.0, 725.0]
[80.0, 48.0, 898.0, 662.0]
[112.0, 64.0, 931.0, 678.0]
[176.0, 32.0, 996.0, 647.0]
[112.0, 128.0, 933.0, 744.0]
[128.0, 144.0, 950.0, 760.0]
[144.0, 32.0, 967.0, 649.0]
[112.0, 64.0, 936.0, 682.0]
[80.0, 64.0, 905.0, 683.0]
[160.0, 144.0, 986.0, 764.0]
[96.0, 32.0, 923.0, 652.0]
[160.0, 80.0, 988.0, 701.0]
[96.0, 32.0, 925.0, 654.0]
[112.0, 64.0, 942.0, 686.0]
[112.0, 112.0, 943.0, 735.0]
[80.0, 80.0, 912.0, 704.0]
[128.0, 96.0, 961.0, 721.0]
[48.0, 64.0, 882.0, 690.0]
[112.0, 16.0, 947.0, 642.0]
[48.0, 64.0, 884.0, 691.0]
[32.0, 64.0, 869.0, 692.0]
[128.0, 0.0, 966.0, 628.0]
[112.0, 0.0, 951.0, 629.0]
[144.0, 128.0, 984.0, 758.0]
[64.0, 80.0, 905.0, 711.0]
[144.0, 32.0, 986.0, 664.0]
[32.0, 96.0, 875.0, 728.0]
[96.0, 0.0, 940.0, 633.0]
[32.0, 80.0, 877.0, 714.0]
[32.0, 32.0, 878.0, 666.0]
[144.0, 96.0, 991.0, 731.0]
[80.0, 64.0, 928.0, 700.0]
[64.0, 64.0, 913.0, 701.0]
[144.0, 48.0, 994.0, 686.0]
[112.0, 112.0, 963.0, 750.0]
[80.0, 16.0, 932.0, 655.0]
[32.0, 96.0, 885.0, 736.0]
[16.0, 32.0, 870.0, 672.0]
[112.0, 64.0, 967.0, 705.0]
[160.0, 0.0, 1016.0, 642.0]
[32.0, 64.0, 889.0, 707.0]
[128.0, 96.0, 986.0, 740.0]
[48.0, 80.0, 907.0, 724.0]
[160.0, 112.0, 1020.0, 757.0]
[32.0, 16.0, 893.0, 662.0]
[32.0, 32.0, 894.0, 678.0]
[48.0, 96.0, 911.0, 743.0]
[144.0, 32.0, 1008.0, 680.0]
[48.0, 112.0, 913.0, 761.0]
[80.0, 16.0, 946.0, 666.0]
[48.0, 112.0, 915.0, 762.0]
[112.0, 16.0, 980.0, 667.0]
[112.0, 96.0, 981.0, 748.0]
[112.0, 32.0, 982.0, 684.0]
[16.0, 48.0, 887.0, 701.0]
[0.0, 48.0, 872.0, 702.0]
[64.0, 96.0, 937.0, 751.0]
[128.0, 112.0, 1002.0, 768.0]
[144.0, 80.0, 1019.0, 736.0]
[64.0, 64.0, 940.0, 721.0]
[48.0, 48.0, 925.0, 706.0]
[144.0, 64.0, 1022.0, 722.0]
[80.0, 0.0, 959.0, 659.0]
[64.0, 0.0, 944.0, 660.0]
[64.0, 64.0, 945.0, 725.0]
[0.0, 32.0, 882.0, 694.0]
[80.0, 64.0, 963.0, 726.0]
[128.0, 64.0, 1012.0, 727.0]
[0.0, 16.0, 885.0, 680.0]
[112.0, 80.0, 998.0, 744.0]
[128.0, 64.0, 1015.0, 729.0]
[16.0, 16.0, 904.0, 682.0]
[128.0, 80.0, 1017.0, 747.0]
[96.0, 32.0, 986.0, 700.0]
[80.0, 0.0, 971.0, 668.0]
[0.0, 32.0, 892.0, 701.0]
[48.0, 0.0, 941.0, 670.0]
[96.0, 32.0, 990.0, 702.0]
[32.0, 16.0, 927.0, 687.0]
[48.0, 48.0, 944.0, 720.0]
[112.0, 80.0, 1009.0, 753.0]
[0.0, 80.0, 898.0, 754.0]
[80.0, 48.0, 979.0, 722.0]
[96.0, 16.0, 996.0, 691.0]
[32.0, 32.0, 933.0, 708.0]
[112.0, 0.0, 1014.0, 676.0]
[16.0, 80.0, 919.0, 757.0]
[80.0, 48.0, 984.0, 726.0]
[0.0, 16.0, 905.0, 695.0]
[96.0, 0.0, 1002.0, 680.0]
[48.0, 64.0, 955.0, 744.0]
[64.0, 64.0, 972.0, 745.0]
[112.0, 80.0, 1021.0, 762.0]
[112.0, 64.0, 1022.0, 746.0]
[80.0, 80.0, 991.0, 763.0]
[0.0, 0.0, 912.0, 684.0]
[80.0, 80.0, 993.0, 765.0]
[0.0, 80.0, 914.0, 766.0]
[64.0, 48.0, 979.0, 734.0]
[64.0, 80.0, 980.0, 767.0]
[16.0, 0.0, 933.0, 688.0]
[0.0, 48.0, 918.0, 736.0]
[48.0, 48.0, 967.0, 737.0]
[80.0, 32.0, 1000.0, 722.0]
[48.0, 0.0, 969.0, 691.0]
[64.0, 32.0, 986.0, 724.0]
[96.0, 32.0, 1019.0, 724.0]
[32.0, 0.0, 956.0, 693.0]
[32.0, 16.0, 957.0, 710.0]
[32.0, 16.0, 958.0, 710.0]
[64.0, 0.0, 991.0, 695.0]
[80.0, 64.0, 1008.0, 760.0]
[80.0, 64.0, 1009.0, 761.0]
[0.0, 0.0, 930.0, 698.0]
[64.0, 32.0, 995.0, 730.0]
[64.0, 16.0, 996.0, 715.0]
[0.0, 16.0, 933.0, 716.0]
[80.0, 0.0, 1014.0, 700.0]
[48.0, 0.0, 983.0, 701.0]
[16.0, 64.0, 952.0, 766.0]
[32.0, 64.0, 969.0, 767.0]
[0.0, 48.0, 938.0, 752.0]
[80.0, 16.0, 1019.0, 720.0]
[80.0, 32.0, 1020.0, 737.0]
[16.0, 48.0, 957.0, 754.0]
[32.0, 16.0, 974.0, 722.0]
[32.0, 0.0, 975.0, 707.0]
[80.0, 48.0, 1024.0, 756.0]
[64.0, 16.0, 1009.0, 725.0]
[0.0, 32.0, 946.0, 742.0]
[0.0, 0.0, 947.0, 710.0]
[64.0, 16.0, 1012.0, 727.0]
[48.0, 48.0, 997.0, 760.0]
[64.0, 32.0, 1014.0, 744.0]
[48.0, 16.0, 999.0, 729.0]
[32.0, 32.0, 984.0, 746.0]
[32.0, 32.0, 985.0, 747.0]
[64.0, 16.0, 1018.0, 732.0]
[16.0, 16.0, 971.0, 732.0]
[48.0, 16.0, 1004.0, 733.0]
[32.0, 32.0, 989.0, 750.0]
[0.0, 32.0, 958.0, 750.0]
[64.0, 16.0, 1023.0, 735.0]
[16.0, 16.0, 976.0, 736.0]
[48.0, 0.0, 1009.0, 721.0]
[32.0, 0.0, 994.0, 722.0]
[48.0, 0.0, 1011.0, 722.0]
[16.0, 32.0, 980.0, 755.0]
[16.0, 32.0, 981.0, 756.0]
[48.0, 0.0, 1014.0, 724.0]
[48.0, 32.0, 1015.0, 757.0]
[16.0, 0.0, 984.0, 726.0]
[16.0, 16.0, 985.0, 743.0]
[16.0, 32.0, 986.0, 760.0]
[32.0, 32.0, 1003.0, 760.0]
[0.0, 32.0, 972.0, 761.0]
[16.0, 16.0, 989.0, 746.0]
[32.0, 0.0, 1006.0, 730.0]
[0.0, 0.0, 975.0, 731.0]
[0.0, 32.0, 976.0, 764.0]
[16.0, 16.0, 993.0, 749.0]
[16.0, 32.0, 994.0, 766.0]
[0.0, 32.0, 979.0, 766.0]
[16.0, 16.0, 996.0, 751.0]
[32.0, 0.0, 1013.0, 736.0]
[16.0, 16.0, 998.0, 752.0]
[32.0, 0.0, 1015.0, 737.0]
[32.0, 0.0, 1016.0, 738.0]
[16.0, 0.0, 1001.0, 739.0]
[0.0, 16.0, 986.0, 756.0]
[0.0, 0.0, 987.0, 740.0]
[0.0, 0.0, 988.0, 741.0]
[16.0, 0.0, 1005.0, 742.0]
[16.0, 16.0, 1006.0, 758.0]
[0.0, 0.0, 991.0, 743.0]
[16.0, 0.0, 1008.0, 744.0]
[0.0, 0.0, 993.0, 745.0]
[16.0, 0.0, 1010.0, 746.0]
[0.0, 0.0, 995.0, 746.0]
[0.0, 0.0, 996.0, 747.0]
[0.0, 16.0, 997.0, 764.0]
[16.0, 0.0, 1014.0, 748.0]
[0.0, 16.0, 999.0, 765.0]
[0.0, 0.0, 1000.0, 750.0]
[0.0, 0.0, 1001.0, 751.0]
[0.0, 0.0, 1002.0, 752.0]
[0.0, 16.0, 1003.0, 768.0]
[16.0, 16.0, 1020.0, 769.0]
[0.0, 0.0, 1005.0, 754.0]
[16.0, 0.0, 1022.0, 754.0]
[16.0, 0.0, 1023.0, 755.0]
[0.0, 0.0, 1008.0, 756.0]
[0.0, 0.0, 1009.0, 757.0]
[0.0, 0.0, 1010.0, 758.0]
[0.0, 0.0, 1011.0, 758.0]
[0.0, 0.0, 1012.0, 759.0]
[0.0, 0.0, 1013.0, 760.0]
[0.0, 0.0, 1014.0, 760.0]
[0.0, 0.0, 1015.0, 761.0]
[0.0, 0.0, 1016.0, 762.0]
[0.0, 0.0, 1017.0, 763.0]
[0.0, 0.0, 1018.0, 764.0]
[0.0, 0.0, 1019.0, 764.0]
[0.0, 0.0, 1020.0, 765.0]
[0.0, 0.0, 1021.0, 766.0]
[0.0, 0.0, 1022.0, 766.0]
[0.0, 0.0, 1023.0, 767.0]
[0.0, 0.0, 1024.0, 768.0]
