[128.0, 112.0, 892.0, 685.0]
[112.0, 144.0, 877.0, 718.0]
[128.0, 64.0, 894.0, 638.0]
[80.0, 80.0, 847.0, 655.0]
[128.0, 128.0, 896.0, 704.0]
[48.0, 160.0, 817.0, 737.0]
[96.0, 96.0, 866.0, 674.0]
[80.0, 48.0, 851.0, 626.0]
[48.0, 128.0, 820.0, 707.0]
[32.0, 176.0, 805.0, 756.0]
[64.0, 64.0, 838.0, 644.0]
[128.0, 32.0, 903.0, 613.0]
[64.0, 128.0, 840.0, 710.0]
[96.0, 32.0, 873.0, 615.0]
[48.0, 80.0, 826.0, 664.0]
[96.0, 160.0, 875.0, 744.0]
[64.0, 176.0, 844.0, 761.0]
[32.0, 32.0, 813.0, 618.0]
[96.0, 80.0, 878.0, 666.0]
[96.0, 32.0, 879.0, 619.0]
[80.0, 128.0, 864.0, 716.0]
[128.0, 144.0, 913.0, 733.0]
[80.0, 192.0, 866.0, 782.0]
[112.0, 96.0, 899.0, 686.0]
[48.0, 96.0, 836.0, 687.0]
[80.0, 48.0, 869.0, 640.0]
[96.0, 48.0, 886.0, 640.0]
[32.0, 48.0, 823.0, 641.0]
[64.0, 16.0, 856.0, 610.0]
[80.0, 96.0, 873.0, 691.0]
[16.0, 80.0, 810.0, 676.0]
[128.0, 48.0, 923.0, 644.0]
[64.0, 16.0, 860.0, 613.0]
[80.0, 96.0, 877.0, 694.0]
[16.0, 160.0, 814.0, 758.0]
[64.0, 96.0, 863.0, 695.0]
[96.0, 128.0, 896.0, 728.0]
[112.0, 32.0, 913.0, 633.0]
[16.0, 128.0, 818.0, 730.0]
[0.0, 48.0, 803.0, 650.0]
[80.0, 64.0, 884.0, 667.0]
[64.0, 128.0, 869.0, 732.0]
[96.0, 64.0, 902.0, 668.0]
[48.0, 176.0, 855.0, 781.0]
[48.0, 96.0, 856.0, 702.0]
[112.0, 32.0, 921.0, 639.0]
[16.0, 16.0, 826.0, 624.0]
[48.0, 128.0, 859.0, 736.0]
[96.0, 32.0, 908.0, 641.0]
[112.0, 160.0, 925.0, 770.0]
[80.0, 160.0, 894.0, 770.0]
[128.0, 32.0, 943.0, 643.0]
[112.0, 96.0, 928.0, 708.0]
[48.0, 80.0, 865.0, 693.0]
[32.0, 128.0, 850.0, 742.0]
[128.0, 96.0, 947.0, 710.0]
[48.0, 48.0, 868.0, 663.0]
[80.0, 112.0, 901.0, 728.0]
[32.0, 128.0, 854.0, 744.0]
[64.0, 160.0, 887.0, 777.0]
[0.0, 160.0, 824.0, 778.0]
[64.0, 128.0, 889.0, 747.0]
[0.0, 112.0, 826.0, 732.0]
[32.0, 112.0, 859.0, 732.0]
[32.0, 16.0, 860.0, 637.0]
[112.0, 128.0, 941.0, 750.0]
[0.0, 64.0, 830.0, 686.0]
[16.0, 16.0, 847.0, 639.0]
[80.0, 80.0, 912.0, 704.0]
[0.0, 48.0, 833.0, 673.0]
[96.0, 48.0, 930.0, 674.0]
[80.0, 48.0, 915.0, 674.0]
[96.0, 0.0, 932.0, 627.0]
[48.0, 160.0, 885.0, 788.0]
[48.0, 80.0, 886.0, 708.0]
[112.0, 112.0, 951.0, 741.0]
[112.0, 48.0, 952.0, 678.0]
[96.0, 112.0, 937.0, 743.0]
[128.0, 64.0, 970.0, 696.0]
[64.0, 96.0, 907.0, 728.0]
[96.0, 80.0, 940.0, 713.0]
[64.0, 48.0, 909.0, 682.0]
[16.0, 128.0, 862.0, 762.0]
[32.0, 16.0, 879.0, 651.0]
[128.0, 112.0, 976.0, 748.0]
[96.0, 96.0, 945.0, 733.0]
[80.0, 96.0, 930.0, 734.0]
[64.0, 160.0, 915.0, 798.0]
[48.0, 128.0, 900.0, 767.0]
[64.0, 144.0, 917.0, 784.0]
[80.0, 0.0, 934.0, 640.0]
[80.0, 64.0, 935.0, 705.0]
[48.0, 32.0, 904.0, 674.0]
[32.0, 32.0, 889.0, 675.0]
[0.0, 64.0, 858.0, 708.0]
[64.0, 144.0, 923.0, 788.0]
[112.0, 80.0, 972.0, 725.0]
[48.0, 32.0, 909.0, 678.0]
[112.0, 128.0, 974.0, 774.0]
[16.0, 48.0, 879.0, 695.0]
[32.0, 144.0, 896.0, 792.0]
[96.0, 80.0, 961.0, 729.0]
[80.0, 64.0, 946.0, 714.0]
[112.0, 32.0, 979.0, 682.0]
[64.0, 32.0, 932.0, 683.0]
[32.0, 128.0, 901.0, 780.0]
[112.0, 64.0, 982.0, 716.0]
[96.0, 0.0, 967.0, 653.0]
[80.0, 64.0, 952.0, 718.0]
[0.0, 96.0, 873.0, 751.0]
[112.0, 32.0, 986.0, 688.0]
[96.0, 16.0, 971.0, 672.0]
[16.0, 48.0, 892.0, 705.0]
[96.0, 32.0, 973.0, 690.0]
[48.0, 96.0, 926.0, 754.0]
[64.0, 112.0, 943.0, 771.0]
[0.0, 112.0, 880.0, 772.0]
[128.0, 32.0, 1009.0, 693.0]
[0.0, 48.0, 882.0, 710.0]
[16.0, 32.0, 899.0, 694.0]
[64.0, 64.0, 948.0, 727.0]
[48.0, 80.0, 933.0, 744.0]
[112.0, 32.0, 998.0, 696.0]
[128.0, 32.0, 1015.0, 697.0]
[48.0, 128.0, 936.0, 794.0]
[64.0, 112.0, 953.0, 779.0]
[16.0, 128.0, 906.0, 796.0]
[80.0, 96.0, 971.0, 764.0]
[112.0, 112.0, 1004.0, 781.0]
[64.0, 0.0, 957.0, 670.0]
[96.0, 112.0, 990.0, 782.0]
[96.0, 64.0, 991.0, 735.0]
[32.0, 32.0, 928.0, 704.0]
[64.0, 64.0, 961.0, 737.0]
[0.0, 80.0, 898.0, 754.0]
[16.0, 32.0, 915.0, 706.0]
[112.0, 64.0, 1012.0, 739.0]
[0.0, 16.0, 901.0, 692.0]
[80.0, 48.0, 982.0, 724.0]
[96.0, 112.0, 999.0, 789.0]
[0.0, 48.0, 904.0, 726.0]
[112.0, 16.0, 1017.0, 695.0]
[112.0, 32.0, 1018.0, 712.0]
[64.0, 0.0, 971.0, 680.0]
[112.0, 32.0, 1020.0, 713.0]
[64.0, 112.0, 973.0, 794.0]
[48.0, 32.0, 958.0, 714.0]
[32.0, 64.0, 943.0, 747.0]
[80.0, 0.0, 992.0, 684.0]
[0.0, 32.0, 913.0, 717.0]
[48.0, 80.0, 962.0, 766.0]
[32.0, 112.0, 947.0, 798.0]
[32.0, 96.0, 948.0, 783.0]
[16.0, 64.0, 933.0, 752.0]
[16.0, 48.0, 934.0, 736.0]
[32.0, 32.0, 951.0, 721.0]
[16.0, 48.0, 936.0, 738.0]
[16.0, 80.0, 937.0, 771.0]
[64.0, 32.0, 986.0, 724.0]
[16.0, 0.0, 939.0, 692.0]
[32.0, 64.0, 956.0, 757.0]
[0.0, 0.0, 925.0, 694.0]
[0.0, 32.0, 926.0, 726.0]
[64.0, 32.0, 991.0, 727.0]
[64.0, 96.0, 992.0, 792.0]
[80.0, 80.0, 1009.0, 777.0]
[64.0, 32.0, 994.0, 730.0]
[48.0, 64.0, 979.0, 762.0]
[48.0, 32.0, 980.0, 731.0]
[0.0, 64.0, 933.0, 764.0]
[80.0, 16.0, 1014.0, 716.0]
[0.0, 16.0, 935.0, 717.0]
[80.0, 96.0, 1016.0, 798.0]
[64.0, 80.0, 1001.0, 783.0]
[0.0, 0.0, 938.0, 704.0]
[32.0, 64.0, 971.0, 768.0]
[80.0, 16.0, 1020.0, 721.0]
[16.0, 64.0, 957.0, 770.0]
[80.0, 64.0, 1022.0, 770.0]
[0.0, 64.0, 943.0, 771.0]
[48.0, 48.0, 992.0, 756.0]
[64.0, 0.0, 1009.0, 709.0]
[0.0, 64.0, 946.0, 774.0]
[48.0, 48.0, 995.0, 758.0]
[64.0, 80.0, 1012.0, 791.0]
[48.0, 80.0, 997.0, 792.0]
[16.0, 32.0, 966.0, 744.0]
[32.0, 48.0, 983.0, 761.0]
[48.0, 16.0, 1000.0, 730.0]
[48.0, 32.0, 1001.0, 747.0]
[48.0, 32.0, 1002.0, 748.0]
[48.0, 32.0, 1003.0, 748.0]
[32.0, 0.0, 988.0, 717.0]
[48.0, 48.0, 1005.0, 766.0]
[64.0, 80.0, 1022.0, 798.0]
[16.0, 0.0, 975.0, 719.0]
[32.0, 48.0, 992.0, 768.0]
[0.0, 48.0, 961.0, 769.0]
[16.0, 32.0, 978.0, 754.0]
[16.0, 16.0, 979.0, 738.0]
[16.0, 64.0, 980.0, 787.0]
[48.0, 48.0, 1013.0, 772.0]
[48.0, 64.0, 1014.0, 788.0]
[48.0, 48.0, 1015.0, 773.0]
[16.0, 0.0, 984.0, 726.0]
[32.0, 0.0, 1001.0, 727.0]
[16.0, 0.0, 986.0, 728.0]
[0.0, 48.0, 971.0, 776.0]
[32.0, 48.0, 1004.0, 777.0]
[0.0, 32.0, 973.0, 762.0]
[48.0, 16.0, 1022.0, 746.0]
[0.0, 32.0, 975.0, 763.0]
[32.0, 48.0, 1008.0, 780.0]
[16.0, 16.0, 993.0, 749.0]
[32.0, 48.0, 1010.0, 782.0]
[16.0, 32.0, 995.0, 766.0]
[32.0, 48.0, 1012.0, 783.0]
[0.0, 32.0, 981.0, 768.0]
[0.0, 16.0, 982.0, 752.0]
[0.0, 16.0, 983.0, 753.0]
[32.0, 32.0, 1016.0, 770.0]
[0.0, 16.0, 985.0, 755.0]
[16.0, 16.0, 1002.0, 756.0]
[16.0, 0.0, 1003.0, 740.0]
[0.0, 48.0, 988.0, 789.0]
[16.0, 0.0, 1005.0, 742.0]
[0.0, 16.0, 990.0, 758.0]
[32.0, 32.0, 1023.0, 775.0]
[0.0, 48.0, 992.0, 792.0]
[0.0, 0.0, 993.0, 745.0]
[16.0, 48.0, 1010.0, 794.0]
[0.0, 48.0, 995.0, 794.0]
[0.0, 16.0, 996.0, 763.0]
[16.0, 48.0, 1013.0, 796.0]
[16.0, 16.0, 1014.0, 764.0]
[16.0, 48.0, 1015.0, 797.0]
[16.0, 0.0, 1016.0, 750.0]
[0.0, 32.0, 1001.0, 783.0]
[0.0, 16.0, 1002.0, 768.0]
[16.0, 16.0, 1019.0, 768.0]
[16.0, 32.0, 1020.0, 785.0]
[0.0, 0.0, 1005.0, 754.0]
[16.0, 0.0, 1022.0, 754.0]
[0.0, 0.0, 1007.0, 755.0]
[16.0, 32.0, 1024.0, 788.0]
[0.0, 32.0, 1009.0, 789.0]
[0.0, 16.0, 1010.0, 774.0]
[0.0, 32.0, 1011.0, 790.0]
[0.0, 16.0, 1012.0, 775.0]
[0.0, 0.0, 1013.0, 760.0]
[0.0, 16.0, 1014.0, 776.0]
[0.0, 32.0, 1015.0, 793.0]
[0.0, 16.0, 1016.0, 778.0]
[0.0, 16.0, 1017.0, 779.0]
[0.0, 32.0, 1018.0, 796.0]
[0.0, 0.0, 1019.0, 764.0]
[0.0, 16.0, 1020.0, 781.0]
[0.0, 16.0, 1021.0, 782.0]
[0.0, 0.0, 1022.0, 766.0]
[0.0, 0.0, 1023.0, 767.0]
[0.0, 0.0, 1024.0, 768.0]
