[128.0, 48.0, 847.0, 587.0]
[112.0, 48.0, 832.0, 588.0]
[80.0, 64.0, 801.0, 605.0]
[144.0, 128.0, 866.0, 670.0]
[144.0, 112.0, 867.0, 654.0]
[96.0, 80.0, 820.0, 623.0]
[48.0, 80.0, 773.0, 624.0]
[160.0, 80.0, 886.0, 624.0]
[176.0, 64.0, 903.0, 609.0]
[64.0, 48.0, 792.0, 594.0]
[64.0, 48.0, 793.0, 595.0]
[112.0, 64.0, 842.0, 612.0]
[80.0, 32.0, 811.0, 580.0]
[48.0, 96.0, 780.0, 645.0]
[32.0, 96.0, 765.0, 646.0]
[48.0, 80.0, 782.0, 630.0]
[128.0, 80.0, 863.0, 631.0]
[80.0, 32.0, 816.0, 584.0]
[160.0, 128.0, 897.0, 681.0]
[32.0, 64.0, 770.0, 618.0]
[96.0, 80.0, 835.0, 634.0]
[128.0, 32.0, 868.0, 587.0]
[64.0, 112.0, 805.0, 668.0]
[48.0, 48.0, 790.0, 604.0]
[64.0, 112.0, 807.0, 669.0]
[96.0, 128.0, 840.0, 686.0]
[48.0, 128.0, 793.0, 687.0]
[96.0, 16.0, 842.0, 576.0]
[96.0, 64.0, 843.0, 624.0]
[176.0, 32.0, 924.0, 593.0]
[112.0, 32.0, 861.0, 594.0]
[32.0, 128.0, 782.0, 690.0]
[96.0, 80.0, 847.0, 643.0]
[176.0, 96.0, 928.0, 660.0]
[112.0, 80.0, 865.0, 645.0]
[144.0, 80.0, 898.0, 646.0]
[96.0, 16.0, 851.0, 582.0]
[80.0, 96.0, 836.0, 663.0]
[48.0, 128.0, 805.0, 696.0]
[112.0, 48.0, 870.0, 616.0]
[112.0, 32.0, 871.0, 601.0]
[160.0, 16.0, 920.0, 586.0]
[96.0, 16.0, 857.0, 587.0]
[48.0, 32.0, 810.0, 604.0]
[16.0, 80.0, 779.0, 652.0]
[64.0, 32.0, 828.0, 605.0]
[112.0, 32.0, 877.0, 606.0]
[112.0, 64.0, 878.0, 638.0]
[32.0, 96.0, 799.0, 671.0]
[112.0, 80.0, 880.0, 656.0]
[128.0, 48.0, 897.0, 625.0]
[32.0, 32.0, 802.0, 610.0]
[128.0, 0.0, 899.0, 578.0]
[16.0, 96.0, 788.0, 675.0]
[64.0, 96.0, 837.0, 676.0]
[48.0, 48.0, 822.0, 628.0]
[144.0, 112.0, 919.0, 693.0]
[128.0, 16.0, 904.0, 598.0]
[64.0, 48.0, 841.0, 631.0]
[64.0, 80.0, 842.0, 664.0]
[176.0, 80.0, 955.0, 664.0]
[176.0, 64.0, 956.0, 649.0]
[64.0, 64.0, 845.0, 650.0]
[96.0, 80.0, 878.0, 666.0]
[128.0, 16.0, 911.0, 603.0]
[16.0, 16.0, 800.0, 604.0]
[112.0, 0.0, 897.0, 589.0]
[176.0, 48.0, 962.0, 638.0]
[0.0, 80.0, 787.0, 670.0]
[144.0, 16.0, 932.0, 607.0]
[144.0, 0.0, 933.0, 592.0]
[48.0, 48.0, 838.0, 640.0]
[0.0, 64.0, 791.0, 657.0]
[48.0, 96.0, 840.0, 690.0]
[64.0, 80.0, 857.0, 675.0]
[160.0, 48.0, 954.0, 644.0]
[96.0, 48.0, 891.0, 644.0]
[0.0, 16.0, 796.0, 613.0]
[128.0, 64.0, 925.0, 662.0]
[64.0, 32.0, 862.0, 630.0]
[32.0, 48.0, 831.0, 647.0]
[112.0, 48.0, 912.0, 648.0]
[96.0, 48.0, 897.0, 649.0]
[16.0, 80.0, 818.0, 682.0]
[144.0, 96.0, 947.0, 698.0]
[64.0, 64.0, 868.0, 667.0]
[48.0, 80.0, 853.0, 684.0]
[96.0, 16.0, 902.0, 620.0]
[48.0, 80.0, 855.0, 685.0]
[112.0, 32.0, 920.0, 638.0]
[80.0, 80.0, 889.0, 687.0]
[32.0, 48.0, 842.0, 656.0]
[16.0, 96.0, 827.0, 704.0]
[144.0, 48.0, 956.0, 657.0]
[64.0, 48.0, 877.0, 658.0]
[128.0, 0.0, 942.0, 610.0]
[80.0, 0.0, 895.0, 611.0]
[32.0, 64.0, 848.0, 676.0]
[48.0, 16.0, 865.0, 629.0]
[0.0, 32.0, 818.0, 646.0]
[0.0, 80.0, 819.0, 694.0]
[32.0, 32.0, 852.0, 647.0]
[112.0, 0.0, 933.0, 616.0]
[32.0, 0.0, 854.0, 616.0]
[128.0, 16.0, 951.0, 633.0]
[48.0, 0.0, 872.0, 618.0]
[48.0, 0.0, 873.0, 619.0]
[128.0, 16.0, 954.0, 636.0]
[0.0, 32.0, 827.0, 652.0]
[96.0, 0.0, 924.0, 621.0]
[16.0, 16.0, 845.0, 638.0]
[64.0, 64.0, 894.0, 686.0]
[128.0, 64.0, 959.0, 687.0]
[64.0, 16.0, 896.0, 640.0]
[64.0, 16.0, 897.0, 641.0]
[128.0, 48.0, 962.0, 674.0]
[32.0, 32.0, 867.0, 658.0]
[128.0, 48.0, 964.0, 675.0]
[112.0, 48.0, 949.0, 676.0]
[128.0, 48.0, 966.0, 676.0]
[176.0, 48.0, 1015.0, 677.0]
[144.0, 64.0, 984.0, 694.0]
[64.0, 0.0, 905.0, 631.0]
[80.0, 0.0, 922.0, 632.0]
[112.0, 16.0, 955.0, 648.0]
[96.0, 48.0, 940.0, 681.0]
[112.0, 32.0, 957.0, 666.0]
[144.0, 48.0, 990.0, 682.0]
[96.0, 48.0, 943.0, 683.0]
[32.0, 0.0, 880.0, 636.0]
[48.0, 32.0, 897.0, 669.0]
[144.0, 32.0, 994.0, 670.0]
[64.0, 64.0, 915.0, 702.0]
[64.0, 16.0, 916.0, 655.0]
[160.0, 32.0, 1013.0, 672.0]
[160.0, 32.0, 1014.0, 672.0]
[32.0, 48.0, 887.0, 689.0]
[112.0, 32.0, 968.0, 674.0]
[144.0, 32.0, 1001.0, 675.0]
[48.0, 0.0, 906.0, 644.0]
[112.0, 48.0, 971.0, 692.0]
[48.0, 32.0, 908.0, 677.0]
[112.0, 48.0, 973.0, 694.0]
[80.0, 32.0, 942.0, 678.0]
[0.0, 0.0, 863.0, 647.0]
[112.0, 0.0, 976.0, 648.0]
[112.0, 48.0, 977.0, 697.0]
[32.0, 32.0, 898.0, 682.0]
[112.0, 16.0, 979.0, 666.0]
[16.0, 16.0, 884.0, 667.0]
[128.0, 48.0, 997.0, 700.0]
[96.0, 48.0, 966.0, 700.0]
[0.0, 48.0, 871.0, 701.0]
[32.0, 16.0, 904.0, 670.0]
[80.0, 0.0, 953.0, 655.0]
[32.0, 32.0, 906.0, 688.0]
[48.0, 16.0, 923.0, 672.0]
[96.0, 48.0, 972.0, 705.0]
[64.0, 16.0, 941.0, 674.0]
[32.0, 32.0, 910.0, 690.0]
[112.0, 16.0, 991.0, 675.0]
[64.0, 16.0, 944.0, 676.0]
[96.0, 16.0, 977.0, 677.0]
[112.0, 16.0, 994.0, 678.0]
[128.0, 16.0, 1011.0, 678.0]
[0.0, 0.0, 884.0, 663.0]
[112.0, 32.0, 997.0, 696.0]
[64.0, 16.0, 950.0, 680.0]
[64.0, 32.0, 951.0, 697.0]
[96.0, 0.0, 984.0, 666.0]
[0.0, 32.0, 889.0, 699.0]
[64.0, 16.0, 954.0, 684.0]
[128.0, 32.0, 1019.0, 700.0]
[112.0, 0.0, 1004.0, 669.0]
[128.0, 0.0, 1021.0, 670.0]
[16.0, 16.0, 910.0, 686.0]
[16.0, 0.0, 911.0, 671.0]
[0.0, 0.0, 896.0, 672.0]
[112.0, 0.0, 1009.0, 673.0]
[0.0, 0.0, 898.0, 674.0]
[0.0, 16.0, 899.0, 690.0]
[0.0, 32.0, 900.0, 707.0]
[48.0, 0.0, 949.0, 676.0]
[16.0, 16.0, 918.0, 692.0]
[32.0, 0.0, 935.0, 677.0]
[112.0, 0.0, 1016.0, 678.0]
[48.0, 16.0, 953.0, 695.0]
[64.0, 16.0, 970.0, 696.0]
[112.0, 0.0, 1019.0, 680.0]
[48.0, 16.0, 956.0, 697.0]
[80.0, 0.0, 989.0, 682.0]
[80.0, 0.0, 990.0, 682.0]
[112.0, 16.0, 1023.0, 699.0]
[48.0, 16.0, 960.0, 700.0]
[0.0, 0.0, 913.0, 685.0]
[0.0, 0.0, 914.0, 686.0]
[96.0, 0.0, 1011.0, 686.0]
[16.0, 16.0, 932.0, 703.0]
[48.0, 0.0, 965.0, 688.0]
[32.0, 16.0, 950.0, 704.0]
[48.0, 16.0, 967.0, 705.0]
[48.0, 16.0, 968.0, 706.0]
[80.0, 16.0, 1001.0, 707.0]
[80.0, 0.0, 1002.0, 692.0]
[0.0, 0.0, 923.0, 692.0]
[80.0, 0.0, 1004.0, 693.0]
[0.0, 0.0, 925.0, 694.0]
[16.0, 0.0, 942.0, 694.0]
[64.0, 0.0, 991.0, 695.0]
[0.0, 0.0, 928.0, 696.0]
[32.0, 0.0, 961.0, 697.0]
[32.0, 0.0, 962.0, 698.0]
[80.0, 0.0, 1011.0, 698.0]
[80.0, 0.0, 1012.0, 699.0]
[32.0, 0.0, 965.0, 700.0]
[64.0, 0.0, 998.0, 700.0]
[48.0, 0.0, 983.0, 701.0]
[32.0, 0.0, 968.0, 702.0]
[64.0, 0.0, 1001.0, 703.0]
[80.0, 0.0, 1018.0, 704.0]
[80.0, 0.0, 1019.0, 704.0]
[64.0, 0.0, 1004.0, 705.0]
[32.0, 0.0, 973.0, 706.0]
[0.0, 0.0, 942.0, 706.0]
[80.0, 0.0, 1023.0, 707.0]
