[48.0, 192.0, 586.0, 909.0]
[48.0, 192.0, 586.0, 910.0]
[32.0, 112.0, 571.0, 831.0]
[64.0, 128.0, 604.0, 848.0]
[48.0, 224.0, 589.0, 945.0]
[32.0, 208.0, 574.0, 930.0]
[16.0, 192.0, 558.0, 915.0]
[16.0, 208.0, 559.0, 932.0]
[16.0, 288.0, 560.0, 1013.0]
[32.0, 96.0, 576.0, 822.0]
[0.0, 160.0, 545.0, 887.0]
[48.0, 128.0, 594.0, 856.0]
[48.0, 224.0, 595.0, 953.0]
[48.0, 176.0, 596.0, 906.0]
[0.0, 192.0, 548.0, 923.0]
[16.0, 80.0, 565.0, 812.0]
[16.0, 208.0, 566.0, 941.0]
[0.0, 208.0, 550.0, 942.0]
[0.0, 112.0, 551.0, 847.0]
[32.0, 272.0, 584.0, 1008.0]
[32.0, 128.0, 585.0, 865.0]
[48.0, 144.0, 602.0, 882.0]
[0.0, 176.0, 554.0, 915.0]
[32.0, 128.0, 587.0, 868.0]
[32.0, 80.0, 588.0, 821.0]
[48.0, 176.0, 604.0, 918.0]
[48.0, 256.0, 605.0, 999.0]
[0.0, 96.0, 558.0, 840.0]
[48.0, 160.0, 607.0, 905.0]
[16.0, 272.0, 576.0, 1018.0]
[64.0, 144.0, 624.0, 891.0]
[16.0, 208.0, 577.0, 956.0]
[32.0, 144.0, 594.0, 893.0]
[0.0, 224.0, 562.0, 974.0]
[48.0, 144.0, 611.0, 895.0]
[64.0, 208.0, 628.0, 960.0]
[16.0, 224.0, 581.0, 977.0]
[16.0, 112.0, 582.0, 866.0]
[48.0, 112.0, 614.0, 867.0]
[48.0, 144.0, 615.0, 900.0]
[32.0, 96.0, 600.0, 853.0]
[32.0, 96.0, 600.0, 854.0]
[48.0, 224.0, 617.0, 983.0]
[16.0, 80.0, 586.0, 840.0]
[48.0, 224.0, 619.0, 985.0]
[0.0, 80.0, 572.0, 842.0]
[0.0, 208.0, 572.0, 971.0]
[0.0, 144.0, 573.0, 908.0]
[16.0, 176.0, 590.0, 941.0]
[48.0, 240.0, 622.0, 1006.0]
[48.0, 96.0, 623.0, 863.0]
[0.0, 144.0, 576.0, 912.0]
[48.0, 96.0, 625.0, 865.0]
[0.0, 96.0, 578.0, 866.0]
[0.0, 80.0, 578.0, 851.0]
[64.0, 176.0, 643.0, 948.0]
[16.0, 160.0, 596.0, 933.0]
[48.0, 192.0, 628.0, 966.0]
[64.0, 208.0, 645.0, 983.0]
[16.0, 176.0, 598.0, 952.0]
[0.0, 80.0, 583.0, 857.0]
[0.0, 144.0, 584.0, 922.0]
[32.0, 160.0, 616.0, 939.0]
[32.0, 208.0, 617.0, 988.0]
[0.0, 144.0, 586.0, 925.0]
[48.0, 96.0, 634.0, 878.0]
[64.0, 208.0, 651.0, 991.0]
[16.0, 160.0, 604.0, 944.0]
[32.0, 144.0, 621.0, 929.0]
[0.0, 96.0, 590.0, 882.0]
[64.0, 192.0, 654.0, 979.0]
[32.0, 176.0, 623.0, 964.0]
[16.0, 176.0, 608.0, 965.0]
[16.0, 80.0, 608.0, 870.0]
[0.0, 176.0, 593.0, 967.0]
[16.0, 224.0, 610.0, 1016.0]
[0.0, 160.0, 595.0, 953.0]
[16.0, 96.0, 612.0, 890.0]
[16.0, 160.0, 612.0, 955.0]
[16.0, 80.0, 613.0, 876.0]
[16.0, 208.0, 614.0, 1005.0]
[48.0, 144.0, 646.0, 942.0]
[32.0, 160.0, 631.0, 959.0]
[64.0, 160.0, 664.0, 960.0]
[16.0, 192.0, 617.0, 993.0]
[32.0, 128.0, 634.0, 930.0]
[32.0, 96.0, 634.0, 899.0]
[0.0, 128.0, 603.0, 932.0]
[48.0, 192.0, 652.0, 997.0]
[32.0, 192.0, 636.0, 998.0]
[16.0, 192.0, 621.0, 999.0]
[0.0, 80.0, 606.0, 888.0]
[16.0, 176.0, 623.0, 985.0]
[32.0, 144.0, 640.0, 954.0]
[48.0, 160.0, 656.0, 971.0]
[48.0, 96.0, 657.0, 908.0]
[32.0, 176.0, 642.0, 989.0]
[0.0, 64.0, 610.0, 878.0]
[0.0, 64.0, 611.0, 879.0]
[48.0, 192.0, 660.0, 1008.0]
[64.0, 144.0, 677.0, 961.0]
[48.0, 128.0, 662.0, 946.0]
[32.0, 80.0, 646.0, 899.0]
[16.0, 112.0, 631.0, 932.0]
[32.0, 80.0, 648.0, 901.0]
[0.0, 192.0, 616.0, 1014.0]
[0.0, 96.0, 617.0, 919.0]
[48.0, 112.0, 666.0, 936.0]
[16.0, 176.0, 635.0, 1001.0]
[16.0, 128.0, 636.0, 954.0]
[48.0, 144.0, 668.0, 971.0]
[48.0, 160.0, 669.0, 988.0]
[16.0, 112.0, 638.0, 941.0]
[48.0, 112.0, 670.0, 942.0]
[48.0, 112.0, 671.0, 943.0]
[48.0, 160.0, 672.0, 992.0]
[0.0, 128.0, 625.0, 961.0]
[48.0, 112.0, 674.0, 946.0]
[0.0, 160.0, 626.0, 995.0]
[48.0, 144.0, 675.0, 980.0]
[32.0, 128.0, 660.0, 965.0]
[0.0, 128.0, 628.0, 966.0]
[16.0, 160.0, 645.0, 999.0]
[16.0, 112.0, 646.0, 952.0]
[48.0, 96.0, 679.0, 937.0]
[0.0, 80.0, 632.0, 922.0]
[32.0, 144.0, 664.0, 987.0]
[32.0, 96.0, 665.0, 940.0]
[16.0, 96.0, 650.0, 941.0]
[0.0, 176.0, 634.0, 1022.0]
[16.0, 128.0, 651.0, 975.0]
[16.0, 176.0, 652.0, 1024.0]
[16.0, 80.0, 653.0, 929.0]
[0.0, 96.0, 638.0, 946.0]
[0.0, 160.0, 638.0, 1011.0]
[32.0, 112.0, 671.0, 964.0]
[16.0, 96.0, 656.0, 949.0]
[0.0, 64.0, 640.0, 918.0]
[0.0, 80.0, 641.0, 935.0]
[16.0, 96.0, 658.0, 952.0]
[0.0, 80.0, 643.0, 937.0]
[0.0, 128.0, 644.0, 986.0]
[16.0, 80.0, 660.0, 939.0]
[32.0, 80.0, 677.0, 940.0]
[16.0, 112.0, 662.0, 973.0]
[16.0, 144.0, 662.0, 1006.0]
[32.0, 96.0, 679.0, 959.0]
[0.0, 144.0, 648.0, 1008.0]
[16.0, 112.0, 665.0, 977.0]
[16.0, 112.0, 666.0, 978.0]
[32.0, 80.0, 682.0, 947.0]
[0.0, 128.0, 651.0, 996.0]
[0.0, 96.0, 652.0, 965.0]
[32.0, 96.0, 684.0, 966.0]
[0.0, 96.0, 653.0, 967.0]
[16.0, 128.0, 670.0, 1000.0]
[0.0, 112.0, 655.0, 985.0]
[0.0, 144.0, 656.0, 1018.0]
[16.0, 144.0, 672.0, 1019.0]
[16.0, 128.0, 673.0, 1004.0]
[16.0, 80.0, 674.0, 957.0]
[16.0, 128.0, 674.0, 1006.0]
[0.0, 128.0, 659.0, 1007.0]
[0.0, 144.0, 660.0, 1024.0]
[0.0, 112.0, 661.0, 993.0]
[16.0, 128.0, 678.0, 1010.0]
[16.0, 128.0, 678.0, 1011.0]
[16.0, 112.0, 679.0, 996.0]
[16.0, 80.0, 680.0, 965.0]
[0.0, 128.0, 664.0, 1014.0]
[16.0, 80.0, 681.0, 967.0]
[16.0, 128.0, 682.0, 1016.0]
[16.0, 80.0, 683.0, 969.0]
[0.0, 112.0, 668.0, 1002.0]
[16.0, 112.0, 684.0, 1003.0]
[0.0, 128.0, 669.0, 1020.0]
[0.0, 112.0, 670.0, 1005.0]
[0.0, 112.0, 670.0, 1006.0]
[0.0, 80.0, 671.0, 975.0]
[0.0, 96.0, 672.0, 992.0]
[0.0, 96.0, 673.0, 993.0]
[0.0, 96.0, 674.0, 994.0]
[0.0, 80.0, 674.0, 979.0]
[0.0, 96.0, 675.0, 996.0]
[0.0, 80.0, 676.0, 981.0]
[0.0, 112.0, 676.0, 1014.0]
[0.0, 80.0, 677.0, 983.0]
[0.0, 96.0, 678.0, 1000.0]
[0.0, 80.0, 679.0, 985.0]
[0.0, 80.0, 680.0, 986.0]
[0.0, 96.0, 680.0, 1003.0]
[0.0, 96.0, 681.0, 1004.0]
[0.0, 112.0, 682.0, 1021.0]
[0.0, 96.0, 682.0, 1006.0]
[0.0, 96.0, 683.0, 1007.0]
[0.0, 112.0, 684.0, 1024.0]
