[48.0, 32.0, 765.0, 570.0]
[80.0, 128.0, 798.0, 666.0]
[32.0, 48.0, 751.0, 587.0]
[96.0, 32.0, 816.0, 572.0]
[144.0, 32.0, 865.0, 573.0]
[16.0, 112.0, 738.0, 654.0]
[64.0, 96.0, 787.0, 638.0]
[64.0, 80.0, 788.0, 623.0]
[112.0, 48.0, 837.0, 592.0]
[16.0, 64.0, 742.0, 608.0]
[48.0, 48.0, 775.0, 593.0]
[96.0, 48.0, 824.0, 594.0]
[48.0, 16.0, 777.0, 563.0]
[48.0, 128.0, 778.0, 676.0]
[96.0, 64.0, 827.0, 612.0]
[80.0, 32.0, 812.0, 581.0]
[96.0, 128.0, 829.0, 678.0]
[128.0, 80.0, 862.0, 630.0]
[64.0, 16.0, 799.0, 567.0]
[80.0, 32.0, 816.0, 584.0]
[112.0, 112.0, 849.0, 665.0]
[144.0, 80.0, 882.0, 634.0]
[128.0, 16.0, 867.0, 570.0]
[96.0, 80.0, 836.0, 635.0]
[0.0, 32.0, 741.0, 588.0]
[16.0, 80.0, 758.0, 636.0]
[32.0, 80.0, 775.0, 637.0]
[48.0, 96.0, 792.0, 654.0]
[32.0, 32.0, 777.0, 591.0]
[32.0, 48.0, 778.0, 608.0]
[16.0, 112.0, 763.0, 672.0]
[64.0, 64.0, 812.0, 625.0]
[80.0, 48.0, 829.0, 610.0]
[80.0, 16.0, 830.0, 578.0]
[0.0, 80.0, 751.0, 643.0]
[112.0, 0.0, 864.0, 564.0]
[96.0, 64.0, 849.0, 629.0]
[96.0, 32.0, 850.0, 598.0]
[16.0, 0.0, 771.0, 566.0]
[144.0, 80.0, 900.0, 647.0]
[32.0, 112.0, 789.0, 680.0]
[32.0, 16.0, 790.0, 584.0]
[112.0, 64.0, 871.0, 633.0]
[0.0, 112.0, 760.0, 682.0]
[64.0, 32.0, 825.0, 603.0]
[32.0, 16.0, 794.0, 588.0]
[112.0, 64.0, 875.0, 636.0]
[112.0, 80.0, 876.0, 653.0]
[16.0, 80.0, 781.0, 654.0]
[48.0, 0.0, 814.0, 574.0]
[48.0, 0.0, 815.0, 575.0]
[48.0, 32.0, 816.0, 608.0]
[0.0, 64.0, 769.0, 641.0]
[16.0, 64.0, 786.0, 642.0]
[80.0, 80.0, 851.0, 658.0]
[0.0, 64.0, 772.0, 643.0]
[16.0, 0.0, 789.0, 580.0]
[80.0, 16.0, 854.0, 596.0]
[112.0, 96.0, 887.0, 677.0]
[32.0, 48.0, 808.0, 630.0]
[32.0, 64.0, 809.0, 647.0]
[64.0, 64.0, 842.0, 648.0]
[112.0, 80.0, 891.0, 664.0]
[0.0, 96.0, 780.0, 681.0]
[0.0, 48.0, 781.0, 634.0]
[48.0, 32.0, 830.0, 618.0]
[48.0, 96.0, 831.0, 683.0]
[80.0, 32.0, 864.0, 620.0]
[64.0, 80.0, 849.0, 669.0]
[112.0, 16.0, 898.0, 606.0]
[32.0, 16.0, 819.0, 606.0]
[96.0, 32.0, 884.0, 623.0]
[64.0, 0.0, 853.0, 592.0]
[80.0, 0.0, 870.0, 592.0]
[32.0, 48.0, 823.0, 641.0]
[48.0, 64.0, 840.0, 658.0]
[64.0, 32.0, 857.0, 627.0]
[80.0, 32.0, 874.0, 628.0]
[128.0, 16.0, 923.0, 612.0]
[32.0, 80.0, 828.0, 677.0]
[96.0, 80.0, 893.0, 678.0]
[96.0, 16.0, 894.0, 614.0]
[96.0, 16.0, 895.0, 615.0]
[0.0, 48.0, 800.0, 648.0]
[48.0, 48.0, 849.0, 649.0]
[64.0, 80.0, 866.0, 682.0]
[80.0, 32.0, 883.0, 634.0]
[80.0, 64.0, 884.0, 667.0]
[112.0, 32.0, 917.0, 636.0]
[32.0, 32.0, 838.0, 636.0]
[0.0, 0.0, 807.0, 605.0]
[64.0, 16.0, 872.0, 622.0]
[48.0, 32.0, 857.0, 639.0]
[144.0, 32.0, 954.0, 640.0]
[0.0, 0.0, 811.0, 608.0]
[96.0, 16.0, 908.0, 625.0]
[128.0, 48.0, 941.0, 658.0]
[128.0, 64.0, 942.0, 674.0]
[64.0, 0.0, 879.0, 611.0]
[48.0, 64.0, 864.0, 676.0]
[48.0, 48.0, 865.0, 661.0]
[48.0, 32.0, 866.0, 646.0]
[0.0, 16.0, 819.0, 630.0]
[80.0, 48.0, 900.0, 663.0]
[112.0, 48.0, 933.0, 664.0]
[48.0, 0.0, 870.0, 616.0]
[16.0, 0.0, 839.0, 617.0]
[0.0, 0.0, 824.0, 618.0]
[16.0, 16.0, 841.0, 635.0]
[32.0, 0.0, 858.0, 620.0]
[32.0, 16.0, 859.0, 636.0]
[0.0, 32.0, 828.0, 653.0]
[96.0, 48.0, 925.0, 670.0]
[0.0, 16.0, 830.0, 638.0]
[0.0, 48.0, 831.0, 671.0]
[96.0, 0.0, 928.0, 624.0]
[128.0, 16.0, 961.0, 641.0]
[32.0, 16.0, 866.0, 642.0]
[80.0, 0.0, 915.0, 626.0]
[16.0, 48.0, 852.0, 675.0]
[112.0, 0.0, 949.0, 628.0]
[32.0, 0.0, 870.0, 628.0]
[48.0, 0.0, 887.0, 629.0]
[48.0, 32.0, 888.0, 662.0]
[96.0, 48.0, 937.0, 679.0]
[96.0, 32.0, 938.0, 664.0]
[128.0, 32.0, 971.0, 664.0]
[96.0, 0.0, 940.0, 633.0]
[48.0, 48.0, 893.0, 682.0]
[64.0, 0.0, 910.0, 634.0]
[0.0, 16.0, 847.0, 651.0]
[16.0, 0.0, 864.0, 636.0]
[112.0, 16.0, 961.0, 653.0]
[80.0, 32.0, 930.0, 670.0]
[112.0, 16.0, 963.0, 654.0]
[80.0, 0.0, 932.0, 639.0]
[16.0, 32.0, 869.0, 672.0]
[48.0, 0.0, 902.0, 640.0]
[0.0, 0.0, 855.0, 641.0]
[16.0, 0.0, 872.0, 642.0]
[0.0, 16.0, 857.0, 659.0]
[80.0, 32.0, 938.0, 676.0]
[0.0, 16.0, 859.0, 660.0]
[16.0, 32.0, 876.0, 677.0]
[0.0, 16.0, 861.0, 662.0]
[48.0, 0.0, 910.0, 646.0]
[64.0, 32.0, 927.0, 679.0]
[48.0, 16.0, 912.0, 664.0]
[16.0, 16.0, 881.0, 665.0]
[64.0, 32.0, 930.0, 682.0]
[16.0, 16.0, 883.0, 666.0]
[112.0, 0.0, 980.0, 651.0]
[96.0, 16.0, 965.0, 668.0]
[96.0, 0.0, 966.0, 652.0]
[64.0, 16.0, 935.0, 669.0]
[16.0, 0.0, 888.0, 654.0]
[112.0, 0.0, 985.0, 655.0]
[80.0, 0.0, 954.0, 656.0]
[96.0, 0.0, 971.0, 656.0]
[96.0, 0.0, 972.0, 657.0]
[48.0, 16.0, 925.0, 674.0]
[16.0, 0.0, 894.0, 658.0]
[80.0, 0.0, 959.0, 659.0]
[80.0, 16.0, 960.0, 676.0]
[48.0, 0.0, 929.0, 661.0]
[16.0, 16.0, 898.0, 678.0]
[16.0, 0.0, 899.0, 662.0]
[80.0, 0.0, 964.0, 663.0]
[0.0, 16.0, 885.0, 680.0]
[80.0, 16.0, 966.0, 680.0]
[80.0, 0.0, 967.0, 665.0]
[64.0, 16.0, 952.0, 682.0]
[64.0, 16.0, 953.0, 683.0]
[16.0, 0.0, 906.0, 668.0]
[80.0, 0.0, 971.0, 668.0]
[80.0, 0.0, 972.0, 669.0]
[16.0, 0.0, 909.0, 670.0]
[0.0, 0.0, 894.0, 670.0]
[80.0, 0.0, 975.0, 671.0]
[0.0, 0.0, 896.0, 672.0]
[64.0, 0.0, 961.0, 673.0]
[32.0, 0.0, 930.0, 674.0]
[16.0, 0.0, 915.0, 674.0]
[80.0, 0.0, 980.0, 675.0]
[80.0, 0.0, 981.0, 676.0]
[48.0, 0.0, 950.0, 676.0]
[16.0, 0.0, 919.0, 677.0]
[0.0, 0.0, 904.0, 678.0]
[32.0, 0.0, 937.0, 679.0]
[64.0, 0.0, 970.0, 680.0]
[0.0, 0.0, 907.0, 680.0]
[80.0, 0.0, 988.0, 681.0]
[48.0, 0.0, 957.0, 682.0]
[16.0, 0.0, 926.0, 682.0]
[80.0, 0.0, 991.0, 683.0]
