[64.0, 64.0, 781.0, 602.0]
[64.0, 64.0, 782.0, 602.0]
[144.0, 96.0, 863.0, 635.0]
[32.0, 32.0, 752.0, 572.0]
[48.0, 80.0, 769.0, 621.0]
[144.0, 96.0, 866.0, 638.0]
[112.0, 112.0, 835.0, 654.0]
[48.0, 80.0, 772.0, 623.0]
[144.0, 48.0, 869.0, 592.0]
[64.0, 64.0, 790.0, 608.0]
[192.0, 32.0, 919.0, 577.0]
[160.0, 48.0, 888.0, 594.0]
[128.0, 112.0, 857.0, 659.0]
[64.0, 48.0, 794.0, 596.0]
[16.0, 64.0, 747.0, 612.0]
[96.0, 80.0, 828.0, 629.0]
[112.0, 48.0, 845.0, 598.0]
[80.0, 96.0, 814.0, 646.0]
[176.0, 96.0, 911.0, 647.0]
[112.0, 64.0, 848.0, 616.0]
[112.0, 48.0, 849.0, 601.0]
[128.0, 128.0, 866.0, 682.0]
[192.0, 96.0, 931.0, 650.0]
[32.0, 64.0, 772.0, 619.0]
[176.0, 32.0, 917.0, 588.0]
[16.0, 48.0, 758.0, 604.0]
[16.0, 96.0, 759.0, 653.0]
[112.0, 96.0, 856.0, 654.0]
[32.0, 112.0, 777.0, 671.0]
[0.0, 32.0, 746.0, 592.0]
[160.0, 16.0, 907.0, 576.0]
[112.0, 48.0, 860.0, 609.0]
[48.0, 96.0, 797.0, 658.0]
[144.0, 16.0, 894.0, 578.0]
[160.0, 64.0, 911.0, 627.0]
[80.0, 96.0, 832.0, 660.0]
[16.0, 48.0, 769.0, 613.0]
[176.0, 16.0, 930.0, 582.0]
[16.0, 96.0, 771.0, 662.0]
[32.0, 96.0, 788.0, 663.0]
[176.0, 80.0, 933.0, 648.0]
[128.0, 96.0, 886.0, 664.0]
[160.0, 32.0, 919.0, 601.0]
[160.0, 80.0, 920.0, 650.0]
[64.0, 48.0, 825.0, 619.0]
[80.0, 80.0, 842.0, 652.0]
[128.0, 48.0, 891.0, 620.0]
[64.0, 96.0, 828.0, 669.0]
[32.0, 64.0, 797.0, 638.0]
[160.0, 64.0, 926.0, 638.0]
[128.0, 32.0, 895.0, 607.0]
[160.0, 16.0, 928.0, 592.0]
[160.0, 48.0, 929.0, 625.0]
[0.0, 64.0, 770.0, 642.0]
[176.0, 16.0, 947.0, 594.0]
[16.0, 48.0, 788.0, 627.0]
[128.0, 0.0, 901.0, 580.0]
[128.0, 64.0, 902.0, 644.0]
[64.0, 64.0, 839.0, 645.0]
[160.0, 80.0, 936.0, 662.0]
[144.0, 32.0, 921.0, 615.0]
[176.0, 16.0, 954.0, 600.0]
[144.0, 32.0, 923.0, 616.0]
[144.0, 32.0, 924.0, 617.0]
[64.0, 0.0, 845.0, 586.0]
[160.0, 16.0, 942.0, 602.0]
[32.0, 32.0, 815.0, 619.0]
[16.0, 64.0, 800.0, 652.0]
[0.0, 16.0, 785.0, 605.0]
[128.0, 32.0, 914.0, 622.0]
[32.0, 16.0, 819.0, 606.0]
[16.0, 48.0, 804.0, 639.0]
[16.0, 48.0, 805.0, 640.0]
[48.0, 80.0, 838.0, 672.0]
[192.0, 32.0, 983.0, 625.0]
[16.0, 48.0, 808.0, 642.0]
[0.0, 0.0, 793.0, 595.0]
[16.0, 32.0, 810.0, 628.0]
[80.0, 0.0, 875.0, 596.0]
[96.0, 32.0, 892.0, 629.0]
[16.0, 16.0, 813.0, 614.0]
[96.0, 16.0, 894.0, 614.0]
[80.0, 80.0, 879.0, 679.0]
[96.0, 48.0, 896.0, 648.0]
[144.0, 48.0, 945.0, 649.0]
[96.0, 0.0, 898.0, 602.0]
[0.0, 48.0, 803.0, 650.0]
[80.0, 80.0, 884.0, 683.0]
[96.0, 0.0, 901.0, 604.0]
[96.0, 64.0, 902.0, 668.0]
[144.0, 64.0, 951.0, 669.0]
[64.0, 32.0, 872.0, 638.0]
[176.0, 48.0, 985.0, 655.0]
[144.0, 0.0, 954.0, 608.0]
[64.0, 16.0, 875.0, 624.0]
[144.0, 0.0, 956.0, 609.0]
[16.0, 48.0, 829.0, 658.0]
[16.0, 0.0, 830.0, 610.0]
[160.0, 48.0, 975.0, 659.0]
[48.0, 32.0, 864.0, 644.0]
[160.0, 64.0, 977.0, 677.0]
[64.0, 0.0, 882.0, 614.0]
[160.0, 0.0, 979.0, 614.0]
[176.0, 16.0, 996.0, 631.0]
[128.0, 16.0, 949.0, 632.0]
[128.0, 48.0, 950.0, 664.0]
[80.0, 0.0, 903.0, 617.0]
[16.0, 32.0, 840.0, 650.0]
[144.0, 16.0, 969.0, 635.0]
[176.0, 48.0, 1002.0, 668.0]
[32.0, 48.0, 859.0, 668.0]
[160.0, 16.0, 988.0, 637.0]
[112.0, 0.0, 941.0, 622.0]
[48.0, 16.0, 878.0, 638.0]
[80.0, 32.0, 911.0, 655.0]
[128.0, 0.0, 960.0, 624.0]
[112.0, 16.0, 945.0, 641.0]
[144.0, 16.0, 978.0, 642.0]
[80.0, 0.0, 915.0, 626.0]
[144.0, 0.0, 980.0, 627.0]
[16.0, 32.0, 853.0, 660.0]
[80.0, 0.0, 918.0, 628.0]
[112.0, 16.0, 951.0, 645.0]
[144.0, 48.0, 984.0, 678.0]
[112.0, 0.0, 953.0, 631.0]
[48.0, 16.0, 890.0, 648.0]
[48.0, 0.0, 891.0, 632.0]
[0.0, 32.0, 844.0, 665.0]
[80.0, 48.0, 925.0, 682.0]
[16.0, 32.0, 862.0, 666.0]
[80.0, 0.0, 927.0, 635.0]
[0.0, 16.0, 848.0, 652.0]
[32.0, 32.0, 881.0, 669.0]
[128.0, 0.0, 978.0, 638.0]
[16.0, 0.0, 867.0, 638.0]
[144.0, 32.0, 996.0, 671.0]
[160.0, 32.0, 1013.0, 672.0]
[32.0, 0.0, 886.0, 640.0]
[112.0, 32.0, 967.0, 673.0]
[112.0, 0.0, 968.0, 642.0]
[80.0, 32.0, 937.0, 675.0]
[96.0, 0.0, 954.0, 644.0]
[96.0, 32.0, 955.0, 676.0]
[128.0, 16.0, 988.0, 661.0]
[80.0, 0.0, 941.0, 646.0]
[112.0, 0.0, 974.0, 646.0]
[48.0, 32.0, 911.0, 679.0]
[32.0, 0.0, 896.0, 648.0]
[0.0, 32.0, 865.0, 681.0]
[144.0, 0.0, 1010.0, 650.0]
[0.0, 0.0, 867.0, 650.0]
[96.0, 16.0, 964.0, 667.0]
[0.0, 16.0, 869.0, 668.0]
[144.0, 0.0, 1014.0, 652.0]
[48.0, 16.0, 919.0, 669.0]
[64.0, 0.0, 936.0, 654.0]
[32.0, 16.0, 905.0, 671.0]
[0.0, 0.0, 874.0, 656.0]
[48.0, 16.0, 923.0, 672.0]
[128.0, 16.0, 1004.0, 673.0]
[48.0, 16.0, 925.0, 674.0]
[64.0, 0.0, 942.0, 658.0]
[144.0, 0.0, 1023.0, 659.0]
[144.0, 16.0, 1024.0, 676.0]
[32.0, 0.0, 913.0, 661.0]
[128.0, 16.0, 1010.0, 678.0]
[96.0, 0.0, 979.0, 662.0]
[64.0, 16.0, 948.0, 679.0]
[96.0, 16.0, 981.0, 680.0]
[96.0, 0.0, 982.0, 664.0]
[16.0, 0.0, 903.0, 665.0]
[112.0, 16.0, 1000.0, 682.0]
[64.0, 0.0, 953.0, 667.0]
[80.0, 0.0, 970.0, 668.0]
[80.0, 0.0, 971.0, 668.0]
[128.0, 0.0, 1020.0, 669.0]
[48.0, 0.0, 941.0, 670.0]
[96.0, 0.0, 990.0, 670.0]
[64.0, 0.0, 959.0, 671.0]
[64.0, 0.0, 960.0, 672.0]
[48.0, 0.0, 945.0, 673.0]
[0.0, 0.0, 898.0, 674.0]
[32.0, 0.0, 931.0, 674.0]
[112.0, 0.0, 1012.0, 675.0]
[96.0, 0.0, 997.0, 676.0]
[32.0, 0.0, 934.0, 676.0]
[16.0, 0.0, 919.0, 677.0]
[0.0, 0.0, 904.0, 678.0]
[0.0, 0.0, 905.0, 679.0]
[16.0, 0.0, 922.0, 680.0]
[48.0, 0.0, 955.0, 680.0]
[16.0, 0.0, 924.0, 681.0]
[64.0, 0.0, 973.0, 682.0]
[0.0, 0.0, 910.0, 682.0]
[64.0, 0.0, 975.0, 683.0]
