[144.0, 32.0, 861.0, 570.0]
[224.0, 32.0, 942.0, 570.0]
[48.0, 32.0, 767.0, 571.0]
[192.0, 16.0, 912.0, 556.0]
[112.0, 16.0, 833.0, 557.0]
[208.0, 32.0, 930.0, 574.0]
[64.0, 0.0, 787.0, 542.0]
[272.0, 0.0, 996.0, 543.0]
[176.0, 0.0, 901.0, 544.0]
[272.0, 16.0, 998.0, 560.0]
[112.0, 0.0, 839.0, 545.0]
[80.0, 16.0, 808.0, 562.0]
[272.0, 0.0, 1001.0, 547.0]
[272.0, 16.0, 1002.0, 564.0]
[96.0, 0.0, 827.0, 548.0]
[112.0, 16.0, 844.0, 565.0]
[176.0, 0.0, 909.0, 550.0]
[272.0, 16.0, 1006.0, 566.0]
[32.0, 0.0, 767.0, 551.0]
[272.0, 16.0, 1008.0, 568.0]
[144.0, 16.0, 881.0, 569.0]
[256.0, 16.0, 994.0, 570.0]
[224.0, 0.0, 963.0, 554.0]
[160.0, 16.0, 900.0, 571.0]
[96.0, 16.0, 837.0, 572.0]
[144.0, 0.0, 886.0, 556.0]
[112.0, 16.0, 855.0, 573.0]
[112.0, 16.0, 856.0, 574.0]
[256.0, 0.0, 1001.0, 559.0]
[32.0, 0.0, 778.0, 560.0]
[176.0, 16.0, 923.0, 576.0]
[256.0, 0.0, 1004.0, 561.0]
[208.0, 0.0, 957.0, 562.0]
[128.0, 0.0, 878.0, 562.0]
[112.0, 0.0, 863.0, 563.0]
[224.0, 0.0, 976.0, 564.0]
[112.0, 0.0, 865.0, 565.0]
[176.0, 0.0, 930.0, 566.0]
[48.0, 0.0, 803.0, 566.0]
[112.0, 0.0, 868.0, 567.0]
[176.0, 0.0, 933.0, 568.0]
[112.0, 0.0, 870.0, 568.0]
[80.0, 0.0, 839.0, 569.0]
[64.0, 0.0, 824.0, 570.0]
[192.0, 0.0, 953.0, 571.0]
[64.0, 0.0, 826.0, 572.0]
[144.0, 0.0, 907.0, 572.0]
[192.0, 0.0, 956.0, 573.0]
[128.0, 0.0, 893.0, 574.0]
[208.0, 0.0, 974.0, 574.0]
[16.0, 0.0, 783.0, 575.0]
[112.0, 0.0, 880.0, 576.0]
[192.0, 0.0, 961.0, 577.0]
