[32.0, 128.0, 570.0, 845.0]
[0.0, 112.0, 538.0, 830.0]
[0.0, 64.0, 539.0, 783.0]
[80.0, 64.0, 620.0, 784.0]
[16.0, 128.0, 557.0, 849.0]
[16.0, 128.0, 558.0, 850.0]
[48.0, 80.0, 590.0, 803.0]
[0.0, 64.0, 543.0, 788.0]
[0.0, 64.0, 544.0, 789.0]
[32.0, 64.0, 576.0, 790.0]
[0.0, 48.0, 545.0, 775.0]
[0.0, 80.0, 546.0, 808.0]
[32.0, 64.0, 579.0, 793.0]
[32.0, 96.0, 580.0, 826.0]
[48.0, 96.0, 596.0, 827.0]
[32.0, 80.0, 581.0, 812.0]
[0.0, 16.0, 550.0, 749.0]
[32.0, 16.0, 582.0, 750.0]
[0.0, 16.0, 551.0, 751.0]
[80.0, 16.0, 632.0, 752.0]
[0.0, 112.0, 553.0, 849.0]
[32.0, 0.0, 586.0, 738.0]
[64.0, 0.0, 618.0, 739.0]
[48.0, 0.0, 603.0, 740.0]
[16.0, 96.0, 572.0, 837.0]
[64.0, 16.0, 620.0, 758.0]
[48.0, 0.0, 605.0, 743.0]
[16.0, 0.0, 574.0, 744.0]
[64.0, 32.0, 623.0, 777.0]
[64.0, 0.0, 624.0, 746.0]
[0.0, 32.0, 560.0, 779.0]
[0.0, 96.0, 561.0, 844.0]
[0.0, 32.0, 562.0, 781.0]
[0.0, 16.0, 562.0, 766.0]
[0.0, 96.0, 563.0, 847.0]
[16.0, 0.0, 580.0, 752.0]
[0.0, 32.0, 565.0, 785.0]
[64.0, 32.0, 630.0, 786.0]
[32.0, 32.0, 598.0, 787.0]
[32.0, 32.0, 599.0, 788.0]
[64.0, 48.0, 632.0, 805.0]
[32.0, 32.0, 600.0, 790.0]
[64.0, 0.0, 633.0, 759.0]
[16.0, 80.0, 586.0, 840.0]
[64.0, 0.0, 635.0, 761.0]
[48.0, 32.0, 620.0, 794.0]
[32.0, 80.0, 604.0, 843.0]
[16.0, 48.0, 589.0, 812.0]
[48.0, 16.0, 622.0, 781.0]
[32.0, 64.0, 606.0, 830.0]
[0.0, 64.0, 575.0, 831.0]
[0.0, 80.0, 576.0, 848.0]
[0.0, 64.0, 577.0, 833.0]
[0.0, 0.0, 578.0, 770.0]
[16.0, 16.0, 594.0, 787.0]
[32.0, 64.0, 611.0, 836.0]
[0.0, 0.0, 580.0, 773.0]
[48.0, 0.0, 628.0, 774.0]
[48.0, 0.0, 629.0, 775.0]
[16.0, 16.0, 598.0, 792.0]
[48.0, 32.0, 631.0, 809.0]
[16.0, 0.0, 600.0, 778.0]
[0.0, 16.0, 584.0, 795.0]
[0.0, 48.0, 585.0, 828.0]
[32.0, 16.0, 618.0, 797.0]
[48.0, 32.0, 634.0, 814.0]
[16.0, 32.0, 603.0, 815.0]
[16.0, 48.0, 604.0, 832.0]
[0.0, 64.0, 589.0, 849.0]
[16.0, 64.0, 606.0, 850.0]
[32.0, 48.0, 622.0, 835.0]
[16.0, 64.0, 607.0, 852.0]
[16.0, 0.0, 608.0, 789.0]
[32.0, 48.0, 624.0, 838.0]
[0.0, 16.0, 593.0, 807.0]
[32.0, 16.0, 626.0, 808.0]
[16.0, 16.0, 611.0, 809.0]
[16.0, 16.0, 612.0, 810.0]
[32.0, 48.0, 628.0, 843.0]
[32.0, 0.0, 629.0, 796.0]
[32.0, 48.0, 630.0, 845.0]
[32.0, 0.0, 630.0, 798.0]
[32.0, 32.0, 631.0, 831.0]
[32.0, 16.0, 632.0, 816.0]
[0.0, 16.0, 601.0, 817.0]
[16.0, 32.0, 618.0, 834.0]
[32.0, 48.0, 634.0, 851.0]
[16.0, 0.0, 619.0, 804.0]
[16.0, 16.0, 620.0, 821.0]
[0.0, 48.0, 604.0, 854.0]
[0.0, 0.0, 605.0, 807.0]
[16.0, 0.0, 622.0, 808.0]
[0.0, 0.0, 607.0, 809.0]
[16.0, 0.0, 624.0, 810.0]
[0.0, 0.0, 608.0, 811.0]
[16.0, 16.0, 625.0, 828.0]
[0.0, 16.0, 610.0, 829.0]
[0.0, 16.0, 610.0, 830.0]
[0.0, 16.0, 611.0, 831.0]
[16.0, 16.0, 628.0, 832.0]
