[288.0, 128.0, 1005.0, 666.0]
[304.0, 144.0, 1022.0, 682.0]
[208.0, 96.0, 927.0, 635.0]
[176.0, 112.0, 896.0, 652.0]
[288.0, 80.0, 1009.0, 621.0]
[240.0, 96.0, 962.0, 638.0]
[240.0, 80.0, 963.0, 622.0]
[240.0, 32.0, 964.0, 575.0]
[272.0, 96.0, 997.0, 640.0]
[224.0, 128.0, 950.0, 672.0]
[128.0, 96.0, 855.0, 641.0]
[144.0, 80.0, 872.0, 626.0]
[160.0, 96.0, 889.0, 643.0]
[272.0, 96.0, 1002.0, 644.0]
[176.0, 48.0, 907.0, 596.0]
[224.0, 16.0, 956.0, 565.0]
[144.0, 80.0, 877.0, 630.0]
[144.0, 80.0, 878.0, 630.0]
[256.0, 96.0, 991.0, 647.0]
[128.0, 80.0, 864.0, 632.0]
[256.0, 32.0, 993.0, 585.0]
[256.0, 96.0, 994.0, 650.0]
[128.0, 112.0, 867.0, 666.0]
[144.0, 96.0, 884.0, 651.0]
[160.0, 112.0, 901.0, 668.0]
[208.0, 32.0, 950.0, 588.0]
[240.0, 32.0, 983.0, 589.0]
[192.0, 16.0, 936.0, 574.0]
[208.0, 48.0, 953.0, 607.0]
[160.0, 112.0, 906.0, 672.0]
[144.0, 112.0, 891.0, 672.0]
[176.0, 48.0, 924.0, 609.0]
[176.0, 96.0, 925.0, 658.0]
[128.0, 96.0, 878.0, 658.0]
[272.0, 48.0, 1023.0, 611.0]
[144.0, 112.0, 896.0, 676.0]
[160.0, 80.0, 913.0, 645.0]
[240.0, 48.0, 994.0, 614.0]
[208.0, 0.0, 963.0, 566.0]
[256.0, 64.0, 1012.0, 631.0]
[208.0, 48.0, 965.0, 616.0]
[208.0, 16.0, 966.0, 584.0]
[160.0, 48.0, 919.0, 617.0]
[208.0, 48.0, 968.0, 618.0]
[176.0, 48.0, 937.0, 619.0]
[160.0, 96.0, 922.0, 668.0]
[176.0, 64.0, 939.0, 636.0]
[96.0, 80.0, 860.0, 653.0]
[192.0, 64.0, 957.0, 638.0]
[240.0, 0.0, 1006.0, 574.0]
[240.0, 64.0, 1007.0, 639.0]
[256.0, 48.0, 1024.0, 624.0]
[192.0, 96.0, 961.0, 673.0]
[192.0, 16.0, 962.0, 594.0]
[128.0, 96.0, 899.0, 674.0]
[208.0, 64.0, 980.0, 643.0]
[160.0, 48.0, 933.0, 628.0]
[208.0, 16.0, 982.0, 596.0]
[176.0, 80.0, 951.0, 661.0]
[112.0, 80.0, 888.0, 662.0]
[240.0, 32.0, 1017.0, 615.0]
[160.0, 32.0, 938.0, 616.0]
[176.0, 80.0, 955.0, 664.0]
[144.0, 64.0, 924.0, 649.0]
[240.0, 16.0, 1021.0, 602.0]
[240.0, 0.0, 1022.0, 586.0]
[176.0, 80.0, 959.0, 667.0]
[112.0, 96.0, 896.0, 684.0]
[80.0, 80.0, 865.0, 669.0]
[112.0, 48.0, 898.0, 638.0]
[96.0, 80.0, 883.0, 670.0]
[144.0, 64.0, 932.0, 655.0]
[208.0, 0.0, 997.0, 592.0]
[176.0, 0.0, 966.0, 592.0]
[112.0, 48.0, 903.0, 641.0]
[160.0, 48.0, 952.0, 642.0]
[160.0, 32.0, 953.0, 627.0]
[192.0, 48.0, 986.0, 644.0]
[208.0, 0.0, 1003.0, 596.0]
[208.0, 64.0, 1004.0, 661.0]
[96.0, 64.0, 893.0, 662.0]
[192.0, 80.0, 990.0, 678.0]
[208.0, 48.0, 1007.0, 647.0]
[144.0, 80.0, 944.0, 680.0]
[144.0, 16.0, 945.0, 617.0]
[208.0, 0.0, 1010.0, 602.0]
[176.0, 0.0, 979.0, 602.0]
[144.0, 32.0, 948.0, 635.0]
[208.0, 64.0, 1013.0, 668.0]
[192.0, 16.0, 998.0, 620.0]
[176.0, 16.0, 983.0, 621.0]
[160.0, 0.0, 968.0, 606.0]
[128.0, 32.0, 937.0, 639.0]
[144.0, 48.0, 954.0, 656.0]
[144.0, 48.0, 955.0, 656.0]
[208.0, 0.0, 1020.0, 609.0]
[144.0, 48.0, 957.0, 658.0]
[176.0, 48.0, 990.0, 658.0]
[160.0, 48.0, 975.0, 659.0]
[144.0, 16.0, 960.0, 628.0]
[176.0, 16.0, 993.0, 629.0]
[96.0, 48.0, 914.0, 662.0]
[128.0, 64.0, 947.0, 678.0]
[176.0, 48.0, 996.0, 663.0]
[112.0, 64.0, 933.0, 680.0]
[144.0, 32.0, 966.0, 648.0]
[96.0, 32.0, 919.0, 649.0]
[192.0, 0.0, 1016.0, 618.0]
[144.0, 64.0, 969.0, 683.0]
[192.0, 0.0, 1018.0, 620.0]
[176.0, 64.0, 1003.0, 684.0]
[192.0, 48.0, 1020.0, 669.0]
[128.0, 48.0, 957.0, 670.0]
[128.0, 0.0, 958.0, 622.0]
[144.0, 16.0, 975.0, 639.0]
[144.0, 32.0, 976.0, 656.0]
[112.0, 16.0, 945.0, 641.0]
[128.0, 0.0, 962.0, 626.0]
[96.0, 16.0, 931.0, 642.0]
[176.0, 0.0, 1012.0, 627.0]
[144.0, 32.0, 981.0, 660.0]
[128.0, 16.0, 966.0, 644.0]
[160.0, 32.0, 999.0, 661.0]
[160.0, 16.0, 1000.0, 646.0]
[176.0, 48.0, 1017.0, 679.0]
[96.0, 48.0, 938.0, 680.0]
[112.0, 16.0, 955.0, 648.0]
[96.0, 32.0, 940.0, 665.0]
[112.0, 48.0, 957.0, 682.0]
[160.0, 0.0, 1006.0, 634.0]
[176.0, 32.0, 1023.0, 667.0]
[96.0, 32.0, 944.0, 668.0]
[128.0, 0.0, 977.0, 637.0]
[112.0, 16.0, 962.0, 654.0]
[160.0, 0.0, 1011.0, 638.0]
[80.0, 16.0, 932.0, 655.0]
[128.0, 0.0, 981.0, 640.0]
[128.0, 32.0, 982.0, 672.0]
[96.0, 16.0, 951.0, 657.0]
[144.0, 0.0, 1000.0, 642.0]
[96.0, 32.0, 953.0, 675.0]
[160.0, 16.0, 1018.0, 660.0]
[80.0, 16.0, 939.0, 660.0]
[160.0, 16.0, 1020.0, 661.0]
[96.0, 32.0, 957.0, 678.0]
[80.0, 32.0, 942.0, 678.0]
[128.0, 16.0, 991.0, 663.0]
[112.0, 0.0, 976.0, 648.0]
[112.0, 0.0, 977.0, 649.0]
[128.0, 32.0, 994.0, 682.0]
[144.0, 0.0, 1011.0, 650.0]
[128.0, 0.0, 996.0, 651.0]
[128.0, 16.0, 997.0, 668.0]
[112.0, 32.0, 982.0, 684.0]
[96.0, 0.0, 967.0, 653.0]
[112.0, 0.0, 984.0, 654.0]
[96.0, 0.0, 969.0, 655.0]
[144.0, 16.0, 1018.0, 672.0]
[96.0, 0.0, 971.0, 656.0]
[80.0, 16.0, 956.0, 673.0]
[112.0, 0.0, 989.0, 658.0]
[80.0, 16.0, 958.0, 674.0]
[112.0, 16.0, 991.0, 675.0]
[96.0, 0.0, 976.0, 660.0]
[112.0, 0.0, 993.0, 661.0]
[96.0, 0.0, 978.0, 662.0]
[80.0, 16.0, 963.0, 678.0]
[112.0, 16.0, 996.0, 679.0]
[96.0, 0.0, 981.0, 664.0]
[96.0, 16.0, 982.0, 680.0]
[128.0, 16.0, 1015.0, 681.0]
[128.0, 16.0, 1016.0, 682.0]
[128.0, 0.0, 1017.0, 667.0]
[80.0, 0.0, 970.0, 668.0]
[128.0, 16.0, 1019.0, 684.0]
[80.0, 0.0, 972.0, 669.0]
[80.0, 0.0, 973.0, 670.0]
[128.0, 0.0, 1022.0, 670.0]
[112.0, 0.0, 1007.0, 671.0]
[128.0, 0.0, 1024.0, 672.0]
[80.0, 0.0, 977.0, 673.0]
[96.0, 0.0, 994.0, 674.0]
[80.0, 0.0, 979.0, 674.0]
[96.0, 0.0, 996.0, 675.0]
[96.0, 0.0, 997.0, 676.0]
[80.0, 0.0, 982.0, 676.0]
[112.0, 0.0, 1015.0, 677.0]
[96.0, 0.0, 1000.0, 678.0]
[112.0, 0.0, 1017.0, 679.0]
[96.0, 0.0, 1002.0, 680.0]
[112.0, 0.0, 1019.0, 680.0]
[80.0, 0.0, 988.0, 681.0]
[112.0, 0.0, 1021.0, 682.0]
[96.0, 0.0, 1006.0, 682.0]
[80.0, 0.0, 991.0, 683.0]
[112.0, 0.0, 1024.0, 684.0]
