[240.0, 80.0, 957.0, 618.0]
[192.0, 48.0, 910.0, 586.0]
[160.0, 64.0, 879.0, 603.0]
[176.0, 112.0, 896.0, 652.0]
[128.0, 96.0, 849.0, 637.0]
[128.0, 48.0, 850.0, 590.0]
[256.0, 112.0, 979.0, 654.0]
[160.0, 96.0, 884.0, 639.0]
[112.0, 96.0, 837.0, 640.0]
[176.0, 80.0, 902.0, 624.0]
[272.0, 80.0, 999.0, 625.0]
[192.0, 48.0, 920.0, 594.0]
[128.0, 32.0, 857.0, 579.0]
[112.0, 112.0, 842.0, 660.0]
[112.0, 64.0, 843.0, 612.0]
[272.0, 96.0, 1004.0, 645.0]
[272.0, 64.0, 1005.0, 614.0]
[112.0, 80.0, 846.0, 630.0]
[208.0, 16.0, 943.0, 567.0]
[240.0, 32.0, 976.0, 584.0]
[128.0, 80.0, 865.0, 633.0]
[224.0, 80.0, 962.0, 634.0]
[256.0, 32.0, 995.0, 586.0]
[224.0, 96.0, 964.0, 651.0]
[112.0, 96.0, 853.0, 652.0]
[256.0, 48.0, 998.0, 604.0]
[272.0, 64.0, 1015.0, 621.0]
[224.0, 32.0, 968.0, 590.0]
[96.0, 96.0, 841.0, 655.0]
[144.0, 96.0, 890.0, 656.0]
[112.0, 48.0, 859.0, 608.0]
[192.0, 32.0, 940.0, 593.0]
[160.0, 80.0, 909.0, 642.0]
[240.0, 16.0, 990.0, 578.0]
[240.0, 96.0, 991.0, 659.0]
[224.0, 112.0, 976.0, 676.0]
[128.0, 112.0, 881.0, 677.0]
[112.0, 80.0, 866.0, 646.0]
[192.0, 64.0, 947.0, 630.0]
[128.0, 0.0, 884.0, 567.0]
[160.0, 80.0, 917.0, 648.0]
[208.0, 64.0, 966.0, 632.0]
[240.0, 0.0, 999.0, 569.0]
[96.0, 48.0, 856.0, 618.0]
[240.0, 32.0, 1001.0, 603.0]
[144.0, 96.0, 906.0, 668.0]
[240.0, 48.0, 1003.0, 620.0]
[224.0, 0.0, 988.0, 573.0]
[192.0, 80.0, 957.0, 654.0]
[160.0, 0.0, 926.0, 574.0]
[192.0, 48.0, 959.0, 623.0]
[208.0, 80.0, 976.0, 656.0]
[144.0, 64.0, 913.0, 641.0]
[64.0, 32.0, 834.0, 610.0]
[64.0, 64.0, 835.0, 642.0]
[240.0, 32.0, 1012.0, 611.0]
[176.0, 64.0, 949.0, 644.0]
[240.0, 96.0, 1014.0, 676.0]
[192.0, 48.0, 967.0, 629.0]
[144.0, 64.0, 920.0, 646.0]
[96.0, 0.0, 873.0, 583.0]
[112.0, 64.0, 890.0, 648.0]
[176.0, 80.0, 955.0, 664.0]
[192.0, 96.0, 972.0, 681.0]
[112.0, 64.0, 893.0, 650.0]
[64.0, 32.0, 846.0, 618.0]
[112.0, 0.0, 895.0, 587.0]
[48.0, 32.0, 832.0, 620.0]
[80.0, 0.0, 865.0, 589.0]
[48.0, 48.0, 834.0, 638.0]
[224.0, 80.0, 1011.0, 670.0]
[128.0, 16.0, 916.0, 607.0]
[160.0, 64.0, 949.0, 656.0]
[160.0, 80.0, 950.0, 672.0]
[96.0, 80.0, 887.0, 673.0]
[192.0, 80.0, 984.0, 674.0]
[144.0, 16.0, 937.0, 611.0]
[192.0, 16.0, 986.0, 612.0]
[48.0, 32.0, 843.0, 628.0]
[192.0, 48.0, 988.0, 645.0]
[80.0, 16.0, 877.0, 614.0]
[224.0, 80.0, 1022.0, 678.0]
[64.0, 0.0, 863.0, 599.0]
[144.0, 64.0, 944.0, 664.0]
[96.0, 32.0, 897.0, 633.0]
[48.0, 32.0, 850.0, 634.0]
[192.0, 48.0, 995.0, 650.0]
[192.0, 48.0, 996.0, 651.0]
[80.0, 64.0, 885.0, 668.0]
[80.0, 0.0, 886.0, 604.0]
[144.0, 64.0, 951.0, 669.0]
[192.0, 48.0, 1000.0, 654.0]
[192.0, 0.0, 1001.0, 607.0]
[128.0, 16.0, 938.0, 624.0]
[144.0, 32.0, 955.0, 640.0]
[208.0, 16.0, 1020.0, 625.0]
[80.0, 64.0, 893.0, 674.0]
[96.0, 32.0, 910.0, 642.0]
[208.0, 0.0, 1023.0, 611.0]
[144.0, 16.0, 960.0, 628.0]
[176.0, 32.0, 993.0, 645.0]
[128.0, 64.0, 946.0, 678.0]
[128.0, 64.0, 947.0, 678.0]
[112.0, 16.0, 932.0, 631.0]
[48.0, 0.0, 869.0, 616.0]
[112.0, 64.0, 934.0, 680.0]
[192.0, 0.0, 1015.0, 617.0]
[80.0, 48.0, 904.0, 666.0]
[144.0, 32.0, 969.0, 651.0]
[80.0, 32.0, 906.0, 652.0]
[160.0, 48.0, 987.0, 668.0]
[80.0, 48.0, 908.0, 669.0]
[112.0, 32.0, 941.0, 654.0]
[144.0, 16.0, 974.0, 638.0]
[96.0, 16.0, 927.0, 639.0]
[160.0, 48.0, 992.0, 672.0]
[64.0, 48.0, 897.0, 673.0]
[112.0, 48.0, 946.0, 674.0]
[128.0, 32.0, 963.0, 658.0]
[32.0, 0.0, 868.0, 627.0]
[160.0, 32.0, 997.0, 660.0]
[32.0, 16.0, 870.0, 644.0]
[128.0, 48.0, 967.0, 677.0]
[144.0, 48.0, 984.0, 678.0]
[96.0, 32.0, 937.0, 663.0]
[128.0, 0.0, 970.0, 632.0]
[176.0, 0.0, 1019.0, 632.0]
[112.0, 32.0, 956.0, 665.0]
[176.0, 48.0, 1021.0, 682.0]
[160.0, 16.0, 1006.0, 650.0]
[160.0, 16.0, 1007.0, 651.0]
[48.0, 32.0, 896.0, 668.0]
[64.0, 32.0, 913.0, 669.0]
[32.0, 32.0, 882.0, 670.0]
[0.0, 32.0, 851.0, 670.0]
[0.0, 32.0, 852.0, 671.0]
[32.0, 16.0, 885.0, 656.0]
[96.0, 0.0, 950.0, 640.0]
[48.0, 16.0, 903.0, 657.0]
[64.0, 32.0, 920.0, 674.0]
[32.0, 16.0, 889.0, 659.0]
[32.0, 32.0, 890.0, 676.0]
[16.0, 16.0, 875.0, 660.0]
[64.0, 16.0, 924.0, 661.0]
[96.0, 16.0, 957.0, 662.0]
[16.0, 0.0, 878.0, 646.0]
[0.0, 32.0, 863.0, 679.0]
[80.0, 0.0, 944.0, 648.0]
[64.0, 16.0, 929.0, 665.0]
[144.0, 16.0, 1010.0, 666.0]
[144.0, 32.0, 1011.0, 682.0]
[80.0, 32.0, 948.0, 683.0]
[0.0, 0.0, 869.0, 652.0]
[128.0, 0.0, 998.0, 652.0]
[64.0, 16.0, 935.0, 669.0]
[96.0, 0.0, 968.0, 654.0]
[16.0, 0.0, 889.0, 655.0]
[0.0, 0.0, 874.0, 656.0]
[96.0, 0.0, 971.0, 656.0]
[96.0, 16.0, 972.0, 673.0]
[96.0, 0.0, 973.0, 658.0]
[0.0, 0.0, 878.0, 658.0]
[80.0, 0.0, 959.0, 659.0]
[128.0, 0.0, 1008.0, 660.0]
[32.0, 16.0, 913.0, 677.0]
[80.0, 16.0, 962.0, 678.0]
[16.0, 16.0, 899.0, 678.0]
[0.0, 0.0, 884.0, 663.0]
[0.0, 16.0, 885.0, 680.0]
[48.0, 16.0, 934.0, 680.0]
[48.0, 16.0, 935.0, 681.0]
[64.0, 16.0, 952.0, 682.0]
[48.0, 0.0, 937.0, 667.0]
[96.0, 0.0, 986.0, 668.0]
[0.0, 0.0, 891.0, 668.0]
[80.0, 0.0, 972.0, 669.0]
[64.0, 0.0, 957.0, 670.0]
[64.0, 0.0, 958.0, 670.0]
[32.0, 0.0, 927.0, 671.0]
[32.0, 0.0, 928.0, 672.0]
[32.0, 0.0, 929.0, 673.0]
[0.0, 0.0, 898.0, 674.0]
[0.0, 0.0, 899.0, 674.0]
[0.0, 0.0, 900.0, 675.0]
[96.0, 0.0, 997.0, 676.0]
[96.0, 0.0, 998.0, 676.0]
[0.0, 0.0, 903.0, 677.0]
[32.0, 0.0, 936.0, 678.0]
[96.0, 0.0, 1001.0, 679.0]
[0.0, 0.0, 906.0, 680.0]
[64.0, 0.0, 971.0, 680.0]
[112.0, 0.0, 1020.0, 681.0]
[32.0, 0.0, 941.0, 682.0]
[16.0, 0.0, 926.0, 682.0]
[16.0, 0.0, 927.0, 683.0]
