[96.0, 176.0, 936.0, 806.0]
[48.0, 176.0, 889.0, 807.0]
[128.0, 48.0, 970.0, 680.0]
[48.0, 176.0, 891.0, 808.0]
[80.0, 48.0, 924.0, 681.0]
[128.0, 128.0, 973.0, 762.0]
[64.0, 208.0, 910.0, 842.0]
[128.0, 96.0, 975.0, 731.0]
[96.0, 80.0, 944.0, 716.0]
[96.0, 128.0, 945.0, 765.0]
[96.0, 128.0, 946.0, 766.0]
[80.0, 48.0, 931.0, 686.0]
[144.0, 192.0, 996.0, 831.0]
[48.0, 208.0, 901.0, 848.0]
[64.0, 32.0, 918.0, 672.0]
[96.0, 96.0, 951.0, 737.0]
[32.0, 192.0, 888.0, 834.0]
[128.0, 144.0, 985.0, 787.0]
[112.0, 160.0, 970.0, 804.0]
[128.0, 144.0, 987.0, 788.0]
[80.0, 96.0, 940.0, 741.0]
[144.0, 64.0, 1005.0, 710.0]
[144.0, 176.0, 1006.0, 822.0]
[64.0, 208.0, 927.0, 855.0]
[32.0, 176.0, 896.0, 824.0]
[96.0, 192.0, 961.0, 841.0]
[64.0, 160.0, 930.0, 810.0]
[64.0, 112.0, 931.0, 762.0]
[96.0, 16.0, 964.0, 667.0]
[128.0, 80.0, 997.0, 732.0]
[112.0, 48.0, 982.0, 700.0]
[48.0, 192.0, 919.0, 845.0]
[112.0, 176.0, 984.0, 830.0]
[80.0, 16.0, 953.0, 671.0]
[16.0, 160.0, 890.0, 816.0]
[48.0, 112.0, 923.0, 768.0]
[96.0, 160.0, 972.0, 817.0]
[128.0, 96.0, 1005.0, 754.0]
[48.0, 96.0, 926.0, 754.0]
[0.0, 112.0, 879.0, 771.0]
[128.0, 144.0, 1008.0, 804.0]
[96.0, 16.0, 977.0, 677.0]
[96.0, 32.0, 978.0, 694.0]
[64.0, 64.0, 947.0, 726.0]
[64.0, 16.0, 948.0, 679.0]
[64.0, 176.0, 949.0, 840.0]
[48.0, 48.0, 934.0, 712.0]
[48.0, 176.0, 935.0, 841.0]
[128.0, 80.0, 1016.0, 746.0]
[80.0, 144.0, 969.0, 811.0]
[64.0, 160.0, 954.0, 828.0]
[112.0, 192.0, 1003.0, 860.0]
[64.0, 128.0, 956.0, 797.0]
[0.0, 64.0, 893.0, 734.0]
[0.0, 160.0, 894.0, 830.0]
[64.0, 144.0, 959.0, 815.0]
[128.0, 144.0, 1024.0, 816.0]
[0.0, 32.0, 897.0, 705.0]
[16.0, 128.0, 914.0, 802.0]
[48.0, 144.0, 947.0, 818.0]
[80.0, 176.0, 980.0, 851.0]
[64.0, 176.0, 965.0, 852.0]
[16.0, 144.0, 918.0, 820.0]
[48.0, 128.0, 951.0, 805.0]
[16.0, 16.0, 920.0, 694.0]
[80.0, 64.0, 985.0, 743.0]
[112.0, 112.0, 1018.0, 792.0]
[16.0, 64.0, 923.0, 744.0]
[48.0, 144.0, 956.0, 825.0]
[64.0, 176.0, 973.0, 858.0]
[32.0, 144.0, 942.0, 826.0]
[96.0, 48.0, 1007.0, 731.0]
[96.0, 144.0, 1008.0, 828.0]
[96.0, 96.0, 1009.0, 781.0]
[32.0, 144.0, 946.0, 830.0]
[0.0, 96.0, 915.0, 782.0]
[16.0, 48.0, 932.0, 735.0]
[48.0, 112.0, 965.0, 800.0]
[64.0, 128.0, 982.0, 816.0]
[64.0, 176.0, 983.0, 865.0]
[48.0, 16.0, 968.0, 706.0]
[16.0, 160.0, 937.0, 851.0]
[0.0, 64.0, 922.0, 756.0]
[16.0, 112.0, 939.0, 804.0]
[32.0, 96.0, 956.0, 789.0]
[16.0, 112.0, 941.0, 806.0]
[48.0, 176.0, 974.0, 870.0]
[48.0, 96.0, 975.0, 791.0]
[64.0, 32.0, 992.0, 728.0]
[0.0, 144.0, 929.0, 841.0]
[32.0, 32.0, 962.0, 730.0]
[16.0, 144.0, 947.0, 842.0]
[80.0, 48.0, 1012.0, 747.0]
[80.0, 80.0, 1013.0, 780.0]
[32.0, 128.0, 966.0, 828.0]
[16.0, 16.0, 951.0, 717.0]
[0.0, 144.0, 936.0, 846.0]
[80.0, 0.0, 1017.0, 703.0]
[64.0, 48.0, 1002.0, 752.0]
[64.0, 16.0, 1003.0, 720.0]
[48.0, 128.0, 988.0, 833.0]
[64.0, 160.0, 1005.0, 866.0]
[0.0, 144.0, 942.0, 850.0]
[80.0, 16.0, 1023.0, 723.0]
[32.0, 16.0, 976.0, 724.0]
[32.0, 32.0, 977.0, 741.0]
[16.0, 160.0, 962.0, 870.0]
[16.0, 64.0, 963.0, 774.0]
[48.0, 112.0, 996.0, 823.0]
[32.0, 144.0, 981.0, 856.0]
[16.0, 16.0, 966.0, 728.0]
[16.0, 16.0, 967.0, 729.0]
[32.0, 128.0, 984.0, 842.0]
[16.0, 160.0, 969.0, 875.0]
[0.0, 16.0, 954.0, 732.0]
[0.0, 80.0, 955.0, 796.0]
[64.0, 144.0, 1020.0, 861.0]
[0.0, 160.0, 957.0, 878.0]
[16.0, 0.0, 974.0, 718.0]
[0.0, 80.0, 959.0, 799.0]
[48.0, 0.0, 1008.0, 720.0]
[48.0, 32.0, 1009.0, 753.0]
[16.0, 128.0, 978.0, 850.0]
[32.0, 112.0, 995.0, 834.0]
[16.0, 48.0, 980.0, 771.0]
[48.0, 64.0, 1013.0, 788.0]
[0.0, 32.0, 966.0, 756.0]
[16.0, 16.0, 983.0, 741.0]
[32.0, 96.0, 1000.0, 822.0]
[0.0, 32.0, 969.0, 759.0]
[0.0, 112.0, 970.0, 840.0]
[0.0, 128.0, 971.0, 856.0]
[0.0, 48.0, 972.0, 777.0]
[0.0, 48.0, 973.0, 778.0]
[32.0, 96.0, 1006.0, 826.0]
[32.0, 48.0, 1007.0, 779.0]
[16.0, 144.0, 992.0, 876.0]
[32.0, 80.0, 1009.0, 813.0]
[16.0, 64.0, 994.0, 798.0]
[0.0, 48.0, 979.0, 782.0]
[16.0, 64.0, 996.0, 799.0]
[32.0, 96.0, 1013.0, 832.0]
[16.0, 48.0, 998.0, 784.0]
[16.0, 16.0, 999.0, 753.0]
[32.0, 16.0, 1016.0, 754.0]
[16.0, 80.0, 1001.0, 819.0]
[0.0, 32.0, 986.0, 772.0]
[16.0, 16.0, 1003.0, 756.0]
[0.0, 48.0, 988.0, 789.0]
[32.0, 96.0, 1021.0, 838.0]
[0.0, 32.0, 990.0, 774.0]
[0.0, 16.0, 991.0, 759.0]
[32.0, 96.0, 1024.0, 840.0]
[16.0, 0.0, 1009.0, 745.0]
[16.0, 80.0, 1010.0, 826.0]
[0.0, 16.0, 995.0, 762.0]
[0.0, 16.0, 996.0, 763.0]
[0.0, 112.0, 997.0, 860.0]
[16.0, 112.0, 1014.0, 860.0]
[16.0, 112.0, 1015.0, 861.0]
[0.0, 112.0, 1000.0, 862.0]
[16.0, 96.0, 1017.0, 847.0]
[0.0, 0.0, 1002.0, 752.0]
[16.0, 48.0, 1019.0, 800.0]
[16.0, 32.0, 1020.0, 785.0]
[0.0, 0.0, 1005.0, 754.0]
[0.0, 64.0, 1006.0, 818.0]
[0.0, 80.0, 1007.0, 835.0]
[0.0, 112.0, 1008.0, 868.0]
[0.0, 80.0, 1009.0, 837.0]
[0.0, 112.0, 1010.0, 870.0]
[0.0, 32.0, 1011.0, 790.0]
[0.0, 0.0, 1012.0, 759.0]
[0.0, 64.0, 1013.0, 824.0]
[0.0, 80.0, 1014.0, 840.0]
[0.0, 96.0, 1015.0, 857.0]
[0.0, 112.0, 1016.0, 874.0]
[0.0, 112.0, 1017.0, 875.0]
[0.0, 16.0, 1018.0, 780.0]
[0.0, 16.0, 1019.0, 780.0]
[0.0, 16.0, 1020.0, 781.0]
[0.0, 64.0, 1021.0, 830.0]
[0.0, 48.0, 1022.0, 814.0]
[0.0, 80.0, 1023.0, 847.0]
[0.0, 96.0, 1024.0, 864.0]
