[96.0, 128.0, 813.0, 666.0]
[96.0, 64.0, 814.0, 602.0]
[96.0, 144.0, 815.0, 683.0]
[96.0, 80.0, 816.0, 620.0]
[144.0, 112.0, 865.0, 653.0]
[112.0, 96.0, 834.0, 638.0]
[128.0, 64.0, 851.0, 606.0]
[128.0, 32.0, 852.0, 575.0]
[64.0, 16.0, 789.0, 560.0]
[144.0, 80.0, 870.0, 624.0]
[160.0, 96.0, 887.0, 641.0]
[80.0, 16.0, 808.0, 562.0]
[64.0, 112.0, 793.0, 659.0]
[48.0, 48.0, 778.0, 596.0]
[176.0, 112.0, 907.0, 660.0]
[48.0, 32.0, 780.0, 581.0]
[32.0, 64.0, 765.0, 614.0]
[32.0, 48.0, 766.0, 598.0]
[64.0, 128.0, 799.0, 679.0]
[160.0, 48.0, 896.0, 600.0]
[112.0, 112.0, 849.0, 665.0]
[16.0, 48.0, 754.0, 602.0]
[112.0, 64.0, 851.0, 618.0]
[112.0, 128.0, 852.0, 683.0]
[80.0, 96.0, 821.0, 652.0]
[128.0, 48.0, 870.0, 604.0]
[64.0, 32.0, 807.0, 589.0]
[128.0, 80.0, 872.0, 638.0]
[48.0, 0.0, 793.0, 559.0]
[48.0, 16.0, 794.0, 576.0]
[48.0, 32.0, 795.0, 592.0]
[48.0, 48.0, 796.0, 609.0]
[96.0, 80.0, 845.0, 642.0]
[128.0, 112.0, 878.0, 674.0]
[48.0, 0.0, 799.0, 563.0]
[16.0, 96.0, 768.0, 660.0]
[96.0, 16.0, 849.0, 581.0]
[128.0, 48.0, 882.0, 614.0]
[64.0, 80.0, 819.0, 646.0]
[144.0, 48.0, 900.0, 615.0]
[48.0, 16.0, 805.0, 584.0]
[64.0, 16.0, 822.0, 584.0]
[64.0, 0.0, 823.0, 569.0]
[112.0, 96.0, 872.0, 666.0]
[0.0, 64.0, 761.0, 635.0]
[128.0, 16.0, 890.0, 588.0]
[64.0, 0.0, 827.0, 572.0]
[112.0, 80.0, 876.0, 653.0]
[32.0, 0.0, 797.0, 574.0]
[48.0, 32.0, 814.0, 606.0]
[128.0, 64.0, 895.0, 639.0]
[160.0, 48.0, 928.0, 624.0]
[112.0, 0.0, 881.0, 577.0]
[80.0, 64.0, 850.0, 642.0]
[48.0, 48.0, 819.0, 626.0]
[16.0, 32.0, 788.0, 611.0]
[112.0, 32.0, 885.0, 612.0]
[96.0, 32.0, 870.0, 612.0]
[0.0, 80.0, 775.0, 661.0]
[80.0, 96.0, 856.0, 678.0]
[32.0, 16.0, 809.0, 599.0]
[80.0, 16.0, 858.0, 600.0]
[112.0, 80.0, 891.0, 664.0]
[112.0, 0.0, 892.0, 585.0]
[112.0, 16.0, 893.0, 602.0]
[176.0, 32.0, 958.0, 618.0]
[64.0, 16.0, 847.0, 603.0]
[112.0, 48.0, 896.0, 636.0]
[112.0, 16.0, 897.0, 605.0]
[112.0, 0.0, 898.0, 590.0]
[32.0, 64.0, 819.0, 654.0]
[112.0, 32.0, 900.0, 623.0]
[48.0, 80.0, 837.0, 672.0]
[16.0, 16.0, 806.0, 608.0]
[112.0, 32.0, 903.0, 625.0]
[64.0, 64.0, 856.0, 658.0]
[160.0, 16.0, 953.0, 611.0]
[96.0, 16.0, 890.0, 612.0]
[16.0, 64.0, 811.0, 660.0]
[96.0, 64.0, 892.0, 661.0]
[48.0, 64.0, 845.0, 662.0]
[112.0, 32.0, 910.0, 630.0]
[160.0, 16.0, 959.0, 615.0]
[80.0, 32.0, 880.0, 632.0]
[80.0, 48.0, 881.0, 649.0]
[32.0, 16.0, 834.0, 618.0]
[32.0, 0.0, 835.0, 602.0]
[0.0, 64.0, 804.0, 667.0]
[128.0, 16.0, 933.0, 620.0]
[0.0, 16.0, 806.0, 620.0]
[48.0, 48.0, 855.0, 653.0]
[112.0, 32.0, 920.0, 638.0]
[128.0, 64.0, 937.0, 671.0]
[128.0, 48.0, 938.0, 656.0]
[112.0, 16.0, 923.0, 624.0]
[112.0, 48.0, 924.0, 657.0]
[32.0, 0.0, 845.0, 610.0]
[48.0, 32.0, 862.0, 642.0]
[16.0, 64.0, 831.0, 675.0]
[128.0, 32.0, 944.0, 644.0]
[16.0, 64.0, 833.0, 677.0]
[48.0, 32.0, 866.0, 646.0]
[32.0, 16.0, 851.0, 630.0]
[96.0, 0.0, 916.0, 615.0]
[64.0, 32.0, 885.0, 648.0]
[64.0, 48.0, 886.0, 664.0]
[48.0, 64.0, 871.0, 681.0]
[64.0, 48.0, 888.0, 666.0]
[16.0, 32.0, 841.0, 651.0]
[96.0, 16.0, 922.0, 636.0]
[16.0, 16.0, 843.0, 636.0]
[48.0, 32.0, 876.0, 653.0]
[176.0, 32.0, 1005.0, 654.0]
[16.0, 0.0, 846.0, 622.0]
[48.0, 48.0, 879.0, 671.0]
[176.0, 32.0, 1008.0, 656.0]
[48.0, 32.0, 881.0, 657.0]
[144.0, 32.0, 978.0, 658.0]
[160.0, 32.0, 995.0, 658.0]
[144.0, 16.0, 980.0, 643.0]
[112.0, 48.0, 949.0, 676.0]
[144.0, 16.0, 982.0, 644.0]
[160.0, 32.0, 999.0, 661.0]
[32.0, 32.0, 872.0, 662.0]
[128.0, 32.0, 969.0, 663.0]
[48.0, 48.0, 890.0, 680.0]
[112.0, 0.0, 955.0, 632.0]
[80.0, 16.0, 924.0, 649.0]
[32.0, 48.0, 877.0, 682.0]
[64.0, 0.0, 910.0, 634.0]
[96.0, 48.0, 943.0, 683.0]
[112.0, 0.0, 960.0, 636.0]
[64.0, 32.0, 913.0, 669.0]
[144.0, 0.0, 994.0, 638.0]
[128.0, 32.0, 979.0, 670.0]
[96.0, 0.0, 948.0, 639.0]
[144.0, 0.0, 997.0, 640.0]
[48.0, 16.0, 902.0, 656.0]
[112.0, 0.0, 967.0, 641.0]
[128.0, 16.0, 984.0, 658.0]
[112.0, 0.0, 969.0, 643.0]
[128.0, 16.0, 986.0, 660.0]
[112.0, 32.0, 971.0, 676.0]
[160.0, 16.0, 1020.0, 661.0]
[16.0, 32.0, 877.0, 678.0]
[112.0, 16.0, 974.0, 662.0]
[0.0, 0.0, 863.0, 647.0]
[48.0, 0.0, 912.0, 648.0]
[48.0, 16.0, 913.0, 665.0]
[128.0, 0.0, 994.0, 650.0]
[32.0, 32.0, 899.0, 682.0]
[112.0, 32.0, 980.0, 683.0]
[64.0, 32.0, 933.0, 684.0]
[32.0, 16.0, 902.0, 668.0]
[96.0, 0.0, 967.0, 653.0]
[48.0, 16.0, 920.0, 670.0]
[128.0, 16.0, 1001.0, 671.0]
[128.0, 0.0, 1002.0, 656.0]
[16.0, 0.0, 891.0, 656.0]
[64.0, 0.0, 940.0, 657.0]
[32.0, 16.0, 909.0, 674.0]
[0.0, 0.0, 878.0, 658.0]
[64.0, 0.0, 943.0, 659.0]
[64.0, 16.0, 944.0, 676.0]
[96.0, 0.0, 977.0, 661.0]
[112.0, 0.0, 994.0, 662.0]
[48.0, 0.0, 931.0, 662.0]
[32.0, 16.0, 916.0, 679.0]
[16.0, 0.0, 901.0, 664.0]
[128.0, 16.0, 1014.0, 680.0]
[80.0, 16.0, 967.0, 681.0]
[128.0, 0.0, 1016.0, 666.0]
[112.0, 16.0, 1001.0, 683.0]
[16.0, 16.0, 906.0, 684.0]
[112.0, 0.0, 1003.0, 668.0]
[64.0, 0.0, 956.0, 669.0]
[0.0, 0.0, 893.0, 670.0]
[112.0, 0.0, 1006.0, 670.0]
[80.0, 0.0, 975.0, 671.0]
[32.0, 0.0, 928.0, 672.0]
[80.0, 0.0, 977.0, 673.0]
[32.0, 0.0, 930.0, 674.0]
[48.0, 0.0, 947.0, 674.0]
[32.0, 0.0, 932.0, 675.0]
[0.0, 0.0, 901.0, 676.0]
[112.0, 0.0, 1014.0, 676.0]
[80.0, 0.0, 983.0, 677.0]
