[80.0, 64.0, 797.0, 602.0]
[32.0, 176.0, 750.0, 714.0]
[96.0, 160.0, 815.0, 699.0]
[32.0, 144.0, 752.0, 684.0]
[64.0, 144.0, 785.0, 685.0]
[48.0, 80.0, 770.0, 622.0]
[80.0, 48.0, 803.0, 590.0]
[48.0, 96.0, 772.0, 639.0]
[80.0, 80.0, 805.0, 624.0]
[64.0, 128.0, 790.0, 672.0]
[112.0, 112.0, 839.0, 657.0]
[16.0, 112.0, 744.0, 658.0]
[112.0, 80.0, 841.0, 627.0]
[96.0, 128.0, 826.0, 676.0]
[32.0, 96.0, 763.0, 644.0]
[16.0, 128.0, 748.0, 677.0]
[32.0, 112.0, 765.0, 662.0]
[112.0, 144.0, 846.0, 694.0]
[16.0, 48.0, 751.0, 599.0]
[112.0, 144.0, 848.0, 696.0]
[48.0, 0.0, 785.0, 553.0]
[48.0, 32.0, 786.0, 586.0]
[64.0, 48.0, 803.0, 602.0]
[96.0, 144.0, 836.0, 699.0]
[48.0, 160.0, 789.0, 716.0]
[96.0, 96.0, 838.0, 652.0]
[32.0, 32.0, 775.0, 589.0]
[0.0, 96.0, 744.0, 654.0]
[80.0, 32.0, 825.0, 591.0]
[80.0, 176.0, 826.0, 736.0]
[0.0, 128.0, 747.0, 688.0]
[64.0, 64.0, 812.0, 625.0]
[96.0, 112.0, 845.0, 674.0]
[80.0, 112.0, 830.0, 674.0]
[0.0, 96.0, 751.0, 659.0]
[0.0, 96.0, 752.0, 660.0]
[112.0, 112.0, 865.0, 677.0]
[32.0, 32.0, 786.0, 598.0]
[80.0, 64.0, 835.0, 630.0]
[48.0, 0.0, 804.0, 567.0]
[16.0, 80.0, 773.0, 648.0]
[48.0, 64.0, 806.0, 632.0]
[64.0, 112.0, 823.0, 681.0]
[112.0, 128.0, 872.0, 698.0]
[64.0, 160.0, 825.0, 731.0]
[48.0, 96.0, 810.0, 668.0]
[48.0, 160.0, 811.0, 732.0]
[32.0, 96.0, 796.0, 669.0]
[16.0, 64.0, 781.0, 638.0]
[48.0, 112.0, 814.0, 686.0]
[32.0, 0.0, 799.0, 575.0]
[16.0, 144.0, 784.0, 720.0]
[80.0, 64.0, 849.0, 641.0]
[32.0, 32.0, 802.0, 610.0]
[32.0, 96.0, 803.0, 674.0]
[32.0, 128.0, 804.0, 707.0]
[80.0, 64.0, 853.0, 644.0]
[32.0, 80.0, 806.0, 660.0]
[32.0, 96.0, 807.0, 677.0]
[80.0, 96.0, 856.0, 678.0]
[0.0, 112.0, 777.0, 695.0]
[96.0, 112.0, 874.0, 696.0]
[80.0, 0.0, 859.0, 584.0]
[48.0, 112.0, 828.0, 697.0]
[0.0, 128.0, 781.0, 714.0]
[64.0, 80.0, 846.0, 666.0]
[96.0, 64.0, 879.0, 651.0]
[0.0, 128.0, 784.0, 716.0]
[96.0, 96.0, 881.0, 685.0]
[80.0, 64.0, 866.0, 654.0]
[64.0, 64.0, 851.0, 654.0]
[48.0, 128.0, 836.0, 719.0]
[64.0, 144.0, 853.0, 736.0]
[96.0, 80.0, 886.0, 672.0]
[32.0, 96.0, 823.0, 689.0]
[16.0, 0.0, 808.0, 594.0]
[16.0, 64.0, 809.0, 659.0]
[0.0, 32.0, 794.0, 628.0]
[80.0, 0.0, 875.0, 596.0]
[16.0, 96.0, 812.0, 693.0]
[48.0, 64.0, 845.0, 662.0]
[80.0, 32.0, 878.0, 630.0]
[64.0, 16.0, 863.0, 615.0]
[64.0, 112.0, 864.0, 712.0]
[80.0, 112.0, 881.0, 713.0]
[0.0, 16.0, 802.0, 618.0]
[64.0, 80.0, 867.0, 682.0]
[80.0, 128.0, 884.0, 731.0]
[80.0, 48.0, 885.0, 652.0]
[96.0, 80.0, 902.0, 684.0]
[64.0, 48.0, 871.0, 653.0]
[0.0, 48.0, 808.0, 654.0]
[16.0, 64.0, 825.0, 671.0]
[64.0, 16.0, 874.0, 624.0]
[64.0, 112.0, 875.0, 720.0]
[32.0, 16.0, 844.0, 625.0]
[16.0, 48.0, 829.0, 658.0]
[112.0, 32.0, 926.0, 642.0]
[64.0, 80.0, 879.0, 691.0]
[32.0, 64.0, 848.0, 676.0]
[64.0, 48.0, 881.0, 661.0]
[96.0, 16.0, 914.0, 630.0]
[16.0, 112.0, 835.0, 726.0]
[64.0, 16.0, 884.0, 631.0]
[64.0, 112.0, 885.0, 728.0]
[32.0, 80.0, 854.0, 696.0]
[16.0, 0.0, 839.0, 617.0]
[48.0, 16.0, 872.0, 634.0]
[64.0, 112.0, 889.0, 731.0]
[0.0, 48.0, 826.0, 668.0]
[64.0, 48.0, 891.0, 668.0]
[32.0, 48.0, 860.0, 669.0]
[64.0, 64.0, 893.0, 686.0]
[0.0, 32.0, 830.0, 654.0]
[16.0, 112.0, 847.0, 735.0]
[32.0, 64.0, 864.0, 688.0]
[32.0, 80.0, 865.0, 705.0]
[0.0, 112.0, 834.0, 738.0]
[96.0, 32.0, 931.0, 658.0]
[0.0, 48.0, 836.0, 675.0]
[80.0, 48.0, 917.0, 676.0]
[32.0, 48.0, 870.0, 676.0]
[48.0, 80.0, 887.0, 709.0]
[80.0, 32.0, 920.0, 662.0]
[32.0, 64.0, 873.0, 695.0]
[96.0, 80.0, 938.0, 712.0]
[112.0, 32.0, 955.0, 664.0]
[0.0, 96.0, 844.0, 729.0]
[112.0, 48.0, 957.0, 682.0]
[112.0, 48.0, 958.0, 682.0]
[0.0, 0.0, 847.0, 635.0]
[64.0, 80.0, 912.0, 716.0]
[64.0, 0.0, 913.0, 637.0]
[32.0, 32.0, 882.0, 670.0]
[32.0, 48.0, 883.0, 686.0]
[80.0, 16.0, 932.0, 655.0]
[0.0, 48.0, 853.0, 688.0]
[80.0, 96.0, 934.0, 736.0]
[48.0, 16.0, 903.0, 657.0]
[0.0, 0.0, 856.0, 642.0]
[32.0, 16.0, 889.0, 659.0]
[0.0, 0.0, 858.0, 644.0]
[0.0, 64.0, 859.0, 708.0]
[80.0, 0.0, 940.0, 645.0]
[32.0, 16.0, 893.0, 662.0]
[80.0, 48.0, 942.0, 694.0]
[32.0, 64.0, 895.0, 711.0]
[48.0, 16.0, 912.0, 664.0]
[80.0, 64.0, 945.0, 713.0]
[48.0, 48.0, 914.0, 698.0]
[0.0, 80.0, 867.0, 730.0]
[96.0, 16.0, 964.0, 667.0]
[16.0, 48.0, 885.0, 700.0]
[32.0, 48.0, 902.0, 700.0]
[64.0, 0.0, 935.0, 653.0]
[32.0, 48.0, 904.0, 702.0]
[48.0, 0.0, 921.0, 655.0]
[48.0, 32.0, 922.0, 688.0]
[48.0, 48.0, 923.0, 704.0]
[32.0, 80.0, 908.0, 737.0]
[96.0, 64.0, 973.0, 722.0]
[96.0, 16.0, 974.0, 674.0]
[48.0, 80.0, 927.0, 739.0]
[112.0, 32.0, 992.0, 692.0]
[48.0, 48.0, 929.0, 709.0]
[80.0, 32.0, 962.0, 694.0]
[112.0, 48.0, 995.0, 710.0]
[64.0, 0.0, 948.0, 663.0]
[64.0, 16.0, 949.0, 680.0]
[64.0, 16.0, 950.0, 680.0]
[80.0, 16.0, 967.0, 681.0]
[16.0, 32.0, 904.0, 698.0]
[80.0, 32.0, 969.0, 699.0]
[0.0, 16.0, 890.0, 684.0]
[96.0, 48.0, 987.0, 716.0]
[16.0, 32.0, 908.0, 701.0]
[0.0, 32.0, 893.0, 702.0]
[64.0, 16.0, 958.0, 686.0]
[96.0, 16.0, 991.0, 687.0]
[48.0, 48.0, 944.0, 720.0]
[80.0, 16.0, 977.0, 689.0]
[80.0, 16.0, 978.0, 690.0]
[48.0, 16.0, 947.0, 690.0]
[32.0, 64.0, 932.0, 739.0]
[64.0, 0.0, 965.0, 676.0]
[32.0, 32.0, 934.0, 708.0]
[64.0, 48.0, 967.0, 725.0]
[80.0, 16.0, 984.0, 694.0]
[48.0, 48.0, 953.0, 727.0]
[0.0, 32.0, 906.0, 712.0]
[48.0, 48.0, 955.0, 728.0]
[80.0, 16.0, 988.0, 697.0]
[0.0, 32.0, 909.0, 714.0]
[0.0, 48.0, 910.0, 730.0]
[80.0, 0.0, 991.0, 683.0]
[16.0, 48.0, 928.0, 732.0]
[80.0, 0.0, 993.0, 685.0]
[16.0, 16.0, 930.0, 702.0]
[64.0, 16.0, 979.0, 702.0]
[48.0, 0.0, 964.0, 687.0]
[16.0, 32.0, 933.0, 720.0]
[0.0, 48.0, 918.0, 736.0]
[96.0, 32.0, 1015.0, 721.0]
[48.0, 32.0, 968.0, 722.0]
[32.0, 32.0, 953.0, 723.0]
[48.0, 0.0, 970.0, 692.0]
[80.0, 16.0, 1003.0, 708.0]
[16.0, 32.0, 940.0, 725.0]
[0.0, 16.0, 925.0, 710.0]
[48.0, 16.0, 974.0, 710.0]
[0.0, 0.0, 927.0, 695.0]
[16.0, 0.0, 944.0, 696.0]
[48.0, 0.0, 977.0, 697.0]
[80.0, 0.0, 1010.0, 698.0]
[48.0, 32.0, 979.0, 730.0]
[0.0, 32.0, 932.0, 731.0]
[64.0, 0.0, 997.0, 700.0]
[64.0, 32.0, 998.0, 732.0]
[48.0, 0.0, 983.0, 701.0]
[48.0, 32.0, 984.0, 734.0]
[16.0, 16.0, 953.0, 719.0]
[80.0, 0.0, 1018.0, 704.0]
[64.0, 32.0, 1003.0, 736.0]
[80.0, 16.0, 1020.0, 721.0]
[64.0, 0.0, 1005.0, 706.0]
[16.0, 16.0, 958.0, 722.0]
[32.0, 0.0, 975.0, 707.0]
[16.0, 16.0, 960.0, 724.0]
[48.0, 16.0, 993.0, 725.0]
[16.0, 0.0, 962.0, 710.0]
[16.0, 0.0, 963.0, 710.0]
[64.0, 0.0, 1012.0, 711.0]
[32.0, 0.0, 981.0, 712.0]
[64.0, 16.0, 1014.0, 728.0]
[16.0, 0.0, 967.0, 713.0]
[48.0, 16.0, 1000.0, 730.0]
[0.0, 0.0, 953.0, 715.0]
[48.0, 16.0, 1002.0, 732.0]
[32.0, 0.0, 987.0, 716.0]
[64.0, 0.0, 1020.0, 717.0]
[16.0, 16.0, 973.0, 734.0]
[64.0, 16.0, 1022.0, 734.0]
[16.0, 0.0, 975.0, 719.0]
[0.0, 16.0, 960.0, 736.0]
[32.0, 0.0, 993.0, 721.0]
[48.0, 16.0, 1010.0, 738.0]
[0.0, 0.0, 963.0, 722.0]
[32.0, 0.0, 996.0, 723.0]
[0.0, 0.0, 965.0, 724.0]
[16.0, 0.0, 982.0, 724.0]
[48.0, 0.0, 1015.0, 725.0]
[16.0, 0.0, 984.0, 726.0]
[16.0, 0.0, 985.0, 727.0]
[32.0, 0.0, 1002.0, 728.0]
[0.0, 0.0, 971.0, 728.0]
[48.0, 0.0, 1020.0, 729.0]
[16.0, 0.0, 989.0, 730.0]
[32.0, 0.0, 1006.0, 730.0]
[32.0, 0.0, 1007.0, 731.0]
[48.0, 0.0, 1024.0, 732.0]
[32.0, 0.0, 1009.0, 733.0]
[16.0, 0.0, 994.0, 734.0]
[0.0, 0.0, 979.0, 734.0]
[32.0, 0.0, 1012.0, 735.0]
[16.0, 0.0, 997.0, 736.0]
[32.0, 0.0, 1014.0, 736.0]
[0.0, 0.0, 983.0, 737.0]
[0.0, 0.0, 984.0, 738.0]
[16.0, 0.0, 1001.0, 739.0]
