[64.0, 128.0, 673.0, 940.0]
[80.0, 96.0, 690.0, 909.0]
[80.0, 112.0, 690.0, 926.0]
[96.0, 80.0, 707.0, 895.0]
[96.0, 112.0, 708.0, 928.0]
[144.0, 80.0, 757.0, 897.0]
[64.0, 112.0, 678.0, 930.0]
[80.0, 128.0, 694.0, 947.0]
[80.0, 128.0, 695.0, 948.0]
[96.0, 112.0, 712.0, 933.0]
[96.0, 64.0, 712.0, 886.0]
[96.0, 160.0, 713.0, 983.0]
[64.0, 128.0, 682.0, 952.0]
[80.0, 96.0, 699.0, 921.0]
[112.0, 112.0, 732.0, 938.0]
[80.0, 64.0, 700.0, 891.0]
[128.0, 112.0, 749.0, 940.0]
[64.0, 96.0, 686.0, 925.0]
[96.0, 160.0, 718.0, 990.0]
[32.0, 32.0, 655.0, 863.0]
[144.0, 48.0, 768.0, 880.0]
[160.0, 80.0, 785.0, 913.0]
[80.0, 64.0, 706.0, 898.0]
[112.0, 64.0, 738.0, 899.0]
[144.0, 80.0, 771.0, 916.0]
[48.0, 64.0, 676.0, 901.0]
[80.0, 48.0, 708.0, 886.0]
[64.0, 144.0, 693.0, 983.0]
[32.0, 144.0, 662.0, 984.0]
[64.0, 64.0, 695.0, 905.0]
[96.0, 32.0, 728.0, 874.0]
[112.0, 96.0, 744.0, 939.0]
[128.0, 64.0, 761.0, 908.0]
[64.0, 48.0, 698.0, 893.0]
[128.0, 112.0, 762.0, 958.0]
[64.0, 48.0, 699.0, 895.0]
[64.0, 16.0, 700.0, 864.0]
[96.0, 32.0, 733.0, 881.0]
[128.0, 64.0, 766.0, 914.0]
[128.0, 0.0, 766.0, 851.0]
[144.0, 144.0, 783.0, 996.0]
[96.0, 64.0, 736.0, 917.0]
[160.0, 80.0, 800.0, 934.0]
[144.0, 160.0, 785.0, 1015.0]
[128.0, 16.0, 770.0, 872.0]
[112.0, 144.0, 755.0, 1001.0]
[96.0, 16.0, 740.0, 874.0]
[80.0, 128.0, 724.0, 987.0]
[80.0, 48.0, 725.0, 908.0]
[160.0, 64.0, 806.0, 925.0]
[48.0, 112.0, 694.0, 974.0]
[16.0, 16.0, 663.0, 879.0]
[48.0, 64.0, 696.0, 928.0]
[96.0, 80.0, 745.0, 945.0]
[112.0, 0.0, 762.0, 866.0]
[160.0, 48.0, 810.0, 915.0]
[128.0, 64.0, 779.0, 932.0]
[80.0, 48.0, 732.0, 917.0]
[160.0, 112.0, 812.0, 982.0]
[96.0, 144.0, 749.0, 1015.0]
[48.0, 128.0, 702.0, 1000.0]
[48.0, 32.0, 703.0, 905.0]
[0.0, 112.0, 656.0, 986.0]
[32.0, 96.0, 688.0, 971.0]
[80.0, 64.0, 737.0, 940.0]
[96.0, 128.0, 754.0, 1005.0]
[144.0, 16.0, 802.0, 894.0]
[0.0, 16.0, 659.0, 895.0]
[16.0, 112.0, 676.0, 992.0]
[128.0, 0.0, 789.0, 881.0]
[16.0, 48.0, 678.0, 930.0]
[144.0, 80.0, 806.0, 963.0]
[128.0, 64.0, 791.0, 948.0]
[0.0, 16.0, 664.0, 901.0]
[80.0, 96.0, 744.0, 982.0]
[48.0, 128.0, 713.0, 1015.0]
[32.0, 80.0, 698.0, 968.0]
[144.0, 32.0, 811.0, 921.0]
[0.0, 48.0, 668.0, 938.0]
[0.0, 64.0, 668.0, 955.0]
[80.0, 64.0, 749.0, 956.0]
[112.0, 112.0, 782.0, 1005.0]
[16.0, 32.0, 686.0, 926.0]
[128.0, 0.0, 799.0, 895.0]
[16.0, 112.0, 688.0, 1008.0]
[144.0, 64.0, 817.0, 961.0]
[32.0, 0.0, 706.0, 898.0]
[128.0, 112.0, 802.0, 1011.0]
[0.0, 0.0, 675.0, 900.0]
[64.0, 96.0, 740.0, 997.0]
[64.0, 0.0, 740.0, 902.0]
[48.0, 64.0, 725.0, 967.0]
[0.0, 0.0, 678.0, 904.0]
[128.0, 64.0, 807.0, 969.0]
[16.0, 0.0, 696.0, 906.0]
[64.0, 16.0, 744.0, 923.0]
[112.0, 80.0, 793.0, 988.0]
[48.0, 0.0, 730.0, 909.0]
[0.0, 112.0, 682.0, 1022.0]
[32.0, 96.0, 715.0, 1007.0]
[0.0, 64.0, 684.0, 976.0]
[112.0, 48.0, 797.0, 961.0]
[64.0, 96.0, 750.0, 1010.0]
[16.0, 32.0, 702.0, 947.0]
[32.0, 96.0, 719.0, 1012.0]
[128.0, 80.0, 816.0, 997.0]
[32.0, 16.0, 720.0, 934.0]
[80.0, 16.0, 769.0, 935.0]
[64.0, 0.0, 754.0, 920.0]
[80.0, 96.0, 771.0, 1017.0]
[128.0, 48.0, 820.0, 970.0]
[112.0, 0.0, 804.0, 923.0]
[96.0, 48.0, 789.0, 972.0]
[48.0, 96.0, 742.0, 1021.0]
[16.0, 32.0, 710.0, 958.0]
[0.0, 80.0, 695.0, 1007.0]
[112.0, 96.0, 808.0, 1024.0]
[80.0, 0.0, 777.0, 929.0]
[48.0, 80.0, 746.0, 1010.0]
[96.0, 32.0, 794.0, 963.0]
[0.0, 64.0, 699.0, 996.0]
[80.0, 48.0, 780.0, 981.0]
[80.0, 64.0, 780.0, 998.0]
[48.0, 64.0, 749.0, 999.0]
[48.0, 64.0, 750.0, 1000.0]
[112.0, 16.0, 815.0, 953.0]
[32.0, 32.0, 736.0, 970.0]
[64.0, 48.0, 768.0, 987.0]
[16.0, 64.0, 721.0, 1004.0]
[80.0, 64.0, 786.0, 1005.0]
[32.0, 16.0, 738.0, 958.0]
[96.0, 16.0, 803.0, 959.0]
[112.0, 16.0, 820.0, 960.0]
[80.0, 16.0, 789.0, 961.0]
[64.0, 64.0, 774.0, 1010.0]
[48.0, 16.0, 758.0, 963.0]
[96.0, 32.0, 807.0, 980.0]
[0.0, 16.0, 712.0, 965.0]
[16.0, 64.0, 728.0, 1014.0]
[48.0, 0.0, 761.0, 951.0]
[48.0, 64.0, 762.0, 1016.0]
[16.0, 48.0, 731.0, 1001.0]
[32.0, 32.0, 748.0, 986.0]
[64.0, 64.0, 780.0, 1019.0]
[32.0, 64.0, 749.0, 1020.0]
[80.0, 48.0, 798.0, 1005.0]
[64.0, 32.0, 782.0, 990.0]
[64.0, 0.0, 783.0, 959.0]
[80.0, 16.0, 800.0, 976.0]
[0.0, 48.0, 721.0, 1009.0]
[0.0, 0.0, 722.0, 962.0]
[80.0, 16.0, 802.0, 979.0]
[64.0, 48.0, 787.0, 1012.0]
[80.0, 48.0, 804.0, 1013.0]
[0.0, 0.0, 724.0, 966.0]
[48.0, 48.0, 773.0, 1015.0]
[64.0, 16.0, 790.0, 984.0]
[32.0, 0.0, 759.0, 969.0]
[16.0, 48.0, 744.0, 1018.0]
[0.0, 0.0, 728.0, 971.0]
[80.0, 16.0, 809.0, 988.0]
[32.0, 16.0, 762.0, 989.0]
[32.0, 32.0, 762.0, 1006.0]
[0.0, 48.0, 731.0, 1023.0]
[64.0, 16.0, 796.0, 992.0]
[80.0, 0.0, 813.0, 977.0]
[48.0, 32.0, 782.0, 1010.0]
[0.0, 0.0, 734.0, 979.0]
[80.0, 0.0, 815.0, 980.0]
[0.0, 16.0, 736.0, 997.0]
[0.0, 32.0, 736.0, 1014.0]
[64.0, 32.0, 801.0, 1015.0]
[64.0, 0.0, 802.0, 984.0]
[32.0, 32.0, 771.0, 1017.0]
[48.0, 0.0, 788.0, 986.0]
[0.0, 0.0, 740.0, 987.0]
[16.0, 32.0, 757.0, 1020.0]
[16.0, 16.0, 758.0, 1005.0]
[16.0, 32.0, 758.0, 1022.0]
[16.0, 16.0, 759.0, 1007.0]
[48.0, 16.0, 792.0, 1008.0]
[16.0, 0.0, 761.0, 993.0]
[64.0, 0.0, 810.0, 994.0]
[64.0, 0.0, 810.0, 995.0]
[48.0, 16.0, 795.0, 1012.0]
[16.0, 0.0, 764.0, 997.0]
[48.0, 0.0, 796.0, 998.0]
[48.0, 0.0, 797.0, 999.0]
[16.0, 0.0, 766.0, 1000.0]
[0.0, 16.0, 751.0, 1017.0]
[16.0, 16.0, 768.0, 1018.0]
[32.0, 16.0, 784.0, 1019.0]
[32.0, 16.0, 785.0, 1020.0]
[48.0, 0.0, 802.0, 1005.0]
[32.0, 16.0, 786.0, 1022.0]
[0.0, 16.0, 755.0, 1023.0]
[0.0, 0.0, 756.0, 1008.0]
[0.0, 0.0, 757.0, 1009.0]
[16.0, 0.0, 774.0, 1010.0]
[48.0, 0.0, 806.0, 1011.0]
[48.0, 0.0, 807.0, 1012.0]
[32.0, 0.0, 792.0, 1013.0]
[0.0, 0.0, 760.0, 1014.0]
[0.0, 0.0, 761.0, 1015.0]
[32.0, 0.0, 794.0, 1016.0]
[48.0, 0.0, 811.0, 1017.0]
[48.0, 0.0, 812.0, 1018.0]
[48.0, 0.0, 812.0, 1019.0]
[48.0, 0.0, 813.0, 1020.0]
[0.0, 0.0, 766.0, 1021.0]
[32.0, 0.0, 798.0, 1022.0]
[0.0, 0.0, 767.0, 1023.0]
[48.0, 0.0, 816.0, 1024.0]
