[176.0, 192.0, 893.0, 730.0]
[112.0, 176.0, 830.0, 714.0]
[176.0, 128.0, 895.0, 667.0]
[240.0, 192.0, 960.0, 732.0]
[112.0, 112.0, 833.0, 653.0]
[144.0, 144.0, 866.0, 686.0]
[224.0, 144.0, 947.0, 686.0]
[224.0, 144.0, 948.0, 687.0]
[80.0, 144.0, 805.0, 688.0]
[176.0, 160.0, 902.0, 704.0]
[112.0, 160.0, 839.0, 705.0]
[176.0, 144.0, 904.0, 690.0]
[112.0, 160.0, 841.0, 707.0]
[144.0, 176.0, 874.0, 724.0]
[128.0, 176.0, 859.0, 724.0]
[160.0, 192.0, 892.0, 741.0]
[240.0, 176.0, 973.0, 726.0]
[208.0, 176.0, 942.0, 726.0]
[128.0, 96.0, 863.0, 647.0]
[288.0, 128.0, 1024.0, 680.0]
[112.0, 176.0, 849.0, 729.0]
[128.0, 96.0, 866.0, 650.0]
[144.0, 192.0, 883.0, 746.0]
[80.0, 144.0, 820.0, 699.0]
[256.0, 112.0, 997.0, 668.0]
[224.0, 192.0, 966.0, 748.0]
[224.0, 128.0, 967.0, 685.0]
[208.0, 112.0, 952.0, 670.0]
[224.0, 160.0, 969.0, 719.0]
[192.0, 144.0, 938.0, 704.0]
[192.0, 96.0, 939.0, 656.0]
[144.0, 96.0, 892.0, 657.0]
[272.0, 112.0, 1021.0, 674.0]
[224.0, 192.0, 974.0, 754.0]
[272.0, 144.0, 1023.0, 707.0]
[96.0, 96.0, 848.0, 660.0]
[224.0, 96.0, 977.0, 661.0]
[240.0, 112.0, 994.0, 678.0]
[112.0, 128.0, 867.0, 694.0]
[240.0, 176.0, 996.0, 743.0]
[80.0, 160.0, 837.0, 728.0]
[176.0, 160.0, 934.0, 728.0]
[240.0, 176.0, 999.0, 745.0]
[176.0, 112.0, 936.0, 682.0]
[112.0, 176.0, 873.0, 747.0]
[192.0, 80.0, 954.0, 652.0]
[80.0, 112.0, 843.0, 684.0]
[224.0, 64.0, 988.0, 637.0]
[256.0, 96.0, 1021.0, 670.0]
[160.0, 80.0, 926.0, 654.0]
[144.0, 160.0, 911.0, 735.0]
[160.0, 144.0, 928.0, 720.0]
[96.0, 144.0, 865.0, 721.0]
[224.0, 80.0, 994.0, 658.0]
[112.0, 80.0, 883.0, 658.0]
[144.0, 96.0, 916.0, 675.0]
[176.0, 80.0, 949.0, 660.0]
[208.0, 96.0, 982.0, 676.0]
[144.0, 64.0, 919.0, 645.0]
[80.0, 80.0, 856.0, 662.0]
[96.0, 144.0, 873.0, 727.0]
[224.0, 160.0, 1002.0, 744.0]
[128.0, 112.0, 907.0, 696.0]
[224.0, 64.0, 1004.0, 649.0]
[80.0, 80.0, 861.0, 666.0]
[144.0, 48.0, 926.0, 634.0]
[128.0, 48.0, 911.0, 635.0]
[128.0, 112.0, 912.0, 700.0]
[96.0, 144.0, 881.0, 733.0]
[176.0, 112.0, 962.0, 702.0]
[112.0, 80.0, 899.0, 670.0]
[176.0, 112.0, 964.0, 703.0]
[192.0, 160.0, 981.0, 752.0]
[96.0, 128.0, 886.0, 720.0]
[96.0, 96.0, 887.0, 689.0]
[224.0, 128.0, 1016.0, 722.0]
[112.0, 160.0, 905.0, 755.0]
[112.0, 128.0, 906.0, 724.0]
[224.0, 112.0, 1019.0, 708.0]
[176.0, 96.0, 972.0, 693.0]
[176.0, 144.0, 973.0, 742.0]
[112.0, 48.0, 910.0, 646.0]
[224.0, 80.0, 1023.0, 679.0]
[96.0, 64.0, 896.0, 664.0]
[80.0, 112.0, 881.0, 713.0]
[112.0, 80.0, 914.0, 682.0]
[128.0, 64.0, 931.0, 666.0]
[80.0, 144.0, 884.0, 747.0]
[80.0, 144.0, 885.0, 748.0]
[176.0, 144.0, 982.0, 748.0]
[144.0, 96.0, 951.0, 701.0]
[192.0, 112.0, 1000.0, 718.0]
[160.0, 80.0, 969.0, 687.0]
[80.0, 80.0, 890.0, 688.0]
[176.0, 80.0, 987.0, 688.0]
[208.0, 144.0, 1020.0, 753.0]
[192.0, 48.0, 1005.0, 658.0]
[144.0, 128.0, 958.0, 738.0]
[208.0, 128.0, 1023.0, 739.0]
[176.0, 96.0, 992.0, 708.0]
[80.0, 128.0, 897.0, 741.0]
[144.0, 16.0, 962.0, 630.0]
[96.0, 64.0, 915.0, 678.0]
[128.0, 64.0, 948.0, 679.0]
[128.0, 32.0, 949.0, 648.0]
[192.0, 112.0, 1014.0, 728.0]
[192.0, 112.0, 1015.0, 729.0]
[112.0, 128.0, 936.0, 746.0]
[128.0, 80.0, 953.0, 699.0]
[128.0, 128.0, 954.0, 748.0]
[192.0, 80.0, 1019.0, 700.0]
[128.0, 64.0, 956.0, 685.0]
[112.0, 112.0, 941.0, 734.0]
[80.0, 48.0, 910.0, 670.0]
[144.0, 112.0, 975.0, 735.0]
[160.0, 48.0, 992.0, 672.0]
[112.0, 32.0, 945.0, 657.0]
[176.0, 112.0, 1010.0, 738.0]
[80.0, 48.0, 915.0, 674.0]
[80.0, 128.0, 916.0, 755.0]
[160.0, 128.0, 997.0, 756.0]
[80.0, 128.0, 918.0, 756.0]
[128.0, 48.0, 967.0, 677.0]
[176.0, 48.0, 1016.0, 678.0]
[128.0, 96.0, 969.0, 727.0]
[128.0, 32.0, 970.0, 664.0]
[96.0, 80.0, 939.0, 712.0]
[144.0, 48.0, 988.0, 681.0]
[160.0, 112.0, 1005.0, 746.0]
[96.0, 16.0, 942.0, 650.0]
[176.0, 112.0, 1023.0, 747.0]
[80.0, 112.0, 928.0, 748.0]
[112.0, 32.0, 961.0, 669.0]
[80.0, 64.0, 930.0, 702.0]
[144.0, 96.0, 995.0, 734.0]
[128.0, 16.0, 980.0, 655.0]
[96.0, 48.0, 949.0, 688.0]
[96.0, 96.0, 950.0, 736.0]
[112.0, 16.0, 967.0, 657.0]
[144.0, 0.0, 1000.0, 642.0]
[112.0, 80.0, 969.0, 723.0]
[144.0, 48.0, 1002.0, 692.0]
[144.0, 64.0, 1003.0, 708.0]
[128.0, 16.0, 988.0, 661.0]
[112.0, 48.0, 973.0, 694.0]
[128.0, 64.0, 990.0, 710.0]
[80.0, 48.0, 943.0, 695.0]
[112.0, 16.0, 976.0, 664.0]
[80.0, 80.0, 945.0, 729.0]
[112.0, 32.0, 978.0, 682.0]
[128.0, 48.0, 995.0, 698.0]
[96.0, 48.0, 964.0, 699.0]
[144.0, 32.0, 1013.0, 684.0]
[112.0, 64.0, 982.0, 716.0]
[112.0, 0.0, 983.0, 653.0]
[144.0, 0.0, 1016.0, 654.0]
[128.0, 0.0, 1001.0, 655.0]
[96.0, 80.0, 970.0, 736.0]
[80.0, 80.0, 955.0, 736.0]
[112.0, 16.0, 988.0, 673.0]
[128.0, 0.0, 1005.0, 658.0]
[80.0, 32.0, 958.0, 690.0]
[96.0, 0.0, 975.0, 659.0]
[112.0, 64.0, 992.0, 724.0]
[112.0, 32.0, 993.0, 693.0]
[96.0, 48.0, 978.0, 710.0]
[96.0, 80.0, 979.0, 742.0]
[128.0, 0.0, 1012.0, 663.0]
[128.0, 16.0, 1013.0, 680.0]
[128.0, 32.0, 1014.0, 696.0]
[80.0, 64.0, 967.0, 729.0]
[96.0, 48.0, 984.0, 714.0]
[112.0, 80.0, 1001.0, 747.0]
[112.0, 32.0, 1002.0, 700.0]
[112.0, 48.0, 1003.0, 716.0]
[112.0, 32.0, 1004.0, 701.0]
[96.0, 48.0, 989.0, 718.0]
[96.0, 0.0, 990.0, 670.0]
[128.0, 0.0, 1023.0, 671.0]
[80.0, 0.0, 976.0, 672.0]
[112.0, 80.0, 1009.0, 753.0]
[112.0, 32.0, 1010.0, 706.0]
[80.0, 32.0, 979.0, 706.0]
[80.0, 80.0, 980.0, 755.0]
[80.0, 48.0, 981.0, 724.0]
[96.0, 0.0, 998.0, 676.0]
[96.0, 16.0, 999.0, 693.0]
[96.0, 32.0, 1000.0, 710.0]
