[192.0, 96.0, 933.0, 652.0]
[224.0, 96.0, 966.0, 652.0]
[80.0, 32.0, 823.0, 589.0]
[208.0, 96.0, 952.0, 654.0]
[208.0, 64.0, 953.0, 623.0]
[224.0, 64.0, 970.0, 624.0]
[176.0, 32.0, 923.0, 592.0]
[80.0, 96.0, 828.0, 657.0]
[96.0, 80.0, 845.0, 642.0]
[64.0, 48.0, 814.0, 610.0]
[64.0, 64.0, 815.0, 627.0]
[128.0, 32.0, 880.0, 596.0]
[80.0, 80.0, 833.0, 645.0]
[160.0, 48.0, 914.0, 614.0]
[224.0, 48.0, 979.0, 614.0]
[208.0, 48.0, 964.0, 615.0]
[128.0, 32.0, 885.0, 600.0]
[128.0, 48.0, 886.0, 616.0]
[32.0, 64.0, 791.0, 633.0]
[64.0, 48.0, 824.0, 618.0]
[208.0, 32.0, 969.0, 603.0]
[128.0, 64.0, 890.0, 636.0]
[176.0, 16.0, 939.0, 588.0]
[64.0, 48.0, 828.0, 621.0]
[32.0, 64.0, 797.0, 638.0]
[144.0, 96.0, 910.0, 670.0]
[48.0, 16.0, 815.0, 591.0]
[208.0, 48.0, 976.0, 624.0]
[64.0, 80.0, 833.0, 657.0]
[144.0, 96.0, 914.0, 674.0]
[160.0, 64.0, 931.0, 642.0]
[128.0, 48.0, 900.0, 627.0]
[192.0, 48.0, 965.0, 628.0]
[160.0, 48.0, 934.0, 628.0]
[240.0, 32.0, 1015.0, 613.0]
[192.0, 48.0, 968.0, 630.0]
[80.0, 96.0, 857.0, 679.0]
[208.0, 48.0, 986.0, 632.0]
[48.0, 80.0, 827.0, 664.0]
[176.0, 96.0, 956.0, 681.0]
[240.0, 64.0, 1021.0, 650.0]
[144.0, 80.0, 926.0, 666.0]
[208.0, 16.0, 991.0, 603.0]
[160.0, 48.0, 944.0, 636.0]
[144.0, 0.0, 929.0, 589.0]
[192.0, 0.0, 978.0, 590.0]
[192.0, 48.0, 979.0, 638.0]
[208.0, 48.0, 996.0, 639.0]
[208.0, 64.0, 997.0, 656.0]
[224.0, 80.0, 1014.0, 672.0]
[80.0, 48.0, 871.0, 641.0]
[208.0, 48.0, 1000.0, 642.0]
[112.0, 48.0, 905.0, 643.0]
[0.0, 32.0, 794.0, 628.0]
[192.0, 48.0, 987.0, 644.0]
[192.0, 80.0, 988.0, 677.0]
[224.0, 32.0, 1021.0, 630.0]
[144.0, 48.0, 942.0, 646.0]
[160.0, 80.0, 959.0, 679.0]
[80.0, 0.0, 880.0, 600.0]
[80.0, 32.0, 881.0, 633.0]
[80.0, 32.0, 882.0, 634.0]
[160.0, 48.0, 963.0, 650.0]
[32.0, 16.0, 836.0, 619.0]
[80.0, 32.0, 885.0, 636.0]
[160.0, 0.0, 966.0, 604.0]
[208.0, 0.0, 1015.0, 605.0]
[48.0, 32.0, 856.0, 638.0]
[128.0, 0.0, 937.0, 607.0]
[32.0, 32.0, 842.0, 640.0]
[192.0, 48.0, 1003.0, 656.0]
[48.0, 0.0, 860.0, 609.0]
[0.0, 16.0, 813.0, 626.0]
[64.0, 48.0, 878.0, 658.0]
[80.0, 16.0, 895.0, 627.0]
[64.0, 32.0, 880.0, 644.0]
[80.0, 64.0, 897.0, 677.0]
[112.0, 48.0, 930.0, 662.0]
[128.0, 16.0, 947.0, 630.0]
[144.0, 16.0, 964.0, 631.0]
[144.0, 16.0, 965.0, 632.0]
[80.0, 0.0, 902.0, 616.0]
[64.0, 0.0, 887.0, 617.0]
[64.0, 64.0, 888.0, 682.0]
[32.0, 16.0, 857.0, 635.0]
[96.0, 16.0, 922.0, 636.0]
[80.0, 16.0, 907.0, 636.0]
[48.0, 32.0, 876.0, 653.0]
[128.0, 32.0, 957.0, 654.0]
[48.0, 0.0, 878.0, 622.0]
[160.0, 32.0, 991.0, 655.0]
[160.0, 48.0, 992.0, 672.0]
[176.0, 32.0, 1009.0, 657.0]
[112.0, 32.0, 946.0, 658.0]
[160.0, 0.0, 995.0, 626.0]
[0.0, 0.0, 836.0, 627.0]
[16.0, 32.0, 853.0, 660.0]
[80.0, 32.0, 918.0, 660.0]
[16.0, 16.0, 855.0, 645.0]
[176.0, 16.0, 1016.0, 646.0]
[0.0, 16.0, 841.0, 647.0]
[128.0, 0.0, 970.0, 632.0]
[0.0, 0.0, 843.0, 632.0]
[16.0, 0.0, 860.0, 633.0]
[96.0, 0.0, 941.0, 634.0]
[80.0, 32.0, 926.0, 666.0]
[96.0, 32.0, 943.0, 667.0]
[80.0, 32.0, 928.0, 668.0]
[128.0, 32.0, 977.0, 669.0]
[96.0, 16.0, 946.0, 654.0]
[96.0, 0.0, 947.0, 638.0]
[16.0, 0.0, 868.0, 639.0]
[144.0, 16.0, 997.0, 656.0]
[144.0, 16.0, 998.0, 656.0]
[64.0, 16.0, 919.0, 657.0]
[112.0, 32.0, 968.0, 674.0]
[80.0, 0.0, 937.0, 643.0]
[112.0, 32.0, 970.0, 676.0]
[32.0, 0.0, 891.0, 644.0]
[16.0, 16.0, 876.0, 661.0]
[80.0, 32.0, 941.0, 678.0]
[16.0, 32.0, 878.0, 678.0]
[80.0, 16.0, 943.0, 663.0]
[48.0, 0.0, 912.0, 648.0]
[96.0, 32.0, 961.0, 681.0]
[144.0, 16.0, 1010.0, 666.0]
[64.0, 0.0, 931.0, 650.0]
[16.0, 16.0, 884.0, 667.0]
[48.0, 16.0, 917.0, 668.0]
[64.0, 0.0, 934.0, 652.0]
[128.0, 16.0, 999.0, 669.0]
[96.0, 16.0, 968.0, 670.0]
[16.0, 0.0, 889.0, 655.0]
[80.0, 0.0, 954.0, 656.0]
[128.0, 16.0, 1003.0, 672.0]
[0.0, 16.0, 876.0, 673.0]
[32.0, 0.0, 909.0, 658.0]
[64.0, 16.0, 942.0, 674.0]
[32.0, 0.0, 911.0, 659.0]
[80.0, 16.0, 960.0, 676.0]
[128.0, 16.0, 1009.0, 677.0]
[64.0, 16.0, 946.0, 678.0]
[0.0, 16.0, 883.0, 678.0]
[0.0, 0.0, 884.0, 663.0]
[64.0, 16.0, 949.0, 680.0]
[48.0, 0.0, 934.0, 664.0]
[80.0, 16.0, 967.0, 681.0]
[16.0, 0.0, 904.0, 666.0]
[48.0, 0.0, 937.0, 667.0]
[96.0, 0.0, 986.0, 668.0]
[112.0, 0.0, 1003.0, 668.0]
[96.0, 0.0, 988.0, 669.0]
[128.0, 0.0, 1021.0, 670.0]
[112.0, 0.0, 1006.0, 670.0]
[64.0, 0.0, 959.0, 671.0]
[112.0, 0.0, 1008.0, 672.0]
[0.0, 0.0, 897.0, 673.0]
[80.0, 0.0, 978.0, 674.0]
[48.0, 0.0, 947.0, 674.0]
[112.0, 0.0, 1012.0, 675.0]
[64.0, 0.0, 965.0, 676.0]
[112.0, 0.0, 1014.0, 676.0]
[64.0, 0.0, 967.0, 677.0]
[112.0, 0.0, 1016.0, 678.0]
[0.0, 0.0, 905.0, 679.0]
[16.0, 0.0, 922.0, 680.0]
[0.0, 0.0, 907.0, 680.0]
[48.0, 0.0, 956.0, 681.0]
[96.0, 0.0, 1005.0, 682.0]
[0.0, 0.0, 910.0, 682.0]
[96.0, 0.0, 1007.0, 683.0]
