[240.0, 16.0, 957.0, 554.0]
[272.0, 48.0, 990.0, 586.0]
[208.0, 48.0, 927.0, 587.0]
[208.0, 32.0, 928.0, 572.0]
[272.0, 16.0, 993.0, 557.0]
[256.0, 0.0, 978.0, 542.0]
[240.0, 80.0, 963.0, 622.0]
[272.0, 64.0, 996.0, 607.0]
[240.0, 48.0, 965.0, 592.0]
[192.0, 32.0, 918.0, 576.0]
[272.0, 80.0, 999.0, 625.0]
[240.0, 64.0, 968.0, 610.0]
[256.0, 64.0, 985.0, 611.0]
[256.0, 80.0, 986.0, 628.0]
[288.0, 64.0, 1019.0, 612.0]
[256.0, 0.0, 988.0, 549.0]
[192.0, 0.0, 925.0, 550.0]
[288.0, 48.0, 1022.0, 598.0]
[272.0, 0.0, 1007.0, 551.0]
[288.0, 64.0, 1024.0, 616.0]
[256.0, 32.0, 993.0, 585.0]
[272.0, 48.0, 1010.0, 602.0]
[240.0, 48.0, 979.0, 602.0]
[256.0, 80.0, 996.0, 635.0]
[256.0, 80.0, 997.0, 636.0]
[208.0, 16.0, 950.0, 572.0]
[256.0, 64.0, 999.0, 621.0]
[224.0, 48.0, 968.0, 606.0]
[176.0, 16.0, 921.0, 575.0]
[240.0, 48.0, 986.0, 608.0]
[208.0, 16.0, 955.0, 576.0]
[192.0, 16.0, 940.0, 577.0]
[176.0, 0.0, 925.0, 562.0]
[224.0, 64.0, 974.0, 626.0]
[224.0, 64.0, 975.0, 627.0]
[192.0, 0.0, 944.0, 564.0]
[208.0, 32.0, 961.0, 597.0]
[176.0, 0.0, 930.0, 566.0]
[176.0, 0.0, 931.0, 566.0]
[176.0, 16.0, 932.0, 583.0]
[192.0, 32.0, 949.0, 600.0]
[208.0, 32.0, 966.0, 600.0]
[224.0, 32.0, 983.0, 601.0]
[192.0, 0.0, 952.0, 570.0]
[176.0, 0.0, 937.0, 571.0]
[192.0, 0.0, 954.0, 572.0]
[240.0, 16.0, 1003.0, 588.0]
[224.0, 64.0, 988.0, 637.0]
[256.0, 32.0, 1021.0, 606.0]
[192.0, 16.0, 958.0, 590.0]
[192.0, 16.0, 959.0, 591.0]
[176.0, 0.0, 944.0, 576.0]
[192.0, 16.0, 961.0, 593.0]
[224.0, 48.0, 994.0, 626.0]
[208.0, 16.0, 979.0, 594.0]
[224.0, 0.0, 996.0, 579.0]
[192.0, 0.0, 965.0, 580.0]
[224.0, 0.0, 998.0, 580.0]
[176.0, 0.0, 951.0, 581.0]
[208.0, 0.0, 984.0, 582.0]
[176.0, 16.0, 953.0, 599.0]
[192.0, 32.0, 970.0, 616.0]
[208.0, 0.0, 987.0, 584.0]
[240.0, 48.0, 1020.0, 633.0]
[176.0, 32.0, 957.0, 618.0]
[192.0, 48.0, 974.0, 634.0]
[192.0, 0.0, 975.0, 587.0]
[176.0, 16.0, 960.0, 604.0]
[192.0, 0.0, 977.0, 589.0]
[208.0, 48.0, 994.0, 638.0]
[208.0, 32.0, 995.0, 622.0]
[224.0, 32.0, 1012.0, 623.0]
[176.0, 16.0, 965.0, 608.0]
[176.0, 32.0, 966.0, 624.0]
[176.0, 16.0, 967.0, 609.0]
[224.0, 16.0, 1016.0, 610.0]
[224.0, 16.0, 1017.0, 611.0]
[208.0, 16.0, 1002.0, 612.0]
[192.0, 0.0, 987.0, 596.0]
[192.0, 16.0, 988.0, 613.0]
[192.0, 16.0, 989.0, 614.0]
[176.0, 0.0, 974.0, 598.0]
[224.0, 0.0, 1023.0, 599.0]
[208.0, 16.0, 1008.0, 616.0]
[192.0, 32.0, 993.0, 633.0]
[208.0, 0.0, 1010.0, 602.0]
[176.0, 16.0, 979.0, 618.0]
[208.0, 0.0, 1012.0, 603.0]
[192.0, 32.0, 997.0, 636.0]
[192.0, 32.0, 998.0, 636.0]
[192.0, 32.0, 999.0, 637.0]
[208.0, 16.0, 1016.0, 622.0]
[192.0, 32.0, 1001.0, 639.0]
[192.0, 16.0, 1002.0, 624.0]
[192.0, 16.0, 1003.0, 624.0]
[208.0, 0.0, 1020.0, 609.0]
[208.0, 0.0, 1021.0, 610.0]
[176.0, 0.0, 990.0, 610.0]
[192.0, 0.0, 1007.0, 611.0]
[208.0, 0.0, 1024.0, 612.0]
