[112.0, 96.0, 853.0, 652.0]
[176.0, 80.0, 918.0, 636.0]
[176.0, 80.0, 919.0, 637.0]
[224.0, 48.0, 968.0, 606.0]
[128.0, 48.0, 873.0, 607.0]
[80.0, 32.0, 826.0, 592.0]
[144.0, 96.0, 891.0, 656.0]
[64.0, 80.0, 812.0, 641.0]
[48.0, 64.0, 797.0, 626.0]
[112.0, 48.0, 862.0, 610.0]
[176.0, 64.0, 927.0, 627.0]
[80.0, 64.0, 832.0, 628.0]
[160.0, 64.0, 913.0, 629.0]
[160.0, 64.0, 914.0, 630.0]
[128.0, 64.0, 883.0, 630.0]
[64.0, 96.0, 820.0, 663.0]
[176.0, 64.0, 933.0, 632.0]
[96.0, 96.0, 854.0, 664.0]
[96.0, 48.0, 855.0, 617.0]
[224.0, 48.0, 984.0, 618.0]
[96.0, 16.0, 857.0, 587.0]
[64.0, 64.0, 826.0, 636.0]
[48.0, 32.0, 811.0, 604.0]
[176.0, 64.0, 940.0, 637.0]
[48.0, 16.0, 813.0, 590.0]
[32.0, 80.0, 798.0, 654.0]
[144.0, 48.0, 911.0, 623.0]
[208.0, 16.0, 976.0, 592.0]
[160.0, 80.0, 929.0, 657.0]
[176.0, 48.0, 946.0, 626.0]
[240.0, 64.0, 1011.0, 642.0]
[224.0, 16.0, 996.0, 595.0]
[96.0, 96.0, 869.0, 676.0]
[144.0, 0.0, 918.0, 580.0]
[160.0, 32.0, 935.0, 613.0]
[80.0, 16.0, 856.0, 598.0]
[240.0, 48.0, 1017.0, 631.0]
[48.0, 96.0, 826.0, 680.0]
[192.0, 0.0, 971.0, 584.0]
[128.0, 48.0, 908.0, 633.0]
[48.0, 0.0, 829.0, 586.0]
[96.0, 16.0, 878.0, 602.0]
[176.0, 96.0, 959.0, 683.0]
[16.0, 16.0, 800.0, 604.0]
[128.0, 80.0, 913.0, 669.0]
[16.0, 32.0, 802.0, 622.0]
[32.0, 16.0, 819.0, 606.0]
[128.0, 32.0, 916.0, 623.0]
[48.0, 48.0, 837.0, 640.0]
[112.0, 48.0, 902.0, 640.0]
[224.0, 64.0, 1015.0, 657.0]
[208.0, 64.0, 1000.0, 658.0]
[144.0, 32.0, 937.0, 627.0]
[128.0, 32.0, 922.0, 628.0]
[80.0, 64.0, 875.0, 660.0]
[224.0, 64.0, 1020.0, 661.0]
[0.0, 64.0, 797.0, 662.0]
[48.0, 48.0, 846.0, 646.0]
[160.0, 48.0, 959.0, 647.0]
[176.0, 0.0, 976.0, 600.0]
[16.0, 32.0, 817.0, 633.0]
[96.0, 80.0, 898.0, 682.0]
[32.0, 80.0, 835.0, 682.0]
[80.0, 48.0, 884.0, 651.0]
[64.0, 32.0, 869.0, 636.0]
[208.0, 64.0, 1014.0, 668.0]
[64.0, 0.0, 871.0, 605.0]
[16.0, 16.0, 824.0, 622.0]
[32.0, 32.0, 841.0, 639.0]
[80.0, 32.0, 890.0, 640.0]
[0.0, 48.0, 811.0, 656.0]
[160.0, 32.0, 972.0, 641.0]
[208.0, 32.0, 1021.0, 642.0]
[32.0, 64.0, 846.0, 674.0]
[80.0, 0.0, 895.0, 611.0]
[80.0, 64.0, 896.0, 676.0]
[80.0, 16.0, 897.0, 629.0]
[128.0, 16.0, 946.0, 630.0]
[64.0, 48.0, 883.0, 662.0]
[48.0, 0.0, 868.0, 615.0]
[32.0, 0.0, 853.0, 616.0]
[176.0, 0.0, 998.0, 616.0]
[32.0, 16.0, 855.0, 633.0]
[0.0, 48.0, 824.0, 666.0]
[112.0, 0.0, 937.0, 619.0]
[48.0, 32.0, 874.0, 652.0]
[176.0, 16.0, 1003.0, 636.0]
[144.0, 0.0, 972.0, 621.0]
[16.0, 16.0, 845.0, 638.0]
[16.0, 48.0, 846.0, 670.0]
[128.0, 16.0, 959.0, 639.0]
[144.0, 16.0, 976.0, 640.0]
[96.0, 32.0, 929.0, 657.0]
[96.0, 0.0, 930.0, 626.0]
[0.0, 0.0, 835.0, 626.0]
[128.0, 32.0, 964.0, 659.0]
[0.0, 16.0, 837.0, 644.0]
[144.0, 48.0, 982.0, 676.0]
[80.0, 16.0, 919.0, 645.0]
[16.0, 16.0, 856.0, 646.0]
[144.0, 0.0, 985.0, 631.0]
[112.0, 48.0, 954.0, 680.0]
[112.0, 48.0, 955.0, 680.0]
[160.0, 16.0, 1004.0, 649.0]
[128.0, 0.0, 973.0, 634.0]
[80.0, 48.0, 926.0, 682.0]
[48.0, 16.0, 895.0, 651.0]
[176.0, 32.0, 1024.0, 668.0]
[160.0, 16.0, 1009.0, 653.0]
[0.0, 0.0, 850.0, 638.0]
[0.0, 16.0, 851.0, 654.0]
[32.0, 32.0, 884.0, 671.0]
[0.0, 16.0, 853.0, 656.0]
[96.0, 0.0, 950.0, 640.0]
[80.0, 0.0, 935.0, 641.0]
[112.0, 16.0, 968.0, 658.0]
[96.0, 32.0, 953.0, 675.0]
[0.0, 0.0, 858.0, 644.0]
[48.0, 16.0, 907.0, 660.0]
[16.0, 32.0, 876.0, 677.0]
[128.0, 0.0, 989.0, 646.0]
[128.0, 16.0, 990.0, 662.0]
[80.0, 0.0, 943.0, 647.0]
[128.0, 0.0, 992.0, 648.0]
[112.0, 16.0, 977.0, 665.0]
[64.0, 16.0, 930.0, 666.0]
[112.0, 32.0, 979.0, 682.0]
[32.0, 16.0, 900.0, 667.0]
[64.0, 0.0, 933.0, 652.0]
[48.0, 16.0, 918.0, 668.0]
[48.0, 16.0, 919.0, 669.0]
[48.0, 0.0, 920.0, 654.0]
[112.0, 16.0, 985.0, 671.0]
[0.0, 16.0, 874.0, 672.0]
[16.0, 0.0, 891.0, 656.0]
[128.0, 0.0, 1004.0, 657.0]
[16.0, 0.0, 893.0, 658.0]
[80.0, 0.0, 958.0, 658.0]
[0.0, 16.0, 879.0, 675.0]
[128.0, 0.0, 1008.0, 660.0]
[128.0, 16.0, 1009.0, 677.0]
[112.0, 16.0, 994.0, 678.0]
[0.0, 16.0, 883.0, 678.0]
[0.0, 0.0, 884.0, 663.0]
[64.0, 16.0, 949.0, 680.0]
[48.0, 0.0, 934.0, 664.0]
[96.0, 16.0, 983.0, 681.0]
[96.0, 0.0, 984.0, 666.0]
[80.0, 0.0, 969.0, 667.0]
[32.0, 0.0, 922.0, 668.0]
[128.0, 0.0, 1019.0, 668.0]
[96.0, 0.0, 988.0, 669.0]
[96.0, 0.0, 989.0, 670.0]
[64.0, 0.0, 958.0, 670.0]
[96.0, 0.0, 991.0, 671.0]
[0.0, 0.0, 896.0, 672.0]
[0.0, 0.0, 897.0, 673.0]
[64.0, 0.0, 962.0, 674.0]
[16.0, 0.0, 915.0, 674.0]
[16.0, 0.0, 916.0, 675.0]
[96.0, 0.0, 997.0, 676.0]
[32.0, 0.0, 934.0, 676.0]
[48.0, 0.0, 951.0, 677.0]
[112.0, 0.0, 1016.0, 678.0]
[16.0, 0.0, 921.0, 679.0]
[48.0, 0.0, 954.0, 680.0]
[112.0, 0.0, 1019.0, 680.0]
[96.0, 0.0, 1004.0, 681.0]
[16.0, 0.0, 925.0, 682.0]
[64.0, 0.0, 974.0, 682.0]
[96.0, 0.0, 1007.0, 683.0]
