[112.0, 64.0, 848.0, 616.0]
[176.0, 32.0, 913.0, 585.0]
[96.0, 80.0, 834.0, 634.0]
[128.0, 80.0, 867.0, 634.0]
[48.0, 64.0, 788.0, 619.0]
[160.0, 80.0, 901.0, 636.0]
[128.0, 48.0, 870.0, 604.0]
[176.0, 48.0, 919.0, 605.0]
[48.0, 64.0, 792.0, 622.0]
[240.0, 48.0, 985.0, 607.0]
[64.0, 32.0, 810.0, 592.0]
[224.0, 32.0, 971.0, 592.0]
[176.0, 80.0, 924.0, 641.0]
[128.0, 32.0, 877.0, 594.0]
[160.0, 16.0, 910.0, 578.0]
[176.0, 32.0, 927.0, 595.0]
[144.0, 32.0, 896.0, 596.0]
[224.0, 32.0, 977.0, 597.0]
[208.0, 64.0, 962.0, 630.0]
[224.0, 48.0, 979.0, 614.0]
[48.0, 80.0, 804.0, 647.0]
[160.0, 64.0, 917.0, 632.0]
[224.0, 96.0, 982.0, 664.0]
[160.0, 96.0, 919.0, 665.0]
[128.0, 16.0, 888.0, 586.0]
[16.0, 64.0, 777.0, 635.0]
[176.0, 96.0, 938.0, 668.0]
[240.0, 48.0, 1003.0, 620.0]
[96.0, 96.0, 860.0, 669.0]
[48.0, 48.0, 813.0, 622.0]
[128.0, 32.0, 894.0, 606.0]
[208.0, 96.0, 975.0, 671.0]
[32.0, 48.0, 800.0, 624.0]
[48.0, 64.0, 817.0, 641.0]
[144.0, 32.0, 914.0, 610.0]
[64.0, 16.0, 835.0, 594.0]
[64.0, 80.0, 836.0, 659.0]
[128.0, 0.0, 901.0, 580.0]
[48.0, 32.0, 822.0, 612.0]
[128.0, 16.0, 903.0, 597.0]
[32.0, 48.0, 808.0, 630.0]
[48.0, 0.0, 825.0, 583.0]
[208.0, 48.0, 986.0, 632.0]
[80.0, 80.0, 859.0, 664.0]
[32.0, 48.0, 812.0, 633.0]
[128.0, 16.0, 909.0, 602.0]
[160.0, 32.0, 942.0, 618.0]
[176.0, 16.0, 959.0, 603.0]
[96.0, 16.0, 880.0, 604.0]
[224.0, 32.0, 1009.0, 621.0]
[208.0, 48.0, 994.0, 638.0]
[64.0, 80.0, 851.0, 670.0]
[32.0, 80.0, 820.0, 671.0]
[208.0, 32.0, 997.0, 624.0]
[208.0, 16.0, 998.0, 608.0]
[48.0, 80.0, 839.0, 673.0]
[64.0, 48.0, 856.0, 642.0]
[160.0, 32.0, 953.0, 627.0]
[128.0, 48.0, 922.0, 644.0]
[160.0, 0.0, 955.0, 596.0]
[128.0, 32.0, 924.0, 629.0]
[16.0, 32.0, 813.0, 630.0]
[128.0, 48.0, 926.0, 646.0]
[48.0, 32.0, 847.0, 631.0]
[176.0, 16.0, 976.0, 616.0]
[128.0, 64.0, 929.0, 665.0]
[112.0, 64.0, 914.0, 666.0]
[48.0, 64.0, 851.0, 666.0]
[96.0, 48.0, 900.0, 651.0]
[16.0, 16.0, 821.0, 620.0]
[16.0, 32.0, 822.0, 636.0]
[32.0, 64.0, 839.0, 669.0]
[48.0, 32.0, 856.0, 638.0]
[48.0, 64.0, 857.0, 671.0]
[176.0, 64.0, 986.0, 672.0]
[80.0, 16.0, 891.0, 624.0]
[176.0, 16.0, 988.0, 625.0]
[96.0, 32.0, 909.0, 642.0]
[208.0, 0.0, 1022.0, 610.0]
[32.0, 32.0, 847.0, 643.0]
[80.0, 32.0, 896.0, 644.0]
[80.0, 0.0, 897.0, 613.0]
[48.0, 16.0, 866.0, 630.0]
[128.0, 16.0, 947.0, 630.0]
[128.0, 16.0, 948.0, 631.0]
[64.0, 0.0, 885.0, 616.0]
[64.0, 0.0, 886.0, 616.0]
[96.0, 32.0, 919.0, 649.0]
[160.0, 48.0, 984.0, 666.0]
[160.0, 16.0, 985.0, 635.0]
[192.0, 0.0, 1018.0, 620.0]
[112.0, 48.0, 939.0, 668.0]
[0.0, 32.0, 828.0, 653.0]
[0.0, 0.0, 829.0, 622.0]
[16.0, 48.0, 846.0, 670.0]
[192.0, 48.0, 1023.0, 671.0]
[160.0, 16.0, 992.0, 640.0]
[96.0, 32.0, 929.0, 657.0]
[144.0, 16.0, 978.0, 642.0]
[16.0, 48.0, 851.0, 674.0]
[176.0, 32.0, 1012.0, 659.0]
[96.0, 32.0, 933.0, 660.0]
[0.0, 32.0, 838.0, 660.0]
[64.0, 32.0, 903.0, 661.0]
[112.0, 16.0, 952.0, 646.0]
[144.0, 0.0, 985.0, 631.0]
[144.0, 0.0, 986.0, 632.0]
[144.0, 0.0, 987.0, 632.0]
[160.0, 16.0, 1004.0, 649.0]
[32.0, 16.0, 877.0, 650.0]
[176.0, 16.0, 1022.0, 650.0]
[0.0, 0.0, 847.0, 635.0]
[96.0, 16.0, 944.0, 652.0]
[128.0, 32.0, 977.0, 669.0]
[144.0, 32.0, 994.0, 670.0]
[48.0, 0.0, 899.0, 638.0]
[64.0, 16.0, 916.0, 655.0]
[128.0, 32.0, 981.0, 672.0]
[80.0, 0.0, 934.0, 640.0]
[16.0, 16.0, 871.0, 657.0]
[32.0, 0.0, 888.0, 642.0]
[16.0, 16.0, 873.0, 659.0]
[48.0, 16.0, 906.0, 660.0]
[112.0, 16.0, 971.0, 660.0]
[64.0, 16.0, 924.0, 661.0]
[160.0, 16.0, 1021.0, 662.0]
[0.0, 0.0, 862.0, 646.0]
[160.0, 0.0, 1023.0, 647.0]
[64.0, 0.0, 928.0, 648.0]
[80.0, 16.0, 945.0, 665.0]
[112.0, 16.0, 978.0, 666.0]
[16.0, 0.0, 883.0, 650.0]
[48.0, 0.0, 916.0, 651.0]
[80.0, 16.0, 949.0, 668.0]
[128.0, 0.0, 998.0, 652.0]
[144.0, 0.0, 1015.0, 653.0]
[128.0, 0.0, 1000.0, 654.0]
[16.0, 0.0, 889.0, 655.0]
[32.0, 16.0, 906.0, 672.0]
[16.0, 16.0, 891.0, 672.0]
[128.0, 0.0, 1004.0, 657.0]
[128.0, 0.0, 1005.0, 658.0]
[80.0, 0.0, 958.0, 658.0]
[64.0, 0.0, 943.0, 659.0]
[64.0, 0.0, 944.0, 660.0]
[48.0, 0.0, 929.0, 661.0]
[112.0, 0.0, 994.0, 662.0]
[48.0, 0.0, 931.0, 662.0]
[16.0, 0.0, 900.0, 663.0]
[96.0, 0.0, 981.0, 664.0]
[80.0, 0.0, 966.0, 664.0]
[64.0, 0.0, 951.0, 665.0]
[48.0, 0.0, 936.0, 666.0]
[96.0, 0.0, 985.0, 667.0]
[128.0, 0.0, 1018.0, 668.0]
[96.0, 0.0, 987.0, 668.0]
[96.0, 0.0, 988.0, 669.0]
[112.0, 0.0, 1005.0, 670.0]
[128.0, 0.0, 1022.0, 670.0]
[48.0, 0.0, 943.0, 671.0]
[0.0, 0.0, 896.0, 672.0]
[16.0, 0.0, 913.0, 673.0]
[112.0, 0.0, 1010.0, 674.0]
[96.0, 0.0, 995.0, 674.0]
