[176.0, 80.0, 893.0, 618.0]
[160.0, 144.0, 878.0, 682.0]
[160.0, 144.0, 879.0, 683.0]
[80.0, 48.0, 800.0, 588.0]
[80.0, 80.0, 801.0, 621.0]
[32.0, 64.0, 754.0, 606.0]
[208.0, 80.0, 931.0, 622.0]
[144.0, 96.0, 868.0, 639.0]
[160.0, 80.0, 885.0, 624.0]
[80.0, 128.0, 806.0, 672.0]
[192.0, 64.0, 919.0, 609.0]
[176.0, 64.0, 904.0, 610.0]
[112.0, 96.0, 841.0, 643.0]
[208.0, 112.0, 938.0, 660.0]
[192.0, 64.0, 923.0, 612.0]
[80.0, 112.0, 812.0, 661.0]
[64.0, 48.0, 797.0, 598.0]
[144.0, 128.0, 878.0, 678.0]
[48.0, 112.0, 783.0, 663.0]
[176.0, 96.0, 912.0, 648.0]
[80.0, 80.0, 817.0, 633.0]
[128.0, 112.0, 866.0, 666.0]
[144.0, 112.0, 883.0, 666.0]
[160.0, 32.0, 900.0, 587.0]
[208.0, 80.0, 949.0, 636.0]
[32.0, 48.0, 774.0, 604.0]
[96.0, 112.0, 839.0, 669.0]
[144.0, 80.0, 888.0, 638.0]
[208.0, 80.0, 953.0, 639.0]
[48.0, 64.0, 794.0, 624.0]
[96.0, 80.0, 843.0, 640.0]
[128.0, 112.0, 876.0, 673.0]
[160.0, 32.0, 909.0, 594.0]
[96.0, 112.0, 846.0, 674.0]
[48.0, 48.0, 799.0, 611.0]
[16.0, 80.0, 768.0, 644.0]
[48.0, 96.0, 801.0, 661.0]
[144.0, 112.0, 898.0, 678.0]
[112.0, 64.0, 867.0, 630.0]
[176.0, 112.0, 932.0, 679.0]
[48.0, 112.0, 805.0, 680.0]
[176.0, 112.0, 934.0, 680.0]
[128.0, 64.0, 887.0, 633.0]
[144.0, 112.0, 904.0, 682.0]
[80.0, 64.0, 841.0, 635.0]
[144.0, 96.0, 906.0, 668.0]
[192.0, 80.0, 955.0, 652.0]
[192.0, 64.0, 956.0, 637.0]
[0.0, 96.0, 765.0, 670.0]
[192.0, 80.0, 958.0, 654.0]
[16.0, 96.0, 783.0, 671.0]
[112.0, 16.0, 880.0, 592.0]
[48.0, 48.0, 817.0, 625.0]
[32.0, 96.0, 802.0, 674.0]
[96.0, 80.0, 867.0, 658.0]
[176.0, 48.0, 948.0, 627.0]
[128.0, 64.0, 901.0, 644.0]
[64.0, 96.0, 838.0, 676.0]
[48.0, 80.0, 823.0, 661.0]
[160.0, 32.0, 936.0, 614.0]
[48.0, 0.0, 825.0, 583.0]
[64.0, 16.0, 842.0, 600.0]
[48.0, 16.0, 827.0, 600.0]
[96.0, 96.0, 876.0, 681.0]
[96.0, 64.0, 877.0, 650.0]
[80.0, 0.0, 862.0, 586.0]
[192.0, 64.0, 975.0, 651.0]
[144.0, 16.0, 928.0, 604.0]
[32.0, 64.0, 817.0, 653.0]
[80.0, 16.0, 866.0, 606.0]
[64.0, 16.0, 851.0, 606.0]
[48.0, 16.0, 836.0, 607.0]
[128.0, 64.0, 917.0, 656.0]
[128.0, 48.0, 918.0, 640.0]
[80.0, 48.0, 871.0, 641.0]
[64.0, 16.0, 856.0, 610.0]
[48.0, 0.0, 841.0, 595.0]
[112.0, 16.0, 906.0, 612.0]
[64.0, 64.0, 859.0, 660.0]
[48.0, 32.0, 844.0, 629.0]
[32.0, 16.0, 829.0, 614.0]
[112.0, 64.0, 910.0, 662.0]
[128.0, 64.0, 927.0, 663.0]
[48.0, 48.0, 848.0, 648.0]
[192.0, 64.0, 993.0, 665.0]
[96.0, 0.0, 898.0, 602.0]
[48.0, 32.0, 851.0, 634.0]
[48.0, 64.0, 852.0, 667.0]
[112.0, 48.0, 917.0, 652.0]
[176.0, 64.0, 982.0, 668.0]
[16.0, 0.0, 823.0, 605.0]
[112.0, 0.0, 920.0, 606.0]
[144.0, 16.0, 953.0, 623.0]
[128.0, 48.0, 938.0, 656.0]
[0.0, 48.0, 811.0, 656.0]
[32.0, 48.0, 844.0, 657.0]
[80.0, 32.0, 893.0, 642.0]
[96.0, 0.0, 910.0, 610.0]
[112.0, 32.0, 927.0, 643.0]
[32.0, 32.0, 848.0, 644.0]
[0.0, 32.0, 817.0, 645.0]
[64.0, 0.0, 882.0, 614.0]
[112.0, 32.0, 931.0, 646.0]
[64.0, 64.0, 884.0, 679.0]
[16.0, 48.0, 837.0, 664.0]
[144.0, 16.0, 966.0, 632.0]
[160.0, 64.0, 983.0, 681.0]
[96.0, 16.0, 920.0, 634.0]
[96.0, 0.0, 921.0, 619.0]
[144.0, 16.0, 970.0, 636.0]
[144.0, 32.0, 971.0, 652.0]
[112.0, 0.0, 940.0, 621.0]
[144.0, 16.0, 973.0, 638.0]
[80.0, 48.0, 910.0, 670.0]
[48.0, 16.0, 879.0, 639.0]
[80.0, 16.0, 912.0, 640.0]
[128.0, 16.0, 961.0, 641.0]
[144.0, 48.0, 978.0, 674.0]
[144.0, 32.0, 979.0, 658.0]
[96.0, 32.0, 932.0, 659.0]
[160.0, 32.0, 997.0, 660.0]
[112.0, 16.0, 950.0, 644.0]
[64.0, 48.0, 903.0, 677.0]
[80.0, 48.0, 920.0, 678.0]
[32.0, 16.0, 873.0, 647.0]
[96.0, 32.0, 938.0, 664.0]
[32.0, 0.0, 875.0, 632.0]
[64.0, 32.0, 908.0, 665.0]
[16.0, 0.0, 861.0, 634.0]
[32.0, 0.0, 878.0, 634.0]
[64.0, 32.0, 911.0, 667.0]
[0.0, 32.0, 848.0, 668.0]
[32.0, 16.0, 881.0, 653.0]
[48.0, 0.0, 898.0, 638.0]
[144.0, 32.0, 995.0, 670.0]
[128.0, 0.0, 980.0, 639.0]
[32.0, 0.0, 885.0, 640.0]
[48.0, 16.0, 902.0, 656.0]
[48.0, 16.0, 903.0, 657.0]
[16.0, 0.0, 872.0, 642.0]
[16.0, 0.0, 873.0, 643.0]
[64.0, 32.0, 922.0, 676.0]
[96.0, 32.0, 955.0, 676.0]
[48.0, 0.0, 908.0, 645.0]
[96.0, 32.0, 957.0, 678.0]
[16.0, 32.0, 878.0, 678.0]
[0.0, 16.0, 863.0, 663.0]
[16.0, 32.0, 880.0, 680.0]
[48.0, 32.0, 913.0, 681.0]
[16.0, 0.0, 882.0, 650.0]
[80.0, 0.0, 947.0, 650.0]
[32.0, 16.0, 900.0, 667.0]
[96.0, 16.0, 965.0, 668.0]
[112.0, 16.0, 982.0, 668.0]
[64.0, 0.0, 935.0, 653.0]
[128.0, 16.0, 1000.0, 670.0]
[80.0, 16.0, 953.0, 671.0]
[48.0, 16.0, 922.0, 672.0]
[48.0, 0.0, 923.0, 656.0]
[96.0, 16.0, 972.0, 673.0]
[0.0, 0.0, 877.0, 658.0]
[32.0, 0.0, 910.0, 658.0]
[96.0, 0.0, 975.0, 659.0]
[16.0, 16.0, 896.0, 676.0]
[112.0, 16.0, 993.0, 677.0]
[0.0, 0.0, 882.0, 662.0]
[96.0, 0.0, 979.0, 662.0]
[48.0, 0.0, 932.0, 663.0]
[16.0, 16.0, 901.0, 680.0]
[64.0, 16.0, 950.0, 680.0]
[0.0, 16.0, 887.0, 681.0]
[80.0, 16.0, 968.0, 682.0]
[0.0, 16.0, 889.0, 683.0]
[112.0, 0.0, 1002.0, 668.0]
[96.0, 0.0, 987.0, 668.0]
[96.0, 0.0, 988.0, 669.0]
[96.0, 0.0, 989.0, 670.0]
[112.0, 0.0, 1006.0, 670.0]
[32.0, 0.0, 927.0, 671.0]
[32.0, 0.0, 928.0, 672.0]
[16.0, 0.0, 913.0, 673.0]
[64.0, 0.0, 962.0, 674.0]
[64.0, 0.0, 963.0, 674.0]
[16.0, 0.0, 916.0, 675.0]
[80.0, 0.0, 981.0, 676.0]
[32.0, 0.0, 934.0, 676.0]
[96.0, 0.0, 999.0, 677.0]
[48.0, 0.0, 952.0, 678.0]
[0.0, 0.0, 905.0, 679.0]
[0.0, 0.0, 906.0, 680.0]
[32.0, 0.0, 939.0, 680.0]
[64.0, 0.0, 972.0, 681.0]
[48.0, 0.0, 957.0, 682.0]
[80.0, 0.0, 990.0, 682.0]
[64.0, 0.0, 975.0, 683.0]
