[208.0, 320.0, 925.0, 858.0]
[112.0, 304.0, 830.0, 842.0]
[208.0, 368.0, 927.0, 907.0]
[112.0, 352.0, 832.0, 892.0]
[144.0, 240.0, 865.0, 781.0]
[80.0, 304.0, 802.0, 846.0]
[112.0, 304.0, 835.0, 846.0]
[112.0, 272.0, 836.0, 815.0]
[96.0, 368.0, 821.0, 912.0]
[128.0, 272.0, 854.0, 816.0]
[112.0, 352.0, 839.0, 897.0]
[224.0, 304.0, 952.0, 850.0]
[160.0, 336.0, 889.0, 883.0]
[128.0, 352.0, 858.0, 900.0]
[144.0, 256.0, 875.0, 804.0]
[128.0, 384.0, 860.0, 933.0]
[144.0, 352.0, 877.0, 902.0]
[224.0, 368.0, 958.0, 918.0]
[96.0, 352.0, 831.0, 903.0]
[144.0, 240.0, 880.0, 792.0]
[192.0, 272.0, 929.0, 825.0]
[80.0, 304.0, 818.0, 858.0]
[112.0, 384.0, 851.0, 938.0]
[176.0, 240.0, 916.0, 795.0]
[112.0, 288.0, 853.0, 844.0]
[224.0, 288.0, 966.0, 844.0]
[128.0, 272.0, 871.0, 829.0]
[160.0, 288.0, 904.0, 846.0]
[112.0, 240.0, 857.0, 799.0]
[112.0, 320.0, 858.0, 880.0]
[176.0, 368.0, 923.0, 928.0]
[128.0, 304.0, 876.0, 865.0]
[208.0, 352.0, 957.0, 914.0]
[128.0, 352.0, 878.0, 914.0]
[144.0, 336.0, 895.0, 899.0]
[96.0, 272.0, 848.0, 836.0]
[176.0, 304.0, 929.0, 869.0]
[224.0, 304.0, 978.0, 870.0]
[64.0, 320.0, 819.0, 886.0]
[64.0, 272.0, 820.0, 839.0]
[128.0, 224.0, 885.0, 792.0]
[112.0, 272.0, 870.0, 840.0]
[144.0, 256.0, 903.0, 825.0]
[48.0, 320.0, 808.0, 890.0]
[80.0, 336.0, 841.0, 907.0]
[208.0, 320.0, 970.0, 892.0]
[48.0, 288.0, 811.0, 860.0]
[160.0, 272.0, 924.0, 845.0]
[64.0, 352.0, 829.0, 926.0]
[176.0, 352.0, 942.0, 926.0]
[64.0, 352.0, 831.0, 927.0]
[192.0, 368.0, 960.0, 944.0]
[112.0, 352.0, 881.0, 929.0]
[192.0, 288.0, 962.0, 866.0]
[64.0, 368.0, 835.0, 946.0]
[64.0, 368.0, 836.0, 947.0]
[112.0, 368.0, 885.0, 948.0]
[80.0, 272.0, 854.0, 852.0]
[32.0, 304.0, 807.0, 885.0]
[32.0, 288.0, 808.0, 870.0]
[144.0, 320.0, 921.0, 903.0]
[32.0, 272.0, 810.0, 856.0]
[192.0, 336.0, 971.0, 920.0]
[112.0, 368.0, 892.0, 953.0]
[80.0, 304.0, 861.0, 890.0]
[112.0, 352.0, 894.0, 938.0]
[160.0, 304.0, 943.0, 891.0]
[48.0, 352.0, 832.0, 940.0]
[160.0, 224.0, 945.0, 813.0]
[64.0, 304.0, 850.0, 894.0]
[64.0, 304.0, 851.0, 894.0]
[96.0, 304.0, 884.0, 895.0]
[144.0, 352.0, 933.0, 944.0]
[80.0, 288.0, 870.0, 880.0]
[176.0, 256.0, 967.0, 849.0]
[48.0, 320.0, 840.0, 914.0]
[48.0, 288.0, 841.0, 883.0]
[144.0, 288.0, 938.0, 884.0]
[144.0, 320.0, 939.0, 916.0]
[48.0, 240.0, 844.0, 837.0]
[64.0, 336.0, 861.0, 934.0]
[144.0, 256.0, 942.0, 854.0]
[176.0, 336.0, 975.0, 935.0]
[96.0, 256.0, 896.0, 856.0]
[192.0, 288.0, 993.0, 889.0]
[80.0, 240.0, 882.0, 842.0]
[64.0, 304.0, 867.0, 906.0]
[160.0, 352.0, 964.0, 955.0]
[16.0, 320.0, 821.0, 924.0]
[96.0, 240.0, 902.0, 844.0]
[144.0, 272.0, 951.0, 877.0]
[160.0, 240.0, 968.0, 846.0]
[144.0, 304.0, 953.0, 911.0]
[144.0, 272.0, 954.0, 880.0]
[160.0, 224.0, 971.0, 832.0]
[112.0, 256.0, 924.0, 865.0]
[176.0, 320.0, 989.0, 930.0]
[16.0, 256.0, 830.0, 866.0]
[64.0, 224.0, 879.0, 835.0]
[96.0, 336.0, 912.0, 948.0]
[128.0, 224.0, 945.0, 837.0]
[112.0, 240.0, 930.0, 854.0]
[96.0, 256.0, 915.0, 870.0]
[144.0, 288.0, 964.0, 903.0]
[32.0, 256.0, 853.0, 872.0]
[128.0, 240.0, 950.0, 856.0]
[128.0, 224.0, 951.0, 841.0]
[128.0, 288.0, 952.0, 906.0]
[32.0, 256.0, 857.0, 875.0]
[80.0, 240.0, 906.0, 860.0]
[64.0, 320.0, 891.0, 940.0]
[160.0, 320.0, 988.0, 941.0]
[144.0, 320.0, 973.0, 942.0]
[144.0, 256.0, 974.0, 878.0]
[96.0, 240.0, 927.0, 863.0]
[144.0, 320.0, 976.0, 944.0]
[160.0, 272.0, 993.0, 897.0]
[160.0, 256.0, 994.0, 882.0]
[112.0, 256.0, 947.0, 882.0]
[176.0, 288.0, 1012.0, 915.0]
[144.0, 288.0, 981.0, 916.0]
[96.0, 208.0, 934.0, 836.0]
[176.0, 304.0, 1015.0, 933.0]
[96.0, 256.0, 936.0, 886.0]
[160.0, 272.0, 1001.0, 903.0]
[96.0, 304.0, 938.0, 936.0]
[112.0, 208.0, 955.0, 840.0]
[16.0, 240.0, 860.0, 873.0]
[48.0, 272.0, 893.0, 906.0]
[0.0, 320.0, 846.0, 954.0]
[0.0, 272.0, 847.0, 907.0]
[160.0, 256.0, 1008.0, 892.0]
[80.0, 304.0, 929.0, 941.0]
[160.0, 224.0, 1010.0, 862.0]
[160.0, 272.0, 1011.0, 910.0]
[112.0, 272.0, 964.0, 911.0]
[144.0, 224.0, 997.0, 864.0]
[64.0, 288.0, 918.0, 928.0]
[16.0, 224.0, 871.0, 865.0]
[144.0, 288.0, 1000.0, 930.0]
[160.0, 224.0, 1017.0, 867.0]
[64.0, 272.0, 922.0, 916.0]
[48.0, 240.0, 907.0, 884.0]
[160.0, 288.0, 1020.0, 933.0]
[48.0, 208.0, 909.0, 854.0]
[160.0, 288.0, 1022.0, 934.0]
[64.0, 256.0, 927.0, 903.0]
[128.0, 304.0, 992.0, 952.0]
[32.0, 240.0, 897.0, 889.0]
[144.0, 240.0, 1010.0, 890.0]
[80.0, 272.0, 947.0, 922.0]
[0.0, 224.0, 868.0, 875.0]
[112.0, 272.0, 981.0, 924.0]
[128.0, 288.0, 998.0, 940.0]
[128.0, 208.0, 999.0, 861.0]
[128.0, 272.0, 1000.0, 926.0]
[144.0, 208.0, 1017.0, 863.0]
[0.0, 288.0, 874.0, 944.0]
[16.0, 288.0, 891.0, 944.0]
[0.0, 288.0, 876.0, 945.0]
[112.0, 224.0, 989.0, 882.0]
[32.0, 272.0, 910.0, 930.0]
[16.0, 256.0, 895.0, 915.0]
[16.0, 208.0, 896.0, 868.0]
[32.0, 256.0, 913.0, 917.0]
[96.0, 208.0, 978.0, 870.0]
[64.0, 208.0, 947.0, 870.0]
[96.0, 288.0, 980.0, 951.0]
[0.0, 272.0, 885.0, 936.0]
[32.0, 208.0, 918.0, 872.0]
[64.0, 240.0, 951.0, 905.0]
[16.0, 208.0, 904.0, 874.0]
[128.0, 208.0, 1017.0, 875.0]
[112.0, 208.0, 1002.0, 876.0]
[32.0, 192.0, 923.0, 860.0]
[80.0, 240.0, 972.0, 909.0]
[96.0, 240.0, 989.0, 910.0]
[16.0, 256.0, 910.0, 926.0]
[112.0, 208.0, 1007.0, 879.0]
[32.0, 224.0, 928.0, 896.0]
[16.0, 224.0, 913.0, 897.0]
[16.0, 192.0, 914.0, 866.0]
[112.0, 192.0, 1011.0, 866.0]
[0.0, 208.0, 900.0, 883.0]
[0.0, 272.0, 901.0, 948.0]
[48.0, 192.0, 950.0, 868.0]
[96.0, 272.0, 999.0, 949.0]
[16.0, 224.0, 920.0, 902.0]
[64.0, 224.0, 969.0, 903.0]
[48.0, 208.0, 954.0, 888.0]
[80.0, 192.0, 987.0, 872.0]
[80.0, 192.0, 988.0, 873.0]
[48.0, 256.0, 957.0, 938.0]
[0.0, 192.0, 910.0, 874.0]
[112.0, 192.0, 1023.0, 875.0]
[80.0, 256.0, 992.0, 940.0]
[64.0, 240.0, 977.0, 925.0]
[48.0, 240.0, 962.0, 926.0]
[48.0, 224.0, 963.0, 910.0]
[0.0, 256.0, 916.0, 943.0]
[16.0, 208.0, 933.0, 896.0]
[32.0, 192.0, 950.0, 880.0]
[80.0, 240.0, 999.0, 929.0]
[0.0, 240.0, 920.0, 930.0]
[32.0, 240.0, 953.0, 931.0]
[32.0, 240.0, 954.0, 932.0]
[16.0, 208.0, 939.0, 900.0]
[80.0, 256.0, 1004.0, 949.0]
[48.0, 208.0, 973.0, 902.0]
[96.0, 240.0, 1022.0, 934.0]
[80.0, 240.0, 1007.0, 935.0]
[96.0, 208.0, 1024.0, 904.0]
[32.0, 208.0, 961.0, 905.0]
[48.0, 208.0, 978.0, 906.0]
[16.0, 240.0, 947.0, 938.0]
[80.0, 240.0, 1012.0, 939.0]
[0.0, 224.0, 933.0, 924.0]
[32.0, 192.0, 966.0, 892.0]
[0.0, 192.0, 935.0, 893.0]
[64.0, 208.0, 1000.0, 910.0]
[0.0, 192.0, 937.0, 895.0]
[0.0, 240.0, 938.0, 944.0]
[64.0, 224.0, 1003.0, 928.0]
[16.0, 240.0, 956.0, 945.0]
[32.0, 240.0, 973.0, 946.0]
[64.0, 208.0, 1006.0, 914.0]
[80.0, 240.0, 1023.0, 947.0]
[64.0, 208.0, 1008.0, 916.0]
[16.0, 192.0, 961.0, 901.0]
[0.0, 224.0, 946.0, 934.0]
[64.0, 208.0, 1011.0, 918.0]
[16.0, 208.0, 964.0, 919.0]
[0.0, 224.0, 949.0, 936.0]
[16.0, 192.0, 966.0, 904.0]
[64.0, 224.0, 1015.0, 937.0]
[16.0, 224.0, 968.0, 938.0]
[48.0, 192.0, 1001.0, 907.0]
[48.0, 224.0, 1002.0, 940.0]
[48.0, 192.0, 1003.0, 908.0]
[48.0, 208.0, 1004.0, 925.0]
[64.0, 224.0, 1021.0, 942.0]
[64.0, 208.0, 1022.0, 926.0]
[64.0, 192.0, 1023.0, 911.0]
[64.0, 192.0, 1024.0, 912.0]
[32.0, 192.0, 993.0, 913.0]
[0.0, 224.0, 962.0, 946.0]
[16.0, 192.0, 979.0, 914.0]
[16.0, 192.0, 980.0, 915.0]
