[32.0, 128.0, 749.0, 666.0]
[48.0, 144.0, 766.0, 682.0]
[80.0, 96.0, 799.0, 635.0]
[16.0, 192.0, 736.0, 732.0]
[64.0, 112.0, 785.0, 653.0]
[32.0, 160.0, 754.0, 702.0]
[64.0, 160.0, 787.0, 702.0]
[32.0, 112.0, 756.0, 655.0]
[16.0, 80.0, 741.0, 624.0]
[96.0, 128.0, 822.0, 672.0]
[32.0, 112.0, 759.0, 657.0]
[32.0, 96.0, 760.0, 642.0]
[80.0, 96.0, 809.0, 643.0]
[80.0, 48.0, 810.0, 596.0]
[32.0, 176.0, 763.0, 724.0]
[32.0, 80.0, 764.0, 629.0]
[0.0, 80.0, 733.0, 630.0]
[48.0, 112.0, 782.0, 662.0]
[80.0, 176.0, 815.0, 727.0]
[128.0, 160.0, 864.0, 712.0]
[80.0, 144.0, 817.0, 697.0]
[64.0, 192.0, 802.0, 746.0]
[96.0, 112.0, 835.0, 666.0]
[48.0, 48.0, 788.0, 603.0]
[80.0, 96.0, 821.0, 652.0]
[144.0, 128.0, 886.0, 684.0]
[16.0, 192.0, 759.0, 749.0]
[64.0, 80.0, 808.0, 638.0]
[112.0, 160.0, 857.0, 719.0]
[96.0, 192.0, 842.0, 752.0]
[96.0, 176.0, 843.0, 736.0]
[16.0, 96.0, 764.0, 657.0]
[64.0, 128.0, 813.0, 690.0]
[128.0, 128.0, 878.0, 690.0]
[0.0, 192.0, 751.0, 755.0]
[16.0, 192.0, 768.0, 756.0]
[16.0, 144.0, 769.0, 709.0]
[80.0, 112.0, 834.0, 678.0]
[128.0, 112.0, 883.0, 678.0]
[112.0, 144.0, 868.0, 711.0]
[112.0, 176.0, 869.0, 744.0]
[64.0, 144.0, 822.0, 712.0]
[32.0, 48.0, 791.0, 617.0]
[112.0, 160.0, 872.0, 730.0]
[96.0, 160.0, 857.0, 731.0]
[0.0, 112.0, 762.0, 684.0]
[0.0, 80.0, 763.0, 652.0]
[0.0, 80.0, 764.0, 653.0]
[48.0, 176.0, 813.0, 750.0]
[0.0, 96.0, 766.0, 670.0]
[0.0, 160.0, 767.0, 735.0]
[0.0, 128.0, 768.0, 704.0]
[16.0, 112.0, 785.0, 689.0]
[48.0, 32.0, 818.0, 610.0]
[0.0, 112.0, 771.0, 690.0]
[96.0, 112.0, 868.0, 691.0]
[0.0, 112.0, 773.0, 692.0]
[48.0, 160.0, 822.0, 740.0]
[112.0, 144.0, 887.0, 725.0]
[16.0, 144.0, 792.0, 726.0]
[112.0, 80.0, 889.0, 663.0]
[64.0, 144.0, 842.0, 728.0]
[16.0, 64.0, 795.0, 648.0]
[112.0, 96.0, 892.0, 681.0]
[80.0, 64.0, 861.0, 650.0]
[96.0, 96.0, 878.0, 682.0]
[32.0, 48.0, 815.0, 635.0]
[64.0, 160.0, 848.0, 748.0]
[48.0, 80.0, 833.0, 669.0]
[32.0, 112.0, 818.0, 702.0]
[16.0, 48.0, 803.0, 638.0]
[64.0, 144.0, 852.0, 735.0]
[112.0, 128.0, 901.0, 720.0]
[64.0, 48.0, 854.0, 640.0]
[0.0, 128.0, 791.0, 721.0]
[32.0, 160.0, 824.0, 754.0]
[16.0, 160.0, 809.0, 755.0]
[0.0, 32.0, 794.0, 628.0]
[128.0, 96.0, 923.0, 692.0]
[48.0, 112.0, 844.0, 709.0]
[80.0, 48.0, 877.0, 646.0]
[16.0, 64.0, 814.0, 662.0]
[16.0, 128.0, 815.0, 727.0]
[64.0, 80.0, 864.0, 680.0]
[80.0, 64.0, 881.0, 665.0]
[144.0, 112.0, 946.0, 714.0]
[0.0, 144.0, 803.0, 746.0]
[48.0, 128.0, 852.0, 731.0]
[80.0, 48.0, 885.0, 652.0]
[16.0, 64.0, 822.0, 668.0]
[144.0, 96.0, 951.0, 701.0]
[48.0, 80.0, 856.0, 686.0]
[0.0, 128.0, 809.0, 735.0]
[128.0, 96.0, 938.0, 704.0]
[96.0, 112.0, 907.0, 720.0]
[96.0, 112.0, 908.0, 721.0]
[0.0, 64.0, 813.0, 674.0]
[96.0, 112.0, 910.0, 722.0]
[48.0, 128.0, 863.0, 739.0]
[48.0, 96.0, 864.0, 708.0]
[144.0, 112.0, 961.0, 725.0]
[144.0, 96.0, 962.0, 710.0]
[112.0, 96.0, 931.0, 710.0]
[64.0, 96.0, 884.0, 711.0]
[0.0, 80.0, 821.0, 696.0]
[48.0, 80.0, 870.0, 696.0]
[16.0, 96.0, 839.0, 713.0]
[32.0, 80.0, 856.0, 698.0]
[48.0, 32.0, 873.0, 651.0]
[64.0, 80.0, 890.0, 700.0]
[112.0, 80.0, 939.0, 700.0]
[48.0, 16.0, 876.0, 637.0]
[0.0, 32.0, 829.0, 654.0]
[96.0, 64.0, 926.0, 686.0]
[112.0, 128.0, 943.0, 751.0]
[80.0, 48.0, 912.0, 672.0]
[0.0, 128.0, 833.0, 753.0]
[144.0, 96.0, 978.0, 722.0]
[16.0, 64.0, 851.0, 690.0]
[80.0, 112.0, 916.0, 739.0]
[0.0, 48.0, 837.0, 676.0]
[16.0, 80.0, 854.0, 708.0]
[80.0, 96.0, 919.0, 725.0]
[0.0, 48.0, 840.0, 678.0]
[16.0, 112.0, 857.0, 743.0]
[64.0, 80.0, 906.0, 712.0]
[64.0, 112.0, 907.0, 744.0]
[16.0, 112.0, 860.0, 745.0]
[32.0, 112.0, 877.0, 746.0]
[32.0, 80.0, 878.0, 714.0]
[112.0, 80.0, 959.0, 715.0]
[16.0, 16.0, 864.0, 652.0]
[48.0, 112.0, 897.0, 749.0]
[16.0, 16.0, 866.0, 654.0]
[48.0, 96.0, 899.0, 734.0]
[64.0, 80.0, 916.0, 719.0]
[80.0, 96.0, 933.0, 736.0]
[64.0, 32.0, 918.0, 672.0]
[80.0, 80.0, 935.0, 721.0]
[16.0, 112.0, 872.0, 754.0]
[0.0, 96.0, 857.0, 739.0]
[0.0, 96.0, 858.0, 740.0]
[32.0, 16.0, 891.0, 660.0]
[64.0, 96.0, 924.0, 741.0]
[48.0, 48.0, 909.0, 694.0]
[80.0, 64.0, 942.0, 710.0]
[96.0, 64.0, 959.0, 711.0]
[16.0, 32.0, 880.0, 680.0]
[0.0, 16.0, 865.0, 665.0]
[112.0, 96.0, 978.0, 746.0]
[32.0, 80.0, 899.0, 730.0]
[80.0, 80.0, 948.0, 731.0]
[48.0, 64.0, 917.0, 716.0]
[112.0, 64.0, 982.0, 716.0]
[32.0, 16.0, 903.0, 669.0]
[0.0, 64.0, 872.0, 718.0]
[16.0, 32.0, 889.0, 687.0]
[0.0, 16.0, 874.0, 672.0]
[32.0, 32.0, 907.0, 688.0]
[48.0, 64.0, 924.0, 721.0]
[0.0, 16.0, 877.0, 674.0]
[0.0, 16.0, 878.0, 674.0]
[64.0, 32.0, 943.0, 691.0]
[32.0, 32.0, 912.0, 692.0]
[48.0, 32.0, 929.0, 693.0]
[96.0, 48.0, 978.0, 710.0]
[96.0, 80.0, 979.0, 742.0]
[32.0, 48.0, 916.0, 711.0]
[48.0, 48.0, 933.0, 712.0]
[64.0, 64.0, 950.0, 728.0]
[16.0, 64.0, 903.0, 729.0]
[80.0, 48.0, 968.0, 714.0]
[16.0, 32.0, 905.0, 699.0]
[48.0, 16.0, 938.0, 684.0]
[32.0, 80.0, 923.0, 748.0]
[48.0, 64.0, 940.0, 733.0]
[48.0, 32.0, 941.0, 702.0]
[32.0, 48.0, 926.0, 718.0]
[16.0, 32.0, 911.0, 703.0]
[64.0, 80.0, 960.0, 752.0]
[16.0, 48.0, 913.0, 721.0]
[48.0, 16.0, 946.0, 690.0]
[64.0, 48.0, 963.0, 722.0]
[96.0, 64.0, 996.0, 739.0]
[96.0, 80.0, 997.0, 756.0]
[16.0, 32.0, 918.0, 708.0]
[16.0, 16.0, 919.0, 693.0]
[64.0, 48.0, 968.0, 726.0]
[0.0, 16.0, 905.0, 695.0]
[48.0, 64.0, 954.0, 744.0]
[32.0, 64.0, 939.0, 744.0]
[16.0, 48.0, 924.0, 729.0]
[16.0, 64.0, 925.0, 746.0]
[80.0, 64.0, 990.0, 746.0]
[0.0, 48.0, 911.0, 731.0]
[16.0, 64.0, 928.0, 748.0]
[64.0, 32.0, 977.0, 717.0]
[32.0, 48.0, 946.0, 734.0]
[0.0, 48.0, 915.0, 734.0]
[0.0, 32.0, 916.0, 719.0]
[32.0, 16.0, 949.0, 704.0]
[32.0, 64.0, 950.0, 752.0]
[32.0, 64.0, 951.0, 753.0]
[16.0, 48.0, 936.0, 738.0]
[0.0, 48.0, 921.0, 739.0]
[48.0, 48.0, 970.0, 740.0]
[0.0, 48.0, 923.0, 740.0]
[48.0, 32.0, 972.0, 725.0]
[32.0, 32.0, 957.0, 726.0]
[48.0, 16.0, 974.0, 710.0]
[48.0, 32.0, 975.0, 727.0]
[0.0, 16.0, 928.0, 712.0]
[64.0, 48.0, 993.0, 745.0]
[32.0, 32.0, 962.0, 730.0]
[16.0, 32.0, 947.0, 730.0]
[32.0, 16.0, 964.0, 715.0]
[0.0, 48.0, 933.0, 748.0]
[16.0, 32.0, 950.0, 732.0]
[16.0, 32.0, 951.0, 733.0]
[32.0, 32.0, 968.0, 734.0]
[48.0, 16.0, 985.0, 719.0]
[0.0, 32.0, 938.0, 736.0]
[0.0, 16.0, 939.0, 720.0]
[48.0, 32.0, 988.0, 737.0]
[32.0, 32.0, 973.0, 738.0]
[48.0, 32.0, 990.0, 738.0]
[0.0, 32.0, 943.0, 739.0]
[32.0, 32.0, 976.0, 740.0]
[16.0, 32.0, 961.0, 741.0]
[16.0, 32.0, 962.0, 742.0]
[16.0, 16.0, 963.0, 726.0]
[48.0, 16.0, 996.0, 727.0]
[0.0, 32.0, 949.0, 744.0]
[0.0, 32.0, 950.0, 744.0]
[16.0, 32.0, 967.0, 745.0]
[0.0, 32.0, 952.0, 746.0]
[0.0, 32.0, 953.0, 747.0]
[16.0, 32.0, 970.0, 748.0]
[0.0, 32.0, 955.0, 748.0]
[16.0, 32.0, 972.0, 749.0]
[32.0, 16.0, 989.0, 734.0]
[32.0, 16.0, 990.0, 734.0]
[32.0, 16.0, 991.0, 735.0]
[16.0, 16.0, 976.0, 736.0]
