[128.0, 96.0, 845.0, 634.0]
[192.0, 112.0, 910.0, 650.0]
[144.0, 112.0, 863.0, 651.0]
[256.0, 112.0, 976.0, 652.0]
[112.0, 96.0, 833.0, 637.0]
[96.0, 96.0, 818.0, 638.0]
[64.0, 96.0, 787.0, 638.0]
[160.0, 128.0, 884.0, 671.0]
[48.0, 96.0, 773.0, 640.0]
[112.0, 96.0, 838.0, 640.0]
[224.0, 112.0, 951.0, 657.0]
[160.0, 128.0, 888.0, 674.0]
[208.0, 112.0, 937.0, 659.0]
[32.0, 128.0, 762.0, 676.0]
[208.0, 128.0, 939.0, 676.0]
[80.0, 112.0, 812.0, 661.0]
[80.0, 96.0, 813.0, 646.0]
[192.0, 128.0, 926.0, 678.0]
[176.0, 80.0, 911.0, 631.0]
[96.0, 96.0, 832.0, 648.0]
[96.0, 96.0, 833.0, 649.0]
[96.0, 96.0, 834.0, 650.0]
[48.0, 96.0, 787.0, 650.0]
[224.0, 80.0, 964.0, 635.0]
[192.0, 80.0, 933.0, 636.0]
[128.0, 96.0, 870.0, 652.0]
[96.0, 96.0, 839.0, 653.0]
[128.0, 96.0, 872.0, 654.0]
[48.0, 112.0, 793.0, 671.0]
[80.0, 128.0, 826.0, 688.0]
[112.0, 80.0, 859.0, 640.0]
[160.0, 96.0, 908.0, 657.0]
[272.0, 112.0, 1021.0, 674.0]
[240.0, 96.0, 990.0, 658.0]
[160.0, 96.0, 911.0, 659.0]
[192.0, 64.0, 944.0, 628.0]
[112.0, 96.0, 865.0, 661.0]
[176.0, 80.0, 930.0, 646.0]
[80.0, 80.0, 835.0, 646.0]
[160.0, 80.0, 916.0, 647.0]
[32.0, 96.0, 789.0, 664.0]
[80.0, 80.0, 838.0, 648.0]
[256.0, 112.0, 1015.0, 681.0]
[0.0, 112.0, 760.0, 682.0]
[208.0, 64.0, 969.0, 635.0]
[64.0, 144.0, 826.0, 716.0]
[144.0, 128.0, 907.0, 700.0]
[240.0, 96.0, 1004.0, 669.0]
[144.0, 128.0, 909.0, 702.0]
[64.0, 80.0, 830.0, 654.0]
[176.0, 144.0, 943.0, 719.0]
[96.0, 112.0, 864.0, 688.0]
[16.0, 96.0, 785.0, 673.0]
[96.0, 112.0, 866.0, 690.0]
[128.0, 48.0, 899.0, 626.0]
[16.0, 112.0, 788.0, 691.0]
[144.0, 64.0, 917.0, 644.0]
[96.0, 96.0, 870.0, 676.0]
[16.0, 112.0, 791.0, 693.0]
[64.0, 128.0, 840.0, 710.0]
[208.0, 112.0, 985.0, 695.0]
[128.0, 144.0, 906.0, 728.0]
[16.0, 64.0, 795.0, 648.0]
[160.0, 112.0, 940.0, 697.0]
[96.0, 80.0, 877.0, 666.0]
[128.0, 128.0, 910.0, 714.0]
[96.0, 128.0, 879.0, 715.0]
[48.0, 112.0, 832.0, 700.0]
[64.0, 128.0, 849.0, 717.0]
[160.0, 80.0, 946.0, 670.0]
[208.0, 128.0, 995.0, 718.0]
[144.0, 128.0, 932.0, 719.0]
[192.0, 80.0, 981.0, 672.0]
[96.0, 80.0, 886.0, 672.0]
[48.0, 112.0, 839.0, 705.0]
[96.0, 112.0, 888.0, 706.0]
[48.0, 144.0, 841.0, 739.0]
[208.0, 48.0, 1002.0, 644.0]
[48.0, 96.0, 843.0, 692.0]
[144.0, 32.0, 940.0, 629.0]
[112.0, 64.0, 909.0, 662.0]
[0.0, 64.0, 798.0, 662.0]
[80.0, 128.0, 879.0, 727.0]
[112.0, 144.0, 912.0, 744.0]
[176.0, 128.0, 977.0, 729.0]
[160.0, 112.0, 962.0, 714.0]
[48.0, 112.0, 851.0, 714.0]
[176.0, 144.0, 980.0, 747.0]
[176.0, 144.0, 981.0, 748.0]
[48.0, 32.0, 854.0, 636.0]
[176.0, 80.0, 983.0, 685.0]
[48.0, 144.0, 856.0, 750.0]
[48.0, 128.0, 857.0, 735.0]
[16.0, 112.0, 826.0, 720.0]
[80.0, 96.0, 891.0, 704.0]
[64.0, 32.0, 876.0, 641.0]
[112.0, 144.0, 925.0, 754.0]
[64.0, 64.0, 878.0, 674.0]
[192.0, 80.0, 1007.0, 691.0]
[176.0, 64.0, 992.0, 676.0]
[112.0, 64.0, 929.0, 677.0]
[16.0, 32.0, 834.0, 646.0]
[160.0, 144.0, 979.0, 758.0]
[144.0, 112.0, 964.0, 727.0]
[32.0, 128.0, 853.0, 744.0]
[64.0, 32.0, 886.0, 648.0]
[176.0, 96.0, 999.0, 713.0]
[80.0, 64.0, 904.0, 682.0]
[112.0, 96.0, 937.0, 715.0]
[48.0, 112.0, 874.0, 732.0]
[176.0, 48.0, 1003.0, 668.0]
[160.0, 80.0, 988.0, 701.0]
[128.0, 144.0, 957.0, 766.0]
[128.0, 144.0, 958.0, 766.0]
[96.0, 32.0, 927.0, 655.0]
[160.0, 16.0, 992.0, 640.0]
[112.0, 80.0, 945.0, 705.0]
[144.0, 112.0, 978.0, 738.0]
[48.0, 16.0, 883.0, 642.0]
[16.0, 16.0, 852.0, 643.0]
[96.0, 32.0, 933.0, 660.0]
[32.0, 128.0, 870.0, 756.0]
[144.0, 96.0, 983.0, 725.0]
[0.0, 112.0, 840.0, 742.0]
[176.0, 16.0, 1017.0, 647.0]
[128.0, 48.0, 970.0, 680.0]
[64.0, 64.0, 907.0, 696.0]
[48.0, 80.0, 892.0, 713.0]
[80.0, 32.0, 925.0, 666.0]
[48.0, 48.0, 894.0, 682.0]
[16.0, 16.0, 863.0, 651.0]
[0.0, 64.0, 848.0, 700.0]
[0.0, 32.0, 849.0, 669.0]
[128.0, 64.0, 978.0, 702.0]
[112.0, 48.0, 963.0, 686.0]
[96.0, 48.0, 948.0, 687.0]
[112.0, 64.0, 965.0, 704.0]
[64.0, 80.0, 918.0, 720.0]
[112.0, 48.0, 967.0, 689.0]
[16.0, 0.0, 872.0, 642.0]
[160.0, 32.0, 1017.0, 675.0]
[128.0, 96.0, 986.0, 740.0]
[144.0, 0.0, 1003.0, 644.0]
[160.0, 0.0, 1020.0, 645.0]
[80.0, 80.0, 941.0, 726.0]
[112.0, 112.0, 974.0, 758.0]
[112.0, 112.0, 975.0, 759.0]
[96.0, 48.0, 960.0, 696.0]
[80.0, 64.0, 945.0, 713.0]
[48.0, 16.0, 914.0, 666.0]
[80.0, 16.0, 947.0, 666.0]
[48.0, 80.0, 916.0, 731.0]
[32.0, 32.0, 901.0, 684.0]
[48.0, 80.0, 918.0, 732.0]
[48.0, 16.0, 919.0, 669.0]
[64.0, 80.0, 936.0, 734.0]
[112.0, 0.0, 985.0, 655.0]
[32.0, 80.0, 906.0, 736.0]
[128.0, 16.0, 1003.0, 672.0]
[144.0, 96.0, 1020.0, 753.0]
[0.0, 32.0, 877.0, 690.0]
[0.0, 48.0, 878.0, 706.0]
[64.0, 64.0, 943.0, 723.0]
[0.0, 64.0, 880.0, 724.0]
[0.0, 16.0, 881.0, 677.0]
[0.0, 0.0, 882.0, 662.0]
[32.0, 16.0, 915.0, 678.0]
[96.0, 32.0, 980.0, 695.0]
[32.0, 80.0, 917.0, 744.0]
[80.0, 0.0, 966.0, 664.0]
[32.0, 48.0, 919.0, 713.0]
[64.0, 0.0, 952.0, 666.0]
[32.0, 80.0, 921.0, 747.0]
[80.0, 48.0, 970.0, 716.0]
[48.0, 64.0, 939.0, 732.0]
[64.0, 0.0, 956.0, 669.0]
[112.0, 16.0, 1005.0, 686.0]
[112.0, 48.0, 1006.0, 718.0]
[112.0, 0.0, 1007.0, 671.0]
[64.0, 48.0, 960.0, 720.0]
[80.0, 64.0, 977.0, 737.0]
[16.0, 0.0, 914.0, 674.0]
[16.0, 48.0, 915.0, 722.0]
[16.0, 16.0, 916.0, 691.0]
[80.0, 16.0, 981.0, 692.0]
[32.0, 32.0, 934.0, 708.0]
[80.0, 80.0, 983.0, 757.0]
[80.0, 16.0, 984.0, 694.0]
[48.0, 0.0, 953.0, 679.0]
[80.0, 16.0, 986.0, 696.0]
[96.0, 48.0, 1003.0, 728.0]
[0.0, 0.0, 908.0, 681.0]
[0.0, 80.0, 909.0, 762.0]
[48.0, 0.0, 958.0, 682.0]
[48.0, 32.0, 959.0, 715.0]
[48.0, 32.0, 960.0, 716.0]
[0.0, 64.0, 913.0, 749.0]
[80.0, 64.0, 994.0, 750.0]
[0.0, 64.0, 915.0, 750.0]
[96.0, 32.0, 1012.0, 719.0]
[64.0, 32.0, 981.0, 720.0]
[96.0, 48.0, 1014.0, 736.0]
[80.0, 16.0, 999.0, 705.0]
[0.0, 64.0, 920.0, 754.0]
[0.0, 16.0, 921.0, 707.0]
[16.0, 16.0, 938.0, 708.0]
[32.0, 64.0, 955.0, 756.0]
[80.0, 48.0, 1004.0, 741.0]
[16.0, 64.0, 941.0, 758.0]
[0.0, 48.0, 926.0, 742.0]
[64.0, 16.0, 991.0, 711.0]
[80.0, 0.0, 1008.0, 696.0]
[0.0, 48.0, 929.0, 745.0]
[48.0, 16.0, 978.0, 714.0]
[0.0, 64.0, 931.0, 762.0]
[80.0, 64.0, 1012.0, 763.0]
[48.0, 16.0, 981.0, 716.0]
[48.0, 16.0, 982.0, 716.0]
[64.0, 32.0, 999.0, 733.0]
[32.0, 16.0, 968.0, 718.0]
[64.0, 64.0, 1001.0, 767.0]
[0.0, 0.0, 938.0, 704.0]
[64.0, 32.0, 1003.0, 736.0]
[80.0, 48.0, 1020.0, 753.0]
[16.0, 48.0, 957.0, 754.0]
[64.0, 48.0, 1006.0, 754.0]
[64.0, 0.0, 1007.0, 707.0]
[80.0, 48.0, 1024.0, 756.0]
[0.0, 48.0, 945.0, 757.0]
[32.0, 16.0, 978.0, 726.0]
[48.0, 48.0, 995.0, 758.0]
[32.0, 32.0, 980.0, 743.0]
[0.0, 48.0, 949.0, 760.0]
[32.0, 48.0, 982.0, 760.0]
[48.0, 0.0, 999.0, 713.0]
[16.0, 16.0, 968.0, 730.0]
[0.0, 32.0, 953.0, 747.0]
[48.0, 16.0, 1002.0, 732.0]
[32.0, 32.0, 987.0, 748.0]
[32.0, 0.0, 988.0, 717.0]
[16.0, 32.0, 973.0, 750.0]
[16.0, 0.0, 974.0, 718.0]
[32.0, 48.0, 991.0, 767.0]
[16.0, 32.0, 976.0, 752.0]
[32.0, 32.0, 993.0, 753.0]
[48.0, 32.0, 1010.0, 754.0]
[16.0, 0.0, 979.0, 722.0]
[32.0, 0.0, 996.0, 723.0]
[32.0, 32.0, 997.0, 756.0]
[48.0, 32.0, 1014.0, 756.0]
[48.0, 32.0, 1015.0, 757.0]
[16.0, 0.0, 984.0, 726.0]
[0.0, 32.0, 969.0, 759.0]
[16.0, 16.0, 986.0, 744.0]
[32.0, 0.0, 1003.0, 728.0]
[32.0, 0.0, 1004.0, 729.0]
[16.0, 0.0, 989.0, 730.0]
[48.0, 32.0, 1022.0, 762.0]
[16.0, 16.0, 991.0, 747.0]
[32.0, 0.0, 1008.0, 732.0]
[0.0, 0.0, 977.0, 733.0]
[0.0, 32.0, 978.0, 766.0]
[0.0, 16.0, 979.0, 750.0]
[0.0, 0.0, 980.0, 735.0]
[16.0, 16.0, 997.0, 752.0]
[0.0, 16.0, 982.0, 752.0]
[32.0, 16.0, 1015.0, 753.0]
[32.0, 0.0, 1016.0, 738.0]
[16.0, 0.0, 1001.0, 739.0]
[16.0, 16.0, 1002.0, 756.0]
[0.0, 16.0, 987.0, 756.0]
[0.0, 16.0, 988.0, 757.0]
[0.0, 0.0, 989.0, 742.0]
[32.0, 16.0, 1022.0, 758.0]
[32.0, 0.0, 1023.0, 743.0]
[0.0, 16.0, 992.0, 760.0]
[16.0, 0.0, 1009.0, 745.0]
[0.0, 16.0, 994.0, 762.0]
[16.0, 0.0, 1011.0, 746.0]
[16.0, 0.0, 1012.0, 747.0]
[16.0, 16.0, 1013.0, 764.0]
[0.0, 16.0, 998.0, 764.0]
[16.0, 16.0, 1015.0, 765.0]
[16.0, 16.0, 1016.0, 766.0]
[16.0, 16.0, 1017.0, 767.0]
[0.0, 0.0, 1002.0, 752.0]
[16.0, 0.0, 1019.0, 752.0]
[16.0, 0.0, 1020.0, 753.0]
[16.0, 0.0, 1021.0, 754.0]
[16.0, 0.0, 1022.0, 754.0]
[0.0, 0.0, 1007.0, 755.0]
[16.0, 0.0, 1024.0, 756.0]
[0.0, 0.0, 1009.0, 757.0]
[0.0, 0.0, 1010.0, 758.0]
[0.0, 0.0, 1011.0, 758.0]
[0.0, 0.0, 1012.0, 759.0]
[0.0, 0.0, 1013.0, 760.0]
